2019-02-19, 00:00:00, 23.64, 46.33
2019-02-19, 00:00:02, 23.61, 46.33
2019-02-19, 00:00:03, 23.63, 46.33
2019-02-19, 00:00:04, 23.64, 46.33
2019-02-19, 00:00:06, 23.63, 46.3
2019-02-19, 00:00:07, 23.64, 46.33
2019-02-19, 00:00:08, 23.63, 46.33
2019-02-19, 00:00:10, 23.63, 46.3
2019-02-19, 00:00:11, 23.63, 46.3
2019-02-19, 00:00:12, 23.63, 46.3
2019-02-19, 00:00:14, 23.64, 46.3
2019-02-19, 00:00:15, 23.63, 46.33
2019-02-19, 00:00:16, 23.62, 46.29
2019-02-19, 00:00:18, 23.62, 46.33
2019-02-19, 00:00:19, 23.62, 46.33
2019-02-19, 00:00:21, 23.61, 46.33
2019-02-19, 00:00:22, 23.62, 46.33
2019-02-19, 00:00:23, 23.62, 46.29
2019-02-19, 00:00:25, 23.62, 46.29
2019-02-19, 00:00:26, 23.62, 46.29
2019-02-19, 00:00:27, 23.64, 46.3
2019-02-19, 00:00:29, 23.64, 46.3
2019-02-19, 00:00:30, 23.63, 46.3
2019-02-19, 00:00:31, 23.63, 46.3
2019-02-19, 00:00:33, 23.63, 46.3
2019-02-19, 00:00:34, 23.47, 46.31
2019-02-19, 00:00:35, 23.58, 46.35
2019-02-19, 00:00:37, 23.6, 46.39
2019-02-19, 00:00:38, 23.6, 46.36
2019-02-19, 00:00:39, 23.61, 46.36
2019-02-19, 00:00:41, 23.62, 46.36
2019-02-19, 00:00:42, 23.6, 46.36
2019-02-19, 00:00:44, 23.62, 46.36
2019-02-19, 00:00:45, 23.62, 46.36
2019-02-19, 00:00:46, 23.61, 46.33
2019-02-19, 00:00:48, 23.62, 46.33
2019-02-19, 00:00:49, 23.62, 46.36
2019-02-19, 00:00:50, 23.62, 46.33
2019-02-19, 00:00:52, 23.62, 46.36
2019-02-19, 00:00:53, 23.61, 46.36
2019-02-19, 00:00:54, 23.62, 46.36
2019-02-19, 00:00:56, 23.63, 46.36
2019-02-19, 00:00:57, 23.63, 46.36
2019-02-19, 00:00:58, 23.64, 46.36
2019-02-19, 00:01:00, 23.62, 46.33
2019-02-19, 00:01:01, 23.62, 46.33
2019-02-19, 00:01:02, 23.63, 46.3
2019-02-19, 00:01:04, 23.61, 46.29
2019-02-19, 00:01:05, 23.62, 46.33
2019-02-19, 00:01:07, 23.63, 46.3
2019-02-19, 00:01:08, 23.63, 46.3
2019-02-19, 00:01:09, 23.62, 46.33
2019-02-19, 00:01:11, 23.64, 46.33
2019-02-19, 00:01:12, 23.63, 46.33
2019-02-19, 00:01:13, 23.64, 46.3
2019-02-19, 00:01:15, 23.64, 46.3
2019-02-19, 00:01:16, 23.63, 46.33
2019-02-19, 00:01:17, 23.63, 46.3
2019-02-19, 00:01:19, 23.64, 46.3
2019-02-19, 00:01:20, 23.63, 46.33
2019-02-19, 00:01:21, 23.63, 46.3
2019-02-19, 00:01:23, 23.63, 46.3
2019-02-19, 00:01:24, 23.63, 46.3
2019-02-19, 00:01:25, 23.63, 46.3
2019-02-19, 00:01:27, 23.63, 46.3
2019-02-19, 00:01:28, 23.62, 46.29
2019-02-19, 00:01:30, 23.63, 46.33
2019-02-19, 00:01:31, 23.63, 46.3
2019-02-19, 00:01:32, 23.63, 46.3
2019-02-19, 00:01:34, 23.62, 46.29
2019-02-19, 00:01:35, 23.63, 46.33
2019-02-19, 00:01:36, 23.65, 46.3
2019-02-19, 00:01:38, 23.62, 46.29
2019-02-19, 00:01:39, 23.63, 46.33
2019-02-19, 00:01:40, 23.64, 46.33
2019-02-19, 00:01:42, 23.63, 46.33
2019-02-19, 00:01:43, 23.63, 46.36
2019-02-19, 00:01:44, 23.62, 46.33
2019-02-19, 00:01:46, 23.63, 46.33
2019-02-19, 00:01:47, 23.63, 46.3
2019-02-19, 00:01:48, 23.62, 46.29
2019-02-19, 00:01:50, 23.63, 46.3
2019-02-19, 00:01:51, 23.62, 46.33
2019-02-19, 00:01:53, 23.63, 46.3
2019-02-19, 00:01:54, 23.62, 46.29
2019-02-19, 00:01:55, 23.63, 46.33
2019-02-19, 00:01:57, 23.63, 46.33
2019-02-19, 00:01:58, 23.63, 46.3
2019-02-19, 00:01:59, 23.62, 46.29
2019-02-19, 00:02:01, 23.64, 46.3
2019-02-19, 00:02:02, 23.64, 46.3
2019-02-19, 00:02:03, 23.64, 46.33
2019-02-19, 00:02:05, 23.63, 46.3
2019-02-19, 00:02:06, 23.63, 46.33
2019-02-19, 00:02:07, 23.54, 46.35
2019-02-19, 00:02:09, 23.61, 46.36
2019-02-19, 00:02:10, 23.62, 46.36
2019-02-19, 00:02:12, 23.63, 46.36
2019-02-19, 00:02:13, 23.62, 46.36
2019-02-19, 00:02:14, 23.64, 46.36
2019-02-19, 00:02:16, 23.63, 46.33
2019-02-19, 00:02:17, 23.63, 46.36
2019-02-19, 00:02:18, 23.62, 46.33
2019-02-19, 00:02:20, 23.62, 46.33
2019-02-19, 00:02:21, 23.63, 46.33
2019-02-19, 00:02:22, 23.63, 46.3
2019-02-19, 00:02:24, 23.63, 46.3
2019-02-19, 00:02:25, 23.64, 46.3
2019-02-19, 00:02:26, 23.63, 46.3
2019-02-19, 00:02:28, 23.63, 46.3
2019-02-19, 00:02:29, 23.64, 46.3
2019-02-19, 00:02:30, 23.63, 46.3
2019-02-19, 00:02:32, 23.63, 46.3
2019-02-19, 00:02:33, 23.63, 46.3
2019-02-19, 00:02:35, 23.64, 46.3
2019-02-19, 00:02:36, 23.62, 46.33
2019-02-19, 00:02:37, 23.63, 46.3
2019-02-19, 00:02:39, 23.63, 46.3
2019-02-19, 00:02:40, 23.64, 46.3
2019-02-19, 00:02:41, 23.64, 46.3
2019-02-19, 00:02:43, 23.64, 46.3
2019-02-19, 00:02:44, 23.62, 46.29
2019-02-19, 00:02:45, 23.62, 46.29
2019-02-19, 00:02:47, 23.64, 46.3
2019-02-19, 00:02:48, 23.64, 46.3
2019-02-19, 00:02:49, 23.65, 46.3
2019-02-19, 00:02:51, 23.64, 46.3
2019-02-19, 00:02:52, 23.64, 46.3
2019-02-19, 00:02:54, 23.64, 46.3
2019-02-19, 00:02:55, 23.63, 46.3
2019-02-19, 00:02:56, 23.63, 46.3
2019-02-19, 00:02:58, 23.64, 46.3
2019-02-19, 00:02:59, 23.63, 46.3
2019-02-19, 00:03:00, 23.64, 46.3
2019-02-19, 00:03:02, 23.64, 46.3
2019-02-19, 00:03:03, 23.62, 46.29
2019-02-19, 00:03:04, 23.63, 46.3
2019-02-19, 00:03:06, 23.64, 46.3
2019-02-19, 00:03:07, 23.48, 46.31
2019-02-19, 00:03:08, 23.58, 46.35
2019-02-19, 00:03:10, 23.61, 46.39
2019-02-19, 00:03:11, 23.61, 46.36
2019-02-19, 00:03:12, 23.64, 46.36
2019-02-19, 00:03:14, 23.63, 46.36
2019-02-19, 00:03:15, 23.62, 46.36
2019-02-19, 00:03:17, 23.63, 46.36
2019-02-19, 00:03:18, 23.63, 46.33
2019-02-19, 00:03:19, 23.63, 46.33
2019-02-19, 00:03:21, 23.63, 46.3
2019-02-19, 00:03:22, 23.64, 46.3
2019-02-19, 00:03:23, 23.63, 46.3
2019-02-19, 00:03:25, 23.63, 46.3
2019-02-19, 00:03:26, 23.63, 46.3
2019-02-19, 00:03:27, 23.63, 46.3
2019-02-19, 00:03:29, 23.63, 46.3
2019-02-19, 00:03:30, 23.62, 46.29
2019-02-19, 00:03:31, 23.62, 46.29
2019-02-19, 00:03:33, 23.62, 46.26
2019-02-19, 00:03:34, 23.63, 46.3
2019-02-19, 00:03:35, 23.63, 46.3
2019-02-19, 00:03:37, 23.5, 46.28
2019-02-19, 00:03:38, 23.59, 46.36
2019-02-19, 00:03:40, 23.61, 46.36
2019-02-19, 00:03:41, 23.61, 46.36
2019-02-19, 00:03:42, 23.62, 46.36
2019-02-19, 00:03:44, 23.63, 46.36
2019-02-19, 00:03:45, 23.63, 46.33
2019-02-19, 00:03:46, 23.63, 46.33
2019-02-19, 00:03:48, 23.63, 46.3
2019-02-19, 00:03:49, 23.62, 46.33
2019-02-19, 00:03:50, 23.64, 46.3
2019-02-19, 00:03:52, 23.64, 46.3
2019-02-19, 00:03:53, 23.64, 46.3
2019-02-19, 00:03:54, 23.62, 46.29
2019-02-19, 00:03:56, 23.64, 46.3
2019-02-19, 00:03:57, 23.6, 46.29
2019-02-19, 00:03:59, 23.64, 46.3
2019-02-19, 00:04:00, 23.64, 46.3
2019-02-19, 00:04:01, 23.56, 46.32
2019-02-19, 00:04:03, 23.62, 46.36
2019-02-19, 00:04:04, 23.61, 46.33
2019-02-19, 00:04:05, 23.62, 46.36
2019-02-19, 00:04:07, 23.63, 46.33
2019-02-19, 00:04:08, 23.63, 46.33
2019-02-19, 00:04:09, 23.63, 46.33
2019-02-19, 00:04:11, 23.63, 46.3
2019-02-19, 00:04:12, 23.63, 46.3
2019-02-19, 00:04:13, 23.64, 46.3
2019-02-19, 00:04:15, 23.63, 46.3
2019-02-19, 00:04:16, 23.64, 46.3
2019-02-19, 00:04:18, 23.64, 46.3
2019-02-19, 00:04:19, 23.63, 46.3
2019-02-19, 00:04:20, 23.64, 46.3
2019-02-19, 00:04:22, 23.64, 46.3
2019-02-19, 00:04:23, 23.64, 46.33
2019-02-19, 00:04:24, 23.64, 46.3
2019-02-19, 00:04:26, 23.63, 46.3
2019-02-19, 00:04:27, 23.65, 46.3
2019-02-19, 00:04:28, 23.65, 46.3
2019-02-19, 00:04:30, 23.65, 46.3
2019-02-19, 00:04:31, 23.54, 46.32
2019-02-19, 00:04:32, 23.61, 46.33
2019-02-19, 00:04:34, 23.63, 46.33
2019-02-19, 00:04:35, 23.64, 46.33
2019-02-19, 00:04:36, 23.48, 46.34
2019-02-19, 00:04:38, 23.58, 46.42
2019-02-19, 00:04:39, 23.6, 46.39
2019-02-19, 00:04:41, 23.6, 46.39
2019-02-19, 00:04:42, 23.62, 46.36
2019-02-19, 00:04:43, 23.62, 46.36
2019-02-19, 00:04:45, 23.62, 46.36
2019-02-19, 00:04:46, 23.62, 46.29
2019-02-19, 00:04:47, 23.64, 46.33
2019-02-19, 00:04:49, 23.64, 46.3
2019-02-19, 00:04:50, 23.63, 46.33
2019-02-19, 00:04:51, 23.64, 46.33
2019-02-19, 00:04:53, 23.64, 46.3
2019-02-19, 00:04:54, 23.62, 46.29
2019-02-19, 00:04:55, 23.63, 46.26
2019-02-19, 00:04:57, 23.62, 46.26
2019-02-19, 00:04:58, 23.63, 46.26
2019-02-19, 00:05:00, 23.64, 46.26
2019-02-19, 00:05:01, 23.5, 46.28
2019-02-19, 00:05:02, 23.6, 46.32
2019-02-19, 00:05:04, 23.62, 46.29
2019-02-19, 00:05:05, 23.62, 46.33
2019-02-19, 00:05:06, 23.63, 46.3
2019-02-19, 00:05:08, 23.61, 46.29
2019-02-19, 00:05:09, 23.64, 46.3
2019-02-19, 00:05:10, 23.63, 46.3
2019-02-19, 00:05:12, 23.64, 46.3
2019-02-19, 00:05:13, 23.64, 46.3
2019-02-19, 00:05:14, 23.63, 46.3
2019-02-19, 00:05:16, 23.65, 46.3
2019-02-19, 00:05:17, 23.65, 46.23
2019-02-19, 00:05:19, 23.65, 46.27
2019-02-19, 00:05:20, 23.64, 46.3
2019-02-19, 00:05:21, 23.63, 46.26
2019-02-19, 00:05:23, 23.64, 46.3
2019-02-19, 00:05:24, 23.63, 46.26
2019-02-19, 00:05:25, 23.64, 46.26
2019-02-19, 00:05:27, 23.64, 46.26
2019-02-19, 00:05:28, 23.64, 46.26
2019-02-19, 00:05:29, 23.64, 46.23
2019-02-19, 00:05:31, 23.49, 46.28
2019-02-19, 00:05:32, 23.59, 46.36
2019-02-19, 00:05:33, 23.61, 46.36
2019-02-19, 00:05:35, 23.64, 46.33
2019-02-19, 00:05:36, 23.63, 46.33
2019-02-19, 00:05:38, 23.63, 46.33
2019-02-19, 00:05:39, 23.64, 46.3
2019-02-19, 00:05:40, 23.64, 46.3
2019-02-19, 00:05:42, 23.65, 46.3
2019-02-19, 00:05:43, 23.64, 46.3
2019-02-19, 00:05:44, 23.64, 46.3
2019-02-19, 00:05:46, 23.64, 46.3
2019-02-19, 00:05:47, 23.65, 46.27
2019-02-19, 00:05:48, 23.65, 46.27
2019-02-19, 00:05:50, 23.66, 46.27
2019-02-19, 00:05:51, 23.64, 46.26
2019-02-19, 00:05:52, 23.64, 46.26
2019-02-19, 00:05:54, 23.65, 46.23
2019-02-19, 00:05:55, 23.65, 46.23
2019-02-19, 00:05:57, 23.65, 46.23
2019-02-19, 00:05:58, 23.65, 46.27
2019-02-19, 00:05:59, 23.66, 46.27
2019-02-19, 00:06:01, 23.5, 46.28
2019-02-19, 00:06:02, 23.61, 46.36
2019-02-19, 00:06:03, 23.63, 46.36
2019-02-19, 00:06:05, 23.63, 46.33
2019-02-19, 00:06:06, 23.63, 46.3
2019-02-19, 00:06:07, 23.64, 46.3
2019-02-19, 00:06:09, 23.64, 46.3
2019-02-19, 00:06:10, 23.66, 46.3
2019-02-19, 00:06:11, 23.66, 46.27
2019-02-19, 00:06:13, 23.66, 46.24
2019-02-19, 00:06:14, 23.65, 46.23
2019-02-19, 00:06:15, 23.66, 46.24
2019-02-19, 00:06:17, 23.66, 46.24
2019-02-19, 00:06:18, 23.65, 46.23
2019-02-19, 00:06:20, 23.65, 46.23
2019-02-19, 00:06:21, 23.66, 46.24
2019-02-19, 00:06:22, 23.66, 46.24
2019-02-19, 00:06:24, 23.66, 46.24
2019-02-19, 00:06:25, 23.66, 46.24
2019-02-19, 00:06:26, 23.67, 46.24
2019-02-19, 00:06:28, 23.66, 46.24
2019-02-19, 00:06:29, 23.66, 46.24
2019-02-19, 00:06:30, 23.66, 46.24
2019-02-19, 00:06:32, 23.66, 46.24
2019-02-19, 00:06:33, 23.67, 46.24
2019-02-19, 00:06:34, 23.66, 46.2
2019-02-19, 00:06:36, 23.65, 46.2
2019-02-19, 00:06:37, 23.65, 46.23
2019-02-19, 00:06:39, 23.66, 46.2
2019-02-19, 00:06:40, 23.67, 46.2
2019-02-19, 00:06:41, 23.66, 46.24
2019-02-19, 00:06:43, 23.64, 46.23
2019-02-19, 00:06:44, 23.66, 46.2
2019-02-19, 00:06:45, 23.67, 46.24
2019-02-19, 00:06:47, 23.66, 46.2
2019-02-19, 00:06:48, 23.66, 46.24
2019-02-19, 00:06:49, 23.66, 46.24
2019-02-19, 00:06:51, 23.66, 46.24
2019-02-19, 00:06:52, 23.65, 46.23
2019-02-19, 00:06:53, 23.65, 46.17
2019-02-19, 00:06:55, 23.66, 46.2
2019-02-19, 00:06:56, 23.65, 46.2
2019-02-19, 00:06:58, 23.66, 46.2
2019-02-19, 00:06:59, 23.65, 46.17
2019-02-19, 00:07:00, 23.66, 46.17
2019-02-19, 00:07:02, 23.65, 46.17
2019-02-19, 00:07:03, 23.66, 46.17
2019-02-19, 00:07:04, 23.64, 46.17
2019-02-19, 00:07:06, 23.64, 46.17
2019-02-19, 00:07:07, 23.65, 46.17
2019-02-19, 00:07:08, 23.65, 46.17
2019-02-19, 00:07:10, 23.66, 46.17
2019-02-19, 00:07:11, 23.66, 46.17
2019-02-19, 00:07:12, 23.67, 46.17
2019-02-19, 00:07:14, 23.66, 46.17
2019-02-19, 00:07:15, 23.66, 46.17
2019-02-19, 00:07:16, 23.65, 46.17
2019-02-19, 00:07:18, 23.64, 46.17
2019-02-19, 00:07:19, 23.65, 46.2
2019-02-19, 00:07:21, 23.65, 46.2
2019-02-19, 00:07:22, 23.65, 46.17
2019-02-19, 00:07:23, 23.66, 46.2
2019-02-19, 00:07:25, 23.64, 46.17
2019-02-19, 00:07:26, 23.64, 46.17
2019-02-19, 00:07:27, 23.65, 46.17
2019-02-19, 00:07:29, 23.64, 46.17
2019-02-19, 00:07:30, 23.66, 46.17
2019-02-19, 00:07:31, 23.66, 46.2
2019-02-19, 00:07:33, 23.66, 46.17
2019-02-19, 00:07:34, 23.66, 46.17
2019-02-19, 00:07:35, 23.65, 46.17
2019-02-19, 00:07:37, 23.65, 46.17
2019-02-19, 00:07:38, 23.66, 46.17
2019-02-19, 00:07:39, 23.66, 46.17
2019-02-19, 00:07:41, 23.67, 46.17
2019-02-19, 00:07:42, 23.66, 46.17
2019-02-19, 00:07:44, 23.66, 46.17
2019-02-19, 00:07:45, 23.66, 46.17
2019-02-19, 00:07:46, 23.66, 46.17
2019-02-19, 00:07:48, 23.66, 46.17
2019-02-19, 00:07:49, 23.65, 46.17
2019-02-19, 00:07:50, 23.66, 46.2
2019-02-19, 00:07:52, 23.68, 46.17
2019-02-19, 00:07:53, 23.67, 46.2
2019-02-19, 00:07:54, 23.67, 46.17
2019-02-19, 00:07:56, 23.68, 46.17
2019-02-19, 00:07:57, 23.68, 46.17
2019-02-19, 00:07:58, 23.62, 46.17
2019-02-19, 00:08:00, 23.65, 46.17
2019-02-19, 00:08:01, 23.67, 46.17
2019-02-19, 00:08:03, 23.66, 46.17
2019-02-19, 00:08:04, 23.65, 46.14
2019-02-19, 00:08:05, 23.66, 46.17
2019-02-19, 00:08:07, 23.66, 46.17
2019-02-19, 00:08:08, 23.66, 46.17
2019-02-19, 00:08:09, 23.66, 46.17
2019-02-19, 00:08:11, 23.67, 46.17
2019-02-19, 00:08:12, 23.66, 46.17
2019-02-19, 00:08:13, 23.66, 46.17
2019-02-19, 00:08:15, 23.66, 46.17
2019-02-19, 00:08:16, 23.66, 46.17
2019-02-19, 00:08:17, 23.66, 46.17
2019-02-19, 00:08:19, 23.67, 46.17
2019-02-19, 00:08:20, 23.66, 46.17
2019-02-19, 00:08:21, 23.67, 46.17
2019-02-19, 00:08:23, 23.66, 46.17
2019-02-19, 00:08:24, 23.66, 46.17
2019-02-19, 00:08:26, 23.67, 46.17
2019-02-19, 00:08:27, 23.68, 46.17
2019-02-19, 00:08:28, 23.59, 46.16
2019-02-19, 00:08:30, 23.65, 46.2
2019-02-19, 00:08:31, 23.65, 46.17
2019-02-19, 00:08:32, 23.66, 46.17
2019-02-19, 00:08:34, 23.66, 46.2
2019-02-19, 00:08:35, 23.66, 46.17
2019-02-19, 00:08:36, 23.66, 46.17
2019-02-19, 00:08:38, 23.66, 46.17
2019-02-19, 00:08:39, 23.66, 46.14
2019-02-19, 00:08:40, 23.67, 46.17
2019-02-19, 00:08:42, 23.68, 46.17
2019-02-19, 00:08:43, 23.66, 46.17
2019-02-19, 00:08:44, 23.66, 46.17
2019-02-19, 00:08:46, 23.67, 46.17
2019-02-19, 00:08:47, 23.67, 46.14
2019-02-19, 00:08:49, 23.67, 46.14
2019-02-19, 00:08:50, 23.67, 46.17
2019-02-19, 00:08:51, 23.66, 46.14
2019-02-19, 00:08:53, 23.66, 46.14
2019-02-19, 00:08:54, 23.66, 46.14
2019-02-19, 00:08:55, 23.66, 46.14
2019-02-19, 00:08:57, 23.67, 46.14
2019-02-19, 00:08:58, 23.68, 46.14
2019-02-19, 00:08:59, 23.66, 46.14
2019-02-19, 00:09:01, 23.66, 46.17
2019-02-19, 00:09:02, 23.66, 46.17
2019-02-19, 00:09:03, 23.67, 46.11
2019-02-19, 00:09:05, 23.67, 46.11
2019-02-19, 00:09:06, 23.67, 46.11
2019-02-19, 00:09:07, 23.67, 46.14
2019-02-19, 00:09:09, 23.67, 46.14
2019-02-19, 00:09:10, 23.67, 46.14
2019-02-19, 00:09:12, 23.68, 46.14
2019-02-19, 00:09:13, 23.67, 46.11
2019-02-19, 00:09:14, 23.67, 46.14
2019-02-19, 00:09:16, 23.67, 46.11
2019-02-19, 00:09:17, 23.66, 46.11
2019-02-19, 00:09:18, 23.67, 46.14
2019-02-19, 00:09:20, 23.68, 46.14
2019-02-19, 00:09:21, 23.68, 46.14
2019-02-19, 00:09:22, 23.67, 46.14
2019-02-19, 00:09:24, 23.68, 46.11
2019-02-19, 00:09:25, 23.68, 46.14
2019-02-19, 00:09:26, 23.68, 46.11
2019-02-19, 00:09:28, 23.66, 46.11
2019-02-19, 00:09:29, 23.68, 46.11
2019-02-19, 00:09:31, 23.68, 46.11
2019-02-19, 00:09:32, 23.68, 46.11
2019-02-19, 00:09:33, 23.67, 46.11
2019-02-19, 00:09:35, 23.67, 46.11
2019-02-19, 00:09:36, 23.68, 46.11
2019-02-19, 00:09:37, 23.67, 46.11
2019-02-19, 00:09:39, 23.69, 46.11
2019-02-19, 00:09:40, 23.68, 46.11
2019-02-19, 00:09:41, 23.68, 46.11
2019-02-19, 00:09:43, 23.68, 46.11
2019-02-19, 00:09:44, 23.68, 46.11
2019-02-19, 00:09:45, 23.68, 46.08
2019-02-19, 00:09:47, 23.68, 46.08
2019-02-19, 00:09:48, 23.68, 46.08
2019-02-19, 00:09:49, 23.67, 46.08
2019-02-19, 00:09:51, 23.67, 46.08
2019-02-19, 00:09:52, 23.68, 46.08
2019-02-19, 00:09:54, 23.67, 46.11
2019-02-19, 00:09:55, 23.68, 46.08
2019-02-19, 00:09:56, 23.69, 46.11
2019-02-19, 00:09:58, 23.55, 46.09
2019-02-19, 00:09:59, 23.64, 46.14
2019-02-19, 00:10:00, 23.63, 46.14
2019-02-19, 00:10:02, 23.65, 46.14
2019-02-19, 00:10:03, 23.68, 46.14
2019-02-19, 00:10:04, 23.68, 46.11
2019-02-19, 00:10:06, 23.68, 46.11
2019-02-19, 00:10:07, 23.68, 46.11
2019-02-19, 00:10:08, 23.69, 46.11
2019-02-19, 00:10:10, 23.7, 46.08
2019-02-19, 00:10:11, 23.68, 46.08
2019-02-19, 00:10:13, 23.69, 46.11
2019-02-19, 00:10:14, 23.68, 46.11
2019-02-19, 00:10:15, 23.68, 46.11
2019-02-19, 00:10:17, 23.7, 46.08
2019-02-19, 00:10:18, 23.68, 46.08
2019-02-19, 00:10:19, 23.69, 46.11
2019-02-19, 00:10:21, 23.69, 46.08
2019-02-19, 00:10:22, 23.7, 46.08
2019-02-19, 00:10:23, 23.71, 46.08
2019-02-19, 00:10:25, 23.7, 46.08
2019-02-19, 00:10:26, 23.7, 46.08
2019-02-19, 00:10:27, 23.7, 46.08
2019-02-19, 00:10:29, 23.7, 46.08
2019-02-19, 00:10:30, 23.71, 46.08
2019-02-19, 00:10:31, 23.7, 46.08
2019-02-19, 00:10:33, 23.71, 46.05
2019-02-19, 00:10:34, 23.7, 46.08
2019-02-19, 00:10:36, 23.71, 46.11
2019-02-19, 00:10:37, 23.71, 46.08
2019-02-19, 00:10:38, 23.69, 46.05
2019-02-19, 00:10:40, 23.69, 46.08
2019-02-19, 00:10:41, 23.7, 46.08
2019-02-19, 00:10:42, 23.7, 46.08
2019-02-19, 00:10:44, 23.7, 46.05
2019-02-19, 00:10:45, 23.69, 46.08
2019-02-19, 00:10:46, 23.69, 46.08
2019-02-19, 00:10:48, 23.69, 46.08
2019-02-19, 00:10:49, 23.69, 46.08
2019-02-19, 00:10:50, 23.7, 46.08
2019-02-19, 00:10:52, 23.7, 46.05
2019-02-19, 00:10:53, 23.7, 46.05
2019-02-19, 00:10:54, 23.7, 46.05
2019-02-19, 00:10:56, 23.71, 46.08
2019-02-19, 00:10:57, 23.54, 46.09
2019-02-19, 00:10:59, 23.66, 46.14
2019-02-19, 00:11:00, 23.66, 46.17
2019-02-19, 00:11:01, 23.6, 46.16
2019-02-19, 00:11:03, 23.68, 46.14
2019-02-19, 00:11:04, 23.67, 46.14
2019-02-19, 00:11:05, 23.68, 46.11
2019-02-19, 00:11:07, 23.68, 46.11
2019-02-19, 00:11:08, 23.68, 46.11
2019-02-19, 00:11:09, 23.68, 46.11
2019-02-19, 00:11:11, 23.68, 46.11
2019-02-19, 00:11:12, 23.68, 46.11
2019-02-19, 00:11:13, 23.68, 46.08
2019-02-19, 00:11:15, 23.68, 46.11
2019-02-19, 00:11:16, 23.69, 46.11
2019-02-19, 00:11:18, 23.67, 46.08
2019-02-19, 00:11:19, 23.68, 46.08
2019-02-19, 00:11:20, 23.66, 46.07
2019-02-19, 00:11:22, 23.67, 46.08
2019-02-19, 00:11:23, 23.67, 46.08
2019-02-19, 00:11:24, 23.68, 46.04
2019-02-19, 00:11:26, 23.68, 46.08
2019-02-19, 00:11:27, 23.68, 46.11
2019-02-19, 00:11:28, 23.7, 46.11
2019-02-19, 00:11:30, 23.68, 46.08
2019-02-19, 00:11:31, 23.61, 46.1
2019-02-19, 00:11:32, 23.67, 46.11
2019-02-19, 00:11:34, 23.69, 46.11
2019-02-19, 00:11:35, 23.69, 46.08
2019-02-19, 00:11:36, 23.7, 46.08
2019-02-19, 00:11:38, 23.69, 46.08
2019-02-19, 00:11:39, 23.69, 46.08
2019-02-19, 00:11:41, 23.7, 46.08
2019-02-19, 00:11:42, 23.7, 46.08
2019-02-19, 00:11:43, 23.7, 46.05
2019-02-19, 00:11:45, 23.69, 46.05
2019-02-19, 00:11:46, 23.7, 46.05
2019-02-19, 00:11:47, 23.69, 46.08
2019-02-19, 00:11:49, 23.7, 46.05
2019-02-19, 00:11:50, 23.7, 46.05
2019-02-19, 00:11:51, 23.69, 46.05
2019-02-19, 00:11:53, 23.71, 46.05
2019-02-19, 00:11:54, 23.7, 46.05
2019-02-19, 00:11:55, 23.7, 46.05
2019-02-19, 00:11:57, 23.71, 46.05
2019-02-19, 00:11:58, 23.7, 46.05
2019-02-19, 00:12:00, 23.7, 46.05
2019-02-19, 00:12:01, 23.71, 46.05
2019-02-19, 00:12:02, 23.7, 46.05
2019-02-19, 00:12:04, 23.7, 46.05
2019-02-19, 00:12:05, 23.7, 46.05
2019-02-19, 00:12:06, 23.71, 46.05
2019-02-19, 00:12:08, 23.71, 46.05
2019-02-19, 00:12:09, 23.71, 46.02
2019-02-19, 00:12:10, 23.71, 46.05
2019-02-19, 00:12:12, 23.7, 46.05
2019-02-19, 00:12:13, 23.7, 46.05
2019-02-19, 00:12:14, 23.7, 46.05
2019-02-19, 00:12:16, 23.71, 46.05
2019-02-19, 00:12:17, 23.7, 46.02
2019-02-19, 00:12:19, 23.7, 46.02
2019-02-19, 00:12:20, 23.71, 46.05
2019-02-19, 00:12:21, 23.7, 46.05
2019-02-19, 00:12:23, 23.71, 46.05
2019-02-19, 00:12:24, 23.72, 46.05
2019-02-19, 00:12:25, 23.7, 46.05
2019-02-19, 00:12:27, 23.71, 46.05
2019-02-19, 00:12:28, 23.7, 46.02
2019-02-19, 00:12:29, 23.7, 46.02
2019-02-19, 00:12:31, 23.59, 46.0
2019-02-19, 00:12:32, 23.66, 46.04
2019-02-19, 00:12:33, 23.69, 46.05
2019-02-19, 00:12:35, 23.7, 46.08
2019-02-19, 00:12:36, 23.69, 46.05
2019-02-19, 00:12:37, 23.7, 46.05
2019-02-19, 00:12:39, 23.7, 46.05
2019-02-19, 00:12:40, 23.68, 46.04
2019-02-19, 00:12:42, 23.69, 46.05
2019-02-19, 00:12:43, 23.7, 46.05
2019-02-19, 00:12:44, 23.7, 46.02
2019-02-19, 00:12:46, 23.69, 46.05
2019-02-19, 00:12:47, 23.69, 46.01
2019-02-19, 00:12:48, 23.69, 46.01
2019-02-19, 00:12:50, 23.69, 46.05
2019-02-19, 00:12:51, 23.7, 46.02
2019-02-19, 00:12:52, 23.7, 46.02
2019-02-19, 00:12:54, 23.69, 46.05
2019-02-19, 00:12:55, 23.68, 46.01
2019-02-19, 00:12:56, 23.7, 46.02
2019-02-19, 00:12:58, 23.69, 46.01
2019-02-19, 00:12:59, 23.71, 46.02
2019-02-19, 00:13:01, 23.7, 46.02
2019-02-19, 00:13:02, 23.7, 46.02
2019-02-19, 00:13:03, 23.7, 46.02
2019-02-19, 00:13:05, 23.69, 46.01
2019-02-19, 00:13:06, 23.71, 46.02
2019-02-19, 00:13:07, 23.71, 45.98
2019-02-19, 00:13:09, 23.72, 45.99
2019-02-19, 00:13:10, 23.7, 45.98
2019-02-19, 00:13:11, 23.7, 46.02
2019-02-19, 00:13:13, 23.71, 46.02
2019-02-19, 00:13:14, 23.7, 46.02
2019-02-19, 00:13:15, 23.7, 45.98
2019-02-19, 00:13:17, 23.7, 46.02
2019-02-19, 00:13:18, 23.7, 46.02
2019-02-19, 00:13:20, 23.69, 46.01
2019-02-19, 00:13:21, 23.71, 46.02
2019-02-19, 00:13:22, 23.71, 46.02
2019-02-19, 00:13:24, 23.71, 45.98
2019-02-19, 00:13:25, 23.62, 46.04
2019-02-19, 00:13:26, 23.68, 46.04
2019-02-19, 00:13:28, 23.68, 46.04
2019-02-19, 00:13:29, 23.69, 46.05
2019-02-19, 00:13:30, 23.71, 46.05
2019-02-19, 00:13:32, 23.7, 46.05
2019-02-19, 00:13:33, 23.7, 46.05
2019-02-19, 00:13:34, 23.7, 46.05
2019-02-19, 00:13:36, 23.7, 46.02
2019-02-19, 00:13:37, 23.7, 46.02
2019-02-19, 00:13:39, 23.7, 46.05
2019-02-19, 00:13:40, 23.71, 46.02
2019-02-19, 00:13:41, 23.71, 46.02
2019-02-19, 00:13:43, 23.72, 46.02
2019-02-19, 00:13:44, 23.72, 46.02
2019-02-19, 00:13:45, 23.71, 45.98
2019-02-19, 00:13:47, 23.72, 46.02
2019-02-19, 00:13:48, 23.71, 46.02
2019-02-19, 00:13:49, 23.72, 46.02
2019-02-19, 00:13:51, 23.71, 45.98
2019-02-19, 00:13:52, 23.72, 45.99
2019-02-19, 00:13:53, 23.71, 45.98
2019-02-19, 00:13:55, 23.6, 46.0
2019-02-19, 00:13:56, 23.68, 46.04
2019-02-19, 00:13:58, 23.69, 46.05
2019-02-19, 00:13:59, 23.7, 46.05
2019-02-19, 00:14:00, 23.7, 46.05
2019-02-19, 00:14:02, 23.7, 46.05
2019-02-19, 00:14:03, 23.7, 46.05
2019-02-19, 00:14:04, 23.71, 46.02
2019-02-19, 00:14:06, 23.7, 46.02
2019-02-19, 00:14:07, 23.7, 45.98
2019-02-19, 00:14:08, 23.71, 45.98
2019-02-19, 00:14:10, 23.7, 46.02
2019-02-19, 00:14:11, 23.7, 45.98
2019-02-19, 00:14:12, 23.7, 45.98
2019-02-19, 00:14:14, 23.7, 45.98
2019-02-19, 00:14:15, 23.71, 45.98
2019-02-19, 00:14:16, 23.7, 45.98
2019-02-19, 00:14:18, 23.7, 45.98
2019-02-19, 00:14:19, 23.71, 45.98
2019-02-19, 00:14:21, 23.7, 45.98
2019-02-19, 00:14:22, 23.72, 45.99
2019-02-19, 00:14:23, 23.72, 45.99
2019-02-19, 00:14:25, 23.71, 45.98
2019-02-19, 00:14:26, 23.7, 45.98
2019-02-19, 00:14:27, 23.71, 45.98
2019-02-19, 00:14:29, 23.7, 45.98
2019-02-19, 00:14:30, 23.72, 45.99
2019-02-19, 00:14:31, 23.71, 45.98
2019-02-19, 00:14:33, 23.7, 45.98
2019-02-19, 00:14:34, 23.71, 45.98
2019-02-19, 00:14:35, 23.7, 45.98
2019-02-19, 00:14:37, 23.7, 45.98
2019-02-19, 00:14:38, 23.71, 46.02
2019-02-19, 00:14:39, 23.71, 45.98
2019-02-19, 00:14:41, 23.72, 45.99
2019-02-19, 00:14:42, 23.71, 45.98
2019-02-19, 00:14:44, 23.72, 45.99
2019-02-19, 00:14:45, 23.71, 46.02
2019-02-19, 00:14:46, 23.72, 45.99
2019-02-19, 00:14:48, 23.71, 45.98
2019-02-19, 00:14:49, 23.72, 45.99
2019-02-19, 00:14:50, 23.7, 45.98
2019-02-19, 00:14:52, 23.72, 45.99
2019-02-19, 00:14:53, 23.71, 45.98
2019-02-19, 00:14:54, 23.57, 45.97
2019-02-19, 00:14:56, 23.68, 46.04
2019-02-19, 00:14:57, 23.7, 46.05
2019-02-19, 00:14:58, 23.69, 46.05
2019-02-19, 00:15:00, 23.7, 46.05
2019-02-19, 00:15:01, 23.7, 46.05
2019-02-19, 00:15:02, 23.7, 46.05
2019-02-19, 00:15:04, 23.7, 46.02
2019-02-19, 00:15:05, 23.7, 46.05
2019-02-19, 00:15:07, 23.7, 46.02
2019-02-19, 00:15:08, 23.7, 46.02
2019-02-19, 00:15:09, 23.7, 45.98
2019-02-19, 00:15:11, 23.68, 46.01
2019-02-19, 00:15:12, 23.68, 46.01
2019-02-19, 00:15:13, 23.7, 45.98
2019-02-19, 00:15:15, 23.69, 45.98
2019-02-19, 00:15:16, 23.7, 45.98
2019-02-19, 00:15:17, 23.69, 45.98
2019-02-19, 00:15:19, 23.7, 45.98
2019-02-19, 00:15:20, 23.7, 46.02
2019-02-19, 00:15:21, 23.69, 46.01
2019-02-19, 00:15:23, 23.7, 45.98
2019-02-19, 00:15:24, 23.71, 45.98
2019-02-19, 00:15:25, 23.7, 46.02
2019-02-19, 00:15:27, 23.69, 46.01
2019-02-19, 00:15:28, 23.69, 46.01
2019-02-19, 00:15:30, 23.7, 45.98
2019-02-19, 00:15:31, 23.69, 45.98
2019-02-19, 00:15:32, 23.7, 45.98
2019-02-19, 00:15:34, 23.7, 45.98
2019-02-19, 00:15:35, 23.7, 45.98
2019-02-19, 00:15:36, 23.68, 45.98
2019-02-19, 00:15:38, 23.69, 45.98
2019-02-19, 00:15:39, 23.7, 45.98
2019-02-19, 00:15:40, 23.7, 45.98
2019-02-19, 00:15:42, 23.69, 45.98
2019-02-19, 00:15:43, 23.71, 46.02
2019-02-19, 00:15:44, 23.7, 45.98
2019-02-19, 00:15:46, 23.7, 45.98
2019-02-19, 00:15:47, 23.7, 45.98
2019-02-19, 00:15:49, 23.71, 46.02
2019-02-19, 00:15:50, 23.71, 45.98
2019-02-19, 00:15:51, 23.71, 45.98
2019-02-19, 00:15:53, 23.71, 45.98
2019-02-19, 00:15:54, 23.54, 46.0
2019-02-19, 00:15:55, 23.66, 46.07
2019-02-19, 00:15:57, 23.66, 46.11
2019-02-19, 00:15:58, 23.67, 46.08
2019-02-19, 00:15:59, 23.68, 46.08
2019-02-19, 00:16:01, 23.69, 46.05
2019-02-19, 00:16:02, 23.69, 46.05
2019-02-19, 00:16:03, 23.7, 46.05
2019-02-19, 00:16:05, 23.7, 46.05
2019-02-19, 00:16:06, 23.7, 46.05
2019-02-19, 00:16:07, 23.71, 45.98
2019-02-19, 00:16:09, 23.71, 46.05
2019-02-19, 00:16:10, 23.72, 46.02
2019-02-19, 00:16:12, 23.7, 46.02
2019-02-19, 00:16:13, 23.7, 45.98
2019-02-19, 00:16:14, 23.7, 46.02
2019-02-19, 00:16:16, 23.7, 45.98
2019-02-19, 00:16:17, 23.7, 46.02
2019-02-19, 00:16:18, 23.69, 45.98
2019-02-19, 00:16:20, 23.69, 46.01
2019-02-19, 00:16:21, 23.68, 46.01
2019-02-19, 00:16:22, 23.68, 46.01
2019-02-19, 00:16:24, 23.69, 46.01
2019-02-19, 00:16:25, 23.68, 45.98
2019-02-19, 00:16:26, 23.69, 45.98
2019-02-19, 00:16:28, 23.69, 45.98
2019-02-19, 00:16:29, 23.7, 46.02
2019-02-19, 00:16:30, 23.68, 46.01
2019-02-19, 00:16:32, 23.69, 46.01
2019-02-19, 00:16:33, 23.69, 46.01
2019-02-19, 00:16:35, 23.68, 45.98
2019-02-19, 00:16:36, 23.68, 46.01
2019-02-19, 00:16:37, 23.68, 45.98
2019-02-19, 00:16:39, 23.69, 45.98
2019-02-19, 00:16:40, 23.69, 45.98
2019-02-19, 00:16:41, 23.67, 45.98
2019-02-19, 00:16:43, 23.67, 45.98
2019-02-19, 00:16:44, 23.66, 45.98
2019-02-19, 00:16:45, 23.67, 45.98
2019-02-19, 00:16:47, 23.68, 45.98
2019-02-19, 00:16:48, 23.68, 45.98
2019-02-19, 00:16:50, 23.68, 45.98
2019-02-19, 00:16:51, 23.68, 45.98
2019-02-19, 00:16:52, 23.66, 46.01
2019-02-19, 00:16:54, 23.67, 46.01
2019-02-19, 00:16:55, 23.68, 46.01
2019-02-19, 00:16:56, 23.67, 46.01
2019-02-19, 00:16:58, 23.67, 46.01
2019-02-19, 00:16:59, 23.67, 46.01
2019-02-19, 00:17:00, 23.66, 46.01
2019-02-19, 00:17:02, 23.66, 46.01
2019-02-19, 00:17:03, 23.68, 46.01
2019-02-19, 00:17:04, 23.67, 46.01
2019-02-19, 00:17:06, 23.66, 46.01
2019-02-19, 00:17:07, 23.67, 46.04
2019-02-19, 00:17:09, 23.68, 46.01
2019-02-19, 00:17:10, 23.68, 45.98
2019-02-19, 00:17:11, 23.67, 45.98
2019-02-19, 00:17:13, 23.67, 46.01
2019-02-19, 00:17:14, 23.66, 46.01
2019-02-19, 00:17:15, 23.68, 46.01
2019-02-19, 00:17:17, 23.67, 46.01
2019-02-19, 00:17:18, 23.66, 46.01
2019-02-19, 00:17:19, 23.67, 45.98
2019-02-19, 00:17:21, 23.67, 45.98
2019-02-19, 00:17:22, 23.63, 45.97
2019-02-19, 00:17:23, 23.68, 46.01
2019-02-19, 00:17:25, 23.68, 46.04
2019-02-19, 00:17:26, 23.68, 46.01
2019-02-19, 00:17:28, 23.69, 46.05
2019-02-19, 00:17:29, 23.68, 46.04
2019-02-19, 00:17:30, 23.68, 46.04
2019-02-19, 00:17:32, 23.68, 46.04
2019-02-19, 00:17:33, 23.67, 46.04
2019-02-19, 00:17:34, 23.7, 46.02
2019-02-19, 00:17:36, 23.69, 46.05
2019-02-19, 00:17:37, 23.68, 46.01
2019-02-19, 00:17:38, 23.69, 46.05
2019-02-19, 00:17:40, 23.69, 46.01
2019-02-19, 00:17:41, 23.68, 46.01
2019-02-19, 00:17:42, 23.69, 46.01
2019-02-19, 00:17:44, 23.7, 46.02
2019-02-19, 00:17:45, 23.7, 46.02
2019-02-19, 00:17:47, 23.69, 46.05
2019-02-19, 00:17:48, 23.68, 46.01
2019-02-19, 00:17:49, 23.7, 46.02
2019-02-19, 00:17:51, 23.69, 46.01
2019-02-19, 00:17:52, 23.62, 46.01
2019-02-19, 00:17:53, 23.66, 46.04
2019-02-19, 00:17:55, 23.67, 46.04
2019-02-19, 00:17:56, 23.68, 46.04
2019-02-19, 00:17:57, 23.66, 46.04
2019-02-19, 00:17:59, 23.67, 46.04
2019-02-19, 00:18:00, 23.67, 46.04
2019-02-19, 00:18:01, 23.68, 46.04
2019-02-19, 00:18:03, 23.67, 46.04
2019-02-19, 00:18:04, 23.67, 46.04
2019-02-19, 00:18:05, 23.66, 46.04
2019-02-19, 00:18:07, 23.68, 46.04
2019-02-19, 00:18:08, 23.66, 46.01
2019-02-19, 00:18:10, 23.66, 46.01
2019-02-19, 00:18:11, 23.67, 46.04
2019-02-19, 00:18:12, 23.68, 46.04
2019-02-19, 00:18:14, 23.67, 46.04
2019-02-19, 00:18:15, 23.68, 46.01
2019-02-19, 00:18:16, 23.68, 46.04
2019-02-19, 00:18:18, 23.67, 46.01
2019-02-19, 00:18:19, 23.68, 46.04
2019-02-19, 00:18:20, 23.68, 46.04
2019-02-19, 00:18:22, 23.58, 46.03
2019-02-19, 00:18:23, 23.64, 46.04
2019-02-19, 00:18:24, 23.66, 46.07
2019-02-19, 00:18:26, 23.66, 46.07
2019-02-19, 00:18:27, 23.66, 46.04
2019-02-19, 00:18:29, 23.67, 46.04
2019-02-19, 00:18:30, 23.68, 46.04
2019-02-19, 00:18:31, 23.68, 46.04
2019-02-19, 00:18:33, 23.68, 46.04
2019-02-19, 00:18:34, 23.68, 46.04
2019-02-19, 00:18:35, 23.66, 46.04
2019-02-19, 00:18:37, 23.67, 46.04
2019-02-19, 00:18:38, 23.68, 46.04
2019-02-19, 00:18:39, 23.68, 46.04
2019-02-19, 00:18:41, 23.67, 46.04
2019-02-19, 00:18:42, 23.67, 46.04
2019-02-19, 00:18:43, 23.68, 46.04
2019-02-19, 00:18:45, 23.68, 46.04
2019-02-19, 00:18:46, 23.67, 46.04
2019-02-19, 00:18:48, 23.68, 46.04
2019-02-19, 00:18:49, 23.67, 46.04
2019-02-19, 00:18:50, 23.67, 46.04
2019-02-19, 00:18:52, 23.66, 46.04
2019-02-19, 00:18:53, 23.66, 46.04
2019-02-19, 00:18:54, 23.67, 46.04
2019-02-19, 00:18:56, 23.68, 46.04
2019-02-19, 00:18:57, 23.67, 46.04
2019-02-19, 00:18:58, 23.66, 46.04
2019-02-19, 00:19:00, 23.68, 46.04
2019-02-19, 00:19:01, 23.66, 46.04
2019-02-19, 00:19:02, 23.67, 46.04
2019-02-19, 00:19:04, 23.67, 46.04
2019-02-19, 00:19:05, 23.68, 46.04
2019-02-19, 00:19:07, 23.67, 46.04
2019-02-19, 00:19:08, 23.67, 46.04
2019-02-19, 00:19:09, 23.66, 46.04
2019-02-19, 00:19:11, 23.68, 46.04
2019-02-19, 00:19:12, 23.68, 46.04
2019-02-19, 00:19:13, 23.68, 46.04
2019-02-19, 00:19:15, 23.67, 46.04
2019-02-19, 00:19:16, 23.67, 46.01
2019-02-19, 00:19:17, 23.65, 46.04
2019-02-19, 00:19:19, 23.68, 46.04
2019-02-19, 00:19:20, 23.66, 46.01
2019-02-19, 00:19:21, 23.66, 46.01
2019-02-19, 00:19:23, 23.67, 46.04
2019-02-19, 00:19:24, 23.65, 46.04
2019-02-19, 00:19:25, 23.66, 46.04
2019-02-19, 00:19:27, 23.65, 46.04
2019-02-19, 00:19:28, 23.66, 46.04
2019-02-19, 00:19:30, 23.65, 46.04
2019-02-19, 00:19:31, 23.66, 46.04
2019-02-19, 00:19:32, 23.66, 46.04
2019-02-19, 00:19:34, 23.66, 46.04
2019-02-19, 00:19:35, 23.66, 46.04
2019-02-19, 00:19:36, 23.65, 46.07
2019-02-19, 00:19:38, 23.64, 46.04
2019-02-19, 00:19:39, 23.66, 46.04
2019-02-19, 00:19:40, 23.65, 46.04
2019-02-19, 00:19:42, 23.66, 46.04
2019-02-19, 00:19:43, 23.64, 46.04
2019-02-19, 00:19:44, 23.65, 46.07
2019-02-19, 00:19:46, 23.66, 46.07
2019-02-19, 00:19:47, 23.66, 46.07
2019-02-19, 00:19:49, 23.65, 46.04
2019-02-19, 00:19:50, 23.66, 46.07
2019-02-19, 00:19:51, 23.65, 46.07
2019-02-19, 00:19:53, 23.65, 46.07
2019-02-19, 00:19:54, 23.65, 46.07
2019-02-19, 00:19:55, 23.61, 46.07
2019-02-19, 00:19:57, 23.65, 46.07
2019-02-19, 00:19:58, 23.66, 46.07
2019-02-19, 00:19:59, 23.64, 46.07
2019-02-19, 00:20:01, 23.64, 46.07
2019-02-19, 00:20:02, 23.63, 46.07
2019-02-19, 00:20:03, 23.62, 46.07
2019-02-19, 00:20:05, 23.64, 46.07
2019-02-19, 00:20:06, 23.65, 46.07
2019-02-19, 00:20:08, 23.64, 46.1
2019-02-19, 00:20:09, 23.63, 46.07
2019-02-19, 00:20:10, 23.64, 46.1
2019-02-19, 00:20:12, 23.64, 46.1
2019-02-19, 00:20:13, 23.64, 46.1
2019-02-19, 00:20:14, 23.64, 46.1
2019-02-19, 00:20:16, 23.64, 46.1
2019-02-19, 00:20:17, 23.65, 46.11
2019-02-19, 00:20:18, 23.65, 46.11
2019-02-19, 00:20:20, 23.63, 46.1
2019-02-19, 00:20:21, 23.65, 46.11
2019-02-19, 00:20:22, 23.66, 46.11
2019-02-19, 00:20:24, 23.64, 46.07
2019-02-19, 00:20:25, 23.64, 46.07
2019-02-19, 00:20:26, 23.65, 46.11
2019-02-19, 00:20:28, 23.64, 46.1
2019-02-19, 00:20:29, 23.62, 46.07
2019-02-19, 00:20:31, 23.63, 46.1
2019-02-19, 00:20:32, 23.62, 46.1
2019-02-19, 00:20:33, 23.63, 46.1
2019-02-19, 00:20:35, 23.64, 46.1
2019-02-19, 00:20:36, 23.65, 46.11
2019-02-19, 00:20:37, 23.65, 46.11
2019-02-19, 00:20:39, 23.64, 46.1
2019-02-19, 00:20:40, 23.64, 46.1
2019-02-19, 00:20:41, 23.64, 46.1
2019-02-19, 00:20:43, 23.65, 46.11
2019-02-19, 00:20:44, 23.64, 46.1
2019-02-19, 00:20:45, 23.64, 46.1
2019-02-19, 00:20:47, 23.64, 46.1
2019-02-19, 00:20:48, 23.64, 46.1
2019-02-19, 00:20:50, 23.63, 46.1
2019-02-19, 00:20:51, 23.64, 46.1
2019-02-19, 00:20:52, 23.63, 46.1
2019-02-19, 00:20:54, 23.63, 46.1
2019-02-19, 00:20:55, 23.52, 46.09
2019-02-19, 00:20:56, 23.6, 46.13
2019-02-19, 00:20:58, 23.61, 46.16
2019-02-19, 00:20:59, 23.62, 46.13
2019-02-19, 00:21:00, 23.62, 46.13
2019-02-19, 00:21:02, 23.62, 46.13
2019-02-19, 00:21:03, 23.62, 46.1
2019-02-19, 00:21:04, 23.62, 46.13
2019-02-19, 00:21:06, 23.62, 46.1
2019-02-19, 00:21:07, 23.62, 46.1
2019-02-19, 00:21:08, 23.63, 46.14
2019-02-19, 00:21:10, 23.63, 46.1
2019-02-19, 00:21:11, 23.64, 46.1
2019-02-19, 00:21:13, 23.64, 46.1
2019-02-19, 00:21:14, 23.62, 46.1
2019-02-19, 00:21:15, 23.62, 46.1
2019-02-19, 00:21:17, 23.61, 46.1
2019-02-19, 00:21:18, 23.62, 46.1
2019-02-19, 00:21:19, 23.63, 46.1
2019-02-19, 00:21:21, 23.62, 46.1
2019-02-19, 00:21:22, 23.63, 46.1
2019-02-19, 00:21:23, 23.63, 46.1
2019-02-19, 00:21:25, 23.62, 46.1
2019-02-19, 00:21:26, 23.64, 46.1
2019-02-19, 00:21:27, 23.62, 46.1
2019-02-19, 00:21:29, 23.62, 46.1
2019-02-19, 00:21:30, 23.62, 46.1
2019-02-19, 00:21:31, 23.62, 46.1
2019-02-19, 00:21:33, 23.62, 46.1
2019-02-19, 00:21:34, 23.62, 46.1
2019-02-19, 00:21:36, 23.62, 46.1
2019-02-19, 00:21:37, 23.63, 46.14
2019-02-19, 00:21:38, 23.62, 46.13
2019-02-19, 00:21:40, 23.62, 46.13
2019-02-19, 00:21:41, 23.63, 46.1
2019-02-19, 00:21:42, 23.63, 46.1
2019-02-19, 00:21:44, 23.63, 46.1
2019-02-19, 00:21:45, 23.62, 46.13
2019-02-19, 00:21:46, 23.63, 46.1
2019-02-19, 00:21:48, 23.63, 46.1
2019-02-19, 00:21:49, 23.61, 46.1
2019-02-19, 00:21:50, 23.62, 46.1
2019-02-19, 00:21:52, 23.62, 46.1
2019-02-19, 00:21:53, 23.6, 46.1
2019-02-19, 00:21:55, 23.62, 46.1
2019-02-19, 00:21:56, 23.62, 46.1
2019-02-19, 00:21:57, 23.63, 46.1
2019-02-19, 00:21:59, 23.6, 46.13
2019-02-19, 00:22:00, 23.61, 46.13
2019-02-19, 00:22:01, 23.62, 46.13
2019-02-19, 00:22:03, 23.62, 46.13
2019-02-19, 00:22:04, 23.62, 46.1
2019-02-19, 00:22:05, 23.61, 46.1
2019-02-19, 00:22:07, 23.61, 46.13
2019-02-19, 00:22:08, 23.6, 46.13
2019-02-19, 00:22:09, 23.6, 46.13
2019-02-19, 00:22:11, 23.6, 46.13
2019-02-19, 00:22:12, 23.59, 46.13
2019-02-19, 00:22:13, 23.6, 46.16
2019-02-19, 00:22:15, 23.6, 46.16
2019-02-19, 00:22:16, 23.61, 46.16
2019-02-19, 00:22:18, 23.61, 46.13
2019-02-19, 00:22:19, 23.61, 46.13
2019-02-19, 00:22:20, 23.6, 46.13
2019-02-19, 00:22:22, 23.6, 46.13
2019-02-19, 00:22:23, 23.62, 46.17
2019-02-19, 00:22:24, 23.61, 46.13
2019-02-19, 00:22:26, 23.62, 46.13
2019-02-19, 00:22:27, 23.61, 46.13
2019-02-19, 00:22:28, 23.62, 46.13
2019-02-19, 00:22:30, 23.61, 46.13
2019-02-19, 00:22:31, 23.6, 46.13
2019-02-19, 00:22:32, 23.6, 46.13
2019-02-19, 00:22:34, 23.61, 46.13
2019-02-19, 00:22:35, 23.62, 46.17
2019-02-19, 00:22:36, 23.62, 46.17
2019-02-19, 00:22:38, 23.62, 46.13
2019-02-19, 00:22:39, 23.61, 46.16
2019-02-19, 00:22:41, 23.62, 46.13
2019-02-19, 00:22:42, 23.62, 46.17
2019-02-19, 00:22:43, 23.61, 46.16
2019-02-19, 00:22:45, 23.61, 46.16
2019-02-19, 00:22:46, 23.61, 46.16
2019-02-19, 00:22:47, 23.61, 46.16
2019-02-19, 00:22:49, 23.54, 46.16
2019-02-19, 00:22:50, 23.6, 46.2
2019-02-19, 00:22:51, 23.59, 46.16
2019-02-19, 00:22:53, 23.6, 46.2
2019-02-19, 00:22:54, 23.6, 46.16
2019-02-19, 00:22:55, 23.6, 46.16
2019-02-19, 00:22:57, 23.6, 46.16
2019-02-19, 00:22:58, 23.61, 46.16
2019-02-19, 00:22:59, 23.59, 46.16
2019-02-19, 00:23:01, 23.6, 46.16
2019-02-19, 00:23:02, 23.6, 46.16
2019-02-19, 00:23:04, 23.6, 46.16
2019-02-19, 00:23:05, 23.6, 46.16
2019-02-19, 00:23:06, 23.6, 46.16
2019-02-19, 00:23:08, 23.6, 46.16
2019-02-19, 00:23:09, 23.6, 46.16
2019-02-19, 00:23:10, 23.59, 46.16
2019-02-19, 00:23:12, 23.6, 46.13
2019-02-19, 00:23:13, 23.58, 46.16
2019-02-19, 00:23:14, 23.6, 46.16
2019-02-19, 00:23:16, 23.58, 46.13
2019-02-19, 00:23:17, 23.56, 46.13
2019-02-19, 00:23:18, 23.49, 46.15
2019-02-19, 00:23:20, 23.56, 46.16
2019-02-19, 00:23:21, 23.56, 46.16
2019-02-19, 00:23:22, 23.56, 46.19
2019-02-19, 00:23:24, 23.57, 46.19
2019-02-19, 00:23:25, 23.57, 46.19
2019-02-19, 00:23:27, 23.58, 46.16
2019-02-19, 00:23:28, 23.57, 46.19
2019-02-19, 00:23:29, 23.57, 46.19
2019-02-19, 00:23:31, 23.57, 46.19
2019-02-19, 00:23:32, 23.58, 46.19
2019-02-19, 00:23:33, 23.58, 46.19
2019-02-19, 00:23:35, 23.58, 46.19
2019-02-19, 00:23:36, 23.58, 46.19
2019-02-19, 00:23:37, 23.58, 46.19
2019-02-19, 00:23:39, 23.58, 46.19
2019-02-19, 00:23:40, 23.58, 46.19
2019-02-19, 00:23:41, 23.58, 46.19
2019-02-19, 00:23:43, 23.57, 46.16
2019-02-19, 00:23:44, 23.57, 46.16
2019-02-19, 00:23:45, 23.57, 46.16
2019-02-19, 00:23:47, 23.57, 46.19
2019-02-19, 00:23:48, 23.46, 46.15
2019-02-19, 00:23:50, 23.55, 46.22
2019-02-19, 00:23:51, 23.55, 46.22
2019-02-19, 00:23:52, 23.57, 46.22
2019-02-19, 00:23:54, 23.56, 46.22
2019-02-19, 00:23:55, 23.56, 46.22
2019-02-19, 00:23:56, 23.57, 46.22
2019-02-19, 00:23:58, 23.56, 46.22
2019-02-19, 00:23:59, 23.57, 46.22
2019-02-19, 00:24:00, 23.57, 46.22
2019-02-19, 00:24:02, 23.56, 46.22
2019-02-19, 00:24:03, 23.56, 46.22
2019-02-19, 00:24:04, 23.57, 46.22
2019-02-19, 00:24:06, 23.57, 46.22
2019-02-19, 00:24:07, 23.57, 46.22
2019-02-19, 00:24:08, 23.57, 46.22
2019-02-19, 00:24:10, 23.56, 46.22
2019-02-19, 00:24:11, 23.56, 46.22
2019-02-19, 00:24:13, 23.58, 46.19
2019-02-19, 00:24:14, 23.57, 46.22
2019-02-19, 00:24:15, 23.58, 46.19
2019-02-19, 00:24:17, 23.59, 46.23
2019-02-19, 00:24:18, 23.45, 46.18
2019-02-19, 00:24:19, 23.54, 46.22
2019-02-19, 00:24:21, 23.56, 46.26
2019-02-19, 00:24:22, 23.56, 46.26
2019-02-19, 00:24:23, 23.57, 46.22
2019-02-19, 00:24:25, 23.56, 46.22
2019-02-19, 00:24:26, 23.58, 46.23
2019-02-19, 00:24:27, 23.58, 46.23
2019-02-19, 00:24:29, 23.57, 46.22
2019-02-19, 00:24:30, 23.58, 46.23
2019-02-19, 00:24:31, 23.57, 46.22
2019-02-19, 00:24:33, 23.57, 46.22
2019-02-19, 00:24:34, 23.58, 46.23
2019-02-19, 00:24:36, 23.58, 46.19
2019-02-19, 00:24:37, 23.57, 46.19
2019-02-19, 00:24:38, 23.56, 46.22
2019-02-19, 00:24:40, 23.57, 46.19
2019-02-19, 00:24:41, 23.57, 46.22
2019-02-19, 00:24:42, 23.57, 46.19
2019-02-19, 00:24:44, 23.58, 46.23
2019-02-19, 00:24:45, 23.59, 46.19
2019-02-19, 00:24:46, 23.58, 46.19
2019-02-19, 00:24:48, 23.44, 46.21
2019-02-19, 00:24:49, 23.54, 46.28
2019-02-19, 00:24:50, 23.56, 46.29
2019-02-19, 00:24:52, 23.56, 46.29
2019-02-19, 00:24:53, 23.56, 46.26
2019-02-19, 00:24:55, 23.55, 46.25
2019-02-19, 00:24:56, 23.57, 46.22
2019-02-19, 00:24:57, 23.56, 46.22
2019-02-19, 00:24:59, 23.56, 46.26
2019-02-19, 00:25:00, 23.57, 46.26
2019-02-19, 00:25:01, 23.57, 46.22
2019-02-19, 00:25:03, 23.57, 46.22
2019-02-19, 00:25:04, 23.58, 46.23
2019-02-19, 00:25:05, 23.58, 46.23
2019-02-19, 00:25:07, 23.58, 46.19
2019-02-19, 00:25:08, 23.57, 46.22
2019-02-19, 00:25:09, 23.56, 46.22
2019-02-19, 00:25:11, 23.57, 46.22
2019-02-19, 00:25:12, 23.58, 46.23
2019-02-19, 00:25:13, 23.58, 46.23
2019-02-19, 00:25:15, 23.58, 46.23
2019-02-19, 00:25:16, 23.58, 46.19
2019-02-19, 00:25:18, 23.44, 46.21
2019-02-19, 00:25:19, 23.54, 46.28
2019-02-19, 00:25:20, 23.56, 46.29
2019-02-19, 00:25:22, 23.51, 46.28
2019-02-19, 00:25:23, 23.55, 46.29
2019-02-19, 00:25:24, 23.55, 46.29
2019-02-19, 00:25:26, 23.55, 46.25
2019-02-19, 00:25:27, 23.55, 46.25
2019-02-19, 00:25:28, 23.56, 46.26
2019-02-19, 00:25:30, 23.56, 46.22
2019-02-19, 00:25:31, 23.56, 46.26
2019-02-19, 00:25:32, 23.56, 46.22
2019-02-19, 00:25:34, 23.57, 46.26
2019-02-19, 00:25:35, 23.57, 46.22
2019-02-19, 00:25:37, 23.57, 46.26
2019-02-19, 00:25:38, 23.58, 46.23
2019-02-19, 00:25:39, 23.57, 46.22
2019-02-19, 00:25:41, 23.55, 46.22
2019-02-19, 00:25:42, 23.58, 46.23
2019-02-19, 00:25:43, 23.57, 46.22
2019-02-19, 00:25:45, 23.56, 46.22
2019-02-19, 00:25:46, 23.57, 46.22
2019-02-19, 00:25:47, 23.57, 46.22
2019-02-19, 00:25:49, 23.59, 46.23
2019-02-19, 00:25:50, 23.59, 46.23
2019-02-19, 00:25:51, 23.59, 46.23
2019-02-19, 00:25:53, 23.58, 46.23
2019-02-19, 00:25:54, 23.58, 46.23
2019-02-19, 00:25:56, 23.58, 46.23
2019-02-19, 00:25:57, 23.6, 46.2
2019-02-19, 00:25:58, 23.58, 46.23
2019-02-19, 00:26:00, 23.58, 46.23
2019-02-19, 00:26:01, 23.58, 46.19
2019-02-19, 00:26:02, 23.57, 46.16
2019-02-19, 00:26:04, 23.56, 46.16
2019-02-19, 00:26:05, 23.57, 46.16
2019-02-19, 00:26:06, 23.57, 46.16
2019-02-19, 00:26:08, 23.58, 46.16
2019-02-19, 00:26:09, 23.55, 46.19
2019-02-19, 00:26:10, 23.56, 46.19
2019-02-19, 00:26:12, 23.56, 46.16
2019-02-19, 00:26:13, 23.55, 46.19
2019-02-19, 00:26:15, 23.56, 46.16
2019-02-19, 00:26:16, 23.57, 46.19
2019-02-19, 00:26:17, 23.57, 46.19
2019-02-19, 00:26:19, 23.58, 46.19
2019-02-19, 00:26:20, 23.57, 46.22
2019-02-19, 00:26:21, 23.57, 46.22
2019-02-19, 00:26:23, 23.56, 46.19
2019-02-19, 00:26:24, 23.56, 46.16
2019-02-19, 00:26:25, 23.57, 46.19
2019-02-19, 00:26:27, 23.58, 46.19
2019-02-19, 00:26:28, 23.58, 46.19
2019-02-19, 00:26:29, 23.58, 46.19
2019-02-19, 00:26:31, 23.58, 46.19
2019-02-19, 00:26:32, 23.58, 46.19
2019-02-19, 00:26:33, 23.58, 46.19
2019-02-19, 00:26:35, 23.58, 46.19
2019-02-19, 00:26:36, 23.57, 46.16
2019-02-19, 00:26:38, 23.57, 46.16
2019-02-19, 00:26:39, 23.58, 46.19
2019-02-19, 00:26:40, 23.59, 46.16
2019-02-19, 00:26:42, 23.58, 46.16
2019-02-19, 00:26:43, 23.57, 46.16
2019-02-19, 00:26:44, 23.58, 46.16
2019-02-19, 00:26:46, 23.59, 46.19
2019-02-19, 00:26:47, 23.58, 46.19
2019-02-19, 00:26:48, 23.59, 46.16
2019-02-19, 00:26:50, 23.59, 46.16
2019-02-19, 00:26:51, 23.59, 46.19
2019-02-19, 00:26:52, 23.59, 46.16
2019-02-19, 00:26:54, 23.6, 46.16
2019-02-19, 00:26:55, 23.6, 46.16
2019-02-19, 00:26:57, 23.61, 46.16
2019-02-19, 00:26:58, 23.6, 46.16
2019-02-19, 00:26:59, 23.6, 46.16
2019-02-19, 00:27:01, 23.6, 46.16
2019-02-19, 00:27:02, 23.61, 46.16
2019-02-19, 00:27:03, 23.61, 46.16
2019-02-19, 00:27:05, 23.61, 46.16
2019-02-19, 00:27:06, 23.6, 46.13
2019-02-19, 00:27:07, 23.6, 46.16
2019-02-19, 00:27:09, 23.59, 46.16
2019-02-19, 00:27:10, 23.6, 46.16
2019-02-19, 00:27:11, 23.58, 46.16
2019-02-19, 00:27:13, 23.61, 46.13
2019-02-19, 00:27:14, 23.61, 46.16
2019-02-19, 00:27:15, 23.58, 46.16
2019-02-19, 00:27:17, 23.6, 46.16
2019-02-19, 00:27:18, 23.6, 46.16
2019-02-19, 00:27:20, 23.61, 46.16
2019-02-19, 00:27:21, 23.61, 46.16
2019-02-19, 00:27:22, 23.61, 46.16
2019-02-19, 00:27:24, 23.6, 46.13
2019-02-19, 00:27:25, 23.61, 46.13
2019-02-19, 00:27:26, 23.6, 46.13
2019-02-19, 00:27:28, 23.62, 46.13
2019-02-19, 00:27:29, 23.61, 46.13
2019-02-19, 00:27:30, 23.61, 46.13
2019-02-19, 00:27:32, 23.61, 46.13
2019-02-19, 00:27:33, 23.62, 46.13
2019-02-19, 00:27:34, 23.61, 46.13
2019-02-19, 00:27:36, 23.62, 46.13
2019-02-19, 00:27:37, 23.61, 46.13
2019-02-19, 00:27:38, 23.61, 46.1
2019-02-19, 00:27:40, 23.6, 46.13
2019-02-19, 00:27:41, 23.6, 46.13
2019-02-19, 00:27:43, 23.6, 46.1
2019-02-19, 00:27:44, 23.6, 46.13
2019-02-19, 00:27:45, 23.56, 46.13
2019-02-19, 00:27:47, 23.6, 46.13
2019-02-19, 00:27:48, 23.6, 46.16
2019-02-19, 00:27:49, 23.61, 46.13
2019-02-19, 00:27:51, 23.45, 46.15
2019-02-19, 00:27:52, 23.55, 46.22
2019-02-19, 00:27:53, 23.58, 46.23
2019-02-19, 00:27:55, 23.59, 46.23
2019-02-19, 00:27:56, 23.59, 46.23
2019-02-19, 00:27:57, 23.59, 46.19
2019-02-19, 00:27:59, 23.6, 46.2
2019-02-19, 00:28:00, 23.6, 46.16
2019-02-19, 00:28:02, 23.59, 46.16
2019-02-19, 00:28:03, 23.6, 46.16
2019-02-19, 00:28:04, 23.59, 46.16
2019-02-19, 00:28:06, 23.61, 46.16
2019-02-19, 00:28:07, 23.62, 46.17
2019-02-19, 00:28:08, 23.61, 46.13
2019-02-19, 00:28:10, 23.6, 46.13
2019-02-19, 00:28:11, 23.61, 46.13
2019-02-19, 00:28:12, 23.6, 46.13
2019-02-19, 00:28:14, 23.6, 46.1
2019-02-19, 00:28:15, 23.52, 46.12
2019-02-19, 00:28:16, 23.59, 46.16
2019-02-19, 00:28:18, 23.59, 46.13
2019-02-19, 00:28:19, 23.59, 46.16
2019-02-19, 00:28:20, 23.61, 46.16
2019-02-19, 00:28:22, 23.6, 46.16
2019-02-19, 00:28:23, 23.62, 46.17
2019-02-19, 00:28:24, 23.6, 46.16
2019-02-19, 00:28:26, 23.6, 46.13
2019-02-19, 00:28:27, 23.6, 46.13
2019-02-19, 00:28:29, 23.6, 46.13
2019-02-19, 00:28:30, 23.6, 46.13
2019-02-19, 00:28:31, 23.6, 46.13
2019-02-19, 00:28:33, 23.6, 46.13
2019-02-19, 00:28:34, 23.6, 46.13
2019-02-19, 00:28:35, 23.61, 46.13
2019-02-19, 00:28:37, 23.61, 46.13
2019-02-19, 00:28:38, 23.61, 46.13
2019-02-19, 00:28:39, 23.61, 46.13
2019-02-19, 00:28:41, 23.61, 46.13
2019-02-19, 00:28:42, 23.61, 46.1
2019-02-19, 00:28:43, 23.61, 46.1
2019-02-19, 00:28:45, 23.51, 46.09
2019-02-19, 00:28:46, 23.59, 46.13
2019-02-19, 00:28:47, 23.6, 46.16
2019-02-19, 00:28:49, 23.61, 46.16
2019-02-19, 00:28:50, 23.45, 46.18
2019-02-19, 00:28:52, 23.55, 46.22
2019-02-19, 00:28:53, 23.56, 46.22
2019-02-19, 00:28:54, 23.58, 46.23
2019-02-19, 00:28:56, 23.57, 46.22
2019-02-19, 00:28:57, 23.57, 46.19
2019-02-19, 00:28:58, 23.58, 46.16
2019-02-19, 00:29:00, 23.59, 46.19
2019-02-19, 00:29:01, 23.58, 46.16
2019-02-19, 00:29:02, 23.6, 46.16
2019-02-19, 00:29:04, 23.6, 46.16
2019-02-19, 00:29:05, 23.58, 46.16
2019-02-19, 00:29:06, 23.59, 46.13
2019-02-19, 00:29:08, 23.59, 46.13
2019-02-19, 00:29:09, 23.59, 46.13
2019-02-19, 00:29:10, 23.6, 46.13
2019-02-19, 00:29:12, 23.6, 46.13
2019-02-19, 00:29:13, 23.6, 46.13
2019-02-19, 00:29:15, 23.6, 46.13
2019-02-19, 00:29:16, 23.6, 46.1
2019-02-19, 00:29:17, 23.6, 46.1
2019-02-19, 00:29:19, 23.6, 46.1
2019-02-19, 00:29:20, 23.61, 46.1
2019-02-19, 00:29:21, 23.59, 46.13
2019-02-19, 00:29:23, 23.6, 46.1
2019-02-19, 00:29:24, 23.6, 46.13
2019-02-19, 00:29:25, 23.6, 46.13
2019-02-19, 00:29:27, 23.59, 46.1
2019-02-19, 00:29:28, 23.59, 46.1
2019-02-19, 00:29:29, 23.61, 46.1
2019-02-19, 00:29:31, 23.59, 46.1
2019-02-19, 00:29:32, 23.61, 46.1
2019-02-19, 00:29:33, 23.61, 46.13
2019-02-19, 00:29:35, 23.61, 46.1
2019-02-19, 00:29:36, 23.61, 46.1
2019-02-19, 00:29:38, 23.62, 46.1
2019-02-19, 00:29:39, 23.62, 46.1
2019-02-19, 00:29:40, 23.61, 46.1
2019-02-19, 00:29:42, 23.61, 46.1
2019-02-19, 00:29:43, 23.61, 46.1
2019-02-19, 00:29:44, 23.47, 46.08
2019-02-19, 00:29:46, 23.57, 46.16
2019-02-19, 00:29:47, 23.6, 46.16
2019-02-19, 00:29:48, 23.6, 46.16
2019-02-19, 00:29:50, 23.59, 46.16
2019-02-19, 00:29:51, 23.59, 46.16
2019-02-19, 00:29:52, 23.6, 46.16
2019-02-19, 00:29:54, 23.6, 46.13
2019-02-19, 00:29:55, 23.6, 46.16
2019-02-19, 00:29:57, 23.61, 46.13
2019-02-19, 00:29:58, 23.61, 46.16
2019-02-19, 00:29:59, 23.61, 46.1
2019-02-19, 00:30:01, 23.62, 46.13
2019-02-19, 00:30:02, 23.6, 46.13
2019-02-19, 00:30:03, 23.61, 46.13
2019-02-19, 00:30:05, 23.59, 46.1
2019-02-19, 00:30:06, 23.6, 46.13
2019-02-19, 00:30:07, 23.58, 46.1
2019-02-19, 00:30:09, 23.61, 46.1
2019-02-19, 00:30:10, 23.61, 46.1
2019-02-19, 00:30:11, 23.62, 46.1
2019-02-19, 00:30:13, 23.62, 46.1
2019-02-19, 00:30:14, 23.61, 46.1
2019-02-19, 00:30:15, 23.6, 46.1
2019-02-19, 00:30:17, 23.62, 46.13
2019-02-19, 00:30:18, 23.61, 46.1
2019-02-19, 00:30:20, 23.62, 46.1
2019-02-19, 00:30:21, 23.6, 46.1
2019-02-19, 00:30:22, 23.6, 46.1
2019-02-19, 00:30:24, 23.6, 46.1
2019-02-19, 00:30:25, 23.59, 46.1
2019-02-19, 00:30:26, 23.6, 46.1
2019-02-19, 00:30:28, 23.61, 46.1
2019-02-19, 00:30:29, 23.61, 46.1
2019-02-19, 00:30:30, 23.62, 46.1
2019-02-19, 00:30:32, 23.63, 46.1
2019-02-19, 00:30:33, 23.61, 46.13
2019-02-19, 00:30:35, 23.61, 46.1
2019-02-19, 00:30:36, 23.6, 46.1
2019-02-19, 00:30:37, 23.6, 46.1
2019-02-19, 00:30:39, 23.62, 46.1
2019-02-19, 00:30:40, 23.64, 46.1
2019-02-19, 00:30:41, 23.62, 46.1
2019-02-19, 00:30:43, 23.62, 46.1
2019-02-19, 00:30:44, 23.62, 46.1
2019-02-19, 00:30:45, 23.62, 46.1
2019-02-19, 00:30:47, 23.62, 46.1
2019-02-19, 00:30:48, 23.61, 46.1
2019-02-19, 00:30:49, 23.6, 46.1
2019-02-19, 00:30:51, 23.6, 46.1
2019-02-19, 00:30:52, 23.61, 46.07
2019-02-19, 00:30:54, 23.61, 46.07
2019-02-19, 00:30:55, 23.6, 46.07
2019-02-19, 00:30:56, 23.62, 46.04
2019-02-19, 00:30:58, 23.6, 46.04
2019-02-19, 00:30:59, 23.6, 46.04
2019-02-19, 00:31:00, 23.6, 46.07
2019-02-19, 00:31:02, 23.6, 46.07
2019-02-19, 00:31:03, 23.61, 46.04
2019-02-19, 00:31:04, 23.6, 46.07
2019-02-19, 00:31:06, 23.6, 46.07
2019-02-19, 00:31:07, 23.61, 46.07
2019-02-19, 00:31:08, 23.62, 46.07
2019-02-19, 00:31:10, 23.62, 46.07
2019-02-19, 00:31:11, 23.62, 46.07
2019-02-19, 00:31:13, 23.62, 46.1
2019-02-19, 00:31:14, 23.62, 46.04
2019-02-19, 00:31:15, 23.6, 46.07
2019-02-19, 00:31:17, 23.6, 46.07
2019-02-19, 00:31:18, 23.61, 46.07
2019-02-19, 00:31:19, 23.62, 46.04
2019-02-19, 00:31:21, 23.6, 46.07
2019-02-19, 00:31:22, 23.61, 46.07
2019-02-19, 00:31:23, 23.62, 46.07
2019-02-19, 00:31:25, 23.61, 46.07
2019-02-19, 00:31:26, 23.61, 46.07
2019-02-19, 00:31:27, 23.6, 46.07
2019-02-19, 00:31:29, 23.61, 46.07
2019-02-19, 00:31:30, 23.62, 46.04
2019-02-19, 00:31:32, 23.61, 46.04
2019-02-19, 00:31:33, 23.62, 46.04
2019-02-19, 00:31:34, 23.62, 46.04
2019-02-19, 00:31:36, 23.62, 46.04
2019-02-19, 00:31:37, 23.62, 46.07
2019-02-19, 00:31:38, 23.62, 46.04
2019-02-19, 00:31:40, 23.63, 46.04
2019-02-19, 00:31:41, 23.62, 46.04
2019-02-19, 00:31:42, 23.62, 46.04
2019-02-19, 00:31:44, 23.62, 46.04
2019-02-19, 00:31:45, 23.62, 46.04
2019-02-19, 00:31:46, 23.62, 46.04
2019-02-19, 00:31:48, 23.63, 46.04
2019-02-19, 00:31:49, 23.63, 46.07
2019-02-19, 00:31:50, 23.62, 46.07
2019-02-19, 00:31:52, 23.62, 46.04
2019-02-19, 00:31:53, 23.63, 46.04
2019-02-19, 00:31:55, 23.63, 46.04
2019-02-19, 00:31:56, 23.63, 46.07
2019-02-19, 00:31:57, 23.62, 46.04
2019-02-19, 00:31:59, 23.62, 46.04
2019-02-19, 00:32:00, 23.62, 46.04
2019-02-19, 00:32:01, 23.62, 46.04
2019-02-19, 00:32:03, 23.63, 46.04
2019-02-19, 00:32:04, 23.61, 46.04
2019-02-19, 00:32:05, 23.63, 46.04
2019-02-19, 00:32:07, 23.63, 46.04
2019-02-19, 00:32:08, 23.63, 46.04
2019-02-19, 00:32:09, 23.63, 46.01
2019-02-19, 00:32:11, 23.64, 46.04
2019-02-19, 00:32:12, 23.62, 46.01
2019-02-19, 00:32:13, 23.64, 46.01
2019-02-19, 00:32:15, 23.63, 46.04
2019-02-19, 00:32:16, 23.63, 46.01
2019-02-19, 00:32:18, 23.64, 46.04
2019-02-19, 00:32:19, 23.64, 46.01
2019-02-19, 00:32:20, 23.64, 46.01
2019-02-19, 00:32:22, 23.63, 46.04
2019-02-19, 00:32:23, 23.64, 46.04
2019-02-19, 00:32:24, 23.64, 46.01
2019-02-19, 00:32:26, 23.62, 46.04
2019-02-19, 00:32:27, 23.62, 46.01
2019-02-19, 00:32:28, 23.63, 46.04
2019-02-19, 00:32:30, 23.62, 46.01
2019-02-19, 00:32:31, 23.63, 46.04
2019-02-19, 00:32:32, 23.63, 46.04
2019-02-19, 00:32:34, 23.64, 46.04
2019-02-19, 00:32:35, 23.63, 46.04
2019-02-19, 00:32:37, 23.63, 46.01
2019-02-19, 00:32:38, 23.63, 46.01
2019-02-19, 00:32:39, 23.65, 46.01
2019-02-19, 00:32:41, 23.63, 46.01
2019-02-19, 00:32:42, 23.63, 46.01
2019-02-19, 00:32:43, 23.63, 45.97
2019-02-19, 00:32:45, 23.63, 45.97
2019-02-19, 00:32:46, 23.63, 46.01
2019-02-19, 00:32:47, 23.63, 46.01
2019-02-19, 00:32:49, 23.65, 46.01
2019-02-19, 00:32:50, 23.65, 46.01
2019-02-19, 00:32:51, 23.65, 46.04
2019-02-19, 00:32:53, 23.64, 46.01
2019-02-19, 00:32:54, 23.64, 46.04
2019-02-19, 00:32:55, 23.64, 46.01
2019-02-19, 00:32:57, 23.65, 46.01
2019-02-19, 00:32:58, 23.64, 46.01
2019-02-19, 00:33:00, 23.64, 46.01
2019-02-19, 00:33:01, 23.64, 46.01
2019-02-19, 00:33:02, 23.64, 46.04
2019-02-19, 00:33:04, 23.65, 46.04
2019-02-19, 00:33:05, 23.64, 46.04
2019-02-19, 00:33:06, 23.64, 45.98
2019-02-19, 00:33:08, 23.64, 45.98
2019-02-19, 00:33:09, 23.64, 45.98
2019-02-19, 00:33:10, 23.62, 45.97
2019-02-19, 00:33:12, 23.64, 45.98
2019-02-19, 00:33:13, 23.64, 45.98
2019-02-19, 00:33:14, 23.64, 45.98
2019-02-19, 00:33:16, 23.64, 45.98
2019-02-19, 00:33:17, 23.64, 45.98
2019-02-19, 00:33:19, 23.64, 45.98
2019-02-19, 00:33:20, 23.62, 45.97
2019-02-19, 00:33:21, 23.62, 45.97
2019-02-19, 00:33:23, 23.64, 45.98
2019-02-19, 00:33:24, 23.65, 46.01
2019-02-19, 00:33:25, 23.65, 45.98
2019-02-19, 00:33:27, 23.65, 45.98
2019-02-19, 00:33:28, 23.64, 45.98
2019-02-19, 00:33:29, 23.64, 45.98
2019-02-19, 00:33:31, 23.63, 45.97
2019-02-19, 00:33:32, 23.64, 45.98
2019-02-19, 00:33:33, 23.63, 45.97
2019-02-19, 00:33:35, 23.64, 45.98
2019-02-19, 00:33:36, 23.64, 45.98
2019-02-19, 00:33:37, 23.64, 45.98
2019-02-19, 00:33:39, 23.62, 45.97
2019-02-19, 00:33:40, 23.63, 46.01
2019-02-19, 00:33:42, 23.62, 45.97
2019-02-19, 00:33:43, 23.64, 45.98
2019-02-19, 00:33:44, 23.64, 45.98
2019-02-19, 00:33:46, 23.64, 46.01
2019-02-19, 00:33:47, 23.64, 45.98
2019-02-19, 00:33:48, 23.64, 45.98
2019-02-19, 00:33:50, 23.64, 46.01
2019-02-19, 00:33:51, 23.65, 45.98
2019-02-19, 00:33:52, 23.64, 45.98
2019-02-19, 00:33:54, 23.65, 45.98
2019-02-19, 00:33:55, 23.65, 45.98
2019-02-19, 00:33:56, 23.65, 45.98
2019-02-19, 00:33:58, 23.64, 45.98
2019-02-19, 00:33:59, 23.64, 45.98
2019-02-19, 00:34:00, 23.65, 45.98
2019-02-19, 00:34:02, 23.65, 45.98
2019-02-19, 00:34:03, 23.64, 45.98
2019-02-19, 00:34:05, 23.65, 45.98
2019-02-19, 00:34:06, 23.64, 45.98
2019-02-19, 00:34:07, 23.65, 45.98
2019-02-19, 00:34:09, 23.64, 45.98
2019-02-19, 00:34:10, 23.65, 45.98
2019-02-19, 00:34:11, 23.64, 45.98
2019-02-19, 00:34:13, 23.64, 45.98
2019-02-19, 00:34:14, 23.6, 45.97
2019-02-19, 00:34:16, 23.64, 45.98
2019-02-19, 00:34:17, 23.64, 45.98
2019-02-19, 00:34:18, 23.65, 45.98
2019-02-19, 00:34:20, 23.65, 45.98
2019-02-19, 00:34:21, 23.66, 45.98
2019-02-19, 00:34:22, 23.65, 45.98
2019-02-19, 00:34:24, 23.65, 45.98
2019-02-19, 00:34:25, 23.64, 45.94
2019-02-19, 00:34:26, 23.65, 45.94
2019-02-19, 00:34:28, 23.64, 45.98
2019-02-19, 00:34:29, 23.64, 45.98
2019-02-19, 00:34:30, 23.65, 45.98
2019-02-19, 00:34:32, 23.64, 45.94
2019-02-19, 00:34:33, 23.66, 45.98
2019-02-19, 00:34:35, 23.66, 45.95
2019-02-19, 00:34:36, 23.66, 45.98
2019-02-19, 00:34:37, 23.65, 45.94
2019-02-19, 00:34:39, 23.66, 45.98
2019-02-19, 00:34:40, 23.66, 45.95
2019-02-19, 00:34:41, 23.5, 45.96
2019-02-19, 00:34:43, 23.6, 46.04
2019-02-19, 00:34:44, 23.64, 46.04
2019-02-19, 00:34:45, 23.64, 46.01
2019-02-19, 00:34:47, 23.65, 46.01
2019-02-19, 00:34:48, 23.64, 45.98
2019-02-19, 00:34:49, 23.65, 45.98
2019-02-19, 00:34:51, 23.64, 45.98
2019-02-19, 00:34:52, 23.65, 45.98
2019-02-19, 00:34:53, 23.67, 45.98
2019-02-19, 00:34:55, 23.66, 45.98
2019-02-19, 00:34:56, 23.66, 45.98
2019-02-19, 00:34:58, 23.67, 45.98
2019-02-19, 00:34:59, 23.66, 45.95
2019-02-19, 00:35:00, 23.66, 45.98
2019-02-19, 00:35:02, 23.66, 45.91
2019-02-19, 00:35:03, 23.67, 45.95
2019-02-19, 00:35:04, 23.66, 45.95
2019-02-19, 00:35:06, 23.66, 45.91
2019-02-19, 00:35:07, 23.65, 45.91
2019-02-19, 00:35:08, 23.66, 45.91
2019-02-19, 00:35:10, 23.66, 45.91
2019-02-19, 00:35:11, 23.49, 45.96
2019-02-19, 00:35:12, 23.61, 45.97
2019-02-19, 00:35:14, 23.62, 46.01
2019-02-19, 00:35:15, 23.62, 46.04
2019-02-19, 00:35:16, 23.64, 46.01
2019-02-19, 00:35:18, 23.65, 46.01
2019-02-19, 00:35:19, 23.65, 45.98
2019-02-19, 00:35:21, 23.65, 45.98
2019-02-19, 00:35:22, 23.66, 45.98
2019-02-19, 00:35:23, 23.66, 45.98
2019-02-19, 00:35:25, 23.66, 45.98
2019-02-19, 00:35:26, 23.67, 45.95
2019-02-19, 00:35:27, 23.66, 45.95
2019-02-19, 00:35:29, 23.66, 45.91
2019-02-19, 00:35:30, 23.65, 45.91
2019-02-19, 00:35:31, 23.65, 45.94
2019-02-19, 00:35:33, 23.66, 45.91
2019-02-19, 00:35:34, 23.67, 45.92
2019-02-19, 00:35:35, 23.66, 45.91
2019-02-19, 00:35:37, 23.67, 45.92
2019-02-19, 00:35:38, 23.66, 45.91
2019-02-19, 00:35:39, 23.64, 45.91
2019-02-19, 00:35:41, 23.65, 45.91
2019-02-19, 00:35:42, 23.67, 45.92
2019-02-19, 00:35:44, 23.67, 45.92
2019-02-19, 00:35:45, 23.59, 45.94
2019-02-19, 00:35:46, 23.66, 45.98
2019-02-19, 00:35:48, 23.66, 45.95
2019-02-19, 00:35:49, 23.66, 45.95
2019-02-19, 00:35:50, 23.66, 45.91
2019-02-19, 00:35:52, 23.67, 45.95
2019-02-19, 00:35:53, 23.66, 45.91
2019-02-19, 00:35:54, 23.66, 45.95
2019-02-19, 00:35:56, 23.67, 45.95
2019-02-19, 00:35:57, 23.65, 45.91
2019-02-19, 00:35:58, 23.66, 45.91
2019-02-19, 00:36:00, 23.67, 45.92
2019-02-19, 00:36:01, 23.66, 45.91
2019-02-19, 00:36:03, 23.66, 45.91
2019-02-19, 00:36:04, 23.66, 45.91
2019-02-19, 00:36:05, 23.67, 45.92
2019-02-19, 00:36:07, 23.68, 45.95
2019-02-19, 00:36:08, 23.68, 45.92
2019-02-19, 00:36:09, 23.68, 45.92
2019-02-19, 00:36:11, 23.67, 45.92
2019-02-19, 00:36:12, 23.67, 45.92
2019-02-19, 00:36:13, 23.68, 45.92
2019-02-19, 00:36:15, 23.66, 45.91
2019-02-19, 00:36:16, 23.68, 45.92
2019-02-19, 00:36:17, 23.68, 45.92
2019-02-19, 00:36:19, 23.68, 45.92
2019-02-19, 00:36:20, 23.66, 45.91
2019-02-19, 00:36:21, 23.68, 45.92
2019-02-19, 00:36:23, 23.67, 45.92
2019-02-19, 00:36:24, 23.68, 45.92
2019-02-19, 00:36:26, 23.68, 45.92
2019-02-19, 00:36:27, 23.67, 45.88
2019-02-19, 00:36:28, 23.67, 45.92
2019-02-19, 00:36:30, 23.68, 45.92
2019-02-19, 00:36:31, 23.68, 45.88
2019-02-19, 00:36:32, 23.69, 45.92
2019-02-19, 00:36:34, 23.67, 45.92
2019-02-19, 00:36:35, 23.68, 45.92
2019-02-19, 00:36:36, 23.68, 45.88
2019-02-19, 00:36:38, 23.68, 45.85
2019-02-19, 00:36:39, 23.69, 45.89
2019-02-19, 00:36:40, 23.66, 45.85
2019-02-19, 00:36:42, 23.68, 45.88
2019-02-19, 00:36:43, 23.68, 45.88
2019-02-19, 00:36:44, 23.56, 45.9
2019-02-19, 00:36:46, 23.63, 45.91
2019-02-19, 00:36:47, 23.64, 45.91
2019-02-19, 00:36:49, 23.66, 45.91
2019-02-19, 00:36:50, 23.67, 45.92
2019-02-19, 00:36:51, 23.67, 45.92
2019-02-19, 00:36:53, 23.68, 45.92
2019-02-19, 00:36:54, 23.66, 45.91
2019-02-19, 00:36:55, 23.66, 45.91
2019-02-19, 00:36:57, 23.66, 45.91
2019-02-19, 00:36:58, 23.68, 45.92
2019-02-19, 00:36:59, 23.67, 45.92
2019-02-19, 00:37:01, 23.66, 45.91
2019-02-19, 00:37:02, 23.68, 45.92
2019-02-19, 00:37:03, 23.67, 45.92
2019-02-19, 00:37:05, 23.67, 45.92
2019-02-19, 00:37:06, 23.66, 45.91
2019-02-19, 00:37:07, 23.66, 45.88
2019-02-19, 00:37:09, 23.66, 45.88
2019-02-19, 00:37:10, 23.67, 45.88
2019-02-19, 00:37:11, 23.68, 45.92
2019-02-19, 00:37:13, 23.66, 45.91
2019-02-19, 00:37:14, 23.68, 45.88
2019-02-19, 00:37:16, 23.66, 45.88
2019-02-19, 00:37:17, 23.67, 45.92
2019-02-19, 00:37:18, 23.67, 45.92
2019-02-19, 00:37:20, 23.68, 45.88
2019-02-19, 00:37:21, 23.68, 45.88
2019-02-19, 00:37:22, 23.68, 45.88
2019-02-19, 00:37:24, 23.68, 45.88
2019-02-19, 00:37:25, 23.69, 45.89
2019-02-19, 00:37:26, 23.67, 45.88
2019-02-19, 00:37:28, 23.69, 45.89
2019-02-19, 00:37:29, 23.69, 45.89
2019-02-19, 00:37:30, 23.66, 45.85
2019-02-19, 00:37:32, 23.65, 45.88
2019-02-19, 00:37:33, 23.66, 45.88
2019-02-19, 00:37:35, 23.66, 45.85
2019-02-19, 00:37:36, 23.66, 45.88
2019-02-19, 00:37:37, 23.66, 45.88
2019-02-19, 00:37:39, 23.64, 45.88
2019-02-19, 00:37:40, 23.66, 45.88
2019-02-19, 00:37:41, 23.66, 45.91
2019-02-19, 00:37:43, 23.67, 45.88
2019-02-19, 00:37:44, 23.54, 45.9
2019-02-19, 00:37:45, 23.63, 45.91
2019-02-19, 00:37:47, 23.65, 45.94
2019-02-19, 00:37:48, 23.65, 45.94
2019-02-19, 00:37:49, 23.66, 45.91
2019-02-19, 00:37:51, 23.67, 45.92
2019-02-19, 00:37:52, 23.66, 45.91
2019-02-19, 00:37:53, 23.67, 45.92
2019-02-19, 00:37:55, 23.66, 45.88
2019-02-19, 00:37:56, 23.68, 45.92
2019-02-19, 00:37:58, 23.66, 45.88
2019-02-19, 00:37:59, 23.66, 45.88
2019-02-19, 00:38:00, 23.67, 45.88
2019-02-19, 00:38:02, 23.68, 45.85
2019-02-19, 00:38:03, 23.67, 45.85
2019-02-19, 00:38:04, 23.68, 45.88
2019-02-19, 00:38:06, 23.68, 45.85
2019-02-19, 00:38:07, 23.68, 45.88
2019-02-19, 00:38:08, 23.67, 45.88
2019-02-19, 00:38:10, 23.68, 45.85
2019-02-19, 00:38:11, 23.67, 45.88
2019-02-19, 00:38:12, 23.68, 45.85
2019-02-19, 00:38:14, 23.67, 45.85
2019-02-19, 00:38:15, 23.68, 45.85
2019-02-19, 00:38:17, 23.68, 45.85
2019-02-19, 00:38:18, 23.68, 45.88
2019-02-19, 00:38:19, 23.68, 45.85
2019-02-19, 00:38:21, 23.66, 45.85
2019-02-19, 00:38:22, 23.67, 45.88
2019-02-19, 00:38:23, 23.67, 45.88
2019-02-19, 00:38:25, 23.68, 45.85
2019-02-19, 00:38:26, 23.66, 45.88
2019-02-19, 00:38:27, 23.68, 45.85
2019-02-19, 00:38:29, 23.68, 45.88
2019-02-19, 00:38:30, 23.68, 45.85
2019-02-19, 00:38:31, 23.69, 45.85
2019-02-19, 00:38:33, 23.69, 45.85
2019-02-19, 00:38:34, 23.68, 45.85
2019-02-19, 00:38:36, 23.67, 45.85
2019-02-19, 00:38:37, 23.67, 45.85
2019-02-19, 00:38:38, 23.68, 45.85
2019-02-19, 00:38:40, 23.68, 45.85
2019-02-19, 00:38:41, 23.67, 45.85
2019-02-19, 00:38:42, 23.67, 45.85
2019-02-19, 00:38:44, 23.51, 45.9
2019-02-19, 00:38:45, 23.62, 45.94
2019-02-19, 00:38:46, 23.64, 45.94
2019-02-19, 00:38:48, 23.65, 45.91
2019-02-19, 00:38:49, 23.64, 45.91
2019-02-19, 00:38:50, 23.65, 45.91
2019-02-19, 00:38:52, 23.66, 45.91
2019-02-19, 00:38:53, 23.68, 45.92
2019-02-19, 00:38:54, 23.67, 45.88
2019-02-19, 00:38:56, 23.66, 45.88
2019-02-19, 00:38:57, 23.66, 45.88
2019-02-19, 00:38:59, 23.68, 45.85
2019-02-19, 00:39:00, 23.67, 45.85
2019-02-19, 00:39:01, 23.66, 45.85
2019-02-19, 00:39:03, 23.67, 45.85
2019-02-19, 00:39:04, 23.66, 45.82
2019-02-19, 00:39:05, 23.66, 45.85
2019-02-19, 00:39:07, 23.66, 45.82
2019-02-19, 00:39:08, 23.54, 45.84
2019-02-19, 00:39:09, 23.64, 45.88
2019-02-19, 00:39:11, 23.65, 45.91
2019-02-19, 00:39:12, 23.66, 45.91
2019-02-19, 00:39:13, 23.66, 45.91
2019-02-19, 00:39:15, 23.67, 45.88
2019-02-19, 00:39:16, 23.68, 45.88
2019-02-19, 00:39:17, 23.68, 45.85
2019-02-19, 00:39:19, 23.68, 45.88
2019-02-19, 00:39:20, 23.68, 45.85
2019-02-19, 00:39:22, 23.67, 45.85
2019-02-19, 00:39:23, 23.68, 45.85
2019-02-19, 00:39:24, 23.68, 45.85
2019-02-19, 00:39:26, 23.68, 45.85
2019-02-19, 00:39:27, 23.68, 45.85
2019-02-19, 00:39:28, 23.69, 45.89
2019-02-19, 00:39:30, 23.69, 45.89
2019-02-19, 00:39:31, 23.68, 45.88
2019-02-19, 00:39:32, 23.7, 45.85
2019-02-19, 00:39:34, 23.7, 45.85
2019-02-19, 00:39:35, 23.69, 45.85
2019-02-19, 00:39:36, 23.7, 45.85
2019-02-19, 00:39:38, 23.69, 45.85
2019-02-19, 00:39:39, 23.7, 45.89
2019-02-19, 00:39:41, 23.7, 45.85
2019-02-19, 00:39:42, 23.7, 45.85
2019-02-19, 00:39:43, 23.7, 45.85
2019-02-19, 00:39:45, 23.69, 45.85
2019-02-19, 00:39:46, 23.68, 45.85
2019-02-19, 00:39:47, 23.7, 45.85
2019-02-19, 00:39:49, 23.71, 45.86
2019-02-19, 00:39:50, 23.69, 45.85
2019-02-19, 00:39:51, 23.69, 45.85
2019-02-19, 00:39:53, 23.7, 45.85
2019-02-19, 00:39:54, 23.69, 45.85
2019-02-19, 00:39:55, 23.69, 45.85
2019-02-19, 00:39:57, 23.7, 45.85
2019-02-19, 00:39:58, 23.69, 45.85
2019-02-19, 00:39:59, 23.7, 45.85
2019-02-19, 00:40:01, 23.68, 45.85
2019-02-19, 00:40:02, 23.68, 45.85
2019-02-19, 00:40:04, 23.68, 45.85
2019-02-19, 00:40:05, 23.67, 45.85
2019-02-19, 00:40:06, 23.69, 45.85
2019-02-19, 00:40:08, 23.54, 45.87
2019-02-19, 00:40:09, 23.66, 45.91
2019-02-19, 00:40:10, 23.66, 45.91
2019-02-19, 00:40:12, 23.67, 45.92
2019-02-19, 00:40:13, 23.66, 45.91
2019-02-19, 00:40:14, 23.67, 45.92
2019-02-19, 00:40:16, 23.68, 45.92
2019-02-19, 00:40:17, 23.68, 45.88
2019-02-19, 00:40:18, 23.67, 45.88
2019-02-19, 00:40:20, 23.65, 45.88
2019-02-19, 00:40:21, 23.66, 45.85
2019-02-19, 00:40:22, 23.67, 45.85
2019-02-19, 00:40:24, 23.66, 45.85
2019-02-19, 00:40:25, 23.68, 45.85
2019-02-19, 00:40:27, 23.67, 45.85
2019-02-19, 00:40:28, 23.66, 45.85
2019-02-19, 00:40:29, 23.68, 45.85
2019-02-19, 00:40:31, 23.68, 45.88
2019-02-19, 00:40:32, 23.67, 45.88
2019-02-19, 00:40:33, 23.66, 45.85
2019-02-19, 00:40:35, 23.68, 45.85
2019-02-19, 00:40:36, 23.68, 45.85
2019-02-19, 00:40:37, 23.52, 45.9
2019-02-19, 00:40:39, 23.62, 45.94
2019-02-19, 00:40:40, 23.63, 45.94
2019-02-19, 00:40:41, 23.64, 45.91
2019-02-19, 00:40:43, 23.66, 45.91
2019-02-19, 00:40:44, 23.65, 45.91
2019-02-19, 00:40:45, 23.65, 45.91
2019-02-19, 00:40:47, 23.66, 45.91
2019-02-19, 00:40:48, 23.67, 45.92
2019-02-19, 00:40:50, 23.67, 45.92
2019-02-19, 00:40:51, 23.65, 45.91
2019-02-19, 00:40:52, 23.64, 45.91
2019-02-19, 00:40:54, 23.64, 45.88
2019-02-19, 00:40:55, 23.64, 45.88
2019-02-19, 00:40:56, 23.64, 45.85
2019-02-19, 00:40:58, 23.65, 45.88
2019-02-19, 00:40:59, 23.65, 45.88
2019-02-19, 00:41:00, 23.66, 45.91
2019-02-19, 00:41:02, 23.66, 45.91
2019-02-19, 00:41:03, 23.66, 45.91
2019-02-19, 00:41:04, 23.65, 45.88
2019-02-19, 00:41:06, 23.66, 45.91
2019-02-19, 00:41:07, 23.65, 45.88
2019-02-19, 00:41:09, 23.66, 45.88
2019-02-19, 00:41:10, 23.66, 45.91
2019-02-19, 00:41:11, 23.67, 45.88
2019-02-19, 00:41:13, 23.66, 45.91
2019-02-19, 00:41:14, 23.67, 45.88
2019-02-19, 00:41:15, 23.66, 45.88
2019-02-19, 00:41:17, 23.66, 45.88
2019-02-19, 00:41:18, 23.67, 45.92
2019-02-19, 00:41:19, 23.67, 45.88
2019-02-19, 00:41:21, 23.66, 45.88
2019-02-19, 00:41:22, 23.66, 45.85
2019-02-19, 00:41:23, 23.66, 45.85
2019-02-19, 00:41:25, 23.66, 45.85
2019-02-19, 00:41:26, 23.67, 45.85
2019-02-19, 00:41:28, 23.67, 45.85
2019-02-19, 00:41:29, 23.66, 45.85
2019-02-19, 00:41:30, 23.64, 45.85
2019-02-19, 00:41:32, 23.67, 45.85
2019-02-19, 00:41:33, 23.66, 45.85
2019-02-19, 00:41:34, 23.67, 45.85
2019-02-19, 00:41:36, 23.66, 45.85
2019-02-19, 00:41:37, 23.66, 45.85
2019-02-19, 00:41:38, 23.66, 45.85
2019-02-19, 00:41:40, 23.65, 45.85
2019-02-19, 00:41:41, 23.67, 45.85
2019-02-19, 00:41:42, 23.66, 45.85
2019-02-19, 00:41:44, 23.66, 45.85
2019-02-19, 00:41:45, 23.66, 45.85
2019-02-19, 00:41:46, 23.67, 45.85
2019-02-19, 00:41:48, 23.66, 45.85
2019-02-19, 00:41:49, 23.66, 45.85
2019-02-19, 00:41:51, 23.66, 45.85
2019-02-19, 00:41:52, 23.66, 45.85
2019-02-19, 00:41:53, 23.66, 45.85
2019-02-19, 00:41:55, 23.66, 45.85
2019-02-19, 00:41:56, 23.66, 45.85
2019-02-19, 00:41:57, 23.67, 45.85
2019-02-19, 00:41:59, 23.66, 45.85
2019-02-19, 00:42:00, 23.66, 45.85
2019-02-19, 00:42:01, 23.65, 45.85
2019-02-19, 00:42:03, 23.66, 45.85
2019-02-19, 00:42:04, 23.65, 45.85
2019-02-19, 00:42:05, 23.66, 45.85
2019-02-19, 00:42:07, 23.66, 45.85
2019-02-19, 00:42:08, 23.65, 45.88
2019-02-19, 00:42:09, 23.66, 45.88
2019-02-19, 00:42:11, 23.55, 45.9
2019-02-19, 00:42:12, 23.62, 45.91
2019-02-19, 00:42:14, 23.64, 45.94
2019-02-19, 00:42:15, 23.64, 45.94
2019-02-19, 00:42:16, 23.63, 45.94
2019-02-19, 00:42:18, 23.64, 45.91
2019-02-19, 00:42:19, 23.66, 45.91
2019-02-19, 00:42:20, 23.64, 45.91
2019-02-19, 00:42:22, 23.64, 45.91
2019-02-19, 00:42:23, 23.63, 45.91
2019-02-19, 00:42:24, 23.64, 45.91
2019-02-19, 00:42:26, 23.65, 45.88
2019-02-19, 00:42:27, 23.65, 45.88
2019-02-19, 00:42:28, 23.64, 45.88
2019-02-19, 00:42:30, 23.64, 45.88
2019-02-19, 00:42:31, 23.64, 45.91
2019-02-19, 00:42:33, 23.65, 45.91
2019-02-19, 00:42:34, 23.64, 45.91
2019-02-19, 00:42:35, 23.6, 45.91
2019-02-19, 00:42:37, 23.64, 45.91
2019-02-19, 00:42:38, 23.64, 45.91
2019-02-19, 00:42:39, 23.63, 45.91
2019-02-19, 00:42:41, 23.48, 45.89
2019-02-19, 00:42:42, 23.6, 45.97
2019-02-19, 00:42:43, 23.62, 45.97
2019-02-19, 00:42:45, 23.62, 45.97
2019-02-19, 00:42:46, 23.63, 45.97
2019-02-19, 00:42:47, 23.62, 45.97
2019-02-19, 00:42:49, 23.63, 45.97
2019-02-19, 00:42:50, 23.64, 45.98
2019-02-19, 00:42:52, 23.64, 45.98
2019-02-19, 00:42:53, 23.64, 45.98
2019-02-19, 00:42:54, 23.64, 45.91
2019-02-19, 00:42:56, 23.64, 45.94
2019-02-19, 00:42:57, 23.64, 45.91
2019-02-19, 00:42:58, 23.63, 45.94
2019-02-19, 00:43:00, 23.64, 45.91
2019-02-19, 00:43:01, 23.63, 45.94
2019-02-19, 00:43:02, 23.65, 45.91
2019-02-19, 00:43:04, 23.65, 45.91
2019-02-19, 00:43:05, 23.56, 45.9
2019-02-19, 00:43:06, 23.63, 45.94
2019-02-19, 00:43:08, 23.62, 45.94
2019-02-19, 00:43:09, 23.63, 45.94
2019-02-19, 00:43:11, 23.62, 45.97
2019-02-19, 00:43:12, 23.63, 45.97
2019-02-19, 00:43:13, 23.63, 45.97
2019-02-19, 00:43:15, 23.63, 45.97
2019-02-19, 00:43:16, 23.62, 45.97
2019-02-19, 00:43:17, 23.62, 45.97
2019-02-19, 00:43:19, 23.62, 45.94
2019-02-19, 00:43:20, 23.64, 45.98
2019-02-19, 00:43:21, 23.64, 45.98
2019-02-19, 00:43:23, 23.64, 45.94
2019-02-19, 00:43:24, 23.63, 45.97
2019-02-19, 00:43:25, 23.64, 45.94
2019-02-19, 00:43:27, 23.64, 45.94
2019-02-19, 00:43:28, 23.64, 45.91
2019-02-19, 00:43:30, 23.65, 45.94
2019-02-19, 00:43:31, 23.64, 45.91
2019-02-19, 00:43:32, 23.64, 45.94
2019-02-19, 00:43:34, 23.64, 45.94
2019-02-19, 00:43:35, 23.51, 45.93
2019-02-19, 00:43:36, 23.6, 45.97
2019-02-19, 00:43:38, 23.62, 45.97
2019-02-19, 00:43:39, 23.62, 45.97
2019-02-19, 00:43:40, 23.46, 46.02
2019-02-19, 00:43:42, 23.57, 46.03
2019-02-19, 00:43:43, 23.6, 46.07
2019-02-19, 00:43:44, 23.6, 46.04
2019-02-19, 00:43:46, 23.6, 46.04
2019-02-19, 00:43:47, 23.6, 46.04
2019-02-19, 00:43:49, 23.62, 46.01
2019-02-19, 00:43:50, 23.61, 46.0
2019-02-19, 00:43:51, 23.61, 45.97
2019-02-19, 00:43:53, 23.62, 45.97
2019-02-19, 00:43:54, 23.62, 45.97
2019-02-19, 00:43:55, 23.62, 45.97
2019-02-19, 00:43:57, 23.62, 45.97
2019-02-19, 00:43:58, 23.62, 45.97
2019-02-19, 00:43:59, 23.62, 45.94
2019-02-19, 00:44:01, 23.62, 45.94
2019-02-19, 00:44:02, 23.61, 45.94
2019-02-19, 00:44:04, 23.62, 45.94
2019-02-19, 00:44:05, 23.48, 45.96
2019-02-19, 00:44:06, 23.58, 46.0
2019-02-19, 00:44:08, 23.6, 46.04
2019-02-19, 00:44:09, 23.6, 46.04
2019-02-19, 00:44:10, 23.6, 46.0
2019-02-19, 00:44:12, 23.62, 46.01
2019-02-19, 00:44:13, 23.61, 46.0
2019-02-19, 00:44:14, 23.62, 45.97
2019-02-19, 00:44:16, 23.63, 46.01
2019-02-19, 00:44:17, 23.62, 45.97
2019-02-19, 00:44:18, 23.62, 45.97
2019-02-19, 00:44:20, 23.61, 45.97
2019-02-19, 00:44:21, 23.62, 45.97
2019-02-19, 00:44:23, 23.62, 45.97
2019-02-19, 00:44:24, 23.62, 45.97
2019-02-19, 00:44:25, 23.61, 45.97
2019-02-19, 00:44:27, 23.62, 45.97
2019-02-19, 00:44:28, 23.61, 45.97
2019-02-19, 00:44:29, 23.62, 45.97
2019-02-19, 00:44:31, 23.61, 45.97
2019-02-19, 00:44:32, 23.62, 45.97
2019-02-19, 00:44:33, 23.62, 45.97
2019-02-19, 00:44:35, 23.61, 45.97
2019-02-19, 00:44:36, 23.61, 45.97
2019-02-19, 00:44:37, 23.6, 45.97
2019-02-19, 00:44:39, 23.61, 45.97
2019-02-19, 00:44:40, 23.6, 45.97
2019-02-19, 00:44:41, 23.62, 45.97
2019-02-19, 00:44:43, 23.62, 45.97
2019-02-19, 00:44:44, 23.62, 45.97
2019-02-19, 00:44:46, 23.62, 45.97
2019-02-19, 00:44:47, 23.62, 45.97
2019-02-19, 00:44:48, 23.62, 45.97
2019-02-19, 00:44:50, 23.61, 45.97
2019-02-19, 00:44:51, 23.6, 46.0
2019-02-19, 00:44:52, 23.6, 45.97
2019-02-19, 00:44:54, 23.62, 45.97
2019-02-19, 00:44:55, 23.61, 45.97
2019-02-19, 00:44:56, 23.61, 45.97
2019-02-19, 00:44:58, 23.6, 45.97
2019-02-19, 00:44:59, 23.61, 45.97
2019-02-19, 00:45:00, 23.62, 45.97
2019-02-19, 00:45:02, 23.61, 46.0
2019-02-19, 00:45:03, 23.61, 45.97
2019-02-19, 00:45:04, 23.6, 45.97
2019-02-19, 00:45:06, 23.61, 45.97
2019-02-19, 00:45:07, 23.6, 45.97
2019-02-19, 00:45:09, 23.6, 45.97
2019-02-19, 00:45:10, 23.6, 45.97
2019-02-19, 00:45:11, 23.6, 45.97
2019-02-19, 00:45:13, 23.6, 45.97
2019-02-19, 00:45:14, 23.6, 45.97
2019-02-19, 00:45:15, 23.6, 45.97
2019-02-19, 00:45:17, 23.61, 46.0
2019-02-19, 00:45:18, 23.6, 46.0
2019-02-19, 00:45:19, 23.6, 45.97
2019-02-19, 00:45:21, 23.6, 45.97
2019-02-19, 00:45:22, 23.61, 45.97
2019-02-19, 00:45:23, 23.61, 46.0
2019-02-19, 00:45:25, 23.6, 46.0
2019-02-19, 00:45:26, 23.59, 45.97
2019-02-19, 00:45:28, 23.59, 45.97
2019-02-19, 00:45:29, 23.59, 45.97
2019-02-19, 00:45:30, 23.6, 45.97
2019-02-19, 00:45:32, 23.6, 46.0
2019-02-19, 00:45:33, 23.59, 45.97
2019-02-19, 00:45:34, 23.6, 46.0
2019-02-19, 00:45:36, 23.6, 46.0
2019-02-19, 00:45:37, 23.59, 46.0
2019-02-19, 00:45:38, 23.59, 46.0
2019-02-19, 00:45:40, 23.59, 46.0
2019-02-19, 00:45:41, 23.58, 46.0
2019-02-19, 00:45:42, 23.6, 46.0
2019-02-19, 00:45:44, 23.6, 46.0
2019-02-19, 00:45:45, 23.59, 46.0
2019-02-19, 00:45:47, 23.59, 46.0
2019-02-19, 00:45:48, 23.59, 46.03
2019-02-19, 00:45:49, 23.6, 46.0
2019-02-19, 00:45:51, 23.58, 46.03
2019-02-19, 00:45:52, 23.6, 46.0
2019-02-19, 00:45:53, 23.6, 46.0
2019-02-19, 00:45:55, 23.6, 46.0
2019-02-19, 00:45:56, 23.59, 46.0
2019-02-19, 00:45:57, 23.6, 46.04
2019-02-19, 00:45:59, 23.59, 46.0
2019-02-19, 00:46:00, 23.59, 46.0
2019-02-19, 00:46:01, 23.6, 46.0
2019-02-19, 00:46:03, 23.58, 46.0
2019-02-19, 00:46:04, 23.59, 46.0
2019-02-19, 00:46:05, 23.6, 46.0
2019-02-19, 00:46:07, 23.58, 46.0
2019-02-19, 00:46:08, 23.46, 46.02
2019-02-19, 00:46:10, 23.56, 46.03
2019-02-19, 00:46:11, 23.54, 46.06
2019-02-19, 00:46:12, 23.56, 46.06
2019-02-19, 00:46:14, 23.58, 46.06
2019-02-19, 00:46:15, 23.58, 46.03
2019-02-19, 00:46:16, 23.58, 46.03
2019-02-19, 00:46:18, 23.57, 46.03
2019-02-19, 00:46:19, 23.58, 46.03
2019-02-19, 00:46:20, 23.58, 46.03
2019-02-19, 00:46:22, 23.58, 46.03
2019-02-19, 00:46:23, 23.59, 46.03
2019-02-19, 00:46:24, 23.59, 46.03
2019-02-19, 00:46:26, 23.6, 46.04
2019-02-19, 00:46:27, 23.58, 46.03
2019-02-19, 00:46:28, 23.58, 46.03
2019-02-19, 00:46:30, 23.58, 46.03
2019-02-19, 00:46:31, 23.58, 46.03
2019-02-19, 00:46:33, 23.56, 46.03
2019-02-19, 00:46:34, 23.57, 46.03
2019-02-19, 00:46:35, 23.57, 46.03
2019-02-19, 00:46:37, 23.58, 46.03
2019-02-19, 00:46:38, 23.58, 46.03
2019-02-19, 00:46:39, 23.56, 46.03
2019-02-19, 00:46:41, 23.58, 46.03
2019-02-19, 00:46:42, 23.58, 46.03
2019-02-19, 00:46:43, 23.58, 46.03
2019-02-19, 00:46:45, 23.58, 46.03
2019-02-19, 00:46:46, 23.57, 46.03
2019-02-19, 00:46:47, 23.57, 46.03
2019-02-19, 00:46:49, 23.57, 46.03
2019-02-19, 00:46:50, 23.58, 46.03
2019-02-19, 00:46:52, 23.58, 46.0
2019-02-19, 00:46:53, 23.58, 46.03
2019-02-19, 00:46:54, 23.58, 46.03
2019-02-19, 00:46:56, 23.57, 46.03
2019-02-19, 00:46:57, 23.58, 46.03
2019-02-19, 00:46:58, 23.58, 46.03
2019-02-19, 00:47:00, 23.58, 46.03
2019-02-19, 00:47:01, 23.58, 46.0
2019-02-19, 00:47:02, 23.58, 46.03
2019-02-19, 00:47:04, 23.58, 46.03
2019-02-19, 00:47:05, 23.58, 46.03
2019-02-19, 00:47:06, 23.58, 46.03
2019-02-19, 00:47:08, 23.59, 46.03
2019-02-19, 00:47:09, 23.58, 46.03
2019-02-19, 00:47:10, 23.58, 46.03
2019-02-19, 00:47:12, 23.58, 46.03
2019-02-19, 00:47:13, 23.58, 46.03
2019-02-19, 00:47:15, 23.57, 46.03
2019-02-19, 00:47:16, 23.58, 46.03
2019-02-19, 00:47:17, 23.57, 46.03
2019-02-19, 00:47:19, 23.57, 46.03
2019-02-19, 00:47:20, 23.58, 46.03
2019-02-19, 00:47:21, 23.58, 46.06
2019-02-19, 00:47:23, 23.58, 46.03
2019-02-19, 00:47:24, 23.59, 46.03
2019-02-19, 00:47:25, 23.58, 46.03
2019-02-19, 00:47:27, 23.57, 46.03
2019-02-19, 00:47:28, 23.56, 46.03
2019-02-19, 00:47:29, 23.57, 46.03
2019-02-19, 00:47:31, 23.57, 46.03
2019-02-19, 00:47:32, 23.56, 46.06
2019-02-19, 00:47:33, 23.58, 46.06
2019-02-19, 00:47:35, 23.58, 46.06
2019-02-19, 00:47:36, 23.59, 46.03
2019-02-19, 00:47:38, 23.59, 46.03
2019-02-19, 00:47:39, 23.58, 46.03
2019-02-19, 00:47:40, 23.59, 46.03
2019-02-19, 00:47:42, 23.58, 46.03
2019-02-19, 00:47:43, 23.59, 46.03
2019-02-19, 00:47:44, 23.59, 46.03
2019-02-19, 00:47:46, 23.58, 46.0
2019-02-19, 00:47:47, 23.56, 46.03
2019-02-19, 00:47:48, 23.57, 46.03
2019-02-19, 00:47:50, 23.55, 46.03
2019-02-19, 00:47:51, 23.58, 46.03
2019-02-19, 00:47:52, 23.58, 46.03
2019-02-19, 00:47:54, 23.57, 46.03
2019-02-19, 00:47:55, 23.56, 46.03
2019-02-19, 00:47:57, 23.58, 46.03
2019-02-19, 00:47:58, 23.57, 46.03
2019-02-19, 00:47:59, 23.57, 46.03
2019-02-19, 00:48:01, 23.58, 46.03
2019-02-19, 00:48:02, 23.58, 46.03
2019-02-19, 00:48:03, 23.58, 46.03
2019-02-19, 00:48:05, 23.58, 46.03
2019-02-19, 00:48:06, 23.58, 46.03
2019-02-19, 00:48:07, 23.58, 46.03
2019-02-19, 00:48:09, 23.58, 46.03
2019-02-19, 00:48:10, 23.58, 46.03
2019-02-19, 00:48:11, 23.56, 46.03
2019-02-19, 00:48:13, 23.56, 46.03
2019-02-19, 00:48:14, 23.56, 46.03
2019-02-19, 00:48:15, 23.56, 46.03
2019-02-19, 00:48:17, 23.57, 46.03
2019-02-19, 00:48:18, 23.58, 46.03
2019-02-19, 00:48:20, 23.58, 46.03
2019-02-19, 00:48:21, 23.59, 46.03
2019-02-19, 00:48:22, 23.58, 46.03
2019-02-19, 00:48:24, 23.59, 46.03
2019-02-19, 00:48:25, 23.57, 46.03
2019-02-19, 00:48:26, 23.58, 46.03
2019-02-19, 00:48:28, 23.58, 46.03
2019-02-19, 00:48:29, 23.58, 46.03
2019-02-19, 00:48:30, 23.58, 46.03
2019-02-19, 00:48:32, 23.58, 46.03
2019-02-19, 00:48:33, 23.58, 46.03
2019-02-19, 00:48:34, 23.58, 46.03
2019-02-19, 00:48:36, 23.58, 46.03
2019-02-19, 00:48:37, 23.59, 46.03
2019-02-19, 00:48:38, 23.58, 46.03
2019-02-19, 00:48:40, 23.59, 46.03
2019-02-19, 00:48:41, 23.58, 46.03
2019-02-19, 00:48:43, 23.58, 46.03
2019-02-19, 00:48:44, 23.58, 46.03
2019-02-19, 00:48:45, 23.57, 46.03
2019-02-19, 00:48:47, 23.57, 46.03
2019-02-19, 00:48:48, 23.57, 46.03
2019-02-19, 00:48:49, 23.58, 46.03
2019-02-19, 00:48:51, 23.57, 46.03
2019-02-19, 00:48:52, 23.58, 46.03
2019-02-19, 00:48:53, 23.57, 46.03
2019-02-19, 00:48:55, 23.57, 46.03
2019-02-19, 00:48:56, 23.57, 46.03
2019-02-19, 00:48:57, 23.57, 46.03
2019-02-19, 00:48:59, 23.57, 46.03
2019-02-19, 00:49:00, 23.58, 46.03
2019-02-19, 00:49:02, 23.44, 46.02
2019-02-19, 00:49:03, 23.53, 46.09
2019-02-19, 00:49:04, 23.54, 46.09
2019-02-19, 00:49:06, 23.55, 46.09
2019-02-19, 00:49:07, 23.57, 46.06
2019-02-19, 00:49:08, 23.56, 46.09
2019-02-19, 00:49:10, 23.56, 46.09
2019-02-19, 00:49:11, 23.57, 46.06
2019-02-19, 00:49:12, 23.56, 46.09
2019-02-19, 00:49:14, 23.57, 46.1
2019-02-19, 00:49:15, 23.57, 46.1
2019-02-19, 00:49:16, 23.57, 46.06
2019-02-19, 00:49:18, 23.58, 46.06
2019-02-19, 00:49:19, 23.58, 46.06
2019-02-19, 00:49:21, 23.57, 46.06
2019-02-19, 00:49:22, 23.58, 46.06
2019-02-19, 00:49:23, 23.58, 46.03
2019-02-19, 00:49:25, 23.56, 46.03
2019-02-19, 00:49:26, 23.56, 46.03
2019-02-19, 00:49:27, 23.56, 46.03
2019-02-19, 00:49:29, 23.57, 46.03
2019-02-19, 00:49:30, 23.57, 46.03
2019-02-19, 00:49:31, 23.42, 46.08
2019-02-19, 00:49:33, 23.52, 46.12
2019-02-19, 00:49:34, 23.54, 46.12
2019-02-19, 00:49:35, 23.55, 46.13
2019-02-19, 00:49:37, 23.55, 46.09
2019-02-19, 00:49:38, 23.55, 46.09
2019-02-19, 00:49:39, 23.56, 46.09
2019-02-19, 00:49:41, 23.57, 46.1
2019-02-19, 00:49:42, 23.55, 46.09
2019-02-19, 00:49:44, 23.57, 46.06
2019-02-19, 00:49:45, 23.57, 46.1
2019-02-19, 00:49:46, 23.57, 46.06
2019-02-19, 00:49:48, 23.58, 46.03
2019-02-19, 00:49:49, 23.57, 46.06
2019-02-19, 00:49:50, 23.58, 46.03
2019-02-19, 00:49:52, 23.57, 46.06
2019-02-19, 00:49:53, 23.57, 46.03
2019-02-19, 00:49:54, 23.57, 46.06
2019-02-19, 00:49:56, 23.57, 46.06
2019-02-19, 00:49:57, 23.57, 46.06
2019-02-19, 00:49:58, 23.56, 46.03
2019-02-19, 00:50:00, 23.56, 46.03
2019-02-19, 00:50:01, 23.4, 46.08
2019-02-19, 00:50:03, 23.52, 46.12
2019-02-19, 00:50:04, 23.54, 46.12
2019-02-19, 00:50:05, 23.54, 46.12
2019-02-19, 00:50:07, 23.56, 46.13
2019-02-19, 00:50:08, 23.56, 46.09
2019-02-19, 00:50:09, 23.57, 46.1
2019-02-19, 00:50:11, 23.56, 46.09
2019-02-19, 00:50:12, 23.56, 46.09
2019-02-19, 00:50:13, 23.57, 46.1
2019-02-19, 00:50:15, 23.57, 46.1
2019-02-19, 00:50:16, 23.57, 46.06
2019-02-19, 00:50:17, 23.58, 46.06
2019-02-19, 00:50:19, 23.56, 46.09
2019-02-19, 00:50:20, 23.58, 46.06
2019-02-19, 00:50:21, 23.58, 46.06
2019-02-19, 00:50:23, 23.58, 46.06
2019-02-19, 00:50:24, 23.58, 46.06
2019-02-19, 00:50:26, 23.58, 46.03
2019-02-19, 00:50:27, 23.58, 46.03
2019-02-19, 00:50:28, 23.57, 46.06
2019-02-19, 00:50:30, 23.56, 46.03
2019-02-19, 00:50:31, 23.56, 46.06
2019-02-19, 00:50:32, 23.58, 46.03
2019-02-19, 00:50:34, 23.57, 46.03
2019-02-19, 00:50:35, 23.58, 46.03
2019-02-19, 00:50:36, 23.58, 46.03
2019-02-19, 00:50:38, 23.56, 46.03
2019-02-19, 00:50:39, 23.58, 46.03
2019-02-19, 00:50:40, 23.57, 46.03
2019-02-19, 00:50:42, 23.56, 46.03
2019-02-19, 00:50:43, 23.56, 46.03
2019-02-19, 00:50:45, 23.57, 46.03
2019-02-19, 00:50:46, 23.57, 46.03
2019-02-19, 00:50:47, 23.58, 46.03
2019-02-19, 00:50:49, 23.59, 46.03
2019-02-19, 00:50:50, 23.58, 46.03
2019-02-19, 00:50:51, 23.57, 46.03
2019-02-19, 00:50:53, 23.58, 46.03
2019-02-19, 00:50:54, 23.56, 46.03
2019-02-19, 00:50:55, 23.56, 46.03
2019-02-19, 00:50:57, 23.57, 46.03
2019-02-19, 00:50:58, 23.58, 46.03
2019-02-19, 00:50:59, 23.58, 46.03
2019-02-19, 00:51:01, 23.58, 46.03
2019-02-19, 00:51:02, 23.57, 46.03
2019-02-19, 00:51:04, 23.58, 46.03
2019-02-19, 00:51:05, 23.58, 46.03
2019-02-19, 00:51:06, 23.58, 46.03
2019-02-19, 00:51:08, 23.57, 46.03
2019-02-19, 00:51:09, 23.57, 46.03
2019-02-19, 00:51:10, 23.57, 46.03
2019-02-19, 00:51:12, 23.57, 46.0
2019-02-19, 00:51:13, 23.57, 46.03
2019-02-19, 00:51:14, 23.58, 46.03
2019-02-19, 00:51:16, 23.58, 46.03
2019-02-19, 00:51:17, 23.57, 46.03
2019-02-19, 00:51:18, 23.58, 46.03
2019-02-19, 00:51:20, 23.58, 46.03
2019-02-19, 00:51:21, 23.58, 46.0
2019-02-19, 00:51:22, 23.57, 46.03
2019-02-19, 00:51:24, 23.56, 46.03
2019-02-19, 00:51:25, 23.57, 46.03
2019-02-19, 00:51:27, 23.56, 46.0
2019-02-19, 00:51:28, 23.56, 46.0
2019-02-19, 00:51:29, 23.54, 46.0
2019-02-19, 00:51:31, 23.56, 46.03
2019-02-19, 00:51:32, 23.57, 46.03
2019-02-19, 00:51:33, 23.58, 46.03
2019-02-19, 00:51:35, 23.56, 46.03
2019-02-19, 00:51:36, 23.57, 46.03
2019-02-19, 00:51:37, 23.56, 46.03
2019-02-19, 00:51:39, 23.58, 46.03
2019-02-19, 00:51:40, 23.58, 46.03
2019-02-19, 00:51:41, 23.58, 46.03
2019-02-19, 00:51:43, 23.58, 46.03
2019-02-19, 00:51:44, 23.57, 46.03
2019-02-19, 00:51:46, 23.58, 46.03
2019-02-19, 00:51:47, 23.58, 46.03
2019-02-19, 00:51:48, 23.58, 46.03
2019-02-19, 00:51:50, 23.57, 46.0
2019-02-19, 00:51:51, 23.58, 46.03
2019-02-19, 00:51:52, 23.58, 46.03
2019-02-19, 00:51:54, 23.58, 46.03
2019-02-19, 00:51:55, 23.6, 46.04
2019-02-19, 00:51:56, 23.59, 46.03
2019-02-19, 00:51:58, 23.58, 46.03
2019-02-19, 00:51:59, 23.52, 46.03
2019-02-19, 00:52:00, 23.56, 46.03
2019-02-19, 00:52:02, 23.58, 46.06
2019-02-19, 00:52:03, 23.58, 46.03
2019-02-19, 00:52:05, 23.58, 46.03
2019-02-19, 00:52:06, 23.57, 46.06
2019-02-19, 00:52:07, 23.58, 46.06
2019-02-19, 00:52:09, 23.58, 46.06
2019-02-19, 00:52:10, 23.58, 46.06
2019-02-19, 00:52:11, 23.59, 46.03
2019-02-19, 00:52:13, 23.59, 46.03
2019-02-19, 00:52:14, 23.59, 46.03
2019-02-19, 00:52:15, 23.59, 46.03
2019-02-19, 00:52:17, 23.59, 46.03
2019-02-19, 00:52:18, 23.59, 46.03
2019-02-19, 00:52:19, 23.59, 46.03
2019-02-19, 00:52:21, 23.58, 46.03
2019-02-19, 00:52:22, 23.56, 46.03
2019-02-19, 00:52:24, 23.59, 46.03
2019-02-19, 00:52:25, 23.57, 46.03
2019-02-19, 00:52:26, 23.58, 46.03
2019-02-19, 00:52:28, 23.58, 46.03
2019-02-19, 00:52:29, 23.48, 46.05
2019-02-19, 00:52:30, 23.55, 46.09
2019-02-19, 00:52:32, 23.56, 46.09
2019-02-19, 00:52:33, 23.58, 46.1
2019-02-19, 00:52:34, 23.58, 46.1
2019-02-19, 00:52:36, 23.58, 46.06
2019-02-19, 00:52:37, 23.58, 46.06
2019-02-19, 00:52:38, 23.58, 46.03
2019-02-19, 00:52:40, 23.58, 46.06
2019-02-19, 00:52:41, 23.56, 46.06
2019-02-19, 00:52:43, 23.57, 46.03
2019-02-19, 00:52:44, 23.57, 46.03
2019-02-19, 00:52:45, 23.57, 46.03
2019-02-19, 00:52:47, 23.57, 46.03
2019-02-19, 00:52:48, 23.58, 46.03
2019-02-19, 00:52:49, 23.58, 46.03
2019-02-19, 00:52:51, 23.57, 46.03
2019-02-19, 00:52:52, 23.58, 46.03
2019-02-19, 00:52:53, 23.58, 46.03
2019-02-19, 00:52:55, 23.58, 46.03
2019-02-19, 00:52:56, 23.57, 46.03
2019-02-19, 00:52:57, 23.58, 46.03
2019-02-19, 00:52:59, 23.56, 46.03
2019-02-19, 00:53:00, 23.56, 46.03
2019-02-19, 00:53:01, 23.56, 46.03
2019-02-19, 00:53:03, 23.56, 46.03
2019-02-19, 00:53:04, 23.57, 46.03
2019-02-19, 00:53:06, 23.56, 46.03
2019-02-19, 00:53:07, 23.57, 46.03
2019-02-19, 00:53:08, 23.57, 46.03
2019-02-19, 00:53:10, 23.57, 46.03
2019-02-19, 00:53:11, 23.56, 46.03
2019-02-19, 00:53:12, 23.56, 46.03
2019-02-19, 00:53:14, 23.56, 46.03
2019-02-19, 00:53:15, 23.56, 46.03
2019-02-19, 00:53:16, 23.57, 46.03
2019-02-19, 00:53:18, 23.56, 46.06
2019-02-19, 00:53:19, 23.56, 46.06
2019-02-19, 00:53:20, 23.56, 46.03
2019-02-19, 00:53:22, 23.56, 46.03
2019-02-19, 00:53:23, 23.56, 46.03
2019-02-19, 00:53:25, 23.56, 46.03
2019-02-19, 00:53:26, 23.56, 46.06
2019-02-19, 00:53:27, 23.56, 46.03
2019-02-19, 00:53:29, 23.45, 46.08
2019-02-19, 00:53:30, 23.53, 46.12
2019-02-19, 00:53:31, 23.54, 46.12
2019-02-19, 00:53:33, 23.54, 46.12
2019-02-19, 00:53:34, 23.55, 46.13
2019-02-19, 00:53:35, 23.56, 46.09
2019-02-19, 00:53:37, 23.56, 46.09
2019-02-19, 00:53:38, 23.56, 46.09
2019-02-19, 00:53:39, 23.56, 46.09
2019-02-19, 00:53:41, 23.56, 46.09
2019-02-19, 00:53:42, 23.56, 46.09
2019-02-19, 00:53:43, 23.58, 46.06
2019-02-19, 00:53:45, 23.57, 46.06
2019-02-19, 00:53:46, 23.57, 46.03
2019-02-19, 00:53:48, 23.58, 46.06
2019-02-19, 00:53:49, 23.56, 46.03
2019-02-19, 00:53:50, 23.56, 46.06
2019-02-19, 00:53:52, 23.56, 46.03
2019-02-19, 00:53:53, 23.58, 46.06
2019-02-19, 00:53:54, 23.58, 46.03
2019-02-19, 00:53:56, 23.56, 46.03
2019-02-19, 00:53:57, 23.57, 46.03
2019-02-19, 00:53:58, 23.57, 46.03
2019-02-19, 00:54:00, 23.56, 46.03
2019-02-19, 00:54:01, 23.57, 46.03
2019-02-19, 00:54:02, 23.56, 46.03
2019-02-19, 00:54:04, 23.56, 46.03
2019-02-19, 00:54:05, 23.56, 46.03
2019-02-19, 00:54:06, 23.57, 46.03
2019-02-19, 00:54:08, 23.57, 46.03
2019-02-19, 00:54:09, 23.57, 46.03
2019-02-19, 00:54:11, 23.58, 46.03
2019-02-19, 00:54:12, 23.58, 46.03
2019-02-19, 00:54:13, 23.56, 46.03
2019-02-19, 00:54:15, 23.57, 46.03
2019-02-19, 00:54:16, 23.57, 46.03
2019-02-19, 00:54:17, 23.58, 46.03
2019-02-19, 00:54:19, 23.58, 46.03
2019-02-19, 00:54:20, 23.57, 46.03
2019-02-19, 00:54:21, 23.58, 46.03
2019-02-19, 00:54:23, 23.57, 46.03
2019-02-19, 00:54:24, 23.58, 46.03
2019-02-19, 00:54:25, 23.58, 46.03
2019-02-19, 00:54:27, 23.57, 46.03
2019-02-19, 00:54:28, 23.43, 46.08
2019-02-19, 00:54:29, 23.53, 46.12
2019-02-19, 00:54:31, 23.54, 46.16
2019-02-19, 00:54:32, 23.56, 46.13
2019-02-19, 00:54:34, 23.56, 46.13
2019-02-19, 00:54:35, 23.56, 46.13
2019-02-19, 00:54:36, 23.56, 46.09
2019-02-19, 00:54:38, 23.57, 46.1
2019-02-19, 00:54:39, 23.57, 46.1
2019-02-19, 00:54:40, 23.57, 46.1
2019-02-19, 00:54:42, 23.57, 46.06
2019-02-19, 00:54:43, 23.57, 46.06
2019-02-19, 00:54:44, 23.58, 46.03
2019-02-19, 00:54:46, 23.58, 46.06
2019-02-19, 00:54:47, 23.58, 46.06
2019-02-19, 00:54:48, 23.57, 46.03
2019-02-19, 00:54:50, 23.58, 46.03
2019-02-19, 00:54:51, 23.58, 46.03
2019-02-19, 00:54:52, 23.57, 46.03
2019-02-19, 00:54:54, 23.58, 46.03
2019-02-19, 00:54:55, 23.57, 46.03
2019-02-19, 00:54:57, 23.59, 46.03
2019-02-19, 00:54:58, 23.56, 46.03
2019-02-19, 00:54:59, 23.58, 46.03
2019-02-19, 00:55:01, 23.57, 46.03
2019-02-19, 00:55:02, 23.56, 46.03
2019-02-19, 00:55:03, 23.57, 46.06
2019-02-19, 00:55:05, 23.58, 46.03
2019-02-19, 00:55:06, 23.57, 46.03
2019-02-19, 00:55:07, 23.58, 46.03
2019-02-19, 00:55:09, 23.58, 46.03
2019-02-19, 00:55:10, 23.57, 46.03
2019-02-19, 00:55:11, 23.58, 46.03
2019-02-19, 00:55:13, 23.57, 46.03
2019-02-19, 00:55:14, 23.57, 46.03
2019-02-19, 00:55:15, 23.58, 46.03
2019-02-19, 00:55:17, 23.58, 46.03
2019-02-19, 00:55:18, 23.58, 46.03
2019-02-19, 00:55:20, 23.59, 46.0
2019-02-19, 00:55:21, 23.59, 46.0
2019-02-19, 00:55:22, 23.58, 46.03
2019-02-19, 00:55:24, 23.58, 46.0
2019-02-19, 00:55:25, 23.58, 46.03
2019-02-19, 00:55:26, 23.59, 46.03
2019-02-19, 00:55:28, 23.58, 46.03
2019-02-19, 00:55:29, 23.59, 46.0
2019-02-19, 00:55:30, 23.6, 46.0
2019-02-19, 00:55:32, 23.6, 46.0
2019-02-19, 00:55:33, 23.6, 46.0
2019-02-19, 00:55:34, 23.59, 46.0
2019-02-19, 00:55:36, 23.6, 46.04
2019-02-19, 00:55:37, 23.58, 46.0
2019-02-19, 00:55:38, 23.59, 46.0
2019-02-19, 00:55:40, 23.6, 46.0
2019-02-19, 00:55:41, 23.58, 46.03
2019-02-19, 00:55:43, 23.57, 46.0
2019-02-19, 00:55:44, 23.58, 46.0
2019-02-19, 00:55:45, 23.58, 45.97
2019-02-19, 00:55:47, 23.6, 45.97
2019-02-19, 00:55:48, 23.59, 45.97
2019-02-19, 00:55:49, 23.6, 46.0
2019-02-19, 00:55:51, 23.6, 46.0
2019-02-19, 00:55:52, 23.6, 46.0
2019-02-19, 00:55:53, 23.6, 46.0
2019-02-19, 00:55:55, 23.59, 46.0
2019-02-19, 00:55:56, 23.59, 46.0
2019-02-19, 00:55:57, 23.58, 45.97
2019-02-19, 00:55:59, 23.6, 46.0
2019-02-19, 00:56:00, 23.6, 45.97
2019-02-19, 00:56:02, 23.54, 46.0
2019-02-19, 00:56:03, 23.6, 46.04
2019-02-19, 00:56:04, 23.59, 46.03
2019-02-19, 00:56:06, 23.6, 46.0
2019-02-19, 00:56:07, 23.59, 46.0
2019-02-19, 00:56:08, 23.6, 46.0
2019-02-19, 00:56:10, 23.59, 46.0
2019-02-19, 00:56:11, 23.58, 46.03
2019-02-19, 00:56:12, 23.58, 46.0
2019-02-19, 00:56:14, 23.59, 46.0
2019-02-19, 00:56:15, 23.6, 46.04
2019-02-19, 00:56:16, 23.59, 46.0
2019-02-19, 00:56:18, 23.6, 46.0
2019-02-19, 00:56:19, 23.6, 46.0
2019-02-19, 00:56:20, 23.6, 46.0
2019-02-19, 00:56:22, 23.59, 46.03
2019-02-19, 00:56:23, 23.59, 46.0
2019-02-19, 00:56:25, 23.6, 46.0
2019-02-19, 00:56:26, 23.6, 46.0
2019-02-19, 00:56:27, 23.6, 45.97
2019-02-19, 00:56:29, 23.6, 45.97
2019-02-19, 00:56:30, 23.6, 46.0
2019-02-19, 00:56:31, 23.61, 45.97
2019-02-19, 00:56:33, 23.6, 45.97
2019-02-19, 00:56:34, 23.6, 45.97
2019-02-19, 00:56:35, 23.61, 45.97
2019-02-19, 00:56:37, 23.6, 45.97
2019-02-19, 00:56:38, 23.6, 45.97
2019-02-19, 00:56:39, 23.61, 46.0
2019-02-19, 00:56:41, 23.6, 45.97
2019-02-19, 00:56:42, 23.6, 46.0
2019-02-19, 00:56:43, 23.59, 45.97
2019-02-19, 00:56:45, 23.59, 45.97
2019-02-19, 00:56:46, 23.6, 45.97
2019-02-19, 00:56:48, 23.6, 45.97
2019-02-19, 00:56:49, 23.6, 45.97
2019-02-19, 00:56:50, 23.61, 45.97
2019-02-19, 00:56:52, 23.61, 45.97
2019-02-19, 00:56:53, 23.61, 45.97
2019-02-19, 00:56:54, 23.62, 45.97
2019-02-19, 00:56:56, 23.61, 46.0
2019-02-19, 00:56:57, 23.61, 45.97
2019-02-19, 00:56:58, 23.62, 45.97
2019-02-19, 00:57:00, 23.62, 45.97
2019-02-19, 00:57:01, 23.61, 45.97
2019-02-19, 00:57:02, 23.62, 45.97
2019-02-19, 00:57:04, 23.62, 45.97
2019-02-19, 00:57:05, 23.62, 45.97
2019-02-19, 00:57:06, 23.62, 45.97
2019-02-19, 00:57:08, 23.62, 45.97
2019-02-19, 00:57:09, 23.61, 45.97
2019-02-19, 00:57:11, 23.6, 45.97
2019-02-19, 00:57:12, 23.62, 45.94
2019-02-19, 00:57:13, 23.61, 45.94
2019-02-19, 00:57:15, 23.62, 45.97
2019-02-19, 00:57:16, 23.61, 45.97
2019-02-19, 00:57:17, 23.62, 45.97
2019-02-19, 00:57:19, 23.62, 45.97
2019-02-19, 00:57:20, 23.62, 45.97
2019-02-19, 00:57:21, 23.62, 45.97
2019-02-19, 00:57:23, 23.62, 45.94
2019-02-19, 00:57:24, 23.62, 45.97
2019-02-19, 00:57:25, 23.56, 45.97
2019-02-19, 00:57:27, 23.61, 45.97
2019-02-19, 00:57:28, 23.61, 45.97
2019-02-19, 00:57:30, 23.62, 46.01
2019-02-19, 00:57:31, 23.61, 45.97
2019-02-19, 00:57:32, 23.62, 45.97
2019-02-19, 00:57:34, 23.63, 45.97
2019-02-19, 00:57:35, 23.63, 45.97
2019-02-19, 00:57:36, 23.63, 45.97
2019-02-19, 00:57:38, 23.62, 45.94
2019-02-19, 00:57:39, 23.62, 45.97
2019-02-19, 00:57:40, 23.63, 45.97
2019-02-19, 00:57:42, 23.62, 45.97
2019-02-19, 00:57:43, 23.61, 45.97
2019-02-19, 00:57:44, 23.63, 45.94
2019-02-19, 00:57:46, 23.63, 45.94
2019-02-19, 00:57:47, 23.63, 45.97
2019-02-19, 00:57:48, 23.62, 45.94
2019-02-19, 00:57:50, 23.61, 45.94
2019-02-19, 00:57:51, 23.62, 45.97
2019-02-19, 00:57:53, 23.61, 45.97
2019-02-19, 00:57:54, 23.62, 45.94
2019-02-19, 00:57:55, 23.63, 45.97
2019-02-19, 00:57:57, 23.63, 45.94
2019-02-19, 00:57:58, 23.63, 45.94
2019-02-19, 00:57:59, 23.63, 45.94
2019-02-19, 00:58:01, 23.63, 45.94
2019-02-19, 00:58:02, 23.62, 45.94
2019-02-19, 00:58:03, 23.63, 45.94
2019-02-19, 00:58:05, 23.63, 45.97
2019-02-19, 00:58:06, 23.62, 45.94
2019-02-19, 00:58:07, 23.63, 45.94
2019-02-19, 00:58:09, 23.63, 45.94
2019-02-19, 00:58:10, 23.62, 45.94
2019-02-19, 00:58:11, 23.61, 45.94
2019-02-19, 00:58:13, 23.62, 45.94
2019-02-19, 00:58:14, 23.62, 45.94
2019-02-19, 00:58:16, 23.62, 45.94
2019-02-19, 00:58:17, 23.62, 45.94
2019-02-19, 00:58:18, 23.6, 45.97
2019-02-19, 00:58:20, 23.6, 45.94
2019-02-19, 00:58:21, 23.61, 45.97
2019-02-19, 00:58:22, 23.62, 45.97
2019-02-19, 00:58:24, 23.62, 45.94
2019-02-19, 00:58:25, 23.52, 45.96
2019-02-19, 00:58:26, 23.6, 46.0
2019-02-19, 00:58:28, 23.61, 46.0
2019-02-19, 00:58:29, 23.62, 46.04
2019-02-19, 00:58:30, 23.62, 45.97
2019-02-19, 00:58:32, 23.62, 45.97
2019-02-19, 00:58:33, 23.61, 45.97
2019-02-19, 00:58:35, 23.62, 45.97
2019-02-19, 00:58:36, 23.62, 45.97
2019-02-19, 00:58:37, 23.62, 45.97
2019-02-19, 00:58:39, 23.6, 45.97
2019-02-19, 00:58:40, 23.6, 45.97
2019-02-19, 00:58:41, 23.6, 45.97
2019-02-19, 00:58:43, 23.61, 45.97
2019-02-19, 00:58:44, 23.62, 45.97
2019-02-19, 00:58:45, 23.61, 45.97
2019-02-19, 00:58:47, 23.61, 45.97
2019-02-19, 00:58:48, 23.61, 45.97
2019-02-19, 00:58:49, 23.62, 45.97
2019-02-19, 00:58:51, 23.62, 45.97
2019-02-19, 00:58:52, 23.62, 45.97
2019-02-19, 00:58:53, 23.62, 45.97
2019-02-19, 00:58:55, 23.62, 45.97
2019-02-19, 00:58:56, 23.62, 45.97
2019-02-19, 00:58:58, 23.63, 45.97
2019-02-19, 00:58:59, 23.62, 45.97
2019-02-19, 00:59:00, 23.62, 45.97
2019-02-19, 00:59:02, 23.63, 45.97
2019-02-19, 00:59:03, 23.62, 45.97
2019-02-19, 00:59:04, 23.62, 45.97
2019-02-19, 00:59:06, 23.62, 45.97
2019-02-19, 00:59:07, 23.63, 45.97
2019-02-19, 00:59:08, 23.62, 45.97
2019-02-19, 00:59:10, 23.64, 45.98
2019-02-19, 00:59:11, 23.62, 45.97
2019-02-19, 00:59:12, 23.63, 45.97
2019-02-19, 00:59:14, 23.63, 45.97
2019-02-19, 00:59:15, 23.64, 45.98
2019-02-19, 00:59:17, 23.63, 45.97
2019-02-19, 00:59:18, 23.64, 45.98
2019-02-19, 00:59:19, 23.63, 45.97
2019-02-19, 00:59:21, 23.64, 45.94
2019-02-19, 00:59:22, 23.62, 45.97
2019-02-19, 00:59:23, 23.64, 45.94
2019-02-19, 00:59:25, 23.63, 45.94
2019-02-19, 00:59:26, 23.64, 45.98
2019-02-19, 00:59:27, 23.64, 45.98
2019-02-19, 00:59:29, 23.64, 45.98
2019-02-19, 00:59:30, 23.64, 45.94
2019-02-19, 00:59:31, 23.64, 45.94
2019-02-19, 00:59:33, 23.64, 45.94
2019-02-19, 00:59:34, 23.64, 45.98
2019-02-19, 00:59:36, 23.64, 45.98
2019-02-19, 00:59:37, 23.64, 45.98
2019-02-19, 00:59:38, 23.63, 45.97
2019-02-19, 00:59:40, 23.64, 45.98
2019-02-19, 00:59:41, 23.64, 45.94
2019-02-19, 00:59:42, 23.63, 45.97
2019-02-19, 00:59:44, 23.62, 45.97
2019-02-19, 00:59:45, 23.63, 45.97
2019-02-19, 00:59:46, 23.61, 45.97
2019-02-19, 00:59:48, 23.64, 45.98
2019-02-19, 00:59:49, 23.63, 45.97
2019-02-19, 00:59:50, 23.63, 45.97
2019-02-19, 00:59:52, 23.62, 45.94
2019-02-19, 00:59:53, 23.64, 45.98
2019-02-19, 00:59:54, 23.47, 45.99
2019-02-19, 00:59:56, 23.58, 46.03
2019-02-19, 00:59:57, 23.6, 46.04
2019-02-19, 00:59:59, 23.61, 46.04
2019-02-19, 01:00:00, 23.6, 46.04
2019-02-19, 01:00:01, 23.6, 46.04
2019-02-19, 01:00:03, 23.63, 46.04
2019-02-19, 01:00:04, 23.62, 46.01
2019-02-19, 01:00:05, 23.62, 46.01
2019-02-19, 01:00:07, 23.63, 45.97
2019-02-19, 01:00:08, 23.63, 46.01
2019-02-19, 01:00:09, 23.63, 45.97
2019-02-19, 01:00:11, 23.62, 45.97
2019-02-19, 01:00:12, 23.63, 45.97
2019-02-19, 01:00:13, 23.63, 45.97
2019-02-19, 01:00:15, 23.64, 45.98
2019-02-19, 01:00:16, 23.64, 45.98
2019-02-19, 01:00:18, 23.64, 45.98
2019-02-19, 01:00:19, 23.64, 45.98
2019-02-19, 01:00:20, 23.64, 45.98
2019-02-19, 01:00:22, 23.64, 45.94
2019-02-19, 01:00:23, 23.64, 45.98
2019-02-19, 01:00:24, 23.63, 45.97
2019-02-19, 01:00:26, 23.65, 45.98
2019-02-19, 01:00:27, 23.64, 45.98
2019-02-19, 01:00:28, 23.59, 45.97
2019-02-19, 01:00:30, 23.63, 45.97
2019-02-19, 01:00:31, 23.64, 45.98
2019-02-19, 01:00:32, 23.64, 45.98
2019-02-19, 01:00:34, 23.64, 45.98
2019-02-19, 01:00:35, 23.65, 45.98
2019-02-19, 01:00:36, 23.64, 45.98
2019-02-19, 01:00:38, 23.63, 45.97
2019-02-19, 01:00:39, 23.64, 45.98
2019-02-19, 01:00:41, 23.64, 45.98
2019-02-19, 01:00:42, 23.64, 45.98
2019-02-19, 01:00:43, 23.63, 45.97
2019-02-19, 01:00:45, 23.64, 45.98
2019-02-19, 01:00:46, 23.65, 45.98
2019-02-19, 01:00:47, 23.65, 45.98
2019-02-19, 01:00:49, 23.64, 45.98
2019-02-19, 01:00:50, 23.65, 45.98
2019-02-19, 01:00:51, 23.64, 45.98
2019-02-19, 01:00:53, 23.64, 45.98
2019-02-19, 01:00:54, 23.64, 45.98
2019-02-19, 01:00:55, 23.65, 45.98
2019-02-19, 01:00:57, 23.65, 45.98
2019-02-19, 01:00:58, 23.57, 45.97
2019-02-19, 01:01:00, 23.63, 46.01
2019-02-19, 01:01:01, 23.65, 46.01
2019-02-19, 01:01:02, 23.64, 46.01
2019-02-19, 01:01:04, 23.64, 45.98
2019-02-19, 01:01:05, 23.64, 45.98
2019-02-19, 01:01:06, 23.64, 45.98
2019-02-19, 01:01:08, 23.64, 45.98
2019-02-19, 01:01:09, 23.64, 45.98
2019-02-19, 01:01:10, 23.63, 45.97
2019-02-19, 01:01:12, 23.64, 45.98
2019-02-19, 01:01:13, 23.65, 45.98
2019-02-19, 01:01:14, 23.64, 45.98
2019-02-19, 01:01:16, 23.62, 45.97
2019-02-19, 01:01:17, 23.64, 45.98
2019-02-19, 01:01:19, 23.62, 45.97
2019-02-19, 01:01:20, 23.64, 45.98
2019-02-19, 01:01:21, 23.65, 45.98
2019-02-19, 01:01:23, 23.63, 45.97
2019-02-19, 01:01:24, 23.64, 45.98
2019-02-19, 01:01:25, 23.63, 45.97
2019-02-19, 01:01:27, 23.64, 45.98
2019-02-19, 01:01:28, 23.52, 45.96
2019-02-19, 01:01:29, 23.61, 46.0
2019-02-19, 01:01:31, 23.61, 46.04
2019-02-19, 01:01:32, 23.61, 46.04
2019-02-19, 01:01:33, 23.63, 46.04
2019-02-19, 01:01:35, 23.62, 46.04
2019-02-19, 01:01:36, 23.62, 46.01
2019-02-19, 01:01:38, 23.63, 46.01
2019-02-19, 01:01:39, 23.63, 46.01
2019-02-19, 01:01:40, 23.64, 46.01
2019-02-19, 01:01:42, 23.64, 45.98
2019-02-19, 01:01:43, 23.64, 46.01
2019-02-19, 01:01:44, 23.63, 45.97
2019-02-19, 01:01:46, 23.64, 45.98
2019-02-19, 01:01:47, 23.64, 45.98
2019-02-19, 01:01:48, 23.64, 45.98
2019-02-19, 01:01:50, 23.64, 45.98
2019-02-19, 01:01:51, 23.65, 45.98
2019-02-19, 01:01:52, 23.61, 45.97
2019-02-19, 01:01:54, 23.62, 45.97
2019-02-19, 01:01:55, 23.64, 45.98
2019-02-19, 01:01:56, 23.64, 45.98
2019-02-19, 01:01:58, 23.63, 45.97
2019-02-19, 01:01:59, 23.64, 45.98
2019-02-19, 01:02:01, 23.64, 45.98
2019-02-19, 01:02:02, 23.64, 45.98
2019-02-19, 01:02:03, 23.65, 45.98
2019-02-19, 01:02:05, 23.64, 45.98
2019-02-19, 01:02:06, 23.64, 45.98
2019-02-19, 01:02:07, 23.65, 45.94
2019-02-19, 01:02:09, 23.64, 45.94
2019-02-19, 01:02:10, 23.65, 45.98
2019-02-19, 01:02:11, 23.63, 45.94
2019-02-19, 01:02:13, 23.64, 45.94
2019-02-19, 01:02:14, 23.64, 45.94
2019-02-19, 01:02:15, 23.64, 45.94
2019-02-19, 01:02:17, 23.64, 45.98
2019-02-19, 01:02:18, 23.64, 45.98
2019-02-19, 01:02:19, 23.64, 45.98
2019-02-19, 01:02:21, 23.64, 45.94
2019-02-19, 01:02:22, 23.65, 45.98
2019-02-19, 01:02:24, 23.64, 45.98
2019-02-19, 01:02:25, 23.64, 45.98
2019-02-19, 01:02:26, 23.64, 45.98
2019-02-19, 01:02:28, 23.53, 45.96
2019-02-19, 01:02:29, 23.61, 46.04
2019-02-19, 01:02:30, 23.63, 46.04
2019-02-19, 01:02:32, 23.63, 46.04
2019-02-19, 01:02:33, 23.62, 46.04
2019-02-19, 01:02:34, 23.62, 46.04
2019-02-19, 01:02:36, 23.63, 46.04
2019-02-19, 01:02:37, 23.62, 46.01
2019-02-19, 01:02:38, 23.63, 46.04
2019-02-19, 01:02:40, 23.64, 46.01
2019-02-19, 01:02:41, 23.64, 46.01
2019-02-19, 01:02:42, 23.64, 45.98
2019-02-19, 01:02:44, 23.63, 46.01
2019-02-19, 01:02:45, 23.64, 45.98
2019-02-19, 01:02:47, 23.65, 45.98
2019-02-19, 01:02:48, 23.64, 45.98
2019-02-19, 01:02:49, 23.64, 45.98
2019-02-19, 01:02:51, 23.65, 45.98
2019-02-19, 01:02:52, 23.54, 46.0
2019-02-19, 01:02:53, 23.62, 46.04
2019-02-19, 01:02:55, 23.62, 46.04
2019-02-19, 01:02:56, 23.64, 46.04
2019-02-19, 01:02:57, 23.65, 46.04
2019-02-19, 01:02:59, 23.64, 46.01
2019-02-19, 01:03:00, 23.65, 46.04
2019-02-19, 01:03:01, 23.64, 45.98
2019-02-19, 01:03:03, 23.64, 46.01
2019-02-19, 01:03:04, 23.64, 46.01
2019-02-19, 01:03:06, 23.62, 46.01
2019-02-19, 01:03:07, 23.65, 45.98
2019-02-19, 01:03:08, 23.64, 46.01
2019-02-19, 01:03:10, 23.64, 46.01
2019-02-19, 01:03:11, 23.63, 46.04
2019-02-19, 01:03:12, 23.63, 46.01
2019-02-19, 01:03:14, 23.62, 46.01
2019-02-19, 01:03:15, 23.64, 46.01
2019-02-19, 01:03:16, 23.64, 46.01
2019-02-19, 01:03:18, 23.64, 46.04
2019-02-19, 01:03:19, 23.64, 46.01
2019-02-19, 01:03:20, 23.64, 46.01
2019-02-19, 01:03:22, 23.52, 46.03
2019-02-19, 01:03:23, 23.62, 46.07
2019-02-19, 01:03:25, 23.64, 46.07
2019-02-19, 01:03:26, 23.63, 46.07
2019-02-19, 01:03:27, 23.64, 46.04
2019-02-19, 01:03:29, 23.64, 46.04
2019-02-19, 01:03:30, 23.65, 46.04
2019-02-19, 01:03:31, 23.65, 46.04
2019-02-19, 01:03:33, 23.65, 46.04
2019-02-19, 01:03:34, 23.64, 46.04
2019-02-19, 01:03:35, 23.64, 46.01
2019-02-19, 01:03:37, 23.64, 46.04
2019-02-19, 01:03:38, 23.64, 46.04
2019-02-19, 01:03:39, 23.64, 46.04
2019-02-19, 01:03:41, 23.65, 46.01
2019-02-19, 01:03:42, 23.64, 46.01
2019-02-19, 01:03:44, 23.64, 46.04
2019-02-19, 01:03:45, 23.64, 46.04
2019-02-19, 01:03:46, 23.63, 46.01
2019-02-19, 01:03:48, 23.64, 46.04
2019-02-19, 01:03:49, 23.63, 46.04
2019-02-19, 01:03:50, 23.63, 46.04
2019-02-19, 01:03:52, 23.63, 46.04
2019-02-19, 01:03:53, 23.63, 46.04
2019-02-19, 01:03:54, 23.64, 46.04
2019-02-19, 01:03:56, 23.64, 46.04
2019-02-19, 01:03:57, 23.64, 46.04
2019-02-19, 01:03:58, 23.64, 46.04
2019-02-19, 01:04:00, 23.64, 46.04
2019-02-19, 01:04:01, 23.65, 46.04
2019-02-19, 01:04:02, 23.64, 46.04
2019-02-19, 01:04:04, 23.64, 46.04
2019-02-19, 01:04:05, 23.64, 46.04
2019-02-19, 01:04:07, 23.64, 46.04
2019-02-19, 01:04:08, 23.64, 46.04
2019-02-19, 01:04:09, 23.64, 46.01
2019-02-19, 01:04:11, 23.64, 46.01
2019-02-19, 01:04:12, 23.65, 46.01
2019-02-19, 01:04:13, 23.64, 46.01
2019-02-19, 01:04:15, 23.65, 46.01
2019-02-19, 01:04:16, 23.64, 46.01
2019-02-19, 01:04:17, 23.64, 46.01
2019-02-19, 01:04:19, 23.65, 46.04
2019-02-19, 01:04:20, 23.66, 46.04
2019-02-19, 01:04:21, 23.65, 46.01
2019-02-19, 01:04:23, 23.65, 46.04
2019-02-19, 01:04:24, 23.64, 46.01
2019-02-19, 01:04:26, 23.65, 46.04
2019-02-19, 01:04:27, 23.64, 46.01
2019-02-19, 01:04:28, 23.65, 46.04
2019-02-19, 01:04:30, 23.64, 46.01
2019-02-19, 01:04:31, 23.64, 46.01
2019-02-19, 01:04:32, 23.64, 46.01
2019-02-19, 01:04:34, 23.64, 46.01
2019-02-19, 01:04:35, 23.65, 46.01
2019-02-19, 01:04:36, 23.64, 46.04
2019-02-19, 01:04:38, 23.64, 46.01
2019-02-19, 01:04:39, 23.64, 46.01
2019-02-19, 01:04:40, 23.64, 46.01
2019-02-19, 01:04:42, 23.65, 46.04
2019-02-19, 01:04:43, 23.65, 46.04
2019-02-19, 01:04:44, 23.64, 46.04
2019-02-19, 01:04:46, 23.66, 46.04
2019-02-19, 01:04:47, 23.65, 46.04
2019-02-19, 01:04:49, 23.66, 46.04
2019-02-19, 01:04:50, 23.65, 46.01
2019-02-19, 01:04:51, 23.64, 46.04
2019-02-19, 01:04:53, 23.66, 46.04
2019-02-19, 01:04:54, 23.66, 46.04
2019-02-19, 01:04:55, 23.66, 46.04
2019-02-19, 01:04:57, 23.66, 46.04
2019-02-19, 01:04:58, 23.65, 46.04
2019-02-19, 01:04:59, 23.64, 46.04
2019-02-19, 01:05:01, 23.66, 46.04
2019-02-19, 01:05:02, 23.65, 46.04
2019-02-19, 01:05:03, 23.65, 46.04
2019-02-19, 01:05:05, 23.66, 46.04
2019-02-19, 01:05:06, 23.66, 46.04
2019-02-19, 01:05:08, 23.64, 46.04
2019-02-19, 01:05:09, 23.65, 46.04
2019-02-19, 01:05:10, 23.65, 46.07
2019-02-19, 01:05:12, 23.64, 46.04
2019-02-19, 01:05:13, 23.65, 46.04
2019-02-19, 01:05:14, 23.64, 46.04
2019-02-19, 01:05:16, 23.65, 46.04
2019-02-19, 01:05:17, 23.65, 46.04
2019-02-19, 01:05:18, 23.64, 46.07
2019-02-19, 01:05:20, 23.64, 46.07
2019-02-19, 01:05:21, 23.64, 46.04
2019-02-19, 01:05:22, 23.65, 46.07
2019-02-19, 01:05:24, 23.65, 46.04
2019-02-19, 01:05:25, 23.66, 46.04
2019-02-19, 01:05:27, 23.66, 46.04
2019-02-19, 01:05:28, 23.66, 46.04
2019-02-19, 01:05:29, 23.65, 46.07
2019-02-19, 01:05:31, 23.65, 46.07
2019-02-19, 01:05:32, 23.66, 46.07
2019-02-19, 01:05:33, 23.64, 46.07
2019-02-19, 01:05:35, 23.63, 46.07
2019-02-19, 01:05:36, 23.64, 46.07
2019-02-19, 01:05:37, 23.64, 46.07
2019-02-19, 01:05:39, 23.64, 46.07
2019-02-19, 01:05:40, 23.64, 46.1
2019-02-19, 01:05:41, 23.64, 46.07
2019-02-19, 01:05:43, 23.62, 46.1
2019-02-19, 01:05:44, 23.63, 46.1
2019-02-19, 01:05:46, 23.64, 46.1
2019-02-19, 01:05:47, 23.63, 46.1
2019-02-19, 01:05:48, 23.64, 46.1
2019-02-19, 01:05:50, 23.63, 46.1
2019-02-19, 01:05:51, 23.63, 46.1
2019-02-19, 01:05:52, 23.63, 46.1
2019-02-19, 01:05:54, 23.64, 46.1
2019-02-19, 01:05:55, 23.64, 46.1
2019-02-19, 01:05:56, 23.64, 46.1
2019-02-19, 01:05:58, 23.63, 46.1
2019-02-19, 01:05:59, 23.64, 46.1
2019-02-19, 01:06:00, 23.64, 46.1
2019-02-19, 01:06:02, 23.64, 46.1
2019-02-19, 01:06:03, 23.64, 46.07
2019-02-19, 01:06:05, 23.64, 46.1
2019-02-19, 01:06:06, 23.64, 46.1
2019-02-19, 01:06:07, 23.64, 46.07
2019-02-19, 01:06:09, 23.65, 46.11
2019-02-19, 01:06:10, 23.64, 46.07
2019-02-19, 01:06:11, 23.64, 46.07
2019-02-19, 01:06:13, 23.63, 46.1
2019-02-19, 01:06:14, 23.65, 46.11
2019-02-19, 01:06:15, 23.63, 46.1
2019-02-19, 01:06:17, 23.66, 46.07
2019-02-19, 01:06:18, 23.64, 46.1
2019-02-19, 01:06:19, 23.64, 46.1
2019-02-19, 01:06:21, 23.64, 46.1
2019-02-19, 01:06:22, 23.64, 46.1
2019-02-19, 01:06:24, 23.63, 46.1
2019-02-19, 01:06:25, 23.65, 46.11
2019-02-19, 01:06:26, 23.64, 46.1
2019-02-19, 01:06:28, 23.64, 46.07
2019-02-19, 01:06:29, 23.63, 46.1
2019-02-19, 01:06:30, 23.63, 46.1
2019-02-19, 01:06:32, 23.63, 46.1
2019-02-19, 01:06:33, 23.62, 46.1
2019-02-19, 01:06:34, 23.64, 46.1
2019-02-19, 01:06:36, 23.64, 46.1
2019-02-19, 01:06:37, 23.66, 46.14
2019-02-19, 01:06:38, 23.64, 46.1
2019-02-19, 01:06:40, 23.66, 46.11
2019-02-19, 01:06:41, 23.64, 46.1
2019-02-19, 01:06:43, 23.64, 46.1
2019-02-19, 01:06:44, 23.64, 46.1
2019-02-19, 01:06:45, 23.64, 46.1
2019-02-19, 01:06:47, 23.65, 46.11
2019-02-19, 01:06:48, 23.64, 46.14
2019-02-19, 01:06:49, 23.65, 46.11
2019-02-19, 01:06:51, 23.64, 46.14
2019-02-19, 01:06:52, 23.64, 46.1
2019-02-19, 01:06:53, 23.64, 46.14
2019-02-19, 01:06:55, 23.64, 46.14
2019-02-19, 01:06:56, 23.65, 46.17
2019-02-19, 01:06:57, 23.65, 46.14
2019-02-19, 01:06:59, 23.65, 46.14
2019-02-19, 01:07:00, 23.64, 46.1
2019-02-19, 01:07:02, 23.64, 46.14
2019-02-19, 01:07:03, 23.64, 46.14
2019-02-19, 01:07:04, 23.64, 46.1
2019-02-19, 01:07:06, 23.64, 46.1
2019-02-19, 01:07:07, 23.64, 46.1
2019-02-19, 01:07:08, 23.64, 46.14
2019-02-19, 01:07:10, 23.64, 46.14
2019-02-19, 01:07:11, 23.64, 46.1
2019-02-19, 01:07:12, 23.64, 46.14
2019-02-19, 01:07:14, 23.63, 46.14
2019-02-19, 01:07:15, 23.65, 46.14
2019-02-19, 01:07:16, 23.64, 46.1
2019-02-19, 01:07:18, 23.65, 46.14
2019-02-19, 01:07:19, 23.54, 46.12
2019-02-19, 01:07:20, 23.61, 46.16
2019-02-19, 01:07:22, 23.63, 46.17
2019-02-19, 01:07:23, 23.62, 46.17
2019-02-19, 01:07:25, 23.63, 46.2
2019-02-19, 01:07:26, 23.62, 46.17
2019-02-19, 01:07:27, 23.62, 46.17
2019-02-19, 01:07:29, 23.62, 46.17
2019-02-19, 01:07:30, 23.63, 46.17
2019-02-19, 01:07:31, 23.63, 46.17
2019-02-19, 01:07:33, 23.64, 46.17
2019-02-19, 01:07:34, 23.63, 46.17
2019-02-19, 01:07:35, 23.63, 46.17
2019-02-19, 01:07:37, 23.64, 46.14
2019-02-19, 01:07:38, 23.64, 46.17
2019-02-19, 01:07:39, 23.63, 46.17
2019-02-19, 01:07:41, 23.62, 46.13
2019-02-19, 01:07:42, 23.62, 46.13
2019-02-19, 01:07:43, 23.62, 46.13
2019-02-19, 01:07:45, 23.63, 46.14
2019-02-19, 01:07:46, 23.62, 46.13
2019-02-19, 01:07:48, 23.64, 46.14
2019-02-19, 01:07:49, 23.62, 46.13
2019-02-19, 01:07:50, 23.64, 46.17
2019-02-19, 01:07:52, 23.63, 46.17
2019-02-19, 01:07:53, 23.63, 46.14
2019-02-19, 01:07:54, 23.63, 46.17
2019-02-19, 01:07:56, 23.63, 46.17
2019-02-19, 01:07:57, 23.63, 46.17
2019-02-19, 01:07:58, 23.62, 46.17
2019-02-19, 01:08:00, 23.63, 46.14
2019-02-19, 01:08:01, 23.62, 46.13
2019-02-19, 01:08:02, 23.61, 46.16
2019-02-19, 01:08:04, 23.62, 46.17
2019-02-19, 01:08:05, 23.61, 46.16
2019-02-19, 01:08:07, 23.62, 46.17
2019-02-19, 01:08:08, 23.63, 46.17
2019-02-19, 01:08:09, 23.63, 46.17
2019-02-19, 01:08:11, 23.62, 46.17
2019-02-19, 01:08:12, 23.62, 46.17
2019-02-19, 01:08:13, 23.64, 46.17
2019-02-19, 01:08:15, 23.62, 46.17
2019-02-19, 01:08:16, 23.63, 46.17
2019-02-19, 01:08:17, 23.64, 46.17
2019-02-19, 01:08:19, 23.49, 46.18
2019-02-19, 01:08:20, 23.58, 46.23
2019-02-19, 01:08:21, 23.6, 46.23
2019-02-19, 01:08:23, 23.58, 46.23
2019-02-19, 01:08:24, 23.61, 46.23
2019-02-19, 01:08:26, 23.61, 46.2
2019-02-19, 01:08:27, 23.62, 46.2
2019-02-19, 01:08:28, 23.6, 46.23
2019-02-19, 01:08:30, 23.62, 46.2
2019-02-19, 01:08:31, 23.62, 46.2
2019-02-19, 01:08:32, 23.62, 46.2
2019-02-19, 01:08:34, 23.62, 46.2
2019-02-19, 01:08:35, 23.62, 46.2
2019-02-19, 01:08:36, 23.62, 46.2
2019-02-19, 01:08:38, 23.62, 46.2
2019-02-19, 01:08:39, 23.61, 46.2
2019-02-19, 01:08:40, 23.62, 46.23
2019-02-19, 01:08:42, 23.62, 46.2
2019-02-19, 01:08:43, 23.62, 46.23
2019-02-19, 01:08:45, 23.63, 46.2
2019-02-19, 01:08:46, 23.62, 46.23
2019-02-19, 01:08:47, 23.62, 46.2
2019-02-19, 01:08:49, 23.45, 46.21
2019-02-19, 01:08:50, 23.58, 46.29
2019-02-19, 01:08:51, 23.59, 46.29
2019-02-19, 01:08:53, 23.6, 46.29
2019-02-19, 01:08:54, 23.61, 46.29
2019-02-19, 01:08:55, 23.59, 46.29
2019-02-19, 01:08:57, 23.61, 46.26
2019-02-19, 01:08:58, 23.62, 46.26
2019-02-19, 01:08:59, 23.6, 46.23
2019-02-19, 01:09:01, 23.61, 46.26
2019-02-19, 01:09:02, 23.6, 46.23
2019-02-19, 01:09:04, 23.62, 46.26
2019-02-19, 01:09:05, 23.62, 46.23
2019-02-19, 01:09:06, 23.6, 46.23
2019-02-19, 01:09:08, 23.61, 46.26
2019-02-19, 01:09:09, 23.62, 46.23
2019-02-19, 01:09:10, 23.61, 46.23
2019-02-19, 01:09:12, 23.61, 46.23
2019-02-19, 01:09:13, 23.62, 46.23
2019-02-19, 01:09:14, 23.62, 46.23
2019-02-19, 01:09:16, 23.6, 46.23
2019-02-19, 01:09:17, 23.6, 46.23
2019-02-19, 01:09:18, 23.61, 46.23
2019-02-19, 01:09:20, 23.61, 46.23
2019-02-19, 01:09:21, 23.62, 46.23
2019-02-19, 01:09:22, 23.62, 46.23
2019-02-19, 01:09:24, 23.62, 46.23
2019-02-19, 01:09:25, 23.61, 46.23
2019-02-19, 01:09:27, 23.62, 46.23
2019-02-19, 01:09:28, 23.61, 46.23
2019-02-19, 01:09:29, 23.62, 46.23
2019-02-19, 01:09:31, 23.62, 46.23
2019-02-19, 01:09:32, 23.61, 46.23
2019-02-19, 01:09:33, 23.6, 46.23
2019-02-19, 01:09:35, 23.6, 46.26
2019-02-19, 01:09:36, 23.61, 46.26
2019-02-19, 01:09:37, 23.61, 46.23
2019-02-19, 01:09:39, 23.61, 46.23
2019-02-19, 01:09:40, 23.6, 46.23
2019-02-19, 01:09:41, 23.61, 46.26
2019-02-19, 01:09:43, 23.59, 46.26
2019-02-19, 01:09:44, 23.58, 46.26
2019-02-19, 01:09:45, 23.6, 46.26
2019-02-19, 01:09:47, 23.59, 46.26
2019-02-19, 01:09:48, 23.6, 46.26
2019-02-19, 01:09:50, 23.6, 46.29
2019-02-19, 01:09:51, 23.6, 46.29
2019-02-19, 01:09:52, 23.59, 46.26
2019-02-19, 01:09:54, 23.6, 46.29
2019-02-19, 01:09:55, 23.59, 46.29
2019-02-19, 01:09:56, 23.58, 46.29
2019-02-19, 01:09:58, 23.61, 46.29
2019-02-19, 01:09:59, 23.6, 46.29
2019-02-19, 01:10:00, 23.59, 46.29
2019-02-19, 01:10:02, 23.59, 46.29
2019-02-19, 01:10:03, 23.61, 46.29
2019-02-19, 01:10:04, 23.6, 46.29
2019-02-19, 01:10:06, 23.6, 46.29
2019-02-19, 01:10:07, 23.59, 46.29
2019-02-19, 01:10:09, 23.6, 46.29
2019-02-19, 01:10:10, 23.6, 46.29
2019-02-19, 01:10:11, 23.6, 46.29
2019-02-19, 01:10:13, 23.61, 46.29
2019-02-19, 01:10:14, 23.6, 46.29
2019-02-19, 01:10:15, 23.58, 46.29
2019-02-19, 01:10:17, 23.59, 46.29
2019-02-19, 01:10:18, 23.6, 46.29
2019-02-19, 01:10:19, 23.6, 46.29
2019-02-19, 01:10:21, 23.6, 46.29
2019-02-19, 01:10:22, 23.6, 46.29
2019-02-19, 01:10:23, 23.6, 46.29
2019-02-19, 01:10:25, 23.6, 46.29
2019-02-19, 01:10:26, 23.58, 46.29
2019-02-19, 01:10:27, 23.58, 46.29
2019-02-19, 01:10:29, 23.59, 46.29
2019-02-19, 01:10:30, 23.6, 46.29
2019-02-19, 01:10:32, 23.6, 46.32
2019-02-19, 01:10:33, 23.6, 46.29
2019-02-19, 01:10:34, 23.59, 46.29
2019-02-19, 01:10:36, 23.6, 46.29
2019-02-19, 01:10:37, 23.6, 46.32
2019-02-19, 01:10:38, 23.6, 46.29
2019-02-19, 01:10:40, 23.6, 46.32
2019-02-19, 01:10:41, 23.6, 46.32
2019-02-19, 01:10:42, 23.6, 46.32
2019-02-19, 01:10:44, 23.6, 46.32
2019-02-19, 01:10:45, 23.6, 46.32
2019-02-19, 01:10:46, 23.58, 46.32
2019-02-19, 01:10:48, 23.6, 46.32
2019-02-19, 01:10:49, 23.61, 46.33
2019-02-19, 01:10:50, 23.6, 46.36
2019-02-19, 01:10:52, 23.62, 46.33
2019-02-19, 01:10:53, 23.62, 46.33
2019-02-19, 01:10:55, 23.61, 46.36
2019-02-19, 01:10:56, 23.61, 46.33
2019-02-19, 01:10:57, 23.6, 46.32
2019-02-19, 01:10:59, 23.6, 46.32
2019-02-19, 01:11:00, 23.61, 46.33
2019-02-19, 01:11:01, 23.6, 46.32
2019-02-19, 01:11:03, 23.6, 46.32
2019-02-19, 01:11:04, 23.6, 46.29
2019-02-19, 01:11:05, 23.61, 46.33
2019-02-19, 01:11:07, 23.61, 46.36
2019-02-19, 01:11:08, 23.6, 46.32
2019-02-19, 01:11:09, 23.6, 46.32
2019-02-19, 01:11:11, 23.59, 46.32
2019-02-19, 01:11:12, 23.6, 46.32
2019-02-19, 01:11:13, 23.59, 46.32
2019-02-19, 01:11:15, 23.59, 46.32
2019-02-19, 01:11:16, 23.61, 46.33
2019-02-19, 01:11:18, 23.6, 46.29
2019-02-19, 01:11:19, 23.61, 46.33
2019-02-19, 01:11:20, 23.59, 46.32
2019-02-19, 01:11:22, 23.6, 46.36
2019-02-19, 01:11:23, 23.6, 46.32
2019-02-19, 01:11:24, 23.6, 46.36
2019-02-19, 01:11:26, 23.6, 46.36
2019-02-19, 01:11:27, 23.59, 46.36
2019-02-19, 01:11:28, 23.6, 46.36
2019-02-19, 01:11:30, 23.59, 46.36
2019-02-19, 01:11:31, 23.6, 46.36
2019-02-19, 01:11:32, 23.58, 46.35
2019-02-19, 01:11:34, 23.6, 46.36
2019-02-19, 01:11:35, 23.59, 46.36
2019-02-19, 01:11:36, 23.59, 46.36
2019-02-19, 01:11:38, 23.6, 46.36
2019-02-19, 01:11:39, 23.6, 46.36
2019-02-19, 01:11:41, 23.59, 46.36
2019-02-19, 01:11:42, 23.59, 46.36
2019-02-19, 01:11:43, 23.58, 46.35
2019-02-19, 01:11:45, 23.59, 46.36
2019-02-19, 01:11:46, 23.58, 46.35
2019-02-19, 01:11:47, 23.58, 46.35
2019-02-19, 01:11:49, 23.58, 46.35
2019-02-19, 01:11:50, 23.58, 46.35
2019-02-19, 01:11:51, 23.59, 46.39
2019-02-19, 01:11:53, 23.59, 46.36
2019-02-19, 01:11:54, 23.6, 46.36
2019-02-19, 01:11:55, 23.6, 46.36
2019-02-19, 01:11:57, 23.59, 46.36
2019-02-19, 01:11:58, 23.58, 46.35
2019-02-19, 01:11:59, 23.59, 46.36
2019-02-19, 01:12:01, 23.58, 46.35
2019-02-19, 01:12:02, 23.59, 46.36
2019-02-19, 01:12:04, 23.58, 46.35
2019-02-19, 01:12:05, 23.59, 46.36
2019-02-19, 01:12:06, 23.58, 46.39
2019-02-19, 01:12:08, 23.58, 46.35
2019-02-19, 01:12:09, 23.58, 46.35
2019-02-19, 01:12:10, 23.58, 46.39
2019-02-19, 01:12:12, 23.58, 46.35
2019-02-19, 01:12:13, 23.59, 46.36
2019-02-19, 01:12:14, 23.59, 46.36
2019-02-19, 01:12:16, 23.59, 46.36
2019-02-19, 01:12:17, 23.58, 46.35
2019-02-19, 01:12:18, 23.58, 46.35
2019-02-19, 01:12:20, 23.57, 46.38
2019-02-19, 01:12:21, 23.58, 46.39
2019-02-19, 01:12:23, 23.58, 46.39
2019-02-19, 01:12:24, 23.57, 46.42
2019-02-19, 01:12:25, 23.58, 46.42
2019-02-19, 01:12:27, 23.58, 46.39
2019-02-19, 01:12:28, 23.57, 46.42
2019-02-19, 01:12:29, 23.57, 46.42
2019-02-19, 01:12:31, 23.56, 46.42
2019-02-19, 01:12:32, 23.56, 46.42
2019-02-19, 01:12:33, 23.56, 46.42
2019-02-19, 01:12:35, 23.57, 46.42
2019-02-19, 01:12:36, 23.58, 46.42
2019-02-19, 01:12:37, 23.58, 46.42
2019-02-19, 01:12:39, 23.57, 46.42
2019-02-19, 01:12:40, 23.58, 46.42
2019-02-19, 01:12:42, 23.56, 46.42
2019-02-19, 01:12:43, 23.58, 46.42
2019-02-19, 01:12:44, 23.58, 46.42
2019-02-19, 01:12:46, 23.58, 46.42
2019-02-19, 01:12:47, 23.58, 46.42
2019-02-19, 01:12:48, 23.57, 46.42
2019-02-19, 01:12:50, 23.58, 46.42
2019-02-19, 01:12:51, 23.58, 46.42
2019-02-19, 01:12:52, 23.59, 46.45
2019-02-19, 01:12:54, 23.59, 46.42
2019-02-19, 01:12:55, 23.58, 46.42
2019-02-19, 01:12:56, 23.58, 46.42
2019-02-19, 01:12:58, 23.57, 46.42
2019-02-19, 01:12:59, 23.57, 46.42
2019-02-19, 01:13:01, 23.58, 46.42
2019-02-19, 01:13:02, 23.57, 46.42
2019-02-19, 01:13:03, 23.58, 46.42
2019-02-19, 01:13:05, 23.58, 46.42
2019-02-19, 01:13:06, 23.58, 46.42
2019-02-19, 01:13:07, 23.57, 46.42
2019-02-19, 01:13:09, 23.58, 46.42
2019-02-19, 01:13:10, 23.57, 46.42
2019-02-19, 01:13:11, 23.58, 46.42
2019-02-19, 01:13:13, 23.58, 46.42
2019-02-19, 01:13:14, 23.58, 46.42
2019-02-19, 01:13:15, 23.43, 46.43
2019-02-19, 01:13:17, 23.54, 46.48
2019-02-19, 01:13:18, 23.56, 46.48
2019-02-19, 01:13:20, 23.56, 46.51
2019-02-19, 01:13:21, 23.56, 46.48
2019-02-19, 01:13:22, 23.57, 46.48
2019-02-19, 01:13:24, 23.56, 46.48
2019-02-19, 01:13:25, 23.58, 46.45
2019-02-19, 01:13:26, 23.57, 46.48
2019-02-19, 01:13:28, 23.57, 46.45
2019-02-19, 01:13:29, 23.58, 46.42
2019-02-19, 01:13:30, 23.57, 46.45
2019-02-19, 01:13:32, 23.56, 46.45
2019-02-19, 01:13:33, 23.57, 46.45
2019-02-19, 01:13:34, 23.57, 46.45
2019-02-19, 01:13:36, 23.58, 46.45
2019-02-19, 01:13:37, 23.56, 46.45
2019-02-19, 01:13:38, 23.58, 46.45
2019-02-19, 01:13:40, 23.58, 46.45
2019-02-19, 01:13:41, 23.58, 46.48
2019-02-19, 01:13:43, 23.57, 46.45
2019-02-19, 01:13:44, 23.59, 46.45
2019-02-19, 01:13:45, 23.41, 46.49
2019-02-19, 01:13:47, 23.52, 46.57
2019-02-19, 01:13:48, 23.56, 46.58
2019-02-19, 01:13:49, 23.55, 46.57
2019-02-19, 01:13:51, 23.55, 46.54
2019-02-19, 01:13:52, 23.57, 46.55
2019-02-19, 01:13:53, 23.57, 46.55
2019-02-19, 01:13:55, 23.56, 46.54
2019-02-19, 01:13:56, 23.56, 46.51
2019-02-19, 01:13:57, 23.56, 46.51
2019-02-19, 01:13:59, 23.56, 46.51
2019-02-19, 01:14:00, 23.57, 46.55
2019-02-19, 01:14:02, 23.55, 46.51
2019-02-19, 01:14:03, 23.57, 46.51
2019-02-19, 01:14:04, 23.57, 46.51
2019-02-19, 01:14:06, 23.56, 46.51
2019-02-19, 01:14:07, 23.57, 46.51
2019-02-19, 01:14:08, 23.57, 46.48
2019-02-19, 01:14:10, 23.57, 46.51
2019-02-19, 01:14:11, 23.57, 46.51
2019-02-19, 01:14:12, 23.57, 46.48
2019-02-19, 01:14:14, 23.57, 46.48
2019-02-19, 01:14:15, 23.57, 46.48
2019-02-19, 01:14:16, 23.57, 46.48
2019-02-19, 01:14:18, 23.56, 46.51
2019-02-19, 01:14:19, 23.57, 46.48
2019-02-19, 01:14:20, 23.56, 46.48
2019-02-19, 01:14:22, 23.58, 46.48
2019-02-19, 01:14:23, 23.56, 46.48
2019-02-19, 01:14:25, 23.58, 46.48
2019-02-19, 01:14:26, 23.56, 46.51
2019-02-19, 01:14:27, 23.57, 46.51
2019-02-19, 01:14:29, 23.58, 46.48
2019-02-19, 01:14:30, 23.58, 46.51
2019-02-19, 01:14:31, 23.56, 46.48
2019-02-19, 01:14:33, 23.56, 46.51
2019-02-19, 01:14:34, 23.57, 46.51
2019-02-19, 01:14:35, 23.59, 46.48
2019-02-19, 01:14:37, 23.57, 46.48
2019-02-19, 01:14:38, 23.58, 46.48
2019-02-19, 01:14:39, 23.56, 46.48
2019-02-19, 01:14:41, 23.56, 46.48
2019-02-19, 01:14:42, 23.57, 46.48
2019-02-19, 01:14:43, 23.56, 46.48
2019-02-19, 01:14:45, 23.58, 46.48
2019-02-19, 01:14:46, 23.56, 46.48
2019-02-19, 01:14:48, 23.57, 46.48
2019-02-19, 01:14:49, 23.56, 46.48
2019-02-19, 01:14:50, 23.56, 46.48
2019-02-19, 01:14:52, 23.56, 46.48
2019-02-19, 01:14:53, 23.56, 46.48
2019-02-19, 01:14:54, 23.56, 46.48
2019-02-19, 01:14:56, 23.57, 46.48
2019-02-19, 01:14:57, 23.56, 46.48
2019-02-19, 01:14:58, 23.57, 46.51
2019-02-19, 01:15:00, 23.57, 46.48
2019-02-19, 01:15:01, 23.57, 46.48
2019-02-19, 01:15:02, 23.59, 46.48
2019-02-19, 01:15:04, 23.58, 46.48
2019-02-19, 01:15:05, 23.57, 46.48
2019-02-19, 01:15:06, 23.58, 46.48
2019-02-19, 01:15:08, 23.57, 46.45
2019-02-19, 01:15:09, 23.57, 46.48
2019-02-19, 01:15:11, 23.58, 46.48
2019-02-19, 01:15:12, 23.57, 46.48
2019-02-19, 01:15:13, 23.58, 46.48
2019-02-19, 01:15:15, 23.56, 46.45
2019-02-19, 01:15:16, 23.57, 46.48
2019-02-19, 01:15:17, 23.59, 46.48
2019-02-19, 01:15:19, 23.58, 46.48
2019-02-19, 01:15:20, 23.56, 46.48
2019-02-19, 01:15:21, 23.57, 46.48
2019-02-19, 01:15:23, 23.58, 46.48
2019-02-19, 01:15:24, 23.58, 46.48
2019-02-19, 01:15:25, 23.58, 46.48
2019-02-19, 01:15:27, 23.59, 46.48
2019-02-19, 01:15:28, 23.58, 46.48
2019-02-19, 01:15:29, 23.57, 46.48
2019-02-19, 01:15:31, 23.58, 46.48
2019-02-19, 01:15:32, 23.58, 46.48
2019-02-19, 01:15:34, 23.58, 46.48
2019-02-19, 01:15:35, 23.59, 46.48
2019-02-19, 01:15:36, 23.59, 46.52
2019-02-19, 01:15:38, 23.58, 46.51
2019-02-19, 01:15:39, 23.58, 46.51
2019-02-19, 01:15:40, 23.58, 46.48
2019-02-19, 01:15:42, 23.58, 46.51
2019-02-19, 01:15:43, 23.58, 46.48
2019-02-19, 01:15:44, 23.58, 46.48
2019-02-19, 01:15:46, 23.58, 46.48
2019-02-19, 01:15:47, 23.57, 46.48
2019-02-19, 01:15:48, 23.47, 46.5
2019-02-19, 01:15:50, 23.54, 46.54
2019-02-19, 01:15:51, 23.55, 46.54
2019-02-19, 01:15:52, 23.56, 46.54
2019-02-19, 01:15:54, 23.54, 46.54
2019-02-19, 01:15:55, 23.57, 46.55
2019-02-19, 01:15:57, 23.56, 46.54
2019-02-19, 01:15:58, 23.57, 46.55
2019-02-19, 01:15:59, 23.56, 46.54
2019-02-19, 01:16:01, 23.58, 46.55
2019-02-19, 01:16:02, 23.57, 46.55
2019-02-19, 01:16:03, 23.57, 46.51
2019-02-19, 01:16:05, 23.57, 46.51
2019-02-19, 01:16:06, 23.57, 46.55
2019-02-19, 01:16:07, 23.56, 46.51
2019-02-19, 01:16:09, 23.58, 46.51
2019-02-19, 01:16:10, 23.57, 46.55
2019-02-19, 01:16:11, 23.58, 46.55
2019-02-19, 01:16:13, 23.53, 46.54
2019-02-19, 01:16:14, 23.57, 46.55
2019-02-19, 01:16:16, 23.57, 46.55
2019-02-19, 01:16:17, 23.57, 46.55
2019-02-19, 01:16:18, 23.58, 46.55
2019-02-19, 01:16:20, 23.57, 46.55
2019-02-19, 01:16:21, 23.57, 46.55
2019-02-19, 01:16:22, 23.57, 46.55
2019-02-19, 01:16:24, 23.56, 46.54
2019-02-19, 01:16:25, 23.58, 46.55
2019-02-19, 01:16:26, 23.56, 46.54
2019-02-19, 01:16:28, 23.56, 46.51
2019-02-19, 01:16:29, 23.56, 46.54
2019-02-19, 01:16:30, 23.57, 46.55
2019-02-19, 01:16:32, 23.57, 46.55
2019-02-19, 01:16:33, 23.57, 46.55
2019-02-19, 01:16:34, 23.57, 46.55
2019-02-19, 01:16:36, 23.56, 46.54
2019-02-19, 01:16:37, 23.58, 46.55
2019-02-19, 01:16:39, 23.57, 46.55
2019-02-19, 01:16:40, 23.57, 46.55
2019-02-19, 01:16:41, 23.57, 46.55
2019-02-19, 01:16:43, 23.48, 46.53
2019-02-19, 01:16:44, 23.54, 46.57
2019-02-19, 01:16:45, 23.55, 46.57
2019-02-19, 01:16:47, 23.55, 46.57
2019-02-19, 01:16:48, 23.55, 46.54
2019-02-19, 01:16:49, 23.54, 46.57
2019-02-19, 01:16:51, 23.54, 46.54
2019-02-19, 01:16:52, 23.55, 46.57
2019-02-19, 01:16:53, 23.55, 46.57
2019-02-19, 01:16:55, 23.56, 46.54
2019-02-19, 01:16:56, 23.56, 46.54
2019-02-19, 01:16:57, 23.57, 46.55
2019-02-19, 01:16:59, 23.57, 46.55
2019-02-19, 01:17:00, 23.57, 46.58
2019-02-19, 01:17:02, 23.56, 46.54
2019-02-19, 01:17:03, 23.57, 46.55
2019-02-19, 01:17:04, 23.56, 46.54
2019-02-19, 01:17:06, 23.56, 46.54
2019-02-19, 01:17:07, 23.57, 46.55
2019-02-19, 01:17:08, 23.56, 46.54
2019-02-19, 01:17:10, 23.57, 46.55
2019-02-19, 01:17:11, 23.56, 46.54
2019-02-19, 01:17:12, 23.56, 46.54
2019-02-19, 01:17:14, 23.56, 46.54
2019-02-19, 01:17:15, 23.56, 46.54
2019-02-19, 01:17:16, 23.56, 46.54
2019-02-19, 01:17:18, 23.56, 46.54
2019-02-19, 01:17:19, 23.57, 46.55
2019-02-19, 01:17:20, 23.57, 46.55
2019-02-19, 01:17:22, 23.57, 46.55
2019-02-19, 01:17:23, 23.56, 46.54
2019-02-19, 01:17:25, 23.57, 46.55
2019-02-19, 01:17:26, 23.56, 46.54
2019-02-19, 01:17:27, 23.56, 46.54
2019-02-19, 01:17:29, 23.57, 46.55
2019-02-19, 01:17:30, 23.58, 46.55
2019-02-19, 01:17:31, 23.57, 46.55
2019-02-19, 01:17:33, 23.58, 46.58
2019-02-19, 01:17:34, 23.57, 46.55
2019-02-19, 01:17:35, 23.57, 46.55
2019-02-19, 01:17:37, 23.57, 46.55
2019-02-19, 01:17:38, 23.56, 46.54
2019-02-19, 01:17:39, 23.57, 46.55
2019-02-19, 01:17:41, 23.56, 46.58
2019-02-19, 01:17:42, 23.56, 46.58
2019-02-19, 01:17:44, 23.56, 46.54
2019-02-19, 01:17:45, 23.56, 46.54
2019-02-19, 01:17:46, 23.55, 46.54
2019-02-19, 01:17:48, 23.56, 46.58
2019-02-19, 01:17:49, 23.56, 46.58
2019-02-19, 01:17:50, 23.56, 46.54
2019-02-19, 01:17:52, 23.56, 46.54
2019-02-19, 01:17:53, 23.56, 46.54
2019-02-19, 01:17:54, 23.56, 46.54
2019-02-19, 01:17:56, 23.55, 46.54
2019-02-19, 01:17:57, 23.56, 46.54
2019-02-19, 01:17:58, 23.56, 46.54
2019-02-19, 01:18:00, 23.55, 46.54
2019-02-19, 01:18:01, 23.55, 46.54
2019-02-19, 01:18:02, 23.56, 46.58
2019-02-19, 01:18:04, 23.56, 46.54
2019-02-19, 01:18:05, 23.57, 46.58
2019-02-19, 01:18:07, 23.56, 46.54
2019-02-19, 01:18:08, 23.56, 46.54
2019-02-19, 01:18:09, 23.56, 46.54
2019-02-19, 01:18:11, 23.56, 46.58
2019-02-19, 01:18:12, 23.44, 46.56
2019-02-19, 01:18:13, 23.52, 46.6
2019-02-19, 01:18:15, 23.55, 46.61
2019-02-19, 01:18:16, 23.55, 46.61
2019-02-19, 01:18:17, 23.55, 46.61
2019-02-19, 01:18:19, 23.52, 46.6
2019-02-19, 01:18:20, 23.56, 46.61
2019-02-19, 01:18:22, 23.56, 46.61
2019-02-19, 01:18:23, 23.55, 46.61
2019-02-19, 01:18:24, 23.56, 46.61
2019-02-19, 01:18:26, 23.56, 46.61
2019-02-19, 01:18:27, 23.58, 46.61
2019-02-19, 01:18:28, 23.57, 46.61
2019-02-19, 01:18:30, 23.58, 46.58
2019-02-19, 01:18:31, 23.58, 46.58
2019-02-19, 01:18:32, 23.58, 46.61
2019-02-19, 01:18:34, 23.56, 46.61
2019-02-19, 01:18:35, 23.56, 46.61
2019-02-19, 01:18:36, 23.56, 46.61
2019-02-19, 01:18:38, 23.56, 46.61
2019-02-19, 01:18:39, 23.57, 46.61
2019-02-19, 01:18:40, 23.58, 46.61
2019-02-19, 01:18:42, 23.44, 46.63
2019-02-19, 01:18:43, 23.54, 46.67
2019-02-19, 01:18:45, 23.55, 46.67
2019-02-19, 01:18:46, 23.56, 46.64
2019-02-19, 01:18:47, 23.56, 46.67
2019-02-19, 01:18:49, 23.56, 46.67
2019-02-19, 01:18:50, 23.57, 46.64
2019-02-19, 01:18:51, 23.58, 46.64
2019-02-19, 01:18:53, 23.57, 46.61
2019-02-19, 01:18:54, 23.58, 46.61
2019-02-19, 01:18:55, 23.58, 46.61
2019-02-19, 01:18:57, 23.58, 46.61
2019-02-19, 01:18:58, 23.56, 46.61
2019-02-19, 01:18:59, 23.56, 46.61
2019-02-19, 01:19:01, 23.56, 46.61
2019-02-19, 01:19:02, 23.56, 46.61
2019-02-19, 01:19:03, 23.56, 46.61
2019-02-19, 01:19:05, 23.56, 46.61
2019-02-19, 01:19:06, 23.57, 46.61
2019-02-19, 01:19:08, 23.57, 46.61
2019-02-19, 01:19:09, 23.58, 46.61
2019-02-19, 01:19:10, 23.58, 46.61
2019-02-19, 01:19:12, 23.42, 46.62
2019-02-19, 01:19:13, 23.52, 46.67
2019-02-19, 01:19:14, 23.55, 46.67
2019-02-19, 01:19:16, 23.55, 46.67
2019-02-19, 01:19:17, 23.56, 46.64
2019-02-19, 01:19:18, 23.56, 46.64
2019-02-19, 01:19:20, 23.55, 46.64
2019-02-19, 01:19:21, 23.56, 46.64
2019-02-19, 01:19:22, 23.56, 46.64
2019-02-19, 01:19:24, 23.57, 46.61
2019-02-19, 01:19:25, 23.57, 46.61
2019-02-19, 01:19:26, 23.58, 46.61
2019-02-19, 01:19:28, 23.57, 46.61
2019-02-19, 01:19:29, 23.58, 46.61
2019-02-19, 01:19:31, 23.59, 46.61
2019-02-19, 01:19:32, 23.58, 46.61
2019-02-19, 01:19:33, 23.58, 46.61
2019-02-19, 01:19:35, 23.59, 46.61
2019-02-19, 01:19:36, 23.58, 46.61
2019-02-19, 01:19:37, 23.58, 46.61
2019-02-19, 01:19:39, 23.58, 46.61
2019-02-19, 01:19:40, 23.59, 46.58
2019-02-19, 01:19:41, 23.41, 46.62
2019-02-19, 01:19:43, 23.52, 46.67
2019-02-19, 01:19:44, 23.55, 46.7
2019-02-19, 01:19:45, 23.53, 46.7
2019-02-19, 01:19:47, 23.55, 46.7
2019-02-19, 01:19:48, 23.56, 46.67
2019-02-19, 01:19:49, 23.56, 46.67
2019-02-19, 01:19:51, 23.56, 46.67
2019-02-19, 01:19:52, 23.56, 46.67
2019-02-19, 01:19:54, 23.56, 46.67
2019-02-19, 01:19:55, 23.56, 46.64
2019-02-19, 01:19:56, 23.57, 46.67
2019-02-19, 01:19:58, 23.57, 46.64
2019-02-19, 01:19:59, 23.57, 46.64
2019-02-19, 01:20:00, 23.58, 46.61
2019-02-19, 01:20:02, 23.58, 46.61
2019-02-19, 01:20:03, 23.57, 46.61
2019-02-19, 01:20:04, 23.57, 46.61
2019-02-19, 01:20:06, 23.56, 46.61
2019-02-19, 01:20:07, 23.58, 46.61
2019-02-19, 01:20:08, 23.59, 46.61
2019-02-19, 01:20:10, 23.59, 46.61
2019-02-19, 01:20:11, 23.58, 46.61
2019-02-19, 01:20:13, 23.58, 46.61
2019-02-19, 01:20:14, 23.58, 46.61
2019-02-19, 01:20:15, 23.57, 46.61
2019-02-19, 01:20:17, 23.56, 46.61
2019-02-19, 01:20:18, 23.56, 46.61
2019-02-19, 01:20:19, 23.56, 46.61
2019-02-19, 01:20:21, 23.57, 46.61
2019-02-19, 01:20:22, 23.57, 46.61
2019-02-19, 01:20:23, 23.56, 46.61
2019-02-19, 01:20:25, 23.57, 46.61
2019-02-19, 01:20:26, 23.56, 46.61
2019-02-19, 01:20:27, 23.56, 46.61
2019-02-19, 01:20:29, 23.57, 46.61
2019-02-19, 01:20:30, 23.57, 46.61
2019-02-19, 01:20:31, 23.56, 46.61
2019-02-19, 01:20:33, 23.58, 46.61
2019-02-19, 01:20:34, 23.58, 46.61
2019-02-19, 01:20:36, 23.57, 46.61
2019-02-19, 01:20:37, 23.58, 46.61
2019-02-19, 01:20:38, 23.58, 46.61
2019-02-19, 01:20:40, 23.58, 46.61
2019-02-19, 01:20:41, 23.58, 46.61
2019-02-19, 01:20:42, 23.58, 46.58
2019-02-19, 01:20:44, 23.59, 46.61
2019-02-19, 01:20:45, 23.58, 46.61
2019-02-19, 01:20:46, 23.59, 46.61
2019-02-19, 01:20:48, 23.57, 46.61
2019-02-19, 01:20:49, 23.59, 46.58
2019-02-19, 01:20:50, 23.56, 46.61
2019-02-19, 01:20:52, 23.57, 46.61
2019-02-19, 01:20:53, 23.58, 46.61
2019-02-19, 01:20:54, 23.58, 46.61
2019-02-19, 01:20:56, 23.58, 46.61
2019-02-19, 01:20:57, 23.58, 46.61
2019-02-19, 01:20:59, 23.57, 46.61
2019-02-19, 01:21:00, 23.56, 46.61
2019-02-19, 01:21:01, 23.56, 46.61
2019-02-19, 01:21:03, 23.58, 46.61
2019-02-19, 01:21:04, 23.58, 46.61
2019-02-19, 01:21:05, 23.58, 46.61
2019-02-19, 01:21:07, 23.59, 46.61
2019-02-19, 01:21:08, 23.58, 46.61
2019-02-19, 01:21:09, 23.58, 46.61
2019-02-19, 01:21:11, 23.58, 46.61
2019-02-19, 01:21:12, 23.58, 46.61
2019-02-19, 01:21:13, 23.59, 46.61
2019-02-19, 01:21:15, 23.58, 46.61
2019-02-19, 01:21:16, 23.58, 46.58
2019-02-19, 01:21:17, 23.6, 46.61
2019-02-19, 01:21:19, 23.58, 46.61
2019-02-19, 01:21:20, 23.58, 46.58
2019-02-19, 01:21:22, 23.57, 46.61
2019-02-19, 01:21:23, 23.58, 46.61
2019-02-19, 01:21:24, 23.57, 46.61
2019-02-19, 01:21:26, 23.58, 46.61
2019-02-19, 01:21:27, 23.57, 46.61
2019-02-19, 01:21:28, 23.56, 46.61
2019-02-19, 01:21:30, 23.58, 46.61
2019-02-19, 01:21:31, 23.58, 46.61
2019-02-19, 01:21:32, 23.58, 46.61
2019-02-19, 01:21:34, 23.58, 46.61
2019-02-19, 01:21:35, 23.58, 46.61
2019-02-19, 01:21:36, 23.59, 46.61
2019-02-19, 01:21:38, 23.58, 46.61
2019-02-19, 01:21:39, 23.56, 46.61
2019-02-19, 01:21:40, 23.59, 46.61
2019-02-19, 01:21:42, 23.59, 46.61
2019-02-19, 01:21:43, 23.6, 46.61
2019-02-19, 01:21:45, 23.6, 46.61
2019-02-19, 01:21:46, 23.59, 46.61
2019-02-19, 01:21:47, 23.58, 46.58
2019-02-19, 01:21:49, 23.58, 46.61
2019-02-19, 01:21:50, 23.58, 46.61
2019-02-19, 01:21:51, 23.59, 46.61
2019-02-19, 01:21:53, 23.58, 46.61
2019-02-19, 01:21:54, 23.58, 46.61
2019-02-19, 01:21:55, 23.59, 46.61
2019-02-19, 01:21:57, 23.59, 46.58
2019-02-19, 01:21:58, 23.58, 46.58
2019-02-19, 01:21:59, 23.59, 46.58
2019-02-19, 01:22:01, 23.58, 46.61
2019-02-19, 01:22:02, 23.58, 46.61
2019-02-19, 01:22:04, 23.58, 46.61
2019-02-19, 01:22:05, 23.57, 46.61
2019-02-19, 01:22:06, 23.57, 46.61
2019-02-19, 01:22:08, 23.59, 46.61
2019-02-19, 01:22:09, 23.51, 46.6
2019-02-19, 01:22:10, 23.58, 46.61
2019-02-19, 01:22:12, 23.57, 46.61
2019-02-19, 01:22:13, 23.57, 46.61
2019-02-19, 01:22:14, 23.56, 46.61
2019-02-19, 01:22:16, 23.58, 46.61
2019-02-19, 01:22:17, 23.59, 46.61
2019-02-19, 01:22:18, 23.58, 46.61
2019-02-19, 01:22:20, 23.59, 46.61
2019-02-19, 01:22:21, 23.58, 46.58
2019-02-19, 01:22:23, 23.59, 46.61
2019-02-19, 01:22:24, 23.58, 46.58
2019-02-19, 01:22:25, 23.6, 46.58
2019-02-19, 01:22:27, 23.6, 46.61
2019-02-19, 01:22:28, 23.59, 46.61
2019-02-19, 01:22:29, 23.59, 46.61
2019-02-19, 01:22:31, 23.59, 46.58
2019-02-19, 01:22:32, 23.61, 46.58
2019-02-19, 01:22:33, 23.6, 46.61
2019-02-19, 01:22:35, 23.6, 46.58
2019-02-19, 01:22:36, 23.6, 46.58
2019-02-19, 01:22:37, 23.6, 46.61
2019-02-19, 01:22:39, 23.49, 46.6
2019-02-19, 01:22:40, 23.57, 46.61
2019-02-19, 01:22:42, 23.57, 46.64
2019-02-19, 01:22:43, 23.57, 46.64
2019-02-19, 01:22:44, 23.58, 46.61
2019-02-19, 01:22:46, 23.59, 46.64
2019-02-19, 01:22:47, 23.58, 46.64
2019-02-19, 01:22:48, 23.58, 46.64
2019-02-19, 01:22:50, 23.59, 46.61
2019-02-19, 01:22:51, 23.59, 46.61
2019-02-19, 01:22:52, 23.6, 46.61
2019-02-19, 01:22:54, 23.58, 46.61
2019-02-19, 01:22:55, 23.58, 46.61
2019-02-19, 01:22:56, 23.6, 46.61
2019-02-19, 01:22:58, 23.6, 46.61
2019-02-19, 01:22:59, 23.6, 46.61
2019-02-19, 01:23:01, 23.62, 46.62
2019-02-19, 01:23:02, 23.6, 46.61
2019-02-19, 01:23:03, 23.61, 46.58
2019-02-19, 01:23:05, 23.62, 46.62
2019-02-19, 01:23:06, 23.61, 46.58
2019-02-19, 01:23:07, 23.61, 46.58
2019-02-19, 01:23:09, 23.6, 46.58
2019-02-19, 01:23:10, 23.61, 46.55
2019-02-19, 01:23:11, 23.6, 46.58
2019-02-19, 01:23:13, 23.6, 46.55
2019-02-19, 01:23:14, 23.6, 46.61
2019-02-19, 01:23:16, 23.6, 46.58
2019-02-19, 01:23:17, 23.6, 46.58
2019-02-19, 01:23:18, 23.6, 46.61
2019-02-19, 01:23:20, 23.6, 46.58
2019-02-19, 01:23:21, 23.6, 46.58
2019-02-19, 01:23:22, 23.6, 46.58
2019-02-19, 01:23:24, 23.62, 46.62
2019-02-19, 01:23:25, 23.62, 46.58
2019-02-19, 01:23:26, 23.6, 46.58
2019-02-19, 01:23:28, 23.61, 46.55
2019-02-19, 01:23:29, 23.61, 46.58
2019-02-19, 01:23:30, 23.62, 46.58
2019-02-19, 01:23:32, 23.61, 46.55
2019-02-19, 01:23:33, 23.61, 46.55
2019-02-19, 01:23:34, 23.61, 46.55
2019-02-19, 01:23:36, 23.62, 46.55
2019-02-19, 01:23:37, 23.62, 46.55
2019-02-19, 01:23:39, 23.62, 46.55
2019-02-19, 01:23:40, 23.62, 46.55
2019-02-19, 01:23:41, 23.61, 46.55
2019-02-19, 01:23:43, 23.62, 46.55
2019-02-19, 01:23:44, 23.62, 46.55
2019-02-19, 01:23:45, 23.63, 46.55
2019-02-19, 01:23:47, 23.62, 46.55
2019-02-19, 01:23:48, 23.59, 46.55
2019-02-19, 01:23:49, 23.6, 46.55
2019-02-19, 01:23:51, 23.61, 46.55
2019-02-19, 01:23:52, 23.6, 46.55
2019-02-19, 01:23:53, 23.6, 46.55
2019-02-19, 01:23:55, 23.61, 46.55
2019-02-19, 01:23:56, 23.6, 46.55
2019-02-19, 01:23:58, 23.62, 46.55
2019-02-19, 01:23:59, 23.61, 46.55
2019-02-19, 01:24:00, 23.6, 46.58
2019-02-19, 01:24:02, 23.61, 46.58
2019-02-19, 01:24:03, 23.61, 46.58
2019-02-19, 01:24:04, 23.62, 46.55
2019-02-19, 01:24:06, 23.61, 46.55
2019-02-19, 01:24:07, 23.62, 46.55
2019-02-19, 01:24:08, 23.61, 46.55
2019-02-19, 01:24:10, 23.62, 46.55
2019-02-19, 01:24:11, 23.61, 46.55
2019-02-19, 01:24:12, 23.56, 46.58
2019-02-19, 01:24:14, 23.6, 46.55
2019-02-19, 01:24:15, 23.6, 46.61
2019-02-19, 01:24:17, 23.62, 46.58
2019-02-19, 01:24:18, 23.61, 46.58
2019-02-19, 01:24:19, 23.61, 46.58
2019-02-19, 01:24:21, 23.6, 46.55
2019-02-19, 01:24:22, 23.6, 46.55
2019-02-19, 01:24:23, 23.59, 46.58
2019-02-19, 01:24:25, 23.6, 46.55
2019-02-19, 01:24:26, 23.6, 46.55
2019-02-19, 01:24:27, 23.6, 46.55
2019-02-19, 01:24:29, 23.61, 46.55
2019-02-19, 01:24:30, 23.6, 46.58
2019-02-19, 01:24:31, 23.61, 46.58
2019-02-19, 01:24:33, 23.61, 46.55
2019-02-19, 01:24:34, 23.61, 46.55
2019-02-19, 01:24:35, 23.6, 46.55
2019-02-19, 01:24:37, 23.61, 46.55
2019-02-19, 01:24:38, 23.62, 46.55
2019-02-19, 01:24:40, 23.61, 46.55
2019-02-19, 01:24:41, 23.62, 46.55
2019-02-19, 01:24:42, 23.6, 46.55
2019-02-19, 01:24:44, 23.6, 46.55
2019-02-19, 01:24:45, 23.6, 46.55
2019-02-19, 01:24:46, 23.6, 46.55
2019-02-19, 01:24:48, 23.6, 46.55
2019-02-19, 01:24:49, 23.61, 46.55
2019-02-19, 01:24:50, 23.61, 46.55
2019-02-19, 01:24:52, 23.6, 46.55
2019-02-19, 01:24:53, 23.6, 46.55
2019-02-19, 01:24:54, 23.61, 46.55
2019-02-19, 01:24:56, 23.6, 46.55
2019-02-19, 01:24:57, 23.6, 46.55
2019-02-19, 01:24:58, 23.61, 46.55
2019-02-19, 01:25:00, 23.62, 46.55
2019-02-19, 01:25:01, 23.61, 46.55
2019-02-19, 01:25:03, 23.6, 46.55
2019-02-19, 01:25:04, 23.6, 46.55
2019-02-19, 01:25:05, 23.6, 46.55
2019-02-19, 01:25:07, 23.6, 46.55
2019-02-19, 01:25:08, 23.6, 46.55
2019-02-19, 01:25:09, 23.6, 46.55
2019-02-19, 01:25:11, 23.6, 46.55
2019-02-19, 01:25:12, 23.6, 46.55
2019-02-19, 01:25:13, 23.6, 46.58
2019-02-19, 01:25:15, 23.61, 46.55
2019-02-19, 01:25:16, 23.6, 46.55
2019-02-19, 01:25:17, 23.6, 46.55
2019-02-19, 01:25:19, 23.61, 46.55
2019-02-19, 01:25:20, 23.62, 46.55
2019-02-19, 01:25:22, 23.61, 46.55
2019-02-19, 01:25:23, 23.62, 46.55
2019-02-19, 01:25:24, 23.62, 46.55
2019-02-19, 01:25:26, 23.62, 46.55
2019-02-19, 01:25:27, 23.62, 46.55
2019-02-19, 01:25:28, 23.62, 46.55
2019-02-19, 01:25:30, 23.63, 46.55
2019-02-19, 01:25:31, 23.62, 46.58
2019-02-19, 01:25:32, 23.62, 46.58
2019-02-19, 01:25:34, 23.62, 46.58
2019-02-19, 01:25:35, 23.62, 46.55
2019-02-19, 01:25:36, 23.6, 46.58
2019-02-19, 01:25:38, 23.63, 46.55
2019-02-19, 01:25:39, 23.62, 46.55
2019-02-19, 01:25:40, 23.62, 46.55
2019-02-19, 01:25:42, 23.61, 46.58
2019-02-19, 01:25:43, 23.61, 46.55
2019-02-19, 01:25:45, 23.62, 46.55
2019-02-19, 01:25:46, 23.62, 46.55
2019-02-19, 01:25:47, 23.61, 46.55
2019-02-19, 01:25:49, 23.62, 46.55
2019-02-19, 01:25:50, 23.61, 46.55
2019-02-19, 01:25:51, 23.61, 46.55
2019-02-19, 01:25:53, 23.61, 46.55
2019-02-19, 01:25:54, 23.62, 46.58
2019-02-19, 01:25:55, 23.62, 46.55
2019-02-19, 01:25:57, 23.62, 46.58
2019-02-19, 01:25:58, 23.62, 46.55
2019-02-19, 01:25:59, 23.62, 46.58
2019-02-19, 01:26:01, 23.62, 46.55
2019-02-19, 01:26:02, 23.62, 46.55
2019-02-19, 01:26:04, 23.63, 46.55
2019-02-19, 01:26:05, 23.63, 46.58
2019-02-19, 01:26:06, 23.58, 46.55
2019-02-19, 01:26:08, 23.6, 46.58
2019-02-19, 01:26:09, 23.61, 46.58
2019-02-19, 01:26:10, 23.62, 46.58
2019-02-19, 01:26:12, 23.62, 46.58
2019-02-19, 01:26:13, 23.62, 46.58
2019-02-19, 01:26:14, 23.62, 46.58
2019-02-19, 01:26:16, 23.62, 46.55
2019-02-19, 01:26:17, 23.62, 46.58
2019-02-19, 01:26:18, 23.62, 46.58
2019-02-19, 01:26:20, 23.63, 46.58
2019-02-19, 01:26:21, 23.63, 46.58
2019-02-19, 01:26:22, 23.63, 46.58
2019-02-19, 01:26:24, 23.64, 46.59
2019-02-19, 01:26:25, 23.63, 46.55
2019-02-19, 01:26:27, 23.63, 46.58
2019-02-19, 01:26:28, 23.62, 46.55
2019-02-19, 01:26:29, 23.64, 46.59
2019-02-19, 01:26:31, 23.64, 46.55
2019-02-19, 01:26:32, 23.64, 46.55
2019-02-19, 01:26:33, 23.62, 46.55
2019-02-19, 01:26:35, 23.62, 46.55
2019-02-19, 01:26:36, 23.56, 46.54
2019-02-19, 01:26:37, 23.62, 46.58
2019-02-19, 01:26:39, 23.63, 46.62
2019-02-19, 01:26:40, 23.62, 46.58
2019-02-19, 01:26:41, 23.64, 46.59
2019-02-19, 01:26:43, 23.63, 46.58
2019-02-19, 01:26:44, 23.62, 46.55
2019-02-19, 01:26:46, 23.62, 46.58
2019-02-19, 01:26:47, 23.63, 46.58
2019-02-19, 01:26:48, 23.63, 46.58
2019-02-19, 01:26:50, 23.63, 46.58
2019-02-19, 01:26:51, 23.62, 46.55
2019-02-19, 01:26:52, 23.64, 46.59
2019-02-19, 01:26:54, 23.63, 46.58
2019-02-19, 01:26:55, 23.64, 46.59
2019-02-19, 01:26:56, 23.63, 46.55
2019-02-19, 01:26:58, 23.63, 46.55
2019-02-19, 01:26:59, 23.64, 46.59
2019-02-19, 01:27:00, 23.63, 46.55
2019-02-19, 01:27:02, 23.63, 46.55
2019-02-19, 01:27:03, 23.63, 46.55
2019-02-19, 01:27:04, 23.63, 46.55
2019-02-19, 01:27:06, 23.52, 46.54
2019-02-19, 01:27:07, 23.6, 46.58
2019-02-19, 01:27:09, 23.62, 46.58
2019-02-19, 01:27:10, 23.62, 46.58
2019-02-19, 01:27:11, 23.48, 46.6
2019-02-19, 01:27:13, 23.57, 46.67
2019-02-19, 01:27:14, 23.6, 46.68
2019-02-19, 01:27:15, 23.61, 46.65
2019-02-19, 01:27:17, 23.62, 46.65
2019-02-19, 01:27:18, 23.6, 46.64
2019-02-19, 01:27:19, 23.61, 46.61
2019-02-19, 01:27:21, 23.62, 46.62
2019-02-19, 01:27:22, 23.62, 46.62
2019-02-19, 01:27:24, 23.62, 46.62
2019-02-19, 01:27:25, 23.62, 46.62
2019-02-19, 01:27:26, 23.62, 46.62
2019-02-19, 01:27:28, 23.61, 46.61
2019-02-19, 01:27:29, 23.63, 46.62
2019-02-19, 01:27:30, 23.64, 46.59
2019-02-19, 01:27:32, 23.63, 46.62
2019-02-19, 01:27:33, 23.63, 46.55
2019-02-19, 01:27:34, 23.63, 46.58
2019-02-19, 01:27:36, 23.5, 46.6
2019-02-19, 01:27:37, 23.58, 46.61
2019-02-19, 01:27:38, 23.59, 46.64
2019-02-19, 01:27:40, 23.61, 46.68
2019-02-19, 01:27:41, 23.58, 46.67
2019-02-19, 01:27:42, 23.6, 46.64
2019-02-19, 01:27:44, 23.61, 46.65
2019-02-19, 01:27:45, 23.62, 46.62
2019-02-19, 01:27:47, 23.61, 46.61
2019-02-19, 01:27:48, 23.61, 46.61
2019-02-19, 01:27:49, 23.63, 46.62
2019-02-19, 01:27:51, 23.63, 46.62
2019-02-19, 01:27:52, 23.63, 46.62
2019-02-19, 01:27:53, 23.63, 46.58
2019-02-19, 01:27:55, 23.62, 46.58
2019-02-19, 01:27:56, 23.61, 46.61
2019-02-19, 01:27:57, 23.61, 46.58
2019-02-19, 01:27:59, 23.62, 46.55
2019-02-19, 01:28:00, 23.63, 46.58
2019-02-19, 01:28:01, 23.63, 46.58
2019-02-19, 01:28:03, 23.63, 46.55
2019-02-19, 01:28:04, 23.63, 46.55
2019-02-19, 01:28:06, 23.62, 46.58
2019-02-19, 01:28:07, 23.62, 46.58
2019-02-19, 01:28:08, 23.63, 46.58
2019-02-19, 01:28:10, 23.64, 46.59
2019-02-19, 01:28:11, 23.63, 46.55
2019-02-19, 01:28:12, 23.62, 46.58
2019-02-19, 01:28:14, 23.61, 46.58
2019-02-19, 01:28:15, 23.63, 46.58
2019-02-19, 01:28:16, 23.62, 46.58
2019-02-19, 01:28:18, 23.62, 46.58
2019-02-19, 01:28:19, 23.62, 46.58
2019-02-19, 01:28:20, 23.62, 46.58
2019-02-19, 01:28:22, 23.62, 46.58
2019-02-19, 01:28:23, 23.64, 46.59
2019-02-19, 01:28:24, 23.62, 46.58
2019-02-19, 01:28:26, 23.63, 46.58
2019-02-19, 01:28:27, 23.63, 46.55
2019-02-19, 01:28:29, 23.62, 46.55
2019-02-19, 01:28:30, 23.62, 46.58
2019-02-19, 01:28:31, 23.63, 46.55
2019-02-19, 01:28:33, 23.64, 46.59
2019-02-19, 01:28:34, 23.62, 46.55
2019-02-19, 01:28:35, 23.63, 46.55
2019-02-19, 01:28:37, 23.62, 46.58
2019-02-19, 01:28:38, 23.62, 46.58
2019-02-19, 01:28:39, 23.63, 46.58
2019-02-19, 01:28:41, 23.63, 46.58
2019-02-19, 01:28:42, 23.64, 46.59
2019-02-19, 01:28:44, 23.63, 46.58
2019-02-19, 01:28:45, 23.62, 46.62
2019-02-19, 01:28:46, 23.63, 46.58
2019-02-19, 01:28:48, 23.63, 46.55
2019-02-19, 01:28:49, 23.62, 46.58
2019-02-19, 01:28:50, 23.63, 46.55
2019-02-19, 01:28:52, 23.62, 46.55
2019-02-19, 01:28:53, 23.63, 46.58
2019-02-19, 01:28:54, 23.62, 46.58
2019-02-19, 01:28:56, 23.64, 46.59
2019-02-19, 01:28:57, 23.62, 46.55
2019-02-19, 01:28:58, 23.62, 46.55
2019-02-19, 01:29:00, 23.63, 46.55
2019-02-19, 01:29:01, 23.63, 46.55
2019-02-19, 01:29:02, 23.64, 46.59
2019-02-19, 01:29:04, 23.64, 46.55
2019-02-19, 01:29:05, 23.62, 46.55
2019-02-19, 01:29:07, 23.64, 46.55
2019-02-19, 01:29:08, 23.64, 46.55
2019-02-19, 01:29:09, 23.64, 46.55
2019-02-19, 01:29:11, 23.63, 46.55
2019-02-19, 01:29:12, 23.64, 46.55
2019-02-19, 01:29:13, 23.64, 46.55
2019-02-19, 01:29:15, 23.62, 46.58
2019-02-19, 01:29:16, 23.62, 46.55
2019-02-19, 01:29:17, 23.64, 46.59
2019-02-19, 01:29:19, 23.63, 46.55
2019-02-19, 01:29:20, 23.63, 46.55
2019-02-19, 01:29:21, 23.64, 46.55
2019-02-19, 01:29:23, 23.62, 46.55
2019-02-19, 01:29:24, 23.63, 46.55
2019-02-19, 01:29:25, 23.62, 46.55
2019-02-19, 01:29:27, 23.63, 46.58
2019-02-19, 01:29:28, 23.62, 46.55
2019-02-19, 01:29:30, 23.63, 46.55
2019-02-19, 01:29:31, 23.6, 46.58
2019-02-19, 01:29:32, 23.61, 46.55
2019-02-19, 01:29:34, 23.61, 46.55
2019-02-19, 01:29:35, 23.62, 46.58
2019-02-19, 01:29:36, 23.62, 46.58
2019-02-19, 01:29:38, 23.62, 46.55
2019-02-19, 01:29:39, 23.62, 46.58
2019-02-19, 01:29:40, 23.62, 46.58
2019-02-19, 01:29:42, 23.62, 46.58
2019-02-19, 01:29:43, 23.62, 46.58
2019-02-19, 01:29:44, 23.62, 46.62
2019-02-19, 01:29:46, 23.62, 46.62
2019-02-19, 01:29:47, 23.62, 46.58
2019-02-19, 01:29:48, 23.61, 46.61
2019-02-19, 01:29:50, 23.63, 46.62
2019-02-19, 01:29:51, 23.62, 46.62
2019-02-19, 01:29:53, 23.62, 46.58
2019-02-19, 01:29:54, 23.62, 46.58
2019-02-19, 01:29:55, 23.64, 46.62
2019-02-19, 01:29:57, 23.63, 46.62
2019-02-19, 01:29:58, 23.63, 46.58
2019-02-19, 01:29:59, 23.64, 46.62
2019-02-19, 01:30:01, 23.62, 46.58
2019-02-19, 01:30:02, 23.63, 46.58
2019-02-19, 01:30:03, 23.62, 46.58
2019-02-19, 01:30:05, 23.64, 46.62
2019-02-19, 01:30:06, 23.64, 46.59
2019-02-19, 01:30:07, 23.63, 46.58
2019-02-19, 01:30:09, 23.52, 46.6
2019-02-19, 01:30:10, 23.59, 46.68
2019-02-19, 01:30:12, 23.62, 46.68
2019-02-19, 01:30:13, 23.63, 46.68
2019-02-19, 01:30:14, 23.61, 46.65
2019-02-19, 01:30:16, 23.62, 46.68
2019-02-19, 01:30:17, 23.63, 46.65
2019-02-19, 01:30:18, 23.64, 46.68
2019-02-19, 01:30:20, 23.64, 46.65
2019-02-19, 01:30:21, 23.63, 46.62
2019-02-19, 01:30:22, 23.63, 46.65
2019-02-19, 01:30:24, 23.63, 46.65
2019-02-19, 01:30:25, 23.64, 46.65
2019-02-19, 01:30:26, 23.62, 46.65
2019-02-19, 01:30:28, 23.63, 46.62
2019-02-19, 01:30:29, 23.62, 46.62
2019-02-19, 01:30:31, 23.63, 46.62
2019-02-19, 01:30:32, 23.64, 46.62
2019-02-19, 01:30:33, 23.62, 46.62
2019-02-19, 01:30:35, 23.62, 46.62
2019-02-19, 01:30:36, 23.63, 46.65
2019-02-19, 01:30:37, 23.62, 46.62
2019-02-19, 01:30:39, 23.62, 46.62
2019-02-19, 01:30:40, 23.62, 46.62
2019-02-19, 01:30:41, 23.62, 46.62
2019-02-19, 01:30:43, 23.6, 46.61
2019-02-19, 01:30:44, 23.62, 46.62
2019-02-19, 01:30:45, 23.61, 46.65
2019-02-19, 01:30:47, 23.61, 46.61
2019-02-19, 01:30:48, 23.62, 46.62
2019-02-19, 01:30:50, 23.61, 46.68
2019-02-19, 01:30:51, 23.62, 46.65
2019-02-19, 01:30:52, 23.62, 46.65
2019-02-19, 01:30:54, 23.62, 46.65
2019-02-19, 01:30:55, 23.63, 46.65
2019-02-19, 01:30:56, 23.62, 46.62
2019-02-19, 01:30:58, 23.63, 46.62
2019-02-19, 01:30:59, 23.63, 46.65
2019-02-19, 01:31:00, 23.63, 46.62
2019-02-19, 01:31:02, 23.63, 46.62
2019-02-19, 01:31:03, 23.62, 46.65
2019-02-19, 01:31:04, 23.62, 46.65
2019-02-19, 01:31:06, 23.62, 46.62
2019-02-19, 01:31:07, 23.62, 46.65
2019-02-19, 01:31:08, 23.63, 46.65
2019-02-19, 01:31:10, 23.61, 46.65
2019-02-19, 01:31:11, 23.62, 46.65
2019-02-19, 01:31:13, 23.62, 46.65
2019-02-19, 01:31:14, 23.62, 46.62
2019-02-19, 01:31:15, 23.62, 46.62
2019-02-19, 01:31:17, 23.63, 46.65
2019-02-19, 01:31:18, 23.63, 46.68
2019-02-19, 01:31:19, 23.62, 46.68
2019-02-19, 01:31:21, 23.62, 46.65
2019-02-19, 01:31:22, 23.63, 46.68
2019-02-19, 01:31:23, 23.64, 46.65
2019-02-19, 01:31:25, 23.63, 46.68
2019-02-19, 01:31:26, 23.62, 46.68
2019-02-19, 01:31:27, 23.63, 46.65
2019-02-19, 01:31:29, 23.63, 46.68
2019-02-19, 01:31:30, 23.62, 46.65
2019-02-19, 01:31:31, 23.61, 46.68
2019-02-19, 01:31:33, 23.61, 46.65
2019-02-19, 01:31:34, 23.62, 46.68
2019-02-19, 01:31:36, 23.6, 46.68
2019-02-19, 01:31:37, 23.62, 46.65
2019-02-19, 01:31:38, 23.61, 46.68
2019-02-19, 01:31:40, 23.6, 46.64
2019-02-19, 01:31:41, 23.61, 46.65
2019-02-19, 01:31:42, 23.62, 46.68
2019-02-19, 01:31:44, 23.62, 46.65
2019-02-19, 01:31:45, 23.62, 46.65
2019-02-19, 01:31:46, 23.61, 46.68
2019-02-19, 01:31:48, 23.62, 46.68
2019-02-19, 01:31:49, 23.61, 46.65
2019-02-19, 01:31:50, 23.61, 46.65
2019-02-19, 01:31:52, 23.6, 46.64
2019-02-19, 01:31:53, 23.62, 46.65
2019-02-19, 01:31:54, 23.61, 46.65
2019-02-19, 01:31:56, 23.62, 46.65
2019-02-19, 01:31:57, 23.61, 46.65
2019-02-19, 01:31:59, 23.6, 46.64
2019-02-19, 01:32:00, 23.61, 46.65
2019-02-19, 01:32:01, 23.62, 46.62
2019-02-19, 01:32:03, 23.63, 46.65
2019-02-19, 01:32:04, 23.63, 46.68
2019-02-19, 01:32:05, 23.62, 46.65
2019-02-19, 01:32:07, 23.62, 46.65
2019-02-19, 01:32:08, 23.62, 46.65
2019-02-19, 01:32:09, 23.62, 46.65
2019-02-19, 01:32:11, 23.62, 46.65
2019-02-19, 01:32:12, 23.61, 46.65
2019-02-19, 01:32:13, 23.62, 46.65
2019-02-19, 01:32:15, 23.6, 46.64
2019-02-19, 01:32:16, 23.62, 46.68
2019-02-19, 01:32:17, 23.62, 46.65
2019-02-19, 01:32:19, 23.61, 46.65
2019-02-19, 01:32:20, 23.6, 46.68
2019-02-19, 01:32:22, 23.6, 46.68
2019-02-19, 01:32:23, 23.6, 46.68
2019-02-19, 01:32:24, 23.6, 46.68
2019-02-19, 01:32:26, 23.61, 46.68
2019-02-19, 01:32:27, 23.6, 46.68
2019-02-19, 01:32:28, 23.62, 46.68
2019-02-19, 01:32:30, 23.6, 46.68
2019-02-19, 01:32:31, 23.61, 46.68
2019-02-19, 01:32:32, 23.49, 46.66
2019-02-19, 01:32:34, 23.58, 46.74
2019-02-19, 01:32:35, 23.6, 46.74
2019-02-19, 01:32:36, 23.6, 46.74
2019-02-19, 01:32:38, 23.62, 46.71
2019-02-19, 01:32:39, 23.61, 46.71
2019-02-19, 01:32:40, 23.62, 46.71
2019-02-19, 01:32:42, 23.61, 46.68
2019-02-19, 01:32:43, 23.6, 46.68
2019-02-19, 01:32:45, 23.61, 46.68
2019-02-19, 01:32:46, 23.6, 46.71
2019-02-19, 01:32:47, 23.6, 46.68
2019-02-19, 01:32:49, 23.6, 46.68
2019-02-19, 01:32:50, 23.6, 46.68
2019-02-19, 01:32:51, 23.62, 46.68
2019-02-19, 01:32:53, 23.6, 46.68
2019-02-19, 01:32:54, 23.61, 46.68
2019-02-19, 01:32:55, 23.62, 46.71
2019-02-19, 01:32:57, 23.6, 46.68
2019-02-19, 01:32:58, 23.6, 46.68
2019-02-19, 01:32:59, 23.6, 46.71
2019-02-19, 01:33:01, 23.6, 46.71
2019-02-19, 01:33:02, 23.61, 46.74
2019-02-19, 01:33:03, 23.61, 46.74
2019-02-19, 01:33:05, 23.62, 46.71
2019-02-19, 01:33:06, 23.61, 46.74
2019-02-19, 01:33:08, 23.59, 46.74
2019-02-19, 01:33:09, 23.6, 46.71
2019-02-19, 01:33:10, 23.61, 46.71
2019-02-19, 01:33:12, 23.61, 46.74
2019-02-19, 01:33:13, 23.6, 46.74
2019-02-19, 01:33:14, 23.6, 46.74
2019-02-19, 01:33:16, 23.6, 46.74
2019-02-19, 01:33:17, 23.61, 46.74
2019-02-19, 01:33:18, 23.59, 46.71
2019-02-19, 01:33:20, 23.58, 46.71
2019-02-19, 01:33:21, 23.6, 46.71
2019-02-19, 01:33:22, 23.59, 46.71
2019-02-19, 01:33:24, 23.58, 46.74
2019-02-19, 01:33:25, 23.59, 46.74
2019-02-19, 01:33:27, 23.59, 46.74
2019-02-19, 01:33:28, 23.59, 46.74
2019-02-19, 01:33:29, 23.59, 46.74
2019-02-19, 01:33:31, 23.58, 46.74
2019-02-19, 01:33:32, 23.44, 46.79
2019-02-19, 01:33:33, 23.54, 46.83
2019-02-19, 01:33:35, 23.58, 46.83
2019-02-19, 01:33:36, 23.58, 46.8
2019-02-19, 01:33:37, 23.58, 46.8
2019-02-19, 01:33:39, 23.59, 46.8
2019-02-19, 01:33:40, 23.58, 46.8
2019-02-19, 01:33:41, 23.59, 46.77
2019-02-19, 01:33:43, 23.6, 46.81
2019-02-19, 01:33:44, 23.59, 46.77
2019-02-19, 01:33:45, 23.6, 46.77
2019-02-19, 01:33:47, 23.59, 46.77
2019-02-19, 01:33:48, 23.6, 46.77
2019-02-19, 01:33:50, 23.6, 46.77
2019-02-19, 01:33:51, 23.6, 46.77
2019-02-19, 01:33:52, 23.59, 46.77
2019-02-19, 01:33:54, 23.59, 46.74
2019-02-19, 01:33:55, 23.59, 46.74
2019-02-19, 01:33:56, 23.58, 46.74
2019-02-19, 01:33:58, 23.58, 46.77
2019-02-19, 01:33:59, 23.59, 46.77
2019-02-19, 01:34:00, 23.6, 46.74
2019-02-19, 01:34:02, 23.6, 46.74
2019-02-19, 01:34:03, 23.6, 46.74
2019-02-19, 01:34:04, 23.59, 46.77
2019-02-19, 01:34:06, 23.6, 46.74
2019-02-19, 01:34:07, 23.58, 46.74
2019-02-19, 01:34:08, 23.57, 46.77
2019-02-19, 01:34:10, 23.6, 46.74
2019-02-19, 01:34:11, 23.6, 46.77
2019-02-19, 01:34:13, 23.58, 46.74
2019-02-19, 01:34:14, 23.59, 46.74
2019-02-19, 01:34:15, 23.59, 46.77
2019-02-19, 01:34:17, 23.59, 46.77
2019-02-19, 01:34:18, 23.59, 46.77
2019-02-19, 01:34:19, 23.6, 46.77
2019-02-19, 01:34:21, 23.6, 46.77
2019-02-19, 01:34:22, 23.59, 46.77
2019-02-19, 01:34:23, 23.6, 46.81
2019-02-19, 01:34:25, 23.6, 46.74
2019-02-19, 01:34:26, 23.59, 46.77
2019-02-19, 01:34:27, 23.6, 46.74
2019-02-19, 01:34:29, 23.6, 46.77
2019-02-19, 01:34:30, 23.59, 46.77
2019-02-19, 01:34:32, 23.6, 46.77
2019-02-19, 01:34:33, 23.59, 46.77
2019-02-19, 01:34:34, 23.6, 46.74
2019-02-19, 01:34:36, 23.58, 46.77
2019-02-19, 01:34:37, 23.6, 46.77
2019-02-19, 01:34:38, 23.6, 46.77
2019-02-19, 01:34:40, 23.6, 46.77
2019-02-19, 01:34:41, 23.6, 46.74
2019-02-19, 01:34:42, 23.59, 46.77
2019-02-19, 01:34:44, 23.58, 46.77
2019-02-19, 01:34:45, 23.58, 46.77
2019-02-19, 01:34:46, 23.58, 46.74
2019-02-19, 01:34:48, 23.58, 46.77
2019-02-19, 01:34:49, 23.59, 46.77
2019-02-19, 01:34:50, 23.59, 46.74
2019-02-19, 01:34:52, 23.56, 46.77
2019-02-19, 01:34:53, 23.59, 46.77
2019-02-19, 01:34:55, 23.58, 46.8
2019-02-19, 01:34:56, 23.58, 46.77
2019-02-19, 01:34:57, 23.58, 46.77
2019-02-19, 01:34:59, 23.58, 46.8
2019-02-19, 01:35:00, 23.6, 46.77
2019-02-19, 01:35:01, 23.58, 46.77
2019-02-19, 01:35:03, 23.58, 46.77
2019-02-19, 01:35:04, 23.56, 46.8
2019-02-19, 01:35:05, 23.58, 46.8
2019-02-19, 01:35:07, 23.58, 46.8
2019-02-19, 01:35:08, 23.58, 46.8
2019-02-19, 01:35:09, 23.58, 46.8
2019-02-19, 01:35:11, 23.58, 46.8
2019-02-19, 01:35:12, 23.58, 46.8
2019-02-19, 01:35:14, 23.58, 46.8
2019-02-19, 01:35:15, 23.57, 46.8
2019-02-19, 01:35:16, 23.59, 46.8
2019-02-19, 01:35:18, 23.58, 46.8
2019-02-19, 01:35:19, 23.56, 46.8
2019-02-19, 01:35:20, 23.57, 46.8
2019-02-19, 01:35:22, 23.56, 46.8
2019-02-19, 01:35:23, 23.57, 46.8
2019-02-19, 01:35:24, 23.58, 46.8
2019-02-19, 01:35:26, 23.59, 46.8
2019-02-19, 01:35:27, 23.58, 46.8
2019-02-19, 01:35:28, 23.58, 46.77
2019-02-19, 01:35:30, 23.58, 46.8
2019-02-19, 01:35:31, 23.56, 46.8
2019-02-19, 01:35:32, 23.58, 46.8
2019-02-19, 01:35:34, 23.57, 46.8
2019-02-19, 01:35:35, 23.46, 46.79
2019-02-19, 01:35:37, 23.55, 46.83
2019-02-19, 01:35:38, 23.54, 46.83
2019-02-19, 01:35:39, 23.57, 46.87
2019-02-19, 01:35:41, 23.54, 46.83
2019-02-19, 01:35:42, 23.56, 46.83
2019-02-19, 01:35:43, 23.56, 46.83
2019-02-19, 01:35:45, 23.57, 46.83
2019-02-19, 01:35:46, 23.56, 46.83
2019-02-19, 01:35:47, 23.56, 46.83
2019-02-19, 01:35:49, 23.56, 46.8
2019-02-19, 01:35:50, 23.57, 46.83
2019-02-19, 01:35:51, 23.57, 46.87
2019-02-19, 01:35:53, 23.56, 46.86
2019-02-19, 01:35:54, 23.58, 46.87
2019-02-19, 01:35:55, 23.57, 46.83
2019-02-19, 01:35:57, 23.57, 46.87
2019-02-19, 01:35:58, 23.57, 46.87
2019-02-19, 01:36:00, 23.54, 46.86
2019-02-19, 01:36:01, 23.56, 46.86
2019-02-19, 01:36:02, 23.58, 46.87
2019-02-19, 01:36:04, 23.57, 46.87
2019-02-19, 01:36:05, 23.57, 46.87
2019-02-19, 01:36:06, 23.57, 46.87
2019-02-19, 01:36:08, 23.56, 46.86
2019-02-19, 01:36:09, 23.56, 46.86
2019-02-19, 01:36:10, 23.56, 46.86
2019-02-19, 01:36:12, 23.55, 46.86
2019-02-19, 01:36:13, 23.56, 46.86
2019-02-19, 01:36:14, 23.56, 46.86
2019-02-19, 01:36:16, 23.54, 46.86
2019-02-19, 01:36:17, 23.56, 46.86
2019-02-19, 01:36:18, 23.54, 46.86
2019-02-19, 01:36:20, 23.56, 46.86
2019-02-19, 01:36:21, 23.55, 46.86
2019-02-19, 01:36:23, 23.54, 46.83
2019-02-19, 01:36:24, 23.56, 46.83
2019-02-19, 01:36:25, 23.55, 46.86
2019-02-19, 01:36:27, 23.55, 46.86
2019-02-19, 01:36:28, 23.56, 46.86
2019-02-19, 01:36:29, 23.54, 46.86
2019-02-19, 01:36:31, 23.54, 46.86
2019-02-19, 01:36:32, 23.54, 46.86
2019-02-19, 01:36:33, 23.54, 46.86
2019-02-19, 01:36:35, 23.55, 46.86
2019-02-19, 01:36:36, 23.56, 46.86
2019-02-19, 01:36:37, 23.54, 46.86
2019-02-19, 01:36:39, 23.55, 46.9
2019-02-19, 01:36:40, 23.56, 46.9
2019-02-19, 01:36:41, 23.54, 46.86
2019-02-19, 01:36:43, 23.55, 46.9
2019-02-19, 01:36:44, 23.54, 46.89
2019-02-19, 01:36:46, 23.55, 46.9
2019-02-19, 01:36:47, 23.55, 46.9
2019-02-19, 01:36:48, 23.56, 46.86
2019-02-19, 01:36:50, 23.55, 46.9
2019-02-19, 01:36:51, 23.52, 46.89
2019-02-19, 01:36:52, 23.54, 46.89
2019-02-19, 01:36:54, 23.56, 46.86
2019-02-19, 01:36:55, 23.55, 46.86
2019-02-19, 01:36:56, 23.55, 46.86
2019-02-19, 01:36:58, 23.54, 46.89
2019-02-19, 01:36:59, 23.47, 46.89
2019-02-19, 01:37:00, 23.52, 46.89
2019-02-19, 01:37:02, 23.52, 46.92
2019-02-19, 01:37:03, 23.54, 46.93
2019-02-19, 01:37:04, 23.54, 46.93
2019-02-19, 01:37:06, 23.53, 46.92
2019-02-19, 01:37:07, 23.53, 46.92
2019-02-19, 01:37:09, 23.54, 46.93
2019-02-19, 01:37:10, 23.54, 46.93
2019-02-19, 01:37:11, 23.54, 46.89
2019-02-19, 01:37:13, 23.54, 46.93
2019-02-19, 01:37:14, 23.55, 46.9
2019-02-19, 01:37:15, 23.54, 46.93
2019-02-19, 01:37:17, 23.54, 46.89
2019-02-19, 01:37:18, 23.54, 46.89
2019-02-19, 01:37:19, 23.54, 46.89
2019-02-19, 01:37:21, 23.54, 46.93
2019-02-19, 01:37:22, 23.55, 46.93
2019-02-19, 01:37:23, 23.54, 46.89
2019-02-19, 01:37:25, 23.54, 46.89
2019-02-19, 01:37:26, 23.54, 46.93
2019-02-19, 01:37:27, 23.55, 46.9
2019-02-19, 01:37:29, 23.44, 46.88
2019-02-19, 01:37:30, 23.52, 46.92
2019-02-19, 01:37:32, 23.52, 46.92
2019-02-19, 01:37:33, 23.52, 46.92
2019-02-19, 01:37:34, 23.53, 46.96
2019-02-19, 01:37:36, 23.52, 46.92
2019-02-19, 01:37:37, 23.53, 46.92
2019-02-19, 01:37:38, 23.54, 46.93
2019-02-19, 01:37:40, 23.53, 46.92
2019-02-19, 01:37:41, 23.53, 46.92
2019-02-19, 01:37:42, 23.54, 46.93
2019-02-19, 01:37:44, 23.54, 46.93
2019-02-19, 01:37:45, 23.54, 46.93
2019-02-19, 01:37:46, 23.55, 46.93
2019-02-19, 01:37:48, 23.55, 46.93
2019-02-19, 01:37:49, 23.54, 46.93
2019-02-19, 01:37:50, 23.54, 46.93
2019-02-19, 01:37:52, 23.55, 46.93
2019-02-19, 01:37:53, 23.54, 46.93
2019-02-19, 01:37:55, 23.55, 46.93
2019-02-19, 01:37:56, 23.54, 46.93
2019-02-19, 01:37:57, 23.55, 46.93
2019-02-19, 01:37:59, 23.44, 46.95
2019-02-19, 01:38:00, 23.51, 46.99
2019-02-19, 01:38:01, 23.52, 46.99
2019-02-19, 01:38:03, 23.53, 46.99
2019-02-19, 01:38:04, 23.54, 46.99
2019-02-19, 01:38:05, 23.54, 46.96
2019-02-19, 01:38:07, 23.53, 46.96
2019-02-19, 01:38:08, 23.54, 46.96
2019-02-19, 01:38:09, 23.53, 46.96
2019-02-19, 01:38:11, 23.52, 46.92
2019-02-19, 01:38:12, 23.54, 46.93
2019-02-19, 01:38:14, 23.53, 46.92
2019-02-19, 01:38:15, 23.53, 46.92
2019-02-19, 01:38:16, 23.53, 46.92
2019-02-19, 01:38:18, 23.51, 46.92
2019-02-19, 01:38:19, 23.53, 46.92
2019-02-19, 01:38:20, 23.53, 46.92
2019-02-19, 01:38:22, 23.53, 46.92
2019-02-19, 01:38:23, 23.52, 46.92
2019-02-19, 01:38:24, 23.52, 46.92
2019-02-19, 01:38:26, 23.52, 46.92
2019-02-19, 01:38:27, 23.53, 46.92
2019-02-19, 01:38:28, 23.38, 46.94
2019-02-19, 01:38:30, 23.49, 47.02
2019-02-19, 01:38:31, 23.48, 47.01
2019-02-19, 01:38:32, 23.5, 46.98
2019-02-19, 01:38:34, 23.5, 47.02
2019-02-19, 01:38:35, 23.5, 46.98
2019-02-19, 01:38:37, 23.52, 46.99
2019-02-19, 01:38:38, 23.5, 46.98
2019-02-19, 01:38:39, 23.48, 46.98
2019-02-19, 01:38:41, 23.5, 46.98
2019-02-19, 01:38:42, 23.51, 46.99
2019-02-19, 01:38:43, 23.52, 46.99
2019-02-19, 01:38:45, 23.52, 46.99
2019-02-19, 01:38:46, 23.5, 46.98
2019-02-19, 01:38:47, 23.5, 46.98
2019-02-19, 01:38:49, 23.51, 46.99
2019-02-19, 01:38:50, 23.5, 46.95
2019-02-19, 01:38:51, 23.5, 46.95
2019-02-19, 01:38:53, 23.52, 46.96
2019-02-19, 01:38:54, 23.52, 46.96
2019-02-19, 01:38:56, 23.52, 46.96
2019-02-19, 01:38:57, 23.52, 46.96
2019-02-19, 01:38:58, 23.51, 46.95
2019-02-19, 01:39:00, 23.51, 46.95
2019-02-19, 01:39:01, 23.52, 46.96
2019-02-19, 01:39:02, 23.51, 46.99
2019-02-19, 01:39:04, 23.52, 46.96
2019-02-19, 01:39:05, 23.52, 46.99
2019-02-19, 01:39:06, 23.52, 46.99
2019-02-19, 01:39:08, 23.52, 46.99
2019-02-19, 01:39:09, 23.5, 46.98
2019-02-19, 01:39:10, 23.51, 46.99
2019-02-19, 01:39:12, 23.51, 46.99
2019-02-19, 01:39:13, 23.51, 46.99
2019-02-19, 01:39:14, 23.52, 46.99
2019-02-19, 01:39:16, 23.52, 46.99
2019-02-19, 01:39:17, 23.53, 46.99
2019-02-19, 01:39:19, 23.52, 46.99
2019-02-19, 01:39:20, 23.51, 46.99
2019-02-19, 01:39:21, 23.52, 46.96
2019-02-19, 01:39:23, 23.52, 46.96
2019-02-19, 01:39:24, 23.51, 46.95
2019-02-19, 01:39:25, 23.51, 46.99
2019-02-19, 01:39:27, 23.52, 46.96
2019-02-19, 01:39:28, 23.52, 46.99
2019-02-19, 01:39:29, 23.52, 46.99
2019-02-19, 01:39:31, 23.52, 46.99
2019-02-19, 01:39:32, 23.52, 46.99
2019-02-19, 01:39:33, 23.51, 46.99
2019-02-19, 01:39:35, 23.52, 46.99
2019-02-19, 01:39:36, 23.51, 46.99
2019-02-19, 01:39:37, 23.52, 46.99
2019-02-19, 01:39:39, 23.51, 46.99
2019-02-19, 01:39:40, 23.52, 46.99
2019-02-19, 01:39:42, 23.52, 46.99
2019-02-19, 01:39:43, 23.51, 46.99
2019-02-19, 01:39:44, 23.52, 46.99
2019-02-19, 01:39:46, 23.52, 46.99
2019-02-19, 01:39:47, 23.53, 46.99
2019-02-19, 01:39:48, 23.52, 46.99
2019-02-19, 01:39:50, 23.51, 46.99
2019-02-19, 01:39:51, 23.52, 46.99
2019-02-19, 01:39:52, 23.52, 46.99
2019-02-19, 01:39:54, 23.52, 46.99
2019-02-19, 01:39:55, 23.53, 46.99
2019-02-19, 01:39:56, 23.52, 46.99
2019-02-19, 01:39:58, 23.53, 46.99
2019-02-19, 01:39:59, 23.51, 46.99
2019-02-19, 01:40:01, 23.52, 46.99
2019-02-19, 01:40:02, 23.5, 46.98
2019-02-19, 01:40:03, 23.52, 46.99
2019-02-19, 01:40:05, 23.51, 46.99
2019-02-19, 01:40:06, 23.5, 46.98
2019-02-19, 01:40:07, 23.51, 46.99
2019-02-19, 01:40:09, 23.52, 46.99
2019-02-19, 01:40:10, 23.51, 47.02
2019-02-19, 01:40:11, 23.51, 47.02
2019-02-19, 01:40:13, 23.51, 47.02
2019-02-19, 01:40:14, 23.52, 47.02
2019-02-19, 01:40:15, 23.51, 47.02
2019-02-19, 01:40:17, 23.52, 47.02
2019-02-19, 01:40:18, 23.51, 46.99
2019-02-19, 01:40:20, 23.51, 47.02
2019-02-19, 01:40:21, 23.53, 46.99
2019-02-19, 01:40:22, 23.52, 47.02
2019-02-19, 01:40:24, 23.51, 46.99
2019-02-19, 01:40:25, 23.52, 46.99
2019-02-19, 01:40:26, 23.52, 47.02
2019-02-19, 01:40:28, 23.52, 47.02
2019-02-19, 01:40:29, 23.52, 47.02
2019-02-19, 01:40:30, 23.53, 47.02
2019-02-19, 01:40:32, 23.53, 46.99
2019-02-19, 01:40:33, 23.53, 46.99
2019-02-19, 01:40:34, 23.53, 46.99
2019-02-19, 01:40:36, 23.54, 46.99
2019-02-19, 01:40:37, 23.52, 46.99
2019-02-19, 01:40:39, 23.52, 46.99
2019-02-19, 01:40:40, 23.52, 46.99
2019-02-19, 01:40:41, 23.54, 46.99
2019-02-19, 01:40:43, 23.52, 46.99
2019-02-19, 01:40:44, 23.53, 46.99
2019-02-19, 01:40:45, 23.53, 46.99
2019-02-19, 01:40:47, 23.51, 47.02
2019-02-19, 01:40:48, 23.52, 46.99
2019-02-19, 01:40:49, 23.53, 46.99
2019-02-19, 01:40:51, 23.52, 46.99
2019-02-19, 01:40:52, 23.53, 46.99
2019-02-19, 01:40:53, 23.54, 46.99
2019-02-19, 01:40:55, 23.53, 46.99
2019-02-19, 01:40:56, 23.53, 46.99
2019-02-19, 01:40:58, 23.54, 46.99
2019-02-19, 01:40:59, 23.54, 46.99
2019-02-19, 01:41:00, 23.53, 46.99
2019-02-19, 01:41:02, 23.53, 46.99
2019-02-19, 01:41:03, 23.53, 46.99
2019-02-19, 01:41:04, 23.54, 47.02
2019-02-19, 01:41:06, 23.53, 46.99
2019-02-19, 01:41:07, 23.52, 46.99
2019-02-19, 01:41:08, 23.53, 47.02
2019-02-19, 01:41:10, 23.53, 47.02
2019-02-19, 01:41:11, 23.53, 47.02
2019-02-19, 01:41:12, 23.53, 47.05
2019-02-19, 01:41:14, 23.54, 47.05
2019-02-19, 01:41:15, 23.53, 47.02
2019-02-19, 01:41:17, 23.52, 47.05
2019-02-19, 01:41:18, 23.52, 47.02
2019-02-19, 01:41:19, 23.53, 47.02
2019-02-19, 01:41:21, 23.51, 47.05
2019-02-19, 01:41:22, 23.51, 47.02
2019-02-19, 01:41:23, 23.52, 47.02
2019-02-19, 01:41:25, 23.52, 47.02
2019-02-19, 01:41:26, 23.45, 47.01
2019-02-19, 01:41:27, 23.51, 47.05
2019-02-19, 01:41:29, 23.52, 47.05
2019-02-19, 01:41:30, 23.52, 47.05
2019-02-19, 01:41:32, 23.52, 47.02
2019-02-19, 01:41:33, 23.51, 47.05
2019-02-19, 01:41:34, 23.51, 47.05
2019-02-19, 01:41:36, 23.51, 47.05
2019-02-19, 01:41:37, 23.52, 47.05
2019-02-19, 01:41:38, 23.52, 47.05
2019-02-19, 01:41:40, 23.52, 47.05
2019-02-19, 01:41:41, 23.5, 47.05
2019-02-19, 01:41:42, 23.52, 47.05
2019-02-19, 01:41:44, 23.5, 47.05
2019-02-19, 01:41:45, 23.53, 47.05
2019-02-19, 01:41:46, 23.51, 47.05
2019-02-19, 01:41:48, 23.52, 47.05
2019-02-19, 01:41:49, 23.52, 47.05
2019-02-19, 01:41:51, 23.53, 47.02
2019-02-19, 01:41:52, 23.52, 47.02
2019-02-19, 01:41:53, 23.52, 47.02
2019-02-19, 01:41:55, 23.52, 47.02
2019-02-19, 01:41:56, 23.53, 47.02
2019-02-19, 01:41:57, 23.53, 47.02
2019-02-19, 01:41:59, 23.53, 47.02
2019-02-19, 01:42:00, 23.51, 47.02
2019-02-19, 01:42:01, 23.52, 47.02
2019-02-19, 01:42:03, 23.52, 47.02
2019-02-19, 01:42:04, 23.53, 47.02
2019-02-19, 01:42:05, 23.5, 47.02
2019-02-19, 01:42:07, 23.52, 47.02
2019-02-19, 01:42:08, 23.52, 47.02
2019-02-19, 01:42:09, 23.53, 47.02
2019-02-19, 01:42:11, 23.53, 47.02
2019-02-19, 01:42:12, 23.51, 47.02
2019-02-19, 01:42:14, 23.52, 47.05
2019-02-19, 01:42:15, 23.52, 47.02
2019-02-19, 01:42:16, 23.52, 47.02
2019-02-19, 01:42:18, 23.53, 46.99
2019-02-19, 01:42:19, 23.52, 47.02
2019-02-19, 01:42:20, 23.53, 46.99
2019-02-19, 01:42:22, 23.53, 46.99
2019-02-19, 01:42:23, 23.54, 47.02
2019-02-19, 01:42:25, 23.53, 46.99
2019-02-19, 01:42:26, 23.52, 46.99
2019-02-19, 01:42:27, 23.52, 46.99
2019-02-19, 01:42:29, 23.52, 46.99
2019-02-19, 01:42:30, 23.53, 46.99
2019-02-19, 01:42:31, 23.52, 46.99
2019-02-19, 01:42:33, 23.53, 46.99
2019-02-19, 01:42:34, 23.52, 46.99
2019-02-19, 01:42:35, 23.53, 46.99
2019-02-19, 01:42:37, 23.53, 46.99
2019-02-19, 01:42:38, 23.53, 46.99
2019-02-19, 01:42:39, 23.52, 46.99
2019-02-19, 01:42:41, 23.52, 46.99
2019-02-19, 01:42:42, 23.52, 46.99
2019-02-19, 01:42:44, 23.52, 47.02
2019-02-19, 01:42:45, 23.53, 46.99
2019-02-19, 01:42:46, 23.52, 47.02
2019-02-19, 01:42:48, 23.51, 47.02
2019-02-19, 01:42:49, 23.52, 46.99
2019-02-19, 01:42:50, 23.53, 46.99
2019-02-19, 01:42:52, 23.54, 47.02
2019-02-19, 01:42:53, 23.53, 46.99
2019-02-19, 01:42:54, 23.52, 46.99
2019-02-19, 01:42:56, 23.53, 46.99
2019-02-19, 01:42:57, 23.54, 46.99
2019-02-19, 01:42:58, 23.54, 46.99
2019-02-19, 01:43:00, 23.53, 46.99
2019-02-19, 01:43:01, 23.53, 46.99
2019-02-19, 01:43:02, 23.54, 46.99
2019-02-19, 01:43:04, 23.53, 46.99
2019-02-19, 01:43:05, 23.52, 46.99
2019-02-19, 01:43:07, 23.52, 46.99
2019-02-19, 01:43:08, 23.53, 46.99
2019-02-19, 01:43:09, 23.52, 46.99
2019-02-19, 01:43:11, 23.52, 46.99
2019-02-19, 01:43:12, 23.52, 46.99
2019-02-19, 01:43:13, 23.54, 46.99
2019-02-19, 01:43:15, 23.54, 46.99
2019-02-19, 01:43:16, 23.54, 47.02
2019-02-19, 01:43:17, 23.53, 47.02
2019-02-19, 01:43:19, 23.53, 47.02
2019-02-19, 01:43:20, 23.54, 47.02
2019-02-19, 01:43:21, 23.54, 47.05
2019-02-19, 01:43:23, 23.54, 47.02
2019-02-19, 01:43:24, 23.55, 47.06
2019-02-19, 01:43:25, 23.37, 47.06
2019-02-19, 01:43:27, 23.48, 47.11
2019-02-19, 01:43:28, 23.5, 47.15
2019-02-19, 01:43:30, 23.51, 47.11
2019-02-19, 01:43:31, 23.52, 47.12
2019-02-19, 01:43:32, 23.53, 47.12
2019-02-19, 01:43:34, 23.52, 47.12
2019-02-19, 01:43:35, 23.54, 47.12
2019-02-19, 01:43:36, 23.53, 47.08
2019-02-19, 01:43:38, 23.53, 47.08
2019-02-19, 01:43:39, 23.54, 47.09
2019-02-19, 01:43:40, 23.53, 47.08
2019-02-19, 01:43:42, 23.52, 47.08
2019-02-19, 01:43:43, 23.53, 47.08
2019-02-19, 01:43:44, 23.52, 47.08
2019-02-19, 01:43:46, 23.53, 47.08
2019-02-19, 01:43:47, 23.53, 47.08
2019-02-19, 01:43:48, 23.53, 47.08
2019-02-19, 01:43:50, 23.54, 47.09
2019-02-19, 01:43:51, 23.54, 47.05
2019-02-19, 01:43:53, 23.54, 47.05
2019-02-19, 01:43:54, 23.54, 47.05
2019-02-19, 01:43:55, 23.55, 47.06
2019-02-19, 01:43:57, 23.54, 47.05
2019-02-19, 01:43:58, 23.54, 47.05
2019-02-19, 01:43:59, 23.55, 47.06
2019-02-19, 01:44:01, 23.55, 47.06
2019-02-19, 01:44:02, 23.54, 47.02
2019-02-19, 01:44:03, 23.55, 47.06
2019-02-19, 01:44:05, 23.55, 47.06
2019-02-19, 01:44:06, 23.54, 47.05
2019-02-19, 01:44:07, 23.54, 47.05
2019-02-19, 01:44:09, 23.54, 47.05
2019-02-19, 01:44:10, 23.56, 47.06
2019-02-19, 01:44:11, 23.55, 47.06
2019-02-19, 01:44:13, 23.54, 47.02
2019-02-19, 01:44:14, 23.55, 47.06
2019-02-19, 01:44:16, 23.54, 47.05
2019-02-19, 01:44:17, 23.53, 47.05
2019-02-19, 01:44:18, 23.55, 47.06
2019-02-19, 01:44:20, 23.54, 47.05
2019-02-19, 01:44:21, 23.55, 47.02
2019-02-19, 01:44:22, 23.55, 47.02
2019-02-19, 01:44:24, 23.54, 47.02
2019-02-19, 01:44:25, 23.54, 47.05
2019-02-19, 01:44:26, 23.55, 47.02
2019-02-19, 01:44:28, 23.54, 47.02
2019-02-19, 01:44:29, 23.45, 47.04
2019-02-19, 01:44:30, 23.54, 47.05
2019-02-19, 01:44:32, 23.54, 47.05
2019-02-19, 01:44:33, 23.53, 47.05
2019-02-19, 01:44:35, 23.54, 47.05
2019-02-19, 01:44:36, 23.54, 47.05
2019-02-19, 01:44:37, 23.54, 47.05
2019-02-19, 01:44:39, 23.54, 47.05
2019-02-19, 01:44:40, 23.54, 47.05
2019-02-19, 01:44:41, 23.55, 47.06
2019-02-19, 01:44:43, 23.55, 47.06
2019-02-19, 01:44:44, 23.55, 47.02
2019-02-19, 01:44:45, 23.54, 47.02
2019-02-19, 01:44:47, 23.55, 47.06
2019-02-19, 01:44:48, 23.54, 47.02
2019-02-19, 01:44:49, 23.54, 47.05
2019-02-19, 01:44:51, 23.56, 47.06
2019-02-19, 01:44:52, 23.56, 47.06
2019-02-19, 01:44:54, 23.55, 47.06
2019-02-19, 01:44:55, 23.54, 47.05
2019-02-19, 01:44:56, 23.55, 47.06
2019-02-19, 01:44:58, 23.54, 47.05
2019-02-19, 01:44:59, 23.42, 47.07
2019-02-19, 01:45:00, 23.51, 47.11
2019-02-19, 01:45:02, 23.52, 47.12
2019-02-19, 01:45:03, 23.54, 47.12
2019-02-19, 01:45:04, 23.55, 47.12
2019-02-19, 01:45:06, 23.54, 47.12
2019-02-19, 01:45:07, 23.54, 47.09
2019-02-19, 01:45:08, 23.55, 47.09
2019-02-19, 01:45:10, 23.56, 47.09
2019-02-19, 01:45:11, 23.55, 47.09
2019-02-19, 01:45:13, 23.54, 47.05
2019-02-19, 01:45:14, 23.55, 47.06
2019-02-19, 01:45:15, 23.53, 47.05
2019-02-19, 01:45:17, 23.54, 47.05
2019-02-19, 01:45:18, 23.53, 47.05
2019-02-19, 01:45:19, 23.54, 47.05
2019-02-19, 01:45:21, 23.56, 47.06
2019-02-19, 01:45:22, 23.55, 47.06
2019-02-19, 01:45:23, 23.54, 47.02
2019-02-19, 01:45:25, 23.54, 47.05
2019-02-19, 01:45:26, 23.54, 47.05
2019-02-19, 01:45:27, 23.56, 47.06
2019-02-19, 01:45:29, 23.55, 47.06
2019-02-19, 01:45:30, 23.54, 47.05
2019-02-19, 01:45:31, 23.55, 46.99
2019-02-19, 01:45:33, 23.54, 47.02
2019-02-19, 01:45:34, 23.56, 47.06
2019-02-19, 01:45:35, 23.56, 47.02
2019-02-19, 01:45:37, 23.54, 47.05
2019-02-19, 01:45:38, 23.56, 47.06
2019-02-19, 01:45:40, 23.54, 47.05
2019-02-19, 01:45:41, 23.54, 47.05
2019-02-19, 01:45:42, 23.54, 47.05
2019-02-19, 01:45:44, 23.53, 47.05
2019-02-19, 01:45:45, 23.54, 47.05
2019-02-19, 01:45:46, 23.54, 47.05
2019-02-19, 01:45:48, 23.55, 47.06
2019-02-19, 01:45:49, 23.56, 47.06
2019-02-19, 01:45:50, 23.56, 47.06
2019-02-19, 01:45:52, 23.56, 47.06
2019-02-19, 01:45:53, 23.48, 47.05
2019-02-19, 01:45:54, 23.53, 47.05
2019-02-19, 01:45:56, 23.54, 47.05
2019-02-19, 01:45:57, 23.56, 47.09
2019-02-19, 01:45:59, 23.56, 47.06
2019-02-19, 01:46:00, 23.55, 47.06
2019-02-19, 01:46:01, 23.56, 47.06
2019-02-19, 01:46:03, 23.56, 47.06
2019-02-19, 01:46:04, 23.56, 47.06
2019-02-19, 01:46:05, 23.54, 47.05
2019-02-19, 01:46:07, 23.55, 47.02
2019-02-19, 01:46:08, 23.56, 47.06
2019-02-19, 01:46:09, 23.54, 47.02
2019-02-19, 01:46:11, 23.54, 47.05
2019-02-19, 01:46:12, 23.55, 47.06
2019-02-19, 01:46:13, 23.55, 47.06
2019-02-19, 01:46:15, 23.56, 47.06
2019-02-19, 01:46:16, 23.55, 47.06
2019-02-19, 01:46:17, 23.54, 47.05
2019-02-19, 01:46:19, 23.55, 47.06
2019-02-19, 01:46:20, 23.55, 47.06
2019-02-19, 01:46:22, 23.56, 47.06
2019-02-19, 01:46:23, 23.56, 47.06
2019-02-19, 01:46:24, 23.56, 47.02
2019-02-19, 01:46:26, 23.54, 47.05
2019-02-19, 01:46:27, 23.56, 47.06
2019-02-19, 01:46:28, 23.56, 47.06
2019-02-19, 01:46:30, 23.56, 47.06
2019-02-19, 01:46:31, 23.56, 47.06
2019-02-19, 01:46:32, 23.56, 47.06
2019-02-19, 01:46:34, 23.54, 47.02
2019-02-19, 01:46:35, 23.56, 47.06
2019-02-19, 01:46:36, 23.56, 47.06
2019-02-19, 01:46:38, 23.56, 47.06
2019-02-19, 01:46:39, 23.55, 47.06
2019-02-19, 01:46:40, 23.54, 47.05
2019-02-19, 01:46:42, 23.54, 47.05
2019-02-19, 01:46:43, 23.54, 47.05
2019-02-19, 01:46:45, 23.56, 47.06
2019-02-19, 01:46:46, 23.55, 47.06
2019-02-19, 01:46:47, 23.56, 47.06
2019-02-19, 01:46:49, 23.57, 47.09
2019-02-19, 01:46:50, 23.54, 47.05
2019-02-19, 01:46:51, 23.56, 47.06
2019-02-19, 01:46:53, 23.44, 47.07
2019-02-19, 01:46:54, 23.53, 47.12
2019-02-19, 01:46:55, 23.53, 47.12
2019-02-19, 01:46:57, 23.54, 47.12
2019-02-19, 01:46:58, 23.56, 47.12
2019-02-19, 01:46:59, 23.56, 47.12
2019-02-19, 01:47:01, 23.58, 47.12
2019-02-19, 01:47:02, 23.56, 47.09
2019-02-19, 01:47:04, 23.56, 47.09
2019-02-19, 01:47:05, 23.57, 47.09
2019-02-19, 01:47:06, 23.56, 47.09
2019-02-19, 01:47:08, 23.57, 47.09
2019-02-19, 01:47:09, 23.56, 47.09
2019-02-19, 01:47:10, 23.58, 47.09
2019-02-19, 01:47:12, 23.58, 47.09
2019-02-19, 01:47:13, 23.57, 47.06
2019-02-19, 01:47:14, 23.55, 47.06
2019-02-19, 01:47:16, 23.56, 47.09
2019-02-19, 01:47:17, 23.56, 47.06
2019-02-19, 01:47:18, 23.57, 47.06
2019-02-19, 01:47:20, 23.56, 47.06
2019-02-19, 01:47:21, 23.57, 47.06
2019-02-19, 01:47:22, 23.57, 47.06
2019-02-19, 01:47:24, 23.56, 47.06
2019-02-19, 01:47:25, 23.56, 47.06
2019-02-19, 01:47:27, 23.57, 47.06
2019-02-19, 01:47:28, 23.57, 47.06
2019-02-19, 01:47:29, 23.58, 47.06
2019-02-19, 01:47:31, 23.57, 47.09
2019-02-19, 01:47:32, 23.57, 47.06
2019-02-19, 01:47:33, 23.57, 47.06
2019-02-19, 01:47:35, 23.58, 47.06
2019-02-19, 01:47:36, 23.58, 47.06
2019-02-19, 01:47:37, 23.57, 47.06
2019-02-19, 01:47:39, 23.58, 47.06
2019-02-19, 01:47:40, 23.57, 47.09
2019-02-19, 01:47:41, 23.56, 47.09
2019-02-19, 01:47:43, 23.56, 47.06
2019-02-19, 01:47:44, 23.57, 47.06
2019-02-19, 01:47:46, 23.56, 47.06
2019-02-19, 01:47:47, 23.56, 47.09
2019-02-19, 01:47:48, 23.56, 47.06
2019-02-19, 01:47:50, 23.57, 47.06
2019-02-19, 01:47:51, 23.57, 47.06
2019-02-19, 01:47:52, 23.56, 47.06
2019-02-19, 01:47:54, 23.58, 47.06
2019-02-19, 01:47:55, 23.56, 47.06
2019-02-19, 01:47:56, 23.57, 47.06
2019-02-19, 01:47:58, 23.56, 47.06
2019-02-19, 01:47:59, 23.57, 47.06
2019-02-19, 01:48:00, 23.57, 47.06
2019-02-19, 01:48:02, 23.58, 47.06
2019-02-19, 01:48:03, 23.57, 47.06
2019-02-19, 01:48:05, 23.58, 47.06
2019-02-19, 01:48:06, 23.57, 47.06
2019-02-19, 01:48:07, 23.58, 47.06
2019-02-19, 01:48:09, 23.57, 47.06
2019-02-19, 01:48:10, 23.57, 47.06
2019-02-19, 01:48:11, 23.58, 47.06
2019-02-19, 01:48:13, 23.57, 47.06
2019-02-19, 01:48:14, 23.56, 47.06
2019-02-19, 01:48:15, 23.58, 47.06
2019-02-19, 01:48:17, 23.59, 47.06
2019-02-19, 01:48:18, 23.58, 47.06
2019-02-19, 01:48:19, 23.58, 47.06
2019-02-19, 01:48:21, 23.58, 47.06
2019-02-19, 01:48:22, 23.58, 47.06
2019-02-19, 01:48:23, 23.6, 47.06
2019-02-19, 01:48:25, 23.58, 47.06
2019-02-19, 01:48:26, 23.59, 47.06
2019-02-19, 01:48:28, 23.58, 47.06
2019-02-19, 01:48:29, 23.6, 47.06
2019-02-19, 01:48:30, 23.59, 47.06
2019-02-19, 01:48:32, 23.6, 47.06
2019-02-19, 01:48:33, 23.59, 47.06
2019-02-19, 01:48:34, 23.59, 47.06
2019-02-19, 01:48:36, 23.58, 47.06
2019-02-19, 01:48:37, 23.6, 47.06
2019-02-19, 01:48:38, 23.59, 47.06
2019-02-19, 01:48:40, 23.59, 47.06
2019-02-19, 01:48:41, 23.58, 47.06
2019-02-19, 01:48:42, 23.59, 47.06
2019-02-19, 01:48:44, 23.58, 47.06
2019-02-19, 01:48:45, 23.58, 47.06
2019-02-19, 01:48:46, 23.59, 47.03
2019-02-19, 01:48:48, 23.58, 47.06
2019-02-19, 01:48:49, 23.58, 47.06
2019-02-19, 01:48:51, 23.58, 47.06
2019-02-19, 01:48:52, 23.58, 47.06
2019-02-19, 01:48:53, 23.6, 47.03
2019-02-19, 01:48:55, 23.58, 47.03
2019-02-19, 01:48:56, 23.58, 47.06
2019-02-19, 01:48:57, 23.59, 47.06
2019-02-19, 01:48:59, 23.6, 47.06
2019-02-19, 01:49:00, 23.6, 47.06
2019-02-19, 01:49:01, 23.6, 47.06
2019-02-19, 01:49:03, 23.6, 47.06
2019-02-19, 01:49:04, 23.59, 47.06
2019-02-19, 01:49:05, 23.6, 47.06
2019-02-19, 01:49:07, 23.58, 47.06
2019-02-19, 01:49:08, 23.58, 47.06
2019-02-19, 01:49:09, 23.58, 47.06
2019-02-19, 01:49:11, 23.59, 47.06
2019-02-19, 01:49:12, 23.59, 47.06
2019-02-19, 01:49:14, 23.6, 47.06
2019-02-19, 01:49:15, 23.59, 47.06
2019-02-19, 01:49:16, 23.59, 47.06
2019-02-19, 01:49:18, 23.59, 47.06
2019-02-19, 01:49:19, 23.59, 47.06
2019-02-19, 01:49:20, 23.58, 47.06
2019-02-19, 01:49:22, 23.6, 47.06
2019-02-19, 01:49:23, 23.58, 47.06
2019-02-19, 01:49:24, 23.59, 47.06
2019-02-19, 01:49:26, 23.58, 47.06
2019-02-19, 01:49:27, 23.58, 47.06
2019-02-19, 01:49:28, 23.58, 47.06
2019-02-19, 01:49:30, 23.58, 47.06
2019-02-19, 01:49:31, 23.58, 47.06
2019-02-19, 01:49:32, 23.58, 47.06
2019-02-19, 01:49:34, 23.6, 47.06
2019-02-19, 01:49:35, 23.6, 47.06
2019-02-19, 01:49:37, 23.59, 47.06
2019-02-19, 01:49:38, 23.6, 47.06
2019-02-19, 01:49:39, 23.59, 47.06
2019-02-19, 01:49:41, 23.6, 47.06
2019-02-19, 01:49:42, 23.6, 47.06
2019-02-19, 01:49:43, 23.59, 47.06
2019-02-19, 01:49:45, 23.6, 47.06
2019-02-19, 01:49:46, 23.6, 47.06
2019-02-19, 01:49:47, 23.6, 47.06
2019-02-19, 01:49:49, 23.59, 47.06
2019-02-19, 01:49:50, 23.6, 47.06
2019-02-19, 01:49:51, 23.58, 47.06
2019-02-19, 01:49:53, 23.58, 47.06
2019-02-19, 01:49:54, 23.6, 47.06
2019-02-19, 01:49:55, 23.47, 47.08
2019-02-19, 01:49:57, 23.56, 47.12
2019-02-19, 01:49:58, 23.56, 47.12
2019-02-19, 01:50:00, 23.58, 47.12
2019-02-19, 01:50:01, 23.58, 47.12
2019-02-19, 01:50:02, 23.58, 47.12
2019-02-19, 01:50:04, 23.58, 47.12
2019-02-19, 01:50:05, 23.58, 47.09
2019-02-19, 01:50:06, 23.6, 47.09
2019-02-19, 01:50:08, 23.58, 47.09
2019-02-19, 01:50:09, 23.6, 47.09
2019-02-19, 01:50:10, 23.6, 47.09
2019-02-19, 01:50:12, 23.59, 47.06
2019-02-19, 01:50:13, 23.58, 47.09
2019-02-19, 01:50:14, 23.58, 47.09
2019-02-19, 01:50:16, 23.6, 47.09
2019-02-19, 01:50:17, 23.6, 47.09
2019-02-19, 01:50:18, 23.6, 47.09
2019-02-19, 01:50:20, 23.59, 47.09
2019-02-19, 01:50:21, 23.59, 47.09
2019-02-19, 01:50:23, 23.59, 47.09
2019-02-19, 01:50:24, 23.59, 47.09
2019-02-19, 01:50:25, 23.59, 47.09
2019-02-19, 01:50:27, 23.6, 47.09
2019-02-19, 01:50:28, 23.59, 47.09
2019-02-19, 01:50:29, 23.6, 47.06
2019-02-19, 01:50:31, 23.58, 47.06
2019-02-19, 01:50:32, 23.6, 47.06
2019-02-19, 01:50:33, 23.6, 47.13
2019-02-19, 01:50:35, 23.6, 47.06
2019-02-19, 01:50:36, 23.6, 47.06
2019-02-19, 01:50:37, 23.6, 47.09
2019-02-19, 01:50:39, 23.6, 47.06
2019-02-19, 01:50:40, 23.6, 47.09
2019-02-19, 01:50:41, 23.59, 47.09
2019-02-19, 01:50:43, 23.6, 47.06
2019-02-19, 01:50:44, 23.59, 47.09
2019-02-19, 01:50:46, 23.6, 47.09
2019-02-19, 01:50:47, 23.61, 47.06
2019-02-19, 01:50:48, 23.6, 47.06
2019-02-19, 01:50:50, 23.6, 47.09
2019-02-19, 01:50:51, 23.61, 47.09
2019-02-19, 01:50:52, 23.6, 47.09
2019-02-19, 01:50:54, 23.6, 47.06
2019-02-19, 01:50:55, 23.6, 47.06
2019-02-19, 01:50:56, 23.61, 47.09
2019-02-19, 01:50:58, 23.6, 47.09
2019-02-19, 01:50:59, 23.61, 47.09
2019-02-19, 01:51:00, 23.6, 47.06
2019-02-19, 01:51:02, 23.6, 47.09
2019-02-19, 01:51:03, 23.61, 47.06
2019-02-19, 01:51:05, 23.61, 47.06
2019-02-19, 01:51:06, 23.61, 47.06
2019-02-19, 01:51:07, 23.6, 47.06
2019-02-19, 01:51:09, 23.61, 47.09
2019-02-19, 01:51:10, 23.6, 47.06
2019-02-19, 01:51:11, 23.61, 47.06
2019-02-19, 01:51:13, 23.6, 47.06
2019-02-19, 01:51:14, 23.6, 47.06
2019-02-19, 01:51:15, 23.61, 47.06
2019-02-19, 01:51:17, 23.61, 47.06
2019-02-19, 01:51:18, 23.61, 47.06
2019-02-19, 01:51:19, 23.6, 47.06
2019-02-19, 01:51:21, 23.61, 47.06
2019-02-19, 01:51:22, 23.61, 47.06
2019-02-19, 01:51:23, 23.62, 47.06
2019-02-19, 01:51:25, 23.61, 47.06
2019-02-19, 01:51:26, 23.61, 47.06
2019-02-19, 01:51:28, 23.6, 47.06
2019-02-19, 01:51:29, 23.62, 47.06
2019-02-19, 01:51:30, 23.61, 47.06
2019-02-19, 01:51:32, 23.6, 47.09
2019-02-19, 01:51:33, 23.6, 47.09
2019-02-19, 01:51:34, 23.6, 47.09
2019-02-19, 01:51:36, 23.59, 47.06
2019-02-19, 01:51:37, 23.6, 47.09
2019-02-19, 01:51:38, 23.6, 47.09
2019-02-19, 01:51:40, 23.61, 47.09
2019-02-19, 01:51:41, 23.6, 47.09
2019-02-19, 01:51:42, 23.6, 47.06
2019-02-19, 01:51:44, 23.6, 47.09
2019-02-19, 01:51:45, 23.6, 47.09
2019-02-19, 01:51:46, 23.6, 47.09
2019-02-19, 01:51:48, 23.6, 47.09
2019-02-19, 01:51:49, 23.6, 47.09
2019-02-19, 01:51:51, 23.6, 47.06
2019-02-19, 01:51:52, 23.59, 47.12
2019-02-19, 01:51:53, 23.58, 47.09
2019-02-19, 01:51:55, 23.61, 47.09
2019-02-19, 01:51:56, 23.61, 47.09
2019-02-19, 01:51:57, 23.62, 47.1
2019-02-19, 01:51:59, 23.62, 47.1
2019-02-19, 01:52:00, 23.62, 47.06
2019-02-19, 01:52:01, 23.61, 47.09
2019-02-19, 01:52:03, 23.62, 47.1
2019-02-19, 01:52:04, 23.62, 47.1
2019-02-19, 01:52:05, 23.61, 47.09
2019-02-19, 01:52:07, 23.62, 47.1
2019-02-19, 01:52:08, 23.61, 47.06
2019-02-19, 01:52:09, 23.61, 47.09
2019-02-19, 01:52:11, 23.61, 47.06
2019-02-19, 01:52:12, 23.6, 47.09
2019-02-19, 01:52:14, 23.62, 47.06
2019-02-19, 01:52:15, 23.6, 47.09
2019-02-19, 01:52:16, 23.6, 47.09
2019-02-19, 01:52:18, 23.61, 47.06
2019-02-19, 01:52:19, 23.61, 47.06
2019-02-19, 01:52:20, 23.62, 47.1
2019-02-19, 01:52:22, 23.62, 47.1
2019-02-19, 01:52:23, 23.62, 47.1
2019-02-19, 01:52:24, 23.62, 47.06
2019-02-19, 01:52:26, 23.59, 47.09
2019-02-19, 01:52:27, 23.6, 47.13
2019-02-19, 01:52:28, 23.6, 47.09
2019-02-19, 01:52:30, 23.61, 47.09
2019-02-19, 01:52:31, 23.6, 47.13
2019-02-19, 01:52:32, 23.6, 47.09
2019-02-19, 01:52:34, 23.61, 47.09
2019-02-19, 01:52:35, 23.61, 47.09
2019-02-19, 01:52:37, 23.61, 47.09
2019-02-19, 01:52:38, 23.62, 47.1
2019-02-19, 01:52:39, 23.62, 47.1
2019-02-19, 01:52:41, 23.62, 47.13
2019-02-19, 01:52:42, 23.62, 47.1
2019-02-19, 01:52:43, 23.62, 47.1
2019-02-19, 01:52:45, 23.62, 47.1
2019-02-19, 01:52:46, 23.62, 47.1
2019-02-19, 01:52:47, 23.6, 47.09
2019-02-19, 01:52:49, 23.6, 47.13
2019-02-19, 01:52:50, 23.59, 47.12
2019-02-19, 01:52:51, 23.6, 47.13
2019-02-19, 01:52:53, 23.6, 47.13
2019-02-19, 01:52:54, 23.61, 47.13
2019-02-19, 01:52:56, 23.61, 47.13
2019-02-19, 01:52:57, 23.59, 47.12
2019-02-19, 01:52:58, 23.6, 47.13
2019-02-19, 01:53:00, 23.59, 47.12
2019-02-19, 01:53:01, 23.61, 47.13
2019-02-19, 01:53:02, 23.61, 47.13
2019-02-19, 01:53:04, 23.6, 47.13
2019-02-19, 01:53:05, 23.62, 47.13
2019-02-19, 01:53:06, 23.6, 47.13
2019-02-19, 01:53:08, 23.59, 47.12
2019-02-19, 01:53:09, 23.62, 47.13
2019-02-19, 01:53:10, 23.61, 47.13
2019-02-19, 01:53:12, 23.61, 47.13
2019-02-19, 01:53:13, 23.61, 47.13
2019-02-19, 01:53:15, 23.6, 47.09
2019-02-19, 01:53:16, 23.62, 47.13
2019-02-19, 01:53:17, 23.6, 47.09
2019-02-19, 01:53:19, 23.62, 47.13
2019-02-19, 01:53:20, 23.61, 47.13
2019-02-19, 01:53:21, 23.61, 47.13
2019-02-19, 01:53:23, 23.62, 47.1
2019-02-19, 01:53:24, 23.62, 47.13
2019-02-19, 01:53:25, 23.6, 47.09
2019-02-19, 01:53:27, 23.6, 47.09
2019-02-19, 01:53:28, 23.61, 47.09
2019-02-19, 01:53:29, 23.6, 47.13
2019-02-19, 01:53:31, 23.6, 47.13
2019-02-19, 01:53:32, 23.6, 47.13
2019-02-19, 01:53:33, 23.61, 47.09
2019-02-19, 01:53:35, 23.6, 47.13
2019-02-19, 01:53:36, 23.6, 47.09
2019-02-19, 01:53:38, 23.62, 47.1
2019-02-19, 01:53:39, 23.62, 47.13
2019-02-19, 01:53:40, 23.61, 47.09
2019-02-19, 01:53:42, 23.62, 47.1
2019-02-19, 01:53:43, 23.62, 47.1
2019-02-19, 01:53:44, 23.61, 47.13
2019-02-19, 01:53:46, 23.62, 47.1
2019-02-19, 01:53:47, 23.62, 47.1
2019-02-19, 01:53:48, 23.47, 47.11
2019-02-19, 01:53:50, 23.58, 47.19
2019-02-19, 01:53:51, 23.59, 47.19
2019-02-19, 01:53:52, 23.6, 47.19
2019-02-19, 01:53:54, 23.6, 47.19
2019-02-19, 01:53:55, 23.6, 47.19
2019-02-19, 01:53:57, 23.6, 47.16
2019-02-19, 01:53:58, 23.6, 47.16
2019-02-19, 01:53:59, 23.6, 47.16
2019-02-19, 01:54:01, 23.6, 47.16
2019-02-19, 01:54:02, 23.6, 47.16
2019-02-19, 01:54:03, 23.61, 47.13
2019-02-19, 01:54:05, 23.6, 47.13
2019-02-19, 01:54:06, 23.61, 47.13
2019-02-19, 01:54:07, 23.61, 47.13
2019-02-19, 01:54:09, 23.6, 47.13
2019-02-19, 01:54:10, 23.6, 47.16
2019-02-19, 01:54:11, 23.6, 47.13
2019-02-19, 01:54:13, 23.6, 47.13
2019-02-19, 01:54:14, 23.6, 47.16
2019-02-19, 01:54:16, 23.6, 47.16
2019-02-19, 01:54:17, 23.6, 47.13
2019-02-19, 01:54:18, 23.62, 47.13
2019-02-19, 01:54:20, 23.61, 47.13
2019-02-19, 01:54:21, 23.62, 47.13
2019-02-19, 01:54:22, 23.6, 47.13
2019-02-19, 01:54:24, 23.61, 47.13
2019-02-19, 01:54:25, 23.61, 47.13
2019-02-19, 01:54:26, 23.62, 47.13
2019-02-19, 01:54:28, 23.62, 47.13
2019-02-19, 01:54:29, 23.62, 47.13
2019-02-19, 01:54:30, 23.63, 47.13
2019-02-19, 01:54:32, 23.62, 47.13
2019-02-19, 01:54:33, 23.62, 47.13
2019-02-19, 01:54:34, 23.62, 47.13
2019-02-19, 01:54:36, 23.62, 47.13
2019-02-19, 01:54:37, 23.62, 47.13
2019-02-19, 01:54:39, 23.62, 47.13
2019-02-19, 01:54:40, 23.62, 47.13
2019-02-19, 01:54:41, 23.62, 47.13
2019-02-19, 01:54:43, 23.62, 47.13
2019-02-19, 01:54:44, 23.62, 47.13
2019-02-19, 01:54:45, 23.62, 47.13
2019-02-19, 01:54:47, 23.62, 47.13
2019-02-19, 01:54:48, 23.63, 47.13
2019-02-19, 01:54:49, 23.62, 47.13
2019-02-19, 01:54:51, 23.62, 47.13
2019-02-19, 01:54:52, 23.61, 47.13
2019-02-19, 01:54:53, 23.62, 47.13
2019-02-19, 01:54:55, 23.61, 47.13
2019-02-19, 01:54:56, 23.62, 47.16
2019-02-19, 01:54:58, 23.63, 47.16
2019-02-19, 01:54:59, 23.62, 47.13
2019-02-19, 01:55:00, 23.63, 47.13
2019-02-19, 01:55:02, 23.62, 47.13
2019-02-19, 01:55:03, 23.62, 47.13
2019-02-19, 01:55:04, 23.62, 47.13
2019-02-19, 01:55:06, 23.62, 47.13
2019-02-19, 01:55:07, 23.62, 47.13
2019-02-19, 01:55:08, 23.63, 47.13
2019-02-19, 01:55:10, 23.63, 47.13
2019-02-19, 01:55:11, 23.63, 47.13
2019-02-19, 01:55:12, 23.63, 47.13
2019-02-19, 01:55:14, 23.63, 47.13
2019-02-19, 01:55:15, 23.63, 47.13
2019-02-19, 01:55:17, 23.63, 47.13
2019-02-19, 01:55:18, 23.62, 47.13
2019-02-19, 01:55:19, 23.62, 47.13
2019-02-19, 01:55:21, 23.62, 47.13
2019-02-19, 01:55:22, 23.64, 47.13
2019-02-19, 01:55:23, 23.64, 47.13
2019-02-19, 01:55:25, 23.63, 47.1
2019-02-19, 01:55:26, 23.63, 47.13
2019-02-19, 01:55:27, 23.64, 47.13
2019-02-19, 01:55:29, 23.64, 47.13
2019-02-19, 01:55:30, 23.63, 47.1
2019-02-19, 01:55:31, 23.62, 47.13
2019-02-19, 01:55:33, 23.62, 47.13
2019-02-19, 01:55:34, 23.63, 47.13
2019-02-19, 01:55:35, 23.62, 47.13
2019-02-19, 01:55:37, 23.62, 47.13
2019-02-19, 01:55:38, 23.63, 47.13
2019-02-19, 01:55:40, 23.62, 47.13
2019-02-19, 01:55:41, 23.63, 47.13
2019-02-19, 01:55:42, 23.62, 47.13
2019-02-19, 01:55:44, 23.63, 47.13
2019-02-19, 01:55:45, 23.62, 47.13
2019-02-19, 01:55:46, 23.58, 47.12
2019-02-19, 01:55:48, 23.61, 47.13
2019-02-19, 01:55:49, 23.6, 47.13
2019-02-19, 01:55:50, 23.61, 47.13
2019-02-19, 01:55:52, 23.61, 47.16
2019-02-19, 01:55:53, 23.62, 47.16
2019-02-19, 01:55:54, 23.61, 47.13
2019-02-19, 01:55:56, 23.6, 47.16
2019-02-19, 01:55:57, 23.6, 47.16
2019-02-19, 01:55:58, 23.59, 47.16
2019-02-19, 01:56:00, 23.59, 47.19
2019-02-19, 01:56:01, 23.59, 47.19
2019-02-19, 01:56:03, 23.61, 47.16
2019-02-19, 01:56:04, 23.6, 47.16
2019-02-19, 01:56:05, 23.61, 47.16
2019-02-19, 01:56:07, 23.6, 47.13
2019-02-19, 01:56:08, 23.61, 47.16
2019-02-19, 01:56:09, 23.6, 47.16
2019-02-19, 01:56:11, 23.61, 47.13
2019-02-19, 01:56:12, 23.6, 47.13
2019-02-19, 01:56:13, 23.6, 47.16
2019-02-19, 01:56:15, 23.62, 47.16
2019-02-19, 01:56:16, 23.62, 47.16
2019-02-19, 01:56:17, 23.61, 47.16
2019-02-19, 01:56:19, 23.62, 47.13
2019-02-19, 01:56:20, 23.61, 47.13
2019-02-19, 01:56:22, 23.61, 47.16
2019-02-19, 01:56:23, 23.61, 47.16
2019-02-19, 01:56:24, 23.62, 47.16
2019-02-19, 01:56:26, 23.6, 47.13
2019-02-19, 01:56:27, 23.6, 47.16
2019-02-19, 01:56:28, 23.62, 47.13
2019-02-19, 01:56:30, 23.62, 47.16
2019-02-19, 01:56:31, 23.62, 47.16
2019-02-19, 01:56:32, 23.62, 47.16
2019-02-19, 01:56:34, 23.6, 47.16
2019-02-19, 01:56:35, 23.61, 47.19
2019-02-19, 01:56:36, 23.61, 47.16
2019-02-19, 01:56:38, 23.61, 47.19
2019-02-19, 01:56:39, 23.61, 47.19
2019-02-19, 01:56:40, 23.62, 47.19
2019-02-19, 01:56:42, 23.61, 47.19
2019-02-19, 01:56:43, 23.6, 47.19
2019-02-19, 01:56:45, 23.61, 47.19
2019-02-19, 01:56:46, 23.6, 47.19
2019-02-19, 01:56:47, 23.61, 47.19
2019-02-19, 01:56:49, 23.61, 47.19
2019-02-19, 01:56:50, 23.62, 47.19
2019-02-19, 01:56:51, 23.47, 47.21
2019-02-19, 01:56:53, 23.57, 47.25
2019-02-19, 01:56:54, 23.58, 47.25
2019-02-19, 01:56:55, 23.6, 47.25
2019-02-19, 01:56:57, 23.6, 47.25
2019-02-19, 01:56:58, 23.58, 47.25
2019-02-19, 01:56:59, 23.6, 47.25
2019-02-19, 01:57:01, 23.6, 47.25
2019-02-19, 01:57:02, 23.6, 47.22
2019-02-19, 01:57:04, 23.61, 47.22
2019-02-19, 01:57:05, 23.6, 47.19
2019-02-19, 01:57:06, 23.6, 47.19
2019-02-19, 01:57:08, 23.6, 47.22
2019-02-19, 01:57:09, 23.62, 47.19
2019-02-19, 01:57:10, 23.61, 47.19
2019-02-19, 01:57:12, 23.6, 47.19
2019-02-19, 01:57:13, 23.6, 47.19
2019-02-19, 01:57:14, 23.61, 47.19
2019-02-19, 01:57:16, 23.48, 47.21
2019-02-19, 01:57:17, 23.57, 47.25
2019-02-19, 01:57:18, 23.59, 47.25
2019-02-19, 01:57:20, 23.6, 47.29
2019-02-19, 01:57:21, 23.58, 47.25
2019-02-19, 01:57:23, 23.6, 47.25
2019-02-19, 01:57:24, 23.6, 47.25
2019-02-19, 01:57:25, 23.6, 47.25
2019-02-19, 01:57:27, 23.6, 47.25
2019-02-19, 01:57:28, 23.6, 47.25
2019-02-19, 01:57:29, 23.61, 47.22
2019-02-19, 01:57:31, 23.6, 47.22
2019-02-19, 01:57:32, 23.61, 47.22
2019-02-19, 01:57:33, 23.61, 47.22
2019-02-19, 01:57:35, 23.6, 47.25
2019-02-19, 01:57:36, 23.59, 47.25
2019-02-19, 01:57:37, 23.6, 47.22
2019-02-19, 01:57:39, 23.6, 47.22
2019-02-19, 01:57:40, 23.6, 47.25
2019-02-19, 01:57:41, 23.6, 47.22
2019-02-19, 01:57:43, 23.6, 47.22
2019-02-19, 01:57:44, 23.59, 47.22
2019-02-19, 01:57:46, 23.59, 47.22
2019-02-19, 01:57:47, 23.58, 47.25
2019-02-19, 01:57:48, 23.58, 47.25
2019-02-19, 01:57:50, 23.58, 47.25
2019-02-19, 01:57:51, 23.58, 47.25
2019-02-19, 01:57:52, 23.58, 47.25
2019-02-19, 01:57:54, 23.58, 47.25
2019-02-19, 01:57:55, 23.59, 47.25
2019-02-19, 01:57:56, 23.59, 47.25
2019-02-19, 01:57:58, 23.59, 47.25
2019-02-19, 01:57:59, 23.6, 47.25
2019-02-19, 01:58:00, 23.6, 47.25
2019-02-19, 01:58:02, 23.58, 47.25
2019-02-19, 01:58:03, 23.59, 47.28
2019-02-19, 01:58:05, 23.58, 47.28
2019-02-19, 01:58:06, 23.59, 47.28
2019-02-19, 01:58:07, 23.6, 47.29
2019-02-19, 01:58:09, 23.59, 47.28
2019-02-19, 01:58:10, 23.6, 47.29
2019-02-19, 01:58:11, 23.61, 47.29
2019-02-19, 01:58:13, 23.6, 47.29
2019-02-19, 01:58:14, 23.6, 47.25
2019-02-19, 01:58:15, 23.6, 47.29
2019-02-19, 01:58:17, 23.6, 47.25
2019-02-19, 01:58:18, 23.6, 47.25
2019-02-19, 01:58:19, 23.61, 47.29
2019-02-19, 01:58:21, 23.6, 47.29
2019-02-19, 01:58:22, 23.59, 47.28
2019-02-19, 01:58:23, 23.59, 47.28
2019-02-19, 01:58:25, 23.6, 47.32
2019-02-19, 01:58:26, 23.6, 47.29
2019-02-19, 01:58:28, 23.6, 47.25
2019-02-19, 01:58:29, 23.6, 47.32
2019-02-19, 01:58:30, 23.6, 47.32
2019-02-19, 01:58:32, 23.6, 47.29
2019-02-19, 01:58:33, 23.61, 47.29
2019-02-19, 01:58:34, 23.59, 47.32
2019-02-19, 01:58:36, 23.6, 47.32
2019-02-19, 01:58:37, 23.61, 47.32
2019-02-19, 01:58:38, 23.59, 47.28
2019-02-19, 01:58:40, 23.6, 47.29
2019-02-19, 01:58:41, 23.61, 47.29
2019-02-19, 01:58:42, 23.59, 47.28
2019-02-19, 01:58:44, 23.6, 47.29
2019-02-19, 01:58:45, 23.44, 47.3
2019-02-19, 01:58:46, 23.55, 47.38
2019-02-19, 01:58:48, 23.57, 47.38
2019-02-19, 01:58:49, 23.58, 47.38
2019-02-19, 01:58:51, 23.57, 47.38
2019-02-19, 01:58:52, 23.57, 47.38
2019-02-19, 01:58:53, 23.59, 47.35
2019-02-19, 01:58:55, 23.58, 47.38
2019-02-19, 01:58:56, 23.57, 47.35
2019-02-19, 01:58:57, 23.59, 47.35
2019-02-19, 01:58:59, 23.58, 47.35
2019-02-19, 01:59:00, 23.58, 47.38
2019-02-19, 01:59:01, 23.59, 47.38
2019-02-19, 01:59:03, 23.59, 47.38
2019-02-19, 01:59:04, 23.58, 47.35
2019-02-19, 01:59:05, 23.58, 47.38
2019-02-19, 01:59:07, 23.57, 47.38
2019-02-19, 01:59:08, 23.56, 47.38
2019-02-19, 01:59:10, 23.57, 47.38
2019-02-19, 01:59:11, 23.57, 47.38
2019-02-19, 01:59:12, 23.57, 47.38
2019-02-19, 01:59:14, 23.57, 47.38
2019-02-19, 01:59:15, 23.58, 47.38
2019-02-19, 01:59:16, 23.58, 47.38
2019-02-19, 01:59:18, 23.58, 47.38
2019-02-19, 01:59:19, 23.58, 47.38
2019-02-19, 01:59:20, 23.57, 47.38
2019-02-19, 01:59:22, 23.57, 47.38
2019-02-19, 01:59:23, 23.57, 47.38
2019-02-19, 01:59:24, 23.57, 47.38
2019-02-19, 01:59:26, 23.57, 47.41
2019-02-19, 01:59:27, 23.56, 47.41
2019-02-19, 01:59:28, 23.56, 47.41
2019-02-19, 01:59:30, 23.56, 47.41
2019-02-19, 01:59:31, 23.57, 47.41
2019-02-19, 01:59:32, 23.57, 47.41
2019-02-19, 01:59:34, 23.57, 47.41
2019-02-19, 01:59:35, 23.57, 47.41
2019-02-19, 01:59:37, 23.58, 47.41
2019-02-19, 01:59:38, 23.57, 47.41
2019-02-19, 01:59:39, 23.55, 47.41
2019-02-19, 01:59:41, 23.56, 47.41
2019-02-19, 01:59:42, 23.56, 47.41
2019-02-19, 01:59:43, 23.56, 47.41
2019-02-19, 01:59:45, 23.56, 47.44
2019-02-19, 01:59:46, 23.56, 47.44
2019-02-19, 01:59:47, 23.55, 47.44
2019-02-19, 01:59:49, 23.56, 47.44
2019-02-19, 01:59:50, 23.56, 47.44
2019-02-19, 01:59:51, 23.56, 47.41
2019-02-19, 01:59:53, 23.55, 47.44
2019-02-19, 01:59:54, 23.56, 47.44
2019-02-19, 01:59:55, 23.57, 47.44
2019-02-19, 01:59:57, 23.57, 47.41
2019-02-19, 01:59:58, 23.56, 47.44
2019-02-19, 02:00:00, 23.56, 47.41
2019-02-19, 02:00:01, 23.56, 47.44
2019-02-19, 02:00:02, 23.54, 47.44
2019-02-19, 02:00:04, 23.56, 47.44
2019-02-19, 02:00:05, 23.55, 47.44
2019-02-19, 02:00:06, 23.55, 47.44
2019-02-19, 02:00:08, 23.55, 47.44
2019-02-19, 02:00:09, 23.55, 47.47
2019-02-19, 02:00:10, 23.55, 47.47
2019-02-19, 02:00:12, 23.54, 47.44
2019-02-19, 02:00:13, 23.55, 47.47
2019-02-19, 02:00:14, 23.54, 47.47
2019-02-19, 02:00:16, 23.55, 47.47
2019-02-19, 02:00:17, 23.54, 47.47
2019-02-19, 02:00:19, 23.56, 47.47
2019-02-19, 02:00:20, 23.56, 47.47
2019-02-19, 02:00:21, 23.55, 47.44
2019-02-19, 02:00:23, 23.54, 47.47
2019-02-19, 02:00:24, 23.56, 47.44
2019-02-19, 02:00:25, 23.56, 47.47
2019-02-19, 02:00:27, 23.56, 47.47
2019-02-19, 02:00:28, 23.56, 47.47
2019-02-19, 02:00:29, 23.54, 47.44
2019-02-19, 02:00:31, 23.55, 47.47
2019-02-19, 02:00:32, 23.55, 47.44
2019-02-19, 02:00:33, 23.54, 47.44
2019-02-19, 02:00:35, 23.55, 47.44
2019-02-19, 02:00:36, 23.53, 47.47
2019-02-19, 02:00:37, 23.54, 47.47
2019-02-19, 02:00:39, 23.54, 47.47
2019-02-19, 02:00:40, 23.54, 47.44
2019-02-19, 02:00:42, 23.54, 47.44
2019-02-19, 02:00:43, 23.54, 47.44
2019-02-19, 02:00:44, 23.54, 47.44
2019-02-19, 02:00:46, 23.55, 47.44
2019-02-19, 02:00:47, 23.54, 47.44
2019-02-19, 02:00:48, 23.56, 47.44
2019-02-19, 02:00:50, 23.55, 47.44
2019-02-19, 02:00:51, 23.56, 47.44
2019-02-19, 02:00:52, 23.56, 47.44
2019-02-19, 02:00:54, 23.55, 47.44
2019-02-19, 02:00:55, 23.55, 47.44
2019-02-19, 02:00:56, 23.55, 47.44
2019-02-19, 02:00:58, 23.54, 47.47
2019-02-19, 02:00:59, 23.56, 47.47
2019-02-19, 02:01:01, 23.55, 47.47
2019-02-19, 02:01:02, 23.55, 47.47
2019-02-19, 02:01:03, 23.55, 47.47
2019-02-19, 02:01:05, 23.55, 47.44
2019-02-19, 02:01:06, 23.55, 47.44
2019-02-19, 02:01:07, 23.56, 47.44
2019-02-19, 02:01:09, 23.55, 47.44
2019-02-19, 02:01:10, 23.56, 47.47
2019-02-19, 02:01:11, 23.54, 47.47
2019-02-19, 02:01:13, 23.52, 47.47
2019-02-19, 02:01:14, 23.54, 47.47
2019-02-19, 02:01:15, 23.54, 47.47
2019-02-19, 02:01:17, 23.55, 47.5
2019-02-19, 02:01:18, 23.55, 47.5
2019-02-19, 02:01:19, 23.55, 47.5
2019-02-19, 02:01:21, 23.53, 47.5
2019-02-19, 02:01:22, 23.54, 47.5
2019-02-19, 02:01:24, 23.53, 47.5
2019-02-19, 02:01:25, 23.54, 47.53
2019-02-19, 02:01:26, 23.55, 47.54
2019-02-19, 02:01:28, 23.54, 47.53
2019-02-19, 02:01:29, 23.54, 47.5
2019-02-19, 02:01:30, 23.55, 47.54
2019-02-19, 02:01:32, 23.54, 47.57
2019-02-19, 02:01:33, 23.55, 47.5
2019-02-19, 02:01:34, 23.54, 47.53
2019-02-19, 02:01:36, 23.54, 47.53
2019-02-19, 02:01:37, 23.54, 47.53
2019-02-19, 02:01:38, 23.54, 47.53
2019-02-19, 02:01:40, 23.54, 47.53
2019-02-19, 02:01:41, 23.53, 47.53
2019-02-19, 02:01:42, 23.48, 47.56
2019-02-19, 02:01:44, 23.51, 47.56
2019-02-19, 02:01:45, 23.53, 47.56
2019-02-19, 02:01:47, 23.52, 47.6
2019-02-19, 02:01:48, 23.53, 47.56
2019-02-19, 02:01:49, 23.53, 47.56
2019-02-19, 02:01:51, 23.53, 47.56
2019-02-19, 02:01:52, 23.52, 47.56
2019-02-19, 02:01:53, 23.52, 47.56
2019-02-19, 02:01:55, 23.52, 47.56
2019-02-19, 02:01:56, 23.54, 47.57
2019-02-19, 02:01:57, 23.54, 47.6
2019-02-19, 02:01:59, 23.54, 47.57
2019-02-19, 02:02:00, 23.53, 47.56
2019-02-19, 02:02:01, 23.54, 47.57
2019-02-19, 02:02:03, 23.52, 47.56
2019-02-19, 02:02:04, 23.54, 47.57
2019-02-19, 02:02:06, 23.52, 47.56
2019-02-19, 02:02:07, 23.52, 47.56
2019-02-19, 02:02:08, 23.54, 47.57
2019-02-19, 02:02:10, 23.54, 47.57
2019-02-19, 02:02:11, 23.54, 47.57
2019-02-19, 02:02:12, 23.54, 47.57
2019-02-19, 02:02:14, 23.53, 47.56
2019-02-19, 02:02:15, 23.54, 47.57
2019-02-19, 02:02:16, 23.54, 47.57
2019-02-19, 02:02:18, 23.55, 47.57
2019-02-19, 02:02:19, 23.54, 47.57
2019-02-19, 02:02:20, 23.56, 47.57
2019-02-19, 02:02:22, 23.54, 47.57
2019-02-19, 02:02:23, 23.55, 47.57
2019-02-19, 02:02:24, 23.54, 47.57
2019-02-19, 02:02:26, 23.55, 47.57
2019-02-19, 02:02:27, 23.54, 47.57
2019-02-19, 02:02:29, 23.54, 47.53
2019-02-19, 02:02:30, 23.54, 47.53
2019-02-19, 02:02:31, 23.53, 47.56
2019-02-19, 02:02:33, 23.54, 47.57
2019-02-19, 02:02:34, 23.54, 47.57
2019-02-19, 02:02:35, 23.56, 47.57
2019-02-19, 02:02:37, 23.55, 47.57
2019-02-19, 02:02:38, 23.54, 47.57
2019-02-19, 02:02:39, 23.54, 47.57
2019-02-19, 02:02:41, 23.53, 47.6
2019-02-19, 02:02:42, 23.54, 47.6
2019-02-19, 02:02:43, 23.54, 47.6
2019-02-19, 02:02:45, 23.53, 47.6
2019-02-19, 02:02:46, 23.54, 47.63
2019-02-19, 02:02:48, 23.56, 47.6
2019-02-19, 02:02:49, 23.55, 47.63
2019-02-19, 02:02:50, 23.55, 47.6
2019-02-19, 02:02:52, 23.54, 47.63
2019-02-19, 02:02:53, 23.55, 47.63
2019-02-19, 02:02:54, 23.55, 47.63
2019-02-19, 02:02:56, 23.54, 47.63
2019-02-19, 02:02:57, 23.54, 47.63
2019-02-19, 02:02:58, 23.54, 47.63
2019-02-19, 02:03:00, 23.53, 47.63
2019-02-19, 02:03:01, 23.54, 47.63
2019-02-19, 02:03:02, 23.55, 47.63
2019-02-19, 02:03:04, 23.53, 47.63
2019-02-19, 02:03:05, 23.53, 47.66
2019-02-19, 02:03:07, 23.52, 47.66
2019-02-19, 02:03:08, 23.53, 47.66
2019-02-19, 02:03:09, 23.53, 47.66
2019-02-19, 02:03:11, 23.52, 47.66
2019-02-19, 02:03:12, 23.39, 47.67
2019-02-19, 02:03:13, 23.5, 47.72
2019-02-19, 02:03:15, 23.5, 47.72
2019-02-19, 02:03:16, 23.5, 47.72
2019-02-19, 02:03:17, 23.52, 47.72
2019-02-19, 02:03:19, 23.51, 47.72
2019-02-19, 02:03:20, 23.52, 47.69
2019-02-19, 02:03:21, 23.52, 47.69
2019-02-19, 02:03:23, 23.53, 47.69
2019-02-19, 02:03:24, 23.52, 47.69
2019-02-19, 02:03:25, 23.53, 47.66
2019-02-19, 02:03:27, 23.52, 47.69
2019-02-19, 02:03:28, 23.54, 47.69
2019-02-19, 02:03:30, 23.52, 47.69
2019-02-19, 02:03:31, 23.53, 47.66
2019-02-19, 02:03:32, 23.54, 47.69
2019-02-19, 02:03:34, 23.53, 47.69
2019-02-19, 02:03:35, 23.54, 47.69
2019-02-19, 02:03:36, 23.52, 47.69
2019-02-19, 02:03:38, 23.52, 47.69
2019-02-19, 02:03:39, 23.53, 47.69
2019-02-19, 02:03:40, 23.54, 47.69
2019-02-19, 02:03:42, 23.52, 47.69
2019-02-19, 02:03:43, 23.53, 47.69
2019-02-19, 02:03:44, 23.53, 47.69
2019-02-19, 02:03:46, 23.54, 47.66
2019-02-19, 02:03:47, 23.54, 47.69
2019-02-19, 02:03:49, 23.53, 47.69
2019-02-19, 02:03:50, 23.52, 47.69
2019-02-19, 02:03:51, 23.52, 47.69
2019-02-19, 02:03:53, 23.53, 47.69
2019-02-19, 02:03:54, 23.53, 47.69
2019-02-19, 02:03:55, 23.52, 47.66
2019-02-19, 02:03:57, 23.53, 47.69
2019-02-19, 02:03:58, 23.52, 47.66
2019-02-19, 02:03:59, 23.54, 47.66
2019-02-19, 02:04:01, 23.52, 47.66
2019-02-19, 02:04:02, 23.53, 47.66
2019-02-19, 02:04:03, 23.53, 47.69
2019-02-19, 02:04:05, 23.52, 47.69
2019-02-19, 02:04:06, 23.53, 47.69
2019-02-19, 02:04:07, 23.52, 47.69
2019-02-19, 02:04:09, 23.53, 47.69
2019-02-19, 02:04:10, 23.52, 47.72
2019-02-19, 02:04:12, 23.52, 47.69
2019-02-19, 02:04:13, 23.54, 47.69
2019-02-19, 02:04:14, 23.53, 47.69
2019-02-19, 02:04:16, 23.46, 47.72
2019-02-19, 02:04:17, 23.5, 47.72
2019-02-19, 02:04:18, 23.52, 47.75
2019-02-19, 02:04:20, 23.52, 47.72
2019-02-19, 02:04:21, 23.53, 47.72
2019-02-19, 02:04:22, 23.52, 47.69
2019-02-19, 02:04:24, 23.51, 47.72
2019-02-19, 02:04:25, 23.52, 47.72
2019-02-19, 02:04:26, 23.52, 47.72
2019-02-19, 02:04:28, 23.52, 47.75
2019-02-19, 02:04:29, 23.52, 47.72
2019-02-19, 02:04:31, 23.52, 47.72
2019-02-19, 02:04:32, 23.52, 47.75
2019-02-19, 02:04:33, 23.53, 47.72
2019-02-19, 02:04:35, 23.52, 47.72
2019-02-19, 02:04:36, 23.52, 47.72
2019-02-19, 02:04:37, 23.51, 47.72
2019-02-19, 02:04:39, 23.51, 47.72
2019-02-19, 02:04:40, 23.52, 47.72
2019-02-19, 02:04:41, 23.52, 47.72
2019-02-19, 02:04:43, 23.52, 47.72
2019-02-19, 02:04:44, 23.52, 47.72
2019-02-19, 02:04:45, 23.52, 47.72
2019-02-19, 02:04:47, 23.53, 47.69
2019-02-19, 02:04:48, 23.52, 47.72
2019-02-19, 02:04:49, 23.52, 47.72
2019-02-19, 02:04:51, 23.53, 47.72
2019-02-19, 02:04:52, 23.53, 47.72
2019-02-19, 02:04:54, 23.53, 47.72
2019-02-19, 02:04:55, 23.52, 47.72
2019-02-19, 02:04:56, 23.54, 47.73
2019-02-19, 02:04:58, 23.52, 47.72
2019-02-19, 02:04:59, 23.52, 47.72
2019-02-19, 02:05:00, 23.52, 47.69
2019-02-19, 02:05:02, 23.52, 47.75
2019-02-19, 02:05:03, 23.53, 47.69
2019-02-19, 02:05:04, 23.52, 47.72
2019-02-19, 02:05:06, 23.52, 47.72
2019-02-19, 02:05:07, 23.52, 47.72
2019-02-19, 02:05:09, 23.52, 47.72
2019-02-19, 02:05:10, 23.52, 47.72
2019-02-19, 02:05:11, 23.52, 47.75
2019-02-19, 02:05:13, 23.53, 47.72
2019-02-19, 02:05:14, 23.53, 47.76
2019-02-19, 02:05:15, 23.51, 47.72
2019-02-19, 02:05:17, 23.52, 47.75
2019-02-19, 02:05:18, 23.52, 47.75
2019-02-19, 02:05:19, 23.52, 47.75
2019-02-19, 02:05:21, 23.52, 47.75
2019-02-19, 02:05:22, 23.53, 47.76
2019-02-19, 02:05:23, 23.52, 47.75
2019-02-19, 02:05:25, 23.53, 47.76
2019-02-19, 02:05:26, 23.53, 47.76
2019-02-19, 02:05:27, 23.54, 47.76
2019-02-19, 02:05:29, 23.54, 47.76
2019-02-19, 02:05:30, 23.52, 47.75
2019-02-19, 02:05:32, 23.53, 47.76
2019-02-19, 02:05:33, 23.53, 47.76
2019-02-19, 02:05:34, 23.52, 47.75
2019-02-19, 02:05:36, 23.53, 47.76
2019-02-19, 02:05:37, 23.52, 47.75
2019-02-19, 02:05:38, 23.52, 47.75
2019-02-19, 02:05:40, 23.53, 47.76
2019-02-19, 02:05:41, 23.53, 47.76
2019-02-19, 02:05:42, 23.54, 47.76
2019-02-19, 02:05:44, 23.52, 47.79
2019-02-19, 02:05:45, 23.52, 47.75
2019-02-19, 02:05:46, 23.53, 47.76
2019-02-19, 02:05:48, 23.52, 47.82
2019-02-19, 02:05:49, 23.51, 47.79
2019-02-19, 02:05:51, 23.51, 47.79
2019-02-19, 02:05:52, 23.52, 47.79
2019-02-19, 02:05:53, 23.52, 47.79
2019-02-19, 02:05:55, 23.51, 47.79
2019-02-19, 02:05:56, 23.52, 47.82
2019-02-19, 02:05:57, 23.52, 47.82
2019-02-19, 02:05:59, 23.53, 47.79
2019-02-19, 02:06:00, 23.52, 47.79
2019-02-19, 02:06:01, 23.52, 47.82
2019-02-19, 02:06:03, 23.52, 47.82
2019-02-19, 02:06:04, 23.52, 47.82
2019-02-19, 02:06:06, 23.53, 47.82
2019-02-19, 02:06:07, 23.52, 47.82
2019-02-19, 02:06:08, 23.51, 47.82
2019-02-19, 02:06:10, 23.51, 47.82
2019-02-19, 02:06:11, 23.52, 47.82
2019-02-19, 02:06:12, 23.5, 47.82
2019-02-19, 02:06:14, 23.5, 47.82
2019-02-19, 02:06:15, 23.51, 47.82
2019-02-19, 02:06:16, 23.51, 47.82
2019-02-19, 02:06:18, 23.51, 47.82
2019-02-19, 02:06:19, 23.51, 47.82
2019-02-19, 02:06:20, 23.51, 47.82
2019-02-19, 02:06:22, 23.52, 47.82
2019-02-19, 02:06:23, 23.51, 47.82
2019-02-19, 02:06:25, 23.52, 47.82
2019-02-19, 02:06:26, 23.51, 47.82
2019-02-19, 02:06:27, 23.51, 47.82
2019-02-19, 02:06:29, 23.52, 47.82
2019-02-19, 02:06:30, 23.53, 47.82
2019-02-19, 02:06:31, 23.52, 47.82
2019-02-19, 02:06:33, 23.52, 47.82
2019-02-19, 02:06:34, 23.52, 47.82
2019-02-19, 02:06:35, 23.52, 47.82
2019-02-19, 02:06:37, 23.51, 47.82
2019-02-19, 02:06:38, 23.53, 47.82
2019-02-19, 02:06:39, 23.42, 47.81
2019-02-19, 02:06:41, 23.49, 47.85
2019-02-19, 02:06:42, 23.51, 47.85
2019-02-19, 02:06:44, 23.51, 47.85
2019-02-19, 02:06:45, 23.52, 47.85
2019-02-19, 02:06:46, 23.5, 47.85
2019-02-19, 02:06:48, 23.52, 47.85
2019-02-19, 02:06:49, 23.52, 47.85
2019-02-19, 02:06:50, 23.52, 47.85
2019-02-19, 02:06:52, 23.52, 47.85
2019-02-19, 02:06:53, 23.5, 47.85
2019-02-19, 02:06:54, 23.5, 47.88
2019-02-19, 02:06:56, 23.48, 47.85
2019-02-19, 02:06:57, 23.5, 47.85
2019-02-19, 02:06:58, 23.52, 47.85
2019-02-19, 02:07:00, 23.52, 47.88
2019-02-19, 02:07:01, 23.52, 47.85
2019-02-19, 02:07:02, 23.5, 47.88
2019-02-19, 02:07:04, 23.51, 47.88
2019-02-19, 02:07:05, 23.52, 47.85
2019-02-19, 02:07:07, 23.52, 47.85
2019-02-19, 02:07:08, 23.52, 47.88
2019-02-19, 02:07:09, 23.5, 47.85
2019-02-19, 02:07:11, 23.51, 47.85
2019-02-19, 02:07:12, 23.52, 47.85
2019-02-19, 02:07:13, 23.52, 47.85
2019-02-19, 02:07:15, 23.51, 47.85
2019-02-19, 02:07:16, 23.51, 47.82
2019-02-19, 02:07:17, 23.51, 47.82
2019-02-19, 02:07:19, 23.52, 47.82
2019-02-19, 02:07:20, 23.52, 47.82
2019-02-19, 02:07:21, 23.52, 47.85
2019-02-19, 02:07:23, 23.54, 47.82
2019-02-19, 02:07:24, 23.53, 47.85
2019-02-19, 02:07:25, 23.53, 47.82
2019-02-19, 02:07:27, 23.54, 47.82
2019-02-19, 02:07:28, 23.53, 47.85
2019-02-19, 02:07:30, 23.53, 47.82
2019-02-19, 02:07:31, 23.53, 47.82
2019-02-19, 02:07:32, 23.53, 47.85
2019-02-19, 02:07:34, 23.54, 47.85
2019-02-19, 02:07:35, 23.53, 47.82
2019-02-19, 02:07:36, 23.54, 47.85
2019-02-19, 02:07:38, 23.53, 47.85
2019-02-19, 02:07:39, 23.39, 47.87
2019-02-19, 02:07:40, 23.48, 47.91
2019-02-19, 02:07:42, 23.5, 47.94
2019-02-19, 02:07:43, 23.5, 47.94
2019-02-19, 02:07:44, 23.51, 47.91
2019-02-19, 02:07:46, 23.52, 47.91
2019-02-19, 02:07:47, 23.52, 47.91
2019-02-19, 02:07:48, 23.52, 47.88
2019-02-19, 02:07:50, 23.52, 47.88
2019-02-19, 02:07:51, 23.54, 47.89
2019-02-19, 02:07:53, 23.54, 47.89
2019-02-19, 02:07:54, 23.54, 47.89
2019-02-19, 02:07:55, 23.53, 47.88
2019-02-19, 02:07:57, 23.53, 47.85
2019-02-19, 02:07:58, 23.53, 47.88
2019-02-19, 02:07:59, 23.52, 47.88
2019-02-19, 02:08:01, 23.52, 47.88
2019-02-19, 02:08:02, 23.53, 47.85
2019-02-19, 02:08:03, 23.54, 47.89
2019-02-19, 02:08:05, 23.54, 47.85
2019-02-19, 02:08:06, 23.54, 47.85
2019-02-19, 02:08:07, 23.54, 47.89
2019-02-19, 02:08:09, 23.54, 47.85
2019-02-19, 02:08:10, 23.54, 47.85
2019-02-19, 02:08:11, 23.55, 47.89
2019-02-19, 02:08:13, 23.51, 47.88
2019-02-19, 02:08:14, 23.53, 47.88
2019-02-19, 02:08:16, 23.54, 47.85
2019-02-19, 02:08:17, 23.54, 47.89
2019-02-19, 02:08:18, 23.54, 47.89
2019-02-19, 02:08:20, 23.53, 47.88
2019-02-19, 02:08:21, 23.54, 47.89
2019-02-19, 02:08:22, 23.54, 47.89
2019-02-19, 02:08:24, 23.53, 47.88
2019-02-19, 02:08:25, 23.53, 47.88
2019-02-19, 02:08:26, 23.54, 47.89
2019-02-19, 02:08:28, 23.53, 47.88
2019-02-19, 02:08:29, 23.54, 47.92
2019-02-19, 02:08:30, 23.54, 47.89
2019-02-19, 02:08:32, 23.54, 47.89
2019-02-19, 02:08:33, 23.54, 47.89
2019-02-19, 02:08:35, 23.54, 47.89
2019-02-19, 02:08:36, 23.54, 47.89
2019-02-19, 02:08:37, 23.54, 47.89
2019-02-19, 02:08:39, 23.37, 47.9
2019-02-19, 02:08:40, 23.48, 47.97
2019-02-19, 02:08:41, 23.5, 48.01
2019-02-19, 02:08:43, 23.52, 47.98
2019-02-19, 02:08:44, 23.52, 47.98
2019-02-19, 02:08:45, 23.52, 47.95
2019-02-19, 02:08:47, 23.52, 47.95
2019-02-19, 02:08:48, 23.52, 47.95
2019-02-19, 02:08:49, 23.53, 47.95
2019-02-19, 02:08:51, 23.52, 47.95
2019-02-19, 02:08:52, 23.52, 47.91
2019-02-19, 02:08:53, 23.53, 47.92
2019-02-19, 02:08:55, 23.53, 47.92
2019-02-19, 02:08:56, 23.54, 47.89
2019-02-19, 02:08:57, 23.53, 47.88
2019-02-19, 02:08:59, 23.52, 47.91
2019-02-19, 02:09:00, 23.52, 47.91
2019-02-19, 02:09:02, 23.52, 47.91
2019-02-19, 02:09:03, 23.52, 47.91
2019-02-19, 02:09:04, 23.52, 47.91
2019-02-19, 02:09:06, 23.52, 47.88
2019-02-19, 02:09:07, 23.52, 47.91
2019-02-19, 02:09:08, 23.52, 47.91
2019-02-19, 02:09:10, 23.54, 47.95
2019-02-19, 02:09:11, 23.52, 47.91
2019-02-19, 02:09:12, 23.46, 47.91
2019-02-19, 02:09:14, 23.51, 47.91
2019-02-19, 02:09:15, 23.52, 47.95
2019-02-19, 02:09:16, 23.54, 47.95
2019-02-19, 02:09:18, 23.54, 47.95
2019-02-19, 02:09:19, 23.54, 47.92
2019-02-19, 02:09:21, 23.54, 47.92
2019-02-19, 02:09:22, 23.54, 47.92
2019-02-19, 02:09:23, 23.53, 47.92
2019-02-19, 02:09:25, 23.53, 47.88
2019-02-19, 02:09:26, 23.52, 47.91
2019-02-19, 02:09:27, 23.55, 47.92
2019-02-19, 02:09:29, 23.54, 47.92
2019-02-19, 02:09:30, 23.54, 47.92
2019-02-19, 02:09:31, 23.53, 47.92
2019-02-19, 02:09:33, 23.54, 47.92
2019-02-19, 02:09:34, 23.54, 47.92
2019-02-19, 02:09:35, 23.55, 47.92
2019-02-19, 02:09:37, 23.54, 47.92
2019-02-19, 02:09:38, 23.53, 47.92
2019-02-19, 02:09:39, 23.52, 47.88
2019-02-19, 02:09:41, 23.54, 47.92
2019-02-19, 02:09:42, 23.44, 47.9
2019-02-19, 02:09:44, 23.52, 47.95
2019-02-19, 02:09:45, 23.52, 47.95
2019-02-19, 02:09:46, 23.52, 47.95
2019-02-19, 02:09:48, 23.53, 47.95
2019-02-19, 02:09:49, 23.52, 47.95
2019-02-19, 02:09:50, 23.54, 47.92
2019-02-19, 02:09:52, 23.55, 47.95
2019-02-19, 02:09:53, 23.54, 47.95
2019-02-19, 02:09:54, 23.54, 47.95
2019-02-19, 02:09:56, 23.55, 47.92
2019-02-19, 02:09:57, 23.54, 47.95
2019-02-19, 02:09:58, 23.54, 47.92
2019-02-19, 02:10:00, 23.55, 47.95
2019-02-19, 02:10:01, 23.55, 47.95
2019-02-19, 02:10:03, 23.54, 47.92
2019-02-19, 02:10:04, 23.54, 47.95
2019-02-19, 02:10:05, 23.53, 47.95
2019-02-19, 02:10:07, 23.54, 47.95
2019-02-19, 02:10:08, 23.54, 47.95
2019-02-19, 02:10:09, 23.54, 47.95
2019-02-19, 02:10:11, 23.54, 47.95
2019-02-19, 02:10:12, 23.52, 47.95
2019-02-19, 02:10:13, 23.54, 47.95
2019-02-19, 02:10:15, 23.54, 47.95
2019-02-19, 02:10:16, 23.54, 47.95
2019-02-19, 02:10:17, 23.54, 47.95
2019-02-19, 02:10:19, 23.55, 47.95
2019-02-19, 02:10:20, 23.54, 47.95
2019-02-19, 02:10:22, 23.54, 47.92
2019-02-19, 02:10:23, 23.54, 47.92
2019-02-19, 02:10:24, 23.54, 47.92
2019-02-19, 02:10:26, 23.54, 47.95
2019-02-19, 02:10:27, 23.54, 47.95
2019-02-19, 02:10:28, 23.55, 47.95
2019-02-19, 02:10:30, 23.54, 47.92
2019-02-19, 02:10:31, 23.56, 47.95
2019-02-19, 02:10:32, 23.56, 47.95
2019-02-19, 02:10:34, 23.55, 47.92
2019-02-19, 02:10:35, 23.55, 47.92
2019-02-19, 02:10:36, 23.56, 47.92
2019-02-19, 02:10:38, 23.54, 47.95
2019-02-19, 02:10:39, 23.56, 47.95
2019-02-19, 02:10:40, 23.57, 47.95
2019-02-19, 02:10:42, 23.41, 47.93
2019-02-19, 02:10:43, 23.51, 48.01
2019-02-19, 02:10:45, 23.53, 48.01
2019-02-19, 02:10:46, 23.53, 48.01
2019-02-19, 02:10:47, 23.54, 48.01
2019-02-19, 02:10:49, 23.54, 48.01
2019-02-19, 02:10:50, 23.55, 48.01
2019-02-19, 02:10:51, 23.54, 47.98
2019-02-19, 02:10:53, 23.52, 47.98
2019-02-19, 02:10:54, 23.54, 47.98
2019-02-19, 02:10:55, 23.53, 47.98
2019-02-19, 02:10:57, 23.53, 47.98
2019-02-19, 02:10:58, 23.54, 47.98
2019-02-19, 02:10:59, 23.54, 47.98
2019-02-19, 02:11:01, 23.54, 47.98
2019-02-19, 02:11:02, 23.54, 47.98
2019-02-19, 02:11:04, 23.54, 47.98
2019-02-19, 02:11:05, 23.54, 47.98
2019-02-19, 02:11:06, 23.54, 47.98
2019-02-19, 02:11:08, 23.53, 47.95
2019-02-19, 02:11:09, 23.54, 47.98
2019-02-19, 02:11:10, 23.54, 47.98
2019-02-19, 02:11:12, 23.38, 47.96
2019-02-19, 02:11:13, 23.5, 48.04
2019-02-19, 02:11:14, 23.52, 48.07
2019-02-19, 02:11:16, 23.53, 48.04
2019-02-19, 02:11:17, 23.53, 48.04
2019-02-19, 02:11:18, 23.53, 48.04
2019-02-19, 02:11:20, 23.53, 48.01
2019-02-19, 02:11:21, 23.54, 48.01
2019-02-19, 02:11:22, 23.54, 48.01
2019-02-19, 02:11:24, 23.53, 48.01
2019-02-19, 02:11:25, 23.54, 48.01
2019-02-19, 02:11:27, 23.54, 47.98
2019-02-19, 02:11:28, 23.54, 47.98
2019-02-19, 02:11:29, 23.55, 47.95
2019-02-19, 02:11:31, 23.55, 47.95
2019-02-19, 02:11:32, 23.55, 47.95
2019-02-19, 02:11:33, 23.55, 47.95
2019-02-19, 02:11:35, 23.56, 47.95
2019-02-19, 02:11:36, 23.56, 47.95
2019-02-19, 02:11:37, 23.56, 47.95
2019-02-19, 02:11:39, 23.55, 47.95
2019-02-19, 02:11:40, 23.57, 47.95
2019-02-19, 02:11:41, 23.54, 47.95
2019-02-19, 02:11:43, 23.55, 47.95
2019-02-19, 02:11:44, 23.56, 47.95
2019-02-19, 02:11:45, 23.55, 47.95
2019-02-19, 02:11:47, 23.56, 47.95
2019-02-19, 02:11:48, 23.56, 47.95
2019-02-19, 02:11:50, 23.55, 47.95
2019-02-19, 02:11:51, 23.57, 47.95
2019-02-19, 02:11:52, 23.56, 47.95
2019-02-19, 02:11:54, 23.56, 47.95
2019-02-19, 02:11:55, 23.56, 47.95
2019-02-19, 02:11:56, 23.56, 47.95
2019-02-19, 02:11:58, 23.58, 47.95
2019-02-19, 02:11:59, 23.57, 47.95
2019-02-19, 02:12:00, 23.57, 47.95
2019-02-19, 02:12:02, 23.55, 47.95
2019-02-19, 02:12:03, 23.55, 47.95
2019-02-19, 02:12:04, 23.56, 47.95
2019-02-19, 02:12:06, 23.45, 47.94
2019-02-19, 02:12:07, 23.51, 48.01
2019-02-19, 02:12:09, 23.53, 48.01
2019-02-19, 02:12:10, 23.54, 48.01
2019-02-19, 02:12:11, 23.54, 48.01
2019-02-19, 02:12:13, 23.56, 48.02
2019-02-19, 02:12:14, 23.56, 48.02
2019-02-19, 02:12:15, 23.54, 48.01
2019-02-19, 02:12:17, 23.55, 48.01
2019-02-19, 02:12:18, 23.56, 48.02
2019-02-19, 02:12:19, 23.56, 47.98
2019-02-19, 02:12:21, 23.57, 47.98
2019-02-19, 02:12:22, 23.56, 47.98
2019-02-19, 02:12:23, 23.56, 47.98
2019-02-19, 02:12:25, 23.56, 47.98
2019-02-19, 02:12:26, 23.56, 47.98
2019-02-19, 02:12:28, 23.55, 47.95
2019-02-19, 02:12:29, 23.57, 47.98
2019-02-19, 02:12:30, 23.56, 47.98
2019-02-19, 02:12:32, 23.55, 47.95
2019-02-19, 02:12:33, 23.55, 47.95
2019-02-19, 02:12:34, 23.57, 47.95
2019-02-19, 02:12:36, 23.56, 47.98
2019-02-19, 02:12:37, 23.57, 47.95
2019-02-19, 02:12:38, 23.54, 47.98
2019-02-19, 02:12:40, 23.56, 47.98
2019-02-19, 02:12:41, 23.56, 47.95
2019-02-19, 02:12:42, 23.56, 47.98
2019-02-19, 02:12:44, 23.57, 47.95
2019-02-19, 02:12:45, 23.56, 47.98
2019-02-19, 02:12:46, 23.57, 47.95
2019-02-19, 02:12:48, 23.57, 47.95
2019-02-19, 02:12:49, 23.57, 47.95
2019-02-19, 02:12:51, 23.56, 47.95
2019-02-19, 02:12:52, 23.56, 47.95
2019-02-19, 02:12:53, 23.58, 47.95
2019-02-19, 02:12:55, 23.58, 47.95
2019-02-19, 02:12:56, 23.56, 47.92
2019-02-19, 02:12:57, 23.57, 47.95
2019-02-19, 02:12:59, 23.58, 47.95
2019-02-19, 02:13:00, 23.58, 47.95
2019-02-19, 02:13:01, 23.57, 47.95
2019-02-19, 02:13:03, 23.57, 47.95
2019-02-19, 02:13:04, 23.57, 47.95
2019-02-19, 02:13:05, 23.43, 47.97
2019-02-19, 02:13:07, 23.52, 48.01
2019-02-19, 02:13:08, 23.55, 48.05
2019-02-19, 02:13:09, 23.55, 48.01
2019-02-19, 02:13:11, 23.57, 48.02
2019-02-19, 02:13:12, 23.56, 48.02
2019-02-19, 02:13:14, 23.56, 47.98
2019-02-19, 02:13:15, 23.56, 48.02
2019-02-19, 02:13:16, 23.56, 47.98
2019-02-19, 02:13:18, 23.57, 47.98
2019-02-19, 02:13:19, 23.57, 47.95
2019-02-19, 02:13:20, 23.56, 47.98
2019-02-19, 02:13:22, 23.57, 47.98
2019-02-19, 02:13:23, 23.57, 47.98
2019-02-19, 02:13:24, 23.58, 47.99
2019-02-19, 02:13:26, 23.58, 47.99
2019-02-19, 02:13:27, 23.58, 47.95
2019-02-19, 02:13:28, 23.58, 47.95
2019-02-19, 02:13:30, 23.59, 47.96
2019-02-19, 02:13:31, 23.59, 47.96
2019-02-19, 02:13:32, 23.59, 47.96
2019-02-19, 02:13:34, 23.58, 47.95
2019-02-19, 02:13:35, 23.58, 47.99
2019-02-19, 02:13:37, 23.56, 47.95
2019-02-19, 02:13:38, 23.58, 47.95
2019-02-19, 02:13:39, 23.55, 47.95
2019-02-19, 02:13:41, 23.57, 47.95
2019-02-19, 02:13:42, 23.59, 47.96
2019-02-19, 02:13:43, 23.59, 47.96
2019-02-19, 02:13:45, 23.58, 47.95
2019-02-19, 02:13:46, 23.58, 47.95
2019-02-19, 02:13:47, 23.59, 47.96
2019-02-19, 02:13:49, 23.6, 47.96
2019-02-19, 02:13:50, 23.59, 47.96
2019-02-19, 02:13:51, 23.59, 47.96
2019-02-19, 02:13:53, 23.59, 47.92
2019-02-19, 02:13:54, 23.6, 47.96
2019-02-19, 02:13:56, 23.59, 47.96
2019-02-19, 02:13:57, 23.58, 47.95
2019-02-19, 02:13:58, 23.59, 47.96
2019-02-19, 02:14:00, 23.6, 47.96
2019-02-19, 02:14:01, 23.59, 47.96
2019-02-19, 02:14:02, 23.6, 47.96
2019-02-19, 02:14:04, 23.6, 47.92
2019-02-19, 02:14:05, 23.59, 47.92
2019-02-19, 02:14:06, 23.59, 47.96
2019-02-19, 02:14:08, 23.6, 47.96
2019-02-19, 02:14:09, 23.5, 47.91
2019-02-19, 02:14:10, 23.58, 47.95
2019-02-19, 02:14:12, 23.59, 47.96
2019-02-19, 02:14:13, 23.58, 47.95
2019-02-19, 02:14:15, 23.59, 47.96
2019-02-19, 02:14:16, 23.6, 47.96
2019-02-19, 02:14:17, 23.59, 47.96
2019-02-19, 02:14:19, 23.6, 47.96
2019-02-19, 02:14:20, 23.58, 47.95
2019-02-19, 02:14:21, 23.6, 47.96
2019-02-19, 02:14:23, 23.6, 47.96
2019-02-19, 02:14:24, 23.61, 47.96
2019-02-19, 02:14:25, 23.59, 47.96
2019-02-19, 02:14:27, 23.6, 47.96
2019-02-19, 02:14:28, 23.61, 47.96
2019-02-19, 02:14:29, 23.6, 47.96
2019-02-19, 02:14:31, 23.6, 47.96
2019-02-19, 02:14:32, 23.6, 47.96
2019-02-19, 02:14:33, 23.59, 47.96
2019-02-19, 02:14:35, 23.59, 47.96
2019-02-19, 02:14:36, 23.6, 47.99
2019-02-19, 02:14:38, 23.59, 47.96
2019-02-19, 02:14:39, 23.53, 47.95
2019-02-19, 02:14:40, 23.58, 47.99
2019-02-19, 02:14:42, 23.58, 47.95
2019-02-19, 02:14:43, 23.6, 47.99
2019-02-19, 02:14:44, 23.6, 47.99
2019-02-19, 02:14:46, 23.6, 47.96
2019-02-19, 02:14:47, 23.6, 47.96
2019-02-19, 02:14:48, 23.6, 47.96
2019-02-19, 02:14:50, 23.59, 47.96
2019-02-19, 02:14:51, 23.61, 47.96
2019-02-19, 02:14:52, 23.59, 47.96
2019-02-19, 02:14:54, 23.6, 47.96
2019-02-19, 02:14:55, 23.59, 47.96
2019-02-19, 02:14:56, 23.6, 47.96
2019-02-19, 02:14:58, 23.59, 47.96
2019-02-19, 02:14:59, 23.6, 47.96
2019-02-19, 02:15:01, 23.59, 47.96
2019-02-19, 02:15:02, 23.6, 47.96
2019-02-19, 02:15:03, 23.6, 47.96
2019-02-19, 02:15:05, 23.6, 47.96
2019-02-19, 02:15:06, 23.61, 47.96
2019-02-19, 02:15:07, 23.6, 47.96
2019-02-19, 02:15:09, 23.6, 47.96
2019-02-19, 02:15:10, 23.6, 47.96
2019-02-19, 02:15:11, 23.58, 47.95
2019-02-19, 02:15:13, 23.6, 47.96
2019-02-19, 02:15:14, 23.61, 47.96
2019-02-19, 02:15:15, 23.58, 47.95
2019-02-19, 02:15:17, 23.59, 47.96
2019-02-19, 02:15:18, 23.59, 47.99
2019-02-19, 02:15:20, 23.6, 47.96
2019-02-19, 02:15:21, 23.59, 47.96
2019-02-19, 02:15:22, 23.6, 47.96
2019-02-19, 02:15:24, 23.6, 47.96
2019-02-19, 02:15:25, 23.61, 47.99
2019-02-19, 02:15:26, 23.61, 47.96
2019-02-19, 02:15:28, 23.6, 47.96
2019-02-19, 02:15:29, 23.61, 47.96
2019-02-19, 02:15:30, 23.61, 47.99
2019-02-19, 02:15:32, 23.6, 47.96
2019-02-19, 02:15:33, 23.62, 47.96
2019-02-19, 02:15:34, 23.6, 47.96
2019-02-19, 02:15:36, 23.62, 47.96
2019-02-19, 02:15:37, 23.61, 47.96
2019-02-19, 02:15:39, 23.62, 47.96
2019-02-19, 02:15:40, 23.6, 47.96
2019-02-19, 02:15:41, 23.61, 47.96
2019-02-19, 02:15:43, 23.62, 47.96
2019-02-19, 02:15:44, 23.61, 47.96
2019-02-19, 02:15:45, 23.62, 47.96
2019-02-19, 02:15:47, 23.62, 47.96
2019-02-19, 02:15:48, 23.62, 47.96
2019-02-19, 02:15:49, 23.62, 47.99
2019-02-19, 02:15:51, 23.62, 47.96
2019-02-19, 02:15:52, 23.62, 47.96
2019-02-19, 02:15:53, 23.63, 47.96
2019-02-19, 02:15:55, 23.63, 47.99
2019-02-19, 02:15:56, 23.62, 47.96
2019-02-19, 02:15:58, 23.61, 47.96
2019-02-19, 02:15:59, 23.62, 47.96
2019-02-19, 02:16:00, 23.63, 47.96
2019-02-19, 02:16:02, 23.62, 47.96
2019-02-19, 02:16:03, 23.61, 47.96
2019-02-19, 02:16:04, 23.62, 47.96
2019-02-19, 02:16:06, 23.61, 47.96
2019-02-19, 02:16:07, 23.6, 47.96
2019-02-19, 02:16:08, 23.62, 47.96
2019-02-19, 02:16:10, 23.62, 47.99
2019-02-19, 02:16:11, 23.62, 47.96
2019-02-19, 02:16:12, 23.62, 47.99
2019-02-19, 02:16:14, 23.6, 47.96
2019-02-19, 02:16:15, 23.61, 47.99
2019-02-19, 02:16:17, 23.62, 47.96
2019-02-19, 02:16:18, 23.61, 47.96
2019-02-19, 02:16:19, 23.62, 47.96
2019-02-19, 02:16:21, 23.6, 47.96
2019-02-19, 02:16:22, 23.61, 47.96
2019-02-19, 02:16:23, 23.62, 47.96
2019-02-19, 02:16:25, 23.61, 47.96
2019-02-19, 02:16:26, 23.62, 47.96
2019-02-19, 02:16:27, 23.62, 47.96
2019-02-19, 02:16:29, 23.61, 47.96
2019-02-19, 02:16:30, 23.62, 47.96
2019-02-19, 02:16:31, 23.62, 47.96
2019-02-19, 02:16:33, 23.62, 47.93
2019-02-19, 02:16:34, 23.61, 47.96
2019-02-19, 02:16:36, 23.62, 47.96
2019-02-19, 02:16:37, 23.62, 47.96
2019-02-19, 02:16:38, 23.63, 47.96
2019-02-19, 02:16:40, 23.62, 47.96
2019-02-19, 02:16:41, 23.62, 47.96
2019-02-19, 02:16:42, 23.6, 47.96
2019-02-19, 02:16:44, 23.62, 47.96
2019-02-19, 02:16:45, 23.62, 47.96
2019-02-19, 02:16:46, 23.62, 47.96
2019-02-19, 02:16:48, 23.61, 47.96
2019-02-19, 02:16:49, 23.62, 47.96
2019-02-19, 02:16:50, 23.62, 47.96
2019-02-19, 02:16:52, 23.62, 47.96
2019-02-19, 02:16:53, 23.62, 47.96
2019-02-19, 02:16:55, 23.63, 47.96
2019-02-19, 02:16:56, 23.62, 47.96
2019-02-19, 02:16:57, 23.61, 47.96
2019-02-19, 02:16:59, 23.62, 47.96
2019-02-19, 02:17:00, 23.65, 47.96
2019-02-19, 02:17:01, 23.62, 47.96
2019-02-19, 02:17:03, 23.62, 47.96
2019-02-19, 02:17:04, 23.62, 47.96
2019-02-19, 02:17:05, 23.62, 47.96
2019-02-19, 02:17:07, 23.62, 47.99
2019-02-19, 02:17:08, 23.62, 47.99
2019-02-19, 02:17:10, 23.64, 47.99
2019-02-19, 02:17:11, 23.64, 47.99
2019-02-19, 02:17:12, 23.63, 47.96
2019-02-19, 02:17:14, 23.63, 47.99
2019-02-19, 02:17:15, 23.62, 47.96
2019-02-19, 02:17:16, 23.64, 47.96
2019-02-19, 02:17:18, 23.63, 47.96
2019-02-19, 02:17:19, 23.63, 47.96
2019-02-19, 02:17:20, 23.64, 47.96
2019-02-19, 02:17:22, 23.63, 47.96
2019-02-19, 02:17:23, 23.62, 47.96
2019-02-19, 02:17:24, 23.63, 47.99
2019-02-19, 02:17:26, 23.63, 47.99
2019-02-19, 02:17:27, 23.64, 47.99
2019-02-19, 02:17:28, 23.64, 48.03
2019-02-19, 02:17:30, 23.63, 47.99
2019-02-19, 02:17:31, 23.62, 48.02
2019-02-19, 02:17:33, 23.62, 48.02
2019-02-19, 02:17:34, 23.62, 48.02
2019-02-19, 02:17:35, 23.62, 48.02
2019-02-19, 02:17:37, 23.64, 48.03
2019-02-19, 02:17:38, 23.64, 48.03
2019-02-19, 02:17:39, 23.63, 48.02
2019-02-19, 02:17:41, 23.63, 48.02
2019-02-19, 02:17:42, 23.62, 48.02
2019-02-19, 02:17:43, 23.64, 48.03
2019-02-19, 02:17:45, 23.64, 48.03
2019-02-19, 02:17:46, 23.63, 48.02
2019-02-19, 02:17:47, 23.63, 48.02
2019-02-19, 02:17:49, 23.63, 48.02
2019-02-19, 02:17:50, 23.63, 48.02
2019-02-19, 02:17:51, 23.62, 48.02
2019-02-19, 02:17:53, 23.63, 48.06
2019-02-19, 02:17:54, 23.64, 48.06
2019-02-19, 02:17:56, 23.64, 48.03
2019-02-19, 02:17:57, 23.64, 48.03
2019-02-19, 02:17:58, 23.64, 48.06
2019-02-19, 02:18:00, 23.63, 48.02
2019-02-19, 02:18:01, 23.62, 48.06
2019-02-19, 02:18:02, 23.63, 48.02
2019-02-19, 02:18:04, 23.64, 48.03
2019-02-19, 02:18:05, 23.63, 48.02
2019-02-19, 02:18:06, 23.63, 48.02
2019-02-19, 02:18:08, 23.64, 48.03
2019-02-19, 02:18:09, 23.62, 48.02
2019-02-19, 02:18:10, 23.64, 48.06
2019-02-19, 02:18:12, 23.63, 48.02
2019-02-19, 02:18:13, 23.64, 48.03
2019-02-19, 02:18:15, 23.63, 48.02
2019-02-19, 02:18:16, 23.64, 48.03
2019-02-19, 02:18:17, 23.64, 48.06
2019-02-19, 02:18:19, 23.64, 48.06
2019-02-19, 02:18:20, 23.64, 48.03
2019-02-19, 02:18:21, 23.64, 48.06
2019-02-19, 02:18:23, 23.62, 48.02
2019-02-19, 02:18:24, 23.63, 48.06
2019-02-19, 02:18:25, 23.64, 48.06
2019-02-19, 02:18:27, 23.65, 48.03
2019-02-19, 02:18:28, 23.63, 48.06
2019-02-19, 02:18:29, 23.64, 48.03
2019-02-19, 02:18:31, 23.63, 48.02
2019-02-19, 02:18:32, 23.64, 48.03
2019-02-19, 02:18:34, 23.64, 48.06
2019-02-19, 02:18:35, 23.64, 48.06
2019-02-19, 02:18:36, 23.62, 48.06
2019-02-19, 02:18:38, 23.62, 48.06
2019-02-19, 02:18:39, 23.62, 48.06
2019-02-19, 02:18:40, 23.62, 48.09
2019-02-19, 02:18:42, 23.62, 48.09
2019-02-19, 02:18:43, 23.62, 48.06
2019-02-19, 02:18:44, 23.63, 48.06
2019-02-19, 02:18:46, 23.62, 48.06
2019-02-19, 02:18:47, 23.62, 48.09
2019-02-19, 02:18:48, 23.62, 48.06
2019-02-19, 02:18:50, 23.63, 48.06
2019-02-19, 02:18:51, 23.63, 48.09
2019-02-19, 02:18:53, 23.65, 48.06
2019-02-19, 02:18:54, 23.64, 48.09
2019-02-19, 02:18:55, 23.64, 48.09
2019-02-19, 02:18:57, 23.64, 48.06
2019-02-19, 02:18:58, 23.64, 48.09
2019-02-19, 02:18:59, 23.63, 48.06
2019-02-19, 02:19:01, 23.62, 48.09
2019-02-19, 02:19:02, 23.61, 48.05
2019-02-19, 02:19:03, 23.62, 48.09
2019-02-19, 02:19:05, 23.62, 48.06
2019-02-19, 02:19:06, 23.62, 48.09
2019-02-19, 02:19:07, 23.64, 48.06
2019-02-19, 02:19:09, 23.62, 48.06
2019-02-19, 02:19:10, 23.62, 48.09
2019-02-19, 02:19:12, 23.64, 48.09
2019-02-19, 02:19:13, 23.64, 48.06
2019-02-19, 02:19:14, 23.64, 48.09
2019-02-19, 02:19:16, 23.64, 48.06
2019-02-19, 02:19:17, 23.64, 48.09
2019-02-19, 02:19:18, 23.64, 48.06
2019-02-19, 02:19:20, 23.64, 48.06
2019-02-19, 02:19:21, 23.63, 48.09
2019-02-19, 02:19:22, 23.64, 48.09
2019-02-19, 02:19:24, 23.64, 48.06
2019-02-19, 02:19:25, 23.63, 48.09
2019-02-19, 02:19:26, 23.63, 48.06
2019-02-19, 02:19:28, 23.62, 48.09
2019-02-19, 02:19:29, 23.63, 48.09
2019-02-19, 02:19:30, 23.64, 48.09
2019-02-19, 02:19:32, 23.63, 48.09
2019-02-19, 02:19:33, 23.63, 48.09
2019-02-19, 02:19:35, 23.62, 48.09
2019-02-19, 02:19:36, 23.62, 48.09
2019-02-19, 02:19:37, 23.62, 48.09
2019-02-19, 02:19:39, 23.6, 48.08
2019-02-19, 02:19:40, 23.6, 48.08
2019-02-19, 02:19:41, 23.6, 48.12
2019-02-19, 02:19:43, 23.63, 48.09
2019-02-19, 02:19:44, 23.62, 48.09
2019-02-19, 02:19:45, 23.62, 48.09
2019-02-19, 02:19:47, 23.63, 48.09
2019-02-19, 02:19:48, 23.62, 48.09
2019-02-19, 02:19:49, 23.62, 48.09
2019-02-19, 02:19:51, 23.63, 48.09
2019-02-19, 02:19:52, 23.63, 48.12
2019-02-19, 02:19:54, 23.63, 48.09
2019-02-19, 02:19:55, 23.62, 48.12
2019-02-19, 02:19:56, 23.62, 48.09
2019-02-19, 02:19:58, 23.64, 48.09
2019-02-19, 02:19:59, 23.62, 48.09
2019-02-19, 02:20:00, 23.56, 48.08
2019-02-19, 02:20:02, 23.61, 48.12
2019-02-19, 02:20:03, 23.61, 48.12
2019-02-19, 02:20:04, 23.62, 48.12
2019-02-19, 02:20:06, 23.6, 48.12
2019-02-19, 02:20:07, 23.62, 48.12
2019-02-19, 02:20:08, 23.61, 48.12
2019-02-19, 02:20:10, 23.62, 48.09
2019-02-19, 02:20:11, 23.62, 48.12
2019-02-19, 02:20:13, 23.61, 48.12
2019-02-19, 02:20:14, 23.62, 48.09
2019-02-19, 02:20:15, 23.61, 48.15
2019-02-19, 02:20:17, 23.6, 48.12
2019-02-19, 02:20:18, 23.61, 48.15
2019-02-19, 02:20:19, 23.61, 48.15
2019-02-19, 02:20:21, 23.6, 48.12
2019-02-19, 02:20:22, 23.61, 48.15
2019-02-19, 02:20:23, 23.6, 48.15
2019-02-19, 02:20:25, 23.6, 48.12
2019-02-19, 02:20:26, 23.6, 48.15
2019-02-19, 02:20:27, 23.6, 48.15
2019-02-19, 02:20:29, 23.6, 48.15
2019-02-19, 02:20:30, 23.6, 48.15
2019-02-19, 02:20:32, 23.6, 48.15
2019-02-19, 02:20:33, 23.6, 48.15
2019-02-19, 02:20:34, 23.61, 48.15
2019-02-19, 02:20:36, 23.62, 48.15
2019-02-19, 02:20:37, 23.61, 48.15
2019-02-19, 02:20:38, 23.62, 48.15
2019-02-19, 02:20:40, 23.61, 48.15
2019-02-19, 02:20:41, 23.62, 48.12
2019-02-19, 02:20:42, 23.62, 48.12
2019-02-19, 02:20:44, 23.62, 48.12
2019-02-19, 02:20:45, 23.62, 48.12
2019-02-19, 02:20:46, 23.62, 48.12
2019-02-19, 02:20:48, 23.62, 48.15
2019-02-19, 02:20:49, 23.62, 48.15
2019-02-19, 02:20:50, 23.62, 48.15
2019-02-19, 02:20:52, 23.61, 48.09
2019-02-19, 02:20:53, 23.62, 48.12
2019-02-19, 02:20:55, 23.62, 48.12
2019-02-19, 02:20:56, 23.61, 48.12
2019-02-19, 02:20:57, 23.62, 48.12
2019-02-19, 02:20:59, 23.62, 48.12
2019-02-19, 02:21:00, 23.62, 48.15
2019-02-19, 02:21:01, 23.62, 48.12
2019-02-19, 02:21:03, 23.63, 48.12
2019-02-19, 02:21:04, 23.62, 48.15
2019-02-19, 02:21:05, 23.62, 48.15
2019-02-19, 02:21:07, 23.62, 48.15
2019-02-19, 02:21:08, 23.63, 48.15
2019-02-19, 02:21:09, 23.62, 48.15
2019-02-19, 02:21:11, 23.62, 48.15
2019-02-19, 02:21:12, 23.62, 48.15
2019-02-19, 02:21:14, 23.62, 48.15
2019-02-19, 02:21:15, 23.62, 48.15
2019-02-19, 02:21:16, 23.62, 48.15
2019-02-19, 02:21:18, 23.63, 48.15
2019-02-19, 02:21:19, 23.63, 48.15
2019-02-19, 02:21:20, 23.62, 48.15
2019-02-19, 02:21:22, 23.62, 48.18
2019-02-19, 02:21:23, 23.62, 48.15
2019-02-19, 02:21:24, 23.62, 48.15
2019-02-19, 02:21:26, 23.61, 48.18
2019-02-19, 02:21:27, 23.62, 48.15
2019-02-19, 02:21:28, 23.62, 48.18
2019-02-19, 02:21:30, 23.48, 48.16
2019-02-19, 02:21:31, 23.58, 48.21
2019-02-19, 02:21:32, 23.59, 48.21
2019-02-19, 02:21:34, 23.6, 48.21
2019-02-19, 02:21:35, 23.6, 48.21
2019-02-19, 02:21:37, 23.62, 48.21
2019-02-19, 02:21:38, 23.61, 48.21
2019-02-19, 02:21:39, 23.6, 48.21
2019-02-19, 02:21:41, 23.6, 48.21
2019-02-19, 02:21:42, 23.6, 48.21
2019-02-19, 02:21:43, 23.6, 48.21
2019-02-19, 02:21:45, 23.61, 48.21
2019-02-19, 02:21:46, 23.6, 48.21
2019-02-19, 02:21:47, 23.6, 48.21
2019-02-19, 02:21:49, 23.61, 48.21
2019-02-19, 02:21:50, 23.62, 48.21
2019-02-19, 02:21:51, 23.6, 48.21
2019-02-19, 02:21:53, 23.62, 48.21
2019-02-19, 02:21:54, 23.61, 48.21
2019-02-19, 02:21:55, 23.6, 48.18
2019-02-19, 02:21:57, 23.61, 48.21
2019-02-19, 02:21:58, 23.6, 48.21
2019-02-19, 02:22:00, 23.59, 48.21
2019-02-19, 02:22:01, 23.6, 48.21
2019-02-19, 02:22:02, 23.61, 48.21
2019-02-19, 02:22:04, 23.6, 48.21
2019-02-19, 02:22:05, 23.61, 48.21
2019-02-19, 02:22:06, 23.6, 48.21
2019-02-19, 02:22:08, 23.61, 48.21
2019-02-19, 02:22:09, 23.61, 48.21
2019-02-19, 02:22:10, 23.61, 48.21
2019-02-19, 02:22:12, 23.61, 48.21
2019-02-19, 02:22:13, 23.61, 48.21
2019-02-19, 02:22:14, 23.62, 48.21
2019-02-19, 02:22:16, 23.6, 48.21
2019-02-19, 02:22:17, 23.61, 48.21
2019-02-19, 02:22:18, 23.6, 48.21
2019-02-19, 02:22:20, 23.61, 48.21
2019-02-19, 02:22:21, 23.6, 48.21
2019-02-19, 02:22:23, 23.6, 48.21
2019-02-19, 02:22:24, 23.59, 48.21
2019-02-19, 02:22:25, 23.59, 48.21
2019-02-19, 02:22:27, 23.6, 48.24
2019-02-19, 02:22:28, 23.6, 48.24
2019-02-19, 02:22:29, 23.6, 48.24
2019-02-19, 02:22:31, 23.6, 48.28
2019-02-19, 02:22:32, 23.57, 48.24
2019-02-19, 02:22:33, 23.57, 48.27
2019-02-19, 02:22:35, 23.6, 48.28
2019-02-19, 02:22:36, 23.6, 48.28
2019-02-19, 02:22:37, 23.59, 48.27
2019-02-19, 02:22:39, 23.59, 48.27
2019-02-19, 02:22:40, 23.58, 48.24
2019-02-19, 02:22:41, 23.59, 48.24
2019-02-19, 02:22:43, 23.59, 48.24
2019-02-19, 02:22:44, 23.58, 48.24
2019-02-19, 02:22:46, 23.6, 48.24
2019-02-19, 02:22:47, 23.6, 48.24
2019-02-19, 02:22:48, 23.6, 48.24
2019-02-19, 02:22:50, 23.6, 48.24
2019-02-19, 02:22:51, 23.58, 48.27
2019-02-19, 02:22:52, 23.6, 48.24
2019-02-19, 02:22:54, 23.6, 48.24
2019-02-19, 02:22:55, 23.6, 48.28
2019-02-19, 02:22:56, 23.59, 48.24
2019-02-19, 02:22:58, 23.59, 48.27
2019-02-19, 02:22:59, 23.59, 48.27
2019-02-19, 02:23:00, 23.6, 48.28
2019-02-19, 02:23:02, 23.6, 48.28
2019-02-19, 02:23:03, 23.6, 48.28
2019-02-19, 02:23:05, 23.6, 48.28
2019-02-19, 02:23:06, 23.6, 48.28
2019-02-19, 02:23:07, 23.6, 48.28
2019-02-19, 02:23:09, 23.6, 48.28
2019-02-19, 02:23:10, 23.6, 48.28
2019-02-19, 02:23:11, 23.6, 48.28
2019-02-19, 02:23:13, 23.6, 48.28
2019-02-19, 02:23:14, 23.59, 48.27
2019-02-19, 02:23:15, 23.6, 48.28
2019-02-19, 02:23:17, 23.6, 48.28
2019-02-19, 02:23:18, 23.59, 48.27
2019-02-19, 02:23:19, 23.6, 48.28
2019-02-19, 02:23:21, 23.6, 48.28
2019-02-19, 02:23:22, 23.59, 48.27
2019-02-19, 02:23:23, 23.59, 48.27
2019-02-19, 02:23:25, 23.59, 48.27
2019-02-19, 02:23:26, 23.59, 48.27
2019-02-19, 02:23:28, 23.58, 48.27
2019-02-19, 02:23:29, 23.59, 48.27
2019-02-19, 02:23:30, 23.59, 48.27
2019-02-19, 02:23:32, 23.58, 48.27
2019-02-19, 02:23:33, 23.58, 48.31
2019-02-19, 02:23:34, 23.58, 48.27
2019-02-19, 02:23:36, 23.58, 48.31
2019-02-19, 02:23:37, 23.6, 48.31
2019-02-19, 02:23:38, 23.59, 48.31
2019-02-19, 02:23:40, 23.59, 48.31
2019-02-19, 02:23:41, 23.57, 48.3
2019-02-19, 02:23:43, 23.58, 48.31
2019-02-19, 02:23:44, 23.59, 48.31
2019-02-19, 02:23:45, 23.59, 48.31
2019-02-19, 02:23:47, 23.59, 48.31
2019-02-19, 02:23:48, 23.59, 48.31
2019-02-19, 02:23:49, 23.59, 48.31
2019-02-19, 02:23:51, 23.58, 48.27
2019-02-19, 02:23:52, 23.58, 48.31
2019-02-19, 02:23:53, 23.58, 48.31
2019-02-19, 02:23:55, 23.58, 48.31
2019-02-19, 02:23:56, 23.58, 48.31
2019-02-19, 02:23:57, 23.55, 48.3
2019-02-19, 02:23:59, 23.58, 48.31
2019-02-19, 02:24:00, 23.58, 48.34
2019-02-19, 02:24:02, 23.58, 48.34
2019-02-19, 02:24:03, 23.59, 48.34
2019-02-19, 02:24:04, 23.58, 48.31
2019-02-19, 02:24:06, 23.58, 48.34
2019-02-19, 02:24:07, 23.58, 48.34
2019-02-19, 02:24:08, 23.58, 48.34
2019-02-19, 02:24:10, 23.57, 48.34
2019-02-19, 02:24:11, 23.57, 48.34
2019-02-19, 02:24:12, 23.57, 48.34
2019-02-19, 02:24:14, 23.58, 48.34
2019-02-19, 02:24:15, 23.57, 48.34
2019-02-19, 02:24:16, 23.57, 48.34
2019-02-19, 02:24:18, 23.57, 48.3
2019-02-19, 02:24:19, 23.56, 48.33
2019-02-19, 02:24:20, 23.56, 48.33
2019-02-19, 02:24:22, 23.57, 48.34
2019-02-19, 02:24:23, 23.57, 48.34
2019-02-19, 02:24:25, 23.58, 48.34
2019-02-19, 02:24:26, 23.57, 48.34
2019-02-19, 02:24:27, 23.51, 48.33
2019-02-19, 02:24:29, 23.56, 48.37
2019-02-19, 02:24:30, 23.57, 48.4
2019-02-19, 02:24:31, 23.56, 48.4
2019-02-19, 02:24:33, 23.57, 48.37
2019-02-19, 02:24:34, 23.56, 48.37
2019-02-19, 02:24:35, 23.56, 48.37
2019-02-19, 02:24:37, 23.55, 48.37
2019-02-19, 02:24:38, 23.55, 48.4
2019-02-19, 02:24:39, 23.56, 48.37
2019-02-19, 02:24:41, 23.55, 48.37
2019-02-19, 02:24:42, 23.56, 48.4
2019-02-19, 02:24:44, 23.55, 48.37
2019-02-19, 02:24:45, 23.56, 48.37
2019-02-19, 02:24:46, 23.56, 48.4
2019-02-19, 02:24:48, 23.55, 48.4
2019-02-19, 02:24:49, 23.54, 48.4
2019-02-19, 02:24:50, 23.54, 48.4
2019-02-19, 02:24:52, 23.54, 48.4
2019-02-19, 02:24:53, 23.53, 48.39
2019-02-19, 02:24:54, 23.54, 48.4
2019-02-19, 02:24:56, 23.54, 48.4
2019-02-19, 02:24:57, 23.54, 48.4
2019-02-19, 02:24:58, 23.55, 48.4
2019-02-19, 02:25:00, 23.55, 48.4
2019-02-19, 02:25:01, 23.56, 48.4
2019-02-19, 02:25:02, 23.54, 48.4
2019-02-19, 02:25:04, 23.55, 48.4
2019-02-19, 02:25:05, 23.55, 48.4
2019-02-19, 02:25:07, 23.55, 48.4
2019-02-19, 02:25:08, 23.55, 48.4
2019-02-19, 02:25:09, 23.55, 48.37
2019-02-19, 02:25:11, 23.55, 48.4
2019-02-19, 02:25:12, 23.55, 48.37
2019-02-19, 02:25:13, 23.55, 48.37
2019-02-19, 02:25:15, 23.54, 48.4
2019-02-19, 02:25:16, 23.54, 48.4
2019-02-19, 02:25:17, 23.54, 48.4
2019-02-19, 02:25:19, 23.56, 48.4
2019-02-19, 02:25:20, 23.55, 48.4
2019-02-19, 02:25:21, 23.54, 48.43
2019-02-19, 02:25:23, 23.54, 48.4
2019-02-19, 02:25:24, 23.56, 48.43
2019-02-19, 02:25:25, 23.55, 48.43
2019-02-19, 02:25:27, 23.44, 48.45
2019-02-19, 02:25:28, 23.52, 48.46
2019-02-19, 02:25:30, 23.53, 48.46
2019-02-19, 02:25:31, 23.53, 48.46
2019-02-19, 02:25:32, 23.52, 48.46
2019-02-19, 02:25:34, 23.53, 48.46
2019-02-19, 02:25:35, 23.52, 48.46
2019-02-19, 02:25:36, 23.52, 48.46
2019-02-19, 02:25:38, 23.53, 48.49
2019-02-19, 02:25:39, 23.52, 48.46
2019-02-19, 02:25:40, 23.53, 48.46
2019-02-19, 02:25:42, 23.53, 48.46
2019-02-19, 02:25:43, 23.53, 48.46
2019-02-19, 02:25:44, 23.54, 48.46
2019-02-19, 02:25:46, 23.54, 48.46
2019-02-19, 02:25:47, 23.53, 48.46
2019-02-19, 02:25:49, 23.54, 48.46
2019-02-19, 02:25:50, 23.53, 48.46
2019-02-19, 02:25:51, 23.54, 48.46
2019-02-19, 02:25:53, 23.53, 48.46
2019-02-19, 02:25:54, 23.52, 48.46
2019-02-19, 02:25:55, 23.53, 48.46
2019-02-19, 02:25:57, 23.4, 48.51
2019-02-19, 02:25:58, 23.48, 48.52
2019-02-19, 02:25:59, 23.52, 48.52
2019-02-19, 02:26:01, 23.52, 48.52
2019-02-19, 02:26:02, 23.52, 48.52
2019-02-19, 02:26:03, 23.51, 48.52
2019-02-19, 02:26:05, 23.52, 48.52
2019-02-19, 02:26:06, 23.52, 48.52
2019-02-19, 02:26:07, 23.51, 48.49
2019-02-19, 02:26:09, 23.53, 48.49
2019-02-19, 02:26:10, 23.52, 48.52
2019-02-19, 02:26:12, 23.52, 48.49
2019-02-19, 02:26:13, 23.52, 48.49
2019-02-19, 02:26:14, 23.51, 48.52
2019-02-19, 02:26:16, 23.52, 48.52
2019-02-19, 02:26:17, 23.52, 48.52
2019-02-19, 02:26:18, 23.52, 48.52
2019-02-19, 02:26:20, 23.52, 48.49
2019-02-19, 02:26:21, 23.52, 48.52
2019-02-19, 02:26:22, 23.53, 48.52
2019-02-19, 02:26:24, 23.52, 48.49
2019-02-19, 02:26:25, 23.51, 48.52
2019-02-19, 02:26:26, 23.5, 48.52
2019-02-19, 02:26:28, 23.52, 48.52
2019-02-19, 02:26:29, 23.52, 48.49
2019-02-19, 02:26:31, 23.51, 48.52
2019-02-19, 02:26:32, 23.51, 48.52
2019-02-19, 02:26:33, 23.51, 48.52
2019-02-19, 02:26:35, 23.52, 48.49
2019-02-19, 02:26:36, 23.51, 48.52
2019-02-19, 02:26:37, 23.51, 48.49
2019-02-19, 02:26:39, 23.51, 48.49
2019-02-19, 02:26:40, 23.52, 48.52
2019-02-19, 02:26:41, 23.52, 48.49
2019-02-19, 02:26:43, 23.51, 48.52
2019-02-19, 02:26:44, 23.51, 48.52
2019-02-19, 02:26:45, 23.5, 48.52
2019-02-19, 02:26:47, 23.5, 48.52
2019-02-19, 02:26:48, 23.5, 48.52
2019-02-19, 02:26:49, 23.5, 48.52
2019-02-19, 02:26:51, 23.5, 48.52
2019-02-19, 02:26:52, 23.5, 48.52
2019-02-19, 02:26:54, 23.5, 48.52
2019-02-19, 02:26:55, 23.52, 48.52
2019-02-19, 02:26:56, 23.51, 48.52
2019-02-19, 02:26:58, 23.51, 48.52
2019-02-19, 02:26:59, 23.51, 48.52
2019-02-19, 02:27:00, 23.51, 48.52
2019-02-19, 02:27:02, 23.51, 48.52
2019-02-19, 02:27:03, 23.52, 48.52
2019-02-19, 02:27:04, 23.5, 48.52
2019-02-19, 02:27:06, 23.5, 48.55
2019-02-19, 02:27:07, 23.52, 48.52
2019-02-19, 02:27:08, 23.51, 48.55
2019-02-19, 02:27:10, 23.52, 48.52
2019-02-19, 02:27:11, 23.51, 48.52
2019-02-19, 02:27:12, 23.5, 48.52
2019-02-19, 02:27:14, 23.52, 48.55
2019-02-19, 02:27:15, 23.52, 48.52
2019-02-19, 02:27:17, 23.52, 48.55
2019-02-19, 02:27:18, 23.53, 48.52
2019-02-19, 02:27:19, 23.52, 48.52
2019-02-19, 02:27:21, 23.52, 48.52
2019-02-19, 02:27:22, 23.52, 48.52
2019-02-19, 02:27:23, 23.53, 48.52
2019-02-19, 02:27:25, 23.52, 48.52
2019-02-19, 02:27:26, 23.52, 48.52
2019-02-19, 02:27:27, 23.52, 48.52
2019-02-19, 02:27:29, 23.52, 48.52
2019-02-19, 02:27:30, 23.52, 48.52
2019-02-19, 02:27:31, 23.52, 48.52
2019-02-19, 02:27:33, 23.52, 48.52
2019-02-19, 02:27:34, 23.52, 48.55
2019-02-19, 02:27:35, 23.51, 48.52
2019-02-19, 02:27:37, 23.51, 48.52
2019-02-19, 02:27:38, 23.52, 48.52
2019-02-19, 02:27:40, 23.53, 48.52
2019-02-19, 02:27:41, 23.53, 48.52
2019-02-19, 02:27:42, 23.52, 48.55
2019-02-19, 02:27:44, 23.52, 48.55
2019-02-19, 02:27:45, 23.51, 48.55
2019-02-19, 02:27:46, 23.52, 48.55
2019-02-19, 02:27:48, 23.51, 48.55
2019-02-19, 02:27:49, 23.5, 48.55
2019-02-19, 02:27:50, 23.52, 48.55
2019-02-19, 02:27:52, 23.51, 48.55
2019-02-19, 02:27:53, 23.5, 48.55
2019-02-19, 02:27:54, 23.51, 48.52
2019-02-19, 02:27:56, 23.52, 48.55
2019-02-19, 02:27:57, 23.52, 48.58
2019-02-19, 02:27:58, 23.5, 48.55
2019-02-19, 02:28:00, 23.5, 48.55
2019-02-19, 02:28:01, 23.51, 48.55
2019-02-19, 02:28:03, 23.51, 48.55
2019-02-19, 02:28:04, 23.51, 48.55
2019-02-19, 02:28:05, 23.51, 48.55
2019-02-19, 02:28:07, 23.51, 48.55
2019-02-19, 02:28:08, 23.52, 48.55
2019-02-19, 02:28:09, 23.52, 48.58
2019-02-19, 02:28:11, 23.52, 48.55
2019-02-19, 02:28:12, 23.5, 48.55
2019-02-19, 02:28:13, 23.5, 48.55
2019-02-19, 02:28:15, 23.5, 48.58
2019-02-19, 02:28:16, 23.49, 48.58
2019-02-19, 02:28:17, 23.5, 48.58
2019-02-19, 02:28:19, 23.5, 48.58
2019-02-19, 02:28:20, 23.5, 48.58
2019-02-19, 02:28:21, 23.49, 48.58
2019-02-19, 02:28:23, 23.51, 48.58
2019-02-19, 02:28:24, 23.5, 48.58
2019-02-19, 02:28:26, 23.51, 48.61
2019-02-19, 02:28:27, 23.52, 48.58
2019-02-19, 02:28:28, 23.52, 48.62
2019-02-19, 02:28:30, 23.52, 48.58
2019-02-19, 02:28:31, 23.52, 48.58
2019-02-19, 02:28:32, 23.5, 48.58
2019-02-19, 02:28:34, 23.52, 48.58
2019-02-19, 02:28:35, 23.52, 48.58
2019-02-19, 02:28:36, 23.52, 48.58
2019-02-19, 02:28:38, 23.52, 48.58
2019-02-19, 02:28:39, 23.52, 48.58
2019-02-19, 02:28:40, 23.53, 48.59
2019-02-19, 02:28:42, 23.51, 48.58
2019-02-19, 02:28:43, 23.53, 48.59
2019-02-19, 02:28:44, 23.52, 48.58
2019-02-19, 02:28:46, 23.53, 48.59
2019-02-19, 02:28:47, 23.54, 48.59
2019-02-19, 02:28:49, 23.52, 48.55
2019-02-19, 02:28:50, 23.51, 48.58
2019-02-19, 02:28:51, 23.52, 48.55
2019-02-19, 02:28:53, 23.52, 48.58
2019-02-19, 02:28:54, 23.53, 48.59
2019-02-19, 02:28:55, 23.53, 48.59
2019-02-19, 02:28:57, 23.5, 48.58
2019-02-19, 02:28:58, 23.5, 48.58
2019-02-19, 02:28:59, 23.52, 48.58
2019-02-19, 02:29:01, 23.52, 48.58
2019-02-19, 02:29:02, 23.52, 48.58
2019-02-19, 02:29:03, 23.52, 48.58
2019-02-19, 02:29:05, 23.52, 48.58
2019-02-19, 02:29:06, 23.51, 48.61
2019-02-19, 02:29:07, 23.51, 48.58
2019-02-19, 02:29:09, 23.51, 48.58
2019-02-19, 02:29:10, 23.52, 48.58
2019-02-19, 02:29:12, 23.52, 48.58
2019-02-19, 02:29:13, 23.52, 48.58
2019-02-19, 02:29:14, 23.5, 48.58
2019-02-19, 02:29:16, 23.5, 48.58
2019-02-19, 02:29:17, 23.5, 48.58
2019-02-19, 02:29:18, 23.51, 48.58
2019-02-19, 02:29:20, 23.51, 48.61
2019-02-19, 02:29:21, 23.52, 48.62
2019-02-19, 02:29:22, 23.51, 48.58
2019-02-19, 02:29:24, 23.51, 48.61
2019-02-19, 02:29:25, 23.51, 48.61
2019-02-19, 02:29:26, 23.52, 48.62
2019-02-19, 02:29:28, 23.52, 48.62
2019-02-19, 02:29:29, 23.52, 48.62
2019-02-19, 02:29:30, 23.52, 48.62
2019-02-19, 02:29:32, 23.52, 48.62
2019-02-19, 02:29:33, 23.51, 48.61
2019-02-19, 02:29:35, 23.52, 48.62
2019-02-19, 02:29:36, 23.53, 48.62
2019-02-19, 02:29:37, 23.51, 48.61
2019-02-19, 02:29:39, 23.53, 48.62
2019-02-19, 02:29:40, 23.51, 48.58
2019-02-19, 02:29:41, 23.52, 48.62
2019-02-19, 02:29:43, 23.51, 48.61
2019-02-19, 02:29:44, 23.52, 48.62
2019-02-19, 02:29:45, 23.51, 48.61
2019-02-19, 02:29:47, 23.51, 48.58
2019-02-19, 02:29:48, 23.5, 48.58
2019-02-19, 02:29:49, 23.51, 48.58
2019-02-19, 02:29:51, 23.52, 48.62
2019-02-19, 02:29:52, 23.51, 48.58
2019-02-19, 02:29:54, 23.52, 48.62
2019-02-19, 02:29:55, 23.52, 48.62
2019-02-19, 02:29:56, 23.51, 48.61
2019-02-19, 02:29:58, 23.52, 48.58
2019-02-19, 02:29:59, 23.37, 48.63
2019-02-19, 02:30:00, 23.46, 48.67
2019-02-19, 02:30:02, 23.48, 48.71
2019-02-19, 02:30:03, 23.49, 48.68
2019-02-19, 02:30:04, 23.5, 48.68
2019-02-19, 02:30:06, 23.49, 48.68
2019-02-19, 02:30:07, 23.49, 48.64
2019-02-19, 02:30:08, 23.5, 48.65
2019-02-19, 02:30:10, 23.49, 48.64
2019-02-19, 02:30:11, 23.5, 48.65
2019-02-19, 02:30:12, 23.5, 48.65
2019-02-19, 02:30:14, 23.5, 48.65
2019-02-19, 02:30:15, 23.49, 48.64
2019-02-19, 02:30:17, 23.52, 48.65
2019-02-19, 02:30:18, 23.51, 48.65
2019-02-19, 02:30:19, 23.5, 48.65
2019-02-19, 02:30:21, 23.52, 48.65
2019-02-19, 02:30:22, 23.51, 48.61
2019-02-19, 02:30:23, 23.45, 48.64
2019-02-19, 02:30:25, 23.49, 48.64
2019-02-19, 02:30:26, 23.5, 48.65
2019-02-19, 02:30:27, 23.51, 48.65
2019-02-19, 02:30:29, 23.35, 48.66
2019-02-19, 02:30:30, 23.44, 48.7
2019-02-19, 02:30:31, 23.46, 48.74
2019-02-19, 02:30:33, 23.49, 48.71
2019-02-19, 02:30:34, 23.49, 48.74
2019-02-19, 02:30:35, 23.49, 48.71
2019-02-19, 02:30:37, 23.5, 48.68
2019-02-19, 02:30:38, 23.51, 48.68
2019-02-19, 02:30:40, 23.5, 48.68
2019-02-19, 02:30:41, 23.51, 48.68
2019-02-19, 02:30:42, 23.5, 48.68
2019-02-19, 02:30:44, 23.5, 48.65
2019-02-19, 02:30:45, 23.5, 48.65
2019-02-19, 02:30:46, 23.49, 48.64
2019-02-19, 02:30:48, 23.5, 48.65
2019-02-19, 02:30:49, 23.5, 48.65
2019-02-19, 02:30:50, 23.51, 48.65
2019-02-19, 02:30:52, 23.51, 48.65
2019-02-19, 02:30:53, 23.5, 48.65
2019-02-19, 02:30:54, 23.52, 48.65
2019-02-19, 02:30:56, 23.52, 48.65
2019-02-19, 02:30:57, 23.53, 48.65
2019-02-19, 02:30:59, 23.52, 48.65
2019-02-19, 02:31:00, 23.52, 48.62
2019-02-19, 02:31:01, 23.52, 48.65
2019-02-19, 02:31:03, 23.53, 48.65
2019-02-19, 02:31:04, 23.52, 48.65
2019-02-19, 02:31:05, 23.52, 48.65
2019-02-19, 02:31:07, 23.52, 48.65
2019-02-19, 02:31:08, 23.52, 48.65
2019-02-19, 02:31:09, 23.52, 48.65
2019-02-19, 02:31:11, 23.53, 48.65
2019-02-19, 02:31:12, 23.52, 48.65
2019-02-19, 02:31:13, 23.51, 48.65
2019-02-19, 02:31:15, 23.52, 48.65
2019-02-19, 02:31:16, 23.52, 48.65
2019-02-19, 02:31:17, 23.52, 48.65
2019-02-19, 02:31:19, 23.52, 48.65
2019-02-19, 02:31:20, 23.53, 48.65
2019-02-19, 02:31:22, 23.52, 48.65
2019-02-19, 02:31:23, 23.42, 48.67
2019-02-19, 02:31:24, 23.49, 48.71
2019-02-19, 02:31:26, 23.5, 48.71
2019-02-19, 02:31:27, 23.52, 48.71
2019-02-19, 02:31:28, 23.52, 48.71
2019-02-19, 02:31:30, 23.52, 48.71
2019-02-19, 02:31:31, 23.52, 48.71
2019-02-19, 02:31:32, 23.51, 48.68
2019-02-19, 02:31:34, 23.5, 48.68
2019-02-19, 02:31:35, 23.51, 48.71
2019-02-19, 02:31:36, 23.53, 48.68
2019-02-19, 02:31:38, 23.52, 48.71
2019-02-19, 02:31:39, 23.52, 48.68
2019-02-19, 02:31:40, 23.51, 48.68
2019-02-19, 02:31:42, 23.52, 48.68
2019-02-19, 02:31:43, 23.51, 48.65
2019-02-19, 02:31:45, 23.51, 48.68
2019-02-19, 02:31:46, 23.52, 48.68
2019-02-19, 02:31:47, 23.52, 48.65
2019-02-19, 02:31:49, 23.52, 48.68
2019-02-19, 02:31:50, 23.51, 48.68
2019-02-19, 02:31:51, 23.52, 48.68
2019-02-19, 02:31:53, 23.4, 48.7
2019-02-19, 02:31:54, 23.47, 48.74
2019-02-19, 02:31:55, 23.5, 48.74
2019-02-19, 02:31:57, 23.5, 48.74
2019-02-19, 02:31:58, 23.5, 48.74
2019-02-19, 02:31:59, 23.52, 48.71
2019-02-19, 02:32:01, 23.5, 48.71
2019-02-19, 02:32:02, 23.52, 48.71
2019-02-19, 02:32:04, 23.52, 48.71
2019-02-19, 02:32:05, 23.52, 48.71
2019-02-19, 02:32:06, 23.52, 48.71
2019-02-19, 02:32:08, 23.52, 48.68
2019-02-19, 02:32:09, 23.52, 48.68
2019-02-19, 02:32:10, 23.53, 48.68
2019-02-19, 02:32:12, 23.53, 48.68
2019-02-19, 02:32:13, 23.53, 48.68
2019-02-19, 02:32:14, 23.53, 48.68
2019-02-19, 02:32:16, 23.54, 48.68
2019-02-19, 02:32:17, 23.53, 48.68
2019-02-19, 02:32:18, 23.54, 48.68
2019-02-19, 02:32:20, 23.54, 48.65
2019-02-19, 02:32:21, 23.54, 48.68
2019-02-19, 02:32:22, 23.4, 48.7
2019-02-19, 02:32:24, 23.5, 48.74
2019-02-19, 02:32:25, 23.52, 48.78
2019-02-19, 02:32:27, 23.52, 48.78
2019-02-19, 02:32:28, 23.53, 48.74
2019-02-19, 02:32:29, 23.52, 48.74
2019-02-19, 02:32:31, 23.52, 48.71
2019-02-19, 02:32:32, 23.53, 48.71
2019-02-19, 02:32:33, 23.52, 48.71
2019-02-19, 02:32:35, 23.53, 48.71
2019-02-19, 02:32:36, 23.52, 48.71
2019-02-19, 02:32:37, 23.53, 48.68
2019-02-19, 02:32:39, 23.53, 48.71
2019-02-19, 02:32:40, 23.53, 48.68
2019-02-19, 02:32:41, 23.53, 48.68
2019-02-19, 02:32:43, 23.53, 48.68
2019-02-19, 02:32:44, 23.53, 48.68
2019-02-19, 02:32:45, 23.53, 48.68
2019-02-19, 02:32:47, 23.52, 48.68
2019-02-19, 02:32:48, 23.52, 48.68
2019-02-19, 02:32:50, 23.53, 48.68
2019-02-19, 02:32:51, 23.53, 48.68
2019-02-19, 02:32:52, 23.37, 48.69
2019-02-19, 02:32:54, 23.49, 48.77
2019-02-19, 02:32:55, 23.51, 48.77
2019-02-19, 02:32:56, 23.5, 48.77
2019-02-19, 02:32:58, 23.5, 48.74
2019-02-19, 02:32:59, 23.52, 48.71
2019-02-19, 02:33:00, 23.52, 48.71
2019-02-19, 02:33:02, 23.52, 48.71
2019-02-19, 02:33:03, 23.51, 48.68
2019-02-19, 02:33:05, 23.53, 48.68
2019-02-19, 02:33:06, 23.52, 48.71
2019-02-19, 02:33:07, 23.52, 48.65
2019-02-19, 02:33:09, 23.52, 48.68
2019-02-19, 02:33:10, 23.52, 48.68
2019-02-19, 02:33:11, 23.52, 48.68
2019-02-19, 02:33:13, 23.53, 48.68
2019-02-19, 02:33:14, 23.52, 48.68
2019-02-19, 02:33:15, 23.53, 48.65
2019-02-19, 02:33:17, 23.53, 48.68
2019-02-19, 02:33:18, 23.51, 48.68
2019-02-19, 02:33:19, 23.51, 48.68
2019-02-19, 02:33:21, 23.52, 48.71
2019-02-19, 02:33:22, 23.52, 48.68
2019-02-19, 02:33:24, 23.51, 48.68
2019-02-19, 02:33:25, 23.52, 48.68
2019-02-19, 02:33:26, 23.52, 48.68
2019-02-19, 02:33:28, 23.51, 48.68
2019-02-19, 02:33:29, 23.51, 48.65
2019-02-19, 02:33:30, 23.53, 48.68
2019-02-19, 02:33:32, 23.52, 48.68
2019-02-19, 02:33:33, 23.53, 48.68
2019-02-19, 02:33:34, 23.53, 48.71
2019-02-19, 02:33:36, 23.53, 48.68
2019-02-19, 02:33:37, 23.54, 48.68
2019-02-19, 02:33:38, 23.54, 48.68
2019-02-19, 02:33:40, 23.53, 48.68
2019-02-19, 02:33:41, 23.53, 48.71
2019-02-19, 02:33:42, 23.54, 48.71
2019-02-19, 02:33:44, 23.54, 48.71
2019-02-19, 02:33:45, 23.54, 48.71
2019-02-19, 02:33:47, 23.54, 48.71
2019-02-19, 02:33:48, 23.52, 48.71
2019-02-19, 02:33:49, 23.54, 48.71
2019-02-19, 02:33:51, 23.54, 48.68
2019-02-19, 02:33:52, 23.54, 48.65
2019-02-19, 02:33:53, 23.54, 48.68
2019-02-19, 02:33:55, 23.54, 48.68
2019-02-19, 02:33:56, 23.44, 48.67
2019-02-19, 02:33:57, 23.52, 48.71
2019-02-19, 02:33:59, 23.54, 48.71
2019-02-19, 02:34:00, 23.52, 48.71
2019-02-19, 02:34:01, 23.53, 48.71
2019-02-19, 02:34:03, 23.53, 48.71
2019-02-19, 02:34:04, 23.53, 48.68
2019-02-19, 02:34:05, 23.52, 48.68
2019-02-19, 02:34:07, 23.53, 48.68
2019-02-19, 02:34:08, 23.52, 48.68
2019-02-19, 02:34:10, 23.54, 48.68
2019-02-19, 02:34:11, 23.52, 48.68
2019-02-19, 02:34:12, 23.51, 48.65
2019-02-19, 02:34:14, 23.52, 48.68
2019-02-19, 02:34:15, 23.51, 48.65
2019-02-19, 02:34:16, 23.52, 48.68
2019-02-19, 02:34:18, 23.53, 48.68
2019-02-19, 02:34:19, 23.52, 48.68
2019-02-19, 02:34:20, 23.53, 48.68
2019-02-19, 02:34:22, 23.54, 48.68
2019-02-19, 02:34:23, 23.53, 48.68
2019-02-19, 02:34:24, 23.54, 48.65
2019-02-19, 02:34:26, 23.54, 48.65
2019-02-19, 02:34:27, 23.54, 48.65
2019-02-19, 02:34:29, 23.52, 48.68
2019-02-19, 02:34:30, 23.54, 48.68
2019-02-19, 02:34:31, 23.53, 48.68
2019-02-19, 02:34:33, 23.54, 48.68
2019-02-19, 02:34:34, 23.55, 48.68
2019-02-19, 02:34:35, 23.54, 48.68
2019-02-19, 02:34:37, 23.54, 48.68
2019-02-19, 02:34:38, 23.54, 48.71
2019-02-19, 02:34:39, 23.55, 48.68
2019-02-19, 02:34:41, 23.54, 48.65
2019-02-19, 02:34:42, 23.54, 48.65
2019-02-19, 02:34:43, 23.53, 48.65
2019-02-19, 02:34:45, 23.53, 48.65
2019-02-19, 02:34:46, 23.54, 48.65
2019-02-19, 02:34:47, 23.53, 48.68
2019-02-19, 02:34:49, 23.54, 48.68
2019-02-19, 02:34:50, 23.5, 48.68
2019-02-19, 02:34:52, 23.52, 48.68
2019-02-19, 02:34:53, 23.53, 48.71
2019-02-19, 02:34:54, 23.53, 48.68
2019-02-19, 02:34:56, 23.39, 48.7
2019-02-19, 02:34:57, 23.48, 48.77
2019-02-19, 02:34:58, 23.5, 48.77
2019-02-19, 02:35:00, 23.52, 48.78
2019-02-19, 02:35:01, 23.5, 48.74
2019-02-19, 02:35:02, 23.52, 48.74
2019-02-19, 02:35:04, 23.52, 48.74
2019-02-19, 02:35:05, 23.52, 48.74
2019-02-19, 02:35:06, 23.52, 48.74
2019-02-19, 02:35:08, 23.53, 48.71
2019-02-19, 02:35:09, 23.53, 48.71
2019-02-19, 02:35:10, 23.54, 48.71
2019-02-19, 02:35:12, 23.53, 48.71
2019-02-19, 02:35:13, 23.52, 48.71
2019-02-19, 02:35:15, 23.53, 48.71
2019-02-19, 02:35:16, 23.52, 48.68
2019-02-19, 02:35:17, 23.52, 48.71
2019-02-19, 02:35:19, 23.53, 48.71
2019-02-19, 02:35:20, 23.48, 48.71
2019-02-19, 02:35:21, 23.51, 48.71
2019-02-19, 02:35:23, 23.53, 48.71
2019-02-19, 02:35:24, 23.52, 48.71
2019-02-19, 02:35:25, 23.52, 48.71
2019-02-19, 02:35:27, 23.52, 48.71
2019-02-19, 02:35:28, 23.53, 48.71
2019-02-19, 02:35:29, 23.52, 48.71
2019-02-19, 02:35:31, 23.52, 48.71
2019-02-19, 02:35:32, 23.52, 48.71
2019-02-19, 02:35:34, 23.53, 48.71
2019-02-19, 02:35:35, 23.53, 48.71
2019-02-19, 02:35:36, 23.53, 48.71
2019-02-19, 02:35:38, 23.53, 48.71
2019-02-19, 02:35:39, 23.53, 48.71
2019-02-19, 02:35:40, 23.53, 48.68
2019-02-19, 02:35:42, 23.52, 48.71
2019-02-19, 02:35:43, 23.52, 48.71
2019-02-19, 02:35:44, 23.54, 48.71
2019-02-19, 02:35:46, 23.54, 48.71
2019-02-19, 02:35:47, 23.53, 48.71
2019-02-19, 02:35:48, 23.53, 48.71
2019-02-19, 02:35:50, 23.53, 48.68
2019-02-19, 02:35:51, 23.54, 48.71
2019-02-19, 02:35:53, 23.54, 48.71
2019-02-19, 02:35:54, 23.53, 48.68
2019-02-19, 02:35:55, 23.5, 48.68
2019-02-19, 02:35:57, 23.53, 48.71
2019-02-19, 02:35:58, 23.54, 48.68
2019-02-19, 02:35:59, 23.53, 48.68
2019-02-19, 02:36:01, 23.54, 48.71
2019-02-19, 02:36:02, 23.54, 48.71
2019-02-19, 02:36:03, 23.53, 48.68
2019-02-19, 02:36:05, 23.55, 48.68
2019-02-19, 02:36:06, 23.54, 48.68
2019-02-19, 02:36:08, 23.54, 48.65
2019-02-19, 02:36:09, 23.54, 48.68
2019-02-19, 02:36:10, 23.54, 48.68
2019-02-19, 02:36:12, 23.54, 48.68
2019-02-19, 02:36:13, 23.54, 48.68
2019-02-19, 02:36:14, 23.54, 48.68
2019-02-19, 02:36:16, 23.53, 48.65
2019-02-19, 02:36:17, 23.54, 48.68
2019-02-19, 02:36:18, 23.54, 48.68
2019-02-19, 02:36:20, 23.54, 48.68
2019-02-19, 02:36:21, 23.54, 48.65
2019-02-19, 02:36:22, 23.54, 48.68
2019-02-19, 02:36:24, 23.53, 48.68
2019-02-19, 02:36:25, 23.53, 48.68
2019-02-19, 02:36:27, 23.54, 48.65
2019-02-19, 02:36:28, 23.54, 48.68
2019-02-19, 02:36:29, 23.54, 48.68
2019-02-19, 02:36:31, 23.54, 48.65
2019-02-19, 02:36:32, 23.54, 48.65
2019-02-19, 02:36:33, 23.54, 48.65
2019-02-19, 02:36:35, 23.52, 48.68
2019-02-19, 02:36:36, 23.53, 48.65
2019-02-19, 02:36:37, 23.53, 48.68
2019-02-19, 02:36:39, 23.53, 48.68
2019-02-19, 02:36:40, 23.53, 48.68
2019-02-19, 02:36:41, 23.54, 48.68
2019-02-19, 02:36:43, 23.54, 48.68
2019-02-19, 02:36:44, 23.53, 48.68
2019-02-19, 02:36:45, 23.53, 48.68
2019-02-19, 02:36:47, 23.52, 48.68
2019-02-19, 02:36:48, 23.52, 48.71
2019-02-19, 02:36:50, 23.53, 48.71
2019-02-19, 02:36:51, 23.52, 48.68
2019-02-19, 02:36:52, 23.52, 48.68
2019-02-19, 02:36:54, 23.48, 48.67
2019-02-19, 02:36:55, 23.52, 48.71
2019-02-19, 02:36:56, 23.52, 48.71
2019-02-19, 02:36:58, 23.51, 48.71
2019-02-19, 02:36:59, 23.52, 48.71
2019-02-19, 02:37:00, 23.53, 48.71
2019-02-19, 02:37:02, 23.53, 48.68
2019-02-19, 02:37:03, 23.53, 48.68
2019-02-19, 02:37:04, 23.54, 48.68
2019-02-19, 02:37:06, 23.54, 48.68
2019-02-19, 02:37:07, 23.53, 48.68
2019-02-19, 02:37:08, 23.52, 48.65
2019-02-19, 02:37:10, 23.52, 48.65
2019-02-19, 02:37:11, 23.52, 48.68
2019-02-19, 02:37:13, 23.53, 48.68
2019-02-19, 02:37:14, 23.54, 48.65
2019-02-19, 02:37:15, 23.54, 48.68
2019-02-19, 02:37:17, 23.54, 48.65
2019-02-19, 02:37:18, 23.55, 48.65
2019-02-19, 02:37:19, 23.55, 48.65
2019-02-19, 02:37:21, 23.55, 48.65
2019-02-19, 02:37:22, 23.55, 48.65
2019-02-19, 02:37:23, 23.54, 48.65
2019-02-19, 02:37:25, 23.54, 48.65
2019-02-19, 02:37:26, 23.54, 48.65
2019-02-19, 02:37:27, 23.54, 48.65
2019-02-19, 02:37:29, 23.54, 48.68
2019-02-19, 02:37:30, 23.54, 48.68
2019-02-19, 02:37:31, 23.54, 48.68
2019-02-19, 02:37:33, 23.54, 48.68
2019-02-19, 02:37:34, 23.54, 48.68
2019-02-19, 02:37:36, 23.54, 48.68
2019-02-19, 02:37:37, 23.54, 48.65
2019-02-19, 02:37:38, 23.54, 48.65
2019-02-19, 02:37:40, 23.53, 48.65
2019-02-19, 02:37:41, 23.53, 48.65
2019-02-19, 02:37:42, 23.53, 48.65
2019-02-19, 02:37:44, 23.54, 48.65
2019-02-19, 02:37:45, 23.53, 48.65
2019-02-19, 02:37:46, 23.54, 48.65
2019-02-19, 02:37:48, 23.54, 48.65
2019-02-19, 02:37:49, 23.53, 48.65
2019-02-19, 02:37:50, 23.54, 48.65
2019-02-19, 02:37:52, 23.54, 48.65
2019-02-19, 02:37:53, 23.54, 48.68
2019-02-19, 02:37:55, 23.54, 48.68
2019-02-19, 02:37:56, 23.54, 48.68
2019-02-19, 02:37:57, 23.54, 48.65
2019-02-19, 02:37:59, 23.54, 48.68
2019-02-19, 02:38:00, 23.53, 48.65
2019-02-19, 02:38:01, 23.53, 48.65
2019-02-19, 02:38:03, 23.54, 48.65
2019-02-19, 02:38:04, 23.53, 48.65
2019-02-19, 02:38:05, 23.54, 48.65
2019-02-19, 02:38:07, 23.54, 48.65
2019-02-19, 02:38:08, 23.53, 48.68
2019-02-19, 02:38:09, 23.54, 48.65
2019-02-19, 02:38:11, 23.54, 48.68
2019-02-19, 02:38:12, 23.54, 48.65
2019-02-19, 02:38:14, 23.54, 48.65
2019-02-19, 02:38:15, 23.54, 48.65
2019-02-19, 02:38:16, 23.53, 48.68
2019-02-19, 02:38:18, 23.55, 48.65
2019-02-19, 02:38:19, 23.55, 48.65
2019-02-19, 02:38:20, 23.55, 48.65
2019-02-19, 02:38:22, 23.55, 48.65
2019-02-19, 02:38:23, 23.46, 48.64
2019-02-19, 02:38:24, 23.54, 48.71
2019-02-19, 02:38:26, 23.54, 48.68
2019-02-19, 02:38:27, 23.54, 48.68
2019-02-19, 02:38:28, 23.54, 48.68
2019-02-19, 02:38:30, 23.56, 48.69
2019-02-19, 02:38:31, 23.55, 48.65
2019-02-19, 02:38:32, 23.56, 48.65
2019-02-19, 02:38:34, 23.55, 48.65
2019-02-19, 02:38:35, 23.56, 48.65
2019-02-19, 02:38:37, 23.55, 48.65
2019-02-19, 02:38:38, 23.56, 48.65
2019-02-19, 02:38:39, 23.56, 48.65
2019-02-19, 02:38:41, 23.55, 48.65
2019-02-19, 02:38:42, 23.55, 48.65
2019-02-19, 02:38:43, 23.56, 48.65
2019-02-19, 02:38:45, 23.56, 48.65
2019-02-19, 02:38:46, 23.56, 48.65
2019-02-19, 02:38:47, 23.55, 48.65
2019-02-19, 02:38:49, 23.56, 48.62
2019-02-19, 02:38:50, 23.57, 48.62
2019-02-19, 02:38:51, 23.57, 48.62
2019-02-19, 02:38:53, 23.57, 48.62
2019-02-19, 02:38:54, 23.57, 48.62
2019-02-19, 02:38:56, 23.56, 48.62
2019-02-19, 02:38:57, 23.57, 48.62
2019-02-19, 02:38:58, 23.56, 48.62
2019-02-19, 02:39:00, 23.57, 48.65
2019-02-19, 02:39:01, 23.57, 48.62
2019-02-19, 02:39:02, 23.56, 48.62
2019-02-19, 02:39:04, 23.56, 48.62
2019-02-19, 02:39:05, 23.56, 48.62
2019-02-19, 02:39:06, 23.55, 48.59
2019-02-19, 02:39:08, 23.54, 48.59
2019-02-19, 02:39:09, 23.56, 48.59
2019-02-19, 02:39:10, 23.56, 48.59
2019-02-19, 02:39:12, 23.56, 48.62
2019-02-19, 02:39:13, 23.56, 48.62
2019-02-19, 02:39:15, 23.56, 48.62
2019-02-19, 02:39:16, 23.56, 48.59
2019-02-19, 02:39:17, 23.52, 48.62
2019-02-19, 02:39:19, 23.54, 48.62
2019-02-19, 02:39:20, 23.56, 48.62
2019-02-19, 02:39:21, 23.57, 48.62
2019-02-19, 02:39:23, 23.56, 48.59
2019-02-19, 02:39:24, 23.55, 48.62
2019-02-19, 02:39:25, 23.56, 48.62
2019-02-19, 02:39:27, 23.56, 48.59
2019-02-19, 02:39:28, 23.57, 48.62
2019-02-19, 02:39:29, 23.56, 48.59
2019-02-19, 02:39:31, 23.56, 48.59
2019-02-19, 02:39:32, 23.55, 48.59
2019-02-19, 02:39:33, 23.56, 48.59
2019-02-19, 02:39:35, 23.57, 48.59
2019-02-19, 02:39:36, 23.56, 48.59
2019-02-19, 02:39:38, 23.56, 48.59
2019-02-19, 02:39:39, 23.57, 48.59
2019-02-19, 02:39:40, 23.57, 48.59
2019-02-19, 02:39:42, 23.56, 48.59
2019-02-19, 02:39:43, 23.57, 48.59
2019-02-19, 02:39:44, 23.56, 48.59
2019-02-19, 02:39:46, 23.57, 48.56
2019-02-19, 02:39:47, 23.58, 48.59
2019-02-19, 02:39:48, 23.55, 48.59
2019-02-19, 02:39:50, 23.56, 48.59
2019-02-19, 02:39:51, 23.56, 48.59
2019-02-19, 02:39:52, 23.4, 48.6
2019-02-19, 02:39:54, 23.52, 48.65
2019-02-19, 02:39:55, 23.54, 48.65
2019-02-19, 02:39:57, 23.55, 48.65
2019-02-19, 02:39:58, 23.55, 48.65
2019-02-19, 02:39:59, 23.54, 48.62
2019-02-19, 02:40:01, 23.56, 48.62
2019-02-19, 02:40:02, 23.55, 48.65
2019-02-19, 02:40:03, 23.56, 48.62
2019-02-19, 02:40:05, 23.54, 48.65
2019-02-19, 02:40:06, 23.56, 48.62
2019-02-19, 02:40:07, 23.56, 48.62
2019-02-19, 02:40:09, 23.57, 48.62
2019-02-19, 02:40:10, 23.54, 48.59
2019-02-19, 02:40:11, 23.56, 48.62
2019-02-19, 02:40:13, 23.56, 48.65
2019-02-19, 02:40:14, 23.56, 48.62
2019-02-19, 02:40:16, 23.55, 48.59
2019-02-19, 02:40:17, 23.54, 48.62
2019-02-19, 02:40:18, 23.56, 48.62
2019-02-19, 02:40:20, 23.55, 48.62
2019-02-19, 02:40:21, 23.56, 48.59
2019-02-19, 02:40:22, 23.58, 48.59
2019-02-19, 02:40:24, 23.56, 48.62
2019-02-19, 02:40:25, 23.57, 48.59
2019-02-19, 02:40:26, 23.57, 48.59
2019-02-19, 02:40:28, 23.58, 48.59
2019-02-19, 02:40:29, 23.57, 48.59
2019-02-19, 02:40:30, 23.57, 48.59
2019-02-19, 02:40:32, 23.57, 48.59
2019-02-19, 02:40:33, 23.58, 48.59
2019-02-19, 02:40:34, 23.56, 48.59
2019-02-19, 02:40:36, 23.57, 48.59
2019-02-19, 02:40:37, 23.58, 48.59
2019-02-19, 02:40:39, 23.58, 48.59
2019-02-19, 02:40:40, 23.58, 48.59
2019-02-19, 02:40:41, 23.58, 48.56
2019-02-19, 02:40:43, 23.57, 48.56
2019-02-19, 02:40:44, 23.58, 48.59
2019-02-19, 02:40:45, 23.56, 48.56
2019-02-19, 02:40:47, 23.45, 48.58
2019-02-19, 02:40:48, 23.54, 48.62
2019-02-19, 02:40:49, 23.56, 48.65
2019-02-19, 02:40:51, 23.58, 48.62
2019-02-19, 02:40:52, 23.58, 48.62
2019-02-19, 02:40:53, 23.57, 48.59
2019-02-19, 02:40:55, 23.59, 48.59
2019-02-19, 02:40:56, 23.57, 48.59
2019-02-19, 02:40:58, 23.58, 48.59
2019-02-19, 02:40:59, 23.58, 48.59
2019-02-19, 02:41:00, 23.58, 48.59
2019-02-19, 02:41:02, 23.57, 48.59
2019-02-19, 02:41:03, 23.59, 48.59
2019-02-19, 02:41:04, 23.58, 48.59
2019-02-19, 02:41:06, 23.59, 48.59
2019-02-19, 02:41:07, 23.59, 48.59
2019-02-19, 02:41:08, 23.58, 48.59
2019-02-19, 02:41:10, 23.58, 48.56
2019-02-19, 02:41:11, 23.58, 48.56
2019-02-19, 02:41:12, 23.57, 48.56
2019-02-19, 02:41:14, 23.58, 48.56
2019-02-19, 02:41:15, 23.58, 48.56
2019-02-19, 02:41:16, 23.57, 48.56
2019-02-19, 02:41:18, 23.57, 48.56
2019-02-19, 02:41:19, 23.57, 48.59
2019-02-19, 02:41:21, 23.58, 48.56
2019-02-19, 02:41:22, 23.58, 48.59
2019-02-19, 02:41:23, 23.59, 48.59
2019-02-19, 02:41:25, 23.59, 48.59
2019-02-19, 02:41:26, 23.59, 48.59
2019-02-19, 02:41:27, 23.58, 48.56
2019-02-19, 02:41:29, 23.57, 48.59
2019-02-19, 02:41:30, 23.58, 48.59
2019-02-19, 02:41:31, 23.59, 48.56
2019-02-19, 02:41:33, 23.58, 48.59
2019-02-19, 02:41:34, 23.59, 48.56
2019-02-19, 02:41:35, 23.58, 48.56
2019-02-19, 02:41:37, 23.58, 48.56
2019-02-19, 02:41:38, 23.57, 48.56
2019-02-19, 02:41:39, 23.58, 48.56
2019-02-19, 02:41:41, 23.59, 48.59
2019-02-19, 02:41:42, 23.57, 48.56
2019-02-19, 02:41:44, 23.58, 48.56
2019-02-19, 02:41:45, 23.58, 48.56
2019-02-19, 02:41:46, 23.43, 48.57
2019-02-19, 02:41:48, 23.53, 48.62
2019-02-19, 02:41:49, 23.56, 48.65
2019-02-19, 02:41:50, 23.56, 48.65
2019-02-19, 02:41:52, 23.57, 48.62
2019-02-19, 02:41:53, 23.58, 48.62
2019-02-19, 02:41:54, 23.58, 48.62
2019-02-19, 02:41:56, 23.58, 48.59
2019-02-19, 02:41:57, 23.58, 48.59
2019-02-19, 02:41:58, 23.58, 48.59
2019-02-19, 02:42:00, 23.57, 48.59
2019-02-19, 02:42:01, 23.58, 48.59
2019-02-19, 02:42:03, 23.58, 48.59
2019-02-19, 02:42:04, 23.58, 48.59
2019-02-19, 02:42:05, 23.58, 48.59
2019-02-19, 02:42:07, 23.58, 48.56
2019-02-19, 02:42:08, 23.57, 48.56
2019-02-19, 02:42:09, 23.58, 48.59
2019-02-19, 02:42:11, 23.58, 48.56
2019-02-19, 02:42:12, 23.57, 48.53
2019-02-19, 02:42:13, 23.59, 48.56
2019-02-19, 02:42:15, 23.6, 48.56
2019-02-19, 02:42:16, 23.58, 48.56
2019-02-19, 02:42:17, 23.58, 48.53
2019-02-19, 02:42:19, 23.59, 48.53
2019-02-19, 02:42:20, 23.56, 48.53
2019-02-19, 02:42:21, 23.59, 48.56
2019-02-19, 02:42:23, 23.58, 48.53
2019-02-19, 02:42:24, 23.58, 48.53
2019-02-19, 02:42:26, 23.58, 48.53
2019-02-19, 02:42:27, 23.59, 48.53
2019-02-19, 02:42:28, 23.58, 48.53
2019-02-19, 02:42:30, 23.58, 48.53
2019-02-19, 02:42:31, 23.58, 48.53
2019-02-19, 02:42:32, 23.59, 48.53
2019-02-19, 02:42:34, 23.58, 48.56
2019-02-19, 02:42:35, 23.58, 48.56
2019-02-19, 02:42:36, 23.58, 48.56
2019-02-19, 02:42:38, 23.58, 48.56
2019-02-19, 02:42:39, 23.59, 48.53
2019-02-19, 02:42:40, 23.58, 48.53
2019-02-19, 02:42:42, 23.59, 48.56
2019-02-19, 02:42:43, 23.59, 48.53
2019-02-19, 02:42:44, 23.59, 48.56
2019-02-19, 02:42:46, 23.42, 48.57
2019-02-19, 02:42:47, 23.54, 48.65
2019-02-19, 02:42:49, 23.56, 48.65
2019-02-19, 02:42:50, 23.57, 48.65
2019-02-19, 02:42:51, 23.55, 48.62
2019-02-19, 02:42:53, 23.56, 48.59
2019-02-19, 02:42:54, 23.57, 48.59
2019-02-19, 02:42:55, 23.58, 48.59
2019-02-19, 02:42:57, 23.56, 48.59
2019-02-19, 02:42:58, 23.58, 48.59
2019-02-19, 02:42:59, 23.57, 48.59
2019-02-19, 02:43:01, 23.57, 48.56
2019-02-19, 02:43:02, 23.58, 48.56
2019-02-19, 02:43:03, 23.57, 48.56
2019-02-19, 02:43:05, 23.58, 48.59
2019-02-19, 02:43:06, 23.57, 48.56
2019-02-19, 02:43:07, 23.58, 48.56
2019-02-19, 02:43:09, 23.58, 48.56
2019-02-19, 02:43:10, 23.58, 48.53
2019-02-19, 02:43:12, 23.58, 48.53
2019-02-19, 02:43:13, 23.59, 48.53
2019-02-19, 02:43:14, 23.58, 48.53
2019-02-19, 02:43:16, 23.58, 48.53
2019-02-19, 02:43:17, 23.59, 48.53
2019-02-19, 02:43:18, 23.58, 48.53
2019-02-19, 02:43:20, 23.58, 48.53
2019-02-19, 02:43:21, 23.58, 48.53
2019-02-19, 02:43:22, 23.58, 48.53
2019-02-19, 02:43:24, 23.58, 48.53
2019-02-19, 02:43:25, 23.58, 48.53
2019-02-19, 02:43:26, 23.58, 48.53
2019-02-19, 02:43:28, 23.58, 48.53
2019-02-19, 02:43:29, 23.57, 48.53
2019-02-19, 02:43:30, 23.57, 48.53
2019-02-19, 02:43:32, 23.56, 48.53
2019-02-19, 02:43:33, 23.58, 48.53
2019-02-19, 02:43:35, 23.57, 48.53
2019-02-19, 02:43:36, 23.59, 48.53
2019-02-19, 02:43:37, 23.59, 48.53
2019-02-19, 02:43:39, 23.59, 48.53
2019-02-19, 02:43:40, 23.59, 48.53
2019-02-19, 02:43:41, 23.58, 48.53
2019-02-19, 02:43:43, 23.6, 48.53
2019-02-19, 02:43:44, 23.59, 48.53
2019-02-19, 02:43:45, 23.58, 48.53
2019-02-19, 02:43:47, 23.59, 48.53
2019-02-19, 02:43:48, 23.59, 48.53
2019-02-19, 02:43:49, 23.46, 48.51
2019-02-19, 02:43:51, 23.55, 48.59
2019-02-19, 02:43:52, 23.56, 48.59
2019-02-19, 02:43:53, 23.57, 48.59
2019-02-19, 02:43:55, 23.57, 48.59
2019-02-19, 02:43:56, 23.57, 48.56
2019-02-19, 02:43:58, 23.58, 48.56
2019-02-19, 02:43:59, 23.58, 48.53
2019-02-19, 02:44:00, 23.58, 48.56
2019-02-19, 02:44:02, 23.58, 48.56
2019-02-19, 02:44:03, 23.58, 48.53
2019-02-19, 02:44:04, 23.58, 48.53
2019-02-19, 02:44:06, 23.59, 48.53
2019-02-19, 02:44:07, 23.58, 48.53
2019-02-19, 02:44:08, 23.57, 48.53
2019-02-19, 02:44:10, 23.59, 48.53
2019-02-19, 02:44:11, 23.58, 48.53
2019-02-19, 02:44:12, 23.59, 48.53
2019-02-19, 02:44:14, 23.59, 48.53
2019-02-19, 02:44:15, 23.59, 48.5
2019-02-19, 02:44:17, 23.58, 48.5
2019-02-19, 02:44:18, 23.6, 48.5
2019-02-19, 02:44:19, 23.59, 48.47
2019-02-19, 02:44:21, 23.6, 48.47
2019-02-19, 02:44:22, 23.58, 48.46
2019-02-19, 02:44:23, 23.59, 48.53
2019-02-19, 02:44:25, 23.6, 48.5
2019-02-19, 02:44:26, 23.6, 48.5
2019-02-19, 02:44:27, 23.61, 48.53
2019-02-19, 02:44:29, 23.6, 48.5
2019-02-19, 02:44:30, 23.58, 48.5
2019-02-19, 02:44:31, 23.6, 48.5
2019-02-19, 02:44:33, 23.6, 48.47
2019-02-19, 02:44:34, 23.58, 48.46
2019-02-19, 02:44:35, 23.59, 48.47
2019-02-19, 02:44:37, 23.58, 48.46
2019-02-19, 02:44:38, 23.58, 48.5
2019-02-19, 02:44:40, 23.58, 48.46
2019-02-19, 02:44:41, 23.59, 48.5
2019-02-19, 02:44:42, 23.59, 48.47
2019-02-19, 02:44:44, 23.6, 48.47
2019-02-19, 02:44:45, 23.59, 48.47
2019-02-19, 02:44:46, 23.6, 48.47
2019-02-19, 02:44:48, 23.6, 48.5
2019-02-19, 02:44:49, 23.6, 48.5
2019-02-19, 02:44:50, 23.6, 48.47
2019-02-19, 02:44:52, 23.6, 48.47
2019-02-19, 02:44:53, 23.58, 48.46
2019-02-19, 02:44:54, 23.58, 48.46
2019-02-19, 02:44:56, 23.57, 48.46
2019-02-19, 02:44:57, 23.58, 48.46
2019-02-19, 02:44:58, 23.58, 48.46
2019-02-19, 02:45:00, 23.58, 48.5
2019-02-19, 02:45:01, 23.58, 48.46
2019-02-19, 02:45:03, 23.58, 48.5
2019-02-19, 02:45:04, 23.58, 48.5
2019-02-19, 02:45:05, 23.57, 48.5
2019-02-19, 02:45:07, 23.58, 48.46
2019-02-19, 02:45:08, 23.58, 48.46
2019-02-19, 02:45:09, 23.58, 48.5
2019-02-19, 02:45:11, 23.6, 48.5
2019-02-19, 02:45:12, 23.59, 48.5
2019-02-19, 02:45:13, 23.59, 48.5
2019-02-19, 02:45:15, 23.61, 48.47
2019-02-19, 02:45:16, 23.59, 48.47
2019-02-19, 02:45:17, 23.59, 48.47
2019-02-19, 02:45:19, 23.59, 48.47
2019-02-19, 02:45:20, 23.59, 48.5
2019-02-19, 02:45:22, 23.59, 48.47
2019-02-19, 02:45:23, 23.58, 48.46
2019-02-19, 02:45:24, 23.59, 48.47
2019-02-19, 02:45:26, 23.59, 48.47
2019-02-19, 02:45:27, 23.59, 48.47
2019-02-19, 02:45:28, 23.6, 48.47
2019-02-19, 02:45:30, 23.6, 48.47
2019-02-19, 02:45:31, 23.6, 48.47
2019-02-19, 02:45:32, 23.6, 48.47
2019-02-19, 02:45:34, 23.6, 48.47
2019-02-19, 02:45:35, 23.6, 48.47
2019-02-19, 02:45:36, 23.6, 48.47
2019-02-19, 02:45:38, 23.6, 48.47
2019-02-19, 02:45:39, 23.59, 48.47
2019-02-19, 02:45:41, 23.6, 48.47
2019-02-19, 02:45:42, 23.6, 48.47
2019-02-19, 02:45:43, 23.5, 48.45
2019-02-19, 02:45:45, 23.56, 48.53
2019-02-19, 02:45:46, 23.58, 48.53
2019-02-19, 02:45:47, 23.58, 48.53
2019-02-19, 02:45:49, 23.58, 48.5
2019-02-19, 02:45:50, 23.58, 48.5
2019-02-19, 02:45:51, 23.58, 48.5
2019-02-19, 02:45:53, 23.59, 48.5
2019-02-19, 02:45:54, 23.58, 48.46
2019-02-19, 02:45:55, 23.58, 48.5
2019-02-19, 02:45:57, 23.58, 48.5
2019-02-19, 02:45:58, 23.59, 48.5
2019-02-19, 02:45:59, 23.58, 48.5
2019-02-19, 02:46:01, 23.58, 48.53
2019-02-19, 02:46:02, 23.59, 48.5
2019-02-19, 02:46:04, 23.58, 48.5
2019-02-19, 02:46:05, 23.58, 48.5
2019-02-19, 02:46:06, 23.58, 48.5
2019-02-19, 02:46:08, 23.58, 48.5
2019-02-19, 02:46:09, 23.57, 48.5
2019-02-19, 02:46:10, 23.58, 48.5
2019-02-19, 02:46:12, 23.58, 48.5
2019-02-19, 02:46:13, 23.6, 48.5
2019-02-19, 02:46:14, 23.58, 48.46
2019-02-19, 02:46:16, 23.58, 48.46
2019-02-19, 02:46:17, 23.59, 48.47
2019-02-19, 02:46:18, 23.59, 48.47
2019-02-19, 02:46:20, 23.59, 48.5
2019-02-19, 02:46:21, 23.58, 48.5
2019-02-19, 02:46:23, 23.59, 48.5
2019-02-19, 02:46:24, 23.6, 48.47
2019-02-19, 02:46:25, 23.6, 48.47
2019-02-19, 02:46:27, 23.59, 48.5
2019-02-19, 02:46:28, 23.6, 48.47
2019-02-19, 02:46:29, 23.58, 48.46
2019-02-19, 02:46:31, 23.58, 48.46
2019-02-19, 02:46:32, 23.58, 48.46
2019-02-19, 02:46:33, 23.57, 48.46
2019-02-19, 02:46:35, 23.58, 48.46
2019-02-19, 02:46:36, 23.57, 48.46
2019-02-19, 02:46:37, 23.58, 48.46
2019-02-19, 02:46:39, 23.58, 48.46
2019-02-19, 02:46:40, 23.57, 48.46
2019-02-19, 02:46:41, 23.59, 48.47
2019-02-19, 02:46:43, 23.58, 48.46
2019-02-19, 02:46:44, 23.58, 48.46
2019-02-19, 02:46:46, 23.59, 48.47
2019-02-19, 02:46:47, 23.59, 48.47
2019-02-19, 02:46:48, 23.58, 48.46
2019-02-19, 02:46:50, 23.58, 48.46
2019-02-19, 02:46:51, 23.59, 48.47
2019-02-19, 02:46:52, 23.6, 48.47
2019-02-19, 02:46:54, 23.58, 48.46
2019-02-19, 02:46:55, 23.59, 48.5
2019-02-19, 02:46:56, 23.59, 48.47
2019-02-19, 02:46:58, 23.59, 48.47
2019-02-19, 02:46:59, 23.58, 48.46
2019-02-19, 02:47:00, 23.58, 48.46
2019-02-19, 02:47:02, 23.59, 48.47
2019-02-19, 02:47:03, 23.58, 48.46
2019-02-19, 02:47:05, 23.58, 48.46
2019-02-19, 02:47:06, 23.58, 48.46
2019-02-19, 02:47:07, 23.58, 48.46
2019-02-19, 02:47:09, 23.56, 48.46
2019-02-19, 02:47:10, 23.57, 48.46
2019-02-19, 02:47:11, 23.58, 48.46
2019-02-19, 02:47:13, 23.59, 48.47
2019-02-19, 02:47:14, 23.58, 48.46
2019-02-19, 02:47:15, 23.58, 48.46
2019-02-19, 02:47:17, 23.58, 48.46
2019-02-19, 02:47:18, 23.58, 48.46
2019-02-19, 02:47:19, 23.58, 48.46
2019-02-19, 02:47:21, 23.58, 48.43
2019-02-19, 02:47:22, 23.59, 48.47
2019-02-19, 02:47:23, 23.58, 48.46
2019-02-19, 02:47:25, 23.59, 48.47
2019-02-19, 02:47:26, 23.58, 48.46
2019-02-19, 02:47:28, 23.58, 48.46
2019-02-19, 02:47:29, 23.59, 48.47
2019-02-19, 02:47:30, 23.58, 48.46
2019-02-19, 02:47:32, 23.57, 48.46
2019-02-19, 02:47:33, 23.58, 48.46
2019-02-19, 02:47:34, 23.57, 48.46
2019-02-19, 02:47:36, 23.58, 48.46
2019-02-19, 02:47:37, 23.58, 48.46
2019-02-19, 02:47:38, 23.58, 48.46
2019-02-19, 02:47:40, 23.58, 48.46
2019-02-19, 02:47:41, 23.58, 48.46
2019-02-19, 02:47:42, 23.58, 48.46
2019-02-19, 02:47:44, 23.59, 48.47
2019-02-19, 02:47:45, 23.58, 48.46
2019-02-19, 02:47:46, 23.54, 48.46
2019-02-19, 02:47:48, 23.59, 48.5
2019-02-19, 02:47:49, 23.58, 48.5
2019-02-19, 02:47:51, 23.57, 48.46
2019-02-19, 02:47:52, 23.58, 48.46
2019-02-19, 02:47:53, 23.57, 48.46
2019-02-19, 02:47:55, 23.57, 48.46
2019-02-19, 02:47:56, 23.58, 48.46
2019-02-19, 02:47:57, 23.58, 48.46
2019-02-19, 02:47:59, 23.58, 48.43
2019-02-19, 02:48:00, 23.59, 48.47
2019-02-19, 02:48:01, 23.58, 48.46
2019-02-19, 02:48:03, 23.58, 48.46
2019-02-19, 02:48:04, 23.58, 48.46
2019-02-19, 02:48:05, 23.59, 48.47
2019-02-19, 02:48:07, 23.58, 48.46
2019-02-19, 02:48:08, 23.58, 48.46
2019-02-19, 02:48:10, 23.58, 48.46
2019-02-19, 02:48:11, 23.57, 48.46
2019-02-19, 02:48:12, 23.57, 48.46
2019-02-19, 02:48:14, 23.58, 48.43
2019-02-19, 02:48:15, 23.56, 48.43
2019-02-19, 02:48:16, 23.57, 48.46
2019-02-19, 02:48:18, 23.58, 48.46
2019-02-19, 02:48:19, 23.57, 48.46
2019-02-19, 02:48:20, 23.57, 48.46
2019-02-19, 02:48:22, 23.57, 48.46
2019-02-19, 02:48:23, 23.57, 48.46
2019-02-19, 02:48:24, 23.57, 48.46
2019-02-19, 02:48:26, 23.56, 48.46
2019-02-19, 02:48:27, 23.56, 48.46
2019-02-19, 02:48:28, 23.55, 48.46
2019-02-19, 02:48:30, 23.56, 48.46
2019-02-19, 02:48:31, 23.56, 48.46
2019-02-19, 02:48:33, 23.54, 48.46
2019-02-19, 02:48:34, 23.56, 48.46
2019-02-19, 02:48:35, 23.56, 48.46
2019-02-19, 02:48:37, 23.55, 48.46
2019-02-19, 02:48:38, 23.55, 48.46
2019-02-19, 02:48:39, 23.55, 48.46
2019-02-19, 02:48:41, 23.55, 48.46
2019-02-19, 02:48:42, 23.56, 48.46
2019-02-19, 02:48:43, 23.55, 48.46
2019-02-19, 02:48:45, 23.55, 48.46
2019-02-19, 02:48:46, 23.54, 48.46
2019-02-19, 02:48:47, 23.55, 48.43
2019-02-19, 02:48:49, 23.55, 48.43
2019-02-19, 02:48:50, 23.54, 48.46
2019-02-19, 02:48:51, 23.54, 48.46
2019-02-19, 02:48:53, 23.55, 48.46
2019-02-19, 02:48:54, 23.56, 48.46
2019-02-19, 02:48:56, 23.56, 48.43
2019-02-19, 02:48:57, 23.56, 48.46
2019-02-19, 02:48:58, 23.55, 48.46
2019-02-19, 02:49:00, 23.56, 48.46
2019-02-19, 02:49:01, 23.55, 48.46
2019-02-19, 02:49:02, 23.55, 48.46
2019-02-19, 02:49:04, 23.54, 48.46
2019-02-19, 02:49:05, 23.54, 48.43
2019-02-19, 02:49:06, 23.54, 48.46
2019-02-19, 02:49:08, 23.55, 48.46
2019-02-19, 02:49:09, 23.54, 48.46
2019-02-19, 02:49:10, 23.55, 48.46
2019-02-19, 02:49:12, 23.54, 48.46
2019-02-19, 02:49:13, 23.54, 48.46
2019-02-19, 02:49:14, 23.54, 48.46
2019-02-19, 02:49:16, 23.54, 48.46
2019-02-19, 02:49:17, 23.54, 48.46
2019-02-19, 02:49:19, 23.54, 48.46
2019-02-19, 02:49:20, 23.54, 48.46
2019-02-19, 02:49:21, 23.55, 48.46
2019-02-19, 02:49:23, 23.54, 48.46
2019-02-19, 02:49:24, 23.52, 48.46
2019-02-19, 02:49:25, 23.55, 48.46
2019-02-19, 02:49:27, 23.55, 48.49
2019-02-19, 02:49:28, 23.54, 48.46
2019-02-19, 02:49:29, 23.55, 48.46
2019-02-19, 02:49:31, 23.54, 48.46
2019-02-19, 02:49:32, 23.54, 48.46
2019-02-19, 02:49:33, 23.54, 48.43
2019-02-19, 02:49:35, 23.54, 48.46
2019-02-19, 02:49:36, 23.52, 48.46
2019-02-19, 02:49:37, 23.53, 48.43
2019-02-19, 02:49:39, 23.52, 48.46
2019-02-19, 02:49:40, 23.54, 48.43
2019-02-19, 02:49:42, 23.52, 48.43
2019-02-19, 02:49:43, 23.52, 48.43
2019-02-19, 02:49:44, 23.52, 48.46
2019-02-19, 02:49:46, 23.54, 48.46
2019-02-19, 02:49:47, 23.52, 48.49
2019-02-19, 02:49:48, 23.53, 48.49
2019-02-19, 02:49:50, 23.54, 48.46
2019-02-19, 02:49:51, 23.55, 48.49
2019-02-19, 02:49:52, 23.54, 48.46
2019-02-19, 02:49:54, 23.54, 48.46
2019-02-19, 02:49:55, 23.53, 48.46
2019-02-19, 02:49:56, 23.54, 48.46
2019-02-19, 02:49:58, 23.54, 48.46
2019-02-19, 02:49:59, 23.54, 48.49
2019-02-19, 02:50:00, 23.54, 48.46
2019-02-19, 02:50:02, 23.54, 48.46
2019-02-19, 02:50:03, 23.52, 48.46
2019-02-19, 02:50:05, 23.54, 48.46
2019-02-19, 02:50:06, 23.54, 48.46
2019-02-19, 02:50:07, 23.54, 48.46
2019-02-19, 02:50:09, 23.54, 48.46
2019-02-19, 02:50:10, 23.54, 48.46
2019-02-19, 02:50:11, 23.54, 48.46
2019-02-19, 02:50:13, 23.55, 48.46
2019-02-19, 02:50:14, 23.56, 48.46
2019-02-19, 02:50:15, 23.55, 48.49
2019-02-19, 02:50:17, 23.54, 48.46
2019-02-19, 02:50:18, 23.53, 48.46
2019-02-19, 02:50:19, 23.54, 48.46
2019-02-19, 02:50:21, 23.54, 48.46
2019-02-19, 02:50:22, 23.55, 48.46
2019-02-19, 02:50:23, 23.54, 48.43
2019-02-19, 02:50:25, 23.53, 48.43
2019-02-19, 02:50:26, 23.54, 48.46
2019-02-19, 02:50:27, 23.54, 48.46
2019-02-19, 02:50:29, 23.54, 48.46
2019-02-19, 02:50:30, 23.53, 48.46
2019-02-19, 02:50:32, 23.54, 48.46
2019-02-19, 02:50:33, 23.53, 48.46
2019-02-19, 02:50:34, 23.54, 48.46
2019-02-19, 02:50:36, 23.53, 48.46
2019-02-19, 02:50:37, 23.54, 48.46
2019-02-19, 02:50:38, 23.54, 48.46
2019-02-19, 02:50:40, 23.53, 48.46
2019-02-19, 02:50:41, 23.52, 48.49
2019-02-19, 02:50:42, 23.53, 48.46
2019-02-19, 02:50:44, 23.52, 48.46
2019-02-19, 02:50:45, 23.52, 48.46
2019-02-19, 02:50:46, 23.53, 48.46
2019-02-19, 02:50:48, 23.53, 48.46
2019-02-19, 02:50:49, 23.53, 48.46
2019-02-19, 02:50:51, 23.53, 48.46
2019-02-19, 02:50:52, 23.52, 48.46
2019-02-19, 02:50:53, 23.53, 48.46
2019-02-19, 02:50:55, 23.52, 48.46
2019-02-19, 02:50:56, 23.51, 48.46
2019-02-19, 02:50:57, 23.5, 48.45
2019-02-19, 02:50:59, 23.52, 48.49
2019-02-19, 02:51:00, 23.51, 48.46
2019-02-19, 02:51:01, 23.51, 48.46
2019-02-19, 02:51:03, 23.52, 48.46
2019-02-19, 02:51:04, 23.52, 48.49
2019-02-19, 02:51:05, 23.52, 48.46
2019-02-19, 02:51:07, 23.53, 48.49
2019-02-19, 02:51:08, 23.52, 48.46
2019-02-19, 02:51:09, 23.53, 48.49
2019-02-19, 02:51:11, 23.52, 48.46
2019-02-19, 02:51:12, 23.52, 48.46
2019-02-19, 02:51:14, 23.52, 48.46
2019-02-19, 02:51:15, 23.35, 48.5
2019-02-19, 02:51:16, 23.46, 48.58
2019-02-19, 02:51:18, 23.48, 48.58
2019-02-19, 02:51:19, 23.48, 48.58
2019-02-19, 02:51:20, 23.5, 48.58
2019-02-19, 02:51:22, 23.52, 48.55
2019-02-19, 02:51:23, 23.51, 48.55
2019-02-19, 02:51:24, 23.51, 48.52
2019-02-19, 02:51:26, 23.5, 48.52
2019-02-19, 02:51:27, 23.5, 48.52
2019-02-19, 02:51:28, 23.51, 48.52
2019-02-19, 02:51:30, 23.51, 48.52
2019-02-19, 02:51:31, 23.51, 48.52
2019-02-19, 02:51:32, 23.51, 48.52
2019-02-19, 02:51:34, 23.51, 48.52
2019-02-19, 02:51:35, 23.51, 48.52
2019-02-19, 02:51:37, 23.5, 48.49
2019-02-19, 02:51:38, 23.51, 48.52
2019-02-19, 02:51:39, 23.41, 48.51
2019-02-19, 02:51:41, 23.48, 48.52
2019-02-19, 02:51:42, 23.5, 48.58
2019-02-19, 02:51:43, 23.48, 48.55
2019-02-19, 02:51:45, 23.5, 48.55
2019-02-19, 02:51:46, 23.5, 48.52
2019-02-19, 02:51:47, 23.5, 48.55
2019-02-19, 02:51:49, 23.5, 48.55
2019-02-19, 02:51:50, 23.51, 48.52
2019-02-19, 02:51:51, 23.5, 48.52
2019-02-19, 02:51:53, 23.5, 48.52
2019-02-19, 02:51:54, 23.51, 48.52
2019-02-19, 02:51:55, 23.51, 48.52
2019-02-19, 02:51:57, 23.5, 48.52
2019-02-19, 02:51:58, 23.5, 48.52
2019-02-19, 02:52:00, 23.5, 48.52
2019-02-19, 02:52:01, 23.49, 48.52
2019-02-19, 02:52:02, 23.49, 48.52
2019-02-19, 02:52:04, 23.49, 48.52
2019-02-19, 02:52:05, 23.49, 48.52
2019-02-19, 02:52:06, 23.49, 48.52
2019-02-19, 02:52:08, 23.49, 48.52
2019-02-19, 02:52:09, 23.39, 48.54
2019-02-19, 02:52:10, 23.46, 48.54
2019-02-19, 02:52:12, 23.49, 48.58
2019-02-19, 02:52:13, 23.49, 48.58
2019-02-19, 02:52:14, 23.49, 48.55
2019-02-19, 02:52:16, 23.48, 48.55
2019-02-19, 02:52:17, 23.49, 48.52
2019-02-19, 02:52:18, 23.49, 48.52
2019-02-19, 02:52:20, 23.5, 48.55
2019-02-19, 02:52:21, 23.5, 48.52
2019-02-19, 02:52:23, 23.5, 48.52
2019-02-19, 02:52:24, 23.5, 48.52
2019-02-19, 02:52:25, 23.5, 48.55
2019-02-19, 02:52:27, 23.5, 48.55
2019-02-19, 02:52:28, 23.49, 48.52
2019-02-19, 02:52:29, 23.5, 48.52
2019-02-19, 02:52:31, 23.49, 48.52
2019-02-19, 02:52:32, 23.51, 48.52
2019-02-19, 02:52:33, 23.5, 48.52
2019-02-19, 02:52:35, 23.5, 48.52
2019-02-19, 02:52:36, 23.5, 48.52
2019-02-19, 02:52:37, 23.49, 48.52
2019-02-19, 02:52:39, 23.51, 48.52
2019-02-19, 02:52:40, 23.5, 48.52
2019-02-19, 02:52:42, 23.5, 48.52
2019-02-19, 02:52:43, 23.49, 48.52
2019-02-19, 02:52:44, 23.49, 48.52
2019-02-19, 02:52:46, 23.5, 48.52
2019-02-19, 02:52:47, 23.48, 48.52
2019-02-19, 02:52:48, 23.49, 48.52
2019-02-19, 02:52:50, 23.5, 48.52
2019-02-19, 02:52:51, 23.49, 48.52
2019-02-19, 02:52:52, 23.48, 48.52
2019-02-19, 02:52:54, 23.49, 48.52
2019-02-19, 02:52:55, 23.49, 48.52
2019-02-19, 02:52:56, 23.49, 48.52
2019-02-19, 02:52:58, 23.48, 48.52
2019-02-19, 02:52:59, 23.48, 48.52
2019-02-19, 02:53:00, 23.48, 48.52
2019-02-19, 02:53:02, 23.49, 48.52
2019-02-19, 02:53:03, 23.5, 48.52
2019-02-19, 02:53:05, 23.5, 48.52
2019-02-19, 02:53:06, 23.49, 48.52
2019-02-19, 02:53:07, 23.5, 48.49
2019-02-19, 02:53:09, 23.48, 48.48
2019-02-19, 02:53:10, 23.49, 48.52
2019-02-19, 02:53:11, 23.5, 48.52
2019-02-19, 02:53:13, 23.48, 48.48
2019-02-19, 02:53:14, 23.5, 48.49
2019-02-19, 02:53:15, 23.5, 48.52
2019-02-19, 02:53:17, 23.5, 48.52
2019-02-19, 02:53:18, 23.51, 48.52
2019-02-19, 02:53:19, 23.5, 48.52
2019-02-19, 02:53:21, 23.5, 48.49
2019-02-19, 02:53:22, 23.5, 48.49
2019-02-19, 02:53:23, 23.5, 48.52
2019-02-19, 02:53:25, 23.49, 48.48
2019-02-19, 02:53:26, 23.5, 48.52
2019-02-19, 02:53:28, 23.5, 48.52
2019-02-19, 02:53:29, 23.5, 48.52
2019-02-19, 02:53:30, 23.51, 48.49
2019-02-19, 02:53:32, 23.5, 48.52
2019-02-19, 02:53:33, 23.5, 48.52
2019-02-19, 02:53:34, 23.51, 48.52
2019-02-19, 02:53:36, 23.5, 48.52
2019-02-19, 02:53:37, 23.5, 48.52
2019-02-19, 02:53:38, 23.5, 48.52
2019-02-19, 02:53:40, 23.5, 48.52
2019-02-19, 02:53:41, 23.5, 48.52
2019-02-19, 02:53:42, 23.5, 48.49
2019-02-19, 02:53:44, 23.5, 48.52
2019-02-19, 02:53:45, 23.5, 48.49
2019-02-19, 02:53:47, 23.5, 48.52
2019-02-19, 02:53:48, 23.5, 48.49
2019-02-19, 02:53:49, 23.5, 48.49
2019-02-19, 02:53:51, 23.51, 48.49
2019-02-19, 02:53:52, 23.51, 48.49
2019-02-19, 02:53:53, 23.51, 48.52
2019-02-19, 02:53:55, 23.51, 48.49
2019-02-19, 02:53:56, 23.51, 48.49
2019-02-19, 02:53:57, 23.48, 48.48
2019-02-19, 02:53:59, 23.49, 48.48
2019-02-19, 02:54:00, 23.49, 48.48
2019-02-19, 02:54:01, 23.48, 48.45
2019-02-19, 02:54:03, 23.48, 48.45
2019-02-19, 02:54:04, 23.49, 48.45
2019-02-19, 02:54:05, 23.5, 48.49
2019-02-19, 02:54:07, 23.49, 48.48
2019-02-19, 02:54:08, 23.49, 48.48
2019-02-19, 02:54:10, 23.49, 48.48
2019-02-19, 02:54:11, 23.49, 48.48
2019-02-19, 02:54:12, 23.49, 48.48
2019-02-19, 02:54:14, 23.49, 48.52
2019-02-19, 02:54:15, 23.5, 48.52
2019-02-19, 02:54:16, 23.5, 48.52
2019-02-19, 02:54:18, 23.5, 48.52
2019-02-19, 02:54:19, 23.5, 48.52
2019-02-19, 02:54:20, 23.5, 48.52
2019-02-19, 02:54:22, 23.5, 48.52
2019-02-19, 02:54:23, 23.49, 48.52
2019-02-19, 02:54:24, 23.49, 48.52
2019-02-19, 02:54:26, 23.48, 48.52
2019-02-19, 02:54:27, 23.5, 48.52
2019-02-19, 02:54:29, 23.5, 48.52
2019-02-19, 02:54:30, 23.5, 48.52
2019-02-19, 02:54:31, 23.5, 48.52
2019-02-19, 02:54:33, 23.5, 48.49
2019-02-19, 02:54:34, 23.48, 48.52
2019-02-19, 02:54:35, 23.5, 48.52
2019-02-19, 02:54:37, 23.49, 48.48
2019-02-19, 02:54:38, 23.5, 48.49
2019-02-19, 02:54:39, 23.49, 48.45
2019-02-19, 02:54:41, 23.49, 48.45
2019-02-19, 02:54:42, 23.48, 48.45
2019-02-19, 02:54:43, 23.49, 48.45
2019-02-19, 02:54:45, 23.5, 48.45
2019-02-19, 02:54:46, 23.49, 48.45
2019-02-19, 02:54:47, 23.49, 48.45
2019-02-19, 02:54:49, 23.5, 48.45
2019-02-19, 02:54:50, 23.5, 48.45
2019-02-19, 02:54:52, 23.5, 48.45
2019-02-19, 02:54:53, 23.5, 48.45
2019-02-19, 02:54:54, 23.5, 48.45
2019-02-19, 02:54:56, 23.49, 48.42
2019-02-19, 02:54:57, 23.5, 48.45
2019-02-19, 02:54:58, 23.5, 48.45
2019-02-19, 02:55:00, 23.5, 48.45
2019-02-19, 02:55:01, 23.5, 48.45
2019-02-19, 02:55:02, 23.49, 48.45
2019-02-19, 02:55:04, 23.49, 48.45
2019-02-19, 02:55:05, 23.5, 48.42
2019-02-19, 02:55:06, 23.48, 48.42
2019-02-19, 02:55:08, 23.5, 48.42
2019-02-19, 02:55:09, 23.49, 48.42
2019-02-19, 02:55:11, 23.47, 48.42
2019-02-19, 02:55:12, 23.36, 48.44
2019-02-19, 02:55:13, 23.45, 48.48
2019-02-19, 02:55:15, 23.47, 48.51
2019-02-19, 02:55:16, 23.47, 48.48
2019-02-19, 02:55:17, 23.48, 48.48
2019-02-19, 02:55:19, 23.48, 48.48
2019-02-19, 02:55:20, 23.5, 48.45
2019-02-19, 02:55:21, 23.49, 48.45
2019-02-19, 02:55:23, 23.5, 48.45
2019-02-19, 02:55:24, 23.49, 48.45
2019-02-19, 02:55:25, 23.49, 48.45
2019-02-19, 02:55:27, 23.49, 48.45
2019-02-19, 02:55:28, 23.49, 48.45
2019-02-19, 02:55:29, 23.49, 48.45
2019-02-19, 02:55:31, 23.49, 48.45
2019-02-19, 02:55:32, 23.5, 48.45
2019-02-19, 02:55:34, 23.5, 48.42
2019-02-19, 02:55:35, 23.49, 48.45
2019-02-19, 02:55:36, 23.49, 48.45
2019-02-19, 02:55:38, 23.5, 48.45
2019-02-19, 02:55:39, 23.49, 48.45
2019-02-19, 02:55:40, 23.49, 48.45
2019-02-19, 02:55:42, 23.5, 48.45
2019-02-19, 02:55:43, 23.49, 48.45
2019-02-19, 02:55:44, 23.5, 48.45
2019-02-19, 02:55:46, 23.5, 48.45
2019-02-19, 02:55:47, 23.5, 48.45
2019-02-19, 02:55:48, 23.5, 48.45
2019-02-19, 02:55:50, 23.49, 48.45
2019-02-19, 02:55:51, 23.48, 48.42
2019-02-19, 02:55:52, 23.47, 48.42
2019-02-19, 02:55:54, 23.48, 48.42
2019-02-19, 02:55:55, 23.48, 48.45
2019-02-19, 02:55:57, 23.48, 48.45
2019-02-19, 02:55:58, 23.49, 48.45
2019-02-19, 02:55:59, 23.49, 48.45
2019-02-19, 02:56:01, 23.5, 48.45
2019-02-19, 02:56:02, 23.48, 48.45
2019-02-19, 02:56:03, 23.49, 48.45
2019-02-19, 02:56:05, 23.48, 48.42
2019-02-19, 02:56:06, 23.44, 48.41
2019-02-19, 02:56:07, 23.46, 48.45
2019-02-19, 02:56:09, 23.48, 48.45
2019-02-19, 02:56:10, 23.48, 48.45
2019-02-19, 02:56:11, 23.49, 48.45
2019-02-19, 02:56:13, 23.47, 48.45
2019-02-19, 02:56:14, 23.47, 48.45
2019-02-19, 02:56:15, 23.47, 48.45
2019-02-19, 02:56:17, 23.48, 48.45
2019-02-19, 02:56:18, 23.48, 48.45
2019-02-19, 02:56:20, 23.48, 48.45
2019-02-19, 02:56:21, 23.49, 48.45
2019-02-19, 02:56:22, 23.48, 48.42
2019-02-19, 02:56:24, 23.47, 48.42
2019-02-19, 02:56:25, 23.49, 48.42
2019-02-19, 02:56:26, 23.48, 48.42
2019-02-19, 02:56:28, 23.48, 48.42
2019-02-19, 02:56:29, 23.48, 48.42
2019-02-19, 02:56:30, 23.49, 48.42
2019-02-19, 02:56:32, 23.49, 48.42
2019-02-19, 02:56:33, 23.48, 48.42
2019-02-19, 02:56:34, 23.48, 48.42
2019-02-19, 02:56:36, 23.49, 48.42
2019-02-19, 02:56:37, 23.46, 48.39
2019-02-19, 02:56:38, 23.46, 48.39
2019-02-19, 02:56:40, 23.46, 48.39
2019-02-19, 02:56:41, 23.48, 48.39
2019-02-19, 02:56:43, 23.47, 48.39
2019-02-19, 02:56:44, 23.46, 48.39
2019-02-19, 02:56:45, 23.48, 48.39
2019-02-19, 02:56:47, 23.47, 48.39
2019-02-19, 02:56:48, 23.46, 48.39
2019-02-19, 02:56:49, 23.48, 48.39
2019-02-19, 02:56:51, 23.48, 48.39
2019-02-19, 02:56:52, 23.46, 48.39
2019-02-19, 02:56:53, 23.48, 48.39
2019-02-19, 02:56:55, 23.47, 48.39
2019-02-19, 02:56:56, 23.47, 48.39
2019-02-19, 02:56:57, 23.48, 48.39
2019-02-19, 02:56:59, 23.48, 48.39
2019-02-19, 02:57:00, 23.47, 48.39
2019-02-19, 02:57:01, 23.48, 48.39
2019-02-19, 02:57:03, 23.49, 48.39
2019-02-19, 02:57:04, 23.48, 48.42
2019-02-19, 02:57:06, 23.4, 48.38
2019-02-19, 02:57:07, 23.46, 48.42
2019-02-19, 02:57:08, 23.46, 48.39
2019-02-19, 02:57:10, 23.47, 48.39
2019-02-19, 02:57:11, 23.46, 48.39
2019-02-19, 02:57:12, 23.47, 48.42
2019-02-19, 02:57:14, 23.48, 48.42
2019-02-19, 02:57:15, 23.48, 48.39
2019-02-19, 02:57:16, 23.47, 48.42
2019-02-19, 02:57:18, 23.47, 48.39
2019-02-19, 02:57:19, 23.48, 48.39
2019-02-19, 02:57:20, 23.47, 48.39
2019-02-19, 02:57:22, 23.48, 48.39
2019-02-19, 02:57:23, 23.47, 48.39
2019-02-19, 02:57:24, 23.48, 48.39
2019-02-19, 02:57:26, 23.47, 48.39
2019-02-19, 02:57:27, 23.48, 48.36
2019-02-19, 02:57:29, 23.47, 48.39
2019-02-19, 02:57:30, 23.47, 48.35
2019-02-19, 02:57:31, 23.47, 48.35
2019-02-19, 02:57:33, 23.46, 48.39
2019-02-19, 02:57:34, 23.47, 48.35
2019-02-19, 02:57:35, 23.38, 48.38
2019-02-19, 02:57:37, 23.45, 48.42
2019-02-19, 02:57:38, 23.46, 48.42
2019-02-19, 02:57:39, 23.47, 48.42
2019-02-19, 02:57:41, 23.46, 48.42
2019-02-19, 02:57:42, 23.46, 48.42
2019-02-19, 02:57:43, 23.46, 48.42
2019-02-19, 02:57:45, 23.48, 48.42
2019-02-19, 02:57:46, 23.49, 48.42
2019-02-19, 02:57:47, 23.48, 48.39
2019-02-19, 02:57:49, 23.48, 48.39
2019-02-19, 02:57:50, 23.48, 48.39
2019-02-19, 02:57:52, 23.48, 48.39
2019-02-19, 02:57:53, 23.48, 48.39
2019-02-19, 02:57:54, 23.48, 48.39
2019-02-19, 02:57:56, 23.46, 48.39
2019-02-19, 02:57:57, 23.48, 48.39
2019-02-19, 02:57:58, 23.47, 48.39
2019-02-19, 02:58:00, 23.49, 48.39
2019-02-19, 02:58:01, 23.48, 48.39
2019-02-19, 02:58:02, 23.48, 48.39
2019-02-19, 02:58:04, 23.47, 48.39
2019-02-19, 02:58:05, 23.35, 48.37
2019-02-19, 02:58:06, 23.44, 48.41
2019-02-19, 02:58:08, 23.46, 48.39
2019-02-19, 02:58:09, 23.47, 48.39
2019-02-19, 02:58:10, 23.47, 48.39
2019-02-19, 02:58:12, 23.49, 48.39
2019-02-19, 02:58:13, 23.48, 48.39
2019-02-19, 02:58:15, 23.48, 48.39
2019-02-19, 02:58:16, 23.48, 48.39
2019-02-19, 02:58:17, 23.48, 48.36
2019-02-19, 02:58:19, 23.49, 48.39
2019-02-19, 02:58:20, 23.48, 48.36
2019-02-19, 02:58:21, 23.48, 48.36
2019-02-19, 02:58:23, 23.48, 48.36
2019-02-19, 02:58:24, 23.48, 48.36
2019-02-19, 02:58:25, 23.48, 48.32
2019-02-19, 02:58:27, 23.48, 48.36
2019-02-19, 02:58:28, 23.48, 48.32
2019-02-19, 02:58:29, 23.48, 48.36
2019-02-19, 02:58:31, 23.49, 48.33
2019-02-19, 02:58:32, 23.49, 48.36
2019-02-19, 02:58:33, 23.48, 48.36
2019-02-19, 02:58:35, 23.34, 48.37
2019-02-19, 02:58:36, 23.43, 48.38
2019-02-19, 02:58:38, 23.45, 48.42
2019-02-19, 02:58:39, 23.47, 48.42
2019-02-19, 02:58:40, 23.47, 48.42
2019-02-19, 02:58:42, 23.48, 48.39
2019-02-19, 02:58:43, 23.48, 48.39
2019-02-19, 02:58:44, 23.48, 48.39
2019-02-19, 02:58:46, 23.48, 48.39
2019-02-19, 02:58:47, 23.48, 48.39
2019-02-19, 02:58:48, 23.49, 48.39
2019-02-19, 02:58:50, 23.48, 48.39
2019-02-19, 02:58:51, 23.48, 48.39
2019-02-19, 02:58:52, 23.49, 48.39
2019-02-19, 02:58:54, 23.5, 48.39
2019-02-19, 02:58:55, 23.49, 48.36
2019-02-19, 02:58:57, 23.5, 48.39
2019-02-19, 02:58:58, 23.48, 48.39
2019-02-19, 02:58:59, 23.5, 48.39
2019-02-19, 02:59:01, 23.48, 48.36
2019-02-19, 02:59:02, 23.49, 48.36
2019-02-19, 02:59:03, 23.49, 48.36
2019-02-19, 02:59:05, 23.5, 48.39
2019-02-19, 02:59:06, 23.5, 48.36
2019-02-19, 02:59:07, 23.49, 48.36
2019-02-19, 02:59:09, 23.5, 48.36
2019-02-19, 02:59:10, 23.49, 48.36
2019-02-19, 02:59:11, 23.49, 48.36
2019-02-19, 02:59:13, 23.5, 48.33
2019-02-19, 02:59:14, 23.5, 48.33
2019-02-19, 02:59:15, 23.51, 48.33
2019-02-19, 02:59:17, 23.5, 48.33
2019-02-19, 02:59:18, 23.5, 48.33
2019-02-19, 02:59:20, 23.49, 48.33
2019-02-19, 02:59:21, 23.5, 48.33
2019-02-19, 02:59:22, 23.49, 48.33
2019-02-19, 02:59:24, 23.48, 48.32
2019-02-19, 02:59:25, 23.49, 48.33
2019-02-19, 02:59:26, 23.49, 48.33
2019-02-19, 02:59:28, 23.49, 48.33
2019-02-19, 02:59:29, 23.49, 48.36
2019-02-19, 02:59:30, 23.49, 48.36
2019-02-19, 02:59:32, 23.49, 48.33
2019-02-19, 02:59:33, 23.49, 48.33
2019-02-19, 02:59:34, 23.35, 48.37
2019-02-19, 02:59:36, 23.44, 48.41
2019-02-19, 02:59:37, 23.47, 48.45
2019-02-19, 02:59:38, 23.42, 48.44
2019-02-19, 02:59:40, 23.46, 48.45
2019-02-19, 02:59:41, 23.48, 48.45
2019-02-19, 02:59:43, 23.48, 48.45
2019-02-19, 02:59:44, 23.48, 48.42
2019-02-19, 02:59:45, 23.48, 48.39
2019-02-19, 02:59:47, 23.47, 48.35
2019-02-19, 02:59:48, 23.48, 48.36
2019-02-19, 02:59:49, 23.48, 48.36
2019-02-19, 02:59:51, 23.48, 48.36
2019-02-19, 02:59:52, 23.48, 48.39
2019-02-19, 02:59:53, 23.48, 48.39
2019-02-19, 02:59:55, 23.48, 48.39
2019-02-19, 02:59:56, 23.49, 48.39
2019-02-19, 02:59:57, 23.48, 48.39
2019-02-19, 02:59:59, 23.49, 48.39
2019-02-19, 03:00:00, 23.49, 48.36
2019-02-19, 03:00:01, 23.48, 48.36
2019-02-19, 03:00:03, 23.48, 48.39
2019-02-19, 03:00:04, 23.49, 48.36
2019-02-19, 03:00:06, 23.49, 48.36
2019-02-19, 03:00:07, 23.48, 48.32
2019-02-19, 03:00:08, 23.4, 48.35
2019-02-19, 03:00:10, 23.47, 48.35
2019-02-19, 03:00:11, 23.46, 48.35
2019-02-19, 03:00:12, 23.47, 48.39
2019-02-19, 03:00:14, 23.47, 48.35
2019-02-19, 03:00:15, 23.48, 48.36
2019-02-19, 03:00:16, 23.48, 48.36
2019-02-19, 03:00:18, 23.49, 48.36
2019-02-19, 03:00:19, 23.46, 48.35
2019-02-19, 03:00:21, 23.47, 48.35
2019-02-19, 03:00:22, 23.48, 48.32
2019-02-19, 03:00:23, 23.48, 48.36
2019-02-19, 03:00:25, 23.49, 48.33
2019-02-19, 03:00:26, 23.48, 48.36
2019-02-19, 03:00:27, 23.48, 48.32
2019-02-19, 03:00:29, 23.48, 48.32
2019-02-19, 03:00:30, 23.48, 48.32
2019-02-19, 03:00:31, 23.48, 48.29
2019-02-19, 03:00:33, 23.5, 48.29
2019-02-19, 03:00:34, 23.48, 48.29
2019-02-19, 03:00:35, 23.48, 48.29
2019-02-19, 03:00:37, 23.48, 48.32
2019-02-19, 03:00:38, 23.39, 48.31
2019-02-19, 03:00:39, 23.47, 48.35
2019-02-19, 03:00:41, 23.46, 48.35
2019-02-19, 03:00:42, 23.48, 48.36
2019-02-19, 03:00:44, 23.48, 48.36
2019-02-19, 03:00:45, 23.48, 48.32
2019-02-19, 03:00:46, 23.48, 48.32
2019-02-19, 03:00:48, 23.47, 48.29
2019-02-19, 03:00:49, 23.49, 48.29
2019-02-19, 03:00:50, 23.48, 48.32
2019-02-19, 03:00:52, 23.49, 48.29
2019-02-19, 03:00:53, 23.49, 48.29
2019-02-19, 03:00:54, 23.49, 48.29
2019-02-19, 03:00:56, 23.49, 48.26
2019-02-19, 03:00:57, 23.49, 48.26
2019-02-19, 03:00:58, 23.48, 48.26
2019-02-19, 03:01:00, 23.49, 48.26
2019-02-19, 03:01:01, 23.49, 48.26
2019-02-19, 03:01:02, 23.49, 48.26
2019-02-19, 03:01:04, 23.49, 48.26
2019-02-19, 03:01:05, 23.49, 48.26
2019-02-19, 03:01:07, 23.49, 48.26
2019-02-19, 03:01:08, 23.48, 48.26
2019-02-19, 03:01:09, 23.48, 48.26
2019-02-19, 03:01:11, 23.49, 48.26
2019-02-19, 03:01:12, 23.49, 48.26
2019-02-19, 03:01:13, 23.5, 48.26
2019-02-19, 03:01:15, 23.49, 48.26
2019-02-19, 03:01:16, 23.5, 48.26
2019-02-19, 03:01:17, 23.49, 48.26
2019-02-19, 03:01:19, 23.48, 48.26
2019-02-19, 03:01:20, 23.48, 48.23
2019-02-19, 03:01:21, 23.48, 48.23
2019-02-19, 03:01:23, 23.48, 48.26
2019-02-19, 03:01:24, 23.48, 48.23
2019-02-19, 03:01:26, 23.48, 48.23
2019-02-19, 03:01:27, 23.47, 48.23
2019-02-19, 03:01:28, 23.47, 48.23
2019-02-19, 03:01:30, 23.48, 48.23
2019-02-19, 03:01:31, 23.48, 48.26
2019-02-19, 03:01:32, 23.49, 48.26
2019-02-19, 03:01:34, 23.48, 48.26
2019-02-19, 03:01:35, 23.5, 48.26
2019-02-19, 03:01:36, 23.49, 48.26
2019-02-19, 03:01:38, 23.5, 48.26
2019-02-19, 03:01:39, 23.49, 48.26
2019-02-19, 03:01:40, 23.5, 48.26
2019-02-19, 03:01:42, 23.5, 48.26
2019-02-19, 03:01:43, 23.5, 48.26
2019-02-19, 03:01:44, 23.49, 48.26
2019-02-19, 03:01:46, 23.49, 48.26
2019-02-19, 03:01:47, 23.49, 48.23
2019-02-19, 03:01:49, 23.51, 48.23
2019-02-19, 03:01:50, 23.51, 48.2
2019-02-19, 03:01:51, 23.5, 48.23
2019-02-19, 03:01:53, 23.5, 48.23
2019-02-19, 03:01:54, 23.51, 48.23
2019-02-19, 03:01:55, 23.52, 48.23
2019-02-19, 03:01:57, 23.5, 48.23
2019-02-19, 03:01:58, 23.51, 48.23
2019-02-19, 03:01:59, 23.52, 48.23
2019-02-19, 03:02:01, 23.51, 48.23
2019-02-19, 03:02:02, 23.5, 48.23
2019-02-19, 03:02:03, 23.51, 48.23
2019-02-19, 03:02:05, 23.52, 48.23
2019-02-19, 03:02:06, 23.52, 48.27
2019-02-19, 03:02:07, 23.36, 48.25
2019-02-19, 03:02:09, 23.47, 48.32
2019-02-19, 03:02:10, 23.48, 48.32
2019-02-19, 03:02:12, 23.49, 48.33
2019-02-19, 03:02:13, 23.5, 48.26
2019-02-19, 03:02:14, 23.5, 48.26
2019-02-19, 03:02:16, 23.5, 48.26
2019-02-19, 03:02:17, 23.5, 48.26
2019-02-19, 03:02:18, 23.5, 48.26
2019-02-19, 03:02:20, 23.51, 48.26
2019-02-19, 03:02:21, 23.5, 48.26
2019-02-19, 03:02:22, 23.5, 48.26
2019-02-19, 03:02:24, 23.51, 48.23
2019-02-19, 03:02:25, 23.51, 48.23
2019-02-19, 03:02:26, 23.52, 48.27
2019-02-19, 03:02:28, 23.52, 48.23
2019-02-19, 03:02:29, 23.52, 48.23
2019-02-19, 03:02:30, 23.52, 48.23
2019-02-19, 03:02:32, 23.52, 48.23
2019-02-19, 03:02:33, 23.51, 48.2
2019-02-19, 03:02:35, 23.51, 48.2
2019-02-19, 03:02:36, 23.52, 48.2
2019-02-19, 03:02:37, 23.51, 48.23
2019-02-19, 03:02:39, 23.51, 48.2
2019-02-19, 03:02:40, 23.52, 48.2
2019-02-19, 03:02:41, 23.52, 48.23
2019-02-19, 03:02:43, 23.52, 48.23
2019-02-19, 03:02:44, 23.51, 48.2
2019-02-19, 03:02:45, 23.52, 48.2
2019-02-19, 03:02:47, 23.52, 48.2
2019-02-19, 03:02:48, 23.52, 48.17
2019-02-19, 03:02:49, 23.51, 48.17
2019-02-19, 03:02:51, 23.53, 48.17
2019-02-19, 03:02:52, 23.53, 48.14
2019-02-19, 03:02:53, 23.52, 48.17
2019-02-19, 03:02:55, 23.52, 48.17
2019-02-19, 03:02:56, 23.5, 48.14
2019-02-19, 03:02:58, 23.52, 48.14
2019-02-19, 03:02:59, 23.52, 48.17
2019-02-19, 03:03:00, 23.51, 48.17
2019-02-19, 03:03:02, 23.42, 48.16
2019-02-19, 03:03:03, 23.47, 48.2
2019-02-19, 03:03:04, 23.5, 48.2
2019-02-19, 03:03:06, 23.49, 48.2
2019-02-19, 03:03:07, 23.34, 48.21
2019-02-19, 03:03:08, 23.45, 48.26
2019-02-19, 03:03:10, 23.48, 48.29
2019-02-19, 03:03:11, 23.47, 48.26
2019-02-19, 03:03:12, 23.48, 48.23
2019-02-19, 03:03:14, 23.5, 48.23
2019-02-19, 03:03:15, 23.5, 48.2
2019-02-19, 03:03:16, 23.5, 48.2
2019-02-19, 03:03:18, 23.48, 48.2
2019-02-19, 03:03:19, 23.5, 48.17
2019-02-19, 03:03:21, 23.49, 48.2
2019-02-19, 03:03:22, 23.5, 48.2
2019-02-19, 03:03:23, 23.52, 48.2
2019-02-19, 03:03:25, 23.51, 48.2
2019-02-19, 03:03:26, 23.5, 48.2
2019-02-19, 03:03:27, 23.51, 48.2
2019-02-19, 03:03:29, 23.5, 48.2
2019-02-19, 03:03:30, 23.51, 48.17
2019-02-19, 03:03:31, 23.51, 48.2
2019-02-19, 03:03:33, 23.51, 48.2
2019-02-19, 03:03:34, 23.51, 48.17
2019-02-19, 03:03:35, 23.52, 48.2
2019-02-19, 03:03:37, 23.52, 48.17
2019-02-19, 03:03:38, 23.52, 48.17
2019-02-19, 03:03:39, 23.52, 48.17
2019-02-19, 03:03:41, 23.51, 48.17
2019-02-19, 03:03:42, 23.51, 48.17
2019-02-19, 03:03:44, 23.5, 48.17
2019-02-19, 03:03:45, 23.52, 48.17
2019-02-19, 03:03:46, 23.53, 48.17
2019-02-19, 03:03:48, 23.52, 48.14
2019-02-19, 03:03:49, 23.51, 48.14
2019-02-19, 03:03:50, 23.52, 48.14
2019-02-19, 03:03:52, 23.52, 48.14
2019-02-19, 03:03:53, 23.52, 48.14
2019-02-19, 03:03:54, 23.5, 48.14
2019-02-19, 03:03:56, 23.51, 48.14
2019-02-19, 03:03:57, 23.5, 48.14
2019-02-19, 03:03:58, 23.51, 48.14
2019-02-19, 03:04:00, 23.5, 48.14
2019-02-19, 03:04:01, 23.5, 48.14
2019-02-19, 03:04:03, 23.5, 48.14
2019-02-19, 03:04:04, 23.5, 48.14
2019-02-19, 03:04:05, 23.5, 48.14
2019-02-19, 03:04:07, 23.52, 48.14
2019-02-19, 03:04:08, 23.52, 48.14
2019-02-19, 03:04:09, 23.52, 48.14
2019-02-19, 03:04:11, 23.51, 48.17
2019-02-19, 03:04:12, 23.51, 48.14
2019-02-19, 03:04:13, 23.52, 48.14
2019-02-19, 03:04:15, 23.53, 48.17
2019-02-19, 03:04:16, 23.52, 48.14
2019-02-19, 03:04:17, 23.52, 48.14
2019-02-19, 03:04:19, 23.52, 48.14
2019-02-19, 03:04:20, 23.52, 48.14
2019-02-19, 03:04:21, 23.51, 48.14
2019-02-19, 03:04:23, 23.52, 48.14
2019-02-19, 03:04:24, 23.51, 48.14
2019-02-19, 03:04:26, 23.52, 48.11
2019-02-19, 03:04:27, 23.52, 48.14
2019-02-19, 03:04:28, 23.52, 48.14
2019-02-19, 03:04:30, 23.51, 48.1
2019-02-19, 03:04:31, 23.39, 48.12
2019-02-19, 03:04:32, 23.48, 48.16
2019-02-19, 03:04:34, 23.49, 48.17
2019-02-19, 03:04:35, 23.5, 48.2
2019-02-19, 03:04:36, 23.52, 48.17
2019-02-19, 03:04:38, 23.52, 48.14
2019-02-19, 03:04:39, 23.53, 48.14
2019-02-19, 03:04:40, 23.52, 48.14
2019-02-19, 03:04:42, 23.53, 48.14
2019-02-19, 03:04:43, 23.52, 48.14
2019-02-19, 03:04:44, 23.51, 48.1
2019-02-19, 03:04:46, 23.52, 48.07
2019-02-19, 03:04:47, 23.52, 48.07
2019-02-19, 03:04:49, 23.52, 48.07
2019-02-19, 03:04:50, 23.52, 48.11
2019-02-19, 03:04:51, 23.54, 48.08
2019-02-19, 03:04:53, 23.52, 48.07
2019-02-19, 03:04:54, 23.53, 48.08
2019-02-19, 03:04:55, 23.52, 48.07
2019-02-19, 03:04:57, 23.54, 48.08
2019-02-19, 03:04:58, 23.53, 48.11
2019-02-19, 03:04:59, 23.52, 48.07
2019-02-19, 03:05:01, 23.38, 48.09
2019-02-19, 03:05:02, 23.48, 48.16
2019-02-19, 03:05:03, 23.5, 48.14
2019-02-19, 03:05:05, 23.5, 48.14
2019-02-19, 03:05:06, 23.5, 48.14
2019-02-19, 03:05:07, 23.51, 48.14
2019-02-19, 03:05:09, 23.5, 48.1
2019-02-19, 03:05:10, 23.5, 48.07
2019-02-19, 03:05:12, 23.51, 48.07
2019-02-19, 03:05:13, 23.51, 48.07
2019-02-19, 03:05:14, 23.52, 48.07
2019-02-19, 03:05:16, 23.52, 48.07
2019-02-19, 03:05:17, 23.53, 48.08
2019-02-19, 03:05:18, 23.52, 48.11
2019-02-19, 03:05:20, 23.53, 48.08
2019-02-19, 03:05:21, 23.53, 48.08
2019-02-19, 03:05:22, 23.54, 48.08
2019-02-19, 03:05:24, 23.53, 48.08
2019-02-19, 03:05:25, 23.53, 48.08
2019-02-19, 03:05:26, 23.52, 48.07
2019-02-19, 03:05:28, 23.53, 48.08
2019-02-19, 03:05:29, 23.53, 48.08
2019-02-19, 03:05:31, 23.53, 48.04
2019-02-19, 03:05:32, 23.53, 48.08
2019-02-19, 03:05:33, 23.54, 48.04
2019-02-19, 03:05:35, 23.54, 48.04
2019-02-19, 03:05:36, 23.54, 48.04
2019-02-19, 03:05:37, 23.52, 48.04
2019-02-19, 03:05:39, 23.52, 48.01
2019-02-19, 03:05:40, 23.52, 48.04
2019-02-19, 03:05:41, 23.5, 48.01
2019-02-19, 03:05:43, 23.52, 48.04
2019-02-19, 03:05:44, 23.53, 48.01
2019-02-19, 03:05:45, 23.52, 48.01
2019-02-19, 03:05:47, 23.53, 48.01
2019-02-19, 03:05:48, 23.53, 48.01
2019-02-19, 03:05:50, 23.53, 48.01
2019-02-19, 03:05:51, 23.53, 48.01
2019-02-19, 03:05:52, 23.52, 48.01
2019-02-19, 03:05:54, 23.54, 48.01
2019-02-19, 03:05:55, 23.53, 48.01
2019-02-19, 03:05:56, 23.54, 47.98
2019-02-19, 03:05:58, 23.53, 48.01
2019-02-19, 03:05:59, 23.54, 47.98
2019-02-19, 03:06:00, 23.53, 48.01
2019-02-19, 03:06:02, 23.52, 47.98
2019-02-19, 03:06:03, 23.53, 48.01
2019-02-19, 03:06:04, 23.54, 48.01
2019-02-19, 03:06:06, 23.54, 48.01
2019-02-19, 03:06:07, 23.54, 48.01
2019-02-19, 03:06:08, 23.54, 48.01
2019-02-19, 03:06:10, 23.54, 48.01
2019-02-19, 03:06:11, 23.54, 48.01
2019-02-19, 03:06:13, 23.54, 48.01
2019-02-19, 03:06:14, 23.54, 48.01
2019-02-19, 03:06:15, 23.56, 48.02
2019-02-19, 03:06:17, 23.54, 48.01
2019-02-19, 03:06:18, 23.54, 48.01
2019-02-19, 03:06:19, 23.55, 48.01
2019-02-19, 03:06:21, 23.55, 48.01
2019-02-19, 03:06:22, 23.54, 48.01
2019-02-19, 03:06:23, 23.55, 48.01
2019-02-19, 03:06:25, 23.54, 48.01
2019-02-19, 03:06:26, 23.54, 48.01
2019-02-19, 03:06:27, 23.55, 48.01
2019-02-19, 03:06:29, 23.55, 48.01
2019-02-19, 03:06:30, 23.55, 47.98
2019-02-19, 03:06:31, 23.55, 47.98
2019-02-19, 03:06:33, 23.56, 48.02
2019-02-19, 03:06:34, 23.54, 48.01
2019-02-19, 03:06:36, 23.53, 47.98
2019-02-19, 03:06:37, 23.55, 47.98
2019-02-19, 03:06:38, 23.54, 47.95
2019-02-19, 03:06:40, 23.54, 47.95
2019-02-19, 03:06:41, 23.53, 47.98
2019-02-19, 03:06:42, 23.55, 47.95
2019-02-19, 03:06:44, 23.56, 47.95
2019-02-19, 03:06:45, 23.54, 47.95
2019-02-19, 03:06:46, 23.54, 47.95
2019-02-19, 03:06:48, 23.54, 47.95
2019-02-19, 03:06:49, 23.55, 47.95
2019-02-19, 03:06:50, 23.53, 47.92
2019-02-19, 03:06:52, 23.53, 47.95
2019-02-19, 03:06:53, 23.54, 47.95
2019-02-19, 03:06:54, 23.54, 47.92
2019-02-19, 03:06:56, 23.55, 47.95
2019-02-19, 03:06:57, 23.56, 47.95
2019-02-19, 03:06:59, 23.56, 47.95
2019-02-19, 03:07:00, 23.55, 47.92
2019-02-19, 03:07:01, 23.56, 47.92
2019-02-19, 03:07:03, 23.55, 47.92
2019-02-19, 03:07:04, 23.56, 47.95
2019-02-19, 03:07:05, 23.55, 47.92
2019-02-19, 03:07:07, 23.56, 47.89
2019-02-19, 03:07:08, 23.56, 47.92
2019-02-19, 03:07:09, 23.56, 47.92
2019-02-19, 03:07:11, 23.57, 47.95
2019-02-19, 03:07:12, 23.56, 47.95
2019-02-19, 03:07:13, 23.56, 47.92
2019-02-19, 03:07:15, 23.55, 47.95
2019-02-19, 03:07:16, 23.56, 47.95
2019-02-19, 03:07:18, 23.57, 47.95
2019-02-19, 03:07:19, 23.57, 47.95
2019-02-19, 03:07:20, 23.57, 47.95
2019-02-19, 03:07:22, 23.56, 47.95
2019-02-19, 03:07:23, 23.56, 47.95
2019-02-19, 03:07:24, 23.58, 47.95
2019-02-19, 03:07:26, 23.57, 47.95
2019-02-19, 03:07:27, 23.58, 47.95
2019-02-19, 03:07:28, 23.56, 47.95
2019-02-19, 03:07:30, 23.55, 47.92
2019-02-19, 03:07:31, 23.55, 47.92
2019-02-19, 03:07:32, 23.56, 47.95
2019-02-19, 03:07:34, 23.56, 47.92
2019-02-19, 03:07:35, 23.56, 47.92
2019-02-19, 03:07:36, 23.56, 47.95
2019-02-19, 03:07:38, 23.57, 47.92
2019-02-19, 03:07:39, 23.56, 47.95
2019-02-19, 03:07:41, 23.58, 47.92
2019-02-19, 03:07:42, 23.57, 47.92
2019-02-19, 03:07:43, 23.57, 47.89
2019-02-19, 03:07:45, 23.56, 47.89
2019-02-19, 03:07:46, 23.56, 47.89
2019-02-19, 03:07:47, 23.57, 47.89
2019-02-19, 03:07:49, 23.57, 47.89
2019-02-19, 03:07:50, 23.56, 47.92
2019-02-19, 03:07:51, 23.57, 47.89
2019-02-19, 03:07:53, 23.56, 47.89
2019-02-19, 03:07:54, 23.57, 47.89
2019-02-19, 03:07:55, 23.57, 47.92
2019-02-19, 03:07:57, 23.57, 47.89
2019-02-19, 03:07:58, 23.56, 47.89
2019-02-19, 03:07:59, 23.56, 47.89
2019-02-19, 03:08:01, 23.56, 47.89
2019-02-19, 03:08:02, 23.56, 47.89
2019-02-19, 03:08:04, 23.57, 47.89
2019-02-19, 03:08:05, 23.57, 47.89
2019-02-19, 03:08:06, 23.56, 47.89
2019-02-19, 03:08:08, 23.55, 47.89
2019-02-19, 03:08:09, 23.57, 47.89
2019-02-19, 03:08:10, 23.56, 47.89
2019-02-19, 03:08:12, 23.56, 47.92
2019-02-19, 03:08:13, 23.57, 47.92
2019-02-19, 03:08:14, 23.56, 47.92
2019-02-19, 03:08:16, 23.56, 47.95
2019-02-19, 03:08:17, 23.56, 47.95
2019-02-19, 03:08:18, 23.57, 47.92
2019-02-19, 03:08:20, 23.56, 47.89
2019-02-19, 03:08:21, 23.56, 47.89
2019-02-19, 03:08:22, 23.56, 47.89
2019-02-19, 03:08:24, 23.56, 47.89
2019-02-19, 03:08:25, 23.56, 47.89
2019-02-19, 03:08:27, 23.56, 47.89
2019-02-19, 03:08:28, 23.48, 47.88
2019-02-19, 03:08:29, 23.54, 47.89
2019-02-19, 03:08:31, 23.55, 47.92
2019-02-19, 03:08:32, 23.55, 47.89
2019-02-19, 03:08:33, 23.54, 47.92
2019-02-19, 03:08:35, 23.55, 47.89
2019-02-19, 03:08:36, 23.56, 47.89
2019-02-19, 03:08:37, 23.56, 47.89
2019-02-19, 03:08:39, 23.55, 47.89
2019-02-19, 03:08:40, 23.55, 47.89
2019-02-19, 03:08:41, 23.55, 47.89
2019-02-19, 03:08:43, 23.55, 47.89
2019-02-19, 03:08:44, 23.56, 47.89
2019-02-19, 03:08:45, 23.57, 47.86
2019-02-19, 03:08:47, 23.56, 47.86
2019-02-19, 03:08:48, 23.56, 47.89
2019-02-19, 03:08:50, 23.56, 47.86
2019-02-19, 03:08:51, 23.56, 47.86
2019-02-19, 03:08:52, 23.56, 47.89
2019-02-19, 03:08:54, 23.57, 47.89
2019-02-19, 03:08:55, 23.56, 47.89
2019-02-19, 03:08:56, 23.57, 47.89
2019-02-19, 03:08:58, 23.48, 47.91
2019-02-19, 03:08:59, 23.54, 47.89
2019-02-19, 03:09:00, 23.55, 47.92
2019-02-19, 03:09:02, 23.56, 47.95
2019-02-19, 03:09:03, 23.56, 47.92
2019-02-19, 03:09:04, 23.56, 47.92
2019-02-19, 03:09:06, 23.57, 47.89
2019-02-19, 03:09:07, 23.57, 47.92
2019-02-19, 03:09:08, 23.57, 47.89
2019-02-19, 03:09:10, 23.58, 47.89
2019-02-19, 03:09:11, 23.56, 47.89
2019-02-19, 03:09:13, 23.58, 47.86
2019-02-19, 03:09:14, 23.57, 47.86
2019-02-19, 03:09:15, 23.58, 47.86
2019-02-19, 03:09:17, 23.57, 47.83
2019-02-19, 03:09:18, 23.58, 47.86
2019-02-19, 03:09:19, 23.58, 47.83
2019-02-19, 03:09:21, 23.56, 47.82
2019-02-19, 03:09:22, 23.56, 47.82
2019-02-19, 03:09:23, 23.57, 47.83
2019-02-19, 03:09:25, 23.56, 47.82
2019-02-19, 03:09:26, 23.57, 47.83
2019-02-19, 03:09:27, 23.46, 47.81
2019-02-19, 03:09:29, 23.54, 47.89
2019-02-19, 03:09:30, 23.56, 47.89
2019-02-19, 03:09:32, 23.55, 47.89
2019-02-19, 03:09:33, 23.57, 47.86
2019-02-19, 03:09:34, 23.56, 47.86
2019-02-19, 03:09:36, 23.56, 47.86
2019-02-19, 03:09:37, 23.54, 47.85
2019-02-19, 03:09:38, 23.55, 47.82
2019-02-19, 03:09:40, 23.55, 47.85
2019-02-19, 03:09:41, 23.55, 47.89
2019-02-19, 03:09:42, 23.53, 47.88
2019-02-19, 03:09:44, 23.55, 47.85
2019-02-19, 03:09:45, 23.56, 47.89
2019-02-19, 03:09:46, 23.54, 47.89
2019-02-19, 03:09:48, 23.56, 47.89
2019-02-19, 03:09:49, 23.57, 47.86
2019-02-19, 03:09:51, 23.56, 47.86
2019-02-19, 03:09:52, 23.55, 47.85
2019-02-19, 03:09:53, 23.54, 47.85
2019-02-19, 03:09:55, 23.56, 47.86
2019-02-19, 03:09:56, 23.56, 47.86
2019-02-19, 03:09:57, 23.43, 47.9
2019-02-19, 03:09:59, 23.51, 47.95
2019-02-19, 03:10:00, 23.54, 47.95
2019-02-19, 03:10:01, 23.54, 47.98
2019-02-19, 03:10:03, 23.54, 47.95
2019-02-19, 03:10:04, 23.55, 47.95
2019-02-19, 03:10:05, 23.55, 47.95
2019-02-19, 03:10:07, 23.56, 47.92
2019-02-19, 03:10:08, 23.56, 47.89
2019-02-19, 03:10:10, 23.55, 47.89
2019-02-19, 03:10:11, 23.56, 47.89
2019-02-19, 03:10:12, 23.55, 47.89
2019-02-19, 03:10:14, 23.55, 47.89
2019-02-19, 03:10:15, 23.54, 47.89
2019-02-19, 03:10:16, 23.56, 47.89
2019-02-19, 03:10:18, 23.56, 47.89
2019-02-19, 03:10:19, 23.55, 47.89
2019-02-19, 03:10:20, 23.56, 47.89
2019-02-19, 03:10:22, 23.56, 47.89
2019-02-19, 03:10:23, 23.55, 47.85
2019-02-19, 03:10:24, 23.56, 47.89
2019-02-19, 03:10:26, 23.55, 47.89
2019-02-19, 03:10:27, 23.4, 47.9
2019-02-19, 03:10:28, 23.5, 47.94
2019-02-19, 03:10:30, 23.53, 47.95
2019-02-19, 03:10:31, 23.53, 47.95
2019-02-19, 03:10:33, 23.53, 47.92
2019-02-19, 03:10:34, 23.53, 47.92
2019-02-19, 03:10:35, 23.54, 47.92
2019-02-19, 03:10:37, 23.53, 47.92
2019-02-19, 03:10:38, 23.54, 47.89
2019-02-19, 03:10:39, 23.56, 47.89
2019-02-19, 03:10:41, 23.54, 47.89
2019-02-19, 03:10:42, 23.53, 47.88
2019-02-19, 03:10:43, 23.54, 47.89
2019-02-19, 03:10:45, 23.54, 47.89
2019-02-19, 03:10:46, 23.54, 47.89
2019-02-19, 03:10:47, 23.54, 47.85
2019-02-19, 03:10:49, 23.55, 47.89
2019-02-19, 03:10:50, 23.54, 47.85
2019-02-19, 03:10:51, 23.54, 47.89
2019-02-19, 03:10:53, 23.54, 47.85
2019-02-19, 03:10:54, 23.54, 47.89
2019-02-19, 03:10:56, 23.55, 47.89
2019-02-19, 03:10:57, 23.38, 47.93
2019-02-19, 03:10:58, 23.5, 47.98
2019-02-19, 03:11:00, 23.5, 47.98
2019-02-19, 03:11:01, 23.51, 47.98
2019-02-19, 03:11:02, 23.53, 47.95
2019-02-19, 03:11:04, 23.52, 47.91
2019-02-19, 03:11:05, 23.52, 47.91
2019-02-19, 03:11:06, 23.52, 47.91
2019-02-19, 03:11:08, 23.52, 47.91
2019-02-19, 03:11:09, 23.54, 47.92
2019-02-19, 03:11:10, 23.53, 47.92
2019-02-19, 03:11:12, 23.54, 47.92
2019-02-19, 03:11:13, 23.53, 47.88
2019-02-19, 03:11:15, 23.54, 47.89
2019-02-19, 03:11:16, 23.53, 47.88
2019-02-19, 03:11:17, 23.53, 47.88
2019-02-19, 03:11:19, 23.52, 47.88
2019-02-19, 03:11:20, 23.54, 47.89
2019-02-19, 03:11:21, 23.54, 47.89
2019-02-19, 03:11:23, 23.54, 47.89
2019-02-19, 03:11:24, 23.53, 47.88
2019-02-19, 03:11:25, 23.54, 47.89
2019-02-19, 03:11:27, 23.54, 47.89
2019-02-19, 03:11:28, 23.54, 47.89
2019-02-19, 03:11:29, 23.53, 47.85
2019-02-19, 03:11:31, 23.44, 47.87
2019-02-19, 03:11:32, 23.52, 47.88
2019-02-19, 03:11:34, 23.53, 47.88
2019-02-19, 03:11:35, 23.53, 47.88
2019-02-19, 03:11:36, 23.5, 47.88
2019-02-19, 03:11:38, 23.52, 47.88
2019-02-19, 03:11:39, 23.54, 47.89
2019-02-19, 03:11:40, 23.54, 47.89
2019-02-19, 03:11:42, 23.54, 47.89
2019-02-19, 03:11:43, 23.54, 47.89
2019-02-19, 03:11:44, 23.55, 47.89
2019-02-19, 03:11:46, 23.53, 47.88
2019-02-19, 03:11:47, 23.53, 47.88
2019-02-19, 03:11:48, 23.52, 47.88
2019-02-19, 03:11:50, 23.52, 47.88
2019-02-19, 03:11:51, 23.53, 47.88
2019-02-19, 03:11:53, 23.52, 47.88
2019-02-19, 03:11:54, 23.54, 47.89
2019-02-19, 03:11:55, 23.54, 47.85
2019-02-19, 03:11:57, 23.54, 47.89
2019-02-19, 03:11:58, 23.52, 47.85
2019-02-19, 03:11:59, 23.54, 47.85
2019-02-19, 03:12:01, 23.54, 47.85
2019-02-19, 03:12:02, 23.52, 47.85
2019-02-19, 03:12:03, 23.51, 47.85
2019-02-19, 03:12:05, 23.53, 47.85
2019-02-19, 03:12:06, 23.53, 47.82
2019-02-19, 03:12:07, 23.52, 47.82
2019-02-19, 03:12:09, 23.52, 47.82
2019-02-19, 03:12:10, 23.53, 47.82
2019-02-19, 03:12:12, 23.53, 47.82
2019-02-19, 03:12:13, 23.54, 47.85
2019-02-19, 03:12:14, 23.53, 47.82
2019-02-19, 03:12:16, 23.54, 47.82
2019-02-19, 03:12:17, 23.53, 47.82
2019-02-19, 03:12:18, 23.54, 47.82
2019-02-19, 03:12:20, 23.54, 47.85
2019-02-19, 03:12:21, 23.56, 47.82
2019-02-19, 03:12:22, 23.53, 47.82
2019-02-19, 03:12:24, 23.54, 47.82
2019-02-19, 03:12:25, 23.54, 47.82
2019-02-19, 03:12:26, 23.54, 47.82
2019-02-19, 03:12:28, 23.54, 47.82
2019-02-19, 03:12:29, 23.54, 47.82
2019-02-19, 03:12:30, 23.54, 47.82
2019-02-19, 03:12:32, 23.54, 47.82
2019-02-19, 03:12:33, 23.55, 47.82
2019-02-19, 03:12:35, 23.54, 47.82
2019-02-19, 03:12:36, 23.53, 47.82
2019-02-19, 03:12:37, 23.54, 47.82
2019-02-19, 03:12:39, 23.53, 47.82
2019-02-19, 03:12:40, 23.54, 47.82
2019-02-19, 03:12:41, 23.54, 47.82
2019-02-19, 03:12:43, 23.52, 47.82
2019-02-19, 03:12:44, 23.54, 47.82
2019-02-19, 03:12:45, 23.54, 47.82
2019-02-19, 03:12:47, 23.55, 47.82
2019-02-19, 03:12:48, 23.54, 47.82
2019-02-19, 03:12:49, 23.53, 47.82
2019-02-19, 03:12:51, 23.52, 47.82
2019-02-19, 03:12:52, 23.52, 47.82
2019-02-19, 03:12:54, 23.54, 47.82
2019-02-19, 03:12:55, 23.54, 47.82
2019-02-19, 03:12:56, 23.53, 47.82
2019-02-19, 03:12:58, 23.53, 47.82
2019-02-19, 03:12:59, 23.52, 47.79
2019-02-19, 03:13:00, 23.53, 47.79
2019-02-19, 03:13:02, 23.52, 47.79
2019-02-19, 03:13:03, 23.53, 47.82
2019-02-19, 03:13:04, 23.54, 47.82
2019-02-19, 03:13:06, 23.53, 47.82
2019-02-19, 03:13:07, 23.53, 47.82
2019-02-19, 03:13:08, 23.52, 47.82
2019-02-19, 03:13:10, 23.52, 47.82
2019-02-19, 03:13:11, 23.52, 47.82
2019-02-19, 03:13:13, 23.52, 47.85
2019-02-19, 03:13:14, 23.52, 47.82
2019-02-19, 03:13:15, 23.53, 47.85
2019-02-19, 03:13:17, 23.52, 47.85
2019-02-19, 03:13:18, 23.52, 47.85
2019-02-19, 03:13:19, 23.52, 47.88
2019-02-19, 03:13:21, 23.52, 47.85
2019-02-19, 03:13:22, 23.52, 47.85
2019-02-19, 03:13:23, 23.53, 47.85
2019-02-19, 03:13:25, 23.41, 47.8
2019-02-19, 03:13:26, 23.49, 47.88
2019-02-19, 03:13:28, 23.5, 47.85
2019-02-19, 03:13:29, 23.5, 47.85
2019-02-19, 03:13:30, 23.5, 47.85
2019-02-19, 03:13:32, 23.51, 47.88
2019-02-19, 03:13:33, 23.5, 47.88
2019-02-19, 03:13:34, 23.52, 47.85
2019-02-19, 03:13:36, 23.51, 47.88
2019-02-19, 03:13:37, 23.52, 47.88
2019-02-19, 03:13:38, 23.52, 47.88
2019-02-19, 03:13:40, 23.51, 47.85
2019-02-19, 03:13:41, 23.51, 47.85
2019-02-19, 03:13:42, 23.51, 47.82
2019-02-19, 03:13:44, 23.5, 47.82
2019-02-19, 03:13:45, 23.5, 47.82
2019-02-19, 03:13:47, 23.5, 47.85
2019-02-19, 03:13:48, 23.5, 47.82
2019-02-19, 03:13:49, 23.5, 47.82
2019-02-19, 03:13:51, 23.52, 47.82
2019-02-19, 03:13:52, 23.5, 47.85
2019-02-19, 03:13:53, 23.5, 47.85
2019-02-19, 03:13:55, 23.37, 47.86
2019-02-19, 03:13:56, 23.47, 47.91
2019-02-19, 03:13:57, 23.49, 47.94
2019-02-19, 03:13:59, 23.5, 47.91
2019-02-19, 03:14:00, 23.5, 47.94
2019-02-19, 03:14:01, 23.5, 47.94
2019-02-19, 03:14:03, 23.5, 47.91
2019-02-19, 03:14:04, 23.51, 47.91
2019-02-19, 03:14:06, 23.51, 47.91
2019-02-19, 03:14:07, 23.52, 47.91
2019-02-19, 03:14:08, 23.52, 47.91
2019-02-19, 03:14:10, 23.51, 47.88
2019-02-19, 03:14:11, 23.51, 47.88
2019-02-19, 03:14:12, 23.5, 47.88
2019-02-19, 03:14:14, 23.49, 47.85
2019-02-19, 03:14:15, 23.5, 47.88
2019-02-19, 03:14:16, 23.5, 47.88
2019-02-19, 03:14:18, 23.5, 47.85
2019-02-19, 03:14:19, 23.5, 47.85
2019-02-19, 03:14:20, 23.5, 47.85
2019-02-19, 03:14:22, 23.5, 47.85
2019-02-19, 03:14:23, 23.5, 47.88
2019-02-19, 03:14:25, 23.35, 47.86
2019-02-19, 03:14:26, 23.44, 47.94
2019-02-19, 03:14:27, 23.46, 47.94
2019-02-19, 03:14:29, 23.48, 47.94
2019-02-19, 03:14:30, 23.48, 47.94
2019-02-19, 03:14:31, 23.48, 47.88
2019-02-19, 03:14:33, 23.48, 47.91
2019-02-19, 03:14:34, 23.49, 47.88
2019-02-19, 03:14:35, 23.48, 47.91
2019-02-19, 03:14:37, 23.49, 47.88
2019-02-19, 03:14:38, 23.5, 47.88
2019-02-19, 03:14:40, 23.5, 47.88
2019-02-19, 03:14:41, 23.49, 47.88
2019-02-19, 03:14:42, 23.5, 47.88
2019-02-19, 03:14:44, 23.49, 47.88
2019-02-19, 03:14:45, 23.49, 47.88
2019-02-19, 03:14:46, 23.49, 47.88
2019-02-19, 03:14:48, 23.5, 47.85
2019-02-19, 03:14:49, 23.5, 47.88
2019-02-19, 03:14:50, 23.49, 47.88
2019-02-19, 03:14:52, 23.49, 47.85
2019-02-19, 03:14:53, 23.49, 47.85
2019-02-19, 03:14:54, 23.49, 47.85
2019-02-19, 03:14:56, 23.48, 47.85
2019-02-19, 03:14:57, 23.48, 47.85
2019-02-19, 03:14:59, 23.48, 47.85
2019-02-19, 03:15:00, 23.48, 47.85
2019-02-19, 03:15:01, 23.48, 47.85
2019-02-19, 03:15:03, 23.48, 47.88
2019-02-19, 03:15:04, 23.47, 47.84
2019-02-19, 03:15:05, 23.48, 47.88
2019-02-19, 03:15:07, 23.48, 47.88
2019-02-19, 03:15:08, 23.47, 47.88
2019-02-19, 03:15:09, 23.47, 47.84
2019-02-19, 03:15:11, 23.48, 47.88
2019-02-19, 03:15:12, 23.48, 47.88
2019-02-19, 03:15:14, 23.48, 47.88
2019-02-19, 03:15:15, 23.48, 47.88
2019-02-19, 03:15:16, 23.48, 47.88
2019-02-19, 03:15:18, 23.48, 47.85
2019-02-19, 03:15:19, 23.48, 47.88
2019-02-19, 03:15:20, 23.48, 47.85
2019-02-19, 03:15:22, 23.49, 47.88
2019-02-19, 03:15:23, 23.47, 47.88
2019-02-19, 03:15:24, 23.49, 47.88
2019-02-19, 03:15:26, 23.49, 47.88
2019-02-19, 03:15:27, 23.49, 47.88
2019-02-19, 03:15:28, 23.48, 47.88
2019-02-19, 03:15:30, 23.48, 47.88
2019-02-19, 03:15:31, 23.49, 47.88
2019-02-19, 03:15:33, 23.49, 47.88
2019-02-19, 03:15:34, 23.48, 47.88
2019-02-19, 03:15:35, 23.49, 47.88
2019-02-19, 03:15:37, 23.49, 47.88
2019-02-19, 03:15:38, 23.48, 47.88
2019-02-19, 03:15:39, 23.49, 47.88
2019-02-19, 03:15:41, 23.48, 47.88
2019-02-19, 03:15:42, 23.49, 47.88
2019-02-19, 03:15:43, 23.49, 47.88
2019-02-19, 03:15:45, 23.49, 47.88
2019-02-19, 03:15:46, 23.48, 47.88
2019-02-19, 03:15:48, 23.49, 47.88
2019-02-19, 03:15:49, 23.48, 47.88
2019-02-19, 03:15:50, 23.49, 47.88
2019-02-19, 03:15:52, 23.48, 47.88
2019-02-19, 03:15:53, 23.4, 47.87
2019-02-19, 03:15:54, 23.47, 47.88
2019-02-19, 03:15:56, 23.48, 47.88
2019-02-19, 03:15:57, 23.44, 47.87
2019-02-19, 03:15:58, 23.48, 47.88
2019-02-19, 03:16:00, 23.48, 47.88
2019-02-19, 03:16:01, 23.47, 47.91
2019-02-19, 03:16:03, 23.46, 47.88
2019-02-19, 03:16:04, 23.47, 47.88
2019-02-19, 03:16:05, 23.47, 47.88
2019-02-19, 03:16:07, 23.48, 47.88
2019-02-19, 03:16:08, 23.48, 47.88
2019-02-19, 03:16:09, 23.49, 47.88
2019-02-19, 03:16:11, 23.48, 47.88
2019-02-19, 03:16:12, 23.48, 47.88
2019-02-19, 03:16:13, 23.48, 47.88
2019-02-19, 03:16:15, 23.48, 47.88
2019-02-19, 03:16:16, 23.48, 47.88
2019-02-19, 03:16:17, 23.48, 47.85
2019-02-19, 03:16:19, 23.48, 47.88
2019-02-19, 03:16:20, 23.48, 47.85
2019-02-19, 03:16:22, 23.48, 47.85
2019-02-19, 03:16:23, 23.36, 47.86
2019-02-19, 03:16:24, 23.44, 47.94
2019-02-19, 03:16:26, 23.46, 47.91
2019-02-19, 03:16:27, 23.46, 47.91
2019-02-19, 03:16:28, 23.46, 47.91
2019-02-19, 03:16:30, 23.47, 47.88
2019-02-19, 03:16:31, 23.47, 47.88
2019-02-19, 03:16:32, 23.46, 47.88
2019-02-19, 03:16:34, 23.46, 47.88
2019-02-19, 03:16:35, 23.45, 47.87
2019-02-19, 03:16:37, 23.48, 47.88
2019-02-19, 03:16:38, 23.46, 47.88
2019-02-19, 03:16:39, 23.46, 47.88
2019-02-19, 03:16:41, 23.46, 47.88
2019-02-19, 03:16:42, 23.46, 47.88
2019-02-19, 03:16:43, 23.46, 47.88
2019-02-19, 03:16:45, 23.47, 47.88
2019-02-19, 03:16:46, 23.47, 47.88
2019-02-19, 03:16:47, 23.46, 47.88
2019-02-19, 03:16:49, 23.48, 47.88
2019-02-19, 03:16:50, 23.47, 47.88
2019-02-19, 03:16:51, 23.47, 47.88
2019-02-19, 03:16:53, 23.33, 47.89
2019-02-19, 03:16:54, 23.42, 47.93
2019-02-19, 03:16:56, 23.45, 47.97
2019-02-19, 03:16:57, 23.46, 47.94
2019-02-19, 03:16:58, 23.46, 47.94
2019-02-19, 03:17:00, 23.44, 47.94
2019-02-19, 03:17:01, 23.46, 47.91
2019-02-19, 03:17:02, 23.45, 47.91
2019-02-19, 03:17:04, 23.46, 47.91
2019-02-19, 03:17:05, 23.47, 47.88
2019-02-19, 03:17:06, 23.47, 47.88
2019-02-19, 03:17:08, 23.48, 47.88
2019-02-19, 03:17:09, 23.48, 47.88
2019-02-19, 03:17:10, 23.48, 47.88
2019-02-19, 03:17:12, 23.48, 47.88
2019-02-19, 03:17:13, 23.47, 47.88
2019-02-19, 03:17:14, 23.47, 47.88
2019-02-19, 03:17:16, 23.48, 47.88
2019-02-19, 03:17:17, 23.46, 47.88
2019-02-19, 03:17:19, 23.47, 47.88
2019-02-19, 03:17:20, 23.47, 47.88
2019-02-19, 03:17:21, 23.46, 47.88
2019-02-19, 03:17:23, 23.44, 47.87
2019-02-19, 03:17:24, 23.46, 47.84
2019-02-19, 03:17:25, 23.47, 47.84
2019-02-19, 03:17:27, 23.46, 47.84
2019-02-19, 03:17:28, 23.47, 47.84
2019-02-19, 03:17:29, 23.46, 47.84
2019-02-19, 03:17:31, 23.47, 47.84
2019-02-19, 03:17:32, 23.46, 47.84
2019-02-19, 03:17:33, 23.47, 47.84
2019-02-19, 03:17:35, 23.47, 47.81
2019-02-19, 03:17:36, 23.47, 47.84
2019-02-19, 03:17:38, 23.46, 47.81
2019-02-19, 03:17:39, 23.46, 47.81
2019-02-19, 03:17:40, 23.45, 47.81
2019-02-19, 03:17:42, 23.46, 47.84
2019-02-19, 03:17:43, 23.46, 47.84
2019-02-19, 03:17:44, 23.46, 47.88
2019-02-19, 03:17:46, 23.46, 47.88
2019-02-19, 03:17:47, 23.46, 47.88
2019-02-19, 03:17:48, 23.45, 47.87
2019-02-19, 03:17:50, 23.45, 47.87
2019-02-19, 03:17:51, 23.46, 47.88
2019-02-19, 03:17:52, 23.46, 47.84
2019-02-19, 03:17:54, 23.44, 47.84
2019-02-19, 03:17:55, 23.45, 47.87
2019-02-19, 03:17:56, 23.45, 47.87
2019-02-19, 03:17:58, 23.45, 47.87
2019-02-19, 03:17:59, 23.46, 47.88
2019-02-19, 03:18:01, 23.45, 47.91
2019-02-19, 03:18:02, 23.46, 47.88
2019-02-19, 03:18:03, 23.46, 47.88
2019-02-19, 03:18:05, 23.46, 47.88
2019-02-19, 03:18:06, 23.46, 47.88
2019-02-19, 03:18:07, 23.46, 47.88
2019-02-19, 03:18:09, 23.46, 47.88
2019-02-19, 03:18:10, 23.46, 47.88
2019-02-19, 03:18:11, 23.45, 47.87
2019-02-19, 03:18:13, 23.47, 47.88
2019-02-19, 03:18:14, 23.47, 47.88
2019-02-19, 03:18:15, 23.45, 47.87
2019-02-19, 03:18:17, 23.46, 47.88
2019-02-19, 03:18:18, 23.46, 47.88
2019-02-19, 03:18:20, 23.46, 47.88
2019-02-19, 03:18:21, 23.46, 47.88
2019-02-19, 03:18:22, 23.44, 47.87
2019-02-19, 03:18:24, 23.46, 47.88
2019-02-19, 03:18:25, 23.45, 47.87
2019-02-19, 03:18:26, 23.46, 47.88
2019-02-19, 03:18:28, 23.45, 47.87
2019-02-19, 03:18:29, 23.44, 47.87
2019-02-19, 03:18:30, 23.46, 47.88
2019-02-19, 03:18:32, 23.46, 47.88
2019-02-19, 03:18:33, 23.45, 47.87
2019-02-19, 03:18:34, 23.46, 47.88
2019-02-19, 03:18:36, 23.45, 47.87
2019-02-19, 03:18:37, 23.44, 47.87
2019-02-19, 03:18:39, 23.43, 47.84
2019-02-19, 03:18:40, 23.42, 47.87
2019-02-19, 03:18:41, 23.44, 47.87
2019-02-19, 03:18:43, 23.44, 47.87
2019-02-19, 03:18:44, 23.45, 47.84
2019-02-19, 03:18:45, 23.44, 47.84
2019-02-19, 03:18:47, 23.44, 47.87
2019-02-19, 03:18:48, 23.44, 47.84
2019-02-19, 03:18:49, 23.44, 47.84
2019-02-19, 03:18:51, 23.44, 47.87
2019-02-19, 03:18:52, 23.44, 47.87
2019-02-19, 03:18:53, 23.44, 47.87
2019-02-19, 03:18:55, 23.44, 47.87
2019-02-19, 03:18:56, 23.44, 47.9
2019-02-19, 03:18:57, 23.44, 47.9
2019-02-19, 03:18:59, 23.44, 47.87
2019-02-19, 03:19:00, 23.44, 47.87
2019-02-19, 03:19:02, 23.44, 47.87
2019-02-19, 03:19:03, 23.42, 47.87
2019-02-19, 03:19:04, 23.42, 47.87
2019-02-19, 03:19:06, 23.44, 47.87
2019-02-19, 03:19:07, 23.44, 47.87
2019-02-19, 03:19:08, 23.44, 47.87
2019-02-19, 03:19:10, 23.43, 47.87
2019-02-19, 03:19:11, 23.43, 47.87
2019-02-19, 03:19:12, 23.44, 47.9
2019-02-19, 03:19:14, 23.44, 47.87
2019-02-19, 03:19:15, 23.44, 47.87
2019-02-19, 03:19:16, 23.43, 47.87
2019-02-19, 03:19:18, 23.44, 47.87
2019-02-19, 03:19:19, 23.44, 47.87
2019-02-19, 03:19:20, 23.44, 47.87
2019-02-19, 03:19:22, 23.44, 47.87
2019-02-19, 03:19:23, 23.44, 47.87
2019-02-19, 03:19:25, 23.44, 47.87
2019-02-19, 03:19:26, 23.44, 47.87
2019-02-19, 03:19:27, 23.44, 47.87
2019-02-19, 03:19:29, 23.44, 47.87
2019-02-19, 03:19:30, 23.44, 47.87
2019-02-19, 03:19:31, 23.44, 47.87
2019-02-19, 03:19:33, 23.45, 47.91
2019-02-19, 03:19:34, 23.43, 47.87
2019-02-19, 03:19:35, 23.44, 47.87
2019-02-19, 03:19:37, 23.44, 47.87
2019-02-19, 03:19:38, 23.43, 47.87
2019-02-19, 03:19:39, 23.44, 47.87
2019-02-19, 03:19:41, 23.44, 47.87
2019-02-19, 03:19:42, 23.45, 47.87
2019-02-19, 03:19:43, 23.45, 47.87
2019-02-19, 03:19:45, 23.45, 47.84
2019-02-19, 03:19:46, 23.44, 47.87
2019-02-19, 03:19:48, 23.45, 47.87
2019-02-19, 03:19:49, 23.44, 47.84
2019-02-19, 03:19:50, 23.44, 47.87
2019-02-19, 03:19:52, 23.44, 47.84
2019-02-19, 03:19:53, 23.45, 47.87
2019-02-19, 03:19:54, 23.44, 47.87
2019-02-19, 03:19:56, 23.44, 47.87
2019-02-19, 03:19:57, 23.43, 47.84
2019-02-19, 03:19:58, 23.42, 47.84
2019-02-19, 03:20:00, 23.44, 47.84
2019-02-19, 03:20:01, 23.44, 47.84
2019-02-19, 03:20:02, 23.45, 47.84
2019-02-19, 03:20:04, 23.45, 47.81
2019-02-19, 03:20:05, 23.44, 47.87
2019-02-19, 03:20:07, 23.46, 47.81
2019-02-19, 03:20:08, 23.44, 47.84
2019-02-19, 03:20:09, 23.44, 47.84
2019-02-19, 03:20:11, 23.45, 47.84
2019-02-19, 03:20:12, 23.44, 47.84
2019-02-19, 03:20:13, 23.45, 47.84
2019-02-19, 03:20:15, 23.44, 47.84
2019-02-19, 03:20:16, 23.43, 47.84
2019-02-19, 03:20:17, 23.44, 47.81
2019-02-19, 03:20:19, 23.44, 47.81
2019-02-19, 03:20:20, 23.34, 47.83
2019-02-19, 03:20:21, 23.42, 47.87
2019-02-19, 03:20:23, 23.43, 47.84
2019-02-19, 03:20:24, 23.43, 47.87
2019-02-19, 03:20:25, 23.44, 47.87
2019-02-19, 03:20:27, 23.44, 47.84
2019-02-19, 03:20:28, 23.43, 47.87
2019-02-19, 03:20:30, 23.44, 47.84
2019-02-19, 03:20:31, 23.42, 47.87
2019-02-19, 03:20:32, 23.43, 47.84
2019-02-19, 03:20:34, 23.43, 47.84
2019-02-19, 03:20:35, 23.43, 47.81
2019-02-19, 03:20:36, 23.43, 47.84
2019-02-19, 03:20:38, 23.43, 47.81
2019-02-19, 03:20:39, 23.44, 47.81
2019-02-19, 03:20:40, 23.44, 47.84
2019-02-19, 03:20:42, 23.44, 47.84
2019-02-19, 03:20:43, 23.44, 47.84
2019-02-19, 03:20:45, 23.43, 47.84
2019-02-19, 03:20:46, 23.44, 47.81
2019-02-19, 03:20:47, 23.45, 47.81
2019-02-19, 03:20:49, 23.44, 47.81
2019-02-19, 03:20:50, 23.45, 47.81
2019-02-19, 03:20:51, 23.44, 47.81
2019-02-19, 03:20:53, 23.44, 47.81
2019-02-19, 03:20:54, 23.43, 47.81
2019-02-19, 03:20:55, 23.46, 47.81
2019-02-19, 03:20:57, 23.44, 47.81
2019-02-19, 03:20:58, 23.45, 47.81
2019-02-19, 03:21:00, 23.42, 47.81
2019-02-19, 03:21:01, 23.44, 47.81
2019-02-19, 03:21:02, 23.44, 47.81
2019-02-19, 03:21:04, 23.44, 47.81
2019-02-19, 03:21:05, 23.43, 47.81
2019-02-19, 03:21:06, 23.42, 47.81
2019-02-19, 03:21:08, 23.43, 47.81
2019-02-19, 03:21:09, 23.43, 47.81
2019-02-19, 03:21:10, 23.42, 47.81
2019-02-19, 03:21:12, 23.43, 47.81
2019-02-19, 03:21:13, 23.44, 47.81
2019-02-19, 03:21:14, 23.44, 47.81
2019-02-19, 03:21:16, 23.44, 47.81
2019-02-19, 03:21:17, 23.42, 47.81
2019-02-19, 03:21:19, 23.43, 47.81
2019-02-19, 03:21:20, 23.28, 47.79
2019-02-19, 03:21:21, 23.4, 47.87
2019-02-19, 03:21:23, 23.42, 47.87
2019-02-19, 03:21:24, 23.42, 47.87
2019-02-19, 03:21:25, 23.42, 47.87
2019-02-19, 03:21:27, 23.42, 47.87
2019-02-19, 03:21:28, 23.42, 47.87
2019-02-19, 03:21:29, 23.42, 47.84
2019-02-19, 03:21:31, 23.42, 47.87
2019-02-19, 03:21:32, 23.42, 47.84
2019-02-19, 03:21:33, 23.43, 47.84
2019-02-19, 03:21:35, 23.45, 47.84
2019-02-19, 03:21:36, 23.43, 47.81
2019-02-19, 03:21:37, 23.44, 47.84
2019-02-19, 03:21:39, 23.44, 47.81
2019-02-19, 03:21:40, 23.45, 47.81
2019-02-19, 03:21:42, 23.44, 47.81
2019-02-19, 03:21:43, 23.44, 47.81
2019-02-19, 03:21:44, 23.43, 47.81
2019-02-19, 03:21:46, 23.44, 47.81
2019-02-19, 03:21:47, 23.44, 47.81
2019-02-19, 03:21:48, 23.44, 47.84
2019-02-19, 03:21:50, 23.27, 47.85
2019-02-19, 03:21:51, 23.37, 47.93
2019-02-19, 03:21:52, 23.4, 47.93
2019-02-19, 03:21:54, 23.42, 47.93
2019-02-19, 03:21:55, 23.42, 47.9
2019-02-19, 03:21:56, 23.42, 47.87
2019-02-19, 03:21:58, 23.43, 47.87
2019-02-19, 03:21:59, 23.43, 47.87
2019-02-19, 03:22:01, 23.42, 47.87
2019-02-19, 03:22:02, 23.43, 47.87
2019-02-19, 03:22:03, 23.42, 47.84
2019-02-19, 03:22:05, 23.42, 47.84
2019-02-19, 03:22:06, 23.42, 47.81
2019-02-19, 03:22:07, 23.41, 47.84
2019-02-19, 03:22:09, 23.42, 47.81
2019-02-19, 03:22:10, 23.43, 47.81
2019-02-19, 03:22:11, 23.43, 47.81
2019-02-19, 03:22:13, 23.43, 47.84
2019-02-19, 03:22:14, 23.43, 47.84
2019-02-19, 03:22:15, 23.43, 47.81
2019-02-19, 03:22:17, 23.43, 47.84
2019-02-19, 03:22:18, 23.43, 47.84
2019-02-19, 03:22:19, 23.43, 47.81
2019-02-19, 03:22:21, 23.44, 47.81
2019-02-19, 03:22:22, 23.42, 47.81
2019-02-19, 03:22:24, 23.34, 47.83
2019-02-19, 03:22:25, 23.4, 47.87
2019-02-19, 03:22:26, 23.42, 47.84
2019-02-19, 03:22:28, 23.43, 47.87
2019-02-19, 03:22:29, 23.44, 47.87
2019-02-19, 03:22:30, 23.43, 47.87
2019-02-19, 03:22:32, 23.45, 47.84
2019-02-19, 03:22:33, 23.43, 47.84
2019-02-19, 03:22:34, 23.44, 47.84
2019-02-19, 03:22:36, 23.45, 47.84
2019-02-19, 03:22:37, 23.44, 47.84
2019-02-19, 03:22:38, 23.45, 47.81
2019-02-19, 03:22:40, 23.44, 47.84
2019-02-19, 03:22:41, 23.44, 47.81
2019-02-19, 03:22:42, 23.44, 47.81
2019-02-19, 03:22:44, 23.44, 47.81
2019-02-19, 03:22:45, 23.44, 47.81
2019-02-19, 03:22:47, 23.43, 47.84
2019-02-19, 03:22:48, 23.45, 47.81
2019-02-19, 03:22:49, 23.43, 47.81
2019-02-19, 03:22:51, 23.42, 47.84
2019-02-19, 03:22:52, 23.43, 47.81
2019-02-19, 03:22:53, 23.43, 47.81
2019-02-19, 03:22:55, 23.43, 47.81
2019-02-19, 03:22:56, 23.43, 47.81
2019-02-19, 03:22:57, 23.43, 47.81
2019-02-19, 03:22:59, 23.44, 47.81
2019-02-19, 03:23:00, 23.43, 47.81
2019-02-19, 03:23:01, 23.43, 47.81
2019-02-19, 03:23:03, 23.44, 47.81
2019-02-19, 03:23:04, 23.43, 47.81
2019-02-19, 03:23:05, 23.43, 47.81
2019-02-19, 03:23:07, 23.43, 47.81
2019-02-19, 03:23:08, 23.42, 47.81
2019-02-19, 03:23:10, 23.43, 47.81
2019-02-19, 03:23:11, 23.44, 47.78
2019-02-19, 03:23:12, 23.44, 47.78
2019-02-19, 03:23:14, 23.44, 47.78
2019-02-19, 03:23:15, 23.44, 47.81
2019-02-19, 03:23:16, 23.43, 47.78
2019-02-19, 03:23:18, 23.43, 47.81
2019-02-19, 03:23:19, 23.44, 47.81
2019-02-19, 03:23:20, 23.44, 47.81
2019-02-19, 03:23:22, 23.43, 47.81
2019-02-19, 03:23:23, 23.44, 47.81
2019-02-19, 03:23:24, 23.43, 47.81
2019-02-19, 03:23:26, 23.45, 47.81
2019-02-19, 03:23:27, 23.44, 47.81
2019-02-19, 03:23:28, 23.44, 47.81
2019-02-19, 03:23:30, 23.45, 47.81
2019-02-19, 03:23:31, 23.45, 47.81
2019-02-19, 03:23:33, 23.44, 47.81
2019-02-19, 03:23:34, 23.44, 47.81
2019-02-19, 03:23:35, 23.44, 47.78
2019-02-19, 03:23:37, 23.44, 47.78
2019-02-19, 03:23:38, 23.44, 47.74
2019-02-19, 03:23:39, 23.45, 47.78
2019-02-19, 03:23:41, 23.44, 47.74
2019-02-19, 03:23:42, 23.44, 47.78
2019-02-19, 03:23:43, 23.44, 47.78
2019-02-19, 03:23:45, 23.44, 47.74
2019-02-19, 03:23:46, 23.44, 47.78
2019-02-19, 03:23:47, 23.4, 47.77
2019-02-19, 03:23:49, 23.43, 47.81
2019-02-19, 03:23:50, 23.42, 47.77
2019-02-19, 03:23:52, 23.44, 47.81
2019-02-19, 03:23:53, 23.45, 47.78
2019-02-19, 03:23:54, 23.44, 47.78
2019-02-19, 03:23:56, 23.44, 47.78
2019-02-19, 03:23:57, 23.43, 47.78
2019-02-19, 03:23:58, 23.44, 47.81
2019-02-19, 03:24:00, 23.44, 47.78
2019-02-19, 03:24:01, 23.43, 47.78
2019-02-19, 03:24:02, 23.44, 47.78
2019-02-19, 03:24:04, 23.44, 47.81
2019-02-19, 03:24:05, 23.44, 47.78
2019-02-19, 03:24:06, 23.44, 47.78
2019-02-19, 03:24:08, 23.44, 47.81
2019-02-19, 03:24:09, 23.44, 47.78
2019-02-19, 03:24:10, 23.44, 47.78
2019-02-19, 03:24:12, 23.45, 47.78
2019-02-19, 03:24:13, 23.44, 47.78
2019-02-19, 03:24:15, 23.44, 47.78
2019-02-19, 03:24:16, 23.44, 47.78
2019-02-19, 03:24:17, 23.4, 47.77
2019-02-19, 03:24:19, 23.44, 47.78
2019-02-19, 03:24:20, 23.44, 47.78
2019-02-19, 03:24:21, 23.45, 47.78
2019-02-19, 03:24:23, 23.44, 47.78
2019-02-19, 03:24:24, 23.45, 47.75
2019-02-19, 03:24:25, 23.45, 47.75
2019-02-19, 03:24:27, 23.45, 47.75
2019-02-19, 03:24:28, 23.44, 47.74
2019-02-19, 03:24:29, 23.44, 47.74
2019-02-19, 03:24:31, 23.44, 47.74
2019-02-19, 03:24:32, 23.45, 47.71
2019-02-19, 03:24:33, 23.45, 47.75
2019-02-19, 03:24:35, 23.44, 47.74
2019-02-19, 03:24:36, 23.45, 47.75
2019-02-19, 03:24:38, 23.45, 47.75
2019-02-19, 03:24:39, 23.44, 47.71
2019-02-19, 03:24:40, 23.45, 47.75
2019-02-19, 03:24:42, 23.44, 47.71
2019-02-19, 03:24:43, 23.44, 47.71
2019-02-19, 03:24:44, 23.44, 47.71
2019-02-19, 03:24:46, 23.45, 47.71
2019-02-19, 03:24:47, 23.37, 47.74
2019-02-19, 03:24:48, 23.43, 47.74
2019-02-19, 03:24:50, 23.44, 47.74
2019-02-19, 03:24:51, 23.45, 47.75
2019-02-19, 03:24:52, 23.45, 47.78
2019-02-19, 03:24:54, 23.45, 47.75
2019-02-19, 03:24:55, 23.46, 47.75
2019-02-19, 03:24:56, 23.44, 47.74
2019-02-19, 03:24:58, 23.46, 47.75
2019-02-19, 03:24:59, 23.44, 47.71
2019-02-19, 03:25:01, 23.45, 47.75
2019-02-19, 03:25:02, 23.45, 47.71
2019-02-19, 03:25:03, 23.44, 47.71
2019-02-19, 03:25:05, 23.45, 47.68
2019-02-19, 03:25:06, 23.45, 47.68
2019-02-19, 03:25:07, 23.46, 47.72
2019-02-19, 03:25:09, 23.45, 47.68
2019-02-19, 03:25:10, 23.45, 47.71
2019-02-19, 03:25:13, 23.2, 47.75
2019-02-19, 03:25:14, 23.37, 47.83
2019-02-19, 03:25:15, 23.4, 47.87
2019-02-19, 03:25:17, 23.33, 47.86
2019-02-19, 03:25:18, 23.4, 47.9
2019-02-19, 03:25:19, 23.42, 47.87
2019-02-19, 03:25:21, 23.43, 47.84
2019-02-19, 03:25:22, 23.42, 47.81
2019-02-19, 03:25:24, 23.43, 47.81
2019-02-19, 03:25:25, 23.43, 47.81
2019-02-19, 03:25:26, 23.44, 47.78
2019-02-19, 03:25:28, 23.43, 47.74
2019-02-19, 03:25:29, 23.44, 47.74
2019-02-19, 03:25:30, 23.44, 47.74
2019-02-19, 03:25:32, 23.44, 47.74
2019-02-19, 03:25:33, 23.44, 47.74
2019-02-19, 03:25:34, 23.44, 47.71
2019-02-19, 03:25:36, 23.45, 47.71
2019-02-19, 03:25:37, 23.45, 47.71
2019-02-19, 03:25:38, 23.44, 47.71
2019-02-19, 03:25:40, 23.44, 47.71
2019-02-19, 03:25:41, 23.44, 47.68
2019-02-19, 03:25:42, 23.42, 47.68
2019-02-19, 03:25:44, 23.43, 47.68
2019-02-19, 03:25:45, 23.44, 47.68
2019-02-19, 03:25:47, 23.43, 47.71
2019-02-19, 03:25:48, 23.44, 47.68
2019-02-19, 03:25:49, 23.42, 47.68
2019-02-19, 03:25:51, 23.42, 47.68
2019-02-19, 03:25:52, 23.44, 47.68
2019-02-19, 03:25:53, 23.42, 47.65
2019-02-19, 03:25:55, 23.44, 47.68
2019-02-19, 03:25:56, 23.44, 47.68
2019-02-19, 03:25:57, 23.44, 47.68
2019-02-19, 03:25:59, 23.44, 47.65
2019-02-19, 03:26:00, 23.44, 47.68
2019-02-19, 03:26:01, 23.44, 47.68
2019-02-19, 03:26:03, 23.44, 47.65
2019-02-19, 03:26:04, 23.43, 47.68
2019-02-19, 03:26:06, 23.44, 47.68
2019-02-19, 03:26:07, 23.45, 47.68
2019-02-19, 03:26:08, 23.44, 47.68
2019-02-19, 03:26:10, 23.45, 47.68
2019-02-19, 03:26:11, 23.46, 47.68
2019-02-19, 03:26:12, 23.45, 47.68
2019-02-19, 03:26:14, 23.45, 47.68
2019-02-19, 03:26:15, 23.45, 47.68
2019-02-19, 03:26:16, 23.32, 47.67
2019-02-19, 03:26:18, 23.4, 47.71
2019-02-19, 03:26:19, 23.42, 47.71
2019-02-19, 03:26:20, 23.42, 47.71
2019-02-19, 03:26:22, 23.44, 47.71
2019-02-19, 03:26:23, 23.45, 47.71
2019-02-19, 03:26:24, 23.44, 47.71
2019-02-19, 03:26:26, 23.44, 47.68
2019-02-19, 03:26:27, 23.44, 47.68
2019-02-19, 03:26:29, 23.44, 47.68
2019-02-19, 03:26:30, 23.43, 47.68
2019-02-19, 03:26:31, 23.44, 47.68
2019-02-19, 03:26:33, 23.44, 47.68
2019-02-19, 03:26:34, 23.44, 47.68
2019-02-19, 03:26:35, 23.43, 47.65
2019-02-19, 03:26:37, 23.45, 47.65
2019-02-19, 03:26:38, 23.44, 47.65
2019-02-19, 03:26:39, 23.43, 47.65
2019-02-19, 03:26:41, 23.44, 47.65
2019-02-19, 03:26:42, 23.44, 47.65
2019-02-19, 03:26:43, 23.44, 47.65
2019-02-19, 03:26:45, 23.44, 47.65
2019-02-19, 03:26:46, 23.3, 47.66
2019-02-19, 03:26:47, 23.4, 47.68
2019-02-19, 03:26:49, 23.42, 47.71
2019-02-19, 03:26:50, 23.43, 47.71
2019-02-19, 03:26:52, 23.43, 47.68
2019-02-19, 03:26:53, 23.42, 47.68
2019-02-19, 03:26:54, 23.44, 47.65
2019-02-19, 03:26:56, 23.43, 47.65
2019-02-19, 03:26:57, 23.44, 47.68
2019-02-19, 03:26:58, 23.43, 47.65
2019-02-19, 03:27:00, 23.43, 47.65
2019-02-19, 03:27:01, 23.45, 47.62
2019-02-19, 03:27:02, 23.44, 47.62
2019-02-19, 03:27:04, 23.45, 47.65
2019-02-19, 03:27:05, 23.44, 47.65
2019-02-19, 03:27:07, 23.44, 47.65
2019-02-19, 03:27:08, 23.44, 47.65
2019-02-19, 03:27:09, 23.44, 47.62
2019-02-19, 03:27:11, 23.42, 47.65
2019-02-19, 03:27:12, 23.44, 47.62
2019-02-19, 03:27:13, 23.44, 47.62
2019-02-19, 03:27:15, 23.45, 47.62
2019-02-19, 03:27:16, 23.45, 47.62
2019-02-19, 03:27:17, 23.45, 47.62
2019-02-19, 03:27:19, 23.44, 47.62
2019-02-19, 03:27:20, 23.38, 47.61
2019-02-19, 03:27:21, 23.42, 47.61
2019-02-19, 03:27:23, 23.44, 47.62
2019-02-19, 03:27:24, 23.44, 47.62
2019-02-19, 03:27:26, 23.44, 47.62
2019-02-19, 03:27:27, 23.43, 47.65
2019-02-19, 03:27:28, 23.45, 47.65
2019-02-19, 03:27:30, 23.44, 47.65
2019-02-19, 03:27:31, 23.43, 47.65
2019-02-19, 03:27:32, 23.44, 47.62
2019-02-19, 03:27:34, 23.44, 47.62
2019-02-19, 03:27:35, 23.44, 47.62
2019-02-19, 03:27:36, 23.44, 47.62
2019-02-19, 03:27:38, 23.45, 47.65
2019-02-19, 03:27:39, 23.45, 47.62
2019-02-19, 03:27:40, 23.44, 47.65
2019-02-19, 03:27:42, 23.44, 47.62
2019-02-19, 03:27:43, 23.44, 47.65
2019-02-19, 03:27:45, 23.46, 47.62
2019-02-19, 03:27:46, 23.46, 47.65
2019-02-19, 03:27:47, 23.46, 47.62
2019-02-19, 03:27:49, 23.46, 47.62
2019-02-19, 03:27:50, 23.46, 47.62
2019-02-19, 03:27:51, 23.45, 47.62
2019-02-19, 03:27:53, 23.45, 47.62
2019-02-19, 03:27:54, 23.44, 47.62
2019-02-19, 03:27:55, 23.46, 47.62
2019-02-19, 03:27:57, 23.45, 47.62
2019-02-19, 03:27:58, 23.45, 47.62
2019-02-19, 03:28:00, 23.45, 47.59
2019-02-19, 03:28:01, 23.46, 47.62
2019-02-19, 03:28:02, 23.46, 47.62
2019-02-19, 03:28:04, 23.47, 47.62
2019-02-19, 03:28:05, 23.46, 47.62
2019-02-19, 03:28:06, 23.46, 47.62
2019-02-19, 03:28:08, 23.46, 47.59
2019-02-19, 03:28:09, 23.46, 47.62
2019-02-19, 03:28:10, 23.47, 47.62
2019-02-19, 03:28:12, 23.47, 47.62
2019-02-19, 03:28:13, 23.46, 47.62
2019-02-19, 03:28:14, 23.46, 47.62
2019-02-19, 03:28:16, 23.47, 47.62
2019-02-19, 03:28:17, 23.47, 47.62
2019-02-19, 03:28:18, 23.48, 47.62
2019-02-19, 03:28:20, 23.32, 47.63
2019-02-19, 03:28:21, 23.42, 47.68
2019-02-19, 03:28:23, 23.43, 47.68
2019-02-19, 03:28:24, 23.44, 47.68
2019-02-19, 03:28:25, 23.45, 47.68
2019-02-19, 03:28:27, 23.46, 47.65
2019-02-19, 03:28:28, 23.45, 47.65
2019-02-19, 03:28:29, 23.45, 47.65
2019-02-19, 03:28:31, 23.46, 47.65
2019-02-19, 03:28:32, 23.46, 47.62
2019-02-19, 03:28:33, 23.46, 47.62
2019-02-19, 03:28:35, 23.48, 47.62
2019-02-19, 03:28:36, 23.46, 47.59
2019-02-19, 03:28:37, 23.46, 47.56
2019-02-19, 03:28:39, 23.46, 47.59
2019-02-19, 03:28:40, 23.46, 47.56
2019-02-19, 03:28:41, 23.46, 47.56
2019-02-19, 03:28:43, 23.44, 47.55
2019-02-19, 03:28:44, 23.46, 47.56
2019-02-19, 03:28:46, 23.47, 47.53
2019-02-19, 03:28:47, 23.47, 47.53
2019-02-19, 03:28:48, 23.46, 47.52
2019-02-19, 03:28:50, 23.48, 47.53
2019-02-19, 03:28:51, 23.46, 47.52
2019-02-19, 03:28:52, 23.46, 47.52
2019-02-19, 03:28:54, 23.46, 47.52
2019-02-19, 03:28:55, 23.46, 47.56
2019-02-19, 03:28:56, 23.48, 47.53
2019-02-19, 03:28:58, 23.48, 47.53
2019-02-19, 03:28:59, 23.48, 47.53
2019-02-19, 03:29:00, 23.47, 47.56
2019-02-19, 03:29:02, 23.46, 47.52
2019-02-19, 03:29:03, 23.47, 47.56
2019-02-19, 03:29:05, 23.46, 47.52
2019-02-19, 03:29:06, 23.45, 47.52
2019-02-19, 03:29:07, 23.46, 47.49
2019-02-19, 03:29:09, 23.46, 47.49
2019-02-19, 03:29:10, 23.46, 47.52
2019-02-19, 03:29:11, 23.48, 47.53
2019-02-19, 03:29:13, 23.46, 47.52
2019-02-19, 03:29:14, 23.46, 47.52
2019-02-19, 03:29:15, 23.48, 47.53
2019-02-19, 03:29:17, 23.48, 47.56
2019-02-19, 03:29:18, 23.48, 47.53
2019-02-19, 03:29:19, 23.47, 47.49
2019-02-19, 03:29:21, 23.46, 47.49
2019-02-19, 03:29:22, 23.48, 47.53
2019-02-19, 03:29:24, 23.47, 47.49
2019-02-19, 03:29:25, 23.47, 47.49
2019-02-19, 03:29:26, 23.47, 47.53
2019-02-19, 03:29:28, 23.46, 47.49
2019-02-19, 03:29:29, 23.48, 47.49
2019-02-19, 03:29:30, 23.47, 47.49
2019-02-19, 03:29:32, 23.48, 47.49
2019-02-19, 03:29:33, 23.47, 47.49
2019-02-19, 03:29:34, 23.48, 47.49
2019-02-19, 03:29:36, 23.47, 47.49
2019-02-19, 03:29:37, 23.48, 47.53
2019-02-19, 03:29:38, 23.48, 47.53
2019-02-19, 03:29:40, 23.49, 47.53
2019-02-19, 03:29:41, 23.48, 47.49
2019-02-19, 03:29:42, 23.49, 47.5
2019-02-19, 03:29:44, 23.49, 47.53
2019-02-19, 03:29:45, 23.49, 47.5
2019-02-19, 03:29:47, 23.5, 47.5
2019-02-19, 03:29:48, 23.49, 47.5
2019-02-19, 03:29:49, 23.48, 47.49
2019-02-19, 03:29:51, 23.5, 47.5
2019-02-19, 03:29:52, 23.5, 47.5
2019-02-19, 03:29:53, 23.5, 47.5
2019-02-19, 03:29:55, 23.5, 47.5
2019-02-19, 03:29:56, 23.5, 47.5
2019-02-19, 03:29:57, 23.5, 47.53
2019-02-19, 03:29:59, 23.49, 47.5
2019-02-19, 03:30:00, 23.49, 47.5
2019-02-19, 03:30:01, 23.5, 47.5
2019-02-19, 03:30:03, 23.49, 47.53
2019-02-19, 03:30:04, 23.49, 47.53
2019-02-19, 03:30:05, 23.49, 47.5
2019-02-19, 03:30:07, 23.5, 47.5
2019-02-19, 03:30:08, 23.5, 47.5
2019-02-19, 03:30:10, 23.5, 47.5
2019-02-19, 03:30:11, 23.48, 47.49
2019-02-19, 03:30:12, 23.49, 47.5
2019-02-19, 03:30:14, 23.49, 47.5
2019-02-19, 03:30:15, 23.49, 47.5
2019-02-19, 03:30:16, 23.5, 47.5
2019-02-19, 03:30:18, 23.49, 47.46
2019-02-19, 03:30:19, 23.49, 47.5
2019-02-19, 03:30:20, 23.48, 47.49
2019-02-19, 03:30:22, 23.5, 47.5
2019-02-19, 03:30:23, 23.5, 47.5
2019-02-19, 03:30:24, 23.5, 47.5
2019-02-19, 03:30:26, 23.49, 47.5
2019-02-19, 03:30:27, 23.5, 47.46
2019-02-19, 03:30:29, 23.49, 47.46
2019-02-19, 03:30:30, 23.5, 47.5
2019-02-19, 03:30:31, 23.48, 47.46
2019-02-19, 03:30:33, 23.49, 47.46
2019-02-19, 03:30:34, 23.5, 47.5
2019-02-19, 03:30:35, 23.49, 47.46
2019-02-19, 03:30:37, 23.49, 47.43
2019-02-19, 03:30:38, 23.5, 47.46
2019-02-19, 03:30:39, 23.5, 47.46
2019-02-19, 03:30:41, 23.5, 47.46
2019-02-19, 03:30:42, 23.49, 47.43
2019-02-19, 03:30:43, 23.48, 47.43
2019-02-19, 03:30:45, 23.5, 47.43
2019-02-19, 03:30:46, 23.48, 47.46
2019-02-19, 03:30:47, 23.49, 47.46
2019-02-19, 03:30:49, 23.48, 47.46
2019-02-19, 03:30:50, 23.49, 47.43
2019-02-19, 03:30:52, 23.5, 47.43
2019-02-19, 03:30:53, 23.47, 47.46
2019-02-19, 03:30:54, 23.49, 47.5
2019-02-19, 03:30:56, 23.49, 47.46
2019-02-19, 03:30:57, 23.5, 47.46
2019-02-19, 03:30:58, 23.5, 47.46
2019-02-19, 03:31:00, 23.5, 47.46
2019-02-19, 03:31:01, 23.5, 47.5
2019-02-19, 03:31:02, 23.5, 47.46
2019-02-19, 03:31:04, 23.5, 47.46
2019-02-19, 03:31:05, 23.5, 47.46
2019-02-19, 03:31:06, 23.5, 47.43
2019-02-19, 03:31:08, 23.5, 47.43
2019-02-19, 03:31:09, 23.49, 47.43
2019-02-19, 03:31:11, 23.5, 47.43
2019-02-19, 03:31:12, 23.52, 47.47
2019-02-19, 03:31:13, 23.35, 47.48
2019-02-19, 03:31:15, 23.47, 47.56
2019-02-19, 03:31:16, 23.48, 47.56
2019-02-19, 03:31:17, 23.5, 47.56
2019-02-19, 03:31:19, 23.49, 47.56
2019-02-19, 03:31:20, 23.49, 47.5
2019-02-19, 03:31:21, 23.5, 47.5
2019-02-19, 03:31:23, 23.51, 47.5
2019-02-19, 03:31:24, 23.5, 47.46
2019-02-19, 03:31:25, 23.51, 47.5
2019-02-19, 03:31:27, 23.5, 47.46
2019-02-19, 03:31:28, 23.5, 47.46
2019-02-19, 03:31:30, 23.5, 47.46
2019-02-19, 03:31:31, 23.5, 47.43
2019-02-19, 03:31:32, 23.5, 47.46
2019-02-19, 03:31:34, 23.5, 47.43
2019-02-19, 03:31:35, 23.5, 47.43
2019-02-19, 03:31:36, 23.5, 47.43
2019-02-19, 03:31:38, 23.49, 47.43
2019-02-19, 03:31:39, 23.48, 47.43
2019-02-19, 03:31:40, 23.5, 47.43
2019-02-19, 03:31:42, 23.5, 47.43
2019-02-19, 03:31:43, 23.51, 47.43
2019-02-19, 03:31:44, 23.5, 47.43
2019-02-19, 03:31:46, 23.51, 47.43
2019-02-19, 03:31:47, 23.44, 47.43
2019-02-19, 03:31:48, 23.49, 47.43
2019-02-19, 03:31:50, 23.48, 47.46
2019-02-19, 03:31:51, 23.5, 47.46
2019-02-19, 03:31:53, 23.51, 47.47
2019-02-19, 03:31:54, 23.5, 47.46
2019-02-19, 03:31:55, 23.5, 47.46
2019-02-19, 03:31:57, 23.51, 47.47
2019-02-19, 03:31:58, 23.5, 47.46
2019-02-19, 03:31:59, 23.51, 47.43
2019-02-19, 03:32:01, 23.52, 47.44
2019-02-19, 03:32:02, 23.52, 47.44
2019-02-19, 03:32:03, 23.51, 47.43
2019-02-19, 03:32:05, 23.51, 47.43
2019-02-19, 03:32:06, 23.52, 47.44
2019-02-19, 03:32:07, 23.51, 47.43
2019-02-19, 03:32:09, 23.52, 47.44
2019-02-19, 03:32:10, 23.51, 47.4
2019-02-19, 03:32:11, 23.52, 47.4
2019-02-19, 03:32:13, 23.52, 47.4
2019-02-19, 03:32:14, 23.53, 47.4
2019-02-19, 03:32:16, 23.52, 47.4
2019-02-19, 03:32:17, 23.52, 47.37
2019-02-19, 03:32:18, 23.52, 47.37
2019-02-19, 03:32:20, 23.52, 47.37
2019-02-19, 03:32:21, 23.51, 47.4
2019-02-19, 03:32:22, 23.51, 47.4
2019-02-19, 03:32:24, 23.52, 47.4
2019-02-19, 03:32:25, 23.52, 47.4
2019-02-19, 03:32:26, 23.52, 47.4
2019-02-19, 03:32:28, 23.51, 47.4
2019-02-19, 03:32:29, 23.52, 47.4
2019-02-19, 03:32:30, 23.52, 47.4
2019-02-19, 03:32:32, 23.52, 47.4
2019-02-19, 03:32:33, 23.52, 47.4
2019-02-19, 03:32:34, 23.52, 47.37
2019-02-19, 03:32:36, 23.52, 47.37
2019-02-19, 03:32:37, 23.52, 47.37
2019-02-19, 03:32:39, 23.52, 47.37
2019-02-19, 03:32:40, 23.52, 47.37
2019-02-19, 03:32:41, 23.52, 47.37
2019-02-19, 03:32:43, 23.52, 47.37
2019-02-19, 03:32:44, 23.52, 47.37
2019-02-19, 03:32:45, 23.51, 47.37
2019-02-19, 03:32:47, 23.52, 47.37
2019-02-19, 03:32:48, 23.52, 47.37
2019-02-19, 03:32:49, 23.52, 47.37
2019-02-19, 03:32:51, 23.52, 47.37
2019-02-19, 03:32:52, 23.51, 47.37
2019-02-19, 03:32:53, 23.51, 47.37
2019-02-19, 03:32:55, 23.51, 47.37
2019-02-19, 03:32:56, 23.5, 47.37
2019-02-19, 03:32:57, 23.5, 47.37
2019-02-19, 03:32:59, 23.5, 47.37
2019-02-19, 03:33:00, 23.51, 47.37
2019-02-19, 03:33:02, 23.51, 47.37
2019-02-19, 03:33:03, 23.5, 47.37
2019-02-19, 03:33:04, 23.51, 47.37
2019-02-19, 03:33:06, 23.5, 47.37
2019-02-19, 03:33:07, 23.51, 47.37
2019-02-19, 03:33:08, 23.52, 47.37
2019-02-19, 03:33:10, 23.53, 47.37
2019-02-19, 03:33:11, 23.51, 47.37
2019-02-19, 03:33:12, 23.5, 47.37
2019-02-19, 03:33:14, 23.5, 47.37
2019-02-19, 03:33:15, 23.53, 47.37
2019-02-19, 03:33:16, 23.39, 47.36
2019-02-19, 03:33:18, 23.48, 47.43
2019-02-19, 03:33:19, 23.5, 47.43
2019-02-19, 03:33:20, 23.51, 47.43
2019-02-19, 03:33:22, 23.52, 47.44
2019-02-19, 03:33:23, 23.51, 47.4
2019-02-19, 03:33:25, 23.52, 47.37
2019-02-19, 03:33:26, 23.51, 47.37
2019-02-19, 03:33:27, 23.51, 47.37
2019-02-19, 03:33:29, 23.5, 47.37
2019-02-19, 03:33:30, 23.51, 47.37
2019-02-19, 03:33:31, 23.52, 47.34
2019-02-19, 03:33:33, 23.51, 47.37
2019-02-19, 03:33:34, 23.51, 47.37
2019-02-19, 03:33:35, 23.51, 47.37
2019-02-19, 03:33:37, 23.52, 47.34
2019-02-19, 03:33:38, 23.52, 47.37
2019-02-19, 03:33:39, 23.52, 47.37
2019-02-19, 03:33:41, 23.52, 47.34
2019-02-19, 03:33:42, 23.52, 47.34
2019-02-19, 03:33:43, 23.53, 47.37
2019-02-19, 03:33:45, 23.53, 47.34
2019-02-19, 03:33:46, 23.51, 47.34
2019-02-19, 03:33:48, 23.53, 47.34
2019-02-19, 03:33:49, 23.52, 47.34
2019-02-19, 03:33:50, 23.53, 47.34
2019-02-19, 03:33:52, 23.52, 47.31
2019-02-19, 03:33:53, 23.53, 47.34
2019-02-19, 03:33:54, 23.51, 47.31
2019-02-19, 03:33:56, 23.51, 47.34
2019-02-19, 03:33:57, 23.51, 47.34
2019-02-19, 03:33:58, 23.51, 47.37
2019-02-19, 03:34:00, 23.51, 47.34
2019-02-19, 03:34:01, 23.52, 47.34
2019-02-19, 03:34:02, 23.53, 47.34
2019-02-19, 03:34:04, 23.49, 47.34
2019-02-19, 03:34:05, 23.5, 47.34
2019-02-19, 03:34:07, 23.52, 47.34
2019-02-19, 03:34:08, 23.52, 47.34
2019-02-19, 03:34:09, 23.52, 47.34
2019-02-19, 03:34:11, 23.48, 47.33
2019-02-19, 03:34:12, 23.5, 47.34
2019-02-19, 03:34:13, 23.51, 47.34
2019-02-19, 03:34:15, 23.52, 47.34
2019-02-19, 03:34:16, 23.52, 47.31
2019-02-19, 03:34:17, 23.51, 47.31
2019-02-19, 03:34:19, 23.51, 47.34
2019-02-19, 03:34:20, 23.52, 47.34
2019-02-19, 03:34:21, 23.51, 47.34
2019-02-19, 03:34:23, 23.52, 47.31
2019-02-19, 03:34:24, 23.52, 47.34
2019-02-19, 03:34:25, 23.52, 47.34
2019-02-19, 03:34:27, 23.51, 47.31
2019-02-19, 03:34:28, 23.52, 47.31
2019-02-19, 03:34:30, 23.52, 47.31
2019-02-19, 03:34:31, 23.52, 47.31
2019-02-19, 03:34:32, 23.51, 47.31
2019-02-19, 03:34:34, 23.51, 47.31
2019-02-19, 03:34:35, 23.51, 47.31
2019-02-19, 03:34:36, 23.52, 47.31
2019-02-19, 03:34:38, 23.52, 47.31
2019-02-19, 03:34:39, 23.52, 47.31
2019-02-19, 03:34:40, 23.52, 47.31
2019-02-19, 03:34:42, 23.51, 47.31
2019-02-19, 03:34:43, 23.52, 47.31
2019-02-19, 03:34:44, 23.52, 47.31
2019-02-19, 03:34:46, 23.52, 47.31
2019-02-19, 03:34:47, 23.51, 47.31
2019-02-19, 03:34:48, 23.54, 47.31
2019-02-19, 03:34:50, 23.52, 47.31
2019-02-19, 03:34:51, 23.54, 47.31
2019-02-19, 03:34:53, 23.54, 47.31
2019-02-19, 03:34:54, 23.54, 47.31
2019-02-19, 03:34:55, 23.53, 47.31
2019-02-19, 03:34:57, 23.53, 47.28
2019-02-19, 03:34:58, 23.54, 47.28
2019-02-19, 03:34:59, 23.53, 47.31
2019-02-19, 03:35:01, 23.53, 47.28
2019-02-19, 03:35:02, 23.52, 47.28
2019-02-19, 03:35:03, 23.54, 47.28
2019-02-19, 03:35:05, 23.54, 47.28
2019-02-19, 03:35:06, 23.54, 47.25
2019-02-19, 03:35:07, 23.53, 47.24
2019-02-19, 03:35:09, 23.52, 47.28
2019-02-19, 03:35:10, 23.42, 47.26
2019-02-19, 03:35:11, 23.49, 47.27
2019-02-19, 03:35:13, 23.5, 47.27
2019-02-19, 03:35:14, 23.5, 47.3
2019-02-19, 03:35:16, 23.5, 47.3
2019-02-19, 03:35:17, 23.52, 47.31
2019-02-19, 03:35:18, 23.52, 47.31
2019-02-19, 03:35:20, 23.51, 47.31
2019-02-19, 03:35:21, 23.52, 47.31
2019-02-19, 03:35:22, 23.52, 47.31
2019-02-19, 03:35:24, 23.51, 47.31
2019-02-19, 03:35:25, 23.52, 47.31
2019-02-19, 03:35:26, 23.52, 47.31
2019-02-19, 03:35:28, 23.52, 47.31
2019-02-19, 03:35:29, 23.54, 47.31
2019-02-19, 03:35:30, 23.53, 47.31
2019-02-19, 03:35:32, 23.54, 47.31
2019-02-19, 03:35:33, 23.53, 47.31
2019-02-19, 03:35:35, 23.52, 47.28
2019-02-19, 03:35:36, 23.52, 47.31
2019-02-19, 03:35:37, 23.53, 47.28
2019-02-19, 03:35:39, 23.52, 47.28
2019-02-19, 03:35:40, 23.52, 47.28
2019-02-19, 03:35:41, 23.52, 47.28
2019-02-19, 03:35:43, 23.51, 47.24
2019-02-19, 03:35:44, 23.52, 47.28
2019-02-19, 03:35:45, 23.51, 47.24
2019-02-19, 03:35:47, 23.52, 47.24
2019-02-19, 03:35:48, 23.51, 47.27
2019-02-19, 03:35:49, 23.51, 47.27
2019-02-19, 03:35:51, 23.52, 47.28
2019-02-19, 03:35:52, 23.52, 47.28
2019-02-19, 03:35:53, 23.52, 47.28
2019-02-19, 03:35:55, 23.52, 47.28
2019-02-19, 03:35:56, 23.52, 47.28
2019-02-19, 03:35:58, 23.52, 47.31
2019-02-19, 03:35:59, 23.51, 47.27
2019-02-19, 03:36:00, 23.5, 47.27
2019-02-19, 03:36:02, 23.51, 47.27
2019-02-19, 03:36:03, 23.52, 47.28
2019-02-19, 03:36:04, 23.51, 47.27
2019-02-19, 03:36:06, 23.52, 47.28
2019-02-19, 03:36:07, 23.52, 47.28
2019-02-19, 03:36:08, 23.52, 47.28
2019-02-19, 03:36:10, 23.51, 47.27
2019-02-19, 03:36:11, 23.52, 47.24
2019-02-19, 03:36:12, 23.51, 47.27
2019-02-19, 03:36:14, 23.51, 47.27
2019-02-19, 03:36:15, 23.52, 47.28
2019-02-19, 03:36:16, 23.51, 47.27
2019-02-19, 03:36:18, 23.51, 47.27
2019-02-19, 03:36:19, 23.5, 47.3
2019-02-19, 03:36:21, 23.52, 47.28
2019-02-19, 03:36:22, 23.52, 47.31
2019-02-19, 03:36:23, 23.51, 47.31
2019-02-19, 03:36:25, 23.51, 47.31
2019-02-19, 03:36:26, 23.52, 47.31
2019-02-19, 03:36:27, 23.52, 47.31
2019-02-19, 03:36:29, 23.51, 47.31
2019-02-19, 03:36:30, 23.51, 47.31
2019-02-19, 03:36:31, 23.52, 47.31
2019-02-19, 03:36:33, 23.52, 47.31
2019-02-19, 03:36:34, 23.51, 47.31
2019-02-19, 03:36:35, 23.51, 47.31
2019-02-19, 03:36:37, 23.52, 47.31
2019-02-19, 03:36:38, 23.52, 47.31
2019-02-19, 03:36:40, 23.53, 47.31
2019-02-19, 03:36:41, 23.52, 47.31
2019-02-19, 03:36:42, 23.52, 47.31
2019-02-19, 03:36:44, 23.52, 47.31
2019-02-19, 03:36:45, 23.51, 47.31
2019-02-19, 03:36:46, 23.5, 47.27
2019-02-19, 03:36:48, 23.5, 47.27
2019-02-19, 03:36:49, 23.52, 47.28
2019-02-19, 03:36:50, 23.5, 47.3
2019-02-19, 03:36:52, 23.52, 47.28
2019-02-19, 03:36:53, 23.5, 47.3
2019-02-19, 03:36:54, 23.51, 47.27
2019-02-19, 03:36:56, 23.51, 47.31
2019-02-19, 03:36:57, 23.51, 47.27
2019-02-19, 03:36:59, 23.52, 47.28
2019-02-19, 03:37:00, 23.53, 47.28
2019-02-19, 03:37:01, 23.52, 47.28
2019-02-19, 03:37:03, 23.52, 47.31
2019-02-19, 03:37:04, 23.53, 47.28
2019-02-19, 03:37:05, 23.52, 47.24
2019-02-19, 03:37:07, 23.53, 47.24
2019-02-19, 03:37:08, 23.52, 47.24
2019-02-19, 03:37:09, 23.52, 47.28
2019-02-19, 03:37:11, 23.52, 47.24
2019-02-19, 03:37:12, 23.5, 47.24
2019-02-19, 03:37:13, 23.52, 47.24
2019-02-19, 03:37:15, 23.51, 47.27
2019-02-19, 03:37:16, 23.52, 47.28
2019-02-19, 03:37:17, 23.52, 47.28
2019-02-19, 03:37:19, 23.52, 47.24
2019-02-19, 03:37:20, 23.51, 47.24
2019-02-19, 03:37:22, 23.51, 47.24
2019-02-19, 03:37:23, 23.5, 47.27
2019-02-19, 03:37:24, 23.52, 47.28
2019-02-19, 03:37:26, 23.5, 47.27
2019-02-19, 03:37:27, 23.51, 47.27
2019-02-19, 03:37:28, 23.51, 47.27
2019-02-19, 03:37:30, 23.52, 47.28
2019-02-19, 03:37:31, 23.51, 47.27
2019-02-19, 03:37:32, 23.51, 47.31
2019-02-19, 03:37:34, 23.5, 47.27
2019-02-19, 03:37:35, 23.5, 47.3
2019-02-19, 03:37:36, 23.5, 47.27
2019-02-19, 03:37:38, 23.5, 47.3
2019-02-19, 03:37:39, 23.5, 47.3
2019-02-19, 03:37:41, 23.52, 47.31
2019-02-19, 03:37:42, 23.51, 47.27
2019-02-19, 03:37:43, 23.52, 47.28
2019-02-19, 03:37:45, 23.52, 47.31
2019-02-19, 03:37:46, 23.51, 47.27
2019-02-19, 03:37:47, 23.5, 47.27
2019-02-19, 03:37:49, 23.5, 47.27
2019-02-19, 03:37:50, 23.5, 47.27
2019-02-19, 03:37:51, 23.5, 47.3
2019-02-19, 03:37:53, 23.49, 47.27
2019-02-19, 03:37:54, 23.51, 47.27
2019-02-19, 03:37:55, 23.51, 47.31
2019-02-19, 03:37:57, 23.51, 47.27
2019-02-19, 03:37:58, 23.5, 47.3
2019-02-19, 03:37:59, 23.5, 47.27
2019-02-19, 03:38:01, 23.5, 47.27
2019-02-19, 03:38:02, 23.5, 47.27
2019-02-19, 03:38:04, 23.5, 47.24
2019-02-19, 03:38:05, 23.5, 47.24
2019-02-19, 03:38:06, 23.51, 47.27
2019-02-19, 03:38:08, 23.51, 47.27
2019-02-19, 03:38:09, 23.52, 47.28
2019-02-19, 03:38:10, 23.51, 47.24
2019-02-19, 03:38:12, 23.51, 47.27
2019-02-19, 03:38:13, 23.5, 47.24
2019-02-19, 03:38:14, 23.51, 47.27
2019-02-19, 03:38:16, 23.51, 47.24
2019-02-19, 03:38:17, 23.5, 47.24
2019-02-19, 03:38:18, 23.5, 47.27
2019-02-19, 03:38:20, 23.5, 47.27
2019-02-19, 03:38:21, 23.5, 47.24
2019-02-19, 03:38:22, 23.5, 47.24
2019-02-19, 03:38:24, 23.5, 47.27
2019-02-19, 03:38:25, 23.5, 47.27
2019-02-19, 03:38:27, 23.49, 47.27
2019-02-19, 03:38:28, 23.51, 47.31
2019-02-19, 03:38:29, 23.5, 47.27
2019-02-19, 03:38:31, 23.51, 47.27
2019-02-19, 03:38:32, 23.51, 47.31
2019-02-19, 03:38:33, 23.51, 47.27
2019-02-19, 03:38:35, 23.51, 47.27
2019-02-19, 03:38:36, 23.48, 47.27
2019-02-19, 03:38:37, 23.48, 47.24
2019-02-19, 03:38:39, 23.49, 47.24
2019-02-19, 03:38:40, 23.5, 47.24
2019-02-19, 03:38:41, 23.5, 47.27
2019-02-19, 03:38:43, 23.5, 47.24
2019-02-19, 03:38:44, 23.48, 47.24
2019-02-19, 03:38:46, 23.5, 47.24
2019-02-19, 03:38:47, 23.49, 47.24
2019-02-19, 03:38:48, 23.5, 47.27
2019-02-19, 03:38:50, 23.5, 47.24
2019-02-19, 03:38:51, 23.5, 47.27
2019-02-19, 03:38:52, 23.5, 47.24
2019-02-19, 03:38:54, 23.49, 47.27
2019-02-19, 03:38:55, 23.5, 47.27
2019-02-19, 03:38:56, 23.49, 47.27
2019-02-19, 03:38:58, 23.5, 47.27
2019-02-19, 03:38:59, 23.5, 47.27
2019-02-19, 03:39:00, 23.5, 47.27
2019-02-19, 03:39:02, 23.49, 47.24
2019-02-19, 03:39:03, 23.49, 47.24
2019-02-19, 03:39:04, 23.48, 47.27
2019-02-19, 03:39:06, 23.5, 47.24
2019-02-19, 03:39:07, 23.47, 47.27
2019-02-19, 03:39:09, 23.49, 47.27
2019-02-19, 03:39:10, 23.5, 47.27
2019-02-19, 03:39:11, 23.5, 47.27
2019-02-19, 03:39:13, 23.36, 47.29
2019-02-19, 03:39:14, 23.45, 47.33
2019-02-19, 03:39:15, 23.47, 47.33
2019-02-19, 03:39:17, 23.48, 47.33
2019-02-19, 03:39:18, 23.47, 47.3
2019-02-19, 03:39:19, 23.48, 47.3
2019-02-19, 03:39:21, 23.48, 47.3
2019-02-19, 03:39:22, 23.48, 47.27
2019-02-19, 03:39:23, 23.48, 47.3
2019-02-19, 03:39:25, 23.48, 47.3
2019-02-19, 03:39:26, 23.48, 47.3
2019-02-19, 03:39:28, 23.49, 47.3
2019-02-19, 03:39:29, 23.48, 47.3
2019-02-19, 03:39:30, 23.46, 47.3
2019-02-19, 03:39:32, 23.46, 47.3
2019-02-19, 03:39:33, 23.48, 47.3
2019-02-19, 03:39:34, 23.47, 47.3
2019-02-19, 03:39:36, 23.47, 47.3
2019-02-19, 03:39:37, 23.41, 47.29
2019-02-19, 03:39:38, 23.47, 47.3
2019-02-19, 03:39:40, 23.48, 47.33
2019-02-19, 03:39:41, 23.47, 47.3
2019-02-19, 03:39:42, 23.47, 47.3
2019-02-19, 03:39:44, 23.49, 47.3
2019-02-19, 03:39:45, 23.48, 47.3
2019-02-19, 03:39:46, 23.48, 47.3
2019-02-19, 03:39:48, 23.48, 47.3
2019-02-19, 03:39:49, 23.48, 47.27
2019-02-19, 03:39:51, 23.48, 47.3
2019-02-19, 03:39:52, 23.48, 47.27
2019-02-19, 03:39:53, 23.47, 47.27
2019-02-19, 03:39:55, 23.48, 47.27
2019-02-19, 03:39:56, 23.48, 47.24
2019-02-19, 03:39:57, 23.48, 47.27
2019-02-19, 03:39:59, 23.48, 47.27
2019-02-19, 03:40:00, 23.48, 47.27
2019-02-19, 03:40:01, 23.47, 47.27
2019-02-19, 03:40:03, 23.47, 47.27
2019-02-19, 03:40:04, 23.47, 47.24
2019-02-19, 03:40:05, 23.46, 47.24
2019-02-19, 03:40:07, 23.46, 47.24
2019-02-19, 03:40:08, 23.48, 47.27
2019-02-19, 03:40:10, 23.46, 47.3
2019-02-19, 03:40:11, 23.46, 47.27
2019-02-19, 03:40:12, 23.46, 47.27
2019-02-19, 03:40:14, 23.46, 47.3
2019-02-19, 03:40:15, 23.46, 47.3
2019-02-19, 03:40:16, 23.47, 47.3
2019-02-19, 03:40:18, 23.48, 47.27
2019-02-19, 03:40:19, 23.48, 47.3
2019-02-19, 03:40:20, 23.48, 47.3
2019-02-19, 03:40:22, 23.47, 47.3
2019-02-19, 03:40:23, 23.48, 47.3
2019-02-19, 03:40:24, 23.47, 47.3
2019-02-19, 03:40:26, 23.48, 47.3
2019-02-19, 03:40:27, 23.48, 47.3
2019-02-19, 03:40:28, 23.46, 47.3
2019-02-19, 03:40:30, 23.47, 47.3
2019-02-19, 03:40:31, 23.47, 47.3
2019-02-19, 03:40:33, 23.47, 47.3
2019-02-19, 03:40:34, 23.46, 47.27
2019-02-19, 03:40:35, 23.47, 47.3
2019-02-19, 03:40:37, 23.34, 47.25
2019-02-19, 03:40:38, 23.42, 47.33
2019-02-19, 03:40:39, 23.44, 47.33
2019-02-19, 03:40:41, 23.45, 47.33
2019-02-19, 03:40:42, 23.45, 47.33
2019-02-19, 03:40:43, 23.46, 47.33
2019-02-19, 03:40:45, 23.46, 47.33
2019-02-19, 03:40:46, 23.46, 47.33
2019-02-19, 03:40:48, 23.44, 47.33
2019-02-19, 03:40:49, 23.46, 47.3
2019-02-19, 03:40:50, 23.46, 47.3
2019-02-19, 03:40:52, 23.45, 47.33
2019-02-19, 03:40:53, 23.44, 47.33
2019-02-19, 03:40:54, 23.46, 47.33
2019-02-19, 03:40:56, 23.45, 47.33
2019-02-19, 03:40:57, 23.45, 47.33
2019-02-19, 03:40:58, 23.46, 47.36
2019-02-19, 03:41:00, 23.46, 47.33
2019-02-19, 03:41:01, 23.47, 47.33
2019-02-19, 03:41:02, 23.46, 47.33
2019-02-19, 03:41:04, 23.45, 47.33
2019-02-19, 03:41:05, 23.46, 47.36
2019-02-19, 03:41:07, 23.46, 47.33
2019-02-19, 03:41:08, 23.46, 47.33
2019-02-19, 03:41:09, 23.47, 47.33
2019-02-19, 03:41:11, 23.42, 47.33
2019-02-19, 03:41:12, 23.46, 47.33
2019-02-19, 03:41:13, 23.46, 47.33
2019-02-19, 03:41:15, 23.44, 47.3
2019-02-19, 03:41:16, 23.46, 47.3
2019-02-19, 03:41:17, 23.45, 47.33
2019-02-19, 03:41:19, 23.46, 47.3
2019-02-19, 03:41:20, 23.47, 47.3
2019-02-19, 03:41:21, 23.45, 47.3
2019-02-19, 03:41:23, 23.46, 47.3
2019-02-19, 03:41:24, 23.45, 47.3
2019-02-19, 03:41:25, 23.45, 47.3
2019-02-19, 03:41:27, 23.45, 47.3
2019-02-19, 03:41:28, 23.45, 47.33
2019-02-19, 03:41:29, 23.44, 47.33
2019-02-19, 03:41:31, 23.45, 47.33
2019-02-19, 03:41:32, 23.44, 47.33
2019-02-19, 03:41:34, 23.45, 47.33
2019-02-19, 03:41:35, 23.44, 47.36
2019-02-19, 03:41:36, 23.31, 47.35
2019-02-19, 03:41:38, 23.41, 47.39
2019-02-19, 03:41:39, 23.42, 47.39
2019-02-19, 03:41:40, 23.43, 47.42
2019-02-19, 03:41:42, 23.42, 47.42
2019-02-19, 03:41:43, 23.43, 47.39
2019-02-19, 03:41:44, 23.44, 47.39
2019-02-19, 03:41:46, 23.44, 47.36
2019-02-19, 03:41:47, 23.44, 47.36
2019-02-19, 03:41:48, 23.44, 47.36
2019-02-19, 03:41:50, 23.44, 47.36
2019-02-19, 03:41:51, 23.45, 47.36
2019-02-19, 03:41:53, 23.43, 47.33
2019-02-19, 03:41:54, 23.44, 47.36
2019-02-19, 03:41:55, 23.43, 47.36
2019-02-19, 03:41:57, 23.44, 47.36
2019-02-19, 03:41:58, 23.44, 47.33
2019-02-19, 03:41:59, 23.43, 47.36
2019-02-19, 03:42:01, 23.45, 47.33
2019-02-19, 03:42:02, 23.43, 47.36
2019-02-19, 03:42:03, 23.44, 47.36
2019-02-19, 03:42:05, 23.44, 47.33
2019-02-19, 03:42:06, 23.44, 47.33
2019-02-19, 03:42:07, 23.45, 47.33
2019-02-19, 03:42:09, 23.45, 47.33
2019-02-19, 03:42:10, 23.44, 47.3
2019-02-19, 03:42:11, 23.44, 47.3
2019-02-19, 03:42:13, 23.45, 47.33
2019-02-19, 03:42:14, 23.44, 47.33
2019-02-19, 03:42:16, 23.44, 47.33
2019-02-19, 03:42:17, 23.43, 47.33
2019-02-19, 03:42:18, 23.43, 47.33
2019-02-19, 03:42:20, 23.43, 47.33
2019-02-19, 03:42:21, 23.44, 47.33
2019-02-19, 03:42:22, 23.43, 47.33
2019-02-19, 03:42:24, 23.44, 47.33
2019-02-19, 03:42:25, 23.44, 47.3
2019-02-19, 03:42:26, 23.44, 47.3
2019-02-19, 03:42:28, 23.44, 47.3
2019-02-19, 03:42:29, 23.44, 47.3
2019-02-19, 03:42:30, 23.44, 47.3
2019-02-19, 03:42:32, 23.44, 47.3
2019-02-19, 03:42:33, 23.42, 47.33
2019-02-19, 03:42:34, 23.43, 47.33
2019-02-19, 03:42:36, 23.43, 47.33
2019-02-19, 03:42:37, 23.43, 47.3
2019-02-19, 03:42:39, 23.43, 47.3
2019-02-19, 03:42:40, 23.44, 47.3
2019-02-19, 03:42:41, 23.43, 47.3
2019-02-19, 03:42:43, 23.43, 47.3
2019-02-19, 03:42:44, 23.43, 47.3
2019-02-19, 03:42:45, 23.43, 47.3
2019-02-19, 03:42:47, 23.42, 47.29
2019-02-19, 03:42:48, 23.43, 47.3
2019-02-19, 03:42:49, 23.42, 47.29
2019-02-19, 03:42:51, 23.42, 47.29
2019-02-19, 03:42:52, 23.42, 47.29
2019-02-19, 03:42:53, 23.43, 47.33
2019-02-19, 03:42:55, 23.43, 47.33
2019-02-19, 03:42:56, 23.42, 47.29
2019-02-19, 03:42:58, 23.43, 47.33
2019-02-19, 03:42:59, 23.42, 47.29
2019-02-19, 03:43:00, 23.43, 47.3
2019-02-19, 03:43:02, 23.42, 47.29
2019-02-19, 03:43:03, 23.43, 47.3
2019-02-19, 03:43:04, 23.45, 47.3
2019-02-19, 03:43:06, 23.43, 47.3
2019-02-19, 03:43:07, 23.43, 47.33
2019-02-19, 03:43:08, 23.43, 47.33
2019-02-19, 03:43:10, 23.44, 47.33
2019-02-19, 03:43:11, 23.43, 47.33
2019-02-19, 03:43:12, 23.43, 47.33
2019-02-19, 03:43:14, 23.44, 47.36
2019-02-19, 03:43:15, 23.44, 47.36
2019-02-19, 03:43:16, 23.44, 47.33
2019-02-19, 03:43:18, 23.43, 47.33
2019-02-19, 03:43:19, 23.44, 47.33
2019-02-19, 03:43:21, 23.44, 47.33
2019-02-19, 03:43:22, 23.42, 47.33
2019-02-19, 03:43:23, 23.44, 47.33
2019-02-19, 03:43:25, 23.43, 47.36
2019-02-19, 03:43:26, 23.42, 47.33
2019-02-19, 03:43:27, 23.41, 47.33
2019-02-19, 03:43:29, 23.43, 47.36
2019-02-19, 03:43:30, 23.43, 47.33
2019-02-19, 03:43:31, 23.43, 47.33
2019-02-19, 03:43:33, 23.43, 47.33
2019-02-19, 03:43:34, 23.44, 47.33
2019-02-19, 03:43:35, 23.42, 47.33
2019-02-19, 03:43:37, 23.43, 47.33
2019-02-19, 03:43:38, 23.42, 47.29
2019-02-19, 03:43:39, 23.43, 47.3
2019-02-19, 03:43:41, 23.42, 47.29
2019-02-19, 03:43:42, 23.43, 47.33
2019-02-19, 03:43:44, 23.44, 47.3
2019-02-19, 03:43:45, 23.43, 47.3
2019-02-19, 03:43:46, 23.44, 47.3
2019-02-19, 03:43:48, 23.43, 47.3
2019-02-19, 03:43:49, 23.43, 47.3
2019-02-19, 03:43:50, 23.42, 47.29
2019-02-19, 03:43:52, 23.44, 47.3
2019-02-19, 03:43:53, 23.42, 47.29
2019-02-19, 03:43:54, 23.42, 47.33
2019-02-19, 03:43:56, 23.42, 47.33
2019-02-19, 03:43:57, 23.41, 47.33
2019-02-19, 03:43:58, 23.41, 47.29
2019-02-19, 03:44:00, 23.44, 47.3
2019-02-19, 03:44:01, 23.44, 47.3
2019-02-19, 03:44:03, 23.41, 47.29
2019-02-19, 03:44:04, 23.4, 47.29
2019-02-19, 03:44:05, 23.42, 47.29
2019-02-19, 03:44:07, 23.42, 47.29
2019-02-19, 03:44:08, 23.42, 47.29
2019-02-19, 03:44:09, 23.42, 47.29
2019-02-19, 03:44:11, 23.41, 47.29
2019-02-19, 03:44:12, 23.43, 47.3
2019-02-19, 03:44:13, 23.42, 47.29
2019-02-19, 03:44:15, 23.42, 47.29
2019-02-19, 03:44:16, 23.41, 47.29
2019-02-19, 03:44:17, 23.42, 47.29
2019-02-19, 03:44:19, 23.41, 47.29
2019-02-19, 03:44:20, 23.42, 47.29
2019-02-19, 03:44:22, 23.42, 47.29
2019-02-19, 03:44:23, 23.42, 47.29
2019-02-19, 03:44:24, 23.41, 47.29
2019-02-19, 03:44:26, 23.41, 47.29
2019-02-19, 03:44:27, 23.41, 47.29
2019-02-19, 03:44:28, 23.41, 47.29
2019-02-19, 03:44:30, 23.41, 47.29
2019-02-19, 03:44:31, 23.41, 47.29
2019-02-19, 03:44:32, 23.4, 47.29
2019-02-19, 03:44:34, 23.34, 47.28
2019-02-19, 03:44:35, 23.38, 47.32
2019-02-19, 03:44:36, 23.4, 47.32
2019-02-19, 03:44:38, 23.41, 47.29
2019-02-19, 03:44:39, 23.4, 47.32
2019-02-19, 03:44:40, 23.4, 47.32
2019-02-19, 03:44:42, 23.4, 47.32
2019-02-19, 03:44:43, 23.41, 47.33
2019-02-19, 03:44:45, 23.4, 47.29
2019-02-19, 03:44:46, 23.38, 47.32
2019-02-19, 03:44:47, 23.39, 47.29
2019-02-19, 03:44:49, 23.39, 47.29
2019-02-19, 03:44:50, 23.38, 47.32
2019-02-19, 03:44:51, 23.4, 47.29
2019-02-19, 03:44:53, 23.4, 47.29
2019-02-19, 03:44:54, 23.39, 47.32
2019-02-19, 03:44:55, 23.39, 47.32
2019-02-19, 03:44:57, 23.41, 47.29
2019-02-19, 03:44:58, 23.4, 47.29
2019-02-19, 03:44:59, 23.4, 47.29
2019-02-19, 03:45:01, 23.4, 47.32
2019-02-19, 03:45:02, 23.41, 47.29
2019-02-19, 03:45:04, 23.4, 47.29
2019-02-19, 03:45:05, 23.4, 47.29
2019-02-19, 03:45:06, 23.41, 47.29
2019-02-19, 03:45:08, 23.4, 47.32
2019-02-19, 03:45:09, 23.4, 47.29
2019-02-19, 03:45:10, 23.4, 47.32
2019-02-19, 03:45:12, 23.4, 47.32
2019-02-19, 03:45:13, 23.4, 47.32
2019-02-19, 03:45:14, 23.41, 47.33
2019-02-19, 03:45:16, 23.42, 47.33
2019-02-19, 03:45:17, 23.41, 47.33
2019-02-19, 03:45:18, 23.41, 47.33
2019-02-19, 03:45:20, 23.42, 47.33
2019-02-19, 03:45:21, 23.4, 47.32
2019-02-19, 03:45:22, 23.39, 47.32
2019-02-19, 03:45:24, 23.4, 47.36
2019-02-19, 03:45:25, 23.4, 47.32
2019-02-19, 03:45:27, 23.39, 47.36
2019-02-19, 03:45:28, 23.39, 47.36
2019-02-19, 03:45:29, 23.4, 47.32
2019-02-19, 03:45:31, 23.4, 47.32
2019-02-19, 03:45:32, 23.4, 47.32
2019-02-19, 03:45:33, 23.29, 47.34
2019-02-19, 03:45:35, 23.37, 47.38
2019-02-19, 03:45:36, 23.38, 47.35
2019-02-19, 03:45:37, 23.39, 47.39
2019-02-19, 03:45:39, 23.39, 47.36
2019-02-19, 03:45:40, 23.4, 47.36
2019-02-19, 03:45:41, 23.39, 47.36
2019-02-19, 03:45:43, 23.4, 47.36
2019-02-19, 03:45:44, 23.4, 47.36
2019-02-19, 03:45:45, 23.41, 47.33
2019-02-19, 03:45:47, 23.4, 47.32
2019-02-19, 03:45:48, 23.4, 47.36
2019-02-19, 03:45:50, 23.4, 47.32
2019-02-19, 03:45:51, 23.4, 47.32
2019-02-19, 03:45:52, 23.4, 47.36
2019-02-19, 03:45:54, 23.39, 47.36
2019-02-19, 03:45:55, 23.4, 47.36
2019-02-19, 03:45:56, 23.4, 47.32
2019-02-19, 03:45:58, 23.4, 47.36
2019-02-19, 03:45:59, 23.39, 47.32
2019-02-19, 03:46:00, 23.39, 47.32
2019-02-19, 03:46:02, 23.4, 47.29
2019-02-19, 03:46:03, 23.27, 47.34
2019-02-19, 03:46:04, 23.37, 47.35
2019-02-19, 03:46:06, 23.38, 47.35
2019-02-19, 03:46:07, 23.38, 47.39
2019-02-19, 03:46:08, 23.39, 47.39
2019-02-19, 03:46:10, 23.4, 47.36
2019-02-19, 03:46:11, 23.39, 47.36
2019-02-19, 03:46:13, 23.4, 47.36
2019-02-19, 03:46:14, 23.41, 47.36
2019-02-19, 03:46:15, 23.4, 47.36
2019-02-19, 03:46:17, 23.41, 47.36
2019-02-19, 03:46:18, 23.4, 47.36
2019-02-19, 03:46:19, 23.41, 47.36
2019-02-19, 03:46:21, 23.4, 47.36
2019-02-19, 03:46:22, 23.4, 47.32
2019-02-19, 03:46:23, 23.4, 47.36
2019-02-19, 03:46:25, 23.41, 47.36
2019-02-19, 03:46:26, 23.4, 47.36
2019-02-19, 03:46:27, 23.41, 47.33
2019-02-19, 03:46:29, 23.42, 47.36
2019-02-19, 03:46:30, 23.42, 47.33
2019-02-19, 03:46:32, 23.42, 47.33
2019-02-19, 03:46:33, 23.42, 47.36
2019-02-19, 03:46:34, 23.42, 47.33
2019-02-19, 03:46:36, 23.42, 47.33
2019-02-19, 03:46:37, 23.42, 47.33
2019-02-19, 03:46:38, 23.42, 47.29
2019-02-19, 03:46:40, 23.43, 47.33
2019-02-19, 03:46:41, 23.42, 47.29
2019-02-19, 03:46:42, 23.41, 47.29
2019-02-19, 03:46:44, 23.42, 47.29
2019-02-19, 03:46:45, 23.4, 47.29
2019-02-19, 03:46:46, 23.42, 47.29
2019-02-19, 03:46:48, 23.42, 47.33
2019-02-19, 03:46:49, 23.42, 47.29
2019-02-19, 03:46:50, 23.41, 47.29
2019-02-19, 03:46:52, 23.42, 47.29
2019-02-19, 03:46:53, 23.42, 47.29
2019-02-19, 03:46:54, 23.42, 47.29
2019-02-19, 03:46:56, 23.42, 47.26
2019-02-19, 03:46:57, 23.42, 47.29
2019-02-19, 03:46:59, 23.41, 47.29
2019-02-19, 03:47:00, 23.42, 47.29
2019-02-19, 03:47:01, 23.4, 47.26
2019-02-19, 03:47:03, 23.4, 47.29
2019-02-19, 03:47:04, 23.41, 47.29
2019-02-19, 03:47:05, 23.42, 47.29
2019-02-19, 03:47:07, 23.39, 47.29
2019-02-19, 03:47:08, 23.41, 47.29
2019-02-19, 03:47:09, 23.4, 47.29
2019-02-19, 03:47:11, 23.4, 47.26
2019-02-19, 03:47:12, 23.41, 47.26
2019-02-19, 03:47:13, 23.41, 47.26
2019-02-19, 03:47:15, 23.41, 47.23
2019-02-19, 03:47:16, 23.4, 47.26
2019-02-19, 03:47:17, 23.4, 47.23
2019-02-19, 03:47:19, 23.41, 47.23
2019-02-19, 03:47:20, 23.41, 47.23
2019-02-19, 03:47:22, 23.41, 47.23
2019-02-19, 03:47:23, 23.4, 47.23
2019-02-19, 03:47:24, 23.4, 47.23
2019-02-19, 03:47:26, 23.4, 47.26
2019-02-19, 03:47:27, 23.39, 47.23
2019-02-19, 03:47:28, 23.4, 47.26
2019-02-19, 03:47:30, 23.41, 47.26
2019-02-19, 03:47:31, 23.42, 47.26
2019-02-19, 03:47:32, 23.26, 47.27
2019-02-19, 03:47:34, 23.36, 47.35
2019-02-19, 03:47:35, 23.38, 47.35
2019-02-19, 03:47:36, 23.38, 47.35
2019-02-19, 03:47:38, 23.4, 47.36
2019-02-19, 03:47:39, 23.41, 47.33
2019-02-19, 03:47:40, 23.39, 47.32
2019-02-19, 03:47:42, 23.41, 47.29
2019-02-19, 03:47:43, 23.41, 47.29
2019-02-19, 03:47:45, 23.41, 47.29
2019-02-19, 03:47:46, 23.41, 47.29
2019-02-19, 03:47:47, 23.42, 47.29
2019-02-19, 03:47:49, 23.42, 47.29
2019-02-19, 03:47:50, 23.42, 47.29
2019-02-19, 03:47:51, 23.42, 47.29
2019-02-19, 03:47:53, 23.41, 47.29
2019-02-19, 03:47:54, 23.42, 47.29
2019-02-19, 03:47:55, 23.41, 47.29
2019-02-19, 03:47:57, 23.42, 47.29
2019-02-19, 03:47:58, 23.41, 47.29
2019-02-19, 03:47:59, 23.41, 47.29
2019-02-19, 03:48:01, 23.42, 47.29
2019-02-19, 03:48:02, 23.42, 47.29
2019-02-19, 03:48:04, 23.4, 47.29
2019-02-19, 03:48:05, 23.4, 47.29
2019-02-19, 03:48:06, 23.41, 47.29
2019-02-19, 03:48:08, 23.42, 47.29
2019-02-19, 03:48:09, 23.42, 47.29
2019-02-19, 03:48:10, 23.42, 47.29
2019-02-19, 03:48:12, 23.42, 47.29
2019-02-19, 03:48:13, 23.41, 47.26
2019-02-19, 03:48:14, 23.41, 47.26
2019-02-19, 03:48:16, 23.42, 47.26
2019-02-19, 03:48:17, 23.42, 47.26
2019-02-19, 03:48:18, 23.42, 47.26
2019-02-19, 03:48:20, 23.42, 47.29
2019-02-19, 03:48:21, 23.42, 47.29
2019-02-19, 03:48:22, 23.42, 47.29
2019-02-19, 03:48:24, 23.42, 47.26
2019-02-19, 03:48:25, 23.43, 47.26
2019-02-19, 03:48:27, 23.42, 47.29
2019-02-19, 03:48:28, 23.42, 47.26
2019-02-19, 03:48:29, 23.42, 47.26
2019-02-19, 03:48:31, 23.42, 47.26
2019-02-19, 03:48:32, 23.42, 47.26
2019-02-19, 03:48:33, 23.42, 47.29
2019-02-19, 03:48:35, 23.42, 47.26
2019-02-19, 03:48:36, 23.42, 47.26
2019-02-19, 03:48:37, 23.42, 47.26
2019-02-19, 03:48:39, 23.42, 47.26
2019-02-19, 03:48:40, 23.41, 47.26
2019-02-19, 03:48:41, 23.4, 47.26
2019-02-19, 03:48:43, 23.41, 47.29
2019-02-19, 03:48:44, 23.41, 47.26
2019-02-19, 03:48:45, 23.41, 47.29
2019-02-19, 03:48:47, 23.42, 47.26
2019-02-19, 03:48:48, 23.42, 47.26
2019-02-19, 03:48:50, 23.42, 47.29
2019-02-19, 03:48:51, 23.42, 47.26
2019-02-19, 03:48:52, 23.42, 47.29
2019-02-19, 03:48:54, 23.42, 47.29
2019-02-19, 03:48:55, 23.42, 47.29
2019-02-19, 03:48:56, 23.42, 47.26
2019-02-19, 03:48:58, 23.42, 47.29
2019-02-19, 03:48:59, 23.42, 47.26
2019-02-19, 03:49:00, 23.41, 47.23
2019-02-19, 03:49:02, 23.42, 47.23
2019-02-19, 03:49:03, 23.42, 47.23
2019-02-19, 03:49:04, 23.42, 47.26
2019-02-19, 03:49:06, 23.41, 47.26
2019-02-19, 03:49:07, 23.42, 47.26
2019-02-19, 03:49:08, 23.43, 47.23
2019-02-19, 03:49:10, 23.41, 47.26
2019-02-19, 03:49:11, 23.4, 47.23
2019-02-19, 03:49:13, 23.41, 47.23
2019-02-19, 03:49:14, 23.42, 47.23
2019-02-19, 03:49:15, 23.42, 47.23
2019-02-19, 03:49:17, 23.42, 47.23
2019-02-19, 03:49:18, 23.43, 47.23
2019-02-19, 03:49:19, 23.42, 47.23
2019-02-19, 03:49:21, 23.4, 47.23
2019-02-19, 03:49:22, 23.42, 47.23
2019-02-19, 03:49:23, 23.42, 47.23
2019-02-19, 03:49:25, 23.41, 47.23
2019-02-19, 03:49:26, 23.41, 47.23
2019-02-19, 03:49:27, 23.42, 47.23
2019-02-19, 03:49:29, 23.42, 47.23
2019-02-19, 03:49:30, 23.41, 47.23
2019-02-19, 03:49:31, 23.4, 47.23
2019-02-19, 03:49:33, 23.41, 47.23
2019-02-19, 03:49:34, 23.41, 47.23
2019-02-19, 03:49:36, 23.4, 47.23
2019-02-19, 03:49:37, 23.4, 47.23
2019-02-19, 03:49:38, 23.4, 47.23
2019-02-19, 03:49:40, 23.41, 47.23
2019-02-19, 03:49:41, 23.41, 47.23
2019-02-19, 03:49:42, 23.42, 47.23
2019-02-19, 03:49:44, 23.42, 47.23
2019-02-19, 03:49:45, 23.42, 47.23
2019-02-19, 03:49:46, 23.42, 47.23
2019-02-19, 03:49:48, 23.4, 47.23
2019-02-19, 03:49:49, 23.4, 47.23
2019-02-19, 03:49:50, 23.4, 47.23
2019-02-19, 03:49:52, 23.42, 47.23
2019-02-19, 03:49:53, 23.41, 47.2
2019-02-19, 03:49:54, 23.41, 47.2
2019-02-19, 03:49:56, 23.42, 47.23
2019-02-19, 03:49:57, 23.42, 47.2
2019-02-19, 03:49:59, 23.41, 47.2
2019-02-19, 03:50:00, 23.42, 47.2
2019-02-19, 03:50:01, 23.41, 47.23
2019-02-19, 03:50:03, 23.42, 47.23
2019-02-19, 03:50:04, 23.4, 47.23
2019-02-19, 03:50:05, 23.42, 47.23
2019-02-19, 03:50:07, 23.42, 47.23
2019-02-19, 03:50:08, 23.42, 47.23
2019-02-19, 03:50:09, 23.41, 47.23
2019-02-19, 03:50:11, 23.41, 47.23
2019-02-19, 03:50:12, 23.42, 47.23
2019-02-19, 03:50:13, 23.41, 47.23
2019-02-19, 03:50:15, 23.4, 47.16
2019-02-19, 03:50:16, 23.42, 47.17
2019-02-19, 03:50:17, 23.42, 47.17
2019-02-19, 03:50:19, 23.43, 47.17
2019-02-19, 03:50:20, 23.42, 47.17
2019-02-19, 03:50:22, 23.42, 47.2
2019-02-19, 03:50:23, 23.42, 47.17
2019-02-19, 03:50:24, 23.42, 47.17
2019-02-19, 03:50:26, 23.42, 47.17
2019-02-19, 03:50:27, 23.42, 47.17
2019-02-19, 03:50:28, 23.42, 47.17
2019-02-19, 03:50:30, 23.42, 47.17
2019-02-19, 03:50:31, 23.41, 47.17
2019-02-19, 03:50:32, 23.41, 47.17
2019-02-19, 03:50:34, 23.42, 47.17
2019-02-19, 03:50:35, 23.41, 47.17
2019-02-19, 03:50:36, 23.4, 47.16
2019-02-19, 03:50:38, 23.42, 47.17
2019-02-19, 03:50:39, 23.42, 47.17
2019-02-19, 03:50:40, 23.41, 47.17
2019-02-19, 03:50:42, 23.42, 47.17
2019-02-19, 03:50:43, 23.41, 47.17
2019-02-19, 03:50:45, 23.42, 47.17
2019-02-19, 03:50:46, 23.41, 47.17
2019-02-19, 03:50:47, 23.42, 47.17
2019-02-19, 03:50:49, 23.42, 47.17
2019-02-19, 03:50:50, 23.41, 47.17
2019-02-19, 03:50:51, 23.43, 47.17
2019-02-19, 03:50:53, 23.42, 47.17
2019-02-19, 03:50:54, 23.41, 47.13
2019-02-19, 03:50:55, 23.43, 47.17
2019-02-19, 03:50:57, 23.43, 47.17
2019-02-19, 03:50:58, 23.42, 47.17
2019-02-19, 03:50:59, 23.36, 47.16
2019-02-19, 03:51:01, 23.41, 47.17
2019-02-19, 03:51:02, 23.42, 47.2
2019-02-19, 03:51:04, 23.42, 47.17
2019-02-19, 03:51:05, 23.41, 47.2
2019-02-19, 03:51:06, 23.4, 47.2
2019-02-19, 03:51:08, 23.42, 47.2
2019-02-19, 03:51:09, 23.42, 47.17
2019-02-19, 03:51:10, 23.44, 47.17
2019-02-19, 03:51:12, 23.42, 47.17
2019-02-19, 03:51:13, 23.43, 47.17
2019-02-19, 03:51:14, 23.44, 47.14
2019-02-19, 03:51:16, 23.44, 47.14
2019-02-19, 03:51:17, 23.43, 47.14
2019-02-19, 03:51:18, 23.44, 47.17
2019-02-19, 03:51:20, 23.43, 47.17
2019-02-19, 03:51:21, 23.44, 47.14
2019-02-19, 03:51:22, 23.42, 47.14
2019-02-19, 03:51:24, 23.44, 47.14
2019-02-19, 03:51:25, 23.44, 47.14
2019-02-19, 03:51:27, 23.44, 47.17
2019-02-19, 03:51:28, 23.45, 47.11
2019-02-19, 03:51:29, 23.44, 47.14
2019-02-19, 03:51:31, 23.42, 47.14
2019-02-19, 03:51:32, 23.44, 47.14
2019-02-19, 03:51:33, 23.44, 47.14
2019-02-19, 03:51:35, 23.42, 47.14
2019-02-19, 03:51:36, 23.43, 47.14
2019-02-19, 03:51:37, 23.43, 47.1
2019-02-19, 03:51:39, 23.44, 47.14
2019-02-19, 03:51:40, 23.43, 47.14
2019-02-19, 03:51:41, 23.44, 47.14
2019-02-19, 03:51:43, 23.42, 47.14
2019-02-19, 03:51:44, 23.44, 47.14
2019-02-19, 03:51:46, 23.44, 47.11
2019-02-19, 03:51:47, 23.44, 47.11
2019-02-19, 03:51:48, 23.43, 47.1
2019-02-19, 03:51:50, 23.42, 47.1
2019-02-19, 03:51:51, 23.42, 47.1
2019-02-19, 03:51:52, 23.42, 47.1
2019-02-19, 03:51:54, 23.43, 47.14
2019-02-19, 03:51:55, 23.43, 47.1
2019-02-19, 03:51:56, 23.44, 47.14
2019-02-19, 03:51:58, 23.43, 47.14
2019-02-19, 03:51:59, 23.31, 47.15
2019-02-19, 03:52:00, 23.39, 47.16
2019-02-19, 03:52:02, 23.4, 47.2
2019-02-19, 03:52:03, 23.42, 47.17
2019-02-19, 03:52:04, 23.42, 47.17
2019-02-19, 03:52:06, 23.42, 47.17
2019-02-19, 03:52:07, 23.42, 47.17
2019-02-19, 03:52:09, 23.41, 47.13
2019-02-19, 03:52:10, 23.42, 47.17
2019-02-19, 03:52:11, 23.42, 47.17
2019-02-19, 03:52:13, 23.44, 47.17
2019-02-19, 03:52:14, 23.43, 47.14
2019-02-19, 03:52:15, 23.42, 47.1
2019-02-19, 03:52:17, 23.44, 47.11
2019-02-19, 03:52:18, 23.43, 47.1
2019-02-19, 03:52:19, 23.43, 47.14
2019-02-19, 03:52:21, 23.43, 47.14
2019-02-19, 03:52:22, 23.43, 47.1
2019-02-19, 03:52:23, 23.43, 47.1
2019-02-19, 03:52:25, 23.43, 47.1
2019-02-19, 03:52:26, 23.44, 47.11
2019-02-19, 03:52:28, 23.42, 47.1
2019-02-19, 03:52:29, 23.44, 47.11
2019-02-19, 03:52:30, 23.43, 47.1
2019-02-19, 03:52:32, 23.42, 47.1
2019-02-19, 03:52:33, 23.42, 47.1
2019-02-19, 03:52:34, 23.42, 47.1
2019-02-19, 03:52:36, 23.43, 47.1
2019-02-19, 03:52:37, 23.44, 47.14
2019-02-19, 03:52:38, 23.44, 47.14
2019-02-19, 03:52:40, 23.43, 47.14
2019-02-19, 03:52:41, 23.43, 47.14
2019-02-19, 03:52:42, 23.44, 47.11
2019-02-19, 03:52:44, 23.44, 47.11
2019-02-19, 03:52:45, 23.43, 47.1
2019-02-19, 03:52:46, 23.44, 47.11
2019-02-19, 03:52:48, 23.44, 47.11
2019-02-19, 03:52:49, 23.43, 47.1
2019-02-19, 03:52:50, 23.44, 47.11
2019-02-19, 03:52:52, 23.45, 47.11
2019-02-19, 03:52:53, 23.44, 47.14
2019-02-19, 03:52:55, 23.45, 47.14
2019-02-19, 03:52:56, 23.44, 47.14
2019-02-19, 03:52:57, 23.45, 47.11
2019-02-19, 03:52:59, 23.44, 47.11
2019-02-19, 03:53:00, 23.44, 47.07
2019-02-19, 03:53:01, 23.44, 47.11
2019-02-19, 03:53:03, 23.44, 47.11
2019-02-19, 03:53:04, 23.44, 47.11
2019-02-19, 03:53:05, 23.43, 47.1
2019-02-19, 03:53:07, 23.43, 47.07
2019-02-19, 03:53:08, 23.43, 47.07
2019-02-19, 03:53:09, 23.44, 47.07
2019-02-19, 03:53:11, 23.43, 47.07
2019-02-19, 03:53:12, 23.44, 47.07
2019-02-19, 03:53:13, 23.42, 47.07
2019-02-19, 03:53:15, 23.44, 47.07
2019-02-19, 03:53:16, 23.42, 47.07
2019-02-19, 03:53:18, 23.42, 47.04
2019-02-19, 03:53:19, 23.43, 47.07
2019-02-19, 03:53:20, 23.44, 47.07
2019-02-19, 03:53:22, 23.44, 47.11
2019-02-19, 03:53:23, 23.44, 47.11
2019-02-19, 03:53:24, 23.44, 47.07
2019-02-19, 03:53:26, 23.43, 47.07
2019-02-19, 03:53:27, 23.44, 47.11
2019-02-19, 03:53:28, 23.43, 47.1
2019-02-19, 03:53:30, 23.45, 47.11
2019-02-19, 03:53:31, 23.45, 47.07
2019-02-19, 03:53:32, 23.44, 47.07
2019-02-19, 03:53:34, 23.46, 47.08
2019-02-19, 03:53:35, 23.44, 47.07
2019-02-19, 03:53:36, 23.44, 47.07
2019-02-19, 03:53:38, 23.44, 47.11
2019-02-19, 03:53:39, 23.43, 47.1
2019-02-19, 03:53:41, 23.44, 47.11
2019-02-19, 03:53:42, 23.44, 47.11
2019-02-19, 03:53:43, 23.43, 47.07
2019-02-19, 03:53:45, 23.42, 47.1
2019-02-19, 03:53:46, 23.44, 47.07
2019-02-19, 03:53:47, 23.45, 47.07
2019-02-19, 03:53:49, 23.45, 47.07
2019-02-19, 03:53:50, 23.44, 47.04
2019-02-19, 03:53:51, 23.44, 47.07
2019-02-19, 03:53:53, 23.44, 47.07
2019-02-19, 03:53:54, 23.44, 47.07
2019-02-19, 03:53:55, 23.45, 47.04
2019-02-19, 03:53:57, 23.44, 47.04
2019-02-19, 03:53:58, 23.28, 47.09
2019-02-19, 03:54:00, 23.39, 47.16
2019-02-19, 03:54:01, 23.39, 47.13
2019-02-19, 03:54:02, 23.42, 47.14
2019-02-19, 03:54:04, 23.42, 47.14
2019-02-19, 03:54:05, 23.44, 47.11
2019-02-19, 03:54:06, 23.44, 47.14
2019-02-19, 03:54:08, 23.42, 47.1
2019-02-19, 03:54:09, 23.43, 47.1
2019-02-19, 03:54:10, 23.44, 47.11
2019-02-19, 03:54:12, 23.44, 47.11
2019-02-19, 03:54:13, 23.45, 47.11
2019-02-19, 03:54:14, 23.45, 47.11
2019-02-19, 03:54:16, 23.45, 47.11
2019-02-19, 03:54:17, 23.44, 47.11
2019-02-19, 03:54:18, 23.45, 47.11
2019-02-19, 03:54:20, 23.45, 47.11
2019-02-19, 03:54:21, 23.44, 47.07
2019-02-19, 03:54:23, 23.46, 47.08
2019-02-19, 03:54:24, 23.45, 47.07
2019-02-19, 03:54:25, 23.44, 47.11
2019-02-19, 03:54:27, 23.44, 47.07
2019-02-19, 03:54:28, 23.43, 47.07
2019-02-19, 03:54:29, 23.44, 47.07
2019-02-19, 03:54:31, 23.45, 47.04
2019-02-19, 03:54:32, 23.45, 47.11
2019-02-19, 03:54:33, 23.44, 47.07
2019-02-19, 03:54:35, 23.44, 47.11
2019-02-19, 03:54:36, 23.44, 47.07
2019-02-19, 03:54:38, 23.44, 47.07
2019-02-19, 03:54:39, 23.45, 47.07
2019-02-19, 03:54:40, 23.44, 47.04
2019-02-19, 03:54:42, 23.44, 47.04
2019-02-19, 03:54:43, 23.44, 47.04
2019-02-19, 03:54:44, 23.44, 47.04
2019-02-19, 03:54:46, 23.44, 47.04
2019-02-19, 03:54:47, 23.45, 47.04
2019-02-19, 03:54:48, 23.45, 47.04
2019-02-19, 03:54:50, 23.46, 47.04
2019-02-19, 03:54:51, 23.45, 47.04
2019-02-19, 03:54:52, 23.45, 47.04
2019-02-19, 03:54:54, 23.44, 47.04
2019-02-19, 03:54:55, 23.45, 47.01
2019-02-19, 03:54:56, 23.45, 47.01
2019-02-19, 03:54:58, 23.45, 47.01
2019-02-19, 03:54:59, 23.44, 47.01
2019-02-19, 03:55:01, 23.44, 47.04
2019-02-19, 03:55:02, 23.46, 47.04
2019-02-19, 03:55:03, 23.45, 47.04
2019-02-19, 03:55:05, 23.45, 47.04
2019-02-19, 03:55:06, 23.45, 47.04
2019-02-19, 03:55:07, 23.46, 47.08
2019-02-19, 03:55:09, 23.46, 47.04
2019-02-19, 03:55:10, 23.46, 47.04
2019-02-19, 03:55:11, 23.46, 47.04
2019-02-19, 03:55:13, 23.46, 47.04
2019-02-19, 03:55:14, 23.44, 47.04
2019-02-19, 03:55:15, 23.44, 47.04
2019-02-19, 03:55:17, 23.45, 47.04
2019-02-19, 03:55:18, 23.45, 47.01
2019-02-19, 03:55:20, 23.45, 47.04
2019-02-19, 03:55:21, 23.46, 47.01
2019-02-19, 03:55:22, 23.44, 47.01
2019-02-19, 03:55:24, 23.46, 47.04
2019-02-19, 03:55:25, 23.44, 47.04
2019-02-19, 03:55:26, 23.44, 47.01
2019-02-19, 03:55:28, 23.45, 47.04
2019-02-19, 03:55:29, 23.44, 47.04
2019-02-19, 03:55:30, 23.45, 47.01
2019-02-19, 03:55:32, 23.46, 47.01
2019-02-19, 03:55:33, 23.45, 47.01
2019-02-19, 03:55:34, 23.45, 47.01
2019-02-19, 03:55:36, 23.46, 47.01
2019-02-19, 03:55:37, 23.47, 47.05
2019-02-19, 03:55:38, 23.46, 47.04
2019-02-19, 03:55:40, 23.46, 47.04
2019-02-19, 03:55:41, 23.45, 46.98
2019-02-19, 03:55:43, 23.46, 47.01
2019-02-19, 03:55:44, 23.46, 46.98
2019-02-19, 03:55:45, 23.46, 47.01
2019-02-19, 03:55:47, 23.46, 47.01
2019-02-19, 03:55:48, 23.45, 46.98
2019-02-19, 03:55:49, 23.46, 47.01
2019-02-19, 03:55:51, 23.46, 47.01
2019-02-19, 03:55:52, 23.45, 46.98
2019-02-19, 03:55:53, 23.45, 47.01
2019-02-19, 03:55:55, 23.46, 46.98
2019-02-19, 03:55:56, 23.46, 47.01
2019-02-19, 03:55:57, 23.46, 46.98
2019-02-19, 03:55:59, 23.46, 46.98
2019-02-19, 03:56:00, 23.45, 46.98
2019-02-19, 03:56:01, 23.45, 46.98
2019-02-19, 03:56:03, 23.45, 46.98
2019-02-19, 03:56:04, 23.45, 46.98
2019-02-19, 03:56:06, 23.44, 46.98
2019-02-19, 03:56:07, 23.45, 46.98
2019-02-19, 03:56:08, 23.46, 46.98
2019-02-19, 03:56:10, 23.46, 46.98
2019-02-19, 03:56:11, 23.46, 46.98
2019-02-19, 03:56:12, 23.46, 46.98
2019-02-19, 03:56:14, 23.46, 46.98
2019-02-19, 03:56:15, 23.45, 46.98
2019-02-19, 03:56:16, 23.47, 46.98
2019-02-19, 03:56:18, 23.46, 46.98
2019-02-19, 03:56:19, 23.45, 47.01
2019-02-19, 03:56:20, 23.45, 46.98
2019-02-19, 03:56:22, 23.46, 46.98
2019-02-19, 03:56:23, 23.45, 46.98
2019-02-19, 03:56:24, 23.46, 46.95
2019-02-19, 03:56:26, 23.46, 46.98
2019-02-19, 03:56:27, 23.45, 46.98
2019-02-19, 03:56:29, 23.46, 46.98
2019-02-19, 03:56:30, 23.46, 46.98
2019-02-19, 03:56:31, 23.45, 46.98
2019-02-19, 03:56:33, 23.47, 46.98
2019-02-19, 03:56:34, 23.47, 46.98
2019-02-19, 03:56:35, 23.46, 46.98
2019-02-19, 03:56:37, 23.45, 46.95
2019-02-19, 03:56:38, 23.46, 46.95
2019-02-19, 03:56:39, 23.45, 46.95
2019-02-19, 03:56:41, 23.45, 46.91
2019-02-19, 03:56:42, 23.44, 46.91
2019-02-19, 03:56:43, 23.46, 46.92
2019-02-19, 03:56:45, 23.46, 46.92
2019-02-19, 03:56:46, 23.47, 46.95
2019-02-19, 03:56:47, 23.46, 46.92
2019-02-19, 03:56:49, 23.46, 46.92
2019-02-19, 03:56:50, 23.46, 46.92
2019-02-19, 03:56:52, 23.46, 46.92
2019-02-19, 03:56:53, 23.46, 46.92
2019-02-19, 03:56:54, 23.48, 46.92
2019-02-19, 03:56:56, 23.38, 46.91
2019-02-19, 03:56:57, 23.45, 46.95
2019-02-19, 03:56:58, 23.45, 46.95
2019-02-19, 03:57:00, 23.45, 46.98
2019-02-19, 03:57:01, 23.45, 46.95
2019-02-19, 03:57:02, 23.46, 46.95
2019-02-19, 03:57:04, 23.46, 46.95
2019-02-19, 03:57:05, 23.46, 46.95
2019-02-19, 03:57:06, 23.45, 46.91
2019-02-19, 03:57:08, 23.46, 46.92
2019-02-19, 03:57:09, 23.46, 46.92
2019-02-19, 03:57:11, 23.47, 46.92
2019-02-19, 03:57:12, 23.48, 46.92
2019-02-19, 03:57:13, 23.46, 46.92
2019-02-19, 03:57:15, 23.47, 46.92
2019-02-19, 03:57:16, 23.48, 46.92
2019-02-19, 03:57:17, 23.47, 46.92
2019-02-19, 03:57:19, 23.48, 46.92
2019-02-19, 03:57:20, 23.48, 46.89
2019-02-19, 03:57:21, 23.48, 46.92
2019-02-19, 03:57:23, 23.48, 46.92
2019-02-19, 03:57:24, 23.48, 46.92
2019-02-19, 03:57:25, 23.36, 46.9
2019-02-19, 03:57:27, 23.44, 46.95
2019-02-19, 03:57:28, 23.48, 46.95
2019-02-19, 03:57:29, 23.46, 46.95
2019-02-19, 03:57:31, 23.49, 46.98
2019-02-19, 03:57:32, 23.49, 46.95
2019-02-19, 03:57:34, 23.48, 46.95
2019-02-19, 03:57:35, 23.48, 46.98
2019-02-19, 03:57:36, 23.48, 46.92
2019-02-19, 03:57:38, 23.48, 46.92
2019-02-19, 03:57:39, 23.48, 46.92
2019-02-19, 03:57:40, 23.48, 46.92
2019-02-19, 03:57:42, 23.48, 46.92
2019-02-19, 03:57:43, 23.48, 46.92
2019-02-19, 03:57:44, 23.48, 46.92
2019-02-19, 03:57:46, 23.48, 46.92
2019-02-19, 03:57:47, 23.49, 46.92
2019-02-19, 03:57:48, 23.48, 46.92
2019-02-19, 03:57:50, 23.49, 46.92
2019-02-19, 03:57:51, 23.49, 46.92
2019-02-19, 03:57:52, 23.49, 46.89
2019-02-19, 03:57:54, 23.48, 46.89
2019-02-19, 03:57:55, 23.48, 46.92
2019-02-19, 03:57:57, 23.49, 46.89
2019-02-19, 03:57:58, 23.49, 46.89
2019-02-19, 03:57:59, 23.5, 46.92
2019-02-19, 03:58:01, 23.47, 46.92
2019-02-19, 03:58:02, 23.48, 46.92
2019-02-19, 03:58:03, 23.49, 46.92
2019-02-19, 03:58:05, 23.48, 46.89
2019-02-19, 03:58:06, 23.48, 46.89
2019-02-19, 03:58:07, 23.48, 46.89
2019-02-19, 03:58:09, 23.48, 46.89
2019-02-19, 03:58:10, 23.48, 46.85
2019-02-19, 03:58:11, 23.5, 46.86
2019-02-19, 03:58:13, 23.48, 46.85
2019-02-19, 03:58:14, 23.47, 46.85
2019-02-19, 03:58:15, 23.47, 46.85
2019-02-19, 03:58:17, 23.48, 46.85
2019-02-19, 03:58:18, 23.49, 46.86
2019-02-19, 03:58:20, 23.49, 46.89
2019-02-19, 03:58:21, 23.48, 46.85
2019-02-19, 03:58:22, 23.49, 46.86
2019-02-19, 03:58:24, 23.48, 46.85
2019-02-19, 03:58:25, 23.48, 46.85
2019-02-19, 03:58:26, 23.48, 46.85
2019-02-19, 03:58:28, 23.48, 46.85
2019-02-19, 03:58:29, 23.48, 46.82
2019-02-19, 03:58:30, 23.48, 46.85
2019-02-19, 03:58:32, 23.47, 46.82
2019-02-19, 03:58:33, 23.48, 46.82
2019-02-19, 03:58:34, 23.48, 46.82
2019-02-19, 03:58:36, 23.49, 46.82
2019-02-19, 03:58:37, 23.48, 46.82
2019-02-19, 03:58:38, 23.48, 46.85
2019-02-19, 03:58:40, 23.48, 46.85
2019-02-19, 03:58:41, 23.48, 46.82
2019-02-19, 03:58:43, 23.49, 46.82
2019-02-19, 03:58:44, 23.48, 46.82
2019-02-19, 03:58:45, 23.47, 46.85
2019-02-19, 03:58:47, 23.48, 46.85
2019-02-19, 03:58:48, 23.48, 46.85
2019-02-19, 03:58:49, 23.48, 46.85
2019-02-19, 03:58:51, 23.48, 46.85
2019-02-19, 03:58:52, 23.48, 46.82
2019-02-19, 03:58:53, 23.48, 46.85
2019-02-19, 03:58:55, 23.33, 46.84
2019-02-19, 03:58:56, 23.43, 46.91
2019-02-19, 03:58:57, 23.46, 46.92
2019-02-19, 03:58:59, 23.48, 46.92
2019-02-19, 03:59:00, 23.48, 46.92
2019-02-19, 03:59:01, 23.48, 46.89
2019-02-19, 03:59:03, 23.48, 46.89
2019-02-19, 03:59:04, 23.48, 46.89
2019-02-19, 03:59:06, 23.49, 46.86
2019-02-19, 03:59:07, 23.49, 46.86
2019-02-19, 03:59:08, 23.48, 46.85
2019-02-19, 03:59:10, 23.49, 46.86
2019-02-19, 03:59:11, 23.48, 46.85
2019-02-19, 03:59:12, 23.48, 46.85
2019-02-19, 03:59:14, 23.48, 46.85
2019-02-19, 03:59:15, 23.48, 46.85
2019-02-19, 03:59:16, 23.47, 46.89
2019-02-19, 03:59:18, 23.5, 46.86
2019-02-19, 03:59:19, 23.48, 46.85
2019-02-19, 03:59:20, 23.49, 46.86
2019-02-19, 03:59:22, 23.49, 46.86
2019-02-19, 03:59:23, 23.49, 46.86
2019-02-19, 03:59:24, 23.49, 46.86
2019-02-19, 03:59:26, 23.48, 46.82
2019-02-19, 03:59:27, 23.49, 46.86
2019-02-19, 03:59:29, 23.49, 46.86
2019-02-19, 03:59:30, 23.49, 46.82
2019-02-19, 03:59:31, 23.49, 46.86
2019-02-19, 03:59:33, 23.49, 46.82
2019-02-19, 03:59:34, 23.49, 46.82
2019-02-19, 03:59:35, 23.48, 46.82
2019-02-19, 03:59:37, 23.49, 46.82
2019-02-19, 03:59:38, 23.49, 46.82
2019-02-19, 03:59:39, 23.49, 46.82
2019-02-19, 03:59:41, 23.5, 46.82
2019-02-19, 03:59:42, 23.49, 46.82
2019-02-19, 03:59:43, 23.5, 46.79
2019-02-19, 03:59:45, 23.5, 46.79
2019-02-19, 03:59:46, 23.48, 46.82
2019-02-19, 03:59:48, 23.48, 46.79
2019-02-19, 03:59:49, 23.49, 46.82
2019-02-19, 03:59:50, 23.48, 46.82
2019-02-19, 03:59:52, 23.49, 46.86
2019-02-19, 03:59:53, 23.5, 46.79
2019-02-19, 03:59:54, 23.5, 46.82
2019-02-19, 03:59:56, 23.5, 46.82
2019-02-19, 03:59:57, 23.49, 46.82
2019-02-19, 03:59:58, 23.51, 46.79
2019-02-19, 04:00:00, 23.49, 46.82
2019-02-19, 04:00:01, 23.47, 46.82
2019-02-19, 04:00:03, 23.49, 46.82
2019-02-19, 04:00:04, 23.49, 46.79
2019-02-19, 04:00:05, 23.5, 46.82
2019-02-19, 04:00:07, 23.5, 46.82
2019-02-19, 04:00:08, 23.48, 46.79
2019-02-19, 04:00:09, 23.48, 46.79
2019-02-19, 04:00:11, 23.48, 46.79
2019-02-19, 04:00:12, 23.47, 46.79
2019-02-19, 04:00:13, 23.46, 46.79
2019-02-19, 04:00:15, 23.47, 46.79
2019-02-19, 04:00:16, 23.48, 46.82
2019-02-19, 04:00:17, 23.48, 46.82
2019-02-19, 04:00:19, 23.48, 46.79
2019-02-19, 04:00:20, 23.51, 46.79
2019-02-19, 04:00:22, 23.5, 46.79
2019-02-19, 04:00:23, 23.5, 46.79
2019-02-19, 04:00:24, 23.48, 46.79
2019-02-19, 04:00:26, 23.5, 46.79
2019-02-19, 04:00:27, 23.49, 46.79
2019-02-19, 04:00:28, 23.49, 46.79
2019-02-19, 04:00:30, 23.49, 46.79
2019-02-19, 04:00:31, 23.48, 46.79
2019-02-19, 04:00:32, 23.5, 46.79
2019-02-19, 04:00:34, 23.5, 46.79
2019-02-19, 04:00:35, 23.5, 46.79
2019-02-19, 04:00:37, 23.49, 46.79
2019-02-19, 04:00:38, 23.5, 46.79
2019-02-19, 04:00:39, 23.5, 46.79
2019-02-19, 04:00:41, 23.5, 46.79
2019-02-19, 04:00:42, 23.5, 46.79
2019-02-19, 04:00:43, 23.49, 46.76
2019-02-19, 04:00:45, 23.5, 46.76
2019-02-19, 04:00:46, 23.5, 46.76
2019-02-19, 04:00:47, 23.5, 46.76
2019-02-19, 04:00:49, 23.51, 46.76
2019-02-19, 04:00:50, 23.51, 46.79
2019-02-19, 04:00:51, 23.5, 46.79
2019-02-19, 04:00:53, 23.44, 46.79
2019-02-19, 04:00:54, 23.48, 46.79
2019-02-19, 04:00:56, 23.48, 46.82
2019-02-19, 04:00:57, 23.49, 46.79
2019-02-19, 04:00:58, 23.35, 46.81
2019-02-19, 04:01:00, 23.44, 46.88
2019-02-19, 04:01:01, 23.47, 46.89
2019-02-19, 04:01:02, 23.48, 46.85
2019-02-19, 04:01:04, 23.48, 46.85
2019-02-19, 04:01:05, 23.48, 46.85
2019-02-19, 04:01:06, 23.48, 46.79
2019-02-19, 04:01:08, 23.5, 46.82
2019-02-19, 04:01:09, 23.49, 46.79
2019-02-19, 04:01:10, 23.49, 46.82
2019-02-19, 04:01:12, 23.48, 46.82
2019-02-19, 04:01:13, 23.48, 46.82
2019-02-19, 04:01:15, 23.5, 46.82
2019-02-19, 04:01:16, 23.5, 46.79
2019-02-19, 04:01:17, 23.49, 46.79
2019-02-19, 04:01:19, 23.5, 46.79
2019-02-19, 04:01:20, 23.5, 46.79
2019-02-19, 04:01:21, 23.51, 46.79
2019-02-19, 04:01:23, 23.51, 46.79
2019-02-19, 04:01:24, 23.5, 46.79
2019-02-19, 04:01:25, 23.49, 46.76
2019-02-19, 04:01:27, 23.5, 46.76
2019-02-19, 04:01:28, 23.5, 46.76
2019-02-19, 04:01:29, 23.5, 46.76
2019-02-19, 04:01:31, 23.51, 46.73
2019-02-19, 04:01:32, 23.5, 46.73
2019-02-19, 04:01:34, 23.49, 46.73
2019-02-19, 04:01:35, 23.49, 46.73
2019-02-19, 04:01:36, 23.51, 46.73
2019-02-19, 04:01:38, 23.5, 46.73
2019-02-19, 04:01:39, 23.49, 46.73
2019-02-19, 04:01:40, 23.5, 46.76
2019-02-19, 04:01:42, 23.51, 46.76
2019-02-19, 04:01:43, 23.51, 46.76
2019-02-19, 04:01:44, 23.5, 46.76
2019-02-19, 04:01:46, 23.51, 46.79
2019-02-19, 04:01:47, 23.5, 46.76
2019-02-19, 04:01:48, 23.5, 46.76
2019-02-19, 04:01:50, 23.52, 46.73
2019-02-19, 04:01:51, 23.52, 46.73
2019-02-19, 04:01:53, 23.39, 46.72
2019-02-19, 04:01:54, 23.47, 46.79
2019-02-19, 04:01:55, 23.48, 46.79
2019-02-19, 04:01:57, 23.49, 46.79
2019-02-19, 04:01:58, 23.48, 46.79
2019-02-19, 04:01:59, 23.49, 46.76
2019-02-19, 04:02:01, 23.47, 46.76
2019-02-19, 04:02:02, 23.5, 46.76
2019-02-19, 04:02:03, 23.5, 46.76
2019-02-19, 04:02:05, 23.49, 46.76
2019-02-19, 04:02:06, 23.5, 46.76
2019-02-19, 04:02:07, 23.51, 46.76
2019-02-19, 04:02:09, 23.5, 46.76
2019-02-19, 04:02:10, 23.51, 46.76
2019-02-19, 04:02:11, 23.51, 46.76
2019-02-19, 04:02:13, 23.5, 46.76
2019-02-19, 04:02:14, 23.5, 46.73
2019-02-19, 04:02:16, 23.49, 46.73
2019-02-19, 04:02:17, 23.49, 46.76
2019-02-19, 04:02:18, 23.5, 46.76
2019-02-19, 04:02:20, 23.49, 46.76
2019-02-19, 04:02:21, 23.49, 46.73
2019-02-19, 04:02:22, 23.5, 46.73
2019-02-19, 04:02:24, 23.49, 46.76
2019-02-19, 04:02:25, 23.5, 46.76
2019-02-19, 04:02:26, 23.5, 46.76
2019-02-19, 04:02:28, 23.5, 46.76
2019-02-19, 04:02:29, 23.5, 46.76
2019-02-19, 04:02:30, 23.51, 46.76
2019-02-19, 04:02:32, 23.49, 46.73
2019-02-19, 04:02:33, 23.5, 46.73
2019-02-19, 04:02:35, 23.5, 46.73
2019-02-19, 04:02:36, 23.5, 46.73
2019-02-19, 04:02:37, 23.5, 46.73
2019-02-19, 04:02:39, 23.49, 46.7
2019-02-19, 04:02:40, 23.49, 46.73
2019-02-19, 04:02:41, 23.48, 46.69
2019-02-19, 04:02:43, 23.48, 46.69
2019-02-19, 04:02:44, 23.48, 46.73
2019-02-19, 04:02:45, 23.48, 46.73
2019-02-19, 04:02:47, 23.47, 46.73
2019-02-19, 04:02:48, 23.49, 46.73
2019-02-19, 04:02:49, 23.49, 46.73
2019-02-19, 04:02:51, 23.48, 46.73
2019-02-19, 04:02:52, 23.48, 46.73
2019-02-19, 04:02:53, 23.5, 46.73
2019-02-19, 04:02:55, 23.49, 46.73
2019-02-19, 04:02:56, 23.46, 46.72
2019-02-19, 04:02:58, 23.48, 46.76
2019-02-19, 04:02:59, 23.48, 46.76
2019-02-19, 04:03:00, 23.48, 46.76
2019-02-19, 04:03:02, 23.48, 46.73
2019-02-19, 04:03:03, 23.48, 46.73
2019-02-19, 04:03:04, 23.47, 46.73
2019-02-19, 04:03:06, 23.46, 46.72
2019-02-19, 04:03:07, 23.47, 46.76
2019-02-19, 04:03:08, 23.49, 46.76
2019-02-19, 04:03:10, 23.48, 46.76
2019-02-19, 04:03:11, 23.48, 46.76
2019-02-19, 04:03:12, 23.48, 46.76
2019-02-19, 04:03:14, 23.48, 46.73
2019-02-19, 04:03:15, 23.49, 46.76
2019-02-19, 04:03:17, 23.49, 46.79
2019-02-19, 04:03:18, 23.49, 46.76
2019-02-19, 04:03:19, 23.48, 46.79
2019-02-19, 04:03:21, 23.48, 46.76
2019-02-19, 04:03:22, 23.48, 46.76
2019-02-19, 04:03:23, 23.48, 46.76
2019-02-19, 04:03:25, 23.48, 46.76
2019-02-19, 04:03:26, 23.48, 46.76
2019-02-19, 04:03:27, 23.47, 46.76
2019-02-19, 04:03:29, 23.48, 46.76
2019-02-19, 04:03:30, 23.48, 46.76
2019-02-19, 04:03:31, 23.49, 46.73
2019-02-19, 04:03:33, 23.49, 46.73
2019-02-19, 04:03:34, 23.48, 46.73
2019-02-19, 04:03:36, 23.48, 46.73
2019-02-19, 04:03:37, 23.48, 46.76
2019-02-19, 04:03:38, 23.49, 46.73
2019-02-19, 04:03:40, 23.48, 46.76
2019-02-19, 04:03:41, 23.48, 46.76
2019-02-19, 04:03:42, 23.48, 46.73
2019-02-19, 04:03:44, 23.49, 46.76
2019-02-19, 04:03:45, 23.48, 46.73
2019-02-19, 04:03:46, 23.48, 46.73
2019-02-19, 04:03:48, 23.48, 46.73
2019-02-19, 04:03:49, 23.49, 46.76
2019-02-19, 04:03:50, 23.49, 46.73
2019-02-19, 04:03:52, 23.49, 46.76
2019-02-19, 04:03:53, 23.48, 46.76
2019-02-19, 04:03:55, 23.48, 46.76
2019-02-19, 04:03:56, 23.5, 46.73
2019-02-19, 04:03:57, 23.49, 46.76
2019-02-19, 04:03:59, 23.49, 46.73
2019-02-19, 04:04:00, 23.49, 46.76
2019-02-19, 04:04:01, 23.5, 46.76
2019-02-19, 04:04:03, 23.48, 46.76
2019-02-19, 04:04:04, 23.5, 46.76
2019-02-19, 04:04:05, 23.48, 46.76
2019-02-19, 04:04:07, 23.49, 46.76
2019-02-19, 04:04:08, 23.48, 46.76
2019-02-19, 04:04:09, 23.49, 46.73
2019-02-19, 04:04:11, 23.46, 46.72
2019-02-19, 04:04:12, 23.47, 46.73
2019-02-19, 04:04:14, 23.47, 46.73
2019-02-19, 04:04:15, 23.48, 46.76
2019-02-19, 04:04:16, 23.48, 46.73
2019-02-19, 04:04:18, 23.49, 46.76
2019-02-19, 04:04:19, 23.49, 46.76
2019-02-19, 04:04:20, 23.48, 46.76
2019-02-19, 04:04:22, 23.49, 46.76
2019-02-19, 04:04:23, 23.47, 46.76
2019-02-19, 04:04:24, 23.48, 46.73
2019-02-19, 04:04:26, 23.46, 46.72
2019-02-19, 04:04:27, 23.46, 46.76
2019-02-19, 04:04:28, 23.47, 46.76
2019-02-19, 04:04:30, 23.47, 46.76
2019-02-19, 04:04:31, 23.49, 46.76
2019-02-19, 04:04:33, 23.48, 46.76
2019-02-19, 04:04:34, 23.48, 46.76
2019-02-19, 04:04:35, 23.48, 46.76
2019-02-19, 04:04:37, 23.48, 46.73
2019-02-19, 04:04:38, 23.46, 46.72
2019-02-19, 04:04:39, 23.47, 46.76
2019-02-19, 04:04:41, 23.48, 46.76
2019-02-19, 04:04:42, 23.48, 46.73
2019-02-19, 04:04:43, 23.49, 46.76
2019-02-19, 04:04:45, 23.49, 46.76
2019-02-19, 04:04:46, 23.48, 46.73
2019-02-19, 04:04:47, 23.47, 46.76
2019-02-19, 04:04:49, 23.46, 46.76
2019-02-19, 04:04:50, 23.4, 46.75
2019-02-19, 04:04:52, 23.46, 46.79
2019-02-19, 04:04:53, 23.47, 46.79
2019-02-19, 04:04:54, 23.46, 46.79
2019-02-19, 04:04:56, 23.46, 46.79
2019-02-19, 04:04:57, 23.47, 46.76
2019-02-19, 04:04:58, 23.46, 46.79
2019-02-19, 04:05:00, 23.48, 46.79
2019-02-19, 04:05:01, 23.47, 46.79
2019-02-19, 04:05:02, 23.48, 46.79
2019-02-19, 04:05:04, 23.47, 46.79
2019-02-19, 04:05:05, 23.46, 46.72
2019-02-19, 04:05:06, 23.47, 46.76
2019-02-19, 04:05:08, 23.47, 46.76
2019-02-19, 04:05:09, 23.46, 46.72
2019-02-19, 04:05:11, 23.46, 46.76
2019-02-19, 04:05:12, 23.47, 46.79
2019-02-19, 04:05:13, 23.47, 46.76
2019-02-19, 04:05:15, 23.47, 46.76
2019-02-19, 04:05:16, 23.48, 46.76
2019-02-19, 04:05:17, 23.46, 46.72
2019-02-19, 04:05:19, 23.46, 46.76
2019-02-19, 04:05:20, 23.48, 46.73
2019-02-19, 04:05:21, 23.47, 46.76
2019-02-19, 04:05:23, 23.48, 46.76
2019-02-19, 04:05:24, 23.47, 46.76
2019-02-19, 04:05:25, 23.47, 46.76
2019-02-19, 04:05:27, 23.46, 46.72
2019-02-19, 04:05:28, 23.46, 46.76
2019-02-19, 04:05:29, 23.47, 46.76
2019-02-19, 04:05:31, 23.47, 46.79
2019-02-19, 04:05:32, 23.46, 46.79
2019-02-19, 04:05:34, 23.46, 46.79
2019-02-19, 04:05:35, 23.48, 46.79
2019-02-19, 04:05:36, 23.48, 46.79
2019-02-19, 04:05:38, 23.46, 46.79
2019-02-19, 04:05:39, 23.46, 46.79
2019-02-19, 04:05:40, 23.48, 46.79
2019-02-19, 04:05:42, 23.47, 46.76
2019-02-19, 04:05:43, 23.47, 46.79
2019-02-19, 04:05:44, 23.46, 46.76
2019-02-19, 04:05:46, 23.47, 46.79
2019-02-19, 04:05:47, 23.48, 46.76
2019-02-19, 04:05:48, 23.45, 46.79
2019-02-19, 04:05:50, 23.34, 46.77
2019-02-19, 04:05:51, 23.43, 46.82
2019-02-19, 04:05:53, 23.45, 46.85
2019-02-19, 04:05:54, 23.46, 46.85
2019-02-19, 04:05:55, 23.46, 46.85
2019-02-19, 04:05:57, 23.45, 46.85
2019-02-19, 04:05:58, 23.46, 46.85
2019-02-19, 04:05:59, 23.47, 46.85
2019-02-19, 04:06:01, 23.46, 46.82
2019-02-19, 04:06:02, 23.45, 46.79
2019-02-19, 04:06:03, 23.44, 46.79
2019-02-19, 04:06:05, 23.44, 46.79
2019-02-19, 04:06:06, 23.46, 46.79
2019-02-19, 04:06:07, 23.46, 46.82
2019-02-19, 04:06:09, 23.44, 46.79
2019-02-19, 04:06:10, 23.45, 46.82
2019-02-19, 04:06:12, 23.45, 46.82
2019-02-19, 04:06:13, 23.45, 46.82
2019-02-19, 04:06:14, 23.46, 46.79
2019-02-19, 04:06:16, 23.45, 46.79
2019-02-19, 04:06:17, 23.44, 46.82
2019-02-19, 04:06:18, 23.44, 46.82
2019-02-19, 04:06:20, 23.43, 46.78
2019-02-19, 04:06:21, 23.44, 46.82
2019-02-19, 04:06:22, 23.44, 46.79
2019-02-19, 04:06:24, 23.4, 46.78
2019-02-19, 04:06:25, 23.42, 46.78
2019-02-19, 04:06:26, 23.44, 46.82
2019-02-19, 04:06:28, 23.43, 46.85
2019-02-19, 04:06:29, 23.44, 46.85
2019-02-19, 04:06:31, 23.44, 46.85
2019-02-19, 04:06:32, 23.43, 46.85
2019-02-19, 04:06:33, 23.44, 46.82
2019-02-19, 04:06:35, 23.45, 46.85
2019-02-19, 04:06:36, 23.45, 46.82
2019-02-19, 04:06:37, 23.44, 46.82
2019-02-19, 04:06:39, 23.45, 46.82
2019-02-19, 04:06:40, 23.45, 46.82
2019-02-19, 04:06:41, 23.45, 46.79
2019-02-19, 04:06:43, 23.45, 46.79
2019-02-19, 04:06:44, 23.44, 46.82
2019-02-19, 04:06:45, 23.44, 46.79
2019-02-19, 04:06:47, 23.43, 46.78
2019-02-19, 04:06:48, 23.46, 46.79
2019-02-19, 04:06:49, 23.45, 46.79
2019-02-19, 04:06:51, 23.44, 46.79
2019-02-19, 04:06:52, 23.44, 46.79
2019-02-19, 04:06:54, 23.44, 46.79
2019-02-19, 04:06:55, 23.45, 46.79
2019-02-19, 04:06:56, 23.44, 46.79
2019-02-19, 04:06:58, 23.45, 46.79
2019-02-19, 04:06:59, 23.44, 46.79
2019-02-19, 04:07:00, 23.44, 46.79
2019-02-19, 04:07:02, 23.44, 46.82
2019-02-19, 04:07:03, 23.45, 46.79
2019-02-19, 04:07:04, 23.45, 46.79
2019-02-19, 04:07:06, 23.45, 46.79
2019-02-19, 04:07:07, 23.46, 46.79
2019-02-19, 04:07:08, 23.45, 46.79
2019-02-19, 04:07:10, 23.46, 46.82
2019-02-19, 04:07:11, 23.45, 46.79
2019-02-19, 04:07:12, 23.45, 46.79
2019-02-19, 04:07:14, 23.45, 46.82
2019-02-19, 04:07:15, 23.45, 46.79
2019-02-19, 04:07:17, 23.44, 46.79
2019-02-19, 04:07:18, 23.44, 46.79
2019-02-19, 04:07:19, 23.44, 46.82
2019-02-19, 04:07:21, 23.43, 46.78
2019-02-19, 04:07:22, 23.45, 46.82
2019-02-19, 04:07:23, 23.35, 46.77
2019-02-19, 04:07:25, 23.42, 46.85
2019-02-19, 04:07:26, 23.42, 46.85
2019-02-19, 04:07:27, 23.43, 46.85
2019-02-19, 04:07:29, 23.42, 46.85
2019-02-19, 04:07:30, 23.42, 46.81
2019-02-19, 04:07:31, 23.43, 46.82
2019-02-19, 04:07:33, 23.42, 46.81
2019-02-19, 04:07:34, 23.42, 46.81
2019-02-19, 04:07:36, 23.42, 46.81
2019-02-19, 04:07:37, 23.42, 46.81
2019-02-19, 04:07:38, 23.41, 46.81
2019-02-19, 04:07:40, 23.42, 46.81
2019-02-19, 04:07:41, 23.41, 46.81
2019-02-19, 04:07:42, 23.42, 46.81
2019-02-19, 04:07:44, 23.4, 46.81
2019-02-19, 04:07:45, 23.42, 46.81
2019-02-19, 04:07:46, 23.42, 46.81
2019-02-19, 04:07:48, 23.41, 46.81
2019-02-19, 04:07:49, 23.41, 46.81
2019-02-19, 04:07:50, 23.42, 46.81
2019-02-19, 04:07:52, 23.41, 46.81
2019-02-19, 04:07:53, 23.4, 46.84
2019-02-19, 04:07:54, 23.41, 46.81
2019-02-19, 04:07:56, 23.42, 46.81
2019-02-19, 04:07:57, 23.41, 46.81
2019-02-19, 04:07:59, 23.4, 46.81
2019-02-19, 04:08:00, 23.42, 46.78
2019-02-19, 04:08:01, 23.41, 46.81
2019-02-19, 04:08:03, 23.42, 46.81
2019-02-19, 04:08:04, 23.42, 46.78
2019-02-19, 04:08:05, 23.42, 46.85
2019-02-19, 04:08:07, 23.41, 46.85
2019-02-19, 04:08:08, 23.4, 46.84
2019-02-19, 04:08:09, 23.4, 46.84
2019-02-19, 04:08:11, 23.41, 46.85
2019-02-19, 04:08:12, 23.42, 46.85
2019-02-19, 04:08:13, 23.41, 46.81
2019-02-19, 04:08:15, 23.41, 46.85
2019-02-19, 04:08:16, 23.4, 46.84
2019-02-19, 04:08:18, 23.4, 46.81
2019-02-19, 04:08:19, 23.4, 46.84
2019-02-19, 04:08:20, 23.4, 46.81
2019-02-19, 04:08:22, 23.4, 46.81
2019-02-19, 04:08:23, 23.39, 46.81
2019-02-19, 04:08:24, 23.38, 46.84
2019-02-19, 04:08:26, 23.4, 46.81
2019-02-19, 04:08:27, 23.39, 46.84
2019-02-19, 04:08:28, 23.38, 46.84
2019-02-19, 04:08:30, 23.39, 46.84
2019-02-19, 04:08:31, 23.4, 46.84
2019-02-19, 04:08:32, 23.39, 46.84
2019-02-19, 04:08:34, 23.38, 46.84
2019-02-19, 04:08:35, 23.39, 46.88
2019-02-19, 04:08:37, 23.39, 46.84
2019-02-19, 04:08:38, 23.39, 46.88
2019-02-19, 04:08:39, 23.39, 46.88
2019-02-19, 04:08:41, 23.38, 46.87
2019-02-19, 04:08:42, 23.4, 46.88
2019-02-19, 04:08:43, 23.4, 46.88
2019-02-19, 04:08:45, 23.4, 46.88
2019-02-19, 04:08:46, 23.4, 46.88
2019-02-19, 04:08:47, 23.39, 46.88
2019-02-19, 04:08:49, 23.4, 46.91
2019-02-19, 04:08:50, 23.4, 46.91
2019-02-19, 04:08:51, 23.4, 46.88
2019-02-19, 04:08:53, 23.39, 46.88
2019-02-19, 04:08:54, 23.39, 46.88
2019-02-19, 04:08:56, 23.4, 46.88
2019-02-19, 04:08:57, 23.4, 46.88
2019-02-19, 04:08:58, 23.4, 46.91
2019-02-19, 04:09:00, 23.4, 46.88
2019-02-19, 04:09:01, 23.39, 46.88
2019-02-19, 04:09:02, 23.4, 46.88
2019-02-19, 04:09:04, 23.4, 46.88
2019-02-19, 04:09:05, 23.4, 46.88
2019-02-19, 04:09:06, 23.37, 46.87
2019-02-19, 04:09:08, 23.39, 46.91
2019-02-19, 04:09:09, 23.4, 46.88
2019-02-19, 04:09:10, 23.39, 46.91
2019-02-19, 04:09:12, 23.38, 46.91
2019-02-19, 04:09:13, 23.39, 46.88
2019-02-19, 04:09:14, 23.4, 46.88
2019-02-19, 04:09:16, 23.39, 46.84
2019-02-19, 04:09:17, 23.32, 46.87
2019-02-19, 04:09:19, 23.38, 46.87
2019-02-19, 04:09:20, 23.38, 46.91
2019-02-19, 04:09:21, 23.39, 46.91
2019-02-19, 04:09:23, 23.39, 46.91
2019-02-19, 04:09:24, 23.38, 46.91
2019-02-19, 04:09:25, 23.38, 46.87
2019-02-19, 04:09:27, 23.39, 46.88
2019-02-19, 04:09:28, 23.38, 46.84
2019-02-19, 04:09:29, 23.38, 46.84
2019-02-19, 04:09:31, 23.38, 46.87
2019-02-19, 04:09:32, 23.39, 46.84
2019-02-19, 04:09:33, 23.38, 46.84
2019-02-19, 04:09:35, 23.37, 46.87
2019-02-19, 04:09:36, 23.38, 46.87
2019-02-19, 04:09:38, 23.38, 46.87
2019-02-19, 04:09:39, 23.38, 46.87
2019-02-19, 04:09:40, 23.38, 46.87
2019-02-19, 04:09:42, 23.39, 46.88
2019-02-19, 04:09:43, 23.38, 46.87
2019-02-19, 04:09:44, 23.39, 46.88
2019-02-19, 04:09:46, 23.38, 46.84
2019-02-19, 04:09:47, 23.38, 46.87
2019-02-19, 04:09:48, 23.39, 46.88
2019-02-19, 04:09:50, 23.38, 46.84
2019-02-19, 04:09:51, 23.39, 46.88
2019-02-19, 04:09:52, 23.39, 46.88
2019-02-19, 04:09:54, 23.38, 46.87
2019-02-19, 04:09:55, 23.38, 46.87
2019-02-19, 04:09:57, 23.39, 46.91
2019-02-19, 04:09:58, 23.38, 46.87
2019-02-19, 04:09:59, 23.39, 46.91
2019-02-19, 04:10:01, 23.4, 46.91
2019-02-19, 04:10:02, 23.39, 46.88
2019-02-19, 04:10:03, 23.38, 46.87
2019-02-19, 04:10:05, 23.38, 46.91
2019-02-19, 04:10:06, 23.38, 46.87
2019-02-19, 04:10:07, 23.38, 46.87
2019-02-19, 04:10:09, 23.37, 46.9
2019-02-19, 04:10:10, 23.38, 46.91
2019-02-19, 04:10:11, 23.38, 46.91
2019-02-19, 04:10:13, 23.38, 46.91
2019-02-19, 04:10:14, 23.38, 46.91
2019-02-19, 04:10:16, 23.38, 46.87
2019-02-19, 04:10:17, 23.26, 46.89
2019-02-19, 04:10:18, 23.34, 46.93
2019-02-19, 04:10:20, 23.36, 46.94
2019-02-19, 04:10:21, 23.37, 46.94
2019-02-19, 04:10:22, 23.38, 46.94
2019-02-19, 04:10:24, 23.37, 46.97
2019-02-19, 04:10:25, 23.37, 46.97
2019-02-19, 04:10:26, 23.37, 46.97
2019-02-19, 04:10:28, 23.38, 46.94
2019-02-19, 04:10:29, 23.38, 46.91
2019-02-19, 04:10:30, 23.4, 46.91
2019-02-19, 04:10:32, 23.38, 46.91
2019-02-19, 04:10:33, 23.36, 46.9
2019-02-19, 04:10:35, 23.38, 46.91
2019-02-19, 04:10:36, 23.38, 46.91
2019-02-19, 04:10:37, 23.38, 46.91
2019-02-19, 04:10:39, 23.4, 46.91
2019-02-19, 04:10:40, 23.38, 46.91
2019-02-19, 04:10:41, 23.39, 46.94
2019-02-19, 04:10:43, 23.38, 46.91
2019-02-19, 04:10:44, 23.38, 46.91
2019-02-19, 04:10:45, 23.38, 46.91
2019-02-19, 04:10:47, 23.22, 46.92
2019-02-19, 04:10:48, 23.32, 46.99
2019-02-19, 04:10:49, 23.33, 47.0
2019-02-19, 04:10:51, 23.36, 47.0
2019-02-19, 04:10:52, 23.36, 46.97
2019-02-19, 04:10:54, 23.37, 46.97
2019-02-19, 04:10:55, 23.38, 46.97
2019-02-19, 04:10:56, 23.39, 46.94
2019-02-19, 04:10:58, 23.38, 46.91
2019-02-19, 04:10:59, 23.38, 46.91
2019-02-19, 04:11:00, 23.38, 46.91
2019-02-19, 04:11:02, 23.4, 46.91
2019-02-19, 04:11:03, 23.39, 46.91
2019-02-19, 04:11:04, 23.37, 46.9
2019-02-19, 04:11:06, 23.36, 46.9
2019-02-19, 04:11:07, 23.38, 46.87
2019-02-19, 04:11:08, 23.38, 46.91
2019-02-19, 04:11:10, 23.36, 46.9
2019-02-19, 04:11:11, 23.39, 46.88
2019-02-19, 04:11:13, 23.39, 46.91
2019-02-19, 04:11:14, 23.38, 46.91
2019-02-19, 04:11:15, 23.38, 46.91
2019-02-19, 04:11:17, 23.23, 46.89
2019-02-19, 04:11:18, 23.33, 46.96
2019-02-19, 04:11:19, 23.35, 46.97
2019-02-19, 04:11:21, 23.35, 46.97
2019-02-19, 04:11:22, 23.36, 46.97
2019-02-19, 04:11:23, 23.37, 46.97
2019-02-19, 04:11:25, 23.36, 46.97
2019-02-19, 04:11:26, 23.37, 46.94
2019-02-19, 04:11:27, 23.36, 46.94
2019-02-19, 04:11:29, 23.36, 46.97
2019-02-19, 04:11:30, 23.37, 46.94
2019-02-19, 04:11:31, 23.37, 46.94
2019-02-19, 04:11:33, 23.38, 46.94
2019-02-19, 04:11:34, 23.38, 46.94
2019-02-19, 04:11:36, 23.37, 46.94
2019-02-19, 04:11:37, 23.37, 46.94
2019-02-19, 04:11:38, 23.38, 46.91
2019-02-19, 04:11:40, 23.38, 46.91
2019-02-19, 04:11:41, 23.39, 46.91
2019-02-19, 04:11:42, 23.38, 46.91
2019-02-19, 04:11:44, 23.36, 46.9
2019-02-19, 04:11:45, 23.38, 46.91
2019-02-19, 04:11:46, 23.38, 46.91
2019-02-19, 04:11:48, 23.38, 46.91
2019-02-19, 04:11:49, 23.38, 46.91
2019-02-19, 04:11:50, 23.28, 46.89
2019-02-19, 04:11:52, 23.36, 46.97
2019-02-19, 04:11:53, 23.37, 46.94
2019-02-19, 04:11:55, 23.36, 46.94
2019-02-19, 04:11:56, 23.37, 46.94
2019-02-19, 04:11:57, 23.36, 46.94
2019-02-19, 04:11:59, 23.37, 46.94
2019-02-19, 04:12:00, 23.36, 46.94
2019-02-19, 04:12:01, 23.37, 46.9
2019-02-19, 04:12:03, 23.38, 46.94
2019-02-19, 04:12:04, 23.38, 46.91
2019-02-19, 04:12:05, 23.37, 46.9
2019-02-19, 04:12:07, 23.37, 46.9
2019-02-19, 04:12:08, 23.37, 46.9
2019-02-19, 04:12:09, 23.37, 46.9
2019-02-19, 04:12:11, 23.36, 46.9
2019-02-19, 04:12:12, 23.37, 46.87
2019-02-19, 04:12:14, 23.37, 46.87
2019-02-19, 04:12:15, 23.36, 46.87
2019-02-19, 04:12:16, 23.36, 46.87
2019-02-19, 04:12:18, 23.38, 46.87
2019-02-19, 04:12:19, 23.38, 46.87
2019-02-19, 04:12:20, 23.37, 46.87
2019-02-19, 04:12:22, 23.38, 46.87
2019-02-19, 04:12:23, 23.37, 46.9
2019-02-19, 04:12:24, 23.37, 46.9
2019-02-19, 04:12:26, 23.38, 46.87
2019-02-19, 04:12:27, 23.38, 46.91
2019-02-19, 04:12:28, 23.37, 46.9
2019-02-19, 04:12:30, 23.37, 46.87
2019-02-19, 04:12:31, 23.38, 46.87
2019-02-19, 04:12:32, 23.36, 46.87
2019-02-19, 04:12:34, 23.38, 46.87
2019-02-19, 04:12:35, 23.38, 46.87
2019-02-19, 04:12:37, 23.38, 46.84
2019-02-19, 04:12:38, 23.37, 46.84
2019-02-19, 04:12:39, 23.39, 46.88
2019-02-19, 04:12:41, 23.37, 46.84
2019-02-19, 04:12:42, 23.38, 46.84
2019-02-19, 04:12:43, 23.38, 46.84
2019-02-19, 04:12:45, 23.36, 46.84
2019-02-19, 04:12:46, 23.38, 46.84
2019-02-19, 04:12:47, 23.38, 46.84
2019-02-19, 04:12:49, 23.39, 46.84
2019-02-19, 04:12:50, 23.38, 46.84
2019-02-19, 04:12:51, 23.38, 46.84
2019-02-19, 04:12:53, 23.38, 46.84
2019-02-19, 04:12:54, 23.38, 46.84
2019-02-19, 04:12:56, 23.39, 46.84
2019-02-19, 04:12:57, 23.39, 46.84
2019-02-19, 04:12:58, 23.38, 46.84
2019-02-19, 04:13:00, 23.38, 46.84
2019-02-19, 04:13:01, 23.38, 46.84
2019-02-19, 04:13:02, 23.4, 46.84
2019-02-19, 04:13:04, 23.37, 46.84
2019-02-19, 04:13:05, 23.37, 46.84
2019-02-19, 04:13:06, 23.37, 46.87
2019-02-19, 04:13:08, 23.37, 46.84
2019-02-19, 04:13:09, 23.38, 46.87
2019-02-19, 04:13:10, 23.38, 46.87
2019-02-19, 04:13:12, 23.38, 46.87
2019-02-19, 04:13:13, 23.38, 46.87
2019-02-19, 04:13:14, 23.37, 46.84
2019-02-19, 04:13:16, 23.38, 46.84
2019-02-19, 04:13:17, 23.4, 46.84
2019-02-19, 04:13:19, 23.38, 46.87
2019-02-19, 04:13:20, 23.24, 46.89
2019-02-19, 04:13:21, 23.33, 46.93
2019-02-19, 04:13:23, 23.35, 46.93
2019-02-19, 04:13:24, 23.35, 46.93
2019-02-19, 04:13:25, 23.36, 46.94
2019-02-19, 04:13:27, 23.37, 46.9
2019-02-19, 04:13:28, 23.36, 46.9
2019-02-19, 04:13:29, 23.37, 46.9
2019-02-19, 04:13:31, 23.36, 46.9
2019-02-19, 04:13:32, 23.38, 46.91
2019-02-19, 04:13:33, 23.38, 46.91
2019-02-19, 04:13:35, 23.38, 46.91
2019-02-19, 04:13:36, 23.38, 46.87
2019-02-19, 04:13:37, 23.38, 46.91
2019-02-19, 04:13:39, 23.38, 46.91
2019-02-19, 04:13:40, 23.38, 46.91
2019-02-19, 04:13:42, 23.39, 46.91
2019-02-19, 04:13:43, 23.38, 46.87
2019-02-19, 04:13:44, 23.39, 46.91
2019-02-19, 04:13:46, 23.4, 46.91
2019-02-19, 04:13:47, 23.38, 46.87
2019-02-19, 04:13:48, 23.38, 46.84
2019-02-19, 04:13:50, 23.38, 46.84
2019-02-19, 04:13:51, 23.38, 46.84
2019-02-19, 04:13:52, 23.39, 46.84
2019-02-19, 04:13:54, 23.38, 46.84
2019-02-19, 04:13:55, 23.38, 46.84
2019-02-19, 04:13:56, 23.38, 46.84
2019-02-19, 04:13:58, 23.38, 46.84
2019-02-19, 04:13:59, 23.38, 46.84
2019-02-19, 04:14:00, 23.38, 46.84
2019-02-19, 04:14:02, 23.39, 46.84
2019-02-19, 04:14:03, 23.38, 46.84
2019-02-19, 04:14:05, 23.38, 46.84
2019-02-19, 04:14:06, 23.38, 46.84
2019-02-19, 04:14:07, 23.39, 46.84
2019-02-19, 04:14:09, 23.38, 46.84
2019-02-19, 04:14:10, 23.38, 46.84
2019-02-19, 04:14:11, 23.38, 46.84
2019-02-19, 04:14:13, 23.37, 46.84
2019-02-19, 04:14:14, 23.28, 46.83
2019-02-19, 04:14:15, 23.35, 46.84
2019-02-19, 04:14:17, 23.36, 46.84
2019-02-19, 04:14:18, 23.37, 46.87
2019-02-19, 04:14:19, 23.37, 46.84
2019-02-19, 04:14:21, 23.37, 46.84
2019-02-19, 04:14:22, 23.38, 46.84
2019-02-19, 04:14:23, 23.37, 46.84
2019-02-19, 04:14:25, 23.38, 46.84
2019-02-19, 04:14:26, 23.38, 46.84
2019-02-19, 04:14:28, 23.4, 46.84
2019-02-19, 04:14:29, 23.39, 46.84
2019-02-19, 04:14:30, 23.38, 46.84
2019-02-19, 04:14:32, 23.39, 46.84
2019-02-19, 04:14:33, 23.39, 46.84
2019-02-19, 04:14:34, 23.4, 46.84
2019-02-19, 04:14:36, 23.4, 46.84
2019-02-19, 04:14:37, 23.4, 46.84
2019-02-19, 04:14:38, 23.4, 46.81
2019-02-19, 04:14:40, 23.38, 46.84
2019-02-19, 04:14:41, 23.38, 46.84
2019-02-19, 04:14:42, 23.39, 46.84
2019-02-19, 04:14:44, 23.39, 46.81
2019-02-19, 04:14:45, 23.4, 46.81
2019-02-19, 04:14:46, 23.38, 46.81
2019-02-19, 04:14:48, 23.4, 46.78
2019-02-19, 04:14:49, 23.39, 46.81
2019-02-19, 04:14:51, 23.4, 46.78
2019-02-19, 04:14:52, 23.4, 46.78
2019-02-19, 04:14:53, 23.4, 46.78
2019-02-19, 04:14:55, 23.4, 46.78
2019-02-19, 04:14:56, 23.38, 46.81
2019-02-19, 04:14:57, 23.39, 46.78
2019-02-19, 04:14:59, 23.39, 46.81
2019-02-19, 04:15:00, 23.38, 46.81
2019-02-19, 04:15:01, 23.39, 46.78
2019-02-19, 04:15:03, 23.39, 46.81
2019-02-19, 04:15:04, 23.38, 46.78
2019-02-19, 04:15:05, 23.38, 46.78
2019-02-19, 04:15:07, 23.4, 46.81
2019-02-19, 04:15:08, 23.38, 46.78
2019-02-19, 04:15:09, 23.39, 46.78
2019-02-19, 04:15:11, 23.37, 46.78
2019-02-19, 04:15:12, 23.38, 46.78
2019-02-19, 04:15:14, 23.27, 46.76
2019-02-19, 04:15:15, 23.36, 46.84
2019-02-19, 04:15:16, 23.38, 46.81
2019-02-19, 04:15:18, 23.37, 46.81
2019-02-19, 04:15:19, 23.38, 46.81
2019-02-19, 04:15:20, 23.37, 46.81
2019-02-19, 04:15:22, 23.38, 46.78
2019-02-19, 04:15:23, 23.38, 46.78
2019-02-19, 04:15:24, 23.38, 46.78
2019-02-19, 04:15:26, 23.37, 46.78
2019-02-19, 04:15:27, 23.38, 46.78
2019-02-19, 04:15:28, 23.38, 46.81
2019-02-19, 04:15:30, 23.38, 46.78
2019-02-19, 04:15:31, 23.38, 46.78
2019-02-19, 04:15:32, 23.38, 46.78
2019-02-19, 04:15:34, 23.38, 46.81
2019-02-19, 04:15:35, 23.39, 46.78
2019-02-19, 04:15:37, 23.38, 46.78
2019-02-19, 04:15:38, 23.39, 46.78
2019-02-19, 04:15:39, 23.39, 46.81
2019-02-19, 04:15:41, 23.39, 46.78
2019-02-19, 04:15:42, 23.38, 46.81
2019-02-19, 04:15:43, 23.26, 46.8
2019-02-19, 04:15:45, 23.35, 46.84
2019-02-19, 04:15:46, 23.37, 46.84
2019-02-19, 04:15:47, 23.38, 46.84
2019-02-19, 04:15:49, 23.38, 46.84
2019-02-19, 04:15:50, 23.38, 46.84
2019-02-19, 04:15:51, 23.39, 46.81
2019-02-19, 04:15:53, 23.38, 46.81
2019-02-19, 04:15:54, 23.39, 46.81
2019-02-19, 04:15:56, 23.36, 46.78
2019-02-19, 04:15:57, 23.38, 46.78
2019-02-19, 04:15:58, 23.37, 46.78
2019-02-19, 04:16:00, 23.38, 46.81
2019-02-19, 04:16:01, 23.38, 46.78
2019-02-19, 04:16:02, 23.38, 46.78
2019-02-19, 04:16:04, 23.39, 46.81
2019-02-19, 04:16:05, 23.38, 46.81
2019-02-19, 04:16:06, 23.38, 46.78
2019-02-19, 04:16:08, 23.38, 46.78
2019-02-19, 04:16:09, 23.38, 46.81
2019-02-19, 04:16:10, 23.4, 46.78
2019-02-19, 04:16:12, 23.39, 46.78
2019-02-19, 04:16:13, 23.25, 46.79
2019-02-19, 04:16:14, 23.34, 46.84
2019-02-19, 04:16:16, 23.36, 46.84
2019-02-19, 04:16:17, 23.36, 46.84
2019-02-19, 04:16:19, 23.38, 46.84
2019-02-19, 04:16:20, 23.37, 46.84
2019-02-19, 04:16:21, 23.38, 46.84
2019-02-19, 04:16:23, 23.37, 46.81
2019-02-19, 04:16:24, 23.38, 46.81
2019-02-19, 04:16:25, 23.38, 46.81
2019-02-19, 04:16:27, 23.38, 46.81
2019-02-19, 04:16:28, 23.37, 46.81
2019-02-19, 04:16:29, 23.38, 46.78
2019-02-19, 04:16:31, 23.39, 46.78
2019-02-19, 04:16:32, 23.4, 46.78
2019-02-19, 04:16:33, 23.38, 46.78
2019-02-19, 04:16:35, 23.38, 46.78
2019-02-19, 04:16:36, 23.38, 46.78
2019-02-19, 04:16:37, 23.39, 46.78
2019-02-19, 04:16:39, 23.38, 46.78
2019-02-19, 04:16:40, 23.4, 46.78
2019-02-19, 04:16:42, 23.38, 46.78
2019-02-19, 04:16:43, 23.22, 46.79
2019-02-19, 04:16:44, 23.33, 46.87
2019-02-19, 04:16:46, 23.36, 46.9
2019-02-19, 04:16:47, 23.37, 46.87
2019-02-19, 04:16:48, 23.36, 46.87
2019-02-19, 04:16:50, 23.36, 46.84
2019-02-19, 04:16:51, 23.38, 46.84
2019-02-19, 04:16:52, 23.38, 46.84
2019-02-19, 04:16:54, 23.39, 46.84
2019-02-19, 04:16:55, 23.38, 46.81
2019-02-19, 04:16:56, 23.38, 46.81
2019-02-19, 04:16:58, 23.39, 46.78
2019-02-19, 04:16:59, 23.38, 46.78
2019-02-19, 04:17:01, 23.38, 46.78
2019-02-19, 04:17:02, 23.38, 46.78
2019-02-19, 04:17:03, 23.39, 46.78
2019-02-19, 04:17:05, 23.39, 46.75
2019-02-19, 04:17:06, 23.38, 46.78
2019-02-19, 04:17:07, 23.39, 46.75
2019-02-19, 04:17:09, 23.4, 46.75
2019-02-19, 04:17:10, 23.4, 46.75
2019-02-19, 04:17:11, 23.39, 46.75
2019-02-19, 04:17:13, 23.42, 46.78
2019-02-19, 04:17:14, 23.4, 46.75
2019-02-19, 04:17:15, 23.4, 46.75
2019-02-19, 04:17:17, 23.41, 46.72
2019-02-19, 04:17:18, 23.42, 46.75
2019-02-19, 04:17:20, 23.4, 46.75
2019-02-19, 04:17:21, 23.41, 46.75
2019-02-19, 04:17:22, 23.4, 46.75
2019-02-19, 04:17:24, 23.41, 46.75
2019-02-19, 04:17:25, 23.41, 46.75
2019-02-19, 04:17:26, 23.4, 46.75
2019-02-19, 04:17:28, 23.4, 46.75
2019-02-19, 04:17:29, 23.4, 46.75
2019-02-19, 04:17:30, 23.4, 46.75
2019-02-19, 04:17:32, 23.41, 46.75
2019-02-19, 04:17:33, 23.41, 46.75
2019-02-19, 04:17:34, 23.42, 46.72
2019-02-19, 04:17:36, 23.41, 46.72
2019-02-19, 04:17:37, 23.39, 46.72
2019-02-19, 04:17:39, 23.4, 46.72
2019-02-19, 04:17:40, 23.4, 46.72
2019-02-19, 04:17:41, 23.41, 46.72
2019-02-19, 04:17:43, 23.4, 46.72
2019-02-19, 04:17:44, 23.41, 46.72
2019-02-19, 04:17:45, 23.41, 46.72
2019-02-19, 04:17:47, 23.4, 46.68
2019-02-19, 04:17:48, 23.41, 46.72
2019-02-19, 04:17:49, 23.41, 46.72
2019-02-19, 04:17:51, 23.4, 46.72
2019-02-19, 04:17:52, 23.41, 46.72
2019-02-19, 04:17:53, 23.4, 46.72
2019-02-19, 04:17:55, 23.4, 46.72
2019-02-19, 04:17:56, 23.4, 46.72
2019-02-19, 04:17:57, 23.41, 46.72
2019-02-19, 04:17:59, 23.42, 46.72
2019-02-19, 04:18:00, 23.41, 46.72
2019-02-19, 04:18:02, 23.41, 46.72
2019-02-19, 04:18:03, 23.41, 46.72
2019-02-19, 04:18:04, 23.42, 46.72
2019-02-19, 04:18:06, 23.42, 46.69
2019-02-19, 04:18:07, 23.41, 46.72
2019-02-19, 04:18:08, 23.41, 46.72
2019-02-19, 04:18:10, 23.41, 46.69
2019-02-19, 04:18:11, 23.4, 46.68
2019-02-19, 04:18:12, 23.4, 46.72
2019-02-19, 04:18:14, 23.41, 46.69
2019-02-19, 04:18:15, 23.4, 46.72
2019-02-19, 04:18:16, 23.41, 46.69
2019-02-19, 04:18:18, 23.41, 46.69
2019-02-19, 04:18:19, 23.41, 46.69
2019-02-19, 04:18:21, 23.41, 46.69
2019-02-19, 04:18:22, 23.4, 46.68
2019-02-19, 04:18:23, 23.41, 46.69
2019-02-19, 04:18:25, 23.42, 46.69
2019-02-19, 04:18:26, 23.42, 46.69
2019-02-19, 04:18:27, 23.38, 46.68
2019-02-19, 04:18:29, 23.4, 46.72
2019-02-19, 04:18:30, 23.4, 46.68
2019-02-19, 04:18:31, 23.41, 46.69
2019-02-19, 04:18:33, 23.4, 46.68
2019-02-19, 04:18:34, 23.4, 46.68
2019-02-19, 04:18:35, 23.39, 46.68
2019-02-19, 04:18:37, 23.4, 46.72
2019-02-19, 04:18:38, 23.39, 46.72
2019-02-19, 04:18:40, 23.4, 46.72
2019-02-19, 04:18:41, 23.33, 46.71
2019-02-19, 04:18:42, 23.4, 46.72
2019-02-19, 04:18:44, 23.39, 46.75
2019-02-19, 04:18:45, 23.4, 46.75
2019-02-19, 04:18:46, 23.4, 46.72
2019-02-19, 04:18:48, 23.4, 46.72
2019-02-19, 04:18:49, 23.4, 46.72
2019-02-19, 04:18:50, 23.41, 46.72
2019-02-19, 04:18:52, 23.4, 46.72
2019-02-19, 04:18:53, 23.4, 46.72
2019-02-19, 04:18:55, 23.41, 46.69
2019-02-19, 04:18:56, 23.42, 46.72
2019-02-19, 04:18:57, 23.41, 46.72
2019-02-19, 04:18:59, 23.41, 46.69
2019-02-19, 04:19:00, 23.4, 46.68
2019-02-19, 04:19:01, 23.4, 46.68
2019-02-19, 04:19:03, 23.41, 46.72
2019-02-19, 04:19:04, 23.41, 46.72
2019-02-19, 04:19:05, 23.42, 46.69
2019-02-19, 04:19:07, 23.42, 46.72
2019-02-19, 04:19:08, 23.41, 46.72
2019-02-19, 04:19:10, 23.4, 46.68
2019-02-19, 04:19:11, 23.41, 46.72
2019-02-19, 04:19:12, 23.41, 46.72
2019-02-19, 04:19:14, 23.41, 46.72
2019-02-19, 04:19:15, 23.41, 46.72
2019-02-19, 04:19:16, 23.41, 46.69
2019-02-19, 04:19:18, 23.41, 46.69
2019-02-19, 04:19:19, 23.42, 46.69
2019-02-19, 04:19:20, 23.42, 46.65
2019-02-19, 04:19:22, 23.41, 46.69
2019-02-19, 04:19:23, 23.42, 46.65
2019-02-19, 04:19:24, 23.42, 46.72
2019-02-19, 04:19:26, 23.42, 46.69
2019-02-19, 04:19:27, 23.41, 46.69
2019-02-19, 04:19:28, 23.42, 46.69
2019-02-19, 04:19:30, 23.41, 46.69
2019-02-19, 04:19:31, 23.42, 46.69
2019-02-19, 04:19:33, 23.42, 46.69
2019-02-19, 04:19:34, 23.42, 46.69
2019-02-19, 04:19:35, 23.42, 46.69
2019-02-19, 04:19:37, 23.43, 46.69
2019-02-19, 04:19:38, 23.42, 46.65
2019-02-19, 04:19:39, 23.43, 46.69
2019-02-19, 04:19:41, 23.43, 46.66
2019-02-19, 04:19:42, 23.42, 46.69
2019-02-19, 04:19:43, 23.42, 46.69
2019-02-19, 04:19:45, 23.43, 46.66
2019-02-19, 04:19:46, 23.43, 46.66
2019-02-19, 04:19:47, 23.42, 46.65
2019-02-19, 04:19:49, 23.42, 46.69
2019-02-19, 04:19:50, 23.43, 46.66
2019-02-19, 04:19:52, 23.42, 46.65
2019-02-19, 04:19:53, 23.41, 46.65
2019-02-19, 04:19:54, 23.41, 46.65
2019-02-19, 04:19:56, 23.41, 46.69
2019-02-19, 04:19:57, 23.42, 46.65
2019-02-19, 04:19:58, 23.42, 46.69
2019-02-19, 04:20:00, 23.4, 46.65
2019-02-19, 04:20:01, 23.42, 46.65
2019-02-19, 04:20:02, 23.4, 46.65
2019-02-19, 04:20:04, 23.4, 46.65
2019-02-19, 04:20:05, 23.39, 46.65
2019-02-19, 04:20:06, 23.4, 46.68
2019-02-19, 04:20:08, 23.39, 46.65
2019-02-19, 04:20:09, 23.38, 46.65
2019-02-19, 04:20:11, 23.4, 46.65
2019-02-19, 04:20:12, 23.42, 46.65
2019-02-19, 04:20:13, 23.43, 46.66
2019-02-19, 04:20:15, 23.42, 46.65
2019-02-19, 04:20:16, 23.42, 46.65
2019-02-19, 04:20:17, 23.42, 46.65
2019-02-19, 04:20:19, 23.42, 46.65
2019-02-19, 04:20:20, 23.43, 46.66
2019-02-19, 04:20:21, 23.42, 46.65
2019-02-19, 04:20:23, 23.43, 46.66
2019-02-19, 04:20:24, 23.41, 46.65
2019-02-19, 04:20:25, 23.43, 46.66
2019-02-19, 04:20:27, 23.42, 46.65
2019-02-19, 04:20:28, 23.42, 46.65
2019-02-19, 04:20:30, 23.42, 46.65
2019-02-19, 04:20:31, 23.41, 46.65
2019-02-19, 04:20:32, 23.42, 46.65
2019-02-19, 04:20:34, 23.41, 46.65
2019-02-19, 04:20:35, 23.43, 46.66
2019-02-19, 04:20:36, 23.42, 46.65
2019-02-19, 04:20:38, 23.41, 46.65
2019-02-19, 04:20:39, 23.42, 46.65
2019-02-19, 04:20:40, 23.44, 46.66
2019-02-19, 04:20:42, 23.44, 46.66
2019-02-19, 04:20:43, 23.44, 46.66
2019-02-19, 04:20:44, 23.42, 46.65
2019-02-19, 04:20:46, 23.44, 46.63
2019-02-19, 04:20:47, 23.43, 46.66
2019-02-19, 04:20:48, 23.42, 46.65
2019-02-19, 04:20:50, 23.44, 46.66
2019-02-19, 04:20:51, 23.42, 46.65
2019-02-19, 04:20:53, 23.44, 46.66
2019-02-19, 04:20:54, 23.43, 46.66
2019-02-19, 04:20:55, 23.43, 46.66
2019-02-19, 04:20:57, 23.41, 46.65
2019-02-19, 04:20:58, 23.42, 46.65
2019-02-19, 04:20:59, 23.42, 46.65
2019-02-19, 04:21:01, 23.41, 46.65
2019-02-19, 04:21:02, 23.42, 46.65
2019-02-19, 04:21:03, 23.42, 46.65
2019-02-19, 04:21:05, 23.43, 46.66
2019-02-19, 04:21:06, 23.43, 46.62
2019-02-19, 04:21:07, 23.42, 46.62
2019-02-19, 04:21:09, 23.43, 46.59
2019-02-19, 04:21:10, 23.44, 46.63
2019-02-19, 04:21:11, 23.44, 46.66
2019-02-19, 04:21:13, 23.43, 46.62
2019-02-19, 04:21:14, 23.42, 46.62
2019-02-19, 04:21:16, 23.42, 46.62
2019-02-19, 04:21:17, 23.42, 46.62
2019-02-19, 04:21:18, 23.42, 46.59
2019-02-19, 04:21:20, 23.41, 46.62
2019-02-19, 04:21:21, 23.4, 46.59
2019-02-19, 04:21:22, 23.42, 46.62
2019-02-19, 04:21:24, 23.41, 46.59
2019-02-19, 04:21:25, 23.41, 46.59
2019-02-19, 04:21:26, 23.4, 46.62
2019-02-19, 04:21:28, 23.42, 46.62
2019-02-19, 04:21:29, 23.42, 46.62
2019-02-19, 04:21:30, 23.42, 46.59
2019-02-19, 04:21:32, 23.42, 46.62
2019-02-19, 04:21:33, 23.41, 46.62
2019-02-19, 04:21:35, 23.42, 46.62
2019-02-19, 04:21:36, 23.42, 46.62
2019-02-19, 04:21:37, 23.42, 46.62
2019-02-19, 04:21:39, 23.41, 46.62
2019-02-19, 04:21:40, 23.42, 46.62
2019-02-19, 04:21:41, 23.42, 46.62
2019-02-19, 04:21:43, 23.43, 46.62
2019-02-19, 04:21:44, 23.42, 46.59
2019-02-19, 04:21:45, 23.44, 46.63
2019-02-19, 04:21:47, 23.42, 46.59
2019-02-19, 04:21:48, 23.42, 46.62
2019-02-19, 04:21:49, 23.42, 46.59
2019-02-19, 04:21:51, 23.43, 46.62
2019-02-19, 04:21:52, 23.42, 46.59
2019-02-19, 04:21:53, 23.42, 46.59
2019-02-19, 04:21:55, 23.42, 46.59
2019-02-19, 04:21:56, 23.43, 46.59
2019-02-19, 04:21:57, 23.43, 46.59
2019-02-19, 04:21:59, 23.43, 46.62
2019-02-19, 04:22:00, 23.42, 46.62
2019-02-19, 04:22:02, 23.44, 46.59
2019-02-19, 04:22:03, 23.43, 46.62
2019-02-19, 04:22:04, 23.42, 46.62
2019-02-19, 04:22:06, 23.42, 46.62
2019-02-19, 04:22:07, 23.45, 46.59
2019-02-19, 04:22:08, 23.43, 46.59
2019-02-19, 04:22:10, 23.42, 46.59
2019-02-19, 04:22:11, 23.44, 46.63
2019-02-19, 04:22:12, 23.44, 46.59
2019-02-19, 04:22:14, 23.44, 46.59
2019-02-19, 04:22:15, 23.44, 46.59
2019-02-19, 04:22:16, 23.44, 46.59
2019-02-19, 04:22:18, 23.45, 46.59
2019-02-19, 04:22:19, 23.45, 46.59
2019-02-19, 04:22:21, 23.42, 46.59
2019-02-19, 04:22:22, 23.44, 46.59
2019-02-19, 04:22:23, 23.45, 46.59
2019-02-19, 04:22:25, 23.45, 46.59
2019-02-19, 04:22:26, 23.44, 46.59
2019-02-19, 04:22:27, 23.44, 46.59
2019-02-19, 04:22:29, 23.44, 46.59
2019-02-19, 04:22:30, 23.44, 46.56
2019-02-19, 04:22:31, 23.45, 46.59
2019-02-19, 04:22:33, 23.44, 46.56
2019-02-19, 04:22:34, 23.44, 46.56
2019-02-19, 04:22:35, 23.45, 46.59
2019-02-19, 04:22:37, 23.44, 46.56
2019-02-19, 04:22:38, 23.44, 46.53
2019-02-19, 04:22:40, 23.44, 46.56
2019-02-19, 04:22:41, 23.45, 46.56
2019-02-19, 04:22:42, 23.45, 46.56
2019-02-19, 04:22:44, 23.44, 46.56
2019-02-19, 04:22:45, 23.44, 46.56
2019-02-19, 04:22:46, 23.44, 46.56
2019-02-19, 04:22:48, 23.44, 46.56
2019-02-19, 04:22:49, 23.44, 46.56
2019-02-19, 04:22:50, 23.45, 46.56
2019-02-19, 04:22:52, 23.43, 46.56
2019-02-19, 04:22:53, 23.45, 46.59
2019-02-19, 04:22:54, 23.45, 46.59
2019-02-19, 04:22:56, 23.44, 46.59
2019-02-19, 04:22:57, 23.45, 46.59
2019-02-19, 04:22:58, 23.44, 46.59
2019-02-19, 04:23:00, 23.45, 46.59
2019-02-19, 04:23:01, 23.44, 46.56
2019-02-19, 04:23:03, 23.43, 46.59
2019-02-19, 04:23:04, 23.44, 46.56
2019-02-19, 04:23:05, 23.45, 46.53
2019-02-19, 04:23:07, 23.44, 46.53
2019-02-19, 04:23:08, 23.37, 46.52
2019-02-19, 04:23:09, 23.42, 46.56
2019-02-19, 04:23:11, 23.44, 46.59
2019-02-19, 04:23:12, 23.42, 46.59
2019-02-19, 04:23:13, 23.44, 46.56
2019-02-19, 04:23:15, 23.45, 46.59
2019-02-19, 04:23:16, 23.44, 46.56
2019-02-19, 04:23:17, 23.44, 46.59
2019-02-19, 04:23:19, 23.46, 46.56
2019-02-19, 04:23:20, 23.47, 46.56
2019-02-19, 04:23:21, 23.45, 46.56
2019-02-19, 04:23:23, 23.44, 46.56
2019-02-19, 04:23:24, 23.45, 46.56
2019-02-19, 04:23:26, 23.43, 46.56
2019-02-19, 04:23:27, 23.45, 46.56
2019-02-19, 04:23:28, 23.45, 46.56
2019-02-19, 04:23:30, 23.45, 46.56
2019-02-19, 04:23:31, 23.46, 46.56
2019-02-19, 04:23:32, 23.46, 46.56
2019-02-19, 04:23:34, 23.46, 46.53
2019-02-19, 04:23:35, 23.45, 46.53
2019-02-19, 04:23:36, 23.46, 46.6
2019-02-19, 04:23:38, 23.37, 46.55
2019-02-19, 04:23:39, 23.44, 46.59
2019-02-19, 04:23:40, 23.44, 46.56
2019-02-19, 04:23:42, 23.44, 46.56
2019-02-19, 04:23:43, 23.28, 46.57
2019-02-19, 04:23:45, 23.4, 46.65
2019-02-19, 04:23:46, 23.41, 46.65
2019-02-19, 04:23:47, 23.42, 46.65
2019-02-19, 04:23:49, 23.42, 46.65
2019-02-19, 04:23:50, 23.44, 46.66
2019-02-19, 04:23:51, 23.42, 46.62
2019-02-19, 04:23:53, 23.44, 46.59
2019-02-19, 04:23:54, 23.42, 46.56
2019-02-19, 04:23:55, 23.42, 46.59
2019-02-19, 04:23:57, 23.44, 46.59
2019-02-19, 04:23:58, 23.44, 46.56
2019-02-19, 04:23:59, 23.44, 46.59
2019-02-19, 04:24:01, 23.44, 46.59
2019-02-19, 04:24:02, 23.45, 46.56
2019-02-19, 04:24:03, 23.45, 46.56
2019-02-19, 04:24:05, 23.45, 46.59
2019-02-19, 04:24:06, 23.44, 46.56
2019-02-19, 04:24:08, 23.44, 46.53
2019-02-19, 04:24:09, 23.44, 46.53
2019-02-19, 04:24:10, 23.45, 46.53
2019-02-19, 04:24:12, 23.45, 46.53
2019-02-19, 04:24:13, 23.45, 46.53
2019-02-19, 04:24:14, 23.45, 46.53
2019-02-19, 04:24:16, 23.44, 46.53
2019-02-19, 04:24:17, 23.46, 46.53
2019-02-19, 04:24:18, 23.46, 46.53
2019-02-19, 04:24:20, 23.46, 46.53
2019-02-19, 04:24:21, 23.46, 46.53
2019-02-19, 04:24:22, 23.46, 46.53
2019-02-19, 04:24:24, 23.46, 46.53
2019-02-19, 04:24:25, 23.46, 46.53
2019-02-19, 04:24:26, 23.46, 46.53
2019-02-19, 04:24:28, 23.46, 46.56
2019-02-19, 04:24:29, 23.45, 46.53
2019-02-19, 04:24:31, 23.46, 46.53
2019-02-19, 04:24:32, 23.47, 46.53
2019-02-19, 04:24:33, 23.46, 46.5
2019-02-19, 04:24:35, 23.46, 46.5
2019-02-19, 04:24:36, 23.44, 46.53
2019-02-19, 04:24:37, 23.31, 46.55
2019-02-19, 04:24:39, 23.41, 46.59
2019-02-19, 04:24:40, 23.44, 46.59
2019-02-19, 04:24:42, 23.44, 46.59
2019-02-19, 04:24:43, 23.45, 46.59
2019-02-19, 04:24:44, 23.45, 46.59
2019-02-19, 04:24:46, 23.45, 46.56
2019-02-19, 04:24:47, 23.45, 46.56
2019-02-19, 04:24:48, 23.45, 46.56
2019-02-19, 04:24:50, 23.47, 46.56
2019-02-19, 04:24:51, 23.46, 46.56
2019-02-19, 04:24:52, 23.46, 46.53
2019-02-19, 04:24:54, 23.45, 46.53
2019-02-19, 04:24:55, 23.46, 46.5
2019-02-19, 04:24:56, 23.46, 46.53
2019-02-19, 04:24:58, 23.46, 46.53
2019-02-19, 04:24:59, 23.47, 46.5
2019-02-19, 04:25:00, 23.47, 46.5
2019-02-19, 04:25:02, 23.47, 46.5
2019-02-19, 04:25:03, 23.47, 46.5
2019-02-19, 04:25:05, 23.46, 46.5
2019-02-19, 04:25:06, 23.46, 46.5
2019-02-19, 04:25:07, 23.32, 46.51
2019-02-19, 04:25:09, 23.41, 46.56
2019-02-19, 04:25:10, 23.43, 46.56
2019-02-19, 04:25:11, 23.41, 46.56
2019-02-19, 04:25:13, 23.44, 46.56
2019-02-19, 04:25:14, 23.46, 46.53
2019-02-19, 04:25:15, 23.46, 46.53
2019-02-19, 04:25:17, 23.47, 46.53
2019-02-19, 04:25:18, 23.47, 46.53
2019-02-19, 04:25:19, 23.46, 46.53
2019-02-19, 04:25:21, 23.46, 46.53
2019-02-19, 04:25:22, 23.46, 46.53
2019-02-19, 04:25:23, 23.46, 46.5
2019-02-19, 04:25:25, 23.47, 46.5
2019-02-19, 04:25:26, 23.48, 46.5
2019-02-19, 04:25:28, 23.48, 46.5
2019-02-19, 04:25:29, 23.48, 46.5
2019-02-19, 04:25:30, 23.48, 46.5
2019-02-19, 04:25:32, 23.48, 46.5
2019-02-19, 04:25:33, 23.48, 46.5
2019-02-19, 04:25:34, 23.48, 46.47
2019-02-19, 04:25:36, 23.48, 46.47
2019-02-19, 04:25:37, 23.3, 46.51
2019-02-19, 04:25:38, 23.42, 46.56
2019-02-19, 04:25:40, 23.44, 46.59
2019-02-19, 04:25:41, 23.46, 46.56
2019-02-19, 04:25:42, 23.45, 46.56
2019-02-19, 04:25:44, 23.46, 46.53
2019-02-19, 04:25:45, 23.47, 46.56
2019-02-19, 04:25:47, 23.46, 46.53
2019-02-19, 04:25:48, 23.47, 46.53
2019-02-19, 04:25:49, 23.44, 46.53
2019-02-19, 04:25:51, 23.47, 46.53
2019-02-19, 04:25:52, 23.48, 46.5
2019-02-19, 04:25:53, 23.48, 46.53
2019-02-19, 04:25:55, 23.46, 46.5
2019-02-19, 04:25:56, 23.47, 46.47
2019-02-19, 04:25:57, 23.46, 46.47
2019-02-19, 04:25:59, 23.48, 46.47
2019-02-19, 04:26:00, 23.47, 46.47
2019-02-19, 04:26:01, 23.48, 46.47
2019-02-19, 04:26:03, 23.48, 46.47
2019-02-19, 04:26:04, 23.47, 46.47
2019-02-19, 04:26:05, 23.48, 46.47
2019-02-19, 04:26:07, 23.46, 46.47
2019-02-19, 04:26:08, 23.48, 46.47
2019-02-19, 04:26:10, 23.47, 46.47
2019-02-19, 04:26:11, 23.46, 46.47
2019-02-19, 04:26:12, 23.49, 46.47
2019-02-19, 04:26:14, 23.48, 46.47
2019-02-19, 04:26:15, 23.48, 46.47
2019-02-19, 04:26:16, 23.48, 46.47
2019-02-19, 04:26:18, 23.48, 46.47
2019-02-19, 04:26:19, 23.48, 46.44
2019-02-19, 04:26:20, 23.48, 46.47
2019-02-19, 04:26:22, 23.48, 46.47
2019-02-19, 04:26:23, 23.48, 46.47
2019-02-19, 04:26:24, 23.48, 46.47
2019-02-19, 04:26:26, 23.48, 46.47
2019-02-19, 04:26:27, 23.48, 46.47
2019-02-19, 04:26:29, 23.47, 46.47
2019-02-19, 04:26:30, 23.46, 46.44
2019-02-19, 04:26:31, 23.49, 46.44
2019-02-19, 04:26:33, 23.48, 46.44
2019-02-19, 04:26:34, 23.48, 46.44
2019-02-19, 04:26:35, 23.48, 46.41
2019-02-19, 04:26:37, 23.49, 46.44
2019-02-19, 04:26:38, 23.48, 46.44
2019-02-19, 04:26:39, 23.48, 46.44
2019-02-19, 04:26:41, 23.35, 46.45
2019-02-19, 04:26:42, 23.45, 46.47
2019-02-19, 04:26:43, 23.46, 46.47
2019-02-19, 04:26:45, 23.46, 46.47
2019-02-19, 04:26:46, 23.47, 46.47
2019-02-19, 04:26:47, 23.47, 46.47
2019-02-19, 04:26:49, 23.46, 46.47
2019-02-19, 04:26:50, 23.47, 46.47
2019-02-19, 04:26:52, 23.48, 46.47
2019-02-19, 04:26:53, 23.47, 46.47
2019-02-19, 04:26:54, 23.48, 46.47
2019-02-19, 04:26:56, 23.49, 46.44
2019-02-19, 04:26:57, 23.49, 46.47
2019-02-19, 04:26:58, 23.47, 46.47
2019-02-19, 04:27:00, 23.48, 46.47
2019-02-19, 04:27:01, 23.48, 46.47
2019-02-19, 04:27:02, 23.47, 46.47
2019-02-19, 04:27:04, 23.48, 46.47
2019-02-19, 04:27:05, 23.48, 46.44
2019-02-19, 04:27:06, 23.49, 46.44
2019-02-19, 04:27:08, 23.47, 46.44
2019-02-19, 04:27:09, 23.48, 46.44
2019-02-19, 04:27:10, 23.49, 46.44
2019-02-19, 04:27:12, 23.48, 46.47
2019-02-19, 04:27:13, 23.48, 46.47
2019-02-19, 04:27:15, 23.48, 46.44
2019-02-19, 04:27:16, 23.49, 46.47
2019-02-19, 04:27:17, 23.49, 46.44
2019-02-19, 04:27:19, 23.49, 46.44
2019-02-19, 04:27:20, 23.5, 46.44
2019-02-19, 04:27:21, 23.5, 46.44
2019-02-19, 04:27:23, 23.5, 46.44
2019-02-19, 04:27:24, 23.48, 46.41
2019-02-19, 04:27:25, 23.48, 46.44
2019-02-19, 04:27:27, 23.48, 46.41
2019-02-19, 04:27:28, 23.48, 46.41
2019-02-19, 04:27:29, 23.47, 46.4
2019-02-19, 04:27:31, 23.46, 46.4
2019-02-19, 04:27:32, 23.48, 46.41
2019-02-19, 04:27:33, 23.46, 46.4
2019-02-19, 04:27:35, 23.44, 46.4
2019-02-19, 04:27:36, 23.46, 46.44
2019-02-19, 04:27:38, 23.47, 46.44
2019-02-19, 04:27:39, 23.47, 46.44
2019-02-19, 04:27:40, 23.48, 46.47
2019-02-19, 04:27:42, 23.47, 46.44
2019-02-19, 04:27:43, 23.48, 46.47
2019-02-19, 04:27:44, 23.47, 46.44
2019-02-19, 04:27:46, 23.48, 46.44
2019-02-19, 04:27:47, 23.48, 46.44
2019-02-19, 04:27:48, 23.48, 46.44
2019-02-19, 04:27:50, 23.48, 46.41
2019-02-19, 04:27:51, 23.48, 46.44
2019-02-19, 04:27:52, 23.48, 46.41
2019-02-19, 04:27:54, 23.49, 46.41
2019-02-19, 04:27:55, 23.48, 46.41
2019-02-19, 04:27:56, 23.48, 46.41
2019-02-19, 04:27:58, 23.48, 46.41
2019-02-19, 04:27:59, 23.48, 46.41
2019-02-19, 04:28:01, 23.48, 46.44
2019-02-19, 04:28:02, 23.47, 46.4
2019-02-19, 04:28:03, 23.48, 46.44
2019-02-19, 04:28:05, 23.48, 46.44
2019-02-19, 04:28:06, 23.47, 46.47
2019-02-19, 04:28:07, 23.48, 46.44
2019-02-19, 04:28:09, 23.48, 46.44
2019-02-19, 04:28:10, 23.48, 46.44
2019-02-19, 04:28:11, 23.48, 46.41
2019-02-19, 04:28:13, 23.48, 46.44
2019-02-19, 04:28:14, 23.48, 46.41
2019-02-19, 04:28:15, 23.48, 46.41
2019-02-19, 04:28:17, 23.46, 46.4
2019-02-19, 04:28:18, 23.48, 46.41
2019-02-19, 04:28:19, 23.47, 46.4
2019-02-19, 04:28:21, 23.47, 46.4
2019-02-19, 04:28:22, 23.47, 46.4
2019-02-19, 04:28:24, 23.47, 46.4
2019-02-19, 04:28:25, 23.46, 46.4
2019-02-19, 04:28:26, 23.46, 46.4
2019-02-19, 04:28:28, 23.45, 46.4
2019-02-19, 04:28:29, 23.46, 46.4
2019-02-19, 04:28:30, 23.47, 46.4
2019-02-19, 04:28:32, 23.48, 46.44
2019-02-19, 04:28:33, 23.47, 46.44
2019-02-19, 04:28:34, 23.47, 46.44
2019-02-19, 04:28:36, 23.47, 46.4
2019-02-19, 04:28:37, 23.47, 46.44
2019-02-19, 04:28:38, 23.47, 46.44
2019-02-19, 04:28:40, 23.46, 46.44
2019-02-19, 04:28:41, 23.46, 46.4
2019-02-19, 04:28:43, 23.47, 46.44
2019-02-19, 04:28:44, 23.47, 46.44
2019-02-19, 04:28:45, 23.46, 46.44
2019-02-19, 04:28:47, 23.46, 46.47
2019-02-19, 04:28:48, 23.48, 46.44
2019-02-19, 04:28:49, 23.48, 46.47
2019-02-19, 04:28:51, 23.47, 46.47
2019-02-19, 04:28:52, 23.47, 46.47
2019-02-19, 04:28:53, 23.47, 46.47
2019-02-19, 04:28:55, 23.46, 46.44
2019-02-19, 04:28:56, 23.47, 46.44
2019-02-19, 04:28:57, 23.48, 46.44
2019-02-19, 04:28:59, 23.47, 46.4
2019-02-19, 04:29:00, 23.48, 46.41
2019-02-19, 04:29:01, 23.48, 46.44
2019-02-19, 04:29:03, 23.47, 46.44
2019-02-19, 04:29:04, 23.37, 46.46
2019-02-19, 04:29:06, 23.44, 46.46
2019-02-19, 04:29:07, 23.46, 46.5
2019-02-19, 04:29:08, 23.47, 46.47
2019-02-19, 04:29:10, 23.46, 46.47
2019-02-19, 04:29:11, 23.46, 46.47
2019-02-19, 04:29:12, 23.47, 46.47
2019-02-19, 04:29:14, 23.46, 46.44
2019-02-19, 04:29:15, 23.47, 46.44
2019-02-19, 04:29:16, 23.47, 46.4
2019-02-19, 04:29:18, 23.47, 46.4
2019-02-19, 04:29:19, 23.47, 46.4
2019-02-19, 04:29:21, 23.47, 46.44
2019-02-19, 04:29:22, 23.46, 46.4
2019-02-19, 04:29:23, 23.46, 46.44
2019-02-19, 04:29:25, 23.47, 46.4
2019-02-19, 04:29:26, 23.47, 46.4
2019-02-19, 04:29:27, 23.47, 46.4
2019-02-19, 04:29:29, 23.46, 46.4
2019-02-19, 04:29:30, 23.46, 46.4
2019-02-19, 04:29:31, 23.46, 46.4
2019-02-19, 04:29:33, 23.46, 46.4
2019-02-19, 04:29:34, 23.32, 46.42
2019-02-19, 04:29:35, 23.4, 46.49
2019-02-19, 04:29:37, 23.42, 46.46
2019-02-19, 04:29:38, 23.44, 46.5
2019-02-19, 04:29:40, 23.44, 46.46
2019-02-19, 04:29:41, 23.44, 46.46
2019-02-19, 04:29:42, 23.46, 46.47
2019-02-19, 04:29:44, 23.46, 46.44
2019-02-19, 04:29:45, 23.46, 46.4
2019-02-19, 04:29:46, 23.46, 46.4
2019-02-19, 04:29:48, 23.46, 46.4
2019-02-19, 04:29:49, 23.45, 46.4
2019-02-19, 04:29:50, 23.44, 46.4
2019-02-19, 04:29:52, 23.46, 46.4
2019-02-19, 04:29:53, 23.46, 46.44
2019-02-19, 04:29:54, 23.46, 46.44
2019-02-19, 04:29:56, 23.46, 46.4
2019-02-19, 04:29:57, 23.45, 46.4
2019-02-19, 04:29:59, 23.46, 46.4
2019-02-19, 04:30:00, 23.46, 46.4
2019-02-19, 04:30:01, 23.45, 46.4
2019-02-19, 04:30:03, 23.46, 46.4
2019-02-19, 04:30:04, 23.46, 46.4
2019-02-19, 04:30:05, 23.44, 46.4
2019-02-19, 04:30:07, 23.46, 46.44
2019-02-19, 04:30:08, 23.44, 46.43
2019-02-19, 04:30:09, 23.45, 46.43
2019-02-19, 04:30:11, 23.46, 46.4
2019-02-19, 04:30:12, 23.45, 46.43
2019-02-19, 04:30:13, 23.45, 46.43
2019-02-19, 04:30:15, 23.45, 46.43
2019-02-19, 04:30:16, 23.45, 46.4
2019-02-19, 04:30:17, 23.44, 46.4
2019-02-19, 04:30:19, 23.44, 46.4
2019-02-19, 04:30:20, 23.44, 46.4
2019-02-19, 04:30:22, 23.44, 46.4
2019-02-19, 04:30:23, 23.43, 46.43
2019-02-19, 04:30:24, 23.46, 46.44
2019-02-19, 04:30:26, 23.44, 46.43
2019-02-19, 04:30:27, 23.45, 46.43
2019-02-19, 04:30:28, 23.44, 46.43
2019-02-19, 04:30:30, 23.44, 46.43
2019-02-19, 04:30:31, 23.43, 46.43
2019-02-19, 04:30:32, 23.44, 46.43
2019-02-19, 04:30:34, 23.44, 46.43
2019-02-19, 04:30:35, 23.45, 46.43
2019-02-19, 04:30:36, 23.45, 46.43
2019-02-19, 04:30:38, 23.44, 46.43
2019-02-19, 04:30:39, 23.44, 46.43
2019-02-19, 04:30:41, 23.44, 46.4
2019-02-19, 04:30:42, 23.44, 46.4
2019-02-19, 04:30:43, 23.45, 46.4
2019-02-19, 04:30:45, 23.44, 46.43
2019-02-19, 04:30:46, 23.44, 46.4
2019-02-19, 04:30:47, 23.44, 46.43
2019-02-19, 04:30:49, 23.44, 46.4
2019-02-19, 04:30:50, 23.46, 46.4
2019-02-19, 04:30:51, 23.46, 46.4
2019-02-19, 04:30:53, 23.46, 46.44
2019-02-19, 04:30:54, 23.46, 46.4
2019-02-19, 04:30:55, 23.46, 46.4
2019-02-19, 04:30:57, 23.46, 46.4
2019-02-19, 04:30:58, 23.46, 46.4
2019-02-19, 04:30:59, 23.44, 46.4
2019-02-19, 04:31:01, 23.43, 46.43
2019-02-19, 04:31:03, 23.38, 46.43
2019-02-19, 04:31:04, 23.42, 46.43
2019-02-19, 04:31:05, 23.44, 46.46
2019-02-19, 04:31:07, 23.43, 46.46
2019-02-19, 04:31:08, 23.43, 46.43
2019-02-19, 04:31:09, 23.44, 46.46
2019-02-19, 04:31:11, 23.44, 46.46
2019-02-19, 04:31:12, 23.44, 46.43
2019-02-19, 04:31:13, 23.43, 46.43
2019-02-19, 04:31:15, 23.46, 46.44
2019-02-19, 04:31:16, 23.45, 46.47
2019-02-19, 04:31:17, 23.44, 46.46
2019-02-19, 04:31:19, 23.45, 46.43
2019-02-19, 04:31:20, 23.44, 46.43
2019-02-19, 04:31:22, 23.44, 46.43
2019-02-19, 04:31:23, 23.45, 46.47
2019-02-19, 04:31:24, 23.43, 46.43
2019-02-19, 04:31:26, 23.44, 46.43
2019-02-19, 04:31:27, 23.45, 46.43
2019-02-19, 04:31:28, 23.44, 46.43
2019-02-19, 04:31:30, 23.44, 46.43
2019-02-19, 04:31:31, 23.46, 46.44
2019-02-19, 04:31:32, 23.45, 46.47
2019-02-19, 04:31:34, 23.45, 46.43
2019-02-19, 04:31:35, 23.44, 46.43
2019-02-19, 04:31:36, 23.44, 46.46
2019-02-19, 04:31:38, 23.44, 46.46
2019-02-19, 04:31:39, 23.44, 46.46
2019-02-19, 04:31:41, 23.44, 46.43
2019-02-19, 04:31:42, 23.44, 46.43
2019-02-19, 04:31:43, 23.44, 46.43
2019-02-19, 04:31:45, 23.43, 46.46
2019-02-19, 04:31:46, 23.44, 46.46
2019-02-19, 04:31:47, 23.44, 46.43
2019-02-19, 04:31:49, 23.44, 46.43
2019-02-19, 04:31:50, 23.43, 46.43
2019-02-19, 04:31:51, 23.45, 46.47
2019-02-19, 04:31:53, 23.46, 46.47
2019-02-19, 04:31:54, 23.45, 46.47
2019-02-19, 04:31:55, 23.45, 46.47
2019-02-19, 04:31:57, 23.45, 46.47
2019-02-19, 04:31:58, 23.46, 46.47
2019-02-19, 04:31:59, 23.46, 46.44
2019-02-19, 04:32:01, 23.44, 46.43
2019-02-19, 04:32:02, 23.46, 46.47
2019-02-19, 04:32:04, 23.44, 46.43
2019-02-19, 04:32:05, 23.45, 46.43
2019-02-19, 04:32:06, 23.45, 46.43
2019-02-19, 04:32:08, 23.45, 46.43
2019-02-19, 04:32:09, 23.46, 46.44
2019-02-19, 04:32:10, 23.44, 46.43
2019-02-19, 04:32:12, 23.42, 46.43
2019-02-19, 04:32:13, 23.46, 46.4
2019-02-19, 04:32:14, 23.44, 46.43
2019-02-19, 04:32:16, 23.44, 46.43
2019-02-19, 04:32:17, 23.44, 46.4
2019-02-19, 04:32:18, 23.43, 46.43
2019-02-19, 04:32:20, 23.44, 46.43
2019-02-19, 04:32:21, 23.43, 46.43
2019-02-19, 04:32:23, 23.43, 46.43
2019-02-19, 04:32:24, 23.43, 46.43
2019-02-19, 04:32:25, 23.44, 46.43
2019-02-19, 04:32:27, 23.44, 46.43
2019-02-19, 04:32:28, 23.44, 46.43
2019-02-19, 04:32:29, 23.44, 46.46
2019-02-19, 04:32:31, 23.43, 46.46
2019-02-19, 04:32:32, 23.32, 46.45
2019-02-19, 04:32:33, 23.4, 46.49
2019-02-19, 04:32:35, 23.4, 46.49
2019-02-19, 04:32:36, 23.41, 46.49
2019-02-19, 04:32:37, 23.4, 46.46
2019-02-19, 04:32:39, 23.41, 46.46
2019-02-19, 04:32:40, 23.41, 46.46
2019-02-19, 04:32:41, 23.42, 46.46
2019-02-19, 04:32:43, 23.42, 46.46
2019-02-19, 04:32:44, 23.42, 46.46
2019-02-19, 04:32:46, 23.42, 46.46
2019-02-19, 04:32:47, 23.42, 46.46
2019-02-19, 04:32:48, 23.42, 46.46
2019-02-19, 04:32:50, 23.4, 46.46
2019-02-19, 04:32:51, 23.42, 46.46
2019-02-19, 04:32:52, 23.42, 46.46
2019-02-19, 04:32:54, 23.42, 46.46
2019-02-19, 04:32:55, 23.41, 46.46
2019-02-19, 04:32:56, 23.42, 46.46
2019-02-19, 04:32:58, 23.42, 46.46
2019-02-19, 04:32:59, 23.43, 46.46
2019-02-19, 04:33:01, 23.42, 46.46
2019-02-19, 04:33:02, 23.28, 46.45
2019-02-19, 04:33:03, 23.38, 46.52
2019-02-19, 04:33:05, 23.39, 46.52
2019-02-19, 04:33:06, 23.39, 46.52
2019-02-19, 04:33:07, 23.4, 46.52
2019-02-19, 04:33:09, 23.41, 46.53
2019-02-19, 04:33:10, 23.41, 46.53
2019-02-19, 04:33:11, 23.4, 46.52
2019-02-19, 04:33:13, 23.42, 46.53
2019-02-19, 04:33:14, 23.42, 46.49
2019-02-19, 04:33:15, 23.42, 46.49
2019-02-19, 04:33:17, 23.42, 46.49
2019-02-19, 04:33:18, 23.42, 46.49
2019-02-19, 04:33:20, 23.41, 46.53
2019-02-19, 04:33:21, 23.42, 46.49
2019-02-19, 04:33:22, 23.41, 46.49
2019-02-19, 04:33:24, 23.43, 46.5
2019-02-19, 04:33:25, 23.42, 46.46
2019-02-19, 04:33:26, 23.42, 46.46
2019-02-19, 04:33:28, 23.42, 46.49
2019-02-19, 04:33:29, 23.4, 46.46
2019-02-19, 04:33:30, 23.4, 46.49
2019-02-19, 04:33:32, 23.41, 46.49
2019-02-19, 04:33:33, 23.42, 46.49
2019-02-19, 04:33:34, 23.4, 46.46
2019-02-19, 04:33:36, 23.41, 46.49
2019-02-19, 04:33:37, 23.41, 46.46
2019-02-19, 04:33:39, 23.41, 46.49
2019-02-19, 04:33:40, 23.4, 46.52
2019-02-19, 04:33:41, 23.41, 46.46
2019-02-19, 04:33:43, 23.41, 46.46
2019-02-19, 04:33:44, 23.4, 46.46
2019-02-19, 04:33:45, 23.4, 46.46
2019-02-19, 04:33:47, 23.4, 46.46
2019-02-19, 04:33:48, 23.4, 46.49
2019-02-19, 04:33:49, 23.4, 46.46
2019-02-19, 04:33:51, 23.38, 46.46
2019-02-19, 04:33:52, 23.39, 46.46
2019-02-19, 04:33:53, 23.39, 46.49
2019-02-19, 04:33:55, 23.41, 46.49
2019-02-19, 04:33:56, 23.4, 46.52
2019-02-19, 04:33:58, 23.4, 46.49
2019-02-19, 04:33:59, 23.41, 46.46
2019-02-19, 04:34:00, 23.4, 46.46
2019-02-19, 04:34:02, 23.4, 46.52
2019-02-19, 04:34:03, 23.39, 46.52
2019-02-19, 04:34:04, 23.39, 46.49
2019-02-19, 04:34:06, 23.39, 46.49
2019-02-19, 04:34:07, 23.41, 46.53
2019-02-19, 04:34:08, 23.4, 46.49
2019-02-19, 04:34:10, 23.4, 46.52
2019-02-19, 04:34:11, 23.4, 46.49
2019-02-19, 04:34:12, 23.4, 46.49
2019-02-19, 04:34:14, 23.4, 46.52
2019-02-19, 04:34:15, 23.4, 46.52
2019-02-19, 04:34:16, 23.39, 46.52
2019-02-19, 04:34:18, 23.41, 46.49
2019-02-19, 04:34:19, 23.42, 46.49
2019-02-19, 04:34:21, 23.41, 46.49
2019-02-19, 04:34:22, 23.4, 46.46
2019-02-19, 04:34:23, 23.4, 46.49
2019-02-19, 04:34:25, 23.41, 46.49
2019-02-19, 04:34:26, 23.41, 46.49
2019-02-19, 04:34:27, 23.4, 46.49
2019-02-19, 04:34:29, 23.42, 46.49
2019-02-19, 04:34:30, 23.42, 46.49
2019-02-19, 04:34:31, 23.43, 46.46
2019-02-19, 04:34:33, 23.42, 46.49
2019-02-19, 04:34:34, 23.4, 46.46
2019-02-19, 04:34:35, 23.4, 46.46
2019-02-19, 04:34:37, 23.4, 46.49
2019-02-19, 04:34:38, 23.4, 46.46
2019-02-19, 04:34:40, 23.41, 46.46
2019-02-19, 04:34:41, 23.4, 46.46
2019-02-19, 04:34:42, 23.41, 46.49
2019-02-19, 04:34:44, 23.41, 46.49
2019-02-19, 04:34:45, 23.4, 46.49
2019-02-19, 04:34:46, 23.41, 46.49
2019-02-19, 04:34:48, 23.41, 46.49
2019-02-19, 04:34:49, 23.4, 46.49
2019-02-19, 04:34:50, 23.41, 46.49
2019-02-19, 04:34:52, 23.42, 46.46
2019-02-19, 04:34:53, 23.41, 46.49
2019-02-19, 04:34:55, 23.4, 46.49
2019-02-19, 04:34:56, 23.42, 46.46
2019-02-19, 04:34:57, 23.4, 46.46
2019-02-19, 04:34:59, 23.41, 46.49
2019-02-19, 04:35:00, 23.35, 46.49
2019-02-19, 04:35:01, 23.38, 46.46
2019-02-19, 04:35:03, 23.39, 46.46
2019-02-19, 04:35:04, 23.4, 46.49
2019-02-19, 04:35:05, 23.4, 46.49
2019-02-19, 04:35:07, 23.4, 46.49
2019-02-19, 04:35:08, 23.4, 46.49
2019-02-19, 04:35:09, 23.38, 46.49
2019-02-19, 04:35:11, 23.39, 46.49
2019-02-19, 04:35:12, 23.4, 46.46
2019-02-19, 04:35:13, 23.4, 46.49
2019-02-19, 04:35:15, 23.4, 46.49
2019-02-19, 04:35:16, 23.39, 46.49
2019-02-19, 04:35:18, 23.4, 46.46
2019-02-19, 04:35:19, 23.4, 46.49
2019-02-19, 04:35:20, 23.41, 46.46
2019-02-19, 04:35:22, 23.4, 46.49
2019-02-19, 04:35:23, 23.41, 46.49
2019-02-19, 04:35:24, 23.4, 46.46
2019-02-19, 04:35:26, 23.41, 46.49
2019-02-19, 04:35:27, 23.4, 46.46
2019-02-19, 04:35:28, 23.4, 46.46
2019-02-19, 04:35:30, 23.4, 46.49
2019-02-19, 04:35:31, 23.4, 46.46
2019-02-19, 04:35:32, 23.39, 46.49
2019-02-19, 04:35:34, 23.41, 46.49
2019-02-19, 04:35:35, 23.39, 46.49
2019-02-19, 04:35:37, 23.39, 46.49
2019-02-19, 04:35:38, 23.41, 46.49
2019-02-19, 04:35:39, 23.4, 46.49
2019-02-19, 04:35:41, 23.4, 46.49
2019-02-19, 04:35:42, 23.4, 46.49
2019-02-19, 04:35:43, 23.39, 46.46
2019-02-19, 04:35:45, 23.4, 46.46
2019-02-19, 04:35:46, 23.4, 46.49
2019-02-19, 04:35:47, 23.4, 46.49
2019-02-19, 04:35:49, 23.4, 46.49
2019-02-19, 04:35:50, 23.4, 46.49
2019-02-19, 04:35:51, 23.39, 46.49
2019-02-19, 04:35:53, 23.39, 46.52
2019-02-19, 04:35:54, 23.39, 46.46
2019-02-19, 04:35:56, 23.4, 46.49
2019-02-19, 04:35:57, 23.39, 46.52
2019-02-19, 04:35:58, 23.39, 46.49
2019-02-19, 04:36:00, 23.28, 46.48
2019-02-19, 04:36:01, 23.36, 46.55
2019-02-19, 04:36:02, 23.37, 46.55
2019-02-19, 04:36:04, 23.38, 46.52
2019-02-19, 04:36:05, 23.37, 46.55
2019-02-19, 04:36:06, 23.39, 46.55
2019-02-19, 04:36:08, 23.4, 46.52
2019-02-19, 04:36:09, 23.39, 46.52
2019-02-19, 04:36:10, 23.38, 46.49
2019-02-19, 04:36:12, 23.38, 46.52
2019-02-19, 04:36:13, 23.37, 46.52
2019-02-19, 04:36:15, 23.38, 46.52
2019-02-19, 04:36:16, 23.38, 46.52
2019-02-19, 04:36:17, 23.38, 46.52
2019-02-19, 04:36:19, 23.39, 46.52
2019-02-19, 04:36:20, 23.36, 46.52
2019-02-19, 04:36:21, 23.37, 46.52
2019-02-19, 04:36:23, 23.39, 46.52
2019-02-19, 04:36:24, 23.38, 46.52
2019-02-19, 04:36:25, 23.38, 46.52
2019-02-19, 04:36:27, 23.38, 46.52
2019-02-19, 04:36:28, 23.38, 46.52
2019-02-19, 04:36:29, 23.24, 46.5
2019-02-19, 04:36:31, 23.35, 46.58
2019-02-19, 04:36:32, 23.37, 46.58
2019-02-19, 04:36:34, 23.37, 46.58
2019-02-19, 04:36:35, 23.37, 46.58
2019-02-19, 04:36:36, 23.37, 46.58
2019-02-19, 04:36:38, 23.38, 46.55
2019-02-19, 04:36:39, 23.38, 46.55
2019-02-19, 04:36:40, 23.38, 46.52
2019-02-19, 04:36:42, 23.38, 46.55
2019-02-19, 04:36:43, 23.37, 46.55
2019-02-19, 04:36:44, 23.37, 46.52
2019-02-19, 04:36:46, 23.37, 46.52
2019-02-19, 04:36:47, 23.38, 46.52
2019-02-19, 04:36:48, 23.38, 46.52
2019-02-19, 04:36:50, 23.38, 46.52
2019-02-19, 04:36:51, 23.37, 46.52
2019-02-19, 04:36:53, 23.38, 46.52
2019-02-19, 04:36:54, 23.39, 46.52
2019-02-19, 04:36:55, 23.38, 46.52
2019-02-19, 04:36:57, 23.38, 46.52
2019-02-19, 04:36:58, 23.39, 46.52
2019-02-19, 04:36:59, 23.39, 46.52
2019-02-19, 04:37:01, 23.4, 46.52
2019-02-19, 04:37:02, 23.39, 46.52
2019-02-19, 04:37:03, 23.4, 46.52
2019-02-19, 04:37:05, 23.4, 46.52
2019-02-19, 04:37:06, 23.39, 46.52
2019-02-19, 04:37:07, 23.39, 46.46
2019-02-19, 04:37:09, 23.4, 46.46
2019-02-19, 04:37:10, 23.4, 46.49
2019-02-19, 04:37:11, 23.39, 46.49
2019-02-19, 04:37:13, 23.38, 46.46
2019-02-19, 04:37:14, 23.39, 46.46
2019-02-19, 04:37:16, 23.39, 46.49
2019-02-19, 04:37:17, 23.38, 46.46
2019-02-19, 04:37:18, 23.39, 46.49
2019-02-19, 04:37:20, 23.39, 46.49
2019-02-19, 04:37:21, 23.38, 46.52
2019-02-19, 04:37:22, 23.38, 46.49
2019-02-19, 04:37:24, 23.38, 46.49
2019-02-19, 04:37:25, 23.38, 46.49
2019-02-19, 04:37:26, 23.38, 46.52
2019-02-19, 04:37:28, 23.38, 46.49
2019-02-19, 04:37:29, 23.22, 46.5
2019-02-19, 04:37:30, 23.33, 46.58
2019-02-19, 04:37:32, 23.34, 46.58
2019-02-19, 04:37:33, 23.36, 46.58
2019-02-19, 04:37:34, 23.37, 46.58
2019-02-19, 04:37:36, 23.37, 46.58
2019-02-19, 04:37:37, 23.37, 46.55
2019-02-19, 04:37:39, 23.37, 46.55
2019-02-19, 04:37:40, 23.38, 46.52
2019-02-19, 04:37:41, 23.38, 46.52
2019-02-19, 04:37:43, 23.38, 46.52
2019-02-19, 04:37:44, 23.37, 46.52
2019-02-19, 04:37:45, 23.38, 46.52
2019-02-19, 04:37:47, 23.37, 46.52
2019-02-19, 04:37:48, 23.39, 46.52
2019-02-19, 04:37:49, 23.37, 46.49
2019-02-19, 04:37:51, 23.39, 46.49
2019-02-19, 04:37:52, 23.38, 46.49
2019-02-19, 04:37:53, 23.38, 46.49
2019-02-19, 04:37:55, 23.4, 46.46
2019-02-19, 04:37:56, 23.39, 46.49
2019-02-19, 04:37:57, 23.38, 46.49
2019-02-19, 04:37:59, 23.39, 46.49
2019-02-19, 04:38:00, 23.38, 46.49
2019-02-19, 04:38:02, 23.38, 46.49
2019-02-19, 04:38:03, 23.37, 46.49
2019-02-19, 04:38:04, 23.38, 46.49
2019-02-19, 04:38:06, 23.38, 46.49
2019-02-19, 04:38:07, 23.38, 46.52
2019-02-19, 04:38:08, 23.38, 46.52
2019-02-19, 04:38:10, 23.38, 46.52
2019-02-19, 04:38:11, 23.37, 46.52
2019-02-19, 04:38:12, 23.38, 46.52
2019-02-19, 04:38:14, 23.38, 46.49
2019-02-19, 04:38:15, 23.38, 46.52
2019-02-19, 04:38:16, 23.37, 46.52
2019-02-19, 04:38:18, 23.36, 46.49
2019-02-19, 04:38:19, 23.38, 46.52
2019-02-19, 04:38:20, 23.36, 46.49
2019-02-19, 04:38:22, 23.38, 46.46
2019-02-19, 04:38:23, 23.38, 46.49
2019-02-19, 04:38:25, 23.37, 46.52
2019-02-19, 04:38:26, 23.37, 46.52
2019-02-19, 04:38:27, 23.38, 46.49
2019-02-19, 04:38:29, 23.38, 46.52
2019-02-19, 04:38:30, 23.38, 46.52
2019-02-19, 04:38:31, 23.39, 46.52
2019-02-19, 04:38:33, 23.39, 46.52
2019-02-19, 04:38:34, 23.39, 46.52
2019-02-19, 04:38:35, 23.39, 46.52
2019-02-19, 04:38:37, 23.38, 46.52
2019-02-19, 04:38:38, 23.37, 46.49
2019-02-19, 04:38:39, 23.39, 46.49
2019-02-19, 04:38:41, 23.38, 46.49
2019-02-19, 04:38:42, 23.38, 46.49
2019-02-19, 04:38:43, 23.37, 46.49
2019-02-19, 04:38:45, 23.38, 46.52
2019-02-19, 04:38:46, 23.38, 46.52
2019-02-19, 04:38:48, 23.38, 46.52
2019-02-19, 04:38:49, 23.38, 46.49
2019-02-19, 04:38:50, 23.38, 46.49
2019-02-19, 04:38:52, 23.38, 46.49
2019-02-19, 04:38:53, 23.37, 46.49
2019-02-19, 04:38:54, 23.38, 46.49
2019-02-19, 04:38:56, 23.37, 46.52
2019-02-19, 04:38:57, 23.38, 46.49
2019-02-19, 04:38:58, 23.38, 46.52
2019-02-19, 04:39:00, 23.4, 46.49
2019-02-19, 04:39:01, 23.39, 46.52
2019-02-19, 04:39:02, 23.39, 46.52
2019-02-19, 04:39:04, 23.38, 46.49
2019-02-19, 04:39:05, 23.38, 46.49
2019-02-19, 04:39:07, 23.38, 46.49
2019-02-19, 04:39:08, 23.38, 46.46
2019-02-19, 04:39:09, 23.38, 46.49
2019-02-19, 04:39:11, 23.38, 46.52
2019-02-19, 04:39:12, 23.39, 46.52
2019-02-19, 04:39:13, 23.38, 46.52
2019-02-19, 04:39:15, 23.38, 46.49
2019-02-19, 04:39:16, 23.38, 46.49
2019-02-19, 04:39:17, 23.37, 46.49
2019-02-19, 04:39:19, 23.38, 46.49
2019-02-19, 04:39:20, 23.38, 46.46
2019-02-19, 04:39:21, 23.38, 46.49
2019-02-19, 04:39:23, 23.39, 46.49
2019-02-19, 04:39:24, 23.37, 46.49
2019-02-19, 04:39:25, 23.37, 46.49
2019-02-19, 04:39:27, 23.36, 46.49
2019-02-19, 04:39:28, 23.36, 46.49
2019-02-19, 04:39:30, 23.37, 46.49
2019-02-19, 04:39:31, 23.36, 46.49
2019-02-19, 04:39:32, 23.21, 46.5
2019-02-19, 04:39:34, 23.3, 46.54
2019-02-19, 04:39:35, 23.33, 46.58
2019-02-19, 04:39:36, 23.33, 46.55
2019-02-19, 04:39:38, 23.32, 46.55
2019-02-19, 04:39:39, 23.34, 46.55
2019-02-19, 04:39:40, 23.36, 46.55
2019-02-19, 04:39:42, 23.36, 46.55
2019-02-19, 04:39:43, 23.36, 46.52
2019-02-19, 04:39:44, 23.36, 46.52
2019-02-19, 04:39:46, 23.37, 46.52
2019-02-19, 04:39:47, 23.37, 46.52
2019-02-19, 04:39:48, 23.36, 46.52
2019-02-19, 04:39:50, 23.36, 46.52
2019-02-19, 04:39:51, 23.36, 46.55
2019-02-19, 04:39:53, 23.36, 46.52
2019-02-19, 04:39:54, 23.38, 46.55
2019-02-19, 04:39:55, 23.37, 46.52
2019-02-19, 04:39:57, 23.33, 46.48
2019-02-19, 04:39:58, 23.36, 46.52
2019-02-19, 04:39:59, 23.37, 46.52
2019-02-19, 04:40:01, 23.37, 46.49
2019-02-19, 04:40:02, 23.36, 46.49
2019-02-19, 04:40:03, 23.37, 46.49
2019-02-19, 04:40:05, 23.36, 46.52
2019-02-19, 04:40:06, 23.36, 46.52
2019-02-19, 04:40:07, 23.36, 46.52
2019-02-19, 04:40:09, 23.37, 46.52
2019-02-19, 04:40:10, 23.37, 46.52
2019-02-19, 04:40:11, 23.36, 46.49
2019-02-19, 04:40:13, 23.37, 46.49
2019-02-19, 04:40:14, 23.37, 46.52
2019-02-19, 04:40:16, 23.36, 46.49
2019-02-19, 04:40:17, 23.37, 46.49
2019-02-19, 04:40:18, 23.38, 46.49
2019-02-19, 04:40:20, 23.38, 46.49
2019-02-19, 04:40:21, 23.36, 46.46
2019-02-19, 04:40:22, 23.36, 46.46
2019-02-19, 04:40:24, 23.36, 46.46
2019-02-19, 04:40:25, 23.37, 46.46
2019-02-19, 04:40:26, 23.3, 46.45
2019-02-19, 04:40:28, 23.35, 46.52
2019-02-19, 04:40:29, 23.36, 46.49
2019-02-19, 04:40:30, 23.36, 46.49
2019-02-19, 04:40:32, 23.35, 46.49
2019-02-19, 04:40:33, 23.38, 46.49
2019-02-19, 04:40:34, 23.37, 46.52
2019-02-19, 04:40:36, 23.36, 46.46
2019-02-19, 04:40:37, 23.37, 46.49
2019-02-19, 04:40:39, 23.37, 46.46
2019-02-19, 04:40:40, 23.39, 46.46
2019-02-19, 04:40:41, 23.37, 46.46
2019-02-19, 04:40:43, 23.38, 46.46
2019-02-19, 04:40:44, 23.37, 46.46
2019-02-19, 04:40:45, 23.36, 46.46
2019-02-19, 04:40:47, 23.36, 46.46
2019-02-19, 04:40:48, 23.37, 46.46
2019-02-19, 04:40:49, 23.38, 46.46
2019-02-19, 04:40:51, 23.37, 46.46
2019-02-19, 04:40:52, 23.36, 46.46
2019-02-19, 04:40:53, 23.36, 46.46
2019-02-19, 04:40:55, 23.36, 46.46
2019-02-19, 04:40:56, 23.28, 46.45
2019-02-19, 04:40:58, 23.35, 46.49
2019-02-19, 04:40:59, 23.36, 46.49
2019-02-19, 04:41:00, 23.37, 46.52
2019-02-19, 04:41:02, 23.36, 46.49
2019-02-19, 04:41:03, 23.36, 46.52
2019-02-19, 04:41:04, 23.36, 46.49
2019-02-19, 04:41:06, 23.38, 46.46
2019-02-19, 04:41:07, 23.38, 46.49
2019-02-19, 04:41:08, 23.38, 46.46
2019-02-19, 04:41:10, 23.39, 46.46
2019-02-19, 04:41:11, 23.39, 46.49
2019-02-19, 04:41:12, 23.38, 46.46
2019-02-19, 04:41:14, 23.38, 46.46
2019-02-19, 04:41:15, 23.37, 46.46
2019-02-19, 04:41:16, 23.36, 46.46
2019-02-19, 04:41:18, 23.37, 46.49
2019-02-19, 04:41:19, 23.37, 46.49
2019-02-19, 04:41:21, 23.38, 46.49
2019-02-19, 04:41:22, 23.38, 46.49
2019-02-19, 04:41:23, 23.38, 46.49
2019-02-19, 04:41:25, 23.37, 46.49
2019-02-19, 04:41:26, 23.37, 46.49
2019-02-19, 04:41:27, 23.39, 46.46
2019-02-19, 04:41:29, 23.38, 46.46
2019-02-19, 04:41:30, 23.38, 46.46
2019-02-19, 04:41:31, 23.34, 46.45
2019-02-19, 04:41:33, 23.36, 46.46
2019-02-19, 04:41:34, 23.38, 46.46
2019-02-19, 04:41:36, 23.38, 46.46
2019-02-19, 04:41:37, 23.36, 46.46
2019-02-19, 04:41:38, 23.37, 46.46
2019-02-19, 04:41:40, 23.38, 46.46
2019-02-19, 04:41:41, 23.38, 46.46
2019-02-19, 04:41:42, 23.36, 46.46
2019-02-19, 04:41:44, 23.37, 46.46
2019-02-19, 04:41:45, 23.38, 46.46
2019-02-19, 04:41:46, 23.38, 46.46
2019-02-19, 04:41:48, 23.36, 46.46
2019-02-19, 04:41:49, 23.38, 46.46
2019-02-19, 04:41:50, 23.38, 46.49
2019-02-19, 04:41:52, 23.38, 46.49
2019-02-19, 04:41:53, 23.39, 46.46
2019-02-19, 04:41:55, 23.38, 46.46
2019-02-19, 04:41:56, 23.39, 46.46
2019-02-19, 04:41:57, 23.38, 46.46
2019-02-19, 04:41:59, 23.38, 46.46
2019-02-19, 04:42:00, 23.38, 46.46
2019-02-19, 04:42:01, 23.36, 46.46
2019-02-19, 04:42:03, 23.37, 46.46
2019-02-19, 04:42:04, 23.37, 46.46
2019-02-19, 04:42:05, 23.38, 46.46
2019-02-19, 04:42:07, 23.37, 46.46
2019-02-19, 04:42:08, 23.37, 46.46
2019-02-19, 04:42:09, 23.38, 46.46
2019-02-19, 04:42:11, 23.37, 46.42
2019-02-19, 04:42:12, 23.37, 46.46
2019-02-19, 04:42:13, 23.37, 46.46
2019-02-19, 04:42:15, 23.37, 46.42
2019-02-19, 04:42:16, 23.37, 46.42
2019-02-19, 04:42:18, 23.38, 46.43
2019-02-19, 04:42:19, 23.38, 46.43
2019-02-19, 04:42:20, 23.38, 46.46
2019-02-19, 04:42:22, 23.38, 46.46
2019-02-19, 04:42:23, 23.37, 46.42
2019-02-19, 04:42:24, 23.39, 46.46
2019-02-19, 04:42:26, 23.37, 46.42
2019-02-19, 04:42:27, 23.38, 46.43
2019-02-19, 04:42:28, 23.38, 46.46
2019-02-19, 04:42:30, 23.39, 46.43
2019-02-19, 04:42:31, 23.38, 46.46
2019-02-19, 04:42:32, 23.38, 46.46
2019-02-19, 04:42:34, 23.38, 46.43
2019-02-19, 04:42:35, 23.38, 46.46
2019-02-19, 04:42:36, 23.39, 46.43
2019-02-19, 04:42:38, 23.38, 46.43
2019-02-19, 04:42:39, 23.38, 46.43
2019-02-19, 04:42:41, 23.39, 46.46
2019-02-19, 04:42:42, 23.39, 46.43
2019-02-19, 04:42:43, 23.4, 46.46
2019-02-19, 04:42:45, 23.38, 46.46
2019-02-19, 04:42:46, 23.38, 46.43
2019-02-19, 04:42:47, 23.39, 46.43
2019-02-19, 04:42:49, 23.38, 46.43
2019-02-19, 04:42:50, 23.38, 46.39
2019-02-19, 04:42:51, 23.38, 46.43
2019-02-19, 04:42:53, 23.38, 46.39
2019-02-19, 04:42:54, 23.38, 46.43
2019-02-19, 04:42:55, 23.22, 46.44
2019-02-19, 04:42:57, 23.34, 46.52
2019-02-19, 04:42:58, 23.35, 46.52
2019-02-19, 04:42:59, 23.36, 46.52
2019-02-19, 04:43:01, 23.36, 46.52
2019-02-19, 04:43:02, 23.36, 46.49
2019-02-19, 04:43:04, 23.38, 46.49
2019-02-19, 04:43:05, 23.38, 46.46
2019-02-19, 04:43:06, 23.37, 46.46
2019-02-19, 04:43:08, 23.37, 46.46
2019-02-19, 04:43:09, 23.37, 46.46
2019-02-19, 04:43:10, 23.38, 46.46
2019-02-19, 04:43:12, 23.38, 46.43
2019-02-19, 04:43:13, 23.37, 46.42
2019-02-19, 04:43:14, 23.36, 46.42
2019-02-19, 04:43:16, 23.36, 46.42
2019-02-19, 04:43:17, 23.36, 46.39
2019-02-19, 04:43:18, 23.38, 46.39
2019-02-19, 04:43:20, 23.37, 46.39
2019-02-19, 04:43:21, 23.36, 46.39
2019-02-19, 04:43:23, 23.37, 46.42
2019-02-19, 04:43:24, 23.37, 46.39
2019-02-19, 04:43:25, 23.38, 46.39
2019-02-19, 04:43:27, 23.38, 46.39
2019-02-19, 04:43:28, 23.38, 46.39
2019-02-19, 04:43:29, 23.38, 46.39
2019-02-19, 04:43:31, 23.38, 46.39
2019-02-19, 04:43:32, 23.39, 46.39
2019-02-19, 04:43:33, 23.38, 46.43
2019-02-19, 04:43:35, 23.38, 46.43
2019-02-19, 04:43:36, 23.39, 46.39
2019-02-19, 04:43:37, 23.4, 46.43
2019-02-19, 04:43:39, 23.38, 46.43
2019-02-19, 04:43:40, 23.39, 46.43
2019-02-19, 04:43:41, 23.39, 46.43
2019-02-19, 04:43:43, 23.39, 46.39
2019-02-19, 04:43:44, 23.39, 46.43
2019-02-19, 04:43:46, 23.39, 46.39
2019-02-19, 04:43:47, 23.38, 46.39
2019-02-19, 04:43:48, 23.36, 46.39
2019-02-19, 04:43:50, 23.37, 46.39
2019-02-19, 04:43:51, 23.38, 46.39
2019-02-19, 04:43:52, 23.38, 46.39
2019-02-19, 04:43:54, 23.38, 46.39
2019-02-19, 04:43:55, 23.38, 46.39
2019-02-19, 04:43:56, 23.38, 46.39
2019-02-19, 04:43:58, 23.38, 46.39
2019-02-19, 04:43:59, 23.38, 46.39
2019-02-19, 04:44:00, 23.39, 46.39
2019-02-19, 04:44:02, 23.38, 46.39
2019-02-19, 04:44:03, 23.39, 46.39
2019-02-19, 04:44:05, 23.39, 46.39
2019-02-19, 04:44:06, 23.39, 46.36
2019-02-19, 04:44:07, 23.39, 46.39
2019-02-19, 04:44:09, 23.38, 46.36
2019-02-19, 04:44:10, 23.38, 46.39
2019-02-19, 04:44:11, 23.38, 46.39
2019-02-19, 04:44:13, 23.38, 46.39
2019-02-19, 04:44:14, 23.36, 46.39
2019-02-19, 04:44:15, 23.37, 46.39
2019-02-19, 04:44:17, 23.38, 46.36
2019-02-19, 04:44:18, 23.38, 46.36
2019-02-19, 04:44:19, 23.38, 46.39
2019-02-19, 04:44:21, 23.38, 46.39
2019-02-19, 04:44:22, 23.38, 46.39
2019-02-19, 04:44:23, 23.39, 46.39
2019-02-19, 04:44:25, 23.38, 46.39
2019-02-19, 04:44:26, 23.37, 46.39
2019-02-19, 04:44:28, 23.38, 46.39
2019-02-19, 04:44:29, 23.24, 46.38
2019-02-19, 04:44:30, 23.34, 46.45
2019-02-19, 04:44:32, 23.35, 46.45
2019-02-19, 04:44:33, 23.36, 46.49
2019-02-19, 04:44:34, 23.37, 46.46
2019-02-19, 04:44:36, 23.37, 46.46
2019-02-19, 04:44:37, 23.38, 46.49
2019-02-19, 04:44:38, 23.37, 46.46
2019-02-19, 04:44:40, 23.38, 46.46
2019-02-19, 04:44:41, 23.38, 46.43
2019-02-19, 04:44:42, 23.38, 46.43
2019-02-19, 04:44:44, 23.37, 46.39
2019-02-19, 04:44:45, 23.36, 46.42
2019-02-19, 04:44:47, 23.37, 46.42
2019-02-19, 04:44:48, 23.38, 46.43
2019-02-19, 04:44:49, 23.38, 46.46
2019-02-19, 04:44:51, 23.37, 46.39
2019-02-19, 04:44:52, 23.36, 46.42
2019-02-19, 04:44:53, 23.34, 46.39
2019-02-19, 04:44:55, 23.37, 46.39
2019-02-19, 04:44:56, 23.39, 46.43
2019-02-19, 04:44:57, 23.38, 46.43
2019-02-19, 04:44:59, 23.24, 46.41
2019-02-19, 04:45:00, 23.34, 46.45
2019-02-19, 04:45:01, 23.36, 46.46
2019-02-19, 04:45:03, 23.38, 46.46
2019-02-19, 04:45:04, 23.38, 46.46
2019-02-19, 04:45:05, 23.36, 46.46
2019-02-19, 04:45:07, 23.38, 46.43
2019-02-19, 04:45:08, 23.38, 46.43
2019-02-19, 04:45:10, 23.38, 46.39
2019-02-19, 04:45:11, 23.37, 46.39
2019-02-19, 04:45:12, 23.38, 46.39
2019-02-19, 04:45:14, 23.37, 46.39
2019-02-19, 04:45:15, 23.37, 46.39
2019-02-19, 04:45:16, 23.36, 46.39
2019-02-19, 04:45:18, 23.39, 46.39
2019-02-19, 04:45:19, 23.37, 46.36
2019-02-19, 04:45:20, 23.38, 46.36
2019-02-19, 04:45:22, 23.38, 46.39
2019-02-19, 04:45:23, 23.31, 46.38
2019-02-19, 04:45:24, 23.36, 46.39
2019-02-19, 04:45:26, 23.38, 46.39
2019-02-19, 04:45:27, 23.38, 46.36
2019-02-19, 04:45:28, 23.38, 46.36
2019-02-19, 04:45:30, 23.39, 46.36
2019-02-19, 04:45:31, 23.38, 46.39
2019-02-19, 04:45:33, 23.4, 46.4
2019-02-19, 04:45:34, 23.38, 46.36
2019-02-19, 04:45:35, 23.38, 46.36
2019-02-19, 04:45:37, 23.4, 46.36
2019-02-19, 04:45:38, 23.4, 46.36
2019-02-19, 04:45:39, 23.39, 46.36
2019-02-19, 04:45:41, 23.38, 46.36
2019-02-19, 04:45:42, 23.38, 46.33
2019-02-19, 04:45:43, 23.39, 46.36
2019-02-19, 04:45:45, 23.39, 46.36
2019-02-19, 04:45:46, 23.4, 46.36
2019-02-19, 04:45:47, 23.39, 46.39
2019-02-19, 04:45:49, 23.4, 46.33
2019-02-19, 04:45:50, 23.4, 46.36
2019-02-19, 04:45:52, 23.39, 46.36
2019-02-19, 04:45:53, 23.29, 46.35
2019-02-19, 04:45:54, 23.37, 46.39
2019-02-19, 04:45:56, 23.37, 46.39
2019-02-19, 04:45:57, 23.38, 46.39
2019-02-19, 04:45:58, 23.37, 46.39
2019-02-19, 04:46:00, 23.37, 46.36
2019-02-19, 04:46:01, 23.38, 46.33
2019-02-19, 04:46:02, 23.38, 46.36
2019-02-19, 04:46:04, 23.4, 46.36
2019-02-19, 04:46:05, 23.4, 46.36
2019-02-19, 04:46:06, 23.39, 46.36
2019-02-19, 04:46:08, 23.38, 46.33
2019-02-19, 04:46:09, 23.4, 46.33
2019-02-19, 04:46:11, 23.4, 46.36
2019-02-19, 04:46:12, 23.4, 46.36
2019-02-19, 04:46:13, 23.4, 46.36
2019-02-19, 04:46:15, 23.4, 46.36
2019-02-19, 04:46:16, 23.41, 46.33
2019-02-19, 04:46:17, 23.41, 46.33
2019-02-19, 04:46:19, 23.4, 46.36
2019-02-19, 04:46:20, 23.41, 46.37
2019-02-19, 04:46:21, 23.4, 46.36
2019-02-19, 04:46:23, 23.4, 46.33
2019-02-19, 04:46:24, 23.4, 46.33
2019-02-19, 04:46:25, 23.4, 46.33
2019-02-19, 04:46:27, 23.4, 46.36
2019-02-19, 04:46:28, 23.42, 46.33
2019-02-19, 04:46:29, 23.4, 46.33
2019-02-19, 04:46:31, 23.41, 46.33
2019-02-19, 04:46:32, 23.41, 46.33
2019-02-19, 04:46:34, 23.4, 46.33
2019-02-19, 04:46:35, 23.41, 46.33
2019-02-19, 04:46:36, 23.41, 46.33
2019-02-19, 04:46:38, 23.41, 46.33
2019-02-19, 04:46:39, 23.4, 46.3
2019-02-19, 04:46:40, 23.41, 46.3
2019-02-19, 04:46:42, 23.4, 46.3
2019-02-19, 04:46:43, 23.41, 46.3
2019-02-19, 04:46:44, 23.42, 46.33
2019-02-19, 04:46:46, 23.42, 46.33
2019-02-19, 04:46:47, 23.42, 46.33
2019-02-19, 04:46:48, 23.42, 46.33
2019-02-19, 04:46:50, 23.42, 46.3
2019-02-19, 04:46:51, 23.41, 46.3
2019-02-19, 04:46:52, 23.42, 46.3
2019-02-19, 04:46:54, 23.41, 46.3
2019-02-19, 04:46:55, 23.41, 46.3
2019-02-19, 04:46:57, 23.42, 46.3
2019-02-19, 04:46:58, 23.42, 46.3
2019-02-19, 04:46:59, 23.42, 46.27
2019-02-19, 04:47:01, 23.41, 46.3
2019-02-19, 04:47:02, 23.41, 46.3
2019-02-19, 04:47:03, 23.41, 46.3
2019-02-19, 04:47:05, 23.42, 46.3
2019-02-19, 04:47:06, 23.41, 46.27
2019-02-19, 04:47:07, 23.42, 46.3
2019-02-19, 04:47:09, 23.41, 46.27
2019-02-19, 04:47:10, 23.42, 46.27
2019-02-19, 04:47:11, 23.42, 46.27
2019-02-19, 04:47:13, 23.42, 46.3
2019-02-19, 04:47:14, 23.43, 46.27
2019-02-19, 04:47:16, 23.42, 46.27
2019-02-19, 04:47:17, 23.42, 46.27
2019-02-19, 04:47:18, 23.41, 46.27
2019-02-19, 04:47:20, 23.42, 46.27
2019-02-19, 04:47:21, 23.42, 46.27
2019-02-19, 04:47:22, 23.26, 46.31
2019-02-19, 04:47:24, 23.36, 46.33
2019-02-19, 04:47:25, 23.38, 46.36
2019-02-19, 04:47:26, 23.4, 46.33
2019-02-19, 04:47:28, 23.39, 46.36
2019-02-19, 04:47:29, 23.38, 46.33
2019-02-19, 04:47:30, 23.4, 46.33
2019-02-19, 04:47:32, 23.42, 46.33
2019-02-19, 04:47:33, 23.4, 46.33
2019-02-19, 04:47:34, 23.41, 46.33
2019-02-19, 04:47:36, 23.41, 46.3
2019-02-19, 04:47:37, 23.41, 46.33
2019-02-19, 04:47:39, 23.4, 46.3
2019-02-19, 04:47:40, 23.42, 46.3
2019-02-19, 04:47:41, 23.4, 46.27
2019-02-19, 04:47:43, 23.42, 46.3
2019-02-19, 04:47:44, 23.4, 46.3
2019-02-19, 04:47:45, 23.42, 46.3
2019-02-19, 04:47:47, 23.42, 46.3
2019-02-19, 04:47:48, 23.42, 46.3
2019-02-19, 04:47:49, 23.43, 46.27
2019-02-19, 04:47:51, 23.41, 46.27
2019-02-19, 04:47:52, 23.4, 46.27
2019-02-19, 04:47:53, 23.42, 46.27
2019-02-19, 04:47:55, 23.42, 46.27
2019-02-19, 04:47:56, 23.41, 46.27
2019-02-19, 04:47:57, 23.42, 46.27
2019-02-19, 04:47:59, 23.43, 46.27
2019-02-19, 04:48:00, 23.42, 46.27
2019-02-19, 04:48:02, 23.42, 46.27
2019-02-19, 04:48:03, 23.42, 46.27
2019-02-19, 04:48:04, 23.43, 46.27
2019-02-19, 04:48:06, 23.42, 46.27
2019-02-19, 04:48:07, 23.41, 46.27
2019-02-19, 04:48:08, 23.42, 46.27
2019-02-19, 04:48:10, 23.41, 46.27
2019-02-19, 04:48:11, 23.41, 46.27
2019-02-19, 04:48:12, 23.41, 46.27
2019-02-19, 04:48:14, 23.41, 46.27
2019-02-19, 04:48:15, 23.42, 46.27
2019-02-19, 04:48:16, 23.42, 46.27
2019-02-19, 04:48:18, 23.42, 46.27
2019-02-19, 04:48:19, 23.43, 46.27
2019-02-19, 04:48:21, 23.42, 46.27
2019-02-19, 04:48:22, 23.41, 46.27
2019-02-19, 04:48:23, 23.42, 46.27
2019-02-19, 04:48:25, 23.41, 46.27
2019-02-19, 04:48:26, 23.41, 46.27
2019-02-19, 04:48:27, 23.41, 46.24
2019-02-19, 04:48:29, 23.42, 46.24
2019-02-19, 04:48:30, 23.41, 46.27
2019-02-19, 04:48:31, 23.43, 46.27
2019-02-19, 04:48:33, 23.43, 46.27
2019-02-19, 04:48:34, 23.42, 46.27
2019-02-19, 04:48:35, 23.42, 46.27
2019-02-19, 04:48:37, 23.42, 46.24
2019-02-19, 04:48:38, 23.42, 46.24
2019-02-19, 04:48:39, 23.43, 46.24
2019-02-19, 04:48:41, 23.42, 46.24
2019-02-19, 04:48:42, 23.42, 46.24
2019-02-19, 04:48:44, 23.42, 46.24
2019-02-19, 04:48:45, 23.4, 46.24
2019-02-19, 04:48:46, 23.42, 46.24
2019-02-19, 04:48:48, 23.42, 46.24
2019-02-19, 04:48:49, 23.42, 46.24
2019-02-19, 04:48:50, 23.41, 46.2
2019-02-19, 04:48:52, 23.42, 46.24
2019-02-19, 04:48:53, 23.42, 46.24
2019-02-19, 04:48:54, 23.41, 46.24
2019-02-19, 04:48:56, 23.42, 46.27
2019-02-19, 04:48:57, 23.43, 46.27
2019-02-19, 04:48:58, 23.42, 46.27
2019-02-19, 04:49:00, 23.44, 46.27
2019-02-19, 04:49:01, 23.44, 46.27
2019-02-19, 04:49:02, 23.44, 46.27
2019-02-19, 04:49:04, 23.42, 46.27
2019-02-19, 04:49:05, 23.42, 46.24
2019-02-19, 04:49:07, 23.42, 46.24
2019-02-19, 04:49:08, 23.42, 46.27
2019-02-19, 04:49:09, 23.44, 46.27
2019-02-19, 04:49:11, 23.43, 46.27
2019-02-19, 04:49:12, 23.41, 46.27
2019-02-19, 04:49:13, 23.42, 46.27
2019-02-19, 04:49:15, 23.42, 46.27
2019-02-19, 04:49:16, 23.43, 46.27
2019-02-19, 04:49:17, 23.42, 46.27
2019-02-19, 04:49:19, 23.43, 46.27
2019-02-19, 04:49:20, 23.42, 46.27
2019-02-19, 04:49:21, 23.43, 46.27
2019-02-19, 04:49:23, 23.43, 46.24
2019-02-19, 04:49:24, 23.43, 46.24
2019-02-19, 04:49:26, 23.43, 46.21
2019-02-19, 04:49:27, 23.43, 46.21
2019-02-19, 04:49:28, 23.44, 46.21
2019-02-19, 04:49:30, 23.43, 46.17
2019-02-19, 04:49:31, 23.44, 46.21
2019-02-19, 04:49:32, 23.42, 46.17
2019-02-19, 04:49:34, 23.43, 46.21
2019-02-19, 04:49:35, 23.42, 46.21
2019-02-19, 04:49:36, 23.42, 46.21
2019-02-19, 04:49:38, 23.43, 46.21
2019-02-19, 04:49:39, 23.43, 46.21
2019-02-19, 04:49:40, 23.42, 46.21
2019-02-19, 04:49:42, 23.42, 46.21
2019-02-19, 04:49:43, 23.42, 46.21
2019-02-19, 04:49:44, 23.41, 46.2
2019-02-19, 04:49:46, 23.42, 46.21
2019-02-19, 04:49:47, 23.42, 46.21
2019-02-19, 04:49:49, 23.42, 46.21
2019-02-19, 04:49:50, 23.39, 46.2
2019-02-19, 04:49:51, 23.41, 46.2
2019-02-19, 04:49:53, 23.41, 46.2
2019-02-19, 04:49:54, 23.41, 46.2
2019-02-19, 04:49:55, 23.28, 46.22
2019-02-19, 04:49:57, 23.37, 46.26
2019-02-19, 04:49:58, 23.39, 46.27
2019-02-19, 04:49:59, 23.41, 46.27
2019-02-19, 04:50:01, 23.39, 46.3
2019-02-19, 04:50:02, 23.41, 46.27
2019-02-19, 04:50:03, 23.4, 46.27
2019-02-19, 04:50:05, 23.42, 46.27
2019-02-19, 04:50:06, 23.42, 46.27
2019-02-19, 04:50:08, 23.42, 46.27
2019-02-19, 04:50:09, 23.42, 46.24
2019-02-19, 04:50:10, 23.42, 46.24
2019-02-19, 04:50:12, 23.43, 46.24
2019-02-19, 04:50:13, 23.44, 46.21
2019-02-19, 04:50:14, 23.43, 46.21
2019-02-19, 04:50:16, 23.42, 46.21
2019-02-19, 04:50:17, 23.43, 46.21
2019-02-19, 04:50:18, 23.42, 46.24
2019-02-19, 04:50:20, 23.37, 46.23
2019-02-19, 04:50:21, 23.42, 46.21
2019-02-19, 04:50:22, 23.42, 46.24
2019-02-19, 04:50:24, 23.42, 46.21
2019-02-19, 04:50:25, 23.42, 46.21
2019-02-19, 04:50:26, 23.42, 46.21
2019-02-19, 04:50:28, 23.43, 46.21
2019-02-19, 04:50:29, 23.42, 46.21
2019-02-19, 04:50:31, 23.42, 46.21
2019-02-19, 04:50:32, 23.44, 46.21
2019-02-19, 04:50:33, 23.44, 46.21
2019-02-19, 04:50:35, 23.43, 46.21
2019-02-19, 04:50:36, 23.42, 46.21
2019-02-19, 04:50:37, 23.43, 46.21
2019-02-19, 04:50:39, 23.43, 46.24
2019-02-19, 04:50:40, 23.44, 46.21
2019-02-19, 04:50:41, 23.44, 46.21
2019-02-19, 04:50:43, 23.44, 46.18
2019-02-19, 04:50:44, 23.45, 46.18
2019-02-19, 04:50:45, 23.44, 46.18
2019-02-19, 04:50:47, 23.44, 46.18
2019-02-19, 04:50:48, 23.43, 46.21
2019-02-19, 04:50:49, 23.42, 46.21
2019-02-19, 04:50:51, 23.44, 46.18
2019-02-19, 04:50:52, 23.45, 46.15
2019-02-19, 04:50:54, 23.44, 46.18
2019-02-19, 04:50:55, 23.43, 46.21
2019-02-19, 04:50:56, 23.43, 46.17
2019-02-19, 04:50:58, 23.44, 46.18
2019-02-19, 04:50:59, 23.44, 46.21
2019-02-19, 04:51:00, 23.44, 46.21
2019-02-19, 04:51:02, 23.43, 46.17
2019-02-19, 04:51:03, 23.44, 46.21
2019-02-19, 04:51:04, 23.45, 46.21
2019-02-19, 04:51:06, 23.45, 46.21
2019-02-19, 04:51:07, 23.45, 46.21
2019-02-19, 04:51:08, 23.46, 46.21
2019-02-19, 04:51:10, 23.44, 46.21
2019-02-19, 04:51:11, 23.43, 46.14
2019-02-19, 04:51:13, 23.44, 46.18
2019-02-19, 04:51:14, 23.43, 46.21
2019-02-19, 04:51:15, 23.44, 46.21
2019-02-19, 04:51:17, 23.44, 46.21
2019-02-19, 04:51:18, 23.44, 46.18
2019-02-19, 04:51:19, 23.33, 46.19
2019-02-19, 04:51:21, 23.42, 46.21
2019-02-19, 04:51:22, 23.44, 46.21
2019-02-19, 04:51:23, 23.42, 46.21
2019-02-19, 04:51:25, 23.44, 46.24
2019-02-19, 04:51:26, 23.44, 46.21
2019-02-19, 04:51:27, 23.44, 46.21
2019-02-19, 04:51:29, 23.46, 46.21
2019-02-19, 04:51:30, 23.44, 46.21
2019-02-19, 04:51:31, 23.44, 46.18
2019-02-19, 04:51:33, 23.45, 46.18
2019-02-19, 04:51:34, 23.45, 46.15
2019-02-19, 04:51:36, 23.44, 46.14
2019-02-19, 04:51:37, 23.44, 46.14
2019-02-19, 04:51:38, 23.43, 46.17
2019-02-19, 04:51:40, 23.43, 46.21
2019-02-19, 04:51:41, 23.43, 46.17
2019-02-19, 04:51:42, 23.44, 46.18
2019-02-19, 04:51:44, 23.45, 46.18
2019-02-19, 04:51:45, 23.44, 46.21
2019-02-19, 04:51:46, 23.44, 46.18
2019-02-19, 04:51:48, 23.44, 46.18
2019-02-19, 04:51:49, 23.32, 46.19
2019-02-19, 04:51:51, 23.41, 46.24
2019-02-19, 04:51:52, 23.43, 46.24
2019-02-19, 04:51:53, 23.42, 46.24
2019-02-19, 04:51:55, 23.44, 46.21
2019-02-19, 04:51:56, 23.44, 46.21
2019-02-19, 04:51:57, 23.44, 46.21
2019-02-19, 04:51:59, 23.44, 46.21
2019-02-19, 04:52:00, 23.44, 46.21
2019-02-19, 04:52:01, 23.45, 46.21
2019-02-19, 04:52:03, 23.46, 46.18
2019-02-19, 04:52:04, 23.43, 46.17
2019-02-19, 04:52:05, 23.44, 46.18
2019-02-19, 04:52:07, 23.44, 46.18
2019-02-19, 04:52:08, 23.44, 46.14
2019-02-19, 04:52:10, 23.43, 46.14
2019-02-19, 04:52:11, 23.45, 46.15
2019-02-19, 04:52:12, 23.45, 46.15
2019-02-19, 04:52:14, 23.44, 46.14
2019-02-19, 04:52:15, 23.45, 46.15
2019-02-19, 04:52:16, 23.45, 46.15
2019-02-19, 04:52:18, 23.45, 46.11
2019-02-19, 04:52:19, 23.31, 46.16
2019-02-19, 04:52:20, 23.42, 46.21
2019-02-19, 04:52:22, 23.44, 46.21
2019-02-19, 04:52:23, 23.44, 46.21
2019-02-19, 04:52:24, 23.44, 46.21
2019-02-19, 04:52:26, 23.45, 46.18
2019-02-19, 04:52:27, 23.45, 46.21
2019-02-19, 04:52:28, 23.46, 46.21
2019-02-19, 04:52:30, 23.46, 46.21
2019-02-19, 04:52:31, 23.46, 46.18
2019-02-19, 04:52:33, 23.46, 46.18
2019-02-19, 04:52:34, 23.46, 46.18
2019-02-19, 04:52:35, 23.47, 46.18
2019-02-19, 04:52:37, 23.44, 46.18
2019-02-19, 04:52:38, 23.46, 46.15
2019-02-19, 04:52:39, 23.45, 46.15
2019-02-19, 04:52:41, 23.45, 46.15
2019-02-19, 04:52:42, 23.44, 46.14
2019-02-19, 04:52:43, 23.44, 46.14
2019-02-19, 04:52:45, 23.46, 46.15
2019-02-19, 04:52:46, 23.46, 46.15
2019-02-19, 04:52:47, 23.45, 46.15
2019-02-19, 04:52:49, 23.45, 46.15
2019-02-19, 04:52:50, 23.45, 46.15
2019-02-19, 04:52:52, 23.45, 46.15
2019-02-19, 04:52:53, 23.44, 46.14
2019-02-19, 04:52:54, 23.45, 46.15
2019-02-19, 04:52:56, 23.45, 46.15
2019-02-19, 04:52:57, 23.45, 46.15
2019-02-19, 04:52:58, 23.44, 46.14
2019-02-19, 04:53:00, 23.44, 46.14
2019-02-19, 04:53:01, 23.43, 46.14
2019-02-19, 04:53:02, 23.44, 46.14
2019-02-19, 04:53:04, 23.44, 46.14
2019-02-19, 04:53:05, 23.44, 46.14
2019-02-19, 04:53:06, 23.46, 46.15
2019-02-19, 04:53:08, 23.47, 46.15
2019-02-19, 04:53:09, 23.45, 46.15
2019-02-19, 04:53:10, 23.44, 46.14
2019-02-19, 04:53:12, 23.45, 46.15
2019-02-19, 04:53:13, 23.45, 46.15
2019-02-19, 04:53:14, 23.45, 46.15
2019-02-19, 04:53:16, 23.46, 46.15
2019-02-19, 04:53:17, 23.44, 46.14
2019-02-19, 04:53:19, 23.3, 46.13
2019-02-19, 04:53:20, 23.4, 46.2
2019-02-19, 04:53:21, 23.42, 46.21
2019-02-19, 04:53:23, 23.44, 46.21
2019-02-19, 04:53:24, 23.44, 46.21
2019-02-19, 04:53:25, 23.44, 46.18
2019-02-19, 04:53:27, 23.45, 46.18
2019-02-19, 04:53:28, 23.43, 46.17
2019-02-19, 04:53:29, 23.45, 46.18
2019-02-19, 04:53:31, 23.46, 46.18
2019-02-19, 04:53:32, 23.44, 46.14
2019-02-19, 04:53:33, 23.44, 46.14
2019-02-19, 04:53:35, 23.44, 46.14
2019-02-19, 04:53:36, 23.44, 46.14
2019-02-19, 04:53:38, 23.43, 46.11
2019-02-19, 04:53:39, 23.44, 46.11
2019-02-19, 04:53:40, 23.43, 46.11
2019-02-19, 04:53:42, 23.43, 46.11
2019-02-19, 04:53:43, 23.44, 46.14
2019-02-19, 04:53:44, 23.44, 46.11
2019-02-19, 04:53:46, 23.46, 46.15
2019-02-19, 04:53:47, 23.45, 46.15
2019-02-19, 04:53:48, 23.45, 46.11
2019-02-19, 04:53:50, 23.46, 46.11
2019-02-19, 04:53:51, 23.46, 46.11
2019-02-19, 04:53:52, 23.44, 46.08
2019-02-19, 04:53:54, 23.44, 46.11
2019-02-19, 04:53:55, 23.44, 46.11
2019-02-19, 04:53:56, 23.44, 46.11
2019-02-19, 04:53:58, 23.43, 46.11
2019-02-19, 04:53:59, 23.44, 46.11
2019-02-19, 04:54:01, 23.44, 46.11
2019-02-19, 04:54:02, 23.44, 46.11
2019-02-19, 04:54:03, 23.44, 46.14
2019-02-19, 04:54:05, 23.44, 46.11
2019-02-19, 04:54:06, 23.45, 46.15
2019-02-19, 04:54:07, 23.44, 46.14
2019-02-19, 04:54:09, 23.44, 46.14
2019-02-19, 04:54:10, 23.45, 46.15
2019-02-19, 04:54:11, 23.45, 46.11
2019-02-19, 04:54:13, 23.46, 46.11
2019-02-19, 04:54:14, 23.45, 46.08
2019-02-19, 04:54:15, 23.46, 46.08
2019-02-19, 04:54:17, 23.46, 46.08
2019-02-19, 04:54:18, 23.45, 46.11
2019-02-19, 04:54:20, 23.44, 46.08
2019-02-19, 04:54:21, 23.46, 46.08
2019-02-19, 04:54:22, 23.45, 46.11
2019-02-19, 04:54:24, 23.45, 46.08
2019-02-19, 04:54:25, 23.43, 46.08
2019-02-19, 04:54:26, 23.44, 46.08
2019-02-19, 04:54:28, 23.44, 46.11
2019-02-19, 04:54:29, 23.43, 46.11
2019-02-19, 04:54:30, 23.43, 46.08
2019-02-19, 04:54:32, 23.44, 46.14
2019-02-19, 04:54:33, 23.46, 46.11
2019-02-19, 04:54:34, 23.44, 46.11
2019-02-19, 04:54:36, 23.45, 46.11
2019-02-19, 04:54:37, 23.44, 46.14
2019-02-19, 04:54:39, 23.45, 46.15
2019-02-19, 04:54:40, 23.44, 46.11
2019-02-19, 04:54:41, 23.44, 46.14
2019-02-19, 04:54:43, 23.43, 46.14
2019-02-19, 04:54:44, 23.44, 46.14
2019-02-19, 04:54:45, 23.45, 46.15
2019-02-19, 04:54:47, 23.44, 46.14
2019-02-19, 04:54:48, 23.44, 46.14
2019-02-19, 04:54:49, 23.43, 46.14
2019-02-19, 04:54:51, 23.43, 46.14
2019-02-19, 04:54:52, 23.28, 46.16
2019-02-19, 04:54:53, 23.39, 46.2
2019-02-19, 04:54:55, 23.4, 46.24
2019-02-19, 04:54:56, 23.41, 46.24
2019-02-19, 04:54:58, 23.42, 46.21
2019-02-19, 04:54:59, 23.41, 46.2
2019-02-19, 04:55:00, 23.42, 46.21
2019-02-19, 04:55:02, 23.42, 46.17
2019-02-19, 04:55:03, 23.42, 46.17
2019-02-19, 04:55:04, 23.41, 46.2
2019-02-19, 04:55:06, 23.42, 46.17
2019-02-19, 04:55:07, 23.42, 46.14
2019-02-19, 04:55:08, 23.42, 46.14
2019-02-19, 04:55:10, 23.42, 46.14
2019-02-19, 04:55:11, 23.42, 46.14
2019-02-19, 04:55:12, 23.42, 46.14
2019-02-19, 04:55:14, 23.42, 46.14
2019-02-19, 04:55:15, 23.43, 46.14
2019-02-19, 04:55:16, 23.36, 46.13
2019-02-19, 04:55:18, 23.42, 46.17
2019-02-19, 04:55:19, 23.42, 46.17
2019-02-19, 04:55:21, 23.43, 46.14
2019-02-19, 04:55:22, 23.42, 46.14
2019-02-19, 04:55:23, 23.44, 46.14
2019-02-19, 04:55:25, 23.43, 46.14
2019-02-19, 04:55:26, 23.43, 46.14
2019-02-19, 04:55:27, 23.43, 46.14
2019-02-19, 04:55:29, 23.44, 46.14
2019-02-19, 04:55:30, 23.42, 46.14
2019-02-19, 04:55:31, 23.43, 46.14
2019-02-19, 04:55:33, 23.43, 46.14
2019-02-19, 04:55:34, 23.43, 46.14
2019-02-19, 04:55:35, 23.44, 46.14
2019-02-19, 04:55:37, 23.44, 46.14
2019-02-19, 04:55:38, 23.44, 46.14
2019-02-19, 04:55:39, 23.43, 46.14
2019-02-19, 04:55:41, 23.43, 46.14
2019-02-19, 04:55:42, 23.43, 46.14
2019-02-19, 04:55:44, 23.44, 46.14
2019-02-19, 04:55:45, 23.44, 46.14
2019-02-19, 04:55:46, 23.34, 46.13
2019-02-19, 04:55:48, 23.42, 46.17
2019-02-19, 04:55:49, 23.42, 46.21
2019-02-19, 04:55:50, 23.42, 46.17
2019-02-19, 04:55:52, 23.42, 46.17
2019-02-19, 04:55:53, 23.43, 46.14
2019-02-19, 04:55:54, 23.43, 46.14
2019-02-19, 04:55:56, 23.43, 46.14
2019-02-19, 04:55:57, 23.42, 46.14
2019-02-19, 04:55:58, 23.44, 46.14
2019-02-19, 04:56:00, 23.43, 46.14
2019-02-19, 04:56:01, 23.44, 46.14
2019-02-19, 04:56:03, 23.42, 46.14
2019-02-19, 04:56:04, 23.43, 46.11
2019-02-19, 04:56:05, 23.42, 46.11
2019-02-19, 04:56:07, 23.43, 46.14
2019-02-19, 04:56:08, 23.44, 46.14
2019-02-19, 04:56:09, 23.43, 46.14
2019-02-19, 04:56:11, 23.43, 46.14
2019-02-19, 04:56:12, 23.43, 46.14
2019-02-19, 04:56:13, 23.44, 46.14
2019-02-19, 04:56:15, 23.44, 46.14
2019-02-19, 04:56:16, 23.32, 46.13
2019-02-19, 04:56:17, 23.4, 46.17
2019-02-19, 04:56:19, 23.42, 46.21
2019-02-19, 04:56:20, 23.42, 46.21
2019-02-19, 04:56:21, 23.42, 46.21
2019-02-19, 04:56:23, 23.43, 46.17
2019-02-19, 04:56:24, 23.42, 46.17
2019-02-19, 04:56:26, 23.43, 46.17
2019-02-19, 04:56:27, 23.43, 46.17
2019-02-19, 04:56:28, 23.42, 46.17
2019-02-19, 04:56:30, 23.42, 46.17
2019-02-19, 04:56:31, 23.42, 46.17
2019-02-19, 04:56:32, 23.43, 46.17
2019-02-19, 04:56:34, 23.42, 46.14
2019-02-19, 04:56:35, 23.42, 46.17
2019-02-19, 04:56:36, 23.42, 46.14
2019-02-19, 04:56:38, 23.42, 46.17
2019-02-19, 04:56:39, 23.42, 46.17
2019-02-19, 04:56:40, 23.43, 46.14
2019-02-19, 04:56:42, 23.42, 46.14
2019-02-19, 04:56:43, 23.42, 46.14
2019-02-19, 04:56:44, 23.43, 46.14
2019-02-19, 04:56:46, 23.42, 46.17
2019-02-19, 04:56:47, 23.42, 46.14
2019-02-19, 04:56:49, 23.41, 46.14
2019-02-19, 04:56:50, 23.42, 46.14
2019-02-19, 04:56:51, 23.43, 46.14
2019-02-19, 04:56:53, 23.42, 46.14
2019-02-19, 04:56:54, 23.42, 46.14
2019-02-19, 04:56:55, 23.43, 46.14
2019-02-19, 04:56:57, 23.42, 46.14
2019-02-19, 04:56:58, 23.42, 46.14
2019-02-19, 04:56:59, 23.42, 46.14
2019-02-19, 04:57:01, 23.42, 46.14
2019-02-19, 04:57:02, 23.43, 46.14
2019-02-19, 04:57:03, 23.44, 46.14
2019-02-19, 04:57:05, 23.42, 46.14
2019-02-19, 04:57:06, 23.42, 46.14
2019-02-19, 04:57:07, 23.42, 46.14
2019-02-19, 04:57:09, 23.41, 46.11
2019-02-19, 04:57:10, 23.41, 46.14
2019-02-19, 04:57:12, 23.41, 46.14
2019-02-19, 04:57:13, 23.41, 46.14
2019-02-19, 04:57:14, 23.42, 46.14
2019-02-19, 04:57:16, 23.42, 46.14
2019-02-19, 04:57:17, 23.41, 46.14
2019-02-19, 04:57:18, 23.42, 46.14
2019-02-19, 04:57:20, 23.42, 46.14
2019-02-19, 04:57:21, 23.42, 46.11
2019-02-19, 04:57:22, 23.41, 46.14
2019-02-19, 04:57:24, 23.42, 46.14
2019-02-19, 04:57:25, 23.42, 46.14
2019-02-19, 04:57:26, 23.41, 46.11
2019-02-19, 04:57:28, 23.42, 46.14
2019-02-19, 04:57:29, 23.41, 46.11
2019-02-19, 04:57:31, 23.42, 46.14
2019-02-19, 04:57:32, 23.43, 46.14
2019-02-19, 04:57:33, 23.42, 46.14
2019-02-19, 04:57:35, 23.43, 46.14
2019-02-19, 04:57:36, 23.42, 46.14
2019-02-19, 04:57:37, 23.42, 46.14
2019-02-19, 04:57:39, 23.41, 46.14
2019-02-19, 04:57:40, 23.4, 46.14
2019-02-19, 04:57:41, 23.41, 46.11
2019-02-19, 04:57:43, 23.42, 46.14
2019-02-19, 04:57:44, 23.4, 46.14
2019-02-19, 04:57:45, 23.27, 46.19
2019-02-19, 04:57:47, 23.36, 46.2
2019-02-19, 04:57:48, 23.38, 46.2
2019-02-19, 04:57:49, 23.37, 46.2
2019-02-19, 04:57:51, 23.4, 46.2
2019-02-19, 04:57:52, 23.4, 46.24
2019-02-19, 04:57:54, 23.4, 46.2
2019-02-19, 04:57:55, 23.41, 46.2
2019-02-19, 04:57:56, 23.4, 46.2
2019-02-19, 04:57:58, 23.4, 46.2
2019-02-19, 04:57:59, 23.4, 46.2
2019-02-19, 04:58:00, 23.39, 46.2
2019-02-19, 04:58:02, 23.39, 46.2
2019-02-19, 04:58:03, 23.39, 46.2
2019-02-19, 04:58:04, 23.41, 46.2
2019-02-19, 04:58:06, 23.39, 46.2
2019-02-19, 04:58:07, 23.39, 46.17
2019-02-19, 04:58:08, 23.4, 46.2
2019-02-19, 04:58:10, 23.39, 46.2
2019-02-19, 04:58:11, 23.39, 46.2
2019-02-19, 04:58:13, 23.39, 46.2
2019-02-19, 04:58:14, 23.4, 46.2
2019-02-19, 04:58:15, 23.4, 46.2
2019-02-19, 04:58:17, 23.39, 46.2
2019-02-19, 04:58:18, 23.4, 46.2
2019-02-19, 04:58:19, 23.39, 46.2
2019-02-19, 04:58:21, 23.39, 46.17
2019-02-19, 04:58:22, 23.4, 46.2
2019-02-19, 04:58:23, 23.4, 46.2
2019-02-19, 04:58:25, 23.4, 46.2
2019-02-19, 04:58:26, 23.4, 46.2
2019-02-19, 04:58:27, 23.41, 46.17
2019-02-19, 04:58:29, 23.41, 46.2
2019-02-19, 04:58:30, 23.4, 46.2
2019-02-19, 04:58:32, 23.39, 46.17
2019-02-19, 04:58:33, 23.4, 46.2
2019-02-19, 04:58:34, 23.4, 46.2
2019-02-19, 04:58:36, 23.4, 46.2
2019-02-19, 04:58:37, 23.38, 46.2
2019-02-19, 04:58:38, 23.38, 46.2
2019-02-19, 04:58:40, 23.38, 46.2
2019-02-19, 04:58:41, 23.38, 46.2
2019-02-19, 04:58:42, 23.38, 46.2
2019-02-19, 04:58:44, 23.38, 46.2
2019-02-19, 04:58:45, 23.38, 46.17
2019-02-19, 04:58:46, 23.38, 46.17
2019-02-19, 04:58:48, 23.38, 46.17
2019-02-19, 04:58:49, 23.38, 46.2
2019-02-19, 04:58:51, 23.38, 46.2
2019-02-19, 04:58:52, 23.4, 46.2
2019-02-19, 04:58:53, 23.37, 46.2
2019-02-19, 04:58:55, 23.38, 46.2
2019-02-19, 04:58:56, 23.37, 46.2
2019-02-19, 04:58:57, 23.39, 46.2
2019-02-19, 04:58:59, 23.39, 46.2
2019-02-19, 04:59:00, 23.38, 46.2
2019-02-19, 04:59:01, 23.38, 46.2
2019-02-19, 04:59:03, 23.38, 46.2
2019-02-19, 04:59:04, 23.37, 46.2
2019-02-19, 04:59:05, 23.38, 46.2
2019-02-19, 04:59:07, 23.38, 46.2
2019-02-19, 04:59:08, 23.38, 46.17
2019-02-19, 04:59:09, 23.39, 46.2
2019-02-19, 04:59:11, 23.39, 46.2
2019-02-19, 04:59:12, 23.38, 46.2
2019-02-19, 04:59:14, 23.38, 46.2
2019-02-19, 04:59:15, 23.4, 46.17
2019-02-19, 04:59:16, 23.38, 46.17
2019-02-19, 04:59:18, 23.39, 46.2
2019-02-19, 04:59:19, 23.25, 46.19
2019-02-19, 04:59:20, 23.35, 46.26
2019-02-19, 04:59:22, 23.36, 46.29
2019-02-19, 04:59:23, 23.37, 46.26
2019-02-19, 04:59:24, 23.37, 46.26
2019-02-19, 04:59:26, 23.37, 46.26
2019-02-19, 04:59:27, 23.39, 46.27
2019-02-19, 04:59:28, 23.37, 46.23
2019-02-19, 04:59:30, 23.38, 46.27
2019-02-19, 04:59:31, 23.38, 46.2
2019-02-19, 04:59:32, 23.38, 46.2
2019-02-19, 04:59:34, 23.38, 46.2
2019-02-19, 04:59:35, 23.38, 46.2
2019-02-19, 04:59:37, 23.36, 46.2
2019-02-19, 04:59:38, 23.36, 46.2
2019-02-19, 04:59:39, 23.37, 46.2
2019-02-19, 04:59:41, 23.38, 46.2
2019-02-19, 04:59:42, 23.37, 46.2
2019-02-19, 04:59:43, 23.38, 46.2
2019-02-19, 04:59:45, 23.38, 46.2
2019-02-19, 04:59:46, 23.38, 46.2
2019-02-19, 04:59:47, 23.38, 46.2
2019-02-19, 04:59:49, 23.37, 46.2
2019-02-19, 04:59:50, 23.38, 46.2
2019-02-19, 04:59:51, 23.38, 46.2
2019-02-19, 04:59:53, 23.38, 46.2
2019-02-19, 04:59:54, 23.38, 46.2
2019-02-19, 04:59:55, 23.38, 46.2
2019-02-19, 04:59:57, 23.36, 46.2
2019-02-19, 04:59:58, 23.37, 46.2
2019-02-19, 05:00:00, 23.37, 46.2
2019-02-19, 05:00:01, 23.37, 46.2
2019-02-19, 05:00:02, 23.37, 46.2
2019-02-19, 05:00:04, 23.38, 46.2
2019-02-19, 05:00:05, 23.38, 46.2
2019-02-19, 05:00:06, 23.38, 46.2
2019-02-19, 05:00:08, 23.37, 46.2
2019-02-19, 05:00:09, 23.36, 46.2
2019-02-19, 05:00:10, 23.37, 46.23
2019-02-19, 05:00:12, 23.38, 46.2
2019-02-19, 05:00:13, 23.32, 46.23
2019-02-19, 05:00:14, 23.34, 46.23
2019-02-19, 05:00:16, 23.36, 46.23
2019-02-19, 05:00:17, 23.35, 46.23
2019-02-19, 05:00:19, 23.24, 46.25
2019-02-19, 05:00:20, 23.34, 46.26
2019-02-19, 05:00:22, 23.34, 46.26
2019-02-19, 05:00:23, 23.35, 46.26
2019-02-19, 05:00:24, 23.34, 46.26
2019-02-19, 05:00:26, 23.36, 46.26
2019-02-19, 05:00:27, 23.36, 46.26
2019-02-19, 05:00:28, 23.36, 46.26
2019-02-19, 05:00:30, 23.36, 46.23
2019-02-19, 05:00:31, 23.37, 46.23
2019-02-19, 05:00:32, 23.36, 46.2
2019-02-19, 05:00:34, 23.35, 46.23
2019-02-19, 05:00:35, 23.36, 46.2
2019-02-19, 05:00:37, 23.36, 46.23
2019-02-19, 05:00:38, 23.36, 46.23
2019-02-19, 05:00:39, 23.36, 46.23
2019-02-19, 05:00:41, 23.36, 46.23
2019-02-19, 05:00:42, 23.36, 46.23
2019-02-19, 05:00:43, 23.22, 46.25
2019-02-19, 05:00:45, 23.31, 46.29
2019-02-19, 05:00:46, 23.34, 46.29
2019-02-19, 05:00:47, 23.34, 46.29
2019-02-19, 05:00:49, 23.35, 46.29
2019-02-19, 05:00:50, 23.35, 46.29
2019-02-19, 05:00:51, 23.35, 46.26
2019-02-19, 05:00:53, 23.35, 46.26
2019-02-19, 05:00:54, 23.35, 46.26
2019-02-19, 05:00:56, 23.34, 46.26
2019-02-19, 05:00:57, 23.35, 46.26
2019-02-19, 05:00:58, 23.34, 46.26
2019-02-19, 05:01:00, 23.37, 46.26
2019-02-19, 05:01:01, 23.36, 46.26
2019-02-19, 05:01:02, 23.36, 46.26
2019-02-19, 05:01:04, 23.36, 46.26
2019-02-19, 05:01:05, 23.36, 46.26
2019-02-19, 05:01:06, 23.36, 46.26
2019-02-19, 05:01:08, 23.37, 46.26
2019-02-19, 05:01:09, 23.36, 46.26
2019-02-19, 05:01:10, 23.36, 46.26
2019-02-19, 05:01:12, 23.36, 46.26
2019-02-19, 05:01:13, 23.37, 46.26
2019-02-19, 05:01:15, 23.37, 46.26
2019-02-19, 05:01:16, 23.37, 46.26
2019-02-19, 05:01:17, 23.36, 46.23
2019-02-19, 05:01:19, 23.36, 46.23
2019-02-19, 05:01:20, 23.36, 46.23
2019-02-19, 05:01:21, 23.36, 46.26
2019-02-19, 05:01:23, 23.35, 46.23
2019-02-19, 05:01:24, 23.37, 46.23
2019-02-19, 05:01:25, 23.36, 46.23
2019-02-19, 05:01:27, 23.36, 46.26
2019-02-19, 05:01:28, 23.35, 46.26
2019-02-19, 05:01:29, 23.36, 46.26
2019-02-19, 05:01:31, 23.35, 46.26
2019-02-19, 05:01:32, 23.36, 46.26
2019-02-19, 05:01:34, 23.35, 46.23
2019-02-19, 05:01:35, 23.36, 46.26
2019-02-19, 05:01:36, 23.36, 46.23
2019-02-19, 05:01:38, 23.36, 46.23
2019-02-19, 05:01:39, 23.35, 46.23
2019-02-19, 05:01:40, 23.35, 46.26
2019-02-19, 05:01:42, 23.36, 46.26
2019-02-19, 05:01:43, 23.36, 46.26
2019-02-19, 05:01:44, 23.36, 46.26
2019-02-19, 05:01:46, 23.36, 46.26
2019-02-19, 05:01:47, 23.36, 46.26
2019-02-19, 05:01:48, 23.37, 46.26
2019-02-19, 05:01:50, 23.35, 46.26
2019-02-19, 05:01:51, 23.35, 46.23
2019-02-19, 05:01:53, 23.35, 46.26
2019-02-19, 05:01:54, 23.35, 46.26
2019-02-19, 05:01:55, 23.35, 46.26
2019-02-19, 05:01:57, 23.36, 46.26
2019-02-19, 05:01:58, 23.35, 46.26
2019-02-19, 05:01:59, 23.35, 46.26
2019-02-19, 05:02:01, 23.34, 46.26
2019-02-19, 05:02:02, 23.36, 46.26
2019-02-19, 05:02:03, 23.36, 46.26
2019-02-19, 05:02:05, 23.36, 46.26
2019-02-19, 05:02:06, 23.34, 46.26
2019-02-19, 05:02:08, 23.36, 46.26
2019-02-19, 05:02:09, 23.36, 46.26
2019-02-19, 05:02:10, 23.37, 46.26
2019-02-19, 05:02:12, 23.36, 46.26
2019-02-19, 05:02:13, 23.35, 46.26
2019-02-19, 05:02:14, 23.35, 46.26
2019-02-19, 05:02:16, 23.34, 46.26
2019-02-19, 05:02:17, 23.35, 46.26
2019-02-19, 05:02:18, 23.35, 46.26
2019-02-19, 05:02:20, 23.36, 46.26
2019-02-19, 05:02:21, 23.35, 46.26
2019-02-19, 05:02:22, 23.34, 46.26
2019-02-19, 05:02:24, 23.35, 46.26
2019-02-19, 05:02:25, 23.35, 46.26
2019-02-19, 05:02:26, 23.34, 46.26
2019-02-19, 05:02:28, 23.34, 46.26
2019-02-19, 05:02:29, 23.32, 46.23
2019-02-19, 05:02:30, 23.34, 46.23
2019-02-19, 05:02:32, 23.35, 46.23
2019-02-19, 05:02:33, 23.33, 46.23
2019-02-19, 05:02:35, 23.34, 46.26
2019-02-19, 05:02:36, 23.33, 46.26
2019-02-19, 05:02:37, 23.34, 46.26
2019-02-19, 05:02:39, 23.34, 46.26
2019-02-19, 05:02:40, 23.35, 46.26
2019-02-19, 05:02:41, 23.3, 46.26
2019-02-19, 05:02:43, 23.33, 46.26
2019-02-19, 05:02:44, 23.34, 46.26
2019-02-19, 05:02:45, 23.34, 46.26
2019-02-19, 05:02:47, 23.21, 46.24
2019-02-19, 05:02:48, 23.3, 46.32
2019-02-19, 05:02:50, 23.32, 46.32
2019-02-19, 05:02:51, 23.32, 46.29
2019-02-19, 05:02:52, 23.33, 46.32
2019-02-19, 05:02:54, 23.32, 46.29
2019-02-19, 05:02:55, 23.3, 46.26
2019-02-19, 05:02:56, 23.32, 46.26
2019-02-19, 05:02:58, 23.32, 46.26
2019-02-19, 05:02:59, 23.33, 46.26
2019-02-19, 05:03:00, 23.34, 46.26
2019-02-19, 05:03:02, 23.33, 46.26
2019-02-19, 05:03:03, 23.31, 46.26
2019-02-19, 05:03:04, 23.33, 46.26
2019-02-19, 05:03:06, 23.34, 46.26
2019-02-19, 05:03:07, 23.34, 46.26
2019-02-19, 05:03:08, 23.34, 46.26
2019-02-19, 05:03:10, 23.33, 46.26
2019-02-19, 05:03:11, 23.33, 46.26
2019-02-19, 05:03:13, 23.34, 46.26
2019-02-19, 05:03:14, 23.34, 46.26
2019-02-19, 05:03:15, 23.33, 46.26
2019-02-19, 05:03:17, 23.2, 46.28
2019-02-19, 05:03:18, 23.29, 46.32
2019-02-19, 05:03:19, 23.3, 46.32
2019-02-19, 05:03:21, 23.32, 46.32
2019-02-19, 05:03:22, 23.31, 46.32
2019-02-19, 05:03:23, 23.31, 46.32
2019-02-19, 05:03:25, 23.33, 46.32
2019-02-19, 05:03:26, 23.33, 46.32
2019-02-19, 05:03:28, 23.33, 46.32
2019-02-19, 05:03:29, 23.35, 46.33
2019-02-19, 05:03:30, 23.33, 46.32
2019-02-19, 05:03:32, 23.33, 46.32
2019-02-19, 05:03:33, 23.32, 46.32
2019-02-19, 05:03:34, 23.34, 46.29
2019-02-19, 05:03:36, 23.34, 46.29
2019-02-19, 05:03:37, 23.34, 46.29
2019-02-19, 05:03:38, 23.33, 46.32
2019-02-19, 05:03:40, 23.34, 46.29
2019-02-19, 05:03:41, 23.33, 46.29
2019-02-19, 05:03:42, 23.34, 46.29
2019-02-19, 05:03:44, 23.32, 46.29
2019-02-19, 05:03:45, 23.33, 46.29
2019-02-19, 05:03:47, 23.34, 46.26
2019-02-19, 05:03:48, 23.34, 46.26
2019-02-19, 05:03:49, 23.33, 46.26
2019-02-19, 05:03:51, 23.35, 46.26
2019-02-19, 05:03:52, 23.34, 46.29
2019-02-19, 05:03:53, 23.33, 46.26
2019-02-19, 05:03:55, 23.32, 46.26
2019-02-19, 05:03:56, 23.33, 46.29
2019-02-19, 05:03:57, 23.34, 46.29
2019-02-19, 05:03:59, 23.33, 46.26
2019-02-19, 05:04:00, 23.34, 46.26
2019-02-19, 05:04:01, 23.33, 46.26
2019-02-19, 05:04:03, 23.34, 46.26
2019-02-19, 05:04:04, 23.34, 46.29
2019-02-19, 05:04:06, 23.33, 46.26
2019-02-19, 05:04:07, 23.34, 46.26
2019-02-19, 05:04:08, 23.34, 46.26
2019-02-19, 05:04:10, 23.34, 46.26
2019-02-19, 05:04:11, 23.18, 46.27
2019-02-19, 05:04:12, 23.28, 46.32
2019-02-19, 05:04:14, 23.32, 46.32
2019-02-19, 05:04:15, 23.32, 46.32
2019-02-19, 05:04:16, 23.32, 46.32
2019-02-19, 05:04:18, 23.34, 46.32
2019-02-19, 05:04:19, 23.33, 46.29
2019-02-19, 05:04:20, 23.33, 46.29
2019-02-19, 05:04:22, 23.34, 46.26
2019-02-19, 05:04:23, 23.34, 46.29
2019-02-19, 05:04:25, 23.33, 46.26
2019-02-19, 05:04:26, 23.33, 46.26
2019-02-19, 05:04:27, 23.34, 46.26
2019-02-19, 05:04:29, 23.33, 46.26
2019-02-19, 05:04:30, 23.36, 46.26
2019-02-19, 05:04:31, 23.34, 46.26
2019-02-19, 05:04:33, 23.34, 46.26
2019-02-19, 05:04:34, 23.34, 46.26
2019-02-19, 05:04:35, 23.34, 46.26
2019-02-19, 05:04:37, 23.34, 46.26
2019-02-19, 05:04:38, 23.34, 46.29
2019-02-19, 05:04:39, 23.34, 46.26
2019-02-19, 05:04:41, 23.34, 46.26
2019-02-19, 05:04:42, 23.33, 46.26
2019-02-19, 05:04:43, 23.34, 46.26
2019-02-19, 05:04:45, 23.34, 46.26
2019-02-19, 05:04:46, 23.34, 46.26
2019-02-19, 05:04:48, 23.34, 46.26
2019-02-19, 05:04:49, 23.35, 46.26
2019-02-19, 05:04:50, 23.34, 46.26
2019-02-19, 05:04:52, 23.34, 46.26
2019-02-19, 05:04:53, 23.35, 46.26
2019-02-19, 05:04:54, 23.34, 46.26
2019-02-19, 05:04:56, 23.35, 46.26
2019-02-19, 05:04:57, 23.35, 46.26
2019-02-19, 05:04:58, 23.35, 46.26
2019-02-19, 05:05:00, 23.33, 46.26
2019-02-19, 05:05:01, 23.34, 46.26
2019-02-19, 05:05:02, 23.35, 46.26
2019-02-19, 05:05:04, 23.35, 46.26
2019-02-19, 05:05:05, 23.34, 46.26
2019-02-19, 05:05:07, 23.36, 46.26
2019-02-19, 05:05:08, 23.34, 46.26
2019-02-19, 05:05:09, 23.36, 46.26
2019-02-19, 05:05:11, 23.34, 46.26
2019-02-19, 05:05:12, 23.34, 46.26
2019-02-19, 05:05:13, 23.35, 46.26
2019-02-19, 05:05:15, 23.25, 46.28
2019-02-19, 05:05:16, 23.32, 46.29
2019-02-19, 05:05:17, 23.34, 46.32
2019-02-19, 05:05:19, 23.33, 46.26
2019-02-19, 05:05:20, 23.34, 46.26
2019-02-19, 05:05:21, 23.34, 46.26
2019-02-19, 05:05:23, 23.34, 46.26
2019-02-19, 05:05:24, 23.34, 46.26
2019-02-19, 05:05:25, 23.35, 46.26
2019-02-19, 05:05:27, 23.33, 46.26
2019-02-19, 05:05:28, 23.34, 46.26
2019-02-19, 05:05:30, 23.34, 46.26
2019-02-19, 05:05:31, 23.34, 46.23
2019-02-19, 05:05:32, 23.34, 46.23
2019-02-19, 05:05:34, 23.36, 46.23
2019-02-19, 05:05:35, 23.34, 46.26
2019-02-19, 05:05:36, 23.32, 46.26
2019-02-19, 05:05:38, 23.32, 46.26
2019-02-19, 05:05:39, 23.34, 46.26
2019-02-19, 05:05:40, 23.34, 46.26
2019-02-19, 05:05:42, 23.34, 46.23
2019-02-19, 05:05:43, 23.33, 46.26
2019-02-19, 05:05:44, 23.34, 46.26
2019-02-19, 05:05:46, 23.34, 46.26
2019-02-19, 05:05:47, 23.35, 46.23
2019-02-19, 05:05:48, 23.35, 46.26
2019-02-19, 05:05:50, 23.34, 46.26
2019-02-19, 05:05:51, 23.35, 46.26
2019-02-19, 05:05:53, 23.35, 46.23
2019-02-19, 05:05:54, 23.34, 46.26
2019-02-19, 05:05:55, 23.34, 46.26
2019-02-19, 05:05:57, 23.35, 46.26
2019-02-19, 05:05:58, 23.35, 46.26
2019-02-19, 05:05:59, 23.35, 46.26
2019-02-19, 05:06:01, 23.35, 46.26
2019-02-19, 05:06:02, 23.35, 46.26
2019-02-19, 05:06:03, 23.36, 46.26
2019-02-19, 05:06:05, 23.34, 46.23
2019-02-19, 05:06:06, 23.35, 46.26
2019-02-19, 05:06:07, 23.34, 46.26
2019-02-19, 05:06:09, 23.34, 46.26
2019-02-19, 05:06:10, 23.34, 46.26
2019-02-19, 05:06:11, 23.34, 46.26
2019-02-19, 05:06:13, 23.35, 46.26
2019-02-19, 05:06:14, 23.36, 46.26
2019-02-19, 05:06:16, 23.35, 46.23
2019-02-19, 05:06:17, 23.35, 46.23
2019-02-19, 05:06:18, 23.34, 46.26
2019-02-19, 05:06:20, 23.34, 46.26
2019-02-19, 05:06:21, 23.34, 46.26
2019-02-19, 05:06:22, 23.34, 46.23
2019-02-19, 05:06:24, 23.35, 46.26
2019-02-19, 05:06:25, 23.35, 46.26
2019-02-19, 05:06:26, 23.35, 46.23
2019-02-19, 05:06:28, 23.36, 46.26
2019-02-19, 05:06:29, 23.34, 46.23
2019-02-19, 05:06:30, 23.36, 46.23
2019-02-19, 05:06:32, 23.34, 46.23
2019-02-19, 05:06:33, 23.34, 46.26
2019-02-19, 05:06:34, 23.34, 46.26
2019-02-19, 05:06:36, 23.35, 46.26
2019-02-19, 05:06:37, 23.35, 46.26
2019-02-19, 05:06:39, 23.36, 46.26
2019-02-19, 05:06:40, 23.36, 46.26
2019-02-19, 05:06:41, 23.35, 46.26
2019-02-19, 05:06:43, 23.36, 46.23
2019-02-19, 05:06:44, 23.36, 46.26
2019-02-19, 05:06:45, 23.36, 46.26
2019-02-19, 05:06:47, 23.34, 46.23
2019-02-19, 05:06:48, 23.34, 46.23
2019-02-19, 05:06:49, 23.35, 46.23
2019-02-19, 05:06:51, 23.35, 46.23
2019-02-19, 05:06:52, 23.35, 46.26
2019-02-19, 05:06:53, 23.33, 46.23
2019-02-19, 05:06:55, 23.36, 46.26
2019-02-19, 05:06:56, 23.35, 46.23
2019-02-19, 05:06:58, 23.35, 46.23
2019-02-19, 05:06:59, 23.35, 46.23
2019-02-19, 05:07:00, 23.34, 46.23
2019-02-19, 05:07:02, 23.34, 46.23
2019-02-19, 05:07:03, 23.33, 46.23
2019-02-19, 05:07:04, 23.34, 46.23
2019-02-19, 05:07:06, 23.34, 46.23
2019-02-19, 05:07:07, 23.35, 46.23
2019-02-19, 05:07:08, 23.35, 46.23
2019-02-19, 05:07:10, 23.35, 46.23
2019-02-19, 05:07:11, 23.34, 46.23
2019-02-19, 05:07:12, 23.36, 46.2
2019-02-19, 05:07:14, 23.35, 46.23
2019-02-19, 05:07:15, 23.35, 46.2
2019-02-19, 05:07:16, 23.36, 46.2
2019-02-19, 05:07:18, 23.35, 46.2
2019-02-19, 05:07:19, 23.37, 46.2
2019-02-19, 05:07:21, 23.36, 46.2
2019-02-19, 05:07:22, 23.37, 46.2
2019-02-19, 05:07:23, 23.36, 46.23
2019-02-19, 05:07:25, 23.35, 46.23
2019-02-19, 05:07:26, 23.35, 46.2
2019-02-19, 05:07:27, 23.36, 46.23
2019-02-19, 05:07:29, 23.36, 46.23
2019-02-19, 05:07:30, 23.36, 46.2
2019-02-19, 05:07:31, 23.35, 46.23
2019-02-19, 05:07:33, 23.35, 46.23
2019-02-19, 05:07:34, 23.36, 46.23
2019-02-19, 05:07:35, 23.34, 46.23
2019-02-19, 05:07:37, 23.36, 46.26
2019-02-19, 05:07:38, 23.3, 46.22
2019-02-19, 05:07:39, 23.33, 46.23
2019-02-19, 05:07:41, 23.34, 46.26
2019-02-19, 05:07:42, 23.34, 46.23
2019-02-19, 05:07:44, 23.34, 46.26
2019-02-19, 05:07:45, 23.34, 46.23
2019-02-19, 05:07:46, 23.35, 46.23
2019-02-19, 05:07:48, 23.34, 46.26
2019-02-19, 05:07:49, 23.34, 46.23
2019-02-19, 05:07:50, 23.35, 46.23
2019-02-19, 05:07:52, 23.36, 46.23
2019-02-19, 05:07:53, 23.36, 46.23
2019-02-19, 05:07:54, 23.36, 46.23
2019-02-19, 05:07:56, 23.36, 46.23
2019-02-19, 05:07:57, 23.36, 46.23
2019-02-19, 05:07:58, 23.36, 46.23
2019-02-19, 05:08:00, 23.36, 46.23
2019-02-19, 05:08:01, 23.35, 46.23
2019-02-19, 05:08:02, 23.36, 46.2
2019-02-19, 05:08:04, 23.35, 46.23
2019-02-19, 05:08:05, 23.34, 46.2
2019-02-19, 05:08:07, 23.34, 46.2
2019-02-19, 05:08:08, 23.34, 46.2
2019-02-19, 05:08:09, 23.36, 46.2
2019-02-19, 05:08:11, 23.34, 46.2
2019-02-19, 05:08:12, 23.33, 46.19
2019-02-19, 05:08:13, 23.34, 46.2
2019-02-19, 05:08:15, 23.34, 46.2
2019-02-19, 05:08:16, 23.34, 46.2
2019-02-19, 05:08:17, 23.34, 46.2
2019-02-19, 05:08:19, 23.35, 46.2
2019-02-19, 05:08:20, 23.35, 46.2
2019-02-19, 05:08:21, 23.36, 46.2
2019-02-19, 05:08:23, 23.35, 46.2
2019-02-19, 05:08:24, 23.34, 46.2
2019-02-19, 05:08:26, 23.34, 46.2
2019-02-19, 05:08:27, 23.35, 46.2
2019-02-19, 05:08:28, 23.34, 46.2
2019-02-19, 05:08:30, 23.36, 46.23
2019-02-19, 05:08:31, 23.35, 46.2
2019-02-19, 05:08:32, 23.34, 46.2
2019-02-19, 05:08:34, 23.35, 46.2
2019-02-19, 05:08:35, 23.35, 46.2
2019-02-19, 05:08:36, 23.36, 46.2
2019-02-19, 05:08:38, 23.37, 46.2
2019-02-19, 05:08:39, 23.34, 46.2
2019-02-19, 05:08:40, 23.34, 46.2
2019-02-19, 05:08:42, 23.34, 46.2
2019-02-19, 05:08:43, 23.34, 46.2
2019-02-19, 05:08:44, 23.32, 46.19
2019-02-19, 05:08:46, 23.34, 46.2
2019-02-19, 05:08:47, 23.33, 46.19
2019-02-19, 05:08:49, 23.34, 46.2
2019-02-19, 05:08:50, 23.35, 46.2
2019-02-19, 05:08:51, 23.36, 46.2
2019-02-19, 05:08:53, 23.34, 46.2
2019-02-19, 05:08:54, 23.34, 46.2
2019-02-19, 05:08:55, 23.35, 46.2
2019-02-19, 05:08:57, 23.34, 46.2
2019-02-19, 05:08:58, 23.34, 46.2
2019-02-19, 05:08:59, 23.35, 46.17
2019-02-19, 05:09:01, 23.35, 46.2
2019-02-19, 05:09:02, 23.35, 46.2
2019-02-19, 05:09:03, 23.35, 46.2
2019-02-19, 05:09:05, 23.34, 46.2
2019-02-19, 05:09:06, 23.34, 46.2
2019-02-19, 05:09:08, 23.23, 46.18
2019-02-19, 05:09:09, 23.31, 46.22
2019-02-19, 05:09:10, 23.33, 46.26
2019-02-19, 05:09:12, 23.34, 46.26
2019-02-19, 05:09:13, 23.35, 46.23
2019-02-19, 05:09:14, 23.35, 46.23
2019-02-19, 05:09:16, 23.34, 46.23
2019-02-19, 05:09:17, 23.35, 46.23
2019-02-19, 05:09:18, 23.36, 46.23
2019-02-19, 05:09:20, 23.35, 46.2
2019-02-19, 05:09:21, 23.36, 46.2
2019-02-19, 05:09:22, 23.36, 46.2
2019-02-19, 05:09:24, 23.36, 46.2
2019-02-19, 05:09:25, 23.36, 46.2
2019-02-19, 05:09:26, 23.35, 46.2
2019-02-19, 05:09:28, 23.36, 46.2
2019-02-19, 05:09:29, 23.35, 46.2
2019-02-19, 05:09:31, 23.36, 46.2
2019-02-19, 05:09:32, 23.34, 46.2
2019-02-19, 05:09:33, 23.35, 46.2
2019-02-19, 05:09:35, 23.37, 46.2
2019-02-19, 05:09:36, 23.36, 46.2
2019-02-19, 05:09:37, 23.22, 46.18
2019-02-19, 05:09:39, 23.32, 46.26
2019-02-19, 05:09:40, 23.33, 46.26
2019-02-19, 05:09:41, 23.34, 46.26
2019-02-19, 05:09:43, 23.34, 46.26
2019-02-19, 05:09:44, 23.34, 46.23
2019-02-19, 05:09:46, 23.35, 46.23
2019-02-19, 05:09:47, 23.37, 46.23
2019-02-19, 05:09:48, 23.35, 46.23
2019-02-19, 05:09:50, 23.35, 46.2
2019-02-19, 05:09:51, 23.36, 46.2
2019-02-19, 05:09:52, 23.36, 46.2
2019-02-19, 05:09:54, 23.36, 46.2
2019-02-19, 05:09:55, 23.36, 46.2
2019-02-19, 05:09:56, 23.37, 46.2
2019-02-19, 05:09:58, 23.38, 46.2
2019-02-19, 05:09:59, 23.37, 46.2
2019-02-19, 05:10:00, 23.38, 46.2
2019-02-19, 05:10:02, 23.38, 46.2
2019-02-19, 05:10:03, 23.36, 46.2
2019-02-19, 05:10:05, 23.36, 46.2
2019-02-19, 05:10:06, 23.36, 46.2
2019-02-19, 05:10:07, 23.36, 46.2
2019-02-19, 05:10:09, 23.37, 46.17
2019-02-19, 05:10:10, 23.36, 46.17
2019-02-19, 05:10:11, 23.36, 46.17
2019-02-19, 05:10:13, 23.36, 46.17
2019-02-19, 05:10:14, 23.36, 46.17
2019-02-19, 05:10:15, 23.37, 46.17
2019-02-19, 05:10:17, 23.37, 46.17
2019-02-19, 05:10:18, 23.38, 46.14
2019-02-19, 05:10:19, 23.36, 46.13
2019-02-19, 05:10:21, 23.37, 46.14
2019-02-19, 05:10:22, 23.39, 46.17
2019-02-19, 05:10:24, 23.38, 46.14
2019-02-19, 05:10:25, 23.38, 46.17
2019-02-19, 05:10:26, 23.38, 46.14
2019-02-19, 05:10:28, 23.37, 46.14
2019-02-19, 05:10:29, 23.37, 46.14
2019-02-19, 05:10:30, 23.37, 46.14
2019-02-19, 05:10:32, 23.36, 46.13
2019-02-19, 05:10:33, 23.36, 46.13
2019-02-19, 05:10:34, 23.36, 46.13
2019-02-19, 05:10:36, 23.37, 46.14
2019-02-19, 05:10:37, 23.38, 46.14
2019-02-19, 05:10:38, 23.38, 46.14
2019-02-19, 05:10:40, 23.38, 46.14
2019-02-19, 05:10:41, 23.26, 46.12
2019-02-19, 05:10:43, 23.33, 46.19
2019-02-19, 05:10:44, 23.36, 46.2
2019-02-19, 05:10:45, 23.36, 46.2
2019-02-19, 05:10:47, 23.36, 46.2
2019-02-19, 05:10:48, 23.37, 46.2
2019-02-19, 05:10:49, 23.37, 46.2
2019-02-19, 05:10:51, 23.36, 46.17
2019-02-19, 05:10:52, 23.37, 46.2
2019-02-19, 05:10:53, 23.36, 46.2
2019-02-19, 05:10:55, 23.37, 46.17
2019-02-19, 05:10:56, 23.36, 46.13
2019-02-19, 05:10:57, 23.38, 46.14
2019-02-19, 05:10:59, 23.37, 46.14
2019-02-19, 05:11:00, 23.38, 46.14
2019-02-19, 05:11:01, 23.37, 46.14
2019-02-19, 05:11:03, 23.38, 46.14
2019-02-19, 05:11:04, 23.38, 46.14
2019-02-19, 05:11:06, 23.37, 46.14
2019-02-19, 05:11:07, 23.38, 46.1
2019-02-19, 05:11:08, 23.38, 46.14
2019-02-19, 05:11:10, 23.36, 46.1
2019-02-19, 05:11:11, 23.36, 46.13
2019-02-19, 05:11:12, 23.37, 46.14
2019-02-19, 05:11:14, 23.37, 46.14
2019-02-19, 05:11:15, 23.37, 46.14
2019-02-19, 05:11:16, 23.37, 46.14
2019-02-19, 05:11:18, 23.38, 46.14
2019-02-19, 05:11:19, 23.38, 46.14
2019-02-19, 05:11:20, 23.37, 46.1
2019-02-19, 05:11:22, 23.36, 46.13
2019-02-19, 05:11:23, 23.35, 46.1
2019-02-19, 05:11:24, 23.36, 46.07
2019-02-19, 05:11:26, 23.36, 46.1
2019-02-19, 05:11:27, 23.36, 46.1
2019-02-19, 05:11:29, 23.37, 46.1
2019-02-19, 05:11:30, 23.37, 46.1
2019-02-19, 05:11:31, 23.36, 46.1
2019-02-19, 05:11:33, 23.36, 46.07
2019-02-19, 05:11:34, 23.37, 46.14
2019-02-19, 05:11:35, 23.37, 46.1
2019-02-19, 05:11:37, 23.37, 46.1
2019-02-19, 05:11:38, 23.36, 46.1
2019-02-19, 05:11:39, 23.37, 46.1
2019-02-19, 05:11:41, 23.22, 46.12
2019-02-19, 05:11:42, 23.32, 46.19
2019-02-19, 05:11:43, 23.36, 46.2
2019-02-19, 05:11:45, 23.36, 46.17
2019-02-19, 05:11:46, 23.36, 46.17
2019-02-19, 05:11:47, 23.36, 46.17
2019-02-19, 05:11:49, 23.35, 46.17
2019-02-19, 05:11:50, 23.38, 46.14
2019-02-19, 05:11:52, 23.37, 46.17
2019-02-19, 05:11:53, 23.36, 46.13
2019-02-19, 05:11:54, 23.36, 46.13
2019-02-19, 05:11:56, 23.37, 46.14
2019-02-19, 05:11:57, 23.38, 46.14
2019-02-19, 05:11:58, 23.37, 46.14
2019-02-19, 05:12:00, 23.38, 46.14
2019-02-19, 05:12:01, 23.37, 46.14
2019-02-19, 05:12:02, 23.38, 46.14
2019-02-19, 05:12:04, 23.36, 46.13
2019-02-19, 05:12:05, 23.34, 46.13
2019-02-19, 05:12:06, 23.38, 46.14
2019-02-19, 05:12:08, 23.38, 46.14
2019-02-19, 05:12:09, 23.38, 46.14
2019-02-19, 05:12:10, 23.37, 46.14
2019-02-19, 05:12:12, 23.38, 46.1
2019-02-19, 05:12:13, 23.38, 46.14
2019-02-19, 05:12:15, 23.37, 46.14
2019-02-19, 05:12:16, 23.38, 46.14
2019-02-19, 05:12:17, 23.37, 46.14
2019-02-19, 05:12:19, 23.38, 46.1
2019-02-19, 05:12:20, 23.37, 46.1
2019-02-19, 05:12:21, 23.38, 46.1
2019-02-19, 05:12:23, 23.36, 46.1
2019-02-19, 05:12:24, 23.37, 46.1
2019-02-19, 05:12:25, 23.36, 46.1
2019-02-19, 05:12:27, 23.37, 46.14
2019-02-19, 05:12:28, 23.38, 46.1
2019-02-19, 05:12:29, 23.38, 46.1
2019-02-19, 05:12:31, 23.38, 46.1
2019-02-19, 05:12:32, 23.39, 46.11
2019-02-19, 05:12:34, 23.39, 46.07
2019-02-19, 05:12:35, 23.32, 46.1
2019-02-19, 05:12:36, 23.38, 46.14
2019-02-19, 05:12:38, 23.39, 46.14
2019-02-19, 05:12:39, 23.38, 46.14
2019-02-19, 05:12:40, 23.22, 46.12
2019-02-19, 05:12:42, 23.33, 46.19
2019-02-19, 05:12:43, 23.35, 46.23
2019-02-19, 05:12:44, 23.35, 46.2
2019-02-19, 05:12:46, 23.35, 46.2
2019-02-19, 05:12:47, 23.37, 46.17
2019-02-19, 05:12:48, 23.37, 46.17
2019-02-19, 05:12:50, 23.38, 46.14
2019-02-19, 05:12:51, 23.38, 46.14
2019-02-19, 05:12:53, 23.38, 46.14
2019-02-19, 05:12:54, 23.38, 46.1
2019-02-19, 05:12:55, 23.38, 46.1
2019-02-19, 05:12:57, 23.39, 46.11
2019-02-19, 05:12:58, 23.38, 46.07
2019-02-19, 05:12:59, 23.38, 46.07
2019-02-19, 05:13:01, 23.38, 46.07
2019-02-19, 05:13:02, 23.4, 46.08
2019-02-19, 05:13:03, 23.38, 46.07
2019-02-19, 05:13:05, 23.29, 46.06
2019-02-19, 05:13:06, 23.38, 46.07
2019-02-19, 05:13:07, 23.39, 46.11
2019-02-19, 05:13:09, 23.37, 46.1
2019-02-19, 05:13:10, 23.38, 46.1
2019-02-19, 05:13:11, 23.39, 46.11
2019-02-19, 05:13:13, 23.39, 46.11
2019-02-19, 05:13:14, 23.38, 46.1
2019-02-19, 05:13:16, 23.4, 46.08
2019-02-19, 05:13:17, 23.4, 46.08
2019-02-19, 05:13:18, 23.4, 46.08
2019-02-19, 05:13:20, 23.4, 46.08
2019-02-19, 05:13:21, 23.4, 46.08
2019-02-19, 05:13:22, 23.39, 46.07
2019-02-19, 05:13:24, 23.4, 46.11
2019-02-19, 05:13:25, 23.4, 46.08
2019-02-19, 05:13:26, 23.39, 46.07
2019-02-19, 05:13:28, 23.4, 46.08
2019-02-19, 05:13:29, 23.4, 46.08
2019-02-19, 05:13:30, 23.4, 46.11
2019-02-19, 05:13:32, 23.4, 46.08
2019-02-19, 05:13:33, 23.4, 46.08
2019-02-19, 05:13:34, 23.3, 46.09
2019-02-19, 05:13:36, 23.37, 46.14
2019-02-19, 05:13:37, 23.38, 46.14
2019-02-19, 05:13:39, 23.39, 46.14
2019-02-19, 05:13:40, 23.39, 46.14
2019-02-19, 05:13:41, 23.38, 46.1
2019-02-19, 05:13:43, 23.39, 46.14
2019-02-19, 05:13:44, 23.39, 46.07
2019-02-19, 05:13:45, 23.4, 46.08
2019-02-19, 05:13:47, 23.39, 46.07
2019-02-19, 05:13:48, 23.4, 46.08
2019-02-19, 05:13:49, 23.4, 46.08
2019-02-19, 05:13:51, 23.39, 46.07
2019-02-19, 05:13:52, 23.4, 46.08
2019-02-19, 05:13:53, 23.4, 46.08
2019-02-19, 05:13:55, 23.4, 46.04
2019-02-19, 05:13:56, 23.4, 46.08
2019-02-19, 05:13:58, 23.41, 46.08
2019-02-19, 05:13:59, 23.4, 46.08
2019-02-19, 05:14:00, 23.4, 46.08
2019-02-19, 05:14:02, 23.41, 46.08
2019-02-19, 05:14:03, 23.4, 46.08
2019-02-19, 05:14:04, 23.41, 46.04
2019-02-19, 05:14:06, 23.41, 46.04
2019-02-19, 05:14:07, 23.4, 46.04
2019-02-19, 05:14:08, 23.4, 46.08
2019-02-19, 05:14:10, 23.39, 46.01
2019-02-19, 05:14:11, 23.39, 46.04
2019-02-19, 05:14:12, 23.4, 46.04
2019-02-19, 05:14:14, 23.4, 46.04
2019-02-19, 05:14:15, 23.4, 46.08
2019-02-19, 05:14:16, 23.4, 46.08
2019-02-19, 05:14:18, 23.4, 46.08
2019-02-19, 05:14:19, 23.4, 46.08
2019-02-19, 05:14:21, 23.41, 46.08
2019-02-19, 05:14:22, 23.41, 46.08
2019-02-19, 05:14:23, 23.4, 46.08
2019-02-19, 05:14:25, 23.41, 46.04
2019-02-19, 05:14:26, 23.39, 46.07
2019-02-19, 05:14:27, 23.4, 46.08
2019-02-19, 05:14:29, 23.4, 46.08
2019-02-19, 05:14:30, 23.4, 46.08
2019-02-19, 05:14:31, 23.41, 46.08
2019-02-19, 05:14:33, 23.41, 46.04
2019-02-19, 05:14:34, 23.42, 46.08
2019-02-19, 05:14:35, 23.41, 46.04
2019-02-19, 05:14:37, 23.42, 46.08
2019-02-19, 05:14:38, 23.4, 46.08
2019-02-19, 05:14:40, 23.41, 46.04
2019-02-19, 05:14:41, 23.42, 46.05
2019-02-19, 05:14:42, 23.42, 46.01
2019-02-19, 05:14:44, 23.41, 46.01
2019-02-19, 05:14:45, 23.39, 46.04
2019-02-19, 05:14:46, 23.39, 46.04
2019-02-19, 05:14:48, 23.42, 46.05
2019-02-19, 05:14:49, 23.42, 46.05
2019-02-19, 05:14:50, 23.43, 46.05
2019-02-19, 05:14:52, 23.42, 46.08
2019-02-19, 05:14:53, 23.42, 46.05
2019-02-19, 05:14:54, 23.4, 46.04
2019-02-19, 05:14:56, 23.42, 46.05
2019-02-19, 05:14:57, 23.42, 46.05
2019-02-19, 05:14:58, 23.42, 46.01
2019-02-19, 05:15:00, 23.4, 46.01
2019-02-19, 05:15:01, 23.4, 46.01
2019-02-19, 05:15:03, 23.42, 46.01
2019-02-19, 05:15:04, 23.42, 46.01
2019-02-19, 05:15:05, 23.41, 46.01
2019-02-19, 05:15:07, 23.42, 46.01
2019-02-19, 05:15:08, 23.37, 46.01
2019-02-19, 05:15:09, 23.4, 46.04
2019-02-19, 05:15:11, 23.42, 46.05
2019-02-19, 05:15:12, 23.41, 46.01
2019-02-19, 05:15:13, 23.42, 46.01
2019-02-19, 05:15:15, 23.42, 46.01
2019-02-19, 05:15:16, 23.42, 46.05
2019-02-19, 05:15:17, 23.42, 46.05
2019-02-19, 05:15:19, 23.41, 46.04
2019-02-19, 05:15:20, 23.42, 46.08
2019-02-19, 05:15:21, 23.42, 46.08
2019-02-19, 05:15:23, 23.42, 46.08
2019-02-19, 05:15:24, 23.42, 46.08
2019-02-19, 05:15:26, 23.42, 46.05
2019-02-19, 05:15:27, 23.42, 46.05
2019-02-19, 05:15:28, 23.42, 46.08
2019-02-19, 05:15:30, 23.42, 46.05
2019-02-19, 05:15:31, 23.42, 46.01
2019-02-19, 05:15:32, 23.43, 46.05
2019-02-19, 05:15:34, 23.42, 46.01
2019-02-19, 05:15:35, 23.42, 46.01
2019-02-19, 05:15:36, 23.42, 46.01
2019-02-19, 05:15:38, 23.43, 46.01
2019-02-19, 05:15:39, 23.42, 46.01
2019-02-19, 05:15:40, 23.43, 46.01
2019-02-19, 05:15:42, 23.41, 46.01
2019-02-19, 05:15:43, 23.42, 46.01
2019-02-19, 05:15:45, 23.42, 46.01
2019-02-19, 05:15:46, 23.42, 46.01
2019-02-19, 05:15:47, 23.42, 46.01
2019-02-19, 05:15:49, 23.44, 46.02
2019-02-19, 05:15:50, 23.43, 46.01
2019-02-19, 05:15:51, 23.43, 46.01
2019-02-19, 05:15:53, 23.42, 46.05
2019-02-19, 05:15:54, 23.43, 46.01
2019-02-19, 05:15:55, 23.43, 46.01
2019-02-19, 05:15:57, 23.43, 46.01
2019-02-19, 05:15:58, 23.44, 46.02
2019-02-19, 05:15:59, 23.42, 46.01
2019-02-19, 05:16:01, 23.44, 46.02
2019-02-19, 05:16:02, 23.43, 46.01
2019-02-19, 05:16:03, 23.44, 46.02
2019-02-19, 05:16:05, 23.42, 46.01
2019-02-19, 05:16:06, 23.42, 45.98
2019-02-19, 05:16:08, 23.42, 45.98
2019-02-19, 05:16:09, 23.43, 45.98
2019-02-19, 05:16:10, 23.43, 46.01
2019-02-19, 05:16:12, 23.43, 46.01
2019-02-19, 05:16:13, 23.44, 46.02
2019-02-19, 05:16:14, 23.43, 46.01
2019-02-19, 05:16:16, 23.43, 46.01
2019-02-19, 05:16:17, 23.43, 46.01
2019-02-19, 05:16:18, 23.44, 46.02
2019-02-19, 05:16:20, 23.44, 46.02
2019-02-19, 05:16:21, 23.43, 46.01
2019-02-19, 05:16:22, 23.44, 45.98
2019-02-19, 05:16:24, 23.44, 46.02
2019-02-19, 05:16:25, 23.43, 46.01
2019-02-19, 05:16:26, 23.42, 45.98
2019-02-19, 05:16:28, 23.43, 45.98
2019-02-19, 05:16:29, 23.44, 45.98
2019-02-19, 05:16:31, 23.44, 45.98
2019-02-19, 05:16:32, 23.43, 45.98
2019-02-19, 05:16:33, 23.44, 45.98
2019-02-19, 05:16:35, 23.44, 45.98
2019-02-19, 05:16:36, 23.44, 46.02
2019-02-19, 05:16:37, 23.44, 45.98
2019-02-19, 05:16:39, 23.42, 45.98
2019-02-19, 05:16:40, 23.43, 45.98
2019-02-19, 05:16:41, 23.44, 45.98
2019-02-19, 05:16:43, 23.44, 45.95
2019-02-19, 05:16:44, 23.44, 45.98
2019-02-19, 05:16:46, 23.44, 45.95
2019-02-19, 05:16:47, 23.44, 45.98
2019-02-19, 05:16:48, 23.43, 45.98
2019-02-19, 05:16:50, 23.42, 45.98
2019-02-19, 05:16:51, 23.44, 45.98
2019-02-19, 05:16:52, 23.44, 45.98
2019-02-19, 05:16:54, 23.44, 46.02
2019-02-19, 05:16:55, 23.44, 45.98
2019-02-19, 05:16:56, 23.44, 45.98
2019-02-19, 05:16:58, 23.43, 45.98
2019-02-19, 05:16:59, 23.44, 45.98
2019-02-19, 05:17:00, 23.43, 45.98
2019-02-19, 05:17:02, 23.39, 46.01
2019-02-19, 05:17:03, 23.42, 46.01
2019-02-19, 05:17:05, 23.43, 45.98
2019-02-19, 05:17:06, 23.41, 45.98
2019-02-19, 05:17:07, 23.42, 46.01
2019-02-19, 05:17:09, 23.42, 45.98
2019-02-19, 05:17:10, 23.42, 45.95
2019-02-19, 05:17:11, 23.42, 45.98
2019-02-19, 05:17:13, 23.42, 45.95
2019-02-19, 05:17:14, 23.42, 45.95
2019-02-19, 05:17:15, 23.42, 45.98
2019-02-19, 05:17:17, 23.42, 45.98
2019-02-19, 05:17:18, 23.42, 45.98
2019-02-19, 05:17:19, 23.42, 45.95
2019-02-19, 05:17:21, 23.42, 45.98
2019-02-19, 05:17:22, 23.42, 45.95
2019-02-19, 05:17:24, 23.42, 45.95
2019-02-19, 05:17:25, 23.43, 45.95
2019-02-19, 05:17:26, 23.43, 45.95
2019-02-19, 05:17:28, 23.42, 45.95
2019-02-19, 05:17:29, 23.42, 45.95
2019-02-19, 05:17:30, 23.43, 45.95
2019-02-19, 05:17:32, 23.42, 45.95
2019-02-19, 05:17:33, 23.43, 45.95
2019-02-19, 05:17:34, 23.42, 45.95
2019-02-19, 05:17:36, 23.43, 45.95
2019-02-19, 05:17:37, 23.42, 45.95
2019-02-19, 05:17:38, 23.42, 45.95
2019-02-19, 05:17:40, 23.43, 45.98
2019-02-19, 05:17:41, 23.44, 45.95
2019-02-19, 05:17:43, 23.44, 45.95
2019-02-19, 05:17:44, 23.42, 45.95
2019-02-19, 05:17:45, 23.43, 45.95
2019-02-19, 05:17:47, 23.44, 45.98
2019-02-19, 05:17:48, 23.44, 45.98
2019-02-19, 05:17:49, 23.43, 45.95
2019-02-19, 05:17:51, 23.43, 45.95
2019-02-19, 05:17:52, 23.44, 45.95
2019-02-19, 05:17:53, 23.44, 45.98
2019-02-19, 05:17:55, 23.42, 45.95
2019-02-19, 05:17:56, 23.44, 45.95
2019-02-19, 05:17:58, 23.44, 45.95
2019-02-19, 05:17:59, 23.44, 45.98
2019-02-19, 05:18:00, 23.45, 45.95
2019-02-19, 05:18:02, 23.44, 45.98
2019-02-19, 05:18:03, 23.44, 45.95
2019-02-19, 05:18:04, 23.44, 45.95
2019-02-19, 05:18:06, 23.45, 45.98
2019-02-19, 05:18:07, 23.45, 45.98
2019-02-19, 05:18:08, 23.44, 45.95
2019-02-19, 05:18:10, 23.46, 45.95
2019-02-19, 05:18:11, 23.44, 45.95
2019-02-19, 05:18:12, 23.44, 45.98
2019-02-19, 05:18:14, 23.44, 45.95
2019-02-19, 05:18:15, 23.44, 45.95
2019-02-19, 05:18:16, 23.44, 45.98
2019-02-19, 05:18:18, 23.44, 45.95
2019-02-19, 05:18:19, 23.45, 45.95
2019-02-19, 05:18:21, 23.44, 45.95
2019-02-19, 05:18:22, 23.44, 45.95
2019-02-19, 05:18:23, 23.45, 45.95
2019-02-19, 05:18:25, 23.44, 45.95
2019-02-19, 05:18:26, 23.44, 45.95
2019-02-19, 05:18:27, 23.43, 45.95
2019-02-19, 05:18:29, 23.45, 45.95
2019-02-19, 05:18:30, 23.43, 45.95
2019-02-19, 05:18:31, 23.29, 45.97
2019-02-19, 05:18:33, 23.4, 46.01
2019-02-19, 05:18:34, 23.42, 46.05
2019-02-19, 05:18:35, 23.42, 46.01
2019-02-19, 05:18:37, 23.43, 46.01
2019-02-19, 05:18:38, 23.42, 45.98
2019-02-19, 05:18:40, 23.42, 45.98
2019-02-19, 05:18:41, 23.43, 45.98
2019-02-19, 05:18:42, 23.43, 45.98
2019-02-19, 05:18:44, 23.42, 46.01
2019-02-19, 05:18:45, 23.42, 45.98
2019-02-19, 05:18:46, 23.44, 46.02
2019-02-19, 05:18:48, 23.44, 45.98
2019-02-19, 05:18:49, 23.44, 45.98
2019-02-19, 05:18:50, 23.44, 45.98
2019-02-19, 05:18:52, 23.43, 45.98
2019-02-19, 05:18:53, 23.44, 45.95
2019-02-19, 05:18:54, 23.44, 45.95
2019-02-19, 05:18:56, 23.43, 45.95
2019-02-19, 05:18:57, 23.43, 45.95
2019-02-19, 05:18:59, 23.43, 45.95
2019-02-19, 05:19:00, 23.44, 45.95
2019-02-19, 05:19:01, 23.28, 45.96
2019-02-19, 05:19:03, 23.38, 46.01
2019-02-19, 05:19:04, 23.41, 46.04
2019-02-19, 05:19:05, 23.41, 46.01
2019-02-19, 05:19:07, 23.41, 46.01
2019-02-19, 05:19:08, 23.43, 46.01
2019-02-19, 05:19:09, 23.43, 46.01
2019-02-19, 05:19:11, 23.42, 45.98
2019-02-19, 05:19:12, 23.43, 46.01
2019-02-19, 05:19:13, 23.43, 45.98
2019-02-19, 05:19:15, 23.44, 45.98
2019-02-19, 05:19:16, 23.44, 45.98
2019-02-19, 05:19:17, 23.44, 45.98
2019-02-19, 05:19:19, 23.42, 45.95
2019-02-19, 05:19:20, 23.44, 45.95
2019-02-19, 05:19:22, 23.43, 45.95
2019-02-19, 05:19:23, 23.42, 45.95
2019-02-19, 05:19:24, 23.42, 45.95
2019-02-19, 05:19:26, 23.42, 45.95
2019-02-19, 05:19:27, 23.44, 45.95
2019-02-19, 05:19:28, 23.43, 45.95
2019-02-19, 05:19:30, 23.43, 45.95
2019-02-19, 05:19:31, 23.43, 45.95
2019-02-19, 05:19:32, 23.43, 45.95
2019-02-19, 05:19:34, 23.44, 45.98
2019-02-19, 05:19:35, 23.44, 45.95
2019-02-19, 05:19:36, 23.44, 45.98
2019-02-19, 05:19:38, 23.44, 45.98
2019-02-19, 05:19:39, 23.44, 45.98
2019-02-19, 05:19:41, 23.44, 45.98
2019-02-19, 05:19:42, 23.44, 45.98
2019-02-19, 05:19:43, 23.44, 45.98
2019-02-19, 05:19:45, 23.44, 45.95
2019-02-19, 05:19:46, 23.45, 45.95
2019-02-19, 05:19:47, 23.44, 45.95
2019-02-19, 05:19:49, 23.44, 45.95
2019-02-19, 05:19:50, 23.44, 45.95
2019-02-19, 05:19:51, 23.44, 45.95
2019-02-19, 05:19:53, 23.45, 45.95
2019-02-19, 05:19:54, 23.43, 45.95
2019-02-19, 05:19:55, 23.44, 45.95
2019-02-19, 05:19:57, 23.44, 45.95
2019-02-19, 05:19:58, 23.44, 45.95
2019-02-19, 05:20:00, 23.44, 45.92
2019-02-19, 05:20:01, 23.44, 45.92
2019-02-19, 05:20:02, 23.43, 45.92
2019-02-19, 05:20:04, 23.44, 45.92
2019-02-19, 05:20:05, 23.44, 45.92
2019-02-19, 05:20:06, 23.44, 45.92
2019-02-19, 05:20:08, 23.44, 45.92
2019-02-19, 05:20:09, 23.44, 45.92
2019-02-19, 05:20:10, 23.44, 45.92
2019-02-19, 05:20:12, 23.43, 45.95
2019-02-19, 05:20:13, 23.44, 45.92
2019-02-19, 05:20:14, 23.43, 45.92
2019-02-19, 05:20:16, 23.43, 45.89
2019-02-19, 05:20:17, 23.43, 45.89
2019-02-19, 05:20:18, 23.43, 45.89
2019-02-19, 05:20:20, 23.42, 45.92
2019-02-19, 05:20:21, 23.43, 45.89
2019-02-19, 05:20:23, 23.43, 45.89
2019-02-19, 05:20:24, 23.43, 45.89
2019-02-19, 05:20:25, 23.43, 45.92
2019-02-19, 05:20:27, 23.42, 45.88
2019-02-19, 05:20:28, 23.42, 45.92
2019-02-19, 05:20:29, 23.43, 45.92
2019-02-19, 05:20:31, 23.44, 45.92
2019-02-19, 05:20:32, 23.44, 45.92
2019-02-19, 05:20:33, 23.44, 45.92
2019-02-19, 05:20:35, 23.44, 45.92
2019-02-19, 05:20:36, 23.43, 45.92
2019-02-19, 05:20:37, 23.43, 45.92
2019-02-19, 05:20:39, 23.44, 45.89
2019-02-19, 05:20:40, 23.44, 45.89
2019-02-19, 05:20:41, 23.44, 45.89
2019-02-19, 05:20:43, 23.43, 45.89
2019-02-19, 05:20:44, 23.44, 45.89
2019-02-19, 05:20:46, 23.44, 45.89
2019-02-19, 05:20:47, 23.45, 45.89
2019-02-19, 05:20:48, 23.44, 45.92
2019-02-19, 05:20:50, 23.44, 45.89
2019-02-19, 05:20:51, 23.43, 45.92
2019-02-19, 05:20:52, 23.44, 45.92
2019-02-19, 05:20:54, 23.44, 45.92
2019-02-19, 05:20:55, 23.46, 45.92
2019-02-19, 05:20:56, 23.45, 45.92
2019-02-19, 05:20:58, 23.45, 45.89
2019-02-19, 05:20:59, 23.45, 45.92
2019-02-19, 05:21:00, 23.44, 45.89
2019-02-19, 05:21:02, 23.44, 45.92
2019-02-19, 05:21:03, 23.44, 45.89
2019-02-19, 05:21:04, 23.43, 45.89
2019-02-19, 05:21:06, 23.45, 45.92
2019-02-19, 05:21:07, 23.44, 45.89
2019-02-19, 05:21:09, 23.45, 45.92
2019-02-19, 05:21:10, 23.45, 45.92
2019-02-19, 05:21:11, 23.46, 45.92
2019-02-19, 05:21:13, 23.45, 45.92
2019-02-19, 05:21:14, 23.45, 45.92
2019-02-19, 05:21:15, 23.45, 45.89
2019-02-19, 05:21:17, 23.45, 45.89
2019-02-19, 05:21:18, 23.44, 45.92
2019-02-19, 05:21:19, 23.44, 45.92
2019-02-19, 05:21:21, 23.44, 45.95
2019-02-19, 05:21:22, 23.45, 45.89
2019-02-19, 05:21:23, 23.44, 45.92
2019-02-19, 05:21:25, 23.43, 45.89
2019-02-19, 05:21:26, 23.44, 45.89
2019-02-19, 05:21:27, 23.43, 45.89
2019-02-19, 05:21:29, 23.44, 45.89
2019-02-19, 05:21:30, 23.43, 45.92
2019-02-19, 05:21:32, 23.43, 45.92
2019-02-19, 05:21:33, 23.42, 45.92
2019-02-19, 05:21:34, 23.43, 45.92
2019-02-19, 05:21:36, 23.44, 45.92
2019-02-19, 05:21:37, 23.43, 45.92
2019-02-19, 05:21:38, 23.43, 45.95
2019-02-19, 05:21:40, 23.44, 45.89
2019-02-19, 05:21:41, 23.43, 45.92
2019-02-19, 05:21:42, 23.44, 45.92
2019-02-19, 05:21:44, 23.44, 45.92
2019-02-19, 05:21:45, 23.43, 45.92
2019-02-19, 05:21:46, 23.44, 45.92
2019-02-19, 05:21:48, 23.42, 45.92
2019-02-19, 05:21:49, 23.44, 45.92
2019-02-19, 05:21:51, 23.44, 45.92
2019-02-19, 05:21:52, 23.43, 45.92
2019-02-19, 05:21:53, 23.43, 45.95
2019-02-19, 05:21:55, 23.43, 45.92
2019-02-19, 05:21:56, 23.43, 45.92
2019-02-19, 05:21:57, 23.44, 45.95
2019-02-19, 05:21:59, 23.34, 45.94
2019-02-19, 05:22:00, 23.39, 45.95
2019-02-19, 05:22:01, 23.4, 45.95
2019-02-19, 05:22:03, 23.41, 45.95
2019-02-19, 05:22:04, 23.42, 45.95
2019-02-19, 05:22:05, 23.42, 45.95
2019-02-19, 05:22:07, 23.42, 45.95
2019-02-19, 05:22:08, 23.42, 45.92
2019-02-19, 05:22:09, 23.42, 45.95
2019-02-19, 05:22:11, 23.43, 45.95
2019-02-19, 05:22:12, 23.44, 45.92
2019-02-19, 05:22:14, 23.44, 45.95
2019-02-19, 05:22:15, 23.44, 45.95
2019-02-19, 05:22:16, 23.44, 45.92
2019-02-19, 05:22:18, 23.43, 45.95
2019-02-19, 05:22:19, 23.42, 45.95
2019-02-19, 05:22:20, 23.42, 45.95
2019-02-19, 05:22:22, 23.43, 45.95
2019-02-19, 05:22:23, 23.42, 45.95
2019-02-19, 05:22:24, 23.42, 45.95
2019-02-19, 05:22:26, 23.44, 45.95
2019-02-19, 05:22:27, 23.44, 45.95
2019-02-19, 05:22:28, 23.44, 45.95
2019-02-19, 05:22:30, 23.44, 45.95
2019-02-19, 05:22:31, 23.43, 45.95
2019-02-19, 05:22:32, 23.44, 45.95
2019-02-19, 05:22:34, 23.28, 46.0
2019-02-19, 05:22:35, 23.38, 46.04
2019-02-19, 05:22:37, 23.39, 46.01
2019-02-19, 05:22:38, 23.42, 46.01
2019-02-19, 05:22:39, 23.42, 46.01
2019-02-19, 05:22:41, 23.42, 46.01
2019-02-19, 05:22:42, 23.41, 46.01
2019-02-19, 05:22:43, 23.42, 46.01
2019-02-19, 05:22:45, 23.42, 46.01
2019-02-19, 05:22:46, 23.43, 45.98
2019-02-19, 05:22:47, 23.42, 45.95
2019-02-19, 05:22:49, 23.42, 45.98
2019-02-19, 05:22:50, 23.43, 45.98
2019-02-19, 05:22:51, 23.43, 45.95
2019-02-19, 05:22:53, 23.42, 45.95
2019-02-19, 05:22:54, 23.43, 45.95
2019-02-19, 05:22:55, 23.42, 45.95
2019-02-19, 05:22:57, 23.44, 45.95
2019-02-19, 05:22:58, 23.44, 45.95
2019-02-19, 05:23:00, 23.44, 45.95
2019-02-19, 05:23:01, 23.42, 45.95
2019-02-19, 05:23:02, 23.41, 45.95
2019-02-19, 05:23:04, 23.42, 45.95
2019-02-19, 05:23:05, 23.42, 45.95
2019-02-19, 05:23:06, 23.44, 45.95
2019-02-19, 05:23:08, 23.42, 45.95
2019-02-19, 05:23:09, 23.44, 45.95
2019-02-19, 05:23:10, 23.43, 45.98
2019-02-19, 05:23:12, 23.42, 45.98
2019-02-19, 05:23:13, 23.44, 45.98
2019-02-19, 05:23:14, 23.43, 45.95
2019-02-19, 05:23:16, 23.42, 45.95
2019-02-19, 05:23:17, 23.42, 45.95
2019-02-19, 05:23:18, 23.42, 45.95
2019-02-19, 05:23:20, 23.42, 45.95
2019-02-19, 05:23:21, 23.42, 45.95
2019-02-19, 05:23:23, 23.42, 45.95
2019-02-19, 05:23:24, 23.42, 45.95
2019-02-19, 05:23:25, 23.42, 45.95
2019-02-19, 05:23:27, 23.44, 45.95
2019-02-19, 05:23:28, 23.3, 45.97
2019-02-19, 05:23:29, 23.39, 46.01
2019-02-19, 05:23:31, 23.41, 46.01
2019-02-19, 05:23:32, 23.4, 46.01
2019-02-19, 05:23:33, 23.41, 45.98
2019-02-19, 05:23:35, 23.42, 46.01
2019-02-19, 05:23:36, 23.42, 46.01
2019-02-19, 05:23:37, 23.41, 46.01
2019-02-19, 05:23:39, 23.41, 46.01
2019-02-19, 05:23:40, 23.41, 45.98
2019-02-19, 05:23:41, 23.42, 45.98
2019-02-19, 05:23:43, 23.41, 45.98
2019-02-19, 05:23:44, 23.42, 45.98
2019-02-19, 05:23:46, 23.41, 45.95
2019-02-19, 05:23:47, 23.41, 45.98
2019-02-19, 05:23:48, 23.41, 45.98
2019-02-19, 05:23:50, 23.41, 45.98
2019-02-19, 05:23:51, 23.41, 45.98
2019-02-19, 05:23:52, 23.41, 45.95
2019-02-19, 05:23:54, 23.42, 45.95
2019-02-19, 05:23:55, 23.42, 45.95
2019-02-19, 05:23:56, 23.42, 45.98
2019-02-19, 05:23:58, 23.29, 45.97
2019-02-19, 05:23:59, 23.38, 46.01
2019-02-19, 05:24:00, 23.4, 46.01
2019-02-19, 05:24:02, 23.41, 46.08
2019-02-19, 05:24:03, 23.4, 46.04
2019-02-19, 05:24:04, 23.42, 46.05
2019-02-19, 05:24:06, 23.42, 46.01
2019-02-19, 05:24:07, 23.4, 46.01
2019-02-19, 05:24:09, 23.41, 46.01
2019-02-19, 05:24:10, 23.4, 45.98
2019-02-19, 05:24:11, 23.41, 45.98
2019-02-19, 05:24:13, 23.4, 45.98
2019-02-19, 05:24:14, 23.41, 45.98
2019-02-19, 05:24:15, 23.41, 45.98
2019-02-19, 05:24:17, 23.4, 46.01
2019-02-19, 05:24:18, 23.4, 45.98
2019-02-19, 05:24:19, 23.41, 45.98
2019-02-19, 05:24:21, 23.4, 45.98
2019-02-19, 05:24:22, 23.41, 45.98
2019-02-19, 05:24:23, 23.42, 45.98
2019-02-19, 05:24:25, 23.42, 45.95
2019-02-19, 05:24:26, 23.41, 45.98
2019-02-19, 05:24:27, 23.4, 45.95
2019-02-19, 05:24:29, 23.41, 45.95
2019-02-19, 05:24:30, 23.41, 45.98
2019-02-19, 05:24:32, 23.41, 45.98
2019-02-19, 05:24:33, 23.41, 45.98
2019-02-19, 05:24:34, 23.4, 45.98
2019-02-19, 05:24:36, 23.41, 45.98
2019-02-19, 05:24:37, 23.41, 45.98
2019-02-19, 05:24:38, 23.42, 45.95
2019-02-19, 05:24:40, 23.41, 45.98
2019-02-19, 05:24:41, 23.41, 45.95
2019-02-19, 05:24:42, 23.4, 45.98
2019-02-19, 05:24:44, 23.41, 45.95
2019-02-19, 05:24:45, 23.4, 45.95
2019-02-19, 05:24:46, 23.41, 45.95
2019-02-19, 05:24:48, 23.41, 45.98
2019-02-19, 05:24:49, 23.42, 45.98
2019-02-19, 05:24:51, 23.39, 45.98
2019-02-19, 05:24:52, 23.42, 45.95
2019-02-19, 05:24:53, 23.41, 45.95
2019-02-19, 05:24:55, 23.4, 45.95
2019-02-19, 05:24:56, 23.4, 45.95
2019-02-19, 05:24:57, 23.4, 45.98
2019-02-19, 05:24:59, 23.4, 45.95
2019-02-19, 05:25:00, 23.4, 45.95
2019-02-19, 05:25:01, 23.4, 45.95
2019-02-19, 05:25:03, 23.4, 45.95
2019-02-19, 05:25:04, 23.4, 45.98
2019-02-19, 05:25:05, 23.4, 45.95
2019-02-19, 05:25:07, 23.39, 45.98
2019-02-19, 05:25:08, 23.4, 45.98
2019-02-19, 05:25:10, 23.41, 45.98
2019-02-19, 05:25:11, 23.4, 46.01
2019-02-19, 05:25:12, 23.4, 46.01
2019-02-19, 05:25:14, 23.39, 46.01
2019-02-19, 05:25:15, 23.4, 45.98
2019-02-19, 05:25:16, 23.38, 46.01
2019-02-19, 05:25:18, 23.39, 46.01
2019-02-19, 05:25:19, 23.38, 46.01
2019-02-19, 05:25:20, 23.4, 45.98
2019-02-19, 05:25:22, 23.39, 45.98
2019-02-19, 05:25:23, 23.39, 46.01
2019-02-19, 05:25:24, 23.4, 46.01
2019-02-19, 05:25:26, 23.39, 45.98
2019-02-19, 05:25:27, 23.39, 46.01
2019-02-19, 05:25:29, 23.38, 46.01
2019-02-19, 05:25:30, 23.38, 45.98
2019-02-19, 05:25:31, 23.26, 45.99
2019-02-19, 05:25:33, 23.36, 46.04
2019-02-19, 05:25:34, 23.36, 46.07
2019-02-19, 05:25:35, 23.36, 46.07
2019-02-19, 05:25:37, 23.37, 46.07
2019-02-19, 05:25:38, 23.37, 46.04
2019-02-19, 05:25:39, 23.38, 46.04
2019-02-19, 05:25:41, 23.38, 46.01
2019-02-19, 05:25:42, 23.38, 46.01
2019-02-19, 05:25:43, 23.38, 46.04
2019-02-19, 05:25:45, 23.38, 46.01
2019-02-19, 05:25:46, 23.38, 46.01
2019-02-19, 05:25:48, 23.36, 46.01
2019-02-19, 05:25:49, 23.38, 46.01
2019-02-19, 05:25:50, 23.36, 46.01
2019-02-19, 05:25:52, 23.36, 46.01
2019-02-19, 05:25:53, 23.37, 46.01
2019-02-19, 05:25:54, 23.36, 46.01
2019-02-19, 05:25:56, 23.37, 46.01
2019-02-19, 05:25:57, 23.36, 46.01
2019-02-19, 05:25:58, 23.36, 46.01
2019-02-19, 05:26:00, 23.36, 46.01
2019-02-19, 05:26:01, 23.36, 46.01
2019-02-19, 05:26:02, 23.37, 46.01
2019-02-19, 05:26:04, 23.37, 46.01
2019-02-19, 05:26:05, 23.38, 46.01
2019-02-19, 05:26:06, 23.38, 46.04
2019-02-19, 05:26:08, 23.38, 46.04
2019-02-19, 05:26:09, 23.37, 46.04
2019-02-19, 05:26:11, 23.39, 46.01
2019-02-19, 05:26:12, 23.38, 46.01
2019-02-19, 05:26:13, 23.38, 46.04
2019-02-19, 05:26:15, 23.38, 46.01
2019-02-19, 05:26:16, 23.38, 46.01
2019-02-19, 05:26:17, 23.38, 46.01
2019-02-19, 05:26:19, 23.38, 46.01
2019-02-19, 05:26:20, 23.38, 46.01
2019-02-19, 05:26:21, 23.36, 46.04
2019-02-19, 05:26:23, 23.36, 46.01
2019-02-19, 05:26:24, 23.38, 46.04
2019-02-19, 05:26:25, 23.38, 46.04
2019-02-19, 05:26:27, 23.36, 46.01
2019-02-19, 05:26:28, 23.38, 46.01
2019-02-19, 05:26:30, 23.38, 46.04
2019-02-19, 05:26:31, 23.37, 46.01
2019-02-19, 05:26:32, 23.38, 46.04
2019-02-19, 05:26:34, 23.38, 46.04
2019-02-19, 05:26:35, 23.38, 46.01
2019-02-19, 05:26:36, 23.38, 46.01
2019-02-19, 05:26:38, 23.38, 46.04
2019-02-19, 05:26:39, 23.4, 46.04
2019-02-19, 05:26:40, 23.38, 46.04
2019-02-19, 05:26:42, 23.38, 46.04
2019-02-19, 05:26:43, 23.38, 46.04
2019-02-19, 05:26:44, 23.38, 46.01
2019-02-19, 05:26:46, 23.38, 46.04
2019-02-19, 05:26:47, 23.39, 46.04
2019-02-19, 05:26:48, 23.38, 46.04
2019-02-19, 05:26:50, 23.38, 46.01
2019-02-19, 05:26:51, 23.38, 46.01
2019-02-19, 05:26:53, 23.39, 46.01
2019-02-19, 05:26:54, 23.38, 46.01
2019-02-19, 05:26:55, 23.37, 46.01
2019-02-19, 05:26:57, 23.38, 46.01
2019-02-19, 05:26:58, 23.36, 46.01
2019-02-19, 05:26:59, 23.37, 46.01
2019-02-19, 05:27:01, 23.38, 46.01
2019-02-19, 05:27:02, 23.37, 46.01
2019-02-19, 05:27:03, 23.39, 46.01
2019-02-19, 05:27:05, 23.37, 46.01
2019-02-19, 05:27:06, 23.37, 46.04
2019-02-19, 05:27:07, 23.36, 46.04
2019-02-19, 05:27:09, 23.36, 46.04
2019-02-19, 05:27:10, 23.36, 46.04
2019-02-19, 05:27:11, 23.38, 46.04
2019-02-19, 05:27:13, 23.38, 46.01
2019-02-19, 05:27:14, 23.37, 46.04
2019-02-19, 05:27:16, 23.38, 46.04
2019-02-19, 05:27:17, 23.37, 46.04
2019-02-19, 05:27:18, 23.38, 46.01
2019-02-19, 05:27:20, 23.38, 46.01
2019-02-19, 05:27:21, 23.38, 46.01
2019-02-19, 05:27:22, 23.38, 46.01
2019-02-19, 05:27:24, 23.38, 46.01
2019-02-19, 05:27:25, 23.38, 46.01
2019-02-19, 05:27:26, 23.37, 46.01
2019-02-19, 05:27:28, 23.37, 46.01
2019-02-19, 05:27:29, 23.36, 46.01
2019-02-19, 05:27:30, 23.36, 46.01
2019-02-19, 05:27:32, 23.36, 46.01
2019-02-19, 05:27:33, 23.36, 46.01
2019-02-19, 05:27:34, 23.36, 46.01
2019-02-19, 05:27:36, 23.36, 46.01
2019-02-19, 05:27:37, 23.36, 46.01
2019-02-19, 05:27:39, 23.36, 46.01
2019-02-19, 05:27:40, 23.37, 46.01
2019-02-19, 05:27:41, 23.36, 46.01
2019-02-19, 05:27:43, 23.35, 46.0
2019-02-19, 05:27:44, 23.36, 46.01
2019-02-19, 05:27:45, 23.35, 46.0
2019-02-19, 05:27:47, 23.36, 46.01
2019-02-19, 05:27:48, 23.36, 46.01
2019-02-19, 05:27:49, 23.36, 46.01
2019-02-19, 05:27:51, 23.36, 46.01
2019-02-19, 05:27:52, 23.35, 46.0
2019-02-19, 05:27:53, 23.35, 46.0
2019-02-19, 05:27:55, 23.26, 45.99
2019-02-19, 05:27:56, 23.34, 46.0
2019-02-19, 05:27:57, 23.34, 46.04
2019-02-19, 05:27:59, 23.35, 46.04
2019-02-19, 05:28:00, 23.35, 46.07
2019-02-19, 05:28:02, 23.36, 46.04
2019-02-19, 05:28:03, 23.35, 46.04
2019-02-19, 05:28:04, 23.36, 46.01
2019-02-19, 05:28:06, 23.36, 46.07
2019-02-19, 05:28:07, 23.36, 46.01
2019-02-19, 05:28:08, 23.36, 46.01
2019-02-19, 05:28:10, 23.36, 46.04
2019-02-19, 05:28:11, 23.36, 46.04
2019-02-19, 05:28:12, 23.37, 46.04
2019-02-19, 05:28:14, 23.37, 46.01
2019-02-19, 05:28:15, 23.37, 46.01
2019-02-19, 05:28:16, 23.37, 46.04
2019-02-19, 05:28:18, 23.36, 46.01
2019-02-19, 05:28:19, 23.35, 46.04
2019-02-19, 05:28:20, 23.35, 46.04
2019-02-19, 05:28:22, 23.36, 46.01
2019-02-19, 05:28:23, 23.38, 46.01
2019-02-19, 05:28:25, 23.36, 46.04
2019-02-19, 05:28:26, 23.35, 46.0
2019-02-19, 05:28:27, 23.37, 46.04
2019-02-19, 05:28:29, 23.36, 46.01
2019-02-19, 05:28:30, 23.36, 46.01
2019-02-19, 05:28:31, 23.36, 46.01
2019-02-19, 05:28:33, 23.36, 46.04
2019-02-19, 05:28:34, 23.38, 46.04
2019-02-19, 05:28:35, 23.37, 46.04
2019-02-19, 05:28:37, 23.37, 46.04
2019-02-19, 05:28:38, 23.35, 46.04
2019-02-19, 05:28:39, 23.37, 46.04
2019-02-19, 05:28:41, 23.38, 46.07
2019-02-19, 05:28:42, 23.37, 46.04
2019-02-19, 05:28:44, 23.37, 46.04
2019-02-19, 05:28:45, 23.37, 46.04
2019-02-19, 05:28:46, 23.38, 46.04
2019-02-19, 05:28:48, 23.37, 46.04
2019-02-19, 05:28:49, 23.36, 46.01
2019-02-19, 05:28:50, 23.36, 46.04
2019-02-19, 05:28:52, 23.36, 46.07
2019-02-19, 05:28:53, 23.36, 46.04
2019-02-19, 05:28:54, 23.36, 46.01
2019-02-19, 05:28:56, 23.34, 46.04
2019-02-19, 05:28:57, 23.37, 46.04
2019-02-19, 05:28:58, 23.37, 46.04
2019-02-19, 05:29:00, 23.37, 46.04
2019-02-19, 05:29:01, 23.36, 46.04
2019-02-19, 05:29:02, 23.37, 46.04
2019-02-19, 05:29:04, 23.36, 46.01
2019-02-19, 05:29:05, 23.36, 46.01
2019-02-19, 05:29:07, 23.36, 46.01
2019-02-19, 05:29:08, 23.37, 46.01
2019-02-19, 05:29:09, 23.36, 46.01
2019-02-19, 05:29:11, 23.36, 46.01
2019-02-19, 05:29:12, 23.36, 46.01
2019-02-19, 05:29:13, 23.36, 46.01
2019-02-19, 05:29:15, 23.36, 46.01
2019-02-19, 05:29:16, 23.36, 46.01
2019-02-19, 05:29:17, 23.36, 46.01
2019-02-19, 05:29:19, 23.35, 46.0
2019-02-19, 05:29:20, 23.35, 46.0
2019-02-19, 05:29:21, 23.36, 46.01
2019-02-19, 05:29:23, 23.35, 46.0
2019-02-19, 05:29:24, 23.21, 46.02
2019-02-19, 05:29:25, 23.32, 46.07
2019-02-19, 05:29:27, 23.33, 46.07
2019-02-19, 05:29:28, 23.34, 46.07
2019-02-19, 05:29:30, 23.33, 46.07
2019-02-19, 05:29:31, 23.34, 46.04
2019-02-19, 05:29:32, 23.34, 46.07
2019-02-19, 05:29:34, 23.34, 46.07
2019-02-19, 05:29:35, 23.34, 46.07
2019-02-19, 05:29:36, 23.35, 46.07
2019-02-19, 05:29:38, 23.34, 46.07
2019-02-19, 05:29:39, 23.34, 46.07
2019-02-19, 05:29:40, 23.34, 46.04
2019-02-19, 05:29:42, 23.34, 46.04
2019-02-19, 05:29:43, 23.36, 46.04
2019-02-19, 05:29:44, 23.36, 46.04
2019-02-19, 05:29:46, 23.36, 46.04
2019-02-19, 05:29:47, 23.35, 46.04
2019-02-19, 05:29:48, 23.35, 46.04
2019-02-19, 05:29:50, 23.35, 46.04
2019-02-19, 05:29:51, 23.35, 46.04
2019-02-19, 05:29:53, 23.36, 46.01
2019-02-19, 05:29:54, 23.2, 46.05
2019-02-19, 05:29:55, 23.3, 46.09
2019-02-19, 05:29:57, 23.32, 46.1
2019-02-19, 05:29:58, 23.29, 46.13
2019-02-19, 05:29:59, 23.32, 46.13
2019-02-19, 05:30:01, 23.33, 46.1
2019-02-19, 05:30:02, 23.33, 46.1
2019-02-19, 05:30:03, 23.34, 46.1
2019-02-19, 05:30:05, 23.34, 46.07
2019-02-19, 05:30:06, 23.33, 46.07
2019-02-19, 05:30:07, 23.33, 46.07
2019-02-19, 05:30:09, 23.34, 46.07
2019-02-19, 05:30:10, 23.35, 46.07
2019-02-19, 05:30:12, 23.35, 46.07
2019-02-19, 05:30:13, 23.34, 46.07
2019-02-19, 05:30:14, 23.34, 46.07
2019-02-19, 05:30:16, 23.34, 46.07
2019-02-19, 05:30:17, 23.35, 46.07
2019-02-19, 05:30:18, 23.35, 46.07
2019-02-19, 05:30:20, 23.36, 46.04
2019-02-19, 05:30:21, 23.36, 46.04
2019-02-19, 05:30:22, 23.36, 46.04
2019-02-19, 05:30:24, 23.2, 46.05
2019-02-19, 05:30:25, 23.3, 46.13
2019-02-19, 05:30:26, 23.33, 46.13
2019-02-19, 05:30:28, 23.24, 46.12
2019-02-19, 05:30:29, 23.32, 46.13
2019-02-19, 05:30:31, 23.28, 46.19
2019-02-19, 05:30:33, 23.31, 46.22
2019-02-19, 05:30:34, 23.31, 46.19
2019-02-19, 05:30:36, 23.32, 46.19
2019-02-19, 05:30:37, 23.35, 46.13
2019-02-19, 05:30:38, 23.34, 46.13
2019-02-19, 05:30:40, 23.33, 46.13
2019-02-19, 05:30:41, 23.35, 46.13
2019-02-19, 05:30:42, 23.35, 46.1
2019-02-19, 05:30:44, 23.34, 46.1
2019-02-19, 05:30:45, 23.34, 46.1
2019-02-19, 05:30:46, 23.36, 46.07
2019-02-19, 05:30:48, 23.37, 46.1
2019-02-19, 05:30:49, 23.36, 46.07
2019-02-19, 05:30:50, 23.36, 46.07
2019-02-19, 05:30:52, 23.36, 46.07
2019-02-19, 05:30:53, 23.21, 46.08
2019-02-19, 05:30:55, 23.33, 46.13
2019-02-19, 05:30:56, 23.33, 46.13
2019-02-19, 05:30:57, 23.34, 46.13
2019-02-19, 05:30:59, 23.34, 46.13
2019-02-19, 05:31:00, 23.34, 46.1
2019-02-19, 05:31:01, 23.34, 46.1
2019-02-19, 05:31:03, 23.34, 46.07
2019-02-19, 05:31:04, 23.36, 46.07
2019-02-19, 05:31:05, 23.34, 46.07
2019-02-19, 05:31:07, 23.34, 46.07
2019-02-19, 05:31:08, 23.37, 46.07
2019-02-19, 05:31:10, 23.36, 46.07
2019-02-19, 05:31:11, 23.35, 46.04
2019-02-19, 05:31:12, 23.36, 46.04
2019-02-19, 05:31:14, 23.36, 46.04
2019-02-19, 05:31:15, 23.36, 46.04
2019-02-19, 05:31:16, 23.36, 46.04
2019-02-19, 05:31:18, 23.36, 46.04
2019-02-19, 05:31:19, 23.35, 46.0
2019-02-19, 05:31:20, 23.35, 46.0
2019-02-19, 05:31:22, 23.36, 46.01
2019-02-19, 05:31:23, 23.35, 46.0
2019-02-19, 05:31:24, 23.36, 46.01
2019-02-19, 05:31:26, 23.35, 46.0
2019-02-19, 05:31:27, 23.35, 46.04
2019-02-19, 05:31:28, 23.36, 46.01
2019-02-19, 05:31:30, 23.35, 46.0
2019-02-19, 05:31:31, 23.36, 46.04
2019-02-19, 05:31:33, 23.36, 46.01
2019-02-19, 05:31:34, 23.36, 46.04
2019-02-19, 05:31:35, 23.36, 46.01
2019-02-19, 05:31:37, 23.35, 46.0
2019-02-19, 05:31:38, 23.36, 46.01
2019-02-19, 05:31:39, 23.34, 46.0
2019-02-19, 05:31:41, 23.36, 46.01
2019-02-19, 05:31:42, 23.37, 46.01
2019-02-19, 05:31:43, 23.36, 46.01
2019-02-19, 05:31:45, 23.36, 46.01
2019-02-19, 05:31:46, 23.37, 46.01
2019-02-19, 05:31:47, 23.37, 46.01
2019-02-19, 05:31:49, 23.35, 46.0
2019-02-19, 05:31:50, 23.36, 45.97
2019-02-19, 05:31:51, 23.36, 46.01
2019-02-19, 05:31:53, 23.36, 45.97
2019-02-19, 05:31:54, 23.34, 45.97
2019-02-19, 05:31:56, 23.36, 45.97
2019-02-19, 05:31:57, 23.37, 45.98
2019-02-19, 05:31:58, 23.36, 45.97
2019-02-19, 05:32:00, 23.35, 46.0
2019-02-19, 05:32:01, 23.35, 45.97
2019-02-19, 05:32:02, 23.36, 45.97
2019-02-19, 05:32:04, 23.36, 46.01
2019-02-19, 05:32:05, 23.35, 46.0
2019-02-19, 05:32:06, 23.37, 46.01
2019-02-19, 05:32:08, 23.35, 46.0
2019-02-19, 05:32:09, 23.36, 46.01
2019-02-19, 05:32:10, 23.37, 46.01
2019-02-19, 05:32:12, 23.37, 46.01
2019-02-19, 05:32:13, 23.37, 46.01
2019-02-19, 05:32:15, 23.38, 46.01
2019-02-19, 05:32:16, 23.38, 46.01
2019-02-19, 05:32:17, 23.38, 46.01
2019-02-19, 05:32:19, 23.39, 46.01
2019-02-19, 05:32:20, 23.38, 46.01
2019-02-19, 05:32:21, 23.38, 46.01
2019-02-19, 05:32:23, 23.36, 45.97
2019-02-19, 05:32:24, 23.38, 45.98
2019-02-19, 05:32:25, 23.37, 45.94
2019-02-19, 05:32:27, 23.36, 45.97
2019-02-19, 05:32:28, 23.36, 45.94
2019-02-19, 05:32:29, 23.36, 45.97
2019-02-19, 05:32:31, 23.34, 45.94
2019-02-19, 05:32:32, 23.35, 45.94
2019-02-19, 05:32:33, 23.35, 45.94
2019-02-19, 05:32:35, 23.35, 45.97
2019-02-19, 05:32:36, 23.35, 45.94
2019-02-19, 05:32:38, 23.36, 45.97
2019-02-19, 05:32:39, 23.36, 45.94
2019-02-19, 05:32:40, 23.36, 45.97
2019-02-19, 05:32:42, 23.36, 45.97
2019-02-19, 05:32:43, 23.38, 45.98
2019-02-19, 05:32:44, 23.37, 45.98
2019-02-19, 05:32:46, 23.36, 45.94
2019-02-19, 05:32:47, 23.36, 45.94
2019-02-19, 05:32:48, 23.35, 45.94
2019-02-19, 05:32:50, 23.36, 45.97
2019-02-19, 05:32:51, 23.36, 45.94
2019-02-19, 05:32:52, 23.37, 45.94
2019-02-19, 05:32:54, 23.37, 45.94
2019-02-19, 05:32:55, 23.37, 45.94
2019-02-19, 05:32:57, 23.36, 45.94
2019-02-19, 05:32:58, 23.37, 45.94
2019-02-19, 05:32:59, 23.37, 45.94
2019-02-19, 05:33:01, 23.36, 45.94
2019-02-19, 05:33:02, 23.36, 45.94
2019-02-19, 05:33:03, 23.38, 45.94
2019-02-19, 05:33:05, 23.37, 45.94
2019-02-19, 05:33:06, 23.36, 45.97
2019-02-19, 05:33:07, 23.38, 45.94
2019-02-19, 05:33:09, 23.39, 45.95
2019-02-19, 05:33:10, 23.38, 45.94
2019-02-19, 05:33:11, 23.38, 45.94
2019-02-19, 05:33:13, 23.38, 45.94
2019-02-19, 05:33:14, 23.38, 45.98
2019-02-19, 05:33:16, 23.37, 45.94
2019-02-19, 05:33:17, 23.38, 45.94
2019-02-19, 05:33:18, 23.38, 45.94
2019-02-19, 05:33:20, 23.38, 45.94
2019-02-19, 05:33:21, 23.38, 45.94
2019-02-19, 05:33:22, 23.38, 45.94
2019-02-19, 05:33:24, 23.38, 45.94
2019-02-19, 05:33:25, 23.38, 45.94
2019-02-19, 05:33:26, 23.36, 45.94
2019-02-19, 05:33:28, 23.38, 45.94
2019-02-19, 05:33:29, 23.38, 45.94
2019-02-19, 05:33:30, 23.38, 45.94
2019-02-19, 05:33:32, 23.38, 45.94
2019-02-19, 05:33:33, 23.37, 45.94
2019-02-19, 05:33:35, 23.37, 45.94
2019-02-19, 05:33:36, 23.38, 45.94
2019-02-19, 05:33:37, 23.39, 45.95
2019-02-19, 05:33:39, 23.37, 45.94
2019-02-19, 05:33:40, 23.37, 45.94
2019-02-19, 05:33:41, 23.38, 45.94
2019-02-19, 05:33:43, 23.39, 45.95
2019-02-19, 05:33:44, 23.38, 45.94
2019-02-19, 05:33:45, 23.39, 45.95
2019-02-19, 05:33:47, 23.39, 45.91
2019-02-19, 05:33:48, 23.38, 45.91
2019-02-19, 05:33:49, 23.39, 45.91
2019-02-19, 05:33:51, 23.39, 45.91
2019-02-19, 05:33:52, 23.38, 45.91
2019-02-19, 05:33:54, 23.38, 45.94
2019-02-19, 05:33:55, 23.38, 45.91
2019-02-19, 05:33:56, 23.38, 45.94
2019-02-19, 05:33:58, 23.38, 45.91
2019-02-19, 05:33:59, 23.38, 45.91
2019-02-19, 05:34:00, 23.38, 45.91
2019-02-19, 05:34:02, 23.39, 45.95
2019-02-19, 05:34:03, 23.38, 45.94
2019-02-19, 05:34:04, 23.39, 45.91
2019-02-19, 05:34:06, 23.38, 45.94
2019-02-19, 05:34:07, 23.39, 45.95
2019-02-19, 05:34:08, 23.39, 45.95
2019-02-19, 05:34:10, 23.4, 45.91
2019-02-19, 05:34:11, 23.4, 45.91
2019-02-19, 05:34:12, 23.4, 45.91
2019-02-19, 05:34:14, 23.4, 45.91
2019-02-19, 05:34:15, 23.4, 45.91
2019-02-19, 05:34:17, 23.41, 45.92
2019-02-19, 05:34:18, 23.4, 45.91
2019-02-19, 05:34:19, 23.4, 45.88
2019-02-19, 05:34:21, 23.28, 45.93
2019-02-19, 05:34:22, 23.38, 45.94
2019-02-19, 05:34:23, 23.39, 45.95
2019-02-19, 05:34:25, 23.4, 45.95
2019-02-19, 05:34:26, 23.41, 45.95
2019-02-19, 05:34:27, 23.4, 45.95
2019-02-19, 05:34:29, 23.4, 45.95
2019-02-19, 05:34:30, 23.41, 45.92
2019-02-19, 05:34:31, 23.4, 45.91
2019-02-19, 05:34:33, 23.4, 45.95
2019-02-19, 05:34:34, 23.4, 45.91
2019-02-19, 05:34:36, 23.41, 45.88
2019-02-19, 05:34:37, 23.41, 45.92
2019-02-19, 05:34:38, 23.42, 45.88
2019-02-19, 05:34:40, 23.42, 45.88
2019-02-19, 05:34:41, 23.4, 45.88
2019-02-19, 05:34:42, 23.4, 45.88
2019-02-19, 05:34:44, 23.42, 45.88
2019-02-19, 05:34:45, 23.41, 45.88
2019-02-19, 05:34:46, 23.42, 45.88
2019-02-19, 05:34:48, 23.42, 45.88
2019-02-19, 05:34:49, 23.41, 45.88
2019-02-19, 05:34:50, 23.42, 45.88
2019-02-19, 05:34:52, 23.42, 45.92
2019-02-19, 05:34:53, 23.42, 45.92
2019-02-19, 05:34:55, 23.4, 45.88
2019-02-19, 05:34:56, 23.41, 45.88
2019-02-19, 05:34:57, 23.41, 45.88
2019-02-19, 05:34:59, 23.42, 45.88
2019-02-19, 05:35:00, 23.4, 45.88
2019-02-19, 05:35:01, 23.4, 45.88
2019-02-19, 05:35:03, 23.4, 45.88
2019-02-19, 05:35:04, 23.4, 45.85
2019-02-19, 05:35:05, 23.4, 45.88
2019-02-19, 05:35:07, 23.4, 45.88
2019-02-19, 05:35:08, 23.4, 45.88
2019-02-19, 05:35:09, 23.39, 45.88
2019-02-19, 05:35:11, 23.4, 45.88
2019-02-19, 05:35:12, 23.39, 45.88
2019-02-19, 05:35:14, 23.4, 45.88
2019-02-19, 05:35:15, 23.4, 45.88
2019-02-19, 05:35:16, 23.41, 45.88
2019-02-19, 05:35:18, 23.41, 45.88
2019-02-19, 05:35:19, 23.39, 45.88
2019-02-19, 05:35:20, 23.26, 45.9
2019-02-19, 05:35:22, 23.36, 45.94
2019-02-19, 05:35:23, 23.39, 45.98
2019-02-19, 05:35:24, 23.38, 45.94
2019-02-19, 05:35:26, 23.4, 45.95
2019-02-19, 05:35:27, 23.41, 45.95
2019-02-19, 05:35:28, 23.4, 45.95
2019-02-19, 05:35:30, 23.4, 45.91
2019-02-19, 05:35:31, 23.39, 45.91
2019-02-19, 05:35:32, 23.41, 45.88
2019-02-19, 05:35:34, 23.42, 45.88
2019-02-19, 05:35:35, 23.41, 45.88
2019-02-19, 05:35:37, 23.4, 45.88
2019-02-19, 05:35:38, 23.4, 45.88
2019-02-19, 05:35:39, 23.4, 45.88
2019-02-19, 05:35:41, 23.4, 45.88
2019-02-19, 05:35:42, 23.4, 45.88
2019-02-19, 05:35:43, 23.42, 45.88
2019-02-19, 05:35:45, 23.42, 45.88
2019-02-19, 05:35:46, 23.41, 45.88
2019-02-19, 05:35:47, 23.42, 45.88
2019-02-19, 05:35:49, 23.42, 45.88
2019-02-19, 05:35:50, 23.42, 45.88
2019-02-19, 05:35:51, 23.43, 45.89
2019-02-19, 05:35:53, 23.43, 45.89
2019-02-19, 05:35:54, 23.42, 45.88
2019-02-19, 05:35:56, 23.42, 45.88
2019-02-19, 05:35:57, 23.42, 45.88
2019-02-19, 05:35:58, 23.43, 45.85
2019-02-19, 05:36:00, 23.43, 45.85
2019-02-19, 05:36:01, 23.43, 45.85
2019-02-19, 05:36:02, 23.43, 45.89
2019-02-19, 05:36:04, 23.44, 45.89
2019-02-19, 05:36:05, 23.44, 45.86
2019-02-19, 05:36:06, 23.44, 45.86
2019-02-19, 05:36:08, 23.43, 45.85
2019-02-19, 05:36:09, 23.44, 45.86
2019-02-19, 05:36:10, 23.43, 45.85
2019-02-19, 05:36:12, 23.44, 45.82
2019-02-19, 05:36:13, 23.44, 45.82
2019-02-19, 05:36:15, 23.45, 45.82
2019-02-19, 05:36:16, 23.43, 45.82
2019-02-19, 05:36:17, 23.44, 45.82
2019-02-19, 05:36:19, 23.44, 45.82
2019-02-19, 05:36:20, 23.41, 45.85
2019-02-19, 05:36:22, 23.43, 45.89
2019-02-19, 05:36:23, 23.44, 45.89
2019-02-19, 05:36:24, 23.43, 45.85
2019-02-19, 05:36:26, 23.44, 45.86
2019-02-19, 05:36:27, 23.45, 45.86
2019-02-19, 05:36:28, 23.44, 45.82
2019-02-19, 05:36:30, 23.43, 45.82
2019-02-19, 05:36:31, 23.43, 45.82
2019-02-19, 05:36:32, 23.44, 45.82
2019-02-19, 05:36:34, 23.45, 45.82
2019-02-19, 05:36:35, 23.46, 45.83
2019-02-19, 05:36:37, 23.45, 45.82
2019-02-19, 05:36:38, 23.46, 45.83
2019-02-19, 05:36:39, 23.45, 45.82
2019-02-19, 05:36:41, 23.44, 45.82
2019-02-19, 05:36:42, 23.44, 45.82
2019-02-19, 05:36:43, 23.46, 45.79
2019-02-19, 05:36:45, 23.44, 45.79
2019-02-19, 05:36:46, 23.46, 45.79
2019-02-19, 05:36:47, 23.45, 45.79
2019-02-19, 05:36:49, 23.4, 45.79
2019-02-19, 05:36:50, 23.45, 45.82
2019-02-19, 05:36:51, 23.45, 45.82
2019-02-19, 05:36:53, 23.45, 45.82
2019-02-19, 05:36:54, 23.29, 45.84
2019-02-19, 05:36:55, 23.39, 45.88
2019-02-19, 05:36:57, 23.41, 45.88
2019-02-19, 05:36:58, 23.43, 45.89
2019-02-19, 05:36:59, 23.44, 45.86
2019-02-19, 05:37:01, 23.44, 45.86
2019-02-19, 05:37:02, 23.44, 45.82
2019-02-19, 05:37:04, 23.45, 45.82
2019-02-19, 05:37:05, 23.45, 45.82
2019-02-19, 05:37:06, 23.47, 45.83
2019-02-19, 05:37:08, 23.46, 45.79
2019-02-19, 05:37:09, 23.46, 45.79
2019-02-19, 05:37:10, 23.46, 45.79
2019-02-19, 05:37:12, 23.46, 45.76
2019-02-19, 05:37:13, 23.47, 45.76
2019-02-19, 05:37:14, 23.46, 45.76
2019-02-19, 05:37:16, 23.46, 45.76
2019-02-19, 05:37:17, 23.47, 45.76
2019-02-19, 05:37:18, 23.46, 45.76
2019-02-19, 05:37:20, 23.47, 45.76
2019-02-19, 05:37:21, 23.46, 45.76
2019-02-19, 05:37:23, 23.47, 45.76
2019-02-19, 05:37:24, 23.47, 45.76
2019-02-19, 05:37:25, 23.46, 45.76
2019-02-19, 05:37:27, 23.46, 45.76
2019-02-19, 05:37:28, 23.48, 45.76
2019-02-19, 05:37:29, 23.46, 45.76
2019-02-19, 05:37:31, 23.47, 45.76
2019-02-19, 05:37:32, 23.46, 45.76
2019-02-19, 05:37:33, 23.46, 45.76
2019-02-19, 05:37:35, 23.47, 45.73
2019-02-19, 05:37:36, 23.48, 45.76
2019-02-19, 05:37:37, 23.48, 45.76
2019-02-19, 05:37:39, 23.48, 45.76
2019-02-19, 05:37:40, 23.48, 45.76
2019-02-19, 05:37:41, 23.49, 45.76
2019-02-19, 05:37:43, 23.49, 45.76
2019-02-19, 05:37:44, 23.49, 45.76
2019-02-19, 05:37:46, 23.5, 45.73
2019-02-19, 05:37:47, 23.49, 45.76
2019-02-19, 05:37:48, 23.38, 45.75
2019-02-19, 05:37:50, 23.46, 45.76
2019-02-19, 05:37:51, 23.47, 45.79
2019-02-19, 05:37:52, 23.47, 45.79
2019-02-19, 05:37:54, 23.47, 45.79
2019-02-19, 05:37:55, 23.47, 45.76
2019-02-19, 05:37:56, 23.46, 45.76
2019-02-19, 05:37:58, 23.48, 45.76
2019-02-19, 05:37:59, 23.48, 45.73
2019-02-19, 05:38:00, 23.48, 45.76
2019-02-19, 05:38:02, 23.48, 45.76
2019-02-19, 05:38:03, 23.48, 45.76
2019-02-19, 05:38:04, 23.48, 45.73
2019-02-19, 05:38:06, 23.49, 45.7
2019-02-19, 05:38:07, 23.48, 45.73
2019-02-19, 05:38:09, 23.48, 45.73
2019-02-19, 05:38:10, 23.48, 45.7
2019-02-19, 05:38:11, 23.48, 45.7
2019-02-19, 05:38:13, 23.48, 45.7
2019-02-19, 05:38:14, 23.46, 45.7
2019-02-19, 05:38:15, 23.48, 45.7
2019-02-19, 05:38:17, 23.48, 45.7
2019-02-19, 05:38:18, 23.35, 45.68
2019-02-19, 05:38:19, 23.43, 45.76
2019-02-19, 05:38:21, 23.46, 45.76
2019-02-19, 05:38:22, 23.47, 45.76
2019-02-19, 05:38:23, 23.46, 45.76
2019-02-19, 05:38:25, 23.47, 45.76
2019-02-19, 05:38:26, 23.46, 45.73
2019-02-19, 05:38:28, 23.48, 45.73
2019-02-19, 05:38:29, 23.47, 45.73
2019-02-19, 05:38:30, 23.48, 45.73
2019-02-19, 05:38:32, 23.48, 45.73
2019-02-19, 05:38:33, 23.47, 45.73
2019-02-19, 05:38:34, 23.48, 45.73
2019-02-19, 05:38:36, 23.49, 45.73
2019-02-19, 05:38:37, 23.47, 45.73
2019-02-19, 05:38:38, 23.48, 45.7
2019-02-19, 05:38:40, 23.48, 45.7
2019-02-19, 05:38:41, 23.47, 45.73
2019-02-19, 05:38:42, 23.48, 45.7
2019-02-19, 05:38:44, 23.48, 45.7
2019-02-19, 05:38:45, 23.49, 45.7
2019-02-19, 05:38:46, 23.49, 45.7
2019-02-19, 05:38:48, 23.48, 45.7
2019-02-19, 05:38:49, 23.5, 45.7
2019-02-19, 05:38:51, 23.49, 45.7
2019-02-19, 05:38:52, 23.48, 45.7
2019-02-19, 05:38:53, 23.48, 45.7
2019-02-19, 05:38:55, 23.48, 45.7
2019-02-19, 05:38:56, 23.48, 45.7
2019-02-19, 05:38:57, 23.49, 45.7
2019-02-19, 05:38:59, 23.49, 45.7
2019-02-19, 05:39:00, 23.47, 45.7
2019-02-19, 05:39:01, 23.5, 45.7
2019-02-19, 05:39:03, 23.49, 45.67
2019-02-19, 05:39:04, 23.48, 45.7
2019-02-19, 05:39:05, 23.5, 45.67
2019-02-19, 05:39:07, 23.49, 45.67
2019-02-19, 05:39:08, 23.49, 45.67
2019-02-19, 05:39:10, 23.48, 45.67
2019-02-19, 05:39:11, 23.48, 45.7
2019-02-19, 05:39:12, 23.49, 45.67
2019-02-19, 05:39:14, 23.49, 45.7
2019-02-19, 05:39:15, 23.48, 45.67
2019-02-19, 05:39:16, 23.48, 45.67
2019-02-19, 05:39:18, 23.48, 45.67
2019-02-19, 05:39:19, 23.48, 45.67
2019-02-19, 05:39:20, 23.5, 45.67
2019-02-19, 05:39:22, 23.5, 45.67
2019-02-19, 05:39:23, 23.5, 45.67
2019-02-19, 05:39:24, 23.49, 45.67
2019-02-19, 05:39:26, 23.5, 45.67
2019-02-19, 05:39:27, 23.5, 45.64
2019-02-19, 05:39:29, 23.49, 45.64
2019-02-19, 05:39:30, 23.5, 45.64
2019-02-19, 05:39:31, 23.49, 45.64
2019-02-19, 05:39:33, 23.5, 45.64
2019-02-19, 05:39:34, 23.5, 45.64
2019-02-19, 05:39:35, 23.5, 45.64
2019-02-19, 05:39:37, 23.49, 45.64
2019-02-19, 05:39:38, 23.51, 45.64
2019-02-19, 05:39:39, 23.5, 45.64
2019-02-19, 05:39:41, 23.51, 45.64
2019-02-19, 05:39:42, 23.5, 45.64
2019-02-19, 05:39:43, 23.52, 45.64
2019-02-19, 05:39:45, 23.51, 45.64
2019-02-19, 05:39:46, 23.52, 45.64
2019-02-19, 05:39:47, 23.5, 45.64
2019-02-19, 05:39:49, 23.49, 45.6
2019-02-19, 05:39:50, 23.51, 45.64
2019-02-19, 05:39:52, 23.52, 45.61
2019-02-19, 05:39:53, 23.52, 45.61
2019-02-19, 05:39:54, 23.51, 45.61
2019-02-19, 05:39:56, 23.5, 45.61
2019-02-19, 05:39:57, 23.51, 45.64
2019-02-19, 05:39:58, 23.52, 45.61
2019-02-19, 05:40:00, 23.5, 45.61
2019-02-19, 05:40:01, 23.5, 45.61
2019-02-19, 05:40:02, 23.51, 45.57
2019-02-19, 05:40:04, 23.51, 45.61
2019-02-19, 05:40:05, 23.5, 45.61
2019-02-19, 05:40:06, 23.51, 45.61
2019-02-19, 05:40:08, 23.5, 45.61
2019-02-19, 05:40:09, 23.52, 45.64
2019-02-19, 05:40:11, 23.53, 45.61
2019-02-19, 05:40:12, 23.52, 45.61
2019-02-19, 05:40:13, 23.51, 45.61
2019-02-19, 05:40:15, 23.52, 45.64
2019-02-19, 05:40:16, 23.52, 45.61
2019-02-19, 05:40:17, 23.51, 45.61
2019-02-19, 05:40:19, 23.53, 45.61
2019-02-19, 05:40:20, 23.51, 45.61
2019-02-19, 05:40:21, 23.52, 45.61
2019-02-19, 05:40:23, 23.52, 45.61
2019-02-19, 05:40:24, 23.54, 45.61
2019-02-19, 05:40:25, 23.54, 45.61
2019-02-19, 05:40:27, 23.53, 45.58
2019-02-19, 05:40:28, 23.52, 45.61
2019-02-19, 05:40:30, 23.52, 45.61
2019-02-19, 05:40:31, 23.53, 45.61
2019-02-19, 05:40:32, 23.52, 45.61
2019-02-19, 05:40:34, 23.53, 45.58
2019-02-19, 05:40:35, 23.52, 45.58
2019-02-19, 05:40:36, 23.54, 45.58
2019-02-19, 05:40:38, 23.53, 45.61
2019-02-19, 05:40:39, 23.52, 45.58
2019-02-19, 05:40:40, 23.52, 45.58
2019-02-19, 05:40:42, 23.53, 45.58
2019-02-19, 05:40:43, 23.53, 45.58
2019-02-19, 05:40:44, 23.53, 45.58
2019-02-19, 05:40:46, 23.53, 45.58
2019-02-19, 05:40:47, 23.51, 45.57
2019-02-19, 05:40:48, 23.51, 45.57
2019-02-19, 05:40:50, 23.51, 45.61
2019-02-19, 05:40:51, 23.52, 45.58
2019-02-19, 05:40:53, 23.52, 45.58
2019-02-19, 05:40:54, 23.52, 45.58
2019-02-19, 05:40:55, 23.54, 45.58
2019-02-19, 05:40:57, 23.54, 45.58
2019-02-19, 05:40:58, 23.53, 45.58
2019-02-19, 05:40:59, 23.53, 45.58
2019-02-19, 05:41:01, 23.55, 45.58
2019-02-19, 05:41:02, 23.54, 45.58
2019-02-19, 05:41:03, 23.55, 45.58
2019-02-19, 05:41:05, 23.55, 45.58
2019-02-19, 05:41:06, 23.55, 45.58
2019-02-19, 05:41:07, 23.54, 45.58
2019-02-19, 05:41:09, 23.55, 45.58
2019-02-19, 05:41:10, 23.55, 45.55
2019-02-19, 05:41:11, 23.54, 45.58
2019-02-19, 05:41:13, 23.55, 45.58
2019-02-19, 05:41:14, 23.54, 45.55
2019-02-19, 05:41:16, 23.53, 45.58
2019-02-19, 05:41:17, 23.55, 45.55
2019-02-19, 05:41:18, 23.54, 45.55
2019-02-19, 05:41:20, 23.56, 45.58
2019-02-19, 05:41:21, 23.55, 45.58
2019-02-19, 05:41:22, 23.55, 45.58
2019-02-19, 05:41:24, 23.54, 45.58
2019-02-19, 05:41:25, 23.56, 45.55
2019-02-19, 05:41:26, 23.55, 45.55
2019-02-19, 05:41:28, 23.54, 45.55
2019-02-19, 05:41:29, 23.55, 45.55
2019-02-19, 05:41:30, 23.56, 45.55
2019-02-19, 05:41:32, 23.55, 45.55
2019-02-19, 05:41:33, 23.55, 45.58
2019-02-19, 05:41:34, 23.54, 45.58
2019-02-19, 05:41:36, 23.56, 45.55
2019-02-19, 05:41:37, 23.56, 45.55
2019-02-19, 05:41:39, 23.54, 45.55
2019-02-19, 05:41:40, 23.54, 45.55
2019-02-19, 05:41:41, 23.55, 45.55
2019-02-19, 05:41:43, 23.55, 45.58
2019-02-19, 05:41:44, 23.54, 45.55
2019-02-19, 05:41:45, 23.56, 45.55
2019-02-19, 05:41:47, 23.56, 45.55
2019-02-19, 05:41:48, 23.56, 45.55
2019-02-19, 05:41:49, 23.54, 45.55
2019-02-19, 05:41:51, 23.41, 45.56
2019-02-19, 05:41:52, 23.5, 45.64
2019-02-19, 05:41:53, 23.54, 45.64
2019-02-19, 05:41:55, 23.54, 45.61
2019-02-19, 05:41:56, 23.55, 45.58
2019-02-19, 05:41:57, 23.55, 45.58
2019-02-19, 05:41:59, 23.54, 45.58
2019-02-19, 05:42:00, 23.55, 45.58
2019-02-19, 05:42:02, 23.54, 45.55
2019-02-19, 05:42:03, 23.55, 45.58
2019-02-19, 05:42:04, 23.54, 45.55
2019-02-19, 05:42:06, 23.56, 45.55
2019-02-19, 05:42:07, 23.55, 45.51
2019-02-19, 05:42:08, 23.54, 45.55
2019-02-19, 05:42:10, 23.56, 45.52
2019-02-19, 05:42:11, 23.55, 45.51
2019-02-19, 05:42:12, 23.55, 45.51
2019-02-19, 05:42:14, 23.56, 45.55
2019-02-19, 05:42:15, 23.55, 45.51
2019-02-19, 05:42:16, 23.56, 45.52
2019-02-19, 05:42:18, 23.54, 45.51
2019-02-19, 05:42:19, 23.55, 45.51
2019-02-19, 05:42:21, 23.56, 45.52
2019-02-19, 05:42:22, 23.56, 45.52
2019-02-19, 05:42:23, 23.56, 45.52
2019-02-19, 05:42:25, 23.55, 45.51
2019-02-19, 05:42:26, 23.56, 45.52
2019-02-19, 05:42:27, 23.54, 45.51
2019-02-19, 05:42:29, 23.56, 45.52
2019-02-19, 05:42:30, 23.57, 45.52
2019-02-19, 05:42:31, 23.56, 45.52
2019-02-19, 05:42:33, 23.56, 45.52
2019-02-19, 05:42:34, 23.57, 45.52
2019-02-19, 05:42:35, 23.56, 45.52
2019-02-19, 05:42:37, 23.56, 45.52
2019-02-19, 05:42:38, 23.55, 45.51
2019-02-19, 05:42:39, 23.55, 45.51
2019-02-19, 05:42:41, 23.54, 45.48
2019-02-19, 05:42:42, 23.55, 45.48
2019-02-19, 05:42:44, 23.56, 45.52
2019-02-19, 05:42:45, 23.44, 45.5
2019-02-19, 05:42:46, 23.52, 45.54
2019-02-19, 05:42:48, 23.54, 45.55
2019-02-19, 05:42:49, 23.55, 45.55
2019-02-19, 05:42:50, 23.39, 45.53
2019-02-19, 05:42:52, 23.49, 45.6
2019-02-19, 05:42:53, 23.51, 45.61
2019-02-19, 05:42:54, 23.53, 45.61
2019-02-19, 05:42:56, 23.53, 45.58
2019-02-19, 05:42:57, 23.53, 45.58
2019-02-19, 05:42:58, 23.54, 45.58
2019-02-19, 05:43:00, 23.54, 45.58
2019-02-19, 05:43:01, 23.55, 45.55
2019-02-19, 05:43:03, 23.55, 45.55
2019-02-19, 05:43:04, 23.55, 45.51
2019-02-19, 05:43:05, 23.55, 45.51
2019-02-19, 05:43:07, 23.54, 45.51
2019-02-19, 05:43:08, 23.55, 45.51
2019-02-19, 05:43:09, 23.55, 45.51
2019-02-19, 05:43:11, 23.55, 45.48
2019-02-19, 05:43:12, 23.55, 45.51
2019-02-19, 05:43:13, 23.56, 45.52
2019-02-19, 05:43:15, 23.42, 45.5
2019-02-19, 05:43:16, 23.52, 45.58
2019-02-19, 05:43:17, 23.54, 45.58
2019-02-19, 05:43:19, 23.54, 45.58
2019-02-19, 05:43:20, 23.54, 45.51
2019-02-19, 05:43:21, 23.57, 45.55
2019-02-19, 05:43:23, 23.55, 45.51
2019-02-19, 05:43:24, 23.55, 45.51
2019-02-19, 05:43:26, 23.54, 45.51
2019-02-19, 05:43:27, 23.54, 45.51
2019-02-19, 05:43:28, 23.55, 45.51
2019-02-19, 05:43:30, 23.54, 45.51
2019-02-19, 05:43:31, 23.55, 45.51
2019-02-19, 05:43:32, 23.55, 45.51
2019-02-19, 05:43:34, 23.54, 45.51
2019-02-19, 05:43:35, 23.56, 45.52
2019-02-19, 05:43:36, 23.55, 45.51
2019-02-19, 05:43:38, 23.56, 45.52
2019-02-19, 05:43:39, 23.54, 45.51
2019-02-19, 05:43:41, 23.56, 45.52
2019-02-19, 05:43:42, 23.56, 45.52
2019-02-19, 05:43:43, 23.56, 45.52
2019-02-19, 05:43:45, 23.41, 45.5
2019-02-19, 05:43:46, 23.52, 45.58
2019-02-19, 05:43:47, 23.53, 45.58
2019-02-19, 05:43:49, 23.54, 45.58
2019-02-19, 05:43:50, 23.54, 45.58
2019-02-19, 05:43:51, 23.54, 45.58
2019-02-19, 05:43:53, 23.54, 45.55
2019-02-19, 05:43:54, 23.52, 45.54
2019-02-19, 05:43:55, 23.53, 45.54
2019-02-19, 05:43:57, 23.54, 45.51
2019-02-19, 05:43:58, 23.54, 45.51
2019-02-19, 05:44:00, 23.55, 45.51
2019-02-19, 05:44:01, 23.53, 45.54
2019-02-19, 05:44:02, 23.55, 45.55
2019-02-19, 05:44:04, 23.55, 45.51
2019-02-19, 05:44:05, 23.55, 45.51
2019-02-19, 05:44:06, 23.54, 45.51
2019-02-19, 05:44:08, 23.56, 45.52
2019-02-19, 05:44:09, 23.56, 45.52
2019-02-19, 05:44:10, 23.56, 45.52
2019-02-19, 05:44:12, 23.55, 45.51
2019-02-19, 05:44:13, 23.56, 45.52
2019-02-19, 05:44:14, 23.56, 45.52
2019-02-19, 05:44:16, 23.57, 45.52
2019-02-19, 05:44:17, 23.56, 45.52
2019-02-19, 05:44:19, 23.56, 45.52
2019-02-19, 05:44:20, 23.57, 45.49
2019-02-19, 05:44:21, 23.57, 45.49
2019-02-19, 05:44:23, 23.57, 45.52
2019-02-19, 05:44:24, 23.57, 45.49
2019-02-19, 05:44:25, 23.55, 45.48
2019-02-19, 05:44:27, 23.56, 45.45
2019-02-19, 05:44:28, 23.57, 45.49
2019-02-19, 05:44:29, 23.58, 45.49
2019-02-19, 05:44:31, 23.58, 45.52
2019-02-19, 05:44:32, 23.57, 45.52
2019-02-19, 05:44:33, 23.57, 45.49
2019-02-19, 05:44:35, 23.56, 45.48
2019-02-19, 05:44:36, 23.57, 45.45
2019-02-19, 05:44:37, 23.56, 45.52
2019-02-19, 05:44:39, 23.57, 45.49
2019-02-19, 05:44:40, 23.56, 45.48
2019-02-19, 05:44:42, 23.55, 45.45
2019-02-19, 05:44:43, 23.56, 45.45
2019-02-19, 05:44:44, 23.54, 45.48
2019-02-19, 05:44:46, 23.55, 45.45
2019-02-19, 05:44:47, 23.56, 45.48
2019-02-19, 05:44:48, 23.45, 45.5
2019-02-19, 05:44:50, 23.52, 45.51
2019-02-19, 05:44:51, 23.54, 45.55
2019-02-19, 05:44:52, 23.55, 45.51
2019-02-19, 05:44:54, 23.55, 45.51
2019-02-19, 05:44:55, 23.54, 45.51
2019-02-19, 05:44:56, 23.54, 45.55
2019-02-19, 05:44:58, 23.55, 45.55
2019-02-19, 05:44:59, 23.56, 45.52
2019-02-19, 05:45:01, 23.56, 45.52
2019-02-19, 05:45:02, 23.56, 45.52
2019-02-19, 05:45:03, 23.56, 45.52
2019-02-19, 05:45:05, 23.55, 45.51
2019-02-19, 05:45:06, 23.54, 45.51
2019-02-19, 05:45:07, 23.56, 45.52
2019-02-19, 05:45:09, 23.56, 45.48
2019-02-19, 05:45:10, 23.56, 45.52
2019-02-19, 05:45:11, 23.57, 45.49
2019-02-19, 05:45:13, 23.57, 45.49
2019-02-19, 05:45:14, 23.57, 45.49
2019-02-19, 05:45:15, 23.55, 45.48
2019-02-19, 05:45:17, 23.56, 45.48
2019-02-19, 05:45:18, 23.56, 45.45
2019-02-19, 05:45:20, 23.56, 45.45
2019-02-19, 05:45:21, 23.56, 45.45
2019-02-19, 05:45:22, 23.56, 45.45
2019-02-19, 05:45:24, 23.56, 45.45
2019-02-19, 05:45:25, 23.57, 45.45
2019-02-19, 05:45:26, 23.58, 45.49
2019-02-19, 05:45:28, 23.56, 45.48
2019-02-19, 05:45:29, 23.56, 45.45
2019-02-19, 05:45:30, 23.56, 45.45
2019-02-19, 05:45:32, 23.55, 45.51
2019-02-19, 05:45:33, 23.56, 45.48
2019-02-19, 05:45:34, 23.57, 45.49
2019-02-19, 05:45:36, 23.56, 45.48
2019-02-19, 05:45:37, 23.55, 45.45
2019-02-19, 05:45:38, 23.55, 45.45
2019-02-19, 05:45:40, 23.55, 45.45
2019-02-19, 05:45:41, 23.55, 45.45
2019-02-19, 05:45:43, 23.55, 45.45
2019-02-19, 05:45:44, 23.56, 45.45
2019-02-19, 05:45:45, 23.56, 45.45
2019-02-19, 05:45:47, 23.56, 45.45
2019-02-19, 05:45:48, 23.57, 45.45
2019-02-19, 05:45:49, 23.56, 45.45
2019-02-19, 05:45:51, 23.56, 45.45
2019-02-19, 05:45:52, 23.56, 45.45
2019-02-19, 05:45:53, 23.56, 45.45
2019-02-19, 05:45:55, 23.57, 45.49
2019-02-19, 05:45:56, 23.58, 45.45
2019-02-19, 05:45:57, 23.57, 45.45
2019-02-19, 05:45:59, 23.56, 45.45
2019-02-19, 05:46:00, 23.56, 45.48
2019-02-19, 05:46:02, 23.57, 45.49
2019-02-19, 05:46:03, 23.58, 45.45
2019-02-19, 05:46:04, 23.57, 45.45
2019-02-19, 05:46:06, 23.56, 45.45
2019-02-19, 05:46:07, 23.56, 45.45
2019-02-19, 05:46:08, 23.56, 45.45
2019-02-19, 05:46:10, 23.56, 45.45
2019-02-19, 05:46:11, 23.56, 45.45
2019-02-19, 05:46:12, 23.5, 45.44
2019-02-19, 05:46:14, 23.55, 45.45
2019-02-19, 05:46:15, 23.56, 45.45
2019-02-19, 05:46:16, 23.56, 45.45
2019-02-19, 05:46:18, 23.56, 45.45
2019-02-19, 05:46:19, 23.56, 45.45
2019-02-19, 05:46:20, 23.56, 45.45
2019-02-19, 05:46:22, 23.56, 45.45
2019-02-19, 05:46:23, 23.54, 45.45
2019-02-19, 05:46:25, 23.56, 45.45
2019-02-19, 05:46:26, 23.55, 45.42
2019-02-19, 05:46:27, 23.56, 45.45
2019-02-19, 05:46:29, 23.55, 45.42
2019-02-19, 05:46:30, 23.55, 45.45
2019-02-19, 05:46:31, 23.55, 45.45
2019-02-19, 05:46:33, 23.56, 45.45
2019-02-19, 05:46:34, 23.56, 45.45
2019-02-19, 05:46:35, 23.56, 45.45
2019-02-19, 05:46:37, 23.55, 45.45
2019-02-19, 05:46:38, 23.56, 45.45
2019-02-19, 05:46:39, 23.56, 45.45
2019-02-19, 05:46:41, 23.56, 45.45
2019-02-19, 05:46:42, 23.47, 45.47
2019-02-19, 05:46:44, 23.52, 45.51
2019-02-19, 05:46:45, 23.53, 45.51
2019-02-19, 05:46:46, 23.54, 45.51
2019-02-19, 05:46:48, 23.54, 45.48
2019-02-19, 05:46:49, 23.53, 45.45
2019-02-19, 05:46:50, 23.54, 45.45
2019-02-19, 05:46:52, 23.54, 45.45
2019-02-19, 05:46:53, 23.54, 45.45
2019-02-19, 05:46:54, 23.55, 45.45
2019-02-19, 05:46:56, 23.54, 45.48
2019-02-19, 05:46:57, 23.53, 45.45
2019-02-19, 05:46:58, 23.54, 45.48
2019-02-19, 05:47:00, 23.54, 45.48
2019-02-19, 05:47:01, 23.54, 45.48
2019-02-19, 05:47:02, 23.54, 45.45
2019-02-19, 05:47:04, 23.53, 45.45
2019-02-19, 05:47:05, 23.54, 45.45
2019-02-19, 05:47:07, 23.54, 45.45
2019-02-19, 05:47:08, 23.54, 45.45
2019-02-19, 05:47:09, 23.54, 45.45
2019-02-19, 05:47:11, 23.53, 45.45
2019-02-19, 05:47:12, 23.43, 45.47
2019-02-19, 05:47:13, 23.51, 45.51
2019-02-19, 05:47:15, 23.52, 45.48
2019-02-19, 05:47:16, 23.53, 45.51
2019-02-19, 05:47:17, 23.53, 45.51
2019-02-19, 05:47:19, 23.56, 45.52
2019-02-19, 05:47:20, 23.54, 45.48
2019-02-19, 05:47:21, 23.54, 45.48
2019-02-19, 05:47:23, 23.54, 45.48
2019-02-19, 05:47:24, 23.55, 45.48
2019-02-19, 05:47:26, 23.54, 45.45
2019-02-19, 05:47:27, 23.55, 45.48
2019-02-19, 05:47:28, 23.54, 45.48
2019-02-19, 05:47:30, 23.54, 45.48
2019-02-19, 05:47:31, 23.54, 45.45
2019-02-19, 05:47:32, 23.54, 45.48
2019-02-19, 05:47:34, 23.55, 45.48
2019-02-19, 05:47:35, 23.56, 45.45
2019-02-19, 05:47:36, 23.54, 45.45
2019-02-19, 05:47:38, 23.53, 45.45
2019-02-19, 05:47:39, 23.54, 45.45
2019-02-19, 05:47:40, 23.53, 45.45
2019-02-19, 05:47:42, 23.53, 45.45
2019-02-19, 05:47:43, 23.53, 45.45
2019-02-19, 05:47:44, 23.53, 45.48
2019-02-19, 05:47:46, 23.54, 45.45
2019-02-19, 05:47:47, 23.54, 45.48
2019-02-19, 05:47:49, 23.54, 45.51
2019-02-19, 05:47:50, 23.53, 45.51
2019-02-19, 05:47:51, 23.54, 45.51
2019-02-19, 05:47:53, 23.54, 45.51
2019-02-19, 05:47:54, 23.55, 45.51
2019-02-19, 05:47:55, 23.56, 45.52
2019-02-19, 05:47:57, 23.54, 45.51
2019-02-19, 05:47:58, 23.54, 45.51
2019-02-19, 05:47:59, 23.53, 45.51
2019-02-19, 05:48:01, 23.54, 45.51
2019-02-19, 05:48:02, 23.55, 45.51
2019-02-19, 05:48:03, 23.54, 45.51
2019-02-19, 05:48:05, 23.53, 45.51
2019-02-19, 05:48:06, 23.53, 45.51
2019-02-19, 05:48:08, 23.54, 45.51
2019-02-19, 05:48:09, 23.54, 45.51
2019-02-19, 05:48:10, 23.53, 45.51
2019-02-19, 05:48:12, 23.38, 45.53
2019-02-19, 05:48:13, 23.48, 45.57
2019-02-19, 05:48:14, 23.49, 45.57
2019-02-19, 05:48:16, 23.48, 45.57
2019-02-19, 05:48:17, 23.5, 45.54
2019-02-19, 05:48:18, 23.52, 45.54
2019-02-19, 05:48:20, 23.53, 45.54
2019-02-19, 05:48:21, 23.51, 45.54
2019-02-19, 05:48:22, 23.52, 45.54
2019-02-19, 05:48:24, 23.52, 45.54
2019-02-19, 05:48:25, 23.52, 45.51
2019-02-19, 05:48:27, 23.52, 45.54
2019-02-19, 05:48:28, 23.53, 45.51
2019-02-19, 05:48:29, 23.52, 45.51
2019-02-19, 05:48:31, 23.53, 45.51
2019-02-19, 05:48:32, 23.53, 45.51
2019-02-19, 05:48:33, 23.51, 45.51
2019-02-19, 05:48:35, 23.52, 45.51
2019-02-19, 05:48:36, 23.53, 45.51
2019-02-19, 05:48:37, 23.52, 45.48
2019-02-19, 05:48:39, 23.51, 45.51
2019-02-19, 05:48:40, 23.51, 45.51
2019-02-19, 05:48:41, 23.36, 45.56
2019-02-19, 05:48:43, 23.48, 45.6
2019-02-19, 05:48:44, 23.49, 45.6
2019-02-19, 05:48:45, 23.5, 45.57
2019-02-19, 05:48:47, 23.51, 45.57
2019-02-19, 05:48:48, 23.49, 45.57
2019-02-19, 05:48:50, 23.5, 45.57
2019-02-19, 05:48:51, 23.5, 45.54
2019-02-19, 05:48:52, 23.5, 45.57
2019-02-19, 05:48:54, 23.5, 45.57
2019-02-19, 05:48:55, 23.5, 45.57
2019-02-19, 05:48:56, 23.51, 45.54
2019-02-19, 05:48:58, 23.52, 45.54
2019-02-19, 05:48:59, 23.51, 45.54
2019-02-19, 05:49:00, 23.5, 45.54
2019-02-19, 05:49:02, 23.52, 45.58
2019-02-19, 05:49:03, 23.5, 45.54
2019-02-19, 05:49:04, 23.5, 45.54
2019-02-19, 05:49:06, 23.51, 45.57
2019-02-19, 05:49:07, 23.51, 45.57
2019-02-19, 05:49:08, 23.5, 45.57
2019-02-19, 05:49:10, 23.52, 45.58
2019-02-19, 05:49:11, 23.51, 45.57
2019-02-19, 05:49:13, 23.5, 45.54
2019-02-19, 05:49:14, 23.51, 45.57
2019-02-19, 05:49:15, 23.51, 45.54
2019-02-19, 05:49:17, 23.5, 45.54
2019-02-19, 05:49:18, 23.49, 45.57
2019-02-19, 05:49:19, 23.51, 45.54
2019-02-19, 05:49:21, 23.52, 45.54
2019-02-19, 05:49:22, 23.49, 45.54
2019-02-19, 05:49:23, 23.51, 45.54
2019-02-19, 05:49:25, 23.5, 45.57
2019-02-19, 05:49:26, 23.5, 45.57
2019-02-19, 05:49:27, 23.49, 45.57
2019-02-19, 05:49:29, 23.49, 45.57
2019-02-19, 05:49:30, 23.5, 45.57
2019-02-19, 05:49:32, 23.5, 45.57
2019-02-19, 05:49:33, 23.49, 45.57
2019-02-19, 05:49:34, 23.49, 45.57
2019-02-19, 05:49:36, 23.5, 45.54
2019-02-19, 05:49:37, 23.5, 45.54
2019-02-19, 05:49:38, 23.5, 45.54
2019-02-19, 05:49:40, 23.5, 45.57
2019-02-19, 05:49:41, 23.49, 45.57
2019-02-19, 05:49:42, 23.49, 45.57
2019-02-19, 05:49:44, 23.49, 45.57
2019-02-19, 05:49:45, 23.36, 45.56
2019-02-19, 05:49:46, 23.44, 45.63
2019-02-19, 05:49:48, 23.46, 45.63
2019-02-19, 05:49:49, 23.46, 45.63
2019-02-19, 05:49:50, 23.46, 45.6
2019-02-19, 05:49:52, 23.46, 45.63
2019-02-19, 05:49:53, 23.47, 45.63
2019-02-19, 05:49:55, 23.48, 45.6
2019-02-19, 05:49:56, 23.48, 45.64
2019-02-19, 05:49:57, 23.48, 45.6
2019-02-19, 05:49:59, 23.47, 45.6
2019-02-19, 05:50:00, 23.48, 45.64
2019-02-19, 05:50:01, 23.48, 45.57
2019-02-19, 05:50:03, 23.49, 45.64
2019-02-19, 05:50:04, 23.48, 45.6
2019-02-19, 05:50:05, 23.49, 45.64
2019-02-19, 05:50:07, 23.48, 45.6
2019-02-19, 05:50:08, 23.48, 45.6
2019-02-19, 05:50:09, 23.49, 45.64
2019-02-19, 05:50:11, 23.5, 45.61
2019-02-19, 05:50:12, 23.48, 45.6
2019-02-19, 05:50:13, 23.49, 45.64
2019-02-19, 05:50:15, 23.49, 45.6
2019-02-19, 05:50:16, 23.48, 45.6
2019-02-19, 05:50:18, 23.48, 45.6
2019-02-19, 05:50:19, 23.49, 45.6
2019-02-19, 05:50:20, 23.48, 45.6
2019-02-19, 05:50:22, 23.49, 45.6
2019-02-19, 05:50:23, 23.48, 45.6
2019-02-19, 05:50:24, 23.47, 45.6
2019-02-19, 05:50:26, 23.49, 45.6
2019-02-19, 05:50:27, 23.48, 45.6
2019-02-19, 05:50:28, 23.48, 45.57
2019-02-19, 05:50:30, 23.47, 45.57
2019-02-19, 05:50:31, 23.48, 45.57
2019-02-19, 05:50:32, 23.49, 45.57
2019-02-19, 05:50:34, 23.48, 45.57
2019-02-19, 05:50:35, 23.48, 45.57
2019-02-19, 05:50:36, 23.49, 45.6
2019-02-19, 05:50:38, 23.49, 45.6
2019-02-19, 05:50:39, 23.49, 45.6
2019-02-19, 05:50:41, 23.48, 45.6
2019-02-19, 05:50:42, 23.49, 45.6
2019-02-19, 05:50:43, 23.48, 45.6
2019-02-19, 05:50:45, 23.36, 45.62
2019-02-19, 05:50:46, 23.45, 45.63
2019-02-19, 05:50:47, 23.45, 45.66
2019-02-19, 05:50:49, 23.46, 45.63
2019-02-19, 05:50:50, 23.46, 45.63
2019-02-19, 05:50:51, 23.46, 45.63
2019-02-19, 05:50:53, 23.45, 45.63
2019-02-19, 05:50:54, 23.47, 45.63
2019-02-19, 05:50:55, 23.47, 45.63
2019-02-19, 05:50:57, 23.46, 45.63
2019-02-19, 05:50:58, 23.46, 45.63
2019-02-19, 05:50:59, 23.46, 45.63
2019-02-19, 05:51:01, 23.46, 45.63
2019-02-19, 05:51:02, 23.46, 45.63
2019-02-19, 05:51:04, 23.46, 45.63
2019-02-19, 05:51:05, 23.46, 45.63
2019-02-19, 05:51:06, 23.46, 45.63
2019-02-19, 05:51:08, 23.48, 45.64
2019-02-19, 05:51:09, 23.47, 45.63
2019-02-19, 05:51:10, 23.47, 45.63
2019-02-19, 05:51:12, 23.47, 45.63
2019-02-19, 05:51:13, 23.45, 45.63
2019-02-19, 05:51:14, 23.3, 45.65
2019-02-19, 05:51:16, 23.41, 45.69
2019-02-19, 05:51:17, 23.43, 45.73
2019-02-19, 05:51:18, 23.44, 45.69
2019-02-19, 05:51:20, 23.43, 45.69
2019-02-19, 05:51:21, 23.44, 45.69
2019-02-19, 05:51:22, 23.43, 45.69
2019-02-19, 05:51:24, 23.42, 45.63
2019-02-19, 05:51:25, 23.43, 45.66
2019-02-19, 05:51:27, 23.44, 45.66
2019-02-19, 05:51:28, 23.44, 45.66
2019-02-19, 05:51:29, 23.43, 45.66
2019-02-19, 05:51:31, 23.44, 45.66
2019-02-19, 05:51:32, 23.44, 45.66
2019-02-19, 05:51:33, 23.44, 45.66
2019-02-19, 05:51:35, 23.45, 45.63
2019-02-19, 05:51:36, 23.44, 45.66
2019-02-19, 05:51:37, 23.45, 45.66
2019-02-19, 05:51:39, 23.46, 45.66
2019-02-19, 05:51:40, 23.45, 45.63
2019-02-19, 05:51:41, 23.45, 45.63
2019-02-19, 05:51:43, 23.45, 45.66
2019-02-19, 05:51:44, 23.47, 45.63
2019-02-19, 05:51:46, 23.45, 45.63
2019-02-19, 05:51:47, 23.45, 45.63
2019-02-19, 05:51:48, 23.45, 45.63
2019-02-19, 05:51:50, 23.45, 45.63
2019-02-19, 05:51:51, 23.45, 45.63
2019-02-19, 05:51:52, 23.45, 45.63
2019-02-19, 05:51:54, 23.44, 45.63
2019-02-19, 05:51:55, 23.45, 45.63
2019-02-19, 05:51:56, 23.45, 45.63
2019-02-19, 05:51:58, 23.46, 45.63
2019-02-19, 05:51:59, 23.45, 45.63
2019-02-19, 05:52:00, 23.46, 45.66
2019-02-19, 05:52:02, 23.46, 45.66
2019-02-19, 05:52:03, 23.45, 45.66
2019-02-19, 05:52:05, 23.45, 45.66
2019-02-19, 05:52:06, 23.45, 45.66
2019-02-19, 05:52:07, 23.44, 45.63
2019-02-19, 05:52:09, 23.34, 45.65
2019-02-19, 05:52:10, 23.42, 45.69
2019-02-19, 05:52:11, 23.42, 45.69
2019-02-19, 05:52:13, 23.43, 45.69
2019-02-19, 05:52:14, 23.44, 45.69
2019-02-19, 05:52:15, 23.43, 45.69
2019-02-19, 05:52:17, 23.44, 45.69
2019-02-19, 05:52:18, 23.44, 45.69
2019-02-19, 05:52:19, 23.44, 45.69
2019-02-19, 05:52:21, 23.42, 45.66
2019-02-19, 05:52:22, 23.42, 45.69
2019-02-19, 05:52:24, 23.43, 45.66
2019-02-19, 05:52:25, 23.43, 45.66
2019-02-19, 05:52:26, 23.42, 45.69
2019-02-19, 05:52:28, 23.42, 45.69
2019-02-19, 05:52:29, 23.42, 45.69
2019-02-19, 05:52:30, 23.42, 45.69
2019-02-19, 05:52:32, 23.43, 45.69
2019-02-19, 05:52:33, 23.44, 45.69
2019-02-19, 05:52:34, 23.44, 45.69
2019-02-19, 05:52:36, 23.43, 45.69
2019-02-19, 05:52:37, 23.43, 45.69
2019-02-19, 05:52:38, 23.44, 45.69
2019-02-19, 05:52:40, 23.44, 45.69
2019-02-19, 05:52:41, 23.42, 45.66
2019-02-19, 05:52:42, 23.43, 45.69
2019-02-19, 05:52:44, 23.42, 45.69
2019-02-19, 05:52:45, 23.42, 45.69
2019-02-19, 05:52:47, 23.42, 45.66
2019-02-19, 05:52:48, 23.43, 45.69
2019-02-19, 05:52:49, 23.43, 45.69
2019-02-19, 05:52:51, 23.43, 45.69
2019-02-19, 05:52:52, 23.44, 45.69
2019-02-19, 05:52:53, 23.42, 45.69
2019-02-19, 05:52:55, 23.42, 45.69
2019-02-19, 05:52:56, 23.42, 45.69
2019-02-19, 05:52:57, 23.42, 45.69
2019-02-19, 05:52:59, 23.42, 45.69
2019-02-19, 05:53:00, 23.42, 45.69
2019-02-19, 05:53:01, 23.44, 45.69
2019-02-19, 05:53:03, 23.44, 45.69
2019-02-19, 05:53:04, 23.44, 45.69
2019-02-19, 05:53:06, 23.45, 45.7
2019-02-19, 05:53:07, 23.42, 45.69
2019-02-19, 05:53:08, 23.3, 45.74
2019-02-19, 05:53:10, 23.4, 45.75
2019-02-19, 05:53:11, 23.4, 45.79
2019-02-19, 05:53:12, 23.4, 45.79
2019-02-19, 05:53:14, 23.41, 45.76
2019-02-19, 05:53:15, 23.4, 45.75
2019-02-19, 05:53:16, 23.42, 45.76
2019-02-19, 05:53:18, 23.41, 45.76
2019-02-19, 05:53:19, 23.42, 45.72
2019-02-19, 05:53:20, 23.42, 45.76
2019-02-19, 05:53:22, 23.42, 45.72
2019-02-19, 05:53:23, 23.43, 45.73
2019-02-19, 05:53:24, 23.42, 45.72
2019-02-19, 05:53:26, 23.43, 45.73
2019-02-19, 05:53:27, 23.42, 45.69
2019-02-19, 05:53:29, 23.43, 45.69
2019-02-19, 05:53:30, 23.42, 45.69
2019-02-19, 05:53:31, 23.43, 45.69
2019-02-19, 05:53:33, 23.43, 45.69
2019-02-19, 05:53:34, 23.43, 45.69
2019-02-19, 05:53:35, 23.42, 45.69
2019-02-19, 05:53:37, 23.41, 45.69
2019-02-19, 05:53:38, 23.42, 45.69
2019-02-19, 05:53:39, 23.42, 45.69
2019-02-19, 05:53:41, 23.42, 45.69
2019-02-19, 05:53:42, 23.42, 45.69
2019-02-19, 05:53:43, 23.42, 45.72
2019-02-19, 05:53:45, 23.43, 45.69
2019-02-19, 05:53:46, 23.43, 45.69
2019-02-19, 05:53:48, 23.43, 45.73
2019-02-19, 05:53:49, 23.43, 45.69
2019-02-19, 05:53:50, 23.42, 45.69
2019-02-19, 05:53:52, 23.42, 45.69
2019-02-19, 05:53:53, 23.42, 45.69
2019-02-19, 05:53:54, 23.41, 45.69
2019-02-19, 05:53:56, 23.41, 45.69
2019-02-19, 05:53:57, 23.41, 45.69
2019-02-19, 05:53:58, 23.42, 45.69
2019-02-19, 05:54:00, 23.42, 45.69
2019-02-19, 05:54:01, 23.4, 45.69
2019-02-19, 05:54:02, 23.41, 45.69
2019-02-19, 05:54:04, 23.41, 45.72
2019-02-19, 05:54:05, 23.4, 45.72
2019-02-19, 05:54:06, 23.4, 45.72
2019-02-19, 05:54:08, 23.42, 45.72
2019-02-19, 05:54:09, 23.4, 45.69
2019-02-19, 05:54:11, 23.41, 45.72
2019-02-19, 05:54:12, 23.34, 45.68
2019-02-19, 05:54:13, 23.4, 45.72
2019-02-19, 05:54:15, 23.39, 45.72
2019-02-19, 05:54:16, 23.4, 45.72
2019-02-19, 05:54:17, 23.41, 45.76
2019-02-19, 05:54:19, 23.4, 45.72
2019-02-19, 05:54:20, 23.41, 45.72
2019-02-19, 05:54:21, 23.42, 45.72
2019-02-19, 05:54:23, 23.41, 45.69
2019-02-19, 05:54:24, 23.4, 45.69
2019-02-19, 05:54:25, 23.41, 45.72
2019-02-19, 05:54:27, 23.4, 45.72
2019-02-19, 05:54:28, 23.41, 45.72
2019-02-19, 05:54:29, 23.41, 45.72
2019-02-19, 05:54:31, 23.41, 45.72
2019-02-19, 05:54:32, 23.4, 45.75
2019-02-19, 05:54:34, 23.42, 45.76
2019-02-19, 05:54:35, 23.41, 45.76
2019-02-19, 05:54:36, 23.41, 45.76
2019-02-19, 05:54:38, 23.4, 45.72
2019-02-19, 05:54:39, 23.4, 45.72
2019-02-19, 05:54:40, 23.4, 45.72
2019-02-19, 05:54:42, 23.42, 45.69
2019-02-19, 05:54:43, 23.42, 45.72
2019-02-19, 05:54:44, 23.42, 45.72
2019-02-19, 05:54:46, 23.41, 45.72
2019-02-19, 05:54:47, 23.42, 45.72
2019-02-19, 05:54:48, 23.4, 45.72
2019-02-19, 05:54:50, 23.41, 45.72
2019-02-19, 05:54:51, 23.42, 45.76
2019-02-19, 05:54:52, 23.41, 45.72
2019-02-19, 05:54:54, 23.4, 45.75
2019-02-19, 05:54:55, 23.41, 45.76
2019-02-19, 05:54:57, 23.4, 45.75
2019-02-19, 05:54:58, 23.41, 45.76
2019-02-19, 05:54:59, 23.41, 45.76
2019-02-19, 05:55:01, 23.4, 45.75
2019-02-19, 05:55:02, 23.42, 45.76
2019-02-19, 05:55:03, 23.42, 45.76
2019-02-19, 05:55:05, 23.41, 45.76
2019-02-19, 05:55:06, 23.42, 45.76
2019-02-19, 05:55:07, 23.41, 45.76
2019-02-19, 05:55:09, 23.41, 45.76
2019-02-19, 05:55:10, 23.41, 45.76
2019-02-19, 05:55:11, 23.3, 45.74
2019-02-19, 05:55:13, 23.38, 45.78
2019-02-19, 05:55:14, 23.4, 45.79
2019-02-19, 05:55:15, 23.41, 45.79
2019-02-19, 05:55:17, 23.42, 45.82
2019-02-19, 05:55:18, 23.41, 45.82
2019-02-19, 05:55:20, 23.41, 45.79
2019-02-19, 05:55:21, 23.41, 45.76
2019-02-19, 05:55:22, 23.4, 45.79
2019-02-19, 05:55:24, 23.4, 45.75
2019-02-19, 05:55:25, 23.4, 45.79
2019-02-19, 05:55:26, 23.42, 45.76
2019-02-19, 05:55:28, 23.41, 45.76
2019-02-19, 05:55:29, 23.4, 45.75
2019-02-19, 05:55:30, 23.41, 45.76
2019-02-19, 05:55:32, 23.4, 45.75
2019-02-19, 05:55:33, 23.4, 45.75
2019-02-19, 05:55:34, 23.41, 45.76
2019-02-19, 05:55:36, 23.4, 45.75
2019-02-19, 05:55:37, 23.41, 45.76
2019-02-19, 05:55:38, 23.4, 45.75
2019-02-19, 05:55:40, 23.41, 45.76
2019-02-19, 05:55:41, 23.41, 45.76
2019-02-19, 05:55:43, 23.41, 45.76
2019-02-19, 05:55:44, 23.41, 45.76
2019-02-19, 05:55:45, 23.41, 45.76
2019-02-19, 05:55:47, 23.41, 45.76
2019-02-19, 05:55:48, 23.4, 45.75
2019-02-19, 05:55:49, 23.41, 45.76
2019-02-19, 05:55:51, 23.41, 45.76
2019-02-19, 05:55:52, 23.41, 45.76
2019-02-19, 05:55:53, 23.42, 45.76
2019-02-19, 05:55:55, 23.4, 45.75
2019-02-19, 05:55:56, 23.41, 45.76
2019-02-19, 05:55:57, 23.4, 45.75
2019-02-19, 05:55:59, 23.41, 45.76
2019-02-19, 05:56:00, 23.41, 45.76
2019-02-19, 05:56:02, 23.41, 45.76
2019-02-19, 05:56:03, 23.4, 45.75
2019-02-19, 05:56:04, 23.39, 45.75
2019-02-19, 05:56:06, 23.41, 45.76
2019-02-19, 05:56:07, 23.39, 45.75
2019-02-19, 05:56:08, 23.4, 45.75
2019-02-19, 05:56:10, 23.4, 45.75
2019-02-19, 05:56:11, 23.4, 45.75
2019-02-19, 05:56:12, 23.39, 45.75
2019-02-19, 05:56:14, 23.41, 45.76
2019-02-19, 05:56:15, 23.4, 45.75
2019-02-19, 05:56:16, 23.4, 45.75
2019-02-19, 05:56:18, 23.4, 45.75
2019-02-19, 05:56:19, 23.41, 45.76
2019-02-19, 05:56:20, 23.41, 45.76
2019-02-19, 05:56:22, 23.4, 45.75
2019-02-19, 05:56:23, 23.42, 45.76
2019-02-19, 05:56:25, 23.41, 45.76
2019-02-19, 05:56:26, 23.41, 45.76
2019-02-19, 05:56:27, 23.42, 45.76
2019-02-19, 05:56:29, 23.41, 45.76
2019-02-19, 05:56:30, 23.4, 45.75
2019-02-19, 05:56:31, 23.42, 45.76
2019-02-19, 05:56:33, 23.4, 45.72
2019-02-19, 05:56:34, 23.4, 45.75
2019-02-19, 05:56:35, 23.36, 45.75
2019-02-19, 05:56:37, 23.4, 45.75
2019-02-19, 05:56:38, 23.4, 45.75
2019-02-19, 05:56:39, 23.41, 45.76
2019-02-19, 05:56:41, 23.4, 45.75
2019-02-19, 05:56:42, 23.4, 45.75
2019-02-19, 05:56:43, 23.4, 45.75
2019-02-19, 05:56:45, 23.41, 45.76
2019-02-19, 05:56:46, 23.4, 45.75
2019-02-19, 05:56:48, 23.4, 45.75
2019-02-19, 05:56:49, 23.41, 45.76
2019-02-19, 05:56:50, 23.41, 45.72
2019-02-19, 05:56:52, 23.41, 45.76
2019-02-19, 05:56:53, 23.39, 45.75
2019-02-19, 05:56:54, 23.42, 45.72
2019-02-19, 05:56:56, 23.4, 45.72
2019-02-19, 05:56:57, 23.41, 45.76
2019-02-19, 05:56:58, 23.4, 45.75
2019-02-19, 05:57:00, 23.41, 45.72
2019-02-19, 05:57:01, 23.4, 45.72
2019-02-19, 05:57:02, 23.4, 45.72
2019-02-19, 05:57:04, 23.39, 45.72
2019-02-19, 05:57:05, 23.4, 45.75
2019-02-19, 05:57:07, 23.41, 45.72
2019-02-19, 05:57:08, 23.4, 45.75
2019-02-19, 05:57:09, 23.4, 45.75
2019-02-19, 05:57:11, 23.25, 45.74
2019-02-19, 05:57:12, 23.36, 45.81
2019-02-19, 05:57:13, 23.38, 45.82
2019-02-19, 05:57:15, 23.38, 45.82
2019-02-19, 05:57:16, 23.4, 45.79
2019-02-19, 05:57:17, 23.4, 45.79
2019-02-19, 05:57:19, 23.41, 45.79
2019-02-19, 05:57:20, 23.4, 45.75
2019-02-19, 05:57:21, 23.4, 45.75
2019-02-19, 05:57:23, 23.41, 45.76
2019-02-19, 05:57:24, 23.41, 45.76
2019-02-19, 05:57:26, 23.4, 45.75
2019-02-19, 05:57:27, 23.41, 45.76
2019-02-19, 05:57:28, 23.4, 45.75
2019-02-19, 05:57:30, 23.41, 45.76
2019-02-19, 05:57:31, 23.4, 45.75
2019-02-19, 05:57:32, 23.42, 45.76
2019-02-19, 05:57:34, 23.41, 45.76
2019-02-19, 05:57:35, 23.41, 45.72
2019-02-19, 05:57:36, 23.4, 45.75
2019-02-19, 05:57:38, 23.41, 45.76
2019-02-19, 05:57:39, 23.41, 45.72
2019-02-19, 05:57:40, 23.41, 45.72
2019-02-19, 05:57:42, 23.41, 45.69
2019-02-19, 05:57:43, 23.41, 45.72
2019-02-19, 05:57:44, 23.4, 45.72
2019-02-19, 05:57:46, 23.4, 45.72
2019-02-19, 05:57:47, 23.4, 45.69
2019-02-19, 05:57:49, 23.4, 45.69
2019-02-19, 05:57:50, 23.41, 45.72
2019-02-19, 05:57:51, 23.4, 45.72
2019-02-19, 05:57:53, 23.4, 45.72
2019-02-19, 05:57:54, 23.42, 45.72
2019-02-19, 05:57:55, 23.42, 45.72
2019-02-19, 05:57:57, 23.42, 45.76
2019-02-19, 05:57:58, 23.42, 45.76
2019-02-19, 05:57:59, 23.41, 45.76
2019-02-19, 05:58:01, 23.4, 45.72
2019-02-19, 05:58:02, 23.4, 45.72
2019-02-19, 05:58:03, 23.4, 45.69
2019-02-19, 05:58:05, 23.4, 45.72
2019-02-19, 05:58:06, 23.39, 45.72
2019-02-19, 05:58:07, 23.4, 45.69
2019-02-19, 05:58:09, 23.4, 45.72
2019-02-19, 05:58:10, 23.4, 45.72
2019-02-19, 05:58:12, 23.41, 45.76
2019-02-19, 05:58:13, 23.4, 45.75
2019-02-19, 05:58:14, 23.41, 45.76
2019-02-19, 05:58:16, 23.42, 45.76
2019-02-19, 05:58:17, 23.41, 45.76
2019-02-19, 05:58:18, 23.42, 45.72
2019-02-19, 05:58:20, 23.41, 45.72
2019-02-19, 05:58:21, 23.41, 45.72
2019-02-19, 05:58:22, 23.41, 45.72
2019-02-19, 05:58:24, 23.41, 45.69
2019-02-19, 05:58:25, 23.4, 45.72
2019-02-19, 05:58:26, 23.41, 45.72
2019-02-19, 05:58:28, 23.41, 45.72
2019-02-19, 05:58:29, 23.4, 45.72
2019-02-19, 05:58:30, 23.41, 45.72
2019-02-19, 05:58:32, 23.4, 45.69
2019-02-19, 05:58:33, 23.4, 45.69
2019-02-19, 05:58:35, 23.4, 45.69
2019-02-19, 05:58:36, 23.41, 45.69
2019-02-19, 05:58:37, 23.4, 45.69
2019-02-19, 05:58:39, 23.41, 45.69
2019-02-19, 05:58:40, 23.41, 45.72
2019-02-19, 05:58:41, 23.4, 45.72
2019-02-19, 05:58:43, 23.41, 45.72
2019-02-19, 05:58:44, 23.41, 45.72
2019-02-19, 05:58:45, 23.41, 45.72
2019-02-19, 05:58:47, 23.41, 45.69
2019-02-19, 05:58:48, 23.41, 45.69
2019-02-19, 05:58:49, 23.42, 45.69
2019-02-19, 05:58:51, 23.42, 45.72
2019-02-19, 05:58:52, 23.41, 45.69
2019-02-19, 05:58:53, 23.41, 45.69
2019-02-19, 05:58:55, 23.41, 45.69
2019-02-19, 05:58:56, 23.41, 45.69
2019-02-19, 05:58:57, 23.42, 45.69
2019-02-19, 05:58:59, 23.4, 45.69
2019-02-19, 05:59:00, 23.4, 45.69
2019-02-19, 05:59:02, 23.4, 45.69
2019-02-19, 05:59:03, 23.42, 45.69
2019-02-19, 05:59:04, 23.28, 45.68
2019-02-19, 05:59:06, 23.37, 45.75
2019-02-19, 05:59:07, 23.4, 45.75
2019-02-19, 05:59:08, 23.4, 45.75
2019-02-19, 05:59:10, 23.39, 45.75
2019-02-19, 05:59:11, 23.4, 45.75
2019-02-19, 05:59:12, 23.38, 45.75
2019-02-19, 05:59:14, 23.4, 45.72
2019-02-19, 05:59:15, 23.41, 45.72
2019-02-19, 05:59:16, 23.4, 45.69
2019-02-19, 05:59:18, 23.4, 45.72
2019-02-19, 05:59:19, 23.4, 45.69
2019-02-19, 05:59:20, 23.4, 45.69
2019-02-19, 05:59:22, 23.39, 45.69
2019-02-19, 05:59:23, 23.4, 45.69
2019-02-19, 05:59:25, 23.39, 45.69
2019-02-19, 05:59:26, 23.4, 45.69
2019-02-19, 05:59:27, 23.4, 45.69
2019-02-19, 05:59:29, 23.4, 45.69
2019-02-19, 05:59:30, 23.4, 45.72
2019-02-19, 05:59:31, 23.4, 45.72
2019-02-19, 05:59:33, 23.39, 45.72
2019-02-19, 05:59:34, 23.39, 45.69
2019-02-19, 05:59:35, 23.4, 45.69
2019-02-19, 05:59:37, 23.4, 45.72
2019-02-19, 05:59:38, 23.4, 45.69
2019-02-19, 05:59:39, 23.4, 45.69
2019-02-19, 05:59:41, 23.4, 45.69
2019-02-19, 05:59:42, 23.4, 45.69
2019-02-19, 05:59:43, 23.41, 45.69
2019-02-19, 05:59:45, 23.4, 45.69
2019-02-19, 05:59:46, 23.41, 45.69
2019-02-19, 05:59:48, 23.42, 45.69
2019-02-19, 05:59:49, 23.4, 45.69
2019-02-19, 05:59:50, 23.41, 45.66
2019-02-19, 05:59:52, 23.4, 45.69
2019-02-19, 05:59:53, 23.4, 45.69
2019-02-19, 05:59:54, 23.42, 45.69
2019-02-19, 05:59:56, 23.41, 45.69
2019-02-19, 05:59:57, 23.4, 45.69
2019-02-19, 05:59:58, 23.41, 45.69
2019-02-19, 06:00:00, 23.4, 45.69
2019-02-19, 06:00:01, 23.41, 45.69
2019-02-19, 06:00:02, 23.41, 45.69
2019-02-19, 06:00:04, 23.42, 45.69
2019-02-19, 06:00:05, 23.41, 45.69
2019-02-19, 06:00:07, 23.4, 45.72
2019-02-19, 06:00:08, 23.4, 45.69
2019-02-19, 06:00:09, 23.41, 45.72
2019-02-19, 06:00:11, 23.41, 45.69
2019-02-19, 06:00:12, 23.42, 45.69
2019-02-19, 06:00:13, 23.4, 45.69
2019-02-19, 06:00:15, 23.4, 45.69
2019-02-19, 06:00:16, 23.39, 45.69
2019-02-19, 06:00:17, 23.38, 45.69
2019-02-19, 06:00:19, 23.4, 45.72
2019-02-19, 06:00:20, 23.38, 45.69
2019-02-19, 06:00:22, 23.38, 45.72
2019-02-19, 06:00:23, 23.4, 45.69
2019-02-19, 06:00:24, 23.4, 45.69
2019-02-19, 06:00:26, 23.4, 45.69
2019-02-19, 06:00:27, 23.41, 45.72
2019-02-19, 06:00:28, 23.4, 45.72
2019-02-19, 06:00:30, 23.38, 45.72
2019-02-19, 06:00:31, 23.39, 45.69
2019-02-19, 06:00:32, 23.4, 45.75
2019-02-19, 06:00:34, 23.42, 45.72
2019-02-19, 06:00:35, 23.4, 45.75
2019-02-19, 06:00:36, 23.39, 45.72
2019-02-19, 06:00:38, 23.42, 45.76
2019-02-19, 06:00:39, 23.41, 45.72
2019-02-19, 06:00:41, 23.42, 45.72
2019-02-19, 06:00:42, 23.41, 45.69
2019-02-19, 06:00:43, 23.4, 45.72
2019-02-19, 06:00:45, 23.41, 45.69
2019-02-19, 06:00:46, 23.39, 45.69
2019-02-19, 06:00:47, 23.41, 45.72
2019-02-19, 06:00:49, 23.41, 45.72
2019-02-19, 06:00:50, 23.41, 45.72
2019-02-19, 06:00:51, 23.41, 45.72
2019-02-19, 06:00:53, 23.41, 45.69
2019-02-19, 06:00:54, 23.41, 45.69
2019-02-19, 06:00:55, 23.42, 45.69
2019-02-19, 06:00:57, 23.4, 45.69
2019-02-19, 06:00:58, 23.39, 45.72
2019-02-19, 06:01:00, 23.41, 45.72
2019-02-19, 06:01:01, 23.39, 45.72
2019-02-19, 06:01:02, 23.41, 45.72
2019-02-19, 06:01:04, 23.41, 45.69
2019-02-19, 06:01:05, 23.41, 45.72
2019-02-19, 06:01:06, 23.4, 45.72
2019-02-19, 06:01:08, 23.42, 45.72
2019-02-19, 06:01:09, 23.42, 45.69
2019-02-19, 06:01:10, 23.43, 45.69
2019-02-19, 06:01:12, 23.42, 45.69
2019-02-19, 06:01:13, 23.42, 45.72
2019-02-19, 06:01:14, 23.42, 45.69
2019-02-19, 06:01:16, 23.42, 45.69
2019-02-19, 06:01:17, 23.43, 45.69
2019-02-19, 06:01:18, 23.42, 45.69
2019-02-19, 06:01:20, 23.42, 45.69
2019-02-19, 06:01:21, 23.42, 45.69
2019-02-19, 06:01:23, 23.42, 45.69
2019-02-19, 06:01:24, 23.41, 45.69
2019-02-19, 06:01:25, 23.42, 45.69
2019-02-19, 06:01:27, 23.42, 45.66
2019-02-19, 06:01:28, 23.42, 45.66
2019-02-19, 06:01:29, 23.42, 45.69
2019-02-19, 06:01:31, 23.42, 45.66
2019-02-19, 06:01:32, 23.38, 45.69
2019-02-19, 06:01:33, 23.4, 45.69
2019-02-19, 06:01:35, 23.41, 45.69
2019-02-19, 06:01:36, 23.42, 45.69
2019-02-19, 06:01:37, 23.41, 45.69
2019-02-19, 06:01:39, 23.41, 45.69
2019-02-19, 06:01:40, 23.4, 45.69
2019-02-19, 06:01:41, 23.41, 45.69
2019-02-19, 06:01:43, 23.42, 45.69
2019-02-19, 06:01:44, 23.42, 45.69
2019-02-19, 06:01:46, 23.42, 45.69
2019-02-19, 06:01:47, 23.43, 45.69
2019-02-19, 06:01:48, 23.43, 45.69
2019-02-19, 06:01:50, 23.43, 45.69
2019-02-19, 06:01:51, 23.42, 45.66
2019-02-19, 06:01:52, 23.42, 45.69
2019-02-19, 06:01:54, 23.42, 45.69
2019-02-19, 06:01:55, 23.42, 45.66
2019-02-19, 06:01:56, 23.4, 45.66
2019-02-19, 06:01:58, 23.42, 45.66
2019-02-19, 06:01:59, 23.42, 45.63
2019-02-19, 06:02:00, 23.42, 45.66
2019-02-19, 06:02:02, 23.41, 45.69
2019-02-19, 06:02:03, 23.42, 45.66
2019-02-19, 06:02:04, 23.41, 45.66
2019-02-19, 06:02:06, 23.42, 45.66
2019-02-19, 06:02:07, 23.41, 45.66
2019-02-19, 06:02:09, 23.43, 45.66
2019-02-19, 06:02:10, 23.42, 45.66
2019-02-19, 06:02:11, 23.44, 45.63
2019-02-19, 06:02:13, 23.4, 45.66
2019-02-19, 06:02:14, 23.43, 45.66
2019-02-19, 06:02:15, 23.42, 45.69
2019-02-19, 06:02:17, 23.42, 45.66
2019-02-19, 06:02:18, 23.43, 45.69
2019-02-19, 06:02:19, 23.42, 45.66
2019-02-19, 06:02:21, 23.43, 45.66
2019-02-19, 06:02:22, 23.42, 45.69
2019-02-19, 06:02:24, 23.42, 45.66
2019-02-19, 06:02:25, 23.41, 45.63
2019-02-19, 06:02:26, 23.42, 45.63
2019-02-19, 06:02:28, 23.41, 45.66
2019-02-19, 06:02:29, 23.42, 45.63
2019-02-19, 06:02:30, 23.42, 45.66
2019-02-19, 06:02:32, 23.42, 45.63
2019-02-19, 06:02:33, 23.41, 45.63
2019-02-19, 06:02:34, 23.4, 45.63
2019-02-19, 06:02:36, 23.41, 45.66
2019-02-19, 06:02:37, 23.4, 45.63
2019-02-19, 06:02:38, 23.4, 45.63
2019-02-19, 06:02:40, 23.4, 45.63
2019-02-19, 06:02:41, 23.42, 45.63
2019-02-19, 06:02:42, 23.42, 45.63
2019-02-19, 06:02:44, 23.42, 45.63
2019-02-19, 06:02:45, 23.41, 45.63
2019-02-19, 06:02:47, 23.43, 45.66
2019-02-19, 06:02:48, 23.42, 45.63
2019-02-19, 06:02:49, 23.42, 45.66
2019-02-19, 06:02:51, 23.43, 45.63
2019-02-19, 06:02:52, 23.43, 45.63
2019-02-19, 06:02:53, 23.43, 45.63
2019-02-19, 06:02:55, 23.44, 45.63
2019-02-19, 06:02:56, 23.43, 45.63
2019-02-19, 06:02:57, 23.42, 45.63
2019-02-19, 06:02:59, 23.43, 45.63
2019-02-19, 06:03:00, 23.44, 45.63
2019-02-19, 06:03:01, 23.44, 45.63
2019-02-19, 06:03:03, 23.43, 45.63
2019-02-19, 06:03:04, 23.43, 45.63
2019-02-19, 06:03:06, 23.42, 45.63
2019-02-19, 06:03:07, 23.44, 45.63
2019-02-19, 06:03:08, 23.43, 45.63
2019-02-19, 06:03:10, 23.44, 45.63
2019-02-19, 06:03:11, 23.43, 45.63
2019-02-19, 06:03:12, 23.44, 45.63
2019-02-19, 06:03:14, 23.44, 45.63
2019-02-19, 06:03:15, 23.44, 45.63
2019-02-19, 06:03:16, 23.43, 45.63
2019-02-19, 06:03:18, 23.42, 45.63
2019-02-19, 06:03:19, 23.44, 45.63
2019-02-19, 06:03:20, 23.44, 45.63
2019-02-19, 06:03:22, 23.44, 45.63
2019-02-19, 06:03:23, 23.43, 45.63
2019-02-19, 06:03:24, 23.43, 45.63
2019-02-19, 06:03:26, 23.43, 45.63
2019-02-19, 06:03:27, 23.42, 45.63
2019-02-19, 06:03:29, 23.44, 45.66
2019-02-19, 06:03:30, 23.43, 45.63
2019-02-19, 06:03:31, 23.43, 45.63
2019-02-19, 06:03:33, 23.44, 45.63
2019-02-19, 06:03:34, 23.44, 45.66
2019-02-19, 06:03:35, 23.44, 45.63
2019-02-19, 06:03:37, 23.44, 45.63
2019-02-19, 06:03:38, 23.44, 45.63
2019-02-19, 06:03:39, 23.44, 45.63
2019-02-19, 06:03:41, 23.45, 45.63
2019-02-19, 06:03:42, 23.44, 45.63
2019-02-19, 06:03:43, 23.44, 45.63
2019-02-19, 06:03:45, 23.44, 45.6
2019-02-19, 06:03:46, 23.44, 45.6
2019-02-19, 06:03:47, 23.44, 45.6
2019-02-19, 06:03:49, 23.44, 45.6
2019-02-19, 06:03:50, 23.44, 45.6
2019-02-19, 06:03:52, 23.44, 45.6
2019-02-19, 06:03:53, 23.44, 45.63
2019-02-19, 06:03:54, 23.44, 45.6
2019-02-19, 06:03:56, 23.44, 45.63
2019-02-19, 06:03:57, 23.43, 45.63
2019-02-19, 06:03:58, 23.43, 45.63
2019-02-19, 06:04:00, 23.45, 45.63
2019-02-19, 06:04:01, 23.28, 45.64
2019-02-19, 06:04:02, 23.38, 45.72
2019-02-19, 06:04:04, 23.4, 45.72
2019-02-19, 06:04:05, 23.42, 45.69
2019-02-19, 06:04:07, 23.41, 45.69
2019-02-19, 06:04:08, 23.43, 45.69
2019-02-19, 06:04:09, 23.42, 45.66
2019-02-19, 06:04:11, 23.42, 45.66
2019-02-19, 06:04:12, 23.42, 45.66
2019-02-19, 06:04:13, 23.44, 45.66
2019-02-19, 06:04:15, 23.42, 45.66
2019-02-19, 06:04:16, 23.42, 45.63
2019-02-19, 06:04:17, 23.43, 45.66
2019-02-19, 06:04:19, 23.44, 45.63
2019-02-19, 06:04:20, 23.43, 45.66
2019-02-19, 06:04:21, 23.43, 45.63
2019-02-19, 06:04:23, 23.43, 45.66
2019-02-19, 06:04:24, 23.44, 45.63
2019-02-19, 06:04:25, 23.44, 45.63
2019-02-19, 06:04:27, 23.43, 45.63
2019-02-19, 06:04:28, 23.44, 45.66
2019-02-19, 06:04:30, 23.45, 45.63
2019-02-19, 06:04:31, 23.27, 45.67
2019-02-19, 06:04:32, 23.39, 45.72
2019-02-19, 06:04:34, 23.41, 45.72
2019-02-19, 06:04:35, 23.42, 45.72
2019-02-19, 06:04:36, 23.42, 45.69
2019-02-19, 06:04:38, 23.42, 45.69
2019-02-19, 06:04:39, 23.42, 45.69
2019-02-19, 06:04:40, 23.42, 45.69
2019-02-19, 06:04:42, 23.44, 45.69
2019-02-19, 06:04:43, 23.44, 45.66
2019-02-19, 06:04:44, 23.44, 45.63
2019-02-19, 06:04:46, 23.44, 45.66
2019-02-19, 06:04:47, 23.42, 45.63
2019-02-19, 06:04:49, 23.42, 45.63
2019-02-19, 06:04:50, 23.43, 45.63
2019-02-19, 06:04:51, 23.42, 45.63
2019-02-19, 06:04:53, 23.44, 45.63
2019-02-19, 06:04:54, 23.42, 45.63
2019-02-19, 06:04:55, 23.43, 45.63
2019-02-19, 06:04:57, 23.44, 45.63
2019-02-19, 06:04:58, 23.44, 45.6
2019-02-19, 06:04:59, 23.43, 45.63
2019-02-19, 06:05:01, 23.44, 45.63
2019-02-19, 06:05:02, 23.43, 45.63
2019-02-19, 06:05:03, 23.44, 45.63
2019-02-19, 06:05:05, 23.46, 45.6
2019-02-19, 06:05:06, 23.44, 45.63
2019-02-19, 06:05:07, 23.44, 45.63
2019-02-19, 06:05:09, 23.43, 45.63
2019-02-19, 06:05:10, 23.42, 45.63
2019-02-19, 06:05:12, 23.42, 45.63
2019-02-19, 06:05:13, 23.44, 45.63
2019-02-19, 06:05:14, 23.44, 45.6
2019-02-19, 06:05:16, 23.43, 45.6
2019-02-19, 06:05:17, 23.45, 45.63
2019-02-19, 06:05:18, 23.44, 45.6
2019-02-19, 06:05:20, 23.44, 45.6
2019-02-19, 06:05:21, 23.43, 45.6
2019-02-19, 06:05:22, 23.44, 45.57
2019-02-19, 06:05:24, 23.44, 45.6
2019-02-19, 06:05:25, 23.44, 45.6
2019-02-19, 06:05:26, 23.44, 45.6
2019-02-19, 06:05:28, 23.45, 45.6
2019-02-19, 06:05:29, 23.45, 45.6
2019-02-19, 06:05:31, 23.45, 45.57
2019-02-19, 06:05:32, 23.42, 45.56
2019-02-19, 06:05:33, 23.44, 45.57
2019-02-19, 06:05:35, 23.44, 45.57
2019-02-19, 06:05:36, 23.43, 45.56
2019-02-19, 06:05:37, 23.44, 45.6
2019-02-19, 06:05:39, 23.45, 45.57
2019-02-19, 06:05:40, 23.44, 45.57
2019-02-19, 06:05:41, 23.45, 45.6
2019-02-19, 06:05:43, 23.45, 45.57
2019-02-19, 06:05:44, 23.44, 45.57
2019-02-19, 06:05:46, 23.45, 45.57
2019-02-19, 06:05:47, 23.44, 45.57
2019-02-19, 06:05:48, 23.46, 45.57
2019-02-19, 06:05:50, 23.46, 45.57
2019-02-19, 06:05:51, 23.45, 45.57
2019-02-19, 06:05:52, 23.45, 45.57
2019-02-19, 06:05:54, 23.44, 45.57
2019-02-19, 06:05:55, 23.45, 45.57
2019-02-19, 06:05:56, 23.45, 45.57
2019-02-19, 06:05:58, 23.44, 45.57
2019-02-19, 06:05:59, 23.4, 45.56
2019-02-19, 06:06:00, 23.45, 45.57
2019-02-19, 06:06:02, 23.45, 45.57
2019-02-19, 06:06:03, 23.46, 45.6
2019-02-19, 06:06:05, 23.32, 45.58
2019-02-19, 06:06:06, 23.41, 45.63
2019-02-19, 06:06:07, 23.43, 45.63
2019-02-19, 06:06:09, 23.44, 45.63
2019-02-19, 06:06:10, 23.44, 45.63
2019-02-19, 06:06:11, 23.44, 45.6
2019-02-19, 06:06:13, 23.45, 45.63
2019-02-19, 06:06:14, 23.46, 45.6
2019-02-19, 06:06:15, 23.45, 45.6
2019-02-19, 06:06:17, 23.45, 45.57
2019-02-19, 06:06:18, 23.44, 45.57
2019-02-19, 06:06:19, 23.46, 45.57
2019-02-19, 06:06:21, 23.46, 45.57
2019-02-19, 06:06:22, 23.45, 45.57
2019-02-19, 06:06:24, 23.44, 45.57
2019-02-19, 06:06:25, 23.45, 45.57
2019-02-19, 06:06:26, 23.43, 45.56
2019-02-19, 06:06:28, 23.44, 45.57
2019-02-19, 06:06:29, 23.36, 45.56
2019-02-19, 06:06:30, 23.43, 45.6
2019-02-19, 06:06:32, 23.44, 45.63
2019-02-19, 06:06:33, 23.44, 45.63
2019-02-19, 06:06:34, 23.44, 45.6
2019-02-19, 06:06:36, 23.46, 45.6
2019-02-19, 06:06:37, 23.46, 45.6
2019-02-19, 06:06:38, 23.47, 45.57
2019-02-19, 06:06:40, 23.46, 45.57
2019-02-19, 06:06:41, 23.47, 45.57
2019-02-19, 06:06:43, 23.46, 45.57
2019-02-19, 06:06:44, 23.46, 45.57
2019-02-19, 06:06:45, 23.45, 45.57
2019-02-19, 06:06:47, 23.46, 45.57
2019-02-19, 06:06:48, 23.46, 45.57
2019-02-19, 06:06:49, 23.46, 45.57
2019-02-19, 06:06:51, 23.47, 45.57
2019-02-19, 06:06:52, 23.46, 45.54
2019-02-19, 06:06:53, 23.46, 45.54
2019-02-19, 06:06:55, 23.46, 45.54
2019-02-19, 06:06:56, 23.45, 45.53
2019-02-19, 06:06:57, 23.46, 45.57
2019-02-19, 06:06:59, 23.45, 45.53
2019-02-19, 06:07:00, 23.46, 45.54
2019-02-19, 06:07:01, 23.46, 45.54
2019-02-19, 06:07:03, 23.45, 45.53
2019-02-19, 06:07:04, 23.46, 45.54
2019-02-19, 06:07:06, 23.46, 45.5
2019-02-19, 06:07:07, 23.47, 45.54
2019-02-19, 06:07:08, 23.47, 45.51
2019-02-19, 06:07:10, 23.46, 45.54
2019-02-19, 06:07:11, 23.46, 45.5
2019-02-19, 06:07:12, 23.46, 45.54
2019-02-19, 06:07:14, 23.46, 45.54
2019-02-19, 06:07:15, 23.48, 45.51
2019-02-19, 06:07:16, 23.48, 45.51
2019-02-19, 06:07:18, 23.48, 45.51
2019-02-19, 06:07:19, 23.46, 45.5
2019-02-19, 06:07:20, 23.47, 45.51
2019-02-19, 06:07:22, 23.47, 45.51
2019-02-19, 06:07:23, 23.48, 45.51
2019-02-19, 06:07:25, 23.46, 45.5
2019-02-19, 06:07:26, 23.48, 45.51
2019-02-19, 06:07:27, 23.48, 45.51
2019-02-19, 06:07:29, 23.34, 45.49
2019-02-19, 06:07:30, 23.44, 45.57
2019-02-19, 06:07:31, 23.46, 45.57
2019-02-19, 06:07:33, 23.47, 45.57
2019-02-19, 06:07:34, 23.48, 45.54
2019-02-19, 06:07:35, 23.49, 45.57
2019-02-19, 06:07:37, 23.49, 45.57
2019-02-19, 06:07:38, 23.48, 45.57
2019-02-19, 06:07:39, 23.48, 45.54
2019-02-19, 06:07:41, 23.48, 45.57
2019-02-19, 06:07:42, 23.48, 45.57
2019-02-19, 06:07:43, 23.48, 45.54
2019-02-19, 06:07:45, 23.49, 45.54
2019-02-19, 06:07:46, 23.47, 45.54
2019-02-19, 06:07:48, 23.47, 45.51
2019-02-19, 06:07:49, 23.49, 45.51
2019-02-19, 06:07:50, 23.5, 45.51
2019-02-19, 06:07:52, 23.5, 45.48
2019-02-19, 06:07:53, 23.51, 45.48
2019-02-19, 06:07:54, 23.5, 45.48
2019-02-19, 06:07:56, 23.5, 45.48
2019-02-19, 06:07:57, 23.49, 45.48
2019-02-19, 06:07:58, 23.36, 45.49
2019-02-19, 06:08:00, 23.46, 45.5
2019-02-19, 06:08:01, 23.46, 45.5
2019-02-19, 06:08:02, 23.48, 45.51
2019-02-19, 06:08:04, 23.48, 45.51
2019-02-19, 06:08:05, 23.48, 45.51
2019-02-19, 06:08:06, 23.48, 45.51
2019-02-19, 06:08:08, 23.49, 45.48
2019-02-19, 06:08:09, 23.49, 45.48
2019-02-19, 06:08:11, 23.49, 45.51
2019-02-19, 06:08:12, 23.5, 45.48
2019-02-19, 06:08:13, 23.48, 45.47
2019-02-19, 06:08:15, 23.5, 45.48
2019-02-19, 06:08:16, 23.5, 45.48
2019-02-19, 06:08:17, 23.49, 45.48
2019-02-19, 06:08:19, 23.49, 45.48
2019-02-19, 06:08:20, 23.5, 45.48
2019-02-19, 06:08:21, 23.49, 45.48
2019-02-19, 06:08:23, 23.5, 45.48
2019-02-19, 06:08:24, 23.5, 45.51
2019-02-19, 06:08:25, 23.49, 45.51
2019-02-19, 06:08:27, 23.5, 45.44
2019-02-19, 06:08:28, 23.35, 45.49
2019-02-19, 06:08:30, 23.46, 45.54
2019-02-19, 06:08:31, 23.49, 45.57
2019-02-19, 06:08:32, 23.48, 45.57
2019-02-19, 06:08:34, 23.49, 45.54
2019-02-19, 06:08:35, 23.49, 45.54
2019-02-19, 06:08:36, 23.49, 45.51
2019-02-19, 06:08:38, 23.5, 45.51
2019-02-19, 06:08:39, 23.49, 45.51
2019-02-19, 06:08:40, 23.5, 45.51
2019-02-19, 06:08:42, 23.5, 45.44
2019-02-19, 06:08:43, 23.5, 45.48
2019-02-19, 06:08:44, 23.5, 45.51
2019-02-19, 06:08:46, 23.49, 45.48
2019-02-19, 06:08:47, 23.5, 45.48
2019-02-19, 06:08:48, 23.49, 45.48
2019-02-19, 06:08:50, 23.49, 45.44
2019-02-19, 06:08:51, 23.49, 45.44
2019-02-19, 06:08:53, 23.49, 45.44
2019-02-19, 06:08:54, 23.49, 45.48
2019-02-19, 06:08:55, 23.49, 45.44
2019-02-19, 06:08:57, 23.5, 45.44
2019-02-19, 06:08:58, 23.33, 45.49
2019-02-19, 06:08:59, 23.44, 45.57
2019-02-19, 06:09:01, 23.46, 45.57
2019-02-19, 06:09:02, 23.46, 45.54
2019-02-19, 06:09:03, 23.48, 45.51
2019-02-19, 06:09:05, 23.48, 45.51
2019-02-19, 06:09:06, 23.5, 45.51
2019-02-19, 06:09:07, 23.5, 45.48
2019-02-19, 06:09:09, 23.5, 45.51
2019-02-19, 06:09:10, 23.5, 45.48
2019-02-19, 06:09:11, 23.5, 45.48
2019-02-19, 06:09:13, 23.5, 45.48
2019-02-19, 06:09:14, 23.5, 45.44
2019-02-19, 06:09:16, 23.51, 45.48
2019-02-19, 06:09:17, 23.5, 45.48
2019-02-19, 06:09:18, 23.5, 45.48
2019-02-19, 06:09:20, 23.5, 45.44
2019-02-19, 06:09:21, 23.5, 45.44
2019-02-19, 06:09:22, 23.5, 45.44
2019-02-19, 06:09:24, 23.5, 45.44
2019-02-19, 06:09:25, 23.51, 45.45
2019-02-19, 06:09:26, 23.51, 45.45
2019-02-19, 06:09:28, 23.51, 45.45
2019-02-19, 06:09:29, 23.51, 45.45
2019-02-19, 06:09:30, 23.51, 45.45
2019-02-19, 06:09:32, 23.51, 45.45
2019-02-19, 06:09:33, 23.51, 45.45
2019-02-19, 06:09:34, 23.52, 45.45
2019-02-19, 06:09:36, 23.52, 45.45
2019-02-19, 06:09:37, 23.51, 45.45
2019-02-19, 06:09:39, 23.51, 45.45
2019-02-19, 06:09:40, 23.52, 45.45
2019-02-19, 06:09:41, 23.51, 45.45
2019-02-19, 06:09:43, 23.52, 45.45
2019-02-19, 06:09:44, 23.52, 45.45
2019-02-19, 06:09:45, 23.52, 45.45
2019-02-19, 06:09:47, 23.52, 45.48
2019-02-19, 06:09:48, 23.51, 45.45
2019-02-19, 06:09:49, 23.51, 45.45
2019-02-19, 06:09:51, 23.52, 45.45
2019-02-19, 06:09:52, 23.52, 45.41
2019-02-19, 06:09:53, 23.52, 45.45
2019-02-19, 06:09:55, 23.51, 45.45
2019-02-19, 06:09:56, 23.51, 45.45
2019-02-19, 06:09:58, 23.52, 45.41
2019-02-19, 06:09:59, 23.52, 45.45
2019-02-19, 06:10:00, 23.53, 45.42
2019-02-19, 06:10:02, 23.52, 45.41
2019-02-19, 06:10:03, 23.52, 45.41
2019-02-19, 06:10:04, 23.52, 45.41
2019-02-19, 06:10:06, 23.51, 45.45
2019-02-19, 06:10:07, 23.52, 45.45
2019-02-19, 06:10:08, 23.51, 45.45
2019-02-19, 06:10:10, 23.51, 45.45
2019-02-19, 06:10:11, 23.51, 45.45
2019-02-19, 06:10:12, 23.51, 45.45
2019-02-19, 06:10:14, 23.52, 45.41
2019-02-19, 06:10:15, 23.51, 45.45
2019-02-19, 06:10:16, 23.52, 45.45
2019-02-19, 06:10:18, 23.51, 45.41
2019-02-19, 06:10:19, 23.51, 45.38
2019-02-19, 06:10:21, 23.52, 45.45
2019-02-19, 06:10:22, 23.5, 45.44
2019-02-19, 06:10:23, 23.51, 45.41
2019-02-19, 06:10:25, 23.52, 45.41
2019-02-19, 06:10:26, 23.52, 45.45
2019-02-19, 06:10:27, 23.51, 45.41
2019-02-19, 06:10:29, 23.52, 45.45
2019-02-19, 06:10:30, 23.5, 45.41
2019-02-19, 06:10:31, 23.5, 45.41
2019-02-19, 06:10:33, 23.52, 45.41
2019-02-19, 06:10:34, 23.52, 45.41
2019-02-19, 06:10:35, 23.52, 45.41
2019-02-19, 06:10:37, 23.52, 45.38
2019-02-19, 06:10:38, 23.52, 45.38
2019-02-19, 06:10:39, 23.52, 45.38
2019-02-19, 06:10:41, 23.52, 45.41
2019-02-19, 06:10:42, 23.52, 45.38
2019-02-19, 06:10:44, 23.52, 45.38
2019-02-19, 06:10:45, 23.52, 45.38
2019-02-19, 06:10:46, 23.52, 45.38
2019-02-19, 06:10:48, 23.53, 45.42
2019-02-19, 06:10:49, 23.53, 45.38
2019-02-19, 06:10:50, 23.51, 45.38
2019-02-19, 06:10:52, 23.52, 45.38
2019-02-19, 06:10:53, 23.51, 45.38
2019-02-19, 06:10:54, 23.51, 45.38
2019-02-19, 06:10:56, 23.48, 45.38
2019-02-19, 06:10:57, 23.52, 45.38
2019-02-19, 06:10:58, 23.51, 45.38
2019-02-19, 06:11:00, 23.51, 45.41
2019-02-19, 06:11:01, 23.52, 45.38
2019-02-19, 06:11:03, 23.51, 45.38
2019-02-19, 06:11:04, 23.5, 45.38
2019-02-19, 06:11:05, 23.52, 45.41
2019-02-19, 06:11:07, 23.5, 45.38
2019-02-19, 06:11:08, 23.5, 45.41
2019-02-19, 06:11:09, 23.52, 45.38
2019-02-19, 06:11:11, 23.51, 45.38
2019-02-19, 06:11:12, 23.5, 45.38
2019-02-19, 06:11:13, 23.52, 45.38
2019-02-19, 06:11:15, 23.52, 45.38
2019-02-19, 06:11:16, 23.5, 45.41
2019-02-19, 06:11:17, 23.51, 45.41
2019-02-19, 06:11:19, 23.52, 45.41
2019-02-19, 06:11:20, 23.51, 45.41
2019-02-19, 06:11:21, 23.52, 45.41
2019-02-19, 06:11:23, 23.51, 45.41
2019-02-19, 06:11:24, 23.51, 45.45
2019-02-19, 06:11:26, 23.51, 45.41
2019-02-19, 06:11:27, 23.51, 45.41
2019-02-19, 06:11:28, 23.51, 45.41
2019-02-19, 06:11:30, 23.51, 45.41
2019-02-19, 06:11:31, 23.36, 45.43
2019-02-19, 06:11:32, 23.47, 45.47
2019-02-19, 06:11:34, 23.49, 45.48
2019-02-19, 06:11:35, 23.5, 45.48
2019-02-19, 06:11:36, 23.5, 45.48
2019-02-19, 06:11:38, 23.5, 45.44
2019-02-19, 06:11:39, 23.51, 45.45
2019-02-19, 06:11:40, 23.51, 45.45
2019-02-19, 06:11:42, 23.5, 45.44
2019-02-19, 06:11:43, 23.49, 45.44
2019-02-19, 06:11:45, 23.51, 45.41
2019-02-19, 06:11:46, 23.51, 45.41
2019-02-19, 06:11:47, 23.5, 45.41
2019-02-19, 06:11:49, 23.5, 45.41
2019-02-19, 06:11:50, 23.5, 45.41
2019-02-19, 06:11:51, 23.5, 45.41
2019-02-19, 06:11:53, 23.5, 45.41
2019-02-19, 06:11:54, 23.5, 45.41
2019-02-19, 06:11:55, 23.5, 45.41
2019-02-19, 06:11:57, 23.5, 45.41
2019-02-19, 06:11:58, 23.51, 45.41
2019-02-19, 06:11:59, 23.51, 45.38
2019-02-19, 06:12:01, 23.35, 45.43
2019-02-19, 06:12:02, 23.45, 45.5
2019-02-19, 06:12:04, 23.47, 45.51
2019-02-19, 06:12:05, 23.48, 45.51
2019-02-19, 06:12:06, 23.48, 45.51
2019-02-19, 06:12:08, 23.49, 45.51
2019-02-19, 06:12:09, 23.48, 45.51
2019-02-19, 06:12:10, 23.49, 45.48
2019-02-19, 06:12:12, 23.49, 45.48
2019-02-19, 06:12:13, 23.49, 45.48
2019-02-19, 06:12:14, 23.5, 45.44
2019-02-19, 06:12:16, 23.5, 45.48
2019-02-19, 06:12:17, 23.49, 45.44
2019-02-19, 06:12:18, 23.5, 45.44
2019-02-19, 06:12:20, 23.5, 45.44
2019-02-19, 06:12:21, 23.49, 45.48
2019-02-19, 06:12:22, 23.49, 45.44
2019-02-19, 06:12:24, 23.49, 45.44
2019-02-19, 06:12:25, 23.37, 45.43
2019-02-19, 06:12:27, 23.46, 45.5
2019-02-19, 06:12:28, 23.48, 45.51
2019-02-19, 06:12:29, 23.48, 45.44
2019-02-19, 06:12:31, 23.48, 45.44
2019-02-19, 06:12:32, 23.48, 45.44
2019-02-19, 06:12:33, 23.49, 45.48
2019-02-19, 06:12:35, 23.48, 45.47
2019-02-19, 06:12:36, 23.48, 45.47
2019-02-19, 06:12:37, 23.49, 45.44
2019-02-19, 06:12:39, 23.48, 45.47
2019-02-19, 06:12:40, 23.48, 45.44
2019-02-19, 06:12:41, 23.49, 45.44
2019-02-19, 06:12:43, 23.49, 45.44
2019-02-19, 06:12:44, 23.48, 45.44
2019-02-19, 06:12:45, 23.48, 45.44
2019-02-19, 06:12:47, 23.48, 45.44
2019-02-19, 06:12:48, 23.49, 45.44
2019-02-19, 06:12:50, 23.48, 45.44
2019-02-19, 06:12:51, 23.48, 45.44
2019-02-19, 06:12:52, 23.48, 45.41
2019-02-19, 06:12:54, 23.48, 45.44
2019-02-19, 06:12:55, 23.48, 45.44
2019-02-19, 06:12:56, 23.49, 45.44
2019-02-19, 06:12:58, 23.48, 45.44
2019-02-19, 06:12:59, 23.48, 45.44
2019-02-19, 06:13:00, 23.49, 45.44
2019-02-19, 06:13:02, 23.48, 45.44
2019-02-19, 06:13:03, 23.5, 45.44
2019-02-19, 06:13:04, 23.48, 45.44
2019-02-19, 06:13:06, 23.48, 45.44
2019-02-19, 06:13:07, 23.48, 45.44
2019-02-19, 06:13:09, 23.49, 45.44
2019-02-19, 06:13:10, 23.49, 45.44
2019-02-19, 06:13:11, 23.48, 45.44
2019-02-19, 06:13:13, 23.48, 45.44
2019-02-19, 06:13:14, 23.48, 45.44
2019-02-19, 06:13:15, 23.46, 45.44
2019-02-19, 06:13:17, 23.47, 45.44
2019-02-19, 06:13:18, 23.47, 45.47
2019-02-19, 06:13:19, 23.48, 45.44
2019-02-19, 06:13:21, 23.47, 45.44
2019-02-19, 06:13:22, 23.48, 45.44
2019-02-19, 06:13:23, 23.5, 45.41
2019-02-19, 06:13:25, 23.34, 45.43
2019-02-19, 06:13:26, 23.44, 45.5
2019-02-19, 06:13:27, 23.45, 45.53
2019-02-19, 06:13:29, 23.46, 45.5
2019-02-19, 06:13:30, 23.47, 45.51
2019-02-19, 06:13:32, 23.48, 45.51
2019-02-19, 06:13:33, 23.48, 45.51
2019-02-19, 06:13:34, 23.46, 45.5
2019-02-19, 06:13:36, 23.48, 45.47
2019-02-19, 06:13:37, 23.48, 45.47
2019-02-19, 06:13:38, 23.49, 45.51
2019-02-19, 06:13:40, 23.49, 45.48
2019-02-19, 06:13:41, 23.48, 45.47
2019-02-19, 06:13:42, 23.48, 45.51
2019-02-19, 06:13:44, 23.49, 45.48
2019-02-19, 06:13:45, 23.49, 45.48
2019-02-19, 06:13:46, 23.48, 45.47
2019-02-19, 06:13:48, 23.49, 45.48
2019-02-19, 06:13:49, 23.48, 45.47
2019-02-19, 06:13:50, 23.48, 45.44
2019-02-19, 06:13:52, 23.48, 45.47
2019-02-19, 06:13:53, 23.48, 45.44
2019-02-19, 06:13:55, 23.48, 45.44
2019-02-19, 06:13:56, 23.48, 45.44
2019-02-19, 06:13:57, 23.49, 45.48
2019-02-19, 06:13:59, 23.5, 45.48
2019-02-19, 06:14:00, 23.49, 45.44
2019-02-19, 06:14:01, 23.48, 45.47
2019-02-19, 06:14:03, 23.48, 45.47
2019-02-19, 06:14:04, 23.49, 45.48
2019-02-19, 06:14:05, 23.49, 45.48
2019-02-19, 06:14:07, 23.49, 45.48
2019-02-19, 06:14:08, 23.48, 45.47
2019-02-19, 06:14:09, 23.48, 45.47
2019-02-19, 06:14:11, 23.5, 45.48
2019-02-19, 06:14:12, 23.48, 45.47
2019-02-19, 06:14:13, 23.5, 45.48
2019-02-19, 06:14:15, 23.49, 45.48
2019-02-19, 06:14:16, 23.48, 45.44
2019-02-19, 06:14:18, 23.48, 45.44
2019-02-19, 06:14:19, 23.48, 45.47
2019-02-19, 06:14:20, 23.47, 45.51
2019-02-19, 06:14:22, 23.47, 45.47
2019-02-19, 06:14:23, 23.48, 45.47
2019-02-19, 06:14:24, 23.31, 45.49
2019-02-19, 06:14:26, 23.42, 45.56
2019-02-19, 06:14:27, 23.45, 45.57
2019-02-19, 06:14:28, 23.45, 45.57
2019-02-19, 06:14:30, 23.45, 45.57
2019-02-19, 06:14:31, 23.46, 45.57
2019-02-19, 06:14:32, 23.46, 45.57
2019-02-19, 06:14:34, 23.47, 45.57
2019-02-19, 06:14:35, 23.47, 45.57
2019-02-19, 06:14:36, 23.47, 45.54
2019-02-19, 06:14:38, 23.45, 45.53
2019-02-19, 06:14:39, 23.46, 45.54
2019-02-19, 06:14:41, 23.45, 45.53
2019-02-19, 06:14:42, 23.46, 45.54
2019-02-19, 06:14:43, 23.45, 45.5
2019-02-19, 06:14:45, 23.46, 45.54
2019-02-19, 06:14:46, 23.47, 45.54
2019-02-19, 06:14:47, 23.46, 45.54
2019-02-19, 06:14:49, 23.46, 45.54
2019-02-19, 06:14:50, 23.45, 45.53
2019-02-19, 06:14:51, 23.47, 45.51
2019-02-19, 06:14:53, 23.46, 45.54
2019-02-19, 06:14:54, 23.47, 45.51
2019-02-19, 06:14:55, 23.46, 45.54
2019-02-19, 06:14:57, 23.45, 45.5
2019-02-19, 06:14:58, 23.45, 45.5
2019-02-19, 06:14:59, 23.45, 45.5
2019-02-19, 06:15:01, 23.46, 45.5
2019-02-19, 06:15:02, 23.45, 45.5
2019-02-19, 06:15:04, 23.46, 45.5
2019-02-19, 06:15:05, 23.46, 45.5
2019-02-19, 06:15:06, 23.46, 45.5
2019-02-19, 06:15:08, 23.45, 45.5
2019-02-19, 06:15:09, 23.46, 45.5
2019-02-19, 06:15:10, 23.46, 45.5
2019-02-19, 06:15:12, 23.45, 45.5
2019-02-19, 06:15:13, 23.45, 45.5
2019-02-19, 06:15:14, 23.46, 45.5
2019-02-19, 06:15:16, 23.46, 45.5
2019-02-19, 06:15:17, 23.45, 45.5
2019-02-19, 06:15:18, 23.46, 45.5
2019-02-19, 06:15:20, 23.46, 45.5
2019-02-19, 06:15:21, 23.45, 45.5
2019-02-19, 06:15:22, 23.47, 45.51
2019-02-19, 06:15:24, 23.46, 45.5
2019-02-19, 06:15:25, 23.47, 45.51
2019-02-19, 06:15:27, 23.47, 45.51
2019-02-19, 06:15:28, 23.48, 45.51
2019-02-19, 06:15:29, 23.46, 45.5
2019-02-19, 06:15:31, 23.46, 45.5
2019-02-19, 06:15:32, 23.46, 45.54
2019-02-19, 06:15:33, 23.46, 45.5
2019-02-19, 06:15:35, 23.46, 45.5
2019-02-19, 06:15:36, 23.45, 45.5
2019-02-19, 06:15:37, 23.44, 45.5
2019-02-19, 06:15:39, 23.46, 45.5
2019-02-19, 06:15:40, 23.45, 45.5
2019-02-19, 06:15:41, 23.46, 45.5
2019-02-19, 06:15:43, 23.46, 45.5
2019-02-19, 06:15:44, 23.45, 45.5
2019-02-19, 06:15:45, 23.44, 45.5
2019-02-19, 06:15:47, 23.45, 45.5
2019-02-19, 06:15:48, 23.44, 45.5
2019-02-19, 06:15:50, 23.44, 45.5
2019-02-19, 06:15:51, 23.45, 45.5
2019-02-19, 06:15:52, 23.43, 45.5
2019-02-19, 06:15:54, 23.43, 45.5
2019-02-19, 06:15:55, 23.44, 45.5
2019-02-19, 06:15:56, 23.43, 45.53
2019-02-19, 06:15:58, 23.43, 45.53
2019-02-19, 06:15:59, 23.44, 45.53
2019-02-19, 06:16:00, 23.44, 45.5
2019-02-19, 06:16:02, 23.42, 45.5
2019-02-19, 06:16:03, 23.44, 45.5
2019-02-19, 06:16:04, 23.44, 45.5
2019-02-19, 06:16:06, 23.44, 45.53
2019-02-19, 06:16:07, 23.43, 45.53
2019-02-19, 06:16:09, 23.43, 45.53
2019-02-19, 06:16:10, 23.42, 45.53
2019-02-19, 06:16:11, 23.43, 45.53
2019-02-19, 06:16:13, 23.44, 45.53
2019-02-19, 06:16:14, 23.42, 45.53
2019-02-19, 06:16:15, 23.43, 45.53
2019-02-19, 06:16:17, 23.44, 45.57
2019-02-19, 06:16:18, 23.44, 45.57
2019-02-19, 06:16:19, 23.44, 45.57
2019-02-19, 06:16:21, 23.44, 45.57
2019-02-19, 06:16:22, 23.42, 45.56
2019-02-19, 06:16:23, 23.44, 45.57
2019-02-19, 06:16:25, 23.43, 45.56
2019-02-19, 06:16:26, 23.43, 45.56
2019-02-19, 06:16:27, 23.43, 45.56
2019-02-19, 06:16:29, 23.44, 45.57
2019-02-19, 06:16:30, 23.44, 45.53
2019-02-19, 06:16:32, 23.43, 45.53
2019-02-19, 06:16:33, 23.43, 45.56
2019-02-19, 06:16:34, 23.44, 45.53
2019-02-19, 06:16:36, 23.44, 45.57
2019-02-19, 06:16:37, 23.43, 45.56
2019-02-19, 06:16:38, 23.44, 45.57
2019-02-19, 06:16:40, 23.43, 45.53
2019-02-19, 06:16:41, 23.43, 45.56
2019-02-19, 06:16:42, 23.44, 45.57
2019-02-19, 06:16:44, 23.44, 45.57
2019-02-19, 06:16:45, 23.44, 45.57
2019-02-19, 06:16:46, 23.44, 45.57
2019-02-19, 06:16:48, 23.44, 45.53
2019-02-19, 06:16:49, 23.44, 45.57
2019-02-19, 06:16:50, 23.44, 45.57
2019-02-19, 06:16:52, 23.42, 45.56
2019-02-19, 06:16:53, 23.43, 45.56
2019-02-19, 06:16:55, 23.42, 45.56
2019-02-19, 06:16:56, 23.44, 45.57
2019-02-19, 06:16:57, 23.44, 45.53
2019-02-19, 06:16:59, 23.43, 45.56
2019-02-19, 06:17:00, 23.44, 45.57
2019-02-19, 06:17:01, 23.43, 45.56
2019-02-19, 06:17:03, 23.44, 45.57
2019-02-19, 06:17:04, 23.44, 45.57
2019-02-19, 06:17:05, 23.42, 45.56
2019-02-19, 06:17:07, 23.44, 45.57
2019-02-19, 06:17:08, 23.44, 45.57
2019-02-19, 06:17:09, 23.44, 45.57
2019-02-19, 06:17:11, 23.43, 45.56
2019-02-19, 06:17:12, 23.44, 45.57
2019-02-19, 06:17:14, 23.45, 45.57
2019-02-19, 06:17:15, 23.42, 45.56
2019-02-19, 06:17:16, 23.42, 45.56
2019-02-19, 06:17:18, 23.44, 45.57
2019-02-19, 06:17:19, 23.41, 45.56
2019-02-19, 06:17:20, 23.43, 45.56
2019-02-19, 06:17:22, 23.34, 45.52
2019-02-19, 06:17:23, 23.4, 45.56
2019-02-19, 06:17:24, 23.39, 45.56
2019-02-19, 06:17:26, 23.41, 45.56
2019-02-19, 06:17:27, 23.4, 45.59
2019-02-19, 06:17:28, 23.41, 45.59
2019-02-19, 06:17:30, 23.4, 45.59
2019-02-19, 06:17:31, 23.41, 45.59
2019-02-19, 06:17:33, 23.4, 45.56
2019-02-19, 06:17:34, 23.4, 45.56
2019-02-19, 06:17:35, 23.4, 45.59
2019-02-19, 06:17:37, 23.41, 45.56
2019-02-19, 06:17:38, 23.41, 45.59
2019-02-19, 06:17:39, 23.41, 45.56
2019-02-19, 06:17:41, 23.42, 45.56
2019-02-19, 06:17:42, 23.41, 45.56
2019-02-19, 06:17:43, 23.42, 45.6
2019-02-19, 06:17:45, 23.41, 45.56
2019-02-19, 06:17:46, 23.41, 45.56
2019-02-19, 06:17:47, 23.41, 45.59
2019-02-19, 06:17:49, 23.42, 45.6
2019-02-19, 06:17:50, 23.42, 45.6
2019-02-19, 06:17:52, 23.43, 45.6
2019-02-19, 06:17:53, 23.42, 45.6
2019-02-19, 06:17:54, 23.42, 45.56
2019-02-19, 06:17:56, 23.42, 45.56
2019-02-19, 06:17:57, 23.42, 45.6
2019-02-19, 06:17:58, 23.42, 45.56
2019-02-19, 06:18:00, 23.42, 45.56
2019-02-19, 06:18:01, 23.42, 45.56
2019-02-19, 06:18:02, 23.42, 45.56
2019-02-19, 06:18:04, 23.42, 45.56
2019-02-19, 06:18:05, 23.42, 45.56
2019-02-19, 06:18:06, 23.42, 45.56
2019-02-19, 06:18:08, 23.42, 45.56
2019-02-19, 06:18:09, 23.42, 45.56
2019-02-19, 06:18:10, 23.42, 45.56
2019-02-19, 06:18:12, 23.42, 45.56
2019-02-19, 06:18:13, 23.42, 45.56
2019-02-19, 06:18:15, 23.43, 45.56
2019-02-19, 06:18:16, 23.42, 45.56
2019-02-19, 06:18:17, 23.42, 45.6
2019-02-19, 06:18:19, 23.42, 45.56
2019-02-19, 06:18:20, 23.42, 45.6
2019-02-19, 06:18:21, 23.28, 45.58
2019-02-19, 06:18:23, 23.38, 45.66
2019-02-19, 06:18:24, 23.4, 45.63
2019-02-19, 06:18:25, 23.4, 45.66
2019-02-19, 06:18:27, 23.41, 45.63
2019-02-19, 06:18:28, 23.4, 45.63
2019-02-19, 06:18:29, 23.42, 45.63
2019-02-19, 06:18:31, 23.42, 45.63
2019-02-19, 06:18:32, 23.43, 45.63
2019-02-19, 06:18:34, 23.41, 45.63
2019-02-19, 06:18:35, 23.4, 45.63
2019-02-19, 06:18:36, 23.41, 45.63
2019-02-19, 06:18:38, 23.41, 45.59
2019-02-19, 06:18:39, 23.41, 45.59
2019-02-19, 06:18:40, 23.41, 45.63
2019-02-19, 06:18:42, 23.42, 45.63
2019-02-19, 06:18:43, 23.42, 45.6
2019-02-19, 06:18:44, 23.41, 45.59
2019-02-19, 06:18:46, 23.41, 45.63
2019-02-19, 06:18:47, 23.42, 45.63
2019-02-19, 06:18:48, 23.42, 45.63
2019-02-19, 06:18:50, 23.41, 45.63
2019-02-19, 06:18:51, 23.26, 45.64
2019-02-19, 06:18:52, 23.36, 45.68
2019-02-19, 06:18:54, 23.39, 45.69
2019-02-19, 06:18:55, 23.39, 45.69
2019-02-19, 06:18:57, 23.4, 45.69
2019-02-19, 06:18:58, 23.4, 45.69
2019-02-19, 06:18:59, 23.4, 45.69
2019-02-19, 06:19:01, 23.41, 45.69
2019-02-19, 06:19:02, 23.4, 45.66
2019-02-19, 06:19:03, 23.4, 45.66
2019-02-19, 06:19:05, 23.41, 45.66
2019-02-19, 06:19:06, 23.4, 45.63
2019-02-19, 06:19:07, 23.4, 45.66
2019-02-19, 06:19:09, 23.41, 45.66
2019-02-19, 06:19:10, 23.4, 45.63
2019-02-19, 06:19:11, 23.4, 45.63
2019-02-19, 06:19:13, 23.4, 45.63
2019-02-19, 06:19:14, 23.4, 45.63
2019-02-19, 06:19:16, 23.4, 45.63
2019-02-19, 06:19:17, 23.4, 45.63
2019-02-19, 06:19:18, 23.41, 45.63
2019-02-19, 06:19:20, 23.4, 45.63
2019-02-19, 06:19:21, 23.24, 45.64
2019-02-19, 06:19:22, 23.35, 45.75
2019-02-19, 06:19:24, 23.37, 45.75
2019-02-19, 06:19:25, 23.37, 45.75
2019-02-19, 06:19:26, 23.38, 45.72
2019-02-19, 06:19:28, 23.38, 45.69
2019-02-19, 06:19:29, 23.37, 45.69
2019-02-19, 06:19:31, 23.38, 45.69
2019-02-19, 06:19:32, 23.38, 45.69
2019-02-19, 06:19:33, 23.38, 45.66
2019-02-19, 06:19:35, 23.38, 45.66
2019-02-19, 06:19:36, 23.39, 45.66
2019-02-19, 06:19:37, 23.4, 45.66
2019-02-19, 06:19:39, 23.38, 45.66
2019-02-19, 06:19:40, 23.39, 45.66
2019-02-19, 06:19:41, 23.39, 45.66
2019-02-19, 06:19:43, 23.39, 45.66
2019-02-19, 06:19:44, 23.39, 45.62
2019-02-19, 06:19:45, 23.38, 45.66
2019-02-19, 06:19:47, 23.38, 45.62
2019-02-19, 06:19:48, 23.38, 45.66
2019-02-19, 06:19:50, 23.39, 45.66
2019-02-19, 06:19:51, 23.38, 45.66
2019-02-19, 06:19:52, 23.4, 45.66
2019-02-19, 06:19:54, 23.4, 45.66
2019-02-19, 06:19:55, 23.4, 45.66
2019-02-19, 06:19:56, 23.39, 45.66
2019-02-19, 06:19:58, 23.38, 45.66
2019-02-19, 06:19:59, 23.38, 45.66
2019-02-19, 06:20:00, 23.4, 45.66
2019-02-19, 06:20:02, 23.39, 45.66
2019-02-19, 06:20:03, 23.39, 45.69
2019-02-19, 06:20:04, 23.38, 45.66
2019-02-19, 06:20:06, 23.37, 45.65
2019-02-19, 06:20:07, 23.4, 45.69
2019-02-19, 06:20:08, 23.39, 45.66
2019-02-19, 06:20:10, 23.39, 45.66
2019-02-19, 06:20:11, 23.4, 45.69
2019-02-19, 06:20:13, 23.41, 45.66
2019-02-19, 06:20:14, 23.4, 45.66
2019-02-19, 06:20:15, 23.4, 45.66
2019-02-19, 06:20:17, 23.39, 45.62
2019-02-19, 06:20:18, 23.4, 45.66
2019-02-19, 06:20:19, 23.4, 45.66
2019-02-19, 06:20:21, 23.4, 45.66
2019-02-19, 06:20:22, 23.4, 45.66
2019-02-19, 06:20:23, 23.4, 45.66
2019-02-19, 06:20:25, 23.42, 45.66
2019-02-19, 06:20:26, 23.4, 45.66
2019-02-19, 06:20:27, 23.4, 45.66
2019-02-19, 06:20:29, 23.38, 45.62
2019-02-19, 06:20:30, 23.38, 45.62
2019-02-19, 06:20:31, 23.39, 45.66
2019-02-19, 06:20:33, 23.39, 45.62
2019-02-19, 06:20:34, 23.38, 45.62
2019-02-19, 06:20:36, 23.38, 45.62
2019-02-19, 06:20:37, 23.39, 45.66
2019-02-19, 06:20:38, 23.38, 45.66
2019-02-19, 06:20:40, 23.38, 45.69
2019-02-19, 06:20:41, 23.39, 45.69
2019-02-19, 06:20:42, 23.39, 45.69
2019-02-19, 06:20:44, 23.39, 45.69
2019-02-19, 06:20:45, 23.39, 45.69
2019-02-19, 06:20:46, 23.39, 45.66
2019-02-19, 06:20:48, 23.4, 45.66
2019-02-19, 06:20:49, 23.37, 45.69
2019-02-19, 06:20:50, 23.4, 45.69
2019-02-19, 06:20:52, 23.38, 45.69
2019-02-19, 06:20:53, 23.4, 45.69
2019-02-19, 06:20:55, 23.4, 45.69
2019-02-19, 06:20:56, 23.4, 45.69
2019-02-19, 06:20:57, 23.4, 45.69
2019-02-19, 06:20:59, 23.4, 45.66
2019-02-19, 06:21:00, 23.39, 45.69
2019-02-19, 06:21:01, 23.39, 45.69
2019-02-19, 06:21:03, 23.4, 45.69
2019-02-19, 06:21:04, 23.4, 45.66
2019-02-19, 06:21:05, 23.4, 45.66
2019-02-19, 06:21:07, 23.38, 45.66
2019-02-19, 06:21:08, 23.39, 45.66
2019-02-19, 06:21:09, 23.38, 45.66
2019-02-19, 06:21:11, 23.38, 45.66
2019-02-19, 06:21:12, 23.38, 45.66
2019-02-19, 06:21:14, 23.38, 45.66
2019-02-19, 06:21:15, 23.39, 45.66
2019-02-19, 06:21:16, 23.39, 45.66
2019-02-19, 06:21:18, 23.39, 45.66
2019-02-19, 06:21:19, 23.32, 45.65
2019-02-19, 06:21:20, 23.38, 45.69
2019-02-19, 06:21:22, 23.38, 45.69
2019-02-19, 06:21:23, 23.38, 45.69
2019-02-19, 06:21:24, 23.22, 45.67
2019-02-19, 06:21:26, 23.34, 45.75
2019-02-19, 06:21:27, 23.35, 45.75
2019-02-19, 06:21:28, 23.35, 45.75
2019-02-19, 06:21:30, 23.38, 45.72
2019-02-19, 06:21:31, 23.36, 45.68
2019-02-19, 06:21:33, 23.38, 45.69
2019-02-19, 06:21:34, 23.39, 45.69
2019-02-19, 06:21:35, 23.38, 45.69
2019-02-19, 06:21:37, 23.38, 45.69
2019-02-19, 06:21:38, 23.4, 45.69
2019-02-19, 06:21:39, 23.4, 45.69
2019-02-19, 06:21:41, 23.4, 45.66
2019-02-19, 06:21:42, 23.4, 45.69
2019-02-19, 06:21:43, 23.39, 45.69
2019-02-19, 06:21:45, 23.39, 45.66
2019-02-19, 06:21:46, 23.39, 45.66
2019-02-19, 06:21:47, 23.39, 45.66
2019-02-19, 06:21:49, 23.29, 45.64
2019-02-19, 06:21:50, 23.37, 45.69
2019-02-19, 06:21:51, 23.37, 45.69
2019-02-19, 06:21:53, 23.38, 45.69
2019-02-19, 06:21:54, 23.38, 45.69
2019-02-19, 06:21:56, 23.38, 45.66
2019-02-19, 06:21:57, 23.38, 45.69
2019-02-19, 06:21:58, 23.36, 45.65
2019-02-19, 06:22:00, 23.38, 45.69
2019-02-19, 06:22:01, 23.38, 45.69
2019-02-19, 06:22:02, 23.39, 45.66
2019-02-19, 06:22:04, 23.38, 45.66
2019-02-19, 06:22:05, 23.39, 45.62
2019-02-19, 06:22:06, 23.39, 45.66
2019-02-19, 06:22:08, 23.38, 45.66
2019-02-19, 06:22:09, 23.38, 45.62
2019-02-19, 06:22:10, 23.38, 45.66
2019-02-19, 06:22:12, 23.37, 45.69
2019-02-19, 06:22:13, 23.38, 45.66
2019-02-19, 06:22:15, 23.38, 45.66
2019-02-19, 06:22:16, 23.38, 45.66
2019-02-19, 06:22:17, 23.38, 45.66
2019-02-19, 06:22:19, 23.38, 45.66
2019-02-19, 06:22:20, 23.38, 45.69
2019-02-19, 06:22:21, 23.37, 45.69
2019-02-19, 06:22:23, 23.39, 45.66
2019-02-19, 06:22:24, 23.38, 45.66
2019-02-19, 06:22:25, 23.39, 45.69
2019-02-19, 06:22:27, 23.38, 45.66
2019-02-19, 06:22:28, 23.39, 45.66
2019-02-19, 06:22:29, 23.39, 45.62
2019-02-19, 06:22:31, 23.38, 45.66
2019-02-19, 06:22:32, 23.37, 45.65
2019-02-19, 06:22:33, 23.38, 45.66
2019-02-19, 06:22:35, 23.37, 45.65
2019-02-19, 06:22:36, 23.38, 45.69
2019-02-19, 06:22:38, 23.37, 45.65
2019-02-19, 06:22:39, 23.39, 45.69
2019-02-19, 06:22:40, 23.38, 45.69
2019-02-19, 06:22:42, 23.38, 45.66
2019-02-19, 06:22:43, 23.39, 45.69
2019-02-19, 06:22:44, 23.39, 45.66
2019-02-19, 06:22:46, 23.39, 45.66
2019-02-19, 06:22:47, 23.39, 45.66
2019-02-19, 06:22:48, 23.38, 45.66
2019-02-19, 06:22:50, 23.38, 45.66
2019-02-19, 06:22:51, 23.38, 45.66
2019-02-19, 06:22:52, 23.38, 45.66
2019-02-19, 06:22:54, 23.38, 45.69
2019-02-19, 06:22:55, 23.36, 45.68
2019-02-19, 06:22:57, 23.38, 45.69
2019-02-19, 06:22:58, 23.38, 45.69
2019-02-19, 06:22:59, 23.38, 45.69
2019-02-19, 06:23:01, 23.37, 45.65
2019-02-19, 06:23:02, 23.4, 45.66
2019-02-19, 06:23:03, 23.38, 45.66
2019-02-19, 06:23:05, 23.39, 45.66
2019-02-19, 06:23:06, 23.39, 45.66
2019-02-19, 06:23:07, 23.38, 45.66
2019-02-19, 06:23:09, 23.39, 45.66
2019-02-19, 06:23:10, 23.39, 45.66
2019-02-19, 06:23:11, 23.39, 45.62
2019-02-19, 06:23:13, 23.38, 45.62
2019-02-19, 06:23:14, 23.38, 45.62
2019-02-19, 06:23:15, 23.38, 45.62
2019-02-19, 06:23:17, 23.38, 45.62
2019-02-19, 06:23:18, 23.38, 45.62
2019-02-19, 06:23:20, 23.37, 45.62
2019-02-19, 06:23:21, 23.38, 45.62
2019-02-19, 06:23:22, 23.37, 45.62
2019-02-19, 06:23:24, 23.37, 45.62
2019-02-19, 06:23:25, 23.38, 45.62
2019-02-19, 06:23:26, 23.38, 45.62
2019-02-19, 06:23:28, 23.38, 45.62
2019-02-19, 06:23:29, 23.38, 45.66
2019-02-19, 06:23:30, 23.39, 45.62
2019-02-19, 06:23:32, 23.38, 45.62
2019-02-19, 06:23:33, 23.37, 45.62
2019-02-19, 06:23:34, 23.38, 45.66
2019-02-19, 06:23:36, 23.38, 45.62
2019-02-19, 06:23:37, 23.37, 45.65
2019-02-19, 06:23:38, 23.38, 45.62
2019-02-19, 06:23:40, 23.38, 45.66
2019-02-19, 06:23:41, 23.39, 45.62
2019-02-19, 06:23:43, 23.4, 45.63
2019-02-19, 06:23:44, 23.4, 45.63
2019-02-19, 06:23:45, 23.41, 45.63
2019-02-19, 06:23:47, 23.39, 45.62
2019-02-19, 06:23:48, 23.24, 45.67
2019-02-19, 06:23:49, 23.34, 45.71
2019-02-19, 06:23:51, 23.36, 45.72
2019-02-19, 06:23:52, 23.36, 45.68
2019-02-19, 06:23:53, 23.38, 45.69
2019-02-19, 06:23:55, 23.39, 45.69
2019-02-19, 06:23:56, 23.38, 45.69
2019-02-19, 06:23:57, 23.39, 45.69
2019-02-19, 06:23:59, 23.39, 45.66
2019-02-19, 06:24:00, 23.38, 45.66
2019-02-19, 06:24:01, 23.39, 45.66
2019-02-19, 06:24:03, 23.38, 45.62
2019-02-19, 06:24:04, 23.38, 45.62
2019-02-19, 06:24:06, 23.38, 45.62
2019-02-19, 06:24:07, 23.39, 45.62
2019-02-19, 06:24:08, 23.38, 45.62
2019-02-19, 06:24:10, 23.38, 45.62
2019-02-19, 06:24:11, 23.37, 45.62
2019-02-19, 06:24:12, 23.38, 45.62
2019-02-19, 06:24:14, 23.39, 45.62
2019-02-19, 06:24:15, 23.39, 45.62
2019-02-19, 06:24:16, 23.38, 45.62
2019-02-19, 06:24:18, 23.38, 45.62
2019-02-19, 06:24:19, 23.38, 45.62
2019-02-19, 06:24:20, 23.38, 45.62
2019-02-19, 06:24:22, 23.38, 45.62
2019-02-19, 06:24:23, 23.38, 45.62
2019-02-19, 06:24:25, 23.38, 45.62
2019-02-19, 06:24:26, 23.38, 45.62
2019-02-19, 06:24:27, 23.38, 45.62
2019-02-19, 06:24:29, 23.38, 45.62
2019-02-19, 06:24:30, 23.38, 45.62
2019-02-19, 06:24:31, 23.38, 45.62
2019-02-19, 06:24:33, 23.38, 45.62
2019-02-19, 06:24:34, 23.37, 45.62
2019-02-19, 06:24:35, 23.38, 45.62
2019-02-19, 06:24:37, 23.4, 45.66
2019-02-19, 06:24:38, 23.39, 45.66
2019-02-19, 06:24:39, 23.39, 45.62
2019-02-19, 06:24:41, 23.4, 45.63
2019-02-19, 06:24:42, 23.4, 45.63
2019-02-19, 06:24:43, 23.38, 45.62
2019-02-19, 06:24:45, 23.4, 45.63
2019-02-19, 06:24:46, 23.4, 45.63
2019-02-19, 06:24:48, 23.4, 45.63
2019-02-19, 06:24:49, 23.4, 45.63
2019-02-19, 06:24:50, 23.39, 45.62
2019-02-19, 06:24:52, 23.4, 45.63
2019-02-19, 06:24:53, 23.41, 45.63
2019-02-19, 06:24:54, 23.4, 45.63
2019-02-19, 06:24:56, 23.4, 45.63
2019-02-19, 06:24:57, 23.4, 45.63
2019-02-19, 06:24:58, 23.39, 45.62
2019-02-19, 06:25:00, 23.39, 45.62
2019-02-19, 06:25:01, 23.41, 45.59
2019-02-19, 06:25:02, 23.38, 45.62
2019-02-19, 06:25:04, 23.4, 45.63
2019-02-19, 06:25:05, 23.39, 45.59
2019-02-19, 06:25:07, 23.38, 45.62
2019-02-19, 06:25:08, 23.37, 45.62
2019-02-19, 06:25:09, 23.39, 45.62
2019-02-19, 06:25:11, 23.38, 45.62
2019-02-19, 06:25:12, 23.39, 45.62
2019-02-19, 06:25:13, 23.38, 45.62
2019-02-19, 06:25:15, 23.39, 45.62
2019-02-19, 06:25:16, 23.38, 45.62
2019-02-19, 06:25:17, 23.4, 45.63
2019-02-19, 06:25:19, 23.38, 45.62
2019-02-19, 06:25:20, 23.39, 45.62
2019-02-19, 06:25:21, 23.39, 45.59
2019-02-19, 06:25:23, 23.38, 45.62
2019-02-19, 06:25:24, 23.38, 45.59
2019-02-19, 06:25:25, 23.37, 45.59
2019-02-19, 06:25:27, 23.39, 45.59
2019-02-19, 06:25:28, 23.39, 45.59
2019-02-19, 06:25:30, 23.39, 45.59
2019-02-19, 06:25:31, 23.39, 45.59
2019-02-19, 06:25:32, 23.38, 45.59
2019-02-19, 06:25:34, 23.39, 45.59
2019-02-19, 06:25:35, 23.38, 45.59
2019-02-19, 06:25:36, 23.38, 45.62
2019-02-19, 06:25:38, 23.39, 45.62
2019-02-19, 06:25:39, 23.38, 45.62
2019-02-19, 06:25:40, 23.4, 45.63
2019-02-19, 06:25:42, 23.4, 45.63
2019-02-19, 06:25:43, 23.39, 45.59
2019-02-19, 06:25:44, 23.4, 45.59
2019-02-19, 06:25:46, 23.39, 45.59
2019-02-19, 06:25:47, 23.39, 45.59
2019-02-19, 06:25:49, 23.39, 45.59
2019-02-19, 06:25:50, 23.38, 45.62
2019-02-19, 06:25:51, 23.28, 45.61
2019-02-19, 06:25:53, 23.36, 45.62
2019-02-19, 06:25:54, 23.37, 45.65
2019-02-19, 06:25:55, 23.39, 45.62
2019-02-19, 06:25:57, 23.39, 45.62
2019-02-19, 06:25:58, 23.39, 45.62
2019-02-19, 06:25:59, 23.4, 45.63
2019-02-19, 06:26:01, 23.39, 45.62
2019-02-19, 06:26:02, 23.39, 45.62
2019-02-19, 06:26:03, 23.4, 45.63
2019-02-19, 06:26:05, 23.4, 45.63
2019-02-19, 06:26:06, 23.4, 45.63
2019-02-19, 06:26:07, 23.39, 45.62
2019-02-19, 06:26:09, 23.4, 45.59
2019-02-19, 06:26:10, 23.4, 45.63
2019-02-19, 06:26:12, 23.4, 45.63
2019-02-19, 06:26:13, 23.4, 45.59
2019-02-19, 06:26:14, 23.4, 45.63
2019-02-19, 06:26:16, 23.34, 45.59
2019-02-19, 06:26:17, 23.38, 45.62
2019-02-19, 06:26:18, 23.38, 45.62
2019-02-19, 06:26:20, 23.39, 45.62
2019-02-19, 06:26:21, 23.38, 45.62
2019-02-19, 06:26:22, 23.38, 45.62
2019-02-19, 06:26:24, 23.39, 45.62
2019-02-19, 06:26:25, 23.4, 45.63
2019-02-19, 06:26:26, 23.4, 45.63
2019-02-19, 06:26:28, 23.4, 45.63
2019-02-19, 06:26:29, 23.39, 45.62
2019-02-19, 06:26:30, 23.4, 45.63
2019-02-19, 06:26:32, 23.4, 45.63
2019-02-19, 06:26:33, 23.4, 45.63
2019-02-19, 06:26:35, 23.39, 45.62
2019-02-19, 06:26:36, 23.41, 45.59
2019-02-19, 06:26:37, 23.4, 45.63
2019-02-19, 06:26:39, 23.4, 45.59
2019-02-19, 06:26:40, 23.4, 45.63
2019-02-19, 06:26:41, 23.4, 45.63
2019-02-19, 06:26:43, 23.4, 45.59
2019-02-19, 06:26:44, 23.4, 45.63
2019-02-19, 06:26:45, 23.32, 45.58
2019-02-19, 06:26:47, 23.4, 45.63
2019-02-19, 06:26:48, 23.38, 45.62
2019-02-19, 06:26:49, 23.4, 45.63
2019-02-19, 06:26:51, 23.4, 45.63
2019-02-19, 06:26:52, 23.4, 45.63
2019-02-19, 06:26:53, 23.4, 45.63
2019-02-19, 06:26:55, 23.4, 45.59
2019-02-19, 06:26:56, 23.4, 45.59
2019-02-19, 06:26:58, 23.4, 45.59
2019-02-19, 06:26:59, 23.4, 45.59
2019-02-19, 06:27:00, 23.4, 45.59
2019-02-19, 06:27:02, 23.4, 45.59
2019-02-19, 06:27:03, 23.4, 45.63
2019-02-19, 06:27:04, 23.4, 45.59
2019-02-19, 06:27:06, 23.4, 45.63
2019-02-19, 06:27:07, 23.42, 45.6
2019-02-19, 06:27:08, 23.41, 45.63
2019-02-19, 06:27:10, 23.4, 45.63
2019-02-19, 06:27:11, 23.4, 45.59
2019-02-19, 06:27:12, 23.4, 45.63
2019-02-19, 06:27:14, 23.41, 45.63
2019-02-19, 06:27:15, 23.3, 45.61
2019-02-19, 06:27:16, 23.37, 45.65
2019-02-19, 06:27:18, 23.39, 45.66
2019-02-19, 06:27:19, 23.4, 45.63
2019-02-19, 06:27:21, 23.4, 45.63
2019-02-19, 06:27:22, 23.42, 45.63
2019-02-19, 06:27:23, 23.4, 45.63
2019-02-19, 06:27:25, 23.4, 45.63
2019-02-19, 06:27:26, 23.41, 45.63
2019-02-19, 06:27:27, 23.41, 45.59
2019-02-19, 06:27:29, 23.41, 45.59
2019-02-19, 06:27:30, 23.41, 45.59
2019-02-19, 06:27:31, 23.41, 45.59
2019-02-19, 06:27:33, 23.42, 45.6
2019-02-19, 06:27:34, 23.4, 45.59
2019-02-19, 06:27:35, 23.4, 45.56
2019-02-19, 06:27:37, 23.4, 45.56
2019-02-19, 06:27:38, 23.4, 45.56
2019-02-19, 06:27:39, 23.41, 45.56
2019-02-19, 06:27:41, 23.42, 45.56
2019-02-19, 06:27:42, 23.43, 45.56
2019-02-19, 06:27:44, 23.42, 45.56
2019-02-19, 06:27:45, 23.3, 45.58
2019-02-19, 06:27:46, 23.39, 45.62
2019-02-19, 06:27:48, 23.4, 45.63
2019-02-19, 06:27:49, 23.4, 45.63
2019-02-19, 06:27:50, 23.4, 45.63
2019-02-19, 06:27:52, 23.4, 45.63
2019-02-19, 06:27:53, 23.42, 45.63
2019-02-19, 06:27:54, 23.42, 45.6
2019-02-19, 06:27:56, 23.41, 45.59
2019-02-19, 06:27:57, 23.42, 45.56
2019-02-19, 06:27:58, 23.41, 45.56
2019-02-19, 06:28:00, 23.42, 45.56
2019-02-19, 06:28:01, 23.42, 45.56
2019-02-19, 06:28:02, 23.42, 45.56
2019-02-19, 06:28:04, 23.42, 45.56
2019-02-19, 06:28:05, 23.42, 45.6
2019-02-19, 06:28:07, 23.42, 45.56
2019-02-19, 06:28:08, 23.41, 45.56
2019-02-19, 06:28:09, 23.42, 45.56
2019-02-19, 06:28:11, 23.42, 45.56
2019-02-19, 06:28:12, 23.4, 45.56
2019-02-19, 06:28:13, 23.41, 45.56
2019-02-19, 06:28:15, 23.3, 45.55
2019-02-19, 06:28:16, 23.36, 45.62
2019-02-19, 06:28:17, 23.4, 45.63
2019-02-19, 06:28:19, 23.4, 45.63
2019-02-19, 06:28:20, 23.41, 45.59
2019-02-19, 06:28:21, 23.4, 45.59
2019-02-19, 06:28:23, 23.42, 45.56
2019-02-19, 06:28:24, 23.42, 45.56
2019-02-19, 06:28:25, 23.42, 45.56
2019-02-19, 06:28:27, 23.41, 45.56
2019-02-19, 06:28:28, 23.41, 45.56
2019-02-19, 06:28:30, 23.42, 45.56
2019-02-19, 06:28:31, 23.43, 45.56
2019-02-19, 06:28:32, 23.42, 45.56
2019-02-19, 06:28:34, 23.42, 45.56
2019-02-19, 06:28:35, 23.42, 45.56
2019-02-19, 06:28:36, 23.42, 45.56
2019-02-19, 06:28:38, 23.42, 45.56
2019-02-19, 06:28:39, 23.42, 45.56
2019-02-19, 06:28:40, 23.42, 45.56
2019-02-19, 06:28:42, 23.42, 45.56
2019-02-19, 06:28:43, 23.42, 45.53
2019-02-19, 06:28:44, 23.27, 45.55
2019-02-19, 06:28:46, 23.37, 45.59
2019-02-19, 06:28:47, 23.39, 45.62
2019-02-19, 06:28:48, 23.4, 45.63
2019-02-19, 06:28:50, 23.4, 45.59
2019-02-19, 06:28:51, 23.4, 45.59
2019-02-19, 06:28:53, 23.4, 45.59
2019-02-19, 06:28:54, 23.42, 45.63
2019-02-19, 06:28:55, 23.42, 45.6
2019-02-19, 06:28:57, 23.41, 45.59
2019-02-19, 06:28:58, 23.41, 45.59
2019-02-19, 06:28:59, 23.42, 45.56
2019-02-19, 06:29:01, 23.42, 45.6
2019-02-19, 06:29:02, 23.42, 45.56
2019-02-19, 06:29:03, 23.42, 45.56
2019-02-19, 06:29:05, 23.42, 45.56
2019-02-19, 06:29:06, 23.42, 45.56
2019-02-19, 06:29:07, 23.42, 45.56
2019-02-19, 06:29:09, 23.42, 45.56
2019-02-19, 06:29:10, 23.42, 45.56
2019-02-19, 06:29:12, 23.41, 45.56
2019-02-19, 06:29:13, 23.41, 45.56
2019-02-19, 06:29:14, 23.26, 45.58
2019-02-19, 06:29:16, 23.37, 45.62
2019-02-19, 06:29:17, 23.38, 45.62
2019-02-19, 06:29:18, 23.36, 45.62
2019-02-19, 06:29:20, 23.37, 45.62
2019-02-19, 06:29:21, 23.38, 45.62
2019-02-19, 06:29:22, 23.39, 45.62
2019-02-19, 06:29:24, 23.4, 45.63
2019-02-19, 06:29:25, 23.4, 45.59
2019-02-19, 06:29:26, 23.4, 45.56
2019-02-19, 06:29:28, 23.4, 45.56
2019-02-19, 06:29:29, 23.38, 45.59
2019-02-19, 06:29:30, 23.42, 45.56
2019-02-19, 06:29:32, 23.4, 45.56
2019-02-19, 06:29:33, 23.42, 45.56
2019-02-19, 06:29:35, 23.42, 45.56
2019-02-19, 06:29:36, 23.41, 45.56
2019-02-19, 06:29:37, 23.41, 45.56
2019-02-19, 06:29:39, 23.42, 45.56
2019-02-19, 06:29:40, 23.42, 45.56
2019-02-19, 06:29:41, 23.42, 45.56
2019-02-19, 06:29:43, 23.41, 45.56
2019-02-19, 06:29:44, 23.26, 45.58
2019-02-19, 06:29:45, 23.36, 45.62
2019-02-19, 06:29:47, 23.38, 45.66
2019-02-19, 06:29:48, 23.4, 45.63
2019-02-19, 06:29:49, 23.41, 45.63
2019-02-19, 06:29:51, 23.4, 45.63
2019-02-19, 06:29:52, 23.41, 45.56
2019-02-19, 06:29:54, 23.4, 45.56
2019-02-19, 06:29:55, 23.41, 45.56
2019-02-19, 06:29:56, 23.4, 45.56
2019-02-19, 06:29:58, 23.4, 45.56
2019-02-19, 06:29:59, 23.4, 45.56
2019-02-19, 06:30:00, 23.4, 45.56
2019-02-19, 06:30:02, 23.41, 45.56
2019-02-19, 06:30:03, 23.4, 45.56
2019-02-19, 06:30:04, 23.4, 45.56
2019-02-19, 06:30:06, 23.4, 45.56
2019-02-19, 06:30:07, 23.39, 45.56
2019-02-19, 06:30:08, 23.4, 45.56
2019-02-19, 06:30:10, 23.41, 45.56
2019-02-19, 06:30:11, 23.4, 45.56
2019-02-19, 06:30:13, 23.41, 45.56
2019-02-19, 06:30:14, 23.39, 45.56
2019-02-19, 06:30:15, 23.4, 45.56
2019-02-19, 06:30:17, 23.41, 45.56
2019-02-19, 06:30:18, 23.42, 45.56
2019-02-19, 06:30:19, 23.42, 45.56
2019-02-19, 06:30:21, 23.42, 45.56
2019-02-19, 06:30:22, 23.42, 45.56
2019-02-19, 06:30:23, 23.42, 45.56
2019-02-19, 06:30:25, 23.42, 45.53
2019-02-19, 06:30:26, 23.42, 45.53
2019-02-19, 06:30:27, 23.42, 45.53
2019-02-19, 06:30:29, 23.42, 45.53
2019-02-19, 06:30:30, 23.42, 45.53
2019-02-19, 06:30:32, 23.43, 45.53
2019-02-19, 06:30:33, 23.42, 45.5
2019-02-19, 06:30:34, 23.42, 45.5
2019-02-19, 06:30:36, 23.42, 45.5
2019-02-19, 06:30:37, 23.42, 45.53
2019-02-19, 06:30:38, 23.42, 45.53
2019-02-19, 06:30:40, 23.43, 45.53
2019-02-19, 06:30:41, 23.43, 45.5
2019-02-19, 06:30:42, 23.42, 45.5
2019-02-19, 06:30:44, 23.43, 45.5
2019-02-19, 06:30:45, 23.42, 45.5
2019-02-19, 06:30:46, 23.44, 45.5
2019-02-19, 06:30:48, 23.42, 45.5
2019-02-19, 06:30:49, 23.43, 45.5
2019-02-19, 06:30:51, 23.42, 45.5
2019-02-19, 06:30:52, 23.43, 45.5
2019-02-19, 06:30:53, 23.42, 45.5
2019-02-19, 06:30:55, 23.42, 45.5
2019-02-19, 06:30:56, 23.43, 45.5
2019-02-19, 06:30:57, 23.42, 45.5
2019-02-19, 06:30:59, 23.43, 45.5
2019-02-19, 06:31:00, 23.43, 45.5
2019-02-19, 06:31:01, 23.44, 45.5
2019-02-19, 06:31:03, 23.42, 45.5
2019-02-19, 06:31:04, 23.43, 45.5
2019-02-19, 06:31:05, 23.44, 45.5
2019-02-19, 06:31:07, 23.44, 45.5
2019-02-19, 06:31:08, 23.44, 45.5
2019-02-19, 06:31:09, 23.44, 45.5
2019-02-19, 06:31:11, 23.44, 45.5
2019-02-19, 06:31:12, 23.46, 45.5
2019-02-19, 06:31:14, 23.45, 45.5
2019-02-19, 06:31:15, 23.45, 45.47
2019-02-19, 06:31:16, 23.45, 45.5
2019-02-19, 06:31:18, 23.44, 45.5
2019-02-19, 06:31:19, 23.44, 45.5
2019-02-19, 06:31:20, 23.46, 45.5
2019-02-19, 06:31:22, 23.45, 45.5
2019-02-19, 06:31:23, 23.45, 45.47
2019-02-19, 06:31:24, 23.46, 45.5
2019-02-19, 06:31:26, 23.46, 45.5
2019-02-19, 06:31:27, 23.46, 45.47
2019-02-19, 06:31:28, 23.45, 45.47
2019-02-19, 06:31:30, 23.45, 45.47
2019-02-19, 06:31:31, 23.46, 45.47
2019-02-19, 06:31:32, 23.45, 45.5
2019-02-19, 06:31:34, 23.46, 45.47
2019-02-19, 06:31:35, 23.45, 45.5
2019-02-19, 06:31:37, 23.45, 45.47
2019-02-19, 06:31:38, 23.46, 45.47
2019-02-19, 06:31:39, 23.46, 45.44
2019-02-19, 06:31:41, 23.45, 45.47
2019-02-19, 06:31:42, 23.45, 45.47
2019-02-19, 06:31:43, 23.46, 45.44
2019-02-19, 06:31:45, 23.45, 45.44
2019-02-19, 06:31:46, 23.46, 45.44
2019-02-19, 06:31:47, 23.45, 45.47
2019-02-19, 06:31:49, 23.46, 45.44
2019-02-19, 06:31:50, 23.45, 45.44
2019-02-19, 06:31:51, 23.46, 45.44
2019-02-19, 06:31:53, 23.44, 45.44
2019-02-19, 06:31:54, 23.45, 45.44
2019-02-19, 06:31:55, 23.44, 45.44
2019-02-19, 06:31:57, 23.44, 45.44
2019-02-19, 06:31:58, 23.45, 45.44
2019-02-19, 06:32:00, 23.46, 45.47
2019-02-19, 06:32:01, 23.46, 45.44
2019-02-19, 06:32:02, 23.46, 45.44
2019-02-19, 06:32:04, 23.46, 45.44
2019-02-19, 06:32:05, 23.46, 45.44
2019-02-19, 06:32:06, 23.48, 45.44
2019-02-19, 06:32:08, 23.46, 45.44
2019-02-19, 06:32:09, 23.47, 45.44
2019-02-19, 06:32:10, 23.46, 45.44
2019-02-19, 06:32:12, 23.48, 45.44
2019-02-19, 06:32:13, 23.48, 45.44
2019-02-19, 06:32:14, 23.48, 45.44
2019-02-19, 06:32:16, 23.47, 45.44
2019-02-19, 06:32:17, 23.47, 45.44
2019-02-19, 06:32:19, 23.47, 45.44
2019-02-19, 06:32:20, 23.47, 45.44
2019-02-19, 06:32:21, 23.47, 45.44
2019-02-19, 06:32:23, 23.47, 45.44
2019-02-19, 06:32:24, 23.47, 45.44
2019-02-19, 06:32:25, 23.46, 45.44
2019-02-19, 06:32:27, 23.47, 45.44
2019-02-19, 06:32:28, 23.47, 45.44
2019-02-19, 06:32:29, 23.47, 45.44
2019-02-19, 06:32:31, 23.46, 45.44
2019-02-19, 06:32:32, 23.46, 45.44
2019-02-19, 06:32:33, 23.46, 45.44
2019-02-19, 06:32:35, 23.47, 45.44
2019-02-19, 06:32:36, 23.46, 45.41
2019-02-19, 06:32:37, 23.46, 45.44
2019-02-19, 06:32:39, 23.47, 45.44
2019-02-19, 06:32:40, 23.46, 45.44
2019-02-19, 06:32:42, 23.36, 45.43
2019-02-19, 06:32:43, 23.43, 45.47
2019-02-19, 06:32:44, 23.44, 45.44
2019-02-19, 06:32:46, 23.45, 45.47
2019-02-19, 06:32:47, 23.46, 45.47
2019-02-19, 06:32:48, 23.45, 45.44
2019-02-19, 06:32:50, 23.46, 45.47
2019-02-19, 06:32:51, 23.45, 45.47
2019-02-19, 06:32:52, 23.46, 45.44
2019-02-19, 06:32:54, 23.46, 45.47
2019-02-19, 06:32:55, 23.46, 45.44
2019-02-19, 06:32:56, 23.46, 45.44
2019-02-19, 06:32:58, 23.45, 45.44
2019-02-19, 06:32:59, 23.46, 45.44
2019-02-19, 06:33:00, 23.46, 45.44
2019-02-19, 06:33:02, 23.46, 45.44
2019-02-19, 06:33:03, 23.46, 45.44
2019-02-19, 06:33:05, 23.46, 45.44
2019-02-19, 06:33:06, 23.46, 45.44
2019-02-19, 06:33:07, 23.47, 45.44
2019-02-19, 06:33:09, 23.47, 45.44
2019-02-19, 06:33:10, 23.47, 45.44
2019-02-19, 06:33:11, 23.34, 45.43
2019-02-19, 06:33:13, 23.44, 45.47
2019-02-19, 06:33:14, 23.46, 45.47
2019-02-19, 06:33:15, 23.45, 45.47
2019-02-19, 06:33:17, 23.45, 45.44
2019-02-19, 06:33:18, 23.45, 45.44
2019-02-19, 06:33:19, 23.45, 45.44
2019-02-19, 06:33:21, 23.46, 45.41
2019-02-19, 06:33:22, 23.47, 45.41
2019-02-19, 06:33:24, 23.48, 45.41
2019-02-19, 06:33:25, 23.48, 45.41
2019-02-19, 06:33:26, 23.47, 45.41
2019-02-19, 06:33:28, 23.48, 45.38
2019-02-19, 06:33:29, 23.48, 45.38
2019-02-19, 06:33:30, 23.48, 45.38
2019-02-19, 06:33:32, 23.48, 45.38
2019-02-19, 06:33:33, 23.49, 45.38
2019-02-19, 06:33:34, 23.49, 45.38
2019-02-19, 06:33:36, 23.48, 45.38
2019-02-19, 06:33:37, 23.48, 45.38
2019-02-19, 06:33:38, 23.49, 45.38
2019-02-19, 06:33:40, 23.48, 45.38
2019-02-19, 06:33:41, 23.49, 45.38
2019-02-19, 06:33:42, 23.48, 45.38
2019-02-19, 06:33:44, 23.48, 45.38
2019-02-19, 06:33:45, 23.49, 45.38
2019-02-19, 06:33:47, 23.5, 45.38
2019-02-19, 06:33:48, 23.48, 45.35
2019-02-19, 06:33:49, 23.49, 45.38
2019-02-19, 06:33:51, 23.49, 45.38
2019-02-19, 06:33:52, 23.48, 45.35
2019-02-19, 06:33:53, 23.48, 45.38
2019-02-19, 06:33:55, 23.5, 45.38
2019-02-19, 06:33:56, 23.5, 45.38
2019-02-19, 06:33:57, 23.5, 45.38
2019-02-19, 06:33:59, 23.49, 45.38
2019-02-19, 06:34:00, 23.49, 45.38
2019-02-19, 06:34:01, 23.5, 45.38
2019-02-19, 06:34:03, 23.49, 45.35
2019-02-19, 06:34:04, 23.51, 45.35
2019-02-19, 06:34:05, 23.5, 45.35
2019-02-19, 06:34:07, 23.5, 45.35
2019-02-19, 06:34:08, 23.5, 45.35
2019-02-19, 06:34:10, 23.5, 45.38
2019-02-19, 06:34:11, 23.34, 45.33
2019-02-19, 06:34:12, 23.46, 45.41
2019-02-19, 06:34:14, 23.48, 45.41
2019-02-19, 06:34:15, 23.49, 45.41
2019-02-19, 06:34:16, 23.49, 45.41
2019-02-19, 06:34:18, 23.5, 45.38
2019-02-19, 06:34:19, 23.5, 45.38
2019-02-19, 06:34:20, 23.5, 45.38
2019-02-19, 06:34:22, 23.5, 45.38
2019-02-19, 06:34:23, 23.51, 45.38
2019-02-19, 06:34:24, 23.5, 45.38
2019-02-19, 06:34:26, 23.5, 45.38
2019-02-19, 06:34:27, 23.51, 45.38
2019-02-19, 06:34:29, 23.51, 45.38
2019-02-19, 06:34:30, 23.51, 45.38
2019-02-19, 06:34:31, 23.5, 45.35
2019-02-19, 06:34:33, 23.5, 45.35
2019-02-19, 06:34:34, 23.51, 45.35
2019-02-19, 06:34:35, 23.5, 45.32
2019-02-19, 06:34:37, 23.51, 45.35
2019-02-19, 06:34:38, 23.51, 45.32
2019-02-19, 06:34:39, 23.51, 45.35
2019-02-19, 06:34:41, 23.34, 45.36
2019-02-19, 06:34:42, 23.46, 45.44
2019-02-19, 06:34:43, 23.47, 45.44
2019-02-19, 06:34:45, 23.48, 45.41
2019-02-19, 06:34:46, 23.48, 45.41
2019-02-19, 06:34:47, 23.48, 45.38
2019-02-19, 06:34:49, 23.49, 45.38
2019-02-19, 06:34:50, 23.5, 45.38
2019-02-19, 06:34:52, 23.49, 45.38
2019-02-19, 06:34:53, 23.5, 45.38
2019-02-19, 06:34:54, 23.49, 45.38
2019-02-19, 06:34:56, 23.5, 45.38
2019-02-19, 06:34:57, 23.5, 45.35
2019-02-19, 06:34:58, 23.5, 45.38
2019-02-19, 06:35:00, 23.5, 45.32
2019-02-19, 06:35:01, 23.5, 45.38
2019-02-19, 06:35:02, 23.49, 45.35
2019-02-19, 06:35:04, 23.48, 45.35
2019-02-19, 06:35:05, 23.5, 45.35
2019-02-19, 06:35:06, 23.5, 45.38
2019-02-19, 06:35:08, 23.51, 45.35
2019-02-19, 06:35:09, 23.5, 45.35
2019-02-19, 06:35:10, 23.5, 45.35
2019-02-19, 06:35:12, 23.51, 45.35
2019-02-19, 06:35:13, 23.5, 45.35
2019-02-19, 06:35:15, 23.5, 45.35
2019-02-19, 06:35:16, 23.5, 45.35
2019-02-19, 06:35:17, 23.5, 45.32
2019-02-19, 06:35:19, 23.48, 45.31
2019-02-19, 06:35:20, 23.5, 45.32
2019-02-19, 06:35:21, 23.51, 45.35
2019-02-19, 06:35:23, 23.5, 45.32
2019-02-19, 06:35:24, 23.49, 45.31
2019-02-19, 06:35:25, 23.5, 45.32
2019-02-19, 06:35:27, 23.5, 45.32
2019-02-19, 06:35:28, 23.5, 45.32
2019-02-19, 06:35:29, 23.5, 45.32
2019-02-19, 06:35:31, 23.5, 45.32
2019-02-19, 06:35:32, 23.51, 45.32
2019-02-19, 06:35:33, 23.5, 45.32
2019-02-19, 06:35:35, 23.5, 45.35
2019-02-19, 06:35:36, 23.5, 45.32
2019-02-19, 06:35:38, 23.5, 45.32
2019-02-19, 06:35:39, 23.5, 45.32
2019-02-19, 06:35:40, 23.5, 45.32
2019-02-19, 06:35:42, 23.5, 45.32
2019-02-19, 06:35:43, 23.51, 45.32
2019-02-19, 06:35:44, 23.5, 45.35
2019-02-19, 06:35:46, 23.51, 45.32
2019-02-19, 06:35:47, 23.52, 45.35
2019-02-19, 06:35:48, 23.51, 45.32
2019-02-19, 06:35:50, 23.52, 45.32
2019-02-19, 06:35:51, 23.5, 45.32
2019-02-19, 06:35:52, 23.5, 45.32
2019-02-19, 06:35:54, 23.5, 45.32
2019-02-19, 06:35:55, 23.5, 45.28
2019-02-19, 06:35:56, 23.51, 45.32
2019-02-19, 06:35:58, 23.52, 45.32
2019-02-19, 06:35:59, 23.51, 45.32
2019-02-19, 06:36:01, 23.51, 45.32
2019-02-19, 06:36:02, 23.51, 45.32
2019-02-19, 06:36:03, 23.51, 45.32
2019-02-19, 06:36:05, 23.52, 45.32
2019-02-19, 06:36:06, 23.51, 45.32
2019-02-19, 06:36:07, 23.49, 45.28
2019-02-19, 06:36:09, 23.5, 45.28
2019-02-19, 06:36:10, 23.51, 45.32
2019-02-19, 06:36:11, 23.5, 45.28
2019-02-19, 06:36:13, 23.5, 45.28
2019-02-19, 06:36:14, 23.51, 45.32
2019-02-19, 06:36:15, 23.51, 45.32
2019-02-19, 06:36:17, 23.51, 45.32
2019-02-19, 06:36:18, 23.5, 45.32
2019-02-19, 06:36:19, 23.5, 45.32
2019-02-19, 06:36:21, 23.5, 45.32
2019-02-19, 06:36:22, 23.5, 45.32
2019-02-19, 06:36:24, 23.5, 45.32
2019-02-19, 06:36:25, 23.52, 45.32
2019-02-19, 06:36:26, 23.51, 45.32
2019-02-19, 06:36:28, 23.52, 45.32
2019-02-19, 06:36:29, 23.53, 45.32
2019-02-19, 06:36:30, 23.52, 45.32
2019-02-19, 06:36:32, 23.53, 45.29
2019-02-19, 06:36:33, 23.53, 45.32
2019-02-19, 06:36:34, 23.52, 45.32
2019-02-19, 06:36:36, 23.52, 45.32
2019-02-19, 06:36:37, 23.51, 45.32
2019-02-19, 06:36:38, 23.52, 45.29
2019-02-19, 06:36:40, 23.51, 45.32
2019-02-19, 06:36:41, 23.52, 45.29
2019-02-19, 06:36:43, 23.52, 45.32
2019-02-19, 06:36:44, 23.52, 45.32
2019-02-19, 06:36:45, 23.5, 45.32
2019-02-19, 06:36:47, 23.5, 45.32
2019-02-19, 06:36:48, 23.51, 45.32
2019-02-19, 06:36:49, 23.5, 45.32
2019-02-19, 06:36:51, 23.51, 45.32
2019-02-19, 06:36:52, 23.51, 45.32
2019-02-19, 06:36:53, 23.51, 45.28
2019-02-19, 06:36:55, 23.5, 45.28
2019-02-19, 06:36:56, 23.5, 45.28
2019-02-19, 06:36:57, 23.5, 45.28
2019-02-19, 06:36:59, 23.51, 45.28
2019-02-19, 06:37:00, 23.51, 45.25
2019-02-19, 06:37:01, 23.52, 45.29
2019-02-19, 06:37:03, 23.51, 45.32
2019-02-19, 06:37:04, 23.51, 45.28
2019-02-19, 06:37:06, 23.5, 45.28
2019-02-19, 06:37:07, 23.52, 45.29
2019-02-19, 06:37:08, 23.51, 45.32
2019-02-19, 06:37:10, 23.51, 45.28
2019-02-19, 06:37:11, 23.52, 45.29
2019-02-19, 06:37:12, 23.5, 45.28
2019-02-19, 06:37:14, 23.5, 45.28
2019-02-19, 06:37:15, 23.51, 45.28
2019-02-19, 06:37:16, 23.51, 45.28
2019-02-19, 06:37:18, 23.51, 45.28
2019-02-19, 06:37:19, 23.5, 45.32
2019-02-19, 06:37:20, 23.51, 45.28
2019-02-19, 06:37:22, 23.5, 45.28
2019-02-19, 06:37:23, 23.52, 45.29
2019-02-19, 06:37:24, 23.52, 45.32
2019-02-19, 06:37:26, 23.5, 45.32
2019-02-19, 06:37:27, 23.52, 45.29
2019-02-19, 06:37:29, 23.52, 45.32
2019-02-19, 06:37:30, 23.52, 45.29
2019-02-19, 06:37:31, 23.51, 45.28
2019-02-19, 06:37:33, 23.51, 45.28
2019-02-19, 06:37:34, 23.51, 45.32
2019-02-19, 06:37:35, 23.5, 45.28
2019-02-19, 06:37:37, 23.51, 45.28
2019-02-19, 06:37:38, 23.44, 45.28
2019-02-19, 06:37:39, 23.5, 45.32
2019-02-19, 06:37:41, 23.5, 45.32
2019-02-19, 06:37:42, 23.51, 45.32
2019-02-19, 06:37:43, 23.52, 45.32
2019-02-19, 06:37:45, 23.51, 45.32
2019-02-19, 06:37:46, 23.5, 45.32
2019-02-19, 06:37:47, 23.5, 45.32
2019-02-19, 06:37:49, 23.51, 45.28
2019-02-19, 06:37:50, 23.5, 45.32
2019-02-19, 06:37:52, 23.51, 45.28
2019-02-19, 06:37:53, 23.5, 45.32
2019-02-19, 06:37:54, 23.5, 45.32
2019-02-19, 06:37:56, 23.51, 45.28
2019-02-19, 06:37:57, 23.5, 45.32
2019-02-19, 06:37:58, 23.52, 45.29
2019-02-19, 06:38:00, 23.49, 45.28
2019-02-19, 06:38:01, 23.49, 45.31
2019-02-19, 06:38:02, 23.5, 45.32
2019-02-19, 06:38:04, 23.48, 45.31
2019-02-19, 06:38:05, 23.49, 45.31
2019-02-19, 06:38:06, 23.49, 45.31
2019-02-19, 06:38:08, 23.49, 45.31
2019-02-19, 06:38:09, 23.48, 45.31
2019-02-19, 06:38:11, 23.5, 45.32
2019-02-19, 06:38:12, 23.49, 45.31
2019-02-19, 06:38:13, 23.33, 45.3
2019-02-19, 06:38:15, 23.42, 45.37
2019-02-19, 06:38:16, 23.47, 45.41
2019-02-19, 06:38:17, 23.46, 45.41
2019-02-19, 06:38:19, 23.48, 45.38
2019-02-19, 06:38:20, 23.48, 45.38
2019-02-19, 06:38:21, 23.48, 45.38
2019-02-19, 06:38:23, 23.48, 45.35
2019-02-19, 06:38:24, 23.47, 45.34
2019-02-19, 06:38:25, 23.47, 45.34
2019-02-19, 06:38:27, 23.47, 45.31
2019-02-19, 06:38:28, 23.48, 45.31
2019-02-19, 06:38:30, 23.47, 45.31
2019-02-19, 06:38:31, 23.48, 45.35
2019-02-19, 06:38:32, 23.48, 45.31
2019-02-19, 06:38:34, 23.47, 45.34
2019-02-19, 06:38:35, 23.48, 45.35
2019-02-19, 06:38:36, 23.48, 45.35
2019-02-19, 06:38:38, 23.36, 45.33
2019-02-19, 06:38:39, 23.45, 45.37
2019-02-19, 06:38:40, 23.45, 45.37
2019-02-19, 06:38:42, 23.44, 45.41
2019-02-19, 06:38:43, 23.46, 45.41
2019-02-19, 06:38:44, 23.46, 45.38
2019-02-19, 06:38:46, 23.48, 45.38
2019-02-19, 06:38:47, 23.49, 45.38
2019-02-19, 06:38:48, 23.48, 45.38
2019-02-19, 06:38:50, 23.49, 45.38
2019-02-19, 06:38:51, 23.48, 45.38
2019-02-19, 06:38:53, 23.48, 45.35
2019-02-19, 06:38:54, 23.47, 45.31
2019-02-19, 06:38:55, 23.48, 45.35
2019-02-19, 06:38:57, 23.47, 45.31
2019-02-19, 06:38:58, 23.48, 45.35
2019-02-19, 06:38:59, 23.47, 45.31
2019-02-19, 06:39:01, 23.48, 45.31
2019-02-19, 06:39:02, 23.48, 45.31
2019-02-19, 06:39:03, 23.48, 45.35
2019-02-19, 06:39:05, 23.49, 45.31
2019-02-19, 06:39:06, 23.48, 45.31
2019-02-19, 06:39:07, 23.35, 45.33
2019-02-19, 06:39:09, 23.44, 45.37
2019-02-19, 06:39:10, 23.46, 45.38
2019-02-19, 06:39:11, 23.46, 45.38
2019-02-19, 06:39:13, 23.47, 45.38
2019-02-19, 06:39:14, 23.47, 45.41
2019-02-19, 06:39:16, 23.47, 45.38
2019-02-19, 06:39:17, 23.47, 45.38
2019-02-19, 06:39:18, 23.48, 45.38
2019-02-19, 06:39:20, 23.48, 45.38
2019-02-19, 06:39:21, 23.47, 45.38
2019-02-19, 06:39:22, 23.48, 45.38
2019-02-19, 06:39:24, 23.48, 45.38
2019-02-19, 06:39:25, 23.48, 45.38
2019-02-19, 06:39:26, 23.49, 45.38
2019-02-19, 06:39:28, 23.48, 45.38
2019-02-19, 06:39:29, 23.48, 45.38
2019-02-19, 06:39:30, 23.48, 45.38
2019-02-19, 06:39:32, 23.48, 45.38
2019-02-19, 06:39:33, 23.48, 45.38
2019-02-19, 06:39:35, 23.49, 45.38
2019-02-19, 06:39:36, 23.47, 45.38
2019-02-19, 06:39:37, 23.32, 45.39
2019-02-19, 06:39:39, 23.44, 45.44
2019-02-19, 06:39:40, 23.44, 45.44
2019-02-19, 06:39:41, 23.44, 45.44
2019-02-19, 06:39:43, 23.45, 45.44
2019-02-19, 06:39:44, 23.46, 45.44
2019-02-19, 06:39:45, 23.46, 45.44
2019-02-19, 06:39:47, 23.45, 45.44
2019-02-19, 06:39:48, 23.47, 45.44
2019-02-19, 06:39:49, 23.46, 45.41
2019-02-19, 06:39:51, 23.47, 45.44
2019-02-19, 06:39:52, 23.46, 45.41
2019-02-19, 06:39:53, 23.47, 45.41
2019-02-19, 06:39:55, 23.47, 45.44
2019-02-19, 06:39:56, 23.46, 45.41
2019-02-19, 06:39:58, 23.47, 45.41
2019-02-19, 06:39:59, 23.47, 45.41
2019-02-19, 06:40:00, 23.47, 45.41
2019-02-19, 06:40:02, 23.46, 45.41
2019-02-19, 06:40:03, 23.46, 45.41
2019-02-19, 06:40:04, 23.46, 45.41
2019-02-19, 06:40:06, 23.46, 45.41
2019-02-19, 06:40:07, 23.3, 45.42
2019-02-19, 06:40:08, 23.42, 45.5
2019-02-19, 06:40:10, 23.44, 45.5
2019-02-19, 06:40:11, 23.43, 45.47
2019-02-19, 06:40:12, 23.43, 45.5
2019-02-19, 06:40:14, 23.44, 45.47
2019-02-19, 06:40:15, 23.44, 45.44
2019-02-19, 06:40:17, 23.43, 45.44
2019-02-19, 06:40:18, 23.45, 45.44
2019-02-19, 06:40:19, 23.43, 45.44
2019-02-19, 06:40:21, 23.44, 45.44
2019-02-19, 06:40:22, 23.43, 45.44
2019-02-19, 06:40:23, 23.44, 45.44
2019-02-19, 06:40:25, 23.44, 45.44
2019-02-19, 06:40:26, 23.46, 45.41
2019-02-19, 06:40:27, 23.46, 45.41
2019-02-19, 06:40:29, 23.46, 45.41
2019-02-19, 06:40:30, 23.45, 45.37
2019-02-19, 06:40:32, 23.46, 45.41
2019-02-19, 06:40:33, 23.47, 45.41
2019-02-19, 06:40:34, 23.46, 45.41
2019-02-19, 06:40:36, 23.45, 45.41
2019-02-19, 06:40:37, 23.47, 45.41
2019-02-19, 06:40:38, 23.46, 45.41
2019-02-19, 06:40:40, 23.46, 45.38
2019-02-19, 06:40:41, 23.47, 45.41
2019-02-19, 06:40:42, 23.45, 45.37
2019-02-19, 06:40:44, 23.45, 45.37
2019-02-19, 06:40:45, 23.46, 45.38
2019-02-19, 06:40:46, 23.45, 45.37
2019-02-19, 06:40:48, 23.46, 45.38
2019-02-19, 06:40:49, 23.47, 45.41
2019-02-19, 06:40:51, 23.45, 45.41
2019-02-19, 06:40:52, 23.46, 45.41
2019-02-19, 06:40:53, 23.46, 45.41
2019-02-19, 06:40:55, 23.46, 45.41
2019-02-19, 06:40:56, 23.46, 45.41
2019-02-19, 06:40:57, 23.46, 45.44
2019-02-19, 06:40:59, 23.46, 45.44
2019-02-19, 06:41:00, 23.46, 45.41
2019-02-19, 06:41:01, 23.45, 45.41
2019-02-19, 06:41:03, 23.46, 45.41
2019-02-19, 06:41:04, 23.46, 45.44
2019-02-19, 06:41:05, 23.45, 45.44
2019-02-19, 06:41:07, 23.44, 45.44
2019-02-19, 06:41:08, 23.45, 45.44
2019-02-19, 06:41:09, 23.44, 45.41
2019-02-19, 06:41:11, 23.44, 45.41
2019-02-19, 06:41:12, 23.44, 45.41
2019-02-19, 06:41:14, 23.44, 45.44
2019-02-19, 06:41:15, 23.44, 45.41
2019-02-19, 06:41:16, 23.44, 45.41
2019-02-19, 06:41:18, 23.43, 45.44
2019-02-19, 06:41:19, 23.44, 45.41
2019-02-19, 06:41:20, 23.44, 45.44
2019-02-19, 06:41:22, 23.45, 45.44
2019-02-19, 06:41:23, 23.45, 45.44
2019-02-19, 06:41:24, 23.45, 45.44
2019-02-19, 06:41:26, 23.44, 45.41
2019-02-19, 06:41:27, 23.45, 45.41
2019-02-19, 06:41:28, 23.45, 45.44
2019-02-19, 06:41:30, 23.44, 45.41
2019-02-19, 06:41:31, 23.45, 45.44
2019-02-19, 06:41:32, 23.45, 45.44
2019-02-19, 06:41:34, 23.45, 45.44
2019-02-19, 06:41:35, 23.42, 45.4
2019-02-19, 06:41:37, 23.44, 45.41
2019-02-19, 06:41:38, 23.43, 45.4
2019-02-19, 06:41:39, 23.45, 45.44
2019-02-19, 06:41:41, 23.44, 45.44
2019-02-19, 06:41:42, 23.43, 45.44
2019-02-19, 06:41:43, 23.44, 45.44
2019-02-19, 06:41:45, 23.44, 45.44
2019-02-19, 06:41:46, 23.42, 45.43
2019-02-19, 06:41:47, 23.46, 45.44
2019-02-19, 06:41:49, 23.45, 45.44
2019-02-19, 06:41:50, 23.44, 45.44
2019-02-19, 06:41:51, 23.43, 45.4
2019-02-19, 06:41:53, 23.43, 45.44
2019-02-19, 06:41:54, 23.44, 45.41
2019-02-19, 06:41:56, 23.44, 45.44
2019-02-19, 06:41:57, 23.42, 45.43
2019-02-19, 06:41:58, 23.44, 45.44
2019-02-19, 06:42:00, 23.43, 45.44
2019-02-19, 06:42:01, 23.44, 45.44
2019-02-19, 06:42:02, 23.45, 45.44
2019-02-19, 06:42:04, 23.45, 45.44
2019-02-19, 06:42:05, 23.44, 45.44
2019-02-19, 06:42:06, 23.43, 45.44
2019-02-19, 06:42:08, 23.43, 45.44
2019-02-19, 06:42:09, 23.42, 45.43
2019-02-19, 06:42:10, 23.42, 45.43
2019-02-19, 06:42:12, 23.42, 45.43
2019-02-19, 06:42:13, 23.43, 45.44
2019-02-19, 06:42:14, 23.43, 45.44
2019-02-19, 06:42:16, 23.44, 45.44
2019-02-19, 06:42:17, 23.44, 45.44
2019-02-19, 06:42:18, 23.43, 45.44
2019-02-19, 06:42:20, 23.42, 45.43
2019-02-19, 06:42:21, 23.43, 45.44
2019-02-19, 06:42:23, 23.42, 45.43
2019-02-19, 06:42:24, 23.42, 45.43
2019-02-19, 06:42:25, 23.4, 45.43
2019-02-19, 06:42:27, 23.42, 45.43
2019-02-19, 06:42:28, 23.43, 45.44
2019-02-19, 06:42:29, 23.41, 45.43
2019-02-19, 06:42:31, 23.42, 45.43
2019-02-19, 06:42:32, 23.42, 45.43
2019-02-19, 06:42:33, 23.42, 45.43
2019-02-19, 06:42:35, 23.42, 45.43
2019-02-19, 06:42:36, 23.42, 45.43
2019-02-19, 06:42:37, 23.43, 45.44
2019-02-19, 06:42:39, 23.42, 45.43
2019-02-19, 06:42:40, 23.41, 45.43
2019-02-19, 06:42:41, 23.42, 45.47
2019-02-19, 06:42:43, 23.42, 45.47
2019-02-19, 06:42:44, 23.4, 45.46
2019-02-19, 06:42:46, 23.42, 45.43
2019-02-19, 06:42:47, 23.4, 45.43
2019-02-19, 06:42:48, 23.41, 45.43
2019-02-19, 06:42:50, 23.4, 45.43
2019-02-19, 06:42:51, 23.42, 45.43
2019-02-19, 06:42:52, 23.42, 45.43
2019-02-19, 06:42:54, 23.42, 45.43
2019-02-19, 06:42:55, 23.43, 45.44
2019-02-19, 06:42:56, 23.42, 45.43
2019-02-19, 06:42:58, 23.43, 45.47
2019-02-19, 06:42:59, 23.43, 45.47
2019-02-19, 06:43:00, 23.43, 45.47
2019-02-19, 06:43:02, 23.43, 45.44
2019-02-19, 06:43:03, 23.42, 45.47
2019-02-19, 06:43:05, 23.33, 45.46
2019-02-19, 06:43:06, 23.39, 45.5
2019-02-19, 06:43:07, 23.42, 45.5
2019-02-19, 06:43:09, 23.42, 45.5
2019-02-19, 06:43:10, 23.41, 45.5
2019-02-19, 06:43:11, 23.43, 45.5
2019-02-19, 06:43:13, 23.41, 45.5
2019-02-19, 06:43:14, 23.4, 45.46
2019-02-19, 06:43:15, 23.42, 45.47
2019-02-19, 06:43:17, 23.4, 45.46
2019-02-19, 06:43:18, 23.42, 45.5
2019-02-19, 06:43:19, 23.4, 45.5
2019-02-19, 06:43:21, 23.4, 45.5
2019-02-19, 06:43:22, 23.4, 45.46
2019-02-19, 06:43:23, 23.41, 45.5
2019-02-19, 06:43:25, 23.41, 45.5
2019-02-19, 06:43:26, 23.42, 45.5
2019-02-19, 06:43:28, 23.4, 45.5
2019-02-19, 06:43:29, 23.41, 45.5
2019-02-19, 06:43:30, 23.4, 45.5
2019-02-19, 06:43:32, 23.4, 45.5
2019-02-19, 06:43:33, 23.4, 45.5
2019-02-19, 06:43:34, 23.3, 45.48
2019-02-19, 06:43:36, 23.38, 45.56
2019-02-19, 06:43:37, 23.38, 45.56
2019-02-19, 06:43:38, 23.41, 45.56
2019-02-19, 06:43:40, 23.4, 45.56
2019-02-19, 06:43:41, 23.39, 45.53
2019-02-19, 06:43:42, 23.39, 45.53
2019-02-19, 06:43:44, 23.38, 45.49
2019-02-19, 06:43:45, 23.4, 45.5
2019-02-19, 06:43:47, 23.39, 45.5
2019-02-19, 06:43:48, 23.4, 45.5
2019-02-19, 06:43:49, 23.39, 45.53
2019-02-19, 06:43:51, 23.4, 45.5
2019-02-19, 06:43:52, 23.39, 45.53
2019-02-19, 06:43:53, 23.4, 45.5
2019-02-19, 06:43:55, 23.4, 45.5
2019-02-19, 06:43:56, 23.39, 45.5
2019-02-19, 06:43:57, 23.4, 45.53
2019-02-19, 06:43:59, 23.4, 45.53
2019-02-19, 06:44:00, 23.39, 45.5
2019-02-19, 06:44:01, 23.4, 45.53
2019-02-19, 06:44:03, 23.4, 45.53
2019-02-19, 06:44:04, 23.4, 45.53
2019-02-19, 06:44:05, 23.4, 45.53
2019-02-19, 06:44:07, 23.4, 45.53
2019-02-19, 06:44:08, 23.39, 45.53
2019-02-19, 06:44:10, 23.4, 45.53
2019-02-19, 06:44:11, 23.39, 45.53
2019-02-19, 06:44:12, 23.4, 45.56
2019-02-19, 06:44:14, 23.41, 45.53
2019-02-19, 06:44:15, 23.4, 45.53
2019-02-19, 06:44:16, 23.4, 45.56
2019-02-19, 06:44:18, 23.4, 45.53
2019-02-19, 06:44:19, 23.41, 45.5
2019-02-19, 06:44:20, 23.4, 45.53
2019-02-19, 06:44:22, 23.41, 45.56
2019-02-19, 06:44:23, 23.4, 45.53
2019-02-19, 06:44:24, 23.4, 45.5
2019-02-19, 06:44:26, 23.4, 45.53
2019-02-19, 06:44:27, 23.38, 45.53
2019-02-19, 06:44:28, 23.38, 45.56
2019-02-19, 06:44:30, 23.4, 45.56
2019-02-19, 06:44:31, 23.4, 45.56
2019-02-19, 06:44:33, 23.4, 45.56
2019-02-19, 06:44:34, 23.25, 45.54
2019-02-19, 06:44:35, 23.36, 45.59
2019-02-19, 06:44:37, 23.37, 45.62
2019-02-19, 06:44:38, 23.37, 45.62
2019-02-19, 06:44:39, 23.38, 45.62
2019-02-19, 06:44:41, 23.4, 45.63
2019-02-19, 06:44:42, 23.39, 45.62
2019-02-19, 06:44:43, 23.39, 45.59
2019-02-19, 06:44:45, 23.39, 45.59
2019-02-19, 06:44:46, 23.39, 45.56
2019-02-19, 06:44:47, 23.4, 45.56
2019-02-19, 06:44:49, 23.38, 45.59
2019-02-19, 06:44:50, 23.38, 45.59
2019-02-19, 06:44:51, 23.38, 45.56
2019-02-19, 06:44:53, 23.38, 45.59
2019-02-19, 06:44:54, 23.4, 45.56
2019-02-19, 06:44:56, 23.4, 45.59
2019-02-19, 06:44:57, 23.39, 45.59
2019-02-19, 06:44:58, 23.39, 45.59
2019-02-19, 06:45:00, 23.4, 45.56
2019-02-19, 06:45:01, 23.4, 45.56
2019-02-19, 06:45:02, 23.39, 45.56
2019-02-19, 06:45:04, 23.25, 45.61
2019-02-19, 06:45:05, 23.34, 45.62
2019-02-19, 06:45:06, 23.36, 45.68
2019-02-19, 06:45:08, 23.38, 45.66
2019-02-19, 06:45:09, 23.36, 45.62
2019-02-19, 06:45:10, 23.38, 45.62
2019-02-19, 06:45:12, 23.38, 45.62
2019-02-19, 06:45:13, 23.38, 45.62
2019-02-19, 06:45:15, 23.38, 45.59
2019-02-19, 06:45:16, 23.38, 45.62
2019-02-19, 06:45:17, 23.39, 45.62
2019-02-19, 06:45:19, 23.38, 45.59
2019-02-19, 06:45:20, 23.39, 45.59
2019-02-19, 06:45:21, 23.39, 45.59
2019-02-19, 06:45:23, 23.38, 45.59
2019-02-19, 06:45:24, 23.38, 45.59
2019-02-19, 06:45:25, 23.39, 45.62
2019-02-19, 06:45:27, 23.38, 45.59
2019-02-19, 06:45:28, 23.37, 45.59
2019-02-19, 06:45:29, 23.38, 45.59
2019-02-19, 06:45:31, 23.38, 45.56
2019-02-19, 06:45:32, 23.38, 45.59
2019-02-19, 06:45:33, 23.22, 45.6
2019-02-19, 06:45:35, 23.33, 45.68
2019-02-19, 06:45:36, 23.36, 45.68
2019-02-19, 06:45:38, 23.29, 45.68
2019-02-19, 06:45:39, 23.35, 45.68
2019-02-19, 06:45:40, 23.36, 45.68
2019-02-19, 06:45:42, 23.36, 45.68
2019-02-19, 06:45:43, 23.37, 45.62
2019-02-19, 06:45:44, 23.38, 45.66
2019-02-19, 06:45:46, 23.37, 45.62
2019-02-19, 06:45:47, 23.37, 45.65
2019-02-19, 06:45:48, 23.37, 45.62
2019-02-19, 06:45:50, 23.38, 45.62
2019-02-19, 06:45:51, 23.38, 45.62
2019-02-19, 06:45:52, 23.37, 45.62
2019-02-19, 06:45:54, 23.37, 45.62
2019-02-19, 06:45:55, 23.36, 45.59
2019-02-19, 06:45:56, 23.37, 45.59
2019-02-19, 06:45:58, 23.38, 45.62
2019-02-19, 06:45:59, 23.38, 45.62
2019-02-19, 06:46:01, 23.37, 45.62
2019-02-19, 06:46:02, 23.37, 45.59
2019-02-19, 06:46:03, 23.37, 45.59
2019-02-19, 06:46:05, 23.37, 45.59
2019-02-19, 06:46:06, 23.38, 45.62
2019-02-19, 06:46:07, 23.37, 45.59
2019-02-19, 06:46:09, 23.37, 45.59
2019-02-19, 06:46:10, 23.37, 45.59
2019-02-19, 06:46:11, 23.38, 45.59
2019-02-19, 06:46:13, 23.38, 45.59
2019-02-19, 06:46:14, 23.38, 45.59
2019-02-19, 06:46:15, 23.37, 45.59
2019-02-19, 06:46:17, 23.37, 45.59
2019-02-19, 06:46:18, 23.37, 45.59
2019-02-19, 06:46:19, 23.38, 45.62
2019-02-19, 06:46:21, 23.38, 45.59
2019-02-19, 06:46:22, 23.38, 45.59
2019-02-19, 06:46:24, 23.38, 45.59
2019-02-19, 06:46:25, 23.38, 45.56
2019-02-19, 06:46:26, 23.38, 45.59
2019-02-19, 06:46:28, 23.37, 45.59
2019-02-19, 06:46:29, 23.38, 45.59
2019-02-19, 06:46:30, 23.39, 45.59
2019-02-19, 06:46:32, 23.38, 45.59
2019-02-19, 06:46:33, 23.38, 45.59
2019-02-19, 06:46:34, 23.38, 45.59
2019-02-19, 06:46:36, 23.38, 45.56
2019-02-19, 06:46:37, 23.37, 45.56
2019-02-19, 06:46:38, 23.38, 45.59
2019-02-19, 06:46:40, 23.38, 45.59
2019-02-19, 06:46:41, 23.37, 45.56
2019-02-19, 06:46:42, 23.38, 45.59
2019-02-19, 06:46:44, 23.37, 45.59
2019-02-19, 06:46:45, 23.37, 45.59
2019-02-19, 06:46:47, 23.39, 45.59
2019-02-19, 06:46:48, 23.38, 45.56
2019-02-19, 06:46:49, 23.37, 45.56
2019-02-19, 06:46:51, 23.36, 45.59
2019-02-19, 06:46:52, 23.36, 45.56
2019-02-19, 06:46:53, 23.37, 45.59
2019-02-19, 06:46:55, 23.38, 45.56
2019-02-19, 06:46:56, 23.38, 45.56
2019-02-19, 06:46:57, 23.38, 45.56
2019-02-19, 06:46:59, 23.38, 45.56
2019-02-19, 06:47:00, 23.38, 45.56
2019-02-19, 06:47:01, 23.39, 45.56
2019-02-19, 06:47:03, 23.39, 45.56
2019-02-19, 06:47:04, 23.39, 45.56
2019-02-19, 06:47:06, 23.38, 45.56
2019-02-19, 06:47:07, 23.37, 45.56
2019-02-19, 06:47:08, 23.38, 45.59
2019-02-19, 06:47:10, 23.38, 45.59
2019-02-19, 06:47:11, 23.37, 45.59
2019-02-19, 06:47:12, 23.36, 45.56
2019-02-19, 06:47:14, 23.38, 45.56
2019-02-19, 06:47:15, 23.39, 45.59
2019-02-19, 06:47:16, 23.38, 45.56
2019-02-19, 06:47:18, 23.38, 45.59
2019-02-19, 06:47:19, 23.38, 45.59
2019-02-19, 06:47:20, 23.38, 45.56
2019-02-19, 06:47:22, 23.38, 45.59
2019-02-19, 06:47:23, 23.38, 45.59
2019-02-19, 06:47:24, 23.38, 45.56
2019-02-19, 06:47:26, 23.39, 45.56
2019-02-19, 06:47:27, 23.37, 45.56
2019-02-19, 06:47:29, 23.38, 45.59
2019-02-19, 06:47:30, 23.38, 45.59
2019-02-19, 06:47:31, 23.36, 45.59
2019-02-19, 06:47:33, 23.38, 45.59
2019-02-19, 06:47:34, 23.38, 45.59
2019-02-19, 06:47:35, 23.38, 45.56
2019-02-19, 06:47:37, 23.26, 45.58
2019-02-19, 06:47:38, 23.35, 45.59
2019-02-19, 06:47:39, 23.36, 45.62
2019-02-19, 06:47:41, 23.36, 45.62
2019-02-19, 06:47:42, 23.36, 45.62
2019-02-19, 06:47:43, 23.37, 45.62
2019-02-19, 06:47:45, 23.37, 45.59
2019-02-19, 06:47:46, 23.37, 45.59
2019-02-19, 06:47:47, 23.36, 45.59
2019-02-19, 06:47:49, 23.36, 45.59
2019-02-19, 06:47:50, 23.38, 45.59
2019-02-19, 06:47:52, 23.38, 45.56
2019-02-19, 06:47:53, 23.38, 45.56
2019-02-19, 06:47:54, 23.38, 45.56
2019-02-19, 06:47:56, 23.38, 45.56
2019-02-19, 06:47:57, 23.38, 45.56
2019-02-19, 06:47:58, 23.38, 45.56
2019-02-19, 06:48:00, 23.38, 45.59
2019-02-19, 06:48:01, 23.38, 45.59
2019-02-19, 06:48:02, 23.38, 45.56
2019-02-19, 06:48:04, 23.38, 45.56
2019-02-19, 06:48:05, 23.39, 45.56
2019-02-19, 06:48:06, 23.38, 45.56
2019-02-19, 06:48:08, 23.37, 45.59
2019-02-19, 06:48:09, 23.36, 45.56
2019-02-19, 06:48:11, 23.37, 45.56
2019-02-19, 06:48:12, 23.37, 45.56
2019-02-19, 06:48:13, 23.38, 45.56
2019-02-19, 06:48:15, 23.37, 45.56
2019-02-19, 06:48:16, 23.37, 45.56
2019-02-19, 06:48:17, 23.37, 45.56
2019-02-19, 06:48:19, 23.38, 45.56
2019-02-19, 06:48:20, 23.37, 45.59
2019-02-19, 06:48:21, 23.38, 45.56
2019-02-19, 06:48:23, 23.38, 45.56
2019-02-19, 06:48:24, 23.37, 45.56
2019-02-19, 06:48:25, 23.38, 45.56
2019-02-19, 06:48:27, 23.38, 45.59
2019-02-19, 06:48:28, 23.38, 45.56
2019-02-19, 06:48:29, 23.38, 45.59
2019-02-19, 06:48:31, 23.38, 45.59
2019-02-19, 06:48:32, 23.38, 45.56
2019-02-19, 06:48:34, 23.38, 45.56
2019-02-19, 06:48:35, 23.38, 45.56
2019-02-19, 06:48:36, 23.36, 45.56
2019-02-19, 06:48:38, 23.37, 45.56
2019-02-19, 06:48:39, 23.38, 45.56
2019-02-19, 06:48:40, 23.37, 45.56
2019-02-19, 06:48:42, 23.38, 45.56
2019-02-19, 06:48:43, 23.37, 45.56
2019-02-19, 06:48:44, 23.38, 45.56
2019-02-19, 06:48:46, 23.38, 45.59
2019-02-19, 06:48:47, 23.38, 45.56
2019-02-19, 06:48:48, 23.38, 45.56
2019-02-19, 06:48:50, 23.38, 45.59
2019-02-19, 06:48:51, 23.38, 45.56
2019-02-19, 06:48:52, 23.39, 45.56
2019-02-19, 06:48:54, 23.38, 45.56
2019-02-19, 06:48:55, 23.39, 45.56
2019-02-19, 06:48:56, 23.39, 45.56
2019-02-19, 06:48:58, 23.41, 45.56
2019-02-19, 06:48:59, 23.39, 45.56
2019-02-19, 06:49:01, 23.29, 45.58
2019-02-19, 06:49:02, 23.36, 45.59
2019-02-19, 06:49:03, 23.38, 45.62
2019-02-19, 06:49:05, 23.38, 45.62
2019-02-19, 06:49:06, 23.38, 45.62
2019-02-19, 06:49:07, 23.38, 45.59
2019-02-19, 06:49:09, 23.37, 45.59
2019-02-19, 06:49:10, 23.38, 45.56
2019-02-19, 06:49:11, 23.38, 45.56
2019-02-19, 06:49:13, 23.36, 45.56
2019-02-19, 06:49:14, 23.37, 45.56
2019-02-19, 06:49:15, 23.37, 45.56
2019-02-19, 06:49:17, 23.38, 45.56
2019-02-19, 06:49:18, 23.38, 45.56
2019-02-19, 06:49:20, 23.38, 45.56
2019-02-19, 06:49:21, 23.38, 45.56
2019-02-19, 06:49:22, 23.38, 45.56
2019-02-19, 06:49:24, 23.39, 45.56
2019-02-19, 06:49:25, 23.39, 45.59
2019-02-19, 06:49:26, 23.38, 45.56
2019-02-19, 06:49:28, 23.4, 45.56
2019-02-19, 06:49:29, 23.39, 45.56
2019-02-19, 06:49:30, 23.28, 45.55
2019-02-19, 06:49:32, 23.36, 45.59
2019-02-19, 06:49:33, 23.38, 45.62
2019-02-19, 06:49:34, 23.38, 45.62
2019-02-19, 06:49:36, 23.38, 45.59
2019-02-19, 06:49:37, 23.38, 45.59
2019-02-19, 06:49:38, 23.4, 45.56
2019-02-19, 06:49:40, 23.4, 45.56
2019-02-19, 06:49:41, 23.39, 45.56
2019-02-19, 06:49:43, 23.4, 45.53
2019-02-19, 06:49:44, 23.38, 45.56
2019-02-19, 06:49:45, 23.37, 45.53
2019-02-19, 06:49:47, 23.38, 45.53
2019-02-19, 06:49:48, 23.38, 45.53
2019-02-19, 06:49:49, 23.37, 45.53
2019-02-19, 06:49:51, 23.38, 45.53
2019-02-19, 06:49:52, 23.37, 45.53
2019-02-19, 06:49:53, 23.39, 45.53
2019-02-19, 06:49:55, 23.37, 45.53
2019-02-19, 06:49:56, 23.36, 45.49
2019-02-19, 06:49:57, 23.37, 45.53
2019-02-19, 06:49:59, 23.36, 45.52
2019-02-19, 06:50:00, 23.26, 45.54
2019-02-19, 06:50:01, 23.35, 45.55
2019-02-19, 06:50:03, 23.35, 45.59
2019-02-19, 06:50:04, 23.36, 45.59
2019-02-19, 06:50:06, 23.37, 45.59
2019-02-19, 06:50:07, 23.37, 45.56
2019-02-19, 06:50:08, 23.37, 45.59
2019-02-19, 06:50:10, 23.38, 45.56
2019-02-19, 06:50:11, 23.38, 45.56
2019-02-19, 06:50:12, 23.37, 45.56
2019-02-19, 06:50:14, 23.37, 45.56
2019-02-19, 06:50:15, 23.38, 45.56
2019-02-19, 06:50:16, 23.39, 45.56
2019-02-19, 06:50:18, 23.38, 45.56
2019-02-19, 06:50:19, 23.38, 45.56
2019-02-19, 06:50:20, 23.39, 45.53
2019-02-19, 06:50:22, 23.39, 45.56
2019-02-19, 06:50:23, 23.39, 45.56
2019-02-19, 06:50:24, 23.39, 45.56
2019-02-19, 06:50:26, 23.38, 45.56
2019-02-19, 06:50:27, 23.38, 45.56
2019-02-19, 06:50:29, 23.38, 45.53
2019-02-19, 06:50:30, 23.24, 45.54
2019-02-19, 06:50:31, 23.34, 45.59
2019-02-19, 06:50:33, 23.35, 45.59
2019-02-19, 06:50:34, 23.36, 45.59
2019-02-19, 06:50:35, 23.36, 45.56
2019-02-19, 06:50:37, 23.37, 45.56
2019-02-19, 06:50:38, 23.35, 45.55
2019-02-19, 06:50:39, 23.37, 45.56
2019-02-19, 06:50:41, 23.37, 45.56
2019-02-19, 06:50:42, 23.38, 45.56
2019-02-19, 06:50:43, 23.37, 45.53
2019-02-19, 06:50:45, 23.38, 45.56
2019-02-19, 06:50:46, 23.37, 45.56
2019-02-19, 06:50:47, 23.38, 45.53
2019-02-19, 06:50:49, 23.39, 45.53
2019-02-19, 06:50:50, 23.38, 45.53
2019-02-19, 06:50:52, 23.38, 45.49
2019-02-19, 06:50:53, 23.39, 45.5
2019-02-19, 06:50:54, 23.39, 45.53
2019-02-19, 06:50:56, 23.4, 45.53
2019-02-19, 06:50:57, 23.38, 45.53
2019-02-19, 06:50:58, 23.39, 45.53
2019-02-19, 06:51:00, 23.38, 45.53
2019-02-19, 06:51:01, 23.38, 45.56
2019-02-19, 06:51:02, 23.39, 45.5
2019-02-19, 06:51:04, 23.39, 45.53
2019-02-19, 06:51:05, 23.41, 45.53
2019-02-19, 06:51:06, 23.4, 45.53
2019-02-19, 06:51:08, 23.4, 45.53
2019-02-19, 06:51:09, 23.42, 45.5
2019-02-19, 06:51:11, 23.4, 45.5
2019-02-19, 06:51:12, 23.4, 45.5
2019-02-19, 06:51:13, 23.39, 45.5
2019-02-19, 06:51:15, 23.41, 45.53
2019-02-19, 06:51:16, 23.4, 45.5
2019-02-19, 06:51:17, 23.4, 45.5
2019-02-19, 06:51:19, 23.39, 45.5
2019-02-19, 06:51:20, 23.4, 45.53
2019-02-19, 06:51:21, 23.4, 45.5
2019-02-19, 06:51:23, 23.4, 45.5
2019-02-19, 06:51:24, 23.4, 45.5
2019-02-19, 06:51:25, 23.4, 45.5
2019-02-19, 06:51:27, 23.4, 45.5
2019-02-19, 06:51:28, 23.4, 45.5
2019-02-19, 06:51:29, 23.41, 45.5
2019-02-19, 06:51:31, 23.4, 45.5
2019-02-19, 06:51:32, 23.4, 45.5
2019-02-19, 06:51:34, 23.4, 45.5
2019-02-19, 06:51:35, 23.4, 45.5
2019-02-19, 06:51:36, 23.4, 45.53
2019-02-19, 06:51:38, 23.4, 45.5
2019-02-19, 06:51:39, 23.4, 45.5
2019-02-19, 06:51:40, 23.4, 45.5
2019-02-19, 06:51:42, 23.4, 45.53
2019-02-19, 06:51:43, 23.4, 45.53
2019-02-19, 06:51:44, 23.42, 45.53
2019-02-19, 06:51:46, 23.41, 45.53
2019-02-19, 06:51:47, 23.41, 45.5
2019-02-19, 06:51:48, 23.4, 45.5
2019-02-19, 06:51:50, 23.39, 45.5
2019-02-19, 06:51:51, 23.4, 45.5
2019-02-19, 06:51:52, 23.4, 45.5
2019-02-19, 06:51:54, 23.4, 45.5
2019-02-19, 06:51:55, 23.41, 45.5
2019-02-19, 06:51:57, 23.4, 45.53
2019-02-19, 06:51:58, 23.4, 45.5
2019-02-19, 06:51:59, 23.4, 45.5
2019-02-19, 06:52:01, 23.4, 45.5
2019-02-19, 06:52:02, 23.41, 45.5
2019-02-19, 06:52:03, 23.41, 45.5
2019-02-19, 06:52:05, 23.4, 45.5
2019-02-19, 06:52:06, 23.42, 45.5
2019-02-19, 06:52:07, 23.4, 45.5
2019-02-19, 06:52:09, 23.4, 45.5
2019-02-19, 06:52:10, 23.42, 45.47
2019-02-19, 06:52:11, 23.4, 45.5
2019-02-19, 06:52:13, 23.41, 45.5
2019-02-19, 06:52:14, 23.4, 45.5
2019-02-19, 06:52:15, 23.4, 45.5
2019-02-19, 06:52:17, 23.4, 45.5
2019-02-19, 06:52:18, 23.39, 45.5
2019-02-19, 06:52:20, 23.4, 45.5
2019-02-19, 06:52:21, 23.4, 45.5
2019-02-19, 06:52:22, 23.41, 45.53
2019-02-19, 06:52:24, 23.4, 45.5
2019-02-19, 06:52:25, 23.4, 45.53
2019-02-19, 06:52:26, 23.4, 45.53
2019-02-19, 06:52:28, 23.4, 45.5
2019-02-19, 06:52:29, 23.41, 45.5
2019-02-19, 06:52:30, 23.42, 45.5
2019-02-19, 06:52:32, 23.41, 45.5
2019-02-19, 06:52:33, 23.35, 45.49
2019-02-19, 06:52:34, 23.4, 45.53
2019-02-19, 06:52:36, 23.4, 45.53
2019-02-19, 06:52:37, 23.42, 45.53
2019-02-19, 06:52:38, 23.42, 45.53
2019-02-19, 06:52:40, 23.41, 45.5
2019-02-19, 06:52:41, 23.42, 45.5
2019-02-19, 06:52:43, 23.4, 45.5
2019-02-19, 06:52:44, 23.41, 45.5
2019-02-19, 06:52:45, 23.4, 45.5
2019-02-19, 06:52:47, 23.41, 45.5
2019-02-19, 06:52:48, 23.42, 45.5
2019-02-19, 06:52:49, 23.42, 45.5
2019-02-19, 06:52:51, 23.41, 45.5
2019-02-19, 06:52:52, 23.41, 45.5
2019-02-19, 06:52:53, 23.41, 45.5
2019-02-19, 06:52:55, 23.4, 45.5
2019-02-19, 06:52:56, 23.4, 45.5
2019-02-19, 06:52:57, 23.4, 45.5
2019-02-19, 06:52:59, 23.41, 45.5
2019-02-19, 06:53:00, 23.4, 45.5
2019-02-19, 06:53:01, 23.4, 45.5
2019-02-19, 06:53:03, 23.32, 45.49
2019-02-19, 06:53:04, 23.39, 45.5
2019-02-19, 06:53:06, 23.4, 45.53
2019-02-19, 06:53:07, 23.4, 45.53
2019-02-19, 06:53:08, 23.4, 45.53
2019-02-19, 06:53:10, 23.41, 45.5
2019-02-19, 06:53:11, 23.41, 45.53
2019-02-19, 06:53:12, 23.4, 45.5
2019-02-19, 06:53:14, 23.4, 45.5
2019-02-19, 06:53:15, 23.4, 45.5
2019-02-19, 06:53:16, 23.41, 45.5
2019-02-19, 06:53:18, 23.42, 45.5
2019-02-19, 06:53:19, 23.42, 45.5
2019-02-19, 06:53:20, 23.43, 45.5
2019-02-19, 06:53:22, 23.42, 45.5
2019-02-19, 06:53:23, 23.41, 45.5
2019-02-19, 06:53:25, 23.41, 45.5
2019-02-19, 06:53:26, 23.41, 45.5
2019-02-19, 06:53:27, 23.42, 45.5
2019-02-19, 06:53:29, 23.42, 45.5
2019-02-19, 06:53:30, 23.42, 45.47
2019-02-19, 06:53:31, 23.42, 45.47
2019-02-19, 06:53:33, 23.41, 45.47
2019-02-19, 06:53:34, 23.42, 45.43
2019-02-19, 06:53:35, 23.4, 45.43
2019-02-19, 06:53:37, 23.4, 45.43
2019-02-19, 06:53:38, 23.4, 45.46
2019-02-19, 06:53:39, 23.41, 45.43
2019-02-19, 06:53:41, 23.42, 45.47
2019-02-19, 06:53:42, 23.41, 45.43
2019-02-19, 06:53:43, 23.41, 45.47
2019-02-19, 06:53:45, 23.42, 45.47
2019-02-19, 06:53:46, 23.42, 45.43
2019-02-19, 06:53:48, 23.42, 45.47
2019-02-19, 06:53:49, 23.41, 45.43
2019-02-19, 06:53:50, 23.4, 45.46
2019-02-19, 06:53:52, 23.4, 45.5
2019-02-19, 06:53:53, 23.41, 45.43
2019-02-19, 06:53:54, 23.42, 45.47
2019-02-19, 06:53:56, 23.39, 45.46
2019-02-19, 06:53:57, 23.36, 45.46
2019-02-19, 06:53:58, 23.39, 45.5
2019-02-19, 06:54:00, 23.39, 45.5
2019-02-19, 06:54:01, 23.4, 45.5
2019-02-19, 06:54:02, 23.28, 45.48
2019-02-19, 06:54:04, 23.37, 45.49
2019-02-19, 06:54:05, 23.4, 45.53
2019-02-19, 06:54:07, 23.4, 45.53
2019-02-19, 06:54:08, 23.42, 45.53
2019-02-19, 06:54:09, 23.39, 45.5
2019-02-19, 06:54:11, 23.4, 45.5
2019-02-19, 06:54:12, 23.4, 45.5
2019-02-19, 06:54:13, 23.41, 45.5
2019-02-19, 06:54:15, 23.4, 45.5
2019-02-19, 06:54:16, 23.4, 45.5
2019-02-19, 06:54:17, 23.4, 45.5
2019-02-19, 06:54:19, 23.41, 45.5
2019-02-19, 06:54:20, 23.4, 45.5
2019-02-19, 06:54:21, 23.4, 45.46
2019-02-19, 06:54:23, 23.4, 45.46
2019-02-19, 06:54:24, 23.4, 45.5
2019-02-19, 06:54:25, 23.41, 45.47
2019-02-19, 06:54:27, 23.4, 45.5
2019-02-19, 06:54:28, 23.41, 45.5
2019-02-19, 06:54:30, 23.41, 45.5
2019-02-19, 06:54:31, 23.4, 45.5
2019-02-19, 06:54:32, 23.41, 45.47
2019-02-19, 06:54:34, 23.42, 45.5
2019-02-19, 06:54:35, 23.42, 45.47
2019-02-19, 06:54:36, 23.42, 45.5
2019-02-19, 06:54:38, 23.41, 45.5
2019-02-19, 06:54:39, 23.41, 45.43
2019-02-19, 06:54:40, 23.41, 45.43
2019-02-19, 06:54:42, 23.42, 45.47
2019-02-19, 06:54:43, 23.41, 45.47
2019-02-19, 06:54:44, 23.41, 45.5
2019-02-19, 06:54:46, 23.42, 45.5
2019-02-19, 06:54:47, 23.41, 45.47
2019-02-19, 06:54:48, 23.42, 45.47
2019-02-19, 06:54:50, 23.41, 45.43
2019-02-19, 06:54:51, 23.4, 45.43
2019-02-19, 06:54:53, 23.4, 45.43
2019-02-19, 06:54:54, 23.39, 45.43
2019-02-19, 06:54:55, 23.39, 45.43
2019-02-19, 06:54:57, 23.4, 45.43
2019-02-19, 06:54:58, 23.4, 45.43
2019-02-19, 06:54:59, 23.38, 45.46
2019-02-19, 06:55:01, 23.38, 45.43
2019-02-19, 06:55:02, 23.24, 45.48
2019-02-19, 06:55:03, 23.35, 45.52
2019-02-19, 06:55:05, 23.36, 45.52
2019-02-19, 06:55:06, 23.37, 45.53
2019-02-19, 06:55:07, 23.37, 45.53
2019-02-19, 06:55:09, 23.4, 45.53
2019-02-19, 06:55:10, 23.4, 45.5
2019-02-19, 06:55:11, 23.4, 45.5
2019-02-19, 06:55:13, 23.4, 45.5
2019-02-19, 06:55:14, 23.41, 45.5
2019-02-19, 06:55:16, 23.41, 45.5
2019-02-19, 06:55:17, 23.4, 45.5
2019-02-19, 06:55:18, 23.4, 45.5
2019-02-19, 06:55:20, 23.4, 45.46
2019-02-19, 06:55:21, 23.4, 45.46
2019-02-19, 06:55:22, 23.4, 45.43
2019-02-19, 06:55:24, 23.4, 45.46
2019-02-19, 06:55:25, 23.4, 45.46
2019-02-19, 06:55:26, 23.4, 45.46
2019-02-19, 06:55:28, 23.41, 45.43
2019-02-19, 06:55:29, 23.4, 45.46
2019-02-19, 06:55:30, 23.41, 45.47
2019-02-19, 06:55:32, 23.41, 45.47
2019-02-19, 06:55:33, 23.4, 45.43
2019-02-19, 06:55:34, 23.4, 45.46
2019-02-19, 06:55:36, 23.42, 45.43
2019-02-19, 06:55:37, 23.41, 45.43
2019-02-19, 06:55:39, 23.4, 45.43
2019-02-19, 06:55:40, 23.4, 45.43
2019-02-19, 06:55:41, 23.4, 45.43
2019-02-19, 06:55:43, 23.42, 45.43
2019-02-19, 06:55:44, 23.42, 45.43
2019-02-19, 06:55:45, 23.42, 45.43
2019-02-19, 06:55:47, 23.43, 45.44
2019-02-19, 06:55:48, 23.4, 45.43
2019-02-19, 06:55:49, 23.4, 45.43
2019-02-19, 06:55:51, 23.4, 45.43
2019-02-19, 06:55:52, 23.42, 45.43
2019-02-19, 06:55:53, 23.41, 45.43
2019-02-19, 06:55:55, 23.42, 45.43
2019-02-19, 06:55:56, 23.29, 45.45
2019-02-19, 06:55:57, 23.37, 45.49
2019-02-19, 06:55:59, 23.4, 45.5
2019-02-19, 06:56:00, 23.42, 45.5
2019-02-19, 06:56:02, 23.43, 45.47
2019-02-19, 06:56:03, 23.43, 45.5
2019-02-19, 06:56:04, 23.43, 45.5
2019-02-19, 06:56:06, 23.41, 45.47
2019-02-19, 06:56:07, 23.44, 45.47
2019-02-19, 06:56:08, 23.44, 45.47
2019-02-19, 06:56:10, 23.43, 45.44
2019-02-19, 06:56:11, 23.44, 45.47
2019-02-19, 06:56:12, 23.43, 45.44
2019-02-19, 06:56:14, 23.42, 45.43
2019-02-19, 06:56:15, 23.42, 45.43
2019-02-19, 06:56:16, 23.42, 45.43
2019-02-19, 06:56:18, 23.41, 45.43
2019-02-19, 06:56:19, 23.42, 45.43
2019-02-19, 06:56:21, 23.42, 45.43
2019-02-19, 06:56:22, 23.42, 45.43
2019-02-19, 06:56:23, 23.42, 45.43
2019-02-19, 06:56:25, 23.42, 45.4
2019-02-19, 06:56:26, 23.42, 45.43
2019-02-19, 06:56:27, 23.42, 45.43
2019-02-19, 06:56:29, 23.41, 45.43
2019-02-19, 06:56:30, 23.42, 45.43
2019-02-19, 06:56:31, 23.4, 45.43
2019-02-19, 06:56:33, 23.42, 45.43
2019-02-19, 06:56:34, 23.42, 45.43
2019-02-19, 06:56:35, 23.42, 45.43
2019-02-19, 06:56:37, 23.42, 45.4
2019-02-19, 06:56:38, 23.42, 45.43
2019-02-19, 06:56:39, 23.42, 45.43
2019-02-19, 06:56:41, 23.44, 45.44
2019-02-19, 06:56:42, 23.42, 45.43
2019-02-19, 06:56:44, 23.42, 45.4
2019-02-19, 06:56:45, 23.44, 45.44
2019-02-19, 06:56:46, 23.43, 45.4
2019-02-19, 06:56:48, 23.44, 45.44
2019-02-19, 06:56:49, 23.44, 45.44
2019-02-19, 06:56:50, 23.43, 45.44
2019-02-19, 06:56:52, 23.44, 45.41
2019-02-19, 06:56:53, 23.43, 45.44
2019-02-19, 06:56:54, 23.45, 45.41
2019-02-19, 06:56:56, 23.44, 45.41
2019-02-19, 06:56:57, 23.45, 45.41
2019-02-19, 06:56:58, 23.45, 45.41
2019-02-19, 06:57:00, 23.46, 45.41
2019-02-19, 06:57:01, 23.45, 45.41
2019-02-19, 06:57:03, 23.46, 45.41
2019-02-19, 06:57:04, 23.45, 45.37
2019-02-19, 06:57:05, 23.46, 45.38
2019-02-19, 06:57:07, 23.44, 45.41
2019-02-19, 06:57:08, 23.47, 45.41
2019-02-19, 06:57:09, 23.45, 45.41
2019-02-19, 06:57:11, 23.47, 45.38
2019-02-19, 06:57:12, 23.46, 45.41
2019-02-19, 06:57:13, 23.46, 45.38
2019-02-19, 06:57:15, 23.46, 45.41
2019-02-19, 06:57:16, 23.46, 45.38
2019-02-19, 06:57:17, 23.46, 45.38
2019-02-19, 06:57:19, 23.45, 45.37
2019-02-19, 06:57:20, 23.46, 45.38
2019-02-19, 06:57:21, 23.46, 45.38
2019-02-19, 06:57:23, 23.45, 45.37
2019-02-19, 06:57:24, 23.46, 45.38
2019-02-19, 06:57:26, 23.45, 45.37
2019-02-19, 06:57:27, 23.46, 45.38
2019-02-19, 06:57:28, 23.44, 45.37
2019-02-19, 06:57:30, 23.45, 45.41
2019-02-19, 06:57:31, 23.44, 45.37
2019-02-19, 06:57:32, 23.45, 45.37
2019-02-19, 06:57:34, 23.44, 45.37
2019-02-19, 06:57:35, 23.46, 45.38
2019-02-19, 06:57:36, 23.45, 45.41
2019-02-19, 06:57:38, 23.45, 45.37
2019-02-19, 06:57:39, 23.44, 45.37
2019-02-19, 06:57:40, 23.44, 45.37
2019-02-19, 06:57:42, 23.44, 45.37
2019-02-19, 06:57:43, 23.45, 45.37
2019-02-19, 06:57:45, 23.45, 45.37
2019-02-19, 06:57:46, 23.45, 45.37
2019-02-19, 06:57:47, 23.46, 45.38
2019-02-19, 06:57:49, 23.46, 45.38
2019-02-19, 06:57:50, 23.46, 45.38
2019-02-19, 06:57:51, 23.46, 45.34
2019-02-19, 06:57:53, 23.44, 45.34
2019-02-19, 06:57:54, 23.46, 45.38
2019-02-19, 06:57:55, 23.46, 45.38
2019-02-19, 06:57:57, 23.45, 45.37
2019-02-19, 06:57:58, 23.45, 45.34
2019-02-19, 06:57:59, 23.46, 45.38
2019-02-19, 06:58:01, 23.46, 45.38
2019-02-19, 06:58:02, 23.46, 45.38
2019-02-19, 06:58:04, 23.45, 45.37
2019-02-19, 06:58:05, 23.46, 45.38
2019-02-19, 06:58:06, 23.47, 45.34
2019-02-19, 06:58:08, 23.48, 45.38
2019-02-19, 06:58:09, 23.46, 45.34
2019-02-19, 06:58:10, 23.46, 45.34
2019-02-19, 06:58:12, 23.47, 45.34
2019-02-19, 06:58:13, 23.46, 45.34
2019-02-19, 06:58:14, 23.45, 45.34
2019-02-19, 06:58:16, 23.45, 45.34
2019-02-19, 06:58:17, 23.46, 45.34
2019-02-19, 06:58:18, 23.46, 45.38
2019-02-19, 06:58:20, 23.46, 45.34
2019-02-19, 06:58:21, 23.46, 45.38
2019-02-19, 06:58:23, 23.46, 45.34
2019-02-19, 06:58:24, 23.46, 45.34
2019-02-19, 06:58:25, 23.46, 45.34
2019-02-19, 06:58:27, 23.46, 45.34
2019-02-19, 06:58:28, 23.46, 45.34
2019-02-19, 06:58:29, 23.38, 45.33
2019-02-19, 06:58:31, 23.46, 45.34
2019-02-19, 06:58:32, 23.45, 45.37
2019-02-19, 06:58:33, 23.46, 45.38
2019-02-19, 06:58:35, 23.45, 45.37
2019-02-19, 06:58:36, 23.46, 45.38
2019-02-19, 06:58:37, 23.47, 45.38
2019-02-19, 06:58:39, 23.47, 45.34
2019-02-19, 06:58:40, 23.46, 45.34
2019-02-19, 06:58:41, 23.47, 45.34
2019-02-19, 06:58:43, 23.48, 45.35
2019-02-19, 06:58:44, 23.47, 45.31
2019-02-19, 06:58:46, 23.47, 45.31
2019-02-19, 06:58:47, 23.46, 45.31
2019-02-19, 06:58:48, 23.47, 45.34
2019-02-19, 06:58:50, 23.46, 45.31
2019-02-19, 06:58:51, 23.48, 45.31
2019-02-19, 06:58:52, 23.47, 45.31
2019-02-19, 06:58:54, 23.48, 45.31
2019-02-19, 06:58:55, 23.48, 45.31
2019-02-19, 06:58:56, 23.48, 45.31
2019-02-19, 06:58:58, 23.48, 45.31
2019-02-19, 06:58:59, 23.48, 45.31
2019-02-19, 06:59:00, 23.49, 45.31
2019-02-19, 06:59:02, 23.49, 45.35
2019-02-19, 06:59:03, 23.48, 45.31
2019-02-19, 06:59:04, 23.48, 45.31
2019-02-19, 06:59:06, 23.47, 45.31
2019-02-19, 06:59:07, 23.48, 45.31
2019-02-19, 06:59:09, 23.48, 45.31
2019-02-19, 06:59:10, 23.47, 45.31
2019-02-19, 06:59:11, 23.48, 45.31
2019-02-19, 06:59:13, 23.47, 45.31
2019-02-19, 06:59:14, 23.46, 45.31
2019-02-19, 06:59:15, 23.47, 45.31
2019-02-19, 06:59:17, 23.47, 45.31
2019-02-19, 06:59:18, 23.48, 45.28
2019-02-19, 06:59:19, 23.48, 45.31
2019-02-19, 06:59:21, 23.47, 45.31
2019-02-19, 06:59:22, 23.48, 45.31
2019-02-19, 06:59:23, 23.48, 45.31
2019-02-19, 06:59:25, 23.47, 45.31
2019-02-19, 06:59:26, 23.48, 45.31
2019-02-19, 06:59:28, 23.48, 45.31
2019-02-19, 06:59:29, 23.35, 45.33
2019-02-19, 06:59:30, 23.44, 45.37
2019-02-19, 06:59:32, 23.45, 45.37
2019-02-19, 06:59:33, 23.46, 45.38
2019-02-19, 06:59:34, 23.46, 45.38
2019-02-19, 06:59:36, 23.46, 45.34
2019-02-19, 06:59:37, 23.45, 45.34
2019-02-19, 06:59:38, 23.46, 45.31
2019-02-19, 06:59:40, 23.47, 45.34
2019-02-19, 06:59:41, 23.46, 45.31
2019-02-19, 06:59:42, 23.45, 45.34
2019-02-19, 06:59:44, 23.45, 45.31
2019-02-19, 06:59:45, 23.46, 45.34
2019-02-19, 06:59:46, 23.47, 45.31
2019-02-19, 06:59:48, 23.46, 45.31
2019-02-19, 06:59:49, 23.46, 45.31
2019-02-19, 06:59:51, 23.46, 45.31
2019-02-19, 06:59:52, 23.46, 45.31
2019-02-19, 06:59:53, 23.48, 45.31
2019-02-19, 06:59:55, 23.47, 45.31
2019-02-19, 06:59:56, 23.48, 45.31
2019-02-19, 06:59:57, 23.47, 45.31
2019-02-19, 06:59:59, 23.48, 45.31
2019-02-19, 07:00:00, 23.47, 45.31
2019-02-19, 07:00:01, 23.46, 45.31
2019-02-19, 07:00:03, 23.46, 45.31
2019-02-19, 07:00:04, 23.48, 45.31
2019-02-19, 07:00:05, 23.48, 45.31
2019-02-19, 07:00:07, 23.47, 45.31
2019-02-19, 07:00:08, 23.49, 45.31
2019-02-19, 07:00:10, 23.47, 45.31
2019-02-19, 07:00:11, 23.47, 45.31
2019-02-19, 07:00:12, 23.49, 45.31
2019-02-19, 07:00:14, 23.48, 45.31
2019-02-19, 07:00:15, 23.46, 45.31
2019-02-19, 07:00:16, 23.48, 45.31
2019-02-19, 07:00:18, 23.47, 45.28
2019-02-19, 07:00:19, 23.48, 45.31
2019-02-19, 07:00:20, 23.48, 45.31
2019-02-19, 07:00:22, 23.5, 45.32
2019-02-19, 07:00:23, 23.36, 45.3
2019-02-19, 07:00:24, 23.44, 45.31
2019-02-19, 07:00:26, 23.47, 45.38
2019-02-19, 07:00:27, 23.48, 45.35
2019-02-19, 07:00:29, 23.48, 45.31
2019-02-19, 07:00:30, 23.48, 45.35
2019-02-19, 07:00:31, 23.47, 45.31
2019-02-19, 07:00:33, 23.49, 45.31
2019-02-19, 07:00:34, 23.49, 45.31
2019-02-19, 07:00:35, 23.48, 45.31
2019-02-19, 07:00:37, 23.5, 45.32
2019-02-19, 07:00:38, 23.49, 45.31
2019-02-19, 07:00:39, 23.48, 45.31
2019-02-19, 07:00:41, 23.48, 45.31
2019-02-19, 07:00:42, 23.49, 45.31
2019-02-19, 07:00:43, 23.49, 45.28
2019-02-19, 07:00:45, 23.5, 45.28
2019-02-19, 07:00:46, 23.48, 45.28
2019-02-19, 07:00:48, 23.49, 45.28
2019-02-19, 07:00:49, 23.49, 45.28
2019-02-19, 07:00:50, 23.5, 45.28
2019-02-19, 07:00:52, 23.5, 45.28
2019-02-19, 07:00:53, 23.5, 45.28
2019-02-19, 07:00:54, 23.51, 45.28
2019-02-19, 07:00:56, 23.49, 45.28
2019-02-19, 07:00:57, 23.5, 45.25
2019-02-19, 07:00:58, 23.5, 45.25
2019-02-19, 07:01:00, 23.49, 45.25
2019-02-19, 07:01:01, 23.49, 45.25
2019-02-19, 07:01:02, 23.48, 45.25
2019-02-19, 07:01:04, 23.49, 45.25
2019-02-19, 07:01:05, 23.5, 45.25
2019-02-19, 07:01:07, 23.49, 45.25
2019-02-19, 07:01:08, 23.5, 45.25
2019-02-19, 07:01:09, 23.49, 45.25
2019-02-19, 07:01:11, 23.49, 45.25
2019-02-19, 07:01:12, 23.49, 45.25
2019-02-19, 07:01:13, 23.5, 45.25
2019-02-19, 07:01:15, 23.5, 45.25
2019-02-19, 07:01:16, 23.5, 45.25
2019-02-19, 07:01:17, 23.5, 45.25
2019-02-19, 07:01:19, 23.5, 45.25
2019-02-19, 07:01:20, 23.5, 45.25
2019-02-19, 07:01:21, 23.5, 45.25
2019-02-19, 07:01:23, 23.5, 45.25
2019-02-19, 07:01:24, 23.5, 45.25
2019-02-19, 07:01:26, 23.49, 45.25
2019-02-19, 07:01:27, 23.5, 45.25
2019-02-19, 07:01:28, 23.51, 45.25
2019-02-19, 07:01:30, 23.52, 45.25
2019-02-19, 07:01:31, 23.51, 45.25
2019-02-19, 07:01:32, 23.51, 45.25
2019-02-19, 07:01:34, 23.51, 45.22
2019-02-19, 07:01:35, 23.52, 45.25
2019-02-19, 07:01:36, 23.51, 45.25
2019-02-19, 07:01:38, 23.52, 45.22
2019-02-19, 07:01:39, 23.52, 45.25
2019-02-19, 07:01:40, 23.52, 45.25
2019-02-19, 07:01:42, 23.51, 45.25
2019-02-19, 07:01:43, 23.52, 45.22
2019-02-19, 07:01:45, 23.52, 45.22
2019-02-19, 07:01:46, 23.52, 45.25
2019-02-19, 07:01:47, 23.52, 45.25
2019-02-19, 07:01:49, 23.51, 45.25
2019-02-19, 07:01:50, 23.52, 45.25
2019-02-19, 07:01:51, 23.52, 45.25
2019-02-19, 07:01:53, 23.52, 45.25
2019-02-19, 07:01:54, 23.52, 45.25
2019-02-19, 07:01:55, 23.5, 45.25
2019-02-19, 07:01:57, 23.52, 45.25
2019-02-19, 07:01:58, 23.51, 45.25
2019-02-19, 07:01:59, 23.52, 45.25
2019-02-19, 07:02:01, 23.53, 45.26
2019-02-19, 07:02:02, 23.52, 45.25
2019-02-19, 07:02:04, 23.52, 45.25
2019-02-19, 07:02:05, 23.53, 45.26
2019-02-19, 07:02:06, 23.51, 45.25
2019-02-19, 07:02:08, 23.51, 45.25
2019-02-19, 07:02:09, 23.5, 45.25
2019-02-19, 07:02:10, 23.51, 45.25
2019-02-19, 07:02:12, 23.5, 45.25
2019-02-19, 07:02:13, 23.5, 45.25
2019-02-19, 07:02:14, 23.5, 45.25
2019-02-19, 07:02:16, 23.49, 45.25
2019-02-19, 07:02:17, 23.49, 45.25
2019-02-19, 07:02:18, 23.51, 45.25
2019-02-19, 07:02:20, 23.51, 45.25
2019-02-19, 07:02:21, 23.5, 45.25
2019-02-19, 07:02:22, 23.49, 45.25
2019-02-19, 07:02:24, 23.5, 45.25
2019-02-19, 07:02:25, 23.51, 45.25
2019-02-19, 07:02:27, 23.52, 45.25
2019-02-19, 07:02:28, 23.5, 45.25
2019-02-19, 07:02:29, 23.5, 45.25
2019-02-19, 07:02:31, 23.51, 45.25
2019-02-19, 07:02:32, 23.51, 45.25
2019-02-19, 07:02:33, 23.52, 45.25
2019-02-19, 07:02:35, 23.5, 45.25
2019-02-19, 07:02:36, 23.52, 45.25
2019-02-19, 07:02:37, 23.5, 45.22
2019-02-19, 07:02:39, 23.51, 45.22
2019-02-19, 07:02:40, 23.51, 45.22
2019-02-19, 07:02:41, 23.52, 45.22
2019-02-19, 07:02:43, 23.52, 45.25
2019-02-19, 07:02:44, 23.52, 45.22
2019-02-19, 07:02:46, 23.51, 45.22
2019-02-19, 07:02:47, 23.51, 45.25
2019-02-19, 07:02:48, 23.52, 45.25
2019-02-19, 07:02:50, 23.51, 45.22
2019-02-19, 07:02:51, 23.52, 45.22
2019-02-19, 07:02:52, 23.52, 45.25
2019-02-19, 07:02:54, 23.5, 45.25
2019-02-19, 07:02:55, 23.52, 45.22
2019-02-19, 07:02:56, 23.51, 45.25
2019-02-19, 07:02:58, 23.52, 45.22
2019-02-19, 07:02:59, 23.51, 45.22
2019-02-19, 07:03:00, 23.52, 45.22
2019-02-19, 07:03:02, 23.5, 45.22
2019-02-19, 07:03:03, 23.5, 45.22
2019-02-19, 07:03:04, 23.51, 45.22
2019-02-19, 07:03:06, 23.52, 45.22
2019-02-19, 07:03:07, 23.53, 45.22
2019-02-19, 07:03:09, 23.51, 45.22
2019-02-19, 07:03:10, 23.51, 45.19
2019-02-19, 07:03:11, 23.52, 45.19
2019-02-19, 07:03:13, 23.53, 45.19
2019-02-19, 07:03:14, 23.51, 45.19
2019-02-19, 07:03:15, 23.52, 45.19
2019-02-19, 07:03:17, 23.51, 45.22
2019-02-19, 07:03:18, 23.51, 45.19
2019-02-19, 07:03:19, 23.5, 45.19
2019-02-19, 07:03:21, 23.52, 45.19
2019-02-19, 07:03:22, 23.52, 45.19
2019-02-19, 07:03:23, 23.52, 45.19
2019-02-19, 07:03:25, 23.51, 45.19
2019-02-19, 07:03:26, 23.52, 45.19
2019-02-19, 07:03:27, 23.51, 45.19
2019-02-19, 07:03:29, 23.52, 45.19
2019-02-19, 07:03:30, 23.51, 45.19
2019-02-19, 07:03:32, 23.52, 45.19
2019-02-19, 07:03:33, 23.5, 45.19
2019-02-19, 07:03:34, 23.52, 45.19
2019-02-19, 07:03:36, 23.5, 45.19
2019-02-19, 07:03:37, 23.51, 45.19
2019-02-19, 07:03:38, 23.52, 45.19
2019-02-19, 07:03:40, 23.51, 45.19
2019-02-19, 07:03:41, 23.52, 45.19
2019-02-19, 07:03:42, 23.51, 45.19
2019-02-19, 07:03:44, 23.51, 45.19
2019-02-19, 07:03:45, 23.5, 45.19
2019-02-19, 07:03:46, 23.52, 45.22
2019-02-19, 07:03:48, 23.52, 45.22
2019-02-19, 07:03:49, 23.49, 45.19
2019-02-19, 07:03:50, 23.5, 45.22
2019-02-19, 07:03:52, 23.52, 45.19
2019-02-19, 07:03:53, 23.52, 45.19
2019-02-19, 07:03:55, 23.5, 45.19
2019-02-19, 07:03:56, 23.51, 45.19
2019-02-19, 07:03:57, 23.5, 45.19
2019-02-19, 07:03:59, 23.51, 45.19
2019-02-19, 07:04:00, 23.51, 45.19
2019-02-19, 07:04:01, 23.5, 45.19
2019-02-19, 07:04:03, 23.5, 45.22
2019-02-19, 07:04:04, 23.49, 45.19
2019-02-19, 07:04:05, 23.5, 45.22
2019-02-19, 07:04:07, 23.5, 45.19
2019-02-19, 07:04:08, 23.51, 45.19
2019-02-19, 07:04:09, 23.5, 45.22
2019-02-19, 07:04:11, 23.51, 45.22
2019-02-19, 07:04:12, 23.52, 45.22
2019-02-19, 07:04:14, 23.52, 45.22
2019-02-19, 07:04:15, 23.51, 45.22
2019-02-19, 07:04:16, 23.51, 45.19
2019-02-19, 07:04:18, 23.51, 45.22
2019-02-19, 07:04:19, 23.51, 45.22
2019-02-19, 07:04:20, 23.51, 45.19
2019-02-19, 07:04:22, 23.52, 45.22
2019-02-19, 07:04:23, 23.5, 45.22
2019-02-19, 07:04:24, 23.5, 45.22
2019-02-19, 07:04:26, 23.5, 45.22
2019-02-19, 07:04:27, 23.5, 45.22
2019-02-19, 07:04:28, 23.5, 45.22
2019-02-19, 07:04:30, 23.51, 45.22
2019-02-19, 07:04:31, 23.51, 45.22
2019-02-19, 07:04:33, 23.5, 45.22
2019-02-19, 07:04:34, 23.5, 45.22
2019-02-19, 07:04:35, 23.49, 45.25
2019-02-19, 07:04:37, 23.5, 45.22
2019-02-19, 07:04:38, 23.5, 45.22
2019-02-19, 07:04:39, 23.5, 45.22
2019-02-19, 07:04:41, 23.5, 45.22
2019-02-19, 07:04:42, 23.49, 45.22
2019-02-19, 07:04:43, 23.5, 45.25
2019-02-19, 07:04:45, 23.5, 45.25
2019-02-19, 07:04:46, 23.5, 45.22
2019-02-19, 07:04:47, 23.5, 45.25
2019-02-19, 07:04:49, 23.5, 45.25
2019-02-19, 07:04:50, 23.49, 45.25
2019-02-19, 07:04:52, 23.48, 45.25
2019-02-19, 07:04:53, 23.49, 45.25
2019-02-19, 07:04:54, 23.5, 45.22
2019-02-19, 07:04:56, 23.49, 45.25
2019-02-19, 07:04:57, 23.49, 45.25
2019-02-19, 07:04:58, 23.49, 45.22
2019-02-19, 07:05:00, 23.49, 45.25
2019-02-19, 07:05:01, 23.48, 45.22
2019-02-19, 07:05:02, 23.5, 45.22
2019-02-19, 07:05:04, 23.5, 45.25
2019-02-19, 07:05:05, 23.49, 45.22
2019-02-19, 07:05:06, 23.49, 45.25
2019-02-19, 07:05:08, 23.49, 45.25
2019-02-19, 07:05:09, 23.48, 45.22
2019-02-19, 07:05:10, 23.5, 45.25
2019-02-19, 07:05:12, 23.5, 45.25
2019-02-19, 07:05:13, 23.49, 45.25
2019-02-19, 07:05:15, 23.48, 45.25
2019-02-19, 07:05:16, 23.49, 45.22
2019-02-19, 07:05:17, 23.49, 45.25
2019-02-19, 07:05:19, 23.5, 45.25
2019-02-19, 07:05:20, 23.5, 45.25
2019-02-19, 07:05:21, 23.5, 45.25
2019-02-19, 07:05:23, 23.5, 45.25
2019-02-19, 07:05:24, 23.5, 45.25
2019-02-19, 07:05:25, 23.48, 45.25
2019-02-19, 07:05:27, 23.5, 45.25
2019-02-19, 07:05:28, 23.49, 45.25
2019-02-19, 07:05:29, 23.5, 45.25
2019-02-19, 07:05:31, 23.48, 45.25
2019-02-19, 07:05:32, 23.5, 45.22
2019-02-19, 07:05:34, 23.48, 45.25
2019-02-19, 07:05:35, 23.49, 45.22
2019-02-19, 07:05:36, 23.49, 45.22
2019-02-19, 07:05:38, 23.48, 45.22
2019-02-19, 07:05:39, 23.48, 45.25
2019-02-19, 07:05:40, 23.48, 45.25
2019-02-19, 07:05:42, 23.47, 45.25
2019-02-19, 07:05:43, 23.48, 45.25
2019-02-19, 07:05:44, 23.49, 45.25
2019-02-19, 07:05:46, 23.48, 45.22
2019-02-19, 07:05:47, 23.46, 45.21
2019-02-19, 07:05:48, 23.46, 45.25
2019-02-19, 07:05:50, 23.34, 45.23
2019-02-19, 07:05:51, 23.43, 45.28
2019-02-19, 07:05:52, 23.44, 45.31
2019-02-19, 07:05:54, 23.45, 45.28
2019-02-19, 07:05:55, 23.46, 45.28
2019-02-19, 07:05:57, 23.47, 45.31
2019-02-19, 07:05:58, 23.46, 45.28
2019-02-19, 07:05:59, 23.45, 45.28
2019-02-19, 07:06:01, 23.46, 45.25
2019-02-19, 07:06:02, 23.45, 45.25
2019-02-19, 07:06:03, 23.47, 45.25
2019-02-19, 07:06:05, 23.48, 45.25
2019-02-19, 07:06:06, 23.46, 45.25
2019-02-19, 07:06:07, 23.45, 45.28
2019-02-19, 07:06:09, 23.46, 45.25
2019-02-19, 07:06:10, 23.46, 45.25
2019-02-19, 07:06:11, 23.46, 45.28
2019-02-19, 07:06:13, 23.46, 45.25
2019-02-19, 07:06:14, 23.46, 45.28
2019-02-19, 07:06:15, 23.46, 45.28
2019-02-19, 07:06:17, 23.45, 45.28
2019-02-19, 07:06:18, 23.46, 45.28
2019-02-19, 07:06:20, 23.31, 45.29
2019-02-19, 07:06:21, 23.41, 45.37
2019-02-19, 07:06:22, 23.43, 45.37
2019-02-19, 07:06:24, 23.44, 45.37
2019-02-19, 07:06:25, 23.46, 45.38
2019-02-19, 07:06:26, 23.45, 45.37
2019-02-19, 07:06:28, 23.46, 45.34
2019-02-19, 07:06:29, 23.46, 45.34
2019-02-19, 07:06:30, 23.47, 45.34
2019-02-19, 07:06:32, 23.47, 45.34
2019-02-19, 07:06:33, 23.47, 45.34
2019-02-19, 07:06:34, 23.47, 45.31
2019-02-19, 07:06:36, 23.47, 45.31
2019-02-19, 07:06:37, 23.47, 45.31
2019-02-19, 07:06:38, 23.48, 45.31
2019-02-19, 07:06:40, 23.46, 45.31
2019-02-19, 07:06:41, 23.48, 45.31
2019-02-19, 07:06:43, 23.48, 45.31
2019-02-19, 07:06:44, 23.48, 45.31
2019-02-19, 07:06:45, 23.48, 45.35
2019-02-19, 07:06:47, 23.48, 45.31
2019-02-19, 07:06:48, 23.47, 45.31
2019-02-19, 07:06:49, 23.48, 45.31
2019-02-19, 07:06:51, 23.47, 45.31
2019-02-19, 07:06:52, 23.47, 45.31
2019-02-19, 07:06:53, 23.49, 45.31
2019-02-19, 07:06:55, 23.47, 45.31
2019-02-19, 07:06:56, 23.46, 45.31
2019-02-19, 07:06:57, 23.48, 45.31
2019-02-19, 07:06:59, 23.48, 45.31
2019-02-19, 07:07:00, 23.48, 45.31
2019-02-19, 07:07:02, 23.47, 45.31
2019-02-19, 07:07:03, 23.48, 45.31
2019-02-19, 07:07:04, 23.47, 45.31
2019-02-19, 07:07:06, 23.48, 45.31
2019-02-19, 07:07:07, 23.48, 45.28
2019-02-19, 07:07:08, 23.48, 45.28
2019-02-19, 07:07:10, 23.47, 45.28
2019-02-19, 07:07:11, 23.47, 45.28
2019-02-19, 07:07:12, 23.46, 45.25
2019-02-19, 07:07:14, 23.48, 45.28
2019-02-19, 07:07:15, 23.47, 45.31
2019-02-19, 07:07:16, 23.48, 45.28
2019-02-19, 07:07:18, 23.48, 45.31
2019-02-19, 07:07:19, 23.49, 45.28
2019-02-19, 07:07:20, 23.48, 45.28
2019-02-19, 07:07:22, 23.47, 45.31
2019-02-19, 07:07:23, 23.47, 45.28
2019-02-19, 07:07:25, 23.48, 45.28
2019-02-19, 07:07:26, 23.48, 45.28
2019-02-19, 07:07:27, 23.46, 45.28
2019-02-19, 07:07:29, 23.48, 45.28
2019-02-19, 07:07:30, 23.48, 45.31
2019-02-19, 07:07:31, 23.48, 45.28
2019-02-19, 07:07:33, 23.48, 45.31
2019-02-19, 07:07:34, 23.46, 45.31
2019-02-19, 07:07:35, 23.47, 45.31
2019-02-19, 07:07:37, 23.47, 45.28
2019-02-19, 07:07:38, 23.46, 45.31
2019-02-19, 07:07:39, 23.47, 45.31
2019-02-19, 07:07:41, 23.46, 45.31
2019-02-19, 07:07:42, 23.46, 45.31
2019-02-19, 07:07:44, 23.47, 45.31
2019-02-19, 07:07:45, 23.46, 45.31
2019-02-19, 07:07:46, 23.47, 45.31
2019-02-19, 07:07:48, 23.46, 45.31
2019-02-19, 07:07:49, 23.48, 45.31
2019-02-19, 07:07:50, 23.44, 45.31
2019-02-19, 07:07:52, 23.46, 45.31
2019-02-19, 07:07:53, 23.45, 45.31
2019-02-19, 07:07:54, 23.46, 45.31
2019-02-19, 07:07:56, 23.44, 45.34
2019-02-19, 07:07:57, 23.44, 45.31
2019-02-19, 07:07:58, 23.44, 45.31
2019-02-19, 07:08:00, 23.44, 45.31
2019-02-19, 07:08:01, 23.45, 45.31
2019-02-19, 07:08:03, 23.46, 45.31
2019-02-19, 07:08:04, 23.45, 45.34
2019-02-19, 07:08:05, 23.44, 45.31
2019-02-19, 07:08:07, 23.45, 45.34
2019-02-19, 07:08:08, 23.46, 45.34
2019-02-19, 07:08:09, 23.46, 45.34
2019-02-19, 07:08:11, 23.46, 45.34
2019-02-19, 07:08:12, 23.44, 45.34
2019-02-19, 07:08:13, 23.45, 45.31
2019-02-19, 07:08:15, 23.45, 45.34
2019-02-19, 07:08:16, 23.44, 45.34
2019-02-19, 07:08:17, 23.42, 45.31
2019-02-19, 07:08:19, 23.44, 45.31
2019-02-19, 07:08:20, 23.46, 45.31
2019-02-19, 07:08:22, 23.44, 45.31
2019-02-19, 07:08:23, 23.44, 45.31
2019-02-19, 07:08:24, 23.46, 45.31
2019-02-19, 07:08:26, 23.45, 45.31
2019-02-19, 07:08:27, 23.45, 45.31
2019-02-19, 07:08:28, 23.44, 45.31
2019-02-19, 07:08:30, 23.46, 45.31
2019-02-19, 07:08:31, 23.45, 45.31
2019-02-19, 07:08:32, 23.46, 45.31
2019-02-19, 07:08:34, 23.46, 45.34
2019-02-19, 07:08:35, 23.45, 45.31
2019-02-19, 07:08:36, 23.46, 45.31
2019-02-19, 07:08:38, 23.45, 45.31
2019-02-19, 07:08:39, 23.45, 45.31
2019-02-19, 07:08:40, 23.45, 45.31
2019-02-19, 07:08:42, 23.46, 45.31
2019-02-19, 07:08:43, 23.44, 45.31
2019-02-19, 07:08:45, 23.44, 45.31
2019-02-19, 07:08:46, 23.44, 45.31
2019-02-19, 07:08:47, 23.36, 45.33
2019-02-19, 07:08:49, 23.42, 45.34
2019-02-19, 07:08:50, 23.43, 45.37
2019-02-19, 07:08:51, 23.44, 45.37
2019-02-19, 07:08:53, 23.44, 45.37
2019-02-19, 07:08:54, 23.44, 45.37
2019-02-19, 07:08:55, 23.44, 45.37
2019-02-19, 07:08:57, 23.45, 45.37
2019-02-19, 07:08:58, 23.43, 45.37
2019-02-19, 07:08:59, 23.43, 45.37
2019-02-19, 07:09:01, 23.45, 45.37
2019-02-19, 07:09:02, 23.44, 45.37
2019-02-19, 07:09:03, 23.44, 45.34
2019-02-19, 07:09:05, 23.44, 45.34
2019-02-19, 07:09:06, 23.43, 45.34
2019-02-19, 07:09:08, 23.45, 45.34
2019-02-19, 07:09:09, 23.44, 45.34
2019-02-19, 07:09:10, 23.45, 45.34
2019-02-19, 07:09:12, 23.45, 45.37
2019-02-19, 07:09:13, 23.46, 45.38
2019-02-19, 07:09:14, 23.44, 45.37
2019-02-19, 07:09:16, 23.44, 45.37
2019-02-19, 07:09:17, 23.45, 45.37
2019-02-19, 07:09:18, 23.47, 45.38
2019-02-19, 07:09:20, 23.45, 45.37
2019-02-19, 07:09:21, 23.46, 45.38
2019-02-19, 07:09:22, 23.46, 45.34
2019-02-19, 07:09:24, 23.45, 45.34
2019-02-19, 07:09:25, 23.46, 45.34
2019-02-19, 07:09:26, 23.44, 45.37
2019-02-19, 07:09:28, 23.45, 45.37
2019-02-19, 07:09:29, 23.44, 45.37
2019-02-19, 07:09:31, 23.45, 45.37
2019-02-19, 07:09:32, 23.46, 45.38
2019-02-19, 07:09:33, 23.44, 45.37
2019-02-19, 07:09:35, 23.46, 45.38
2019-02-19, 07:09:36, 23.44, 45.37
2019-02-19, 07:09:37, 23.44, 45.37
2019-02-19, 07:09:39, 23.44, 45.37
2019-02-19, 07:09:40, 23.45, 45.37
2019-02-19, 07:09:41, 23.46, 45.38
2019-02-19, 07:09:43, 23.44, 45.37
2019-02-19, 07:09:44, 23.44, 45.37
2019-02-19, 07:09:45, 23.44, 45.37
2019-02-19, 07:09:47, 23.34, 45.36
2019-02-19, 07:09:48, 23.42, 45.43
2019-02-19, 07:09:49, 23.43, 45.44
2019-02-19, 07:09:51, 23.44, 45.41
2019-02-19, 07:09:52, 23.43, 45.37
2019-02-19, 07:09:54, 23.44, 45.41
2019-02-19, 07:09:55, 23.43, 45.37
2019-02-19, 07:09:56, 23.44, 45.41
2019-02-19, 07:09:58, 23.43, 45.37
2019-02-19, 07:09:59, 23.44, 45.37
2019-02-19, 07:10:00, 23.44, 45.37
2019-02-19, 07:10:02, 23.43, 45.4
2019-02-19, 07:10:03, 23.44, 45.41
2019-02-19, 07:10:04, 23.45, 45.41
2019-02-19, 07:10:06, 23.44, 45.41
2019-02-19, 07:10:07, 23.42, 45.4
2019-02-19, 07:10:08, 23.43, 45.4
2019-02-19, 07:10:10, 23.42, 45.4
2019-02-19, 07:10:11, 23.42, 45.37
2019-02-19, 07:10:13, 23.44, 45.37
2019-02-19, 07:10:14, 23.43, 45.37
2019-02-19, 07:10:15, 23.44, 45.37
2019-02-19, 07:10:17, 23.32, 45.42
2019-02-19, 07:10:18, 23.41, 45.43
2019-02-19, 07:10:19, 23.41, 45.47
2019-02-19, 07:10:21, 23.41, 45.43
2019-02-19, 07:10:22, 23.42, 45.43
2019-02-19, 07:10:23, 23.42, 45.43
2019-02-19, 07:10:25, 23.43, 45.44
2019-02-19, 07:10:26, 23.43, 45.44
2019-02-19, 07:10:27, 23.42, 45.43
2019-02-19, 07:10:29, 23.43, 45.44
2019-02-19, 07:10:30, 23.43, 45.44
2019-02-19, 07:10:32, 23.42, 45.43
2019-02-19, 07:10:33, 23.43, 45.44
2019-02-19, 07:10:34, 23.43, 45.44
2019-02-19, 07:10:36, 23.43, 45.44
2019-02-19, 07:10:37, 23.42, 45.43
2019-02-19, 07:10:38, 23.43, 45.44
2019-02-19, 07:10:40, 23.43, 45.44
2019-02-19, 07:10:41, 23.42, 45.43
2019-02-19, 07:10:42, 23.42, 45.43
2019-02-19, 07:10:44, 23.42, 45.4
2019-02-19, 07:10:45, 23.42, 45.43
2019-02-19, 07:10:46, 23.27, 45.42
2019-02-19, 07:10:48, 23.38, 45.46
2019-02-19, 07:10:49, 23.39, 45.5
2019-02-19, 07:10:51, 23.41, 45.5
2019-02-19, 07:10:52, 23.4, 45.5
2019-02-19, 07:10:53, 23.41, 45.5
2019-02-19, 07:10:55, 23.41, 45.5
2019-02-19, 07:10:56, 23.4, 45.46
2019-02-19, 07:10:57, 23.4, 45.46
2019-02-19, 07:10:59, 23.4, 45.46
2019-02-19, 07:11:00, 23.41, 45.47
2019-02-19, 07:11:01, 23.41, 45.43
2019-02-19, 07:11:03, 23.4, 45.43
2019-02-19, 07:11:04, 23.4, 45.43
2019-02-19, 07:11:06, 23.42, 45.43
2019-02-19, 07:11:07, 23.42, 45.43
2019-02-19, 07:11:08, 23.42, 45.43
2019-02-19, 07:11:10, 23.41, 45.43
2019-02-19, 07:11:11, 23.41, 45.43
2019-02-19, 07:11:12, 23.4, 45.4
2019-02-19, 07:11:14, 23.4, 45.43
2019-02-19, 07:11:15, 23.4, 45.43
2019-02-19, 07:11:16, 23.4, 45.4
2019-02-19, 07:11:18, 23.4, 45.4
2019-02-19, 07:11:19, 23.4, 45.43
2019-02-19, 07:11:20, 23.4, 45.43
2019-02-19, 07:11:22, 23.42, 45.4
2019-02-19, 07:11:23, 23.41, 45.4
2019-02-19, 07:11:25, 23.42, 45.4
2019-02-19, 07:11:26, 23.41, 45.43
2019-02-19, 07:11:27, 23.43, 45.44
2019-02-19, 07:11:29, 23.41, 45.43
2019-02-19, 07:11:30, 23.42, 45.43
2019-02-19, 07:11:31, 23.42, 45.43
2019-02-19, 07:11:33, 23.42, 45.43
2019-02-19, 07:11:34, 23.42, 45.43
2019-02-19, 07:11:35, 23.42, 45.43
2019-02-19, 07:11:37, 23.41, 45.47
2019-02-19, 07:11:38, 23.4, 45.43
2019-02-19, 07:11:39, 23.41, 45.43
2019-02-19, 07:11:41, 23.41, 45.43
2019-02-19, 07:11:42, 23.41, 45.43
2019-02-19, 07:11:44, 23.41, 45.43
2019-02-19, 07:11:45, 23.41, 45.43
2019-02-19, 07:11:46, 23.41, 45.43
2019-02-19, 07:11:48, 23.4, 45.43
2019-02-19, 07:11:49, 23.41, 45.43
2019-02-19, 07:11:50, 23.4, 45.43
2019-02-19, 07:11:52, 23.4, 45.43
2019-02-19, 07:11:53, 23.4, 45.43
2019-02-19, 07:11:54, 23.42, 45.43
2019-02-19, 07:11:56, 23.41, 45.43
2019-02-19, 07:11:57, 23.42, 45.43
2019-02-19, 07:11:58, 23.4, 45.43
2019-02-19, 07:12:00, 23.41, 45.43
2019-02-19, 07:12:01, 23.41, 45.43
2019-02-19, 07:12:02, 23.4, 45.43
2019-02-19, 07:12:04, 23.4, 45.43
2019-02-19, 07:12:05, 23.41, 45.43
2019-02-19, 07:12:07, 23.4, 45.43
2019-02-19, 07:12:08, 23.41, 45.43
2019-02-19, 07:12:09, 23.41, 45.43
2019-02-19, 07:12:11, 23.41, 45.43
2019-02-19, 07:12:12, 23.42, 45.43
2019-02-19, 07:12:13, 23.42, 45.43
2019-02-19, 07:12:15, 23.42, 45.43
2019-02-19, 07:12:16, 23.41, 45.47
2019-02-19, 07:12:17, 23.4, 45.43
2019-02-19, 07:12:19, 23.41, 45.43
2019-02-19, 07:12:20, 23.41, 45.43
2019-02-19, 07:12:21, 23.42, 45.43
2019-02-19, 07:12:23, 23.42, 45.43
2019-02-19, 07:12:24, 23.41, 45.43
2019-02-19, 07:12:25, 23.42, 45.43
2019-02-19, 07:12:27, 23.41, 45.43
2019-02-19, 07:12:28, 23.42, 45.43
2019-02-19, 07:12:30, 23.42, 45.43
2019-02-19, 07:12:31, 23.41, 45.43
2019-02-19, 07:12:32, 23.42, 45.4
2019-02-19, 07:12:34, 23.4, 45.4
2019-02-19, 07:12:35, 23.4, 45.4
2019-02-19, 07:12:36, 23.41, 45.4
2019-02-19, 07:12:38, 23.4, 45.4
2019-02-19, 07:12:39, 23.39, 45.4
2019-02-19, 07:12:40, 23.41, 45.4
2019-02-19, 07:12:42, 23.4, 45.4
2019-02-19, 07:12:43, 23.41, 45.43
2019-02-19, 07:12:44, 23.38, 45.43
2019-02-19, 07:12:46, 23.4, 45.43
2019-02-19, 07:12:47, 23.41, 45.43
2019-02-19, 07:12:48, 23.41, 45.43
2019-02-19, 07:12:50, 23.32, 45.45
2019-02-19, 07:12:51, 23.39, 45.5
2019-02-19, 07:12:53, 23.4, 45.5
2019-02-19, 07:12:54, 23.4, 45.46
2019-02-19, 07:12:55, 23.4, 45.46
2019-02-19, 07:12:57, 23.4, 45.43
2019-02-19, 07:12:58, 23.4, 45.46
2019-02-19, 07:12:59, 23.41, 45.43
2019-02-19, 07:13:01, 23.4, 45.43
2019-02-19, 07:13:02, 23.41, 45.43
2019-02-19, 07:13:03, 23.41, 45.47
2019-02-19, 07:13:05, 23.4, 45.43
2019-02-19, 07:13:06, 23.4, 45.43
2019-02-19, 07:13:07, 23.4, 45.43
2019-02-19, 07:13:09, 23.41, 45.43
2019-02-19, 07:13:10, 23.41, 45.43
2019-02-19, 07:13:11, 23.41, 45.43
2019-02-19, 07:13:13, 23.4, 45.43
2019-02-19, 07:13:14, 23.34, 45.43
2019-02-19, 07:13:16, 23.4, 45.46
2019-02-19, 07:13:17, 23.39, 45.46
2019-02-19, 07:13:18, 23.39, 45.43
2019-02-19, 07:13:20, 23.41, 45.47
2019-02-19, 07:13:21, 23.4, 45.46
2019-02-19, 07:13:22, 23.41, 45.47
2019-02-19, 07:13:24, 23.41, 45.47
2019-02-19, 07:13:25, 23.4, 45.43
2019-02-19, 07:13:26, 23.41, 45.43
2019-02-19, 07:13:28, 23.41, 45.43
2019-02-19, 07:13:29, 23.42, 45.43
2019-02-19, 07:13:30, 23.41, 45.43
2019-02-19, 07:13:32, 23.41, 45.43
2019-02-19, 07:13:33, 23.41, 45.43
2019-02-19, 07:13:35, 23.4, 45.43
2019-02-19, 07:13:36, 23.4, 45.43
2019-02-19, 07:13:37, 23.39, 45.43
2019-02-19, 07:13:39, 23.41, 45.43
2019-02-19, 07:13:40, 23.4, 45.43
2019-02-19, 07:13:41, 23.41, 45.43
2019-02-19, 07:13:43, 23.4, 45.43
2019-02-19, 07:13:44, 23.41, 45.43
2019-02-19, 07:13:45, 23.4, 45.43
2019-02-19, 07:13:47, 23.42, 45.43
2019-02-19, 07:13:48, 23.41, 45.43
2019-02-19, 07:13:49, 23.41, 45.43
2019-02-19, 07:13:51, 23.41, 45.43
2019-02-19, 07:13:52, 23.42, 45.43
2019-02-19, 07:13:53, 23.43, 45.44
2019-02-19, 07:13:55, 23.42, 45.43
2019-02-19, 07:13:56, 23.41, 45.43
2019-02-19, 07:13:58, 23.41, 45.43
2019-02-19, 07:13:59, 23.43, 45.44
2019-02-19, 07:14:00, 23.42, 45.43
2019-02-19, 07:14:02, 23.42, 45.43
2019-02-19, 07:14:03, 23.42, 45.43
2019-02-19, 07:14:04, 23.42, 45.43
2019-02-19, 07:14:06, 23.42, 45.43
2019-02-19, 07:14:07, 23.42, 45.47
2019-02-19, 07:14:08, 23.42, 45.43
2019-02-19, 07:14:10, 23.41, 45.43
2019-02-19, 07:14:11, 23.42, 45.43
2019-02-19, 07:14:12, 23.42, 45.47
2019-02-19, 07:14:14, 23.42, 45.43
2019-02-19, 07:14:15, 23.42, 45.43
2019-02-19, 07:14:16, 23.42, 45.43
2019-02-19, 07:14:18, 23.41, 45.43
2019-02-19, 07:14:19, 23.39, 45.43
2019-02-19, 07:14:21, 23.4, 45.43
2019-02-19, 07:14:22, 23.4, 45.43
2019-02-19, 07:14:23, 23.39, 45.43
2019-02-19, 07:14:25, 23.39, 45.43
2019-02-19, 07:14:26, 23.38, 45.43
2019-02-19, 07:14:27, 23.38, 45.43
2019-02-19, 07:14:29, 23.4, 45.43
2019-02-19, 07:14:30, 23.4, 45.43
2019-02-19, 07:14:31, 23.41, 45.47
2019-02-19, 07:14:33, 23.4, 45.43
2019-02-19, 07:14:34, 23.4, 45.43
2019-02-19, 07:14:35, 23.41, 45.43
2019-02-19, 07:14:37, 23.4, 45.43
2019-02-19, 07:14:38, 23.41, 45.43
2019-02-19, 07:14:39, 23.4, 45.43
2019-02-19, 07:14:41, 23.41, 45.47
2019-02-19, 07:14:42, 23.41, 45.43
2019-02-19, 07:14:44, 23.41, 45.43
2019-02-19, 07:14:45, 23.42, 45.43
2019-02-19, 07:14:46, 23.41, 45.47
2019-02-19, 07:14:48, 23.41, 45.43
2019-02-19, 07:14:49, 23.42, 45.43
2019-02-19, 07:14:50, 23.41, 45.43
2019-02-19, 07:14:52, 23.42, 45.43
2019-02-19, 07:14:53, 23.42, 45.43
2019-02-19, 07:14:54, 23.42, 45.43
2019-02-19, 07:14:56, 23.4, 45.43
2019-02-19, 07:14:57, 23.41, 45.43
2019-02-19, 07:14:58, 23.42, 45.43
2019-02-19, 07:15:00, 23.42, 45.43
2019-02-19, 07:15:01, 23.41, 45.43
2019-02-19, 07:15:02, 23.42, 45.43
2019-02-19, 07:15:04, 23.42, 45.43
2019-02-19, 07:15:05, 23.4, 45.43
2019-02-19, 07:15:07, 23.41, 45.43
2019-02-19, 07:15:08, 23.41, 45.43
2019-02-19, 07:15:09, 23.42, 45.43
2019-02-19, 07:15:11, 23.41, 45.43
2019-02-19, 07:15:12, 23.42, 45.43
2019-02-19, 07:15:13, 23.28, 45.42
2019-02-19, 07:15:15, 23.37, 45.49
2019-02-19, 07:15:16, 23.39, 45.5
2019-02-19, 07:15:17, 23.39, 45.5
2019-02-19, 07:15:19, 23.4, 45.46
2019-02-19, 07:15:20, 23.41, 45.5
2019-02-19, 07:15:21, 23.41, 45.47
2019-02-19, 07:15:23, 23.41, 45.5
2019-02-19, 07:15:24, 23.41, 45.47
2019-02-19, 07:15:26, 23.41, 45.43
2019-02-19, 07:15:27, 23.4, 45.43
2019-02-19, 07:15:28, 23.41, 45.43
2019-02-19, 07:15:30, 23.42, 45.43
2019-02-19, 07:15:31, 23.41, 45.43
2019-02-19, 07:15:32, 23.41, 45.43
2019-02-19, 07:15:34, 23.41, 45.43
2019-02-19, 07:15:35, 23.41, 45.43
2019-02-19, 07:15:36, 23.42, 45.43
2019-02-19, 07:15:38, 23.41, 45.43
2019-02-19, 07:15:39, 23.41, 45.43
2019-02-19, 07:15:40, 23.42, 45.4
2019-02-19, 07:15:42, 23.42, 45.4
2019-02-19, 07:15:43, 23.27, 45.42
2019-02-19, 07:15:44, 23.38, 45.49
2019-02-19, 07:15:46, 23.38, 45.49
2019-02-19, 07:15:47, 23.39, 45.46
2019-02-19, 07:15:49, 23.4, 45.46
2019-02-19, 07:15:50, 23.41, 45.43
2019-02-19, 07:15:51, 23.41, 45.43
2019-02-19, 07:15:53, 23.42, 45.43
2019-02-19, 07:15:54, 23.41, 45.43
2019-02-19, 07:15:55, 23.42, 45.43
2019-02-19, 07:15:57, 23.42, 45.43
2019-02-19, 07:15:58, 23.42, 45.43
2019-02-19, 07:15:59, 23.4, 45.43
2019-02-19, 07:16:01, 23.4, 45.43
2019-02-19, 07:16:02, 23.4, 45.43
2019-02-19, 07:16:03, 23.41, 45.43
2019-02-19, 07:16:05, 23.41, 45.4
2019-02-19, 07:16:06, 23.4, 45.4
2019-02-19, 07:16:07, 23.4, 45.4
2019-02-19, 07:16:09, 23.38, 45.4
2019-02-19, 07:16:10, 23.38, 45.4
2019-02-19, 07:16:12, 23.38, 45.43
2019-02-19, 07:16:13, 23.4, 45.4
2019-02-19, 07:16:14, 23.4, 45.4
2019-02-19, 07:16:16, 23.4, 45.4
2019-02-19, 07:16:17, 23.39, 45.4
2019-02-19, 07:16:18, 23.41, 45.4
2019-02-19, 07:16:20, 23.4, 45.37
2019-02-19, 07:16:21, 23.41, 45.4
2019-02-19, 07:16:22, 23.41, 45.4
2019-02-19, 07:16:24, 23.42, 45.4
2019-02-19, 07:16:25, 23.4, 45.37
2019-02-19, 07:16:26, 23.4, 45.37
2019-02-19, 07:16:28, 23.4, 45.37
2019-02-19, 07:16:29, 23.42, 45.4
2019-02-19, 07:16:30, 23.4, 45.4
2019-02-19, 07:16:32, 23.42, 45.37
2019-02-19, 07:16:33, 23.41, 45.37
2019-02-19, 07:16:35, 23.42, 45.4
2019-02-19, 07:16:36, 23.4, 45.37
2019-02-19, 07:16:37, 23.39, 45.37
2019-02-19, 07:16:39, 23.39, 45.37
2019-02-19, 07:16:40, 23.39, 45.37
2019-02-19, 07:16:41, 23.39, 45.37
2019-02-19, 07:16:43, 23.39, 45.37
2019-02-19, 07:16:44, 23.39, 45.37
2019-02-19, 07:16:45, 23.39, 45.4
2019-02-19, 07:16:47, 23.4, 45.4
2019-02-19, 07:16:48, 23.4, 45.37
2019-02-19, 07:16:49, 23.4, 45.37
2019-02-19, 07:16:51, 23.41, 45.4
2019-02-19, 07:16:52, 23.4, 45.37
2019-02-19, 07:16:53, 23.41, 45.4
2019-02-19, 07:16:55, 23.41, 45.4
2019-02-19, 07:16:56, 23.42, 45.37
2019-02-19, 07:16:58, 23.41, 45.37
2019-02-19, 07:16:59, 23.41, 45.37
2019-02-19, 07:17:00, 23.41, 45.4
2019-02-19, 07:17:02, 23.41, 45.37
2019-02-19, 07:17:03, 23.41, 45.37
2019-02-19, 07:17:04, 23.43, 45.37
2019-02-19, 07:17:06, 23.42, 45.37
2019-02-19, 07:17:07, 23.41, 45.37
2019-02-19, 07:17:08, 23.41, 45.37
2019-02-19, 07:17:10, 23.42, 45.4
2019-02-19, 07:17:11, 23.42, 45.37
2019-02-19, 07:17:12, 23.42, 45.37
2019-02-19, 07:17:14, 23.4, 45.37
2019-02-19, 07:17:15, 23.41, 45.37
2019-02-19, 07:17:17, 23.4, 45.37
2019-02-19, 07:17:18, 23.4, 45.37
2019-02-19, 07:17:19, 23.42, 45.37
2019-02-19, 07:17:21, 23.41, 45.37
2019-02-19, 07:17:22, 23.41, 45.4
2019-02-19, 07:17:23, 23.42, 45.4
2019-02-19, 07:17:25, 23.42, 45.43
2019-02-19, 07:17:26, 23.42, 45.4
2019-02-19, 07:17:27, 23.42, 45.43
2019-02-19, 07:17:29, 23.43, 45.37
2019-02-19, 07:17:30, 23.42, 45.37
2019-02-19, 07:17:31, 23.42, 45.37
2019-02-19, 07:17:33, 23.42, 45.37
2019-02-19, 07:17:34, 23.43, 45.37
2019-02-19, 07:17:35, 23.42, 45.37
2019-02-19, 07:17:37, 23.42, 45.37
2019-02-19, 07:17:38, 23.43, 45.4
2019-02-19, 07:17:40, 23.41, 45.37
2019-02-19, 07:17:41, 23.43, 45.37
2019-02-19, 07:17:42, 23.43, 45.37
2019-02-19, 07:17:44, 23.42, 45.37
2019-02-19, 07:17:45, 23.42, 45.37
2019-02-19, 07:17:46, 23.4, 45.37
2019-02-19, 07:17:48, 23.41, 45.37
2019-02-19, 07:17:49, 23.42, 45.37
2019-02-19, 07:17:50, 23.42, 45.4
2019-02-19, 07:17:52, 23.43, 45.37
2019-02-19, 07:17:53, 23.42, 45.4
2019-02-19, 07:17:54, 23.43, 45.4
2019-02-19, 07:17:56, 23.41, 45.37
2019-02-19, 07:17:57, 23.41, 45.4
2019-02-19, 07:17:58, 23.42, 45.37
2019-02-19, 07:18:00, 23.43, 45.37
2019-02-19, 07:18:01, 23.43, 45.37
2019-02-19, 07:18:03, 23.43, 45.37
2019-02-19, 07:18:04, 23.42, 45.37
2019-02-19, 07:18:05, 23.41, 45.37
2019-02-19, 07:18:07, 23.42, 45.37
2019-02-19, 07:18:08, 23.42, 45.37
2019-02-19, 07:18:09, 23.42, 45.37
2019-02-19, 07:18:11, 23.44, 45.37
2019-02-19, 07:18:12, 23.43, 45.37
2019-02-19, 07:18:13, 23.43, 45.37
2019-02-19, 07:18:15, 23.42, 45.37
2019-02-19, 07:18:16, 23.44, 45.37
2019-02-19, 07:18:17, 23.44, 45.37
2019-02-19, 07:18:19, 23.43, 45.34
2019-02-19, 07:18:20, 23.44, 45.34
2019-02-19, 07:18:21, 23.42, 45.37
2019-02-19, 07:18:23, 23.41, 45.37
2019-02-19, 07:18:24, 23.42, 45.37
2019-02-19, 07:18:26, 23.42, 45.37
2019-02-19, 07:18:27, 23.41, 45.37
2019-02-19, 07:18:28, 23.42, 45.37
2019-02-19, 07:18:30, 23.42, 45.37
2019-02-19, 07:18:31, 23.42, 45.37
2019-02-19, 07:18:32, 23.43, 45.37
2019-02-19, 07:18:34, 23.42, 45.37
2019-02-19, 07:18:35, 23.41, 45.37
2019-02-19, 07:18:36, 23.42, 45.37
2019-02-19, 07:18:38, 23.42, 45.37
2019-02-19, 07:18:39, 23.42, 45.37
2019-02-19, 07:18:40, 23.38, 45.37
2019-02-19, 07:18:42, 23.41, 45.4
2019-02-19, 07:18:43, 23.41, 45.37
2019-02-19, 07:18:44, 23.42, 45.37
2019-02-19, 07:18:46, 23.41, 45.4
2019-02-19, 07:18:47, 23.42, 45.4
2019-02-19, 07:18:49, 23.4, 45.4
2019-02-19, 07:18:50, 23.43, 45.4
2019-02-19, 07:18:51, 23.42, 45.37
2019-02-19, 07:18:53, 23.42, 45.37
2019-02-19, 07:18:54, 23.43, 45.37
2019-02-19, 07:18:55, 23.42, 45.37
2019-02-19, 07:18:57, 23.43, 45.37
2019-02-19, 07:18:58, 23.42, 45.37
2019-02-19, 07:18:59, 23.42, 45.37
2019-02-19, 07:19:01, 23.42, 45.37
2019-02-19, 07:19:02, 23.42, 45.37
2019-02-19, 07:19:03, 23.42, 45.37
2019-02-19, 07:19:05, 23.42, 45.37
2019-02-19, 07:19:06, 23.42, 45.37
2019-02-19, 07:19:08, 23.41, 45.37
2019-02-19, 07:19:09, 23.42, 45.37
2019-02-19, 07:19:10, 23.44, 45.37
2019-02-19, 07:19:12, 23.43, 45.37
2019-02-19, 07:19:13, 23.44, 45.37
2019-02-19, 07:19:14, 23.43, 45.37
2019-02-19, 07:19:16, 23.42, 45.37
2019-02-19, 07:19:17, 23.43, 45.37
2019-02-19, 07:19:18, 23.43, 45.37
2019-02-19, 07:19:20, 23.43, 45.37
2019-02-19, 07:19:21, 23.44, 45.37
2019-02-19, 07:19:22, 23.42, 45.37
2019-02-19, 07:19:24, 23.42, 45.37
2019-02-19, 07:19:25, 23.42, 45.37
2019-02-19, 07:19:27, 23.42, 45.37
2019-02-19, 07:19:28, 23.43, 45.37
2019-02-19, 07:19:29, 23.44, 45.37
2019-02-19, 07:19:31, 23.44, 45.37
2019-02-19, 07:19:32, 23.42, 45.37
2019-02-19, 07:19:33, 23.43, 45.37
2019-02-19, 07:19:35, 23.42, 45.37
2019-02-19, 07:19:36, 23.44, 45.37
2019-02-19, 07:19:37, 23.43, 45.37
2019-02-19, 07:19:39, 23.42, 45.37
2019-02-19, 07:19:40, 23.43, 45.37
2019-02-19, 07:19:41, 23.43, 45.37
2019-02-19, 07:19:43, 23.44, 45.34
2019-02-19, 07:19:44, 23.44, 45.37
2019-02-19, 07:19:45, 23.43, 45.37
2019-02-19, 07:19:47, 23.45, 45.37
2019-02-19, 07:19:48, 23.44, 45.37
2019-02-19, 07:19:50, 23.44, 45.37
2019-02-19, 07:19:51, 23.44, 45.34
2019-02-19, 07:19:52, 23.44, 45.34
2019-02-19, 07:19:54, 23.44, 45.34
2019-02-19, 07:19:55, 23.43, 45.34
2019-02-19, 07:19:56, 23.43, 45.31
2019-02-19, 07:19:58, 23.44, 45.34
2019-02-19, 07:19:59, 23.42, 45.34
2019-02-19, 07:20:00, 23.44, 45.34
2019-02-19, 07:20:02, 23.43, 45.34
2019-02-19, 07:20:03, 23.44, 45.34
2019-02-19, 07:20:04, 23.44, 45.34
2019-02-19, 07:20:06, 23.44, 45.37
2019-02-19, 07:20:07, 23.44, 45.34
2019-02-19, 07:20:09, 23.43, 45.37
2019-02-19, 07:20:10, 23.32, 45.36
2019-02-19, 07:20:11, 23.4, 45.4
2019-02-19, 07:20:13, 23.41, 45.43
2019-02-19, 07:20:14, 23.42, 45.4
2019-02-19, 07:20:15, 23.42, 45.4
2019-02-19, 07:20:17, 23.43, 45.4
2019-02-19, 07:20:18, 23.44, 45.37
2019-02-19, 07:20:19, 23.44, 45.37
2019-02-19, 07:20:21, 23.43, 45.37
2019-02-19, 07:20:22, 23.43, 45.37
2019-02-19, 07:20:23, 23.41, 45.37
2019-02-19, 07:20:25, 23.42, 45.37
2019-02-19, 07:20:26, 23.41, 45.37
2019-02-19, 07:20:27, 23.42, 45.37
2019-02-19, 07:20:29, 23.43, 45.34
2019-02-19, 07:20:30, 23.43, 45.37
2019-02-19, 07:20:32, 23.44, 45.37
2019-02-19, 07:20:33, 23.43, 45.37
2019-02-19, 07:20:34, 23.44, 45.37
2019-02-19, 07:20:36, 23.43, 45.34
2019-02-19, 07:20:37, 23.44, 45.34
2019-02-19, 07:20:38, 23.43, 45.34
2019-02-19, 07:20:40, 23.44, 45.34
2019-02-19, 07:20:41, 23.44, 45.31
2019-02-19, 07:20:42, 23.44, 45.34
2019-02-19, 07:20:44, 23.44, 45.31
2019-02-19, 07:20:45, 23.28, 45.35
2019-02-19, 07:20:46, 23.39, 45.43
2019-02-19, 07:20:48, 23.4, 45.43
2019-02-19, 07:20:49, 23.41, 45.43
2019-02-19, 07:20:50, 23.42, 45.43
2019-02-19, 07:20:52, 23.43, 45.44
2019-02-19, 07:20:53, 23.42, 45.37
2019-02-19, 07:20:55, 23.42, 45.37
2019-02-19, 07:20:56, 23.42, 45.37
2019-02-19, 07:20:57, 23.44, 45.37
2019-02-19, 07:20:59, 23.43, 45.37
2019-02-19, 07:21:00, 23.43, 45.37
2019-02-19, 07:21:01, 23.44, 45.37
2019-02-19, 07:21:03, 23.44, 45.37
2019-02-19, 07:21:04, 23.44, 45.37
2019-02-19, 07:21:05, 23.45, 45.37
2019-02-19, 07:21:07, 23.43, 45.34
2019-02-19, 07:21:08, 23.44, 45.34
2019-02-19, 07:21:09, 23.29, 45.35
2019-02-19, 07:21:11, 23.4, 45.4
2019-02-19, 07:21:12, 23.42, 45.4
2019-02-19, 07:21:13, 23.42, 45.37
2019-02-19, 07:21:15, 23.44, 45.37
2019-02-19, 07:21:16, 23.42, 45.37
2019-02-19, 07:21:18, 23.43, 45.37
2019-02-19, 07:21:19, 23.43, 45.37
2019-02-19, 07:21:20, 23.43, 45.37
2019-02-19, 07:21:22, 23.43, 45.37
2019-02-19, 07:21:23, 23.43, 45.37
2019-02-19, 07:21:24, 23.44, 45.37
2019-02-19, 07:21:26, 23.43, 45.37
2019-02-19, 07:21:27, 23.44, 45.34
2019-02-19, 07:21:28, 23.45, 45.37
2019-02-19, 07:21:30, 23.44, 45.34
2019-02-19, 07:21:31, 23.45, 45.34
2019-02-19, 07:21:32, 23.45, 45.31
2019-02-19, 07:21:34, 23.45, 45.31
2019-02-19, 07:21:35, 23.46, 45.34
2019-02-19, 07:21:36, 23.44, 45.31
2019-02-19, 07:21:38, 23.45, 45.31
2019-02-19, 07:21:39, 23.28, 45.35
2019-02-19, 07:21:41, 23.39, 45.4
2019-02-19, 07:21:42, 23.42, 45.37
2019-02-19, 07:21:43, 23.42, 45.4
2019-02-19, 07:21:45, 23.42, 45.4
2019-02-19, 07:21:46, 23.43, 45.37
2019-02-19, 07:21:47, 23.44, 45.37
2019-02-19, 07:21:49, 23.42, 45.37
2019-02-19, 07:21:50, 23.44, 45.34
2019-02-19, 07:21:51, 23.44, 45.34
2019-02-19, 07:21:53, 23.44, 45.37
2019-02-19, 07:21:54, 23.46, 45.31
2019-02-19, 07:21:55, 23.45, 45.31
2019-02-19, 07:21:57, 23.45, 45.34
2019-02-19, 07:21:58, 23.45, 45.31
2019-02-19, 07:22:00, 23.45, 45.31
2019-02-19, 07:22:01, 23.46, 45.34
2019-02-19, 07:22:02, 23.46, 45.31
2019-02-19, 07:22:04, 23.46, 45.31
2019-02-19, 07:22:05, 23.45, 45.31
2019-02-19, 07:22:06, 23.46, 45.31
2019-02-19, 07:22:08, 23.46, 45.34
2019-02-19, 07:22:09, 23.29, 45.35
2019-02-19, 07:22:10, 23.39, 45.4
2019-02-19, 07:22:12, 23.42, 45.43
2019-02-19, 07:22:13, 23.42, 45.37
2019-02-19, 07:22:14, 23.44, 45.37
2019-02-19, 07:22:16, 23.43, 45.37
2019-02-19, 07:22:17, 23.44, 45.37
2019-02-19, 07:22:18, 23.44, 45.34
2019-02-19, 07:22:20, 23.45, 45.34
2019-02-19, 07:22:21, 23.44, 45.34
2019-02-19, 07:22:23, 23.45, 45.34
2019-02-19, 07:22:24, 23.45, 45.31
2019-02-19, 07:22:25, 23.45, 45.31
2019-02-19, 07:22:27, 23.45, 45.31
2019-02-19, 07:22:28, 23.45, 45.31
2019-02-19, 07:22:29, 23.46, 45.31
2019-02-19, 07:22:31, 23.46, 45.31
2019-02-19, 07:22:32, 23.46, 45.31
2019-02-19, 07:22:33, 23.46, 45.31
2019-02-19, 07:22:35, 23.46, 45.31
2019-02-19, 07:22:36, 23.46, 45.31
2019-02-19, 07:22:37, 23.46, 45.31
2019-02-19, 07:22:39, 23.45, 45.31
2019-02-19, 07:22:40, 23.46, 45.31
2019-02-19, 07:22:41, 23.47, 45.31
2019-02-19, 07:22:43, 23.47, 45.31
2019-02-19, 07:22:44, 23.48, 45.28
2019-02-19, 07:22:46, 23.47, 45.31
2019-02-19, 07:22:47, 23.47, 45.28
2019-02-19, 07:22:48, 23.46, 45.25
2019-02-19, 07:22:50, 23.45, 45.28
2019-02-19, 07:22:51, 23.45, 45.31
2019-02-19, 07:22:52, 23.45, 45.28
2019-02-19, 07:22:54, 23.45, 45.28
2019-02-19, 07:22:55, 23.47, 45.25
2019-02-19, 07:22:56, 23.46, 45.28
2019-02-19, 07:22:58, 23.46, 45.28
2019-02-19, 07:22:59, 23.45, 45.25
2019-02-19, 07:23:00, 23.46, 45.28
2019-02-19, 07:23:02, 23.47, 45.25
2019-02-19, 07:23:03, 23.46, 45.25
2019-02-19, 07:23:04, 23.46, 45.25
2019-02-19, 07:23:06, 23.48, 45.25
2019-02-19, 07:23:07, 23.46, 45.28
2019-02-19, 07:23:09, 23.46, 45.25
2019-02-19, 07:23:10, 23.46, 45.25
2019-02-19, 07:23:11, 23.46, 45.25
2019-02-19, 07:23:13, 23.46, 45.25
2019-02-19, 07:23:14, 23.47, 45.28
2019-02-19, 07:23:15, 23.46, 45.28
2019-02-19, 07:23:17, 23.47, 45.28
2019-02-19, 07:23:18, 23.47, 45.28
2019-02-19, 07:23:19, 23.48, 45.25
2019-02-19, 07:23:21, 23.48, 45.28
2019-02-19, 07:23:22, 23.48, 45.31
2019-02-19, 07:23:23, 23.48, 45.25
2019-02-19, 07:23:25, 23.48, 45.25
2019-02-19, 07:23:26, 23.47, 45.25
2019-02-19, 07:23:28, 23.47, 45.25
2019-02-19, 07:23:29, 23.48, 45.25
2019-02-19, 07:23:30, 23.47, 45.25
2019-02-19, 07:23:32, 23.47, 45.25
2019-02-19, 07:23:33, 23.47, 45.25
2019-02-19, 07:23:34, 23.46, 45.25
2019-02-19, 07:23:36, 23.46, 45.25
2019-02-19, 07:23:37, 23.47, 45.25
2019-02-19, 07:23:38, 23.46, 45.25
2019-02-19, 07:23:40, 23.46, 45.25
2019-02-19, 07:23:41, 23.45, 45.25
2019-02-19, 07:23:42, 23.46, 45.25
2019-02-19, 07:23:44, 23.46, 45.25
2019-02-19, 07:23:45, 23.46, 45.25
2019-02-19, 07:23:46, 23.47, 45.25
2019-02-19, 07:23:48, 23.45, 45.25
2019-02-19, 07:23:49, 23.47, 45.28
2019-02-19, 07:23:51, 23.46, 45.25
2019-02-19, 07:23:52, 23.47, 45.25
2019-02-19, 07:23:53, 23.47, 45.25
2019-02-19, 07:23:55, 23.48, 45.25
2019-02-19, 07:23:56, 23.48, 45.25
2019-02-19, 07:23:57, 23.47, 45.25
2019-02-19, 07:23:59, 23.48, 45.25
2019-02-19, 07:24:00, 23.46, 45.25
2019-02-19, 07:24:01, 23.48, 45.25
2019-02-19, 07:24:03, 23.47, 45.25
2019-02-19, 07:24:04, 23.46, 45.25
2019-02-19, 07:24:05, 23.47, 45.25
2019-02-19, 07:24:07, 23.46, 45.25
2019-02-19, 07:24:08, 23.47, 45.25
2019-02-19, 07:24:09, 23.47, 45.25
2019-02-19, 07:24:11, 23.48, 45.25
2019-02-19, 07:24:12, 23.47, 45.25
2019-02-19, 07:24:14, 23.48, 45.25
2019-02-19, 07:24:15, 23.46, 45.25
2019-02-19, 07:24:16, 23.47, 45.25
2019-02-19, 07:24:18, 23.48, 45.22
2019-02-19, 07:24:19, 23.47, 45.25
2019-02-19, 07:24:20, 23.47, 45.25
2019-02-19, 07:24:22, 23.46, 45.25
2019-02-19, 07:24:23, 23.47, 45.22
2019-02-19, 07:24:24, 23.48, 45.25
2019-02-19, 07:24:26, 23.49, 45.25
2019-02-19, 07:24:27, 23.48, 45.25
2019-02-19, 07:24:28, 23.48, 45.22
2019-02-19, 07:24:30, 23.47, 45.22
2019-02-19, 07:24:31, 23.47, 45.25
2019-02-19, 07:24:32, 23.48, 45.22
2019-02-19, 07:24:34, 23.48, 45.25
2019-02-19, 07:24:35, 23.48, 45.22
2019-02-19, 07:24:37, 23.44, 45.24
2019-02-19, 07:24:38, 23.47, 45.25
2019-02-19, 07:24:39, 23.46, 45.25
2019-02-19, 07:24:41, 23.47, 45.25
2019-02-19, 07:24:42, 23.48, 45.25
2019-02-19, 07:24:43, 23.47, 45.25
2019-02-19, 07:24:45, 23.47, 45.25
2019-02-19, 07:24:46, 23.47, 45.25
2019-02-19, 07:24:47, 23.47, 45.25
2019-02-19, 07:24:49, 23.48, 45.25
2019-02-19, 07:24:50, 23.48, 45.25
2019-02-19, 07:24:51, 23.49, 45.25
2019-02-19, 07:24:53, 23.49, 45.25
2019-02-19, 07:24:54, 23.5, 45.25
2019-02-19, 07:24:55, 23.5, 45.25
2019-02-19, 07:24:57, 23.49, 45.25
2019-02-19, 07:24:58, 23.49, 45.25
2019-02-19, 07:25:00, 23.49, 45.25
2019-02-19, 07:25:01, 23.48, 45.25
2019-02-19, 07:25:02, 23.48, 45.25
2019-02-19, 07:25:04, 23.48, 45.25
2019-02-19, 07:25:05, 23.48, 45.22
2019-02-19, 07:25:06, 23.49, 45.22
2019-02-19, 07:25:08, 23.49, 45.22
2019-02-19, 07:25:09, 23.48, 45.22
2019-02-19, 07:25:10, 23.49, 45.19
2019-02-19, 07:25:12, 23.49, 45.22
2019-02-19, 07:25:13, 23.48, 45.22
2019-02-19, 07:25:14, 23.5, 45.22
2019-02-19, 07:25:16, 23.49, 45.22
2019-02-19, 07:25:17, 23.48, 45.18
2019-02-19, 07:25:19, 23.49, 45.22
2019-02-19, 07:25:20, 23.5, 45.22
2019-02-19, 07:25:21, 23.5, 45.19
2019-02-19, 07:25:23, 23.5, 45.22
2019-02-19, 07:25:24, 23.49, 45.22
2019-02-19, 07:25:25, 23.5, 45.19
2019-02-19, 07:25:27, 23.5, 45.19
2019-02-19, 07:25:28, 23.49, 45.19
2019-02-19, 07:25:29, 23.49, 45.19
2019-02-19, 07:25:31, 23.5, 45.19
2019-02-19, 07:25:32, 23.5, 45.19
2019-02-19, 07:25:33, 23.5, 45.19
2019-02-19, 07:25:35, 23.49, 45.19
2019-02-19, 07:25:36, 23.4, 45.18
2019-02-19, 07:25:38, 23.47, 45.25
2019-02-19, 07:25:39, 23.48, 45.25
2019-02-19, 07:25:40, 23.48, 45.25
2019-02-19, 07:25:42, 23.48, 45.22
2019-02-19, 07:25:43, 23.48, 45.25
2019-02-19, 07:25:44, 23.48, 45.22
2019-02-19, 07:25:46, 23.48, 45.22
2019-02-19, 07:25:47, 23.49, 45.22
2019-02-19, 07:25:48, 23.49, 45.19
2019-02-19, 07:25:50, 23.5, 45.19
2019-02-19, 07:25:51, 23.5, 45.22
2019-02-19, 07:25:52, 23.5, 45.19
2019-02-19, 07:25:54, 23.49, 45.19
2019-02-19, 07:25:55, 23.51, 45.19
2019-02-19, 07:25:57, 23.5, 45.19
2019-02-19, 07:25:58, 23.5, 45.19
2019-02-19, 07:25:59, 23.5, 45.22
2019-02-19, 07:26:01, 23.51, 45.19
2019-02-19, 07:26:02, 23.52, 45.19
2019-02-19, 07:26:03, 23.51, 45.19
2019-02-19, 07:26:05, 23.51, 45.19
2019-02-19, 07:26:06, 23.5, 45.19
2019-02-19, 07:26:07, 23.5, 45.19
2019-02-19, 07:26:09, 23.51, 45.16
2019-02-19, 07:26:10, 23.5, 45.19
2019-02-19, 07:26:11, 23.52, 45.19
2019-02-19, 07:26:13, 23.52, 45.19
2019-02-19, 07:26:14, 23.52, 45.16
2019-02-19, 07:26:16, 23.53, 45.16
2019-02-19, 07:26:17, 23.52, 45.16
2019-02-19, 07:26:18, 23.52, 45.16
2019-02-19, 07:26:20, 23.52, 45.16
2019-02-19, 07:26:21, 23.53, 45.13
2019-02-19, 07:26:22, 23.53, 45.16
2019-02-19, 07:26:24, 23.53, 45.13
2019-02-19, 07:26:25, 23.54, 45.13
2019-02-19, 07:26:26, 23.53, 45.13
2019-02-19, 07:26:28, 23.52, 45.13
2019-02-19, 07:26:29, 23.52, 45.13
2019-02-19, 07:26:30, 23.52, 45.16
2019-02-19, 07:26:32, 23.54, 45.13
2019-02-19, 07:26:33, 23.52, 45.13
2019-02-19, 07:26:34, 23.54, 45.13
2019-02-19, 07:26:36, 23.54, 45.13
2019-02-19, 07:26:37, 23.52, 45.13
2019-02-19, 07:26:39, 23.52, 45.13
2019-02-19, 07:26:40, 23.54, 45.16
2019-02-19, 07:26:41, 23.52, 45.13
2019-02-19, 07:26:43, 23.52, 45.16
2019-02-19, 07:26:44, 23.53, 45.16
2019-02-19, 07:26:45, 23.52, 45.16
2019-02-19, 07:26:47, 23.54, 45.16
2019-02-19, 07:26:48, 23.55, 45.16
2019-02-19, 07:26:49, 23.53, 45.13
2019-02-19, 07:26:51, 23.54, 45.16
2019-02-19, 07:26:52, 23.54, 45.13
2019-02-19, 07:26:53, 23.54, 45.13
2019-02-19, 07:26:55, 23.52, 45.16
2019-02-19, 07:26:56, 23.52, 45.13
2019-02-19, 07:26:58, 23.52, 45.13
2019-02-19, 07:26:59, 23.52, 45.13
2019-02-19, 07:27:00, 23.53, 45.13
2019-02-19, 07:27:02, 23.53, 45.13
2019-02-19, 07:27:03, 23.52, 45.13
2019-02-19, 07:27:04, 23.52, 45.13
2019-02-19, 07:27:06, 23.35, 45.14
2019-02-19, 07:27:07, 23.48, 45.22
2019-02-19, 07:27:08, 23.5, 45.22
2019-02-19, 07:27:10, 23.5, 45.22
2019-02-19, 07:27:11, 23.51, 45.19
2019-02-19, 07:27:12, 23.51, 45.19
2019-02-19, 07:27:14, 23.52, 45.19
2019-02-19, 07:27:15, 23.5, 45.19
2019-02-19, 07:27:17, 23.5, 45.15
2019-02-19, 07:27:18, 23.53, 45.13
2019-02-19, 07:27:19, 23.51, 45.16
2019-02-19, 07:27:21, 23.51, 45.16
2019-02-19, 07:27:22, 23.51, 45.12
2019-02-19, 07:27:23, 23.52, 45.13
2019-02-19, 07:27:25, 23.52, 45.13
2019-02-19, 07:27:26, 23.51, 45.12
2019-02-19, 07:27:27, 23.52, 45.16
2019-02-19, 07:27:29, 23.52, 45.13
2019-02-19, 07:27:30, 23.53, 45.13
2019-02-19, 07:27:31, 23.53, 45.13
2019-02-19, 07:27:33, 23.53, 45.13
2019-02-19, 07:27:34, 23.52, 45.13
2019-02-19, 07:27:35, 23.53, 45.09
2019-02-19, 07:27:37, 23.52, 45.13
2019-02-19, 07:27:38, 23.52, 45.13
2019-02-19, 07:27:40, 23.52, 45.09
2019-02-19, 07:27:41, 23.53, 45.13
2019-02-19, 07:27:42, 23.52, 45.13
2019-02-19, 07:27:44, 23.52, 45.13
2019-02-19, 07:27:45, 23.52, 45.13
2019-02-19, 07:27:46, 23.52, 45.13
2019-02-19, 07:27:48, 23.52, 45.13
2019-02-19, 07:27:49, 23.51, 45.09
2019-02-19, 07:27:50, 23.51, 45.12
2019-02-19, 07:27:52, 23.5, 45.12
2019-02-19, 07:27:53, 23.51, 45.09
2019-02-19, 07:27:54, 23.52, 45.13
2019-02-19, 07:27:56, 23.52, 45.13
2019-02-19, 07:27:57, 23.51, 45.12
2019-02-19, 07:27:58, 23.51, 45.12
2019-02-19, 07:28:00, 23.5, 45.12
2019-02-19, 07:28:01, 23.52, 45.09
2019-02-19, 07:28:03, 23.53, 45.13
2019-02-19, 07:28:04, 23.52, 45.13
2019-02-19, 07:28:05, 23.52, 45.13
2019-02-19, 07:28:07, 23.52, 45.13
2019-02-19, 07:28:08, 23.52, 45.13
2019-02-19, 07:28:09, 23.45, 45.12
2019-02-19, 07:28:11, 23.5, 45.12
2019-02-19, 07:28:12, 23.5, 45.12
2019-02-19, 07:28:13, 23.51, 45.12
2019-02-19, 07:28:15, 23.5, 45.15
2019-02-19, 07:28:16, 23.5, 45.12
2019-02-19, 07:28:17, 23.5, 45.12
2019-02-19, 07:28:19, 23.51, 45.12
2019-02-19, 07:28:20, 23.5, 45.12
2019-02-19, 07:28:22, 23.51, 45.16
2019-02-19, 07:28:23, 23.52, 45.13
2019-02-19, 07:28:24, 23.52, 45.13
2019-02-19, 07:28:26, 23.52, 45.16
2019-02-19, 07:28:27, 23.52, 45.16
2019-02-19, 07:28:28, 23.51, 45.12
2019-02-19, 07:28:30, 23.52, 45.13
2019-02-19, 07:28:31, 23.52, 45.13
2019-02-19, 07:28:32, 23.52, 45.13
2019-02-19, 07:28:34, 23.52, 45.13
2019-02-19, 07:28:35, 23.52, 45.13
2019-02-19, 07:28:36, 23.5, 45.12
2019-02-19, 07:28:38, 23.51, 45.12
2019-02-19, 07:28:39, 23.41, 45.14
2019-02-19, 07:28:41, 23.48, 45.18
2019-02-19, 07:28:42, 23.5, 45.19
2019-02-19, 07:28:43, 23.5, 45.19
2019-02-19, 07:28:45, 23.5, 45.19
2019-02-19, 07:28:46, 23.5, 45.19
2019-02-19, 07:28:47, 23.46, 45.18
2019-02-19, 07:28:49, 23.5, 45.19
2019-02-19, 07:28:50, 23.5, 45.19
2019-02-19, 07:28:52, 23.5, 45.19
2019-02-19, 07:28:53, 23.5, 45.19
2019-02-19, 07:28:54, 23.5, 45.15
2019-02-19, 07:28:56, 23.49, 45.15
2019-02-19, 07:28:57, 23.51, 45.12
2019-02-19, 07:28:58, 23.5, 45.12
2019-02-19, 07:29:00, 23.5, 45.12
2019-02-19, 07:29:01, 23.5, 45.12
2019-02-19, 07:29:02, 23.5, 45.12
2019-02-19, 07:29:04, 23.43, 45.15
2019-02-19, 07:29:05, 23.48, 45.15
2019-02-19, 07:29:06, 23.5, 45.19
2019-02-19, 07:29:08, 23.49, 45.19
2019-02-19, 07:29:09, 23.49, 45.15
2019-02-19, 07:29:11, 23.49, 45.12
2019-02-19, 07:29:12, 23.5, 45.15
2019-02-19, 07:29:13, 23.51, 45.12
2019-02-19, 07:29:15, 23.5, 45.12
2019-02-19, 07:29:16, 23.51, 45.12
2019-02-19, 07:29:17, 23.51, 45.12
2019-02-19, 07:29:19, 23.5, 45.12
2019-02-19, 07:29:20, 23.5, 45.15
2019-02-19, 07:29:21, 23.52, 45.16
2019-02-19, 07:29:23, 23.51, 45.12
2019-02-19, 07:29:24, 23.5, 45.12
2019-02-19, 07:29:25, 23.51, 45.12
2019-02-19, 07:29:27, 23.51, 45.12
2019-02-19, 07:29:28, 23.51, 45.12
2019-02-19, 07:29:30, 23.51, 45.12
2019-02-19, 07:29:31, 23.51, 45.12
2019-02-19, 07:29:32, 23.52, 45.13
2019-02-19, 07:29:34, 23.52, 45.13
2019-02-19, 07:29:35, 23.52, 45.13
2019-02-19, 07:29:36, 23.51, 45.16
2019-02-19, 07:29:38, 23.52, 45.13
2019-02-19, 07:29:39, 23.5, 45.12
2019-02-19, 07:29:40, 23.5, 45.12
2019-02-19, 07:29:42, 23.52, 45.13
2019-02-19, 07:29:43, 23.51, 45.12
2019-02-19, 07:29:44, 23.51, 45.12
2019-02-19, 07:29:46, 23.49, 45.12
2019-02-19, 07:29:47, 23.51, 45.12
2019-02-19, 07:29:49, 23.5, 45.12
2019-02-19, 07:29:50, 23.51, 45.12
2019-02-19, 07:29:51, 23.5, 45.12
2019-02-19, 07:29:53, 23.5, 45.12
2019-02-19, 07:29:54, 23.52, 45.13
2019-02-19, 07:29:55, 23.51, 45.12
2019-02-19, 07:29:57, 23.51, 45.16
2019-02-19, 07:29:58, 23.51, 45.12
2019-02-19, 07:29:59, 23.51, 45.12
2019-02-19, 07:30:01, 23.5, 45.12
2019-02-19, 07:30:02, 23.51, 45.12
2019-02-19, 07:30:03, 23.38, 45.17
2019-02-19, 07:30:05, 23.48, 45.18
2019-02-19, 07:30:06, 23.48, 45.18
2019-02-19, 07:30:08, 23.49, 45.19
2019-02-19, 07:30:09, 23.5, 45.19
2019-02-19, 07:30:10, 23.5, 45.19
2019-02-19, 07:30:12, 23.5, 45.19
2019-02-19, 07:30:13, 23.5, 45.19
2019-02-19, 07:30:14, 23.5, 45.19
2019-02-19, 07:30:16, 23.5, 45.19
2019-02-19, 07:30:17, 23.5, 45.15
2019-02-19, 07:30:18, 23.5, 45.15
2019-02-19, 07:30:20, 23.49, 45.15
2019-02-19, 07:30:21, 23.5, 45.15
2019-02-19, 07:30:22, 23.5, 45.15
2019-02-19, 07:30:24, 23.5, 45.19
2019-02-19, 07:30:25, 23.51, 45.19
2019-02-19, 07:30:27, 23.5, 45.19
2019-02-19, 07:30:28, 23.5, 45.19
2019-02-19, 07:30:29, 23.5, 45.15
2019-02-19, 07:30:31, 23.52, 45.19
2019-02-19, 07:30:32, 23.5, 45.15
2019-02-19, 07:30:33, 23.5, 45.19
2019-02-19, 07:30:35, 23.51, 45.19
2019-02-19, 07:30:36, 23.5, 45.19
2019-02-19, 07:30:37, 23.52, 45.16
2019-02-19, 07:30:39, 23.52, 45.16
2019-02-19, 07:30:40, 23.51, 45.16
2019-02-19, 07:30:41, 23.52, 45.16
2019-02-19, 07:30:43, 23.51, 45.16
2019-02-19, 07:30:44, 23.52, 45.16
2019-02-19, 07:30:46, 23.49, 45.12
2019-02-19, 07:30:47, 23.51, 45.12
2019-02-19, 07:30:48, 23.51, 45.16
2019-02-19, 07:30:50, 23.5, 45.12
2019-02-19, 07:30:51, 23.51, 45.16
2019-02-19, 07:30:52, 23.52, 45.16
2019-02-19, 07:30:54, 23.52, 45.16
2019-02-19, 07:30:55, 23.52, 45.16
2019-02-19, 07:30:56, 23.52, 45.16
2019-02-19, 07:30:58, 23.52, 45.16
2019-02-19, 07:30:59, 23.51, 45.16
2019-02-19, 07:31:00, 23.5, 45.12
2019-02-19, 07:31:02, 23.51, 45.12
2019-02-19, 07:31:03, 23.51, 45.12
2019-02-19, 07:31:04, 23.51, 45.12
2019-02-19, 07:31:06, 23.5, 45.12
2019-02-19, 07:31:07, 23.49, 45.12
2019-02-19, 07:31:09, 23.5, 45.12
2019-02-19, 07:31:10, 23.5, 45.12
2019-02-19, 07:31:11, 23.48, 45.15
2019-02-19, 07:31:13, 23.49, 45.15
2019-02-19, 07:31:14, 23.5, 45.19
2019-02-19, 07:31:15, 23.5, 45.19
2019-02-19, 07:31:17, 23.52, 45.19
2019-02-19, 07:31:18, 23.5, 45.19
2019-02-19, 07:31:19, 23.5, 45.19
2019-02-19, 07:31:21, 23.5, 45.19
2019-02-19, 07:31:22, 23.5, 45.19
2019-02-19, 07:31:23, 23.5, 45.19
2019-02-19, 07:31:25, 23.5, 45.19
2019-02-19, 07:31:26, 23.5, 45.19
2019-02-19, 07:31:27, 23.51, 45.16
2019-02-19, 07:31:29, 23.49, 45.19
2019-02-19, 07:31:30, 23.5, 45.15
2019-02-19, 07:31:32, 23.5, 45.15
2019-02-19, 07:31:33, 23.5, 45.15
2019-02-19, 07:31:34, 23.5, 45.15
2019-02-19, 07:31:36, 23.5, 45.15
2019-02-19, 07:31:37, 23.49, 45.19
2019-02-19, 07:31:38, 23.49, 45.19
2019-02-19, 07:31:40, 23.49, 45.19
2019-02-19, 07:31:41, 23.5, 45.19
2019-02-19, 07:31:42, 23.51, 45.19
2019-02-19, 07:31:44, 23.48, 45.18
2019-02-19, 07:31:45, 23.49, 45.19
2019-02-19, 07:31:46, 23.49, 45.19
2019-02-19, 07:31:48, 23.5, 45.19
2019-02-19, 07:31:49, 23.48, 45.18
2019-02-19, 07:31:51, 23.47, 45.15
2019-02-19, 07:31:52, 23.49, 45.15
2019-02-19, 07:31:53, 23.5, 45.12
2019-02-19, 07:31:55, 23.49, 45.12
2019-02-19, 07:31:56, 23.48, 45.15
2019-02-19, 07:31:57, 23.49, 45.19
2019-02-19, 07:31:59, 23.49, 45.15
2019-02-19, 07:32:00, 23.48, 45.15
2019-02-19, 07:32:01, 23.49, 45.15
2019-02-19, 07:32:03, 23.48, 45.18
2019-02-19, 07:32:04, 23.48, 45.15
2019-02-19, 07:32:05, 23.47, 45.15
2019-02-19, 07:32:07, 23.48, 45.12
2019-02-19, 07:32:08, 23.47, 45.15
2019-02-19, 07:32:10, 23.48, 45.12
2019-02-19, 07:32:11, 23.49, 45.12
2019-02-19, 07:32:12, 23.47, 45.15
2019-02-19, 07:32:14, 23.48, 45.15
2019-02-19, 07:32:15, 23.48, 45.12
2019-02-19, 07:32:16, 23.48, 45.15
2019-02-19, 07:32:18, 23.48, 45.18
2019-02-19, 07:32:19, 23.45, 45.18
2019-02-19, 07:32:20, 23.48, 45.18
2019-02-19, 07:32:22, 23.48, 45.18
2019-02-19, 07:32:23, 23.48, 45.18
2019-02-19, 07:32:24, 23.47, 45.18
2019-02-19, 07:32:26, 23.46, 45.18
2019-02-19, 07:32:27, 23.48, 45.18
2019-02-19, 07:32:28, 23.47, 45.18
2019-02-19, 07:32:30, 23.48, 45.18
2019-02-19, 07:32:31, 23.44, 45.18
2019-02-19, 07:32:33, 23.48, 45.18
2019-02-19, 07:32:34, 23.47, 45.18
2019-02-19, 07:32:35, 23.47, 45.18
2019-02-19, 07:32:37, 23.48, 45.18
2019-02-19, 07:32:38, 23.46, 45.18
2019-02-19, 07:32:39, 23.48, 45.18
2019-02-19, 07:32:41, 23.48, 45.18
2019-02-19, 07:32:42, 23.48, 45.18
2019-02-19, 07:32:43, 23.48, 45.15
2019-02-19, 07:32:45, 23.48, 45.18
2019-02-19, 07:32:46, 23.49, 45.19
2019-02-19, 07:32:47, 23.49, 45.19
2019-02-19, 07:32:49, 23.49, 45.19
2019-02-19, 07:32:50, 23.47, 45.18
2019-02-19, 07:32:52, 23.48, 45.18
2019-02-19, 07:32:53, 23.48, 45.22
2019-02-19, 07:32:54, 23.48, 45.22
2019-02-19, 07:32:56, 23.48, 45.18
2019-02-19, 07:32:57, 23.48, 45.18
2019-02-19, 07:32:58, 23.48, 45.18
2019-02-19, 07:33:00, 23.49, 45.19
2019-02-19, 07:33:01, 23.47, 45.18
2019-02-19, 07:33:02, 23.47, 45.18
2019-02-19, 07:33:04, 23.47, 45.18
2019-02-19, 07:33:05, 23.47, 45.18
2019-02-19, 07:33:06, 23.32, 45.23
2019-02-19, 07:33:08, 23.41, 45.27
2019-02-19, 07:33:09, 23.44, 45.28
2019-02-19, 07:33:11, 23.44, 45.28
2019-02-19, 07:33:12, 23.45, 45.28
2019-02-19, 07:33:13, 23.46, 45.28
2019-02-19, 07:33:15, 23.46, 45.28
2019-02-19, 07:33:16, 23.45, 45.25
2019-02-19, 07:33:17, 23.46, 45.25
2019-02-19, 07:33:19, 23.46, 45.25
2019-02-19, 07:33:20, 23.46, 45.25
2019-02-19, 07:33:21, 23.46, 45.25
2019-02-19, 07:33:23, 23.46, 45.25
2019-02-19, 07:33:24, 23.46, 45.21
2019-02-19, 07:33:26, 23.48, 45.25
2019-02-19, 07:33:27, 23.46, 45.25
2019-02-19, 07:33:28, 23.46, 45.25
2019-02-19, 07:33:30, 23.46, 45.25
2019-02-19, 07:33:31, 23.34, 45.23
2019-02-19, 07:33:32, 23.42, 45.27
2019-02-19, 07:33:34, 23.43, 45.31
2019-02-19, 07:33:35, 23.44, 45.31
2019-02-19, 07:33:36, 23.46, 45.31
2019-02-19, 07:33:38, 23.46, 45.31
2019-02-19, 07:33:39, 23.45, 45.31
2019-02-19, 07:33:40, 23.46, 45.31
2019-02-19, 07:33:42, 23.45, 45.31
2019-02-19, 07:33:43, 23.46, 45.28
2019-02-19, 07:33:45, 23.46, 45.28
2019-02-19, 07:33:46, 23.46, 45.28
2019-02-19, 07:33:47, 23.45, 45.31
2019-02-19, 07:33:49, 23.46, 45.28
2019-02-19, 07:33:50, 23.46, 45.25
2019-02-19, 07:33:51, 23.46, 45.25
2019-02-19, 07:33:53, 23.46, 45.25
2019-02-19, 07:33:54, 23.46, 45.25
2019-02-19, 07:33:55, 23.44, 45.24
2019-02-19, 07:33:57, 23.46, 45.28
2019-02-19, 07:33:58, 23.44, 45.24
2019-02-19, 07:33:59, 23.45, 45.28
2019-02-19, 07:34:01, 23.44, 45.28
2019-02-19, 07:34:02, 23.45, 45.28
2019-02-19, 07:34:04, 23.46, 45.28
2019-02-19, 07:34:05, 23.45, 45.28
2019-02-19, 07:34:06, 23.43, 45.28
2019-02-19, 07:34:08, 23.45, 45.28
2019-02-19, 07:34:09, 23.44, 45.28
2019-02-19, 07:34:10, 23.44, 45.28
2019-02-19, 07:34:12, 23.44, 45.28
2019-02-19, 07:34:13, 23.44, 45.28
2019-02-19, 07:34:14, 23.44, 45.24
2019-02-19, 07:34:16, 23.44, 45.31
2019-02-19, 07:34:17, 23.44, 45.31
2019-02-19, 07:34:18, 23.44, 45.31
2019-02-19, 07:34:20, 23.44, 45.31
2019-02-19, 07:34:21, 23.45, 45.31
2019-02-19, 07:34:23, 23.44, 45.31
2019-02-19, 07:34:24, 23.44, 45.31
2019-02-19, 07:34:25, 23.42, 45.27
2019-02-19, 07:34:27, 23.43, 45.31
2019-02-19, 07:34:28, 23.42, 45.31
2019-02-19, 07:34:29, 23.43, 45.31
2019-02-19, 07:34:31, 23.28, 45.35
2019-02-19, 07:34:32, 23.38, 45.37
2019-02-19, 07:34:33, 23.4, 45.4
2019-02-19, 07:34:35, 23.41, 45.4
2019-02-19, 07:34:36, 23.42, 45.37
2019-02-19, 07:34:37, 23.42, 45.37
2019-02-19, 07:34:39, 23.42, 45.37
2019-02-19, 07:34:40, 23.43, 45.37
2019-02-19, 07:34:42, 23.43, 45.37
2019-02-19, 07:34:43, 23.41, 45.34
2019-02-19, 07:34:44, 23.44, 45.31
2019-02-19, 07:34:46, 23.42, 45.34
2019-02-19, 07:34:47, 23.41, 45.3
2019-02-19, 07:34:48, 23.41, 45.3
2019-02-19, 07:34:50, 23.42, 45.31
2019-02-19, 07:34:51, 23.42, 45.31
2019-02-19, 07:34:52, 23.42, 45.34
2019-02-19, 07:34:54, 23.42, 45.34
2019-02-19, 07:34:55, 23.43, 45.34
2019-02-19, 07:34:56, 23.42, 45.34
2019-02-19, 07:34:58, 23.42, 45.34
2019-02-19, 07:34:59, 23.39, 45.3
2019-02-19, 07:35:01, 23.4, 45.34
2019-02-19, 07:35:02, 23.41, 45.34
2019-02-19, 07:35:03, 23.4, 45.3
2019-02-19, 07:35:05, 23.4, 45.3
2019-02-19, 07:35:06, 23.4, 45.34
2019-02-19, 07:35:07, 23.41, 45.34
2019-02-19, 07:35:09, 23.4, 45.3
2019-02-19, 07:35:10, 23.4, 45.3
2019-02-19, 07:35:11, 23.4, 45.34
2019-02-19, 07:35:13, 23.41, 45.34
2019-02-19, 07:35:14, 23.41, 45.34
2019-02-19, 07:35:15, 23.4, 45.37
2019-02-19, 07:35:17, 23.4, 45.3
2019-02-19, 07:35:18, 23.41, 45.3
2019-02-19, 07:35:19, 23.41, 45.3
2019-02-19, 07:35:21, 23.4, 45.34
2019-02-19, 07:35:22, 23.41, 45.3
2019-02-19, 07:35:24, 23.4, 45.34
2019-02-19, 07:35:25, 23.4, 45.34
2019-02-19, 07:35:26, 23.41, 45.3
2019-02-19, 07:35:28, 23.42, 45.31
2019-02-19, 07:35:29, 23.42, 45.31
2019-02-19, 07:35:30, 23.42, 45.34
2019-02-19, 07:35:32, 23.4, 45.3
2019-02-19, 07:35:33, 23.42, 45.34
2019-02-19, 07:35:34, 23.34, 45.33
2019-02-19, 07:35:36, 23.39, 45.37
2019-02-19, 07:35:37, 23.4, 45.37
2019-02-19, 07:35:38, 23.4, 45.37
2019-02-19, 07:35:40, 23.4, 45.37
2019-02-19, 07:35:41, 23.4, 45.37
2019-02-19, 07:35:43, 23.4, 45.37
2019-02-19, 07:35:44, 23.4, 45.34
2019-02-19, 07:35:45, 23.4, 45.34
2019-02-19, 07:35:47, 23.41, 45.34
2019-02-19, 07:35:48, 23.41, 45.34
2019-02-19, 07:35:49, 23.41, 45.34
2019-02-19, 07:35:51, 23.4, 45.3
2019-02-19, 07:35:52, 23.41, 45.34
2019-02-19, 07:35:53, 23.41, 45.34
2019-02-19, 07:35:55, 23.4, 45.3
2019-02-19, 07:35:56, 23.4, 45.34
2019-02-19, 07:35:57, 23.41, 45.34
2019-02-19, 07:35:59, 23.4, 45.34
2019-02-19, 07:36:00, 23.41, 45.34
2019-02-19, 07:36:01, 23.4, 45.34
2019-02-19, 07:36:03, 23.4, 45.34
2019-02-19, 07:36:04, 23.41, 45.34
2019-02-19, 07:36:06, 23.41, 45.34
2019-02-19, 07:36:07, 23.41, 45.3
2019-02-19, 07:36:08, 23.39, 45.3
2019-02-19, 07:36:10, 23.4, 45.3
2019-02-19, 07:36:11, 23.41, 45.34
2019-02-19, 07:36:12, 23.4, 45.34
2019-02-19, 07:36:14, 23.4, 45.34
2019-02-19, 07:36:15, 23.39, 45.33
2019-02-19, 07:36:16, 23.39, 45.33
2019-02-19, 07:36:18, 23.4, 45.34
2019-02-19, 07:36:19, 23.4, 45.37
2019-02-19, 07:36:20, 23.39, 45.33
2019-02-19, 07:36:22, 23.41, 45.37
2019-02-19, 07:36:23, 23.42, 45.37
2019-02-19, 07:36:24, 23.42, 45.37
2019-02-19, 07:36:26, 23.42, 45.37
2019-02-19, 07:36:27, 23.42, 45.37
2019-02-19, 07:36:29, 23.37, 45.36
2019-02-19, 07:36:30, 23.4, 45.37
2019-02-19, 07:36:31, 23.41, 45.37
2019-02-19, 07:36:33, 23.42, 45.37
2019-02-19, 07:36:34, 23.41, 45.37
2019-02-19, 07:36:35, 23.4, 45.37
2019-02-19, 07:36:37, 23.41, 45.37
2019-02-19, 07:36:38, 23.4, 45.37
2019-02-19, 07:36:39, 23.41, 45.37
2019-02-19, 07:36:41, 23.42, 45.37
2019-02-19, 07:36:42, 23.42, 45.37
2019-02-19, 07:36:43, 23.41, 45.37
2019-02-19, 07:36:45, 23.42, 45.37
2019-02-19, 07:36:46, 23.41, 45.37
2019-02-19, 07:36:48, 23.41, 45.37
2019-02-19, 07:36:49, 23.42, 45.37
2019-02-19, 07:36:50, 23.42, 45.37
2019-02-19, 07:36:52, 23.42, 45.37
2019-02-19, 07:36:53, 23.4, 45.37
2019-02-19, 07:36:54, 23.41, 45.37
2019-02-19, 07:36:56, 23.4, 45.34
2019-02-19, 07:36:57, 23.4, 45.37
2019-02-19, 07:36:58, 23.4, 45.37
2019-02-19, 07:37:00, 23.41, 45.37
2019-02-19, 07:37:01, 23.4, 45.37
2019-02-19, 07:37:02, 23.4, 45.37
2019-02-19, 07:37:04, 23.41, 45.37
2019-02-19, 07:37:05, 23.41, 45.37
2019-02-19, 07:37:06, 23.4, 45.37
2019-02-19, 07:37:08, 23.4, 45.37
2019-02-19, 07:37:09, 23.4, 45.34
2019-02-19, 07:37:11, 23.4, 45.37
2019-02-19, 07:37:12, 23.41, 45.34
2019-02-19, 07:37:13, 23.39, 45.33
2019-02-19, 07:37:15, 23.4, 45.34
2019-02-19, 07:37:16, 23.4, 45.34
2019-02-19, 07:37:17, 23.4, 45.34
2019-02-19, 07:37:19, 23.4, 45.37
2019-02-19, 07:37:20, 23.4, 45.34
2019-02-19, 07:37:21, 23.39, 45.33
2019-02-19, 07:37:23, 23.4, 45.34
2019-02-19, 07:37:24, 23.4, 45.37
2019-02-19, 07:37:25, 23.38, 45.33
2019-02-19, 07:37:27, 23.38, 45.37
2019-02-19, 07:37:28, 23.29, 45.35
2019-02-19, 07:37:30, 23.37, 45.36
2019-02-19, 07:37:31, 23.38, 45.4
2019-02-19, 07:37:32, 23.39, 45.4
2019-02-19, 07:37:34, 23.4, 45.37
2019-02-19, 07:37:35, 23.39, 45.37
2019-02-19, 07:37:36, 23.39, 45.4
2019-02-19, 07:37:38, 23.39, 45.37
2019-02-19, 07:37:39, 23.38, 45.4
2019-02-19, 07:37:40, 23.39, 45.37
2019-02-19, 07:37:42, 23.39, 45.37
2019-02-19, 07:37:43, 23.39, 45.4
2019-02-19, 07:37:44, 23.39, 45.4
2019-02-19, 07:37:46, 23.38, 45.4
2019-02-19, 07:37:47, 23.39, 45.4
2019-02-19, 07:37:48, 23.39, 45.43
2019-02-19, 07:37:50, 23.39, 45.4
2019-02-19, 07:37:51, 23.39, 45.4
2019-02-19, 07:37:53, 23.38, 45.37
2019-02-19, 07:37:54, 23.39, 45.37
2019-02-19, 07:37:55, 23.39, 45.4
2019-02-19, 07:37:57, 23.4, 45.37
2019-02-19, 07:37:58, 23.27, 45.42
2019-02-19, 07:37:59, 23.36, 45.43
2019-02-19, 07:38:01, 23.37, 45.43
2019-02-19, 07:38:02, 23.38, 45.43
2019-02-19, 07:38:03, 23.38, 45.43
2019-02-19, 07:38:05, 23.37, 45.43
2019-02-19, 07:38:06, 23.38, 45.43
2019-02-19, 07:38:07, 23.38, 45.43
2019-02-19, 07:38:09, 23.39, 45.43
2019-02-19, 07:38:10, 23.38, 45.4
2019-02-19, 07:38:11, 23.39, 45.43
2019-02-19, 07:38:13, 23.39, 45.4
2019-02-19, 07:38:14, 23.39, 45.43
2019-02-19, 07:38:16, 23.38, 45.4
2019-02-19, 07:38:17, 23.38, 45.43
2019-02-19, 07:38:18, 23.38, 45.4
2019-02-19, 07:38:20, 23.39, 45.43
2019-02-19, 07:38:21, 23.39, 45.43
2019-02-19, 07:38:22, 23.39, 45.4
2019-02-19, 07:38:24, 23.37, 45.43
2019-02-19, 07:38:25, 23.38, 45.43
2019-02-19, 07:38:26, 23.4, 45.4
2019-02-19, 07:38:28, 23.39, 45.37
2019-02-19, 07:38:29, 23.38, 45.37
2019-02-19, 07:38:30, 23.39, 45.37
2019-02-19, 07:38:32, 23.4, 45.37
2019-02-19, 07:38:33, 23.38, 45.37
2019-02-19, 07:38:35, 23.39, 45.37
2019-02-19, 07:38:36, 23.38, 45.37
2019-02-19, 07:38:37, 23.38, 45.37
2019-02-19, 07:38:39, 23.38, 45.37
2019-02-19, 07:38:40, 23.38, 45.37
2019-02-19, 07:38:41, 23.38, 45.37
2019-02-19, 07:38:43, 23.39, 45.37
2019-02-19, 07:38:44, 23.38, 45.37
2019-02-19, 07:38:45, 23.38, 45.4
2019-02-19, 07:38:47, 23.38, 45.37
2019-02-19, 07:38:48, 23.38, 45.4
2019-02-19, 07:38:49, 23.39, 45.37
2019-02-19, 07:38:51, 23.39, 45.37
2019-02-19, 07:38:52, 23.38, 45.37
2019-02-19, 07:38:53, 23.38, 45.37
2019-02-19, 07:38:55, 23.37, 45.4
2019-02-19, 07:38:56, 23.38, 45.37
2019-02-19, 07:38:58, 23.39, 45.37
2019-02-19, 07:38:59, 23.4, 45.37
2019-02-19, 07:39:00, 23.38, 45.37
2019-02-19, 07:39:02, 23.37, 45.36
2019-02-19, 07:39:03, 23.39, 45.37
2019-02-19, 07:39:04, 23.39, 45.37
2019-02-19, 07:39:06, 23.4, 45.37
2019-02-19, 07:39:07, 23.39, 45.37
2019-02-19, 07:39:08, 23.38, 45.37
2019-02-19, 07:39:10, 23.4, 45.37
2019-02-19, 07:39:11, 23.39, 45.37
2019-02-19, 07:39:12, 23.4, 45.37
2019-02-19, 07:39:14, 23.4, 45.37
2019-02-19, 07:39:15, 23.4, 45.37
2019-02-19, 07:39:17, 23.4, 45.37
2019-02-19, 07:39:18, 23.4, 45.37
2019-02-19, 07:39:19, 23.4, 45.37
2019-02-19, 07:39:21, 23.4, 45.37
2019-02-19, 07:39:22, 23.39, 45.37
2019-02-19, 07:39:23, 23.4, 45.37
2019-02-19, 07:39:25, 23.4, 45.37
2019-02-19, 07:39:26, 23.41, 45.37
2019-02-19, 07:39:27, 23.4, 45.37
2019-02-19, 07:39:29, 23.4, 45.37
2019-02-19, 07:39:30, 23.4, 45.37
2019-02-19, 07:39:31, 23.4, 45.37
2019-02-19, 07:39:33, 23.4, 45.37
2019-02-19, 07:39:34, 23.4, 45.37
2019-02-19, 07:39:36, 23.4, 45.4
2019-02-19, 07:39:37, 23.39, 45.37
2019-02-19, 07:39:38, 23.38, 45.4
2019-02-19, 07:39:40, 23.4, 45.37
2019-02-19, 07:39:41, 23.4, 45.37
2019-02-19, 07:39:42, 23.39, 45.37
2019-02-19, 07:39:44, 23.39, 45.37
2019-02-19, 07:39:45, 23.4, 45.37
2019-02-19, 07:39:46, 23.39, 45.4
2019-02-19, 07:39:48, 23.39, 45.37
2019-02-19, 07:39:49, 23.4, 45.37
2019-02-19, 07:39:50, 23.4, 45.37
2019-02-19, 07:39:52, 23.4, 45.37
2019-02-19, 07:39:53, 23.4, 45.37
2019-02-19, 07:39:55, 23.39, 45.37
2019-02-19, 07:39:56, 23.4, 45.37
2019-02-19, 07:39:57, 23.39, 45.37
2019-02-19, 07:39:59, 23.4, 45.4
2019-02-19, 07:40:00, 23.4, 45.37
2019-02-19, 07:40:01, 23.4, 45.4
2019-02-19, 07:40:03, 23.4, 45.37
2019-02-19, 07:40:04, 23.39, 45.4
2019-02-19, 07:40:05, 23.4, 45.37
2019-02-19, 07:40:07, 23.39, 45.37
2019-02-19, 07:40:08, 23.39, 45.4
2019-02-19, 07:40:09, 23.4, 45.4
2019-02-19, 07:40:11, 23.4, 45.4
2019-02-19, 07:40:12, 23.4, 45.4
2019-02-19, 07:40:13, 23.4, 45.37
2019-02-19, 07:40:15, 23.4, 45.37
2019-02-19, 07:40:16, 23.41, 45.4
2019-02-19, 07:40:18, 23.4, 45.37
2019-02-19, 07:40:19, 23.4, 45.37
2019-02-19, 07:40:20, 23.39, 45.4
2019-02-19, 07:40:22, 23.39, 45.37
2019-02-19, 07:40:23, 23.38, 45.37
2019-02-19, 07:40:24, 23.38, 45.37
2019-02-19, 07:40:26, 23.37, 45.36
2019-02-19, 07:40:27, 23.37, 45.36
2019-02-19, 07:40:28, 23.38, 45.37
2019-02-19, 07:40:30, 23.39, 45.37
2019-02-19, 07:40:31, 23.38, 45.37
2019-02-19, 07:40:32, 23.38, 45.37
2019-02-19, 07:40:34, 23.39, 45.37
2019-02-19, 07:40:35, 23.4, 45.4
2019-02-19, 07:40:37, 23.4, 45.4
2019-02-19, 07:40:38, 23.39, 45.4
2019-02-19, 07:40:39, 23.4, 45.37
2019-02-19, 07:40:41, 23.39, 45.4
2019-02-19, 07:40:42, 23.39, 45.4
2019-02-19, 07:40:43, 23.38, 45.37
2019-02-19, 07:40:45, 23.39, 45.37
2019-02-19, 07:40:46, 23.38, 45.37
2019-02-19, 07:40:47, 23.39, 45.37
2019-02-19, 07:40:49, 23.39, 45.37
2019-02-19, 07:40:50, 23.4, 45.37
2019-02-19, 07:40:52, 23.38, 45.37
2019-02-19, 07:40:53, 23.39, 45.37
2019-02-19, 07:40:54, 23.4, 45.37
2019-02-19, 07:40:56, 23.36, 45.36
2019-02-19, 07:40:57, 23.39, 45.37
2019-02-19, 07:40:58, 23.4, 45.37
2019-02-19, 07:41:00, 23.38, 45.37
2019-02-19, 07:41:01, 23.39, 45.4
2019-02-19, 07:41:02, 23.39, 45.4
2019-02-19, 07:41:04, 23.4, 45.4
2019-02-19, 07:41:05, 23.38, 45.37
2019-02-19, 07:41:06, 23.4, 45.37
2019-02-19, 07:41:08, 23.39, 45.37
2019-02-19, 07:41:09, 23.39, 45.37
2019-02-19, 07:41:10, 23.39, 45.37
2019-02-19, 07:41:12, 23.39, 45.37
2019-02-19, 07:41:13, 23.39, 45.37
2019-02-19, 07:41:15, 23.4, 45.37
2019-02-19, 07:41:16, 23.4, 45.37
2019-02-19, 07:41:17, 23.39, 45.37
2019-02-19, 07:41:19, 23.41, 45.37
2019-02-19, 07:41:20, 23.4, 45.37
2019-02-19, 07:41:21, 23.4, 45.37
2019-02-19, 07:41:23, 23.4, 45.37
2019-02-19, 07:41:24, 23.4, 45.37
2019-02-19, 07:41:25, 23.33, 45.36
2019-02-19, 07:41:27, 23.39, 45.37
2019-02-19, 07:41:28, 23.38, 45.37
2019-02-19, 07:41:29, 23.38, 45.4
2019-02-19, 07:41:31, 23.39, 45.37
2019-02-19, 07:41:32, 23.4, 45.37
2019-02-19, 07:41:34, 23.39, 45.37
2019-02-19, 07:41:35, 23.38, 45.4
2019-02-19, 07:41:36, 23.39, 45.37
2019-02-19, 07:41:38, 23.39, 45.37
2019-02-19, 07:41:39, 23.4, 45.37
2019-02-19, 07:41:40, 23.39, 45.37
2019-02-19, 07:41:42, 23.39, 45.37
2019-02-19, 07:41:43, 23.39, 45.37
2019-02-19, 07:41:44, 23.4, 45.37
2019-02-19, 07:41:46, 23.39, 45.37
2019-02-19, 07:41:47, 23.39, 45.37
2019-02-19, 07:41:48, 23.4, 45.37
2019-02-19, 07:41:50, 23.4, 45.37
2019-02-19, 07:41:51, 23.4, 45.37
2019-02-19, 07:41:53, 23.4, 45.37
2019-02-19, 07:41:54, 23.4, 45.4
2019-02-19, 07:41:55, 23.28, 45.39
2019-02-19, 07:41:57, 23.36, 45.4
2019-02-19, 07:41:58, 23.36, 45.4
2019-02-19, 07:41:59, 23.37, 45.43
2019-02-19, 07:42:01, 23.38, 45.4
2019-02-19, 07:42:02, 23.38, 45.43
2019-02-19, 07:42:03, 23.38, 45.37
2019-02-19, 07:42:05, 23.39, 45.4
2019-02-19, 07:42:06, 23.4, 45.4
2019-02-19, 07:42:07, 23.39, 45.37
2019-02-19, 07:42:09, 23.4, 45.37
2019-02-19, 07:42:10, 23.39, 45.37
2019-02-19, 07:42:12, 23.39, 45.37
2019-02-19, 07:42:13, 23.38, 45.37
2019-02-19, 07:42:14, 23.38, 45.37
2019-02-19, 07:42:16, 23.38, 45.37
2019-02-19, 07:42:17, 23.39, 45.37
2019-02-19, 07:42:18, 23.39, 45.37
2019-02-19, 07:42:20, 23.39, 45.37
2019-02-19, 07:42:21, 23.4, 45.37
2019-02-19, 07:42:22, 23.39, 45.37
2019-02-19, 07:42:24, 23.39, 45.37
2019-02-19, 07:42:25, 23.4, 45.37
2019-02-19, 07:42:26, 23.4, 45.37
2019-02-19, 07:42:28, 23.39, 45.37
2019-02-19, 07:42:29, 23.4, 45.37
2019-02-19, 07:42:31, 23.4, 45.37
2019-02-19, 07:42:32, 23.4, 45.37
2019-02-19, 07:42:33, 23.42, 45.37
2019-02-19, 07:42:35, 23.41, 45.37
2019-02-19, 07:42:36, 23.4, 45.37
2019-02-19, 07:42:37, 23.4, 45.37
2019-02-19, 07:42:39, 23.4, 45.34
2019-02-19, 07:42:40, 23.4, 45.37
2019-02-19, 07:42:41, 23.39, 45.37
2019-02-19, 07:42:43, 23.4, 45.37
2019-02-19, 07:42:44, 23.4, 45.34
2019-02-19, 07:42:45, 23.4, 45.34
2019-02-19, 07:42:47, 23.4, 45.37
2019-02-19, 07:42:48, 23.39, 45.33
2019-02-19, 07:42:50, 23.4, 45.34
2019-02-19, 07:42:51, 23.4, 45.37
2019-02-19, 07:42:52, 23.4, 45.37
2019-02-19, 07:42:54, 23.4, 45.37
2019-02-19, 07:42:55, 23.26, 45.38
2019-02-19, 07:42:56, 23.36, 45.43
2019-02-19, 07:42:58, 23.37, 45.43
2019-02-19, 07:42:59, 23.38, 45.43
2019-02-19, 07:43:00, 23.39, 45.43
2019-02-19, 07:43:02, 23.39, 45.43
2019-02-19, 07:43:03, 23.39, 45.43
2019-02-19, 07:43:04, 23.4, 45.4
2019-02-19, 07:43:06, 23.4, 45.43
2019-02-19, 07:43:07, 23.4, 45.4
2019-02-19, 07:43:08, 23.4, 45.4
2019-02-19, 07:43:10, 23.4, 45.37
2019-02-19, 07:43:11, 23.4, 45.37
2019-02-19, 07:43:13, 23.4, 45.37
2019-02-19, 07:43:14, 23.4, 45.37
2019-02-19, 07:43:15, 23.4, 45.37
2019-02-19, 07:43:17, 23.4, 45.37
2019-02-19, 07:43:18, 23.39, 45.37
2019-02-19, 07:43:19, 23.4, 45.37
2019-02-19, 07:43:21, 23.39, 45.37
2019-02-19, 07:43:22, 23.39, 45.37
2019-02-19, 07:43:23, 23.38, 45.37
2019-02-19, 07:43:25, 23.39, 45.37
2019-02-19, 07:43:26, 23.4, 45.37
2019-02-19, 07:43:27, 23.39, 45.37
2019-02-19, 07:43:29, 23.38, 45.37
2019-02-19, 07:43:30, 23.39, 45.37
2019-02-19, 07:43:32, 23.38, 45.37
2019-02-19, 07:43:33, 23.39, 45.37
2019-02-19, 07:43:34, 23.4, 45.37
2019-02-19, 07:43:36, 23.4, 45.37
2019-02-19, 07:43:37, 23.41, 45.37
2019-02-19, 07:43:38, 23.42, 45.37
2019-02-19, 07:43:40, 23.42, 45.37
2019-02-19, 07:43:41, 23.4, 45.37
2019-02-19, 07:43:42, 23.4, 45.37
2019-02-19, 07:43:44, 23.4, 45.37
2019-02-19, 07:43:45, 23.39, 45.33
2019-02-19, 07:43:46, 23.41, 45.37
2019-02-19, 07:43:48, 23.4, 45.37
2019-02-19, 07:43:49, 23.4, 45.37
2019-02-19, 07:43:50, 23.4, 45.37
2019-02-19, 07:43:52, 23.39, 45.37
2019-02-19, 07:43:53, 23.39, 45.37
2019-02-19, 07:43:55, 23.4, 45.37
2019-02-19, 07:43:56, 23.4, 45.37
2019-02-19, 07:43:57, 23.4, 45.37
2019-02-19, 07:43:59, 23.32, 45.36
2019-02-19, 07:44:00, 23.38, 45.37
2019-02-19, 07:44:01, 23.39, 45.37
2019-02-19, 07:44:03, 23.39, 45.37
2019-02-19, 07:44:04, 23.38, 45.37
2019-02-19, 07:44:05, 23.39, 45.4
2019-02-19, 07:44:07, 23.4, 45.37
2019-02-19, 07:44:08, 23.39, 45.37
2019-02-19, 07:44:09, 23.4, 45.37
2019-02-19, 07:44:11, 23.41, 45.37
2019-02-19, 07:44:12, 23.4, 45.37
2019-02-19, 07:44:14, 23.4, 45.37
2019-02-19, 07:44:15, 23.4, 45.37
2019-02-19, 07:44:16, 23.42, 45.37
2019-02-19, 07:44:18, 23.41, 45.37
2019-02-19, 07:44:19, 23.4, 45.37
2019-02-19, 07:44:20, 23.41, 45.37
2019-02-19, 07:44:22, 23.41, 45.37
2019-02-19, 07:44:23, 23.41, 45.34
2019-02-19, 07:44:24, 23.4, 45.34
2019-02-19, 07:44:26, 23.39, 45.33
2019-02-19, 07:44:27, 23.39, 45.33
2019-02-19, 07:44:28, 23.39, 45.33
2019-02-19, 07:44:30, 23.41, 45.37
2019-02-19, 07:44:31, 23.4, 45.34
2019-02-19, 07:44:32, 23.4, 45.3
2019-02-19, 07:44:34, 23.4, 45.34
2019-02-19, 07:44:35, 23.4, 45.37
2019-02-19, 07:44:37, 23.38, 45.3
2019-02-19, 07:44:38, 23.4, 45.34
2019-02-19, 07:44:39, 23.41, 45.34
2019-02-19, 07:44:41, 23.41, 45.34
2019-02-19, 07:44:42, 23.39, 45.33
2019-02-19, 07:44:43, 23.39, 45.33
2019-02-19, 07:44:45, 23.4, 45.34
2019-02-19, 07:44:46, 23.4, 45.34
2019-02-19, 07:44:47, 23.4, 45.3
2019-02-19, 07:44:49, 23.39, 45.3
2019-02-19, 07:44:50, 23.39, 45.3
2019-02-19, 07:44:51, 23.39, 45.3
2019-02-19, 07:44:53, 23.39, 45.3
2019-02-19, 07:44:54, 23.41, 45.3
2019-02-19, 07:44:56, 23.42, 45.31
2019-02-19, 07:44:57, 23.4, 45.3
2019-02-19, 07:44:58, 23.41, 45.3
2019-02-19, 07:45:00, 23.41, 45.3
2019-02-19, 07:45:01, 23.42, 45.31
2019-02-19, 07:45:02, 23.42, 45.34
2019-02-19, 07:45:04, 23.41, 45.34
2019-02-19, 07:45:05, 23.41, 45.3
2019-02-19, 07:45:06, 23.42, 45.34
2019-02-19, 07:45:08, 23.42, 45.34
2019-02-19, 07:45:09, 23.43, 45.34
2019-02-19, 07:45:10, 23.4, 45.3
2019-02-19, 07:45:12, 23.4, 45.3
2019-02-19, 07:45:13, 23.42, 45.34
2019-02-19, 07:45:14, 23.42, 45.31
2019-02-19, 07:45:16, 23.41, 45.3
2019-02-19, 07:45:17, 23.41, 45.3
2019-02-19, 07:45:19, 23.42, 45.31
2019-02-19, 07:45:20, 23.42, 45.31
2019-02-19, 07:45:21, 23.42, 45.31
2019-02-19, 07:45:23, 23.42, 45.31
2019-02-19, 07:45:24, 23.41, 45.3
2019-02-19, 07:45:25, 23.41, 45.3
2019-02-19, 07:45:27, 23.42, 45.31
2019-02-19, 07:45:28, 23.32, 45.33
2019-02-19, 07:45:29, 23.4, 45.37
2019-02-19, 07:45:31, 23.4, 45.34
2019-02-19, 07:45:32, 23.42, 45.37
2019-02-19, 07:45:33, 23.42, 45.37
2019-02-19, 07:45:35, 23.41, 45.34
2019-02-19, 07:45:36, 23.41, 45.34
2019-02-19, 07:45:38, 23.42, 45.34
2019-02-19, 07:45:39, 23.42, 45.34
2019-02-19, 07:45:40, 23.42, 45.34
2019-02-19, 07:45:42, 23.43, 45.34
2019-02-19, 07:45:43, 23.42, 45.31
2019-02-19, 07:45:44, 23.42, 45.34
2019-02-19, 07:45:46, 23.42, 45.31
2019-02-19, 07:45:47, 23.42, 45.31
2019-02-19, 07:45:48, 23.41, 45.3
2019-02-19, 07:45:50, 23.44, 45.31
2019-02-19, 07:45:51, 23.42, 45.31
2019-02-19, 07:45:52, 23.37, 45.3
2019-02-19, 07:45:54, 23.41, 45.3
2019-02-19, 07:45:55, 23.42, 45.31
2019-02-19, 07:45:56, 23.42, 45.31
2019-02-19, 07:45:58, 23.31, 45.29
2019-02-19, 07:45:59, 23.4, 45.37
2019-02-19, 07:46:01, 23.42, 45.37
2019-02-19, 07:46:02, 23.42, 45.37
2019-02-19, 07:46:03, 23.42, 45.34
2019-02-19, 07:46:05, 23.43, 45.31
2019-02-19, 07:46:06, 23.43, 45.34
2019-02-19, 07:46:07, 23.44, 45.31
2019-02-19, 07:46:09, 23.42, 45.31
2019-02-19, 07:46:10, 23.42, 45.31
2019-02-19, 07:46:11, 23.42, 45.31
2019-02-19, 07:46:13, 23.42, 45.31
2019-02-19, 07:46:14, 23.42, 45.31
2019-02-19, 07:46:15, 23.42, 45.31
2019-02-19, 07:46:17, 23.43, 45.31
2019-02-19, 07:46:18, 23.42, 45.31
2019-02-19, 07:46:19, 23.43, 45.31
2019-02-19, 07:46:21, 23.42, 45.31
2019-02-19, 07:46:22, 23.35, 45.3
2019-02-19, 07:46:24, 23.42, 45.34
2019-02-19, 07:46:25, 23.44, 45.34
2019-02-19, 07:46:26, 23.43, 45.31
2019-02-19, 07:46:28, 23.29, 45.35
2019-02-19, 07:46:29, 23.4, 45.37
2019-02-19, 07:46:30, 23.42, 45.37
2019-02-19, 07:46:32, 23.42, 45.37
2019-02-19, 07:46:33, 23.42, 45.37
2019-02-19, 07:46:34, 23.43, 45.37
2019-02-19, 07:46:36, 23.44, 45.34
2019-02-19, 07:46:37, 23.43, 45.34
2019-02-19, 07:46:38, 23.44, 45.34
2019-02-19, 07:46:40, 23.44, 45.31
2019-02-19, 07:46:41, 23.44, 45.31
2019-02-19, 07:46:43, 23.44, 45.34
2019-02-19, 07:46:44, 23.44, 45.31
2019-02-19, 07:46:45, 23.45, 45.31
2019-02-19, 07:46:47, 23.44, 45.31
2019-02-19, 07:46:48, 23.44, 45.28
2019-02-19, 07:46:49, 23.43, 45.31
2019-02-19, 07:46:51, 23.44, 45.28
2019-02-19, 07:46:52, 23.44, 45.28
2019-02-19, 07:46:53, 23.44, 45.31
2019-02-19, 07:46:55, 23.43, 45.31
2019-02-19, 07:46:56, 23.42, 45.27
2019-02-19, 07:46:57, 23.46, 45.28
2019-02-19, 07:46:59, 23.44, 45.28
2019-02-19, 07:47:00, 23.45, 45.31
2019-02-19, 07:47:02, 23.44, 45.28
2019-02-19, 07:47:03, 23.46, 45.25
2019-02-19, 07:47:04, 23.46, 45.28
2019-02-19, 07:47:06, 23.45, 45.28
2019-02-19, 07:47:07, 23.45, 45.25
2019-02-19, 07:47:08, 23.45, 45.25
2019-02-19, 07:47:10, 23.45, 45.25
2019-02-19, 07:47:11, 23.46, 45.28
2019-02-19, 07:47:12, 23.45, 45.25
2019-02-19, 07:47:14, 23.44, 45.24
2019-02-19, 07:47:15, 23.44, 45.24
2019-02-19, 07:47:16, 23.44, 45.24
2019-02-19, 07:47:18, 23.45, 45.25
2019-02-19, 07:47:19, 23.45, 45.25
2019-02-19, 07:47:21, 23.44, 45.24
2019-02-19, 07:47:22, 23.3, 45.23
2019-02-19, 07:47:23, 23.4, 45.3
2019-02-19, 07:47:25, 23.42, 45.31
2019-02-19, 07:47:26, 23.43, 45.31
2019-02-19, 07:47:27, 23.43, 45.31
2019-02-19, 07:47:29, 23.42, 45.31
2019-02-19, 07:47:30, 23.43, 45.31
2019-02-19, 07:47:31, 23.43, 45.28
2019-02-19, 07:47:33, 23.41, 45.24
2019-02-19, 07:47:34, 23.42, 45.27
2019-02-19, 07:47:35, 23.43, 45.24
2019-02-19, 07:47:37, 23.42, 45.24
2019-02-19, 07:47:38, 23.43, 45.24
2019-02-19, 07:47:40, 23.43, 45.24
2019-02-19, 07:47:41, 23.44, 45.24
2019-02-19, 07:47:42, 23.44, 45.28
2019-02-19, 07:47:44, 23.43, 45.24
2019-02-19, 07:47:45, 23.43, 45.24
2019-02-19, 07:47:46, 23.44, 45.24
2019-02-19, 07:47:48, 23.45, 45.28
2019-02-19, 07:47:49, 23.44, 45.24
2019-02-19, 07:47:50, 23.43, 45.24
2019-02-19, 07:47:52, 23.45, 45.25
2019-02-19, 07:47:53, 23.45, 45.25
2019-02-19, 07:47:54, 23.44, 45.28
2019-02-19, 07:47:56, 23.45, 45.25
2019-02-19, 07:47:57, 23.45, 45.25
2019-02-19, 07:47:58, 23.46, 45.25
2019-02-19, 07:48:00, 23.45, 45.25
2019-02-19, 07:48:01, 23.46, 45.25
2019-02-19, 07:48:03, 23.46, 45.25
2019-02-19, 07:48:04, 23.44, 45.24
2019-02-19, 07:48:05, 23.46, 45.25
2019-02-19, 07:48:07, 23.44, 45.24
2019-02-19, 07:48:08, 23.44, 45.24
2019-02-19, 07:48:09, 23.45, 45.25
2019-02-19, 07:48:11, 23.45, 45.21
2019-02-19, 07:48:12, 23.44, 45.24
2019-02-19, 07:48:13, 23.44, 45.24
2019-02-19, 07:48:15, 23.45, 45.25
2019-02-19, 07:48:16, 23.44, 45.24
2019-02-19, 07:48:17, 23.45, 45.25
2019-02-19, 07:48:19, 23.45, 45.25
2019-02-19, 07:48:20, 23.45, 45.25
2019-02-19, 07:48:22, 23.44, 45.24
2019-02-19, 07:48:23, 23.47, 45.25
2019-02-19, 07:48:24, 23.46, 45.25
2019-02-19, 07:48:26, 23.45, 45.25
2019-02-19, 07:48:27, 23.45, 45.25
2019-02-19, 07:48:28, 23.45, 45.25
2019-02-19, 07:48:30, 23.45, 45.21
2019-02-19, 07:48:31, 23.46, 45.25
2019-02-19, 07:48:32, 23.46, 45.25
2019-02-19, 07:48:34, 23.45, 45.25
2019-02-19, 07:48:35, 23.46, 45.25
2019-02-19, 07:48:36, 23.45, 45.25
2019-02-19, 07:48:38, 23.45, 45.25
2019-02-19, 07:48:39, 23.45, 45.25
2019-02-19, 07:48:40, 23.46, 45.21
2019-02-19, 07:48:42, 23.46, 45.25
2019-02-19, 07:48:43, 23.45, 45.25
2019-02-19, 07:48:45, 23.45, 45.25
2019-02-19, 07:48:46, 23.47, 45.22
2019-02-19, 07:48:47, 23.46, 45.21
2019-02-19, 07:48:49, 23.45, 45.21
2019-02-19, 07:48:50, 23.45, 45.25
2019-02-19, 07:48:51, 23.45, 45.21
2019-02-19, 07:48:53, 23.45, 45.21
2019-02-19, 07:48:54, 23.45, 45.25
2019-02-19, 07:48:55, 23.46, 45.25
2019-02-19, 07:48:57, 23.44, 45.24
2019-02-19, 07:48:58, 23.45, 45.25
2019-02-19, 07:48:59, 23.44, 45.24
2019-02-19, 07:49:01, 23.46, 45.25
2019-02-19, 07:49:02, 23.46, 45.21
2019-02-19, 07:49:04, 23.46, 45.25
2019-02-19, 07:49:05, 23.45, 45.25
2019-02-19, 07:49:06, 23.46, 45.21
2019-02-19, 07:49:08, 23.46, 45.25
2019-02-19, 07:49:09, 23.46, 45.25
2019-02-19, 07:49:10, 23.44, 45.24
2019-02-19, 07:49:12, 23.45, 45.25
2019-02-19, 07:49:13, 23.46, 45.25
2019-02-19, 07:49:14, 23.46, 45.21
2019-02-19, 07:49:16, 23.45, 45.25
2019-02-19, 07:49:17, 23.46, 45.25
2019-02-19, 07:49:19, 23.46, 45.25
2019-02-19, 07:49:20, 23.46, 45.25
2019-02-19, 07:49:21, 23.46, 45.25
2019-02-19, 07:49:23, 23.47, 45.25
2019-02-19, 07:49:24, 23.46, 45.25
2019-02-19, 07:49:25, 23.47, 45.25
2019-02-19, 07:49:27, 23.46, 45.21
2019-02-19, 07:49:28, 23.46, 45.25
2019-02-19, 07:49:29, 23.47, 45.22
2019-02-19, 07:49:31, 23.46, 45.25
2019-02-19, 07:49:32, 23.47, 45.25
2019-02-19, 07:49:33, 23.45, 45.25
2019-02-19, 07:49:35, 23.45, 45.25
2019-02-19, 07:49:36, 23.46, 45.25
2019-02-19, 07:49:38, 23.45, 45.21
2019-02-19, 07:49:39, 23.46, 45.21
2019-02-19, 07:49:40, 23.46, 45.25
2019-02-19, 07:49:42, 23.46, 45.21
2019-02-19, 07:49:43, 23.46, 45.25
2019-02-19, 07:49:44, 23.47, 45.25
2019-02-19, 07:49:46, 23.48, 45.22
2019-02-19, 07:49:47, 23.47, 45.22
2019-02-19, 07:49:48, 23.48, 45.22
2019-02-19, 07:49:50, 23.48, 45.22
2019-02-19, 07:49:51, 23.48, 45.22
2019-02-19, 07:49:52, 23.47, 45.22
2019-02-19, 07:49:54, 23.46, 45.21
2019-02-19, 07:49:55, 23.46, 45.21
2019-02-19, 07:49:56, 23.47, 45.25
2019-02-19, 07:49:58, 23.47, 45.25
2019-02-19, 07:49:59, 23.45, 45.21
2019-02-19, 07:50:01, 23.46, 45.21
2019-02-19, 07:50:02, 23.45, 45.21
2019-02-19, 07:50:03, 23.45, 45.21
2019-02-19, 07:50:05, 23.46, 45.21
2019-02-19, 07:50:06, 23.46, 45.21
2019-02-19, 07:50:07, 23.46, 45.25
2019-02-19, 07:50:09, 23.46, 45.25
2019-02-19, 07:50:10, 23.46, 45.21
2019-02-19, 07:50:11, 23.46, 45.25
2019-02-19, 07:50:13, 23.46, 45.25
2019-02-19, 07:50:14, 23.46, 45.25
2019-02-19, 07:50:15, 23.47, 45.25
2019-02-19, 07:50:17, 23.47, 45.25
2019-02-19, 07:50:18, 23.47, 45.25
2019-02-19, 07:50:20, 23.46, 45.25
2019-02-19, 07:50:21, 23.46, 45.21
2019-02-19, 07:50:22, 23.46, 45.25
2019-02-19, 07:50:24, 23.46, 45.25
2019-02-19, 07:50:25, 23.47, 45.22
2019-02-19, 07:50:26, 23.47, 45.25
2019-02-19, 07:50:28, 23.48, 45.22
2019-02-19, 07:50:29, 23.46, 45.25
2019-02-19, 07:50:30, 23.47, 45.25
2019-02-19, 07:50:32, 23.47, 45.22
2019-02-19, 07:50:33, 23.48, 45.25
2019-02-19, 07:50:34, 23.47, 45.22
2019-02-19, 07:50:36, 23.47, 45.25
2019-02-19, 07:50:37, 23.46, 45.25
2019-02-19, 07:50:39, 23.48, 45.25
2019-02-19, 07:50:40, 23.46, 45.21
2019-02-19, 07:50:41, 23.48, 45.22
2019-02-19, 07:50:43, 23.49, 45.22
2019-02-19, 07:50:44, 23.48, 45.22
2019-02-19, 07:50:45, 23.48, 45.22
2019-02-19, 07:50:47, 23.47, 45.22
2019-02-19, 07:50:48, 23.48, 45.22
2019-02-19, 07:50:49, 23.47, 45.18
2019-02-19, 07:50:51, 23.48, 45.18
2019-02-19, 07:50:52, 23.48, 45.18
2019-02-19, 07:50:53, 23.48, 45.18
2019-02-19, 07:50:55, 23.48, 45.18
2019-02-19, 07:50:56, 23.48, 45.18
2019-02-19, 07:50:58, 23.48, 45.18
2019-02-19, 07:50:59, 23.48, 45.18
2019-02-19, 07:51:00, 23.47, 45.22
2019-02-19, 07:51:02, 23.47, 45.18
2019-02-19, 07:51:03, 23.46, 45.18
2019-02-19, 07:51:04, 23.48, 45.18
2019-02-19, 07:51:06, 23.47, 45.18
2019-02-19, 07:51:07, 23.48, 45.18
2019-02-19, 07:51:08, 23.46, 45.18
2019-02-19, 07:51:10, 23.47, 45.18
2019-02-19, 07:51:11, 23.48, 45.18
2019-02-19, 07:51:13, 23.48, 45.18
2019-02-19, 07:51:14, 23.46, 45.18
2019-02-19, 07:51:15, 23.47, 45.18
2019-02-19, 07:51:17, 23.48, 45.18
2019-02-19, 07:51:18, 23.47, 45.22
2019-02-19, 07:51:19, 23.48, 45.18
2019-02-19, 07:51:21, 23.46, 45.18
2019-02-19, 07:51:22, 23.48, 45.18
2019-02-19, 07:51:23, 23.48, 45.18
2019-02-19, 07:51:25, 23.48, 45.18
2019-02-19, 07:51:26, 23.49, 45.19
2019-02-19, 07:51:27, 23.48, 45.18
2019-02-19, 07:51:29, 23.48, 45.18
2019-02-19, 07:51:30, 23.47, 45.18
2019-02-19, 07:51:31, 23.48, 45.18
2019-02-19, 07:51:33, 23.48, 45.18
2019-02-19, 07:51:34, 23.48, 45.18
2019-02-19, 07:51:36, 23.48, 45.18
2019-02-19, 07:51:37, 23.48, 45.18
2019-02-19, 07:51:38, 23.49, 45.19
2019-02-19, 07:51:40, 23.48, 45.18
2019-02-19, 07:51:41, 23.49, 45.19
2019-02-19, 07:51:42, 23.49, 45.19
2019-02-19, 07:51:44, 23.49, 45.19
2019-02-19, 07:51:45, 23.49, 45.19
2019-02-19, 07:51:46, 23.48, 45.15
2019-02-19, 07:51:48, 23.48, 45.15
2019-02-19, 07:51:49, 23.48, 45.18
2019-02-19, 07:51:50, 23.48, 45.12
2019-02-19, 07:51:52, 23.5, 45.15
2019-02-19, 07:51:53, 23.5, 45.15
2019-02-19, 07:51:54, 23.49, 45.15
2019-02-19, 07:51:56, 23.49, 45.15
2019-02-19, 07:51:57, 23.49, 45.15
2019-02-19, 07:51:59, 23.5, 45.15
2019-02-19, 07:52:00, 23.5, 45.15
2019-02-19, 07:52:01, 23.49, 45.15
2019-02-19, 07:52:03, 23.5, 45.19
2019-02-19, 07:52:04, 23.5, 45.19
2019-02-19, 07:52:05, 23.5, 45.15
2019-02-19, 07:52:07, 23.5, 45.15
2019-02-19, 07:52:08, 23.5, 45.15
2019-02-19, 07:52:09, 23.5, 45.15
2019-02-19, 07:52:11, 23.49, 45.15
2019-02-19, 07:52:12, 23.49, 45.12
2019-02-19, 07:52:13, 23.5, 45.15
2019-02-19, 07:52:15, 23.5, 45.15
2019-02-19, 07:52:16, 23.49, 45.12
2019-02-19, 07:52:17, 23.5, 45.12
2019-02-19, 07:52:19, 23.5, 45.12
2019-02-19, 07:52:20, 23.5, 45.15
2019-02-19, 07:52:22, 23.51, 45.12
2019-02-19, 07:52:23, 23.49, 45.15
2019-02-19, 07:52:24, 23.5, 45.15
2019-02-19, 07:52:26, 23.5, 45.15
2019-02-19, 07:52:27, 23.49, 45.12
2019-02-19, 07:52:28, 23.49, 45.12
2019-02-19, 07:52:30, 23.49, 45.12
2019-02-19, 07:52:31, 23.5, 45.12
2019-02-19, 07:52:32, 23.5, 45.12
2019-02-19, 07:52:34, 23.51, 45.12
2019-02-19, 07:52:35, 23.52, 45.13
2019-02-19, 07:52:36, 23.52, 45.13
2019-02-19, 07:52:38, 23.5, 45.12
2019-02-19, 07:52:39, 23.52, 45.13
2019-02-19, 07:52:40, 23.52, 45.13
2019-02-19, 07:52:42, 23.52, 45.13
2019-02-19, 07:52:43, 23.51, 45.16
2019-02-19, 07:52:45, 23.51, 45.12
2019-02-19, 07:52:46, 23.52, 45.13
2019-02-19, 07:52:47, 23.52, 45.13
2019-02-19, 07:52:49, 23.51, 45.12
2019-02-19, 07:52:50, 23.51, 45.12
2019-02-19, 07:52:51, 23.51, 45.12
2019-02-19, 07:52:53, 23.51, 45.12
2019-02-19, 07:52:54, 23.51, 45.12
2019-02-19, 07:52:55, 23.52, 45.13
2019-02-19, 07:52:57, 23.52, 45.13
2019-02-19, 07:52:58, 23.51, 45.12
2019-02-19, 07:52:59, 23.51, 45.12
2019-02-19, 07:53:01, 23.5, 45.12
2019-02-19, 07:53:02, 23.52, 45.13
2019-02-19, 07:53:04, 23.52, 45.13
2019-02-19, 07:53:05, 23.52, 45.13
2019-02-19, 07:53:06, 23.52, 45.13
2019-02-19, 07:53:08, 23.52, 45.13
2019-02-19, 07:53:09, 23.52, 45.09
2019-02-19, 07:53:10, 23.52, 45.13
2019-02-19, 07:53:12, 23.52, 45.13
2019-02-19, 07:53:13, 23.52, 45.09
2019-02-19, 07:53:14, 23.51, 45.12
2019-02-19, 07:53:16, 23.5, 45.12
2019-02-19, 07:53:17, 23.51, 45.12
2019-02-19, 07:53:18, 23.52, 45.13
2019-02-19, 07:53:20, 23.52, 45.13
2019-02-19, 07:53:21, 23.51, 45.12
2019-02-19, 07:53:22, 23.51, 45.12
2019-02-19, 07:53:24, 23.5, 45.12
2019-02-19, 07:53:25, 23.52, 45.13
2019-02-19, 07:53:27, 23.51, 45.09
2019-02-19, 07:53:28, 23.51, 45.12
2019-02-19, 07:53:29, 23.52, 45.13
2019-02-19, 07:53:31, 23.51, 45.12
2019-02-19, 07:53:32, 23.51, 45.12
2019-02-19, 07:53:33, 23.5, 45.09
2019-02-19, 07:53:35, 23.51, 45.12
2019-02-19, 07:53:36, 23.5, 45.12
2019-02-19, 07:53:37, 23.51, 45.09
2019-02-19, 07:53:39, 23.5, 45.12
2019-02-19, 07:53:40, 23.51, 45.12
2019-02-19, 07:53:41, 23.5, 45.12
2019-02-19, 07:53:43, 23.51, 45.12
2019-02-19, 07:53:44, 23.5, 45.12
2019-02-19, 07:53:46, 23.5, 45.12
2019-02-19, 07:53:47, 23.5, 45.12
2019-02-19, 07:53:48, 23.5, 45.12
2019-02-19, 07:53:50, 23.51, 45.12
2019-02-19, 07:53:51, 23.51, 45.12
2019-02-19, 07:53:52, 23.51, 45.12
2019-02-19, 07:53:54, 23.52, 45.13
2019-02-19, 07:53:55, 23.52, 45.13
2019-02-19, 07:53:56, 23.51, 45.12
2019-02-19, 07:53:58, 23.52, 45.13
2019-02-19, 07:53:59, 23.51, 45.12
2019-02-19, 07:54:00, 23.52, 45.09
2019-02-19, 07:54:02, 23.52, 45.09
2019-02-19, 07:54:03, 23.52, 45.13
2019-02-19, 07:54:04, 23.52, 45.09
2019-02-19, 07:54:06, 23.52, 45.09
2019-02-19, 07:54:07, 23.52, 45.13
2019-02-19, 07:54:09, 23.5, 45.12
2019-02-19, 07:54:10, 23.52, 45.13
2019-02-19, 07:54:11, 23.5, 45.12
2019-02-19, 07:54:13, 23.51, 45.12
2019-02-19, 07:54:14, 23.5, 45.12
2019-02-19, 07:54:15, 23.51, 45.12
2019-02-19, 07:54:17, 23.5, 45.12
2019-02-19, 07:54:18, 23.52, 45.13
2019-02-19, 07:54:19, 23.52, 45.13
2019-02-19, 07:54:21, 23.51, 45.12
2019-02-19, 07:54:22, 23.52, 45.13
2019-02-19, 07:54:23, 23.5, 45.09
2019-02-19, 07:54:25, 23.5, 45.12
2019-02-19, 07:54:26, 23.5, 45.09
2019-02-19, 07:54:28, 23.5, 45.12
2019-02-19, 07:54:29, 23.49, 45.12
2019-02-19, 07:54:30, 23.49, 45.12
2019-02-19, 07:54:32, 23.49, 45.12
2019-02-19, 07:54:33, 23.5, 45.12
2019-02-19, 07:54:34, 23.49, 45.06
2019-02-19, 07:54:36, 23.49, 45.12
2019-02-19, 07:54:37, 23.48, 45.12
2019-02-19, 07:54:38, 23.49, 45.12
2019-02-19, 07:54:40, 23.5, 45.12
2019-02-19, 07:54:41, 23.5, 45.12
2019-02-19, 07:54:42, 23.49, 45.12
2019-02-19, 07:54:44, 23.49, 45.12
2019-02-19, 07:54:45, 23.49, 45.12
2019-02-19, 07:54:47, 23.41, 45.11
2019-02-19, 07:54:48, 23.48, 45.15
2019-02-19, 07:54:49, 23.49, 45.15
2019-02-19, 07:54:51, 23.5, 45.19
2019-02-19, 07:54:52, 23.5, 45.15
2019-02-19, 07:54:53, 23.5, 45.15
2019-02-19, 07:54:55, 23.49, 45.15
2019-02-19, 07:54:56, 23.51, 45.12
2019-02-19, 07:54:57, 23.5, 45.12
2019-02-19, 07:54:59, 23.51, 45.16
2019-02-19, 07:55:00, 23.5, 45.15
2019-02-19, 07:55:01, 23.49, 45.15
2019-02-19, 07:55:03, 23.5, 45.12
2019-02-19, 07:55:04, 23.5, 45.12
2019-02-19, 07:55:06, 23.5, 45.12
2019-02-19, 07:55:07, 23.49, 45.12
2019-02-19, 07:55:08, 23.5, 45.12
2019-02-19, 07:55:10, 23.5, 45.12
2019-02-19, 07:55:11, 23.5, 45.12
2019-02-19, 07:55:12, 23.49, 45.12
2019-02-19, 07:55:14, 23.5, 45.12
2019-02-19, 07:55:15, 23.49, 45.12
2019-02-19, 07:55:16, 23.48, 45.12
2019-02-19, 07:55:18, 23.5, 45.12
2019-02-19, 07:55:19, 23.5, 45.12
2019-02-19, 07:55:20, 23.5, 45.12
2019-02-19, 07:55:22, 23.36, 45.17
2019-02-19, 07:55:23, 23.45, 45.18
2019-02-19, 07:55:25, 23.48, 45.22
2019-02-19, 07:55:26, 23.48, 45.22
2019-02-19, 07:55:27, 23.48, 45.18
2019-02-19, 07:55:29, 23.47, 45.22
2019-02-19, 07:55:30, 23.5, 45.19
2019-02-19, 07:55:31, 23.5, 45.19
2019-02-19, 07:55:33, 23.5, 45.15
2019-02-19, 07:55:34, 23.48, 45.18
2019-02-19, 07:55:35, 23.49, 45.19
2019-02-19, 07:55:37, 23.49, 45.15
2019-02-19, 07:55:38, 23.49, 45.15
2019-02-19, 07:55:39, 23.49, 45.15
2019-02-19, 07:55:41, 23.49, 45.15
2019-02-19, 07:55:42, 23.49, 45.19
2019-02-19, 07:55:43, 23.5, 45.15
2019-02-19, 07:55:45, 23.48, 45.18
2019-02-19, 07:55:46, 23.36, 45.17
2019-02-19, 07:55:48, 23.45, 45.21
2019-02-19, 07:55:49, 23.47, 45.22
2019-02-19, 07:55:50, 23.46, 45.18
2019-02-19, 07:55:52, 23.47, 45.18
2019-02-19, 07:55:53, 23.47, 45.18
2019-02-19, 07:55:54, 23.46, 45.21
2019-02-19, 07:55:56, 23.47, 45.18
2019-02-19, 07:55:57, 23.48, 45.18
2019-02-19, 07:55:58, 23.49, 45.19
2019-02-19, 07:56:00, 23.48, 45.18
2019-02-19, 07:56:01, 23.48, 45.18
2019-02-19, 07:56:02, 23.48, 45.18
2019-02-19, 07:56:04, 23.48, 45.15
2019-02-19, 07:56:05, 23.49, 45.19
2019-02-19, 07:56:07, 23.48, 45.15
2019-02-19, 07:56:08, 23.49, 45.19
2019-02-19, 07:56:09, 23.5, 45.19
2019-02-19, 07:56:11, 23.49, 45.19
2019-02-19, 07:56:12, 23.48, 45.18
2019-02-19, 07:56:13, 23.48, 45.15
2019-02-19, 07:56:15, 23.49, 45.19
2019-02-19, 07:56:16, 23.34, 45.17
2019-02-19, 07:56:17, 23.44, 45.21
2019-02-19, 07:56:19, 23.45, 45.25
2019-02-19, 07:56:20, 23.46, 45.25
2019-02-19, 07:56:21, 23.46, 45.21
2019-02-19, 07:56:23, 23.47, 45.22
2019-02-19, 07:56:24, 23.48, 45.22
2019-02-19, 07:56:25, 23.47, 45.22
2019-02-19, 07:56:27, 23.48, 45.22
2019-02-19, 07:56:28, 23.48, 45.22
2019-02-19, 07:56:30, 23.49, 45.19
2019-02-19, 07:56:31, 23.48, 45.18
2019-02-19, 07:56:32, 23.49, 45.19
2019-02-19, 07:56:34, 23.48, 45.18
2019-02-19, 07:56:35, 23.48, 45.18
2019-02-19, 07:56:36, 23.48, 45.18
2019-02-19, 07:56:38, 23.47, 45.18
2019-02-19, 07:56:39, 23.47, 45.18
2019-02-19, 07:56:40, 23.48, 45.18
2019-02-19, 07:56:42, 23.48, 45.18
2019-02-19, 07:56:43, 23.47, 45.18
2019-02-19, 07:56:44, 23.48, 45.18
2019-02-19, 07:56:46, 23.49, 45.19
2019-02-19, 07:56:47, 23.48, 45.18
2019-02-19, 07:56:49, 23.48, 45.18
2019-02-19, 07:56:50, 23.48, 45.18
2019-02-19, 07:56:51, 23.49, 45.19
2019-02-19, 07:56:53, 23.48, 45.18
2019-02-19, 07:56:54, 23.48, 45.18
2019-02-19, 07:56:55, 23.49, 45.15
2019-02-19, 07:56:57, 23.5, 45.15
2019-02-19, 07:56:58, 23.48, 45.15
2019-02-19, 07:56:59, 23.49, 45.19
2019-02-19, 07:57:01, 23.49, 45.19
2019-02-19, 07:57:02, 23.48, 45.15
2019-02-19, 07:57:03, 23.5, 45.19
2019-02-19, 07:57:05, 23.48, 45.18
2019-02-19, 07:57:06, 23.49, 45.15
2019-02-19, 07:57:07, 23.48, 45.15
2019-02-19, 07:57:09, 23.47, 45.12
2019-02-19, 07:57:10, 23.47, 45.15
2019-02-19, 07:57:12, 23.46, 45.15
2019-02-19, 07:57:13, 23.47, 45.18
2019-02-19, 07:57:14, 23.46, 45.18
2019-02-19, 07:57:16, 23.47, 45.18
2019-02-19, 07:57:17, 23.48, 45.18
2019-02-19, 07:57:18, 23.48, 45.18
2019-02-19, 07:57:20, 23.48, 45.18
2019-02-19, 07:57:21, 23.48, 45.18
2019-02-19, 07:57:22, 23.48, 45.18
2019-02-19, 07:57:24, 23.47, 45.18
2019-02-19, 07:57:25, 23.48, 45.18
2019-02-19, 07:57:27, 23.48, 45.18
2019-02-19, 07:57:28, 23.47, 45.18
2019-02-19, 07:57:29, 23.48, 45.18
2019-02-19, 07:57:31, 23.47, 45.15
2019-02-19, 07:57:32, 23.46, 45.15
2019-02-19, 07:57:33, 23.46, 45.15
2019-02-19, 07:57:35, 23.46, 45.18
2019-02-19, 07:57:36, 23.48, 45.18
2019-02-19, 07:57:37, 23.47, 45.18
2019-02-19, 07:57:39, 23.48, 45.18
2019-02-19, 07:57:40, 23.48, 45.18
2019-02-19, 07:57:41, 23.47, 45.18
2019-02-19, 07:57:43, 23.47, 45.15
2019-02-19, 07:57:44, 23.47, 45.15
2019-02-19, 07:57:45, 23.46, 45.18
2019-02-19, 07:57:47, 23.46, 45.18
2019-02-19, 07:57:48, 23.46, 45.18
2019-02-19, 07:57:50, 23.46, 45.18
2019-02-19, 07:57:51, 23.47, 45.15
2019-02-19, 07:57:52, 23.46, 45.18
2019-02-19, 07:57:54, 23.46, 45.15
2019-02-19, 07:57:55, 23.46, 45.18
2019-02-19, 07:57:56, 23.46, 45.18
2019-02-19, 07:57:58, 23.46, 45.18
2019-02-19, 07:57:59, 23.46, 45.18
2019-02-19, 07:58:00, 23.46, 45.18
2019-02-19, 07:58:02, 23.46, 45.21
2019-02-19, 07:58:03, 23.46, 45.18
2019-02-19, 07:58:04, 23.47, 45.18
2019-02-19, 07:58:06, 23.47, 45.18
2019-02-19, 07:58:07, 23.47, 45.18
2019-02-19, 07:58:09, 23.47, 45.18
2019-02-19, 07:58:10, 23.46, 45.18
2019-02-19, 07:58:11, 23.46, 45.18
2019-02-19, 07:58:13, 23.46, 45.21
2019-02-19, 07:58:14, 23.45, 45.18
2019-02-19, 07:58:15, 23.46, 45.18
2019-02-19, 07:58:17, 23.47, 45.18
2019-02-19, 07:58:18, 23.46, 45.21
2019-02-19, 07:58:19, 23.46, 45.18
2019-02-19, 07:58:21, 23.46, 45.21
2019-02-19, 07:58:22, 23.46, 45.21
2019-02-19, 07:58:23, 23.46, 45.25
2019-02-19, 07:58:25, 23.46, 45.25
2019-02-19, 07:58:26, 23.45, 45.21
2019-02-19, 07:58:27, 23.46, 45.21
2019-02-19, 07:58:29, 23.46, 45.21
2019-02-19, 07:58:30, 23.46, 45.25
2019-02-19, 07:58:32, 23.45, 45.21
2019-02-19, 07:58:33, 23.46, 45.21
2019-02-19, 07:58:34, 23.45, 45.25
2019-02-19, 07:58:36, 23.46, 45.21
2019-02-19, 07:58:37, 23.45, 45.21
2019-02-19, 07:58:38, 23.47, 45.22
2019-02-19, 07:58:40, 23.46, 45.21
2019-02-19, 07:58:41, 23.46, 45.25
2019-02-19, 07:58:42, 23.46, 45.21
2019-02-19, 07:58:44, 23.4, 45.21
2019-02-19, 07:58:45, 23.44, 45.24
2019-02-19, 07:58:46, 23.45, 45.25
2019-02-19, 07:58:48, 23.44, 45.24
2019-02-19, 07:58:49, 23.43, 45.24
2019-02-19, 07:58:51, 23.45, 45.25
2019-02-19, 07:58:52, 23.44, 45.24
2019-02-19, 07:58:53, 23.44, 45.24
2019-02-19, 07:58:55, 23.44, 45.24
2019-02-19, 07:58:56, 23.43, 45.24
2019-02-19, 07:58:57, 23.44, 45.24
2019-02-19, 07:58:59, 23.43, 45.24
2019-02-19, 07:59:00, 23.44, 45.28
2019-02-19, 07:59:01, 23.44, 45.28
2019-02-19, 07:59:03, 23.45, 45.31
2019-02-19, 07:59:04, 23.45, 45.28
2019-02-19, 07:59:05, 23.43, 45.28
2019-02-19, 07:59:07, 23.44, 45.31
2019-02-19, 07:59:08, 23.44, 45.31
2019-02-19, 07:59:10, 23.44, 45.28
2019-02-19, 07:59:11, 23.44, 45.28
2019-02-19, 07:59:12, 23.43, 45.31
2019-02-19, 07:59:14, 23.43, 45.28
2019-02-19, 07:59:15, 23.43, 45.28
2019-02-19, 07:59:16, 23.44, 45.28
2019-02-19, 07:59:18, 23.44, 45.24
2019-02-19, 07:59:19, 23.44, 45.31
2019-02-19, 07:59:20, 23.44, 45.28
2019-02-19, 07:59:22, 23.45, 45.28
2019-02-19, 07:59:23, 23.44, 45.31
2019-02-19, 07:59:24, 23.44, 45.31
2019-02-19, 07:59:26, 23.43, 45.28
2019-02-19, 07:59:27, 23.43, 45.31
2019-02-19, 07:59:29, 23.43, 45.24
2019-02-19, 07:59:30, 23.42, 45.27
2019-02-19, 07:59:31, 23.42, 45.27
2019-02-19, 07:59:33, 23.4, 45.3
2019-02-19, 07:59:34, 23.43, 45.31
2019-02-19, 07:59:35, 23.43, 45.31
2019-02-19, 07:59:37, 23.42, 45.27
2019-02-19, 07:59:38, 23.41, 45.3
2019-02-19, 07:59:39, 23.43, 45.31
2019-02-19, 07:59:41, 23.41, 45.3
2019-02-19, 07:59:42, 23.42, 45.31
2019-02-19, 07:59:43, 23.28, 45.29
2019-02-19, 07:59:45, 23.38, 45.37
2019-02-19, 07:59:46, 23.39, 45.33
2019-02-19, 07:59:48, 23.39, 45.37
2019-02-19, 07:59:49, 23.4, 45.37
2019-02-19, 07:59:50, 23.39, 45.37
2019-02-19, 07:59:52, 23.41, 45.37
2019-02-19, 07:59:53, 23.4, 45.37
2019-02-19, 07:59:54, 23.41, 45.34
2019-02-19, 07:59:56, 23.4, 45.3
2019-02-19, 07:59:57, 23.41, 45.3
2019-02-19, 07:59:58, 23.4, 45.34
2019-02-19, 08:00:00, 23.41, 45.34
2019-02-19, 08:00:01, 23.41, 45.3
2019-02-19, 08:00:02, 23.4, 45.3
2019-02-19, 08:00:04, 23.4, 45.34
2019-02-19, 08:00:05, 23.41, 45.3
2019-02-19, 08:00:07, 23.4, 45.34
2019-02-19, 08:00:08, 23.39, 45.3
2019-02-19, 08:00:09, 23.4, 45.3
2019-02-19, 08:00:11, 23.42, 45.31
2019-02-19, 08:00:12, 23.4, 45.3
2019-02-19, 08:00:13, 23.27, 45.35
2019-02-19, 08:00:15, 23.34, 45.39
2019-02-19, 08:00:16, 23.37, 45.4
2019-02-19, 08:00:17, 23.38, 45.37
2019-02-19, 08:00:19, 23.39, 45.37
2019-02-19, 08:00:20, 23.4, 45.37
2019-02-19, 08:00:21, 23.4, 45.37
2019-02-19, 08:00:23, 23.39, 45.37
2019-02-19, 08:00:24, 23.4, 45.37
2019-02-19, 08:00:25, 23.41, 45.37
2019-02-19, 08:00:27, 23.4, 45.37
2019-02-19, 08:00:28, 23.4, 45.37
2019-02-19, 08:00:30, 23.4, 45.37
2019-02-19, 08:00:31, 23.4, 45.37
2019-02-19, 08:00:32, 23.41, 45.37
2019-02-19, 08:00:34, 23.4, 45.37
2019-02-19, 08:00:35, 23.4, 45.37
2019-02-19, 08:00:36, 23.4, 45.34
2019-02-19, 08:00:38, 23.4, 45.37
2019-02-19, 08:00:39, 23.4, 45.37
2019-02-19, 08:00:41, 23.4, 45.37
2019-02-19, 08:00:42, 23.41, 45.37
2019-02-19, 08:00:43, 23.4, 45.37
2019-02-19, 08:00:45, 23.41, 45.34
2019-02-19, 08:00:46, 23.41, 45.34
2019-02-19, 08:00:47, 23.4, 45.34
2019-02-19, 08:00:49, 23.41, 45.37
2019-02-19, 08:00:50, 23.41, 45.34
2019-02-19, 08:00:51, 23.41, 45.34
2019-02-19, 08:00:53, 23.41, 45.34
2019-02-19, 08:00:54, 23.4, 45.34
2019-02-19, 08:00:55, 23.4, 45.34
2019-02-19, 08:00:57, 23.4, 45.34
2019-02-19, 08:00:58, 23.4, 45.34
2019-02-19, 08:01:00, 23.41, 45.37
2019-02-19, 08:01:01, 23.4, 45.37
2019-02-19, 08:01:02, 23.41, 45.37
2019-02-19, 08:01:04, 23.42, 45.37
2019-02-19, 08:01:05, 23.4, 45.37
2019-02-19, 08:01:06, 23.4, 45.37
2019-02-19, 08:01:08, 23.39, 45.33
2019-02-19, 08:01:09, 23.4, 45.37
2019-02-19, 08:01:10, 23.4, 45.37
2019-02-19, 08:01:12, 23.4, 45.37
2019-02-19, 08:01:13, 23.42, 45.37
2019-02-19, 08:01:14, 23.42, 45.37
2019-02-19, 08:01:16, 23.41, 45.37
2019-02-19, 08:01:17, 23.4, 45.37
2019-02-19, 08:01:19, 23.4, 45.4
2019-02-19, 08:01:20, 23.4, 45.37
2019-02-19, 08:01:21, 23.41, 45.37
2019-02-19, 08:01:23, 23.42, 45.37
2019-02-19, 08:01:24, 23.39, 45.4
2019-02-19, 08:01:25, 23.41, 45.37
2019-02-19, 08:01:27, 23.4, 45.37
2019-02-19, 08:01:28, 23.4, 45.37
2019-02-19, 08:01:29, 23.39, 45.37
2019-02-19, 08:01:31, 23.41, 45.37
2019-02-19, 08:01:32, 23.4, 45.37
2019-02-19, 08:01:34, 23.39, 45.37
2019-02-19, 08:01:35, 23.4, 45.37
2019-02-19, 08:01:36, 23.39, 45.37
2019-02-19, 08:01:38, 23.39, 45.37
2019-02-19, 08:01:39, 23.38, 45.37
2019-02-19, 08:01:40, 23.39, 45.37
2019-02-19, 08:01:42, 23.39, 45.37
2019-02-19, 08:01:43, 23.38, 45.37
2019-02-19, 08:01:44, 23.38, 45.37
2019-02-19, 08:01:46, 23.39, 45.37
2019-02-19, 08:01:47, 23.39, 45.37
2019-02-19, 08:01:48, 23.38, 45.37
2019-02-19, 08:01:50, 23.39, 45.37
2019-02-19, 08:01:51, 23.38, 45.37
2019-02-19, 08:01:52, 23.38, 45.37
2019-02-19, 08:01:54, 23.4, 45.37
2019-02-19, 08:01:55, 23.38, 45.37
2019-02-19, 08:01:57, 23.38, 45.4
2019-02-19, 08:01:58, 23.39, 45.4
2019-02-19, 08:01:59, 23.38, 45.4
2019-02-19, 08:02:01, 23.38, 45.4
2019-02-19, 08:02:02, 23.39, 45.4
2019-02-19, 08:02:03, 23.38, 45.37
2019-02-19, 08:02:05, 23.37, 45.4
2019-02-19, 08:02:06, 23.38, 45.4
2019-02-19, 08:02:07, 23.38, 45.4
2019-02-19, 08:02:09, 23.39, 45.4
2019-02-19, 08:02:10, 23.38, 45.4
2019-02-19, 08:02:11, 23.39, 45.4
2019-02-19, 08:02:13, 23.38, 45.4
2019-02-19, 08:02:14, 23.38, 45.37
2019-02-19, 08:02:15, 23.38, 45.37
2019-02-19, 08:02:17, 23.37, 45.4
2019-02-19, 08:02:18, 23.38, 45.37
2019-02-19, 08:02:20, 23.37, 45.4
2019-02-19, 08:02:21, 23.39, 45.4
2019-02-19, 08:02:22, 23.37, 45.4
2019-02-19, 08:02:24, 23.38, 45.4
2019-02-19, 08:02:25, 23.38, 45.4
2019-02-19, 08:02:26, 23.39, 45.4
2019-02-19, 08:02:28, 23.38, 45.4
2019-02-19, 08:02:29, 23.38, 45.4
2019-02-19, 08:02:30, 23.38, 45.43
2019-02-19, 08:02:32, 23.39, 45.43
2019-02-19, 08:02:33, 23.39, 45.4
2019-02-19, 08:02:34, 23.39, 45.4
2019-02-19, 08:02:36, 23.39, 45.4
2019-02-19, 08:02:37, 23.38, 45.4
2019-02-19, 08:02:38, 23.38, 45.4
2019-02-19, 08:02:40, 23.39, 45.4
2019-02-19, 08:02:41, 23.3, 45.39
2019-02-19, 08:02:43, 23.36, 45.43
2019-02-19, 08:02:44, 23.37, 45.43
2019-02-19, 08:02:45, 23.37, 45.43
2019-02-19, 08:02:47, 23.26, 45.42
2019-02-19, 08:02:48, 23.35, 45.49
2019-02-19, 08:02:49, 23.36, 45.46
2019-02-19, 08:02:51, 23.36, 45.49
2019-02-19, 08:02:52, 23.36, 45.46
2019-02-19, 08:02:53, 23.37, 45.46
2019-02-19, 08:02:55, 23.37, 45.46
2019-02-19, 08:02:56, 23.36, 45.43
2019-02-19, 08:02:57, 23.37, 45.43
2019-02-19, 08:02:59, 23.36, 45.43
2019-02-19, 08:03:00, 23.36, 45.43
2019-02-19, 08:03:01, 23.38, 45.43
2019-02-19, 08:03:03, 23.37, 45.43
2019-02-19, 08:03:04, 23.37, 45.43
2019-02-19, 08:03:06, 23.37, 45.43
2019-02-19, 08:03:07, 23.37, 45.4
2019-02-19, 08:03:08, 23.36, 45.43
2019-02-19, 08:03:10, 23.36, 45.4
2019-02-19, 08:03:11, 23.28, 45.42
2019-02-19, 08:03:12, 23.34, 45.43
2019-02-19, 08:03:14, 23.34, 45.46
2019-02-19, 08:03:15, 23.34, 45.46
2019-02-19, 08:03:16, 23.22, 45.48
2019-02-19, 08:03:18, 23.32, 45.52
2019-02-19, 08:03:19, 23.33, 45.55
2019-02-19, 08:03:20, 23.34, 45.52
2019-02-19, 08:03:22, 23.34, 45.49
2019-02-19, 08:03:23, 23.36, 45.49
2019-02-19, 08:03:25, 23.36, 45.49
2019-02-19, 08:03:26, 23.35, 45.49
2019-02-19, 08:03:27, 23.36, 45.49
2019-02-19, 08:03:29, 23.36, 45.46
2019-02-19, 08:03:30, 23.38, 45.49
2019-02-19, 08:03:31, 23.36, 45.46
2019-02-19, 08:03:33, 23.37, 45.46
2019-02-19, 08:03:34, 23.37, 45.46
2019-02-19, 08:03:35, 23.36, 45.46
2019-02-19, 08:03:37, 23.37, 45.43
2019-02-19, 08:03:38, 23.36, 45.46
2019-02-19, 08:03:39, 23.37, 45.43
2019-02-19, 08:03:41, 23.38, 45.43
2019-02-19, 08:03:42, 23.36, 45.43
2019-02-19, 08:03:44, 23.36, 45.43
2019-02-19, 08:03:45, 23.37, 45.43
2019-02-19, 08:03:46, 23.37, 45.43
2019-02-19, 08:03:48, 23.37, 45.43
2019-02-19, 08:03:49, 23.37, 45.43
2019-02-19, 08:03:50, 23.37, 45.43
2019-02-19, 08:03:52, 23.37, 45.4
2019-02-19, 08:03:53, 23.37, 45.43
2019-02-19, 08:03:54, 23.37, 45.43
2019-02-19, 08:03:56, 23.36, 45.43
2019-02-19, 08:03:57, 23.37, 45.43
2019-02-19, 08:03:58, 23.37, 45.43
2019-02-19, 08:04:00, 23.38, 45.4
2019-02-19, 08:04:01, 23.36, 45.43
2019-02-19, 08:04:02, 23.38, 45.43
2019-02-19, 08:04:04, 23.37, 45.43
2019-02-19, 08:04:05, 23.37, 45.43
2019-02-19, 08:04:07, 23.38, 45.4
2019-02-19, 08:04:08, 23.36, 45.43
2019-02-19, 08:04:09, 23.37, 45.43
2019-02-19, 08:04:11, 23.24, 45.41
2019-02-19, 08:04:12, 23.34, 45.46
2019-02-19, 08:04:13, 23.33, 45.49
2019-02-19, 08:04:15, 23.35, 45.49
2019-02-19, 08:04:16, 23.34, 45.46
2019-02-19, 08:04:17, 23.35, 45.46
2019-02-19, 08:04:19, 23.36, 45.46
2019-02-19, 08:04:20, 23.35, 45.46
2019-02-19, 08:04:21, 23.36, 45.43
2019-02-19, 08:04:23, 23.36, 45.43
2019-02-19, 08:04:24, 23.36, 45.43
2019-02-19, 08:04:25, 23.36, 45.43
2019-02-19, 08:04:27, 23.35, 45.43
2019-02-19, 08:04:28, 23.34, 45.43
2019-02-19, 08:04:30, 23.36, 45.43
2019-02-19, 08:04:31, 23.35, 45.43
2019-02-19, 08:04:32, 23.35, 45.43
2019-02-19, 08:04:34, 23.36, 45.43
2019-02-19, 08:04:35, 23.37, 45.43
2019-02-19, 08:04:36, 23.36, 45.43
2019-02-19, 08:04:38, 23.37, 45.43
2019-02-19, 08:04:39, 23.37, 45.43
2019-02-19, 08:04:40, 23.21, 45.44
2019-02-19, 08:04:42, 23.32, 45.49
2019-02-19, 08:04:43, 23.35, 45.52
2019-02-19, 08:04:44, 23.35, 45.52
2019-02-19, 08:04:46, 23.36, 45.49
2019-02-19, 08:04:47, 23.37, 45.49
2019-02-19, 08:04:48, 23.36, 45.49
2019-02-19, 08:04:50, 23.34, 45.49
2019-02-19, 08:04:51, 23.34, 45.46
2019-02-19, 08:04:53, 23.35, 45.49
2019-02-19, 08:04:54, 23.35, 45.46
2019-02-19, 08:04:55, 23.35, 45.49
2019-02-19, 08:04:57, 23.35, 45.46
2019-02-19, 08:04:58, 23.36, 45.46
2019-02-19, 08:04:59, 23.34, 45.46
2019-02-19, 08:05:01, 23.36, 45.46
2019-02-19, 08:05:02, 23.35, 45.43
2019-02-19, 08:05:03, 23.35, 45.43
2019-02-19, 08:05:05, 23.34, 45.43
2019-02-19, 08:05:06, 23.34, 45.43
2019-02-19, 08:05:07, 23.35, 45.43
2019-02-19, 08:05:09, 23.36, 45.43
2019-02-19, 08:05:10, 23.35, 45.43
2019-02-19, 08:05:12, 23.34, 45.43
2019-02-19, 08:05:13, 23.36, 45.43
2019-02-19, 08:05:14, 23.34, 45.43
2019-02-19, 08:05:16, 23.35, 45.43
2019-02-19, 08:05:17, 23.36, 45.43
2019-02-19, 08:05:18, 23.36, 45.43
2019-02-19, 08:05:20, 23.35, 45.43
2019-02-19, 08:05:21, 23.36, 45.46
2019-02-19, 08:05:22, 23.36, 45.46
2019-02-19, 08:05:24, 23.36, 45.43
2019-02-19, 08:05:25, 23.35, 45.46
2019-02-19, 08:05:26, 23.36, 45.46
2019-02-19, 08:05:28, 23.36, 45.43
2019-02-19, 08:05:29, 23.36, 45.43
2019-02-19, 08:05:30, 23.35, 45.43
2019-02-19, 08:05:32, 23.36, 45.43
2019-02-19, 08:05:33, 23.35, 45.43
2019-02-19, 08:05:35, 23.36, 45.43
2019-02-19, 08:05:36, 23.37, 45.43
2019-02-19, 08:05:37, 23.38, 45.43
2019-02-19, 08:05:39, 23.37, 45.43
2019-02-19, 08:05:40, 23.38, 45.43
2019-02-19, 08:05:41, 23.38, 45.43
2019-02-19, 08:05:43, 23.38, 45.43
2019-02-19, 08:05:44, 23.36, 45.43
2019-02-19, 08:05:45, 23.36, 45.43
2019-02-19, 08:05:47, 23.36, 45.43
2019-02-19, 08:05:48, 23.36, 45.43
2019-02-19, 08:05:49, 23.36, 45.43
2019-02-19, 08:05:51, 23.35, 45.43
2019-02-19, 08:05:52, 23.34, 45.43
2019-02-19, 08:05:53, 23.36, 45.43
2019-02-19, 08:05:55, 23.36, 45.43
2019-02-19, 08:05:56, 23.36, 45.46
2019-02-19, 08:05:58, 23.35, 45.46
2019-02-19, 08:05:59, 23.35, 45.43
2019-02-19, 08:06:00, 23.35, 45.43
2019-02-19, 08:06:02, 23.36, 45.43
2019-02-19, 08:06:03, 23.35, 45.43
2019-02-19, 08:06:04, 23.36, 45.43
2019-02-19, 08:06:06, 23.36, 45.43
2019-02-19, 08:06:07, 23.37, 45.43
2019-02-19, 08:06:08, 23.37, 45.43
2019-02-19, 08:06:10, 23.37, 45.43
2019-02-19, 08:06:11, 23.36, 45.43
2019-02-19, 08:06:12, 23.37, 45.43
2019-02-19, 08:06:14, 23.36, 45.43
2019-02-19, 08:06:15, 23.37, 45.43
2019-02-19, 08:06:17, 23.36, 45.43
2019-02-19, 08:06:18, 23.36, 45.43
2019-02-19, 08:06:19, 23.36, 45.43
2019-02-19, 08:06:21, 23.37, 45.43
2019-02-19, 08:06:22, 23.38, 45.43
2019-02-19, 08:06:23, 23.36, 45.43
2019-02-19, 08:06:25, 23.36, 45.43
2019-02-19, 08:06:26, 23.36, 45.43
2019-02-19, 08:06:27, 23.36, 45.43
2019-02-19, 08:06:29, 23.36, 45.43
2019-02-19, 08:06:30, 23.36, 45.43
2019-02-19, 08:06:31, 23.34, 45.43
2019-02-19, 08:06:33, 23.35, 45.43
2019-02-19, 08:06:34, 23.37, 45.43
2019-02-19, 08:06:35, 23.36, 45.43
2019-02-19, 08:06:37, 23.36, 45.43
2019-02-19, 08:06:38, 23.36, 45.43
2019-02-19, 08:06:40, 23.37, 45.43
2019-02-19, 08:06:41, 23.35, 45.43
2019-02-19, 08:06:42, 23.36, 45.43
2019-02-19, 08:06:44, 23.36, 45.4
2019-02-19, 08:06:45, 23.36, 45.4
2019-02-19, 08:06:46, 23.34, 45.36
2019-02-19, 08:06:48, 23.36, 45.36
2019-02-19, 08:06:49, 23.36, 45.36
2019-02-19, 08:06:50, 23.36, 45.43
2019-02-19, 08:06:52, 23.35, 45.39
2019-02-19, 08:06:53, 23.36, 45.4
2019-02-19, 08:06:54, 23.35, 45.43
2019-02-19, 08:06:56, 23.36, 45.43
2019-02-19, 08:06:57, 23.36, 45.4
2019-02-19, 08:06:58, 23.35, 45.43
2019-02-19, 08:07:00, 23.36, 45.4
2019-02-19, 08:07:01, 23.37, 45.43
2019-02-19, 08:07:02, 23.36, 45.43
2019-02-19, 08:07:04, 23.36, 45.4
2019-02-19, 08:07:05, 23.35, 45.43
2019-02-19, 08:07:07, 23.36, 45.43
2019-02-19, 08:07:08, 23.36, 45.43
2019-02-19, 08:07:09, 23.36, 45.4
2019-02-19, 08:07:11, 23.36, 45.4
2019-02-19, 08:07:12, 23.37, 45.4
2019-02-19, 08:07:13, 23.3, 45.39
2019-02-19, 08:07:15, 23.36, 45.43
2019-02-19, 08:07:16, 23.35, 45.43
2019-02-19, 08:07:17, 23.34, 45.39
2019-02-19, 08:07:19, 23.35, 45.39
2019-02-19, 08:07:20, 23.36, 45.4
2019-02-19, 08:07:21, 23.35, 45.39
2019-02-19, 08:07:23, 23.36, 45.43
2019-02-19, 08:07:24, 23.36, 45.4
2019-02-19, 08:07:26, 23.36, 45.43
2019-02-19, 08:07:27, 23.36, 45.4
2019-02-19, 08:07:28, 23.36, 45.4
2019-02-19, 08:07:30, 23.35, 45.39
2019-02-19, 08:07:31, 23.36, 45.4
2019-02-19, 08:07:32, 23.36, 45.4
2019-02-19, 08:07:34, 23.36, 45.43
2019-02-19, 08:07:35, 23.36, 45.4
2019-02-19, 08:07:36, 23.37, 45.43
2019-02-19, 08:07:38, 23.33, 45.42
2019-02-19, 08:07:39, 23.36, 45.43
2019-02-19, 08:07:40, 23.36, 45.43
2019-02-19, 08:07:42, 23.36, 45.43
2019-02-19, 08:07:43, 23.37, 45.43
2019-02-19, 08:07:44, 23.36, 45.43
2019-02-19, 08:07:46, 23.36, 45.4
2019-02-19, 08:07:47, 23.37, 45.4
2019-02-19, 08:07:49, 23.36, 45.36
2019-02-19, 08:07:50, 23.37, 45.4
2019-02-19, 08:07:51, 23.37, 45.4
2019-02-19, 08:07:53, 23.37, 45.4
2019-02-19, 08:07:54, 23.38, 45.4
2019-02-19, 08:07:55, 23.37, 45.43
2019-02-19, 08:07:57, 23.38, 45.4
2019-02-19, 08:07:58, 23.38, 45.43
2019-02-19, 08:07:59, 23.38, 45.4
2019-02-19, 08:08:01, 23.38, 45.37
2019-02-19, 08:08:02, 23.36, 45.36
2019-02-19, 08:08:03, 23.37, 45.4
2019-02-19, 08:08:05, 23.37, 45.36
2019-02-19, 08:08:06, 23.38, 45.4
2019-02-19, 08:08:08, 23.37, 45.4
2019-02-19, 08:08:09, 23.36, 45.4
2019-02-19, 08:08:10, 23.38, 45.4
2019-02-19, 08:08:12, 23.36, 45.4
2019-02-19, 08:08:13, 23.37, 45.43
2019-02-19, 08:08:14, 23.38, 45.4
2019-02-19, 08:08:16, 23.38, 45.4
2019-02-19, 08:08:17, 23.37, 45.43
2019-02-19, 08:08:18, 23.36, 45.4
2019-02-19, 08:08:20, 23.38, 45.4
2019-02-19, 08:08:21, 23.37, 45.43
2019-02-19, 08:08:22, 23.37, 45.4
2019-02-19, 08:08:24, 23.37, 45.43
2019-02-19, 08:08:25, 23.36, 45.4
2019-02-19, 08:08:26, 23.37, 45.43
2019-02-19, 08:08:28, 23.38, 45.43
2019-02-19, 08:08:29, 23.38, 45.43
2019-02-19, 08:08:31, 23.38, 45.4
2019-02-19, 08:08:32, 23.38, 45.4
2019-02-19, 08:08:33, 23.36, 45.4
2019-02-19, 08:08:35, 23.35, 45.43
2019-02-19, 08:08:36, 23.36, 45.4
2019-02-19, 08:08:37, 23.28, 45.39
2019-02-19, 08:08:39, 23.35, 45.43
2019-02-19, 08:08:40, 23.35, 45.43
2019-02-19, 08:08:41, 23.35, 45.43
2019-02-19, 08:08:43, 23.35, 45.43
2019-02-19, 08:08:44, 23.36, 45.43
2019-02-19, 08:08:45, 23.36, 45.4
2019-02-19, 08:08:47, 23.36, 45.43
2019-02-19, 08:08:48, 23.36, 45.43
2019-02-19, 08:08:49, 23.36, 45.43
2019-02-19, 08:08:51, 23.37, 45.43
2019-02-19, 08:08:52, 23.38, 45.43
2019-02-19, 08:08:54, 23.37, 45.4
2019-02-19, 08:08:55, 23.4, 45.4
2019-02-19, 08:08:56, 23.38, 45.4
2019-02-19, 08:08:58, 23.38, 45.43
2019-02-19, 08:08:59, 23.38, 45.4
2019-02-19, 08:09:00, 23.38, 45.4
2019-02-19, 08:09:02, 23.4, 45.4
2019-02-19, 08:09:03, 23.38, 45.4
2019-02-19, 08:09:04, 23.38, 45.4
2019-02-19, 08:09:06, 23.38, 45.4
2019-02-19, 08:09:07, 23.28, 45.39
2019-02-19, 08:09:08, 23.35, 45.43
2019-02-19, 08:09:10, 23.36, 45.43
2019-02-19, 08:09:11, 23.36, 45.43
2019-02-19, 08:09:12, 23.36, 45.4
2019-02-19, 08:09:14, 23.36, 45.43
2019-02-19, 08:09:15, 23.36, 45.4
2019-02-19, 08:09:17, 23.36, 45.36
2019-02-19, 08:09:18, 23.36, 45.36
2019-02-19, 08:09:19, 23.36, 45.4
2019-02-19, 08:09:21, 23.38, 45.37
2019-02-19, 08:09:22, 23.36, 45.36
2019-02-19, 08:09:23, 23.36, 45.36
2019-02-19, 08:09:25, 23.37, 45.4
2019-02-19, 08:09:26, 23.38, 45.4
2019-02-19, 08:09:27, 23.37, 45.4
2019-02-19, 08:09:29, 23.37, 45.4
2019-02-19, 08:09:30, 23.36, 45.4
2019-02-19, 08:09:31, 23.36, 45.36
2019-02-19, 08:09:33, 23.36, 45.4
2019-02-19, 08:09:34, 23.36, 45.43
2019-02-19, 08:09:35, 23.38, 45.4
2019-02-19, 08:09:37, 23.36, 45.43
2019-02-19, 08:09:38, 23.36, 45.43
2019-02-19, 08:09:40, 23.36, 45.43
2019-02-19, 08:09:41, 23.36, 45.43
2019-02-19, 08:09:42, 23.37, 45.43
2019-02-19, 08:09:44, 23.36, 45.43
2019-02-19, 08:09:45, 23.36, 45.4
2019-02-19, 08:09:46, 23.35, 45.39
2019-02-19, 08:09:48, 23.36, 45.43
2019-02-19, 08:09:49, 23.36, 45.4
2019-02-19, 08:09:50, 23.36, 45.4
2019-02-19, 08:09:52, 23.37, 45.43
2019-02-19, 08:09:53, 23.36, 45.4
2019-02-19, 08:09:54, 23.36, 45.4
2019-02-19, 08:09:56, 23.36, 45.43
2019-02-19, 08:09:57, 23.37, 45.43
2019-02-19, 08:09:58, 23.35, 45.43
2019-02-19, 08:10:00, 23.37, 45.4
2019-02-19, 08:10:01, 23.36, 45.4
2019-02-19, 08:10:02, 23.34, 45.43
2019-02-19, 08:10:04, 23.35, 45.43
2019-02-19, 08:10:05, 23.37, 45.4
2019-02-19, 08:10:07, 23.37, 45.4
2019-02-19, 08:10:08, 23.37, 45.43
2019-02-19, 08:10:09, 23.38, 45.4
2019-02-19, 08:10:11, 23.39, 45.4
2019-02-19, 08:10:12, 23.37, 45.43
2019-02-19, 08:10:13, 23.37, 45.4
2019-02-19, 08:10:15, 23.38, 45.37
2019-02-19, 08:10:16, 23.37, 45.43
2019-02-19, 08:10:17, 23.37, 45.4
2019-02-19, 08:10:19, 23.36, 45.4
2019-02-19, 08:10:20, 23.37, 45.4
2019-02-19, 08:10:21, 23.37, 45.4
2019-02-19, 08:10:23, 23.37, 45.4
2019-02-19, 08:10:24, 23.37, 45.4
2019-02-19, 08:10:25, 23.36, 45.36
2019-02-19, 08:10:27, 23.36, 45.43
2019-02-19, 08:10:28, 23.36, 45.4
2019-02-19, 08:10:30, 23.38, 45.4
2019-02-19, 08:10:31, 23.38, 45.37
2019-02-19, 08:10:32, 23.37, 45.36
2019-02-19, 08:10:34, 23.37, 45.4
2019-02-19, 08:10:35, 23.38, 45.37
2019-02-19, 08:10:36, 23.23, 45.41
2019-02-19, 08:10:38, 23.32, 45.42
2019-02-19, 08:10:39, 23.34, 45.46
2019-02-19, 08:10:40, 23.34, 45.43
2019-02-19, 08:10:42, 23.21, 45.47
2019-02-19, 08:10:43, 23.31, 45.49
2019-02-19, 08:10:44, 23.32, 45.52
2019-02-19, 08:10:46, 23.34, 45.49
2019-02-19, 08:10:47, 23.34, 45.49
2019-02-19, 08:10:48, 23.36, 45.46
2019-02-19, 08:10:50, 23.35, 45.49
2019-02-19, 08:10:51, 23.37, 45.46
2019-02-19, 08:10:53, 23.37, 45.43
2019-02-19, 08:10:54, 23.37, 45.43
2019-02-19, 08:10:55, 23.37, 45.43
2019-02-19, 08:10:57, 23.36, 45.43
2019-02-19, 08:10:58, 23.36, 45.43
2019-02-19, 08:10:59, 23.37, 45.4
2019-02-19, 08:11:01, 23.36, 45.4
2019-02-19, 08:11:02, 23.37, 45.36
2019-02-19, 08:11:03, 23.37, 45.36
2019-02-19, 08:11:05, 23.38, 45.37
2019-02-19, 08:11:06, 23.23, 45.41
2019-02-19, 08:11:07, 23.32, 45.49
2019-02-19, 08:11:09, 23.34, 45.46
2019-02-19, 08:11:10, 23.36, 45.43
2019-02-19, 08:11:12, 23.36, 45.43
2019-02-19, 08:11:13, 23.36, 45.43
2019-02-19, 08:11:14, 23.36, 45.43
2019-02-19, 08:11:16, 23.37, 45.43
2019-02-19, 08:11:17, 23.38, 45.43
2019-02-19, 08:11:18, 23.38, 45.4
2019-02-19, 08:11:20, 23.4, 45.4
2019-02-19, 08:11:21, 23.39, 45.37
2019-02-19, 08:11:22, 23.38, 45.4
2019-02-19, 08:11:24, 23.38, 45.4
2019-02-19, 08:11:25, 23.38, 45.37
2019-02-19, 08:11:26, 23.38, 45.37
2019-02-19, 08:11:28, 23.38, 45.37
2019-02-19, 08:11:29, 23.38, 45.37
2019-02-19, 08:11:30, 23.38, 45.37
2019-02-19, 08:11:32, 23.37, 45.36
2019-02-19, 08:11:33, 23.38, 45.37
2019-02-19, 08:11:35, 23.37, 45.36
2019-02-19, 08:11:36, 23.2, 45.38
2019-02-19, 08:11:37, 23.31, 45.45
2019-02-19, 08:11:39, 23.35, 45.49
2019-02-19, 08:11:40, 23.34, 45.46
2019-02-19, 08:11:41, 23.36, 45.43
2019-02-19, 08:11:43, 23.37, 45.43
2019-02-19, 08:11:44, 23.37, 45.43
2019-02-19, 08:11:45, 23.37, 45.43
2019-02-19, 08:11:47, 23.36, 45.4
2019-02-19, 08:11:48, 23.37, 45.4
2019-02-19, 08:11:49, 23.36, 45.4
2019-02-19, 08:11:51, 23.36, 45.36
2019-02-19, 08:11:52, 23.36, 45.36
2019-02-19, 08:11:53, 23.36, 45.4
2019-02-19, 08:11:55, 23.35, 45.36
2019-02-19, 08:11:56, 23.36, 45.36
2019-02-19, 08:11:58, 23.36, 45.4
2019-02-19, 08:11:59, 23.37, 45.4
2019-02-19, 08:12:00, 23.37, 45.36
2019-02-19, 08:12:02, 23.37, 45.4
2019-02-19, 08:12:03, 23.37, 45.4
2019-02-19, 08:12:04, 23.38, 45.37
2019-02-19, 08:12:06, 23.39, 45.37
2019-02-19, 08:12:07, 23.37, 45.36
2019-02-19, 08:12:08, 23.39, 45.37
2019-02-19, 08:12:10, 23.36, 45.4
2019-02-19, 08:12:11, 23.37, 45.36
2019-02-19, 08:12:12, 23.38, 45.37
2019-02-19, 08:12:14, 23.37, 45.36
2019-02-19, 08:12:15, 23.39, 45.37
2019-02-19, 08:12:16, 23.38, 45.37
2019-02-19, 08:12:18, 23.38, 45.37
2019-02-19, 08:12:19, 23.39, 45.37
2019-02-19, 08:12:21, 23.39, 45.37
2019-02-19, 08:12:22, 23.38, 45.37
2019-02-19, 08:12:23, 23.39, 45.37
2019-02-19, 08:12:25, 23.39, 45.37
2019-02-19, 08:12:26, 23.38, 45.37
2019-02-19, 08:12:27, 23.39, 45.37
2019-02-19, 08:12:29, 23.39, 45.37
2019-02-19, 08:12:30, 23.39, 45.33
2019-02-19, 08:12:31, 23.38, 45.33
2019-02-19, 08:12:33, 23.39, 45.3
2019-02-19, 08:12:34, 23.39, 45.37
2019-02-19, 08:12:35, 23.4, 45.34
2019-02-19, 08:12:37, 23.4, 45.37
2019-02-19, 08:12:38, 23.39, 45.33
2019-02-19, 08:12:39, 23.4, 45.34
2019-02-19, 08:12:41, 23.4, 45.34
2019-02-19, 08:12:42, 23.4, 45.34
2019-02-19, 08:12:44, 23.4, 45.3
2019-02-19, 08:12:45, 23.38, 45.33
2019-02-19, 08:12:46, 23.38, 45.3
2019-02-19, 08:12:48, 23.38, 45.3
2019-02-19, 08:12:49, 23.39, 45.33
2019-02-19, 08:12:50, 23.39, 45.33
2019-02-19, 08:12:52, 23.4, 45.34
2019-02-19, 08:12:53, 23.4, 45.34
2019-02-19, 08:12:54, 23.4, 45.34
2019-02-19, 08:12:56, 23.4, 45.34
2019-02-19, 08:12:57, 23.38, 45.33
2019-02-19, 08:12:58, 23.4, 45.34
2019-02-19, 08:13:00, 23.4, 45.37
2019-02-19, 08:13:01, 23.39, 45.33
2019-02-19, 08:13:02, 23.39, 45.33
2019-02-19, 08:13:04, 23.38, 45.33
2019-02-19, 08:13:05, 23.4, 45.37
2019-02-19, 08:13:07, 23.4, 45.34
2019-02-19, 08:13:08, 23.41, 45.34
2019-02-19, 08:13:09, 23.41, 45.34
2019-02-19, 08:13:11, 23.4, 45.34
2019-02-19, 08:13:12, 23.38, 45.33
2019-02-19, 08:13:13, 23.4, 45.34
2019-02-19, 08:13:15, 23.4, 45.34
2019-02-19, 08:13:16, 23.4, 45.3
2019-02-19, 08:13:17, 23.39, 45.3
2019-02-19, 08:13:19, 23.4, 45.3
2019-02-19, 08:13:20, 23.4, 45.3
2019-02-19, 08:13:21, 23.4, 45.3
2019-02-19, 08:13:23, 23.4, 45.3
2019-02-19, 08:13:24, 23.41, 45.3
2019-02-19, 08:13:26, 23.4, 45.3
2019-02-19, 08:13:27, 23.4, 45.3
2019-02-19, 08:13:28, 23.39, 45.3
2019-02-19, 08:13:30, 23.39, 45.3
2019-02-19, 08:13:31, 23.41, 45.3
2019-02-19, 08:13:32, 23.41, 45.3
2019-02-19, 08:13:34, 23.4, 45.3
2019-02-19, 08:13:35, 23.4, 45.3
2019-02-19, 08:13:36, 23.4, 45.3
2019-02-19, 08:13:38, 23.4, 45.3
2019-02-19, 08:13:39, 23.4, 45.3
2019-02-19, 08:13:40, 23.42, 45.31
2019-02-19, 08:13:42, 23.41, 45.3
2019-02-19, 08:13:43, 23.42, 45.31
2019-02-19, 08:13:45, 23.41, 45.3
2019-02-19, 08:13:46, 23.42, 45.31
2019-02-19, 08:13:47, 23.41, 45.3
2019-02-19, 08:13:49, 23.42, 45.31
2019-02-19, 08:13:50, 23.41, 45.3
2019-02-19, 08:13:51, 23.41, 45.3
2019-02-19, 08:13:53, 23.42, 45.31
2019-02-19, 08:13:54, 23.41, 45.27
2019-02-19, 08:13:55, 23.41, 45.27
2019-02-19, 08:13:57, 23.4, 45.3
2019-02-19, 08:13:58, 23.41, 45.3
2019-02-19, 08:13:59, 23.41, 45.3
2019-02-19, 08:14:01, 23.42, 45.31
2019-02-19, 08:14:02, 23.41, 45.27
2019-02-19, 08:14:03, 23.41, 45.3
2019-02-19, 08:14:05, 23.4, 45.3
2019-02-19, 08:14:06, 23.4, 45.3
2019-02-19, 08:14:07, 23.39, 45.27
2019-02-19, 08:14:09, 23.42, 45.31
2019-02-19, 08:14:10, 23.41, 45.3
2019-02-19, 08:14:12, 23.4, 45.3
2019-02-19, 08:14:13, 23.4, 45.3
2019-02-19, 08:14:14, 23.41, 45.3
2019-02-19, 08:14:16, 23.4, 45.3
2019-02-19, 08:14:17, 23.42, 45.31
2019-02-19, 08:14:18, 23.4, 45.3
2019-02-19, 08:14:20, 23.41, 45.27
2019-02-19, 08:14:21, 23.4, 45.27
2019-02-19, 08:14:22, 23.4, 45.27
2019-02-19, 08:14:24, 23.42, 45.27
2019-02-19, 08:14:25, 23.4, 45.3
2019-02-19, 08:14:26, 23.41, 45.27
2019-02-19, 08:14:28, 23.41, 45.27
2019-02-19, 08:14:29, 23.42, 45.27
2019-02-19, 08:14:31, 23.43, 45.31
2019-02-19, 08:14:32, 23.42, 45.31
2019-02-19, 08:14:33, 23.34, 45.26
2019-02-19, 08:14:35, 23.4, 45.3
2019-02-19, 08:14:36, 23.4, 45.3
2019-02-19, 08:14:37, 23.4, 45.3
2019-02-19, 08:14:39, 23.41, 45.3
2019-02-19, 08:14:40, 23.41, 45.27
2019-02-19, 08:14:41, 23.41, 45.3
2019-02-19, 08:14:43, 23.41, 45.27
2019-02-19, 08:14:44, 23.39, 45.27
2019-02-19, 08:14:45, 23.41, 45.27
2019-02-19, 08:14:47, 23.4, 45.3
2019-02-19, 08:14:48, 23.42, 45.27
2019-02-19, 08:14:50, 23.42, 45.31
2019-02-19, 08:14:51, 23.41, 45.3
2019-02-19, 08:14:52, 23.4, 45.3
2019-02-19, 08:14:54, 23.41, 45.27
2019-02-19, 08:14:55, 23.42, 45.31
2019-02-19, 08:14:56, 23.42, 45.31
2019-02-19, 08:14:58, 23.41, 45.3
2019-02-19, 08:14:59, 23.4, 45.3
2019-02-19, 08:15:00, 23.42, 45.27
2019-02-19, 08:15:02, 23.43, 45.28
2019-02-19, 08:15:03, 23.42, 45.31
2019-02-19, 08:15:04, 23.44, 45.28
2019-02-19, 08:15:06, 23.42, 45.27
2019-02-19, 08:15:07, 23.41, 45.27
2019-02-19, 08:15:09, 23.3, 45.26
2019-02-19, 08:15:10, 23.4, 45.3
2019-02-19, 08:15:11, 23.4, 45.3
2019-02-19, 08:15:13, 23.42, 45.31
2019-02-19, 08:15:14, 23.42, 45.34
2019-02-19, 08:15:15, 23.4, 45.3
2019-02-19, 08:15:17, 23.42, 45.31
2019-02-19, 08:15:18, 23.4, 45.27
2019-02-19, 08:15:19, 23.41, 45.27
2019-02-19, 08:15:21, 23.42, 45.27
2019-02-19, 08:15:22, 23.4, 45.27
2019-02-19, 08:15:23, 23.42, 45.31
2019-02-19, 08:15:25, 23.42, 45.27
2019-02-19, 08:15:26, 23.42, 45.27
2019-02-19, 08:15:27, 23.41, 45.27
2019-02-19, 08:15:29, 23.41, 45.27
2019-02-19, 08:15:30, 23.41, 45.27
2019-02-19, 08:15:32, 23.41, 45.27
2019-02-19, 08:15:33, 23.29, 45.29
2019-02-19, 08:15:34, 23.38, 45.3
2019-02-19, 08:15:36, 23.4, 45.34
2019-02-19, 08:15:37, 23.41, 45.3
2019-02-19, 08:15:38, 23.4, 45.3
2019-02-19, 08:15:40, 23.42, 45.31
2019-02-19, 08:15:41, 23.41, 45.3
2019-02-19, 08:15:42, 23.42, 45.31
2019-02-19, 08:15:44, 23.43, 45.28
2019-02-19, 08:15:45, 23.42, 45.31
2019-02-19, 08:15:46, 23.41, 45.27
2019-02-19, 08:15:48, 23.42, 45.27
2019-02-19, 08:15:49, 23.41, 45.27
2019-02-19, 08:15:50, 23.4, 45.27
2019-02-19, 08:15:52, 23.42, 45.27
2019-02-19, 08:15:53, 23.42, 45.27
2019-02-19, 08:15:55, 23.42, 45.27
2019-02-19, 08:15:56, 23.42, 45.27
2019-02-19, 08:15:57, 23.42, 45.31
2019-02-19, 08:15:59, 23.43, 45.28
2019-02-19, 08:16:00, 23.41, 45.27
2019-02-19, 08:16:01, 23.43, 45.28
2019-02-19, 08:16:03, 23.43, 45.24
2019-02-19, 08:16:04, 23.42, 45.27
2019-02-19, 08:16:05, 23.43, 45.24
2019-02-19, 08:16:07, 23.43, 45.24
2019-02-19, 08:16:08, 23.44, 45.24
2019-02-19, 08:16:09, 23.43, 45.24
2019-02-19, 08:16:11, 23.43, 45.24
2019-02-19, 08:16:12, 23.43, 45.24
2019-02-19, 08:16:14, 23.42, 45.24
2019-02-19, 08:16:15, 23.43, 45.24
2019-02-19, 08:16:16, 23.42, 45.24
2019-02-19, 08:16:18, 23.41, 45.24
2019-02-19, 08:16:19, 23.4, 45.24
2019-02-19, 08:16:20, 23.41, 45.24
2019-02-19, 08:16:22, 23.43, 45.24
2019-02-19, 08:16:23, 23.43, 45.24
2019-02-19, 08:16:24, 23.42, 45.21
2019-02-19, 08:16:26, 23.42, 45.24
2019-02-19, 08:16:27, 23.42, 45.24
2019-02-19, 08:16:28, 23.44, 45.24
2019-02-19, 08:16:30, 23.43, 45.24
2019-02-19, 08:16:31, 23.42, 45.24
2019-02-19, 08:16:32, 23.28, 45.29
2019-02-19, 08:16:34, 23.39, 45.3
2019-02-19, 08:16:35, 23.4, 45.3
2019-02-19, 08:16:37, 23.42, 45.31
2019-02-19, 08:16:38, 23.42, 45.31
2019-02-19, 08:16:39, 23.41, 45.3
2019-02-19, 08:16:41, 23.41, 45.3
2019-02-19, 08:16:42, 23.42, 45.27
2019-02-19, 08:16:43, 23.43, 45.24
2019-02-19, 08:16:45, 23.43, 45.24
2019-02-19, 08:16:46, 23.42, 45.24
2019-02-19, 08:16:47, 23.42, 45.24
2019-02-19, 08:16:49, 23.41, 45.24
2019-02-19, 08:16:50, 23.42, 45.24
2019-02-19, 08:16:51, 23.43, 45.24
2019-02-19, 08:16:53, 23.43, 45.24
2019-02-19, 08:16:54, 23.41, 45.24
2019-02-19, 08:16:55, 23.42, 45.24
2019-02-19, 08:16:57, 23.43, 45.24
2019-02-19, 08:16:58, 23.43, 45.24
2019-02-19, 08:17:00, 23.43, 45.24
2019-02-19, 08:17:01, 23.43, 45.24
2019-02-19, 08:17:02, 23.43, 45.24
2019-02-19, 08:17:04, 23.43, 45.24
2019-02-19, 08:17:05, 23.43, 45.24
2019-02-19, 08:17:06, 23.42, 45.24
2019-02-19, 08:17:08, 23.44, 45.24
2019-02-19, 08:17:09, 23.44, 45.24
2019-02-19, 08:17:10, 23.44, 45.24
2019-02-19, 08:17:12, 23.45, 45.25
2019-02-19, 08:17:13, 23.44, 45.24
2019-02-19, 08:17:14, 23.44, 45.24
2019-02-19, 08:17:16, 23.43, 45.24
2019-02-19, 08:17:17, 23.44, 45.24
2019-02-19, 08:17:18, 23.44, 45.24
2019-02-19, 08:17:20, 23.45, 45.25
2019-02-19, 08:17:21, 23.44, 45.24
2019-02-19, 08:17:23, 23.44, 45.24
2019-02-19, 08:17:24, 23.45, 45.25
2019-02-19, 08:17:25, 23.43, 45.24
2019-02-19, 08:17:27, 23.43, 45.21
2019-02-19, 08:17:28, 23.44, 45.21
2019-02-19, 08:17:29, 23.44, 45.21
2019-02-19, 08:17:31, 23.44, 45.21
2019-02-19, 08:17:32, 23.45, 45.21
2019-02-19, 08:17:33, 23.45, 45.21
2019-02-19, 08:17:35, 23.44, 45.21
2019-02-19, 08:17:36, 23.44, 45.21
2019-02-19, 08:17:37, 23.44, 45.21
2019-02-19, 08:17:39, 23.45, 45.21
2019-02-19, 08:17:40, 23.45, 45.21
2019-02-19, 08:17:41, 23.46, 45.21
2019-02-19, 08:17:43, 23.46, 45.21
2019-02-19, 08:17:44, 23.45, 45.21
2019-02-19, 08:17:46, 23.45, 45.21
2019-02-19, 08:17:47, 23.45, 45.18
2019-02-19, 08:17:48, 23.44, 45.18
2019-02-19, 08:17:50, 23.45, 45.18
2019-02-19, 08:17:51, 23.44, 45.18
2019-02-19, 08:17:52, 23.45, 45.18
2019-02-19, 08:17:54, 23.44, 45.21
2019-02-19, 08:17:55, 23.46, 45.21
2019-02-19, 08:17:56, 23.45, 45.18
2019-02-19, 08:17:58, 23.47, 45.22
2019-02-19, 08:17:59, 23.46, 45.21
2019-02-19, 08:18:00, 23.45, 45.18
2019-02-19, 08:18:02, 23.46, 45.18
2019-02-19, 08:18:03, 23.46, 45.18
2019-02-19, 08:18:04, 23.45, 45.18
2019-02-19, 08:18:06, 23.44, 45.18
2019-02-19, 08:18:07, 23.45, 45.18
2019-02-19, 08:18:09, 23.44, 45.18
2019-02-19, 08:18:10, 23.46, 45.18
2019-02-19, 08:18:11, 23.45, 45.18
2019-02-19, 08:18:13, 23.45, 45.18
2019-02-19, 08:18:14, 23.46, 45.18
2019-02-19, 08:18:15, 23.44, 45.18
2019-02-19, 08:18:17, 23.45, 45.15
2019-02-19, 08:18:18, 23.44, 45.18
2019-02-19, 08:18:19, 23.45, 45.18
2019-02-19, 08:18:21, 23.46, 45.18
2019-02-19, 08:18:22, 23.45, 45.15
2019-02-19, 08:18:23, 23.46, 45.18
2019-02-19, 08:18:25, 23.46, 45.18
2019-02-19, 08:18:26, 23.46, 45.18
2019-02-19, 08:18:27, 23.46, 45.18
2019-02-19, 08:18:29, 23.47, 45.18
2019-02-19, 08:18:30, 23.45, 45.18
2019-02-19, 08:18:32, 23.45, 45.18
2019-02-19, 08:18:33, 23.46, 45.18
2019-02-19, 08:18:34, 23.46, 45.15
2019-02-19, 08:18:36, 23.48, 45.18
2019-02-19, 08:18:37, 23.45, 45.18
2019-02-19, 08:18:38, 23.46, 45.15
2019-02-19, 08:18:40, 23.46, 45.18
2019-02-19, 08:18:41, 23.45, 45.18
2019-02-19, 08:18:42, 23.45, 45.18
2019-02-19, 08:18:44, 23.46, 45.18
2019-02-19, 08:18:45, 23.45, 45.15
2019-02-19, 08:18:46, 23.46, 45.18
2019-02-19, 08:18:48, 23.45, 45.18
2019-02-19, 08:18:49, 23.45, 45.15
2019-02-19, 08:18:51, 23.46, 45.18
2019-02-19, 08:18:52, 23.46, 45.18
2019-02-19, 08:18:53, 23.45, 45.18
2019-02-19, 08:18:55, 23.46, 45.18
2019-02-19, 08:18:56, 23.46, 45.18
2019-02-19, 08:18:57, 23.46, 45.15
2019-02-19, 08:18:59, 23.45, 45.18
2019-02-19, 08:19:00, 23.46, 45.18
2019-02-19, 08:19:01, 23.46, 45.18
2019-02-19, 08:19:03, 23.45, 45.18
2019-02-19, 08:19:04, 23.45, 45.18
2019-02-19, 08:19:05, 23.45, 45.18
2019-02-19, 08:19:07, 23.46, 45.15
2019-02-19, 08:19:08, 23.46, 45.15
2019-02-19, 08:19:09, 23.46, 45.18
2019-02-19, 08:19:11, 23.46, 45.15
2019-02-19, 08:19:12, 23.45, 45.18
2019-02-19, 08:19:14, 23.45, 45.15
2019-02-19, 08:19:15, 23.45, 45.18
2019-02-19, 08:19:16, 23.46, 45.18
2019-02-19, 08:19:18, 23.46, 45.15
2019-02-19, 08:19:19, 23.45, 45.15
2019-02-19, 08:19:20, 23.46, 45.15
2019-02-19, 08:19:22, 23.47, 45.15
2019-02-19, 08:19:23, 23.45, 45.15
2019-02-19, 08:19:24, 23.46, 45.15
2019-02-19, 08:19:26, 23.46, 45.12
2019-02-19, 08:19:27, 23.46, 45.12
2019-02-19, 08:19:28, 23.47, 45.15
2019-02-19, 08:19:30, 23.45, 45.15
2019-02-19, 08:19:31, 23.46, 45.15
2019-02-19, 08:19:33, 23.46, 45.15
2019-02-19, 08:19:34, 23.46, 45.12
2019-02-19, 08:19:35, 23.39, 45.14
2019-02-19, 08:19:37, 23.44, 45.18
2019-02-19, 08:19:38, 23.45, 45.18
2019-02-19, 08:19:39, 23.44, 45.18
2019-02-19, 08:19:41, 23.45, 45.18
2019-02-19, 08:19:42, 23.46, 45.15
2019-02-19, 08:19:43, 23.46, 45.18
2019-02-19, 08:19:45, 23.47, 45.18
2019-02-19, 08:19:46, 23.46, 45.15
2019-02-19, 08:19:47, 23.46, 45.18
2019-02-19, 08:19:49, 23.46, 45.15
2019-02-19, 08:19:50, 23.48, 45.15
2019-02-19, 08:19:51, 23.47, 45.18
2019-02-19, 08:19:53, 23.47, 45.15
2019-02-19, 08:19:54, 23.48, 45.18
2019-02-19, 08:19:55, 23.47, 45.15
2019-02-19, 08:19:57, 23.47, 45.15
2019-02-19, 08:19:58, 23.47, 45.12
2019-02-19, 08:20:00, 23.46, 45.15
2019-02-19, 08:20:01, 23.48, 45.18
2019-02-19, 08:20:02, 23.49, 45.12
2019-02-19, 08:20:04, 23.48, 45.15
2019-02-19, 08:20:05, 23.47, 45.15
2019-02-19, 08:20:06, 23.47, 45.15
2019-02-19, 08:20:08, 23.48, 45.12
2019-02-19, 08:20:09, 23.48, 45.15
2019-02-19, 08:20:10, 23.46, 45.15
2019-02-19, 08:20:12, 23.47, 45.15
2019-02-19, 08:20:13, 23.48, 45.15
2019-02-19, 08:20:14, 23.48, 45.15
2019-02-19, 08:20:16, 23.47, 45.12
2019-02-19, 08:20:17, 23.48, 45.12
2019-02-19, 08:20:18, 23.47, 45.12
2019-02-19, 08:20:20, 23.48, 45.12
2019-02-19, 08:20:21, 23.48, 45.12
2019-02-19, 08:20:23, 23.48, 45.12
2019-02-19, 08:20:24, 23.48, 45.12
2019-02-19, 08:20:25, 23.48, 45.09
2019-02-19, 08:20:27, 23.48, 45.12
2019-02-19, 08:20:28, 23.47, 45.12
2019-02-19, 08:20:29, 23.41, 45.08
2019-02-19, 08:20:31, 23.46, 45.12
2019-02-19, 08:20:32, 23.47, 45.12
2019-02-19, 08:20:33, 23.48, 45.12
2019-02-19, 08:20:35, 23.47, 45.12
2019-02-19, 08:20:36, 23.47, 45.12
2019-02-19, 08:20:37, 23.47, 45.12
2019-02-19, 08:20:39, 23.48, 45.12
2019-02-19, 08:20:40, 23.48, 45.12
2019-02-19, 08:20:41, 23.49, 45.09
2019-02-19, 08:20:43, 23.5, 45.09
2019-02-19, 08:20:44, 23.49, 45.12
2019-02-19, 08:20:46, 23.48, 45.12
2019-02-19, 08:20:47, 23.47, 45.09
2019-02-19, 08:20:48, 23.48, 45.12
2019-02-19, 08:20:50, 23.48, 45.12
2019-02-19, 08:20:51, 23.49, 45.09
2019-02-19, 08:20:52, 23.48, 45.09
2019-02-19, 08:20:54, 23.49, 45.09
2019-02-19, 08:20:55, 23.49, 45.09
2019-02-19, 08:20:56, 23.49, 45.09
2019-02-19, 08:20:58, 23.48, 45.09
2019-02-19, 08:20:59, 23.48, 45.12
2019-02-19, 08:21:00, 23.48, 45.09
2019-02-19, 08:21:02, 23.46, 45.09
2019-02-19, 08:21:03, 23.46, 45.12
2019-02-19, 08:21:05, 23.33, 45.1
2019-02-19, 08:21:06, 23.42, 45.15
2019-02-19, 08:21:07, 23.43, 45.18
2019-02-19, 08:21:09, 23.44, 45.18
2019-02-19, 08:21:10, 23.46, 45.15
2019-02-19, 08:21:11, 23.47, 45.12
2019-02-19, 08:21:13, 23.48, 45.12
2019-02-19, 08:21:14, 23.48, 45.12
2019-02-19, 08:21:15, 23.48, 45.12
2019-02-19, 08:21:17, 23.47, 45.12
2019-02-19, 08:21:18, 23.48, 45.12
2019-02-19, 08:21:19, 23.47, 45.12
2019-02-19, 08:21:21, 23.47, 45.12
2019-02-19, 08:21:22, 23.48, 45.09
2019-02-19, 08:21:23, 23.48, 45.09
2019-02-19, 08:21:25, 23.48, 45.09
2019-02-19, 08:21:26, 23.48, 45.09
2019-02-19, 08:21:28, 23.47, 45.12
2019-02-19, 08:21:29, 23.34, 45.07
2019-02-19, 08:21:30, 23.44, 45.15
2019-02-19, 08:21:32, 23.44, 45.15
2019-02-19, 08:21:33, 23.46, 45.12
2019-02-19, 08:21:34, 23.46, 45.12
2019-02-19, 08:21:36, 23.46, 45.12
2019-02-19, 08:21:37, 23.46, 45.12
2019-02-19, 08:21:38, 23.47, 45.12
2019-02-19, 08:21:40, 23.46, 45.12
2019-02-19, 08:21:41, 23.47, 45.12
2019-02-19, 08:21:42, 23.48, 45.12
2019-02-19, 08:21:44, 23.48, 45.12
2019-02-19, 08:21:45, 23.47, 45.12
2019-02-19, 08:21:46, 23.48, 45.12
2019-02-19, 08:21:48, 23.48, 45.12
2019-02-19, 08:21:49, 23.48, 45.12
2019-02-19, 08:21:51, 23.48, 45.12
2019-02-19, 08:21:52, 23.48, 45.12
2019-02-19, 08:21:53, 23.48, 45.12
2019-02-19, 08:21:55, 23.48, 45.12
2019-02-19, 08:21:56, 23.48, 45.12
2019-02-19, 08:21:57, 23.47, 45.12
2019-02-19, 08:21:59, 23.35, 45.1
2019-02-19, 08:22:00, 23.44, 45.18
2019-02-19, 08:22:01, 23.45, 45.15
2019-02-19, 08:22:03, 23.46, 45.15
2019-02-19, 08:22:04, 23.46, 45.15
2019-02-19, 08:22:05, 23.47, 45.15
2019-02-19, 08:22:07, 23.47, 45.12
2019-02-19, 08:22:08, 23.47, 45.12
2019-02-19, 08:22:10, 23.46, 45.09
2019-02-19, 08:22:11, 23.47, 45.12
2019-02-19, 08:22:12, 23.47, 45.09
2019-02-19, 08:22:14, 23.47, 45.12
2019-02-19, 08:22:15, 23.47, 45.12
2019-02-19, 08:22:16, 23.47, 45.12
2019-02-19, 08:22:18, 23.46, 45.09
2019-02-19, 08:22:19, 23.46, 45.12
2019-02-19, 08:22:20, 23.47, 45.12
2019-02-19, 08:22:22, 23.46, 45.12
2019-02-19, 08:22:23, 23.48, 45.09
2019-02-19, 08:22:24, 23.46, 45.12
2019-02-19, 08:22:26, 23.46, 45.12
2019-02-19, 08:22:27, 23.47, 45.12
2019-02-19, 08:22:28, 23.46, 45.09
2019-02-19, 08:22:30, 23.46, 45.09
2019-02-19, 08:22:31, 23.47, 45.09
2019-02-19, 08:22:33, 23.47, 45.12
2019-02-19, 08:22:34, 23.47, 45.09
2019-02-19, 08:22:35, 23.47, 45.12
2019-02-19, 08:22:37, 23.48, 45.09
2019-02-19, 08:22:38, 23.48, 45.12
2019-02-19, 08:22:39, 23.48, 45.09
2019-02-19, 08:22:41, 23.47, 45.09
2019-02-19, 08:22:42, 23.47, 45.09
2019-02-19, 08:22:43, 23.47, 45.12
2019-02-19, 08:22:45, 23.48, 45.09
2019-02-19, 08:22:46, 23.46, 45.09
2019-02-19, 08:22:47, 23.46, 45.09
2019-02-19, 08:22:49, 23.48, 45.12
2019-02-19, 08:22:50, 23.47, 45.09
2019-02-19, 08:22:51, 23.47, 45.12
2019-02-19, 08:22:53, 23.46, 45.09
2019-02-19, 08:22:54, 23.46, 45.09
2019-02-19, 08:22:56, 23.45, 45.08
2019-02-19, 08:22:57, 23.46, 45.09
2019-02-19, 08:22:58, 23.46, 45.09
2019-02-19, 08:23:00, 23.47, 45.09
2019-02-19, 08:23:01, 23.47, 45.12
2019-02-19, 08:23:02, 23.46, 45.12
2019-02-19, 08:23:04, 23.46, 45.09
2019-02-19, 08:23:05, 23.46, 45.12
2019-02-19, 08:23:06, 23.46, 45.09
2019-02-19, 08:23:08, 23.46, 45.12
2019-02-19, 08:23:09, 23.47, 45.12
2019-02-19, 08:23:10, 23.47, 45.12
2019-02-19, 08:23:12, 23.47, 45.12
2019-02-19, 08:23:13, 23.47, 45.12
2019-02-19, 08:23:15, 23.47, 45.12
2019-02-19, 08:23:16, 23.46, 45.12
2019-02-19, 08:23:17, 23.47, 45.12
2019-02-19, 08:23:19, 23.46, 45.12
2019-02-19, 08:23:20, 23.47, 45.15
2019-02-19, 08:23:21, 23.46, 45.15
2019-02-19, 08:23:23, 23.47, 45.15
2019-02-19, 08:23:24, 23.46, 45.15
2019-02-19, 08:23:25, 23.46, 45.12
2019-02-19, 08:23:27, 23.46, 45.12
2019-02-19, 08:23:28, 23.46, 45.15
2019-02-19, 08:23:29, 23.46, 45.12
2019-02-19, 08:23:31, 23.46, 45.12
2019-02-19, 08:23:32, 23.46, 45.12
2019-02-19, 08:23:33, 23.47, 45.15
2019-02-19, 08:23:35, 23.47, 45.18
2019-02-19, 08:23:36, 23.46, 45.15
2019-02-19, 08:23:38, 23.47, 45.15
2019-02-19, 08:23:39, 23.46, 45.15
2019-02-19, 08:23:40, 23.45, 45.15
2019-02-19, 08:23:42, 23.46, 45.15
2019-02-19, 08:23:43, 23.45, 45.15
2019-02-19, 08:23:44, 23.44, 45.15
2019-02-19, 08:23:46, 23.45, 45.18
2019-02-19, 08:23:47, 23.46, 45.15
2019-02-19, 08:23:48, 23.46, 45.15
2019-02-19, 08:23:50, 23.46, 45.18
2019-02-19, 08:23:51, 23.46, 45.18
2019-02-19, 08:23:52, 23.46, 45.15
2019-02-19, 08:23:54, 23.45, 45.18
2019-02-19, 08:23:55, 23.46, 45.18
2019-02-19, 08:23:56, 23.46, 45.18
2019-02-19, 08:23:58, 23.45, 45.15
2019-02-19, 08:23:59, 23.45, 45.18
2019-02-19, 08:24:01, 23.46, 45.15
2019-02-19, 08:24:02, 23.42, 45.15
2019-02-19, 08:24:03, 23.45, 45.15
2019-02-19, 08:24:05, 23.44, 45.15
2019-02-19, 08:24:06, 23.44, 45.15
2019-02-19, 08:24:07, 23.44, 45.15
2019-02-19, 08:24:09, 23.44, 45.15
2019-02-19, 08:24:10, 23.45, 45.18
2019-02-19, 08:24:11, 23.45, 45.18
2019-02-19, 08:24:13, 23.44, 45.18
2019-02-19, 08:24:14, 23.44, 45.18
2019-02-19, 08:24:15, 23.45, 45.18
2019-02-19, 08:24:17, 23.44, 45.18
2019-02-19, 08:24:18, 23.44, 45.18
2019-02-19, 08:24:19, 23.44, 45.15
2019-02-19, 08:24:21, 23.43, 45.15
2019-02-19, 08:24:22, 23.44, 45.18
2019-02-19, 08:24:24, 23.44, 45.18
2019-02-19, 08:24:25, 23.44, 45.18
2019-02-19, 08:24:26, 23.43, 45.18
2019-02-19, 08:24:28, 23.42, 45.18
2019-02-19, 08:24:29, 23.43, 45.18
2019-02-19, 08:24:30, 23.43, 45.18
2019-02-19, 08:24:32, 23.42, 45.18
2019-02-19, 08:24:33, 23.43, 45.18
2019-02-19, 08:24:34, 23.44, 45.18
2019-02-19, 08:24:36, 23.44, 45.18
2019-02-19, 08:24:37, 23.42, 45.18
2019-02-19, 08:24:38, 23.44, 45.18
2019-02-19, 08:24:40, 23.44, 45.18
2019-02-19, 08:24:41, 23.42, 45.15
2019-02-19, 08:24:42, 23.42, 45.18
2019-02-19, 08:24:44, 23.43, 45.18
2019-02-19, 08:24:45, 23.43, 45.18
2019-02-19, 08:24:47, 23.42, 45.18
2019-02-19, 08:24:48, 23.42, 45.18
2019-02-19, 08:24:49, 23.42, 45.18
2019-02-19, 08:24:51, 23.43, 45.18
2019-02-19, 08:24:52, 23.42, 45.18
2019-02-19, 08:24:53, 23.42, 45.18
2019-02-19, 08:24:55, 23.41, 45.18
2019-02-19, 08:24:56, 23.4, 45.18
2019-02-19, 08:24:57, 23.42, 45.18
2019-02-19, 08:24:59, 23.44, 45.18
2019-02-19, 08:25:00, 23.43, 45.18
2019-02-19, 08:25:01, 23.42, 45.18
2019-02-19, 08:25:03, 23.41, 45.18
2019-02-19, 08:25:04, 23.42, 45.18
2019-02-19, 08:25:06, 23.42, 45.18
2019-02-19, 08:25:07, 23.42, 45.15
2019-02-19, 08:25:08, 23.42, 45.18
2019-02-19, 08:25:10, 23.42, 45.18
2019-02-19, 08:25:11, 23.42, 45.18
2019-02-19, 08:25:12, 23.42, 45.18
2019-02-19, 08:25:14, 23.43, 45.18
2019-02-19, 08:25:15, 23.41, 45.18
2019-02-19, 08:25:16, 23.42, 45.18
2019-02-19, 08:25:18, 23.41, 45.18
2019-02-19, 08:25:19, 23.42, 45.21
2019-02-19, 08:25:20, 23.42, 45.21
2019-02-19, 08:25:22, 23.41, 45.21
2019-02-19, 08:25:23, 23.41, 45.18
2019-02-19, 08:25:25, 23.41, 45.18
2019-02-19, 08:25:26, 23.42, 45.21
2019-02-19, 08:25:27, 23.42, 45.18
2019-02-19, 08:25:29, 23.41, 45.21
2019-02-19, 08:25:30, 23.42, 45.18
2019-02-19, 08:25:31, 23.41, 45.21
2019-02-19, 08:25:33, 23.42, 45.21
2019-02-19, 08:25:34, 23.43, 45.21
2019-02-19, 08:25:35, 23.42, 45.21
2019-02-19, 08:25:37, 23.42, 45.18
2019-02-19, 08:25:38, 23.42, 45.21
2019-02-19, 08:25:39, 23.42, 45.18
2019-02-19, 08:25:41, 23.43, 45.18
2019-02-19, 08:25:42, 23.42, 45.21
2019-02-19, 08:25:43, 23.42, 45.18
2019-02-19, 08:25:45, 23.41, 45.21
2019-02-19, 08:25:46, 23.42, 45.21
2019-02-19, 08:25:48, 23.43, 45.21
2019-02-19, 08:25:49, 23.42, 45.21
2019-02-19, 08:25:50, 23.42, 45.21
2019-02-19, 08:25:52, 23.42, 45.18
2019-02-19, 08:25:53, 23.41, 45.21
2019-02-19, 08:25:54, 23.43, 45.18
2019-02-19, 08:25:56, 23.34, 45.2
2019-02-19, 08:25:57, 23.39, 45.21
2019-02-19, 08:25:58, 23.41, 45.24
2019-02-19, 08:26:00, 23.4, 45.24
2019-02-19, 08:26:01, 23.42, 45.21
2019-02-19, 08:26:02, 23.42, 45.24
2019-02-19, 08:26:04, 23.42, 45.24
2019-02-19, 08:26:05, 23.41, 45.24
2019-02-19, 08:26:07, 23.42, 45.24
2019-02-19, 08:26:08, 23.41, 45.21
2019-02-19, 08:26:09, 23.42, 45.21
2019-02-19, 08:26:11, 23.42, 45.21
2019-02-19, 08:26:12, 23.42, 45.21
2019-02-19, 08:26:13, 23.42, 45.21
2019-02-19, 08:26:15, 23.42, 45.21
2019-02-19, 08:26:16, 23.42, 45.24
2019-02-19, 08:26:17, 23.41, 45.24
2019-02-19, 08:26:19, 23.42, 45.21
2019-02-19, 08:26:20, 23.41, 45.24
2019-02-19, 08:26:21, 23.41, 45.21
2019-02-19, 08:26:23, 23.41, 45.24
2019-02-19, 08:26:24, 23.39, 45.21
2019-02-19, 08:26:26, 23.4, 45.24
2019-02-19, 08:26:27, 23.4, 45.24
2019-02-19, 08:26:28, 23.4, 45.24
2019-02-19, 08:26:30, 23.39, 45.24
2019-02-19, 08:26:31, 23.4, 45.24
2019-02-19, 08:26:32, 23.4, 45.24
2019-02-19, 08:26:34, 23.4, 45.24
2019-02-19, 08:26:35, 23.39, 45.24
2019-02-19, 08:26:36, 23.4, 45.24
2019-02-19, 08:26:38, 23.4, 45.24
2019-02-19, 08:26:39, 23.4, 45.24
2019-02-19, 08:26:40, 23.39, 45.24
2019-02-19, 08:26:42, 23.38, 45.24
2019-02-19, 08:26:43, 23.39, 45.24
2019-02-19, 08:26:45, 23.4, 45.24
2019-02-19, 08:26:46, 23.4, 45.24
2019-02-19, 08:26:47, 23.4, 45.27
2019-02-19, 08:26:49, 23.39, 45.27
2019-02-19, 08:26:50, 23.39, 45.27
2019-02-19, 08:26:51, 23.4, 45.27
2019-02-19, 08:26:53, 23.39, 45.27
2019-02-19, 08:26:54, 23.4, 45.24
2019-02-19, 08:26:55, 23.27, 45.26
2019-02-19, 08:26:57, 23.36, 45.3
2019-02-19, 08:26:58, 23.36, 45.33
2019-02-19, 08:26:59, 23.37, 45.3
2019-02-19, 08:27:01, 23.38, 45.3
2019-02-19, 08:27:02, 23.38, 45.3
2019-02-19, 08:27:04, 23.39, 45.3
2019-02-19, 08:27:05, 23.39, 45.3
2019-02-19, 08:27:06, 23.39, 45.3
2019-02-19, 08:27:08, 23.38, 45.3
2019-02-19, 08:27:09, 23.38, 45.3
2019-02-19, 08:27:10, 23.38, 45.3
2019-02-19, 08:27:12, 23.38, 45.3
2019-02-19, 08:27:13, 23.38, 45.3
2019-02-19, 08:27:14, 23.39, 45.3
2019-02-19, 08:27:16, 23.37, 45.3
2019-02-19, 08:27:17, 23.37, 45.3
2019-02-19, 08:27:18, 23.38, 45.3
2019-02-19, 08:27:20, 23.39, 45.3
2019-02-19, 08:27:21, 23.39, 45.3
2019-02-19, 08:27:23, 23.39, 45.3
2019-02-19, 08:27:24, 23.38, 45.3
2019-02-19, 08:27:25, 23.37, 45.3
2019-02-19, 08:27:27, 23.38, 45.3
2019-02-19, 08:27:28, 23.38, 45.3
2019-02-19, 08:27:29, 23.39, 45.3
2019-02-19, 08:27:31, 23.38, 45.3
2019-02-19, 08:27:32, 23.38, 45.3
2019-02-19, 08:27:33, 23.38, 45.3
2019-02-19, 08:27:35, 23.4, 45.3
2019-02-19, 08:27:36, 23.38, 45.3
2019-02-19, 08:27:37, 23.39, 45.3
2019-02-19, 08:27:39, 23.38, 45.3
2019-02-19, 08:27:40, 23.38, 45.3
2019-02-19, 08:27:42, 23.38, 45.3
2019-02-19, 08:27:43, 23.38, 45.3
2019-02-19, 08:27:44, 23.38, 45.3
2019-02-19, 08:27:46, 23.38, 45.3
2019-02-19, 08:27:47, 23.38, 45.3
2019-02-19, 08:27:48, 23.38, 45.3
2019-02-19, 08:27:50, 23.38, 45.3
2019-02-19, 08:27:51, 23.38, 45.3
2019-02-19, 08:27:52, 23.39, 45.3
2019-02-19, 08:27:54, 23.38, 45.3
2019-02-19, 08:27:55, 23.38, 45.3
2019-02-19, 08:27:56, 23.38, 45.27
2019-02-19, 08:27:58, 23.38, 45.3
2019-02-19, 08:27:59, 23.38, 45.27
2019-02-19, 08:28:01, 23.38, 45.27
2019-02-19, 08:28:02, 23.37, 45.3
2019-02-19, 08:28:03, 23.38, 45.3
2019-02-19, 08:28:05, 23.38, 45.3
2019-02-19, 08:28:06, 23.38, 45.3
2019-02-19, 08:28:07, 23.37, 45.3
2019-02-19, 08:28:09, 23.38, 45.3
2019-02-19, 08:28:10, 23.39, 45.3
2019-02-19, 08:28:11, 23.39, 45.33
2019-02-19, 08:28:13, 23.39, 45.3
2019-02-19, 08:28:14, 23.38, 45.33
2019-02-19, 08:28:15, 23.38, 45.3
2019-02-19, 08:28:17, 23.37, 45.33
2019-02-19, 08:28:18, 23.37, 45.3
2019-02-19, 08:28:19, 23.38, 45.3
2019-02-19, 08:28:21, 23.38, 45.33
2019-02-19, 08:28:22, 23.37, 45.33
2019-02-19, 08:28:24, 23.37, 45.33
2019-02-19, 08:28:25, 23.37, 45.36
2019-02-19, 08:28:26, 23.38, 45.3
2019-02-19, 08:28:28, 23.38, 45.33
2019-02-19, 08:28:29, 23.37, 45.3
2019-02-19, 08:28:30, 23.38, 45.33
2019-02-19, 08:28:32, 23.38, 45.3
2019-02-19, 08:28:33, 23.37, 45.3
2019-02-19, 08:28:34, 23.37, 45.33
2019-02-19, 08:28:36, 23.37, 45.3
2019-02-19, 08:28:37, 23.38, 45.3
2019-02-19, 08:28:38, 23.38, 45.33
2019-02-19, 08:28:40, 23.36, 45.33
2019-02-19, 08:28:41, 23.37, 45.3
2019-02-19, 08:28:43, 23.36, 45.33
2019-02-19, 08:28:44, 23.35, 45.33
2019-02-19, 08:28:45, 23.38, 45.33
2019-02-19, 08:28:47, 23.38, 45.33
2019-02-19, 08:28:48, 23.38, 45.37
2019-02-19, 08:28:49, 23.36, 45.3
2019-02-19, 08:28:51, 23.38, 45.33
2019-02-19, 08:28:52, 23.38, 45.33
2019-02-19, 08:28:53, 23.37, 45.33
2019-02-19, 08:28:55, 23.36, 45.33
2019-02-19, 08:28:56, 23.37, 45.33
2019-02-19, 08:28:57, 23.36, 45.33
2019-02-19, 08:28:59, 23.37, 45.33
2019-02-19, 08:29:00, 23.37, 45.33
2019-02-19, 08:29:02, 23.37, 45.36
2019-02-19, 08:29:03, 23.37, 45.36
2019-02-19, 08:29:04, 23.38, 45.37
2019-02-19, 08:29:06, 23.37, 45.33
2019-02-19, 08:29:07, 23.36, 45.33
2019-02-19, 08:29:08, 23.37, 45.33
2019-02-19, 08:29:10, 23.37, 45.33
2019-02-19, 08:29:11, 23.38, 45.33
2019-02-19, 08:29:12, 23.39, 45.33
2019-02-19, 08:29:14, 23.37, 45.33
2019-02-19, 08:29:15, 23.37, 45.3
2019-02-19, 08:29:17, 23.37, 45.33
2019-02-19, 08:29:18, 23.38, 45.33
2019-02-19, 08:29:19, 23.38, 45.33
2019-02-19, 08:29:21, 23.38, 45.3
2019-02-19, 08:29:22, 23.38, 45.3
2019-02-19, 08:29:23, 23.3, 45.29
2019-02-19, 08:29:25, 23.34, 45.33
2019-02-19, 08:29:26, 23.35, 45.36
2019-02-19, 08:29:27, 23.36, 45.33
2019-02-19, 08:29:29, 23.35, 45.36
2019-02-19, 08:29:30, 23.35, 45.36
2019-02-19, 08:29:31, 23.36, 45.36
2019-02-19, 08:29:33, 23.35, 45.36
2019-02-19, 08:29:34, 23.35, 45.36
2019-02-19, 08:29:35, 23.35, 45.36
2019-02-19, 08:29:37, 23.35, 45.36
2019-02-19, 08:29:38, 23.36, 45.36
2019-02-19, 08:29:40, 23.36, 45.36
2019-02-19, 08:29:41, 23.35, 45.36
2019-02-19, 08:29:42, 23.36, 45.36
2019-02-19, 08:29:44, 23.35, 45.36
2019-02-19, 08:29:45, 23.35, 45.36
2019-02-19, 08:29:46, 23.35, 45.36
2019-02-19, 08:29:48, 23.37, 45.36
2019-02-19, 08:29:49, 23.36, 45.4
2019-02-19, 08:29:50, 23.36, 45.36
2019-02-19, 08:29:52, 23.37, 45.4
2019-02-19, 08:29:53, 23.36, 45.36
2019-02-19, 08:29:55, 23.35, 45.39
2019-02-19, 08:29:56, 23.36, 45.36
2019-02-19, 08:29:57, 23.36, 45.4
2019-02-19, 08:29:59, 23.36, 45.36
2019-02-19, 08:30:00, 23.36, 45.36
2019-02-19, 08:30:01, 23.34, 45.39
2019-02-19, 08:30:03, 23.35, 45.39
2019-02-19, 08:30:04, 23.36, 45.36
2019-02-19, 08:30:05, 23.36, 45.4
2019-02-19, 08:30:07, 23.36, 45.36
2019-02-19, 08:30:08, 23.37, 45.36
2019-02-19, 08:30:09, 23.36, 45.4
2019-02-19, 08:30:11, 23.34, 45.36
2019-02-19, 08:30:12, 23.36, 45.36
2019-02-19, 08:30:14, 23.33, 45.36
2019-02-19, 08:30:15, 23.35, 45.36
2019-02-19, 08:30:16, 23.34, 45.36
2019-02-19, 08:30:18, 23.37, 45.36
2019-02-19, 08:30:19, 23.36, 45.36
2019-02-19, 08:30:20, 23.36, 45.36
2019-02-19, 08:30:22, 23.36, 45.36
2019-02-19, 08:30:23, 23.36, 45.36
2019-02-19, 08:30:24, 23.36, 45.36
2019-02-19, 08:30:26, 23.36, 45.36
2019-02-19, 08:30:27, 23.35, 45.36
2019-02-19, 08:30:28, 23.36, 45.36
2019-02-19, 08:30:30, 23.36, 45.36
2019-02-19, 08:30:31, 23.35, 45.36
2019-02-19, 08:30:33, 23.36, 45.36
2019-02-19, 08:30:34, 23.36, 45.36
2019-02-19, 08:30:35, 23.35, 45.36
2019-02-19, 08:30:37, 23.36, 45.4
2019-02-19, 08:30:38, 23.36, 45.36
2019-02-19, 08:30:39, 23.36, 45.4
2019-02-19, 08:30:41, 23.35, 45.39
2019-02-19, 08:30:42, 23.35, 45.39
2019-02-19, 08:30:43, 23.36, 45.4
2019-02-19, 08:30:45, 23.36, 45.4
2019-02-19, 08:30:46, 23.36, 45.36
2019-02-19, 08:30:47, 23.36, 45.4
2019-02-19, 08:30:49, 23.34, 45.36
2019-02-19, 08:30:50, 23.36, 45.36
2019-02-19, 08:30:52, 23.36, 45.36
2019-02-19, 08:30:53, 23.37, 45.36
2019-02-19, 08:30:54, 23.35, 45.33
2019-02-19, 08:30:56, 23.35, 45.36
2019-02-19, 08:30:57, 23.34, 45.36
2019-02-19, 08:30:58, 23.36, 45.36
2019-02-19, 08:31:00, 23.35, 45.36
2019-02-19, 08:31:01, 23.36, 45.36
2019-02-19, 08:31:02, 23.36, 45.36
2019-02-19, 08:31:04, 23.36, 45.36
2019-02-19, 08:31:05, 23.34, 45.36
2019-02-19, 08:31:06, 23.34, 45.36
2019-02-19, 08:31:08, 23.34, 45.39
2019-02-19, 08:31:09, 23.35, 45.36
2019-02-19, 08:31:11, 23.34, 45.36
2019-02-19, 08:31:12, 23.35, 45.36
2019-02-19, 08:31:13, 23.34, 45.36
2019-02-19, 08:31:15, 23.34, 45.36
2019-02-19, 08:31:16, 23.36, 45.36
2019-02-19, 08:31:17, 23.35, 45.36
2019-02-19, 08:31:19, 23.35, 45.36
2019-02-19, 08:31:20, 23.35, 45.36
2019-02-19, 08:31:21, 23.35, 45.36
2019-02-19, 08:31:23, 23.34, 45.33
2019-02-19, 08:31:24, 23.35, 45.33
2019-02-19, 08:31:25, 23.34, 45.36
2019-02-19, 08:31:27, 23.35, 45.36
2019-02-19, 08:31:28, 23.35, 45.36
2019-02-19, 08:31:29, 23.34, 45.36
2019-02-19, 08:31:31, 23.35, 45.36
2019-02-19, 08:31:32, 23.35, 45.36
2019-02-19, 08:31:34, 23.34, 45.36
2019-02-19, 08:31:35, 23.33, 45.36
2019-02-19, 08:31:36, 23.34, 45.36
2019-02-19, 08:31:38, 23.33, 45.36
2019-02-19, 08:31:39, 23.35, 45.36
2019-02-19, 08:31:40, 23.34, 45.36
2019-02-19, 08:31:42, 23.33, 45.36
2019-02-19, 08:31:43, 23.34, 45.36
2019-02-19, 08:31:44, 23.34, 45.36
2019-02-19, 08:31:46, 23.33, 45.36
2019-02-19, 08:31:47, 23.34, 45.36
2019-02-19, 08:31:48, 23.32, 45.36
2019-02-19, 08:31:50, 23.34, 45.36
2019-02-19, 08:31:51, 23.34, 45.36
2019-02-19, 08:31:53, 23.34, 45.36
2019-02-19, 08:31:54, 23.34, 45.36
2019-02-19, 08:31:55, 23.34, 45.36
2019-02-19, 08:31:57, 23.34, 45.36
2019-02-19, 08:31:58, 23.34, 45.36
2019-02-19, 08:31:59, 23.33, 45.36
2019-02-19, 08:32:01, 23.33, 45.36
2019-02-19, 08:32:02, 23.34, 45.36
2019-02-19, 08:32:03, 23.34, 45.36
2019-02-19, 08:32:05, 23.34, 45.36
2019-02-19, 08:32:06, 23.34, 45.36
2019-02-19, 08:32:07, 23.33, 45.36
2019-02-19, 08:32:09, 23.33, 45.33
2019-02-19, 08:32:10, 23.33, 45.36
2019-02-19, 08:32:11, 23.33, 45.36
2019-02-19, 08:32:13, 23.34, 45.36
2019-02-19, 08:32:14, 23.34, 45.36
2019-02-19, 08:32:16, 23.34, 45.39
2019-02-19, 08:32:17, 23.34, 45.36
2019-02-19, 08:32:18, 23.34, 45.36
2019-02-19, 08:32:20, 23.34, 45.36
2019-02-19, 08:32:21, 23.34, 45.36
2019-02-19, 08:32:22, 23.33, 45.36
2019-02-19, 08:32:24, 23.34, 45.36
2019-02-19, 08:32:25, 23.34, 45.36
2019-02-19, 08:32:26, 23.32, 45.36
2019-02-19, 08:32:28, 23.34, 45.39
2019-02-19, 08:32:29, 23.33, 45.39
2019-02-19, 08:32:30, 23.32, 45.39
2019-02-19, 08:32:32, 23.32, 45.36
2019-02-19, 08:32:33, 23.32, 45.39
2019-02-19, 08:32:34, 23.34, 45.43
2019-02-19, 08:32:36, 23.34, 45.39
2019-02-19, 08:32:37, 23.33, 45.39
2019-02-19, 08:32:39, 23.34, 45.39
2019-02-19, 08:32:40, 23.35, 45.36
2019-02-19, 08:32:41, 23.33, 45.39
2019-02-19, 08:32:43, 23.34, 45.39
2019-02-19, 08:32:44, 23.34, 45.36
2019-02-19, 08:32:45, 23.33, 45.36
2019-02-19, 08:32:47, 23.35, 45.36
2019-02-19, 08:32:48, 23.34, 45.39
2019-02-19, 08:32:49, 23.34, 45.36
2019-02-19, 08:32:51, 23.34, 45.36
2019-02-19, 08:32:52, 23.32, 45.36
2019-02-19, 08:32:53, 23.34, 45.36
2019-02-19, 08:32:55, 23.33, 45.36
2019-02-19, 08:32:56, 23.34, 45.36
2019-02-19, 08:32:58, 23.34, 45.36
2019-02-19, 08:32:59, 23.33, 45.36
2019-02-19, 08:33:00, 23.32, 45.39
2019-02-19, 08:33:02, 23.34, 45.39
2019-02-19, 08:33:03, 23.34, 45.39
2019-02-19, 08:33:04, 23.33, 45.39
2019-02-19, 08:33:06, 23.34, 45.43
2019-02-19, 08:33:07, 23.34, 45.39
2019-02-19, 08:33:08, 23.34, 45.43
2019-02-19, 08:33:10, 23.33, 45.39
2019-02-19, 08:33:11, 23.32, 45.39
2019-02-19, 08:33:13, 23.32, 45.39
2019-02-19, 08:33:14, 23.34, 45.43
2019-02-19, 08:33:15, 23.34, 45.43
2019-02-19, 08:33:17, 23.33, 45.39
2019-02-19, 08:33:18, 23.34, 45.43
2019-02-19, 08:33:19, 23.32, 45.39
2019-02-19, 08:33:21, 23.32, 45.39
2019-02-19, 08:33:22, 23.35, 45.39
2019-02-19, 08:33:23, 23.34, 45.43
2019-02-19, 08:33:25, 23.34, 45.39
2019-02-19, 08:33:26, 23.34, 45.39
2019-02-19, 08:33:27, 23.35, 45.39
2019-02-19, 08:33:29, 23.35, 45.39
2019-02-19, 08:33:30, 23.34, 45.39
2019-02-19, 08:33:32, 23.32, 45.39
2019-02-19, 08:33:33, 23.34, 45.39
2019-02-19, 08:33:34, 23.33, 45.39
2019-02-19, 08:33:36, 23.34, 45.36
2019-02-19, 08:33:37, 23.32, 45.39
2019-02-19, 08:33:38, 23.33, 45.36
2019-02-19, 08:33:40, 23.33, 45.39
2019-02-19, 08:33:41, 23.34, 45.39
2019-02-19, 08:33:42, 23.33, 45.39
2019-02-19, 08:33:44, 23.34, 45.43
2019-02-19, 08:33:45, 23.35, 45.39
2019-02-19, 08:33:46, 23.35, 45.43
2019-02-19, 08:33:48, 23.34, 45.43
2019-02-19, 08:33:49, 23.35, 45.43
2019-02-19, 08:33:51, 23.35, 45.43
2019-02-19, 08:33:52, 23.34, 45.43
2019-02-19, 08:33:53, 23.34, 45.43
2019-02-19, 08:33:55, 23.35, 45.43
2019-02-19, 08:33:56, 23.36, 45.4
2019-02-19, 08:33:57, 23.36, 45.43
2019-02-19, 08:33:59, 23.35, 45.39
2019-02-19, 08:34:00, 23.35, 45.39
2019-02-19, 08:34:01, 23.34, 45.43
2019-02-19, 08:34:03, 23.34, 45.43
2019-02-19, 08:34:04, 23.31, 45.42
2019-02-19, 08:34:06, 23.33, 45.42
2019-02-19, 08:34:07, 23.34, 45.39
2019-02-19, 08:34:08, 23.34, 45.43
2019-02-19, 08:34:10, 23.34, 45.39
2019-02-19, 08:34:11, 23.34, 45.39
2019-02-19, 08:34:12, 23.34, 45.36
2019-02-19, 08:34:14, 23.35, 45.39
2019-02-19, 08:34:15, 23.33, 45.36
2019-02-19, 08:34:16, 23.36, 45.36
2019-02-19, 08:34:18, 23.34, 45.36
2019-02-19, 08:34:19, 23.34, 45.36
2019-02-19, 08:34:20, 23.34, 45.36
2019-02-19, 08:34:22, 23.34, 45.36
2019-02-19, 08:34:23, 23.34, 45.39
2019-02-19, 08:34:24, 23.33, 45.39
2019-02-19, 08:34:26, 23.35, 45.39
2019-02-19, 08:34:27, 23.35, 45.39
2019-02-19, 08:34:28, 23.35, 45.36
2019-02-19, 08:34:30, 23.34, 45.39
2019-02-19, 08:34:31, 23.35, 45.36
2019-02-19, 08:34:33, 23.35, 45.36
2019-02-19, 08:34:34, 23.34, 45.39
2019-02-19, 08:34:35, 23.34, 45.36
2019-02-19, 08:34:37, 23.35, 45.36
2019-02-19, 08:34:38, 23.34, 45.36
2019-02-19, 08:34:39, 23.34, 45.39
2019-02-19, 08:34:41, 23.34, 45.36
2019-02-19, 08:34:42, 23.35, 45.36
2019-02-19, 08:34:43, 23.33, 45.36
2019-02-19, 08:34:45, 23.35, 45.36
2019-02-19, 08:34:46, 23.35, 45.36
2019-02-19, 08:34:47, 23.35, 45.36
2019-02-19, 08:34:49, 23.35, 45.36
2019-02-19, 08:34:50, 23.22, 45.38
2019-02-19, 08:34:51, 23.3, 45.42
2019-02-19, 08:34:53, 23.31, 45.42
2019-02-19, 08:34:54, 23.34, 45.43
2019-02-19, 08:34:56, 23.34, 45.43
2019-02-19, 08:34:57, 23.34, 45.43
2019-02-19, 08:34:58, 23.34, 45.39
2019-02-19, 08:35:00, 23.34, 45.39
2019-02-19, 08:35:01, 23.34, 45.39
2019-02-19, 08:35:02, 23.36, 45.36
2019-02-19, 08:35:04, 23.33, 45.36
2019-02-19, 08:35:05, 23.34, 45.36
2019-02-19, 08:35:06, 23.34, 45.36
2019-02-19, 08:35:08, 23.33, 45.36
2019-02-19, 08:35:09, 23.32, 45.36
2019-02-19, 08:35:10, 23.34, 45.36
2019-02-19, 08:35:12, 23.34, 45.36
2019-02-19, 08:35:13, 23.34, 45.36
2019-02-19, 08:35:15, 23.34, 45.36
2019-02-19, 08:35:16, 23.34, 45.36
2019-02-19, 08:35:17, 23.35, 45.36
2019-02-19, 08:35:19, 23.35, 45.36
2019-02-19, 08:35:20, 23.34, 45.36
2019-02-19, 08:35:21, 23.35, 45.36
2019-02-19, 08:35:23, 23.34, 45.36
2019-02-19, 08:35:24, 23.35, 45.36
2019-02-19, 08:35:25, 23.35, 45.36
2019-02-19, 08:35:27, 23.35, 45.36
2019-02-19, 08:35:28, 23.36, 45.4
2019-02-19, 08:35:29, 23.35, 45.36
2019-02-19, 08:35:31, 23.36, 45.36
2019-02-19, 08:35:32, 23.35, 45.36
2019-02-19, 08:35:33, 23.36, 45.36
2019-02-19, 08:35:35, 23.35, 45.36
2019-02-19, 08:35:36, 23.35, 45.36
2019-02-19, 08:35:38, 23.35, 45.36
2019-02-19, 08:35:39, 23.36, 45.36
2019-02-19, 08:35:40, 23.36, 45.36
2019-02-19, 08:35:42, 23.35, 45.36
2019-02-19, 08:35:43, 23.34, 45.36
2019-02-19, 08:35:44, 23.35, 45.36
2019-02-19, 08:35:46, 23.35, 45.36
2019-02-19, 08:35:47, 23.34, 45.36
2019-02-19, 08:35:48, 23.35, 45.36
2019-02-19, 08:35:50, 23.18, 45.37
2019-02-19, 08:35:51, 23.3, 45.42
2019-02-19, 08:35:52, 23.31, 45.42
2019-02-19, 08:35:54, 23.33, 45.42
2019-02-19, 08:35:55, 23.34, 45.43
2019-02-19, 08:35:56, 23.33, 45.42
2019-02-19, 08:35:58, 23.33, 45.39
2019-02-19, 08:35:59, 23.34, 45.43
2019-02-19, 08:36:01, 23.33, 45.39
2019-02-19, 08:36:02, 23.34, 45.43
2019-02-19, 08:36:03, 23.34, 45.39
2019-02-19, 08:36:05, 23.34, 45.39
2019-02-19, 08:36:06, 23.33, 45.36
2019-02-19, 08:36:07, 23.33, 45.39
2019-02-19, 08:36:09, 23.34, 45.39
2019-02-19, 08:36:10, 23.33, 45.36
2019-02-19, 08:36:11, 23.34, 45.36
2019-02-19, 08:36:13, 23.34, 45.39
2019-02-19, 08:36:14, 23.34, 45.36
2019-02-19, 08:36:15, 23.36, 45.36
2019-02-19, 08:36:17, 23.34, 45.36
2019-02-19, 08:36:18, 23.36, 45.36
2019-02-19, 08:36:19, 23.35, 45.36
2019-02-19, 08:36:21, 23.36, 45.36
2019-02-19, 08:36:22, 23.35, 45.36
2019-02-19, 08:36:24, 23.35, 45.36
2019-02-19, 08:36:25, 23.35, 45.36
2019-02-19, 08:36:26, 23.34, 45.36
2019-02-19, 08:36:28, 23.34, 45.36
2019-02-19, 08:36:29, 23.36, 45.36
2019-02-19, 08:36:30, 23.35, 45.36
2019-02-19, 08:36:32, 23.34, 45.36
2019-02-19, 08:36:33, 23.35, 45.36
2019-02-19, 08:36:34, 23.36, 45.36
2019-02-19, 08:36:36, 23.36, 45.36
2019-02-19, 08:36:37, 23.34, 45.36
2019-02-19, 08:36:38, 23.36, 45.36
2019-02-19, 08:36:40, 23.35, 45.36
2019-02-19, 08:36:41, 23.36, 45.36
2019-02-19, 08:36:42, 23.35, 45.36
2019-02-19, 08:36:44, 23.36, 45.33
2019-02-19, 08:36:45, 23.34, 45.36
2019-02-19, 08:36:47, 23.35, 45.33
2019-02-19, 08:36:48, 23.36, 45.33
2019-02-19, 08:36:49, 23.35, 45.33
2019-02-19, 08:36:51, 23.35, 45.33
2019-02-19, 08:36:52, 23.34, 45.33
2019-02-19, 08:36:53, 23.36, 45.36
2019-02-19, 08:36:55, 23.36, 45.36
2019-02-19, 08:36:56, 23.34, 45.3
2019-02-19, 08:36:57, 23.35, 45.3
2019-02-19, 08:36:59, 23.35, 45.3
2019-02-19, 08:37:00, 23.36, 45.33
2019-02-19, 08:37:01, 23.34, 45.33
2019-02-19, 08:37:03, 23.34, 45.33
2019-02-19, 08:37:04, 23.34, 45.33
2019-02-19, 08:37:06, 23.36, 45.36
2019-02-19, 08:37:07, 23.36, 45.33
2019-02-19, 08:37:08, 23.34, 45.33
2019-02-19, 08:37:10, 23.35, 45.33
2019-02-19, 08:37:11, 23.35, 45.36
2019-02-19, 08:37:12, 23.36, 45.33
2019-02-19, 08:37:14, 23.35, 45.33
2019-02-19, 08:37:15, 23.36, 45.33
2019-02-19, 08:37:16, 23.35, 45.33
2019-02-19, 08:37:18, 23.36, 45.36
2019-02-19, 08:37:19, 23.34, 45.36
2019-02-19, 08:37:20, 23.36, 45.36
2019-02-19, 08:37:22, 23.36, 45.36
2019-02-19, 08:37:23, 23.36, 45.33
2019-02-19, 08:37:24, 23.36, 45.36
2019-02-19, 08:37:26, 23.34, 45.36
2019-02-19, 08:37:27, 23.36, 45.36
2019-02-19, 08:37:29, 23.36, 45.36
2019-02-19, 08:37:30, 23.36, 45.36
2019-02-19, 08:37:31, 23.35, 45.36
2019-02-19, 08:37:33, 23.36, 45.36
2019-02-19, 08:37:34, 23.36, 45.36
2019-02-19, 08:37:35, 23.34, 45.36
2019-02-19, 08:37:37, 23.36, 45.33
2019-02-19, 08:37:38, 23.35, 45.36
2019-02-19, 08:37:39, 23.36, 45.33
2019-02-19, 08:37:41, 23.36, 45.36
2019-02-19, 08:37:42, 23.36, 45.36
2019-02-19, 08:37:43, 23.36, 45.36
2019-02-19, 08:37:45, 23.36, 45.36
2019-02-19, 08:37:46, 23.36, 45.36
2019-02-19, 08:37:48, 23.34, 45.33
2019-02-19, 08:37:49, 23.35, 45.36
2019-02-19, 08:37:50, 23.36, 45.33
2019-02-19, 08:37:52, 23.36, 45.36
2019-02-19, 08:37:53, 23.36, 45.3
2019-02-19, 08:37:54, 23.36, 45.36
2019-02-19, 08:37:56, 23.37, 45.33
2019-02-19, 08:37:57, 23.36, 45.33
2019-02-19, 08:37:58, 23.37, 45.3
2019-02-19, 08:38:00, 23.36, 45.3
2019-02-19, 08:38:01, 23.37, 45.33
2019-02-19, 08:38:02, 23.36, 45.33
2019-02-19, 08:38:04, 23.36, 45.3
2019-02-19, 08:38:05, 23.36, 45.33
2019-02-19, 08:38:06, 23.36, 45.33
2019-02-19, 08:38:08, 23.36, 45.3
2019-02-19, 08:38:09, 23.36, 45.3
2019-02-19, 08:38:11, 23.36, 45.3
2019-02-19, 08:38:12, 23.37, 45.3
2019-02-19, 08:38:13, 23.37, 45.33
2019-02-19, 08:38:15, 23.37, 45.33
2019-02-19, 08:38:16, 23.37, 45.33
2019-02-19, 08:38:17, 23.32, 45.29
2019-02-19, 08:38:19, 23.36, 45.3
2019-02-19, 08:38:20, 23.35, 45.33
2019-02-19, 08:38:21, 23.36, 45.33
2019-02-19, 08:38:23, 23.37, 45.33
2019-02-19, 08:38:24, 23.36, 45.33
2019-02-19, 08:38:25, 23.36, 45.3
2019-02-19, 08:38:27, 23.35, 45.33
2019-02-19, 08:38:28, 23.35, 45.3
2019-02-19, 08:38:29, 23.35, 45.33
2019-02-19, 08:38:31, 23.34, 45.3
2019-02-19, 08:38:32, 23.34, 45.33
2019-02-19, 08:38:34, 23.35, 45.3
2019-02-19, 08:38:35, 23.34, 45.3
2019-02-19, 08:38:36, 23.36, 45.33
2019-02-19, 08:38:38, 23.35, 45.3
2019-02-19, 08:38:39, 23.35, 45.3
2019-02-19, 08:38:40, 23.36, 45.3
2019-02-19, 08:38:42, 23.36, 45.33
2019-02-19, 08:38:43, 23.37, 45.3
2019-02-19, 08:38:44, 23.37, 45.3
2019-02-19, 08:38:46, 23.37, 45.33
2019-02-19, 08:38:47, 23.28, 45.32
2019-02-19, 08:38:48, 23.35, 45.36
2019-02-19, 08:38:50, 23.36, 45.33
2019-02-19, 08:38:51, 23.36, 45.36
2019-02-19, 08:38:53, 23.38, 45.33
2019-02-19, 08:38:54, 23.37, 45.33
2019-02-19, 08:38:55, 23.37, 45.36
2019-02-19, 08:38:57, 23.35, 45.3
2019-02-19, 08:38:58, 23.37, 45.33
2019-02-19, 08:38:59, 23.37, 45.33
2019-02-19, 08:39:01, 23.38, 45.33
2019-02-19, 08:39:02, 23.37, 45.3
2019-02-19, 08:39:03, 23.39, 45.3
2019-02-19, 08:39:05, 23.38, 45.3
2019-02-19, 08:39:06, 23.38, 45.3
2019-02-19, 08:39:07, 23.38, 45.3
2019-02-19, 08:39:09, 23.37, 45.3
2019-02-19, 08:39:10, 23.38, 45.3
2019-02-19, 08:39:11, 23.38, 45.3
2019-02-19, 08:39:13, 23.38, 45.3
2019-02-19, 08:39:14, 23.37, 45.3
2019-02-19, 08:39:16, 23.39, 45.3
2019-02-19, 08:39:17, 23.27, 45.29
2019-02-19, 08:39:18, 23.35, 45.36
2019-02-19, 08:39:20, 23.37, 45.36
2019-02-19, 08:39:21, 23.37, 45.33
2019-02-19, 08:39:22, 23.36, 45.33
2019-02-19, 08:39:24, 23.37, 45.33
2019-02-19, 08:39:25, 23.37, 45.33
2019-02-19, 08:39:26, 23.37, 45.33
2019-02-19, 08:39:28, 23.38, 45.33
2019-02-19, 08:39:29, 23.37, 45.3
2019-02-19, 08:39:30, 23.37, 45.3
2019-02-19, 08:39:32, 23.38, 45.3
2019-02-19, 08:39:33, 23.37, 45.3
2019-02-19, 08:39:35, 23.38, 45.33
2019-02-19, 08:39:36, 23.38, 45.3
2019-02-19, 08:39:37, 23.38, 45.3
2019-02-19, 08:39:39, 23.38, 45.3
2019-02-19, 08:39:40, 23.38, 45.33
2019-02-19, 08:39:41, 23.38, 45.3
2019-02-19, 08:39:43, 23.38, 45.3
2019-02-19, 08:39:44, 23.38, 45.3
2019-02-19, 08:39:45, 23.37, 45.3
2019-02-19, 08:39:47, 23.37, 45.3
2019-02-19, 08:39:48, 23.37, 45.3
2019-02-19, 08:39:49, 23.37, 45.3
2019-02-19, 08:39:51, 23.36, 45.3
2019-02-19, 08:39:52, 23.38, 45.3
2019-02-19, 08:39:54, 23.37, 45.27
2019-02-19, 08:39:55, 23.37, 45.3
2019-02-19, 08:39:56, 23.36, 45.3
2019-02-19, 08:39:58, 23.36, 45.3
2019-02-19, 08:39:59, 23.38, 45.3
2019-02-19, 08:40:00, 23.36, 45.3
2019-02-19, 08:40:02, 23.36, 45.3
2019-02-19, 08:40:03, 23.38, 45.3
2019-02-19, 08:40:04, 23.36, 45.3
2019-02-19, 08:40:06, 23.37, 45.3
2019-02-19, 08:40:07, 23.36, 45.3
2019-02-19, 08:40:08, 23.36, 45.3
2019-02-19, 08:40:10, 23.38, 45.3
2019-02-19, 08:40:11, 23.38, 45.3
2019-02-19, 08:40:13, 23.38, 45.3
2019-02-19, 08:40:14, 23.38, 45.3
2019-02-19, 08:40:15, 23.37, 45.3
2019-02-19, 08:40:17, 23.22, 45.31
2019-02-19, 08:40:18, 23.32, 45.36
2019-02-19, 08:40:19, 23.32, 45.36
2019-02-19, 08:40:21, 23.36, 45.4
2019-02-19, 08:40:22, 23.36, 45.36
2019-02-19, 08:40:23, 23.38, 45.37
2019-02-19, 08:40:25, 23.37, 45.36
2019-02-19, 08:40:26, 23.36, 45.36
2019-02-19, 08:40:27, 23.38, 45.37
2019-02-19, 08:40:29, 23.39, 45.33
2019-02-19, 08:40:30, 23.39, 45.33
2019-02-19, 08:40:31, 23.39, 45.3
2019-02-19, 08:40:33, 23.39, 45.33
2019-02-19, 08:40:34, 23.39, 45.3
2019-02-19, 08:40:36, 23.39, 45.3
2019-02-19, 08:40:37, 23.39, 45.3
2019-02-19, 08:40:38, 23.39, 45.3
2019-02-19, 08:40:40, 23.39, 45.3
2019-02-19, 08:40:41, 23.38, 45.3
2019-02-19, 08:40:42, 23.39, 45.3
2019-02-19, 08:40:44, 23.39, 45.3
2019-02-19, 08:40:45, 23.38, 45.3
2019-02-19, 08:40:46, 23.38, 45.3
2019-02-19, 08:40:48, 23.39, 45.3
2019-02-19, 08:40:49, 23.38, 45.3
2019-02-19, 08:40:50, 23.38, 45.3
2019-02-19, 08:40:52, 23.4, 45.3
2019-02-19, 08:40:53, 23.4, 45.3
2019-02-19, 08:40:54, 23.38, 45.3
2019-02-19, 08:40:56, 23.39, 45.3
2019-02-19, 08:40:57, 23.4, 45.3
2019-02-19, 08:40:59, 23.38, 45.3
2019-02-19, 08:41:00, 23.4, 45.27
2019-02-19, 08:41:01, 23.37, 45.27
2019-02-19, 08:41:03, 23.38, 45.3
2019-02-19, 08:41:04, 23.39, 45.3
2019-02-19, 08:41:05, 23.38, 45.27
2019-02-19, 08:41:07, 23.38, 45.3
2019-02-19, 08:41:08, 23.39, 45.27
2019-02-19, 08:41:09, 23.39, 45.3
2019-02-19, 08:41:11, 23.38, 45.3
2019-02-19, 08:41:12, 23.38, 45.3
2019-02-19, 08:41:13, 23.39, 45.3
2019-02-19, 08:41:15, 23.39, 45.3
2019-02-19, 08:41:16, 23.39, 45.3
2019-02-19, 08:41:18, 23.38, 45.27
2019-02-19, 08:41:19, 23.39, 45.3
2019-02-19, 08:41:20, 23.4, 45.27
2019-02-19, 08:41:22, 23.39, 45.27
2019-02-19, 08:41:23, 23.4, 45.27
2019-02-19, 08:41:24, 23.39, 45.27
2019-02-19, 08:41:26, 23.4, 45.27
2019-02-19, 08:41:27, 23.39, 45.27
2019-02-19, 08:41:28, 23.38, 45.27
2019-02-19, 08:41:30, 23.4, 45.27
2019-02-19, 08:41:31, 23.4, 45.27
2019-02-19, 08:41:32, 23.4, 45.27
2019-02-19, 08:41:34, 23.39, 45.27
2019-02-19, 08:41:35, 23.4, 45.27
2019-02-19, 08:41:36, 23.39, 45.24
2019-02-19, 08:41:38, 23.4, 45.27
2019-02-19, 08:41:39, 23.39, 45.24
2019-02-19, 08:41:41, 23.4, 45.27
2019-02-19, 08:41:42, 23.4, 45.27
2019-02-19, 08:41:43, 23.4, 45.27
2019-02-19, 08:41:45, 23.4, 45.27
2019-02-19, 08:41:46, 23.4, 45.27
2019-02-19, 08:41:47, 23.4, 45.24
2019-02-19, 08:41:49, 23.4, 45.27
2019-02-19, 08:41:50, 23.41, 45.24
2019-02-19, 08:41:51, 23.4, 45.27
2019-02-19, 08:41:53, 23.4, 45.27
2019-02-19, 08:41:54, 23.41, 45.27
2019-02-19, 08:41:55, 23.4, 45.27
2019-02-19, 08:41:57, 23.41, 45.27
2019-02-19, 08:41:58, 23.4, 45.24
2019-02-19, 08:41:59, 23.4, 45.24
2019-02-19, 08:42:01, 23.41, 45.24
2019-02-19, 08:42:02, 23.4, 45.24
2019-02-19, 08:42:04, 23.4, 45.24
2019-02-19, 08:42:05, 23.4, 45.24
2019-02-19, 08:42:06, 23.4, 45.24
2019-02-19, 08:42:08, 23.41, 45.24
2019-02-19, 08:42:09, 23.41, 45.24
2019-02-19, 08:42:10, 23.41, 45.24
2019-02-19, 08:42:12, 23.41, 45.24
2019-02-19, 08:42:13, 23.41, 45.24
2019-02-19, 08:42:14, 23.42, 45.24
2019-02-19, 08:42:16, 23.41, 45.24
2019-02-19, 08:42:17, 23.41, 45.21
2019-02-19, 08:42:18, 23.4, 45.24
2019-02-19, 08:42:20, 23.42, 45.24
2019-02-19, 08:42:21, 23.42, 45.24
2019-02-19, 08:42:23, 23.41, 45.24
2019-02-19, 08:42:24, 23.41, 45.24
2019-02-19, 08:42:25, 23.41, 45.24
2019-02-19, 08:42:27, 23.4, 45.24
2019-02-19, 08:42:28, 23.4, 45.24
2019-02-19, 08:42:29, 23.41, 45.24
2019-02-19, 08:42:31, 23.41, 45.24
2019-02-19, 08:42:32, 23.41, 45.24
2019-02-19, 08:42:33, 23.41, 45.24
2019-02-19, 08:42:35, 23.42, 45.21
2019-02-19, 08:42:36, 23.41, 45.24
2019-02-19, 08:42:37, 23.4, 45.24
2019-02-19, 08:42:39, 23.41, 45.24
2019-02-19, 08:42:40, 23.42, 45.24
2019-02-19, 08:42:41, 23.42, 45.24
2019-02-19, 08:42:43, 23.42, 45.24
2019-02-19, 08:42:44, 23.39, 45.24
2019-02-19, 08:42:46, 23.42, 45.24
2019-02-19, 08:42:47, 23.41, 45.21
2019-02-19, 08:42:48, 23.4, 45.21
2019-02-19, 08:42:50, 23.41, 45.24
2019-02-19, 08:42:51, 23.41, 45.24
2019-02-19, 08:42:52, 23.41, 45.24
2019-02-19, 08:42:54, 23.41, 45.21
2019-02-19, 08:42:55, 23.42, 45.24
2019-02-19, 08:42:56, 23.41, 45.24
2019-02-19, 08:42:58, 23.42, 45.24
2019-02-19, 08:42:59, 23.42, 45.24
2019-02-19, 08:43:00, 23.42, 45.24
2019-02-19, 08:43:02, 23.42, 45.24
2019-02-19, 08:43:03, 23.42, 45.21
2019-02-19, 08:43:05, 23.41, 45.21
2019-02-19, 08:43:06, 23.43, 45.21
2019-02-19, 08:43:07, 23.42, 45.21
2019-02-19, 08:43:09, 23.42, 45.21
2019-02-19, 08:43:10, 23.43, 45.18
2019-02-19, 08:43:11, 23.43, 45.21
2019-02-19, 08:43:13, 23.42, 45.18
2019-02-19, 08:43:14, 23.35, 45.2
2019-02-19, 08:43:15, 23.4, 45.21
2019-02-19, 08:43:17, 23.41, 45.21
2019-02-19, 08:43:18, 23.4, 45.21
2019-02-19, 08:43:19, 23.4, 45.21
2019-02-19, 08:43:21, 23.41, 45.21
2019-02-19, 08:43:22, 23.42, 45.21
2019-02-19, 08:43:23, 23.42, 45.21
2019-02-19, 08:43:25, 23.42, 45.21
2019-02-19, 08:43:26, 23.42, 45.18
2019-02-19, 08:43:28, 23.42, 45.21
2019-02-19, 08:43:29, 23.42, 45.21
2019-02-19, 08:43:30, 23.42, 45.21
2019-02-19, 08:43:32, 23.4, 45.24
2019-02-19, 08:43:33, 23.4, 45.21
2019-02-19, 08:43:34, 23.42, 45.21
2019-02-19, 08:43:36, 23.42, 45.21
2019-02-19, 08:43:37, 23.41, 45.21
2019-02-19, 08:43:38, 23.42, 45.24
2019-02-19, 08:43:40, 23.43, 45.21
2019-02-19, 08:43:41, 23.43, 45.21
2019-02-19, 08:43:42, 23.43, 45.21
2019-02-19, 08:43:44, 23.42, 45.21
2019-02-19, 08:43:45, 23.43, 45.21
2019-02-19, 08:43:46, 23.42, 45.21
2019-02-19, 08:43:48, 23.42, 45.21
2019-02-19, 08:43:49, 23.42, 45.21
2019-02-19, 08:43:51, 23.41, 45.18
2019-02-19, 08:43:52, 23.42, 45.18
2019-02-19, 08:43:53, 23.43, 45.18
2019-02-19, 08:43:55, 23.43, 45.21
2019-02-19, 08:43:56, 23.43, 45.18
2019-02-19, 08:43:57, 23.42, 45.18
2019-02-19, 08:43:59, 23.43, 45.18
2019-02-19, 08:44:00, 23.42, 45.18
2019-02-19, 08:44:01, 23.43, 45.21
2019-02-19, 08:44:03, 23.42, 45.21
2019-02-19, 08:44:04, 23.44, 45.18
2019-02-19, 08:44:05, 23.43, 45.21
2019-02-19, 08:44:07, 23.43, 45.18
2019-02-19, 08:44:08, 23.43, 45.18
2019-02-19, 08:44:10, 23.42, 45.18
2019-02-19, 08:44:11, 23.43, 45.18
2019-02-19, 08:44:12, 23.42, 45.18
2019-02-19, 08:44:14, 23.34, 45.2
2019-02-19, 08:44:15, 23.41, 45.24
2019-02-19, 08:44:16, 23.4, 45.24
2019-02-19, 08:44:18, 23.42, 45.21
2019-02-19, 08:44:19, 23.41, 45.24
2019-02-19, 08:44:20, 23.43, 45.24
2019-02-19, 08:44:22, 23.43, 45.24
2019-02-19, 08:44:23, 23.42, 45.24
2019-02-19, 08:44:24, 23.42, 45.21
2019-02-19, 08:44:26, 23.44, 45.21
2019-02-19, 08:44:27, 23.44, 45.21
2019-02-19, 08:44:28, 23.44, 45.21
2019-02-19, 08:44:30, 23.44, 45.18
2019-02-19, 08:44:31, 23.43, 45.18
2019-02-19, 08:44:33, 23.44, 45.18
2019-02-19, 08:44:34, 23.44, 45.18
2019-02-19, 08:44:35, 23.44, 45.18
2019-02-19, 08:44:37, 23.43, 45.18
2019-02-19, 08:44:38, 23.43, 45.18
2019-02-19, 08:44:39, 23.42, 45.18
2019-02-19, 08:44:41, 23.43, 45.18
2019-02-19, 08:44:42, 23.44, 45.18
2019-02-19, 08:44:43, 23.32, 45.17
2019-02-19, 08:44:45, 23.4, 45.24
2019-02-19, 08:44:46, 23.43, 45.24
2019-02-19, 08:44:47, 23.42, 45.24
2019-02-19, 08:44:49, 23.43, 45.21
2019-02-19, 08:44:50, 23.44, 45.21
2019-02-19, 08:44:51, 23.41, 45.18
2019-02-19, 08:44:53, 23.43, 45.21
2019-02-19, 08:44:54, 23.44, 45.21
2019-02-19, 08:44:56, 23.44, 45.18
2019-02-19, 08:44:57, 23.43, 45.18
2019-02-19, 08:44:58, 23.43, 45.18
2019-02-19, 08:45:00, 23.42, 45.18
2019-02-19, 08:45:01, 23.43, 45.18
2019-02-19, 08:45:02, 23.43, 45.18
2019-02-19, 08:45:04, 23.43, 45.18
2019-02-19, 08:45:05, 23.44, 45.18
2019-02-19, 08:45:06, 23.44, 45.15
2019-02-19, 08:45:08, 23.45, 45.15
2019-02-19, 08:45:09, 23.46, 45.18
2019-02-19, 08:45:10, 23.45, 45.18
2019-02-19, 08:45:12, 23.45, 45.15
2019-02-19, 08:45:13, 23.32, 45.17
2019-02-19, 08:45:15, 23.41, 45.21
2019-02-19, 08:45:16, 23.42, 45.21
2019-02-19, 08:45:17, 23.42, 45.21
2019-02-19, 08:45:19, 23.43, 45.21
2019-02-19, 08:45:20, 23.44, 45.18
2019-02-19, 08:45:21, 23.44, 45.18
2019-02-19, 08:45:23, 23.44, 45.18
2019-02-19, 08:45:24, 23.44, 45.18
2019-02-19, 08:45:25, 23.45, 45.15
2019-02-19, 08:45:27, 23.44, 45.18
2019-02-19, 08:45:28, 23.44, 45.18
2019-02-19, 08:45:29, 23.45, 45.18
2019-02-19, 08:45:31, 23.44, 45.18
2019-02-19, 08:45:32, 23.46, 45.15
2019-02-19, 08:45:33, 23.44, 45.18
2019-02-19, 08:45:35, 23.44, 45.15
2019-02-19, 08:45:36, 23.46, 45.15
2019-02-19, 08:45:38, 23.45, 45.15
2019-02-19, 08:45:39, 23.44, 45.18
2019-02-19, 08:45:40, 23.45, 45.15
2019-02-19, 08:45:42, 23.44, 45.18
2019-02-19, 08:45:43, 23.45, 45.18
2019-02-19, 08:45:44, 23.44, 45.18
2019-02-19, 08:45:46, 23.44, 45.18
2019-02-19, 08:45:47, 23.44, 45.18
2019-02-19, 08:45:48, 23.44, 45.18
2019-02-19, 08:45:50, 23.44, 45.18
2019-02-19, 08:45:51, 23.46, 45.18
2019-02-19, 08:45:52, 23.44, 45.18
2019-02-19, 08:45:54, 23.46, 45.18
2019-02-19, 08:45:55, 23.44, 45.18
2019-02-19, 08:45:56, 23.44, 45.18
2019-02-19, 08:45:58, 23.44, 45.18
2019-02-19, 08:45:59, 23.44, 45.18
2019-02-19, 08:46:01, 23.46, 45.18
2019-02-19, 08:46:02, 23.45, 45.18
2019-02-19, 08:46:03, 23.44, 45.18
2019-02-19, 08:46:05, 23.45, 45.18
2019-02-19, 08:46:06, 23.45, 45.15
2019-02-19, 08:46:07, 23.45, 45.15
2019-02-19, 08:46:09, 23.46, 45.15
2019-02-19, 08:46:10, 23.45, 45.15
2019-02-19, 08:46:11, 23.46, 45.18
2019-02-19, 08:46:13, 23.28, 45.19
2019-02-19, 08:46:14, 23.41, 45.24
2019-02-19, 08:46:15, 23.42, 45.24
2019-02-19, 08:46:17, 23.43, 45.24
2019-02-19, 08:46:18, 23.43, 45.24
2019-02-19, 08:46:20, 23.43, 45.24
2019-02-19, 08:46:21, 23.44, 45.21
2019-02-19, 08:46:22, 23.45, 45.21
2019-02-19, 08:46:24, 23.44, 45.21
2019-02-19, 08:46:25, 23.43, 45.18
2019-02-19, 08:46:26, 23.45, 45.18
2019-02-19, 08:46:28, 23.45, 45.18
2019-02-19, 08:46:29, 23.45, 45.15
2019-02-19, 08:46:30, 23.45, 45.18
2019-02-19, 08:46:32, 23.45, 45.18
2019-02-19, 08:46:33, 23.45, 45.15
2019-02-19, 08:46:34, 23.45, 45.15
2019-02-19, 08:46:36, 23.45, 45.12
2019-02-19, 08:46:37, 23.45, 45.15
2019-02-19, 08:46:38, 23.44, 45.15
2019-02-19, 08:46:40, 23.45, 45.15
2019-02-19, 08:46:41, 23.45, 45.15
2019-02-19, 08:46:43, 23.45, 45.15
2019-02-19, 08:46:44, 23.44, 45.18
2019-02-19, 08:46:45, 23.44, 45.18
2019-02-19, 08:46:47, 23.46, 45.15
2019-02-19, 08:46:48, 23.45, 45.18
2019-02-19, 08:46:49, 23.45, 45.15
2019-02-19, 08:46:51, 23.46, 45.18
2019-02-19, 08:46:52, 23.46, 45.18
2019-02-19, 08:46:53, 23.45, 45.18
2019-02-19, 08:46:55, 23.46, 45.15
2019-02-19, 08:46:56, 23.44, 45.15
2019-02-19, 08:46:57, 23.44, 45.15
2019-02-19, 08:46:59, 23.45, 45.15
2019-02-19, 08:47:00, 23.44, 45.15
2019-02-19, 08:47:01, 23.44, 45.15
2019-02-19, 08:47:03, 23.44, 45.15
2019-02-19, 08:47:04, 23.45, 45.15
2019-02-19, 08:47:06, 23.43, 45.15
2019-02-19, 08:47:07, 23.44, 45.18
2019-02-19, 08:47:08, 23.45, 45.15
2019-02-19, 08:47:10, 23.44, 45.15
2019-02-19, 08:47:11, 23.45, 45.15
2019-02-19, 08:47:12, 23.44, 45.15
2019-02-19, 08:47:14, 23.44, 45.15
2019-02-19, 08:47:15, 23.45, 45.15
2019-02-19, 08:47:16, 23.44, 45.15
2019-02-19, 08:47:18, 23.43, 45.15
2019-02-19, 08:47:19, 23.43, 45.15
2019-02-19, 08:47:20, 23.45, 45.15
2019-02-19, 08:47:22, 23.44, 45.18
2019-02-19, 08:47:23, 23.45, 45.15
2019-02-19, 08:47:24, 23.45, 45.18
2019-02-19, 08:47:26, 23.44, 45.15
2019-02-19, 08:47:27, 23.45, 45.18
2019-02-19, 08:47:29, 23.44, 45.18
2019-02-19, 08:47:30, 23.44, 45.18
2019-02-19, 08:47:31, 23.44, 45.18
2019-02-19, 08:47:33, 23.44, 45.18
2019-02-19, 08:47:34, 23.44, 45.18
2019-02-19, 08:47:35, 23.44, 45.15
2019-02-19, 08:47:37, 23.45, 45.18
2019-02-19, 08:47:38, 23.45, 45.18
2019-02-19, 08:47:39, 23.44, 45.18
2019-02-19, 08:47:41, 23.46, 45.18
2019-02-19, 08:47:42, 23.44, 45.18
2019-02-19, 08:47:43, 23.44, 45.18
2019-02-19, 08:47:45, 23.44, 45.15
2019-02-19, 08:47:46, 23.43, 45.18
2019-02-19, 08:47:47, 23.44, 45.18
2019-02-19, 08:47:49, 23.45, 45.18
2019-02-19, 08:47:50, 23.43, 45.18
2019-02-19, 08:47:52, 23.45, 45.18
2019-02-19, 08:47:53, 23.42, 45.18
2019-02-19, 08:47:54, 23.44, 45.18
2019-02-19, 08:47:56, 23.45, 45.18
2019-02-19, 08:47:57, 23.43, 45.18
2019-02-19, 08:47:58, 23.44, 45.18
2019-02-19, 08:48:00, 23.42, 45.18
2019-02-19, 08:48:01, 23.43, 45.18
2019-02-19, 08:48:02, 23.44, 45.18
2019-02-19, 08:48:04, 23.42, 45.18
2019-02-19, 08:48:05, 23.43, 45.18
2019-02-19, 08:48:06, 23.46, 45.18
2019-02-19, 08:48:08, 23.46, 45.21
2019-02-19, 08:48:09, 23.45, 45.21
2019-02-19, 08:48:10, 23.46, 45.18
2019-02-19, 08:48:12, 23.45, 45.18
2019-02-19, 08:48:13, 23.46, 45.18
2019-02-19, 08:48:15, 23.45, 45.18
2019-02-19, 08:48:16, 23.44, 45.18
2019-02-19, 08:48:17, 23.45, 45.18
2019-02-19, 08:48:19, 23.44, 45.18
2019-02-19, 08:48:20, 23.45, 45.15
2019-02-19, 08:48:21, 23.46, 45.15
2019-02-19, 08:48:23, 23.45, 45.15
2019-02-19, 08:48:24, 23.44, 45.18
2019-02-19, 08:48:25, 23.45, 45.15
2019-02-19, 08:48:27, 23.45, 45.18
2019-02-19, 08:48:28, 23.43, 45.18
2019-02-19, 08:48:29, 23.43, 45.18
2019-02-19, 08:48:31, 23.45, 45.18
2019-02-19, 08:48:32, 23.45, 45.18
2019-02-19, 08:48:34, 23.46, 45.18
2019-02-19, 08:48:35, 23.44, 45.18
2019-02-19, 08:48:36, 23.45, 45.18
2019-02-19, 08:48:38, 23.44, 45.18
2019-02-19, 08:48:39, 23.45, 45.18
2019-02-19, 08:48:40, 23.41, 45.21
2019-02-19, 08:48:42, 23.44, 45.21
2019-02-19, 08:48:43, 23.43, 45.21
2019-02-19, 08:48:44, 23.44, 45.21
2019-02-19, 08:48:46, 23.43, 45.21
2019-02-19, 08:48:47, 23.44, 45.24
2019-02-19, 08:48:48, 23.45, 45.21
2019-02-19, 08:48:50, 23.44, 45.24
2019-02-19, 08:48:51, 23.44, 45.24
2019-02-19, 08:48:52, 23.44, 45.21
2019-02-19, 08:48:54, 23.44, 45.24
2019-02-19, 08:48:55, 23.44, 45.21
2019-02-19, 08:48:57, 23.44, 45.21
2019-02-19, 08:48:58, 23.44, 45.18
2019-02-19, 08:48:59, 23.44, 45.18
2019-02-19, 08:49:01, 23.43, 45.18
2019-02-19, 08:49:02, 23.44, 45.18
2019-02-19, 08:49:03, 23.44, 45.21
2019-02-19, 08:49:05, 23.44, 45.21
2019-02-19, 08:49:06, 23.44, 45.21
2019-02-19, 08:49:07, 23.44, 45.21
2019-02-19, 08:49:09, 23.42, 45.18
2019-02-19, 08:49:10, 23.44, 45.18
2019-02-19, 08:49:11, 23.44, 45.18
2019-02-19, 08:49:13, 23.44, 45.18
2019-02-19, 08:49:14, 23.44, 45.18
2019-02-19, 08:49:16, 23.32, 45.17
2019-02-19, 08:49:17, 23.4, 45.24
2019-02-19, 08:49:18, 23.42, 45.24
2019-02-19, 08:49:20, 23.42, 45.24
2019-02-19, 08:49:21, 23.43, 45.24
2019-02-19, 08:49:22, 23.43, 45.24
2019-02-19, 08:49:24, 23.42, 45.24
2019-02-19, 08:49:25, 23.42, 45.24
2019-02-19, 08:49:26, 23.43, 45.21
2019-02-19, 08:49:28, 23.43, 45.21
2019-02-19, 08:49:29, 23.42, 45.21
2019-02-19, 08:49:30, 23.43, 45.18
2019-02-19, 08:49:32, 23.42, 45.21
2019-02-19, 08:49:33, 23.42, 45.18
2019-02-19, 08:49:35, 23.43, 45.21
2019-02-19, 08:49:36, 23.42, 45.18
2019-02-19, 08:49:37, 23.43, 45.18
2019-02-19, 08:49:39, 23.42, 45.21
2019-02-19, 08:49:40, 23.42, 45.18
2019-02-19, 08:49:41, 23.41, 45.21
2019-02-19, 08:49:43, 23.41, 45.21
2019-02-19, 08:49:44, 23.42, 45.21
2019-02-19, 08:49:45, 23.41, 45.18
2019-02-19, 08:49:47, 23.42, 45.21
2019-02-19, 08:49:48, 23.41, 45.21
2019-02-19, 08:49:49, 23.42, 45.21
2019-02-19, 08:49:51, 23.41, 45.21
2019-02-19, 08:49:52, 23.42, 45.21
2019-02-19, 08:49:53, 23.4, 45.24
2019-02-19, 08:49:55, 23.4, 45.24
2019-02-19, 08:49:56, 23.41, 45.21
2019-02-19, 08:49:58, 23.41, 45.21
2019-02-19, 08:49:59, 23.41, 45.21
2019-02-19, 08:50:00, 23.41, 45.21
2019-02-19, 08:50:02, 23.42, 45.21
2019-02-19, 08:50:03, 23.41, 45.21
2019-02-19, 08:50:04, 23.42, 45.21
2019-02-19, 08:50:06, 23.42, 45.21
2019-02-19, 08:50:07, 23.41, 45.18
2019-02-19, 08:50:08, 23.42, 45.21
2019-02-19, 08:50:10, 23.3, 45.23
2019-02-19, 08:50:11, 23.38, 45.24
2019-02-19, 08:50:12, 23.4, 45.27
2019-02-19, 08:50:14, 23.4, 45.24
2019-02-19, 08:50:15, 23.28, 45.26
2019-02-19, 08:50:16, 23.37, 45.3
2019-02-19, 08:50:18, 23.37, 45.3
2019-02-19, 08:50:19, 23.39, 45.3
2019-02-19, 08:50:21, 23.4, 45.3
2019-02-19, 08:50:22, 23.4, 45.27
2019-02-19, 08:50:23, 23.4, 45.24
2019-02-19, 08:50:25, 23.4, 45.27
2019-02-19, 08:50:26, 23.41, 45.24
2019-02-19, 08:50:27, 23.41, 45.24
2019-02-19, 08:50:29, 23.41, 45.24
2019-02-19, 08:50:30, 23.4, 45.24
2019-02-19, 08:50:31, 23.41, 45.24
2019-02-19, 08:50:33, 23.41, 45.24
2019-02-19, 08:50:34, 23.41, 45.24
2019-02-19, 08:50:35, 23.41, 45.24
2019-02-19, 08:50:37, 23.42, 45.24
2019-02-19, 08:50:38, 23.4, 45.24
2019-02-19, 08:50:39, 23.41, 45.24
2019-02-19, 08:50:41, 23.42, 45.24
2019-02-19, 08:50:42, 23.42, 45.24
2019-02-19, 08:50:44, 23.42, 45.24
2019-02-19, 08:50:45, 23.26, 45.25
2019-02-19, 08:50:46, 23.36, 45.3
2019-02-19, 08:50:48, 23.36, 45.3
2019-02-19, 08:50:49, 23.38, 45.3
2019-02-19, 08:50:50, 23.38, 45.3
2019-02-19, 08:50:52, 23.38, 45.27
2019-02-19, 08:50:53, 23.38, 45.3
2019-02-19, 08:50:54, 23.38, 45.27
2019-02-19, 08:50:56, 23.39, 45.27
2019-02-19, 08:50:57, 23.4, 45.24
2019-02-19, 08:50:58, 23.4, 45.27
2019-02-19, 08:51:00, 23.4, 45.27
2019-02-19, 08:51:01, 23.39, 45.24
2019-02-19, 08:51:03, 23.39, 45.24
2019-02-19, 08:51:04, 23.39, 45.24
2019-02-19, 08:51:05, 23.4, 45.24
2019-02-19, 08:51:07, 23.39, 45.24
2019-02-19, 08:51:08, 23.38, 45.24
2019-02-19, 08:51:09, 23.38, 45.24
2019-02-19, 08:51:11, 23.38, 45.27
2019-02-19, 08:51:12, 23.38, 45.27
2019-02-19, 08:51:13, 23.38, 45.27
2019-02-19, 08:51:15, 23.39, 45.27
2019-02-19, 08:51:16, 23.38, 45.27
2019-02-19, 08:51:17, 23.38, 45.24
2019-02-19, 08:51:19, 23.39, 45.27
2019-02-19, 08:51:20, 23.38, 45.24
2019-02-19, 08:51:21, 23.39, 45.24
2019-02-19, 08:51:23, 23.39, 45.24
2019-02-19, 08:51:24, 23.38, 45.24
2019-02-19, 08:51:26, 23.39, 45.24
2019-02-19, 08:51:27, 23.39, 45.24
2019-02-19, 08:51:28, 23.38, 45.24
2019-02-19, 08:51:30, 23.38, 45.24
2019-02-19, 08:51:31, 23.39, 45.24
2019-02-19, 08:51:32, 23.38, 45.24
2019-02-19, 08:51:34, 23.38, 45.24
2019-02-19, 08:51:35, 23.38, 45.24
2019-02-19, 08:51:36, 23.36, 45.23
2019-02-19, 08:51:38, 23.38, 45.24
2019-02-19, 08:51:39, 23.23, 45.25
2019-02-19, 08:51:40, 23.32, 45.33
2019-02-19, 08:51:42, 23.34, 45.33
2019-02-19, 08:51:43, 23.36, 45.33
2019-02-19, 08:51:44, 23.35, 45.33
2019-02-19, 08:51:46, 23.36, 45.33
2019-02-19, 08:51:47, 23.36, 45.3
2019-02-19, 08:51:49, 23.35, 45.3
2019-02-19, 08:51:50, 23.36, 45.3
2019-02-19, 08:51:51, 23.36, 45.3
2019-02-19, 08:51:53, 23.36, 45.3
2019-02-19, 08:51:54, 23.36, 45.3
2019-02-19, 08:51:55, 23.37, 45.3
2019-02-19, 08:51:57, 23.36, 45.3
2019-02-19, 08:51:58, 23.36, 45.3
2019-02-19, 08:51:59, 23.37, 45.27
2019-02-19, 08:52:01, 23.38, 45.3
2019-02-19, 08:52:02, 23.36, 45.3
2019-02-19, 08:52:03, 23.37, 45.3
2019-02-19, 08:52:05, 23.37, 45.27
2019-02-19, 08:52:06, 23.38, 45.27
2019-02-19, 08:52:07, 23.38, 45.3
2019-02-19, 08:52:09, 23.38, 45.3
2019-02-19, 08:52:10, 23.37, 45.27
2019-02-19, 08:52:12, 23.37, 45.27
2019-02-19, 08:52:13, 23.36, 45.3
2019-02-19, 08:52:14, 23.37, 45.3
2019-02-19, 08:52:16, 23.36, 45.27
2019-02-19, 08:52:17, 23.37, 45.27
2019-02-19, 08:52:18, 23.38, 45.3
2019-02-19, 08:52:20, 23.36, 45.27
2019-02-19, 08:52:21, 23.38, 45.3
2019-02-19, 08:52:22, 23.36, 45.3
2019-02-19, 08:52:24, 23.38, 45.3
2019-02-19, 08:52:25, 23.37, 45.3
2019-02-19, 08:52:26, 23.37, 45.3
2019-02-19, 08:52:28, 23.38, 45.3
2019-02-19, 08:52:29, 23.38, 45.3
2019-02-19, 08:52:30, 23.37, 45.3
2019-02-19, 08:52:32, 23.37, 45.3
2019-02-19, 08:52:33, 23.37, 45.3
2019-02-19, 08:52:35, 23.38, 45.3
2019-02-19, 08:52:36, 23.37, 45.3
2019-02-19, 08:52:37, 23.38, 45.3
2019-02-19, 08:52:39, 23.38, 45.3
2019-02-19, 08:52:40, 23.37, 45.3
2019-02-19, 08:52:41, 23.37, 45.3
2019-02-19, 08:52:43, 23.36, 45.3
2019-02-19, 08:52:44, 23.37, 45.3
2019-02-19, 08:52:45, 23.36, 45.3
2019-02-19, 08:52:47, 23.38, 45.3
2019-02-19, 08:52:48, 23.37, 45.3
2019-02-19, 08:52:49, 23.36, 45.3
2019-02-19, 08:52:51, 23.36, 45.3
2019-02-19, 08:52:52, 23.36, 45.3
2019-02-19, 08:52:53, 23.36, 45.3
2019-02-19, 08:52:55, 23.35, 45.3
2019-02-19, 08:52:56, 23.36, 45.3
2019-02-19, 08:52:58, 23.38, 45.3
2019-02-19, 08:52:59, 23.36, 45.3
2019-02-19, 08:53:00, 23.36, 45.3
2019-02-19, 08:53:02, 23.37, 45.3
2019-02-19, 08:53:03, 23.36, 45.3
2019-02-19, 08:53:04, 23.36, 45.3
2019-02-19, 08:53:06, 23.36, 45.3
2019-02-19, 08:53:07, 23.36, 45.33
2019-02-19, 08:53:08, 23.36, 45.33
2019-02-19, 08:53:10, 23.36, 45.33
2019-02-19, 08:53:11, 23.35, 45.3
2019-02-19, 08:53:12, 23.35, 45.3
2019-02-19, 08:53:14, 23.36, 45.33
2019-02-19, 08:53:15, 23.33, 45.33
2019-02-19, 08:53:17, 23.34, 45.33
2019-02-19, 08:53:18, 23.34, 45.3
2019-02-19, 08:53:19, 23.34, 45.33
2019-02-19, 08:53:21, 23.34, 45.33
2019-02-19, 08:53:22, 23.34, 45.33
2019-02-19, 08:53:23, 23.36, 45.33
2019-02-19, 08:53:25, 23.36, 45.33
2019-02-19, 08:53:26, 23.35, 45.33
2019-02-19, 08:53:27, 23.34, 45.33
2019-02-19, 08:53:29, 23.36, 45.33
2019-02-19, 08:53:30, 23.36, 45.33
2019-02-19, 08:53:32, 23.35, 45.33
2019-02-19, 08:53:33, 23.35, 45.3
2019-02-19, 08:53:34, 23.35, 45.33
2019-02-19, 08:53:36, 23.35, 45.33
2019-02-19, 08:53:37, 23.33, 45.33
2019-02-19, 08:53:38, 23.35, 45.36
2019-02-19, 08:53:40, 23.36, 45.36
2019-02-19, 08:53:41, 23.35, 45.36
2019-02-19, 08:53:42, 23.36, 45.33
2019-02-19, 08:53:44, 23.36, 45.33
2019-02-19, 08:53:45, 23.35, 45.33
2019-02-19, 08:53:46, 23.36, 45.33
2019-02-19, 08:53:48, 23.36, 45.33
2019-02-19, 08:53:49, 23.36, 45.33
2019-02-19, 08:53:50, 23.36, 45.33
2019-02-19, 08:53:52, 23.36, 45.33
2019-02-19, 08:53:53, 23.36, 45.36
2019-02-19, 08:53:55, 23.36, 45.33
2019-02-19, 08:53:56, 23.36, 45.33
2019-02-19, 08:53:57, 23.36, 45.33
2019-02-19, 08:53:59, 23.36, 45.33
2019-02-19, 08:54:00, 23.36, 45.33
2019-02-19, 08:54:01, 23.36, 45.33
2019-02-19, 08:54:03, 23.36, 45.33
2019-02-19, 08:54:04, 23.36, 45.3
2019-02-19, 08:54:05, 23.37, 45.33
2019-02-19, 08:54:07, 23.3, 45.36
2019-02-19, 08:54:08, 23.35, 45.36
2019-02-19, 08:54:09, 23.36, 45.36
2019-02-19, 08:54:11, 23.36, 45.36
2019-02-19, 08:54:12, 23.36, 45.36
2019-02-19, 08:54:14, 23.35, 45.36
2019-02-19, 08:54:15, 23.36, 45.36
2019-02-19, 08:54:16, 23.36, 45.36
2019-02-19, 08:54:18, 23.37, 45.36
2019-02-19, 08:54:19, 23.36, 45.36
2019-02-19, 08:54:20, 23.34, 45.36
2019-02-19, 08:54:22, 23.35, 45.36
2019-02-19, 08:54:23, 23.35, 45.36
2019-02-19, 08:54:24, 23.35, 45.36
2019-02-19, 08:54:26, 23.37, 45.36
2019-02-19, 08:54:27, 23.36, 45.36
2019-02-19, 08:54:28, 23.36, 45.36
2019-02-19, 08:54:30, 23.34, 45.36
2019-02-19, 08:54:31, 23.35, 45.36
2019-02-19, 08:54:33, 23.34, 45.36
2019-02-19, 08:54:34, 23.35, 45.36
2019-02-19, 08:54:35, 23.35, 45.36
2019-02-19, 08:54:37, 23.36, 45.36
2019-02-19, 08:54:38, 23.36, 45.36
2019-02-19, 08:54:39, 23.36, 45.36
2019-02-19, 08:54:41, 23.36, 45.36
2019-02-19, 08:54:42, 23.35, 45.36
2019-02-19, 08:54:43, 23.36, 45.36
2019-02-19, 08:54:45, 23.34, 45.36
2019-02-19, 08:54:46, 23.36, 45.33
2019-02-19, 08:54:47, 23.35, 45.36
2019-02-19, 08:54:49, 23.35, 45.33
2019-02-19, 08:54:50, 23.34, 45.36
2019-02-19, 08:54:51, 23.36, 45.33
2019-02-19, 08:54:53, 23.35, 45.33
2019-02-19, 08:54:54, 23.36, 45.36
2019-02-19, 08:54:56, 23.35, 45.36
2019-02-19, 08:54:57, 23.36, 45.36
2019-02-19, 08:54:58, 23.34, 45.36
2019-02-19, 08:55:00, 23.36, 45.36
2019-02-19, 08:55:01, 23.35, 45.36
2019-02-19, 08:55:02, 23.34, 45.36
2019-02-19, 08:55:04, 23.35, 45.36
2019-02-19, 08:55:05, 23.35, 45.36
2019-02-19, 08:55:06, 23.36, 45.36
2019-02-19, 08:55:08, 23.35, 45.36
2019-02-19, 08:55:09, 23.36, 45.33
2019-02-19, 08:55:10, 23.33, 45.33
2019-02-19, 08:55:12, 23.34, 45.33
2019-02-19, 08:55:13, 23.33, 45.33
2019-02-19, 08:55:15, 23.33, 45.36
2019-02-19, 08:55:16, 23.34, 45.36
2019-02-19, 08:55:17, 23.36, 45.33
2019-02-19, 08:55:19, 23.34, 45.36
2019-02-19, 08:55:20, 23.36, 45.36
2019-02-19, 08:55:21, 23.35, 45.36
2019-02-19, 08:55:23, 23.34, 45.36
2019-02-19, 08:55:24, 23.36, 45.36
2019-02-19, 08:55:25, 23.36, 45.36
2019-02-19, 08:55:27, 23.35, 45.36
2019-02-19, 08:55:28, 23.35, 45.36
2019-02-19, 08:55:29, 23.36, 45.36
2019-02-19, 08:55:31, 23.34, 45.36
2019-02-19, 08:55:32, 23.35, 45.36
2019-02-19, 08:55:34, 23.35, 45.36
2019-02-19, 08:55:35, 23.36, 45.36
2019-02-19, 08:55:36, 23.34, 45.36
2019-02-19, 08:55:38, 23.35, 45.36
2019-02-19, 08:55:39, 23.35, 45.36
2019-02-19, 08:55:40, 23.35, 45.36
2019-02-19, 08:55:42, 23.35, 45.36
2019-02-19, 08:55:43, 23.35, 45.36
2019-02-19, 08:55:44, 23.35, 45.36
2019-02-19, 08:55:46, 23.35, 45.36
2019-02-19, 08:55:47, 23.34, 45.36
2019-02-19, 08:55:48, 23.34, 45.36
2019-02-19, 08:55:50, 23.36, 45.36
2019-02-19, 08:55:51, 23.36, 45.36
2019-02-19, 08:55:52, 23.35, 45.36
2019-02-19, 08:55:54, 23.34, 45.36
2019-02-19, 08:55:55, 23.34, 45.36
2019-02-19, 08:55:57, 23.34, 45.36
2019-02-19, 08:55:58, 23.34, 45.36
2019-02-19, 08:55:59, 23.34, 45.36
2019-02-19, 08:56:01, 23.36, 45.33
2019-02-19, 08:56:02, 23.33, 45.36
2019-02-19, 08:56:03, 23.31, 45.36
2019-02-19, 08:56:05, 23.34, 45.36
2019-02-19, 08:56:06, 23.18, 45.37
2019-02-19, 08:56:07, 23.28, 45.42
2019-02-19, 08:56:09, 23.31, 45.45
2019-02-19, 08:56:10, 23.32, 45.42
2019-02-19, 08:56:12, 23.33, 45.46
2019-02-19, 08:56:13, 23.33, 45.42
2019-02-19, 08:56:14, 23.34, 45.43
2019-02-19, 08:56:16, 23.35, 45.43
2019-02-19, 08:56:17, 23.35, 45.43
2019-02-19, 08:56:18, 23.35, 45.39
2019-02-19, 08:56:20, 23.34, 45.39
2019-02-19, 08:56:21, 23.35, 45.39
2019-02-19, 08:56:22, 23.34, 45.39
2019-02-19, 08:56:24, 23.35, 45.39
2019-02-19, 08:56:25, 23.35, 45.39
2019-02-19, 08:56:26, 23.35, 45.36
2019-02-19, 08:56:28, 23.35, 45.36
2019-02-19, 08:56:29, 23.34, 45.36
2019-02-19, 08:56:30, 23.36, 45.36
2019-02-19, 08:56:32, 23.35, 45.36
2019-02-19, 08:56:33, 23.36, 45.36
2019-02-19, 08:56:35, 23.35, 45.36
2019-02-19, 08:56:36, 23.35, 45.36
2019-02-19, 08:56:37, 23.34, 45.36
2019-02-19, 08:56:39, 23.35, 45.36
2019-02-19, 08:56:40, 23.34, 45.36
2019-02-19, 08:56:41, 23.32, 45.36
2019-02-19, 08:56:43, 23.34, 45.36
2019-02-19, 08:56:44, 23.34, 45.36
2019-02-19, 08:56:45, 23.34, 45.36
2019-02-19, 08:56:47, 23.34, 45.36
2019-02-19, 08:56:48, 23.35, 45.36
2019-02-19, 08:56:49, 23.35, 45.36
2019-02-19, 08:56:51, 23.35, 45.36
2019-02-19, 08:56:52, 23.35, 45.36
2019-02-19, 08:56:53, 23.33, 45.36
2019-02-19, 08:56:55, 23.34, 45.36
2019-02-19, 08:56:56, 23.34, 45.33
2019-02-19, 08:56:58, 23.34, 45.36
2019-02-19, 08:56:59, 23.34, 45.36
2019-02-19, 08:57:00, 23.34, 45.36
2019-02-19, 08:57:02, 23.33, 45.36
2019-02-19, 08:57:03, 23.34, 45.36
2019-02-19, 08:57:04, 23.33, 45.36
2019-02-19, 08:57:06, 23.34, 45.36
2019-02-19, 08:57:07, 23.34, 45.36
2019-02-19, 08:57:08, 23.34, 45.36
2019-02-19, 08:57:10, 23.34, 45.36
2019-02-19, 08:57:11, 23.34, 45.36
2019-02-19, 08:57:12, 23.32, 45.36
2019-02-19, 08:57:14, 23.34, 45.36
2019-02-19, 08:57:15, 23.34, 45.36
2019-02-19, 08:57:16, 23.33, 45.36
2019-02-19, 08:57:18, 23.33, 45.36
2019-02-19, 08:57:19, 23.33, 45.36
2019-02-19, 08:57:21, 23.34, 45.36
2019-02-19, 08:57:22, 23.33, 45.36
2019-02-19, 08:57:23, 23.35, 45.36
2019-02-19, 08:57:25, 23.34, 45.36
2019-02-19, 08:57:26, 23.33, 45.36
2019-02-19, 08:57:27, 23.34, 45.36
2019-02-19, 08:57:29, 23.34, 45.36
2019-02-19, 08:57:30, 23.34, 45.36
2019-02-19, 08:57:31, 23.34, 45.36
2019-02-19, 08:57:33, 23.35, 45.36
2019-02-19, 08:57:34, 23.34, 45.36
2019-02-19, 08:57:35, 23.34, 45.36
2019-02-19, 08:57:37, 23.34, 45.33
2019-02-19, 08:57:38, 23.34, 45.36
2019-02-19, 08:57:40, 23.31, 45.36
2019-02-19, 08:57:41, 23.32, 45.36
2019-02-19, 08:57:42, 23.32, 45.36
2019-02-19, 08:57:44, 23.33, 45.36
2019-02-19, 08:57:45, 23.33, 45.36
2019-02-19, 08:57:46, 23.32, 45.36
2019-02-19, 08:57:48, 23.33, 45.39
2019-02-19, 08:57:49, 23.33, 45.36
2019-02-19, 08:57:50, 23.32, 45.36
2019-02-19, 08:57:52, 23.32, 45.36
2019-02-19, 08:57:53, 23.34, 45.36
2019-02-19, 08:57:54, 23.33, 45.36
2019-02-19, 08:57:56, 23.34, 45.36
2019-02-19, 08:57:57, 23.32, 45.36
2019-02-19, 08:57:58, 23.31, 45.39
2019-02-19, 08:58:00, 23.32, 45.36
2019-02-19, 08:58:01, 23.32, 45.36
2019-02-19, 08:58:03, 23.33, 45.36
2019-02-19, 08:58:04, 23.32, 45.36
2019-02-19, 08:58:05, 23.32, 45.36
2019-02-19, 08:58:07, 23.31, 45.36
2019-02-19, 08:58:08, 23.31, 45.36
2019-02-19, 08:58:09, 23.25, 45.38
2019-02-19, 08:58:11, 23.29, 45.42
2019-02-19, 08:58:12, 23.3, 45.42
2019-02-19, 08:58:13, 23.3, 45.39
2019-02-19, 08:58:15, 23.32, 45.42
2019-02-19, 08:58:16, 23.31, 45.39
2019-02-19, 08:58:17, 23.31, 45.39
2019-02-19, 08:58:19, 23.33, 45.42
2019-02-19, 08:58:20, 23.32, 45.42
2019-02-19, 08:58:22, 23.32, 45.42
2019-02-19, 08:58:23, 23.31, 45.39
2019-02-19, 08:58:24, 23.32, 45.36
2019-02-19, 08:58:26, 23.32, 45.39
2019-02-19, 08:58:27, 23.31, 45.39
2019-02-19, 08:58:28, 23.32, 45.39
2019-02-19, 08:58:30, 23.32, 45.39
2019-02-19, 08:58:31, 23.32, 45.39
2019-02-19, 08:58:32, 23.3, 45.39
2019-02-19, 08:58:34, 23.27, 45.38
2019-02-19, 08:58:35, 23.3, 45.42
2019-02-19, 08:58:36, 23.32, 45.42
2019-02-19, 08:58:38, 23.31, 45.42
2019-02-19, 08:58:39, 23.31, 45.39
2019-02-19, 08:58:41, 23.32, 45.39
2019-02-19, 08:58:42, 23.31, 45.42
2019-02-19, 08:58:43, 23.32, 45.42
2019-02-19, 08:58:45, 23.32, 45.42
2019-02-19, 08:58:46, 23.31, 45.42
2019-02-19, 08:58:47, 23.32, 45.39
2019-02-19, 08:58:49, 23.33, 45.39
2019-02-19, 08:58:50, 23.34, 45.43
2019-02-19, 08:58:51, 23.32, 45.42
2019-02-19, 08:58:53, 23.32, 45.42
2019-02-19, 08:58:54, 23.32, 45.39
2019-02-19, 08:58:55, 23.31, 45.39
2019-02-19, 08:58:57, 23.32, 45.39
2019-02-19, 08:58:58, 23.32, 45.39
2019-02-19, 08:58:59, 23.33, 45.39
2019-02-19, 08:59:01, 23.32, 45.39
2019-02-19, 08:59:02, 23.33, 45.39
2019-02-19, 08:59:04, 23.25, 45.38
2019-02-19, 08:59:05, 23.3, 45.42
2019-02-19, 08:59:06, 23.3, 45.42
2019-02-19, 08:59:08, 23.3, 45.42
2019-02-19, 08:59:09, 23.31, 45.42
2019-02-19, 08:59:10, 23.32, 45.42
2019-02-19, 08:59:12, 23.31, 45.42
2019-02-19, 08:59:13, 23.32, 45.42
2019-02-19, 08:59:14, 23.31, 45.39
2019-02-19, 08:59:16, 23.32, 45.39
2019-02-19, 08:59:17, 23.31, 45.39
2019-02-19, 08:59:18, 23.32, 45.42
2019-02-19, 08:59:20, 23.31, 45.39
2019-02-19, 08:59:21, 23.32, 45.39
2019-02-19, 08:59:23, 23.31, 45.39
2019-02-19, 08:59:24, 23.31, 45.39
2019-02-19, 08:59:25, 23.32, 45.36
2019-02-19, 08:59:27, 23.32, 45.39
2019-02-19, 08:59:28, 23.31, 45.39
2019-02-19, 08:59:29, 23.31, 45.42
2019-02-19, 08:59:31, 23.31, 45.42
2019-02-19, 08:59:32, 23.31, 45.39
2019-02-19, 08:59:33, 23.32, 45.39
2019-02-19, 08:59:35, 23.3, 45.39
2019-02-19, 08:59:36, 23.32, 45.39
2019-02-19, 08:59:38, 23.32, 45.39
2019-02-19, 08:59:39, 23.32, 45.39
2019-02-19, 08:59:40, 23.32, 45.39
2019-02-19, 08:59:42, 23.33, 45.39
2019-02-19, 08:59:43, 23.32, 45.39
2019-02-19, 08:59:44, 23.33, 45.42
2019-02-19, 08:59:46, 23.32, 45.39
2019-02-19, 08:59:47, 23.32, 45.42
2019-02-19, 08:59:48, 23.31, 45.42
2019-02-19, 08:59:50, 23.32, 45.39
2019-02-19, 08:59:51, 23.32, 45.39
2019-02-19, 08:59:52, 23.32, 45.39
2019-02-19, 08:59:54, 23.32, 45.39
2019-02-19, 08:59:55, 23.31, 45.39
2019-02-19, 08:59:57, 23.31, 45.39
2019-02-19, 08:59:58, 23.3, 45.39
2019-02-19, 08:59:59, 23.3, 45.39
2019-02-19, 09:00:01, 23.32, 45.36
2019-02-19, 09:00:02, 23.3, 45.39
2019-02-19, 09:00:03, 23.32, 45.36
2019-02-19, 09:00:05, 23.32, 45.39
2019-02-19, 09:00:06, 23.31, 45.39
2019-02-19, 09:00:07, 23.32, 45.42
2019-02-19, 09:00:09, 23.3, 45.39
2019-02-19, 09:00:10, 23.31, 45.39
2019-02-19, 09:00:11, 23.32, 45.42
2019-02-19, 09:00:13, 23.32, 45.39
2019-02-19, 09:00:14, 23.32, 45.39
2019-02-19, 09:00:16, 23.31, 45.39
2019-02-19, 09:00:17, 23.31, 45.39
2019-02-19, 09:00:18, 23.31, 45.39
2019-02-19, 09:00:20, 23.3, 45.42
2019-02-19, 09:00:21, 23.32, 45.36
2019-02-19, 09:00:22, 23.32, 45.39
2019-02-19, 09:00:24, 23.32, 45.36
2019-02-19, 09:00:25, 23.31, 45.36
2019-02-19, 09:00:26, 23.32, 45.36
2019-02-19, 09:00:28, 23.32, 45.39
2019-02-19, 09:00:29, 23.32, 45.36
2019-02-19, 09:00:30, 23.32, 45.36
2019-02-19, 09:00:32, 23.32, 45.39
2019-02-19, 09:00:33, 23.31, 45.36
2019-02-19, 09:00:35, 23.32, 45.36
2019-02-19, 09:00:36, 23.33, 45.36
2019-02-19, 09:00:37, 23.32, 45.36
2019-02-19, 09:00:39, 23.32, 45.36
2019-02-19, 09:00:40, 23.32, 45.36
2019-02-19, 09:00:41, 23.32, 45.36
2019-02-19, 09:00:43, 23.32, 45.39
2019-02-19, 09:00:44, 23.33, 45.39
2019-02-19, 09:00:45, 23.32, 45.39
2019-02-19, 09:00:47, 23.32, 45.39
2019-02-19, 09:00:48, 23.33, 45.42
2019-02-19, 09:00:49, 23.32, 45.42
2019-02-19, 09:00:51, 23.33, 45.42
2019-02-19, 09:00:52, 23.32, 45.39
2019-02-19, 09:00:53, 23.32, 45.39
2019-02-19, 09:00:55, 23.33, 45.39
2019-02-19, 09:00:56, 23.33, 45.36
2019-02-19, 09:00:58, 23.33, 45.39
2019-02-19, 09:00:59, 23.32, 45.36
2019-02-19, 09:01:00, 23.33, 45.39
2019-02-19, 09:01:02, 23.33, 45.36
2019-02-19, 09:01:03, 23.32, 45.36
2019-02-19, 09:01:04, 23.32, 45.42
2019-02-19, 09:01:06, 23.33, 45.39
2019-02-19, 09:01:07, 23.32, 45.39
2019-02-19, 09:01:08, 23.33, 45.36
2019-02-19, 09:01:10, 23.34, 45.36
2019-02-19, 09:01:11, 23.33, 45.39
2019-02-19, 09:01:12, 23.34, 45.39
2019-02-19, 09:01:14, 23.33, 45.39
2019-02-19, 09:01:15, 23.34, 45.39
2019-02-19, 09:01:16, 23.34, 45.39
2019-02-19, 09:01:18, 23.34, 45.39
2019-02-19, 09:01:19, 23.34, 45.39
2019-02-19, 09:01:21, 23.34, 45.39
2019-02-19, 09:01:22, 23.33, 45.36
2019-02-19, 09:01:23, 23.34, 45.36
2019-02-19, 09:01:25, 23.33, 45.39
2019-02-19, 09:01:26, 23.34, 45.36
2019-02-19, 09:01:27, 23.34, 45.36
2019-02-19, 09:01:29, 23.35, 45.36
2019-02-19, 09:01:30, 23.35, 45.36
2019-02-19, 09:01:31, 23.34, 45.36
2019-02-19, 09:01:33, 23.34, 45.36
2019-02-19, 09:01:34, 23.34, 45.36
2019-02-19, 09:01:35, 23.36, 45.36
2019-02-19, 09:01:37, 23.36, 45.3
2019-02-19, 09:01:38, 23.34, 45.3
2019-02-19, 09:01:40, 23.35, 45.33
2019-02-19, 09:01:41, 23.34, 45.33
2019-02-19, 09:01:42, 23.34, 45.33
2019-02-19, 09:01:44, 23.34, 45.3
2019-02-19, 09:01:45, 23.35, 45.33
2019-02-19, 09:01:46, 23.35, 45.33
2019-02-19, 09:01:48, 23.36, 45.3
2019-02-19, 09:01:49, 23.36, 45.33
2019-02-19, 09:01:50, 23.35, 45.33
2019-02-19, 09:01:52, 23.35, 45.3
2019-02-19, 09:01:53, 23.35, 45.33
2019-02-19, 09:01:54, 23.35, 45.3
2019-02-19, 09:01:56, 23.36, 45.3
2019-02-19, 09:01:57, 23.36, 45.3
2019-02-19, 09:01:58, 23.35, 45.3
2019-02-19, 09:02:00, 23.36, 45.33
2019-02-19, 09:02:01, 23.36, 45.33
2019-02-19, 09:02:03, 23.36, 45.3
2019-02-19, 09:02:04, 23.34, 45.3
2019-02-19, 09:02:05, 23.35, 45.33
2019-02-19, 09:02:07, 23.37, 45.33
2019-02-19, 09:02:08, 23.36, 45.33
2019-02-19, 09:02:09, 23.36, 45.33
2019-02-19, 09:02:11, 23.36, 45.33
2019-02-19, 09:02:12, 23.36, 45.33
2019-02-19, 09:02:13, 23.36, 45.3
2019-02-19, 09:02:15, 23.37, 45.3
2019-02-19, 09:02:16, 23.36, 45.3
2019-02-19, 09:02:17, 23.37, 45.3
2019-02-19, 09:02:19, 23.36, 45.3
2019-02-19, 09:02:20, 23.37, 45.3
2019-02-19, 09:02:21, 23.37, 45.3
2019-02-19, 09:02:23, 23.38, 45.3
2019-02-19, 09:02:24, 23.37, 45.33
2019-02-19, 09:02:26, 23.36, 45.3
2019-02-19, 09:02:27, 23.37, 45.33
2019-02-19, 09:02:28, 23.36, 45.3
2019-02-19, 09:02:30, 23.37, 45.3
2019-02-19, 09:02:31, 23.35, 45.3
2019-02-19, 09:02:32, 23.38, 45.3
2019-02-19, 09:02:34, 23.38, 45.3
2019-02-19, 09:02:35, 23.37, 45.3
2019-02-19, 09:02:36, 23.38, 45.3
2019-02-19, 09:02:38, 23.38, 45.3
2019-02-19, 09:02:39, 23.37, 45.3
2019-02-19, 09:02:40, 23.36, 45.3
2019-02-19, 09:02:42, 23.38, 45.3
2019-02-19, 09:02:43, 23.38, 45.3
2019-02-19, 09:02:44, 23.38, 45.3
2019-02-19, 09:02:46, 23.38, 45.3
2019-02-19, 09:02:47, 23.38, 45.3
2019-02-19, 09:02:49, 23.37, 45.3
2019-02-19, 09:02:50, 23.36, 45.27
2019-02-19, 09:02:51, 23.37, 45.27
2019-02-19, 09:02:53, 23.36, 45.27
2019-02-19, 09:02:54, 23.37, 45.3
2019-02-19, 09:02:55, 23.37, 45.27
2019-02-19, 09:02:57, 23.37, 45.3
2019-02-19, 09:02:58, 23.36, 45.27
2019-02-19, 09:02:59, 23.37, 45.27
2019-02-19, 09:03:01, 23.38, 45.27
2019-02-19, 09:03:02, 23.37, 45.3
2019-02-19, 09:03:03, 23.38, 45.27
2019-02-19, 09:03:05, 23.37, 45.3
2019-02-19, 09:03:06, 23.37, 45.3
2019-02-19, 09:03:08, 23.38, 45.27
2019-02-19, 09:03:09, 23.38, 45.3
2019-02-19, 09:03:10, 23.38, 45.3
2019-02-19, 09:03:12, 23.38, 45.27
2019-02-19, 09:03:13, 23.38, 45.27
2019-02-19, 09:03:14, 23.39, 45.27
2019-02-19, 09:03:16, 23.4, 45.27
2019-02-19, 09:03:17, 23.38, 45.27
2019-02-19, 09:03:18, 23.39, 45.27
2019-02-19, 09:03:20, 23.38, 45.24
2019-02-19, 09:03:21, 23.39, 45.27
2019-02-19, 09:03:22, 23.38, 45.24
2019-02-19, 09:03:24, 23.4, 45.27
2019-02-19, 09:03:25, 23.39, 45.27
2019-02-19, 09:03:26, 23.38, 45.24
2019-02-19, 09:03:28, 23.37, 45.27
2019-02-19, 09:03:29, 23.38, 45.27
2019-02-19, 09:03:31, 23.3, 45.26
2019-02-19, 09:03:32, 23.35, 45.3
2019-02-19, 09:03:33, 23.37, 45.3
2019-02-19, 09:03:35, 23.38, 45.3
2019-02-19, 09:03:36, 23.26, 45.29
2019-02-19, 09:03:37, 23.34, 45.36
2019-02-19, 09:03:39, 23.34, 45.33
2019-02-19, 09:03:40, 23.35, 45.33
2019-02-19, 09:03:41, 23.35, 45.33
2019-02-19, 09:03:43, 23.36, 45.3
2019-02-19, 09:03:44, 23.37, 45.33
2019-02-19, 09:03:45, 23.37, 45.3
2019-02-19, 09:03:47, 23.37, 45.3
2019-02-19, 09:03:48, 23.38, 45.3
2019-02-19, 09:03:49, 23.38, 45.3
2019-02-19, 09:03:51, 23.38, 45.3
2019-02-19, 09:03:52, 23.38, 45.3
2019-02-19, 09:03:54, 23.38, 45.3
2019-02-19, 09:03:55, 23.38, 45.3
2019-02-19, 09:03:56, 23.38, 45.3
2019-02-19, 09:03:58, 23.38, 45.3
2019-02-19, 09:03:59, 23.36, 45.3
2019-02-19, 09:04:00, 23.37, 45.3
2019-02-19, 09:04:02, 23.38, 45.27
2019-02-19, 09:04:03, 23.38, 45.3
2019-02-19, 09:04:04, 23.38, 45.3
2019-02-19, 09:04:06, 23.36, 45.3
2019-02-19, 09:04:07, 23.38, 45.27
2019-02-19, 09:04:08, 23.38, 45.3
2019-02-19, 09:04:10, 23.38, 45.3
2019-02-19, 09:04:11, 23.37, 45.27
2019-02-19, 09:04:12, 23.37, 45.27
2019-02-19, 09:04:14, 23.38, 45.3
2019-02-19, 09:04:15, 23.38, 45.27
2019-02-19, 09:04:17, 23.38, 45.27
2019-02-19, 09:04:18, 23.4, 45.27
2019-02-19, 09:04:19, 23.38, 45.27
2019-02-19, 09:04:21, 23.39, 45.27
2019-02-19, 09:04:22, 23.38, 45.27
2019-02-19, 09:04:23, 23.38, 45.27
2019-02-19, 09:04:25, 23.38, 45.27
2019-02-19, 09:04:26, 23.39, 45.24
2019-02-19, 09:04:27, 23.39, 45.27
2019-02-19, 09:04:29, 23.39, 45.27
2019-02-19, 09:04:30, 23.38, 45.27
2019-02-19, 09:04:31, 23.4, 45.27
2019-02-19, 09:04:33, 23.39, 45.24
2019-02-19, 09:04:34, 23.39, 45.24
2019-02-19, 09:04:35, 23.39, 45.24
2019-02-19, 09:04:37, 23.39, 45.24
2019-02-19, 09:04:38, 23.38, 45.24
2019-02-19, 09:04:40, 23.38, 45.24
2019-02-19, 09:04:41, 23.4, 45.24
2019-02-19, 09:04:42, 23.4, 45.24
2019-02-19, 09:04:44, 23.39, 45.24
2019-02-19, 09:04:45, 23.4, 45.24
2019-02-19, 09:04:46, 23.38, 45.24
2019-02-19, 09:04:48, 23.39, 45.24
2019-02-19, 09:04:49, 23.39, 45.24
2019-02-19, 09:04:50, 23.39, 45.24
2019-02-19, 09:04:52, 23.39, 45.24
2019-02-19, 09:04:53, 23.38, 45.24
2019-02-19, 09:04:54, 23.39, 45.21
2019-02-19, 09:04:56, 23.39, 45.21
2019-02-19, 09:04:57, 23.38, 45.24
2019-02-19, 09:04:58, 23.37, 45.24
2019-02-19, 09:05:00, 23.27, 45.22
2019-02-19, 09:05:01, 23.36, 45.27
2019-02-19, 09:05:03, 23.38, 45.3
2019-02-19, 09:05:04, 23.39, 45.3
2019-02-19, 09:05:05, 23.38, 45.27
2019-02-19, 09:05:07, 23.38, 45.27
2019-02-19, 09:05:08, 23.39, 45.27
2019-02-19, 09:05:09, 23.39, 45.27
2019-02-19, 09:05:11, 23.38, 45.24
2019-02-19, 09:05:12, 23.4, 45.24
2019-02-19, 09:05:13, 23.4, 45.24
2019-02-19, 09:05:15, 23.38, 45.24
2019-02-19, 09:05:16, 23.39, 45.24
2019-02-19, 09:05:17, 23.4, 45.24
2019-02-19, 09:05:19, 23.4, 45.24
2019-02-19, 09:05:20, 23.4, 45.24
2019-02-19, 09:05:21, 23.4, 45.24
2019-02-19, 09:05:23, 23.4, 45.24
2019-02-19, 09:05:24, 23.41, 45.24
2019-02-19, 09:05:26, 23.4, 45.24
2019-02-19, 09:05:27, 23.4, 45.24
2019-02-19, 09:05:28, 23.4, 45.24
2019-02-19, 09:05:30, 23.4, 45.24
2019-02-19, 09:05:31, 23.4, 45.24
2019-02-19, 09:05:32, 23.4, 45.24
2019-02-19, 09:05:34, 23.39, 45.24
2019-02-19, 09:05:35, 23.41, 45.24
2019-02-19, 09:05:36, 23.4, 45.21
2019-02-19, 09:05:38, 23.4, 45.21
2019-02-19, 09:05:39, 23.4, 45.21
2019-02-19, 09:05:40, 23.4, 45.21
2019-02-19, 09:05:42, 23.4, 45.21
2019-02-19, 09:05:43, 23.4, 45.21
2019-02-19, 09:05:45, 23.4, 45.21
2019-02-19, 09:05:46, 23.41, 45.21
2019-02-19, 09:05:47, 23.41, 45.18
2019-02-19, 09:05:49, 23.41, 45.21
2019-02-19, 09:05:50, 23.41, 45.18
2019-02-19, 09:05:51, 23.4, 45.21
2019-02-19, 09:05:53, 23.41, 45.21
2019-02-19, 09:05:54, 23.41, 45.21
2019-02-19, 09:05:55, 23.4, 45.18
2019-02-19, 09:05:57, 23.4, 45.21
2019-02-19, 09:05:58, 23.41, 45.18
2019-02-19, 09:05:59, 23.26, 45.19
2019-02-19, 09:06:01, 23.36, 45.23
2019-02-19, 09:06:02, 23.38, 45.27
2019-02-19, 09:06:03, 23.38, 45.27
2019-02-19, 09:06:05, 23.38, 45.27
2019-02-19, 09:06:06, 23.39, 45.27
2019-02-19, 09:06:08, 23.39, 45.27
2019-02-19, 09:06:09, 23.39, 45.24
2019-02-19, 09:06:10, 23.4, 45.24
2019-02-19, 09:06:12, 23.41, 45.24
2019-02-19, 09:06:13, 23.4, 45.24
2019-02-19, 09:06:14, 23.4, 45.21
2019-02-19, 09:06:16, 23.4, 45.21
2019-02-19, 09:06:17, 23.41, 45.24
2019-02-19, 09:06:18, 23.4, 45.24
2019-02-19, 09:06:20, 23.4, 45.24
2019-02-19, 09:06:21, 23.4, 45.21
2019-02-19, 09:06:22, 23.4, 45.21
2019-02-19, 09:06:24, 23.39, 45.24
2019-02-19, 09:06:25, 23.4, 45.21
2019-02-19, 09:06:26, 23.39, 45.24
2019-02-19, 09:06:28, 23.42, 45.24
2019-02-19, 09:06:29, 23.24, 45.25
2019-02-19, 09:06:31, 23.36, 45.3
2019-02-19, 09:06:32, 23.38, 45.33
2019-02-19, 09:06:33, 23.38, 45.33
2019-02-19, 09:06:35, 23.39, 45.3
2019-02-19, 09:06:36, 23.39, 45.3
2019-02-19, 09:06:37, 23.38, 45.3
2019-02-19, 09:06:39, 23.4, 45.27
2019-02-19, 09:06:40, 23.4, 45.27
2019-02-19, 09:06:41, 23.38, 45.27
2019-02-19, 09:06:43, 23.41, 45.27
2019-02-19, 09:06:44, 23.39, 45.24
2019-02-19, 09:06:46, 23.4, 45.24
2019-02-19, 09:06:47, 23.42, 45.24
2019-02-19, 09:06:48, 23.41, 45.24
2019-02-19, 09:06:50, 23.42, 45.24
2019-02-19, 09:06:51, 23.41, 45.21
2019-02-19, 09:06:52, 23.41, 45.21
2019-02-19, 09:06:54, 23.41, 45.18
2019-02-19, 09:06:55, 23.43, 45.18
2019-02-19, 09:06:56, 23.42, 45.18
2019-02-19, 09:06:58, 23.42, 45.18
2019-02-19, 09:06:59, 23.41, 45.18
2019-02-19, 09:07:00, 23.42, 45.18
2019-02-19, 09:07:02, 23.42, 45.21
2019-02-19, 09:07:03, 23.42, 45.18
2019-02-19, 09:07:05, 23.41, 45.18
2019-02-19, 09:07:06, 23.41, 45.18
2019-02-19, 09:07:07, 23.4, 45.18
2019-02-19, 09:07:09, 23.41, 45.18
2019-02-19, 09:07:10, 23.4, 45.18
2019-02-19, 09:07:11, 23.41, 45.18
2019-02-19, 09:07:13, 23.44, 45.21
2019-02-19, 09:07:14, 23.42, 45.18
2019-02-19, 09:07:15, 23.43, 45.18
2019-02-19, 09:07:17, 23.42, 45.18
2019-02-19, 09:07:18, 23.43, 45.18
2019-02-19, 09:07:19, 23.43, 45.18
2019-02-19, 09:07:21, 23.44, 45.18
2019-02-19, 09:07:22, 23.43, 45.18
2019-02-19, 09:07:24, 23.44, 45.18
2019-02-19, 09:07:25, 23.42, 45.18
2019-02-19, 09:07:26, 23.43, 45.18
2019-02-19, 09:07:28, 23.42, 45.18
2019-02-19, 09:07:29, 23.42, 45.18
2019-02-19, 09:07:30, 23.42, 45.18
2019-02-19, 09:07:32, 23.43, 45.18
2019-02-19, 09:07:33, 23.37, 45.17
2019-02-19, 09:07:34, 23.41, 45.18
2019-02-19, 09:07:36, 23.42, 45.18
2019-02-19, 09:07:37, 23.42, 45.18
2019-02-19, 09:07:38, 23.42, 45.18
2019-02-19, 09:07:40, 23.42, 45.18
2019-02-19, 09:07:41, 23.43, 45.15
2019-02-19, 09:07:43, 23.42, 45.15
2019-02-19, 09:07:44, 23.44, 45.12
2019-02-19, 09:07:45, 23.43, 45.18
2019-02-19, 09:07:47, 23.44, 45.15
2019-02-19, 09:07:48, 23.44, 45.15
2019-02-19, 09:07:49, 23.44, 45.15
2019-02-19, 09:07:51, 23.43, 45.18
2019-02-19, 09:07:52, 23.42, 45.15
2019-02-19, 09:07:53, 23.43, 45.15
2019-02-19, 09:07:55, 23.42, 45.15
2019-02-19, 09:07:56, 23.42, 45.15
2019-02-19, 09:07:57, 23.44, 45.15
2019-02-19, 09:07:59, 23.44, 45.15
2019-02-19, 09:08:00, 23.43, 45.15
2019-02-19, 09:08:01, 23.44, 45.15
2019-02-19, 09:08:03, 23.43, 45.11
2019-02-19, 09:08:04, 23.42, 45.11
2019-02-19, 09:08:06, 23.43, 45.11
2019-02-19, 09:08:07, 23.42, 45.11
2019-02-19, 09:08:08, 23.43, 45.11
2019-02-19, 09:08:10, 23.43, 45.11
2019-02-19, 09:08:11, 23.43, 45.11
2019-02-19, 09:08:12, 23.43, 45.11
2019-02-19, 09:08:14, 23.44, 45.12
2019-02-19, 09:08:15, 23.43, 45.11
2019-02-19, 09:08:16, 23.42, 45.11
2019-02-19, 09:08:18, 23.42, 45.11
2019-02-19, 09:08:19, 23.43, 45.11
2019-02-19, 09:08:20, 23.43, 45.11
2019-02-19, 09:08:22, 23.44, 45.12
2019-02-19, 09:08:23, 23.44, 45.12
2019-02-19, 09:08:25, 23.44, 45.12
2019-02-19, 09:08:26, 23.44, 45.12
2019-02-19, 09:08:27, 23.36, 45.11
2019-02-19, 09:08:29, 23.41, 45.11
2019-02-19, 09:08:30, 23.42, 45.15
2019-02-19, 09:08:31, 23.42, 45.11
2019-02-19, 09:08:33, 23.44, 45.12
2019-02-19, 09:08:34, 23.42, 45.15
2019-02-19, 09:08:35, 23.43, 45.11
2019-02-19, 09:08:37, 23.44, 45.12
2019-02-19, 09:08:38, 23.43, 45.11
2019-02-19, 09:08:39, 23.42, 45.11
2019-02-19, 09:08:41, 23.42, 45.11
2019-02-19, 09:08:42, 23.42, 45.11
2019-02-19, 09:08:44, 23.43, 45.11
2019-02-19, 09:08:45, 23.42, 45.11
2019-02-19, 09:08:46, 23.43, 45.11
2019-02-19, 09:08:48, 23.44, 45.15
2019-02-19, 09:08:49, 23.42, 45.11
2019-02-19, 09:08:50, 23.44, 45.12
2019-02-19, 09:08:52, 23.43, 45.11
2019-02-19, 09:08:53, 23.44, 45.12
2019-02-19, 09:08:54, 23.44, 45.12
2019-02-19, 09:08:56, 23.44, 45.12
2019-02-19, 09:08:57, 23.33, 45.1
2019-02-19, 09:08:58, 23.42, 45.11
2019-02-19, 09:09:00, 23.44, 45.12
2019-02-19, 09:09:01, 23.42, 45.11
2019-02-19, 09:09:02, 23.44, 45.12
2019-02-19, 09:09:04, 23.44, 45.15
2019-02-19, 09:09:05, 23.42, 45.11
2019-02-19, 09:09:07, 23.44, 45.12
2019-02-19, 09:09:08, 23.45, 45.12
2019-02-19, 09:09:09, 23.45, 45.12
2019-02-19, 09:09:11, 23.44, 45.12
2019-02-19, 09:09:12, 23.45, 45.12
2019-02-19, 09:09:13, 23.45, 45.12
2019-02-19, 09:09:15, 23.45, 45.12
2019-02-19, 09:09:16, 23.46, 45.12
2019-02-19, 09:09:17, 23.46, 45.12
2019-02-19, 09:09:19, 23.47, 45.12
2019-02-19, 09:09:20, 23.45, 45.12
2019-02-19, 09:09:21, 23.46, 45.12
2019-02-19, 09:09:23, 23.46, 45.12
2019-02-19, 09:09:24, 23.41, 45.08
2019-02-19, 09:09:26, 23.45, 45.12
2019-02-19, 09:09:27, 23.32, 45.13
2019-02-19, 09:09:28, 23.41, 45.18
2019-02-19, 09:09:30, 23.42, 45.18
2019-02-19, 09:09:31, 23.43, 45.18
2019-02-19, 09:09:32, 23.44, 45.18
2019-02-19, 09:09:34, 23.44, 45.12
2019-02-19, 09:09:35, 23.44, 45.12
2019-02-19, 09:09:36, 23.46, 45.12
2019-02-19, 09:09:38, 23.44, 45.12
2019-02-19, 09:09:39, 23.45, 45.12
2019-02-19, 09:09:40, 23.45, 45.12
2019-02-19, 09:09:42, 23.46, 45.12
2019-02-19, 09:09:43, 23.46, 45.12
2019-02-19, 09:09:45, 23.45, 45.12
2019-02-19, 09:09:46, 23.45, 45.08
2019-02-19, 09:09:47, 23.46, 45.12
2019-02-19, 09:09:49, 23.46, 45.09
2019-02-19, 09:09:50, 23.46, 45.09
2019-02-19, 09:09:51, 23.46, 45.05
2019-02-19, 09:09:53, 23.46, 45.05
2019-02-19, 09:09:54, 23.47, 45.05
2019-02-19, 09:09:55, 23.46, 45.09
2019-02-19, 09:09:57, 23.46, 45.09
2019-02-19, 09:09:58, 23.47, 45.05
2019-02-19, 09:09:59, 23.47, 45.05
2019-02-19, 09:10:01, 23.46, 45.05
2019-02-19, 09:10:02, 23.46, 45.05
2019-02-19, 09:10:03, 23.47, 45.05
2019-02-19, 09:10:05, 23.46, 45.02
2019-02-19, 09:10:06, 23.45, 45.02
2019-02-19, 09:10:08, 23.46, 45.02
2019-02-19, 09:10:09, 23.46, 45.05
2019-02-19, 09:10:10, 23.45, 45.05
2019-02-19, 09:10:12, 23.46, 45.05
2019-02-19, 09:10:13, 23.46, 45.05
2019-02-19, 09:10:14, 23.48, 45.02
2019-02-19, 09:10:16, 23.48, 45.06
2019-02-19, 09:10:17, 23.47, 45.05
2019-02-19, 09:10:18, 23.47, 45.02
2019-02-19, 09:10:20, 23.47, 45.05
2019-02-19, 09:10:21, 23.48, 45.02
2019-02-19, 09:10:22, 23.46, 45.02
2019-02-19, 09:10:24, 23.47, 44.99
2019-02-19, 09:10:25, 23.47, 45.02
2019-02-19, 09:10:26, 23.47, 44.99
2019-02-19, 09:10:28, 23.47, 44.99
2019-02-19, 09:10:29, 23.47, 44.99
2019-02-19, 09:10:31, 23.47, 44.99
2019-02-19, 09:10:32, 23.48, 44.99
2019-02-19, 09:10:33, 23.46, 44.99
2019-02-19, 09:10:35, 23.48, 44.99
2019-02-19, 09:10:36, 23.48, 44.99
2019-02-19, 09:10:37, 23.48, 44.99
2019-02-19, 09:10:39, 23.48, 44.96
2019-02-19, 09:10:40, 23.47, 44.99
2019-02-19, 09:10:41, 23.47, 44.99
2019-02-19, 09:10:43, 23.48, 44.99
2019-02-19, 09:10:44, 23.46, 44.99
2019-02-19, 09:10:45, 23.47, 44.99
2019-02-19, 09:10:47, 23.47, 44.99
2019-02-19, 09:10:48, 23.46, 44.96
2019-02-19, 09:10:50, 23.47, 44.99
2019-02-19, 09:10:51, 23.47, 44.96
2019-02-19, 09:10:52, 23.46, 44.96
2019-02-19, 09:10:54, 23.46, 44.96
2019-02-19, 09:10:55, 23.47, 44.96
2019-02-19, 09:10:56, 23.3, 44.97
2019-02-19, 09:10:58, 23.42, 45.05
2019-02-19, 09:10:59, 23.44, 45.05
2019-02-19, 09:11:00, 23.44, 45.05
2019-02-19, 09:11:02, 23.46, 45.05
2019-02-19, 09:11:03, 23.44, 45.02
2019-02-19, 09:11:04, 23.45, 45.05
2019-02-19, 09:11:06, 23.46, 45.02
2019-02-19, 09:11:07, 23.47, 45.02
2019-02-19, 09:11:08, 23.47, 45.02
2019-02-19, 09:11:10, 23.47, 44.99
2019-02-19, 09:11:11, 23.45, 44.99
2019-02-19, 09:11:13, 23.46, 44.99
2019-02-19, 09:11:14, 23.45, 44.99
2019-02-19, 09:11:15, 23.46, 45.02
2019-02-19, 09:11:17, 23.46, 45.02
2019-02-19, 09:11:18, 23.47, 44.99
2019-02-19, 09:11:19, 23.47, 45.02
2019-02-19, 09:11:21, 23.48, 44.99
2019-02-19, 09:11:22, 23.47, 44.99
2019-02-19, 09:11:23, 23.48, 44.99
2019-02-19, 09:11:25, 23.46, 44.99
2019-02-19, 09:11:26, 23.48, 44.99
2019-02-19, 09:11:27, 23.48, 44.99
2019-02-19, 09:11:29, 23.48, 44.99
2019-02-19, 09:11:30, 23.48, 44.99
2019-02-19, 09:11:31, 23.48, 44.99
2019-02-19, 09:11:33, 23.48, 44.99
2019-02-19, 09:11:34, 23.48, 44.99
2019-02-19, 09:11:36, 23.48, 44.99
2019-02-19, 09:11:37, 23.48, 44.99
2019-02-19, 09:11:38, 23.48, 44.96
2019-02-19, 09:11:40, 23.48, 44.96
2019-02-19, 09:11:41, 23.48, 44.93
2019-02-19, 09:11:42, 23.49, 44.93
2019-02-19, 09:11:44, 23.48, 44.96
2019-02-19, 09:11:45, 23.47, 44.93
2019-02-19, 09:11:46, 23.48, 44.93
2019-02-19, 09:11:48, 23.48, 44.93
2019-02-19, 09:11:49, 23.48, 44.93
2019-02-19, 09:11:50, 23.48, 44.93
2019-02-19, 09:11:52, 23.48, 44.93
2019-02-19, 09:11:53, 23.48, 44.93
2019-02-19, 09:11:54, 23.48, 44.93
2019-02-19, 09:11:56, 23.47, 44.93
2019-02-19, 09:11:57, 23.48, 44.93
2019-02-19, 09:11:59, 23.47, 44.93
2019-02-19, 09:12:00, 23.46, 44.92
2019-02-19, 09:12:01, 23.48, 44.93
2019-02-19, 09:12:03, 23.48, 44.93
2019-02-19, 09:12:04, 23.47, 44.93
2019-02-19, 09:12:05, 23.49, 44.93
2019-02-19, 09:12:07, 23.47, 44.93
2019-02-19, 09:12:08, 23.46, 44.92
2019-02-19, 09:12:09, 23.47, 44.93
2019-02-19, 09:12:11, 23.47, 44.93
2019-02-19, 09:12:12, 23.48, 44.93
2019-02-19, 09:12:13, 23.48, 44.93
2019-02-19, 09:12:15, 23.48, 44.96
2019-02-19, 09:12:16, 23.48, 44.96
2019-02-19, 09:12:18, 23.48, 44.96
2019-02-19, 09:12:19, 23.48, 44.99
2019-02-19, 09:12:20, 23.48, 44.93
2019-02-19, 09:12:22, 23.47, 44.93
2019-02-19, 09:12:23, 23.47, 44.93
2019-02-19, 09:12:24, 23.48, 44.93
2019-02-19, 09:12:26, 23.48, 44.93
2019-02-19, 09:12:27, 23.47, 44.96
2019-02-19, 09:12:28, 23.49, 44.93
2019-02-19, 09:12:30, 23.48, 44.93
2019-02-19, 09:12:31, 23.49, 44.93
2019-02-19, 09:12:32, 23.48, 44.93
2019-02-19, 09:12:34, 23.49, 44.93
2019-02-19, 09:12:35, 23.48, 44.93
2019-02-19, 09:12:36, 23.48, 44.93
2019-02-19, 09:12:38, 23.48, 44.93
2019-02-19, 09:12:39, 23.48, 44.93
2019-02-19, 09:12:41, 23.49, 44.93
2019-02-19, 09:12:42, 23.47, 44.93
2019-02-19, 09:12:43, 23.48, 44.93
2019-02-19, 09:12:45, 23.47, 44.93
2019-02-19, 09:12:46, 23.47, 44.89
2019-02-19, 09:12:47, 23.48, 44.93
2019-02-19, 09:12:49, 23.48, 44.93
2019-02-19, 09:12:50, 23.46, 44.92
2019-02-19, 09:12:51, 23.48, 44.93
2019-02-19, 09:12:53, 23.48, 44.93
2019-02-19, 09:12:54, 23.44, 44.92
2019-02-19, 09:12:55, 23.48, 44.93
2019-02-19, 09:12:57, 23.48, 44.93
2019-02-19, 09:12:58, 23.48, 44.93
2019-02-19, 09:13:00, 23.48, 44.93
2019-02-19, 09:13:01, 23.47, 44.93
2019-02-19, 09:13:02, 23.48, 44.93
2019-02-19, 09:13:04, 23.48, 44.93
2019-02-19, 09:13:05, 23.48, 44.93
2019-02-19, 09:13:06, 23.47, 44.89
2019-02-19, 09:13:08, 23.47, 44.89
2019-02-19, 09:13:09, 23.48, 44.93
2019-02-19, 09:13:10, 23.47, 44.93
2019-02-19, 09:13:12, 23.49, 44.9
2019-02-19, 09:13:13, 23.48, 44.93
2019-02-19, 09:13:14, 23.49, 44.93
2019-02-19, 09:13:16, 23.49, 44.93
2019-02-19, 09:13:17, 23.49, 44.93
2019-02-19, 09:13:18, 23.49, 44.93
2019-02-19, 09:13:20, 23.48, 44.93
2019-02-19, 09:13:21, 23.48, 44.93
2019-02-19, 09:13:23, 23.48, 44.89
2019-02-19, 09:13:24, 23.48, 44.93
2019-02-19, 09:13:25, 23.48, 44.89
2019-02-19, 09:13:27, 23.48, 44.93
2019-02-19, 09:13:28, 23.48, 44.89
2019-02-19, 09:13:29, 23.48, 44.89
2019-02-19, 09:13:31, 23.48, 44.89
2019-02-19, 09:13:32, 23.48, 44.89
2019-02-19, 09:13:33, 23.48, 44.89
2019-02-19, 09:13:35, 23.48, 44.89
2019-02-19, 09:13:36, 23.48, 44.89
2019-02-19, 09:13:37, 23.48, 44.89
2019-02-19, 09:13:39, 23.47, 44.89
2019-02-19, 09:13:40, 23.48, 44.89
2019-02-19, 09:13:41, 23.48, 44.86
2019-02-19, 09:13:43, 23.48, 44.86
2019-02-19, 09:13:44, 23.5, 44.86
2019-02-19, 09:13:46, 23.5, 44.86
2019-02-19, 09:13:47, 23.49, 44.86
2019-02-19, 09:13:48, 23.5, 44.86
2019-02-19, 09:13:50, 23.5, 44.86
2019-02-19, 09:13:51, 23.5, 44.86
2019-02-19, 09:13:52, 23.49, 44.86
2019-02-19, 09:13:54, 23.4, 44.85
2019-02-19, 09:13:55, 23.46, 44.92
2019-02-19, 09:13:56, 23.44, 44.92
2019-02-19, 09:13:58, 23.46, 44.89
2019-02-19, 09:13:59, 23.34, 44.91
2019-02-19, 09:14:00, 23.44, 44.95
2019-02-19, 09:14:02, 23.44, 44.95
2019-02-19, 09:14:03, 23.45, 44.99
2019-02-19, 09:14:04, 23.45, 44.99
2019-02-19, 09:14:06, 23.47, 44.93
2019-02-19, 09:14:07, 23.47, 44.96
2019-02-19, 09:14:09, 23.47, 44.96
2019-02-19, 09:14:10, 23.48, 44.96
2019-02-19, 09:14:11, 23.46, 44.92
2019-02-19, 09:14:13, 23.46, 44.96
2019-02-19, 09:14:14, 23.46, 44.92
2019-02-19, 09:14:15, 23.45, 44.92
2019-02-19, 09:14:17, 23.47, 44.93
2019-02-19, 09:14:18, 23.48, 44.93
2019-02-19, 09:14:19, 23.48, 44.93
2019-02-19, 09:14:21, 23.47, 44.93
2019-02-19, 09:14:22, 23.48, 44.93
2019-02-19, 09:14:23, 23.48, 44.93
2019-02-19, 09:14:25, 23.49, 44.93
2019-02-19, 09:14:26, 23.48, 44.89
2019-02-19, 09:14:28, 23.48, 44.89
2019-02-19, 09:14:29, 23.47, 44.89
2019-02-19, 09:14:30, 23.46, 44.92
2019-02-19, 09:14:32, 23.48, 44.93
2019-02-19, 09:14:33, 23.46, 44.89
2019-02-19, 09:14:34, 23.48, 44.89
2019-02-19, 09:14:36, 23.48, 44.93
2019-02-19, 09:14:37, 23.47, 44.89
2019-02-19, 09:14:38, 23.47, 44.89
2019-02-19, 09:14:40, 23.48, 44.93
2019-02-19, 09:14:41, 23.45, 44.89
2019-02-19, 09:14:42, 23.46, 44.89
2019-02-19, 09:14:44, 23.48, 44.89
2019-02-19, 09:14:45, 23.47, 44.89
2019-02-19, 09:14:46, 23.47, 44.93
2019-02-19, 09:14:48, 23.46, 44.89
2019-02-19, 09:14:49, 23.46, 44.89
2019-02-19, 09:14:51, 23.48, 44.89
2019-02-19, 09:14:52, 23.48, 44.93
2019-02-19, 09:14:53, 23.46, 44.89
2019-02-19, 09:14:55, 23.47, 44.93
2019-02-19, 09:14:56, 23.47, 44.89
2019-02-19, 09:14:57, 23.48, 44.93
2019-02-19, 09:14:59, 23.34, 44.91
2019-02-19, 09:15:00, 23.43, 44.95
2019-02-19, 09:15:01, 23.44, 44.99
2019-02-19, 09:15:03, 23.46, 44.96
2019-02-19, 09:15:04, 23.46, 44.96
2019-02-19, 09:15:05, 23.46, 44.96
2019-02-19, 09:15:07, 23.46, 44.92
2019-02-19, 09:15:08, 23.46, 44.92
2019-02-19, 09:15:09, 23.46, 44.92
2019-02-19, 09:15:11, 23.46, 44.92
2019-02-19, 09:15:12, 23.47, 44.93
2019-02-19, 09:15:14, 23.48, 44.93
2019-02-19, 09:15:15, 23.47, 44.89
2019-02-19, 09:15:16, 23.46, 44.92
2019-02-19, 09:15:18, 23.46, 44.92
2019-02-19, 09:15:19, 23.46, 44.89
2019-02-19, 09:15:20, 23.46, 44.92
2019-02-19, 09:15:22, 23.47, 44.93
2019-02-19, 09:15:23, 23.46, 44.89
2019-02-19, 09:15:24, 23.48, 44.89
2019-02-19, 09:15:26, 23.48, 44.89
2019-02-19, 09:15:27, 23.46, 44.86
2019-02-19, 09:15:28, 23.48, 44.89
2019-02-19, 09:15:30, 23.48, 44.89
2019-02-19, 09:15:31, 23.46, 44.86
2019-02-19, 09:15:32, 23.47, 44.86
2019-02-19, 09:15:34, 23.46, 44.86
2019-02-19, 09:15:35, 23.46, 44.89
2019-02-19, 09:15:37, 23.46, 44.89
2019-02-19, 09:15:38, 23.46, 44.89
2019-02-19, 09:15:39, 23.48, 44.89
2019-02-19, 09:15:41, 23.47, 44.89
2019-02-19, 09:15:42, 23.47, 44.93
2019-02-19, 09:15:43, 23.46, 44.92
2019-02-19, 09:15:45, 23.47, 44.93
2019-02-19, 09:15:46, 23.47, 44.93
2019-02-19, 09:15:47, 23.47, 44.89
2019-02-19, 09:15:49, 23.48, 44.89
2019-02-19, 09:15:50, 23.46, 44.89
2019-02-19, 09:15:51, 23.46, 44.92
2019-02-19, 09:15:53, 23.3, 44.91
2019-02-19, 09:15:54, 23.42, 44.98
2019-02-19, 09:15:55, 23.42, 44.98
2019-02-19, 09:15:57, 23.44, 44.95
2019-02-19, 09:15:58, 23.28, 45.0
2019-02-19, 09:16:00, 23.39, 45.05
2019-02-19, 09:16:01, 23.41, 45.05
2019-02-19, 09:16:02, 23.42, 45.05
2019-02-19, 09:16:04, 23.44, 45.05
2019-02-19, 09:16:05, 23.43, 44.99
2019-02-19, 09:16:06, 23.43, 44.99
2019-02-19, 09:16:08, 23.43, 44.99
2019-02-19, 09:16:09, 23.43, 44.99
2019-02-19, 09:16:10, 23.44, 44.99
2019-02-19, 09:16:12, 23.44, 44.99
2019-02-19, 09:16:13, 23.44, 44.99
2019-02-19, 09:16:14, 23.45, 44.99
2019-02-19, 09:16:16, 23.45, 44.92
2019-02-19, 09:16:17, 23.44, 44.92
2019-02-19, 09:16:19, 23.45, 44.92
2019-02-19, 09:16:20, 23.46, 44.92
2019-02-19, 09:16:21, 23.46, 44.92
2019-02-19, 09:16:23, 23.3, 44.97
2019-02-19, 09:16:24, 23.42, 45.05
2019-02-19, 09:16:25, 23.42, 45.05
2019-02-19, 09:16:27, 23.43, 45.02
2019-02-19, 09:16:28, 23.45, 44.99
2019-02-19, 09:16:29, 23.43, 44.99
2019-02-19, 09:16:31, 23.44, 44.99
2019-02-19, 09:16:32, 23.44, 44.95
2019-02-19, 09:16:33, 23.44, 44.95
2019-02-19, 09:16:35, 23.44, 44.92
2019-02-19, 09:16:36, 23.44, 44.92
2019-02-19, 09:16:37, 23.44, 44.92
2019-02-19, 09:16:39, 23.45, 44.92
2019-02-19, 09:16:40, 23.44, 44.92
2019-02-19, 09:16:42, 23.44, 44.92
2019-02-19, 09:16:43, 23.45, 44.92
2019-02-19, 09:16:44, 23.44, 44.92
2019-02-19, 09:16:46, 23.44, 44.92
2019-02-19, 09:16:47, 23.45, 44.92
2019-02-19, 09:16:48, 23.44, 44.92
2019-02-19, 09:16:50, 23.45, 44.92
2019-02-19, 09:16:51, 23.44, 44.95
2019-02-19, 09:16:52, 23.43, 44.95
2019-02-19, 09:16:54, 23.43, 44.99
2019-02-19, 09:16:55, 23.44, 44.99
2019-02-19, 09:16:56, 23.44, 44.95
2019-02-19, 09:16:58, 23.43, 44.95
2019-02-19, 09:16:59, 23.44, 44.92
2019-02-19, 09:17:00, 23.43, 44.95
2019-02-19, 09:17:02, 23.43, 44.95
2019-02-19, 09:17:03, 23.42, 44.95
2019-02-19, 09:17:05, 23.42, 44.95
2019-02-19, 09:17:06, 23.42, 44.95
2019-02-19, 09:17:07, 23.42, 44.92
2019-02-19, 09:17:09, 23.42, 44.95
2019-02-19, 09:17:10, 23.41, 44.92
2019-02-19, 09:17:11, 23.43, 44.95
2019-02-19, 09:17:13, 23.42, 44.95
2019-02-19, 09:17:14, 23.42, 44.92
2019-02-19, 09:17:15, 23.41, 44.92
2019-02-19, 09:17:17, 23.41, 44.92
2019-02-19, 09:17:18, 23.42, 44.92
2019-02-19, 09:17:19, 23.4, 44.92
2019-02-19, 09:17:21, 23.41, 44.95
2019-02-19, 09:17:22, 23.4, 44.95
2019-02-19, 09:17:24, 23.4, 44.95
2019-02-19, 09:17:25, 23.41, 44.95
2019-02-19, 09:17:26, 23.4, 44.95
2019-02-19, 09:17:28, 23.4, 44.95
2019-02-19, 09:17:29, 23.4, 44.95
2019-02-19, 09:17:30, 23.41, 44.98
2019-02-19, 09:17:32, 23.41, 44.98
2019-02-19, 09:17:33, 23.4, 44.98
2019-02-19, 09:17:34, 23.4, 44.98
2019-02-19, 09:17:36, 23.41, 44.98
2019-02-19, 09:17:37, 23.4, 44.98
2019-02-19, 09:17:38, 23.4, 44.98
2019-02-19, 09:17:40, 23.4, 44.98
2019-02-19, 09:17:41, 23.39, 44.98
2019-02-19, 09:17:42, 23.39, 45.01
2019-02-19, 09:17:44, 23.4, 45.01
2019-02-19, 09:17:45, 23.39, 45.01
2019-02-19, 09:17:47, 23.39, 45.05
2019-02-19, 09:17:48, 23.38, 45.04
2019-02-19, 09:17:49, 23.39, 45.05
2019-02-19, 09:17:51, 23.4, 45.01
2019-02-19, 09:17:52, 23.39, 44.98
2019-02-19, 09:17:53, 23.4, 44.98
2019-02-19, 09:17:55, 23.4, 44.98
2019-02-19, 09:17:56, 23.39, 44.98
2019-02-19, 09:17:57, 23.4, 44.98
2019-02-19, 09:17:59, 23.41, 45.02
2019-02-19, 09:18:00, 23.4, 45.01
2019-02-19, 09:18:01, 23.39, 45.01
2019-02-19, 09:18:03, 23.4, 45.01
2019-02-19, 09:18:04, 23.39, 45.01
2019-02-19, 09:18:06, 23.38, 45.01
2019-02-19, 09:18:07, 23.4, 44.98
2019-02-19, 09:18:08, 23.38, 44.98
2019-02-19, 09:18:10, 23.39, 44.98
2019-02-19, 09:18:11, 23.39, 45.01
2019-02-19, 09:18:12, 23.4, 44.98
2019-02-19, 09:18:14, 23.38, 44.98
2019-02-19, 09:18:15, 23.39, 44.98
2019-02-19, 09:18:16, 23.38, 44.98
2019-02-19, 09:18:18, 23.38, 44.98
2019-02-19, 09:18:19, 23.38, 44.98
2019-02-19, 09:18:20, 23.39, 44.98
2019-02-19, 09:18:22, 23.39, 44.98
2019-02-19, 09:18:23, 23.38, 44.98
2019-02-19, 09:18:24, 23.38, 44.98
2019-02-19, 09:18:26, 23.38, 44.98
2019-02-19, 09:18:27, 23.37, 45.01
2019-02-19, 09:18:29, 23.38, 44.98
2019-02-19, 09:18:30, 23.38, 45.01
2019-02-19, 09:18:31, 23.38, 45.01
2019-02-19, 09:18:33, 23.38, 45.04
2019-02-19, 09:18:34, 23.37, 45.01
2019-02-19, 09:18:35, 23.38, 45.04
2019-02-19, 09:18:37, 23.38, 45.01
2019-02-19, 09:18:38, 23.37, 45.01
2019-02-19, 09:18:39, 23.38, 44.98
2019-02-19, 09:18:41, 23.38, 45.04
2019-02-19, 09:18:42, 23.38, 45.01
2019-02-19, 09:18:43, 23.38, 45.01
2019-02-19, 09:18:45, 23.38, 44.98
2019-02-19, 09:18:46, 23.38, 45.01
2019-02-19, 09:18:48, 23.38, 45.04
2019-02-19, 09:18:49, 23.36, 45.04
2019-02-19, 09:18:50, 23.38, 45.04
2019-02-19, 09:18:52, 23.38, 45.04
2019-02-19, 09:18:53, 23.39, 45.05
2019-02-19, 09:18:54, 23.38, 45.04
2019-02-19, 09:18:56, 23.38, 45.04
2019-02-19, 09:18:57, 23.38, 45.04
2019-02-19, 09:18:58, 23.37, 45.04
2019-02-19, 09:19:00, 23.38, 45.04
2019-02-19, 09:19:01, 23.38, 45.04
2019-02-19, 09:19:02, 23.38, 45.04
2019-02-19, 09:19:04, 23.39, 45.05
2019-02-19, 09:19:05, 23.39, 45.05
2019-02-19, 09:19:07, 23.39, 45.01
2019-02-19, 09:19:08, 23.39, 45.05
2019-02-19, 09:19:09, 23.38, 45.04
2019-02-19, 09:19:11, 23.38, 45.04
2019-02-19, 09:19:12, 23.38, 45.04
2019-02-19, 09:19:13, 23.38, 45.04
2019-02-19, 09:19:15, 23.38, 45.01
2019-02-19, 09:19:16, 23.38, 45.01
2019-02-19, 09:19:17, 23.37, 45.01
2019-02-19, 09:19:19, 23.38, 45.01
2019-02-19, 09:19:20, 23.37, 45.04
2019-02-19, 09:19:21, 23.37, 45.04
2019-02-19, 09:19:23, 23.37, 45.01
2019-02-19, 09:19:24, 23.37, 45.04
2019-02-19, 09:19:25, 23.38, 45.04
2019-02-19, 09:19:27, 23.37, 45.04
2019-02-19, 09:19:28, 23.38, 45.04
2019-02-19, 09:19:30, 23.38, 45.04
2019-02-19, 09:19:31, 23.37, 45.04
2019-02-19, 09:19:32, 23.38, 45.04
2019-02-19, 09:19:34, 23.38, 45.04
2019-02-19, 09:19:35, 23.38, 45.04
2019-02-19, 09:19:36, 23.36, 45.04
2019-02-19, 09:19:38, 23.37, 45.04
2019-02-19, 09:19:39, 23.38, 45.04
2019-02-19, 09:19:40, 23.37, 45.04
2019-02-19, 09:19:42, 23.37, 45.04
2019-02-19, 09:19:43, 23.38, 45.04
2019-02-19, 09:19:44, 23.36, 45.04
2019-02-19, 09:19:46, 23.38, 45.04
2019-02-19, 09:19:47, 23.37, 45.04
2019-02-19, 09:19:48, 23.38, 45.04
2019-02-19, 09:19:50, 23.26, 45.03
2019-02-19, 09:19:51, 23.34, 45.04
2019-02-19, 09:19:53, 23.34, 45.07
2019-02-19, 09:19:54, 23.35, 45.1
2019-02-19, 09:19:55, 23.37, 45.11
2019-02-19, 09:19:57, 23.35, 45.1
2019-02-19, 09:19:58, 23.36, 45.07
2019-02-19, 09:19:59, 23.37, 45.11
2019-02-19, 09:20:01, 23.36, 45.07
2019-02-19, 09:20:02, 23.36, 45.07
2019-02-19, 09:20:03, 23.36, 45.04
2019-02-19, 09:20:05, 23.36, 45.04
2019-02-19, 09:20:06, 23.36, 45.04
2019-02-19, 09:20:07, 23.36, 45.04
2019-02-19, 09:20:09, 23.36, 45.07
2019-02-19, 09:20:10, 23.36, 45.04
2019-02-19, 09:20:11, 23.36, 45.07
2019-02-19, 09:20:13, 23.36, 45.04
2019-02-19, 09:20:14, 23.36, 45.04
2019-02-19, 09:20:16, 23.36, 45.07
2019-02-19, 09:20:17, 23.36, 45.07
2019-02-19, 09:20:18, 23.35, 45.07
2019-02-19, 09:20:20, 23.24, 45.06
2019-02-19, 09:20:21, 23.33, 45.1
2019-02-19, 09:20:22, 23.34, 45.1
2019-02-19, 09:20:24, 23.33, 45.1
2019-02-19, 09:20:25, 23.34, 45.07
2019-02-19, 09:20:26, 23.36, 45.07
2019-02-19, 09:20:28, 23.35, 45.07
2019-02-19, 09:20:29, 23.35, 45.04
2019-02-19, 09:20:30, 23.35, 45.04
2019-02-19, 09:20:32, 23.34, 45.07
2019-02-19, 09:20:33, 23.37, 45.07
2019-02-19, 09:20:34, 23.34, 45.07
2019-02-19, 09:20:36, 23.34, 45.07
2019-02-19, 09:20:37, 23.36, 45.04
2019-02-19, 09:20:39, 23.35, 45.04
2019-02-19, 09:20:40, 23.34, 45.04
2019-02-19, 09:20:41, 23.36, 45.04
2019-02-19, 09:20:43, 23.34, 45.04
2019-02-19, 09:20:44, 23.34, 45.04
2019-02-19, 09:20:45, 23.34, 45.04
2019-02-19, 09:20:47, 23.34, 45.01
2019-02-19, 09:20:48, 23.34, 45.04
2019-02-19, 09:20:49, 23.34, 45.04
2019-02-19, 09:20:51, 23.35, 45.04
2019-02-19, 09:20:52, 23.35, 45.04
2019-02-19, 09:20:53, 23.33, 45.01
2019-02-19, 09:20:55, 23.34, 45.04
2019-02-19, 09:20:56, 23.36, 45.04
2019-02-19, 09:20:57, 23.36, 45.04
2019-02-19, 09:20:59, 23.36, 45.04
2019-02-19, 09:21:00, 23.35, 45.04
2019-02-19, 09:21:02, 23.36, 45.04
2019-02-19, 09:21:03, 23.35, 45.04
2019-02-19, 09:21:04, 23.36, 45.04
2019-02-19, 09:21:06, 23.36, 45.04
2019-02-19, 09:21:07, 23.36, 45.04
2019-02-19, 09:21:08, 23.35, 45.04
2019-02-19, 09:21:10, 23.35, 45.04
2019-02-19, 09:21:11, 23.34, 45.04
2019-02-19, 09:21:12, 23.34, 45.01
2019-02-19, 09:21:14, 23.34, 45.04
2019-02-19, 09:21:15, 23.33, 45.04
2019-02-19, 09:21:16, 23.33, 45.04
2019-02-19, 09:21:18, 23.33, 45.04
2019-02-19, 09:21:19, 23.2, 45.05
2019-02-19, 09:21:20, 23.3, 45.1
2019-02-19, 09:21:22, 23.31, 45.1
2019-02-19, 09:21:23, 23.32, 45.1
2019-02-19, 09:21:25, 23.32, 45.1
2019-02-19, 09:21:26, 23.34, 45.07
2019-02-19, 09:21:27, 23.33, 45.1
2019-02-19, 09:21:29, 23.32, 45.1
2019-02-19, 09:21:30, 23.33, 45.04
2019-02-19, 09:21:31, 23.32, 45.04
2019-02-19, 09:21:33, 23.33, 45.07
2019-02-19, 09:21:34, 23.33, 45.04
2019-02-19, 09:21:35, 23.32, 45.04
2019-02-19, 09:21:37, 23.34, 45.04
2019-02-19, 09:21:38, 23.34, 45.04
2019-02-19, 09:21:39, 23.34, 45.04
2019-02-19, 09:21:41, 23.33, 45.04
2019-02-19, 09:21:42, 23.34, 45.04
2019-02-19, 09:21:43, 23.32, 45.04
2019-02-19, 09:21:45, 23.32, 45.04
2019-02-19, 09:21:46, 23.32, 45.07
2019-02-19, 09:21:48, 23.32, 45.07
2019-02-19, 09:21:49, 23.32, 45.07
2019-02-19, 09:21:50, 23.33, 45.07
2019-02-19, 09:21:52, 23.33, 45.07
2019-02-19, 09:21:53, 23.33, 45.07
2019-02-19, 09:21:54, 23.34, 45.04
2019-02-19, 09:21:56, 23.34, 45.04
2019-02-19, 09:21:57, 23.33, 45.04
2019-02-19, 09:21:58, 23.32, 45.04
2019-02-19, 09:22:00, 23.32, 45.04
2019-02-19, 09:22:01, 23.34, 45.04
2019-02-19, 09:22:02, 23.33, 45.07
2019-02-19, 09:22:04, 23.33, 45.07
2019-02-19, 09:22:05, 23.32, 45.07
2019-02-19, 09:22:06, 23.32, 45.04
2019-02-19, 09:22:08, 23.34, 45.04
2019-02-19, 09:22:09, 23.33, 45.07
2019-02-19, 09:22:11, 23.33, 45.07
2019-02-19, 09:22:12, 23.33, 45.04
2019-02-19, 09:22:13, 23.32, 45.07
2019-02-19, 09:22:15, 23.32, 45.07
2019-02-19, 09:22:16, 23.33, 45.04
2019-02-19, 09:22:17, 23.33, 45.04
2019-02-19, 09:22:19, 23.17, 45.05
2019-02-19, 09:22:20, 23.27, 45.16
2019-02-19, 09:22:21, 23.31, 45.16
2019-02-19, 09:22:23, 23.3, 45.13
2019-02-19, 09:22:24, 23.32, 45.17
2019-02-19, 09:22:25, 23.32, 45.17
2019-02-19, 09:22:27, 23.32, 45.13
2019-02-19, 09:22:28, 23.33, 45.13
2019-02-19, 09:22:29, 23.32, 45.1
2019-02-19, 09:22:31, 23.32, 45.1
2019-02-19, 09:22:32, 23.33, 45.1
2019-02-19, 09:22:34, 23.32, 45.13
2019-02-19, 09:22:35, 23.33, 45.1
2019-02-19, 09:22:36, 23.33, 45.1
2019-02-19, 09:22:38, 23.32, 45.1
2019-02-19, 09:22:39, 23.32, 45.1
2019-02-19, 09:22:40, 23.32, 45.1
2019-02-19, 09:22:42, 23.32, 45.1
2019-02-19, 09:22:43, 23.33, 45.1
2019-02-19, 09:22:44, 23.33, 45.1
2019-02-19, 09:22:46, 23.33, 45.1
2019-02-19, 09:22:47, 23.33, 45.1
2019-02-19, 09:22:48, 23.33, 45.1
2019-02-19, 09:22:50, 23.32, 45.1
2019-02-19, 09:22:51, 23.32, 45.07
2019-02-19, 09:22:53, 23.3, 45.1
2019-02-19, 09:22:54, 23.32, 45.07
2019-02-19, 09:22:55, 23.31, 45.1
2019-02-19, 09:22:57, 23.31, 45.1
2019-02-19, 09:22:58, 23.32, 45.1
2019-02-19, 09:22:59, 23.32, 45.1
2019-02-19, 09:23:01, 23.32, 45.07
2019-02-19, 09:23:02, 23.3, 45.1
2019-02-19, 09:23:03, 23.3, 45.07
2019-02-19, 09:23:05, 23.3, 45.1
2019-02-19, 09:23:06, 23.32, 45.1
2019-02-19, 09:23:07, 23.33, 45.1
2019-02-19, 09:23:09, 23.33, 45.1
2019-02-19, 09:23:10, 23.34, 45.1
2019-02-19, 09:23:12, 23.33, 45.1
2019-02-19, 09:23:13, 23.33, 45.1
2019-02-19, 09:23:14, 23.33, 45.1
2019-02-19, 09:23:16, 23.33, 45.1
2019-02-19, 09:23:17, 23.34, 45.1
2019-02-19, 09:23:18, 23.33, 45.1
2019-02-19, 09:23:20, 23.32, 45.1
2019-02-19, 09:23:21, 23.33, 45.1
2019-02-19, 09:23:22, 23.32, 45.1
2019-02-19, 09:23:24, 23.32, 45.07
2019-02-19, 09:23:25, 23.32, 45.1
2019-02-19, 09:23:26, 23.32, 45.07
2019-02-19, 09:23:28, 23.32, 45.07
2019-02-19, 09:23:29, 23.32, 45.1
2019-02-19, 09:23:30, 23.34, 45.07
2019-02-19, 09:23:32, 23.32, 45.1
2019-02-19, 09:23:33, 23.33, 45.1
2019-02-19, 09:23:35, 23.32, 45.1
2019-02-19, 09:23:36, 23.32, 45.07
2019-02-19, 09:23:37, 23.31, 45.07
2019-02-19, 09:23:39, 23.32, 45.07
2019-02-19, 09:23:40, 23.31, 45.07
2019-02-19, 09:23:41, 23.32, 45.07
2019-02-19, 09:23:43, 23.32, 45.07
2019-02-19, 09:23:44, 23.34, 45.1
2019-02-19, 09:23:45, 23.34, 45.1
2019-02-19, 09:23:47, 23.31, 45.1
2019-02-19, 09:23:48, 23.32, 45.1
2019-02-19, 09:23:49, 23.33, 45.1
2019-02-19, 09:23:51, 23.32, 45.1
2019-02-19, 09:23:52, 23.32, 45.1
2019-02-19, 09:23:54, 23.32, 45.1
2019-02-19, 09:23:55, 23.33, 45.1
2019-02-19, 09:23:56, 23.33, 45.1
2019-02-19, 09:23:58, 23.34, 45.1
2019-02-19, 09:23:59, 23.33, 45.1
2019-02-19, 09:24:00, 23.33, 45.1
2019-02-19, 09:24:02, 23.34, 45.1
2019-02-19, 09:24:03, 23.34, 45.1
2019-02-19, 09:24:04, 23.34, 45.1
2019-02-19, 09:24:06, 23.33, 45.1
2019-02-19, 09:24:07, 23.33, 45.1
2019-02-19, 09:24:08, 23.34, 45.1
2019-02-19, 09:24:10, 23.33, 45.1
2019-02-19, 09:24:11, 23.34, 45.07
2019-02-19, 09:24:13, 23.34, 45.07
2019-02-19, 09:24:14, 23.35, 45.07
2019-02-19, 09:24:15, 23.29, 45.07
2019-02-19, 09:24:17, 23.25, 45.09
2019-02-19, 09:24:18, 23.32, 45.07
2019-02-19, 09:24:19, 23.32, 45.1
2019-02-19, 09:24:21, 23.32, 45.1
2019-02-19, 09:24:22, 23.32, 45.1
2019-02-19, 09:24:23, 23.33, 45.1
2019-02-19, 09:24:25, 23.33, 45.1
2019-02-19, 09:24:26, 23.33, 45.1
2019-02-19, 09:24:28, 23.33, 45.07
2019-02-19, 09:24:29, 23.34, 45.07
2019-02-19, 09:24:30, 23.34, 45.07
2019-02-19, 09:24:32, 23.34, 45.07
2019-02-19, 09:24:33, 23.33, 45.07
2019-02-19, 09:24:34, 23.34, 45.1
2019-02-19, 09:24:36, 23.34, 45.07
2019-02-19, 09:24:37, 23.34, 45.1
2019-02-19, 09:24:38, 23.32, 45.07
2019-02-19, 09:24:40, 23.33, 45.07
2019-02-19, 09:24:41, 23.33, 45.07
2019-02-19, 09:24:42, 23.34, 45.07
2019-02-19, 09:24:44, 23.34, 45.04
2019-02-19, 09:24:45, 23.35, 45.07
2019-02-19, 09:24:46, 23.34, 45.07
2019-02-19, 09:24:48, 23.35, 45.07
2019-02-19, 09:24:49, 23.34, 45.07
2019-02-19, 09:24:51, 23.33, 45.04
2019-02-19, 09:24:52, 23.34, 45.04
2019-02-19, 09:24:53, 23.34, 45.04
2019-02-19, 09:24:55, 23.33, 45.04
2019-02-19, 09:24:56, 23.34, 45.04
2019-02-19, 09:24:57, 23.33, 45.04
2019-02-19, 09:24:59, 23.34, 45.07
2019-02-19, 09:25:00, 23.35, 45.04
2019-02-19, 09:25:01, 23.33, 45.07
2019-02-19, 09:25:03, 23.34, 45.07
2019-02-19, 09:25:04, 23.34, 45.07
2019-02-19, 09:25:05, 23.34, 45.04
2019-02-19, 09:25:07, 23.35, 45.07
2019-02-19, 09:25:08, 23.35, 45.07
2019-02-19, 09:25:09, 23.34, 45.04
2019-02-19, 09:25:11, 23.34, 45.04
2019-02-19, 09:25:12, 23.34, 45.04
2019-02-19, 09:25:14, 23.34, 45.04
2019-02-19, 09:25:15, 23.34, 45.04
2019-02-19, 09:25:16, 23.21, 45.02
2019-02-19, 09:25:18, 23.3, 45.1
2019-02-19, 09:25:19, 23.32, 45.1
2019-02-19, 09:25:20, 23.32, 45.1
2019-02-19, 09:25:22, 23.33, 45.1
2019-02-19, 09:25:23, 23.32, 45.1
2019-02-19, 09:25:24, 23.34, 45.1
2019-02-19, 09:25:26, 23.33, 45.1
2019-02-19, 09:25:27, 23.32, 45.07
2019-02-19, 09:25:28, 23.33, 45.1
2019-02-19, 09:25:30, 23.33, 45.07
2019-02-19, 09:25:31, 23.34, 45.07
2019-02-19, 09:25:33, 23.34, 45.07
2019-02-19, 09:25:34, 23.33, 45.07
2019-02-19, 09:25:35, 23.34, 45.07
2019-02-19, 09:25:37, 23.34, 45.04
2019-02-19, 09:25:38, 23.33, 45.04
2019-02-19, 09:25:39, 23.34, 45.04
2019-02-19, 09:25:41, 23.34, 45.04
2019-02-19, 09:25:42, 23.34, 45.04
2019-02-19, 09:25:43, 23.34, 45.04
2019-02-19, 09:25:45, 23.34, 45.04
2019-02-19, 09:25:46, 23.35, 45.04
2019-02-19, 09:25:47, 23.35, 45.04
2019-02-19, 09:25:49, 23.35, 45.04
2019-02-19, 09:25:50, 23.34, 45.04
2019-02-19, 09:25:51, 23.35, 45.04
2019-02-19, 09:25:53, 23.35, 45.04
2019-02-19, 09:25:54, 23.34, 45.04
2019-02-19, 09:25:56, 23.36, 45.04
2019-02-19, 09:25:57, 23.34, 45.04
2019-02-19, 09:25:58, 23.34, 45.04
2019-02-19, 09:26:00, 23.35, 45.04
2019-02-19, 09:26:01, 23.32, 45.04
2019-02-19, 09:26:02, 23.33, 45.04
2019-02-19, 09:26:04, 23.32, 45.04
2019-02-19, 09:26:05, 23.31, 45.07
2019-02-19, 09:26:06, 23.32, 45.04
2019-02-19, 09:26:08, 23.32, 45.04
2019-02-19, 09:26:09, 23.32, 45.04
2019-02-19, 09:26:10, 23.34, 45.04
2019-02-19, 09:26:12, 23.32, 45.07
2019-02-19, 09:26:13, 23.33, 45.04
2019-02-19, 09:26:15, 23.34, 45.04
2019-02-19, 09:26:16, 23.2, 45.05
2019-02-19, 09:26:17, 23.28, 45.1
2019-02-19, 09:26:19, 23.3, 45.1
2019-02-19, 09:26:20, 23.3, 45.1
2019-02-19, 09:26:21, 23.14, 45.14
2019-02-19, 09:26:23, 23.25, 45.16
2019-02-19, 09:26:24, 23.29, 45.16
2019-02-19, 09:26:25, 23.3, 45.16
2019-02-19, 09:26:27, 23.3, 45.13
2019-02-19, 09:26:28, 23.31, 45.1
2019-02-19, 09:26:29, 23.3, 45.1
2019-02-19, 09:26:31, 23.31, 45.1
2019-02-19, 09:26:32, 23.31, 45.1
2019-02-19, 09:26:33, 23.32, 45.1
2019-02-19, 09:26:35, 23.33, 45.1
2019-02-19, 09:26:36, 23.31, 45.1
2019-02-19, 09:26:38, 23.33, 45.07
2019-02-19, 09:26:39, 23.32, 45.07
2019-02-19, 09:26:40, 23.34, 45.07
2019-02-19, 09:26:42, 23.33, 45.07
2019-02-19, 09:26:43, 23.33, 45.04
2019-02-19, 09:26:44, 23.34, 45.04
2019-02-19, 09:26:46, 23.17, 45.08
2019-02-19, 09:26:47, 23.28, 45.16
2019-02-19, 09:26:48, 23.29, 45.16
2019-02-19, 09:26:50, 23.32, 45.17
2019-02-19, 09:26:51, 23.3, 45.16
2019-02-19, 09:26:52, 23.31, 45.13
2019-02-19, 09:26:54, 23.31, 45.1
2019-02-19, 09:26:55, 23.32, 45.07
2019-02-19, 09:26:56, 23.32, 45.07
2019-02-19, 09:26:58, 23.32, 45.07
2019-02-19, 09:26:59, 23.33, 45.1
2019-02-19, 09:27:01, 23.31, 45.07
2019-02-19, 09:27:02, 23.32, 45.07
2019-02-19, 09:27:03, 23.32, 45.04
2019-02-19, 09:27:05, 23.33, 45.04
2019-02-19, 09:27:06, 23.32, 45.07
2019-02-19, 09:27:07, 23.33, 45.04
2019-02-19, 09:27:09, 23.32, 45.04
2019-02-19, 09:27:10, 23.33, 45.04
2019-02-19, 09:27:11, 23.32, 45.04
2019-02-19, 09:27:13, 23.34, 45.04
2019-02-19, 09:27:14, 23.33, 45.04
2019-02-19, 09:27:15, 23.32, 45.04
2019-02-19, 09:27:17, 23.32, 45.07
2019-02-19, 09:27:18, 23.32, 45.04
2019-02-19, 09:27:20, 23.31, 45.07
2019-02-19, 09:27:21, 23.33, 45.04
2019-02-19, 09:27:22, 23.33, 45.04
2019-02-19, 09:27:24, 23.32, 45.04
2019-02-19, 09:27:25, 23.33, 45.04
2019-02-19, 09:27:26, 23.32, 45.04
2019-02-19, 09:27:28, 23.32, 45.0
2019-02-19, 09:27:29, 23.33, 45.04
2019-02-19, 09:27:30, 23.33, 45.01
2019-02-19, 09:27:32, 23.32, 45.04
2019-02-19, 09:27:33, 23.33, 45.01
2019-02-19, 09:27:34, 23.33, 45.01
2019-02-19, 09:27:36, 23.34, 45.01
2019-02-19, 09:27:37, 23.34, 45.01
2019-02-19, 09:27:38, 23.33, 45.04
2019-02-19, 09:27:40, 23.33, 45.04
2019-02-19, 09:27:41, 23.34, 45.04
2019-02-19, 09:27:43, 23.33, 45.04
2019-02-19, 09:27:44, 23.34, 45.04
2019-02-19, 09:27:45, 23.33, 45.04
2019-02-19, 09:27:47, 23.33, 45.04
2019-02-19, 09:27:48, 23.33, 45.04
2019-02-19, 09:27:49, 23.33, 45.04
2019-02-19, 09:27:51, 23.32, 45.04
2019-02-19, 09:27:52, 23.32, 45.0
2019-02-19, 09:27:53, 23.32, 45.0
2019-02-19, 09:27:55, 23.32, 45.0
2019-02-19, 09:27:56, 23.33, 45.01
2019-02-19, 09:27:57, 23.33, 45.04
2019-02-19, 09:27:59, 23.32, 45.04
2019-02-19, 09:28:00, 23.32, 45.04
2019-02-19, 09:28:02, 23.32, 45.0
2019-02-19, 09:28:03, 23.31, 45.04
2019-02-19, 09:28:04, 23.32, 45.04
2019-02-19, 09:28:06, 23.33, 45.04
2019-02-19, 09:28:07, 23.32, 45.04
2019-02-19, 09:28:08, 23.32, 45.04
2019-02-19, 09:28:10, 23.32, 45.0
2019-02-19, 09:28:11, 23.33, 45.04
2019-02-19, 09:28:12, 23.32, 45.04
2019-02-19, 09:28:14, 23.31, 45.0
2019-02-19, 09:28:15, 23.32, 45.04
2019-02-19, 09:28:16, 23.32, 45.0
2019-02-19, 09:28:18, 23.34, 45.01
2019-02-19, 09:28:19, 23.33, 45.01
2019-02-19, 09:28:21, 23.31, 45.0
2019-02-19, 09:28:22, 23.32, 45.04
2019-02-19, 09:28:23, 23.32, 45.04
2019-02-19, 09:28:25, 23.32, 45.04
2019-02-19, 09:28:26, 23.33, 45.01
2019-02-19, 09:28:27, 23.33, 45.01
2019-02-19, 09:28:29, 23.32, 44.97
2019-02-19, 09:28:30, 23.33, 44.97
2019-02-19, 09:28:31, 23.32, 45.0
2019-02-19, 09:28:33, 23.34, 45.01
2019-02-19, 09:28:34, 23.34, 45.01
2019-02-19, 09:28:35, 23.32, 45.0
2019-02-19, 09:28:37, 23.32, 45.04
2019-02-19, 09:28:38, 23.32, 45.04
2019-02-19, 09:28:40, 23.33, 45.04
2019-02-19, 09:28:41, 23.33, 45.04
2019-02-19, 09:28:42, 23.34, 45.04
2019-02-19, 09:28:44, 23.31, 45.04
2019-02-19, 09:28:45, 23.34, 45.04
2019-02-19, 09:28:46, 23.34, 45.04
2019-02-19, 09:28:48, 23.34, 45.04
2019-02-19, 09:28:49, 23.33, 45.04
2019-02-19, 09:28:50, 23.34, 45.04
2019-02-19, 09:28:52, 23.33, 45.01
2019-02-19, 09:28:53, 23.34, 45.01
2019-02-19, 09:28:54, 23.33, 44.97
2019-02-19, 09:28:56, 23.33, 45.01
2019-02-19, 09:28:57, 23.32, 45.0
2019-02-19, 09:28:59, 23.34, 45.04
2019-02-19, 09:29:00, 23.34, 45.01
2019-02-19, 09:29:01, 23.33, 45.04
2019-02-19, 09:29:03, 23.34, 45.01
2019-02-19, 09:29:04, 23.34, 45.01
2019-02-19, 09:29:05, 23.33, 45.01
2019-02-19, 09:29:07, 23.34, 45.04
2019-02-19, 09:29:08, 23.35, 45.01
2019-02-19, 09:29:09, 23.35, 45.01
2019-02-19, 09:29:11, 23.34, 44.97
2019-02-19, 09:29:12, 23.33, 45.01
2019-02-19, 09:29:13, 23.34, 45.01
2019-02-19, 09:29:15, 23.35, 45.01
2019-02-19, 09:29:16, 23.33, 45.01
2019-02-19, 09:29:18, 23.34, 45.01
2019-02-19, 09:29:19, 23.35, 45.04
2019-02-19, 09:29:20, 23.35, 45.01
2019-02-19, 09:29:22, 23.34, 45.01
2019-02-19, 09:29:23, 23.35, 44.98
2019-02-19, 09:29:24, 23.34, 44.97
2019-02-19, 09:29:26, 23.34, 44.97
2019-02-19, 09:29:27, 23.34, 44.97
2019-02-19, 09:29:28, 23.34, 44.97
2019-02-19, 09:29:30, 23.34, 44.97
2019-02-19, 09:29:31, 23.34, 44.94
2019-02-19, 09:29:32, 23.34, 44.97
2019-02-19, 09:29:34, 23.34, 44.97
2019-02-19, 09:29:35, 23.34, 44.97
2019-02-19, 09:29:37, 23.33, 44.94
2019-02-19, 09:29:38, 23.35, 44.98
2019-02-19, 09:29:39, 23.35, 44.98
2019-02-19, 09:29:41, 23.34, 44.97
2019-02-19, 09:29:42, 23.35, 44.98
2019-02-19, 09:29:43, 23.34, 44.94
2019-02-19, 09:29:45, 23.33, 44.97
2019-02-19, 09:29:46, 23.34, 44.94
2019-02-19, 09:29:47, 23.34, 44.94
2019-02-19, 09:29:49, 23.34, 44.97
2019-02-19, 09:29:50, 23.34, 44.97
2019-02-19, 09:29:51, 23.33, 44.94
2019-02-19, 09:29:53, 23.33, 44.94
2019-02-19, 09:29:54, 23.33, 44.97
2019-02-19, 09:29:56, 23.34, 44.97
2019-02-19, 09:29:57, 23.34, 44.97
2019-02-19, 09:29:58, 23.34, 44.97
2019-02-19, 09:30:00, 23.34, 44.97
2019-02-19, 09:30:01, 23.34, 44.97
2019-02-19, 09:30:02, 23.33, 44.97
2019-02-19, 09:30:04, 23.33, 44.97
2019-02-19, 09:30:05, 23.34, 44.97
2019-02-19, 09:30:06, 23.33, 44.97
2019-02-19, 09:30:08, 23.34, 44.97
2019-02-19, 09:30:09, 23.34, 44.97
2019-02-19, 09:30:10, 23.34, 44.97
2019-02-19, 09:30:12, 23.32, 44.97
2019-02-19, 09:30:13, 23.34, 44.97
2019-02-19, 09:30:15, 23.35, 44.98
2019-02-19, 09:30:16, 23.33, 44.97
2019-02-19, 09:30:17, 23.33, 44.97
2019-02-19, 09:30:19, 23.34, 44.97
2019-02-19, 09:30:20, 23.34, 44.97
2019-02-19, 09:30:21, 23.33, 44.97
2019-02-19, 09:30:23, 23.34, 44.97
2019-02-19, 09:30:24, 23.34, 44.97
2019-02-19, 09:30:25, 23.35, 44.98
2019-02-19, 09:30:27, 23.31, 44.97
2019-02-19, 09:30:28, 23.34, 44.97
2019-02-19, 09:30:29, 23.34, 44.97
2019-02-19, 09:30:31, 23.34, 44.97
2019-02-19, 09:30:32, 23.34, 44.97
2019-02-19, 09:30:34, 23.34, 44.97
2019-02-19, 09:30:35, 23.34, 44.97
2019-02-19, 09:30:36, 23.34, 44.97
2019-02-19, 09:30:38, 23.34, 44.97
2019-02-19, 09:30:39, 23.34, 44.97
2019-02-19, 09:30:40, 23.35, 44.94
2019-02-19, 09:30:42, 23.35, 44.98
2019-02-19, 09:30:43, 23.18, 44.99
2019-02-19, 09:30:44, 23.29, 45.03
2019-02-19, 09:30:46, 23.32, 45.04
2019-02-19, 09:30:47, 23.32, 45.04
2019-02-19, 09:30:48, 23.32, 45.04
2019-02-19, 09:30:50, 23.34, 45.01
2019-02-19, 09:30:51, 23.33, 45.01
2019-02-19, 09:30:52, 23.33, 44.97
2019-02-19, 09:30:54, 23.33, 44.97
2019-02-19, 09:30:55, 23.34, 44.97
2019-02-19, 09:30:57, 23.34, 44.97
2019-02-19, 09:30:58, 23.34, 44.97
2019-02-19, 09:30:59, 23.33, 44.97
2019-02-19, 09:31:01, 23.33, 44.97
2019-02-19, 09:31:02, 23.35, 44.94
2019-02-19, 09:31:03, 23.35, 44.98
2019-02-19, 09:31:05, 23.34, 44.91
2019-02-19, 09:31:06, 23.34, 44.94
2019-02-19, 09:31:07, 23.35, 44.94
2019-02-19, 09:31:09, 23.35, 44.91
2019-02-19, 09:31:10, 23.34, 44.91
2019-02-19, 09:31:11, 23.33, 44.91
2019-02-19, 09:31:13, 23.33, 44.94
2019-02-19, 09:31:14, 23.34, 44.91
2019-02-19, 09:31:16, 23.34, 44.91
2019-02-19, 09:31:17, 23.36, 44.94
2019-02-19, 09:31:18, 23.35, 44.91
2019-02-19, 09:31:20, 23.35, 44.94
2019-02-19, 09:31:21, 23.34, 44.94
2019-02-19, 09:31:22, 23.36, 44.94
2019-02-19, 09:31:24, 23.36, 44.91
2019-02-19, 09:31:25, 23.36, 44.91
2019-02-19, 09:31:26, 23.36, 44.91
2019-02-19, 09:31:28, 23.35, 44.91
2019-02-19, 09:31:29, 23.35, 44.91
2019-02-19, 09:31:30, 23.36, 44.91
2019-02-19, 09:31:32, 23.37, 44.91
2019-02-19, 09:31:33, 23.35, 44.91
2019-02-19, 09:31:34, 23.37, 44.91
2019-02-19, 09:31:36, 23.35, 44.91
2019-02-19, 09:31:37, 23.36, 44.91
2019-02-19, 09:31:39, 23.35, 44.94
2019-02-19, 09:31:40, 23.36, 44.94
2019-02-19, 09:31:41, 23.36, 44.91
2019-02-19, 09:31:43, 23.36, 44.94
2019-02-19, 09:31:44, 23.37, 44.95
2019-02-19, 09:31:45, 23.36, 44.94
2019-02-19, 09:31:47, 23.36, 44.91
2019-02-19, 09:31:48, 23.35, 44.94
2019-02-19, 09:31:49, 23.36, 44.94
2019-02-19, 09:31:51, 23.37, 44.91
2019-02-19, 09:31:52, 23.37, 44.91
2019-02-19, 09:31:53, 23.37, 44.95
2019-02-19, 09:31:55, 23.37, 44.91
2019-02-19, 09:31:56, 23.38, 44.92
2019-02-19, 09:31:57, 23.38, 44.95
2019-02-19, 09:31:59, 23.38, 44.92
2019-02-19, 09:32:00, 23.38, 44.95
2019-02-19, 09:32:02, 23.37, 44.91
2019-02-19, 09:32:03, 23.38, 44.95
2019-02-19, 09:32:04, 23.36, 44.94
2019-02-19, 09:32:06, 23.37, 44.95
2019-02-19, 09:32:07, 23.37, 44.95
2019-02-19, 09:32:08, 23.36, 44.94
2019-02-19, 09:32:10, 23.36, 44.94
2019-02-19, 09:32:11, 23.37, 44.95
2019-02-19, 09:32:12, 23.38, 44.95
2019-02-19, 09:32:14, 23.38, 44.95
2019-02-19, 09:32:15, 23.37, 44.91
2019-02-19, 09:32:16, 23.36, 44.94
2019-02-19, 09:32:18, 23.36, 44.91
2019-02-19, 09:32:19, 23.37, 44.91
2019-02-19, 09:32:20, 23.37, 44.91
2019-02-19, 09:32:22, 23.37, 44.91
2019-02-19, 09:32:23, 23.38, 44.92
2019-02-19, 09:32:25, 23.37, 44.91
2019-02-19, 09:32:26, 23.39, 44.92
2019-02-19, 09:32:27, 23.38, 44.92
2019-02-19, 09:32:29, 23.37, 44.91
2019-02-19, 09:32:30, 23.37, 44.88
2019-02-19, 09:32:31, 23.38, 44.88
2019-02-19, 09:32:33, 23.37, 44.91
2019-02-19, 09:32:34, 23.37, 44.91
2019-02-19, 09:32:35, 23.36, 44.91
2019-02-19, 09:32:37, 23.38, 44.92
2019-02-19, 09:32:38, 23.38, 44.92
2019-02-19, 09:32:39, 23.37, 44.88
2019-02-19, 09:32:41, 23.38, 44.88
2019-02-19, 09:32:42, 23.37, 44.91
2019-02-19, 09:32:43, 23.36, 44.88
2019-02-19, 09:32:45, 23.37, 44.91
2019-02-19, 09:32:46, 23.36, 44.88
2019-02-19, 09:32:48, 23.36, 44.88
2019-02-19, 09:32:49, 23.36, 44.88
2019-02-19, 09:32:50, 23.36, 44.91
2019-02-19, 09:32:52, 23.37, 44.88
2019-02-19, 09:32:53, 23.36, 44.88
2019-02-19, 09:32:54, 23.38, 44.88
2019-02-19, 09:32:56, 23.38, 44.88
2019-02-19, 09:32:57, 23.38, 44.88
2019-02-19, 09:32:58, 23.39, 44.88
2019-02-19, 09:33:00, 23.38, 44.85
2019-02-19, 09:33:01, 23.38, 44.88
2019-02-19, 09:33:02, 23.38, 44.88
2019-02-19, 09:33:04, 23.38, 44.92
2019-02-19, 09:33:05, 23.37, 44.88
2019-02-19, 09:33:06, 23.38, 44.92
2019-02-19, 09:33:08, 23.38, 44.88
2019-02-19, 09:33:09, 23.38, 44.88
2019-02-19, 09:33:11, 23.37, 44.88
2019-02-19, 09:33:12, 23.38, 44.85
2019-02-19, 09:33:13, 23.37, 44.88
2019-02-19, 09:33:15, 23.38, 44.88
2019-02-19, 09:33:16, 23.3, 44.91
2019-02-19, 09:33:17, 23.36, 44.88
2019-02-19, 09:33:19, 23.36, 44.91
2019-02-19, 09:33:20, 23.36, 44.88
2019-02-19, 09:33:21, 23.37, 44.88
2019-02-19, 09:33:23, 23.38, 44.88
2019-02-19, 09:33:24, 23.38, 44.92
2019-02-19, 09:33:25, 23.38, 44.88
2019-02-19, 09:33:27, 23.38, 44.92
2019-02-19, 09:33:28, 23.38, 44.88
2019-02-19, 09:33:29, 23.38, 44.88
2019-02-19, 09:33:31, 23.37, 44.88
2019-02-19, 09:33:32, 23.39, 44.88
2019-02-19, 09:33:34, 23.38, 44.88
2019-02-19, 09:33:35, 23.39, 44.85
2019-02-19, 09:33:36, 23.38, 44.85
2019-02-19, 09:33:38, 23.37, 44.88
2019-02-19, 09:33:39, 23.38, 44.88
2019-02-19, 09:33:40, 23.3, 44.87
2019-02-19, 09:33:42, 23.36, 44.91
2019-02-19, 09:33:43, 23.37, 44.88
2019-02-19, 09:33:44, 23.37, 44.91
2019-02-19, 09:33:46, 23.39, 44.88
2019-02-19, 09:33:47, 23.38, 44.88
2019-02-19, 09:33:48, 23.38, 44.88
2019-02-19, 09:33:50, 23.38, 44.88
2019-02-19, 09:33:51, 23.38, 44.85
2019-02-19, 09:33:52, 23.37, 44.85
2019-02-19, 09:33:54, 23.38, 44.88
2019-02-19, 09:33:55, 23.38, 44.85
2019-02-19, 09:33:57, 23.38, 44.85
2019-02-19, 09:33:58, 23.37, 44.85
2019-02-19, 09:33:59, 23.37, 44.85
2019-02-19, 09:34:01, 23.38, 44.85
2019-02-19, 09:34:02, 23.38, 44.85
2019-02-19, 09:34:03, 23.37, 44.85
2019-02-19, 09:34:05, 23.38, 44.85
2019-02-19, 09:34:06, 23.38, 44.85
2019-02-19, 09:34:07, 23.38, 44.85
2019-02-19, 09:34:09, 23.38, 44.82
2019-02-19, 09:34:10, 23.37, 44.82
2019-02-19, 09:34:11, 23.38, 44.85
2019-02-19, 09:34:13, 23.37, 44.82
2019-02-19, 09:34:14, 23.38, 44.85
2019-02-19, 09:34:16, 23.38, 44.85
2019-02-19, 09:34:17, 23.39, 44.82
2019-02-19, 09:34:18, 23.38, 44.82
2019-02-19, 09:34:20, 23.38, 44.82
2019-02-19, 09:34:21, 23.39, 44.82
2019-02-19, 09:34:22, 23.38, 44.79
2019-02-19, 09:34:24, 23.38, 44.82
2019-02-19, 09:34:25, 23.37, 44.82
2019-02-19, 09:34:26, 23.38, 44.82
2019-02-19, 09:34:28, 23.38, 44.85
2019-02-19, 09:34:29, 23.38, 44.85
2019-02-19, 09:34:30, 23.38, 44.85
2019-02-19, 09:34:32, 23.38, 44.85
2019-02-19, 09:34:33, 23.38, 44.85
2019-02-19, 09:34:34, 23.38, 44.85
2019-02-19, 09:34:36, 23.38, 44.85
2019-02-19, 09:34:37, 23.39, 44.85
2019-02-19, 09:34:39, 23.39, 44.82
2019-02-19, 09:34:40, 23.28, 44.84
2019-02-19, 09:34:41, 23.35, 44.91
2019-02-19, 09:34:43, 23.38, 44.88
2019-02-19, 09:34:44, 23.37, 44.85
2019-02-19, 09:34:45, 23.38, 44.85
2019-02-19, 09:34:47, 23.36, 44.85
2019-02-19, 09:34:48, 23.38, 44.85
2019-02-19, 09:34:49, 23.38, 44.88
2019-02-19, 09:34:51, 23.37, 44.85
2019-02-19, 09:34:52, 23.38, 44.88
2019-02-19, 09:34:53, 23.37, 44.88
2019-02-19, 09:34:55, 23.38, 44.88
2019-02-19, 09:34:56, 23.38, 44.88
2019-02-19, 09:34:58, 23.36, 44.85
2019-02-19, 09:34:59, 23.4, 44.89
2019-02-19, 09:35:00, 23.38, 44.85
2019-02-19, 09:35:02, 23.39, 44.85
2019-02-19, 09:35:03, 23.39, 44.85
2019-02-19, 09:35:04, 23.38, 44.85
2019-02-19, 09:35:06, 23.39, 44.85
2019-02-19, 09:35:07, 23.4, 44.85
2019-02-19, 09:35:08, 23.38, 44.85
2019-02-19, 09:35:10, 23.39, 44.85
2019-02-19, 09:35:11, 23.38, 44.85
2019-02-19, 09:35:12, 23.39, 44.85
2019-02-19, 09:35:14, 23.39, 44.85
2019-02-19, 09:35:15, 23.39, 44.85
2019-02-19, 09:35:17, 23.4, 44.85
2019-02-19, 09:35:18, 23.39, 44.85
2019-02-19, 09:35:19, 23.39, 44.85
2019-02-19, 09:35:21, 23.4, 44.82
2019-02-19, 09:35:22, 23.39, 44.85
2019-02-19, 09:35:23, 23.39, 44.82
2019-02-19, 09:35:25, 23.38, 44.82
2019-02-19, 09:35:26, 23.4, 44.85
2019-02-19, 09:35:27, 23.4, 44.82
2019-02-19, 09:35:29, 23.41, 44.82
2019-02-19, 09:35:30, 23.4, 44.79
2019-02-19, 09:35:31, 23.4, 44.82
2019-02-19, 09:35:33, 23.39, 44.79
2019-02-19, 09:35:34, 23.41, 44.82
2019-02-19, 09:35:35, 23.4, 44.79
2019-02-19, 09:35:37, 23.41, 44.79
2019-02-19, 09:35:38, 23.4, 44.79
2019-02-19, 09:35:40, 23.41, 44.79
2019-02-19, 09:35:41, 23.4, 44.79
2019-02-19, 09:35:42, 23.4, 44.79
2019-02-19, 09:35:44, 23.39, 44.79
2019-02-19, 09:35:45, 23.4, 44.79
2019-02-19, 09:35:46, 23.41, 44.79
2019-02-19, 09:35:48, 23.4, 44.79
2019-02-19, 09:35:49, 23.41, 44.79
2019-02-19, 09:35:50, 23.4, 44.79
2019-02-19, 09:35:52, 23.4, 44.79
2019-02-19, 09:35:53, 23.4, 44.79
2019-02-19, 09:35:54, 23.41, 44.79
2019-02-19, 09:35:56, 23.41, 44.79
2019-02-19, 09:35:57, 23.41, 44.79
2019-02-19, 09:35:59, 23.4, 44.79
2019-02-19, 09:36:00, 23.42, 44.79
2019-02-19, 09:36:01, 23.42, 44.82
2019-02-19, 09:36:03, 23.4, 44.79
2019-02-19, 09:36:04, 23.42, 44.79
2019-02-19, 09:36:05, 23.42, 44.79
2019-02-19, 09:36:07, 23.41, 44.79
2019-02-19, 09:36:08, 23.4, 44.76
2019-02-19, 09:36:09, 23.41, 44.76
2019-02-19, 09:36:11, 23.41, 44.79
2019-02-19, 09:36:12, 23.41, 44.79
2019-02-19, 09:36:13, 23.4, 44.79
2019-02-19, 09:36:15, 23.41, 44.79
2019-02-19, 09:36:16, 23.43, 44.79
2019-02-19, 09:36:17, 23.42, 44.76
2019-02-19, 09:36:19, 23.41, 44.76
2019-02-19, 09:36:20, 23.41, 44.79
2019-02-19, 09:36:22, 23.41, 44.76
2019-02-19, 09:36:23, 23.4, 44.72
2019-02-19, 09:36:24, 23.42, 44.73
2019-02-19, 09:36:26, 23.42, 44.73
2019-02-19, 09:36:27, 23.42, 44.73
2019-02-19, 09:36:28, 23.41, 44.73
2019-02-19, 09:36:30, 23.4, 44.72
2019-02-19, 09:36:31, 23.43, 44.73
2019-02-19, 09:36:32, 23.42, 44.79
2019-02-19, 09:36:34, 23.43, 44.76
2019-02-19, 09:36:35, 23.38, 44.79
2019-02-19, 09:36:37, 23.42, 44.79
2019-02-19, 09:36:38, 23.42, 44.79
2019-02-19, 09:36:39, 23.42, 44.79
2019-02-19, 09:36:41, 23.43, 44.76
2019-02-19, 09:36:42, 23.42, 44.79
2019-02-19, 09:36:43, 23.42, 44.76
2019-02-19, 09:36:45, 23.42, 44.76
2019-02-19, 09:36:46, 23.4, 44.72
2019-02-19, 09:36:47, 23.41, 44.76
2019-02-19, 09:36:49, 23.42, 44.79
2019-02-19, 09:36:50, 23.41, 44.79
2019-02-19, 09:36:51, 23.41, 44.79
2019-02-19, 09:36:53, 23.41, 44.73
2019-02-19, 09:36:54, 23.4, 44.72
2019-02-19, 09:36:55, 23.41, 44.73
2019-02-19, 09:36:57, 23.41, 44.73
2019-02-19, 09:36:58, 23.4, 44.72
2019-02-19, 09:37:00, 23.42, 44.76
2019-02-19, 09:37:01, 23.41, 44.76
2019-02-19, 09:37:02, 23.42, 44.73
2019-02-19, 09:37:04, 23.42, 44.73
2019-02-19, 09:37:05, 23.42, 44.76
2019-02-19, 09:37:06, 23.44, 44.73
2019-02-19, 09:37:08, 23.41, 44.76
2019-02-19, 09:37:09, 23.42, 44.79
2019-02-19, 09:37:10, 23.42, 44.76
2019-02-19, 09:37:12, 23.41, 44.79
2019-02-19, 09:37:13, 23.43, 44.79
2019-02-19, 09:37:14, 23.42, 44.76
2019-02-19, 09:37:16, 23.41, 44.79
2019-02-19, 09:37:17, 23.42, 44.76
2019-02-19, 09:37:18, 23.42, 44.76
2019-02-19, 09:37:20, 23.44, 44.76
2019-02-19, 09:37:21, 23.43, 44.76
2019-02-19, 09:37:23, 23.43, 44.76
2019-02-19, 09:37:24, 23.44, 44.76
2019-02-19, 09:37:25, 23.44, 44.79
2019-02-19, 09:37:27, 23.43, 44.76
2019-02-19, 09:37:28, 23.45, 44.76
2019-02-19, 09:37:29, 23.42, 44.79
2019-02-19, 09:37:31, 23.44, 44.76
2019-02-19, 09:37:32, 23.42, 44.73
2019-02-19, 09:37:33, 23.43, 44.73
2019-02-19, 09:37:35, 23.43, 44.76
2019-02-19, 09:37:36, 23.44, 44.73
2019-02-19, 09:37:37, 23.44, 44.76
2019-02-19, 09:37:39, 23.45, 44.73
2019-02-19, 09:37:40, 23.44, 44.76
2019-02-19, 09:37:41, 23.43, 44.73
2019-02-19, 09:37:43, 23.43, 44.76
2019-02-19, 09:37:44, 23.42, 44.73
2019-02-19, 09:37:46, 23.43, 44.73
2019-02-19, 09:37:47, 23.43, 44.76
2019-02-19, 09:37:48, 23.44, 44.76
2019-02-19, 09:37:50, 23.43, 44.73
2019-02-19, 09:37:51, 23.44, 44.76
2019-02-19, 09:37:52, 23.44, 44.73
2019-02-19, 09:37:54, 23.44, 44.73
2019-02-19, 09:37:55, 23.43, 44.73
2019-02-19, 09:37:56, 23.44, 44.73
2019-02-19, 09:37:58, 23.45, 44.73
2019-02-19, 09:37:59, 23.44, 44.7
2019-02-19, 09:38:00, 23.44, 44.73
2019-02-19, 09:38:02, 23.43, 44.7
2019-02-19, 09:38:03, 23.44, 44.7
2019-02-19, 09:38:04, 23.43, 44.66
2019-02-19, 09:38:06, 23.43, 44.66
2019-02-19, 09:38:07, 23.43, 44.66
2019-02-19, 09:38:09, 23.44, 44.66
2019-02-19, 09:38:10, 23.44, 44.66
2019-02-19, 09:38:11, 23.44, 44.66
2019-02-19, 09:38:13, 23.38, 44.66
2019-02-19, 09:38:14, 23.42, 44.69
2019-02-19, 09:38:15, 23.44, 44.66
2019-02-19, 09:38:17, 23.42, 44.69
2019-02-19, 09:38:18, 23.42, 44.66
2019-02-19, 09:38:19, 23.44, 44.7
2019-02-19, 09:38:21, 23.43, 44.7
2019-02-19, 09:38:22, 23.43, 44.7
2019-02-19, 09:38:23, 23.42, 44.69
2019-02-19, 09:38:25, 23.44, 44.7
2019-02-19, 09:38:26, 23.42, 44.69
2019-02-19, 09:38:28, 23.44, 44.7
2019-02-19, 09:38:29, 23.44, 44.7
2019-02-19, 09:38:30, 23.43, 44.7
2019-02-19, 09:38:32, 23.44, 44.7
2019-02-19, 09:38:33, 23.43, 44.7
2019-02-19, 09:38:34, 23.44, 44.66
2019-02-19, 09:38:36, 23.44, 44.66
2019-02-19, 09:38:37, 23.44, 44.66
2019-02-19, 09:38:38, 23.44, 44.66
2019-02-19, 09:38:40, 23.43, 44.66
2019-02-19, 09:38:41, 23.42, 44.66
2019-02-19, 09:38:42, 23.41, 44.66
2019-02-19, 09:38:44, 23.42, 44.69
2019-02-19, 09:38:45, 23.42, 44.66
2019-02-19, 09:38:47, 23.42, 44.69
2019-02-19, 09:38:48, 23.42, 44.69
2019-02-19, 09:38:49, 23.43, 44.73
2019-02-19, 09:38:51, 23.42, 44.69
2019-02-19, 09:38:52, 23.43, 44.7
2019-02-19, 09:38:53, 23.43, 44.73
2019-02-19, 09:38:55, 23.43, 44.7
2019-02-19, 09:38:56, 23.44, 44.66
2019-02-19, 09:38:57, 23.44, 44.66
2019-02-19, 09:38:59, 23.44, 44.66
2019-02-19, 09:39:00, 23.43, 44.66
2019-02-19, 09:39:01, 23.44, 44.66
2019-02-19, 09:39:03, 23.44, 44.66
2019-02-19, 09:39:04, 23.44, 44.66
2019-02-19, 09:39:05, 23.44, 44.66
2019-02-19, 09:39:07, 23.44, 44.7
2019-02-19, 09:39:08, 23.44, 44.66
2019-02-19, 09:39:10, 23.42, 44.66
2019-02-19, 09:39:11, 23.43, 44.66
2019-02-19, 09:39:12, 23.43, 44.7
2019-02-19, 09:39:14, 23.44, 44.66
2019-02-19, 09:39:15, 23.43, 44.66
2019-02-19, 09:39:16, 23.43, 44.66
2019-02-19, 09:39:18, 23.44, 44.66
2019-02-19, 09:39:19, 23.43, 44.66
2019-02-19, 09:39:20, 23.43, 44.66
2019-02-19, 09:39:22, 23.44, 44.66
2019-02-19, 09:39:23, 23.43, 44.66
2019-02-19, 09:39:24, 23.43, 44.66
2019-02-19, 09:39:26, 23.43, 44.66
2019-02-19, 09:39:27, 23.43, 44.66
2019-02-19, 09:39:28, 23.44, 44.66
2019-02-19, 09:39:30, 23.43, 44.66
2019-02-19, 09:39:31, 23.44, 44.66
2019-02-19, 09:39:33, 23.43, 44.66
2019-02-19, 09:39:34, 23.44, 44.7
2019-02-19, 09:39:35, 23.44, 44.7
2019-02-19, 09:39:37, 23.34, 44.72
2019-02-19, 09:39:38, 23.41, 44.73
2019-02-19, 09:39:39, 23.42, 44.73
2019-02-19, 09:39:41, 23.41, 44.73
2019-02-19, 09:39:42, 23.42, 44.73
2019-02-19, 09:39:43, 23.42, 44.73
2019-02-19, 09:39:45, 23.42, 44.73
2019-02-19, 09:39:46, 23.44, 44.73
2019-02-19, 09:39:47, 23.43, 44.73
2019-02-19, 09:39:49, 23.43, 44.73
2019-02-19, 09:39:50, 23.43, 44.7
2019-02-19, 09:39:52, 23.42, 44.69
2019-02-19, 09:39:53, 23.42, 44.69
2019-02-19, 09:39:54, 23.42, 44.73
2019-02-19, 09:39:56, 23.42, 44.69
2019-02-19, 09:39:57, 23.42, 44.69
2019-02-19, 09:39:58, 23.42, 44.69
2019-02-19, 09:40:00, 23.42, 44.66
2019-02-19, 09:40:01, 23.44, 44.7
2019-02-19, 09:40:02, 23.43, 44.7
2019-02-19, 09:40:04, 23.44, 44.66
2019-02-19, 09:40:05, 23.42, 44.66
2019-02-19, 09:40:06, 23.43, 44.66
2019-02-19, 09:40:08, 23.44, 44.7
2019-02-19, 09:40:09, 23.44, 44.66
2019-02-19, 09:40:10, 23.44, 44.66
2019-02-19, 09:40:12, 23.44, 44.66
2019-02-19, 09:40:13, 23.43, 44.66
2019-02-19, 09:40:15, 23.43, 44.66
2019-02-19, 09:40:16, 23.42, 44.66
2019-02-19, 09:40:17, 23.45, 44.67
2019-02-19, 09:40:19, 23.44, 44.66
2019-02-19, 09:40:20, 23.44, 44.66
2019-02-19, 09:40:21, 23.44, 44.7
2019-02-19, 09:40:23, 23.44, 44.7
2019-02-19, 09:40:24, 23.44, 44.66
2019-02-19, 09:40:25, 23.44, 44.7
2019-02-19, 09:40:27, 23.42, 44.69
2019-02-19, 09:40:28, 23.43, 44.7
2019-02-19, 09:40:29, 23.44, 44.7
2019-02-19, 09:40:31, 23.42, 44.73
2019-02-19, 09:40:32, 23.43, 44.7
2019-02-19, 09:40:33, 23.43, 44.7
2019-02-19, 09:40:35, 23.44, 44.66
2019-02-19, 09:40:36, 23.42, 44.69
2019-02-19, 09:40:38, 23.44, 44.7
2019-02-19, 09:40:39, 23.42, 44.69
2019-02-19, 09:40:40, 23.42, 44.69
2019-02-19, 09:40:42, 23.27, 44.71
2019-02-19, 09:40:43, 23.37, 44.78
2019-02-19, 09:40:44, 23.4, 44.79
2019-02-19, 09:40:46, 23.4, 44.79
2019-02-19, 09:40:47, 23.39, 44.76
2019-02-19, 09:40:48, 23.41, 44.76
2019-02-19, 09:40:50, 23.41, 44.76
2019-02-19, 09:40:51, 23.42, 44.73
2019-02-19, 09:40:52, 23.42, 44.73
2019-02-19, 09:40:54, 23.42, 44.69
2019-02-19, 09:40:55, 23.42, 44.73
2019-02-19, 09:40:57, 23.42, 44.69
2019-02-19, 09:40:58, 23.4, 44.66
2019-02-19, 09:40:59, 23.42, 44.66
2019-02-19, 09:41:01, 23.41, 44.66
2019-02-19, 09:41:02, 23.4, 44.69
2019-02-19, 09:41:03, 23.41, 44.69
2019-02-19, 09:41:05, 23.4, 44.69
2019-02-19, 09:41:06, 23.26, 44.71
2019-02-19, 09:41:07, 23.37, 44.75
2019-02-19, 09:41:09, 23.38, 44.79
2019-02-19, 09:41:10, 23.39, 44.79
2019-02-19, 09:41:11, 23.4, 44.76
2019-02-19, 09:41:13, 23.4, 44.76
2019-02-19, 09:41:14, 23.4, 44.76
2019-02-19, 09:41:15, 23.4, 44.72
2019-02-19, 09:41:17, 23.41, 44.73
2019-02-19, 09:41:18, 23.4, 44.72
2019-02-19, 09:41:20, 23.4, 44.76
2019-02-19, 09:41:21, 23.42, 44.73
2019-02-19, 09:41:22, 23.4, 44.76
2019-02-19, 09:41:24, 23.4, 44.72
2019-02-19, 09:41:25, 23.39, 44.76
2019-02-19, 09:41:26, 23.4, 44.72
2019-02-19, 09:41:28, 23.41, 44.73
2019-02-19, 09:41:29, 23.41, 44.73
2019-02-19, 09:41:30, 23.42, 44.73
2019-02-19, 09:41:32, 23.41, 44.73
2019-02-19, 09:41:33, 23.4, 44.72
2019-02-19, 09:41:34, 23.42, 44.73
2019-02-19, 09:41:36, 23.25, 44.74
2019-02-19, 09:41:37, 23.36, 44.78
2019-02-19, 09:41:38, 23.36, 44.78
2019-02-19, 09:41:40, 23.38, 44.79
2019-02-19, 09:41:41, 23.4, 44.79
2019-02-19, 09:41:43, 23.4, 44.79
2019-02-19, 09:41:44, 23.38, 44.79
2019-02-19, 09:41:45, 23.39, 44.76
2019-02-19, 09:41:47, 23.39, 44.79
2019-02-19, 09:41:48, 23.4, 44.76
2019-02-19, 09:41:49, 23.4, 44.79
2019-02-19, 09:41:51, 23.4, 44.79
2019-02-19, 09:41:52, 23.39, 44.79
2019-02-19, 09:41:53, 23.4, 44.79
2019-02-19, 09:41:55, 23.4, 44.79
2019-02-19, 09:41:56, 23.4, 44.76
2019-02-19, 09:41:57, 23.39, 44.76
2019-02-19, 09:41:59, 23.4, 44.72
2019-02-19, 09:42:00, 23.4, 44.76
2019-02-19, 09:42:02, 23.4, 44.72
2019-02-19, 09:42:03, 23.39, 44.72
2019-02-19, 09:42:04, 23.39, 44.76
2019-02-19, 09:42:06, 23.39, 44.72
2019-02-19, 09:42:07, 23.4, 44.76
2019-02-19, 09:42:08, 23.41, 44.76
2019-02-19, 09:42:10, 23.39, 44.76
2019-02-19, 09:42:11, 23.39, 44.76
2019-02-19, 09:42:12, 23.4, 44.76
2019-02-19, 09:42:14, 23.4, 44.72
2019-02-19, 09:42:15, 23.4, 44.72
2019-02-19, 09:42:16, 23.4, 44.72
2019-02-19, 09:42:18, 23.39, 44.76
2019-02-19, 09:42:19, 23.4, 44.72
2019-02-19, 09:42:21, 23.4, 44.72
2019-02-19, 09:42:22, 23.39, 44.72
2019-02-19, 09:42:23, 23.39, 44.72
2019-02-19, 09:42:25, 23.34, 44.72
2019-02-19, 09:42:26, 23.39, 44.72
2019-02-19, 09:42:27, 23.39, 44.72
2019-02-19, 09:42:29, 23.38, 44.72
2019-02-19, 09:42:30, 23.4, 44.76
2019-02-19, 09:42:32, 23.39, 44.72
2019-02-19, 09:42:33, 23.39, 44.72
2019-02-19, 09:42:34, 23.37, 44.72
2019-02-19, 09:42:36, 23.4, 44.76
2019-02-19, 09:42:37, 23.39, 44.72
2019-02-19, 09:42:38, 23.39, 44.79
2019-02-19, 09:42:40, 23.39, 44.76
2019-02-19, 09:42:41, 23.4, 44.79
2019-02-19, 09:42:42, 23.4, 44.79
2019-02-19, 09:42:44, 23.39, 44.79
2019-02-19, 09:42:45, 23.39, 44.79
2019-02-19, 09:42:46, 23.39, 44.76
2019-02-19, 09:42:48, 23.39, 44.79
2019-02-19, 09:42:49, 23.39, 44.79
2019-02-19, 09:42:50, 23.38, 44.79
2019-02-19, 09:42:52, 23.37, 44.78
2019-02-19, 09:42:53, 23.39, 44.76
2019-02-19, 09:42:55, 23.4, 44.72
2019-02-19, 09:42:56, 23.4, 44.76
2019-02-19, 09:42:57, 23.4, 44.76
2019-02-19, 09:42:59, 23.4, 44.76
2019-02-19, 09:43:00, 23.41, 44.76
2019-02-19, 09:43:01, 23.39, 44.79
2019-02-19, 09:43:03, 23.38, 44.75
2019-02-19, 09:43:04, 23.4, 44.76
2019-02-19, 09:43:05, 23.4, 44.76
2019-02-19, 09:43:07, 23.4, 44.76
2019-02-19, 09:43:08, 23.4, 44.76
2019-02-19, 09:43:09, 23.39, 44.76
2019-02-19, 09:43:11, 23.39, 44.76
2019-02-19, 09:43:12, 23.4, 44.79
2019-02-19, 09:43:13, 23.41, 44.76
2019-02-19, 09:43:15, 23.41, 44.79
2019-02-19, 09:43:16, 23.4, 44.79
2019-02-19, 09:43:18, 23.4, 44.79
2019-02-19, 09:43:19, 23.41, 44.73
2019-02-19, 09:43:20, 23.4, 44.79
2019-02-19, 09:43:22, 23.41, 44.73
2019-02-19, 09:43:23, 23.4, 44.76
2019-02-19, 09:43:24, 23.4, 44.76
2019-02-19, 09:43:26, 23.39, 44.76
2019-02-19, 09:43:27, 23.38, 44.79
2019-02-19, 09:43:28, 23.39, 44.79
2019-02-19, 09:43:30, 23.4, 44.76
2019-02-19, 09:43:31, 23.4, 44.79
2019-02-19, 09:43:32, 23.4, 44.79
2019-02-19, 09:43:34, 23.32, 44.78
2019-02-19, 09:43:35, 23.38, 44.79
2019-02-19, 09:43:36, 23.39, 44.79
2019-02-19, 09:43:38, 23.4, 44.82
2019-02-19, 09:43:39, 23.29, 44.81
2019-02-19, 09:43:41, 23.36, 44.82
2019-02-19, 09:43:42, 23.37, 44.82
2019-02-19, 09:43:43, 23.38, 44.79
2019-02-19, 09:43:45, 23.38, 44.79
2019-02-19, 09:43:46, 23.39, 44.82
2019-02-19, 09:43:47, 23.39, 44.79
2019-02-19, 09:43:49, 23.38, 44.79
2019-02-19, 09:43:50, 23.38, 44.79
2019-02-19, 09:43:51, 23.36, 44.78
2019-02-19, 09:43:53, 23.38, 44.79
2019-02-19, 09:43:54, 23.38, 44.79
2019-02-19, 09:43:55, 23.38, 44.75
2019-02-19, 09:43:57, 23.37, 44.78
2019-02-19, 09:43:58, 23.38, 44.75
2019-02-19, 09:44:00, 23.38, 44.79
2019-02-19, 09:44:01, 23.38, 44.75
2019-02-19, 09:44:02, 23.37, 44.78
2019-02-19, 09:44:04, 23.37, 44.75
2019-02-19, 09:44:05, 23.35, 44.75
2019-02-19, 09:44:06, 23.36, 44.75
2019-02-19, 09:44:08, 23.36, 44.78
2019-02-19, 09:44:09, 23.37, 44.78
2019-02-19, 09:44:10, 23.38, 44.79
2019-02-19, 09:44:12, 23.36, 44.78
2019-02-19, 09:44:13, 23.36, 44.75
2019-02-19, 09:44:14, 23.36, 44.78
2019-02-19, 09:44:16, 23.37, 44.78
2019-02-19, 09:44:17, 23.36, 44.78
2019-02-19, 09:44:19, 23.36, 44.78
2019-02-19, 09:44:20, 23.36, 44.78
2019-02-19, 09:44:21, 23.36, 44.78
2019-02-19, 09:44:23, 23.35, 44.78
2019-02-19, 09:44:24, 23.36, 44.78
2019-02-19, 09:44:25, 23.35, 44.78
2019-02-19, 09:44:27, 23.36, 44.82
2019-02-19, 09:44:28, 23.36, 44.82
2019-02-19, 09:44:29, 23.36, 44.85
2019-02-19, 09:44:31, 23.36, 44.82
2019-02-19, 09:44:32, 23.36, 44.82
2019-02-19, 09:44:33, 23.24, 44.83
2019-02-19, 09:44:35, 23.32, 44.84
2019-02-19, 09:44:36, 23.34, 44.88
2019-02-19, 09:44:37, 23.34, 44.88
2019-02-19, 09:44:39, 23.21, 44.89
2019-02-19, 09:44:40, 23.3, 44.87
2019-02-19, 09:44:42, 23.32, 44.91
2019-02-19, 09:44:43, 23.32, 44.91
2019-02-19, 09:44:44, 23.34, 44.88
2019-02-19, 09:44:46, 23.34, 44.91
2019-02-19, 09:44:47, 23.34, 44.85
2019-02-19, 09:44:48, 23.36, 44.85
2019-02-19, 09:44:50, 23.35, 44.85
2019-02-19, 09:44:51, 23.34, 44.85
2019-02-19, 09:44:52, 23.35, 44.85
2019-02-19, 09:44:54, 23.36, 44.85
2019-02-19, 09:44:55, 23.35, 44.85
2019-02-19, 09:44:56, 23.36, 44.85
2019-02-19, 09:44:58, 23.37, 44.85
2019-02-19, 09:44:59, 23.35, 44.85
2019-02-19, 09:45:00, 23.35, 44.85
2019-02-19, 09:45:02, 23.34, 44.81
2019-02-19, 09:45:03, 23.34, 44.81
2019-02-19, 09:45:05, 23.34, 44.81
2019-02-19, 09:45:06, 23.36, 44.85
2019-02-19, 09:45:07, 23.35, 44.85
2019-02-19, 09:45:09, 23.34, 44.81
2019-02-19, 09:45:10, 23.34, 44.85
2019-02-19, 09:45:11, 23.34, 44.78
2019-02-19, 09:45:13, 23.34, 44.78
2019-02-19, 09:45:14, 23.34, 44.81
2019-02-19, 09:45:15, 23.34, 44.81
2019-02-19, 09:45:17, 23.34, 44.78
2019-02-19, 09:45:18, 23.34, 44.78
2019-02-19, 09:45:19, 23.35, 44.81
2019-02-19, 09:45:21, 23.34, 44.81
2019-02-19, 09:45:22, 23.34, 44.81
2019-02-19, 09:45:23, 23.35, 44.81
2019-02-19, 09:45:25, 23.35, 44.81
2019-02-19, 09:45:26, 23.34, 44.81
2019-02-19, 09:45:27, 23.35, 44.85
2019-02-19, 09:45:29, 23.36, 44.82
2019-02-19, 09:45:30, 23.34, 44.81
2019-02-19, 09:45:32, 23.35, 44.81
2019-02-19, 09:45:33, 23.34, 44.81
2019-02-19, 09:45:34, 23.34, 44.85
2019-02-19, 09:45:36, 23.35, 44.81
2019-02-19, 09:45:37, 23.35, 44.81
2019-02-19, 09:45:38, 23.19, 44.83
2019-02-19, 09:45:40, 23.28, 44.9
2019-02-19, 09:45:41, 23.31, 44.91
2019-02-19, 09:45:42, 23.32, 44.91
2019-02-19, 09:45:44, 23.32, 44.91
2019-02-19, 09:45:45, 23.32, 44.88
2019-02-19, 09:45:46, 23.33, 44.88
2019-02-19, 09:45:48, 23.32, 44.88
2019-02-19, 09:45:49, 23.32, 44.88
2019-02-19, 09:45:51, 23.32, 44.91
2019-02-19, 09:45:52, 23.33, 44.88
2019-02-19, 09:45:53, 23.34, 44.91
2019-02-19, 09:45:55, 23.33, 44.88
2019-02-19, 09:45:56, 23.33, 44.88
2019-02-19, 09:45:57, 23.34, 44.88
2019-02-19, 09:45:59, 23.34, 44.88
2019-02-19, 09:46:00, 23.33, 44.88
2019-02-19, 09:46:01, 23.34, 44.85
2019-02-19, 09:46:03, 23.33, 44.84
2019-02-19, 09:46:04, 23.33, 44.84
2019-02-19, 09:46:05, 23.34, 44.85
2019-02-19, 09:46:07, 23.32, 44.84
2019-02-19, 09:46:08, 23.33, 44.84
2019-02-19, 09:46:09, 23.34, 44.85
2019-02-19, 09:46:11, 23.33, 44.84
2019-02-19, 09:46:12, 23.35, 44.85
2019-02-19, 09:46:14, 23.34, 44.85
2019-02-19, 09:46:15, 23.34, 44.85
2019-02-19, 09:46:16, 23.35, 44.85
2019-02-19, 09:46:18, 23.33, 44.84
2019-02-19, 09:46:19, 23.35, 44.85
2019-02-19, 09:46:20, 23.34, 44.85
2019-02-19, 09:46:22, 23.33, 44.84
2019-02-19, 09:46:23, 23.34, 44.85
2019-02-19, 09:46:24, 23.34, 44.85
2019-02-19, 09:46:26, 23.34, 44.85
2019-02-19, 09:46:27, 23.33, 44.81
2019-02-19, 09:46:28, 23.33, 44.84
2019-02-19, 09:46:30, 23.34, 44.85
2019-02-19, 09:46:31, 23.34, 44.85
2019-02-19, 09:46:32, 23.18, 44.86
2019-02-19, 09:46:34, 23.26, 44.9
2019-02-19, 09:46:35, 23.28, 44.9
2019-02-19, 09:46:37, 23.3, 44.94
2019-02-19, 09:46:38, 23.31, 44.91
2019-02-19, 09:46:39, 23.32, 44.91
2019-02-19, 09:46:41, 23.3, 44.91
2019-02-19, 09:46:42, 23.32, 44.88
2019-02-19, 09:46:43, 23.33, 44.91
2019-02-19, 09:46:45, 23.31, 44.87
2019-02-19, 09:46:46, 23.32, 44.88
2019-02-19, 09:46:47, 23.34, 44.88
2019-02-19, 09:46:49, 23.33, 44.91
2019-02-19, 09:46:50, 23.32, 44.91
2019-02-19, 09:46:51, 23.33, 44.88
2019-02-19, 09:46:53, 23.32, 44.88
2019-02-19, 09:46:54, 23.34, 44.88
2019-02-19, 09:46:56, 23.32, 44.88
2019-02-19, 09:46:57, 23.32, 44.91
2019-02-19, 09:46:58, 23.33, 44.88
2019-02-19, 09:47:00, 23.33, 44.88
2019-02-19, 09:47:01, 23.32, 44.88
2019-02-19, 09:47:02, 23.32, 44.88
2019-02-19, 09:47:04, 23.34, 44.88
2019-02-19, 09:47:05, 23.32, 44.91
2019-02-19, 09:47:06, 23.31, 44.87
2019-02-19, 09:47:08, 23.32, 44.84
2019-02-19, 09:47:09, 23.32, 44.84
2019-02-19, 09:47:10, 23.33, 44.88
2019-02-19, 09:47:12, 23.33, 44.91
2019-02-19, 09:47:13, 23.34, 44.88
2019-02-19, 09:47:14, 23.33, 44.88
2019-02-19, 09:47:16, 23.34, 44.88
2019-02-19, 09:47:17, 23.32, 44.88
2019-02-19, 09:47:19, 23.32, 44.88
2019-02-19, 09:47:20, 23.32, 44.88
2019-02-19, 09:47:21, 23.32, 44.88
2019-02-19, 09:47:23, 23.32, 44.88
2019-02-19, 09:47:24, 23.32, 44.88
2019-02-19, 09:47:25, 23.33, 44.88
2019-02-19, 09:47:27, 23.32, 44.88
2019-02-19, 09:47:28, 23.32, 44.91
2019-02-19, 09:47:29, 23.32, 44.91
2019-02-19, 09:47:31, 23.32, 44.91
2019-02-19, 09:47:32, 23.34, 44.91
2019-02-19, 09:47:33, 23.32, 44.91
2019-02-19, 09:47:35, 23.32, 44.91
2019-02-19, 09:47:36, 23.32, 44.91
2019-02-19, 09:47:37, 23.32, 44.88
2019-02-19, 09:47:39, 23.32, 44.88
2019-02-19, 09:47:40, 23.3, 44.87
2019-02-19, 09:47:42, 23.32, 44.91
2019-02-19, 09:47:43, 23.32, 44.88
2019-02-19, 09:47:44, 23.31, 44.91
2019-02-19, 09:47:46, 23.32, 44.91
2019-02-19, 09:47:47, 23.32, 44.91
2019-02-19, 09:47:48, 23.32, 44.88
2019-02-19, 09:47:50, 23.31, 44.87
2019-02-19, 09:47:51, 23.32, 44.91
2019-02-19, 09:47:52, 23.31, 44.91
2019-02-19, 09:47:54, 23.32, 44.88
2019-02-19, 09:47:55, 23.32, 44.88
2019-02-19, 09:47:56, 23.33, 44.88
2019-02-19, 09:47:58, 23.31, 44.87
2019-02-19, 09:47:59, 23.3, 44.87
2019-02-19, 09:48:00, 23.31, 44.87
2019-02-19, 09:48:02, 23.32, 44.91
2019-02-19, 09:48:03, 23.32, 44.88
2019-02-19, 09:48:05, 23.32, 44.91
2019-02-19, 09:48:06, 23.29, 44.87
2019-02-19, 09:48:07, 23.32, 44.91
2019-02-19, 09:48:09, 23.31, 44.91
2019-02-19, 09:48:10, 23.31, 44.91
2019-02-19, 09:48:11, 23.3, 44.91
2019-02-19, 09:48:13, 23.32, 44.91
2019-02-19, 09:48:14, 23.31, 44.87
2019-02-19, 09:48:15, 23.3, 44.91
2019-02-19, 09:48:17, 23.3, 44.91
2019-02-19, 09:48:18, 23.3, 44.91
2019-02-19, 09:48:19, 23.31, 44.91
2019-02-19, 09:48:21, 23.3, 44.87
2019-02-19, 09:48:22, 23.31, 44.87
2019-02-19, 09:48:24, 23.3, 44.91
2019-02-19, 09:48:25, 23.29, 44.87
2019-02-19, 09:48:26, 23.31, 44.91
2019-02-19, 09:48:28, 23.3, 44.87
2019-02-19, 09:48:29, 23.3, 44.87
2019-02-19, 09:48:30, 23.3, 44.91
2019-02-19, 09:48:32, 23.3, 44.87
2019-02-19, 09:48:33, 23.29, 44.9
2019-02-19, 09:48:34, 23.3, 44.91
2019-02-19, 09:48:36, 23.3, 44.91
2019-02-19, 09:48:37, 23.3, 44.91
2019-02-19, 09:48:38, 23.3, 44.91
2019-02-19, 09:48:40, 23.3, 44.91
2019-02-19, 09:48:41, 23.31, 44.87
2019-02-19, 09:48:43, 23.31, 44.91
2019-02-19, 09:48:44, 23.3, 44.87
2019-02-19, 09:48:45, 23.3, 44.91
2019-02-19, 09:48:47, 23.3, 44.91
2019-02-19, 09:48:48, 23.31, 44.94
2019-02-19, 09:48:49, 23.31, 44.94
2019-02-19, 09:48:51, 23.31, 44.91
2019-02-19, 09:48:52, 23.31, 44.94
2019-02-19, 09:48:53, 23.3, 44.94
2019-02-19, 09:48:55, 23.3, 44.94
2019-02-19, 09:48:56, 23.29, 44.94
2019-02-19, 09:48:57, 23.29, 44.94
2019-02-19, 09:48:59, 23.3, 44.94
2019-02-19, 09:49:00, 23.24, 44.9
2019-02-19, 09:49:01, 23.28, 44.97
2019-02-19, 09:49:03, 23.28, 44.97
2019-02-19, 09:49:04, 23.31, 44.94
2019-02-19, 09:49:06, 23.31, 44.94
2019-02-19, 09:49:07, 23.32, 44.97
2019-02-19, 09:49:08, 23.32, 44.94
2019-02-19, 09:49:10, 23.32, 44.94
2019-02-19, 09:49:11, 23.32, 44.94
2019-02-19, 09:49:12, 23.31, 44.94
2019-02-19, 09:49:14, 23.3, 44.94
2019-02-19, 09:49:15, 23.29, 44.97
2019-02-19, 09:49:16, 23.3, 44.94
2019-02-19, 09:49:18, 23.3, 44.91
2019-02-19, 09:49:19, 23.3, 44.94
2019-02-19, 09:49:20, 23.3, 44.94
2019-02-19, 09:49:22, 23.31, 44.97
2019-02-19, 09:49:23, 23.32, 44.94
2019-02-19, 09:49:24, 23.32, 44.94
2019-02-19, 09:49:26, 23.32, 44.94
2019-02-19, 09:49:27, 23.32, 44.94
2019-02-19, 09:49:29, 23.31, 44.94
2019-02-19, 09:49:30, 23.3, 44.91
2019-02-19, 09:49:31, 23.32, 44.91
2019-02-19, 09:49:33, 23.32, 44.91
2019-02-19, 09:49:34, 23.3, 44.91
2019-02-19, 09:49:35, 23.2, 44.89
2019-02-19, 09:49:37, 23.28, 44.94
2019-02-19, 09:49:38, 23.29, 44.94
2019-02-19, 09:49:39, 23.29, 44.94
2019-02-19, 09:49:41, 23.29, 44.94
2019-02-19, 09:49:42, 23.3, 44.91
2019-02-19, 09:49:43, 23.3, 44.91
2019-02-19, 09:49:45, 23.3, 44.91
2019-02-19, 09:49:46, 23.3, 44.91
2019-02-19, 09:49:47, 23.31, 44.91
2019-02-19, 09:49:49, 23.3, 44.91
2019-02-19, 09:49:50, 23.3, 44.91
2019-02-19, 09:49:52, 23.31, 44.91
2019-02-19, 09:49:53, 23.3, 44.87
2019-02-19, 09:49:54, 23.31, 44.91
2019-02-19, 09:49:56, 23.31, 44.91
2019-02-19, 09:49:57, 23.3, 44.91
2019-02-19, 09:49:58, 23.3, 44.91
2019-02-19, 09:50:00, 23.18, 44.92
2019-02-19, 09:50:01, 23.26, 44.93
2019-02-19, 09:50:02, 23.28, 44.97
2019-02-19, 09:50:04, 23.3, 44.97
2019-02-19, 09:50:05, 23.3, 44.97
2019-02-19, 09:50:06, 23.29, 44.94
2019-02-19, 09:50:08, 23.3, 44.97
2019-02-19, 09:50:09, 23.31, 44.97
2019-02-19, 09:50:10, 23.3, 44.94
2019-02-19, 09:50:12, 23.3, 44.97
2019-02-19, 09:50:13, 23.32, 44.91
2019-02-19, 09:50:15, 23.32, 44.94
2019-02-19, 09:50:16, 23.31, 44.91
2019-02-19, 09:50:17, 23.32, 44.91
2019-02-19, 09:50:19, 23.32, 44.91
2019-02-19, 09:50:20, 23.32, 44.91
2019-02-19, 09:50:21, 23.32, 44.91
2019-02-19, 09:50:23, 23.32, 44.91
2019-02-19, 09:50:24, 23.3, 44.91
2019-02-19, 09:50:25, 23.3, 44.91
2019-02-19, 09:50:27, 23.3, 44.91
2019-02-19, 09:50:28, 23.31, 44.91
2019-02-19, 09:50:29, 23.3, 44.87
2019-02-19, 09:50:31, 23.31, 44.87
2019-02-19, 09:50:32, 23.31, 44.91
2019-02-19, 09:50:34, 23.3, 44.91
2019-02-19, 09:50:35, 23.16, 44.89
2019-02-19, 09:50:36, 23.25, 44.96
2019-02-19, 09:50:38, 23.27, 44.97
2019-02-19, 09:50:39, 23.28, 44.97
2019-02-19, 09:50:40, 23.28, 44.97
2019-02-19, 09:50:42, 23.29, 44.97
2019-02-19, 09:50:43, 23.29, 44.97
2019-02-19, 09:50:44, 23.31, 44.97
2019-02-19, 09:50:46, 23.3, 44.97
2019-02-19, 09:50:47, 23.3, 44.97
2019-02-19, 09:50:48, 23.3, 44.94
2019-02-19, 09:50:50, 23.32, 44.91
2019-02-19, 09:50:51, 23.3, 44.91
2019-02-19, 09:50:52, 23.31, 44.91
2019-02-19, 09:50:54, 23.3, 44.91
2019-02-19, 09:50:55, 23.31, 44.91
2019-02-19, 09:50:57, 23.3, 44.91
2019-02-19, 09:50:58, 23.3, 44.91
2019-02-19, 09:50:59, 23.3, 44.91
2019-02-19, 09:51:01, 23.3, 44.91
2019-02-19, 09:51:02, 23.3, 44.91
2019-02-19, 09:51:03, 23.3, 44.91
2019-02-19, 09:51:05, 23.3, 44.91
2019-02-19, 09:51:06, 23.3, 44.91
2019-02-19, 09:51:07, 23.3, 44.91
2019-02-19, 09:51:09, 23.3, 44.91
2019-02-19, 09:51:10, 23.29, 44.94
2019-02-19, 09:51:11, 23.31, 44.94
2019-02-19, 09:51:13, 23.32, 44.94
2019-02-19, 09:51:14, 23.32, 44.94
2019-02-19, 09:51:15, 23.31, 44.94
2019-02-19, 09:51:17, 23.31, 44.94
2019-02-19, 09:51:18, 23.3, 44.91
2019-02-19, 09:51:20, 23.3, 44.91
2019-02-19, 09:51:21, 23.32, 44.91
2019-02-19, 09:51:22, 23.31, 44.91
2019-02-19, 09:51:24, 23.3, 44.91
2019-02-19, 09:51:25, 23.29, 44.9
2019-02-19, 09:51:26, 23.3, 44.91
2019-02-19, 09:51:28, 23.3, 44.91
2019-02-19, 09:51:29, 23.3, 44.91
2019-02-19, 09:51:30, 23.31, 44.91
2019-02-19, 09:51:32, 23.32, 44.91
2019-02-19, 09:51:33, 23.32, 44.91
2019-02-19, 09:51:34, 23.3, 44.91
2019-02-19, 09:51:36, 23.32, 44.91
2019-02-19, 09:51:37, 23.31, 44.87
2019-02-19, 09:51:38, 23.31, 44.91
2019-02-19, 09:51:40, 23.3, 44.91
2019-02-19, 09:51:41, 23.31, 44.91
2019-02-19, 09:51:43, 23.32, 44.91
2019-02-19, 09:51:44, 23.3, 44.91
2019-02-19, 09:51:45, 23.31, 44.87
2019-02-19, 09:51:47, 23.31, 44.87
2019-02-19, 09:51:48, 23.3, 44.87
2019-02-19, 09:51:49, 23.3, 44.91
2019-02-19, 09:51:51, 23.3, 44.87
2019-02-19, 09:51:52, 23.3, 44.87
2019-02-19, 09:51:53, 23.3, 44.87
2019-02-19, 09:51:55, 23.29, 44.87
2019-02-19, 09:51:56, 23.3, 44.87
2019-02-19, 09:51:57, 23.3, 44.91
2019-02-19, 09:51:59, 23.31, 44.87
2019-02-19, 09:52:00, 23.3, 44.87
2019-02-19, 09:52:02, 23.3, 44.91
2019-02-19, 09:52:03, 23.29, 44.9
2019-02-19, 09:52:04, 23.28, 44.9
2019-02-19, 09:52:06, 23.3, 44.91
2019-02-19, 09:52:07, 23.3, 44.91
2019-02-19, 09:52:08, 23.3, 44.87
2019-02-19, 09:52:10, 23.31, 44.91
2019-02-19, 09:52:11, 23.29, 44.87
2019-02-19, 09:52:12, 23.3, 44.91
2019-02-19, 09:52:14, 23.31, 44.91
2019-02-19, 09:52:15, 23.3, 44.91
2019-02-19, 09:52:16, 23.32, 44.84
2019-02-19, 09:52:18, 23.3, 44.87
2019-02-19, 09:52:19, 23.32, 44.88
2019-02-19, 09:52:20, 23.32, 44.88
2019-02-19, 09:52:22, 23.3, 44.91
2019-02-19, 09:52:23, 23.31, 44.91
2019-02-19, 09:52:25, 23.32, 44.91
2019-02-19, 09:52:26, 23.3, 44.91
2019-02-19, 09:52:27, 23.31, 44.91
2019-02-19, 09:52:29, 23.31, 44.91
2019-02-19, 09:52:30, 23.31, 44.91
2019-02-19, 09:52:31, 23.31, 44.91
2019-02-19, 09:52:33, 23.32, 44.94
2019-02-19, 09:52:34, 23.32, 44.91
2019-02-19, 09:52:35, 23.31, 44.91
2019-02-19, 09:52:37, 23.31, 44.91
2019-02-19, 09:52:38, 23.29, 44.9
2019-02-19, 09:52:39, 23.32, 44.91
2019-02-19, 09:52:41, 23.32, 44.91
2019-02-19, 09:52:42, 23.31, 44.91
2019-02-19, 09:52:43, 23.32, 44.91
2019-02-19, 09:52:45, 23.3, 44.91
2019-02-19, 09:52:46, 23.32, 44.91
2019-02-19, 09:52:48, 23.31, 44.91
2019-02-19, 09:52:49, 23.32, 44.88
2019-02-19, 09:52:50, 23.31, 44.91
2019-02-19, 09:52:52, 23.31, 44.87
2019-02-19, 09:52:53, 23.32, 44.88
2019-02-19, 09:52:54, 23.32, 44.88
2019-02-19, 09:52:56, 23.3, 44.84
2019-02-19, 09:52:57, 23.31, 44.84
2019-02-19, 09:52:58, 23.31, 44.84
2019-02-19, 09:53:00, 23.32, 44.84
2019-02-19, 09:53:01, 23.32, 44.84
2019-02-19, 09:53:02, 23.31, 44.84
2019-02-19, 09:53:04, 23.33, 44.88
2019-02-19, 09:53:05, 23.31, 44.84
2019-02-19, 09:53:06, 23.32, 44.84
2019-02-19, 09:53:08, 23.31, 44.84
2019-02-19, 09:53:09, 23.33, 44.84
2019-02-19, 09:53:11, 23.32, 44.84
2019-02-19, 09:53:12, 23.32, 44.84
2019-02-19, 09:53:13, 23.32, 44.84
2019-02-19, 09:53:15, 23.32, 44.84
2019-02-19, 09:53:16, 23.32, 44.84
2019-02-19, 09:53:17, 23.32, 44.84
2019-02-19, 09:53:19, 23.33, 44.84
2019-02-19, 09:53:20, 23.31, 44.87
2019-02-19, 09:53:21, 23.31, 44.87
2019-02-19, 09:53:23, 23.32, 44.88
2019-02-19, 09:53:24, 23.32, 44.84
2019-02-19, 09:53:25, 23.31, 44.84
2019-02-19, 09:53:27, 23.31, 44.84
2019-02-19, 09:53:28, 23.32, 44.84
2019-02-19, 09:53:29, 23.31, 44.87
2019-02-19, 09:53:31, 23.3, 44.84
2019-02-19, 09:53:32, 23.32, 44.84
2019-02-19, 09:53:34, 23.32, 44.84
2019-02-19, 09:53:35, 23.32, 44.84
2019-02-19, 09:53:36, 23.32, 44.88
2019-02-19, 09:53:38, 23.32, 44.88
2019-02-19, 09:53:39, 23.32, 44.88
2019-02-19, 09:53:40, 23.3, 44.84
2019-02-19, 09:53:42, 23.31, 44.84
2019-02-19, 09:53:43, 23.32, 44.88
2019-02-19, 09:53:44, 23.32, 44.88
2019-02-19, 09:53:46, 23.31, 44.87
2019-02-19, 09:53:47, 23.3, 44.84
2019-02-19, 09:53:48, 23.32, 44.88
2019-02-19, 09:53:50, 23.32, 44.91
2019-02-19, 09:53:51, 23.33, 44.91
2019-02-19, 09:53:53, 23.32, 44.84
2019-02-19, 09:53:54, 23.32, 44.88
2019-02-19, 09:53:55, 23.32, 44.88
2019-02-19, 09:53:57, 23.29, 44.87
2019-02-19, 09:53:58, 23.32, 44.88
2019-02-19, 09:53:59, 23.31, 44.87
2019-02-19, 09:54:01, 23.32, 44.88
2019-02-19, 09:54:02, 23.25, 44.87
2019-02-19, 09:54:03, 23.28, 44.87
2019-02-19, 09:54:05, 23.31, 44.87
2019-02-19, 09:54:06, 23.32, 44.88
2019-02-19, 09:54:07, 23.3, 44.87
2019-02-19, 09:54:09, 23.3, 44.91
2019-02-19, 09:54:10, 23.3, 44.87
2019-02-19, 09:54:12, 23.31, 44.84
2019-02-19, 09:54:13, 23.32, 44.88
2019-02-19, 09:54:14, 23.32, 44.88
2019-02-19, 09:54:16, 23.32, 44.84
2019-02-19, 09:54:17, 23.31, 44.87
2019-02-19, 09:54:18, 23.3, 44.87
2019-02-19, 09:54:20, 23.31, 44.84
2019-02-19, 09:54:21, 23.31, 44.87
2019-02-19, 09:54:22, 23.32, 44.88
2019-02-19, 09:54:24, 23.32, 44.88
2019-02-19, 09:54:25, 23.32, 44.84
2019-02-19, 09:54:26, 23.27, 44.87
2019-02-19, 09:54:28, 23.3, 44.87
2019-02-19, 09:54:29, 23.31, 44.87
2019-02-19, 09:54:30, 23.3, 44.87
2019-02-19, 09:54:32, 23.3, 44.87
2019-02-19, 09:54:33, 23.31, 44.87
2019-02-19, 09:54:35, 23.32, 44.88
2019-02-19, 09:54:36, 23.32, 44.88
2019-02-19, 09:54:37, 23.31, 44.87
2019-02-19, 09:54:39, 23.32, 44.84
2019-02-19, 09:54:40, 23.32, 44.84
2019-02-19, 09:54:41, 23.31, 44.84
2019-02-19, 09:54:43, 23.32, 44.84
2019-02-19, 09:54:44, 23.32, 44.84
2019-02-19, 09:54:45, 23.32, 44.84
2019-02-19, 09:54:47, 23.32, 44.84
2019-02-19, 09:54:48, 23.32, 44.84
2019-02-19, 09:54:49, 23.32, 44.84
2019-02-19, 09:54:51, 23.31, 44.84
2019-02-19, 09:54:52, 23.31, 44.84
2019-02-19, 09:54:53, 23.31, 44.84
2019-02-19, 09:54:55, 23.31, 44.87
2019-02-19, 09:54:56, 23.32, 44.88
2019-02-19, 09:54:58, 23.32, 44.88
2019-02-19, 09:54:59, 23.31, 44.87
2019-02-19, 09:55:00, 23.32, 44.91
2019-02-19, 09:55:02, 23.32, 44.84
2019-02-19, 09:55:03, 23.32, 44.84
2019-02-19, 09:55:04, 23.32, 44.84
2019-02-19, 09:55:06, 23.31, 44.84
2019-02-19, 09:55:07, 23.32, 44.88
2019-02-19, 09:55:08, 23.32, 44.84
2019-02-19, 09:55:10, 23.31, 44.84
2019-02-19, 09:55:11, 23.32, 44.84
2019-02-19, 09:55:12, 23.32, 44.84
2019-02-19, 09:55:14, 23.32, 44.84
2019-02-19, 09:55:15, 23.32, 44.84
2019-02-19, 09:55:16, 23.32, 44.84
2019-02-19, 09:55:18, 23.31, 44.84
2019-02-19, 09:55:19, 23.32, 44.84
2019-02-19, 09:55:21, 23.32, 44.84
2019-02-19, 09:55:22, 23.32, 44.84
2019-02-19, 09:55:23, 23.31, 44.84
2019-02-19, 09:55:25, 23.32, 44.81
2019-02-19, 09:55:26, 23.32, 44.84
2019-02-19, 09:55:27, 23.34, 44.85
2019-02-19, 09:55:29, 23.32, 44.84
2019-02-19, 09:55:30, 23.32, 44.84
2019-02-19, 09:55:31, 23.22, 44.83
2019-02-19, 09:55:33, 23.31, 44.84
2019-02-19, 09:55:34, 23.3, 44.91
2019-02-19, 09:55:35, 23.32, 44.88
2019-02-19, 09:55:37, 23.33, 44.91
2019-02-19, 09:55:38, 23.33, 44.91
2019-02-19, 09:55:40, 23.34, 44.88
2019-02-19, 09:55:41, 23.33, 44.88
2019-02-19, 09:55:42, 23.33, 44.88
2019-02-19, 09:55:44, 23.34, 44.88
2019-02-19, 09:55:45, 23.32, 44.84
2019-02-19, 09:55:46, 23.32, 44.84
2019-02-19, 09:55:48, 23.33, 44.84
2019-02-19, 09:55:49, 23.33, 44.84
2019-02-19, 09:55:50, 23.33, 44.84
2019-02-19, 09:55:52, 23.33, 44.84
2019-02-19, 09:55:53, 23.32, 44.84
2019-02-19, 09:55:54, 23.34, 44.85
2019-02-19, 09:55:56, 23.2, 44.83
2019-02-19, 09:55:57, 23.29, 44.87
2019-02-19, 09:55:58, 23.31, 44.87
2019-02-19, 09:56:00, 23.32, 44.88
2019-02-19, 09:56:01, 23.32, 44.84
2019-02-19, 09:56:03, 23.31, 44.84
2019-02-19, 09:56:04, 23.32, 44.84
2019-02-19, 09:56:05, 23.32, 44.84
2019-02-19, 09:56:07, 23.32, 44.84
2019-02-19, 09:56:08, 23.32, 44.81
2019-02-19, 09:56:09, 23.32, 44.84
2019-02-19, 09:56:11, 23.33, 44.81
2019-02-19, 09:56:12, 23.34, 44.81
2019-02-19, 09:56:13, 23.33, 44.81
2019-02-19, 09:56:15, 23.32, 44.84
2019-02-19, 09:56:16, 23.32, 44.81
2019-02-19, 09:56:17, 23.32, 44.78
2019-02-19, 09:56:19, 23.33, 44.84
2019-02-19, 09:56:20, 23.32, 44.84
2019-02-19, 09:56:21, 23.33, 44.84
2019-02-19, 09:56:23, 23.33, 44.84
2019-02-19, 09:56:24, 23.32, 44.81
2019-02-19, 09:56:26, 23.34, 44.81
2019-02-19, 09:56:27, 23.33, 44.81
2019-02-19, 09:56:28, 23.34, 44.85
2019-02-19, 09:56:30, 23.34, 44.81
2019-02-19, 09:56:31, 23.33, 44.81
2019-02-19, 09:56:32, 23.34, 44.81
2019-02-19, 09:56:34, 23.33, 44.81
2019-02-19, 09:56:35, 23.33, 44.81
2019-02-19, 09:56:36, 23.34, 44.78
2019-02-19, 09:56:38, 23.33, 44.78
2019-02-19, 09:56:39, 23.34, 44.78
2019-02-19, 09:56:40, 23.34, 44.78
2019-02-19, 09:56:42, 23.34, 44.81
2019-02-19, 09:56:43, 23.34, 44.81
2019-02-19, 09:56:44, 23.35, 44.78
2019-02-19, 09:56:46, 23.36, 44.78
2019-02-19, 09:56:47, 23.36, 44.78
2019-02-19, 09:56:49, 23.35, 44.81
2019-02-19, 09:56:50, 23.35, 44.78
2019-02-19, 09:56:51, 23.34, 44.78
2019-02-19, 09:56:53, 23.34, 44.78
2019-02-19, 09:56:54, 23.33, 44.78
2019-02-19, 09:56:55, 23.18, 44.83
2019-02-19, 09:56:57, 23.29, 44.84
2019-02-19, 09:56:58, 23.31, 44.84
2019-02-19, 09:56:59, 23.31, 44.84
2019-02-19, 09:57:01, 23.32, 44.84
2019-02-19, 09:57:02, 23.32, 44.84
2019-02-19, 09:57:03, 23.31, 44.84
2019-02-19, 09:57:05, 23.32, 44.81
2019-02-19, 09:57:06, 23.33, 44.84
2019-02-19, 09:57:07, 23.33, 44.84
2019-02-19, 09:57:09, 23.33, 44.81
2019-02-19, 09:57:10, 23.32, 44.78
2019-02-19, 09:57:12, 23.33, 44.81
2019-02-19, 09:57:13, 23.34, 44.81
2019-02-19, 09:57:14, 23.33, 44.78
2019-02-19, 09:57:16, 23.34, 44.78
2019-02-19, 09:57:17, 23.33, 44.81
2019-02-19, 09:57:18, 23.32, 44.81
2019-02-19, 09:57:20, 23.34, 44.78
2019-02-19, 09:57:21, 23.34, 44.78
2019-02-19, 09:57:22, 23.32, 44.78
2019-02-19, 09:57:24, 23.33, 44.78
2019-02-19, 09:57:25, 23.17, 44.79
2019-02-19, 09:57:26, 23.28, 44.84
2019-02-19, 09:57:28, 23.3, 44.87
2019-02-19, 09:57:29, 23.31, 44.87
2019-02-19, 09:57:31, 23.16, 44.89
2019-02-19, 09:57:32, 23.27, 44.97
2019-02-19, 09:57:33, 23.3, 44.97
2019-02-19, 09:57:35, 23.3, 44.97
2019-02-19, 09:57:36, 23.32, 44.94
2019-02-19, 09:57:37, 23.31, 44.94
2019-02-19, 09:57:39, 23.3, 44.91
2019-02-19, 09:57:40, 23.31, 44.91
2019-02-19, 09:57:41, 23.32, 44.91
2019-02-19, 09:57:43, 23.32, 44.88
2019-02-19, 09:57:44, 23.33, 44.84
2019-02-19, 09:57:45, 23.33, 44.84
2019-02-19, 09:57:47, 23.32, 44.84
2019-02-19, 09:57:48, 23.32, 44.84
2019-02-19, 09:57:49, 23.32, 44.81
2019-02-19, 09:57:51, 23.32, 44.81
2019-02-19, 09:57:52, 23.31, 44.81
2019-02-19, 09:57:54, 23.32, 44.84
2019-02-19, 09:57:55, 23.33, 44.84
2019-02-19, 09:57:56, 23.33, 44.84
2019-02-19, 09:57:58, 23.33, 44.81
2019-02-19, 09:57:59, 23.32, 44.81
2019-02-19, 09:58:00, 23.34, 44.85
2019-02-19, 09:58:02, 23.33, 44.81
2019-02-19, 09:58:03, 23.34, 44.81
2019-02-19, 09:58:04, 23.34, 44.81
2019-02-19, 09:58:06, 23.34, 44.78
2019-02-19, 09:58:07, 23.34, 44.81
2019-02-19, 09:58:08, 23.34, 44.81
2019-02-19, 09:58:10, 23.34, 44.81
2019-02-19, 09:58:11, 23.34, 44.81
2019-02-19, 09:58:12, 23.34, 44.78
2019-02-19, 09:58:14, 23.34, 44.78
2019-02-19, 09:58:15, 23.34, 44.78
2019-02-19, 09:58:17, 23.33, 44.78
2019-02-19, 09:58:18, 23.34, 44.78
2019-02-19, 09:58:19, 23.34, 44.78
2019-02-19, 09:58:21, 23.34, 44.78
2019-02-19, 09:58:22, 23.33, 44.78
2019-02-19, 09:58:23, 23.33, 44.81
2019-02-19, 09:58:25, 23.33, 44.81
2019-02-19, 09:58:26, 23.33, 44.78
2019-02-19, 09:58:27, 23.34, 44.81
2019-02-19, 09:58:29, 23.33, 44.81
2019-02-19, 09:58:30, 23.34, 44.78
2019-02-19, 09:58:31, 23.35, 44.78
2019-02-19, 09:58:33, 23.34, 44.81
2019-02-19, 09:58:34, 23.35, 44.81
2019-02-19, 09:58:35, 23.36, 44.78
2019-02-19, 09:58:37, 23.35, 44.78
2019-02-19, 09:58:38, 23.35, 44.81
2019-02-19, 09:58:40, 23.35, 44.81
2019-02-19, 09:58:41, 23.36, 44.78
2019-02-19, 09:58:42, 23.36, 44.78
2019-02-19, 09:58:44, 23.34, 44.78
2019-02-19, 09:58:45, 23.35, 44.78
2019-02-19, 09:58:46, 23.35, 44.78
2019-02-19, 09:58:48, 23.35, 44.78
2019-02-19, 09:58:49, 23.34, 44.78
2019-02-19, 09:58:50, 23.35, 44.78
2019-02-19, 09:58:52, 23.35, 44.78
2019-02-19, 09:58:53, 23.34, 44.78
2019-02-19, 09:58:54, 23.35, 44.78
2019-02-19, 09:58:56, 23.35, 44.78
2019-02-19, 09:58:57, 23.35, 44.78
2019-02-19, 09:58:59, 23.34, 44.78
2019-02-19, 09:59:00, 23.33, 44.78
2019-02-19, 09:59:01, 23.35, 44.81
2019-02-19, 09:59:03, 23.35, 44.81
2019-02-19, 09:59:04, 23.34, 44.81
2019-02-19, 09:59:05, 23.35, 44.78
2019-02-19, 09:59:07, 23.33, 44.78
2019-02-19, 09:59:08, 23.36, 44.78
2019-02-19, 09:59:09, 23.35, 44.78
2019-02-19, 09:59:11, 23.35, 44.78
2019-02-19, 09:59:12, 23.35, 44.78
2019-02-19, 09:59:13, 23.35, 44.78
2019-02-19, 09:59:15, 23.36, 44.78
2019-02-19, 09:59:16, 23.36, 44.78
2019-02-19, 09:59:17, 23.37, 44.78
2019-02-19, 09:59:19, 23.35, 44.78
2019-02-19, 09:59:20, 23.36, 44.78
2019-02-19, 09:59:22, 23.36, 44.78
2019-02-19, 09:59:23, 23.34, 44.75
2019-02-19, 09:59:24, 23.35, 44.78
2019-02-19, 09:59:26, 23.36, 44.78
2019-02-19, 09:59:27, 23.36, 44.78
2019-02-19, 09:59:28, 23.34, 44.78
2019-02-19, 09:59:30, 23.36, 44.78
2019-02-19, 09:59:31, 23.36, 44.78
2019-02-19, 09:59:32, 23.36, 44.78
2019-02-19, 09:59:34, 23.35, 44.78
2019-02-19, 09:59:35, 23.35, 44.78
2019-02-19, 09:59:36, 23.36, 44.75
2019-02-19, 09:59:38, 23.36, 44.78
2019-02-19, 09:59:39, 23.36, 44.78
2019-02-19, 09:59:40, 23.37, 44.78
2019-02-19, 09:59:42, 23.37, 44.78
2019-02-19, 09:59:43, 23.38, 44.79
2019-02-19, 09:59:45, 23.37, 44.75
2019-02-19, 09:59:46, 23.36, 44.72
2019-02-19, 09:59:47, 23.37, 44.75
2019-02-19, 09:59:49, 23.36, 44.72
2019-02-19, 09:59:50, 23.38, 44.72
2019-02-19, 09:59:51, 23.37, 44.75
2019-02-19, 09:59:53, 23.33, 44.75
2019-02-19, 09:59:54, 23.35, 44.78
2019-02-19, 09:59:55, 23.37, 44.75
2019-02-19, 09:59:57, 23.38, 44.79
2019-02-19, 09:59:58, 23.37, 44.78
2019-02-19, 09:59:59, 23.38, 44.79
2019-02-19, 10:00:01, 23.38, 44.79
2019-02-19, 10:00:02, 23.36, 44.75
2019-02-19, 10:00:03, 23.38, 44.75
2019-02-19, 10:00:05, 23.38, 44.75
2019-02-19, 10:00:06, 23.38, 44.75
2019-02-19, 10:00:08, 23.35, 44.75
2019-02-19, 10:00:09, 23.37, 44.72
2019-02-19, 10:00:10, 23.36, 44.72
2019-02-19, 10:00:12, 23.38, 44.75
2019-02-19, 10:00:13, 23.37, 44.72
2019-02-19, 10:00:14, 23.38, 44.75
2019-02-19, 10:00:16, 23.36, 44.78
2019-02-19, 10:00:17, 23.38, 44.75
2019-02-19, 10:00:18, 23.38, 44.75
2019-02-19, 10:00:20, 23.37, 44.75
2019-02-19, 10:00:21, 23.38, 44.75
2019-02-19, 10:00:22, 23.31, 44.78
2019-02-19, 10:00:24, 23.36, 44.75
2019-02-19, 10:00:25, 23.37, 44.78
2019-02-19, 10:00:27, 23.37, 44.75
2019-02-19, 10:00:28, 23.38, 44.75
2019-02-19, 10:00:29, 23.37, 44.75
2019-02-19, 10:00:31, 23.36, 44.72
2019-02-19, 10:00:32, 23.36, 44.72
2019-02-19, 10:00:33, 23.36, 44.75
2019-02-19, 10:00:35, 23.36, 44.72
2019-02-19, 10:00:36, 23.36, 44.72
2019-02-19, 10:00:37, 23.37, 44.72
2019-02-19, 10:00:39, 23.37, 44.72
2019-02-19, 10:00:40, 23.36, 44.72
2019-02-19, 10:00:41, 23.36, 44.72
2019-02-19, 10:00:43, 23.37, 44.72
2019-02-19, 10:00:44, 23.37, 44.72
2019-02-19, 10:00:45, 23.36, 44.72
2019-02-19, 10:00:47, 23.37, 44.72
2019-02-19, 10:00:48, 23.38, 44.72
2019-02-19, 10:00:50, 23.38, 44.72
2019-02-19, 10:00:51, 23.36, 44.72
2019-02-19, 10:00:52, 23.29, 44.71
2019-02-19, 10:00:54, 23.34, 44.75
2019-02-19, 10:00:55, 23.36, 44.75
2019-02-19, 10:00:56, 23.37, 44.75
2019-02-19, 10:00:58, 23.38, 44.75
2019-02-19, 10:00:59, 23.37, 44.75
2019-02-19, 10:01:00, 23.38, 44.72
2019-02-19, 10:01:02, 23.38, 44.72
2019-02-19, 10:01:03, 23.37, 44.72
2019-02-19, 10:01:04, 23.37, 44.72
2019-02-19, 10:01:06, 23.37, 44.75
2019-02-19, 10:01:07, 23.38, 44.72
2019-02-19, 10:01:08, 23.38, 44.72
2019-02-19, 10:01:10, 23.38, 44.72
2019-02-19, 10:01:11, 23.39, 44.76
2019-02-19, 10:01:13, 23.39, 44.76
2019-02-19, 10:01:14, 23.4, 44.76
2019-02-19, 10:01:15, 23.39, 44.72
2019-02-19, 10:01:17, 23.39, 44.72
2019-02-19, 10:01:18, 23.37, 44.72
2019-02-19, 10:01:19, 23.39, 44.72
2019-02-19, 10:01:21, 23.39, 44.72
2019-02-19, 10:01:22, 23.26, 44.71
2019-02-19, 10:01:23, 23.36, 44.75
2019-02-19, 10:01:25, 23.38, 44.79
2019-02-19, 10:01:26, 23.38, 44.75
2019-02-19, 10:01:27, 23.39, 44.72
2019-02-19, 10:01:29, 23.38, 44.72
2019-02-19, 10:01:30, 23.39, 44.76
2019-02-19, 10:01:32, 23.4, 44.72
2019-02-19, 10:01:33, 23.39, 44.72
2019-02-19, 10:01:34, 23.38, 44.72
2019-02-19, 10:01:36, 23.39, 44.72
2019-02-19, 10:01:37, 23.39, 44.72
2019-02-19, 10:01:38, 23.39, 44.76
2019-02-19, 10:01:40, 23.38, 44.72
2019-02-19, 10:01:41, 23.4, 44.72
2019-02-19, 10:01:42, 23.39, 44.72
2019-02-19, 10:01:44, 23.4, 44.69
2019-02-19, 10:01:45, 23.38, 44.72
2019-02-19, 10:01:46, 23.39, 44.72
2019-02-19, 10:01:48, 23.4, 44.72
2019-02-19, 10:01:49, 23.4, 44.72
2019-02-19, 10:01:51, 23.4, 44.69
2019-02-19, 10:01:52, 23.28, 44.71
2019-02-19, 10:01:53, 23.36, 44.75
2019-02-19, 10:01:55, 23.38, 44.75
2019-02-19, 10:01:56, 23.38, 44.72
2019-02-19, 10:01:57, 23.38, 44.75
2019-02-19, 10:01:59, 23.39, 44.72
2019-02-19, 10:02:00, 23.38, 44.72
2019-02-19, 10:02:01, 23.39, 44.72
2019-02-19, 10:02:03, 23.4, 44.72
2019-02-19, 10:02:04, 23.4, 44.72
2019-02-19, 10:02:05, 23.39, 44.72
2019-02-19, 10:02:07, 23.4, 44.72
2019-02-19, 10:02:08, 23.39, 44.72
2019-02-19, 10:02:09, 23.4, 44.69
2019-02-19, 10:02:11, 23.4, 44.69
2019-02-19, 10:02:12, 23.4, 44.69
2019-02-19, 10:02:14, 23.4, 44.72
2019-02-19, 10:02:15, 23.4, 44.72
2019-02-19, 10:02:16, 23.4, 44.69
2019-02-19, 10:02:18, 23.4, 44.69
2019-02-19, 10:02:19, 23.4, 44.66
2019-02-19, 10:02:20, 23.4, 44.69
2019-02-19, 10:02:22, 23.4, 44.66
2019-02-19, 10:02:23, 23.4, 44.69
2019-02-19, 10:02:24, 23.4, 44.69
2019-02-19, 10:02:26, 23.4, 44.69
2019-02-19, 10:02:27, 23.42, 44.69
2019-02-19, 10:02:28, 23.41, 44.69
2019-02-19, 10:02:30, 23.42, 44.69
2019-02-19, 10:02:31, 23.4, 44.66
2019-02-19, 10:02:32, 23.41, 44.69
2019-02-19, 10:02:34, 23.4, 44.66
2019-02-19, 10:02:35, 23.4, 44.66
2019-02-19, 10:02:37, 23.39, 44.66
2019-02-19, 10:02:38, 23.4, 44.66
2019-02-19, 10:02:39, 23.4, 44.66
2019-02-19, 10:02:41, 23.4, 44.66
2019-02-19, 10:02:42, 23.4, 44.66
2019-02-19, 10:02:43, 23.41, 44.66
2019-02-19, 10:02:45, 23.4, 44.66
2019-02-19, 10:02:46, 23.4, 44.66
2019-02-19, 10:02:47, 23.42, 44.66
2019-02-19, 10:02:49, 23.4, 44.66
2019-02-19, 10:02:50, 23.41, 44.66
2019-02-19, 10:02:51, 23.25, 44.67
2019-02-19, 10:02:53, 23.36, 44.72
2019-02-19, 10:02:54, 23.37, 44.75
2019-02-19, 10:02:56, 23.4, 44.72
2019-02-19, 10:02:57, 23.39, 44.72
2019-02-19, 10:02:58, 23.39, 44.72
2019-02-19, 10:03:00, 23.4, 44.69
2019-02-19, 10:03:01, 23.4, 44.69
2019-02-19, 10:03:02, 23.4, 44.66
2019-02-19, 10:03:04, 23.41, 44.66
2019-02-19, 10:03:05, 23.4, 44.66
2019-02-19, 10:03:06, 23.4, 44.66
2019-02-19, 10:03:08, 23.4, 44.66
2019-02-19, 10:03:09, 23.4, 44.66
2019-02-19, 10:03:10, 23.4, 44.66
2019-02-19, 10:03:12, 23.41, 44.66
2019-02-19, 10:03:13, 23.42, 44.66
2019-02-19, 10:03:15, 23.4, 44.66
2019-02-19, 10:03:16, 23.4, 44.66
2019-02-19, 10:03:17, 23.4, 44.66
2019-02-19, 10:03:19, 23.41, 44.66
2019-02-19, 10:03:20, 23.41, 44.66
2019-02-19, 10:03:21, 23.41, 44.66
2019-02-19, 10:03:23, 23.4, 44.66
2019-02-19, 10:03:24, 23.42, 44.66
2019-02-19, 10:03:25, 23.42, 44.63
2019-02-19, 10:03:27, 23.43, 44.66
2019-02-19, 10:03:28, 23.42, 44.66
2019-02-19, 10:03:29, 23.42, 44.66
2019-02-19, 10:03:31, 23.41, 44.63
2019-02-19, 10:03:32, 23.42, 44.63
2019-02-19, 10:03:33, 23.43, 44.66
2019-02-19, 10:03:35, 23.42, 44.63
2019-02-19, 10:03:36, 23.43, 44.63
2019-02-19, 10:03:38, 23.42, 44.63
2019-02-19, 10:03:39, 23.42, 44.63
2019-02-19, 10:03:40, 23.44, 44.63
2019-02-19, 10:03:42, 23.42, 44.63
2019-02-19, 10:03:43, 23.43, 44.66
2019-02-19, 10:03:44, 23.42, 44.63
2019-02-19, 10:03:46, 23.42, 44.63
2019-02-19, 10:03:47, 23.42, 44.66
2019-02-19, 10:03:48, 23.42, 44.63
2019-02-19, 10:03:50, 23.43, 44.63
2019-02-19, 10:03:51, 23.43, 44.63
2019-02-19, 10:03:52, 23.43, 44.63
2019-02-19, 10:03:54, 23.42, 44.63
2019-02-19, 10:03:55, 23.42, 44.63
2019-02-19, 10:03:57, 23.41, 44.63
2019-02-19, 10:03:58, 23.42, 44.63
2019-02-19, 10:03:59, 23.42, 44.66
2019-02-19, 10:04:01, 23.43, 44.63
2019-02-19, 10:04:02, 23.43, 44.63
2019-02-19, 10:04:03, 23.43, 44.63
2019-02-19, 10:04:05, 23.43, 44.63
2019-02-19, 10:04:06, 23.43, 44.63
2019-02-19, 10:04:07, 23.44, 44.66
2019-02-19, 10:04:09, 23.42, 44.63
2019-02-19, 10:04:10, 23.43, 44.63
2019-02-19, 10:04:12, 23.44, 44.63
2019-02-19, 10:04:13, 23.43, 44.63
2019-02-19, 10:04:14, 23.43, 44.6
2019-02-19, 10:04:16, 23.43, 44.6
2019-02-19, 10:04:17, 23.43, 44.63
2019-02-19, 10:04:18, 23.43, 44.63
2019-02-19, 10:04:20, 23.41, 44.66
2019-02-19, 10:04:21, 23.41, 44.66
2019-02-19, 10:04:22, 23.43, 44.66
2019-02-19, 10:04:24, 23.42, 44.63
2019-02-19, 10:04:25, 23.42, 44.63
2019-02-19, 10:04:26, 23.42, 44.63
2019-02-19, 10:04:28, 23.43, 44.63
2019-02-19, 10:04:29, 23.42, 44.63
2019-02-19, 10:04:30, 23.41, 44.63
2019-02-19, 10:04:32, 23.42, 44.63
2019-02-19, 10:04:33, 23.45, 44.63
2019-02-19, 10:04:35, 23.44, 44.6
2019-02-19, 10:04:36, 23.44, 44.63
2019-02-19, 10:04:37, 23.43, 44.63
2019-02-19, 10:04:39, 23.44, 44.66
2019-02-19, 10:04:40, 23.43, 44.63
2019-02-19, 10:04:41, 23.43, 44.63
2019-02-19, 10:04:43, 23.43, 44.66
2019-02-19, 10:04:44, 23.44, 44.66
2019-02-19, 10:04:45, 23.44, 44.66
2019-02-19, 10:04:47, 23.43, 44.66
2019-02-19, 10:04:48, 23.43, 44.66
2019-02-19, 10:04:49, 23.44, 44.66
2019-02-19, 10:04:51, 23.44, 44.66
2019-02-19, 10:04:52, 23.42, 44.66
2019-02-19, 10:04:53, 23.43, 44.66
2019-02-19, 10:04:55, 23.43, 44.66
2019-02-19, 10:04:56, 23.44, 44.66
2019-02-19, 10:04:58, 23.43, 44.66
2019-02-19, 10:04:59, 23.44, 44.66
2019-02-19, 10:05:00, 23.42, 44.66
2019-02-19, 10:05:02, 23.44, 44.63
2019-02-19, 10:05:03, 23.44, 44.63
2019-02-19, 10:05:04, 23.44, 44.66
2019-02-19, 10:05:06, 23.42, 44.6
2019-02-19, 10:05:07, 23.44, 44.63
2019-02-19, 10:05:08, 23.43, 44.6
2019-02-19, 10:05:10, 23.44, 44.6
2019-02-19, 10:05:11, 23.43, 44.63
2019-02-19, 10:05:12, 23.42, 44.6
2019-02-19, 10:05:14, 23.44, 44.6
2019-02-19, 10:05:15, 23.42, 44.6
2019-02-19, 10:05:17, 23.42, 44.6
2019-02-19, 10:05:18, 23.42, 44.6
2019-02-19, 10:05:19, 23.34, 44.59
2019-02-19, 10:05:21, 23.42, 44.66
2019-02-19, 10:05:22, 23.4, 44.66
2019-02-19, 10:05:23, 23.4, 44.66
2019-02-19, 10:05:25, 23.41, 44.66
2019-02-19, 10:05:26, 23.42, 44.66
2019-02-19, 10:05:27, 23.41, 44.66
2019-02-19, 10:05:29, 23.42, 44.63
2019-02-19, 10:05:30, 23.41, 44.63
2019-02-19, 10:05:31, 23.41, 44.63
2019-02-19, 10:05:33, 23.42, 44.6
2019-02-19, 10:05:34, 23.43, 44.6
2019-02-19, 10:05:36, 23.43, 44.6
2019-02-19, 10:05:37, 23.42, 44.6
2019-02-19, 10:05:38, 23.41, 44.6
2019-02-19, 10:05:40, 23.42, 44.6
2019-02-19, 10:05:41, 23.42, 44.6
2019-02-19, 10:05:42, 23.42, 44.6
2019-02-19, 10:05:44, 23.42, 44.63
2019-02-19, 10:05:45, 23.44, 44.6
2019-02-19, 10:05:46, 23.42, 44.6
2019-02-19, 10:05:48, 23.42, 44.6
2019-02-19, 10:05:49, 23.41, 44.6
2019-02-19, 10:05:50, 23.42, 44.6
2019-02-19, 10:05:52, 23.42, 44.6
2019-02-19, 10:05:53, 23.42, 44.6
2019-02-19, 10:05:55, 23.28, 44.58
2019-02-19, 10:05:56, 23.38, 44.66
2019-02-19, 10:05:57, 23.41, 44.66
2019-02-19, 10:05:59, 23.41, 44.69
2019-02-19, 10:06:00, 23.41, 44.66
2019-02-19, 10:06:01, 23.41, 44.66
2019-02-19, 10:06:03, 23.42, 44.69
2019-02-19, 10:06:04, 23.42, 44.66
2019-02-19, 10:06:05, 23.42, 44.66
2019-02-19, 10:06:07, 23.42, 44.66
2019-02-19, 10:06:08, 23.42, 44.66
2019-02-19, 10:06:09, 23.43, 44.66
2019-02-19, 10:06:11, 23.43, 44.66
2019-02-19, 10:06:12, 23.42, 44.66
2019-02-19, 10:06:13, 23.42, 44.66
2019-02-19, 10:06:15, 23.42, 44.66
2019-02-19, 10:06:16, 23.42, 44.66
2019-02-19, 10:06:18, 23.42, 44.66
2019-02-19, 10:06:19, 23.41, 44.66
2019-02-19, 10:06:20, 23.41, 44.66
2019-02-19, 10:06:22, 23.43, 44.66
2019-02-19, 10:06:23, 23.43, 44.66
2019-02-19, 10:06:24, 23.43, 44.66
2019-02-19, 10:06:26, 23.42, 44.66
2019-02-19, 10:06:27, 23.42, 44.63
2019-02-19, 10:06:28, 23.43, 44.63
2019-02-19, 10:06:30, 23.43, 44.63
2019-02-19, 10:06:31, 23.43, 44.63
2019-02-19, 10:06:32, 23.43, 44.66
2019-02-19, 10:06:34, 23.43, 44.66
2019-02-19, 10:06:35, 23.42, 44.63
2019-02-19, 10:06:37, 23.42, 44.63
2019-02-19, 10:06:38, 23.42, 44.63
2019-02-19, 10:06:39, 23.42, 44.63
2019-02-19, 10:06:41, 23.42, 44.6
2019-02-19, 10:06:42, 23.41, 44.63
2019-02-19, 10:06:43, 23.41, 44.6
2019-02-19, 10:06:45, 23.42, 44.6
2019-02-19, 10:06:46, 23.42, 44.6
2019-02-19, 10:06:47, 23.42, 44.6
2019-02-19, 10:06:49, 23.25, 44.61
2019-02-19, 10:06:50, 23.38, 44.66
2019-02-19, 10:06:51, 23.39, 44.66
2019-02-19, 10:06:53, 23.4, 44.69
2019-02-19, 10:06:54, 23.24, 44.71
2019-02-19, 10:06:55, 23.36, 44.75
2019-02-19, 10:06:57, 23.37, 44.72
2019-02-19, 10:06:58, 23.37, 44.72
2019-02-19, 10:07:00, 23.39, 44.72
2019-02-19, 10:07:01, 23.38, 44.72
2019-02-19, 10:07:02, 23.39, 44.72
2019-02-19, 10:07:04, 23.39, 44.72
2019-02-19, 10:07:05, 23.39, 44.72
2019-02-19, 10:07:06, 23.4, 44.69
2019-02-19, 10:07:08, 23.39, 44.69
2019-02-19, 10:07:09, 23.4, 44.69
2019-02-19, 10:07:10, 23.4, 44.69
2019-02-19, 10:07:12, 23.4, 44.69
2019-02-19, 10:07:13, 23.4, 44.69
2019-02-19, 10:07:14, 23.4, 44.66
2019-02-19, 10:07:16, 23.4, 44.69
2019-02-19, 10:07:17, 23.4, 44.69
2019-02-19, 10:07:18, 23.25, 44.71
2019-02-19, 10:07:20, 23.36, 44.75
2019-02-19, 10:07:21, 23.38, 44.79
2019-02-19, 10:07:23, 23.39, 44.76
2019-02-19, 10:07:24, 23.38, 44.75
2019-02-19, 10:07:25, 23.4, 44.72
2019-02-19, 10:07:27, 23.38, 44.72
2019-02-19, 10:07:28, 23.39, 44.72
2019-02-19, 10:07:29, 23.39, 44.72
2019-02-19, 10:07:31, 23.39, 44.72
2019-02-19, 10:07:32, 23.4, 44.72
2019-02-19, 10:07:33, 23.38, 44.72
2019-02-19, 10:07:35, 23.4, 44.72
2019-02-19, 10:07:36, 23.39, 44.69
2019-02-19, 10:07:37, 23.4, 44.66
2019-02-19, 10:07:39, 23.39, 44.66
2019-02-19, 10:07:40, 23.4, 44.69
2019-02-19, 10:07:41, 23.39, 44.69
2019-02-19, 10:07:43, 23.39, 44.72
2019-02-19, 10:07:44, 23.39, 44.69
2019-02-19, 10:07:46, 23.38, 44.69
2019-02-19, 10:07:47, 23.39, 44.69
2019-02-19, 10:07:48, 23.22, 44.73
2019-02-19, 10:07:50, 23.34, 44.78
2019-02-19, 10:07:51, 23.36, 44.82
2019-02-19, 10:07:52, 23.37, 44.78
2019-02-19, 10:07:54, 23.38, 44.79
2019-02-19, 10:07:55, 23.38, 44.79
2019-02-19, 10:07:56, 23.39, 44.76
2019-02-19, 10:07:58, 23.38, 44.75
2019-02-19, 10:07:59, 23.39, 44.72
2019-02-19, 10:08:00, 23.38, 44.72
2019-02-19, 10:08:02, 23.38, 44.72
2019-02-19, 10:08:03, 23.37, 44.75
2019-02-19, 10:08:05, 23.38, 44.72
2019-02-19, 10:08:06, 23.39, 44.72
2019-02-19, 10:08:07, 23.39, 44.72
2019-02-19, 10:08:09, 23.39, 44.72
2019-02-19, 10:08:10, 23.39, 44.72
2019-02-19, 10:08:11, 23.38, 44.72
2019-02-19, 10:08:13, 23.38, 44.69
2019-02-19, 10:08:14, 23.38, 44.72
2019-02-19, 10:08:15, 23.39, 44.72
2019-02-19, 10:08:17, 23.38, 44.72
2019-02-19, 10:08:18, 23.38, 44.69
2019-02-19, 10:08:19, 23.37, 44.69
2019-02-19, 10:08:21, 23.39, 44.69
2019-02-19, 10:08:22, 23.39, 44.69
2019-02-19, 10:08:24, 23.39, 44.69
2019-02-19, 10:08:25, 23.38, 44.69
2019-02-19, 10:08:26, 23.39, 44.69
2019-02-19, 10:08:28, 23.38, 44.69
2019-02-19, 10:08:29, 23.38, 44.72
2019-02-19, 10:08:30, 23.38, 44.72
2019-02-19, 10:08:32, 23.4, 44.69
2019-02-19, 10:08:33, 23.38, 44.72
2019-02-19, 10:08:34, 23.39, 44.69
2019-02-19, 10:08:36, 23.39, 44.72
2019-02-19, 10:08:37, 23.39, 44.72
2019-02-19, 10:08:39, 23.38, 44.72
2019-02-19, 10:08:40, 23.38, 44.72
2019-02-19, 10:08:41, 23.39, 44.72
2019-02-19, 10:08:43, 23.4, 44.76
2019-02-19, 10:08:44, 23.39, 44.72
2019-02-19, 10:08:45, 23.39, 44.72
2019-02-19, 10:08:47, 23.39, 44.72
2019-02-19, 10:08:48, 23.4, 44.76
2019-02-19, 10:08:49, 23.4, 44.76
2019-02-19, 10:08:51, 23.38, 44.72
2019-02-19, 10:08:52, 23.38, 44.72
2019-02-19, 10:08:53, 23.39, 44.76
2019-02-19, 10:08:55, 23.38, 44.79
2019-02-19, 10:08:56, 23.38, 44.75
2019-02-19, 10:08:58, 23.39, 44.76
2019-02-19, 10:08:59, 23.38, 44.75
2019-02-19, 10:09:00, 23.39, 44.76
2019-02-19, 10:09:02, 23.38, 44.72
2019-02-19, 10:09:03, 23.38, 44.72
2019-02-19, 10:09:04, 23.36, 44.72
2019-02-19, 10:09:06, 23.38, 44.72
2019-02-19, 10:09:07, 23.37, 44.72
2019-02-19, 10:09:08, 23.38, 44.72
2019-02-19, 10:09:10, 23.38, 44.72
2019-02-19, 10:09:11, 23.37, 44.72
2019-02-19, 10:09:12, 23.37, 44.72
2019-02-19, 10:09:14, 23.37, 44.72
2019-02-19, 10:09:15, 23.39, 44.72
2019-02-19, 10:09:17, 23.31, 44.71
2019-02-19, 10:09:18, 23.37, 44.72
2019-02-19, 10:09:19, 23.37, 44.72
2019-02-19, 10:09:21, 23.36, 44.72
2019-02-19, 10:09:22, 23.37, 44.72
2019-02-19, 10:09:23, 23.36, 44.72
2019-02-19, 10:09:25, 23.37, 44.72
2019-02-19, 10:09:26, 23.37, 44.72
2019-02-19, 10:09:27, 23.38, 44.72
2019-02-19, 10:09:29, 23.38, 44.72
2019-02-19, 10:09:30, 23.37, 44.72
2019-02-19, 10:09:31, 23.38, 44.72
2019-02-19, 10:09:33, 23.38, 44.72
2019-02-19, 10:09:34, 23.37, 44.72
2019-02-19, 10:09:35, 23.38, 44.72
2019-02-19, 10:09:37, 23.37, 44.72
2019-02-19, 10:09:38, 23.36, 44.72
2019-02-19, 10:09:40, 23.36, 44.72
2019-02-19, 10:09:41, 23.37, 44.72
2019-02-19, 10:09:42, 23.36, 44.72
2019-02-19, 10:09:44, 23.36, 44.72
2019-02-19, 10:09:45, 23.36, 44.72
2019-02-19, 10:09:46, 23.37, 44.72
2019-02-19, 10:09:48, 23.35, 44.72
2019-02-19, 10:09:49, 23.35, 44.72
2019-02-19, 10:09:50, 23.35, 44.72
2019-02-19, 10:09:52, 23.24, 44.77
2019-02-19, 10:09:53, 23.32, 44.78
2019-02-19, 10:09:54, 23.34, 44.78
2019-02-19, 10:09:56, 23.34, 44.81
2019-02-19, 10:09:57, 23.34, 44.78
2019-02-19, 10:09:58, 23.35, 44.78
2019-02-19, 10:10:00, 23.36, 44.75
2019-02-19, 10:10:01, 23.35, 44.78
2019-02-19, 10:10:03, 23.34, 44.78
2019-02-19, 10:10:04, 23.35, 44.78
2019-02-19, 10:10:05, 23.35, 44.78
2019-02-19, 10:10:07, 23.34, 44.75
2019-02-19, 10:10:08, 23.34, 44.75
2019-02-19, 10:10:09, 23.35, 44.78
2019-02-19, 10:10:11, 23.35, 44.78
2019-02-19, 10:10:12, 23.34, 44.78
2019-02-19, 10:10:13, 23.35, 44.78
2019-02-19, 10:10:15, 23.35, 44.78
2019-02-19, 10:10:16, 23.35, 44.78
2019-02-19, 10:10:17, 23.34, 44.78
2019-02-19, 10:10:19, 23.35, 44.78
2019-02-19, 10:10:20, 23.35, 44.78
2019-02-19, 10:10:22, 23.24, 44.77
2019-02-19, 10:10:23, 23.32, 44.78
2019-02-19, 10:10:24, 23.32, 44.78
2019-02-19, 10:10:26, 23.34, 44.78
2019-02-19, 10:10:27, 23.34, 44.78
2019-02-19, 10:10:28, 23.34, 44.78
2019-02-19, 10:10:30, 23.34, 44.78
2019-02-19, 10:10:31, 23.34, 44.78
2019-02-19, 10:10:32, 23.35, 44.78
2019-02-19, 10:10:34, 23.34, 44.78
2019-02-19, 10:10:35, 23.36, 44.78
2019-02-19, 10:10:36, 23.36, 44.78
2019-02-19, 10:10:38, 23.35, 44.75
2019-02-19, 10:10:39, 23.34, 44.75
2019-02-19, 10:10:41, 23.34, 44.78
2019-02-19, 10:10:42, 23.35, 44.75
2019-02-19, 10:10:43, 23.35, 44.75
2019-02-19, 10:10:45, 23.35, 44.75
2019-02-19, 10:10:46, 23.21, 44.77
2019-02-19, 10:10:47, 23.32, 44.84
2019-02-19, 10:10:49, 23.34, 44.85
2019-02-19, 10:10:50, 23.34, 44.85
2019-02-19, 10:10:51, 23.34, 44.81
2019-02-19, 10:10:53, 23.34, 44.85
2019-02-19, 10:10:54, 23.34, 44.85
2019-02-19, 10:10:55, 23.34, 44.85
2019-02-19, 10:10:57, 23.33, 44.78
2019-02-19, 10:10:58, 23.34, 44.78
2019-02-19, 10:11:00, 23.34, 44.78
2019-02-19, 10:11:01, 23.32, 44.78
2019-02-19, 10:11:02, 23.33, 44.78
2019-02-19, 10:11:04, 23.34, 44.78
2019-02-19, 10:11:05, 23.34, 44.78
2019-02-19, 10:11:06, 23.34, 44.78
2019-02-19, 10:11:08, 23.34, 44.78
2019-02-19, 10:11:09, 23.35, 44.78
2019-02-19, 10:11:10, 23.34, 44.81
2019-02-19, 10:11:12, 23.34, 44.81
2019-02-19, 10:11:13, 23.34, 44.81
2019-02-19, 10:11:14, 23.34, 44.81
2019-02-19, 10:11:16, 23.34, 44.81
2019-02-19, 10:11:17, 23.34, 44.81
2019-02-19, 10:11:19, 23.33, 44.84
2019-02-19, 10:11:20, 23.34, 44.85
2019-02-19, 10:11:21, 23.17, 44.86
2019-02-19, 10:11:23, 23.27, 44.9
2019-02-19, 10:11:24, 23.3, 44.91
2019-02-19, 10:11:25, 23.3, 44.91
2019-02-19, 10:11:27, 23.31, 44.91
2019-02-19, 10:11:28, 23.32, 44.91
2019-02-19, 10:11:29, 23.31, 44.91
2019-02-19, 10:11:31, 23.31, 44.91
2019-02-19, 10:11:32, 23.31, 44.91
2019-02-19, 10:11:33, 23.32, 44.91
2019-02-19, 10:11:35, 23.33, 44.88
2019-02-19, 10:11:36, 23.32, 44.91
2019-02-19, 10:11:38, 23.31, 44.87
2019-02-19, 10:11:39, 23.32, 44.84
2019-02-19, 10:11:40, 23.32, 44.91
2019-02-19, 10:11:42, 23.33, 44.88
2019-02-19, 10:11:43, 23.33, 44.84
2019-02-19, 10:11:44, 23.33, 44.84
2019-02-19, 10:11:46, 23.32, 44.84
2019-02-19, 10:11:47, 23.33, 44.81
2019-02-19, 10:11:48, 23.33, 44.84
2019-02-19, 10:11:50, 23.33, 44.84
2019-02-19, 10:11:51, 23.34, 44.85
2019-02-19, 10:11:52, 23.34, 44.85
2019-02-19, 10:11:54, 23.33, 44.84
2019-02-19, 10:11:55, 23.34, 44.85
2019-02-19, 10:11:57, 23.32, 44.84
2019-02-19, 10:11:58, 23.32, 44.84
2019-02-19, 10:11:59, 23.33, 44.88
2019-02-19, 10:12:01, 23.34, 44.85
2019-02-19, 10:12:02, 23.33, 44.88
2019-02-19, 10:12:03, 23.32, 44.84
2019-02-19, 10:12:05, 23.33, 44.88
2019-02-19, 10:12:06, 23.33, 44.88
2019-02-19, 10:12:07, 23.32, 44.91
2019-02-19, 10:12:09, 23.33, 44.88
2019-02-19, 10:12:10, 23.32, 44.88
2019-02-19, 10:12:11, 23.32, 44.91
2019-02-19, 10:12:13, 23.33, 44.91
2019-02-19, 10:12:14, 23.32, 44.88
2019-02-19, 10:12:15, 23.31, 44.87
2019-02-19, 10:12:17, 23.32, 44.91
2019-02-19, 10:12:18, 23.33, 44.88
2019-02-19, 10:12:20, 23.33, 44.88
2019-02-19, 10:12:21, 23.32, 44.91
2019-02-19, 10:12:22, 23.32, 44.91
2019-02-19, 10:12:24, 23.32, 44.91
2019-02-19, 10:12:25, 23.32, 44.88
2019-02-19, 10:12:26, 23.32, 44.91
2019-02-19, 10:12:28, 23.32, 44.88
2019-02-19, 10:12:29, 23.32, 44.91
2019-02-19, 10:12:30, 23.32, 44.88
2019-02-19, 10:12:32, 23.32, 44.84
2019-02-19, 10:12:33, 23.32, 44.88
2019-02-19, 10:12:34, 23.33, 44.84
2019-02-19, 10:12:36, 23.31, 44.87
2019-02-19, 10:12:37, 23.32, 44.84
2019-02-19, 10:12:39, 23.33, 44.88
2019-02-19, 10:12:40, 23.34, 44.85
2019-02-19, 10:12:41, 23.33, 44.84
2019-02-19, 10:12:43, 23.32, 44.88
2019-02-19, 10:12:44, 23.31, 44.87
2019-02-19, 10:12:45, 23.34, 44.88
2019-02-19, 10:12:47, 23.34, 44.88
2019-02-19, 10:12:48, 23.34, 44.85
2019-02-19, 10:12:49, 23.34, 44.85
2019-02-19, 10:12:51, 23.33, 44.84
2019-02-19, 10:12:52, 23.33, 44.84
2019-02-19, 10:12:53, 23.34, 44.85
2019-02-19, 10:12:55, 23.34, 44.85
2019-02-19, 10:12:56, 23.32, 44.84
2019-02-19, 10:12:57, 23.33, 44.84
2019-02-19, 10:12:59, 23.32, 44.84
2019-02-19, 10:13:00, 23.32, 44.84
2019-02-19, 10:13:02, 23.31, 44.84
2019-02-19, 10:13:03, 23.33, 44.84
2019-02-19, 10:13:04, 23.33, 44.84
2019-02-19, 10:13:06, 23.33, 44.84
2019-02-19, 10:13:07, 23.33, 44.84
2019-02-19, 10:13:08, 23.33, 44.84
2019-02-19, 10:13:10, 23.34, 44.85
2019-02-19, 10:13:11, 23.32, 44.84
2019-02-19, 10:13:12, 23.32, 44.88
2019-02-19, 10:13:14, 23.33, 44.84
2019-02-19, 10:13:15, 23.32, 44.84
2019-02-19, 10:13:16, 23.31, 44.87
2019-02-19, 10:13:18, 23.32, 44.88
2019-02-19, 10:13:19, 23.32, 44.84
2019-02-19, 10:13:20, 23.32, 44.88
2019-02-19, 10:13:22, 23.32, 44.91
2019-02-19, 10:13:23, 23.32, 44.88
2019-02-19, 10:13:25, 23.32, 44.88
2019-02-19, 10:13:26, 23.33, 44.88
2019-02-19, 10:13:27, 23.33, 44.84
2019-02-19, 10:13:29, 23.32, 44.84
2019-02-19, 10:13:30, 23.32, 44.88
2019-02-19, 10:13:31, 23.32, 44.88
2019-02-19, 10:13:33, 23.33, 44.88
2019-02-19, 10:13:34, 23.32, 44.88
2019-02-19, 10:13:35, 23.33, 44.88
2019-02-19, 10:13:37, 23.33, 44.88
2019-02-19, 10:13:38, 23.33, 44.88
2019-02-19, 10:13:39, 23.32, 44.88
2019-02-19, 10:13:41, 23.33, 44.88
2019-02-19, 10:13:42, 23.34, 44.85
2019-02-19, 10:13:43, 23.28, 44.87
2019-02-19, 10:13:45, 23.32, 44.88
2019-02-19, 10:13:46, 23.33, 44.88
2019-02-19, 10:13:48, 23.34, 44.88
2019-02-19, 10:13:49, 23.34, 44.88
2019-02-19, 10:13:50, 23.34, 44.88
2019-02-19, 10:13:52, 23.32, 44.88
2019-02-19, 10:13:53, 23.34, 44.88
2019-02-19, 10:13:54, 23.32, 44.88
2019-02-19, 10:13:56, 23.33, 44.84
2019-02-19, 10:13:57, 23.33, 44.84
2019-02-19, 10:13:58, 23.32, 44.88
2019-02-19, 10:14:00, 23.33, 44.84
2019-02-19, 10:14:01, 23.33, 44.84
2019-02-19, 10:14:02, 23.32, 44.84
2019-02-19, 10:14:04, 23.33, 44.84
2019-02-19, 10:14:05, 23.33, 44.84
2019-02-19, 10:14:06, 23.34, 44.85
2019-02-19, 10:14:08, 23.32, 44.84
2019-02-19, 10:14:09, 23.34, 44.85
2019-02-19, 10:14:11, 23.32, 44.84
2019-02-19, 10:14:12, 23.33, 44.84
2019-02-19, 10:14:13, 23.31, 44.84
2019-02-19, 10:14:15, 23.32, 44.84
2019-02-19, 10:14:16, 23.32, 44.84
2019-02-19, 10:14:17, 23.33, 44.84
2019-02-19, 10:14:19, 23.32, 44.84
2019-02-19, 10:14:20, 23.32, 44.84
2019-02-19, 10:14:21, 23.33, 44.84
2019-02-19, 10:14:23, 23.33, 44.84
2019-02-19, 10:14:24, 23.32, 44.84
2019-02-19, 10:14:25, 23.32, 44.84
2019-02-19, 10:14:27, 23.32, 44.84
2019-02-19, 10:14:28, 23.32, 44.84
2019-02-19, 10:14:30, 23.32, 44.84
2019-02-19, 10:14:31, 23.32, 44.84
2019-02-19, 10:14:32, 23.31, 44.84
2019-02-19, 10:14:34, 23.32, 44.84
2019-02-19, 10:14:35, 23.32, 44.84
2019-02-19, 10:14:36, 23.32, 44.84
2019-02-19, 10:14:38, 23.33, 44.84
2019-02-19, 10:14:39, 23.32, 44.84
2019-02-19, 10:14:40, 23.32, 44.84
2019-02-19, 10:14:42, 23.33, 44.84
2019-02-19, 10:14:43, 23.33, 44.84
2019-02-19, 10:14:44, 23.33, 44.88
2019-02-19, 10:14:46, 23.32, 44.88
2019-02-19, 10:14:47, 23.32, 44.88
2019-02-19, 10:14:48, 23.19, 44.86
2019-02-19, 10:14:50, 23.28, 44.9
2019-02-19, 10:14:51, 23.28, 44.9
2019-02-19, 10:14:53, 23.3, 44.91
2019-02-19, 10:14:54, 23.32, 44.91
2019-02-19, 10:14:55, 23.3, 44.87
2019-02-19, 10:14:57, 23.32, 44.88
2019-02-19, 10:14:58, 23.31, 44.91
2019-02-19, 10:14:59, 23.32, 44.91
2019-02-19, 10:15:01, 23.33, 44.91
2019-02-19, 10:15:02, 23.33, 44.91
2019-02-19, 10:15:03, 23.33, 44.91
2019-02-19, 10:15:05, 23.32, 44.91
2019-02-19, 10:15:06, 23.34, 44.91
2019-02-19, 10:15:07, 23.33, 44.88
2019-02-19, 10:15:09, 23.32, 44.88
2019-02-19, 10:15:10, 23.32, 44.84
2019-02-19, 10:15:11, 23.32, 44.91
2019-02-19, 10:15:13, 23.32, 44.84
2019-02-19, 10:15:14, 23.32, 44.88
2019-02-19, 10:15:16, 23.32, 44.88
2019-02-19, 10:15:17, 23.32, 44.84
2019-02-19, 10:15:18, 23.32, 44.88
2019-02-19, 10:15:20, 23.32, 44.88
2019-02-19, 10:15:21, 23.32, 44.88
2019-02-19, 10:15:22, 23.32, 44.91
2019-02-19, 10:15:24, 23.33, 44.88
2019-02-19, 10:15:25, 23.33, 44.88
2019-02-19, 10:15:26, 23.33, 44.88
2019-02-19, 10:15:28, 23.33, 44.84
2019-02-19, 10:15:29, 23.33, 44.91
2019-02-19, 10:15:30, 23.34, 44.88
2019-02-19, 10:15:32, 23.32, 44.88
2019-02-19, 10:15:33, 23.33, 44.84
2019-02-19, 10:15:34, 23.33, 44.88
2019-02-19, 10:15:36, 23.33, 44.84
2019-02-19, 10:15:37, 23.34, 44.85
2019-02-19, 10:15:39, 23.32, 44.84
2019-02-19, 10:15:40, 23.34, 44.85
2019-02-19, 10:15:41, 23.33, 44.84
2019-02-19, 10:15:43, 23.2, 44.86
2019-02-19, 10:15:44, 23.3, 44.87
2019-02-19, 10:15:45, 23.3, 44.91
2019-02-19, 10:15:47, 23.31, 44.91
2019-02-19, 10:15:48, 23.32, 44.88
2019-02-19, 10:15:49, 23.31, 44.87
2019-02-19, 10:15:51, 23.32, 44.84
2019-02-19, 10:15:52, 23.32, 44.88
2019-02-19, 10:15:53, 23.32, 44.88
2019-02-19, 10:15:55, 23.32, 44.84
2019-02-19, 10:15:56, 23.32, 44.84
2019-02-19, 10:15:57, 23.32, 44.84
2019-02-19, 10:15:59, 23.32, 44.84
2019-02-19, 10:16:00, 23.33, 44.84
2019-02-19, 10:16:02, 23.32, 44.84
2019-02-19, 10:16:03, 23.32, 44.84
2019-02-19, 10:16:04, 23.32, 44.84
2019-02-19, 10:16:06, 23.34, 44.85
2019-02-19, 10:16:07, 23.33, 44.84
2019-02-19, 10:16:08, 23.33, 44.84
2019-02-19, 10:16:10, 23.35, 44.85
2019-02-19, 10:16:11, 23.34, 44.85
2019-02-19, 10:16:12, 23.34, 44.88
2019-02-19, 10:16:14, 23.33, 44.84
2019-02-19, 10:16:15, 23.35, 44.85
2019-02-19, 10:16:16, 23.32, 44.84
2019-02-19, 10:16:18, 23.32, 44.84
2019-02-19, 10:16:19, 23.33, 44.84
2019-02-19, 10:16:21, 23.34, 44.85
2019-02-19, 10:16:22, 23.32, 44.84
2019-02-19, 10:16:23, 23.34, 44.85
2019-02-19, 10:16:25, 23.34, 44.85
2019-02-19, 10:16:26, 23.33, 44.84
2019-02-19, 10:16:27, 23.33, 44.84
2019-02-19, 10:16:29, 23.33, 44.84
2019-02-19, 10:16:30, 23.33, 44.84
2019-02-19, 10:16:31, 23.32, 44.84
2019-02-19, 10:16:33, 23.34, 44.88
2019-02-19, 10:16:34, 23.32, 44.84
2019-02-19, 10:16:35, 23.32, 44.84
2019-02-19, 10:16:37, 23.32, 44.84
2019-02-19, 10:16:38, 23.31, 44.87
2019-02-19, 10:16:39, 23.31, 44.87
2019-02-19, 10:16:41, 23.32, 44.84
2019-02-19, 10:16:42, 23.17, 44.86
2019-02-19, 10:16:44, 23.27, 44.9
2019-02-19, 10:16:45, 23.28, 44.94
2019-02-19, 10:16:46, 23.31, 44.91
2019-02-19, 10:16:48, 23.15, 44.92
2019-02-19, 10:16:49, 23.26, 44.97
2019-02-19, 10:16:50, 23.28, 44.97
2019-02-19, 10:16:52, 23.29, 44.97
2019-02-19, 10:16:53, 23.29, 44.94
2019-02-19, 10:16:54, 23.31, 44.94
2019-02-19, 10:16:56, 23.31, 44.94
2019-02-19, 10:16:57, 23.31, 44.91
2019-02-19, 10:16:58, 23.32, 44.91
2019-02-19, 10:17:00, 23.33, 44.91
2019-02-19, 10:17:01, 23.34, 44.88
2019-02-19, 10:17:03, 23.33, 44.91
2019-02-19, 10:17:04, 23.34, 44.91
2019-02-19, 10:17:05, 23.33, 44.88
2019-02-19, 10:17:07, 23.33, 44.88
2019-02-19, 10:17:08, 23.33, 44.91
2019-02-19, 10:17:09, 23.33, 44.91
2019-02-19, 10:17:11, 23.32, 44.88
2019-02-19, 10:17:12, 23.32, 44.91
2019-02-19, 10:17:13, 23.32, 44.88
2019-02-19, 10:17:15, 23.33, 44.88
2019-02-19, 10:17:16, 23.33, 44.88
2019-02-19, 10:17:17, 23.33, 44.84
2019-02-19, 10:17:19, 23.32, 44.84
2019-02-19, 10:17:20, 23.32, 44.88
2019-02-19, 10:17:22, 23.33, 44.84
2019-02-19, 10:17:23, 23.33, 44.84
2019-02-19, 10:17:24, 23.32, 44.84
2019-02-19, 10:17:26, 23.32, 44.84
2019-02-19, 10:17:27, 23.32, 44.84
2019-02-19, 10:17:28, 23.32, 44.84
2019-02-19, 10:17:30, 23.31, 44.84
2019-02-19, 10:17:31, 23.31, 44.84
2019-02-19, 10:17:32, 23.32, 44.84
2019-02-19, 10:17:34, 23.32, 44.84
2019-02-19, 10:17:35, 23.32, 44.84
2019-02-19, 10:17:36, 23.32, 44.84
2019-02-19, 10:17:38, 23.32, 44.84
2019-02-19, 10:17:39, 23.3, 44.84
2019-02-19, 10:17:41, 23.3, 44.84
2019-02-19, 10:17:42, 23.31, 44.84
2019-02-19, 10:17:43, 23.3, 44.87
2019-02-19, 10:17:45, 23.31, 44.87
2019-02-19, 10:17:46, 23.33, 44.88
2019-02-19, 10:17:47, 23.31, 44.87
2019-02-19, 10:17:49, 23.32, 44.88
2019-02-19, 10:17:50, 23.31, 44.87
2019-02-19, 10:17:51, 23.31, 44.87
2019-02-19, 10:17:53, 23.32, 44.91
2019-02-19, 10:17:54, 23.32, 44.91
2019-02-19, 10:17:56, 23.32, 44.88
2019-02-19, 10:17:57, 23.32, 44.88
2019-02-19, 10:17:58, 23.32, 44.91
2019-02-19, 10:18:00, 23.32, 44.91
2019-02-19, 10:18:01, 23.32, 44.88
2019-02-19, 10:18:02, 23.32, 44.88
2019-02-19, 10:18:04, 23.32, 44.88
2019-02-19, 10:18:05, 23.31, 44.87
2019-02-19, 10:18:06, 23.32, 44.84
2019-02-19, 10:18:08, 23.3, 44.84
2019-02-19, 10:18:09, 23.3, 44.84
2019-02-19, 10:18:10, 23.32, 44.88
2019-02-19, 10:18:12, 23.29, 44.87
2019-02-19, 10:18:13, 23.31, 44.91
2019-02-19, 10:18:15, 23.3, 44.87
2019-02-19, 10:18:16, 23.3, 44.87
2019-02-19, 10:18:17, 23.3, 44.87
2019-02-19, 10:18:19, 23.3, 44.87
2019-02-19, 10:18:20, 23.3, 44.91
2019-02-19, 10:18:21, 23.31, 44.91
2019-02-19, 10:18:23, 23.31, 44.91
2019-02-19, 10:18:24, 23.32, 44.88
2019-02-19, 10:18:25, 23.32, 44.88
2019-02-19, 10:18:27, 23.3, 44.91
2019-02-19, 10:18:28, 23.32, 44.91
2019-02-19, 10:18:29, 23.33, 44.91
2019-02-19, 10:18:31, 23.32, 44.91
2019-02-19, 10:18:32, 23.31, 44.87
2019-02-19, 10:18:34, 23.32, 44.91
2019-02-19, 10:18:35, 23.31, 44.91
2019-02-19, 10:18:36, 23.33, 44.84
2019-02-19, 10:18:38, 23.32, 44.88
2019-02-19, 10:18:39, 23.32, 44.88
2019-02-19, 10:18:40, 23.31, 44.87
2019-02-19, 10:18:42, 23.33, 44.88
2019-02-19, 10:18:43, 23.32, 44.91
2019-02-19, 10:18:44, 23.33, 44.88
2019-02-19, 10:18:46, 23.33, 44.91
2019-02-19, 10:18:47, 23.31, 44.91
2019-02-19, 10:18:48, 23.31, 44.84
2019-02-19, 10:18:50, 23.32, 44.91
2019-02-19, 10:18:51, 23.31, 44.87
2019-02-19, 10:18:53, 23.32, 44.88
2019-02-19, 10:18:54, 23.32, 44.88
2019-02-19, 10:18:55, 23.33, 44.84
2019-02-19, 10:18:57, 23.32, 44.84
2019-02-19, 10:18:58, 23.32, 44.84
2019-02-19, 10:18:59, 23.31, 44.84
2019-02-19, 10:19:01, 23.32, 44.84
2019-02-19, 10:19:02, 23.31, 44.84
2019-02-19, 10:19:03, 23.31, 44.84
2019-02-19, 10:19:05, 23.32, 44.84
2019-02-19, 10:19:06, 23.3, 44.84
2019-02-19, 10:19:07, 23.3, 44.84
2019-02-19, 10:19:09, 23.31, 44.87
2019-02-19, 10:19:10, 23.21, 44.89
2019-02-19, 10:19:12, 23.3, 44.91
2019-02-19, 10:19:13, 23.29, 44.9
2019-02-19, 10:19:14, 23.3, 44.91
2019-02-19, 10:19:16, 23.31, 44.91
2019-02-19, 10:19:17, 23.31, 44.91
2019-02-19, 10:19:18, 23.3, 44.87
2019-02-19, 10:19:20, 23.31, 44.91
2019-02-19, 10:19:21, 23.32, 44.88
2019-02-19, 10:19:22, 23.3, 44.84
2019-02-19, 10:19:24, 23.31, 44.84
2019-02-19, 10:19:25, 23.32, 44.84
2019-02-19, 10:19:26, 23.31, 44.84
2019-02-19, 10:19:28, 23.32, 44.84
2019-02-19, 10:19:29, 23.32, 44.84
2019-02-19, 10:19:31, 23.32, 44.84
2019-02-19, 10:19:32, 23.32, 44.84
2019-02-19, 10:19:33, 23.32, 44.84
2019-02-19, 10:19:35, 23.32, 44.84
2019-02-19, 10:19:36, 23.32, 44.84
2019-02-19, 10:19:37, 23.31, 44.84
2019-02-19, 10:19:39, 23.32, 44.84
2019-02-19, 10:19:40, 23.32, 44.84
2019-02-19, 10:19:41, 23.32, 44.84
2019-02-19, 10:19:43, 23.32, 44.88
2019-02-19, 10:19:44, 23.32, 44.84
2019-02-19, 10:19:45, 23.32, 44.88
2019-02-19, 10:19:47, 23.32, 44.88
2019-02-19, 10:19:48, 23.31, 44.84
2019-02-19, 10:19:50, 23.32, 44.88
2019-02-19, 10:19:51, 23.31, 44.91
2019-02-19, 10:19:52, 23.33, 44.88
2019-02-19, 10:19:54, 23.32, 44.84
2019-02-19, 10:19:55, 23.31, 44.91
2019-02-19, 10:19:56, 23.31, 44.91
2019-02-19, 10:19:58, 23.32, 44.88
2019-02-19, 10:19:59, 23.32, 44.88
2019-02-19, 10:20:00, 23.31, 44.87
2019-02-19, 10:20:02, 23.32, 44.91
2019-02-19, 10:20:03, 23.31, 44.87
2019-02-19, 10:20:04, 23.31, 44.87
2019-02-19, 10:20:06, 23.32, 44.88
2019-02-19, 10:20:07, 23.31, 44.87
2019-02-19, 10:20:08, 23.32, 44.91
2019-02-19, 10:20:10, 23.16, 44.89
2019-02-19, 10:20:11, 23.28, 44.97
2019-02-19, 10:20:13, 23.28, 44.97
2019-02-19, 10:20:14, 23.3, 44.97
2019-02-19, 10:20:15, 23.3, 44.94
2019-02-19, 10:20:17, 23.3, 44.91
2019-02-19, 10:20:18, 23.32, 44.94
2019-02-19, 10:20:19, 23.31, 44.91
2019-02-19, 10:20:21, 23.31, 44.91
2019-02-19, 10:20:22, 23.33, 44.91
2019-02-19, 10:20:23, 23.32, 44.91
2019-02-19, 10:20:25, 23.32, 44.91
2019-02-19, 10:20:26, 23.33, 44.91
2019-02-19, 10:20:27, 23.33, 44.91
2019-02-19, 10:20:29, 23.32, 44.91
2019-02-19, 10:20:30, 23.32, 44.88
2019-02-19, 10:20:32, 23.32, 44.88
2019-02-19, 10:20:33, 23.32, 44.88
2019-02-19, 10:20:34, 23.31, 44.87
2019-02-19, 10:20:36, 23.33, 44.88
2019-02-19, 10:20:37, 23.32, 44.88
2019-02-19, 10:20:38, 23.32, 44.84
2019-02-19, 10:20:40, 23.16, 44.89
2019-02-19, 10:20:41, 23.27, 44.97
2019-02-19, 10:20:42, 23.28, 44.97
2019-02-19, 10:20:44, 23.29, 44.97
2019-02-19, 10:20:45, 23.16, 44.99
2019-02-19, 10:20:46, 23.26, 45.03
2019-02-19, 10:20:48, 23.28, 45.03
2019-02-19, 10:20:49, 23.28, 45.0
2019-02-19, 10:20:51, 23.29, 45.0
2019-02-19, 10:20:52, 23.3, 44.97
2019-02-19, 10:20:53, 23.29, 44.97
2019-02-19, 10:20:55, 23.3, 44.97
2019-02-19, 10:20:56, 23.32, 44.94
2019-02-19, 10:20:57, 23.31, 44.94
2019-02-19, 10:20:59, 23.3, 44.94
2019-02-19, 10:21:00, 23.3, 44.91
2019-02-19, 10:21:01, 23.3, 44.91
2019-02-19, 10:21:03, 23.3, 44.91
2019-02-19, 10:21:04, 23.3, 44.91
2019-02-19, 10:21:05, 23.32, 44.91
2019-02-19, 10:21:07, 23.32, 44.91
2019-02-19, 10:21:08, 23.32, 44.91
2019-02-19, 10:21:10, 23.28, 44.87
2019-02-19, 10:21:11, 23.32, 44.88
2019-02-19, 10:21:12, 23.33, 44.91
2019-02-19, 10:21:14, 23.3, 44.87
2019-02-19, 10:21:15, 23.32, 44.91
2019-02-19, 10:21:16, 23.32, 44.88
2019-02-19, 10:21:18, 23.32, 44.91
2019-02-19, 10:21:19, 23.32, 44.91
2019-02-19, 10:21:20, 23.32, 44.88
2019-02-19, 10:21:22, 23.32, 44.84
2019-02-19, 10:21:23, 23.32, 44.88
2019-02-19, 10:21:25, 23.33, 44.84
2019-02-19, 10:21:26, 23.32, 44.84
2019-02-19, 10:21:27, 23.31, 44.84
2019-02-19, 10:21:29, 23.32, 44.84
2019-02-19, 10:21:30, 23.33, 44.84
2019-02-19, 10:21:31, 23.32, 44.84
2019-02-19, 10:21:33, 23.32, 44.84
2019-02-19, 10:21:34, 23.32, 44.84
2019-02-19, 10:21:35, 23.32, 44.84
2019-02-19, 10:21:37, 23.33, 44.84
2019-02-19, 10:21:38, 23.33, 44.84
2019-02-19, 10:21:39, 23.33, 44.84
2019-02-19, 10:21:41, 23.34, 44.85
2019-02-19, 10:21:42, 23.33, 44.84
2019-02-19, 10:21:44, 23.33, 44.84
2019-02-19, 10:21:45, 23.34, 44.85
2019-02-19, 10:21:46, 23.34, 44.81
2019-02-19, 10:21:48, 23.33, 44.84
2019-02-19, 10:21:49, 23.34, 44.85
2019-02-19, 10:21:50, 23.33, 44.84
2019-02-19, 10:21:52, 23.33, 44.84
2019-02-19, 10:21:53, 23.34, 44.85
2019-02-19, 10:21:54, 23.34, 44.85
2019-02-19, 10:21:56, 23.33, 44.84
2019-02-19, 10:21:57, 23.33, 44.84
2019-02-19, 10:21:58, 23.34, 44.85
2019-02-19, 10:22:00, 23.34, 44.85
2019-02-19, 10:22:01, 23.35, 44.85
2019-02-19, 10:22:02, 23.34, 44.85
2019-02-19, 10:22:04, 23.34, 44.81
2019-02-19, 10:22:05, 23.34, 44.81
2019-02-19, 10:22:07, 23.34, 44.85
2019-02-19, 10:22:08, 23.34, 44.85
2019-02-19, 10:22:09, 23.33, 44.81
2019-02-19, 10:22:11, 23.34, 44.85
2019-02-19, 10:22:12, 23.34, 44.85
2019-02-19, 10:22:13, 23.34, 44.85
2019-02-19, 10:22:15, 23.34, 44.85
2019-02-19, 10:22:16, 23.34, 44.85
2019-02-19, 10:22:17, 23.35, 44.85
2019-02-19, 10:22:19, 23.34, 44.85
2019-02-19, 10:22:20, 23.35, 44.85
2019-02-19, 10:22:21, 23.36, 44.85
2019-02-19, 10:22:23, 23.36, 44.85
2019-02-19, 10:22:24, 23.36, 44.85
2019-02-19, 10:22:25, 23.36, 44.85
2019-02-19, 10:22:27, 23.35, 44.81
2019-02-19, 10:22:28, 23.35, 44.81
2019-02-19, 10:22:30, 23.35, 44.81
2019-02-19, 10:22:31, 23.34, 44.78
2019-02-19, 10:22:32, 23.35, 44.78
2019-02-19, 10:22:34, 23.35, 44.81
2019-02-19, 10:22:35, 23.34, 44.81
2019-02-19, 10:22:36, 23.35, 44.81
2019-02-19, 10:22:38, 23.27, 44.81
2019-02-19, 10:22:39, 23.34, 44.85
2019-02-19, 10:22:40, 23.34, 44.85
2019-02-19, 10:22:42, 23.34, 44.85
2019-02-19, 10:22:43, 23.34, 44.85
2019-02-19, 10:22:44, 23.34, 44.85
2019-02-19, 10:22:46, 23.34, 44.85
2019-02-19, 10:22:47, 23.34, 44.85
2019-02-19, 10:22:48, 23.34, 44.85
2019-02-19, 10:22:50, 23.35, 44.85
2019-02-19, 10:22:51, 23.34, 44.85
2019-02-19, 10:22:53, 23.35, 44.85
2019-02-19, 10:22:54, 23.34, 44.85
2019-02-19, 10:22:55, 23.35, 44.85
2019-02-19, 10:22:57, 23.36, 44.85
2019-02-19, 10:22:58, 23.34, 44.85
2019-02-19, 10:22:59, 23.34, 44.81
2019-02-19, 10:23:01, 23.36, 44.85
2019-02-19, 10:23:02, 23.34, 44.85
2019-02-19, 10:23:03, 23.35, 44.85
2019-02-19, 10:23:05, 23.34, 44.81
2019-02-19, 10:23:06, 23.36, 44.82
2019-02-19, 10:23:07, 23.36, 44.78
2019-02-19, 10:23:09, 23.35, 44.78
2019-02-19, 10:23:10, 23.36, 44.78
2019-02-19, 10:23:11, 23.35, 44.81
2019-02-19, 10:23:13, 23.26, 44.8
2019-02-19, 10:23:14, 23.32, 44.84
2019-02-19, 10:23:16, 23.34, 44.85
2019-02-19, 10:23:17, 23.34, 44.85
2019-02-19, 10:23:18, 23.35, 44.85
2019-02-19, 10:23:20, 23.35, 44.85
2019-02-19, 10:23:21, 23.35, 44.85
2019-02-19, 10:23:22, 23.33, 44.81
2019-02-19, 10:23:24, 23.34, 44.78
2019-02-19, 10:23:25, 23.35, 44.78
2019-02-19, 10:23:26, 23.34, 44.78
2019-02-19, 10:23:28, 23.35, 44.78
2019-02-19, 10:23:29, 23.35, 44.78
2019-02-19, 10:23:30, 23.35, 44.78
2019-02-19, 10:23:32, 23.34, 44.78
2019-02-19, 10:23:33, 23.34, 44.78
2019-02-19, 10:23:34, 23.35, 44.75
2019-02-19, 10:23:36, 23.34, 44.78
2019-02-19, 10:23:37, 23.22, 44.77
2019-02-19, 10:23:39, 23.31, 44.78
2019-02-19, 10:23:40, 23.33, 44.78
2019-02-19, 10:23:41, 23.32, 44.81
2019-02-19, 10:23:43, 23.33, 44.81
2019-02-19, 10:23:44, 23.34, 44.78
2019-02-19, 10:23:45, 23.34, 44.78
2019-02-19, 10:23:47, 23.34, 44.78
2019-02-19, 10:23:48, 23.34, 44.78
2019-02-19, 10:23:49, 23.34, 44.78
2019-02-19, 10:23:51, 23.19, 44.8
2019-02-19, 10:23:52, 23.29, 44.9
2019-02-19, 10:23:53, 23.32, 44.88
2019-02-19, 10:23:55, 23.32, 44.88
2019-02-19, 10:23:56, 23.34, 44.91
2019-02-19, 10:23:57, 23.33, 44.91
2019-02-19, 10:23:59, 23.34, 44.88
2019-02-19, 10:24:00, 23.34, 44.88
2019-02-19, 10:24:02, 23.33, 44.88
2019-02-19, 10:24:03, 23.34, 44.85
2019-02-19, 10:24:04, 23.35, 44.85
2019-02-19, 10:24:06, 23.36, 44.85
2019-02-19, 10:24:07, 23.22, 44.83
2019-02-19, 10:24:08, 23.3, 44.87
2019-02-19, 10:24:10, 23.32, 44.91
2019-02-19, 10:24:11, 23.33, 44.84
2019-02-19, 10:24:12, 23.34, 44.88
2019-02-19, 10:24:14, 23.34, 44.85
2019-02-19, 10:24:15, 23.35, 44.85
2019-02-19, 10:24:16, 23.34, 44.85
2019-02-19, 10:24:18, 23.33, 44.81
2019-02-19, 10:24:19, 23.35, 44.81
2019-02-19, 10:24:20, 23.34, 44.78
2019-02-19, 10:24:22, 23.34, 44.81
2019-02-19, 10:24:23, 23.34, 44.78
2019-02-19, 10:24:25, 23.34, 44.78
2019-02-19, 10:24:26, 23.33, 44.81
2019-02-19, 10:24:27, 23.32, 44.78
2019-02-19, 10:24:29, 23.33, 44.78
2019-02-19, 10:24:30, 23.33, 44.78
2019-02-19, 10:24:31, 23.32, 44.78
2019-02-19, 10:24:33, 23.34, 44.78
2019-02-19, 10:24:34, 23.33, 44.78
2019-02-19, 10:24:35, 23.33, 44.81
2019-02-19, 10:24:37, 23.21, 44.83
2019-02-19, 10:24:38, 23.3, 44.84
2019-02-19, 10:24:39, 23.31, 44.84
2019-02-19, 10:24:41, 23.32, 44.88
2019-02-19, 10:24:42, 23.33, 44.84
2019-02-19, 10:24:44, 23.33, 44.81
2019-02-19, 10:24:45, 23.33, 44.84
2019-02-19, 10:24:46, 23.33, 44.81
2019-02-19, 10:24:48, 23.33, 44.81
2019-02-19, 10:24:49, 23.34, 44.81
2019-02-19, 10:24:50, 23.34, 44.81
2019-02-19, 10:24:52, 23.33, 44.78
2019-02-19, 10:24:53, 23.34, 44.78
2019-02-19, 10:24:54, 23.33, 44.78
2019-02-19, 10:24:56, 23.34, 44.78
2019-02-19, 10:24:57, 23.34, 44.78
2019-02-19, 10:24:58, 23.36, 44.78
2019-02-19, 10:25:00, 23.34, 44.78
2019-02-19, 10:25:01, 23.35, 44.78
2019-02-19, 10:25:02, 23.33, 44.78
2019-02-19, 10:25:04, 23.33, 44.78
2019-02-19, 10:25:05, 23.34, 44.78
2019-02-19, 10:25:07, 23.35, 44.81
2019-02-19, 10:25:08, 23.34, 44.78
2019-02-19, 10:25:09, 23.34, 44.78
2019-02-19, 10:25:11, 23.35, 44.78
2019-02-19, 10:25:12, 23.34, 44.78
2019-02-19, 10:25:13, 23.34, 44.81
2019-02-19, 10:25:15, 23.34, 44.78
2019-02-19, 10:25:16, 23.34, 44.78
2019-02-19, 10:25:17, 23.34, 44.78
2019-02-19, 10:25:19, 23.34, 44.78
2019-02-19, 10:25:20, 23.35, 44.78
2019-02-19, 10:25:21, 23.34, 44.78
2019-02-19, 10:25:23, 23.35, 44.78
2019-02-19, 10:25:24, 23.34, 44.78
2019-02-19, 10:25:26, 23.35, 44.78
2019-02-19, 10:25:27, 23.35, 44.78
2019-02-19, 10:25:28, 23.35, 44.78
2019-02-19, 10:25:30, 23.35, 44.78
2019-02-19, 10:25:31, 23.35, 44.78
2019-02-19, 10:25:32, 23.35, 44.78
2019-02-19, 10:25:34, 23.35, 44.78
2019-02-19, 10:25:35, 23.35, 44.78
2019-02-19, 10:25:36, 23.19, 44.8
2019-02-19, 10:25:38, 23.3, 44.87
2019-02-19, 10:25:39, 23.31, 44.87
2019-02-19, 10:25:40, 23.33, 44.88
2019-02-19, 10:25:42, 23.19, 44.89
2019-02-19, 10:25:43, 23.29, 44.9
2019-02-19, 10:25:44, 23.32, 44.91
2019-02-19, 10:25:46, 23.32, 44.91
2019-02-19, 10:25:47, 23.35, 44.91
2019-02-19, 10:25:49, 23.34, 44.88
2019-02-19, 10:25:50, 23.34, 44.85
2019-02-19, 10:25:51, 23.35, 44.85
2019-02-19, 10:25:53, 23.36, 44.82
2019-02-19, 10:25:54, 23.36, 44.82
2019-02-19, 10:25:55, 23.36, 44.82
2019-02-19, 10:25:57, 23.36, 44.82
2019-02-19, 10:25:58, 23.36, 44.82
2019-02-19, 10:25:59, 23.36, 44.78
2019-02-19, 10:26:01, 23.36, 44.78
2019-02-19, 10:26:02, 23.35, 44.78
2019-02-19, 10:26:03, 23.35, 44.78
2019-02-19, 10:26:05, 23.34, 44.78
2019-02-19, 10:26:06, 23.34, 44.78
2019-02-19, 10:26:07, 23.36, 44.78
2019-02-19, 10:26:09, 23.36, 44.78
2019-02-19, 10:26:10, 23.36, 44.78
2019-02-19, 10:26:12, 23.37, 44.78
2019-02-19, 10:26:13, 23.37, 44.78
2019-02-19, 10:26:14, 23.38, 44.75
2019-02-19, 10:26:16, 23.37, 44.78
2019-02-19, 10:26:17, 23.37, 44.78
2019-02-19, 10:26:18, 23.38, 44.75
2019-02-19, 10:26:20, 23.38, 44.72
2019-02-19, 10:26:21, 23.39, 44.76
2019-02-19, 10:26:22, 23.39, 44.76
2019-02-19, 10:26:24, 23.39, 44.76
2019-02-19, 10:26:25, 23.4, 44.72
2019-02-19, 10:26:26, 23.41, 44.73
2019-02-19, 10:26:28, 23.4, 44.76
2019-02-19, 10:26:29, 23.4, 44.72
2019-02-19, 10:26:30, 23.4, 44.72
2019-02-19, 10:26:32, 23.41, 44.73
2019-02-19, 10:26:33, 23.4, 44.72
2019-02-19, 10:26:35, 23.4, 44.72
2019-02-19, 10:26:36, 23.41, 44.73
2019-02-19, 10:26:37, 23.41, 44.73
2019-02-19, 10:26:39, 23.41, 44.73
2019-02-19, 10:26:40, 23.4, 44.72
2019-02-19, 10:26:41, 23.41, 44.73
2019-02-19, 10:26:43, 23.41, 44.73
2019-02-19, 10:26:44, 23.41, 44.73
2019-02-19, 10:26:45, 23.41, 44.73
2019-02-19, 10:26:47, 23.41, 44.69
2019-02-19, 10:26:48, 23.4, 44.72
2019-02-19, 10:26:49, 23.41, 44.69
2019-02-19, 10:26:51, 23.4, 44.72
2019-02-19, 10:26:52, 23.42, 44.73
2019-02-19, 10:26:53, 23.41, 44.73
2019-02-19, 10:26:55, 23.42, 44.73
2019-02-19, 10:26:56, 23.42, 44.73
2019-02-19, 10:26:58, 23.42, 44.73
2019-02-19, 10:26:59, 23.42, 44.69
2019-02-19, 10:27:00, 23.41, 44.69
2019-02-19, 10:27:02, 23.42, 44.66
2019-02-19, 10:27:03, 23.42, 44.69
2019-02-19, 10:27:04, 23.43, 44.66
2019-02-19, 10:27:06, 23.42, 44.69
2019-02-19, 10:27:07, 23.43, 44.66
2019-02-19, 10:27:08, 23.43, 44.66
2019-02-19, 10:27:10, 23.42, 44.66
2019-02-19, 10:27:11, 23.43, 44.66
2019-02-19, 10:27:12, 23.42, 44.66
2019-02-19, 10:27:14, 23.43, 44.66
2019-02-19, 10:27:15, 23.42, 44.66
2019-02-19, 10:27:17, 23.42, 44.66
2019-02-19, 10:27:18, 23.44, 44.66
2019-02-19, 10:27:19, 23.43, 44.66
2019-02-19, 10:27:21, 23.43, 44.7
2019-02-19, 10:27:22, 23.44, 44.66
2019-02-19, 10:27:23, 23.43, 44.66
2019-02-19, 10:27:25, 23.44, 44.66
2019-02-19, 10:27:26, 23.42, 44.66
2019-02-19, 10:27:27, 23.42, 44.66
2019-02-19, 10:27:29, 23.43, 44.66
2019-02-19, 10:27:30, 23.44, 44.66
2019-02-19, 10:27:31, 23.43, 44.66
2019-02-19, 10:27:33, 23.44, 44.66
2019-02-19, 10:27:34, 23.42, 44.66
2019-02-19, 10:27:35, 23.43, 44.66
2019-02-19, 10:27:37, 23.43, 44.66
2019-02-19, 10:27:38, 23.44, 44.66
2019-02-19, 10:27:40, 23.44, 44.66
2019-02-19, 10:27:41, 23.44, 44.66
2019-02-19, 10:27:42, 23.43, 44.66
2019-02-19, 10:27:44, 23.45, 44.67
2019-02-19, 10:27:45, 23.43, 44.66
2019-02-19, 10:27:46, 23.45, 44.67
2019-02-19, 10:27:48, 23.44, 44.66
2019-02-19, 10:27:49, 23.44, 44.66
2019-02-19, 10:27:50, 23.45, 44.67
2019-02-19, 10:27:52, 23.44, 44.66
2019-02-19, 10:27:53, 23.44, 44.66
2019-02-19, 10:27:54, 23.44, 44.66
2019-02-19, 10:27:56, 23.44, 44.66
2019-02-19, 10:27:57, 23.44, 44.66
2019-02-19, 10:27:58, 23.45, 44.63
2019-02-19, 10:28:00, 23.44, 44.63
2019-02-19, 10:28:01, 23.44, 44.63
2019-02-19, 10:28:03, 23.42, 44.66
2019-02-19, 10:28:04, 23.44, 44.6
2019-02-19, 10:28:05, 23.42, 44.63
2019-02-19, 10:28:07, 23.44, 44.63
2019-02-19, 10:28:08, 23.44, 44.63
2019-02-19, 10:28:09, 23.43, 44.63
2019-02-19, 10:28:11, 23.43, 44.63
2019-02-19, 10:28:12, 23.43, 44.66
2019-02-19, 10:28:13, 23.43, 44.63
2019-02-19, 10:28:15, 23.43, 44.63
2019-02-19, 10:28:16, 23.44, 44.66
2019-02-19, 10:28:17, 23.43, 44.66
2019-02-19, 10:28:19, 23.44, 44.63
2019-02-19, 10:28:20, 23.43, 44.63
2019-02-19, 10:28:21, 23.42, 44.66
2019-02-19, 10:28:23, 23.42, 44.63
2019-02-19, 10:28:24, 23.43, 44.63
2019-02-19, 10:28:26, 23.44, 44.63
2019-02-19, 10:28:27, 23.44, 44.6
2019-02-19, 10:28:28, 23.44, 44.6
2019-02-19, 10:28:30, 23.44, 44.6
2019-02-19, 10:28:31, 23.44, 44.63
2019-02-19, 10:28:32, 23.44, 44.63
2019-02-19, 10:28:34, 23.44, 44.6
2019-02-19, 10:28:35, 23.44, 44.6
2019-02-19, 10:28:36, 23.44, 44.63
2019-02-19, 10:28:38, 23.43, 44.6
2019-02-19, 10:28:39, 23.44, 44.6
2019-02-19, 10:28:40, 23.43, 44.6
2019-02-19, 10:28:42, 23.44, 44.6
2019-02-19, 10:28:43, 23.45, 44.6
2019-02-19, 10:28:44, 23.45, 44.6
2019-02-19, 10:28:46, 23.45, 44.6
2019-02-19, 10:28:47, 23.45, 44.6
2019-02-19, 10:28:49, 23.44, 44.6
2019-02-19, 10:28:50, 23.44, 44.6
2019-02-19, 10:28:51, 23.46, 44.6
2019-02-19, 10:28:53, 23.46, 44.6
2019-02-19, 10:28:54, 23.45, 44.6
2019-02-19, 10:28:55, 23.46, 44.6
2019-02-19, 10:28:57, 23.46, 44.6
2019-02-19, 10:28:58, 23.46, 44.6
2019-02-19, 10:28:59, 23.47, 44.6
2019-02-19, 10:29:01, 23.46, 44.57
2019-02-19, 10:29:02, 23.47, 44.6
2019-02-19, 10:29:03, 23.47, 44.6
2019-02-19, 10:29:05, 23.47, 44.57
2019-02-19, 10:29:06, 23.46, 44.6
2019-02-19, 10:29:07, 23.47, 44.57
2019-02-19, 10:29:09, 23.48, 44.57
2019-02-19, 10:29:10, 23.48, 44.57
2019-02-19, 10:29:12, 23.48, 44.57
2019-02-19, 10:29:13, 23.47, 44.57
2019-02-19, 10:29:14, 23.48, 44.57
2019-02-19, 10:29:16, 23.49, 44.54
2019-02-19, 10:29:17, 23.48, 44.57
2019-02-19, 10:29:18, 23.48, 44.57
2019-02-19, 10:29:20, 23.48, 44.57
2019-02-19, 10:29:21, 23.47, 44.57
2019-02-19, 10:29:22, 23.47, 44.54
2019-02-19, 10:29:24, 23.47, 44.54
2019-02-19, 10:29:25, 23.48, 44.54
2019-02-19, 10:29:26, 23.49, 44.54
2019-02-19, 10:29:28, 23.48, 44.54
2019-02-19, 10:29:29, 23.48, 44.54
2019-02-19, 10:29:30, 23.49, 44.54
2019-02-19, 10:29:32, 23.49, 44.54
2019-02-19, 10:29:33, 23.48, 44.54
2019-02-19, 10:29:35, 23.48, 44.54
2019-02-19, 10:29:36, 23.49, 44.54
2019-02-19, 10:29:37, 23.48, 44.54
2019-02-19, 10:29:39, 23.49, 44.54
2019-02-19, 10:29:40, 23.49, 44.54
2019-02-19, 10:29:41, 23.5, 44.54
2019-02-19, 10:29:43, 23.47, 44.54
2019-02-19, 10:29:44, 23.48, 44.54
2019-02-19, 10:29:45, 23.49, 44.54
2019-02-19, 10:29:47, 23.49, 44.51
2019-02-19, 10:29:48, 23.49, 44.51
2019-02-19, 10:29:49, 23.48, 44.51
2019-02-19, 10:29:51, 23.48, 44.51
2019-02-19, 10:29:52, 23.5, 44.51
2019-02-19, 10:29:53, 23.5, 44.54
2019-02-19, 10:29:55, 23.5, 44.51
2019-02-19, 10:29:56, 23.49, 44.54
2019-02-19, 10:29:58, 23.5, 44.54
2019-02-19, 10:29:59, 23.5, 44.51
2019-02-19, 10:30:00, 23.5, 44.51
2019-02-19, 10:30:02, 23.48, 44.48
2019-02-19, 10:30:03, 23.5, 44.54
2019-02-19, 10:30:04, 23.5, 44.51
2019-02-19, 10:30:06, 23.5, 44.54
2019-02-19, 10:30:07, 23.5, 44.54
2019-02-19, 10:30:08, 23.5, 44.51
2019-02-19, 10:30:10, 23.5, 44.51
2019-02-19, 10:30:11, 23.5, 44.51
2019-02-19, 10:30:12, 23.51, 44.48
2019-02-19, 10:30:14, 23.49, 44.48
2019-02-19, 10:30:15, 23.51, 44.48
2019-02-19, 10:30:17, 23.51, 44.48
2019-02-19, 10:30:18, 23.49, 44.48
2019-02-19, 10:30:19, 23.51, 44.51
2019-02-19, 10:30:21, 23.5, 44.48
2019-02-19, 10:30:22, 23.5, 44.51
2019-02-19, 10:30:23, 23.51, 44.48
2019-02-19, 10:30:25, 23.51, 44.48
2019-02-19, 10:30:26, 23.5, 44.48
2019-02-19, 10:30:27, 23.51, 44.51
2019-02-19, 10:30:29, 23.5, 44.51
2019-02-19, 10:30:30, 23.51, 44.51
2019-02-19, 10:30:31, 23.5, 44.48
2019-02-19, 10:30:33, 23.37, 44.49
2019-02-19, 10:30:34, 23.47, 44.57
2019-02-19, 10:30:35, 23.47, 44.54
2019-02-19, 10:30:37, 23.48, 44.54
2019-02-19, 10:30:38, 23.5, 44.57
2019-02-19, 10:30:40, 23.49, 44.54
2019-02-19, 10:30:41, 23.48, 44.57
2019-02-19, 10:30:42, 23.5, 44.54
2019-02-19, 10:30:44, 23.5, 44.57
2019-02-19, 10:30:45, 23.51, 44.54
2019-02-19, 10:30:46, 23.5, 44.54
2019-02-19, 10:30:48, 23.5, 44.54
2019-02-19, 10:30:49, 23.5, 44.54
2019-02-19, 10:30:50, 23.51, 44.54
2019-02-19, 10:30:52, 23.5, 44.54
2019-02-19, 10:30:53, 23.51, 44.54
2019-02-19, 10:30:54, 23.51, 44.54
2019-02-19, 10:30:56, 23.51, 44.54
2019-02-19, 10:30:57, 23.51, 44.54
2019-02-19, 10:30:58, 23.5, 44.54
2019-02-19, 10:31:00, 23.51, 44.54
2019-02-19, 10:31:01, 23.5, 44.54
2019-02-19, 10:31:03, 23.36, 44.56
2019-02-19, 10:31:04, 23.44, 44.6
2019-02-19, 10:31:05, 23.47, 44.6
2019-02-19, 10:31:07, 23.46, 44.6
2019-02-19, 10:31:08, 23.49, 44.61
2019-02-19, 10:31:09, 23.5, 44.57
2019-02-19, 10:31:11, 23.48, 44.6
2019-02-19, 10:31:12, 23.49, 44.61
2019-02-19, 10:31:13, 23.5, 44.57
2019-02-19, 10:31:15, 23.5, 44.54
2019-02-19, 10:31:16, 23.49, 44.54
2019-02-19, 10:31:17, 23.52, 44.54
2019-02-19, 10:31:19, 23.51, 44.54
2019-02-19, 10:31:20, 23.5, 44.54
2019-02-19, 10:31:22, 23.5, 44.54
2019-02-19, 10:31:23, 23.51, 44.54
2019-02-19, 10:31:24, 23.52, 44.54
2019-02-19, 10:31:26, 23.51, 44.54
2019-02-19, 10:31:27, 23.52, 44.54
2019-02-19, 10:31:28, 23.52, 44.54
2019-02-19, 10:31:30, 23.51, 44.54
2019-02-19, 10:31:31, 23.51, 44.54
2019-02-19, 10:31:32, 23.53, 44.55
2019-02-19, 10:31:34, 23.52, 44.54
2019-02-19, 10:31:35, 23.52, 44.51
2019-02-19, 10:31:36, 23.52, 44.51
2019-02-19, 10:31:38, 23.54, 44.55
2019-02-19, 10:31:39, 23.53, 44.51
2019-02-19, 10:31:40, 23.51, 44.51
2019-02-19, 10:31:42, 23.52, 44.51
2019-02-19, 10:31:43, 23.51, 44.51
2019-02-19, 10:31:45, 23.51, 44.51
2019-02-19, 10:31:46, 23.51, 44.54
2019-02-19, 10:31:47, 23.52, 44.51
2019-02-19, 10:31:49, 23.52, 44.51
2019-02-19, 10:31:50, 23.52, 44.51
2019-02-19, 10:31:51, 23.52, 44.51
2019-02-19, 10:31:53, 23.51, 44.51
2019-02-19, 10:31:54, 23.53, 44.55
2019-02-19, 10:31:55, 23.52, 44.51
2019-02-19, 10:31:57, 23.52, 44.54
2019-02-19, 10:31:58, 23.52, 44.51
2019-02-19, 10:31:59, 23.52, 44.51
2019-02-19, 10:32:01, 23.53, 44.51
2019-02-19, 10:32:02, 23.52, 44.48
2019-02-19, 10:32:04, 23.52, 44.48
2019-02-19, 10:32:05, 23.52, 44.51
2019-02-19, 10:32:06, 23.53, 44.51
2019-02-19, 10:32:08, 23.53, 44.48
2019-02-19, 10:32:09, 23.52, 44.48
2019-02-19, 10:32:10, 23.53, 44.48
2019-02-19, 10:32:12, 23.52, 44.51
2019-02-19, 10:32:13, 23.53, 44.48
2019-02-19, 10:32:14, 23.53, 44.48
2019-02-19, 10:32:16, 23.53, 44.51
2019-02-19, 10:32:17, 23.54, 44.48
2019-02-19, 10:32:18, 23.53, 44.48
2019-02-19, 10:32:20, 23.53, 44.48
2019-02-19, 10:32:21, 23.54, 44.48
2019-02-19, 10:32:22, 23.54, 44.48
2019-02-19, 10:32:24, 23.54, 44.48
2019-02-19, 10:32:25, 23.54, 44.48
2019-02-19, 10:32:27, 23.54, 44.48
2019-02-19, 10:32:28, 23.54, 44.48
2019-02-19, 10:32:29, 23.54, 44.48
2019-02-19, 10:32:31, 23.54, 44.48
2019-02-19, 10:32:32, 23.53, 44.48
2019-02-19, 10:32:33, 23.54, 44.48
2019-02-19, 10:32:35, 23.54, 44.48
2019-02-19, 10:32:36, 23.52, 44.45
2019-02-19, 10:32:37, 23.53, 44.45
2019-02-19, 10:32:39, 23.54, 44.48
2019-02-19, 10:32:40, 23.53, 44.48
2019-02-19, 10:32:41, 23.53, 44.48
2019-02-19, 10:32:43, 23.54, 44.48
2019-02-19, 10:32:44, 23.52, 44.45
2019-02-19, 10:32:45, 23.53, 44.48
2019-02-19, 10:32:47, 23.53, 44.48
2019-02-19, 10:32:48, 23.53, 44.48
2019-02-19, 10:32:50, 23.52, 44.48
2019-02-19, 10:32:51, 23.53, 44.48
2019-02-19, 10:32:52, 23.52, 44.48
2019-02-19, 10:32:54, 23.53, 44.48
2019-02-19, 10:32:55, 23.53, 44.48
2019-02-19, 10:32:56, 23.54, 44.48
2019-02-19, 10:32:58, 23.54, 44.48
2019-02-19, 10:32:59, 23.54, 44.48
2019-02-19, 10:33:00, 23.52, 44.51
2019-02-19, 10:33:02, 23.52, 44.51
2019-02-19, 10:33:03, 23.52, 44.48
2019-02-19, 10:33:04, 23.53, 44.51
2019-02-19, 10:33:06, 23.54, 44.51
2019-02-19, 10:33:07, 23.53, 44.51
2019-02-19, 10:33:09, 23.53, 44.51
2019-02-19, 10:33:10, 23.54, 44.48
2019-02-19, 10:33:11, 23.54, 44.48
2019-02-19, 10:33:13, 23.54, 44.48
2019-02-19, 10:33:14, 23.53, 44.48
2019-02-19, 10:33:15, 23.54, 44.48
2019-02-19, 10:33:17, 23.55, 44.48
2019-02-19, 10:33:18, 23.54, 44.48
2019-02-19, 10:33:19, 23.54, 44.48
2019-02-19, 10:33:21, 23.54, 44.48
2019-02-19, 10:33:22, 23.54, 44.48
2019-02-19, 10:33:23, 23.54, 44.48
2019-02-19, 10:33:25, 23.53, 44.51
2019-02-19, 10:33:26, 23.53, 44.51
2019-02-19, 10:33:27, 23.54, 44.48
2019-02-19, 10:33:29, 23.54, 44.48
2019-02-19, 10:33:30, 23.52, 44.48
2019-02-19, 10:33:32, 23.55, 44.48
2019-02-19, 10:33:33, 23.53, 44.48
2019-02-19, 10:33:34, 23.53, 44.48
2019-02-19, 10:33:36, 23.54, 44.48
2019-02-19, 10:33:37, 23.54, 44.48
2019-02-19, 10:33:38, 23.55, 44.45
2019-02-19, 10:33:40, 23.54, 44.45
2019-02-19, 10:33:41, 23.54, 44.42
2019-02-19, 10:33:42, 23.54, 44.45
2019-02-19, 10:33:44, 23.54, 44.42
2019-02-19, 10:33:45, 23.56, 44.45
2019-02-19, 10:33:46, 23.54, 44.42
2019-02-19, 10:33:48, 23.54, 44.42
2019-02-19, 10:33:49, 23.54, 44.42
2019-02-19, 10:33:50, 23.55, 44.42
2019-02-19, 10:33:52, 23.55, 44.42
2019-02-19, 10:33:53, 23.54, 44.42
2019-02-19, 10:33:55, 23.55, 44.42
2019-02-19, 10:33:56, 23.54, 44.42
2019-02-19, 10:33:57, 23.52, 44.42
2019-02-19, 10:33:59, 23.53, 44.42
2019-02-19, 10:34:00, 23.49, 44.41
2019-02-19, 10:34:01, 23.53, 44.42
2019-02-19, 10:34:03, 23.54, 44.45
2019-02-19, 10:34:04, 23.53, 44.42
2019-02-19, 10:34:05, 23.54, 44.42
2019-02-19, 10:34:07, 23.54, 44.42
2019-02-19, 10:34:08, 23.54, 44.42
2019-02-19, 10:34:09, 23.56, 44.42
2019-02-19, 10:34:11, 23.55, 44.42
2019-02-19, 10:34:12, 23.55, 44.42
2019-02-19, 10:34:13, 23.53, 44.42
2019-02-19, 10:34:15, 23.55, 44.42
2019-02-19, 10:34:16, 23.54, 44.45
2019-02-19, 10:34:18, 23.56, 44.45
2019-02-19, 10:34:19, 23.54, 44.48
2019-02-19, 10:34:20, 23.56, 44.49
2019-02-19, 10:34:22, 23.55, 44.48
2019-02-19, 10:34:23, 23.54, 44.48
2019-02-19, 10:34:24, 23.54, 44.48
2019-02-19, 10:34:26, 23.54, 44.48
2019-02-19, 10:34:27, 23.54, 44.45
2019-02-19, 10:34:28, 23.55, 44.48
2019-02-19, 10:34:30, 23.48, 44.48
2019-02-19, 10:34:31, 23.53, 44.48
2019-02-19, 10:34:32, 23.54, 44.48
2019-02-19, 10:34:34, 23.54, 44.51
2019-02-19, 10:34:35, 23.55, 44.52
2019-02-19, 10:34:37, 23.54, 44.48
2019-02-19, 10:34:38, 23.56, 44.52
2019-02-19, 10:34:39, 23.56, 44.49
2019-02-19, 10:34:41, 23.54, 44.48
2019-02-19, 10:34:42, 23.54, 44.48
2019-02-19, 10:34:43, 23.56, 44.49
2019-02-19, 10:34:45, 23.54, 44.48
2019-02-19, 10:34:46, 23.54, 44.48
2019-02-19, 10:34:47, 23.55, 44.48
2019-02-19, 10:34:49, 23.55, 44.48
2019-02-19, 10:34:50, 23.54, 44.45
2019-02-19, 10:34:51, 23.54, 44.45
2019-02-19, 10:34:53, 23.54, 44.45
2019-02-19, 10:34:54, 23.53, 44.45
2019-02-19, 10:34:56, 23.54, 44.45
2019-02-19, 10:34:57, 23.54, 44.45
2019-02-19, 10:34:58, 23.55, 44.45
2019-02-19, 10:35:00, 23.44, 44.47
2019-02-19, 10:35:01, 23.52, 44.48
2019-02-19, 10:35:02, 23.52, 44.51
2019-02-19, 10:35:04, 23.54, 44.48
2019-02-19, 10:35:05, 23.53, 44.48
2019-02-19, 10:35:06, 23.54, 44.48
2019-02-19, 10:35:08, 23.55, 44.48
2019-02-19, 10:35:09, 23.55, 44.48
2019-02-19, 10:35:10, 23.54, 44.48
2019-02-19, 10:35:12, 23.53, 44.45
2019-02-19, 10:35:13, 23.53, 44.42
2019-02-19, 10:35:15, 23.54, 44.42
2019-02-19, 10:35:16, 23.54, 44.42
2019-02-19, 10:35:17, 23.54, 44.42
2019-02-19, 10:35:19, 23.54, 44.42
2019-02-19, 10:35:20, 23.55, 44.42
2019-02-19, 10:35:21, 23.55, 44.42
2019-02-19, 10:35:23, 23.54, 44.42
2019-02-19, 10:35:24, 23.54, 44.42
2019-02-19, 10:35:25, 23.52, 44.42
2019-02-19, 10:35:27, 23.53, 44.42
2019-02-19, 10:35:28, 23.54, 44.42
2019-02-19, 10:35:29, 23.54, 44.42
2019-02-19, 10:35:31, 23.55, 44.39
2019-02-19, 10:35:32, 23.55, 44.39
2019-02-19, 10:35:34, 23.53, 44.42
2019-02-19, 10:35:35, 23.54, 44.42
2019-02-19, 10:35:36, 23.54, 44.42
2019-02-19, 10:35:38, 23.56, 44.45
2019-02-19, 10:35:39, 23.55, 44.45
2019-02-19, 10:35:40, 23.55, 44.45
2019-02-19, 10:35:42, 23.56, 44.49
2019-02-19, 10:35:43, 23.56, 44.49
2019-02-19, 10:35:44, 23.55, 44.48
2019-02-19, 10:35:46, 23.55, 44.52
2019-02-19, 10:35:47, 23.55, 44.48
2019-02-19, 10:35:48, 23.55, 44.48
2019-02-19, 10:35:50, 23.55, 44.48
2019-02-19, 10:35:51, 23.54, 44.48
2019-02-19, 10:35:53, 23.54, 44.48
2019-02-19, 10:35:54, 23.55, 44.42
2019-02-19, 10:35:55, 23.53, 44.42
2019-02-19, 10:35:57, 23.54, 44.42
2019-02-19, 10:35:58, 23.54, 44.45
2019-02-19, 10:35:59, 23.38, 44.46
2019-02-19, 10:36:01, 23.48, 44.51
2019-02-19, 10:36:02, 23.5, 44.54
2019-02-19, 10:36:03, 23.52, 44.51
2019-02-19, 10:36:05, 23.53, 44.51
2019-02-19, 10:36:06, 23.53, 44.51
2019-02-19, 10:36:07, 23.53, 44.51
2019-02-19, 10:36:09, 23.53, 44.48
2019-02-19, 10:36:10, 23.54, 44.48
2019-02-19, 10:36:12, 23.54, 44.48
2019-02-19, 10:36:13, 23.54, 44.48
2019-02-19, 10:36:14, 23.53, 44.48
2019-02-19, 10:36:16, 23.54, 44.48
2019-02-19, 10:36:17, 23.55, 44.48
2019-02-19, 10:36:18, 23.54, 44.48
2019-02-19, 10:36:20, 23.54, 44.48
2019-02-19, 10:36:21, 23.53, 44.48
2019-02-19, 10:36:22, 23.54, 44.45
2019-02-19, 10:36:24, 23.54, 44.45
2019-02-19, 10:36:25, 23.55, 44.42
2019-02-19, 10:36:26, 23.53, 44.42
2019-02-19, 10:36:28, 23.54, 44.45
2019-02-19, 10:36:29, 23.55, 44.42
2019-02-19, 10:36:30, 23.54, 44.45
2019-02-19, 10:36:32, 23.54, 44.45
2019-02-19, 10:36:33, 23.54, 44.45
2019-02-19, 10:36:35, 23.55, 44.45
2019-02-19, 10:36:36, 23.54, 44.45
2019-02-19, 10:36:37, 23.56, 44.49
2019-02-19, 10:36:39, 23.55, 44.48
2019-02-19, 10:36:40, 23.56, 44.49
2019-02-19, 10:36:41, 23.56, 44.49
2019-02-19, 10:36:43, 23.56, 44.49
2019-02-19, 10:36:44, 23.55, 44.48
2019-02-19, 10:36:45, 23.56, 44.49
2019-02-19, 10:36:47, 23.56, 44.49
2019-02-19, 10:36:48, 23.55, 44.48
2019-02-19, 10:36:49, 23.56, 44.52
2019-02-19, 10:36:51, 23.55, 44.48
2019-02-19, 10:36:52, 23.54, 44.48
2019-02-19, 10:36:53, 23.55, 44.48
2019-02-19, 10:36:55, 23.56, 44.49
2019-02-19, 10:36:56, 23.54, 44.48
2019-02-19, 10:36:58, 23.54, 44.48
2019-02-19, 10:36:59, 23.54, 44.48
2019-02-19, 10:37:00, 23.54, 44.48
2019-02-19, 10:37:02, 23.54, 44.48
2019-02-19, 10:37:03, 23.54, 44.48
2019-02-19, 10:37:04, 23.54, 44.48
2019-02-19, 10:37:06, 23.54, 44.48
2019-02-19, 10:37:07, 23.54, 44.48
2019-02-19, 10:37:08, 23.54, 44.48
2019-02-19, 10:37:10, 23.54, 44.48
2019-02-19, 10:37:11, 23.57, 44.49
2019-02-19, 10:37:12, 23.55, 44.48
2019-02-19, 10:37:14, 23.54, 44.48
2019-02-19, 10:37:15, 23.55, 44.48
2019-02-19, 10:37:17, 23.54, 44.48
2019-02-19, 10:37:18, 23.56, 44.42
2019-02-19, 10:37:19, 23.55, 44.42
2019-02-19, 10:37:21, 23.54, 44.42
2019-02-19, 10:37:22, 23.54, 44.42
2019-02-19, 10:37:23, 23.54, 44.45
2019-02-19, 10:37:25, 23.54, 44.45
2019-02-19, 10:37:26, 23.53, 44.42
2019-02-19, 10:37:27, 23.52, 44.45
2019-02-19, 10:37:29, 23.54, 44.45
2019-02-19, 10:37:30, 23.54, 44.42
2019-02-19, 10:37:31, 23.54, 44.45
2019-02-19, 10:37:33, 23.53, 44.48
2019-02-19, 10:37:34, 23.51, 44.48
2019-02-19, 10:37:36, 23.53, 44.48
2019-02-19, 10:37:37, 23.55, 44.48
2019-02-19, 10:37:38, 23.52, 44.48
2019-02-19, 10:37:40, 23.52, 44.48
2019-02-19, 10:37:41, 23.53, 44.45
2019-02-19, 10:37:42, 23.54, 44.45
2019-02-19, 10:37:44, 23.53, 44.45
2019-02-19, 10:37:45, 23.53, 44.48
2019-02-19, 10:37:46, 23.53, 44.45
2019-02-19, 10:37:48, 23.54, 44.45
2019-02-19, 10:37:49, 23.54, 44.45
2019-02-19, 10:37:50, 23.54, 44.45
2019-02-19, 10:37:52, 23.54, 44.45
2019-02-19, 10:37:53, 23.54, 44.45
2019-02-19, 10:37:55, 23.54, 44.48
2019-02-19, 10:37:56, 23.53, 44.48
2019-02-19, 10:37:57, 23.52, 44.48
2019-02-19, 10:37:59, 23.53, 44.48
2019-02-19, 10:38:00, 23.54, 44.48
2019-02-19, 10:38:01, 23.52, 44.48
2019-02-19, 10:38:03, 23.48, 44.51
2019-02-19, 10:38:04, 23.49, 44.51
2019-02-19, 10:38:05, 23.52, 44.51
2019-02-19, 10:38:07, 23.52, 44.54
2019-02-19, 10:38:08, 23.53, 44.55
2019-02-19, 10:38:09, 23.52, 44.54
2019-02-19, 10:38:11, 23.53, 44.55
2019-02-19, 10:38:12, 23.54, 44.55
2019-02-19, 10:38:14, 23.54, 44.55
2019-02-19, 10:38:15, 23.54, 44.55
2019-02-19, 10:38:16, 23.55, 44.52
2019-02-19, 10:38:18, 23.54, 44.51
2019-02-19, 10:38:19, 23.54, 44.55
2019-02-19, 10:38:20, 23.54, 44.51
2019-02-19, 10:38:22, 23.53, 44.51
2019-02-19, 10:38:23, 23.53, 44.51
2019-02-19, 10:38:24, 23.53, 44.51
2019-02-19, 10:38:26, 23.53, 44.48
2019-02-19, 10:38:27, 23.54, 44.48
2019-02-19, 10:38:28, 23.54, 44.48
2019-02-19, 10:38:30, 23.56, 44.49
2019-02-19, 10:38:31, 23.54, 44.48
2019-02-19, 10:38:33, 23.53, 44.48
2019-02-19, 10:38:34, 23.54, 44.45
2019-02-19, 10:38:35, 23.54, 44.45
2019-02-19, 10:38:37, 23.54, 44.45
2019-02-19, 10:38:38, 23.52, 44.42
2019-02-19, 10:38:39, 23.53, 44.45
2019-02-19, 10:38:41, 23.54, 44.42
2019-02-19, 10:38:42, 23.52, 44.45
2019-02-19, 10:38:43, 23.52, 44.45
2019-02-19, 10:38:45, 23.52, 44.42
2019-02-19, 10:38:46, 23.54, 44.45
2019-02-19, 10:38:47, 23.53, 44.48
2019-02-19, 10:38:49, 23.54, 44.48
2019-02-19, 10:38:50, 23.53, 44.48
2019-02-19, 10:38:51, 23.54, 44.48
2019-02-19, 10:38:53, 23.53, 44.48
2019-02-19, 10:38:54, 23.53, 44.48
2019-02-19, 10:38:56, 23.54, 44.48
2019-02-19, 10:38:57, 23.44, 44.47
2019-02-19, 10:38:58, 23.51, 44.51
2019-02-19, 10:39:00, 23.51, 44.48
2019-02-19, 10:39:01, 23.52, 44.51
2019-02-19, 10:39:02, 23.53, 44.48
2019-02-19, 10:39:04, 23.55, 44.48
2019-02-19, 10:39:05, 23.54, 44.48
2019-02-19, 10:39:06, 23.53, 44.48
2019-02-19, 10:39:08, 23.54, 44.45
2019-02-19, 10:39:09, 23.53, 44.45
2019-02-19, 10:39:10, 23.54, 44.48
2019-02-19, 10:39:12, 23.53, 44.45
2019-02-19, 10:39:13, 23.53, 44.48
2019-02-19, 10:39:14, 23.52, 44.48
2019-02-19, 10:39:16, 23.53, 44.48
2019-02-19, 10:39:17, 23.54, 44.48
2019-02-19, 10:39:19, 23.55, 44.48
2019-02-19, 10:39:20, 23.54, 44.48
2019-02-19, 10:39:21, 23.53, 44.48
2019-02-19, 10:39:23, 23.54, 44.48
2019-02-19, 10:39:24, 23.54, 44.48
2019-02-19, 10:39:25, 23.54, 44.48
2019-02-19, 10:39:27, 23.42, 44.47
2019-02-19, 10:39:28, 23.51, 44.51
2019-02-19, 10:39:29, 23.5, 44.51
2019-02-19, 10:39:31, 23.53, 44.48
2019-02-19, 10:39:32, 23.53, 44.48
2019-02-19, 10:39:33, 23.52, 44.48
2019-02-19, 10:39:35, 23.53, 44.51
2019-02-19, 10:39:36, 23.52, 44.48
2019-02-19, 10:39:38, 23.52, 44.48
2019-02-19, 10:39:39, 23.53, 44.48
2019-02-19, 10:39:40, 23.53, 44.48
2019-02-19, 10:39:42, 23.53, 44.48
2019-02-19, 10:39:43, 23.52, 44.48
2019-02-19, 10:39:44, 23.54, 44.48
2019-02-19, 10:39:46, 23.53, 44.48
2019-02-19, 10:39:47, 23.54, 44.48
2019-02-19, 10:39:48, 23.55, 44.48
2019-02-19, 10:39:50, 23.54, 44.48
2019-02-19, 10:39:51, 23.54, 44.48
2019-02-19, 10:39:52, 23.54, 44.48
2019-02-19, 10:39:54, 23.54, 44.48
2019-02-19, 10:39:55, 23.54, 44.48
2019-02-19, 10:39:56, 23.4, 44.5
2019-02-19, 10:39:58, 23.5, 44.57
2019-02-19, 10:39:59, 23.5, 44.57
2019-02-19, 10:40:01, 23.52, 44.54
2019-02-19, 10:40:02, 23.38, 44.53
2019-02-19, 10:40:03, 23.47, 44.57
2019-02-19, 10:40:05, 23.5, 44.61
2019-02-19, 10:40:06, 23.5, 44.61
2019-02-19, 10:40:07, 23.51, 44.61
2019-02-19, 10:40:09, 23.52, 44.54
2019-02-19, 10:40:10, 23.53, 44.55
2019-02-19, 10:40:11, 23.52, 44.51
2019-02-19, 10:40:13, 23.52, 44.51
2019-02-19, 10:40:14, 23.52, 44.48
2019-02-19, 10:40:15, 23.52, 44.48
2019-02-19, 10:40:17, 23.52, 44.48
2019-02-19, 10:40:18, 23.52, 44.48
2019-02-19, 10:40:19, 23.54, 44.48
2019-02-19, 10:40:21, 23.53, 44.48
2019-02-19, 10:40:22, 23.52, 44.45
2019-02-19, 10:40:24, 23.53, 44.45
2019-02-19, 10:40:25, 23.52, 44.48
2019-02-19, 10:40:26, 23.52, 44.48
2019-02-19, 10:40:28, 23.52, 44.48
2019-02-19, 10:40:29, 23.52, 44.48
2019-02-19, 10:40:30, 23.52, 44.48
2019-02-19, 10:40:32, 23.54, 44.48
2019-02-19, 10:40:33, 23.53, 44.48
2019-02-19, 10:40:34, 23.53, 44.48
2019-02-19, 10:40:36, 23.52, 44.48
2019-02-19, 10:40:37, 23.52, 44.48
2019-02-19, 10:40:38, 23.52, 44.48
2019-02-19, 10:40:40, 23.53, 44.48
2019-02-19, 10:40:41, 23.53, 44.48
2019-02-19, 10:40:42, 23.52, 44.48
2019-02-19, 10:40:44, 23.52, 44.48
2019-02-19, 10:40:45, 23.52, 44.51
2019-02-19, 10:40:47, 23.52, 44.48
2019-02-19, 10:40:48, 23.52, 44.48
2019-02-19, 10:40:49, 23.53, 44.48
2019-02-19, 10:40:51, 23.53, 44.48
2019-02-19, 10:40:52, 23.52, 44.48
2019-02-19, 10:40:53, 23.53, 44.48
2019-02-19, 10:40:55, 23.53, 44.48
2019-02-19, 10:40:56, 23.53, 44.51
2019-02-19, 10:40:57, 23.52, 44.48
2019-02-19, 10:40:59, 23.54, 44.48
2019-02-19, 10:41:00, 23.52, 44.48
2019-02-19, 10:41:01, 23.37, 44.53
2019-02-19, 10:41:03, 23.48, 44.57
2019-02-19, 10:41:04, 23.5, 44.57
2019-02-19, 10:41:06, 23.5, 44.61
2019-02-19, 10:41:07, 23.52, 44.58
2019-02-19, 10:41:08, 23.52, 44.58
2019-02-19, 10:41:10, 23.52, 44.58
2019-02-19, 10:41:11, 23.52, 44.54
2019-02-19, 10:41:12, 23.52, 44.54
2019-02-19, 10:41:14, 23.53, 44.55
2019-02-19, 10:41:15, 23.53, 44.55
2019-02-19, 10:41:16, 23.54, 44.55
2019-02-19, 10:41:18, 23.53, 44.55
2019-02-19, 10:41:19, 23.53, 44.55
2019-02-19, 10:41:20, 23.54, 44.55
2019-02-19, 10:41:22, 23.54, 44.55
2019-02-19, 10:41:23, 23.54, 44.55
2019-02-19, 10:41:24, 23.54, 44.55
2019-02-19, 10:41:26, 23.54, 44.55
2019-02-19, 10:41:27, 23.54, 44.55
2019-02-19, 10:41:29, 23.53, 44.51
2019-02-19, 10:41:30, 23.53, 44.48
2019-02-19, 10:41:31, 23.53, 44.48
2019-02-19, 10:41:33, 23.54, 44.48
2019-02-19, 10:41:34, 23.53, 44.48
2019-02-19, 10:41:35, 23.53, 44.51
2019-02-19, 10:41:37, 23.54, 44.48
2019-02-19, 10:41:38, 23.54, 44.51
2019-02-19, 10:41:39, 23.54, 44.48
2019-02-19, 10:41:41, 23.54, 44.48
2019-02-19, 10:41:42, 23.54, 44.48
2019-02-19, 10:41:43, 23.54, 44.48
2019-02-19, 10:41:45, 23.54, 44.48
2019-02-19, 10:41:46, 23.53, 44.48
2019-02-19, 10:41:47, 23.54, 44.48
2019-02-19, 10:41:49, 23.53, 44.48
2019-02-19, 10:41:50, 23.53, 44.48
2019-02-19, 10:41:52, 23.54, 44.45
2019-02-19, 10:41:53, 23.52, 44.48
2019-02-19, 10:41:54, 23.52, 44.48
2019-02-19, 10:41:56, 23.54, 44.48
2019-02-19, 10:41:57, 23.53, 44.48
2019-02-19, 10:41:58, 23.54, 44.48
2019-02-19, 10:42:00, 23.53, 44.48
2019-02-19, 10:42:01, 23.54, 44.48
2019-02-19, 10:42:02, 23.54, 44.48
2019-02-19, 10:42:04, 23.54, 44.48
2019-02-19, 10:42:05, 23.54, 44.48
2019-02-19, 10:42:06, 23.54, 44.48
2019-02-19, 10:42:08, 23.54, 44.48
2019-02-19, 10:42:09, 23.55, 44.48
2019-02-19, 10:42:10, 23.53, 44.48
2019-02-19, 10:42:12, 23.55, 44.48
2019-02-19, 10:42:13, 23.55, 44.48
2019-02-19, 10:42:15, 23.55, 44.48
2019-02-19, 10:42:16, 23.54, 44.48
2019-02-19, 10:42:17, 23.54, 44.48
2019-02-19, 10:42:19, 23.55, 44.48
2019-02-19, 10:42:20, 23.56, 44.49
2019-02-19, 10:42:21, 23.54, 44.48
2019-02-19, 10:42:23, 23.54, 44.48
2019-02-19, 10:42:24, 23.54, 44.45
2019-02-19, 10:42:25, 23.54, 44.45
2019-02-19, 10:42:27, 23.55, 44.45
2019-02-19, 10:42:28, 23.55, 44.42
2019-02-19, 10:42:29, 23.54, 44.42
2019-02-19, 10:42:31, 23.55, 44.45
2019-02-19, 10:42:32, 23.54, 44.45
2019-02-19, 10:42:34, 23.53, 44.45
2019-02-19, 10:42:35, 23.53, 44.42
2019-02-19, 10:42:36, 23.53, 44.45
2019-02-19, 10:42:38, 23.54, 44.45
2019-02-19, 10:42:39, 23.53, 44.42
2019-02-19, 10:42:40, 23.55, 44.45
2019-02-19, 10:42:42, 23.54, 44.45
2019-02-19, 10:42:43, 23.55, 44.45
2019-02-19, 10:42:44, 23.54, 44.42
2019-02-19, 10:42:46, 23.54, 44.45
2019-02-19, 10:42:47, 23.54, 44.42
2019-02-19, 10:42:48, 23.56, 44.42
2019-02-19, 10:42:50, 23.54, 44.45
2019-02-19, 10:42:51, 23.55, 44.45
2019-02-19, 10:42:52, 23.54, 44.45
2019-02-19, 10:42:54, 23.55, 44.45
2019-02-19, 10:42:55, 23.55, 44.45
2019-02-19, 10:42:57, 23.54, 44.45
2019-02-19, 10:42:58, 23.55, 44.45
2019-02-19, 10:42:59, 23.55, 44.48
2019-02-19, 10:43:01, 23.55, 44.48
2019-02-19, 10:43:02, 23.54, 44.48
2019-02-19, 10:43:03, 23.54, 44.48
2019-02-19, 10:43:05, 23.56, 44.49
2019-02-19, 10:43:06, 23.56, 44.49
2019-02-19, 10:43:07, 23.56, 44.49
2019-02-19, 10:43:09, 23.56, 44.49
2019-02-19, 10:43:10, 23.55, 44.48
2019-02-19, 10:43:11, 23.56, 44.49
2019-02-19, 10:43:13, 23.56, 44.49
2019-02-19, 10:43:14, 23.56, 44.49
2019-02-19, 10:43:16, 23.55, 44.48
2019-02-19, 10:43:17, 23.54, 44.51
2019-02-19, 10:43:18, 23.54, 44.48
2019-02-19, 10:43:20, 23.55, 44.48
2019-02-19, 10:43:21, 23.54, 44.48
2019-02-19, 10:43:22, 23.54, 44.48
2019-02-19, 10:43:24, 23.49, 44.44
2019-02-19, 10:43:25, 23.53, 44.48
2019-02-19, 10:43:26, 23.55, 44.48
2019-02-19, 10:43:28, 23.54, 44.48
2019-02-19, 10:43:29, 23.54, 44.48
2019-02-19, 10:43:30, 23.56, 44.49
2019-02-19, 10:43:32, 23.54, 44.45
2019-02-19, 10:43:33, 23.54, 44.48
2019-02-19, 10:43:34, 23.54, 44.45
2019-02-19, 10:43:36, 23.56, 44.49
2019-02-19, 10:43:37, 23.54, 44.45
2019-02-19, 10:43:39, 23.54, 44.45
2019-02-19, 10:43:40, 23.55, 44.45
2019-02-19, 10:43:41, 23.54, 44.42
2019-02-19, 10:43:43, 23.56, 44.42
2019-02-19, 10:43:44, 23.56, 44.45
2019-02-19, 10:43:45, 23.55, 44.45
2019-02-19, 10:43:47, 23.56, 44.45
2019-02-19, 10:43:48, 23.56, 44.45
2019-02-19, 10:43:49, 23.56, 44.45
2019-02-19, 10:43:51, 23.54, 44.45
2019-02-19, 10:43:52, 23.56, 44.45
2019-02-19, 10:43:54, 23.45, 44.47
2019-02-19, 10:43:55, 23.52, 44.48
2019-02-19, 10:43:56, 23.54, 44.48
2019-02-19, 10:43:58, 23.54, 44.48
2019-02-19, 10:43:59, 23.55, 44.48
2019-02-19, 10:44:00, 23.55, 44.48
2019-02-19, 10:44:02, 23.54, 44.51
2019-02-19, 10:44:03, 23.55, 44.48
2019-02-19, 10:44:04, 23.56, 44.52
2019-02-19, 10:44:06, 23.56, 44.49
2019-02-19, 10:44:07, 23.55, 44.48
2019-02-19, 10:44:08, 23.56, 44.49
2019-02-19, 10:44:10, 23.55, 44.48
2019-02-19, 10:44:11, 23.55, 44.48
2019-02-19, 10:44:13, 23.56, 44.49
2019-02-19, 10:44:14, 23.56, 44.49
2019-02-19, 10:44:15, 23.55, 44.48
2019-02-19, 10:44:17, 23.55, 44.45
2019-02-19, 10:44:18, 23.56, 44.45
2019-02-19, 10:44:19, 23.56, 44.49
2019-02-19, 10:44:21, 23.54, 44.48
2019-02-19, 10:44:22, 23.56, 44.45
2019-02-19, 10:44:23, 23.42, 44.47
2019-02-19, 10:44:25, 23.52, 44.51
2019-02-19, 10:44:26, 23.53, 44.48
2019-02-19, 10:44:27, 23.54, 44.48
2019-02-19, 10:44:29, 23.55, 44.48
2019-02-19, 10:44:30, 23.55, 44.48
2019-02-19, 10:44:31, 23.54, 44.48
2019-02-19, 10:44:33, 23.56, 44.49
2019-02-19, 10:44:34, 23.55, 44.48
2019-02-19, 10:44:36, 23.55, 44.45
2019-02-19, 10:44:37, 23.54, 44.48
2019-02-19, 10:44:38, 23.56, 44.45
2019-02-19, 10:44:40, 23.55, 44.48
2019-02-19, 10:44:41, 23.55, 44.45
2019-02-19, 10:44:42, 23.55, 44.45
2019-02-19, 10:44:44, 23.54, 44.45
2019-02-19, 10:44:45, 23.55, 44.42
2019-02-19, 10:44:46, 23.55, 44.45
2019-02-19, 10:44:48, 23.55, 44.45
2019-02-19, 10:44:49, 23.56, 44.45
2019-02-19, 10:44:50, 23.56, 44.42
2019-02-19, 10:44:52, 23.56, 44.42
2019-02-19, 10:44:53, 23.56, 44.45
2019-02-19, 10:44:54, 23.56, 44.42
2019-02-19, 10:44:56, 23.56, 44.42
2019-02-19, 10:44:57, 23.55, 44.45
2019-02-19, 10:44:59, 23.55, 44.48
2019-02-19, 10:45:00, 23.56, 44.45
2019-02-19, 10:45:01, 23.55, 44.42
2019-02-19, 10:45:03, 23.57, 44.42
2019-02-19, 10:45:04, 23.55, 44.42
2019-02-19, 10:45:05, 23.56, 44.42
2019-02-19, 10:45:07, 23.55, 44.45
2019-02-19, 10:45:08, 23.55, 44.45
2019-02-19, 10:45:09, 23.56, 44.42
2019-02-19, 10:45:11, 23.56, 44.42
2019-02-19, 10:45:12, 23.56, 44.45
2019-02-19, 10:45:13, 23.57, 44.45
2019-02-19, 10:45:15, 23.55, 44.45
2019-02-19, 10:45:16, 23.55, 44.42
2019-02-19, 10:45:18, 23.55, 44.42
2019-02-19, 10:45:19, 23.56, 44.45
2019-02-19, 10:45:20, 23.56, 44.45
2019-02-19, 10:45:22, 23.56, 44.42
2019-02-19, 10:45:23, 23.4, 44.43
2019-02-19, 10:45:24, 23.52, 44.48
2019-02-19, 10:45:26, 23.52, 44.48
2019-02-19, 10:45:27, 23.54, 44.48
2019-02-19, 10:45:28, 23.38, 44.53
2019-02-19, 10:45:30, 23.5, 44.54
2019-02-19, 10:45:31, 23.52, 44.54
2019-02-19, 10:45:32, 23.54, 44.55
2019-02-19, 10:45:34, 23.52, 44.54
2019-02-19, 10:45:35, 23.54, 44.51
2019-02-19, 10:45:37, 23.55, 44.52
2019-02-19, 10:45:38, 23.55, 44.48
2019-02-19, 10:45:39, 23.56, 44.49
2019-02-19, 10:45:41, 23.56, 44.49
2019-02-19, 10:45:42, 23.54, 44.48
2019-02-19, 10:45:43, 23.54, 44.48
2019-02-19, 10:45:45, 23.56, 44.49
2019-02-19, 10:45:46, 23.56, 44.45
2019-02-19, 10:45:47, 23.56, 44.45
2019-02-19, 10:45:49, 23.56, 44.45
2019-02-19, 10:45:50, 23.57, 44.45
2019-02-19, 10:45:51, 23.57, 44.49
2019-02-19, 10:45:53, 23.57, 44.45
2019-02-19, 10:45:54, 23.55, 44.45
2019-02-19, 10:45:56, 23.56, 44.45
2019-02-19, 10:45:57, 23.55, 44.45
2019-02-19, 10:45:58, 23.55, 44.45
2019-02-19, 10:46:00, 23.56, 44.42
2019-02-19, 10:46:01, 23.55, 44.42
2019-02-19, 10:46:02, 23.55, 44.45
2019-02-19, 10:46:04, 23.55, 44.42
2019-02-19, 10:46:05, 23.55, 44.45
2019-02-19, 10:46:06, 23.55, 44.42
2019-02-19, 10:46:08, 23.55, 44.42
2019-02-19, 10:46:09, 23.54, 44.42
2019-02-19, 10:46:10, 23.56, 44.42
2019-02-19, 10:46:12, 23.57, 44.42
2019-02-19, 10:46:13, 23.56, 44.42
2019-02-19, 10:46:15, 23.56, 44.42
2019-02-19, 10:46:16, 23.57, 44.42
2019-02-19, 10:46:17, 23.56, 44.42
2019-02-19, 10:46:19, 23.56, 44.42
2019-02-19, 10:46:20, 23.56, 44.42
2019-02-19, 10:46:21, 23.56, 44.39
2019-02-19, 10:46:23, 23.57, 44.39
2019-02-19, 10:46:24, 23.57, 44.42
2019-02-19, 10:46:25, 23.57, 44.39
2019-02-19, 10:46:27, 23.56, 44.39
2019-02-19, 10:46:28, 23.57, 44.39
2019-02-19, 10:46:29, 23.56, 44.39
2019-02-19, 10:46:31, 23.56, 44.39
2019-02-19, 10:46:32, 23.58, 44.36
2019-02-19, 10:46:33, 23.57, 44.39
2019-02-19, 10:46:35, 23.56, 44.36
2019-02-19, 10:46:36, 23.58, 44.39
2019-02-19, 10:46:38, 23.57, 44.39
2019-02-19, 10:46:39, 23.57, 44.39
2019-02-19, 10:46:40, 23.58, 44.39
2019-02-19, 10:46:42, 23.57, 44.39
2019-02-19, 10:46:43, 23.56, 44.39
2019-02-19, 10:46:44, 23.57, 44.39
2019-02-19, 10:46:46, 23.56, 44.39
2019-02-19, 10:46:47, 23.56, 44.36
2019-02-19, 10:46:48, 23.56, 44.36
2019-02-19, 10:46:50, 23.57, 44.39
2019-02-19, 10:46:51, 23.57, 44.39
2019-02-19, 10:46:52, 23.57, 44.39
2019-02-19, 10:46:54, 23.56, 44.36
2019-02-19, 10:46:55, 23.56, 44.39
2019-02-19, 10:46:57, 23.55, 44.35
2019-02-19, 10:46:58, 23.56, 44.36
2019-02-19, 10:46:59, 23.57, 44.36
2019-02-19, 10:47:01, 23.56, 44.36
2019-02-19, 10:47:02, 23.56, 44.36
2019-02-19, 10:47:03, 23.57, 44.36
2019-02-19, 10:47:05, 23.57, 44.36
2019-02-19, 10:47:06, 23.57, 44.36
2019-02-19, 10:47:07, 23.56, 44.36
2019-02-19, 10:47:09, 23.57, 44.36
2019-02-19, 10:47:10, 23.56, 44.39
2019-02-19, 10:47:11, 23.57, 44.36
2019-02-19, 10:47:13, 23.57, 44.39
2019-02-19, 10:47:14, 23.57, 44.39
2019-02-19, 10:47:16, 23.58, 44.36
2019-02-19, 10:47:17, 23.58, 44.39
2019-02-19, 10:47:18, 23.58, 44.36
2019-02-19, 10:47:20, 23.58, 44.39
2019-02-19, 10:47:21, 23.53, 44.38
2019-02-19, 10:47:22, 23.57, 44.42
2019-02-19, 10:47:24, 23.58, 44.42
2019-02-19, 10:47:25, 23.57, 44.39
2019-02-19, 10:47:26, 23.51, 44.41
2019-02-19, 10:47:28, 23.56, 44.42
2019-02-19, 10:47:29, 23.56, 44.42
2019-02-19, 10:47:31, 23.57, 44.42
2019-02-19, 10:47:32, 23.56, 44.42
2019-02-19, 10:47:33, 23.58, 44.42
2019-02-19, 10:47:35, 23.56, 44.42
2019-02-19, 10:47:36, 23.57, 44.42
2019-02-19, 10:47:37, 23.57, 44.42
2019-02-19, 10:47:39, 23.58, 44.42
2019-02-19, 10:47:40, 23.58, 44.42
2019-02-19, 10:47:41, 23.58, 44.42
2019-02-19, 10:47:43, 23.58, 44.39
2019-02-19, 10:47:44, 23.59, 44.42
2019-02-19, 10:47:45, 23.58, 44.42
2019-02-19, 10:47:47, 23.58, 44.39
2019-02-19, 10:47:48, 23.58, 44.39
2019-02-19, 10:47:50, 23.58, 44.39
2019-02-19, 10:47:51, 23.58, 44.42
2019-02-19, 10:47:52, 23.58, 44.39
2019-02-19, 10:47:54, 23.58, 44.39
2019-02-19, 10:47:55, 23.6, 44.43
2019-02-19, 10:47:56, 23.58, 44.42
2019-02-19, 10:47:58, 23.58, 44.42
2019-02-19, 10:47:59, 23.58, 44.42
2019-02-19, 10:48:00, 23.58, 44.42
2019-02-19, 10:48:02, 23.59, 44.42
2019-02-19, 10:48:03, 23.58, 44.42
2019-02-19, 10:48:05, 23.6, 44.43
2019-02-19, 10:48:06, 23.58, 44.42
2019-02-19, 10:48:07, 23.6, 44.39
2019-02-19, 10:48:09, 23.6, 44.43
2019-02-19, 10:48:10, 23.6, 44.43
2019-02-19, 10:48:11, 23.58, 44.42
2019-02-19, 10:48:13, 23.58, 44.39
2019-02-19, 10:48:14, 23.6, 44.39
2019-02-19, 10:48:15, 23.6, 44.39
2019-02-19, 10:48:17, 23.6, 44.39
2019-02-19, 10:48:18, 23.6, 44.36
2019-02-19, 10:48:19, 23.61, 44.36
2019-02-19, 10:48:21, 23.47, 44.38
2019-02-19, 10:48:22, 23.55, 44.42
2019-02-19, 10:48:24, 23.57, 44.42
2019-02-19, 10:48:25, 23.59, 44.42
2019-02-19, 10:48:26, 23.59, 44.42
2019-02-19, 10:48:28, 23.59, 44.42
2019-02-19, 10:48:29, 23.6, 44.43
2019-02-19, 10:48:30, 23.59, 44.42
2019-02-19, 10:48:32, 23.6, 44.39
2019-02-19, 10:48:33, 23.6, 44.39
2019-02-19, 10:48:34, 23.6, 44.39
2019-02-19, 10:48:36, 23.6, 44.39
2019-02-19, 10:48:37, 23.61, 44.36
2019-02-19, 10:48:38, 23.61, 44.36
2019-02-19, 10:48:40, 23.6, 44.36
2019-02-19, 10:48:41, 23.6, 44.36
2019-02-19, 10:48:42, 23.61, 44.36
2019-02-19, 10:48:44, 23.61, 44.36
2019-02-19, 10:48:45, 23.61, 44.36
2019-02-19, 10:48:47, 23.62, 44.36
2019-02-19, 10:48:48, 23.62, 44.36
2019-02-19, 10:48:49, 23.61, 44.36
2019-02-19, 10:48:51, 23.47, 44.41
2019-02-19, 10:48:52, 23.57, 44.42
2019-02-19, 10:48:53, 23.59, 44.46
2019-02-19, 10:48:55, 23.6, 44.43
2019-02-19, 10:48:56, 23.61, 44.46
2019-02-19, 10:48:57, 23.61, 44.46
2019-02-19, 10:48:59, 23.61, 44.43
2019-02-19, 10:49:00, 23.61, 44.43
2019-02-19, 10:49:01, 23.62, 44.43
2019-02-19, 10:49:03, 23.61, 44.39
2019-02-19, 10:49:04, 23.6, 44.39
2019-02-19, 10:49:06, 23.62, 44.36
2019-02-19, 10:49:07, 23.6, 44.36
2019-02-19, 10:49:08, 23.6, 44.36
2019-02-19, 10:49:10, 23.61, 44.36
2019-02-19, 10:49:11, 23.61, 44.39
2019-02-19, 10:49:12, 23.61, 44.36
2019-02-19, 10:49:14, 23.6, 44.36
2019-02-19, 10:49:15, 23.62, 44.36
2019-02-19, 10:49:16, 23.61, 44.36
2019-02-19, 10:49:18, 23.61, 44.36
2019-02-19, 10:49:19, 23.61, 44.36
2019-02-19, 10:49:20, 23.46, 44.38
2019-02-19, 10:49:22, 23.56, 44.45
2019-02-19, 10:49:23, 23.58, 44.42
2019-02-19, 10:49:24, 23.58, 44.42
2019-02-19, 10:49:26, 23.45, 44.47
2019-02-19, 10:49:27, 23.56, 44.49
2019-02-19, 10:49:28, 23.58, 44.49
2019-02-19, 10:49:30, 23.58, 44.49
2019-02-19, 10:49:31, 23.59, 44.49
2019-02-19, 10:49:33, 23.58, 44.42
2019-02-19, 10:49:34, 23.59, 44.42
2019-02-19, 10:49:35, 23.59, 44.42
2019-02-19, 10:49:37, 23.57, 44.42
2019-02-19, 10:49:38, 23.59, 44.42
2019-02-19, 10:49:39, 23.6, 44.43
2019-02-19, 10:49:41, 23.6, 44.43
2019-02-19, 10:49:42, 23.61, 44.36
2019-02-19, 10:49:43, 23.62, 44.36
2019-02-19, 10:49:45, 23.61, 44.39
2019-02-19, 10:49:46, 23.61, 44.36
2019-02-19, 10:49:47, 23.62, 44.36
2019-02-19, 10:49:49, 23.62, 44.36
2019-02-19, 10:49:50, 23.62, 44.36
2019-02-19, 10:49:51, 23.62, 44.36
2019-02-19, 10:49:53, 23.62, 44.36
2019-02-19, 10:49:54, 23.62, 44.36
2019-02-19, 10:49:56, 23.62, 44.36
2019-02-19, 10:49:57, 23.62, 44.36
2019-02-19, 10:49:58, 23.63, 44.36
2019-02-19, 10:50:00, 23.62, 44.36
2019-02-19, 10:50:01, 23.62, 44.36
2019-02-19, 10:50:02, 23.62, 44.36
2019-02-19, 10:50:04, 23.62, 44.36
2019-02-19, 10:50:05, 23.62, 44.36
2019-02-19, 10:50:06, 23.63, 44.4
2019-02-19, 10:50:08, 23.63, 44.36
2019-02-19, 10:50:09, 23.62, 44.4
2019-02-19, 10:50:10, 23.62, 44.4
2019-02-19, 10:50:12, 23.62, 44.4
2019-02-19, 10:50:13, 23.63, 44.4
2019-02-19, 10:50:14, 23.62, 44.43
2019-02-19, 10:50:16, 23.63, 44.4
2019-02-19, 10:50:17, 23.63, 44.4
2019-02-19, 10:50:19, 23.63, 44.36
2019-02-19, 10:50:20, 23.63, 44.4
2019-02-19, 10:50:21, 23.63, 44.4
2019-02-19, 10:50:23, 23.62, 44.36
2019-02-19, 10:50:24, 23.62, 44.36
2019-02-19, 10:50:25, 23.62, 44.36
2019-02-19, 10:50:27, 23.62, 44.36
2019-02-19, 10:50:28, 23.62, 44.36
2019-02-19, 10:50:29, 23.63, 44.36
2019-02-19, 10:50:31, 23.62, 44.36
2019-02-19, 10:50:32, 23.63, 44.36
2019-02-19, 10:50:33, 23.62, 44.36
2019-02-19, 10:50:35, 23.63, 44.36
2019-02-19, 10:50:36, 23.63, 44.36
2019-02-19, 10:50:38, 23.62, 44.36
2019-02-19, 10:50:39, 23.63, 44.33
2019-02-19, 10:50:40, 23.62, 44.33
2019-02-19, 10:50:42, 23.64, 44.37
2019-02-19, 10:50:43, 23.63, 44.36
2019-02-19, 10:50:44, 23.63, 44.33
2019-02-19, 10:50:46, 23.64, 44.33
2019-02-19, 10:50:47, 23.63, 44.33
2019-02-19, 10:50:48, 23.62, 44.36
2019-02-19, 10:50:50, 23.63, 44.36
2019-02-19, 10:50:51, 23.64, 44.37
2019-02-19, 10:50:52, 23.64, 44.37
2019-02-19, 10:50:54, 23.64, 44.37
2019-02-19, 10:50:55, 23.65, 44.37
2019-02-19, 10:50:56, 23.64, 44.37
2019-02-19, 10:50:58, 23.64, 44.37
2019-02-19, 10:50:59, 23.65, 44.37
2019-02-19, 10:51:01, 23.65, 44.33
2019-02-19, 10:51:02, 23.66, 44.37
2019-02-19, 10:51:03, 23.65, 44.37
2019-02-19, 10:51:05, 23.63, 44.36
2019-02-19, 10:51:06, 23.66, 44.37
2019-02-19, 10:51:07, 23.66, 44.37
2019-02-19, 10:51:09, 23.66, 44.37
2019-02-19, 10:51:10, 23.66, 44.37
2019-02-19, 10:51:11, 23.66, 44.37
2019-02-19, 10:51:13, 23.65, 44.37
2019-02-19, 10:51:14, 23.65, 44.33
2019-02-19, 10:51:15, 23.65, 44.33
2019-02-19, 10:51:17, 23.65, 44.33
2019-02-19, 10:51:18, 23.66, 44.37
2019-02-19, 10:51:20, 23.65, 44.33
2019-02-19, 10:51:21, 23.66, 44.37
2019-02-19, 10:51:22, 23.66, 44.34
2019-02-19, 10:51:24, 23.67, 44.37
2019-02-19, 10:51:25, 23.66, 44.37
2019-02-19, 10:51:26, 23.66, 44.37
2019-02-19, 10:51:28, 23.66, 44.37
2019-02-19, 10:51:29, 23.67, 44.37
2019-02-19, 10:51:30, 23.67, 44.37
2019-02-19, 10:51:32, 23.67, 44.37
2019-02-19, 10:51:33, 23.67, 44.37
2019-02-19, 10:51:34, 23.67, 44.4
2019-02-19, 10:51:36, 23.67, 44.4
2019-02-19, 10:51:37, 23.68, 44.4
2019-02-19, 10:51:38, 23.66, 44.37
2019-02-19, 10:51:40, 23.66, 44.4
2019-02-19, 10:51:41, 23.66, 44.4
2019-02-19, 10:51:43, 23.66, 44.4
2019-02-19, 10:51:44, 23.66, 44.4
2019-02-19, 10:51:45, 23.67, 44.4
2019-02-19, 10:51:47, 23.67, 44.4
2019-02-19, 10:51:48, 23.64, 44.43
2019-02-19, 10:51:49, 23.64, 44.43
2019-02-19, 10:51:51, 23.66, 44.43
2019-02-19, 10:51:52, 23.66, 44.4
2019-02-19, 10:51:53, 23.67, 44.4
2019-02-19, 10:51:55, 23.67, 44.4
2019-02-19, 10:51:56, 23.66, 44.4
2019-02-19, 10:51:57, 23.67, 44.4
2019-02-19, 10:51:59, 23.67, 44.4
2019-02-19, 10:52:00, 23.66, 44.4
2019-02-19, 10:52:01, 23.65, 44.4
2019-02-19, 10:52:03, 23.66, 44.4
2019-02-19, 10:52:04, 23.67, 44.4
2019-02-19, 10:52:06, 23.66, 44.37
2019-02-19, 10:52:07, 23.66, 44.37
2019-02-19, 10:52:08, 23.67, 44.37
2019-02-19, 10:52:10, 23.68, 44.37
2019-02-19, 10:52:11, 23.66, 44.37
2019-02-19, 10:52:12, 23.68, 44.4
2019-02-19, 10:52:14, 23.68, 44.37
2019-02-19, 10:52:15, 23.68, 44.37
2019-02-19, 10:52:16, 23.69, 44.34
2019-02-19, 10:52:18, 23.62, 44.36
2019-02-19, 10:52:19, 23.65, 44.37
2019-02-19, 10:52:20, 23.68, 44.37
2019-02-19, 10:52:22, 23.68, 44.37
2019-02-19, 10:52:23, 23.69, 44.37
2019-02-19, 10:52:24, 23.68, 44.37
2019-02-19, 10:52:26, 23.68, 44.37
2019-02-19, 10:52:27, 23.67, 44.37
2019-02-19, 10:52:29, 23.67, 44.37
2019-02-19, 10:52:30, 23.67, 44.37
2019-02-19, 10:52:31, 23.68, 44.37
2019-02-19, 10:52:33, 23.68, 44.37
2019-02-19, 10:52:34, 23.67, 44.37
2019-02-19, 10:52:35, 23.68, 44.37
2019-02-19, 10:52:37, 23.68, 44.37
2019-02-19, 10:52:38, 23.68, 44.37
2019-02-19, 10:52:39, 23.67, 44.37
2019-02-19, 10:52:41, 23.67, 44.34
2019-02-19, 10:52:42, 23.68, 44.34
2019-02-19, 10:52:43, 23.67, 44.34
2019-02-19, 10:52:45, 23.66, 44.34
2019-02-19, 10:52:46, 23.68, 44.34
2019-02-19, 10:52:48, 23.67, 44.34
2019-02-19, 10:52:49, 23.68, 44.34
2019-02-19, 10:52:50, 23.68, 44.34
2019-02-19, 10:52:52, 23.68, 44.34
2019-02-19, 10:52:53, 23.57, 44.36
2019-02-19, 10:52:54, 23.65, 44.37
2019-02-19, 10:52:56, 23.65, 44.4
2019-02-19, 10:52:57, 23.66, 44.4
2019-02-19, 10:52:58, 23.68, 44.37
2019-02-19, 10:53:00, 23.67, 44.4
2019-02-19, 10:53:01, 23.68, 44.37
2019-02-19, 10:53:02, 23.68, 44.37
2019-02-19, 10:53:04, 23.68, 44.37
2019-02-19, 10:53:05, 23.68, 44.37
2019-02-19, 10:53:06, 23.66, 44.37
2019-02-19, 10:53:08, 23.68, 44.37
2019-02-19, 10:53:09, 23.67, 44.37
2019-02-19, 10:53:11, 23.68, 44.37
2019-02-19, 10:53:12, 23.69, 44.37
2019-02-19, 10:53:13, 23.69, 44.37
2019-02-19, 10:53:15, 23.68, 44.34
2019-02-19, 10:53:16, 23.69, 44.34
2019-02-19, 10:53:17, 23.68, 44.34
2019-02-19, 10:53:19, 23.68, 44.34
2019-02-19, 10:53:20, 23.68, 44.31
2019-02-19, 10:53:21, 23.68, 44.31
2019-02-19, 10:53:23, 23.53, 44.35
2019-02-19, 10:53:24, 23.66, 44.37
2019-02-19, 10:53:25, 23.66, 44.37
2019-02-19, 10:53:27, 23.66, 44.4
2019-02-19, 10:53:28, 23.66, 44.37
2019-02-19, 10:53:29, 23.66, 44.37
2019-02-19, 10:53:31, 23.68, 44.4
2019-02-19, 10:53:32, 23.68, 44.37
2019-02-19, 10:53:34, 23.68, 44.37
2019-02-19, 10:53:35, 23.68, 44.37
2019-02-19, 10:53:36, 23.68, 44.37
2019-02-19, 10:53:38, 23.68, 44.37
2019-02-19, 10:53:39, 23.68, 44.31
2019-02-19, 10:53:40, 23.68, 44.31
2019-02-19, 10:53:42, 23.7, 44.34
2019-02-19, 10:53:43, 23.7, 44.31
2019-02-19, 10:53:44, 23.7, 44.31
2019-02-19, 10:53:46, 23.7, 44.31
2019-02-19, 10:53:47, 23.58, 44.33
2019-02-19, 10:53:48, 23.67, 44.37
2019-02-19, 10:53:50, 23.67, 44.37
2019-02-19, 10:53:51, 23.68, 44.37
2019-02-19, 10:53:53, 23.68, 44.34
2019-02-19, 10:53:54, 23.68, 44.37
2019-02-19, 10:53:55, 23.69, 44.34
2019-02-19, 10:53:57, 23.7, 44.34
2019-02-19, 10:53:58, 23.69, 44.34
2019-02-19, 10:53:59, 23.68, 44.34
2019-02-19, 10:54:01, 23.7, 44.34
2019-02-19, 10:54:02, 23.71, 44.31
2019-02-19, 10:54:03, 23.69, 44.31
2019-02-19, 10:54:05, 23.7, 44.31
2019-02-19, 10:54:06, 23.7, 44.34
2019-02-19, 10:54:07, 23.7, 44.34
2019-02-19, 10:54:09, 23.71, 44.31
2019-02-19, 10:54:10, 23.7, 44.31
2019-02-19, 10:54:11, 23.7, 44.31
2019-02-19, 10:54:13, 23.7, 44.31
2019-02-19, 10:54:14, 23.7, 44.31
2019-02-19, 10:54:15, 23.7, 44.31
2019-02-19, 10:54:17, 23.58, 44.33
2019-02-19, 10:54:18, 23.66, 44.37
2019-02-19, 10:54:20, 23.68, 44.37
2019-02-19, 10:54:21, 23.69, 44.37
2019-02-19, 10:54:22, 23.69, 44.37
2019-02-19, 10:54:24, 23.69, 44.37
2019-02-19, 10:54:25, 23.7, 44.34
2019-02-19, 10:54:26, 23.7, 44.34
2019-02-19, 10:54:28, 23.7, 44.34
2019-02-19, 10:54:29, 23.7, 44.34
2019-02-19, 10:54:30, 23.7, 44.31
2019-02-19, 10:54:32, 23.69, 44.34
2019-02-19, 10:54:33, 23.69, 44.31
2019-02-19, 10:54:34, 23.7, 44.31
2019-02-19, 10:54:36, 23.7, 44.31
2019-02-19, 10:54:37, 23.69, 44.31
2019-02-19, 10:54:39, 23.7, 44.31
2019-02-19, 10:54:40, 23.7, 44.31
2019-02-19, 10:54:41, 23.7, 44.31
2019-02-19, 10:54:43, 23.7, 44.31
2019-02-19, 10:54:44, 23.69, 44.31
2019-02-19, 10:54:45, 23.69, 44.31
2019-02-19, 10:54:47, 23.54, 44.32
2019-02-19, 10:54:48, 23.64, 44.37
2019-02-19, 10:54:49, 23.66, 44.37
2019-02-19, 10:54:51, 23.67, 44.37
2019-02-19, 10:54:52, 23.69, 44.37
2019-02-19, 10:54:53, 23.69, 44.37
2019-02-19, 10:54:55, 23.7, 44.37
2019-02-19, 10:54:56, 23.7, 44.37
2019-02-19, 10:54:57, 23.69, 44.34
2019-02-19, 10:54:59, 23.68, 44.34
2019-02-19, 10:55:00, 23.69, 44.34
2019-02-19, 10:55:02, 23.68, 44.37
2019-02-19, 10:55:03, 23.68, 44.34
2019-02-19, 10:55:04, 23.7, 44.34
2019-02-19, 10:55:06, 23.71, 44.34
2019-02-19, 10:55:07, 23.7, 44.31
2019-02-19, 10:55:08, 23.69, 44.31
2019-02-19, 10:55:10, 23.7, 44.31
2019-02-19, 10:55:11, 23.7, 44.31
2019-02-19, 10:55:12, 23.71, 44.31
2019-02-19, 10:55:14, 23.7, 44.31
2019-02-19, 10:55:15, 23.72, 44.31
2019-02-19, 10:55:16, 23.72, 44.31
2019-02-19, 10:55:18, 23.71, 44.31
2019-02-19, 10:55:19, 23.72, 44.28
2019-02-19, 10:55:20, 23.71, 44.28
2019-02-19, 10:55:22, 23.72, 44.31
2019-02-19, 10:55:23, 23.71, 44.28
2019-02-19, 10:55:25, 23.72, 44.28
2019-02-19, 10:55:26, 23.72, 44.25
2019-02-19, 10:55:27, 23.72, 44.25
2019-02-19, 10:55:29, 23.72, 44.28
2019-02-19, 10:55:30, 23.72, 44.28
2019-02-19, 10:55:31, 23.72, 44.28
2019-02-19, 10:55:33, 23.72, 44.28
2019-02-19, 10:55:34, 23.72, 44.28
2019-02-19, 10:55:35, 23.72, 44.31
2019-02-19, 10:55:37, 23.72, 44.25
2019-02-19, 10:55:38, 23.72, 44.28
2019-02-19, 10:55:39, 23.71, 44.28
2019-02-19, 10:55:41, 23.71, 44.24
2019-02-19, 10:55:42, 23.73, 44.28
2019-02-19, 10:55:43, 23.72, 44.28
2019-02-19, 10:55:45, 23.71, 44.28
2019-02-19, 10:55:46, 23.73, 44.28
2019-02-19, 10:55:48, 23.72, 44.25
2019-02-19, 10:55:49, 23.71, 44.28
2019-02-19, 10:55:50, 23.72, 44.25
2019-02-19, 10:55:52, 23.72, 44.28
2019-02-19, 10:55:53, 23.72, 44.28
2019-02-19, 10:55:54, 23.71, 44.28
2019-02-19, 10:55:56, 23.72, 44.25
2019-02-19, 10:55:57, 23.72, 44.28
2019-02-19, 10:55:58, 23.72, 44.28
2019-02-19, 10:56:00, 23.7, 44.28
2019-02-19, 10:56:01, 23.71, 44.28
2019-02-19, 10:56:02, 23.72, 44.28
2019-02-19, 10:56:04, 23.71, 44.28
2019-02-19, 10:56:05, 23.72, 44.28
2019-02-19, 10:56:06, 23.73, 44.28
2019-02-19, 10:56:08, 23.72, 44.28
2019-02-19, 10:56:09, 23.73, 44.28
2019-02-19, 10:56:11, 23.72, 44.28
2019-02-19, 10:56:12, 23.72, 44.28
2019-02-19, 10:56:13, 23.73, 44.28
2019-02-19, 10:56:15, 23.72, 44.28
2019-02-19, 10:56:16, 23.71, 44.28
2019-02-19, 10:56:17, 23.72, 44.28
2019-02-19, 10:56:19, 23.71, 44.24
2019-02-19, 10:56:20, 23.71, 44.28
2019-02-19, 10:56:21, 23.71, 44.28
2019-02-19, 10:56:23, 23.7, 44.24
2019-02-19, 10:56:24, 23.71, 44.28
2019-02-19, 10:56:25, 23.7, 44.28
2019-02-19, 10:56:27, 23.7, 44.24
2019-02-19, 10:56:28, 23.7, 44.24
2019-02-19, 10:56:29, 23.72, 44.28
2019-02-19, 10:56:31, 23.7, 44.28
2019-02-19, 10:56:32, 23.71, 44.31
2019-02-19, 10:56:34, 23.7, 44.28
2019-02-19, 10:56:35, 23.7, 44.31
2019-02-19, 10:56:36, 23.7, 44.31
2019-02-19, 10:56:38, 23.7, 44.31
2019-02-19, 10:56:39, 23.71, 44.31
2019-02-19, 10:56:40, 23.71, 44.31
2019-02-19, 10:56:42, 23.71, 44.31
2019-02-19, 10:56:43, 23.72, 44.31
2019-02-19, 10:56:44, 23.72, 44.31
2019-02-19, 10:56:46, 23.72, 44.28
2019-02-19, 10:56:47, 23.72, 44.31
2019-02-19, 10:56:48, 23.72, 44.31
2019-02-19, 10:56:50, 23.71, 44.28
2019-02-19, 10:56:51, 23.7, 44.28
2019-02-19, 10:56:52, 23.72, 44.31
2019-02-19, 10:56:54, 23.71, 44.31
2019-02-19, 10:56:55, 23.72, 44.31
2019-02-19, 10:56:57, 23.72, 44.31
2019-02-19, 10:56:58, 23.72, 44.31
2019-02-19, 10:56:59, 23.73, 44.31
2019-02-19, 10:57:01, 23.73, 44.31
2019-02-19, 10:57:02, 23.73, 44.34
2019-02-19, 10:57:03, 23.73, 44.34
2019-02-19, 10:57:05, 23.72, 44.34
2019-02-19, 10:57:06, 23.72, 44.37
2019-02-19, 10:57:07, 23.72, 44.37
2019-02-19, 10:57:09, 23.72, 44.37
2019-02-19, 10:57:10, 23.74, 44.41
2019-02-19, 10:57:11, 23.72, 44.37
2019-02-19, 10:57:13, 23.72, 44.41
2019-02-19, 10:57:14, 23.73, 44.41
2019-02-19, 10:57:16, 23.72, 44.41
2019-02-19, 10:57:17, 23.74, 44.44
2019-02-19, 10:57:18, 23.74, 44.44
2019-02-19, 10:57:20, 23.73, 44.44
2019-02-19, 10:57:21, 23.74, 44.44
2019-02-19, 10:57:22, 23.73, 44.44
2019-02-19, 10:57:24, 23.72, 44.47
2019-02-19, 10:57:25, 23.73, 44.47
2019-02-19, 10:57:26, 23.74, 44.44
2019-02-19, 10:57:28, 23.74, 44.44
2019-02-19, 10:57:29, 23.74, 44.47
2019-02-19, 10:57:30, 23.73, 44.51
2019-02-19, 10:57:32, 23.74, 44.47
2019-02-19, 10:57:33, 23.73, 44.47
2019-02-19, 10:57:34, 23.73, 44.44
2019-02-19, 10:57:36, 23.73, 44.44
2019-02-19, 10:57:37, 23.73, 44.41
2019-02-19, 10:57:39, 23.73, 44.41
2019-02-19, 10:57:40, 23.73, 44.38
2019-02-19, 10:57:41, 23.73, 44.38
2019-02-19, 10:57:43, 23.74, 44.34
2019-02-19, 10:57:44, 23.74, 44.34
2019-02-19, 10:57:45, 23.74, 44.31
2019-02-19, 10:57:47, 23.73, 44.31
2019-02-19, 10:57:48, 23.73, 44.31
2019-02-19, 10:57:49, 23.74, 44.31
2019-02-19, 10:57:51, 23.73, 44.31
2019-02-19, 10:57:52, 23.73, 44.31
2019-02-19, 10:57:53, 23.72, 44.31
2019-02-19, 10:57:55, 23.73, 44.31
2019-02-19, 10:57:56, 23.73, 44.31
2019-02-19, 10:57:57, 23.73, 44.31
2019-02-19, 10:57:59, 23.72, 44.31
2019-02-19, 10:58:00, 23.73, 44.31
2019-02-19, 10:58:02, 23.73, 44.31
2019-02-19, 10:58:03, 23.73, 44.31
2019-02-19, 10:58:04, 23.73, 44.28
2019-02-19, 10:58:06, 23.73, 44.31
2019-02-19, 10:58:07, 23.73, 44.31
2019-02-19, 10:58:08, 23.72, 44.25
2019-02-19, 10:58:10, 23.74, 44.28
2019-02-19, 10:58:11, 23.74, 44.31
2019-02-19, 10:58:12, 23.72, 44.31
2019-02-19, 10:58:14, 23.67, 44.27
2019-02-19, 10:58:15, 23.72, 44.31
2019-02-19, 10:58:16, 23.73, 44.31
2019-02-19, 10:58:18, 23.72, 44.31
2019-02-19, 10:58:19, 23.72, 44.34
2019-02-19, 10:58:21, 23.72, 44.37
2019-02-19, 10:58:22, 23.74, 44.38
2019-02-19, 10:58:23, 23.73, 44.41
2019-02-19, 10:58:25, 23.73, 44.41
2019-02-19, 10:58:26, 23.72, 44.37
2019-02-19, 10:58:27, 23.73, 44.38
2019-02-19, 10:58:29, 23.74, 44.38
2019-02-19, 10:58:30, 23.73, 44.38
2019-02-19, 10:58:31, 23.74, 44.38
2019-02-19, 10:58:33, 23.74, 44.41
2019-02-19, 10:58:34, 23.73, 44.41
2019-02-19, 10:58:35, 23.71, 44.44
2019-02-19, 10:58:37, 23.72, 44.41
2019-02-19, 10:58:38, 23.73, 44.44
2019-02-19, 10:58:40, 23.73, 44.41
2019-02-19, 10:58:41, 23.72, 44.44
2019-02-19, 10:58:42, 23.73, 44.41
2019-02-19, 10:58:44, 23.64, 44.43
2019-02-19, 10:58:45, 23.7, 44.47
2019-02-19, 10:58:46, 23.71, 44.44
2019-02-19, 10:58:48, 23.71, 44.44
2019-02-19, 10:58:49, 23.72, 44.44
2019-02-19, 10:58:50, 23.71, 44.44
2019-02-19, 10:58:52, 23.71, 44.44
2019-02-19, 10:58:53, 23.7, 44.4
2019-02-19, 10:58:54, 23.7, 44.4
2019-02-19, 10:58:56, 23.7, 44.37
2019-02-19, 10:58:57, 23.71, 44.37
2019-02-19, 10:58:59, 23.71, 44.37
2019-02-19, 10:59:00, 23.72, 44.37
2019-02-19, 10:59:01, 23.72, 44.34
2019-02-19, 10:59:03, 23.71, 44.37
2019-02-19, 10:59:04, 23.7, 44.37
2019-02-19, 10:59:05, 23.72, 44.37
2019-02-19, 10:59:07, 23.72, 44.41
2019-02-19, 10:59:08, 23.72, 44.5
2019-02-19, 10:59:09, 23.72, 44.57
2019-02-19, 10:59:11, 23.72, 44.63
2019-02-19, 10:59:12, 23.72, 44.7
2019-02-19, 10:59:13, 23.59, 44.68
2019-02-19, 10:59:15, 23.69, 44.66
2019-02-19, 10:59:16, 23.69, 44.6
2019-02-19, 10:59:18, 23.69, 44.6
2019-02-19, 10:59:19, 23.7, 44.66
2019-02-19, 10:59:20, 23.69, 44.73
2019-02-19, 10:59:22, 23.7, 44.76
2019-02-19, 10:59:23, 23.7, 44.82
2019-02-19, 10:59:24, 23.7, 44.89
2019-02-19, 10:59:26, 23.71, 44.89
2019-02-19, 10:59:27, 23.7, 44.89
2019-02-19, 10:59:28, 23.7, 44.82
2019-02-19, 10:59:30, 23.7, 44.79
2019-02-19, 10:59:31, 23.7, 44.76
2019-02-19, 10:59:32, 23.7, 44.7
2019-02-19, 10:59:34, 23.69, 44.66
2019-02-19, 10:59:35, 23.7, 44.76
2019-02-19, 10:59:37, 23.7, 44.82
2019-02-19, 10:59:38, 23.7, 44.86
2019-02-19, 10:59:39, 23.69, 44.86
2019-02-19, 10:59:41, 23.69, 44.82
2019-02-19, 10:59:42, 23.7, 44.76
2019-02-19, 10:59:43, 23.55, 44.77
2019-02-19, 10:59:45, 23.64, 44.82
2019-02-19, 10:59:46, 23.65, 44.82
2019-02-19, 10:59:47, 23.65, 44.82
2019-02-19, 10:59:49, 23.52, 44.8
2019-02-19, 10:59:50, 23.62, 44.88
2019-02-19, 10:59:51, 23.64, 44.88
2019-02-19, 10:59:53, 23.64, 44.88
2019-02-19, 10:59:54, 23.66, 44.88
2019-02-19, 10:59:56, 23.66, 44.92
2019-02-19, 10:59:57, 23.66, 44.95
2019-02-19, 10:59:58, 23.67, 44.95
2019-02-19, 11:00:00, 23.68, 44.95
2019-02-19, 11:00:01, 23.68, 44.95
2019-02-19, 11:00:02, 23.66, 44.92
2019-02-19, 11:00:04, 23.68, 44.95
2019-02-19, 11:00:05, 23.69, 44.92
2019-02-19, 11:00:06, 23.68, 44.92
2019-02-19, 11:00:08, 23.68, 44.92
2019-02-19, 11:00:09, 23.66, 44.88
2019-02-19, 11:00:10, 23.68, 44.89
2019-02-19, 11:00:12, 23.67, 44.82
2019-02-19, 11:00:13, 23.52, 44.8
2019-02-19, 11:00:15, 23.63, 44.82
2019-02-19, 11:00:16, 23.64, 44.82
2019-02-19, 11:00:17, 23.64, 44.82
2019-02-19, 11:00:19, 23.5, 44.83
2019-02-19, 11:00:20, 23.61, 44.88
2019-02-19, 11:00:21, 23.62, 44.88
2019-02-19, 11:00:23, 23.65, 44.82
2019-02-19, 11:00:24, 23.66, 44.79
2019-02-19, 11:00:25, 23.65, 44.75
2019-02-19, 11:00:27, 23.66, 44.69
2019-02-19, 11:00:28, 23.66, 44.69
2019-02-19, 11:00:30, 23.66, 44.69
2019-02-19, 11:00:31, 23.67, 44.66
2019-02-19, 11:00:32, 23.67, 44.66
2019-02-19, 11:00:34, 23.67, 44.66
2019-02-19, 11:00:35, 23.67, 44.66
2019-02-19, 11:00:36, 23.68, 44.63
2019-02-19, 11:00:38, 23.67, 44.63
2019-02-19, 11:00:39, 23.67, 44.63
2019-02-19, 11:00:40, 23.67, 44.63
2019-02-19, 11:00:42, 23.67, 44.59
2019-02-19, 11:00:43, 23.67, 44.59
2019-02-19, 11:00:44, 23.67, 44.56
2019-02-19, 11:00:46, 23.68, 44.6
2019-02-19, 11:00:48, 23.51, 44.61
2019-02-19, 11:00:49, 23.63, 44.65
2019-02-19, 11:00:50, 23.65, 44.62
2019-02-19, 11:00:52, 23.65, 44.62
2019-02-19, 11:00:53, 23.66, 44.63
2019-02-19, 11:00:54, 23.65, 44.62
2019-02-19, 11:00:56, 23.66, 44.59
2019-02-19, 11:00:57, 23.64, 44.59
2019-02-19, 11:00:59, 23.66, 44.56
2019-02-19, 11:01:00, 23.66, 44.56
2019-02-19, 11:01:01, 23.66, 44.56
2019-02-19, 11:01:03, 23.66, 44.56
2019-02-19, 11:01:04, 23.65, 44.56
2019-02-19, 11:01:05, 23.66, 44.53
2019-02-19, 11:01:07, 23.66, 44.53
2019-02-19, 11:01:08, 23.66, 44.53
2019-02-19, 11:01:09, 23.66, 44.53
2019-02-19, 11:01:11, 23.65, 44.56
2019-02-19, 11:01:12, 23.65, 44.56
2019-02-19, 11:01:13, 23.66, 44.56
2019-02-19, 11:01:15, 23.66, 44.56
2019-02-19, 11:01:16, 23.66, 44.56
2019-02-19, 11:01:18, 23.66, 44.56
2019-02-19, 11:01:19, 23.65, 44.56
2019-02-19, 11:01:20, 23.66, 44.56
2019-02-19, 11:01:22, 23.65, 44.56
2019-02-19, 11:01:23, 23.65, 44.53
2019-02-19, 11:01:24, 23.65, 44.56
2019-02-19, 11:01:26, 23.64, 44.56
2019-02-19, 11:01:27, 23.65, 44.56
2019-02-19, 11:01:28, 23.65, 44.59
2019-02-19, 11:01:30, 23.66, 44.59
2019-02-19, 11:01:31, 23.66, 44.59
2019-02-19, 11:01:32, 23.65, 44.56
2019-02-19, 11:01:34, 23.65, 44.59
2019-02-19, 11:01:35, 23.65, 44.56
2019-02-19, 11:01:37, 23.66, 44.59
2019-02-19, 11:01:38, 23.66, 44.59
2019-02-19, 11:01:39, 23.65, 44.59
2019-02-19, 11:01:41, 23.66, 44.56
2019-02-19, 11:01:42, 23.64, 44.56
2019-02-19, 11:01:43, 23.66, 44.56
2019-02-19, 11:01:45, 23.65, 44.56
2019-02-19, 11:01:46, 23.67, 44.56
2019-02-19, 11:01:47, 23.65, 44.56
2019-02-19, 11:01:49, 23.66, 44.56
2019-02-19, 11:01:50, 23.65, 44.5
2019-02-19, 11:01:51, 23.65, 44.5
2019-02-19, 11:01:53, 23.65, 44.5
2019-02-19, 11:01:54, 23.66, 44.5
2019-02-19, 11:01:55, 23.66, 44.46
2019-02-19, 11:01:57, 23.66, 44.5
2019-02-19, 11:01:58, 23.64, 44.49
2019-02-19, 11:02:00, 23.65, 44.53
2019-02-19, 11:02:01, 23.66, 44.56
2019-02-19, 11:02:02, 23.66, 44.56
2019-02-19, 11:02:04, 23.65, 44.56
2019-02-19, 11:02:05, 23.65, 44.56
2019-02-19, 11:02:06, 23.66, 44.53
2019-02-19, 11:02:08, 23.67, 44.5
2019-02-19, 11:02:09, 23.66, 44.5
2019-02-19, 11:02:10, 23.66, 44.5
2019-02-19, 11:02:12, 23.5, 44.54
2019-02-19, 11:02:13, 23.62, 44.62
2019-02-19, 11:02:14, 23.62, 44.62
2019-02-19, 11:02:16, 23.64, 44.62
2019-02-19, 11:02:17, 23.64, 44.66
2019-02-19, 11:02:19, 23.65, 44.62
2019-02-19, 11:02:20, 23.64, 44.62
2019-02-19, 11:02:21, 23.66, 44.63
2019-02-19, 11:02:23, 23.66, 44.63
2019-02-19, 11:02:24, 23.66, 44.63
2019-02-19, 11:02:25, 23.65, 44.62
2019-02-19, 11:02:27, 23.67, 44.63
2019-02-19, 11:02:28, 23.66, 44.63
2019-02-19, 11:02:29, 23.66, 44.63
2019-02-19, 11:02:31, 23.66, 44.63
2019-02-19, 11:02:32, 23.67, 44.63
2019-02-19, 11:02:33, 23.66, 44.63
2019-02-19, 11:02:35, 23.67, 44.63
2019-02-19, 11:02:36, 23.66, 44.59
2019-02-19, 11:02:37, 23.66, 44.63
2019-02-19, 11:02:39, 23.66, 44.56
2019-02-19, 11:02:40, 23.66, 44.56
2019-02-19, 11:02:42, 23.66, 44.56
2019-02-19, 11:02:43, 23.65, 44.56
2019-02-19, 11:02:44, 23.65, 44.56
2019-02-19, 11:02:46, 23.65, 44.53
2019-02-19, 11:02:47, 23.66, 44.53
2019-02-19, 11:02:48, 23.66, 44.53
2019-02-19, 11:02:50, 23.66, 44.53
2019-02-19, 11:02:51, 23.66, 44.53
2019-02-19, 11:02:52, 23.64, 44.49
2019-02-19, 11:02:54, 23.66, 44.53
2019-02-19, 11:02:55, 23.66, 44.5
2019-02-19, 11:02:56, 23.67, 44.5
2019-02-19, 11:02:58, 23.67, 44.5
2019-02-19, 11:02:59, 23.66, 44.53
2019-02-19, 11:03:01, 23.66, 44.53
2019-02-19, 11:03:02, 23.66, 44.5
2019-02-19, 11:03:03, 23.66, 44.5
2019-02-19, 11:03:05, 23.67, 44.53
2019-02-19, 11:03:06, 23.66, 44.5
2019-02-19, 11:03:07, 23.67, 44.5
2019-02-19, 11:03:09, 23.66, 44.5
2019-02-19, 11:03:10, 23.65, 44.5
2019-02-19, 11:03:11, 23.66, 44.5
2019-02-19, 11:03:13, 23.66, 44.46
2019-02-19, 11:03:14, 23.66, 44.5
2019-02-19, 11:03:15, 23.68, 44.5
2019-02-19, 11:03:17, 23.67, 44.5
2019-02-19, 11:03:18, 23.66, 44.53
2019-02-19, 11:03:19, 23.66, 44.53
2019-02-19, 11:03:21, 23.66, 44.53
2019-02-19, 11:03:22, 23.67, 44.56
2019-02-19, 11:03:24, 23.66, 44.53
2019-02-19, 11:03:25, 23.65, 44.56
2019-02-19, 11:03:26, 23.66, 44.56
2019-02-19, 11:03:28, 23.67, 44.56
2019-02-19, 11:03:29, 23.66, 44.53
2019-02-19, 11:03:30, 23.67, 44.53
2019-02-19, 11:03:32, 23.67, 44.53
2019-02-19, 11:03:33, 23.67, 44.5
2019-02-19, 11:03:34, 23.68, 44.5
2019-02-19, 11:03:36, 23.68, 44.5
2019-02-19, 11:03:37, 23.66, 44.5
2019-02-19, 11:03:38, 23.66, 44.5
2019-02-19, 11:03:40, 23.67, 44.5
2019-02-19, 11:03:41, 23.65, 44.53
2019-02-19, 11:03:43, 23.65, 44.5
2019-02-19, 11:03:44, 23.66, 44.5
2019-02-19, 11:03:45, 23.67, 44.5
2019-02-19, 11:03:47, 23.67, 44.53
2019-02-19, 11:03:48, 23.67, 44.56
2019-02-19, 11:03:49, 23.67, 44.56
2019-02-19, 11:03:51, 23.68, 44.6
2019-02-19, 11:03:52, 23.67, 44.63
2019-02-19, 11:03:53, 23.68, 44.66
2019-02-19, 11:03:55, 23.68, 44.66
2019-02-19, 11:03:56, 23.68, 44.66
2019-02-19, 11:03:57, 23.67, 44.66
2019-02-19, 11:03:59, 23.68, 44.66
2019-02-19, 11:04:00, 23.67, 44.66
2019-02-19, 11:04:01, 23.67, 44.66
2019-02-19, 11:04:03, 23.68, 44.69
2019-02-19, 11:04:04, 23.68, 44.69
2019-02-19, 11:04:06, 23.67, 44.66
2019-02-19, 11:04:07, 23.67, 44.63
2019-02-19, 11:04:08, 23.68, 44.56
2019-02-19, 11:04:10, 23.68, 44.56
2019-02-19, 11:04:11, 23.68, 44.53
2019-02-19, 11:04:12, 23.68, 44.53
2019-02-19, 11:04:14, 23.68, 44.5
2019-02-19, 11:04:15, 23.68, 44.5
2019-02-19, 11:04:16, 23.67, 44.5
2019-02-19, 11:04:18, 23.67, 44.5
2019-02-19, 11:04:19, 23.67, 44.47
2019-02-19, 11:04:20, 23.67, 44.47
2019-02-19, 11:04:22, 23.66, 44.5
2019-02-19, 11:04:23, 23.67, 44.47
2019-02-19, 11:04:24, 23.67, 44.47
2019-02-19, 11:04:26, 23.67, 44.47
2019-02-19, 11:04:27, 23.67, 44.43
2019-02-19, 11:04:29, 23.66, 44.5
2019-02-19, 11:04:30, 23.67, 44.47
2019-02-19, 11:04:31, 23.68, 44.47
2019-02-19, 11:04:33, 23.68, 44.5
2019-02-19, 11:04:34, 23.68, 44.5
2019-02-19, 11:04:35, 23.67, 44.5
2019-02-19, 11:04:37, 23.68, 44.5
2019-02-19, 11:04:38, 23.67, 44.56
2019-02-19, 11:04:39, 23.68, 44.56
2019-02-19, 11:04:41, 23.67, 44.56
2019-02-19, 11:04:42, 23.69, 44.56
2019-02-19, 11:04:43, 23.67, 44.56
2019-02-19, 11:04:45, 23.63, 44.56
2019-02-19, 11:04:46, 23.68, 44.56
2019-02-19, 11:04:47, 23.67, 44.56
2019-02-19, 11:04:49, 23.69, 44.56
2019-02-19, 11:04:50, 23.66, 44.59
2019-02-19, 11:04:51, 23.68, 44.63
2019-02-19, 11:04:53, 23.68, 44.6
2019-02-19, 11:04:54, 23.67, 44.63
2019-02-19, 11:04:56, 23.67, 44.63
2019-02-19, 11:04:57, 23.67, 44.59
2019-02-19, 11:04:58, 23.68, 44.6
2019-02-19, 11:05:00, 23.68, 44.56
2019-02-19, 11:05:01, 23.67, 44.56
2019-02-19, 11:05:02, 23.69, 44.56
2019-02-19, 11:05:04, 23.68, 44.56
2019-02-19, 11:05:05, 23.68, 44.56
2019-02-19, 11:05:06, 23.68, 44.53
2019-02-19, 11:05:08, 23.68, 44.53
2019-02-19, 11:05:09, 23.68, 44.53
2019-02-19, 11:05:10, 23.67, 44.53
2019-02-19, 11:05:12, 23.68, 44.5
2019-02-19, 11:05:13, 23.68, 44.5
2019-02-19, 11:05:15, 23.68, 44.5
2019-02-19, 11:05:16, 23.67, 44.5
2019-02-19, 11:05:17, 23.67, 44.5
2019-02-19, 11:05:19, 23.67, 44.5
2019-02-19, 11:05:20, 23.68, 44.5
2019-02-19, 11:05:21, 23.66, 44.53
2019-02-19, 11:05:23, 23.67, 44.53
2019-02-19, 11:05:24, 23.68, 44.5
2019-02-19, 11:05:25, 23.67, 44.5
2019-02-19, 11:05:27, 23.68, 44.5
2019-02-19, 11:05:28, 23.68, 44.5
2019-02-19, 11:05:29, 23.69, 44.5
2019-02-19, 11:05:31, 23.67, 44.47
2019-02-19, 11:05:32, 23.67, 44.5
2019-02-19, 11:05:33, 23.68, 44.47
2019-02-19, 11:05:35, 23.68, 44.5
2019-02-19, 11:05:36, 23.69, 44.47
2019-02-19, 11:05:38, 23.68, 44.47
2019-02-19, 11:05:39, 23.68, 44.47
2019-02-19, 11:05:40, 23.68, 44.47
2019-02-19, 11:05:42, 23.68, 44.5
2019-02-19, 11:05:43, 23.68, 44.47
2019-02-19, 11:05:44, 23.68, 44.47
2019-02-19, 11:05:46, 23.68, 44.47
2019-02-19, 11:05:47, 23.68, 44.5
2019-02-19, 11:05:48, 23.68, 44.5
2019-02-19, 11:05:50, 23.67, 44.47
2019-02-19, 11:05:51, 23.67, 44.47
2019-02-19, 11:05:52, 23.68, 44.43
2019-02-19, 11:05:54, 23.67, 44.43
2019-02-19, 11:05:55, 23.68, 44.47
2019-02-19, 11:05:56, 23.68, 44.47
2019-02-19, 11:05:58, 23.67, 44.47
2019-02-19, 11:05:59, 23.68, 44.47
2019-02-19, 11:06:01, 23.68, 44.47
2019-02-19, 11:06:02, 23.68, 44.5
2019-02-19, 11:06:03, 23.68, 44.5
2019-02-19, 11:06:05, 23.69, 44.5
2019-02-19, 11:06:06, 23.68, 44.5
2019-02-19, 11:06:07, 23.69, 44.47
2019-02-19, 11:06:09, 23.59, 44.49
2019-02-19, 11:06:10, 23.66, 44.5
2019-02-19, 11:06:11, 23.68, 44.5
2019-02-19, 11:06:13, 23.68, 44.5
2019-02-19, 11:06:14, 23.55, 44.52
2019-02-19, 11:06:15, 23.65, 44.56
2019-02-19, 11:06:17, 23.66, 44.56
2019-02-19, 11:06:18, 23.68, 44.53
2019-02-19, 11:06:19, 23.68, 44.5
2019-02-19, 11:06:21, 23.67, 44.5
2019-02-19, 11:06:22, 23.67, 44.5
2019-02-19, 11:06:24, 23.68, 44.47
2019-02-19, 11:06:25, 23.66, 44.46
2019-02-19, 11:06:26, 23.68, 44.47
2019-02-19, 11:06:28, 23.68, 44.47
2019-02-19, 11:06:29, 23.69, 44.47
2019-02-19, 11:06:30, 23.69, 44.47
2019-02-19, 11:06:32, 23.69, 44.44
2019-02-19, 11:06:33, 23.68, 44.43
2019-02-19, 11:06:34, 23.69, 44.47
2019-02-19, 11:06:36, 23.68, 44.43
2019-02-19, 11:06:37, 23.68, 44.43
2019-02-19, 11:06:38, 23.57, 44.45
2019-02-19, 11:06:40, 23.65, 44.5
2019-02-19, 11:06:41, 23.67, 44.5
2019-02-19, 11:06:43, 23.68, 44.53
2019-02-19, 11:06:44, 23.68, 44.53
2019-02-19, 11:06:45, 23.68, 44.53
2019-02-19, 11:06:47, 23.69, 44.5
2019-02-19, 11:06:48, 23.69, 44.53
2019-02-19, 11:06:49, 23.7, 44.53
2019-02-19, 11:06:51, 23.69, 44.5
2019-02-19, 11:06:52, 23.68, 44.5
2019-02-19, 11:06:53, 23.7, 44.5
2019-02-19, 11:06:55, 23.7, 44.5
2019-02-19, 11:06:56, 23.7, 44.5
2019-02-19, 11:06:57, 23.7, 44.5
2019-02-19, 11:06:59, 23.7, 44.5
2019-02-19, 11:07:00, 23.69, 44.5
2019-02-19, 11:07:01, 23.68, 44.47
2019-02-19, 11:07:03, 23.7, 44.5
2019-02-19, 11:07:04, 23.7, 44.5
2019-02-19, 11:07:05, 23.68, 44.47
2019-02-19, 11:07:07, 23.68, 44.47
2019-02-19, 11:07:08, 23.56, 44.49
2019-02-19, 11:07:10, 23.64, 44.53
2019-02-19, 11:07:11, 23.67, 44.53
2019-02-19, 11:07:12, 23.68, 44.5
2019-02-19, 11:07:14, 23.68, 44.53
2019-02-19, 11:07:15, 23.68, 44.5
2019-02-19, 11:07:16, 23.68, 44.5
2019-02-19, 11:07:18, 23.68, 44.5
2019-02-19, 11:07:19, 23.68, 44.5
2019-02-19, 11:07:20, 23.69, 44.5
2019-02-19, 11:07:22, 23.68, 44.5
2019-02-19, 11:07:23, 23.69, 44.5
2019-02-19, 11:07:24, 23.69, 44.5
2019-02-19, 11:07:26, 23.68, 44.47
2019-02-19, 11:07:27, 23.68, 44.5
2019-02-19, 11:07:28, 23.7, 44.47
2019-02-19, 11:07:30, 23.67, 44.47
2019-02-19, 11:07:31, 23.69, 44.47
2019-02-19, 11:07:33, 23.7, 44.47
2019-02-19, 11:07:34, 23.7, 44.47
2019-02-19, 11:07:35, 23.7, 44.47
2019-02-19, 11:07:37, 23.69, 44.47
2019-02-19, 11:07:38, 23.55, 44.48
2019-02-19, 11:07:39, 23.65, 44.5
2019-02-19, 11:07:41, 23.66, 44.53
2019-02-19, 11:07:42, 23.67, 44.5
2019-02-19, 11:07:43, 23.68, 44.5
2019-02-19, 11:07:45, 23.69, 44.5
2019-02-19, 11:07:46, 23.7, 44.47
2019-02-19, 11:07:47, 23.7, 44.47
2019-02-19, 11:07:49, 23.68, 44.47
2019-02-19, 11:07:50, 23.7, 44.44
2019-02-19, 11:07:51, 23.7, 44.47
2019-02-19, 11:07:53, 23.7, 44.44
2019-02-19, 11:07:54, 23.7, 44.44
2019-02-19, 11:07:56, 23.7, 44.44
2019-02-19, 11:07:57, 23.7, 44.44
2019-02-19, 11:07:58, 23.7, 44.44
2019-02-19, 11:08:00, 23.7, 44.44
2019-02-19, 11:08:01, 23.7, 44.44
2019-02-19, 11:08:02, 23.71, 44.44
2019-02-19, 11:08:04, 23.72, 44.44
2019-02-19, 11:08:05, 23.7, 44.44
2019-02-19, 11:08:06, 23.7, 44.44
2019-02-19, 11:08:08, 23.72, 44.44
2019-02-19, 11:08:09, 23.7, 44.44
2019-02-19, 11:08:10, 23.71, 44.44
2019-02-19, 11:08:12, 23.7, 44.44
2019-02-19, 11:08:13, 23.71, 44.44
2019-02-19, 11:08:14, 23.7, 44.44
2019-02-19, 11:08:16, 23.7, 44.44
2019-02-19, 11:08:17, 23.7, 44.44
2019-02-19, 11:08:19, 23.69, 44.44
2019-02-19, 11:08:20, 23.7, 44.44
2019-02-19, 11:08:21, 23.7, 44.44
2019-02-19, 11:08:23, 23.7, 44.44
2019-02-19, 11:08:24, 23.72, 44.44
2019-02-19, 11:08:25, 23.71, 44.44
2019-02-19, 11:08:27, 23.71, 44.44
2019-02-19, 11:08:28, 23.7, 44.44
2019-02-19, 11:08:29, 23.7, 44.44
2019-02-19, 11:08:31, 23.7, 44.47
2019-02-19, 11:08:32, 23.71, 44.44
2019-02-19, 11:08:33, 23.7, 44.47
2019-02-19, 11:08:35, 23.72, 44.47
2019-02-19, 11:08:36, 23.7, 44.44
2019-02-19, 11:08:37, 23.54, 44.48
2019-02-19, 11:08:39, 23.65, 44.53
2019-02-19, 11:08:40, 23.67, 44.53
2019-02-19, 11:08:42, 23.68, 44.53
2019-02-19, 11:08:43, 23.51, 44.54
2019-02-19, 11:08:44, 23.62, 44.59
2019-02-19, 11:08:46, 23.64, 44.59
2019-02-19, 11:08:47, 23.64, 44.59
2019-02-19, 11:08:48, 23.66, 44.56
2019-02-19, 11:08:50, 23.68, 44.56
2019-02-19, 11:08:51, 23.68, 44.56
2019-02-19, 11:08:52, 23.67, 44.53
2019-02-19, 11:08:54, 23.68, 44.53
2019-02-19, 11:08:55, 23.69, 44.53
2019-02-19, 11:08:56, 23.69, 44.53
2019-02-19, 11:08:58, 23.69, 44.53
2019-02-19, 11:08:59, 23.69, 44.5
2019-02-19, 11:09:00, 23.7, 44.5
2019-02-19, 11:09:02, 23.7, 44.5
2019-02-19, 11:09:03, 23.7, 44.5
2019-02-19, 11:09:05, 23.7, 44.5
2019-02-19, 11:09:06, 23.7, 44.5
2019-02-19, 11:09:07, 23.7, 44.5
2019-02-19, 11:09:09, 23.7, 44.5
2019-02-19, 11:09:10, 23.71, 44.5
2019-02-19, 11:09:11, 23.7, 44.5
2019-02-19, 11:09:13, 23.7, 44.5
2019-02-19, 11:09:14, 23.7, 44.5
2019-02-19, 11:09:15, 23.7, 44.5
2019-02-19, 11:09:17, 23.7, 44.5
2019-02-19, 11:09:18, 23.7, 44.5
2019-02-19, 11:09:19, 23.7, 44.5
2019-02-19, 11:09:21, 23.71, 44.5
2019-02-19, 11:09:22, 23.7, 44.5
2019-02-19, 11:09:24, 23.72, 44.5
2019-02-19, 11:09:25, 23.72, 44.5
2019-02-19, 11:09:26, 23.7, 44.5
2019-02-19, 11:09:28, 23.7, 44.47
2019-02-19, 11:09:29, 23.7, 44.5
2019-02-19, 11:09:30, 23.72, 44.47
2019-02-19, 11:09:32, 23.71, 44.5
2019-02-19, 11:09:33, 23.71, 44.47
2019-02-19, 11:09:34, 23.7, 44.44
2019-02-19, 11:09:36, 23.7, 44.44
2019-02-19, 11:09:37, 23.72, 44.47
2019-02-19, 11:09:38, 23.72, 44.44
2019-02-19, 11:09:40, 23.71, 44.44
2019-02-19, 11:09:41, 23.72, 44.44
2019-02-19, 11:09:42, 23.72, 44.44
2019-02-19, 11:09:44, 23.72, 44.44
2019-02-19, 11:09:45, 23.7, 44.44
2019-02-19, 11:09:47, 23.71, 44.44
2019-02-19, 11:09:48, 23.72, 44.44
2019-02-19, 11:09:49, 23.73, 44.47
2019-02-19, 11:09:51, 23.72, 44.44
2019-02-19, 11:09:52, 23.71, 44.47
2019-02-19, 11:09:53, 23.72, 44.44
2019-02-19, 11:09:55, 23.72, 44.47
2019-02-19, 11:09:56, 23.72, 44.47
2019-02-19, 11:09:57, 23.72, 44.47
2019-02-19, 11:09:59, 23.72, 44.47
2019-02-19, 11:10:00, 23.71, 44.47
2019-02-19, 11:10:01, 23.71, 44.47
2019-02-19, 11:10:03, 23.7, 44.47
2019-02-19, 11:10:04, 23.7, 44.47
2019-02-19, 11:10:05, 23.71, 44.47
2019-02-19, 11:10:07, 23.72, 44.47
2019-02-19, 11:10:08, 23.71, 44.47
2019-02-19, 11:10:10, 23.72, 44.47
2019-02-19, 11:10:11, 23.72, 44.47
2019-02-19, 11:10:12, 23.72, 44.5
2019-02-19, 11:10:14, 23.72, 44.47
2019-02-19, 11:10:15, 23.7, 44.5
2019-02-19, 11:10:16, 23.72, 44.5
2019-02-19, 11:10:18, 23.72, 44.47
2019-02-19, 11:10:19, 23.72, 44.44
2019-02-19, 11:10:20, 23.72, 44.44
2019-02-19, 11:10:22, 23.72, 44.44
2019-02-19, 11:10:23, 23.72, 44.44
2019-02-19, 11:10:24, 23.73, 44.44
2019-02-19, 11:10:26, 23.72, 44.44
2019-02-19, 11:10:27, 23.73, 44.44
2019-02-19, 11:10:28, 23.72, 44.44
2019-02-19, 11:10:30, 23.72, 44.44
2019-02-19, 11:10:31, 23.73, 44.47
2019-02-19, 11:10:33, 23.72, 44.44
2019-02-19, 11:10:34, 23.74, 44.47
2019-02-19, 11:10:35, 23.75, 44.48
2019-02-19, 11:10:37, 23.73, 44.47
2019-02-19, 11:10:38, 23.74, 44.44
2019-02-19, 11:10:39, 23.74, 44.44
2019-02-19, 11:10:41, 23.74, 44.44
2019-02-19, 11:10:42, 23.74, 44.44
2019-02-19, 11:10:43, 23.73, 44.41
2019-02-19, 11:10:45, 23.74, 44.41
2019-02-19, 11:10:46, 23.74, 44.38
2019-02-19, 11:10:47, 23.74, 44.44
2019-02-19, 11:10:49, 23.75, 44.44
2019-02-19, 11:10:50, 23.74, 44.44
2019-02-19, 11:10:51, 23.74, 44.41
2019-02-19, 11:10:53, 23.74, 44.41
2019-02-19, 11:10:54, 23.74, 44.41
2019-02-19, 11:10:56, 23.74, 44.41
2019-02-19, 11:10:57, 23.76, 44.44
2019-02-19, 11:10:58, 23.75, 44.41
2019-02-19, 11:11:00, 23.74, 44.41
2019-02-19, 11:11:01, 23.74, 44.41
2019-02-19, 11:11:02, 23.75, 44.41
2019-02-19, 11:11:04, 23.74, 44.41
2019-02-19, 11:11:05, 23.74, 44.38
2019-02-19, 11:11:06, 23.74, 44.41
2019-02-19, 11:11:08, 23.74, 44.38
2019-02-19, 11:11:09, 23.74, 44.38
2019-02-19, 11:11:10, 23.72, 44.37
2019-02-19, 11:11:12, 23.72, 44.37
2019-02-19, 11:11:13, 23.73, 44.38
2019-02-19, 11:11:15, 23.74, 44.38
2019-02-19, 11:11:16, 23.74, 44.41
2019-02-19, 11:11:17, 23.74, 44.41
2019-02-19, 11:11:19, 23.74, 44.44
2019-02-19, 11:11:20, 23.74, 44.41
2019-02-19, 11:11:21, 23.74, 44.41
2019-02-19, 11:11:23, 23.73, 44.41
2019-02-19, 11:11:24, 23.74, 44.44
2019-02-19, 11:11:25, 23.74, 44.41
2019-02-19, 11:11:27, 23.73, 44.44
2019-02-19, 11:11:28, 23.73, 44.44
2019-02-19, 11:11:29, 23.74, 44.44
2019-02-19, 11:11:31, 23.75, 44.44
2019-02-19, 11:11:32, 23.74, 44.44
2019-02-19, 11:11:33, 23.74, 44.44
2019-02-19, 11:11:35, 23.68, 44.43
2019-02-19, 11:11:36, 23.72, 44.44
2019-02-19, 11:11:38, 23.73, 44.44
2019-02-19, 11:11:39, 23.74, 44.44
2019-02-19, 11:11:40, 23.66, 44.43
2019-02-19, 11:11:42, 23.71, 44.47
2019-02-19, 11:11:43, 23.72, 44.47
2019-02-19, 11:11:44, 23.73, 44.44
2019-02-19, 11:11:46, 23.74, 44.47
2019-02-19, 11:11:47, 23.74, 44.47
2019-02-19, 11:11:48, 23.74, 44.44
2019-02-19, 11:11:50, 23.75, 44.44
2019-02-19, 11:11:51, 23.74, 44.44
2019-02-19, 11:11:52, 23.74, 44.44
2019-02-19, 11:11:54, 23.74, 44.44
2019-02-19, 11:11:55, 23.74, 44.44
2019-02-19, 11:11:56, 23.75, 44.44
2019-02-19, 11:11:58, 23.75, 44.44
2019-02-19, 11:11:59, 23.76, 44.44
2019-02-19, 11:12:01, 23.75, 44.41
2019-02-19, 11:12:02, 23.75, 44.41
2019-02-19, 11:12:03, 23.75, 44.41
2019-02-19, 11:12:05, 23.68, 44.4
2019-02-19, 11:12:06, 23.73, 44.44
2019-02-19, 11:12:07, 23.75, 44.44
2019-02-19, 11:12:09, 23.76, 44.44
2019-02-19, 11:12:10, 23.75, 44.44
2019-02-19, 11:12:11, 23.76, 44.41
2019-02-19, 11:12:13, 23.77, 44.45
2019-02-19, 11:12:14, 23.77, 44.41
2019-02-19, 11:12:15, 23.76, 44.41
2019-02-19, 11:12:17, 23.76, 44.38
2019-02-19, 11:12:18, 23.77, 44.41
2019-02-19, 11:12:19, 23.78, 44.41
2019-02-19, 11:12:21, 23.77, 44.38
2019-02-19, 11:12:22, 23.77, 44.38
2019-02-19, 11:12:24, 23.78, 44.38
2019-02-19, 11:12:25, 23.77, 44.38
2019-02-19, 11:12:26, 23.78, 44.38
2019-02-19, 11:12:28, 23.76, 44.38
2019-02-19, 11:12:29, 23.78, 44.38
2019-02-19, 11:12:30, 23.78, 44.38
2019-02-19, 11:12:32, 23.78, 44.38
2019-02-19, 11:12:33, 23.78, 44.38
2019-02-19, 11:12:34, 23.67, 44.37
2019-02-19, 11:12:36, 23.76, 44.38
2019-02-19, 11:12:37, 23.76, 44.38
2019-02-19, 11:12:38, 23.77, 44.38
2019-02-19, 11:12:40, 23.78, 44.38
2019-02-19, 11:12:41, 23.78, 44.38
2019-02-19, 11:12:43, 23.78, 44.38
2019-02-19, 11:12:44, 23.78, 44.38
2019-02-19, 11:12:45, 23.78, 44.38
2019-02-19, 11:12:47, 23.78, 44.38
2019-02-19, 11:12:48, 23.77, 44.38
2019-02-19, 11:12:49, 23.77, 44.38
2019-02-19, 11:12:51, 23.78, 44.35
2019-02-19, 11:12:52, 23.78, 44.35
2019-02-19, 11:12:53, 23.77, 44.38
2019-02-19, 11:12:55, 23.78, 44.35
2019-02-19, 11:12:56, 23.78, 44.35
2019-02-19, 11:12:57, 23.76, 44.35
2019-02-19, 11:12:59, 23.77, 44.32
2019-02-19, 11:13:00, 23.77, 44.32
2019-02-19, 11:13:02, 23.78, 44.32
2019-02-19, 11:13:03, 23.79, 44.32
2019-02-19, 11:13:04, 23.68, 44.34
2019-02-19, 11:13:06, 23.75, 44.38
2019-02-19, 11:13:07, 23.76, 44.41
2019-02-19, 11:13:08, 23.77, 44.45
2019-02-19, 11:13:10, 23.77, 44.41
2019-02-19, 11:13:11, 23.77, 44.41
2019-02-19, 11:13:12, 23.78, 44.41
2019-02-19, 11:13:14, 23.78, 44.41
2019-02-19, 11:13:15, 23.79, 44.38
2019-02-19, 11:13:16, 23.78, 44.38
2019-02-19, 11:13:18, 23.79, 44.38
2019-02-19, 11:13:19, 23.8, 44.38
2019-02-19, 11:13:20, 23.79, 44.38
2019-02-19, 11:13:22, 23.8, 44.35
2019-02-19, 11:13:23, 23.79, 44.35
2019-02-19, 11:13:25, 23.79, 44.38
2019-02-19, 11:13:26, 23.79, 44.35
2019-02-19, 11:13:27, 23.81, 44.32
2019-02-19, 11:13:29, 23.79, 44.35
2019-02-19, 11:13:30, 23.8, 44.35
2019-02-19, 11:13:31, 23.79, 44.38
2019-02-19, 11:13:33, 23.8, 44.35
2019-02-19, 11:13:34, 23.66, 44.37
2019-02-19, 11:13:35, 23.75, 44.44
2019-02-19, 11:13:37, 23.77, 44.45
2019-02-19, 11:13:38, 23.78, 44.45
2019-02-19, 11:13:39, 23.78, 44.45
2019-02-19, 11:13:41, 23.77, 44.45
2019-02-19, 11:13:42, 23.75, 44.54
2019-02-19, 11:13:44, 23.7, 44.63
2019-02-19, 11:13:45, 23.72, 44.7
2019-02-19, 11:13:46, 23.73, 44.83
2019-02-19, 11:13:48, 23.72, 44.89
2019-02-19, 11:13:49, 23.73, 44.96
2019-02-19, 11:13:50, 23.74, 45.02
2019-02-19, 11:13:52, 23.72, 45.05
2019-02-19, 11:13:53, 23.74, 45.05
2019-02-19, 11:13:54, 23.74, 45.05
2019-02-19, 11:13:56, 23.75, 45.06
2019-02-19, 11:13:57, 23.74, 45.02
2019-02-19, 11:13:58, 23.73, 45.02
2019-02-19, 11:14:00, 23.74, 45.02
2019-02-19, 11:14:01, 23.74, 45.02
2019-02-19, 11:14:03, 23.74, 45.02
2019-02-19, 11:14:04, 23.58, 45.04
2019-02-19, 11:14:05, 23.69, 45.08
2019-02-19, 11:14:07, 23.72, 45.08
2019-02-19, 11:14:08, 23.73, 45.05
2019-02-19, 11:14:09, 23.72, 45.02
2019-02-19, 11:14:11, 23.72, 45.02
2019-02-19, 11:14:12, 23.73, 44.99
2019-02-19, 11:14:13, 23.73, 44.96
2019-02-19, 11:14:15, 23.74, 44.96
2019-02-19, 11:14:16, 23.74, 44.96
2019-02-19, 11:14:17, 23.74, 44.93
2019-02-19, 11:14:19, 23.75, 44.93
2019-02-19, 11:14:20, 23.74, 44.93
2019-02-19, 11:14:22, 23.74, 44.89
2019-02-19, 11:14:23, 23.75, 44.89
2019-02-19, 11:14:24, 23.75, 44.89
2019-02-19, 11:14:26, 23.75, 44.83
2019-02-19, 11:14:27, 23.76, 44.83
2019-02-19, 11:14:28, 23.76, 44.86
2019-02-19, 11:14:30, 23.76, 44.83
2019-02-19, 11:14:31, 23.76, 44.83
2019-02-19, 11:14:32, 23.74, 44.83
2019-02-19, 11:14:34, 23.76, 44.77
2019-02-19, 11:14:35, 23.77, 44.77
2019-02-19, 11:14:36, 23.76, 44.77
2019-02-19, 11:14:38, 23.76, 44.77
2019-02-19, 11:14:39, 23.77, 44.77
2019-02-19, 11:14:40, 23.78, 44.77
2019-02-19, 11:14:42, 23.78, 44.77
2019-02-19, 11:14:43, 23.77, 44.77
2019-02-19, 11:14:45, 23.78, 44.8
2019-02-19, 11:14:46, 23.79, 44.8
2019-02-19, 11:14:47, 23.79, 44.83
2019-02-19, 11:14:49, 23.79, 44.83
2019-02-19, 11:14:50, 23.79, 44.83
2019-02-19, 11:14:51, 23.8, 44.8
2019-02-19, 11:14:53, 23.78, 44.83
2019-02-19, 11:14:54, 23.79, 44.8
2019-02-19, 11:14:55, 23.79, 44.83
2019-02-19, 11:14:57, 23.8, 44.84
2019-02-19, 11:14:58, 23.8, 44.87
2019-02-19, 11:14:59, 23.79, 44.9
2019-02-19, 11:15:01, 23.79, 44.9
2019-02-19, 11:15:02, 23.78, 44.87
2019-02-19, 11:15:03, 23.8, 44.84
2019-02-19, 11:15:05, 23.79, 44.83
2019-02-19, 11:15:06, 23.81, 44.87
2019-02-19, 11:15:08, 23.8, 44.87
2019-02-19, 11:15:09, 23.81, 44.9
2019-02-19, 11:15:10, 23.78, 44.9
2019-02-19, 11:15:12, 23.8, 44.9
2019-02-19, 11:15:13, 23.8, 44.9
2019-02-19, 11:15:14, 23.8, 44.9
2019-02-19, 11:15:16, 23.81, 44.9
2019-02-19, 11:15:17, 23.82, 44.87
2019-02-19, 11:15:18, 23.82, 44.87
2019-02-19, 11:15:20, 23.82, 44.87
2019-02-19, 11:15:21, 23.8, 44.84
2019-02-19, 11:15:22, 23.81, 44.84
2019-02-19, 11:15:24, 23.82, 44.84
2019-02-19, 11:15:25, 23.82, 44.84
2019-02-19, 11:15:26, 23.83, 44.84
2019-02-19, 11:15:28, 23.82, 44.84
2019-02-19, 11:15:29, 23.83, 44.84
2019-02-19, 11:15:31, 23.82, 44.84
2019-02-19, 11:15:32, 23.82, 44.84
2019-02-19, 11:15:33, 23.83, 44.81
2019-02-19, 11:15:35, 23.82, 44.77
2019-02-19, 11:15:36, 23.82, 44.77
2019-02-19, 11:15:37, 23.82, 44.77
2019-02-19, 11:15:39, 23.83, 44.74
2019-02-19, 11:15:40, 23.82, 44.71
2019-02-19, 11:15:41, 23.83, 44.71
2019-02-19, 11:15:43, 23.82, 44.71
2019-02-19, 11:15:44, 23.82, 44.68
2019-02-19, 11:15:45, 23.84, 44.61
2019-02-19, 11:15:47, 23.83, 44.58
2019-02-19, 11:15:48, 23.84, 44.52
2019-02-19, 11:15:49, 23.84, 44.49
2019-02-19, 11:15:51, 23.84, 44.49
2019-02-19, 11:15:52, 23.85, 44.49
2019-02-19, 11:15:54, 23.84, 44.45
2019-02-19, 11:15:55, 23.85, 44.45
2019-02-19, 11:15:56, 23.84, 44.45
2019-02-19, 11:15:58, 23.86, 44.46
2019-02-19, 11:15:59, 23.85, 44.45
2019-02-19, 11:16:00, 23.85, 44.45
2019-02-19, 11:16:02, 23.86, 44.46
2019-02-19, 11:16:03, 23.86, 44.46
2019-02-19, 11:16:04, 23.85, 44.49
2019-02-19, 11:16:06, 23.86, 44.46
2019-02-19, 11:16:07, 23.86, 44.49
2019-02-19, 11:16:08, 23.86, 44.52
2019-02-19, 11:16:10, 23.85, 44.49
2019-02-19, 11:16:11, 23.86, 44.52
2019-02-19, 11:16:12, 23.86, 44.49
2019-02-19, 11:16:14, 23.86, 44.52
2019-02-19, 11:16:15, 23.86, 44.49
2019-02-19, 11:16:17, 23.86, 44.49
2019-02-19, 11:16:18, 23.86, 44.49
2019-02-19, 11:16:19, 23.86, 44.52
2019-02-19, 11:16:21, 23.86, 44.49
2019-02-19, 11:16:22, 23.87, 44.49
2019-02-19, 11:16:23, 23.87, 44.49
2019-02-19, 11:16:25, 23.86, 44.49
2019-02-19, 11:16:26, 23.86, 44.49
2019-02-19, 11:16:27, 23.87, 44.49
2019-02-19, 11:16:29, 23.86, 44.49
2019-02-19, 11:16:30, 23.87, 44.49
2019-02-19, 11:16:31, 23.85, 44.45
2019-02-19, 11:16:33, 23.87, 44.46
2019-02-19, 11:16:34, 23.86, 44.39
2019-02-19, 11:16:35, 23.88, 44.39
2019-02-19, 11:16:37, 23.83, 44.39
2019-02-19, 11:16:38, 23.87, 44.39
2019-02-19, 11:16:40, 23.86, 44.33
2019-02-19, 11:16:41, 23.86, 44.33
2019-02-19, 11:16:42, 23.87, 44.36
2019-02-19, 11:16:44, 23.86, 44.39
2019-02-19, 11:16:45, 23.87, 44.39
2019-02-19, 11:16:46, 23.86, 44.39
2019-02-19, 11:16:48, 23.86, 44.42
2019-02-19, 11:16:49, 23.86, 44.42
2019-02-19, 11:16:50, 23.86, 44.42
2019-02-19, 11:16:52, 23.86, 44.39
2019-02-19, 11:16:53, 23.87, 44.39
2019-02-19, 11:16:54, 23.86, 44.39
2019-02-19, 11:16:56, 23.87, 44.36
2019-02-19, 11:16:57, 23.88, 44.33
2019-02-19, 11:16:59, 23.87, 44.33
2019-02-19, 11:17:00, 23.88, 44.33
2019-02-19, 11:17:01, 23.83, 44.32
2019-02-19, 11:17:03, 23.87, 44.33
2019-02-19, 11:17:04, 23.87, 44.33
2019-02-19, 11:17:05, 23.88, 44.33
2019-02-19, 11:17:07, 23.89, 44.33
2019-02-19, 11:17:08, 23.88, 44.33
2019-02-19, 11:17:09, 23.88, 44.33
2019-02-19, 11:17:11, 23.88, 44.33
2019-02-19, 11:17:12, 23.88, 44.33
2019-02-19, 11:17:13, 23.88, 44.33
2019-02-19, 11:17:15, 23.86, 44.36
2019-02-19, 11:17:16, 23.87, 44.36
2019-02-19, 11:17:17, 23.87, 44.39
2019-02-19, 11:17:19, 23.88, 44.36
2019-02-19, 11:17:20, 23.88, 44.36
2019-02-19, 11:17:22, 23.88, 44.39
2019-02-19, 11:17:23, 23.88, 44.36
2019-02-19, 11:17:24, 23.88, 44.39
2019-02-19, 11:17:26, 23.88, 44.39
2019-02-19, 11:17:27, 23.89, 44.36
2019-02-19, 11:17:28, 23.9, 44.33
2019-02-19, 11:17:30, 23.9, 44.33
2019-02-19, 11:17:31, 23.81, 44.32
2019-02-19, 11:17:32, 23.88, 44.36
2019-02-19, 11:17:34, 23.88, 44.33
2019-02-19, 11:17:35, 23.87, 44.36
2019-02-19, 11:17:36, 23.88, 44.33
2019-02-19, 11:17:38, 23.89, 44.36
2019-02-19, 11:17:39, 23.88, 44.33
2019-02-19, 11:17:40, 23.9, 44.33
2019-02-19, 11:17:42, 23.88, 44.33
2019-02-19, 11:17:43, 23.88, 44.33
2019-02-19, 11:17:45, 23.88, 44.33
2019-02-19, 11:17:46, 23.89, 44.33
2019-02-19, 11:17:47, 23.88, 44.33
2019-02-19, 11:17:49, 23.89, 44.33
2019-02-19, 11:17:50, 23.88, 44.3
2019-02-19, 11:17:51, 23.9, 44.33
2019-02-19, 11:17:53, 23.9, 44.27
2019-02-19, 11:17:54, 23.89, 44.27
2019-02-19, 11:17:55, 23.89, 44.33
2019-02-19, 11:17:57, 23.89, 44.3
2019-02-19, 11:17:58, 23.89, 44.3
2019-02-19, 11:17:59, 23.89, 44.3
2019-02-19, 11:18:01, 23.8, 44.29
2019-02-19, 11:18:02, 23.87, 44.33
2019-02-19, 11:18:03, 23.89, 44.3
2019-02-19, 11:18:05, 23.9, 44.33
2019-02-19, 11:18:06, 23.9, 44.33
2019-02-19, 11:18:08, 23.9, 44.3
2019-02-19, 11:18:09, 23.91, 44.33
2019-02-19, 11:18:10, 23.91, 44.3
2019-02-19, 11:18:12, 23.92, 44.3
2019-02-19, 11:18:13, 23.9, 44.27
2019-02-19, 11:18:14, 23.9, 44.3
2019-02-19, 11:18:16, 23.9, 44.27
2019-02-19, 11:18:17, 23.9, 44.27
2019-02-19, 11:18:18, 23.9, 44.27
2019-02-19, 11:18:20, 23.91, 44.27
2019-02-19, 11:18:21, 23.91, 44.27
2019-02-19, 11:18:22, 23.91, 44.27
2019-02-19, 11:18:24, 23.89, 44.27
2019-02-19, 11:18:25, 23.9, 44.23
2019-02-19, 11:18:26, 23.91, 44.24
2019-02-19, 11:18:28, 23.91, 44.24
2019-02-19, 11:18:29, 23.91, 44.24
2019-02-19, 11:18:31, 23.79, 44.25
2019-02-19, 11:18:32, 23.86, 44.29
2019-02-19, 11:18:33, 23.9, 44.3
2019-02-19, 11:18:35, 23.89, 44.27
2019-02-19, 11:18:36, 23.9, 44.27
2019-02-19, 11:18:37, 23.91, 44.27
2019-02-19, 11:18:39, 23.9, 44.27
2019-02-19, 11:18:40, 23.9, 44.27
2019-02-19, 11:18:41, 23.91, 44.27
2019-02-19, 11:18:43, 23.91, 44.27
2019-02-19, 11:18:44, 23.9, 44.27
2019-02-19, 11:18:45, 23.9, 44.23
2019-02-19, 11:18:47, 23.9, 44.27
2019-02-19, 11:18:48, 23.91, 44.24
2019-02-19, 11:18:49, 23.91, 44.27
2019-02-19, 11:18:51, 23.91, 44.27
2019-02-19, 11:18:52, 23.91, 44.27
2019-02-19, 11:18:54, 23.91, 44.27
2019-02-19, 11:18:55, 23.92, 44.27
2019-02-19, 11:18:56, 23.93, 44.27
2019-02-19, 11:18:58, 23.92, 44.27
2019-02-19, 11:18:59, 23.92, 44.24
2019-02-19, 11:19:00, 23.8, 44.25
2019-02-19, 11:19:02, 23.88, 44.3
2019-02-19, 11:19:03, 23.89, 44.3
2019-02-19, 11:19:04, 23.9, 44.27
2019-02-19, 11:19:06, 23.9, 44.3
2019-02-19, 11:19:07, 23.92, 44.27
2019-02-19, 11:19:08, 23.93, 44.27
2019-02-19, 11:19:10, 23.92, 44.27
2019-02-19, 11:19:11, 23.92, 44.27
2019-02-19, 11:19:12, 23.92, 44.27
2019-02-19, 11:19:14, 23.92, 44.24
2019-02-19, 11:19:15, 23.92, 44.24
2019-02-19, 11:19:17, 23.92, 44.24
2019-02-19, 11:19:18, 23.93, 44.24
2019-02-19, 11:19:19, 23.93, 44.21
2019-02-19, 11:19:21, 23.94, 44.24
2019-02-19, 11:19:22, 23.94, 44.24
2019-02-19, 11:19:23, 23.94, 44.21
2019-02-19, 11:19:25, 23.94, 44.21
2019-02-19, 11:19:26, 23.94, 44.21
2019-02-19, 11:19:27, 23.93, 44.21
2019-02-19, 11:19:29, 23.94, 44.21
2019-02-19, 11:19:30, 23.93, 44.24
2019-02-19, 11:19:31, 23.92, 44.2
2019-02-19, 11:19:33, 23.94, 44.21
2019-02-19, 11:19:34, 23.94, 44.21
2019-02-19, 11:19:35, 23.94, 44.21
2019-02-19, 11:19:37, 23.92, 44.17
2019-02-19, 11:19:38, 23.94, 44.21
2019-02-19, 11:19:40, 23.93, 44.17
2019-02-19, 11:19:41, 23.92, 44.17
2019-02-19, 11:19:42, 23.94, 44.17
2019-02-19, 11:19:44, 23.94, 44.17
2019-02-19, 11:19:45, 23.95, 44.14
2019-02-19, 11:19:46, 23.95, 44.14
2019-02-19, 11:19:48, 23.95, 44.14
2019-02-19, 11:19:49, 23.93, 44.14
2019-02-19, 11:19:50, 23.94, 44.14
2019-02-19, 11:19:52, 23.94, 44.17
2019-02-19, 11:19:53, 23.94, 44.17
2019-02-19, 11:19:54, 23.94, 44.17
2019-02-19, 11:19:56, 23.94, 44.17
2019-02-19, 11:19:57, 23.94, 44.21
2019-02-19, 11:19:59, 23.93, 44.17
2019-02-19, 11:20:00, 23.79, 44.19
2019-02-19, 11:20:01, 23.89, 44.27
2019-02-19, 11:20:03, 23.92, 44.27
2019-02-19, 11:20:04, 23.92, 44.27
2019-02-19, 11:20:05, 23.93, 44.24
2019-02-19, 11:20:07, 23.93, 44.24
2019-02-19, 11:20:08, 23.95, 44.21
2019-02-19, 11:20:09, 23.95, 44.21
2019-02-19, 11:20:11, 23.95, 44.21
2019-02-19, 11:20:12, 23.94, 44.21
2019-02-19, 11:20:13, 23.95, 44.21
2019-02-19, 11:20:15, 23.95, 44.21
2019-02-19, 11:20:16, 23.95, 44.18
2019-02-19, 11:20:18, 23.94, 44.17
2019-02-19, 11:20:19, 23.96, 44.18
2019-02-19, 11:20:20, 23.95, 44.21
2019-02-19, 11:20:22, 23.96, 44.18
2019-02-19, 11:20:23, 23.96, 44.14
2019-02-19, 11:20:24, 23.96, 44.14
2019-02-19, 11:20:26, 23.96, 44.14
2019-02-19, 11:20:27, 23.96, 44.14
2019-02-19, 11:20:28, 23.96, 44.14
2019-02-19, 11:20:30, 23.96, 44.14
2019-02-19, 11:20:31, 23.95, 44.14
2019-02-19, 11:20:32, 23.94, 44.14
2019-02-19, 11:20:34, 23.95, 44.14
2019-02-19, 11:20:35, 23.95, 44.14
2019-02-19, 11:20:36, 23.95, 44.11
2019-02-19, 11:20:38, 23.94, 44.14
2019-02-19, 11:20:39, 23.96, 44.14
2019-02-19, 11:20:41, 23.95, 44.14
2019-02-19, 11:20:42, 23.95, 44.14
2019-02-19, 11:20:43, 23.95, 44.11
2019-02-19, 11:20:45, 23.96, 44.11
2019-02-19, 11:20:46, 23.96, 44.11
2019-02-19, 11:20:47, 23.96, 44.14
2019-02-19, 11:20:49, 23.94, 44.14
2019-02-19, 11:20:50, 23.95, 44.11
2019-02-19, 11:20:51, 23.94, 44.11
2019-02-19, 11:20:53, 23.95, 44.11
2019-02-19, 11:20:54, 23.96, 44.11
2019-02-19, 11:20:55, 23.96, 44.14
2019-02-19, 11:20:57, 23.96, 44.14
2019-02-19, 11:20:58, 23.96, 44.14
2019-02-19, 11:21:00, 23.96, 44.14
2019-02-19, 11:21:01, 23.97, 44.15
2019-02-19, 11:21:02, 23.96, 44.11
2019-02-19, 11:21:04, 23.96, 44.14
2019-02-19, 11:21:05, 23.96, 44.14
2019-02-19, 11:21:06, 23.96, 44.11
2019-02-19, 11:21:08, 23.96, 44.14
2019-02-19, 11:21:09, 23.96, 44.14
2019-02-19, 11:21:10, 23.95, 44.14
2019-02-19, 11:21:12, 23.95, 44.14
2019-02-19, 11:21:13, 23.95, 44.11
2019-02-19, 11:21:14, 23.97, 44.11
2019-02-19, 11:21:16, 23.96, 44.14
2019-02-19, 11:21:17, 23.96, 44.14
2019-02-19, 11:21:18, 23.96, 44.11
2019-02-19, 11:21:20, 23.95, 44.08
2019-02-19, 11:21:21, 23.96, 44.11
2019-02-19, 11:21:23, 23.97, 44.15
2019-02-19, 11:21:24, 23.96, 44.14
2019-02-19, 11:21:25, 23.96, 44.11
2019-02-19, 11:21:27, 23.96, 44.11
2019-02-19, 11:21:28, 23.96, 44.08
2019-02-19, 11:21:29, 23.96, 44.11
2019-02-19, 11:21:31, 23.96, 44.11
2019-02-19, 11:21:32, 23.97, 44.11
2019-02-19, 11:21:33, 23.96, 44.11
2019-02-19, 11:21:35, 23.96, 44.14
2019-02-19, 11:21:36, 23.96, 44.11
2019-02-19, 11:21:37, 23.97, 44.15
2019-02-19, 11:21:39, 23.96, 44.11
2019-02-19, 11:21:40, 23.97, 44.11
2019-02-19, 11:21:41, 23.96, 44.14
2019-02-19, 11:21:43, 23.96, 44.14
2019-02-19, 11:21:44, 23.97, 44.08
2019-02-19, 11:21:46, 23.97, 44.11
2019-02-19, 11:21:47, 23.96, 44.11
2019-02-19, 11:21:48, 23.97, 44.11
2019-02-19, 11:21:50, 23.98, 44.11
2019-02-19, 11:21:51, 23.97, 44.08
2019-02-19, 11:21:52, 23.98, 44.08
2019-02-19, 11:21:54, 23.97, 44.08
2019-02-19, 11:21:55, 23.98, 44.08
2019-02-19, 11:21:56, 23.98, 44.08
2019-02-19, 11:21:58, 23.99, 44.05
2019-02-19, 11:21:59, 23.96, 44.08
2019-02-19, 11:22:00, 23.97, 44.05
2019-02-19, 11:22:02, 23.98, 44.08
2019-02-19, 11:22:03, 23.97, 44.05
2019-02-19, 11:22:04, 23.98, 44.05
2019-02-19, 11:22:06, 23.98, 44.05
2019-02-19, 11:22:07, 23.98, 44.05
2019-02-19, 11:22:08, 23.96, 44.05
2019-02-19, 11:22:10, 23.96, 44.02
2019-02-19, 11:22:11, 23.98, 44.05
2019-02-19, 11:22:13, 23.98, 44.02
2019-02-19, 11:22:14, 23.97, 44.08
2019-02-19, 11:22:15, 23.97, 44.05
2019-02-19, 11:22:17, 23.98, 44.05
2019-02-19, 11:22:18, 23.98, 44.05
2019-02-19, 11:22:19, 23.97, 44.05
2019-02-19, 11:22:21, 23.96, 44.08
2019-02-19, 11:22:22, 23.97, 44.08
2019-02-19, 11:22:23, 23.97, 44.08
2019-02-19, 11:22:25, 23.98, 44.08
2019-02-19, 11:22:26, 23.98, 44.08
2019-02-19, 11:22:27, 23.95, 44.08
2019-02-19, 11:22:29, 23.96, 44.08
2019-02-19, 11:22:30, 23.96, 44.08
2019-02-19, 11:22:31, 23.96, 44.08
2019-02-19, 11:22:33, 23.97, 44.08
2019-02-19, 11:22:34, 23.96, 44.08
2019-02-19, 11:22:36, 23.96, 44.08
2019-02-19, 11:22:37, 23.97, 44.08
2019-02-19, 11:22:38, 23.97, 44.08
2019-02-19, 11:22:40, 23.97, 44.05
2019-02-19, 11:22:41, 23.98, 44.05
2019-02-19, 11:22:42, 23.98, 44.05
2019-02-19, 11:22:44, 23.98, 44.08
2019-02-19, 11:22:45, 23.98, 44.08
2019-02-19, 11:22:46, 23.98, 44.08
2019-02-19, 11:22:48, 23.98, 44.08
2019-02-19, 11:22:49, 23.98, 44.05
2019-02-19, 11:22:50, 23.98, 44.05
2019-02-19, 11:22:52, 23.98, 44.02
2019-02-19, 11:22:53, 23.97, 44.02
2019-02-19, 11:22:55, 23.98, 44.05
2019-02-19, 11:22:56, 23.98, 44.08
2019-02-19, 11:22:57, 23.97, 44.05
2019-02-19, 11:22:59, 23.98, 44.05
2019-02-19, 11:23:00, 23.98, 44.05
2019-02-19, 11:23:01, 23.98, 44.08
2019-02-19, 11:23:03, 23.99, 44.08
2019-02-19, 11:23:04, 23.98, 44.08
2019-02-19, 11:23:05, 23.99, 44.08
2019-02-19, 11:23:07, 23.99, 44.05
2019-02-19, 11:23:08, 23.98, 44.05
2019-02-19, 11:23:09, 23.99, 44.08
2019-02-19, 11:23:11, 23.98, 44.02
2019-02-19, 11:23:12, 23.98, 44.05
2019-02-19, 11:23:13, 23.98, 44.02
2019-02-19, 11:23:15, 23.97, 44.05
2019-02-19, 11:23:16, 23.98, 44.05
2019-02-19, 11:23:18, 23.99, 44.02
2019-02-19, 11:23:19, 23.99, 44.05
2019-02-19, 11:23:20, 23.99, 44.02
2019-02-19, 11:23:22, 24.0, 44.02
2019-02-19, 11:23:23, 24.0, 44.02
2019-02-19, 11:23:24, 23.99, 44.02
2019-02-19, 11:23:26, 24.0, 44.02
2019-02-19, 11:23:27, 23.91, 44.01
2019-02-19, 11:23:28, 23.98, 44.02
2019-02-19, 11:23:30, 23.99, 44.05
2019-02-19, 11:23:31, 24.0, 44.02
2019-02-19, 11:23:32, 23.99, 44.02
2019-02-19, 11:23:34, 24.0, 44.02
2019-02-19, 11:23:35, 24.0, 44.02
2019-02-19, 11:23:36, 23.99, 44.02
2019-02-19, 11:23:38, 23.98, 44.02
2019-02-19, 11:23:39, 24.0, 43.99
2019-02-19, 11:23:41, 23.99, 43.99
2019-02-19, 11:23:42, 24.0, 43.99
2019-02-19, 11:23:43, 24.0, 43.99
2019-02-19, 11:23:45, 24.01, 43.99
2019-02-19, 11:23:46, 24.01, 43.99
2019-02-19, 11:23:47, 24.0, 43.99
2019-02-19, 11:23:49, 24.0, 43.99
2019-02-19, 11:23:50, 24.0, 43.99
2019-02-19, 11:23:51, 24.0, 43.99
2019-02-19, 11:23:53, 24.0, 43.99
2019-02-19, 11:23:54, 24.0, 43.99
2019-02-19, 11:23:55, 24.0, 43.95
2019-02-19, 11:23:57, 23.9, 44.01
2019-02-19, 11:23:58, 23.98, 44.02
2019-02-19, 11:23:59, 23.99, 44.02
2019-02-19, 11:24:01, 23.99, 44.02
2019-02-19, 11:24:02, 23.99, 44.02
2019-02-19, 11:24:04, 23.99, 44.02
2019-02-19, 11:24:05, 24.0, 44.02
2019-02-19, 11:24:06, 23.99, 44.02
2019-02-19, 11:24:08, 24.0, 44.02
2019-02-19, 11:24:09, 23.98, 44.02
2019-02-19, 11:24:10, 23.98, 44.02
2019-02-19, 11:24:12, 24.0, 44.02
2019-02-19, 11:24:13, 23.99, 44.02
2019-02-19, 11:24:14, 24.0, 43.99
2019-02-19, 11:24:16, 24.0, 43.99
2019-02-19, 11:24:17, 24.0, 43.99
2019-02-19, 11:24:18, 24.01, 43.99
2019-02-19, 11:24:20, 24.0, 43.99
2019-02-19, 11:24:21, 23.99, 43.99
2019-02-19, 11:24:22, 24.0, 43.99
2019-02-19, 11:24:24, 23.98, 43.99
2019-02-19, 11:24:25, 24.0, 43.99
2019-02-19, 11:24:27, 24.0, 43.99
2019-02-19, 11:24:28, 24.01, 43.96
2019-02-19, 11:24:29, 24.01, 43.99
2019-02-19, 11:24:31, 24.0, 43.99
2019-02-19, 11:24:32, 24.0, 43.95
2019-02-19, 11:24:33, 24.0, 43.95
2019-02-19, 11:24:35, 24.0, 43.95
2019-02-19, 11:24:36, 23.99, 43.95
2019-02-19, 11:24:37, 24.0, 43.95
2019-02-19, 11:24:39, 24.01, 43.96
2019-02-19, 11:24:40, 24.0, 43.95
2019-02-19, 11:24:41, 24.0, 43.95
2019-02-19, 11:24:43, 24.0, 43.95
2019-02-19, 11:24:44, 24.0, 43.95
2019-02-19, 11:24:46, 24.01, 43.96
2019-02-19, 11:24:47, 24.0, 43.95
2019-02-19, 11:24:48, 24.0, 43.99
2019-02-19, 11:24:50, 24.0, 43.95
2019-02-19, 11:24:51, 24.01, 43.99
2019-02-19, 11:24:52, 24.0, 43.95
2019-02-19, 11:24:54, 24.0, 43.95
2019-02-19, 11:24:55, 24.01, 43.96
2019-02-19, 11:24:56, 24.0, 43.95
2019-02-19, 11:24:58, 23.99, 43.95
2019-02-19, 11:24:59, 23.99, 43.95
2019-02-19, 11:25:00, 24.0, 43.95
2019-02-19, 11:25:02, 23.99, 43.95
2019-02-19, 11:25:03, 24.0, 43.95
2019-02-19, 11:25:05, 23.99, 43.95
2019-02-19, 11:25:06, 23.99, 43.95
2019-02-19, 11:25:07, 23.99, 43.95
2019-02-19, 11:25:09, 23.99, 43.99
2019-02-19, 11:25:10, 24.0, 43.99
2019-02-19, 11:25:11, 23.99, 43.95
2019-02-19, 11:25:13, 23.99, 43.99
2019-02-19, 11:25:14, 23.98, 43.99
2019-02-19, 11:25:15, 24.0, 43.95
2019-02-19, 11:25:17, 23.98, 43.95
2019-02-19, 11:25:18, 23.98, 43.95
2019-02-19, 11:25:19, 23.99, 43.95
2019-02-19, 11:25:21, 24.0, 43.95
2019-02-19, 11:25:22, 24.0, 43.95
2019-02-19, 11:25:23, 23.99, 43.95
2019-02-19, 11:25:25, 23.99, 43.95
2019-02-19, 11:25:26, 23.99, 43.95
2019-02-19, 11:25:28, 24.0, 43.95
2019-02-19, 11:25:29, 23.99, 43.92
2019-02-19, 11:25:30, 24.0, 43.95
2019-02-19, 11:25:32, 23.85, 43.97
2019-02-19, 11:25:33, 23.96, 44.02
2019-02-19, 11:25:34, 23.97, 44.02
2019-02-19, 11:25:36, 23.97, 44.02
2019-02-19, 11:25:37, 23.98, 44.02
2019-02-19, 11:25:38, 23.99, 44.02
2019-02-19, 11:25:40, 23.97, 43.98
2019-02-19, 11:25:41, 23.98, 43.99
2019-02-19, 11:25:42, 23.98, 43.99
2019-02-19, 11:25:44, 23.98, 43.99
2019-02-19, 11:25:45, 23.98, 43.95
2019-02-19, 11:25:47, 23.98, 43.95
2019-02-19, 11:25:48, 23.99, 43.95
2019-02-19, 11:25:49, 23.98, 43.95
2019-02-19, 11:25:51, 23.99, 43.95
2019-02-19, 11:25:52, 23.99, 43.95
2019-02-19, 11:25:53, 24.01, 43.96
2019-02-19, 11:25:55, 23.98, 43.95
2019-02-19, 11:25:56, 23.83, 44.0
2019-02-19, 11:25:57, 23.93, 44.04
2019-02-19, 11:25:59, 23.96, 44.08
2019-02-19, 11:26:00, 23.96, 44.08
2019-02-19, 11:26:01, 23.98, 44.02
2019-02-19, 11:26:03, 23.98, 44.05
2019-02-19, 11:26:04, 23.98, 44.02
2019-02-19, 11:26:06, 23.98, 44.02
2019-02-19, 11:26:07, 23.98, 44.02
2019-02-19, 11:26:08, 23.99, 44.02
2019-02-19, 11:26:10, 23.97, 43.95
2019-02-19, 11:26:11, 23.98, 43.95
2019-02-19, 11:26:12, 23.99, 43.95
2019-02-19, 11:26:14, 23.99, 43.95
2019-02-19, 11:26:15, 23.98, 43.95
2019-02-19, 11:26:16, 23.98, 43.95
2019-02-19, 11:26:18, 23.98, 43.95
2019-02-19, 11:26:19, 23.99, 43.95
2019-02-19, 11:26:20, 23.99, 43.95
2019-02-19, 11:26:22, 23.99, 43.95
2019-02-19, 11:26:23, 24.0, 43.95
2019-02-19, 11:26:24, 23.98, 43.95
2019-02-19, 11:26:26, 23.98, 43.95
2019-02-19, 11:26:27, 23.99, 43.99
2019-02-19, 11:26:29, 23.99, 43.95
2019-02-19, 11:26:30, 24.0, 43.95
2019-02-19, 11:26:31, 23.99, 43.95
2019-02-19, 11:26:33, 23.98, 43.99
2019-02-19, 11:26:34, 23.97, 43.95
2019-02-19, 11:26:35, 23.99, 43.95
2019-02-19, 11:26:37, 23.98, 43.95
2019-02-19, 11:26:38, 23.98, 43.95
2019-02-19, 11:26:39, 23.98, 43.95
2019-02-19, 11:26:41, 23.98, 43.95
2019-02-19, 11:26:42, 23.98, 43.95
2019-02-19, 11:26:43, 23.98, 43.95
2019-02-19, 11:26:45, 23.99, 43.95
2019-02-19, 11:26:46, 23.99, 43.95
2019-02-19, 11:26:47, 23.99, 43.95
2019-02-19, 11:26:49, 23.98, 43.95
2019-02-19, 11:26:50, 23.98, 43.95
2019-02-19, 11:26:52, 23.98, 43.95
2019-02-19, 11:26:53, 23.99, 43.95
2019-02-19, 11:26:54, 23.98, 43.95
2019-02-19, 11:26:56, 23.98, 43.95
2019-02-19, 11:26:57, 23.99, 43.95
2019-02-19, 11:26:58, 23.98, 43.95
2019-02-19, 11:27:00, 23.98, 43.95
2019-02-19, 11:27:01, 23.98, 43.95
2019-02-19, 11:27:02, 23.97, 43.95
2019-02-19, 11:27:04, 23.98, 43.95
2019-02-19, 11:27:05, 23.98, 43.95
2019-02-19, 11:27:06, 23.98, 43.95
2019-02-19, 11:27:08, 23.97, 43.95
2019-02-19, 11:27:09, 23.97, 43.95
2019-02-19, 11:27:11, 24.0, 43.95
2019-02-19, 11:27:12, 24.0, 43.95
2019-02-19, 11:27:13, 23.98, 43.99
2019-02-19, 11:27:15, 23.99, 44.02
2019-02-19, 11:27:16, 23.98, 43.99
2019-02-19, 11:27:17, 23.98, 44.02
2019-02-19, 11:27:19, 23.98, 44.02
2019-02-19, 11:27:20, 23.98, 44.02
2019-02-19, 11:27:21, 23.98, 44.02
2019-02-19, 11:27:23, 23.96, 44.02
2019-02-19, 11:27:24, 23.96, 44.02
2019-02-19, 11:27:26, 23.98, 44.02
2019-02-19, 11:27:27, 23.96, 44.02
2019-02-19, 11:27:28, 23.96, 44.02
2019-02-19, 11:27:30, 23.97, 44.02
2019-02-19, 11:27:31, 23.98, 44.05
2019-02-19, 11:27:32, 23.97, 44.02
2019-02-19, 11:27:34, 23.98, 44.02
2019-02-19, 11:27:35, 23.97, 44.02
2019-02-19, 11:27:36, 23.98, 44.02
2019-02-19, 11:27:38, 23.96, 44.05
2019-02-19, 11:27:39, 23.96, 44.02
2019-02-19, 11:27:40, 23.96, 44.02
2019-02-19, 11:27:42, 23.96, 44.05
2019-02-19, 11:27:43, 23.98, 44.02
2019-02-19, 11:27:45, 23.98, 44.02
2019-02-19, 11:27:46, 23.98, 44.05
2019-02-19, 11:27:47, 23.98, 44.02
2019-02-19, 11:27:49, 23.96, 44.02
2019-02-19, 11:27:50, 23.97, 44.02
2019-02-19, 11:27:51, 23.95, 44.05
2019-02-19, 11:27:53, 23.96, 44.05
2019-02-19, 11:27:54, 23.95, 44.01
2019-02-19, 11:27:55, 23.97, 44.05
2019-02-19, 11:27:57, 23.96, 44.05
2019-02-19, 11:27:58, 23.95, 44.05
2019-02-19, 11:27:59, 23.96, 44.02
2019-02-19, 11:28:01, 23.97, 44.02
2019-02-19, 11:28:02, 23.98, 44.02
2019-02-19, 11:28:04, 23.97, 44.02
2019-02-19, 11:28:05, 23.98, 44.02
2019-02-19, 11:28:06, 23.97, 44.02
2019-02-19, 11:28:08, 23.96, 44.02
2019-02-19, 11:28:09, 23.97, 44.02
2019-02-19, 11:28:10, 23.98, 44.02
2019-02-19, 11:28:12, 23.98, 44.02
2019-02-19, 11:28:13, 23.98, 44.02
2019-02-19, 11:28:14, 23.96, 44.02
2019-02-19, 11:28:16, 23.98, 44.02
2019-02-19, 11:28:17, 23.97, 44.02
2019-02-19, 11:28:18, 23.98, 44.02
2019-02-19, 11:28:20, 23.97, 44.02
2019-02-19, 11:28:21, 23.98, 44.02
2019-02-19, 11:28:23, 23.95, 44.01
2019-02-19, 11:28:24, 23.87, 44.0
2019-02-19, 11:28:25, 23.94, 44.05
2019-02-19, 11:28:27, 23.95, 44.08
2019-02-19, 11:28:28, 23.97, 44.05
2019-02-19, 11:28:29, 23.97, 44.05
2019-02-19, 11:28:31, 23.95, 44.05
2019-02-19, 11:28:32, 23.97, 44.08
2019-02-19, 11:28:33, 23.96, 44.05
2019-02-19, 11:28:35, 23.97, 44.05
2019-02-19, 11:28:36, 23.97, 44.02
2019-02-19, 11:28:38, 23.97, 44.02
2019-02-19, 11:28:39, 23.98, 44.02
2019-02-19, 11:28:40, 23.96, 44.02
2019-02-19, 11:28:42, 23.97, 44.02
2019-02-19, 11:28:43, 23.97, 44.02
2019-02-19, 11:28:44, 23.98, 44.02
2019-02-19, 11:28:46, 23.97, 44.02
2019-02-19, 11:28:47, 23.97, 44.02
2019-02-19, 11:28:48, 23.98, 44.02
2019-02-19, 11:28:50, 23.97, 44.02
2019-02-19, 11:28:51, 23.97, 44.02
2019-02-19, 11:28:52, 23.97, 44.02
2019-02-19, 11:28:54, 23.97, 44.02
2019-02-19, 11:28:55, 23.97, 44.02
2019-02-19, 11:28:56, 23.98, 44.02
2019-02-19, 11:28:58, 23.96, 44.02
2019-02-19, 11:28:59, 23.98, 44.02
2019-02-19, 11:29:01, 23.99, 44.02
2019-02-19, 11:29:02, 23.99, 44.02
2019-02-19, 11:29:03, 23.98, 44.05
2019-02-19, 11:29:05, 23.98, 44.02
2019-02-19, 11:29:06, 23.98, 44.05
2019-02-19, 11:29:07, 23.97, 44.02
2019-02-19, 11:29:09, 23.97, 44.02
2019-02-19, 11:29:10, 23.97, 44.02
2019-02-19, 11:29:11, 24.0, 44.02
2019-02-19, 11:29:13, 24.0, 44.02
2019-02-19, 11:29:14, 24.0, 44.05
2019-02-19, 11:29:15, 24.0, 44.05
2019-02-19, 11:29:17, 24.0, 44.02
2019-02-19, 11:29:18, 24.0, 44.02
2019-02-19, 11:29:20, 24.0, 44.05
2019-02-19, 11:29:21, 24.0, 44.02
2019-02-19, 11:29:22, 23.99, 44.02
2019-02-19, 11:29:24, 24.0, 44.02
2019-02-19, 11:29:25, 24.0, 44.02
2019-02-19, 11:29:26, 24.0, 44.02
2019-02-19, 11:29:28, 24.0, 44.02
2019-02-19, 11:29:29, 24.0, 44.02
2019-02-19, 11:29:30, 23.99, 44.02
2019-02-19, 11:29:32, 24.01, 44.02
2019-02-19, 11:29:33, 24.0, 44.02
2019-02-19, 11:29:34, 23.99, 44.02
2019-02-19, 11:29:36, 23.99, 44.02
2019-02-19, 11:29:37, 24.0, 44.02
2019-02-19, 11:29:38, 23.99, 44.02
2019-02-19, 11:29:40, 24.0, 44.02
2019-02-19, 11:29:41, 23.99, 44.02
2019-02-19, 11:29:43, 24.0, 44.02
2019-02-19, 11:29:44, 24.0, 44.02
2019-02-19, 11:29:45, 24.0, 44.02
2019-02-19, 11:29:47, 23.99, 44.02
2019-02-19, 11:29:48, 24.01, 44.02
2019-02-19, 11:29:49, 24.01, 44.02
2019-02-19, 11:29:51, 23.99, 43.99
2019-02-19, 11:29:52, 24.01, 44.02
2019-02-19, 11:29:53, 23.84, 44.0
2019-02-19, 11:29:55, 23.96, 44.08
2019-02-19, 11:29:56, 23.97, 44.08
2019-02-19, 11:29:57, 23.98, 44.05
2019-02-19, 11:29:59, 23.99, 44.05
2019-02-19, 11:30:00, 23.99, 44.05
2019-02-19, 11:30:02, 23.98, 44.02
2019-02-19, 11:30:03, 24.0, 44.02
2019-02-19, 11:30:04, 24.0, 44.02
2019-02-19, 11:30:06, 24.0, 44.02
2019-02-19, 11:30:07, 24.0, 43.95
2019-02-19, 11:30:08, 24.01, 43.99
2019-02-19, 11:30:10, 24.01, 43.99
2019-02-19, 11:30:11, 23.99, 43.99
2019-02-19, 11:30:12, 23.98, 43.99
2019-02-19, 11:30:14, 23.99, 43.99
2019-02-19, 11:30:15, 24.01, 43.99
2019-02-19, 11:30:16, 24.01, 43.99
2019-02-19, 11:30:18, 24.01, 43.99
2019-02-19, 11:30:19, 24.0, 44.02
2019-02-19, 11:30:20, 24.01, 44.02
2019-02-19, 11:30:22, 24.0, 44.02
2019-02-19, 11:30:23, 24.0, 43.99
2019-02-19, 11:30:25, 23.99, 43.99
2019-02-19, 11:30:26, 24.01, 43.99
2019-02-19, 11:30:27, 24.01, 43.99
2019-02-19, 11:30:29, 24.02, 43.99
2019-02-19, 11:30:30, 24.02, 43.99
2019-02-19, 11:30:31, 24.01, 43.96
2019-02-19, 11:30:33, 24.02, 43.96
2019-02-19, 11:30:34, 24.01, 43.99
2019-02-19, 11:30:35, 24.01, 43.96
2019-02-19, 11:30:37, 24.01, 43.96
2019-02-19, 11:30:38, 24.0, 43.95
2019-02-19, 11:30:39, 24.0, 43.95
2019-02-19, 11:30:41, 24.02, 43.96
2019-02-19, 11:30:42, 24.01, 43.96
2019-02-19, 11:30:43, 24.02, 43.96
2019-02-19, 11:30:45, 24.01, 43.96
2019-02-19, 11:30:46, 24.01, 43.96
2019-02-19, 11:30:48, 24.02, 43.96
2019-02-19, 11:30:49, 24.0, 43.95
2019-02-19, 11:30:50, 24.01, 43.96
2019-02-19, 11:30:52, 24.02, 43.96
2019-02-19, 11:30:53, 24.02, 43.96
2019-02-19, 11:30:54, 24.03, 43.96
2019-02-19, 11:30:56, 24.03, 43.96
2019-02-19, 11:30:57, 24.02, 43.96
2019-02-19, 11:30:58, 24.02, 43.92
2019-02-19, 11:31:00, 24.03, 43.96
2019-02-19, 11:31:01, 24.03, 43.89
2019-02-19, 11:31:02, 24.02, 43.92
2019-02-19, 11:31:04, 24.03, 43.89
2019-02-19, 11:31:05, 24.03, 43.93
2019-02-19, 11:31:07, 24.04, 43.93
2019-02-19, 11:31:08, 24.04, 43.96
2019-02-19, 11:31:09, 24.03, 43.96
2019-02-19, 11:31:11, 24.04, 43.93
2019-02-19, 11:31:12, 24.03, 43.93
2019-02-19, 11:31:13, 24.04, 43.96
2019-02-19, 11:31:15, 24.04, 43.93
2019-02-19, 11:31:16, 24.03, 43.93
2019-02-19, 11:31:17, 24.02, 43.89
2019-02-19, 11:31:19, 24.05, 43.93
2019-02-19, 11:31:20, 24.05, 43.93
2019-02-19, 11:31:21, 24.02, 43.92
2019-02-19, 11:31:23, 24.05, 43.93
2019-02-19, 11:31:24, 24.04, 43.93
2019-02-19, 11:31:26, 24.04, 43.93
2019-02-19, 11:31:27, 24.05, 43.9
2019-02-19, 11:31:28, 24.05, 43.9
2019-02-19, 11:31:30, 24.04, 43.89
2019-02-19, 11:31:31, 24.05, 43.9
2019-02-19, 11:31:32, 24.05, 43.9
2019-02-19, 11:31:34, 24.05, 43.9
2019-02-19, 11:31:35, 24.06, 43.9
2019-02-19, 11:31:36, 24.06, 43.9
2019-02-19, 11:31:38, 24.05, 43.9
2019-02-19, 11:31:39, 24.06, 43.9
2019-02-19, 11:31:40, 24.05, 43.86
2019-02-19, 11:31:42, 24.05, 43.86
2019-02-19, 11:31:43, 24.04, 43.89
2019-02-19, 11:31:45, 24.07, 43.87
2019-02-19, 11:31:46, 24.06, 43.86
2019-02-19, 11:31:47, 24.05, 43.86
2019-02-19, 11:31:49, 24.06, 43.86
2019-02-19, 11:31:50, 24.06, 43.86
2019-02-19, 11:31:51, 24.08, 43.83
2019-02-19, 11:31:53, 24.07, 43.83
2019-02-19, 11:31:54, 24.06, 43.83
2019-02-19, 11:31:55, 24.06, 43.83
2019-02-19, 11:31:57, 24.06, 43.83
2019-02-19, 11:31:58, 24.06, 43.83
2019-02-19, 11:31:59, 24.05, 43.83
2019-02-19, 11:32:01, 24.06, 43.83
2019-02-19, 11:32:02, 24.06, 43.83
2019-02-19, 11:32:04, 24.07, 43.83
2019-02-19, 11:32:05, 24.07, 43.83
2019-02-19, 11:32:06, 24.07, 43.83
2019-02-19, 11:32:08, 24.06, 43.83
2019-02-19, 11:32:09, 24.06, 43.83
2019-02-19, 11:32:10, 24.06, 43.83
2019-02-19, 11:32:12, 24.06, 43.83
2019-02-19, 11:32:13, 24.07, 43.8
2019-02-19, 11:32:14, 24.06, 43.83
2019-02-19, 11:32:16, 24.06, 43.83
2019-02-19, 11:32:17, 24.06, 43.83
2019-02-19, 11:32:19, 24.07, 43.83
2019-02-19, 11:32:20, 24.06, 43.83
2019-02-19, 11:32:21, 23.96, 43.82
2019-02-19, 11:32:23, 24.04, 43.86
2019-02-19, 11:32:24, 24.04, 43.83
2019-02-19, 11:32:25, 24.06, 43.86
2019-02-19, 11:32:27, 24.06, 43.83
2019-02-19, 11:32:28, 24.06, 43.83
2019-02-19, 11:32:29, 24.05, 43.83
2019-02-19, 11:32:31, 24.05, 43.83
2019-02-19, 11:32:32, 24.05, 43.83
2019-02-19, 11:32:33, 24.05, 43.83
2019-02-19, 11:32:35, 24.05, 43.83
2019-02-19, 11:32:36, 24.08, 43.83
2019-02-19, 11:32:37, 24.07, 43.83
2019-02-19, 11:32:39, 24.08, 43.83
2019-02-19, 11:32:40, 24.08, 43.8
2019-02-19, 11:32:42, 24.08, 43.83
2019-02-19, 11:32:43, 24.08, 43.8
2019-02-19, 11:32:44, 24.07, 43.8
2019-02-19, 11:32:46, 24.08, 43.83
2019-02-19, 11:32:47, 24.09, 43.8
2019-02-19, 11:32:48, 24.09, 43.8
2019-02-19, 11:32:50, 24.08, 43.8
2019-02-19, 11:32:51, 23.95, 43.82
2019-02-19, 11:32:52, 24.04, 43.86
2019-02-19, 11:32:54, 24.07, 43.83
2019-02-19, 11:32:55, 24.06, 43.83
2019-02-19, 11:32:57, 23.91, 43.85
2019-02-19, 11:32:58, 24.03, 43.89
2019-02-19, 11:32:59, 24.06, 43.9
2019-02-19, 11:33:01, 24.05, 43.86
2019-02-19, 11:33:02, 24.05, 43.86
2019-02-19, 11:33:03, 24.04, 43.83
2019-02-19, 11:33:05, 24.04, 43.83
2019-02-19, 11:33:06, 24.04, 43.83
2019-02-19, 11:33:07, 24.04, 43.8
2019-02-19, 11:33:09, 24.06, 43.8
2019-02-19, 11:33:10, 24.06, 43.77
2019-02-19, 11:33:11, 24.06, 43.77
2019-02-19, 11:33:13, 24.06, 43.77
2019-02-19, 11:33:14, 24.06, 43.77
2019-02-19, 11:33:16, 24.06, 43.77
2019-02-19, 11:33:17, 24.08, 43.77
2019-02-19, 11:33:18, 24.08, 43.77
2019-02-19, 11:33:20, 24.08, 43.77
2019-02-19, 11:33:21, 23.91, 43.78
2019-02-19, 11:33:22, 24.03, 43.83
2019-02-19, 11:33:24, 24.05, 43.86
2019-02-19, 11:33:25, 24.06, 43.86
2019-02-19, 11:33:26, 24.06, 43.83
2019-02-19, 11:33:28, 24.06, 43.83
2019-02-19, 11:33:29, 24.06, 43.83
2019-02-19, 11:33:30, 24.06, 43.83
2019-02-19, 11:33:32, 24.06, 43.8
2019-02-19, 11:33:33, 24.08, 43.77
2019-02-19, 11:33:35, 24.07, 43.8
2019-02-19, 11:33:36, 24.07, 43.77
2019-02-19, 11:33:37, 24.08, 43.77
2019-02-19, 11:33:39, 24.08, 43.8
2019-02-19, 11:33:40, 24.08, 43.77
2019-02-19, 11:33:41, 24.08, 43.77
2019-02-19, 11:33:43, 24.08, 43.77
2019-02-19, 11:33:44, 24.08, 43.77
2019-02-19, 11:33:45, 24.08, 43.77
2019-02-19, 11:33:47, 24.07, 43.77
2019-02-19, 11:33:48, 24.08, 43.77
2019-02-19, 11:33:49, 24.09, 43.77
2019-02-19, 11:33:51, 24.07, 43.77
2019-02-19, 11:33:52, 24.09, 43.77
2019-02-19, 11:33:54, 24.07, 43.77
2019-02-19, 11:33:55, 24.1, 43.77
2019-02-19, 11:33:56, 24.07, 43.77
2019-02-19, 11:33:58, 24.08, 43.77
2019-02-19, 11:33:59, 24.08, 43.77
2019-02-19, 11:34:00, 24.08, 43.77
2019-02-19, 11:34:02, 24.08, 43.77
2019-02-19, 11:34:03, 24.08, 43.77
2019-02-19, 11:34:04, 24.08, 43.77
2019-02-19, 11:34:06, 24.08, 43.77
2019-02-19, 11:34:07, 24.07, 43.74
2019-02-19, 11:34:08, 24.09, 43.77
2019-02-19, 11:34:10, 24.08, 43.77
2019-02-19, 11:34:11, 24.09, 43.77
2019-02-19, 11:34:13, 24.09, 43.77
2019-02-19, 11:34:14, 24.08, 43.77
2019-02-19, 11:34:15, 24.09, 43.77
2019-02-19, 11:34:17, 24.1, 43.77
2019-02-19, 11:34:18, 24.1, 43.74
2019-02-19, 11:34:19, 24.08, 43.77
2019-02-19, 11:34:21, 24.08, 43.77
2019-02-19, 11:34:22, 24.1, 43.74
2019-02-19, 11:34:23, 24.1, 43.74
2019-02-19, 11:34:25, 24.1, 43.74
2019-02-19, 11:34:26, 24.11, 43.74
2019-02-19, 11:34:27, 24.09, 43.74
2019-02-19, 11:34:29, 24.09, 43.77
2019-02-19, 11:34:30, 24.1, 43.74
2019-02-19, 11:34:32, 24.09, 43.71
2019-02-19, 11:34:33, 24.1, 43.71
2019-02-19, 11:34:34, 24.1, 43.77
2019-02-19, 11:34:36, 24.1, 43.74
2019-02-19, 11:34:37, 24.11, 43.71
2019-02-19, 11:34:38, 24.09, 43.71
2019-02-19, 11:34:40, 24.11, 43.74
2019-02-19, 11:34:41, 24.12, 43.74
2019-02-19, 11:34:42, 24.13, 43.71
2019-02-19, 11:34:44, 24.11, 43.71
2019-02-19, 11:34:45, 24.11, 43.71
2019-02-19, 11:34:46, 24.12, 43.71
2019-02-19, 11:34:48, 24.1, 43.71
2019-02-19, 11:34:49, 24.12, 43.71
2019-02-19, 11:34:50, 24.12, 43.68
2019-02-19, 11:34:52, 24.1, 43.68
2019-02-19, 11:34:53, 24.1, 43.71
2019-02-19, 11:34:55, 24.11, 43.68
2019-02-19, 11:34:56, 24.11, 43.71
2019-02-19, 11:34:57, 24.12, 43.71
2019-02-19, 11:34:59, 24.12, 43.71
2019-02-19, 11:35:00, 24.13, 43.71
2019-02-19, 11:35:01, 24.12, 43.71
2019-02-19, 11:35:03, 24.11, 43.71
2019-02-19, 11:35:04, 24.11, 43.71
2019-02-19, 11:35:05, 24.12, 43.71
2019-02-19, 11:35:07, 24.11, 43.71
2019-02-19, 11:35:08, 24.11, 43.71
2019-02-19, 11:35:09, 24.12, 43.71
2019-02-19, 11:35:11, 24.11, 43.71
2019-02-19, 11:35:12, 24.12, 43.71
2019-02-19, 11:35:14, 24.12, 43.71
2019-02-19, 11:35:15, 24.11, 43.71
2019-02-19, 11:35:16, 24.12, 43.71
2019-02-19, 11:35:18, 24.12, 43.71
2019-02-19, 11:35:19, 24.11, 43.71
2019-02-19, 11:35:20, 24.12, 43.68
2019-02-19, 11:35:22, 24.12, 43.71
2019-02-19, 11:35:23, 24.12, 43.68
2019-02-19, 11:35:24, 24.11, 43.68
2019-02-19, 11:35:26, 24.12, 43.71
2019-02-19, 11:35:27, 24.12, 43.71
2019-02-19, 11:35:28, 24.12, 43.71
2019-02-19, 11:35:30, 24.13, 43.71
2019-02-19, 11:35:31, 24.12, 43.68
2019-02-19, 11:35:33, 24.12, 43.71
2019-02-19, 11:35:34, 24.12, 43.71
2019-02-19, 11:35:35, 24.13, 43.68
2019-02-19, 11:35:37, 24.12, 43.68
2019-02-19, 11:35:38, 24.14, 43.68
2019-02-19, 11:35:39, 24.13, 43.68
2019-02-19, 11:35:41, 24.14, 43.65
2019-02-19, 11:35:42, 24.11, 43.64
2019-02-19, 11:35:43, 24.13, 43.65
2019-02-19, 11:35:45, 24.12, 43.65
2019-02-19, 11:35:46, 24.13, 43.65
2019-02-19, 11:35:47, 24.13, 43.65
2019-02-19, 11:35:49, 24.11, 43.68
2019-02-19, 11:35:50, 24.13, 43.65
2019-02-19, 11:35:52, 24.12, 43.65
2019-02-19, 11:35:53, 24.13, 43.65
2019-02-19, 11:35:54, 24.0, 43.66
2019-02-19, 11:35:56, 24.08, 43.71
2019-02-19, 11:35:57, 24.1, 43.74
2019-02-19, 11:35:58, 24.11, 43.71
2019-02-19, 11:36:00, 24.13, 43.71
2019-02-19, 11:36:01, 24.13, 43.71
2019-02-19, 11:36:02, 24.12, 43.71
2019-02-19, 11:36:04, 24.13, 43.71
2019-02-19, 11:36:05, 24.1, 43.71
2019-02-19, 11:36:07, 24.12, 43.71
2019-02-19, 11:36:08, 24.13, 43.68
2019-02-19, 11:36:09, 24.13, 43.68
2019-02-19, 11:36:11, 24.12, 43.65
2019-02-19, 11:36:12, 24.12, 43.65
2019-02-19, 11:36:13, 24.12, 43.68
2019-02-19, 11:36:15, 24.11, 43.68
2019-02-19, 11:36:16, 24.12, 43.71
2019-02-19, 11:36:17, 24.12, 43.68
2019-02-19, 11:36:19, 24.12, 43.71
2019-02-19, 11:36:20, 24.13, 43.71
2019-02-19, 11:36:21, 24.12, 43.68
2019-02-19, 11:36:23, 24.13, 43.68
2019-02-19, 11:36:24, 24.13, 43.71
2019-02-19, 11:36:26, 24.13, 43.68
2019-02-19, 11:36:27, 24.13, 43.68
2019-02-19, 11:36:28, 24.13, 43.68
2019-02-19, 11:36:30, 24.14, 43.68
2019-02-19, 11:36:31, 24.14, 43.68
2019-02-19, 11:36:32, 24.13, 43.68
2019-02-19, 11:36:34, 24.14, 43.68
2019-02-19, 11:36:35, 24.13, 43.68
2019-02-19, 11:36:36, 24.13, 43.65
2019-02-19, 11:36:38, 24.12, 43.68
2019-02-19, 11:36:39, 24.12, 43.71
2019-02-19, 11:36:40, 24.12, 43.65
2019-02-19, 11:36:42, 24.13, 43.68
2019-02-19, 11:36:43, 24.12, 43.65
2019-02-19, 11:36:44, 24.14, 43.68
2019-02-19, 11:36:46, 24.14, 43.65
2019-02-19, 11:36:47, 24.14, 43.65
2019-02-19, 11:36:49, 24.15, 43.65
2019-02-19, 11:36:50, 24.14, 43.65
2019-02-19, 11:36:51, 24.15, 43.65
2019-02-19, 11:36:53, 24.15, 43.65
2019-02-19, 11:36:54, 24.14, 43.65
2019-02-19, 11:36:55, 24.15, 43.65
2019-02-19, 11:36:57, 24.14, 43.65
2019-02-19, 11:36:58, 24.15, 43.65
2019-02-19, 11:36:59, 24.15, 43.65
2019-02-19, 11:37:01, 24.16, 43.65
2019-02-19, 11:37:02, 24.15, 43.65
2019-02-19, 11:37:03, 24.16, 43.65
2019-02-19, 11:37:05, 24.16, 43.65
2019-02-19, 11:37:06, 24.15, 43.65
2019-02-19, 11:37:08, 24.16, 43.62
2019-02-19, 11:37:09, 24.16, 43.65
2019-02-19, 11:37:10, 24.15, 43.62
2019-02-19, 11:37:12, 24.14, 43.58
2019-02-19, 11:37:13, 24.16, 43.58
2019-02-19, 11:37:14, 24.15, 43.58
2019-02-19, 11:37:16, 24.14, 43.58
2019-02-19, 11:37:17, 24.15, 43.58
2019-02-19, 11:37:18, 24.15, 43.58
2019-02-19, 11:37:20, 24.15, 43.58
2019-02-19, 11:37:21, 24.15, 43.58
2019-02-19, 11:37:22, 24.15, 43.58
2019-02-19, 11:37:24, 24.16, 43.58
2019-02-19, 11:37:25, 24.15, 43.58
2019-02-19, 11:37:26, 24.17, 43.59
2019-02-19, 11:37:28, 24.16, 43.58
2019-02-19, 11:37:29, 24.17, 43.59
2019-02-19, 11:37:31, 24.16, 43.55
2019-02-19, 11:37:32, 24.16, 43.55
2019-02-19, 11:37:33, 24.17, 43.59
2019-02-19, 11:37:35, 24.17, 43.59
2019-02-19, 11:37:36, 24.18, 43.59
2019-02-19, 11:37:37, 24.17, 43.59
2019-02-19, 11:37:39, 24.17, 43.59
2019-02-19, 11:37:40, 24.16, 43.58
2019-02-19, 11:37:41, 24.16, 43.58
2019-02-19, 11:37:43, 24.16, 43.58
2019-02-19, 11:37:44, 24.17, 43.59
2019-02-19, 11:37:45, 24.18, 43.59
2019-02-19, 11:37:47, 24.18, 43.59
2019-02-19, 11:37:48, 24.14, 43.55
2019-02-19, 11:37:50, 24.16, 43.58
2019-02-19, 11:37:51, 24.18, 43.55
2019-02-19, 11:37:52, 24.16, 43.58
2019-02-19, 11:37:54, 24.18, 43.55
2019-02-19, 11:37:55, 24.18, 43.55
2019-02-19, 11:37:56, 24.18, 43.59
2019-02-19, 11:37:58, 24.17, 43.55
2019-02-19, 11:37:59, 24.17, 43.55
2019-02-19, 11:38:00, 24.18, 43.59
2019-02-19, 11:38:02, 24.18, 43.59
2019-02-19, 11:38:03, 24.17, 43.59
2019-02-19, 11:38:04, 24.18, 43.59
2019-02-19, 11:38:06, 24.18, 43.59
2019-02-19, 11:38:07, 24.18, 43.59
2019-02-19, 11:38:08, 24.18, 43.59
2019-02-19, 11:38:10, 24.18, 43.59
2019-02-19, 11:38:11, 24.18, 43.59
2019-02-19, 11:38:13, 24.18, 43.55
2019-02-19, 11:38:14, 24.18, 43.59
2019-02-19, 11:38:15, 24.18, 43.55
2019-02-19, 11:38:17, 24.18, 43.55
2019-02-19, 11:38:18, 24.18, 43.55
2019-02-19, 11:38:19, 24.19, 43.52
2019-02-19, 11:38:21, 24.18, 43.52
2019-02-19, 11:38:22, 24.18, 43.52
2019-02-19, 11:38:23, 24.19, 43.52
2019-02-19, 11:38:25, 24.2, 43.56
2019-02-19, 11:38:26, 24.18, 43.52
2019-02-19, 11:38:27, 24.19, 43.52
2019-02-19, 11:38:29, 24.2, 43.52
2019-02-19, 11:38:30, 24.19, 43.52
2019-02-19, 11:38:32, 24.18, 43.52
2019-02-19, 11:38:33, 24.19, 43.52
2019-02-19, 11:38:34, 24.2, 43.52
2019-02-19, 11:38:36, 24.21, 43.53
2019-02-19, 11:38:37, 24.19, 43.52
2019-02-19, 11:38:38, 24.21, 43.53
2019-02-19, 11:38:40, 24.21, 43.53
2019-02-19, 11:38:41, 24.2, 43.52
2019-02-19, 11:38:42, 24.2, 43.52
2019-02-19, 11:38:44, 24.21, 43.53
2019-02-19, 11:38:45, 24.2, 43.52
2019-02-19, 11:38:46, 24.21, 43.53
2019-02-19, 11:38:48, 24.21, 43.53
2019-02-19, 11:38:49, 24.22, 43.53
2019-02-19, 11:38:51, 24.22, 43.53
2019-02-19, 11:38:52, 24.21, 43.53
2019-02-19, 11:38:53, 24.2, 43.52
2019-02-19, 11:38:55, 24.21, 43.53
2019-02-19, 11:38:56, 24.21, 43.53
2019-02-19, 11:38:57, 24.21, 43.49
2019-02-19, 11:38:59, 24.22, 43.53
2019-02-19, 11:39:00, 24.22, 43.49
2019-02-19, 11:39:01, 24.22, 43.53
2019-02-19, 11:39:03, 24.23, 43.46
2019-02-19, 11:39:04, 24.21, 43.49
2019-02-19, 11:39:05, 24.23, 43.5
2019-02-19, 11:39:07, 24.22, 43.46
2019-02-19, 11:39:08, 24.23, 43.46
2019-02-19, 11:39:09, 24.22, 43.46
2019-02-19, 11:39:11, 24.24, 43.46
2019-02-19, 11:39:12, 24.24, 43.46
2019-02-19, 11:39:14, 24.23, 43.46
2019-02-19, 11:39:15, 24.22, 43.46
2019-02-19, 11:39:16, 24.22, 43.46
2019-02-19, 11:39:18, 24.24, 43.46
2019-02-19, 11:39:19, 24.22, 43.46
2019-02-19, 11:39:20, 24.22, 43.46
2019-02-19, 11:39:22, 24.22, 43.46
2019-02-19, 11:39:23, 24.21, 43.46
2019-02-19, 11:39:24, 24.22, 43.43
2019-02-19, 11:39:26, 24.22, 43.46
2019-02-19, 11:39:27, 24.23, 43.43
2019-02-19, 11:39:28, 24.22, 43.46
2019-02-19, 11:39:30, 24.23, 43.4
2019-02-19, 11:39:31, 24.22, 43.4
2019-02-19, 11:39:33, 24.23, 43.43
2019-02-19, 11:39:34, 24.22, 43.4
2019-02-19, 11:39:35, 24.21, 43.43
2019-02-19, 11:39:37, 24.22, 43.43
2019-02-19, 11:39:38, 24.22, 43.43
2019-02-19, 11:39:39, 24.22, 43.43
2019-02-19, 11:39:41, 24.21, 43.43
2019-02-19, 11:39:42, 24.22, 43.43
2019-02-19, 11:39:43, 24.23, 43.4
2019-02-19, 11:39:45, 24.22, 43.43
2019-02-19, 11:39:46, 24.14, 43.42
2019-02-19, 11:39:47, 24.2, 43.46
2019-02-19, 11:39:49, 24.2, 43.46
2019-02-19, 11:39:50, 24.22, 43.43
2019-02-19, 11:39:51, 24.22, 43.46
2019-02-19, 11:39:53, 24.21, 43.43
2019-02-19, 11:39:54, 24.22, 43.43
2019-02-19, 11:39:56, 24.22, 43.46
2019-02-19, 11:39:57, 24.22, 43.43
2019-02-19, 11:39:58, 24.22, 43.46
2019-02-19, 11:40:00, 24.22, 43.43
2019-02-19, 11:40:01, 24.21, 43.43
2019-02-19, 11:40:02, 24.22, 43.4
2019-02-19, 11:40:04, 24.21, 43.43
2019-02-19, 11:40:05, 24.22, 43.4
2019-02-19, 11:40:06, 24.21, 43.43
2019-02-19, 11:40:08, 24.22, 43.43
2019-02-19, 11:40:09, 24.22, 43.43
2019-02-19, 11:40:10, 24.22, 43.4
2019-02-19, 11:40:12, 24.22, 43.4
2019-02-19, 11:40:13, 24.21, 43.4
2019-02-19, 11:40:15, 24.22, 43.4
2019-02-19, 11:40:16, 24.22, 43.4
2019-02-19, 11:40:17, 24.22, 43.43
2019-02-19, 11:40:19, 24.22, 43.4
2019-02-19, 11:40:20, 24.23, 43.43
2019-02-19, 11:40:21, 24.24, 43.4
2019-02-19, 11:40:23, 24.23, 43.4
2019-02-19, 11:40:24, 24.25, 43.4
2019-02-19, 11:40:25, 24.23, 43.4
2019-02-19, 11:40:27, 24.24, 43.43
2019-02-19, 11:40:28, 24.23, 43.4
2019-02-19, 11:40:29, 24.23, 43.4
2019-02-19, 11:40:31, 24.24, 43.4
2019-02-19, 11:40:32, 24.23, 43.4
2019-02-19, 11:40:33, 24.22, 43.4
2019-02-19, 11:40:35, 24.23, 43.4
2019-02-19, 11:40:36, 24.22, 43.4
2019-02-19, 11:40:38, 24.22, 43.4
2019-02-19, 11:40:39, 24.23, 43.4
2019-02-19, 11:40:40, 24.22, 43.4
2019-02-19, 11:40:42, 24.23, 43.4
2019-02-19, 11:40:43, 24.23, 43.4
2019-02-19, 11:40:44, 24.22, 43.4
2019-02-19, 11:40:46, 24.23, 43.4
2019-02-19, 11:40:47, 24.24, 43.4
2019-02-19, 11:40:48, 24.25, 43.4
2019-02-19, 11:40:50, 24.23, 43.4
2019-02-19, 11:40:51, 24.24, 43.4
2019-02-19, 11:40:52, 24.22, 43.4
2019-02-19, 11:40:54, 24.24, 43.4
2019-02-19, 11:40:55, 24.24, 43.4
2019-02-19, 11:40:57, 24.25, 43.4
2019-02-19, 11:40:58, 24.24, 43.4
2019-02-19, 11:40:59, 24.24, 43.4
2019-02-19, 11:41:01, 24.24, 43.4
2019-02-19, 11:41:02, 24.24, 43.4
2019-02-19, 11:41:03, 24.24, 43.4
2019-02-19, 11:41:05, 24.24, 43.4
2019-02-19, 11:41:06, 24.24, 43.4
2019-02-19, 11:41:07, 24.24, 43.4
2019-02-19, 11:41:09, 24.24, 43.4
2019-02-19, 11:41:10, 24.24, 43.4
2019-02-19, 11:41:11, 24.24, 43.4
2019-02-19, 11:41:13, 24.24, 43.4
2019-02-19, 11:41:14, 24.24, 43.4
2019-02-19, 11:41:15, 24.11, 43.38
2019-02-19, 11:41:17, 24.22, 43.43
2019-02-19, 11:41:18, 24.24, 43.43
2019-02-19, 11:41:20, 24.24, 43.46
2019-02-19, 11:41:21, 24.1, 43.45
2019-02-19, 11:41:22, 24.2, 43.49
2019-02-19, 11:41:24, 24.21, 43.46
2019-02-19, 11:41:25, 24.23, 43.46
2019-02-19, 11:41:26, 24.23, 43.46
2019-02-19, 11:41:28, 24.22, 43.46
2019-02-19, 11:41:29, 24.24, 43.43
2019-02-19, 11:41:30, 24.23, 43.4
2019-02-19, 11:41:32, 24.24, 43.4
2019-02-19, 11:41:33, 24.23, 43.4
2019-02-19, 11:41:34, 24.24, 43.4
2019-02-19, 11:41:36, 24.23, 43.4
2019-02-19, 11:41:37, 24.24, 43.4
2019-02-19, 11:41:39, 24.23, 43.4
2019-02-19, 11:41:40, 24.22, 43.4
2019-02-19, 11:41:41, 24.23, 43.4
2019-02-19, 11:41:43, 24.23, 43.4
2019-02-19, 11:41:44, 24.25, 43.4
2019-02-19, 11:41:45, 24.24, 43.4
2019-02-19, 11:41:47, 24.24, 43.4
2019-02-19, 11:41:48, 24.25, 43.4
2019-02-19, 11:41:49, 24.24, 43.4
2019-02-19, 11:41:51, 24.24, 43.4
2019-02-19, 11:41:52, 24.24, 43.4
2019-02-19, 11:41:53, 24.25, 43.37
2019-02-19, 11:41:55, 24.25, 43.37
2019-02-19, 11:41:56, 24.24, 43.37
2019-02-19, 11:41:58, 24.24, 43.37
2019-02-19, 11:41:59, 24.26, 43.37
2019-02-19, 11:42:00, 24.24, 43.37
2019-02-19, 11:42:02, 24.26, 43.37
2019-02-19, 11:42:03, 24.26, 43.34
2019-02-19, 11:42:04, 24.26, 43.37
2019-02-19, 11:42:06, 24.24, 43.37
2019-02-19, 11:42:07, 24.26, 43.37
2019-02-19, 11:42:08, 24.26, 43.34
2019-02-19, 11:42:10, 24.26, 43.34
2019-02-19, 11:42:11, 24.26, 43.34
2019-02-19, 11:42:12, 24.26, 43.34
2019-02-19, 11:42:14, 24.26, 43.34
2019-02-19, 11:42:15, 24.26, 43.34
2019-02-19, 11:42:16, 24.27, 43.34
2019-02-19, 11:42:18, 24.26, 43.34
2019-02-19, 11:42:19, 24.27, 43.34
2019-02-19, 11:42:21, 24.28, 43.34
2019-02-19, 11:42:22, 24.26, 43.34
2019-02-19, 11:42:23, 24.26, 43.34
2019-02-19, 11:42:25, 24.27, 43.31
2019-02-19, 11:42:26, 24.28, 43.34
2019-02-19, 11:42:27, 24.26, 43.34
2019-02-19, 11:42:29, 24.26, 43.34
2019-02-19, 11:42:30, 24.28, 43.34
2019-02-19, 11:42:31, 24.28, 43.31
2019-02-19, 11:42:33, 24.28, 43.31
2019-02-19, 11:42:34, 24.28, 43.31
2019-02-19, 11:42:35, 24.27, 43.27
2019-02-19, 11:42:37, 24.26, 43.27
2019-02-19, 11:42:38, 24.27, 43.27
2019-02-19, 11:42:39, 24.28, 43.27
2019-02-19, 11:42:41, 24.28, 43.27
2019-02-19, 11:42:42, 24.28, 43.27
2019-02-19, 11:42:44, 24.27, 43.27
2019-02-19, 11:42:45, 24.29, 43.28
2019-02-19, 11:42:46, 24.28, 43.27
2019-02-19, 11:42:48, 24.27, 43.31
2019-02-19, 11:42:49, 24.28, 43.27
2019-02-19, 11:42:50, 24.29, 43.31
2019-02-19, 11:42:52, 24.28, 43.27
2019-02-19, 11:42:53, 24.29, 43.31
2019-02-19, 11:42:54, 24.3, 43.28
2019-02-19, 11:42:56, 24.28, 43.27
2019-02-19, 11:42:57, 24.28, 43.27
2019-02-19, 11:42:58, 24.28, 43.31
2019-02-19, 11:43:00, 24.28, 43.31
2019-02-19, 11:43:01, 24.28, 43.27
2019-02-19, 11:43:02, 24.29, 43.28
2019-02-19, 11:43:04, 24.28, 43.31
2019-02-19, 11:43:05, 24.29, 43.31
2019-02-19, 11:43:07, 24.28, 43.27
2019-02-19, 11:43:08, 24.28, 43.27
2019-02-19, 11:43:09, 24.28, 43.27
2019-02-19, 11:43:11, 24.26, 43.27
2019-02-19, 11:43:12, 24.3, 43.28
2019-02-19, 11:43:13, 24.29, 43.28
2019-02-19, 11:43:15, 24.28, 43.27
2019-02-19, 11:43:16, 24.28, 43.24
2019-02-19, 11:43:17, 24.28, 43.27
2019-02-19, 11:43:19, 24.3, 43.28
2019-02-19, 11:43:20, 24.29, 43.28
2019-02-19, 11:43:21, 24.29, 43.28
2019-02-19, 11:43:23, 24.29, 43.28
2019-02-19, 11:43:24, 24.3, 43.28
2019-02-19, 11:43:25, 24.3, 43.28
2019-02-19, 11:43:27, 24.3, 43.28
2019-02-19, 11:43:28, 24.3, 43.28
2019-02-19, 11:43:30, 24.3, 43.28
2019-02-19, 11:43:31, 24.3, 43.28
2019-02-19, 11:43:32, 24.3, 43.28
2019-02-19, 11:43:34, 24.3, 43.28
2019-02-19, 11:43:35, 24.29, 43.28
2019-02-19, 11:43:36, 24.3, 43.24
2019-02-19, 11:43:38, 24.29, 43.28
2019-02-19, 11:43:39, 24.3, 43.28
2019-02-19, 11:43:40, 24.3, 43.28
2019-02-19, 11:43:42, 24.29, 43.24
2019-02-19, 11:43:43, 24.31, 43.28
2019-02-19, 11:43:44, 24.3, 43.28
2019-02-19, 11:43:46, 24.3, 43.28
2019-02-19, 11:43:47, 24.3, 43.28
2019-02-19, 11:43:49, 24.3, 43.28
2019-02-19, 11:43:50, 24.3, 43.28
2019-02-19, 11:43:51, 24.31, 43.28
2019-02-19, 11:43:53, 24.29, 43.28
2019-02-19, 11:43:54, 24.3, 43.28
2019-02-19, 11:43:55, 24.3, 43.28
2019-02-19, 11:43:57, 24.3, 43.24
2019-02-19, 11:43:58, 24.28, 43.24
2019-02-19, 11:43:59, 24.3, 43.24
2019-02-19, 11:44:01, 24.3, 43.24
2019-02-19, 11:44:02, 24.29, 43.24
2019-02-19, 11:44:03, 24.29, 43.28
2019-02-19, 11:44:05, 24.29, 43.24
2019-02-19, 11:44:06, 24.29, 43.24
2019-02-19, 11:44:07, 24.3, 43.24
2019-02-19, 11:44:09, 24.3, 43.24
2019-02-19, 11:44:10, 24.3, 43.24
2019-02-19, 11:44:12, 24.31, 43.21
2019-02-19, 11:44:13, 24.3, 43.21
2019-02-19, 11:44:14, 24.29, 43.21
2019-02-19, 11:44:16, 24.3, 43.24
2019-02-19, 11:44:17, 24.3, 43.21
2019-02-19, 11:44:18, 24.29, 43.21
2019-02-19, 11:44:20, 24.29, 43.21
2019-02-19, 11:44:21, 24.29, 43.21
2019-02-19, 11:44:22, 24.3, 43.21
2019-02-19, 11:44:24, 24.3, 43.21
2019-02-19, 11:44:25, 24.3, 43.21
2019-02-19, 11:44:26, 24.3, 43.21
2019-02-19, 11:44:28, 24.3, 43.21
2019-02-19, 11:44:29, 24.29, 43.21
2019-02-19, 11:44:30, 24.29, 43.21
2019-02-19, 11:44:32, 24.3, 43.21
2019-02-19, 11:44:33, 24.3, 43.21
2019-02-19, 11:44:35, 24.3, 43.21
2019-02-19, 11:44:36, 24.3, 43.21
2019-02-19, 11:44:37, 24.31, 43.21
2019-02-19, 11:44:39, 24.29, 43.21
2019-02-19, 11:44:40, 24.31, 43.21
2019-02-19, 11:44:41, 24.31, 43.21
2019-02-19, 11:44:43, 24.29, 43.21
2019-02-19, 11:44:44, 24.3, 43.21
2019-02-19, 11:44:45, 24.29, 43.21
2019-02-19, 11:44:47, 24.32, 43.21
2019-02-19, 11:44:48, 24.32, 43.21
2019-02-19, 11:44:49, 24.3, 43.21
2019-02-19, 11:44:51, 24.3, 43.21
2019-02-19, 11:44:52, 24.3, 43.21
2019-02-19, 11:44:54, 24.31, 43.21
2019-02-19, 11:44:55, 24.32, 43.21
2019-02-19, 11:44:56, 24.31, 43.21
2019-02-19, 11:44:58, 24.3, 43.21
2019-02-19, 11:44:59, 24.31, 43.21
2019-02-19, 11:45:00, 24.31, 43.21
2019-02-19, 11:45:02, 24.31, 43.25
2019-02-19, 11:45:03, 24.3, 43.21
2019-02-19, 11:45:04, 24.31, 43.25
2019-02-19, 11:45:06, 24.3, 43.21
2019-02-19, 11:45:07, 24.3, 43.21
2019-02-19, 11:45:08, 24.32, 43.25
2019-02-19, 11:45:10, 24.32, 43.21
2019-02-19, 11:45:11, 24.32, 43.25
2019-02-19, 11:45:13, 24.32, 43.21
2019-02-19, 11:45:14, 24.32, 43.21
2019-02-19, 11:45:15, 24.32, 43.21
2019-02-19, 11:45:17, 24.32, 43.21
2019-02-19, 11:45:18, 24.32, 43.21
2019-02-19, 11:45:19, 24.3, 43.21
2019-02-19, 11:45:21, 24.32, 43.21
2019-02-19, 11:45:22, 24.31, 43.21
2019-02-19, 11:45:23, 24.31, 43.21
2019-02-19, 11:45:25, 24.32, 43.21
2019-02-19, 11:45:26, 24.32, 43.21
2019-02-19, 11:45:27, 24.32, 43.25
2019-02-19, 11:45:29, 24.32, 43.21
2019-02-19, 11:45:30, 24.32, 43.21
2019-02-19, 11:45:32, 24.32, 43.21
2019-02-19, 11:45:33, 24.32, 43.21
2019-02-19, 11:45:34, 24.31, 43.21
2019-02-19, 11:45:36, 24.31, 43.21
2019-02-19, 11:45:37, 24.31, 43.21
2019-02-19, 11:45:38, 24.3, 43.21
2019-02-19, 11:45:40, 24.3, 43.21
2019-02-19, 11:45:41, 24.32, 43.21
2019-02-19, 11:45:42, 24.31, 43.21
2019-02-19, 11:45:44, 24.31, 43.21
2019-02-19, 11:45:45, 24.33, 43.22
2019-02-19, 11:45:46, 24.32, 43.21
2019-02-19, 11:45:48, 24.22, 43.2
2019-02-19, 11:45:49, 24.29, 43.24
2019-02-19, 11:45:50, 24.3, 43.24
2019-02-19, 11:45:52, 24.31, 43.25
2019-02-19, 11:45:53, 24.31, 43.25
2019-02-19, 11:45:55, 24.31, 43.21
2019-02-19, 11:45:56, 24.3, 43.21
2019-02-19, 11:45:57, 24.31, 43.21
2019-02-19, 11:45:59, 24.32, 43.21
2019-02-19, 11:46:00, 24.32, 43.21
2019-02-19, 11:46:01, 24.33, 43.22
2019-02-19, 11:46:03, 24.32, 43.18
2019-02-19, 11:46:04, 24.32, 43.21
2019-02-19, 11:46:05, 24.32, 43.21
2019-02-19, 11:46:07, 24.32, 43.21
2019-02-19, 11:46:08, 24.32, 43.21
2019-02-19, 11:46:09, 24.32, 43.21
2019-02-19, 11:46:11, 24.33, 43.22
2019-02-19, 11:46:12, 24.18, 43.2
2019-02-19, 11:46:13, 24.28, 43.24
2019-02-19, 11:46:15, 24.3, 43.28
2019-02-19, 11:46:16, 24.31, 43.28
2019-02-19, 11:46:18, 24.31, 43.25
2019-02-19, 11:46:19, 24.3, 43.21
2019-02-19, 11:46:20, 24.32, 43.21
2019-02-19, 11:46:22, 24.33, 43.22
2019-02-19, 11:46:23, 24.32, 43.21
2019-02-19, 11:46:24, 24.31, 43.21
2019-02-19, 11:46:26, 24.32, 43.21
2019-02-19, 11:46:27, 24.32, 43.18
2019-02-19, 11:46:28, 24.32, 43.21
2019-02-19, 11:46:30, 24.3, 43.18
2019-02-19, 11:46:31, 24.3, 43.21
2019-02-19, 11:46:32, 24.3, 43.21
2019-02-19, 11:46:34, 24.31, 43.21
2019-02-19, 11:46:35, 24.32, 43.18
2019-02-19, 11:46:36, 24.32, 43.21
2019-02-19, 11:46:38, 24.32, 43.18
2019-02-19, 11:46:39, 24.32, 43.18
2019-02-19, 11:46:41, 24.32, 43.18
2019-02-19, 11:46:42, 24.33, 43.18
2019-02-19, 11:46:43, 24.33, 43.18
2019-02-19, 11:46:45, 24.32, 43.18
2019-02-19, 11:46:46, 24.32, 43.21
2019-02-19, 11:46:47, 24.18, 43.2
2019-02-19, 11:46:49, 24.29, 43.24
2019-02-19, 11:46:50, 24.3, 43.28
2019-02-19, 11:46:51, 24.31, 43.28
2019-02-19, 11:46:53, 24.32, 43.25
2019-02-19, 11:46:54, 24.32, 43.21
2019-02-19, 11:46:55, 24.32, 43.21
2019-02-19, 11:46:57, 24.33, 43.22
2019-02-19, 11:46:58, 24.31, 43.21
2019-02-19, 11:47:00, 24.32, 43.21
2019-02-19, 11:47:01, 24.33, 43.22
2019-02-19, 11:47:02, 24.32, 43.21
2019-02-19, 11:47:04, 24.32, 43.21
2019-02-19, 11:47:05, 24.32, 43.21
2019-02-19, 11:47:06, 24.33, 43.18
2019-02-19, 11:47:08, 24.33, 43.18
2019-02-19, 11:47:09, 24.33, 43.22
2019-02-19, 11:47:10, 24.33, 43.22
2019-02-19, 11:47:12, 24.17, 43.2
2019-02-19, 11:47:13, 24.25, 43.27
2019-02-19, 11:47:15, 24.28, 43.27
2019-02-19, 11:47:16, 24.3, 43.28
2019-02-19, 11:47:17, 24.31, 43.25
2019-02-19, 11:47:19, 24.31, 43.25
2019-02-19, 11:47:20, 24.31, 43.21
2019-02-19, 11:47:21, 24.31, 43.21
2019-02-19, 11:47:23, 24.32, 43.21
2019-02-19, 11:47:24, 24.32, 43.21
2019-02-19, 11:47:25, 24.32, 43.21
2019-02-19, 11:47:27, 24.32, 43.21
2019-02-19, 11:47:28, 24.33, 43.18
2019-02-19, 11:47:29, 24.33, 43.18
2019-02-19, 11:47:31, 24.32, 43.18
2019-02-19, 11:47:32, 24.32, 43.18
2019-02-19, 11:47:34, 24.33, 43.18
2019-02-19, 11:47:35, 24.33, 43.18
2019-02-19, 11:47:36, 24.34, 43.18
2019-02-19, 11:47:38, 24.32, 43.18
2019-02-19, 11:47:39, 24.3, 43.18
2019-02-19, 11:47:40, 24.32, 43.15
2019-02-19, 11:47:42, 24.33, 43.18
2019-02-19, 11:47:43, 24.33, 43.18
2019-02-19, 11:47:44, 24.32, 43.15
2019-02-19, 11:47:46, 24.32, 43.15
2019-02-19, 11:47:47, 24.32, 43.15
2019-02-19, 11:47:48, 24.32, 43.15
2019-02-19, 11:47:50, 24.33, 43.15
2019-02-19, 11:47:51, 24.33, 43.15
2019-02-19, 11:47:52, 24.33, 43.15
2019-02-19, 11:47:54, 24.32, 43.15
2019-02-19, 11:47:55, 24.33, 43.15
2019-02-19, 11:47:57, 24.33, 43.15
2019-02-19, 11:47:58, 24.33, 43.15
2019-02-19, 11:47:59, 24.32, 43.15
2019-02-19, 11:48:01, 24.34, 43.15
2019-02-19, 11:48:02, 24.34, 43.15
2019-02-19, 11:48:03, 24.33, 43.15
2019-02-19, 11:48:05, 24.34, 43.15
2019-02-19, 11:48:06, 24.32, 43.15
2019-02-19, 11:48:07, 24.34, 43.15
2019-02-19, 11:48:09, 24.33, 43.15
2019-02-19, 11:48:10, 24.33, 43.15
2019-02-19, 11:48:11, 24.33, 43.15
2019-02-19, 11:48:13, 24.33, 43.15
2019-02-19, 11:48:14, 24.33, 43.15
2019-02-19, 11:48:15, 24.34, 43.15
2019-02-19, 11:48:17, 24.33, 43.15
2019-02-19, 11:48:18, 24.33, 43.15
2019-02-19, 11:48:20, 24.33, 43.15
2019-02-19, 11:48:21, 24.33, 43.15
2019-02-19, 11:48:22, 24.34, 43.15
2019-02-19, 11:48:24, 24.33, 43.15
2019-02-19, 11:48:25, 24.33, 43.15
2019-02-19, 11:48:26, 24.32, 43.12
2019-02-19, 11:48:28, 24.32, 43.15
2019-02-19, 11:48:29, 24.33, 43.12
2019-02-19, 11:48:30, 24.32, 43.12
2019-02-19, 11:48:32, 24.32, 43.12
2019-02-19, 11:48:33, 24.32, 43.15
2019-02-19, 11:48:34, 24.32, 43.15
2019-02-19, 11:48:36, 24.33, 43.12
2019-02-19, 11:48:37, 24.33, 43.12
2019-02-19, 11:48:39, 24.34, 43.15
2019-02-19, 11:48:40, 24.34, 43.15
2019-02-19, 11:48:41, 24.34, 43.15
2019-02-19, 11:48:43, 24.34, 43.12
2019-02-19, 11:48:44, 24.33, 43.12
2019-02-19, 11:48:45, 24.34, 43.12
2019-02-19, 11:48:47, 24.34, 43.15
2019-02-19, 11:48:48, 24.33, 43.12
2019-02-19, 11:48:49, 24.34, 43.12
2019-02-19, 11:48:51, 24.34, 43.12
2019-02-19, 11:48:52, 24.33, 43.15
2019-02-19, 11:48:53, 24.34, 43.15
2019-02-19, 11:48:55, 24.33, 43.12
2019-02-19, 11:48:56, 24.35, 43.15
2019-02-19, 11:48:57, 24.34, 43.15
2019-02-19, 11:48:59, 24.35, 43.15
2019-02-19, 11:49:00, 24.34, 43.12
2019-02-19, 11:49:02, 24.34, 43.15
2019-02-19, 11:49:03, 24.34, 43.15
2019-02-19, 11:49:04, 24.36, 43.12
2019-02-19, 11:49:06, 24.34, 43.15
2019-02-19, 11:49:07, 24.35, 43.12
2019-02-19, 11:49:08, 24.34, 43.15
2019-02-19, 11:49:10, 24.29, 43.15
2019-02-19, 11:49:11, 24.33, 43.12
2019-02-19, 11:49:12, 24.32, 43.15
2019-02-19, 11:49:14, 24.33, 43.15
2019-02-19, 11:49:15, 24.33, 43.15
2019-02-19, 11:49:16, 24.32, 43.15
2019-02-19, 11:49:18, 24.32, 43.15
2019-02-19, 11:49:19, 24.32, 43.15
2019-02-19, 11:49:21, 24.32, 43.15
2019-02-19, 11:49:22, 24.31, 43.15
2019-02-19, 11:49:23, 24.32, 43.15
2019-02-19, 11:49:25, 24.32, 43.15
2019-02-19, 11:49:26, 24.32, 43.15
2019-02-19, 11:49:27, 24.32, 43.15
2019-02-19, 11:49:29, 24.31, 43.15
2019-02-19, 11:49:30, 24.32, 43.15
2019-02-19, 11:49:31, 24.31, 43.15
2019-02-19, 11:49:33, 24.31, 43.15
2019-02-19, 11:49:34, 24.32, 43.15
2019-02-19, 11:49:35, 24.33, 43.15
2019-02-19, 11:49:37, 24.31, 43.15
2019-02-19, 11:49:38, 24.32, 43.15
2019-02-19, 11:49:40, 24.31, 43.15
2019-02-19, 11:49:41, 24.31, 43.15
2019-02-19, 11:49:42, 24.32, 43.15
2019-02-19, 11:49:44, 24.31, 43.15
2019-02-19, 11:49:45, 24.31, 43.15
2019-02-19, 11:49:46, 24.3, 43.15
2019-02-19, 11:49:48, 24.32, 43.15
2019-02-19, 11:49:49, 24.3, 43.15
2019-02-19, 11:49:50, 24.31, 43.15
2019-02-19, 11:49:52, 24.31, 43.15
2019-02-19, 11:49:53, 24.3, 43.15
2019-02-19, 11:49:54, 24.31, 43.15
2019-02-19, 11:49:56, 24.31, 43.15
2019-02-19, 11:49:57, 24.32, 43.15
2019-02-19, 11:49:59, 24.31, 43.18
2019-02-19, 11:50:00, 24.31, 43.15
2019-02-19, 11:50:01, 24.31, 43.15
2019-02-19, 11:50:03, 24.31, 43.15
2019-02-19, 11:50:04, 24.32, 43.18
2019-02-19, 11:50:05, 24.32, 43.18
2019-02-19, 11:50:07, 24.3, 43.15
2019-02-19, 11:50:08, 24.31, 43.15
2019-02-19, 11:50:09, 24.21, 43.17
2019-02-19, 11:50:11, 24.28, 43.21
2019-02-19, 11:50:12, 24.29, 43.21
2019-02-19, 11:50:13, 24.29, 43.21
2019-02-19, 11:50:15, 24.3, 43.21
2019-02-19, 11:50:16, 24.3, 43.21
2019-02-19, 11:50:17, 24.3, 43.18
2019-02-19, 11:50:19, 24.29, 43.21
2019-02-19, 11:50:20, 24.31, 43.18
2019-02-19, 11:50:22, 24.31, 43.18
2019-02-19, 11:50:23, 24.31, 43.18
2019-02-19, 11:50:24, 24.31, 43.18
2019-02-19, 11:50:26, 24.31, 43.18
2019-02-19, 11:50:27, 24.3, 43.18
2019-02-19, 11:50:28, 24.3, 43.15
2019-02-19, 11:50:30, 24.3, 43.15
2019-02-19, 11:50:31, 24.32, 43.18
2019-02-19, 11:50:32, 24.31, 43.18
2019-02-19, 11:50:34, 24.32, 43.18
2019-02-19, 11:50:35, 24.31, 43.18
2019-02-19, 11:50:37, 24.31, 43.18
2019-02-19, 11:50:38, 24.31, 43.18
2019-02-19, 11:50:39, 24.17, 43.2
2019-02-19, 11:50:41, 24.26, 43.24
2019-02-19, 11:50:42, 24.28, 43.21
2019-02-19, 11:50:43, 24.28, 43.21
2019-02-19, 11:50:45, 24.3, 43.21
2019-02-19, 11:50:46, 24.29, 43.21
2019-02-19, 11:50:47, 24.31, 43.21
2019-02-19, 11:50:49, 24.31, 43.21
2019-02-19, 11:50:50, 24.3, 43.21
2019-02-19, 11:50:51, 24.31, 43.18
2019-02-19, 11:50:53, 24.3, 43.18
2019-02-19, 11:50:54, 24.3, 43.18
2019-02-19, 11:50:56, 24.31, 43.18
2019-02-19, 11:50:57, 24.3, 43.18
2019-02-19, 11:50:58, 24.31, 43.15
2019-02-19, 11:51:00, 24.32, 43.15
2019-02-19, 11:51:01, 24.32, 43.15
2019-02-19, 11:51:02, 24.31, 43.15
2019-02-19, 11:51:04, 24.31, 43.15
2019-02-19, 11:51:05, 24.31, 43.15
2019-02-19, 11:51:06, 24.3, 43.15
2019-02-19, 11:51:08, 24.31, 43.15
2019-02-19, 11:51:09, 24.14, 43.16
2019-02-19, 11:51:10, 24.26, 43.21
2019-02-19, 11:51:12, 24.27, 43.21
2019-02-19, 11:51:13, 24.27, 43.21
2019-02-19, 11:51:14, 24.29, 43.21
2019-02-19, 11:51:16, 24.29, 43.21
2019-02-19, 11:51:17, 24.28, 43.21
2019-02-19, 11:51:19, 24.29, 43.21
2019-02-19, 11:51:20, 24.3, 43.21
2019-02-19, 11:51:21, 24.3, 43.21
2019-02-19, 11:51:23, 24.29, 43.21
2019-02-19, 11:51:24, 24.29, 43.21
2019-02-19, 11:51:25, 24.3, 43.21
2019-02-19, 11:51:27, 24.3, 43.18
2019-02-19, 11:51:28, 24.3, 43.18
2019-02-19, 11:51:29, 24.3, 43.18
2019-02-19, 11:51:31, 24.28, 43.18
2019-02-19, 11:51:32, 24.3, 43.21
2019-02-19, 11:51:33, 24.3, 43.21
2019-02-19, 11:51:35, 24.29, 43.21
2019-02-19, 11:51:36, 24.28, 43.21
2019-02-19, 11:51:38, 24.3, 43.21
2019-02-19, 11:51:39, 24.29, 43.21
2019-02-19, 11:51:40, 24.3, 43.18
2019-02-19, 11:51:42, 24.29, 43.18
2019-02-19, 11:51:43, 24.3, 43.18
2019-02-19, 11:51:44, 24.28, 43.18
2019-02-19, 11:51:46, 24.3, 43.18
2019-02-19, 11:51:47, 24.29, 43.21
2019-02-19, 11:51:48, 24.29, 43.21
2019-02-19, 11:51:50, 24.29, 43.21
2019-02-19, 11:51:51, 24.29, 43.21
2019-02-19, 11:51:52, 24.27, 43.21
2019-02-19, 11:51:54, 24.29, 43.21
2019-02-19, 11:51:55, 24.29, 43.21
2019-02-19, 11:51:56, 24.29, 43.18
2019-02-19, 11:51:58, 24.28, 43.21
2019-02-19, 11:51:59, 24.28, 43.21
2019-02-19, 11:52:01, 24.29, 43.21
2019-02-19, 11:52:02, 24.28, 43.21
2019-02-19, 11:52:03, 24.29, 43.18
2019-02-19, 11:52:05, 24.28, 43.21
2019-02-19, 11:52:06, 24.28, 43.21
2019-02-19, 11:52:07, 24.3, 43.18
2019-02-19, 11:52:09, 24.29, 43.21
2019-02-19, 11:52:10, 24.28, 43.18
2019-02-19, 11:52:11, 24.28, 43.14
2019-02-19, 11:52:13, 24.29, 43.21
2019-02-19, 11:52:14, 24.3, 43.21
2019-02-19, 11:52:16, 24.28, 43.21
2019-02-19, 11:52:17, 24.28, 43.21
2019-02-19, 11:52:18, 24.28, 43.18
2019-02-19, 11:52:20, 24.29, 43.21
2019-02-19, 11:52:21, 24.29, 43.18
2019-02-19, 11:52:22, 24.29, 43.18
2019-02-19, 11:52:24, 24.28, 43.18
2019-02-19, 11:52:25, 24.28, 43.18
2019-02-19, 11:52:26, 24.28, 43.21
2019-02-19, 11:52:28, 24.28, 43.18
2019-02-19, 11:52:29, 24.28, 43.21
2019-02-19, 11:52:30, 24.28, 43.18
2019-02-19, 11:52:32, 24.28, 43.18
2019-02-19, 11:52:33, 24.29, 43.21
2019-02-19, 11:52:35, 24.27, 43.18
2019-02-19, 11:52:36, 24.28, 43.21
2019-02-19, 11:52:37, 24.26, 43.21
2019-02-19, 11:52:39, 24.28, 43.21
2019-02-19, 11:52:40, 24.27, 43.21
2019-02-19, 11:52:41, 24.28, 43.21
2019-02-19, 11:52:43, 24.2, 43.2
2019-02-19, 11:52:44, 24.26, 43.24
2019-02-19, 11:52:45, 24.27, 43.24
2019-02-19, 11:52:47, 24.27, 43.24
2019-02-19, 11:52:48, 24.26, 43.24
2019-02-19, 11:52:49, 24.28, 43.21
2019-02-19, 11:52:51, 24.26, 43.24
2019-02-19, 11:52:52, 24.26, 43.21
2019-02-19, 11:52:54, 24.27, 43.21
2019-02-19, 11:52:55, 24.27, 43.21
2019-02-19, 11:52:56, 24.26, 43.21
2019-02-19, 11:52:58, 24.26, 43.21
2019-02-19, 11:52:59, 24.26, 43.21
2019-02-19, 11:53:00, 24.27, 43.21
2019-02-19, 11:53:02, 24.25, 43.21
2019-02-19, 11:53:03, 24.24, 43.2
2019-02-19, 11:53:04, 24.25, 43.21
2019-02-19, 11:53:06, 24.25, 43.21
2019-02-19, 11:53:07, 24.19, 43.23
2019-02-19, 11:53:08, 24.25, 43.27
2019-02-19, 11:53:10, 24.26, 43.27
2019-02-19, 11:53:11, 24.26, 43.27
2019-02-19, 11:53:12, 24.28, 43.27
2019-02-19, 11:53:14, 24.26, 43.27
2019-02-19, 11:53:15, 24.24, 43.27
2019-02-19, 11:53:17, 24.27, 43.27
2019-02-19, 11:53:18, 24.24, 43.27
2019-02-19, 11:53:19, 24.25, 43.27
2019-02-19, 11:53:21, 24.25, 43.27
2019-02-19, 11:53:22, 24.26, 43.27
2019-02-19, 11:53:23, 24.25, 43.27
2019-02-19, 11:53:25, 24.24, 43.27
2019-02-19, 11:53:26, 24.24, 43.24
2019-02-19, 11:53:27, 24.26, 43.27
2019-02-19, 11:53:29, 24.26, 43.27
2019-02-19, 11:53:30, 24.26, 43.24
2019-02-19, 11:53:31, 24.27, 43.27
2019-02-19, 11:53:33, 24.26, 43.27
2019-02-19, 11:53:34, 24.26, 43.24
2019-02-19, 11:53:36, 24.26, 43.24
2019-02-19, 11:53:37, 24.26, 43.24
2019-02-19, 11:53:38, 24.26, 43.27
2019-02-19, 11:53:40, 24.27, 43.24
2019-02-19, 11:53:41, 24.27, 43.24
2019-02-19, 11:53:42, 24.26, 43.24
2019-02-19, 11:53:44, 24.26, 43.27
2019-02-19, 11:53:45, 24.27, 43.24
2019-02-19, 11:53:46, 24.27, 43.21
2019-02-19, 11:53:48, 24.26, 43.21
2019-02-19, 11:53:49, 24.27, 43.21
2019-02-19, 11:53:50, 24.27, 43.21
2019-02-19, 11:53:52, 24.26, 43.21
2019-02-19, 11:53:53, 24.27, 43.21
2019-02-19, 11:53:54, 24.25, 43.21
2019-02-19, 11:53:56, 24.27, 43.21
2019-02-19, 11:53:57, 24.27, 43.21
2019-02-19, 11:53:59, 24.26, 43.21
2019-02-19, 11:54:00, 24.26, 43.21
2019-02-19, 11:54:01, 24.27, 43.21
2019-02-19, 11:54:03, 24.27, 43.21
2019-02-19, 11:54:04, 24.26, 43.21
2019-02-19, 11:54:05, 24.26, 43.21
2019-02-19, 11:54:07, 24.16, 43.2
2019-02-19, 11:54:08, 24.24, 43.24
2019-02-19, 11:54:09, 24.23, 43.27
2019-02-19, 11:54:11, 24.26, 43.27
2019-02-19, 11:54:12, 24.26, 43.27
2019-02-19, 11:54:13, 24.27, 43.27
2019-02-19, 11:54:15, 24.26, 43.27
2019-02-19, 11:54:16, 24.26, 43.24
2019-02-19, 11:54:18, 24.27, 43.24
2019-02-19, 11:54:19, 24.27, 43.27
2019-02-19, 11:54:20, 24.26, 43.27
2019-02-19, 11:54:22, 24.26, 43.24
2019-02-19, 11:54:23, 24.26, 43.24
2019-02-19, 11:54:24, 24.26, 43.24
2019-02-19, 11:54:26, 24.26, 43.27
2019-02-19, 11:54:27, 24.25, 43.24
2019-02-19, 11:54:28, 24.24, 43.24
2019-02-19, 11:54:30, 24.24, 43.24
2019-02-19, 11:54:31, 24.26, 43.24
2019-02-19, 11:54:32, 24.28, 43.24
2019-02-19, 11:54:34, 24.27, 43.27
2019-02-19, 11:54:35, 24.27, 43.24
2019-02-19, 11:54:36, 24.14, 43.26
2019-02-19, 11:54:38, 24.22, 43.3
2019-02-19, 11:54:39, 24.24, 43.3
2019-02-19, 11:54:41, 24.24, 43.3
2019-02-19, 11:54:42, 24.26, 43.3
2019-02-19, 11:54:43, 24.26, 43.27
2019-02-19, 11:54:45, 24.26, 43.27
2019-02-19, 11:54:46, 24.26, 43.27
2019-02-19, 11:54:47, 24.26, 43.27
2019-02-19, 11:54:49, 24.27, 43.27
2019-02-19, 11:54:50, 24.26, 43.24
2019-02-19, 11:54:51, 24.26, 43.24
2019-02-19, 11:54:53, 24.26, 43.24
2019-02-19, 11:54:54, 24.26, 43.24
2019-02-19, 11:54:55, 24.26, 43.24
2019-02-19, 11:54:57, 24.28, 43.24
2019-02-19, 11:54:58, 24.26, 43.24
2019-02-19, 11:54:59, 24.27, 43.24
2019-02-19, 11:55:01, 24.28, 43.24
2019-02-19, 11:55:02, 24.28, 43.24
2019-02-19, 11:55:04, 24.28, 43.24
2019-02-19, 11:55:05, 24.28, 43.21
2019-02-19, 11:55:06, 24.14, 43.23
2019-02-19, 11:55:08, 24.23, 43.27
2019-02-19, 11:55:09, 24.25, 43.27
2019-02-19, 11:55:10, 24.26, 43.27
2019-02-19, 11:55:12, 24.25, 43.27
2019-02-19, 11:55:13, 24.27, 43.27
2019-02-19, 11:55:14, 24.27, 43.27
2019-02-19, 11:55:16, 24.26, 43.24
2019-02-19, 11:55:17, 24.27, 43.24
2019-02-19, 11:55:18, 24.26, 43.24
2019-02-19, 11:55:20, 24.27, 43.24
2019-02-19, 11:55:21, 24.27, 43.27
2019-02-19, 11:55:22, 24.28, 43.24
2019-02-19, 11:55:24, 24.28, 43.24
2019-02-19, 11:55:25, 24.27, 43.21
2019-02-19, 11:55:27, 24.26, 43.21
2019-02-19, 11:55:28, 24.27, 43.24
2019-02-19, 11:55:29, 24.28, 43.21
2019-02-19, 11:55:31, 24.28, 43.24
2019-02-19, 11:55:32, 24.27, 43.21
2019-02-19, 11:55:33, 24.27, 43.24
2019-02-19, 11:55:35, 24.28, 43.24
2019-02-19, 11:55:36, 24.28, 43.21
2019-02-19, 11:55:37, 24.28, 43.21
2019-02-19, 11:55:39, 24.28, 43.21
2019-02-19, 11:55:40, 24.28, 43.21
2019-02-19, 11:55:41, 24.27, 43.21
2019-02-19, 11:55:43, 24.27, 43.21
2019-02-19, 11:55:44, 24.28, 43.21
2019-02-19, 11:55:45, 24.28, 43.21
2019-02-19, 11:55:47, 24.29, 43.24
2019-02-19, 11:55:48, 24.28, 43.21
2019-02-19, 11:55:50, 24.28, 43.24
2019-02-19, 11:55:51, 24.29, 43.21
2019-02-19, 11:55:52, 24.29, 43.21
2019-02-19, 11:55:54, 24.3, 43.21
2019-02-19, 11:55:55, 24.28, 43.21
2019-02-19, 11:55:56, 24.29, 43.21
2019-02-19, 11:55:58, 24.29, 43.21
2019-02-19, 11:55:59, 24.3, 43.21
2019-02-19, 11:56:00, 24.29, 43.21
2019-02-19, 11:56:02, 24.29, 43.21
2019-02-19, 11:56:03, 24.29, 43.21
2019-02-19, 11:56:04, 24.29, 43.21
2019-02-19, 11:56:06, 24.29, 43.21
2019-02-19, 11:56:07, 24.29, 43.21
2019-02-19, 11:56:09, 24.29, 43.21
2019-02-19, 11:56:10, 24.3, 43.21
2019-02-19, 11:56:11, 24.3, 43.21
2019-02-19, 11:56:13, 24.29, 43.21
2019-02-19, 11:56:14, 24.28, 43.21
2019-02-19, 11:56:15, 24.28, 43.21
2019-02-19, 11:56:17, 24.29, 43.21
2019-02-19, 11:56:18, 24.28, 43.21
2019-02-19, 11:56:19, 24.3, 43.21
2019-02-19, 11:56:21, 24.28, 43.21
2019-02-19, 11:56:22, 24.29, 43.21
2019-02-19, 11:56:23, 24.29, 43.21
2019-02-19, 11:56:25, 24.28, 43.21
2019-02-19, 11:56:26, 24.28, 43.21
2019-02-19, 11:56:27, 24.3, 43.24
2019-02-19, 11:56:29, 24.3, 43.24
2019-02-19, 11:56:30, 24.28, 43.21
2019-02-19, 11:56:32, 24.28, 43.24
2019-02-19, 11:56:33, 24.3, 43.24
2019-02-19, 11:56:34, 24.28, 43.21
2019-02-19, 11:56:36, 24.28, 43.27
2019-02-19, 11:56:37, 24.27, 43.21
2019-02-19, 11:56:38, 24.28, 43.21
2019-02-19, 11:56:40, 24.29, 43.24
2019-02-19, 11:56:41, 24.27, 43.24
2019-02-19, 11:56:42, 24.26, 43.24
2019-02-19, 11:56:44, 24.28, 43.24
2019-02-19, 11:56:45, 24.28, 43.24
2019-02-19, 11:56:46, 24.28, 43.21
2019-02-19, 11:56:48, 24.29, 43.21
2019-02-19, 11:56:49, 24.3, 43.24
2019-02-19, 11:56:50, 24.3, 43.24
2019-02-19, 11:56:52, 24.29, 43.21
2019-02-19, 11:56:53, 24.29, 43.21
2019-02-19, 11:56:55, 24.3, 43.21
2019-02-19, 11:56:56, 24.28, 43.21
2019-02-19, 11:56:57, 24.3, 43.21
2019-02-19, 11:56:59, 24.29, 43.21
2019-02-19, 11:57:00, 24.28, 43.24
2019-02-19, 11:57:01, 24.29, 43.21
2019-02-19, 11:57:03, 24.3, 43.21
2019-02-19, 11:57:04, 24.3, 43.21
2019-02-19, 11:57:05, 24.29, 43.21
2019-02-19, 11:57:07, 24.28, 43.21
2019-02-19, 11:57:08, 24.29, 43.24
2019-02-19, 11:57:09, 24.29, 43.24
2019-02-19, 11:57:11, 24.3, 43.21
2019-02-19, 11:57:12, 24.3, 43.21
2019-02-19, 11:57:13, 24.3, 43.21
2019-02-19, 11:57:15, 24.29, 43.21
2019-02-19, 11:57:16, 24.29, 43.21
2019-02-19, 11:57:18, 24.3, 43.21
2019-02-19, 11:57:19, 24.3, 43.21
2019-02-19, 11:57:20, 24.3, 43.21
2019-02-19, 11:57:22, 24.3, 43.21
2019-02-19, 11:57:23, 24.3, 43.21
2019-02-19, 11:57:24, 24.3, 43.21
2019-02-19, 11:57:26, 24.28, 43.21
2019-02-19, 11:57:27, 24.28, 43.21
2019-02-19, 11:57:28, 24.29, 43.21
2019-02-19, 11:57:30, 24.28, 43.21
2019-02-19, 11:57:31, 24.29, 43.21
2019-02-19, 11:57:32, 24.29, 43.21
2019-02-19, 11:57:34, 24.3, 43.21
2019-02-19, 11:57:35, 24.29, 43.21
2019-02-19, 11:57:36, 24.28, 43.21
2019-02-19, 11:57:38, 24.29, 43.21
2019-02-19, 11:57:39, 24.28, 43.21
2019-02-19, 11:57:41, 24.29, 43.21
2019-02-19, 11:57:42, 24.28, 43.21
2019-02-19, 11:57:43, 24.27, 43.21
2019-02-19, 11:57:45, 24.28, 43.21
2019-02-19, 11:57:46, 24.28, 43.21
2019-02-19, 11:57:47, 24.28, 43.21
2019-02-19, 11:57:49, 24.29, 43.21
2019-02-19, 11:57:50, 24.28, 43.21
2019-02-19, 11:57:51, 24.3, 43.21
2019-02-19, 11:57:53, 24.29, 43.21
2019-02-19, 11:57:54, 24.28, 43.24
2019-02-19, 11:57:55, 24.28, 43.21
2019-02-19, 11:57:57, 24.28, 43.21
2019-02-19, 11:57:58, 24.28, 43.21
2019-02-19, 11:57:59, 24.28, 43.21
2019-02-19, 11:58:01, 24.29, 43.21
2019-02-19, 11:58:02, 24.28, 43.21
2019-02-19, 11:58:04, 24.28, 43.21
2019-02-19, 11:58:05, 24.28, 43.21
2019-02-19, 11:58:06, 24.28, 43.21
2019-02-19, 11:58:08, 24.26, 43.21
2019-02-19, 11:58:09, 24.26, 43.21
2019-02-19, 11:58:10, 24.27, 43.21
2019-02-19, 11:58:12, 24.28, 43.21
2019-02-19, 11:58:13, 24.29, 43.21
2019-02-19, 11:58:14, 24.28, 43.21
2019-02-19, 11:58:16, 24.28, 43.21
2019-02-19, 11:58:17, 24.29, 43.21
2019-02-19, 11:58:18, 24.29, 43.21
2019-02-19, 11:58:20, 24.27, 43.18
2019-02-19, 11:58:21, 24.28, 43.21
2019-02-19, 11:58:22, 24.27, 43.21
2019-02-19, 11:58:24, 24.27, 43.21
2019-02-19, 11:58:25, 24.29, 43.21
2019-02-19, 11:58:27, 24.28, 43.21
2019-02-19, 11:58:28, 24.29, 43.18
2019-02-19, 11:58:29, 24.29, 43.21
2019-02-19, 11:58:31, 24.29, 43.18
2019-02-19, 11:58:32, 24.28, 43.18
2019-02-19, 11:58:33, 24.26, 43.21
2019-02-19, 11:58:35, 24.29, 43.21
2019-02-19, 11:58:36, 24.3, 43.21
2019-02-19, 11:58:37, 24.29, 43.18
2019-02-19, 11:58:39, 24.29, 43.21
2019-02-19, 11:58:40, 24.29, 43.18
2019-02-19, 11:58:41, 24.29, 43.18
2019-02-19, 11:58:43, 24.3, 43.18
2019-02-19, 11:58:44, 24.29, 43.18
2019-02-19, 11:58:46, 24.28, 43.18
2019-02-19, 11:58:47, 24.29, 43.18
2019-02-19, 11:58:48, 24.28, 43.18
2019-02-19, 11:58:50, 24.3, 43.18
2019-02-19, 11:58:51, 24.3, 43.18
2019-02-19, 11:58:52, 24.29, 43.21
2019-02-19, 11:58:54, 24.29, 43.18
2019-02-19, 11:58:55, 24.29, 43.18
2019-02-19, 11:58:56, 24.29, 43.18
2019-02-19, 11:58:58, 24.3, 43.18
2019-02-19, 11:58:59, 24.29, 43.18
2019-02-19, 11:59:00, 24.28, 43.14
2019-02-19, 11:59:02, 24.29, 43.18
2019-02-19, 11:59:03, 24.22, 43.17
2019-02-19, 11:59:04, 24.27, 43.21
2019-02-19, 11:59:06, 24.27, 43.21
2019-02-19, 11:59:07, 24.29, 43.21
2019-02-19, 11:59:09, 24.28, 43.21
2019-02-19, 11:59:10, 24.28, 43.21
2019-02-19, 11:59:11, 24.27, 43.21
2019-02-19, 11:59:13, 24.29, 43.21
2019-02-19, 11:59:14, 24.29, 43.21
2019-02-19, 11:59:15, 24.29, 43.21
2019-02-19, 11:59:17, 24.29, 43.21
2019-02-19, 11:59:18, 24.28, 43.21
2019-02-19, 11:59:19, 24.27, 43.21
2019-02-19, 11:59:21, 24.28, 43.21
2019-02-19, 11:59:22, 24.29, 43.21
2019-02-19, 11:59:23, 24.28, 43.21
2019-02-19, 11:59:25, 24.28, 43.21
2019-02-19, 11:59:26, 24.27, 43.21
2019-02-19, 11:59:27, 24.28, 43.21
2019-02-19, 11:59:29, 24.29, 43.18
2019-02-19, 11:59:30, 24.28, 43.18
2019-02-19, 11:59:32, 24.28, 43.21
2019-02-19, 11:59:33, 24.2, 43.2
2019-02-19, 11:59:34, 24.26, 43.21
2019-02-19, 11:59:36, 24.28, 43.24
2019-02-19, 11:59:37, 24.28, 43.24
2019-02-19, 11:59:38, 24.28, 43.21
2019-02-19, 11:59:40, 24.29, 43.21
2019-02-19, 11:59:41, 24.28, 43.21
2019-02-19, 11:59:42, 24.28, 43.21
2019-02-19, 11:59:44, 24.26, 43.21
2019-02-19, 11:59:45, 24.27, 43.21
2019-02-19, 11:59:46, 24.28, 43.21
2019-02-19, 11:59:48, 24.28, 43.21
2019-02-19, 11:59:49, 24.28, 43.18
2019-02-19, 11:59:51, 24.29, 43.21
2019-02-19, 11:59:52, 24.3, 43.21
2019-02-19, 11:59:53, 24.29, 43.21
2019-02-19, 11:59:55, 24.28, 43.21
2019-02-19, 11:59:56, 24.29, 43.21
2019-02-19, 11:59:57, 24.28, 43.21
2019-02-19, 11:59:59, 24.28, 43.21
2019-02-19, 12:00:00, 24.27, 43.18
2019-02-19, 12:00:01, 24.27, 43.21
2019-02-19, 12:00:03, 24.17, 43.2
2019-02-19, 12:00:04, 24.23, 43.24
2019-02-19, 12:00:05, 24.27, 43.24
2019-02-19, 12:00:07, 24.26, 43.24
2019-02-19, 12:00:08, 24.26, 43.24
2019-02-19, 12:00:10, 24.27, 43.21
2019-02-19, 12:00:11, 24.27, 43.21
2019-02-19, 12:00:12, 24.28, 43.21
2019-02-19, 12:00:14, 24.28, 43.21
2019-02-19, 12:00:15, 24.27, 43.21
2019-02-19, 12:00:16, 24.27, 43.21
2019-02-19, 12:00:18, 24.28, 43.21
2019-02-19, 12:00:19, 24.28, 43.21
2019-02-19, 12:00:20, 24.28, 43.21
2019-02-19, 12:00:22, 24.26, 43.21
2019-02-19, 12:00:23, 24.27, 43.21
2019-02-19, 12:00:24, 24.29, 43.21
2019-02-19, 12:00:26, 24.28, 43.21
2019-02-19, 12:00:27, 24.28, 43.21
2019-02-19, 12:00:29, 24.28, 43.21
2019-02-19, 12:00:30, 24.28, 43.21
2019-02-19, 12:00:31, 24.28, 43.21
2019-02-19, 12:00:33, 24.29, 43.21
2019-02-19, 12:00:34, 24.27, 43.18
2019-02-19, 12:00:35, 24.28, 43.18
2019-02-19, 12:00:37, 24.28, 43.21
2019-02-19, 12:00:38, 24.28, 43.18
2019-02-19, 12:00:39, 24.28, 43.21
2019-02-19, 12:00:41, 24.28, 43.21
2019-02-19, 12:00:42, 24.28, 43.18
2019-02-19, 12:00:43, 24.28, 43.21
2019-02-19, 12:00:45, 24.29, 43.18
2019-02-19, 12:00:46, 24.28, 43.21
2019-02-19, 12:00:47, 24.28, 43.21
2019-02-19, 12:00:49, 24.28, 43.21
2019-02-19, 12:00:50, 24.28, 43.18
2019-02-19, 12:00:52, 24.28, 43.21
2019-02-19, 12:00:53, 24.28, 43.21
2019-02-19, 12:00:54, 24.28, 43.21
2019-02-19, 12:00:56, 24.27, 43.21
2019-02-19, 12:00:57, 24.28, 43.21
2019-02-19, 12:00:58, 24.28, 43.21
2019-02-19, 12:01:00, 24.27, 43.21
2019-02-19, 12:01:01, 24.28, 43.21
2019-02-19, 12:01:02, 24.27, 43.21
2019-02-19, 12:01:04, 24.26, 43.21
2019-02-19, 12:01:05, 24.26, 43.21
2019-02-19, 12:01:06, 24.26, 43.21
2019-02-19, 12:01:08, 24.28, 43.21
2019-02-19, 12:01:09, 24.29, 43.21
2019-02-19, 12:01:11, 24.27, 43.21
2019-02-19, 12:01:12, 24.28, 43.18
2019-02-19, 12:01:13, 24.29, 43.18
2019-02-19, 12:01:15, 24.28, 43.21
2019-02-19, 12:01:16, 24.28, 43.18
2019-02-19, 12:01:17, 24.27, 43.21
2019-02-19, 12:01:19, 24.28, 43.18
2019-02-19, 12:01:20, 24.28, 43.18
2019-02-19, 12:01:21, 24.29, 43.21
2019-02-19, 12:01:23, 24.29, 43.15
2019-02-19, 12:01:24, 24.28, 43.21
2019-02-19, 12:01:25, 24.29, 43.18
2019-02-19, 12:01:27, 24.28, 43.18
2019-02-19, 12:01:28, 24.28, 43.21
2019-02-19, 12:01:29, 24.28, 43.14
2019-02-19, 12:01:31, 24.29, 43.15
2019-02-19, 12:01:32, 24.12, 43.19
2019-02-19, 12:01:34, 24.24, 43.27
2019-02-19, 12:01:35, 24.27, 43.27
2019-02-19, 12:01:36, 24.28, 43.24
2019-02-19, 12:01:38, 24.26, 43.24
2019-02-19, 12:01:39, 24.28, 43.24
2019-02-19, 12:01:40, 24.28, 43.21
2019-02-19, 12:01:42, 24.28, 43.21
2019-02-19, 12:01:43, 24.28, 43.21
2019-02-19, 12:01:44, 24.3, 43.21
2019-02-19, 12:01:46, 24.28, 43.18
2019-02-19, 12:01:47, 24.3, 43.18
2019-02-19, 12:01:48, 24.29, 43.18
2019-02-19, 12:01:50, 24.3, 43.18
2019-02-19, 12:01:51, 24.3, 43.18
2019-02-19, 12:01:53, 24.31, 43.18
2019-02-19, 12:01:54, 24.3, 43.18
2019-02-19, 12:01:55, 24.3, 43.18
2019-02-19, 12:01:57, 24.3, 43.15
2019-02-19, 12:01:58, 24.3, 43.15
2019-02-19, 12:01:59, 24.3, 43.15
2019-02-19, 12:02:01, 24.31, 43.15
2019-02-19, 12:02:02, 24.31, 43.15
2019-02-19, 12:02:03, 24.3, 43.15
2019-02-19, 12:02:05, 24.3, 43.15
2019-02-19, 12:02:06, 24.3, 43.15
2019-02-19, 12:02:07, 24.3, 43.15
2019-02-19, 12:02:09, 24.3, 43.15
2019-02-19, 12:02:10, 24.3, 43.15
2019-02-19, 12:02:11, 24.3, 43.15
2019-02-19, 12:02:13, 24.3, 43.15
2019-02-19, 12:02:14, 24.3, 43.15
2019-02-19, 12:02:16, 24.3, 43.15
2019-02-19, 12:02:17, 24.3, 43.15
2019-02-19, 12:02:18, 24.3, 43.15
2019-02-19, 12:02:20, 24.3, 43.15
2019-02-19, 12:02:21, 24.3, 43.15
2019-02-19, 12:02:22, 24.3, 43.15
2019-02-19, 12:02:24, 24.3, 43.11
2019-02-19, 12:02:25, 24.32, 43.12
2019-02-19, 12:02:26, 24.31, 43.12
2019-02-19, 12:02:28, 24.3, 43.11
2019-02-19, 12:02:29, 24.3, 43.08
2019-02-19, 12:02:30, 24.31, 43.12
2019-02-19, 12:02:32, 24.32, 43.12
2019-02-19, 12:02:33, 24.3, 43.11
2019-02-19, 12:02:35, 24.32, 43.12
2019-02-19, 12:02:36, 24.31, 43.08
2019-02-19, 12:02:37, 24.31, 43.12
2019-02-19, 12:02:39, 24.31, 43.12
2019-02-19, 12:02:40, 24.32, 43.08
2019-02-19, 12:02:41, 24.3, 43.08
2019-02-19, 12:02:43, 24.32, 43.08
2019-02-19, 12:02:44, 24.33, 43.12
2019-02-19, 12:02:45, 24.32, 43.08
2019-02-19, 12:02:47, 24.3, 43.08
2019-02-19, 12:02:48, 24.31, 43.08
2019-02-19, 12:02:49, 24.32, 43.12
2019-02-19, 12:02:51, 24.32, 43.08
2019-02-19, 12:02:52, 24.32, 43.08
2019-02-19, 12:02:53, 24.32, 43.08
2019-02-19, 12:02:55, 24.32, 43.08
2019-02-19, 12:02:56, 24.33, 43.09
2019-02-19, 12:02:58, 24.32, 43.08
2019-02-19, 12:02:59, 24.31, 43.08
2019-02-19, 12:03:00, 24.32, 43.08
2019-02-19, 12:03:02, 24.3, 43.08
2019-02-19, 12:03:03, 24.32, 43.08
2019-02-19, 12:03:04, 24.33, 43.09
2019-02-19, 12:03:06, 24.34, 43.09
2019-02-19, 12:03:07, 24.34, 43.09
2019-02-19, 12:03:08, 24.32, 43.08
2019-02-19, 12:03:10, 24.34, 43.09
2019-02-19, 12:03:11, 24.32, 43.08
2019-02-19, 12:03:12, 24.33, 43.09
2019-02-19, 12:03:14, 24.33, 43.09
2019-02-19, 12:03:15, 24.33, 43.09
2019-02-19, 12:03:17, 24.32, 43.08
2019-02-19, 12:03:18, 24.34, 43.09
2019-02-19, 12:03:19, 24.34, 43.05
2019-02-19, 12:03:21, 24.33, 43.09
2019-02-19, 12:03:22, 24.33, 43.09
2019-02-19, 12:03:23, 24.33, 43.09
2019-02-19, 12:03:25, 24.33, 43.09
2019-02-19, 12:03:26, 24.33, 43.09
2019-02-19, 12:03:27, 24.33, 43.09
2019-02-19, 12:03:29, 24.33, 43.05
2019-02-19, 12:03:30, 24.32, 43.08
2019-02-19, 12:03:31, 24.34, 43.05
2019-02-19, 12:03:33, 24.34, 43.09
2019-02-19, 12:03:34, 24.34, 43.09
2019-02-19, 12:03:36, 24.33, 43.09
2019-02-19, 12:03:37, 24.33, 43.09
2019-02-19, 12:03:38, 24.34, 43.09
2019-02-19, 12:03:40, 24.33, 43.09
2019-02-19, 12:03:41, 24.34, 43.09
2019-02-19, 12:03:42, 24.34, 43.05
2019-02-19, 12:03:44, 24.34, 43.09
2019-02-19, 12:03:45, 24.34, 43.05
2019-02-19, 12:03:46, 24.34, 43.09
2019-02-19, 12:03:48, 24.34, 43.09
2019-02-19, 12:03:49, 24.34, 43.05
2019-02-19, 12:03:50, 24.35, 43.06
2019-02-19, 12:03:52, 24.35, 43.09
2019-02-19, 12:03:53, 24.35, 43.06
2019-02-19, 12:03:54, 24.35, 43.06
2019-02-19, 12:03:56, 24.34, 43.05
2019-02-19, 12:03:57, 24.35, 43.06
2019-02-19, 12:03:59, 24.35, 43.02
2019-02-19, 12:04:00, 24.36, 43.06
2019-02-19, 12:04:01, 24.35, 43.06
2019-02-19, 12:04:03, 24.35, 43.02
2019-02-19, 12:04:04, 24.36, 43.06
2019-02-19, 12:04:05, 24.36, 43.06
2019-02-19, 12:04:07, 24.36, 43.02
2019-02-19, 12:04:08, 24.37, 43.02
2019-02-19, 12:04:09, 24.36, 43.02
2019-02-19, 12:04:11, 24.36, 43.02
2019-02-19, 12:04:12, 24.37, 43.02
2019-02-19, 12:04:13, 24.36, 43.02
2019-02-19, 12:04:15, 24.37, 43.02
2019-02-19, 12:04:16, 24.36, 43.02
2019-02-19, 12:04:18, 24.37, 43.02
2019-02-19, 12:04:19, 24.38, 43.03
2019-02-19, 12:04:20, 24.37, 43.02
2019-02-19, 12:04:22, 24.39, 43.03
2019-02-19, 12:04:23, 24.38, 43.03
2019-02-19, 12:04:24, 24.39, 43.03
2019-02-19, 12:04:26, 24.37, 43.02
2019-02-19, 12:04:27, 24.38, 43.03
2019-02-19, 12:04:28, 24.36, 43.02
2019-02-19, 12:04:30, 24.37, 43.02
2019-02-19, 12:04:31, 24.37, 43.02
2019-02-19, 12:04:32, 24.38, 43.03
2019-02-19, 12:04:34, 24.36, 43.02
2019-02-19, 12:04:35, 24.37, 43.02
2019-02-19, 12:04:36, 24.38, 43.03
2019-02-19, 12:04:38, 24.38, 43.03
2019-02-19, 12:04:39, 24.38, 43.03
2019-02-19, 12:04:41, 24.37, 43.02
2019-02-19, 12:04:42, 24.38, 43.03
2019-02-19, 12:04:43, 24.37, 43.02
2019-02-19, 12:04:45, 24.37, 43.02
2019-02-19, 12:04:46, 24.37, 43.02
2019-02-19, 12:04:47, 24.37, 43.02
2019-02-19, 12:04:49, 24.38, 43.03
2019-02-19, 12:04:50, 24.37, 43.02
2019-02-19, 12:04:51, 24.38, 43.03
2019-02-19, 12:04:53, 24.39, 43.03
2019-02-19, 12:04:54, 24.38, 43.03
2019-02-19, 12:04:55, 24.38, 43.03
2019-02-19, 12:04:57, 24.38, 43.03
2019-02-19, 12:04:58, 24.38, 43.03
2019-02-19, 12:04:59, 24.26, 43.04
2019-02-19, 12:05:01, 24.35, 43.09
2019-02-19, 12:05:02, 24.36, 43.09
2019-02-19, 12:05:04, 24.36, 43.09
2019-02-19, 12:05:05, 24.37, 43.06
2019-02-19, 12:05:06, 24.37, 43.06
2019-02-19, 12:05:08, 24.37, 43.06
2019-02-19, 12:05:09, 24.36, 43.06
2019-02-19, 12:05:10, 24.36, 43.06
2019-02-19, 12:05:12, 24.37, 43.06
2019-02-19, 12:05:13, 24.38, 43.03
2019-02-19, 12:05:14, 24.38, 43.03
2019-02-19, 12:05:16, 24.36, 43.02
2019-02-19, 12:05:17, 24.38, 43.03
2019-02-19, 12:05:18, 24.38, 43.03
2019-02-19, 12:05:20, 24.38, 43.03
2019-02-19, 12:05:21, 24.38, 43.03
2019-02-19, 12:05:23, 24.38, 43.03
2019-02-19, 12:05:24, 24.38, 43.03
2019-02-19, 12:05:25, 24.38, 43.03
2019-02-19, 12:05:27, 24.38, 43.03
2019-02-19, 12:05:28, 24.37, 43.02
2019-02-19, 12:05:29, 24.39, 43.03
2019-02-19, 12:05:31, 24.37, 43.02
2019-02-19, 12:05:32, 24.38, 43.03
2019-02-19, 12:05:33, 24.38, 42.99
2019-02-19, 12:05:35, 24.37, 43.02
2019-02-19, 12:05:36, 24.37, 43.02
2019-02-19, 12:05:37, 24.37, 42.99
2019-02-19, 12:05:39, 24.38, 42.99
2019-02-19, 12:05:40, 24.39, 42.99
2019-02-19, 12:05:41, 24.38, 43.03
2019-02-19, 12:05:43, 24.39, 43.03
2019-02-19, 12:05:44, 24.37, 42.99
2019-02-19, 12:05:46, 24.38, 42.99
2019-02-19, 12:05:47, 24.39, 42.99
2019-02-19, 12:05:48, 24.38, 42.99
2019-02-19, 12:05:50, 24.38, 42.99
2019-02-19, 12:05:51, 24.38, 42.96
2019-02-19, 12:05:52, 24.38, 42.99
2019-02-19, 12:05:54, 24.37, 42.96
2019-02-19, 12:05:55, 24.38, 42.96
2019-02-19, 12:05:56, 24.38, 42.96
2019-02-19, 12:05:58, 24.38, 42.99
2019-02-19, 12:05:59, 24.39, 42.96
2019-02-19, 12:06:00, 24.37, 42.99
2019-02-19, 12:06:02, 24.38, 42.99
2019-02-19, 12:06:03, 24.38, 42.99
2019-02-19, 12:06:04, 24.37, 42.96
2019-02-19, 12:06:06, 24.38, 42.96
2019-02-19, 12:06:07, 24.38, 42.99
2019-02-19, 12:06:09, 24.38, 42.96
2019-02-19, 12:06:10, 24.39, 42.99
2019-02-19, 12:06:11, 24.38, 42.96
2019-02-19, 12:06:13, 24.38, 42.96
2019-02-19, 12:06:14, 24.38, 42.96
2019-02-19, 12:06:15, 24.38, 42.96
2019-02-19, 12:06:17, 24.38, 42.96
2019-02-19, 12:06:18, 24.37, 42.96
2019-02-19, 12:06:19, 24.38, 42.96
2019-02-19, 12:06:21, 24.38, 42.96
2019-02-19, 12:06:22, 24.38, 42.96
2019-02-19, 12:06:23, 24.38, 42.96
2019-02-19, 12:06:25, 24.4, 42.96
2019-02-19, 12:06:26, 24.38, 42.96
2019-02-19, 12:06:28, 24.39, 42.93
2019-02-19, 12:06:29, 24.23, 42.98
2019-02-19, 12:06:30, 24.33, 43.02
2019-02-19, 12:06:32, 24.36, 43.02
2019-02-19, 12:06:33, 24.36, 43.02
2019-02-19, 12:06:34, 24.36, 43.02
2019-02-19, 12:06:36, 24.38, 43.03
2019-02-19, 12:06:37, 24.38, 43.03
2019-02-19, 12:06:38, 24.38, 42.99
2019-02-19, 12:06:40, 24.38, 42.99
2019-02-19, 12:06:41, 24.38, 42.99
2019-02-19, 12:06:42, 24.38, 42.96
2019-02-19, 12:06:44, 24.4, 42.96
2019-02-19, 12:06:45, 24.39, 42.96
2019-02-19, 12:06:46, 24.38, 42.96
2019-02-19, 12:06:48, 24.4, 42.96
2019-02-19, 12:06:49, 24.4, 42.96
2019-02-19, 12:06:51, 24.4, 42.96
2019-02-19, 12:06:52, 24.4, 42.96
2019-02-19, 12:06:53, 24.41, 42.96
2019-02-19, 12:06:55, 24.4, 42.96
2019-02-19, 12:06:56, 24.4, 42.96
2019-02-19, 12:06:57, 24.39, 42.96
2019-02-19, 12:06:59, 24.4, 42.96
2019-02-19, 12:07:00, 24.39, 42.96
2019-02-19, 12:07:01, 24.4, 42.96
2019-02-19, 12:07:03, 24.4, 42.96
2019-02-19, 12:07:04, 24.39, 42.96
2019-02-19, 12:07:05, 24.38, 42.93
2019-02-19, 12:07:07, 24.38, 42.96
2019-02-19, 12:07:08, 24.38, 42.96
2019-02-19, 12:07:09, 24.38, 42.93
2019-02-19, 12:07:11, 24.38, 42.96
2019-02-19, 12:07:12, 24.39, 42.96
2019-02-19, 12:07:14, 24.4, 42.96
2019-02-19, 12:07:15, 24.39, 42.93
2019-02-19, 12:07:16, 24.39, 42.96
2019-02-19, 12:07:18, 24.4, 42.96
2019-02-19, 12:07:19, 24.38, 42.96
2019-02-19, 12:07:20, 24.4, 42.96
2019-02-19, 12:07:22, 24.41, 42.93
2019-02-19, 12:07:23, 24.39, 42.93
2019-02-19, 12:07:24, 24.39, 42.96
2019-02-19, 12:07:26, 24.39, 42.96
2019-02-19, 12:07:27, 24.4, 42.96
2019-02-19, 12:07:28, 24.41, 42.96
2019-02-19, 12:07:30, 24.4, 42.93
2019-02-19, 12:07:31, 24.4, 42.96
2019-02-19, 12:07:33, 24.4, 42.93
2019-02-19, 12:07:34, 24.4, 42.96
2019-02-19, 12:07:35, 24.4, 42.93
2019-02-19, 12:07:37, 24.4, 42.93
2019-02-19, 12:07:38, 24.4, 42.93
2019-02-19, 12:07:39, 24.42, 42.9
2019-02-19, 12:07:41, 24.4, 42.93
2019-02-19, 12:07:42, 24.39, 42.93
2019-02-19, 12:07:43, 24.39, 42.93
2019-02-19, 12:07:45, 24.39, 42.93
2019-02-19, 12:07:46, 24.39, 42.93
2019-02-19, 12:07:47, 24.4, 42.9
2019-02-19, 12:07:49, 24.39, 42.96
2019-02-19, 12:07:50, 24.39, 42.9
2019-02-19, 12:07:52, 24.4, 42.93
2019-02-19, 12:07:53, 24.41, 42.93
2019-02-19, 12:07:54, 24.4, 42.93
2019-02-19, 12:07:56, 24.4, 42.93
2019-02-19, 12:07:57, 24.39, 42.93
2019-02-19, 12:07:58, 24.39, 42.93
2019-02-19, 12:08:00, 24.4, 42.93
2019-02-19, 12:08:01, 24.39, 42.96
2019-02-19, 12:08:02, 24.32, 42.95
2019-02-19, 12:08:04, 24.38, 42.96
2019-02-19, 12:08:05, 24.37, 42.96
2019-02-19, 12:08:06, 24.39, 42.96
2019-02-19, 12:08:08, 24.4, 42.96
2019-02-19, 12:08:09, 24.39, 42.96
2019-02-19, 12:08:10, 24.39, 42.96
2019-02-19, 12:08:12, 24.39, 42.96
2019-02-19, 12:08:13, 24.39, 42.96
2019-02-19, 12:08:15, 24.4, 42.96
2019-02-19, 12:08:16, 24.4, 42.96
2019-02-19, 12:08:17, 24.39, 42.96
2019-02-19, 12:08:19, 24.39, 42.96
2019-02-19, 12:08:20, 24.39, 42.96
2019-02-19, 12:08:21, 24.39, 42.96
2019-02-19, 12:08:23, 24.4, 42.96
2019-02-19, 12:08:24, 24.39, 42.96
2019-02-19, 12:08:25, 24.39, 42.96
2019-02-19, 12:08:27, 24.35, 42.96
2019-02-19, 12:08:28, 24.38, 42.96
2019-02-19, 12:08:29, 24.39, 42.96
2019-02-19, 12:08:31, 24.39, 42.96
2019-02-19, 12:08:32, 24.39, 42.96
2019-02-19, 12:08:33, 24.4, 42.96
2019-02-19, 12:08:35, 24.39, 42.96
2019-02-19, 12:08:36, 24.38, 42.93
2019-02-19, 12:08:38, 24.38, 42.93
2019-02-19, 12:08:39, 24.39, 42.93
2019-02-19, 12:08:40, 24.39, 42.9
2019-02-19, 12:08:42, 24.4, 42.93
2019-02-19, 12:08:43, 24.4, 42.9
2019-02-19, 12:08:44, 24.39, 42.93
2019-02-19, 12:08:46, 24.4, 42.93
2019-02-19, 12:08:47, 24.4, 42.93
2019-02-19, 12:08:48, 24.4, 42.93
2019-02-19, 12:08:50, 24.39, 42.93
2019-02-19, 12:08:51, 24.4, 42.93
2019-02-19, 12:08:52, 24.39, 42.96
2019-02-19, 12:08:54, 24.4, 42.9
2019-02-19, 12:08:55, 24.4, 42.93
2019-02-19, 12:08:57, 24.34, 42.92
2019-02-19, 12:08:58, 24.38, 42.96
2019-02-19, 12:08:59, 24.38, 42.96
2019-02-19, 12:09:01, 24.4, 42.93
2019-02-19, 12:09:02, 24.39, 42.93
2019-02-19, 12:09:03, 24.39, 42.96
2019-02-19, 12:09:05, 24.4, 42.96
2019-02-19, 12:09:06, 24.4, 42.96
2019-02-19, 12:09:07, 24.4, 42.96
2019-02-19, 12:09:09, 24.41, 42.96
2019-02-19, 12:09:10, 24.4, 42.96
2019-02-19, 12:09:11, 24.4, 42.96
2019-02-19, 12:09:13, 24.41, 42.93
2019-02-19, 12:09:14, 24.4, 42.93
2019-02-19, 12:09:15, 24.39, 42.93
2019-02-19, 12:09:17, 24.4, 42.96
2019-02-19, 12:09:18, 24.39, 42.96
2019-02-19, 12:09:20, 24.4, 42.93
2019-02-19, 12:09:21, 24.4, 42.93
2019-02-19, 12:09:22, 24.4, 42.96
2019-02-19, 12:09:24, 24.4, 42.96
2019-02-19, 12:09:25, 24.4, 42.93
2019-02-19, 12:09:26, 24.32, 42.95
2019-02-19, 12:09:28, 24.36, 42.96
2019-02-19, 12:09:29, 24.38, 42.96
2019-02-19, 12:09:30, 24.38, 42.96
2019-02-19, 12:09:32, 24.28, 42.95
2019-02-19, 12:09:33, 24.36, 42.99
2019-02-19, 12:09:34, 24.37, 43.02
2019-02-19, 12:09:36, 24.38, 42.99
2019-02-19, 12:09:37, 24.4, 43.0
2019-02-19, 12:09:38, 24.39, 42.99
2019-02-19, 12:09:40, 24.39, 42.99
2019-02-19, 12:09:41, 24.4, 42.96
2019-02-19, 12:09:43, 24.4, 42.96
2019-02-19, 12:09:44, 24.41, 42.96
2019-02-19, 12:09:45, 24.4, 42.96
2019-02-19, 12:09:47, 24.41, 42.96
2019-02-19, 12:09:48, 24.4, 42.96
2019-02-19, 12:09:49, 24.41, 42.93
2019-02-19, 12:09:51, 24.42, 42.93
2019-02-19, 12:09:52, 24.41, 42.93
2019-02-19, 12:09:53, 24.41, 42.9
2019-02-19, 12:09:55, 24.4, 42.93
2019-02-19, 12:09:56, 24.29, 42.92
2019-02-19, 12:09:57, 24.37, 42.96
2019-02-19, 12:09:59, 24.38, 42.96
2019-02-19, 12:10:00, 24.39, 42.96
2019-02-19, 12:10:02, 24.39, 42.96
2019-02-19, 12:10:03, 24.39, 42.96
2019-02-19, 12:10:04, 24.4, 42.96
2019-02-19, 12:10:06, 24.39, 42.93
2019-02-19, 12:10:07, 24.4, 42.93
2019-02-19, 12:10:08, 24.4, 42.93
2019-02-19, 12:10:10, 24.4, 42.93
2019-02-19, 12:10:11, 24.4, 42.93
2019-02-19, 12:10:12, 24.4, 42.93
2019-02-19, 12:10:14, 24.41, 42.93
2019-02-19, 12:10:15, 24.39, 42.93
2019-02-19, 12:10:16, 24.41, 42.9
2019-02-19, 12:10:18, 24.4, 42.9
2019-02-19, 12:10:19, 24.39, 42.93
2019-02-19, 12:10:20, 24.41, 42.9
2019-02-19, 12:10:22, 24.4, 42.93
2019-02-19, 12:10:23, 24.42, 42.9
2019-02-19, 12:10:25, 24.42, 42.93
2019-02-19, 12:10:26, 24.42, 42.9
2019-02-19, 12:10:27, 24.41, 42.9
2019-02-19, 12:10:29, 24.42, 42.9
2019-02-19, 12:10:30, 24.42, 42.93
2019-02-19, 12:10:31, 24.41, 42.9
2019-02-19, 12:10:33, 24.4, 42.93
2019-02-19, 12:10:34, 24.41, 42.93
2019-02-19, 12:10:35, 24.42, 42.93
2019-02-19, 12:10:37, 24.42, 42.9
2019-02-19, 12:10:38, 24.41, 42.93
2019-02-19, 12:10:39, 24.4, 42.9
2019-02-19, 12:10:41, 24.42, 42.93
2019-02-19, 12:10:42, 24.41, 42.93
2019-02-19, 12:10:44, 24.41, 42.9
2019-02-19, 12:10:45, 24.42, 42.93
2019-02-19, 12:10:46, 24.41, 42.9
2019-02-19, 12:10:48, 24.42, 42.9
2019-02-19, 12:10:49, 24.42, 42.9
2019-02-19, 12:10:50, 24.42, 42.9
2019-02-19, 12:10:52, 24.42, 42.9
2019-02-19, 12:10:53, 24.42, 42.9
2019-02-19, 12:10:54, 24.42, 42.9
2019-02-19, 12:10:56, 24.42, 42.9
2019-02-19, 12:10:57, 24.42, 42.9
2019-02-19, 12:10:58, 24.42, 42.87
2019-02-19, 12:11:00, 24.42, 42.9
2019-02-19, 12:11:01, 24.42, 42.9
2019-02-19, 12:11:02, 24.43, 42.9
2019-02-19, 12:11:04, 24.43, 42.9
2019-02-19, 12:11:05, 24.42, 42.9
2019-02-19, 12:11:07, 24.41, 42.9
2019-02-19, 12:11:08, 24.42, 42.9
2019-02-19, 12:11:09, 24.42, 42.9
2019-02-19, 12:11:11, 24.42, 42.9
2019-02-19, 12:11:12, 24.43, 42.9
2019-02-19, 12:11:13, 24.43, 42.9
2019-02-19, 12:11:15, 24.42, 42.9
2019-02-19, 12:11:16, 24.42, 42.9
2019-02-19, 12:11:17, 24.43, 42.9
2019-02-19, 12:11:19, 24.42, 42.9
2019-02-19, 12:11:20, 24.43, 42.9
2019-02-19, 12:11:21, 24.42, 42.9
2019-02-19, 12:11:23, 24.44, 42.87
2019-02-19, 12:11:24, 24.44, 42.9
2019-02-19, 12:11:26, 24.27, 42.88
2019-02-19, 12:11:27, 24.4, 42.96
2019-02-19, 12:11:28, 24.4, 42.96
2019-02-19, 12:11:30, 24.42, 42.97
2019-02-19, 12:11:31, 24.42, 42.97
2019-02-19, 12:11:32, 24.43, 42.93
2019-02-19, 12:11:34, 24.42, 42.9
2019-02-19, 12:11:35, 24.42, 42.9
2019-02-19, 12:11:36, 24.43, 42.9
2019-02-19, 12:11:38, 24.43, 42.87
2019-02-19, 12:11:39, 24.43, 42.9
2019-02-19, 12:11:40, 24.44, 42.9
2019-02-19, 12:11:42, 24.44, 42.87
2019-02-19, 12:11:43, 24.44, 42.9
2019-02-19, 12:11:45, 24.43, 42.87
2019-02-19, 12:11:46, 24.44, 42.87
2019-02-19, 12:11:47, 24.44, 42.87
2019-02-19, 12:11:49, 24.43, 42.87
2019-02-19, 12:11:50, 24.43, 42.87
2019-02-19, 12:11:51, 24.42, 42.87
2019-02-19, 12:11:53, 24.42, 42.87
2019-02-19, 12:11:54, 24.42, 42.87
2019-02-19, 12:11:55, 24.42, 42.87
2019-02-19, 12:11:57, 24.43, 42.87
2019-02-19, 12:11:58, 24.44, 42.87
2019-02-19, 12:11:59, 24.43, 42.87
2019-02-19, 12:12:01, 24.43, 42.87
2019-02-19, 12:12:02, 24.43, 42.87
2019-02-19, 12:12:03, 24.43, 42.87
2019-02-19, 12:12:05, 24.43, 42.84
2019-02-19, 12:12:06, 24.43, 42.87
2019-02-19, 12:12:08, 24.43, 42.87
2019-02-19, 12:12:09, 24.44, 42.84
2019-02-19, 12:12:10, 24.43, 42.87
2019-02-19, 12:12:12, 24.43, 42.84
2019-02-19, 12:12:13, 24.43, 42.84
2019-02-19, 12:12:14, 24.43, 42.87
2019-02-19, 12:12:16, 24.41, 42.83
2019-02-19, 12:12:17, 24.43, 42.87
2019-02-19, 12:12:18, 24.42, 42.84
2019-02-19, 12:12:20, 24.41, 42.83
2019-02-19, 12:12:21, 24.41, 42.87
2019-02-19, 12:12:23, 24.42, 42.84
2019-02-19, 12:12:24, 24.42, 42.87
2019-02-19, 12:12:25, 24.42, 42.84
2019-02-19, 12:12:27, 24.42, 42.87
2019-02-19, 12:12:28, 24.4, 42.87
2019-02-19, 12:12:29, 24.43, 42.9
2019-02-19, 12:12:31, 24.42, 42.9
2019-02-19, 12:12:32, 24.41, 42.87
2019-02-19, 12:12:33, 24.42, 42.9
2019-02-19, 12:12:35, 24.42, 42.87
2019-02-19, 12:12:36, 24.43, 42.9
2019-02-19, 12:12:37, 24.41, 42.87
2019-02-19, 12:12:39, 24.42, 42.9
2019-02-19, 12:12:40, 24.42, 42.9
2019-02-19, 12:12:42, 24.41, 42.9
2019-02-19, 12:12:43, 24.4, 42.9
2019-02-19, 12:12:44, 24.41, 42.9
2019-02-19, 12:12:46, 24.41, 42.9
2019-02-19, 12:12:47, 24.42, 42.9
2019-02-19, 12:12:48, 24.4, 42.9
2019-02-19, 12:12:50, 24.4, 42.9
2019-02-19, 12:12:51, 24.4, 42.9
2019-02-19, 12:12:52, 24.4, 42.9
2019-02-19, 12:12:54, 24.37, 42.89
2019-02-19, 12:12:55, 24.4, 42.9
2019-02-19, 12:12:56, 24.4, 42.93
2019-02-19, 12:12:58, 24.4, 42.93
2019-02-19, 12:12:59, 24.4, 42.93
2019-02-19, 12:13:01, 24.41, 42.96
2019-02-19, 12:13:02, 24.41, 42.93
2019-02-19, 12:13:03, 24.41, 42.93
2019-02-19, 12:13:05, 24.42, 42.97
2019-02-19, 12:13:06, 24.41, 42.9
2019-02-19, 12:13:07, 24.4, 42.93
2019-02-19, 12:13:09, 24.41, 42.93
2019-02-19, 12:13:10, 24.4, 42.9
2019-02-19, 12:13:11, 24.39, 42.93
2019-02-19, 12:13:13, 24.4, 42.93
2019-02-19, 12:13:14, 24.38, 42.93
2019-02-19, 12:13:15, 24.38, 42.93
2019-02-19, 12:13:17, 24.4, 42.93
2019-02-19, 12:13:18, 24.41, 42.9
2019-02-19, 12:13:19, 24.4, 42.96
2019-02-19, 12:13:21, 24.41, 42.93
2019-02-19, 12:13:22, 24.4, 42.93
2019-02-19, 12:13:24, 24.34, 42.96
2019-02-19, 12:13:25, 24.39, 42.96
2019-02-19, 12:13:26, 24.39, 42.96
2019-02-19, 12:13:28, 24.39, 42.96
2019-02-19, 12:13:29, 24.39, 42.96
2019-02-19, 12:13:30, 24.38, 42.96
2019-02-19, 12:13:32, 24.38, 42.96
2019-02-19, 12:13:33, 24.39, 42.96
2019-02-19, 12:13:34, 24.38, 42.96
2019-02-19, 12:13:36, 24.38, 42.96
2019-02-19, 12:13:37, 24.38, 42.96
2019-02-19, 12:13:38, 24.39, 42.96
2019-02-19, 12:13:40, 24.4, 42.96
2019-02-19, 12:13:41, 24.4, 42.96
2019-02-19, 12:13:42, 24.4, 42.96
2019-02-19, 12:13:44, 24.4, 42.93
2019-02-19, 12:13:45, 24.4, 42.9
2019-02-19, 12:13:47, 24.4, 42.93
2019-02-19, 12:13:48, 24.4, 42.93
2019-02-19, 12:13:49, 24.4, 42.9
2019-02-19, 12:13:51, 24.4, 42.9
2019-02-19, 12:13:52, 24.39, 42.93
2019-02-19, 12:13:53, 24.4, 42.93
2019-02-19, 12:13:55, 24.4, 42.93
2019-02-19, 12:13:56, 24.4, 42.93
2019-02-19, 12:13:57, 24.39, 42.93
2019-02-19, 12:13:59, 24.26, 42.95
2019-02-19, 12:14:00, 24.34, 42.96
2019-02-19, 12:14:01, 24.34, 42.99
2019-02-19, 12:14:03, 24.37, 42.96
2019-02-19, 12:14:04, 24.38, 42.96
2019-02-19, 12:14:06, 24.38, 42.96
2019-02-19, 12:14:07, 24.36, 42.96
2019-02-19, 12:14:08, 24.36, 42.96
2019-02-19, 12:14:10, 24.38, 42.96
2019-02-19, 12:14:11, 24.4, 42.96
2019-02-19, 12:14:12, 24.38, 42.96
2019-02-19, 12:14:14, 24.38, 42.96
2019-02-19, 12:14:15, 24.38, 42.96
2019-02-19, 12:14:16, 24.4, 42.93
2019-02-19, 12:14:18, 24.39, 42.96
2019-02-19, 12:14:19, 24.39, 42.93
2019-02-19, 12:14:20, 24.38, 42.93
2019-02-19, 12:14:22, 24.38, 42.93
2019-02-19, 12:14:23, 24.28, 42.92
2019-02-19, 12:14:24, 24.37, 42.96
2019-02-19, 12:14:26, 24.38, 42.96
2019-02-19, 12:14:27, 24.37, 42.99
2019-02-19, 12:14:29, 24.38, 42.96
2019-02-19, 12:14:30, 24.37, 42.96
2019-02-19, 12:14:31, 24.38, 42.96
2019-02-19, 12:14:33, 24.38, 42.96
2019-02-19, 12:14:34, 24.37, 42.96
2019-02-19, 12:14:35, 24.38, 42.96
2019-02-19, 12:14:37, 24.37, 42.96
2019-02-19, 12:14:38, 24.38, 42.96
2019-02-19, 12:14:39, 24.38, 42.96
2019-02-19, 12:14:41, 24.37, 42.96
2019-02-19, 12:14:42, 24.37, 42.96
2019-02-19, 12:14:43, 24.36, 42.96
2019-02-19, 12:14:45, 24.37, 42.96
2019-02-19, 12:14:46, 24.36, 42.96
2019-02-19, 12:14:48, 24.36, 42.96
2019-02-19, 12:14:49, 24.37, 42.96
2019-02-19, 12:14:50, 24.36, 42.96
2019-02-19, 12:14:52, 24.36, 42.96
2019-02-19, 12:14:53, 24.24, 42.95
2019-02-19, 12:14:54, 24.32, 43.02
2019-02-19, 12:14:56, 24.34, 43.02
2019-02-19, 12:14:57, 24.34, 43.02
2019-02-19, 12:14:58, 24.35, 43.02
2019-02-19, 12:15:00, 24.35, 43.02
2019-02-19, 12:15:01, 24.35, 42.99
2019-02-19, 12:15:02, 24.36, 43.02
2019-02-19, 12:15:04, 24.35, 43.02
2019-02-19, 12:15:05, 24.36, 43.02
2019-02-19, 12:15:06, 24.35, 42.99
2019-02-19, 12:15:08, 24.36, 42.99
2019-02-19, 12:15:09, 24.35, 42.99
2019-02-19, 12:15:11, 24.34, 42.99
2019-02-19, 12:15:12, 24.37, 42.96
2019-02-19, 12:15:13, 24.37, 42.96
2019-02-19, 12:15:15, 24.36, 42.96
2019-02-19, 12:15:16, 24.36, 42.96
2019-02-19, 12:15:17, 24.36, 42.96
2019-02-19, 12:15:19, 24.35, 42.96
2019-02-19, 12:15:20, 24.34, 42.96
2019-02-19, 12:15:21, 24.34, 42.96
2019-02-19, 12:15:23, 24.21, 42.97
2019-02-19, 12:15:24, 24.31, 43.05
2019-02-19, 12:15:25, 24.33, 43.02
2019-02-19, 12:15:27, 24.33, 43.05
2019-02-19, 12:15:28, 24.34, 43.02
2019-02-19, 12:15:30, 24.34, 43.02
2019-02-19, 12:15:31, 24.34, 43.02
2019-02-19, 12:15:32, 24.34, 43.02
2019-02-19, 12:15:34, 24.34, 43.02
2019-02-19, 12:15:35, 24.34, 43.02
2019-02-19, 12:15:36, 24.34, 43.02
2019-02-19, 12:15:38, 24.33, 43.02
2019-02-19, 12:15:39, 24.32, 43.02
2019-02-19, 12:15:40, 24.32, 43.02
2019-02-19, 12:15:42, 24.31, 43.02
2019-02-19, 12:15:43, 24.32, 43.02
2019-02-19, 12:15:44, 24.32, 43.02
2019-02-19, 12:15:46, 24.31, 43.02
2019-02-19, 12:15:47, 24.32, 43.02
2019-02-19, 12:15:48, 24.32, 42.99
2019-02-19, 12:15:50, 24.31, 43.02
2019-02-19, 12:15:51, 24.31, 43.02
2019-02-19, 12:15:53, 24.15, 43.03
2019-02-19, 12:15:54, 24.26, 43.08
2019-02-19, 12:15:55, 24.29, 43.08
2019-02-19, 12:15:57, 24.29, 43.11
2019-02-19, 12:15:58, 24.29, 43.08
2019-02-19, 12:15:59, 24.29, 43.08
2019-02-19, 12:16:01, 24.31, 43.08
2019-02-19, 12:16:02, 24.3, 43.08
2019-02-19, 12:16:03, 24.3, 43.08
2019-02-19, 12:16:05, 24.31, 43.08
2019-02-19, 12:16:06, 24.3, 43.05
2019-02-19, 12:16:07, 24.31, 43.08
2019-02-19, 12:16:09, 24.31, 43.08
2019-02-19, 12:16:10, 24.3, 43.08
2019-02-19, 12:16:12, 24.31, 43.08
2019-02-19, 12:16:13, 24.3, 43.05
2019-02-19, 12:16:14, 24.28, 43.05
2019-02-19, 12:16:16, 24.3, 43.08
2019-02-19, 12:16:17, 24.29, 43.08
2019-02-19, 12:16:18, 24.3, 43.08
2019-02-19, 12:16:20, 24.29, 43.08
2019-02-19, 12:16:21, 24.29, 43.11
2019-02-19, 12:16:22, 24.28, 43.08
2019-02-19, 12:16:24, 24.29, 43.08
2019-02-19, 12:16:25, 24.28, 43.08
2019-02-19, 12:16:26, 24.28, 43.08
2019-02-19, 12:16:28, 24.28, 43.11
2019-02-19, 12:16:29, 24.28, 43.11
2019-02-19, 12:16:30, 24.29, 43.08
2019-02-19, 12:16:32, 24.29, 43.08
2019-02-19, 12:16:33, 24.29, 43.11
2019-02-19, 12:16:35, 24.29, 43.08
2019-02-19, 12:16:36, 24.28, 43.08
2019-02-19, 12:16:37, 24.29, 43.08
2019-02-19, 12:16:39, 24.28, 43.08
2019-02-19, 12:16:40, 24.29, 43.11
2019-02-19, 12:16:41, 24.3, 43.08
2019-02-19, 12:16:43, 24.29, 43.11
2019-02-19, 12:16:44, 24.29, 43.08
2019-02-19, 12:16:45, 24.3, 43.08
2019-02-19, 12:16:47, 24.29, 43.08
2019-02-19, 12:16:48, 24.29, 43.11
2019-02-19, 12:16:49, 24.29, 43.08
2019-02-19, 12:16:51, 24.3, 43.08
2019-02-19, 12:16:52, 24.28, 43.08
2019-02-19, 12:16:54, 24.29, 43.08
2019-02-19, 12:16:55, 24.29, 43.08
2019-02-19, 12:16:56, 24.28, 43.08
2019-02-19, 12:16:58, 24.28, 43.08
2019-02-19, 12:16:59, 24.28, 43.08
2019-02-19, 12:17:00, 24.28, 43.08
2019-02-19, 12:17:02, 24.26, 43.08
2019-02-19, 12:17:03, 24.28, 43.08
2019-02-19, 12:17:04, 24.28, 43.08
2019-02-19, 12:17:06, 24.27, 43.08
2019-02-19, 12:17:07, 24.28, 43.08
2019-02-19, 12:17:08, 24.28, 43.08
2019-02-19, 12:17:10, 24.29, 43.08
2019-02-19, 12:17:11, 24.28, 43.08
2019-02-19, 12:17:12, 24.28, 43.08
2019-02-19, 12:17:14, 24.29, 43.08
2019-02-19, 12:17:15, 24.28, 43.08
2019-02-19, 12:17:17, 24.26, 43.08
2019-02-19, 12:17:18, 24.27, 43.08
2019-02-19, 12:17:19, 24.27, 43.11
2019-02-19, 12:17:21, 24.27, 43.08
2019-02-19, 12:17:22, 24.28, 43.08
2019-02-19, 12:17:23, 24.29, 43.08
2019-02-19, 12:17:25, 24.28, 43.11
2019-02-19, 12:17:26, 24.28, 43.08
2019-02-19, 12:17:27, 24.28, 43.11
2019-02-19, 12:17:29, 24.28, 43.11
2019-02-19, 12:17:30, 24.28, 43.11
2019-02-19, 12:17:31, 24.29, 43.08
2019-02-19, 12:17:33, 24.29, 43.15
2019-02-19, 12:17:34, 24.28, 43.11
2019-02-19, 12:17:36, 24.28, 43.11
2019-02-19, 12:17:37, 24.29, 43.11
2019-02-19, 12:17:38, 24.3, 43.11
2019-02-19, 12:17:40, 24.3, 43.11
2019-02-19, 12:17:41, 24.3, 43.11
2019-02-19, 12:17:42, 24.3, 43.11
2019-02-19, 12:17:44, 24.3, 43.11
2019-02-19, 12:17:45, 24.3, 43.11
2019-02-19, 12:17:46, 24.29, 43.08
2019-02-19, 12:17:48, 24.3, 43.08
2019-02-19, 12:17:49, 24.3, 43.08
2019-02-19, 12:17:50, 24.3, 43.08
2019-02-19, 12:17:52, 24.29, 43.08
2019-02-19, 12:17:53, 24.29, 43.08
2019-02-19, 12:17:54, 24.3, 43.08
2019-02-19, 12:17:56, 24.3, 43.08
2019-02-19, 12:17:57, 24.3, 43.08
2019-02-19, 12:17:59, 24.31, 43.08
2019-02-19, 12:18:00, 24.29, 43.08
2019-02-19, 12:18:01, 24.28, 43.08
2019-02-19, 12:18:03, 24.28, 43.08
2019-02-19, 12:18:04, 24.29, 43.08
2019-02-19, 12:18:05, 24.3, 43.08
2019-02-19, 12:18:07, 24.3, 43.11
2019-02-19, 12:18:08, 24.29, 43.11
2019-02-19, 12:18:09, 24.29, 43.08
2019-02-19, 12:18:11, 24.3, 43.11
2019-02-19, 12:18:12, 24.3, 43.11
2019-02-19, 12:18:13, 24.3, 43.15
2019-02-19, 12:18:15, 24.28, 43.08
2019-02-19, 12:18:16, 24.29, 43.11
2019-02-19, 12:18:18, 24.28, 43.11
2019-02-19, 12:18:19, 24.29, 43.15
2019-02-19, 12:18:20, 24.23, 43.11
2019-02-19, 12:18:22, 24.27, 43.11
2019-02-19, 12:18:23, 24.27, 43.14
2019-02-19, 12:18:24, 24.28, 43.14
2019-02-19, 12:18:26, 24.16, 43.13
2019-02-19, 12:18:27, 24.25, 43.14
2019-02-19, 12:18:28, 24.24, 43.17
2019-02-19, 12:18:30, 24.26, 43.17
2019-02-19, 12:18:31, 24.27, 43.14
2019-02-19, 12:18:32, 24.27, 43.18
2019-02-19, 12:18:34, 24.27, 43.14
2019-02-19, 12:18:35, 24.28, 43.14
2019-02-19, 12:18:37, 24.26, 43.14
2019-02-19, 12:18:38, 24.28, 43.14
2019-02-19, 12:18:39, 24.26, 43.14
2019-02-19, 12:18:41, 24.28, 43.14
2019-02-19, 12:18:42, 24.27, 43.14
2019-02-19, 12:18:43, 24.27, 43.14
2019-02-19, 12:18:45, 24.28, 43.11
2019-02-19, 12:18:46, 24.26, 43.14
2019-02-19, 12:18:47, 24.28, 43.14
2019-02-19, 12:18:49, 24.28, 43.11
2019-02-19, 12:18:50, 24.28, 43.11
2019-02-19, 12:18:51, 24.28, 43.11
2019-02-19, 12:18:53, 24.29, 43.11
2019-02-19, 12:18:54, 24.29, 43.11
2019-02-19, 12:18:55, 24.28, 43.11
2019-02-19, 12:18:57, 24.29, 43.11
2019-02-19, 12:18:58, 24.29, 43.08
2019-02-19, 12:19:00, 24.29, 43.08
2019-02-19, 12:19:01, 24.3, 43.11
2019-02-19, 12:19:02, 24.29, 43.08
2019-02-19, 12:19:04, 24.3, 43.08
2019-02-19, 12:19:05, 24.31, 43.08
2019-02-19, 12:19:06, 24.31, 43.08
2019-02-19, 12:19:08, 24.32, 43.08
2019-02-19, 12:19:09, 24.32, 43.08
2019-02-19, 12:19:10, 24.31, 43.05
2019-02-19, 12:19:12, 24.32, 43.08
2019-02-19, 12:19:13, 24.33, 43.09
2019-02-19, 12:19:14, 24.31, 43.05
2019-02-19, 12:19:16, 24.32, 43.05
2019-02-19, 12:19:17, 24.31, 43.08
2019-02-19, 12:19:18, 24.32, 43.08
2019-02-19, 12:19:20, 24.3, 43.08
2019-02-19, 12:19:21, 24.3, 43.08
2019-02-19, 12:19:23, 24.31, 43.08
2019-02-19, 12:19:24, 24.3, 43.08
2019-02-19, 12:19:25, 24.31, 43.08
2019-02-19, 12:19:27, 24.3, 43.08
2019-02-19, 12:19:28, 24.3, 43.08
2019-02-19, 12:19:29, 24.31, 43.08
2019-02-19, 12:19:31, 24.31, 43.08
2019-02-19, 12:19:32, 24.3, 43.08
2019-02-19, 12:19:33, 24.3, 43.08
2019-02-19, 12:19:35, 24.3, 43.08
2019-02-19, 12:19:36, 24.32, 43.08
2019-02-19, 12:19:37, 24.31, 43.08
2019-02-19, 12:19:39, 24.32, 43.08
2019-02-19, 12:19:40, 24.3, 43.08
2019-02-19, 12:19:42, 24.32, 43.08
2019-02-19, 12:19:43, 24.32, 43.08
2019-02-19, 12:19:44, 24.31, 43.08
2019-02-19, 12:19:46, 24.32, 43.08
2019-02-19, 12:19:47, 24.32, 43.08
2019-02-19, 12:19:48, 24.32, 43.08
2019-02-19, 12:19:50, 24.32, 43.08
2019-02-19, 12:19:51, 24.33, 43.09
2019-02-19, 12:19:52, 24.33, 43.09
2019-02-19, 12:19:54, 24.33, 43.09
2019-02-19, 12:19:55, 24.32, 43.08
2019-02-19, 12:19:56, 24.33, 43.09
2019-02-19, 12:19:58, 24.32, 43.08
2019-02-19, 12:19:59, 24.32, 43.08
2019-02-19, 12:20:00, 24.32, 43.12
2019-02-19, 12:20:02, 24.33, 43.09
2019-02-19, 12:20:03, 24.32, 43.08
2019-02-19, 12:20:05, 24.32, 43.08
2019-02-19, 12:20:06, 24.31, 43.08
2019-02-19, 12:20:07, 24.32, 43.08
2019-02-19, 12:20:09, 24.32, 43.08
2019-02-19, 12:20:10, 24.32, 43.08
2019-02-19, 12:20:11, 24.31, 43.12
2019-02-19, 12:20:13, 24.3, 43.11
2019-02-19, 12:20:14, 24.31, 43.12
2019-02-19, 12:20:15, 24.31, 43.15
2019-02-19, 12:20:17, 24.32, 43.12
2019-02-19, 12:20:18, 24.32, 43.12
2019-02-19, 12:20:19, 24.32, 43.12
2019-02-19, 12:20:21, 24.31, 43.12
2019-02-19, 12:20:22, 24.33, 43.15
2019-02-19, 12:20:23, 24.33, 43.12
2019-02-19, 12:20:25, 24.34, 43.12
2019-02-19, 12:20:26, 24.32, 43.08
2019-02-19, 12:20:28, 24.33, 43.12
2019-02-19, 12:20:29, 24.32, 43.15
2019-02-19, 12:20:30, 24.31, 43.15
2019-02-19, 12:20:32, 24.32, 43.12
2019-02-19, 12:20:33, 24.31, 43.15
2019-02-19, 12:20:34, 24.32, 43.15
2019-02-19, 12:20:36, 24.3, 43.15
2019-02-19, 12:20:37, 24.3, 43.15
2019-02-19, 12:20:38, 24.32, 43.15
2019-02-19, 12:20:40, 24.31, 43.15
2019-02-19, 12:20:41, 24.31, 43.15
2019-02-19, 12:20:42, 24.3, 43.15
2019-02-19, 12:20:44, 24.29, 43.15
2019-02-19, 12:20:45, 24.3, 43.18
2019-02-19, 12:20:46, 24.31, 43.18
2019-02-19, 12:20:48, 24.29, 43.21
2019-02-19, 12:20:49, 24.27, 43.21
2019-02-19, 12:20:51, 24.3, 43.21
2019-02-19, 12:20:52, 24.3, 43.21
2019-02-19, 12:20:53, 24.31, 43.21
2019-02-19, 12:20:55, 24.3, 43.21
2019-02-19, 12:20:56, 24.3, 43.18
2019-02-19, 12:20:57, 24.31, 43.18
2019-02-19, 12:20:59, 24.31, 43.21
2019-02-19, 12:21:00, 24.31, 43.15
2019-02-19, 12:21:01, 24.3, 43.18
2019-02-19, 12:21:03, 24.31, 43.18
2019-02-19, 12:21:04, 24.3, 43.18
2019-02-19, 12:21:05, 24.31, 43.18
2019-02-19, 12:21:07, 24.31, 43.21
2019-02-19, 12:21:08, 24.32, 43.18
2019-02-19, 12:21:10, 24.3, 43.18
2019-02-19, 12:21:11, 24.31, 43.21
2019-02-19, 12:21:12, 24.3, 43.21
2019-02-19, 12:21:14, 24.31, 43.21
2019-02-19, 12:21:15, 24.31, 43.21
2019-02-19, 12:21:16, 24.3, 43.21
2019-02-19, 12:21:18, 24.3, 43.21
2019-02-19, 12:21:19, 24.3, 43.21
2019-02-19, 12:21:20, 24.31, 43.21
2019-02-19, 12:21:22, 24.3, 43.21
2019-02-19, 12:21:23, 24.3, 43.21
2019-02-19, 12:21:24, 24.32, 43.21
2019-02-19, 12:21:26, 24.31, 43.21
2019-02-19, 12:21:27, 24.32, 43.21
2019-02-19, 12:21:28, 24.3, 43.21
2019-02-19, 12:21:30, 24.29, 43.21
2019-02-19, 12:21:31, 24.31, 43.21
2019-02-19, 12:21:33, 24.3, 43.21
2019-02-19, 12:21:34, 24.28, 43.21
2019-02-19, 12:21:35, 24.29, 43.21
2019-02-19, 12:21:37, 24.29, 43.21
2019-02-19, 12:21:38, 24.29, 43.21
2019-02-19, 12:21:39, 24.27, 43.21
2019-02-19, 12:21:41, 24.28, 43.21
2019-02-19, 12:21:42, 24.28, 43.21
2019-02-19, 12:21:43, 24.28, 43.21
2019-02-19, 12:21:45, 24.28, 43.21
2019-02-19, 12:21:46, 24.28, 43.21
2019-02-19, 12:21:47, 24.28, 43.21
2019-02-19, 12:21:49, 24.27, 43.21
2019-02-19, 12:21:50, 24.28, 43.21
2019-02-19, 12:21:51, 24.27, 43.21
2019-02-19, 12:21:53, 24.28, 43.21
2019-02-19, 12:21:54, 24.27, 43.21
2019-02-19, 12:21:56, 24.27, 43.21
2019-02-19, 12:21:57, 24.28, 43.21
2019-02-19, 12:21:58, 24.28, 43.21
2019-02-19, 12:22:00, 24.27, 43.21
2019-02-19, 12:22:01, 24.27, 43.21
2019-02-19, 12:22:02, 24.27, 43.21
2019-02-19, 12:22:04, 24.28, 43.21
2019-02-19, 12:22:05, 24.28, 43.21
2019-02-19, 12:22:06, 24.29, 43.21
2019-02-19, 12:22:08, 24.28, 43.21
2019-02-19, 12:22:09, 24.28, 43.21
2019-02-19, 12:22:10, 24.28, 43.21
2019-02-19, 12:22:12, 24.28, 43.21
2019-02-19, 12:22:13, 24.28, 43.21
2019-02-19, 12:22:15, 24.28, 43.21
2019-02-19, 12:22:16, 24.27, 43.21
2019-02-19, 12:22:17, 24.27, 43.21
2019-02-19, 12:22:19, 24.28, 43.21
2019-02-19, 12:22:20, 24.29, 43.21
2019-02-19, 12:22:21, 24.29, 43.21
2019-02-19, 12:22:23, 24.29, 43.21
2019-02-19, 12:22:24, 24.27, 43.21
2019-02-19, 12:22:25, 24.28, 43.21
2019-02-19, 12:22:27, 24.28, 43.21
2019-02-19, 12:22:28, 24.26, 43.21
2019-02-19, 12:22:29, 24.26, 43.21
2019-02-19, 12:22:31, 24.26, 43.24
2019-02-19, 12:22:32, 24.24, 43.24
2019-02-19, 12:22:33, 24.24, 43.24
2019-02-19, 12:22:35, 24.25, 43.24
2019-02-19, 12:22:36, 24.25, 43.27
2019-02-19, 12:22:38, 24.24, 43.27
2019-02-19, 12:22:39, 24.24, 43.27
2019-02-19, 12:22:40, 24.23, 43.27
2019-02-19, 12:22:42, 24.25, 43.27
2019-02-19, 12:22:43, 24.25, 43.27
2019-02-19, 12:22:44, 24.24, 43.24
2019-02-19, 12:22:46, 24.24, 43.27
2019-02-19, 12:22:47, 24.24, 43.27
2019-02-19, 12:22:48, 24.24, 43.27
2019-02-19, 12:22:50, 24.24, 43.27
2019-02-19, 12:22:51, 24.24, 43.27
2019-02-19, 12:22:52, 24.14, 43.29
2019-02-19, 12:22:54, 24.21, 43.3
2019-02-19, 12:22:55, 24.22, 43.27
2019-02-19, 12:22:56, 24.23, 43.3
2019-02-19, 12:22:58, 24.23, 43.3
2019-02-19, 12:22:59, 24.24, 43.3
2019-02-19, 12:23:01, 24.24, 43.3
2019-02-19, 12:23:02, 24.25, 43.27
2019-02-19, 12:23:03, 24.23, 43.27
2019-02-19, 12:23:05, 24.25, 43.27
2019-02-19, 12:23:06, 24.24, 43.27
2019-02-19, 12:23:07, 24.24, 43.27
2019-02-19, 12:23:09, 24.24, 43.27
2019-02-19, 12:23:10, 24.23, 43.27
2019-02-19, 12:23:11, 24.25, 43.3
2019-02-19, 12:23:13, 24.22, 43.3
2019-02-19, 12:23:14, 24.24, 43.3
2019-02-19, 12:23:15, 24.24, 43.33
2019-02-19, 12:23:17, 24.2, 43.3
2019-02-19, 12:23:18, 24.23, 43.3
2019-02-19, 12:23:19, 24.22, 43.3
2019-02-19, 12:23:21, 24.24, 43.3
2019-02-19, 12:23:22, 24.22, 43.3
2019-02-19, 12:23:24, 24.21, 43.33
2019-02-19, 12:23:25, 24.22, 43.3
2019-02-19, 12:23:26, 24.21, 43.33
2019-02-19, 12:23:28, 24.2, 43.3
2019-02-19, 12:23:29, 24.2, 43.33
2019-02-19, 12:23:30, 24.2, 43.33
2019-02-19, 12:23:32, 24.2, 43.33
2019-02-19, 12:23:33, 24.2, 43.33
2019-02-19, 12:23:34, 24.2, 43.33
2019-02-19, 12:23:36, 24.2, 43.33
2019-02-19, 12:23:37, 24.2, 43.33
2019-02-19, 12:23:38, 24.2, 43.33
2019-02-19, 12:23:40, 24.2, 43.33
2019-02-19, 12:23:41, 24.19, 43.36
2019-02-19, 12:23:43, 24.19, 43.36
2019-02-19, 12:23:44, 24.2, 43.39
2019-02-19, 12:23:45, 24.2, 43.39
2019-02-19, 12:23:47, 24.21, 43.4
2019-02-19, 12:23:48, 24.2, 43.39
2019-02-19, 12:23:49, 24.22, 43.36
2019-02-19, 12:23:51, 24.21, 43.4
2019-02-19, 12:23:52, 24.2, 43.36
2019-02-19, 12:23:53, 24.22, 43.4
2019-02-19, 12:23:55, 24.21, 43.36
2019-02-19, 12:23:56, 24.21, 43.4
2019-02-19, 12:23:57, 24.2, 43.36
2019-02-19, 12:23:59, 24.22, 43.36
2019-02-19, 12:24:00, 24.21, 43.36
2019-02-19, 12:24:02, 24.21, 43.36
2019-02-19, 12:24:03, 24.21, 43.36
2019-02-19, 12:24:04, 24.21, 43.4
2019-02-19, 12:24:06, 24.21, 43.4
2019-02-19, 12:24:07, 24.2, 43.39
2019-02-19, 12:24:08, 24.2, 43.39
2019-02-19, 12:24:10, 24.22, 43.4
2019-02-19, 12:24:11, 24.22, 43.36
2019-02-19, 12:24:12, 24.22, 43.36
2019-02-19, 12:24:14, 24.21, 43.33
2019-02-19, 12:24:15, 24.21, 43.36
2019-02-19, 12:24:16, 24.12, 43.39
2019-02-19, 12:24:18, 24.18, 43.39
2019-02-19, 12:24:19, 24.19, 43.43
2019-02-19, 12:24:20, 24.19, 43.39
2019-02-19, 12:24:22, 24.06, 43.41
2019-02-19, 12:24:23, 24.16, 43.46
2019-02-19, 12:24:25, 24.17, 43.46
2019-02-19, 12:24:26, 24.19, 43.46
2019-02-19, 12:24:27, 24.2, 43.43
2019-02-19, 12:24:29, 24.19, 43.43
2019-02-19, 12:24:30, 24.19, 43.46
2019-02-19, 12:24:31, 24.2, 43.46
2019-02-19, 12:24:33, 24.19, 43.46
2019-02-19, 12:24:34, 24.19, 43.43
2019-02-19, 12:24:35, 24.2, 43.46
2019-02-19, 12:24:37, 24.19, 43.46
2019-02-19, 12:24:38, 24.2, 43.46
2019-02-19, 12:24:39, 24.2, 43.43
2019-02-19, 12:24:41, 24.2, 43.39
2019-02-19, 12:24:42, 24.2, 43.39
2019-02-19, 12:24:44, 24.2, 43.39
2019-02-19, 12:24:45, 24.2, 43.43
2019-02-19, 12:24:46, 24.2, 43.39
2019-02-19, 12:24:48, 24.2, 43.39
2019-02-19, 12:24:49, 24.2, 43.43
2019-02-19, 12:24:50, 24.19, 43.43
2019-02-19, 12:24:52, 24.05, 43.44
2019-02-19, 12:24:53, 24.16, 43.49
2019-02-19, 12:24:54, 24.16, 43.52
2019-02-19, 12:24:56, 24.17, 43.49
2019-02-19, 12:24:57, 24.18, 43.49
2019-02-19, 12:24:58, 24.17, 43.49
2019-02-19, 12:25:00, 24.17, 43.46
2019-02-19, 12:25:01, 24.17, 43.49
2019-02-19, 12:25:02, 24.17, 43.46
2019-02-19, 12:25:04, 24.17, 43.49
2019-02-19, 12:25:05, 24.17, 43.49
2019-02-19, 12:25:07, 24.18, 43.46
2019-02-19, 12:25:08, 24.18, 43.46
2019-02-19, 12:25:09, 24.17, 43.46
2019-02-19, 12:25:11, 24.18, 43.46
2019-02-19, 12:25:12, 24.17, 43.46
2019-02-19, 12:25:13, 24.17, 43.46
2019-02-19, 12:25:15, 24.17, 43.46
2019-02-19, 12:25:16, 24.04, 43.51
2019-02-19, 12:25:17, 24.14, 43.52
2019-02-19, 12:25:19, 24.15, 43.55
2019-02-19, 12:25:20, 24.16, 43.52
2019-02-19, 12:25:21, 24.16, 43.52
2019-02-19, 12:25:23, 24.16, 43.49
2019-02-19, 12:25:24, 24.17, 43.52
2019-02-19, 12:25:25, 24.17, 43.49
2019-02-19, 12:25:27, 24.17, 43.52
2019-02-19, 12:25:28, 24.18, 43.52
2019-02-19, 12:25:30, 24.18, 43.46
2019-02-19, 12:25:31, 24.18, 43.49
2019-02-19, 12:25:32, 24.18, 43.49
2019-02-19, 12:25:34, 24.19, 43.49
2019-02-19, 12:25:35, 24.19, 43.46
2019-02-19, 12:25:36, 24.18, 43.46
2019-02-19, 12:25:38, 24.18, 43.46
2019-02-19, 12:25:39, 24.19, 43.46
2019-02-19, 12:25:40, 24.18, 43.46
2019-02-19, 12:25:42, 24.18, 43.46
2019-02-19, 12:25:43, 24.2, 43.46
2019-02-19, 12:25:44, 24.16, 43.46
2019-02-19, 12:25:46, 24.18, 43.46
2019-02-19, 12:25:47, 24.18, 43.46
2019-02-19, 12:25:48, 24.18, 43.46
2019-02-19, 12:25:50, 24.17, 43.46
2019-02-19, 12:25:51, 24.17, 43.46
2019-02-19, 12:25:53, 24.18, 43.49
2019-02-19, 12:25:54, 24.17, 43.49
2019-02-19, 12:25:55, 24.17, 43.49
2019-02-19, 12:25:57, 24.17, 43.49
2019-02-19, 12:25:58, 24.17, 43.49
2019-02-19, 12:25:59, 24.17, 43.49
2019-02-19, 12:26:01, 24.17, 43.49
2019-02-19, 12:26:02, 24.16, 43.49
2019-02-19, 12:26:03, 24.18, 43.49
2019-02-19, 12:26:05, 24.17, 43.49
2019-02-19, 12:26:06, 24.18, 43.49
2019-02-19, 12:26:07, 24.17, 43.49
2019-02-19, 12:26:09, 24.18, 43.46
2019-02-19, 12:26:10, 24.18, 43.46
2019-02-19, 12:26:12, 24.18, 43.43
2019-02-19, 12:26:13, 24.18, 43.46
2019-02-19, 12:26:14, 24.18, 43.43
2019-02-19, 12:26:16, 24.2, 43.46
2019-02-19, 12:26:17, 24.21, 43.43
2019-02-19, 12:26:18, 24.2, 43.43
2019-02-19, 12:26:20, 24.19, 43.39
2019-02-19, 12:26:21, 24.21, 43.4
2019-02-19, 12:26:22, 24.21, 43.43
2019-02-19, 12:26:24, 24.21, 43.4
2019-02-19, 12:26:25, 24.22, 43.4
2019-02-19, 12:26:26, 24.2, 43.39
2019-02-19, 12:26:28, 24.21, 43.4
2019-02-19, 12:26:29, 24.21, 43.4
2019-02-19, 12:26:30, 24.21, 43.4
2019-02-19, 12:26:32, 24.22, 43.4
2019-02-19, 12:26:33, 24.2, 43.39
2019-02-19, 12:26:35, 24.22, 43.4
2019-02-19, 12:26:36, 24.22, 43.4
2019-02-19, 12:26:37, 24.22, 43.4
2019-02-19, 12:26:39, 24.23, 43.4
2019-02-19, 12:26:40, 24.23, 43.4
2019-02-19, 12:26:41, 24.22, 43.4
2019-02-19, 12:26:43, 24.22, 43.36
2019-02-19, 12:26:44, 24.23, 43.4
2019-02-19, 12:26:45, 24.07, 43.38
2019-02-19, 12:26:47, 24.17, 43.42
2019-02-19, 12:26:48, 24.2, 43.46
2019-02-19, 12:26:49, 24.21, 43.46
2019-02-19, 12:26:51, 24.22, 43.43
2019-02-19, 12:26:52, 24.22, 43.43
2019-02-19, 12:26:53, 24.21, 43.4
2019-02-19, 12:26:55, 24.22, 43.4
2019-02-19, 12:26:56, 24.22, 43.4
2019-02-19, 12:26:58, 24.22, 43.36
2019-02-19, 12:26:59, 24.22, 43.36
2019-02-19, 12:27:00, 24.22, 43.36
2019-02-19, 12:27:02, 24.21, 43.36
2019-02-19, 12:27:03, 24.22, 43.36
2019-02-19, 12:27:04, 24.24, 43.37
2019-02-19, 12:27:06, 24.22, 43.36
2019-02-19, 12:27:07, 24.23, 43.33
2019-02-19, 12:27:08, 24.23, 43.33
2019-02-19, 12:27:10, 24.23, 43.37
2019-02-19, 12:27:11, 24.21, 43.4
2019-02-19, 12:27:12, 24.23, 43.33
2019-02-19, 12:27:14, 24.22, 43.33
2019-02-19, 12:27:15, 24.22, 43.36
2019-02-19, 12:27:16, 24.21, 43.36
2019-02-19, 12:27:18, 24.22, 43.36
2019-02-19, 12:27:19, 24.22, 43.36
2019-02-19, 12:27:21, 24.22, 43.4
2019-02-19, 12:27:22, 24.21, 43.4
2019-02-19, 12:27:23, 24.21, 43.4
2019-02-19, 12:27:25, 24.22, 43.4
2019-02-19, 12:27:26, 24.24, 43.4
2019-02-19, 12:27:27, 24.22, 43.4
2019-02-19, 12:27:29, 24.23, 43.37
2019-02-19, 12:27:30, 24.23, 43.4
2019-02-19, 12:27:31, 24.23, 43.37
2019-02-19, 12:27:33, 24.23, 43.37
2019-02-19, 12:27:34, 24.23, 43.37
2019-02-19, 12:27:35, 24.22, 43.33
2019-02-19, 12:27:37, 24.23, 43.33
2019-02-19, 12:27:38, 24.24, 43.33
2019-02-19, 12:27:39, 24.24, 43.33
2019-02-19, 12:27:41, 24.23, 43.33
2019-02-19, 12:27:42, 24.25, 43.34
2019-02-19, 12:27:44, 24.23, 43.33
2019-02-19, 12:27:45, 24.23, 43.33
2019-02-19, 12:27:46, 24.24, 43.37
2019-02-19, 12:27:48, 24.23, 43.37
2019-02-19, 12:27:49, 24.24, 43.33
2019-02-19, 12:27:50, 24.22, 43.33
2019-02-19, 12:27:52, 24.23, 43.33
2019-02-19, 12:27:53, 24.24, 43.33
2019-02-19, 12:27:54, 24.24, 43.33
2019-02-19, 12:27:56, 24.24, 43.33
2019-02-19, 12:27:57, 24.23, 43.33
2019-02-19, 12:27:58, 24.23, 43.33
2019-02-19, 12:28:00, 24.24, 43.33
2019-02-19, 12:28:01, 24.24, 43.33
2019-02-19, 12:28:03, 24.24, 43.33
2019-02-19, 12:28:04, 24.23, 43.33
2019-02-19, 12:28:05, 24.22, 43.33
2019-02-19, 12:28:07, 24.23, 43.33
2019-02-19, 12:28:08, 24.24, 43.33
2019-02-19, 12:28:09, 24.24, 43.33
2019-02-19, 12:28:11, 24.24, 43.33
2019-02-19, 12:28:12, 24.24, 43.33
2019-02-19, 12:28:13, 24.26, 43.34
2019-02-19, 12:28:15, 24.25, 43.34
2019-02-19, 12:28:16, 24.25, 43.34
2019-02-19, 12:28:17, 24.23, 43.33
2019-02-19, 12:28:19, 24.24, 43.33
2019-02-19, 12:28:20, 24.23, 43.33
2019-02-19, 12:28:21, 24.24, 43.33
2019-02-19, 12:28:23, 24.24, 43.33
2019-02-19, 12:28:24, 24.23, 43.33
2019-02-19, 12:28:26, 24.24, 43.3
2019-02-19, 12:28:27, 24.24, 43.3
2019-02-19, 12:28:28, 24.24, 43.3
2019-02-19, 12:28:30, 24.24, 43.3
2019-02-19, 12:28:31, 24.25, 43.3
2019-02-19, 12:28:32, 24.26, 43.3
2019-02-19, 12:28:34, 24.24, 43.3
2019-02-19, 12:28:35, 24.24, 43.3
2019-02-19, 12:28:36, 24.25, 43.3
2019-02-19, 12:28:38, 24.24, 43.27
2019-02-19, 12:28:39, 24.24, 43.27
2019-02-19, 12:28:40, 24.26, 43.3
2019-02-19, 12:28:42, 24.24, 43.3
2019-02-19, 12:28:43, 24.22, 43.27
2019-02-19, 12:28:45, 24.26, 43.27
2019-02-19, 12:28:46, 24.24, 43.27
2019-02-19, 12:28:47, 24.26, 43.27
2019-02-19, 12:28:49, 24.26, 43.27
2019-02-19, 12:28:50, 24.26, 43.27
2019-02-19, 12:28:51, 24.26, 43.27
2019-02-19, 12:28:53, 24.26, 43.27
2019-02-19, 12:28:54, 24.26, 43.27
2019-02-19, 12:28:55, 24.26, 43.24
2019-02-19, 12:28:57, 24.26, 43.27
2019-02-19, 12:28:58, 24.26, 43.24
2019-02-19, 12:28:59, 24.26, 43.24
2019-02-19, 12:29:01, 24.26, 43.24
2019-02-19, 12:29:02, 24.27, 43.27
2019-02-19, 12:29:03, 24.26, 43.24
2019-02-19, 12:29:05, 24.27, 43.24
2019-02-19, 12:29:06, 24.27, 43.24
2019-02-19, 12:29:08, 24.28, 43.27
2019-02-19, 12:29:09, 24.27, 43.24
2019-02-19, 12:29:10, 24.27, 43.27
2019-02-19, 12:29:12, 24.27, 43.27
2019-02-19, 12:29:13, 24.2, 43.27
2019-02-19, 12:29:14, 24.25, 43.27
2019-02-19, 12:29:16, 24.26, 43.27
2019-02-19, 12:29:17, 24.24, 43.27
2019-02-19, 12:29:18, 24.26, 43.27
2019-02-19, 12:29:20, 24.26, 43.3
2019-02-19, 12:29:21, 24.26, 43.27
2019-02-19, 12:29:22, 24.27, 43.27
2019-02-19, 12:29:24, 24.26, 43.27
2019-02-19, 12:29:25, 24.28, 43.27
2019-02-19, 12:29:26, 24.26, 43.27
2019-02-19, 12:29:28, 24.26, 43.27
2019-02-19, 12:29:29, 24.26, 43.27
2019-02-19, 12:29:31, 24.26, 43.27
2019-02-19, 12:29:32, 24.28, 43.27
2019-02-19, 12:29:33, 24.27, 43.27
2019-02-19, 12:29:35, 24.26, 43.27
2019-02-19, 12:29:36, 24.28, 43.27
2019-02-19, 12:29:37, 24.28, 43.27
2019-02-19, 12:29:39, 24.29, 43.28
2019-02-19, 12:29:40, 24.28, 43.27
2019-02-19, 12:29:41, 24.29, 43.28
2019-02-19, 12:29:43, 24.2, 43.27
2019-02-19, 12:29:44, 24.26, 43.27
2019-02-19, 12:29:45, 24.28, 43.27
2019-02-19, 12:29:47, 24.28, 43.27
2019-02-19, 12:29:48, 24.28, 43.27
2019-02-19, 12:29:50, 24.28, 43.27
2019-02-19, 12:29:51, 24.27, 43.27
2019-02-19, 12:29:52, 24.28, 43.27
2019-02-19, 12:29:54, 24.28, 43.24
2019-02-19, 12:29:55, 24.28, 43.27
2019-02-19, 12:29:56, 24.28, 43.24
2019-02-19, 12:29:58, 24.29, 43.28
2019-02-19, 12:29:59, 24.29, 43.24
2019-02-19, 12:30:00, 24.29, 43.21
2019-02-19, 12:30:02, 24.28, 43.21
2019-02-19, 12:30:03, 24.29, 43.21
2019-02-19, 12:30:04, 24.28, 43.21
2019-02-19, 12:30:06, 24.29, 43.21
2019-02-19, 12:30:07, 24.28, 43.24
2019-02-19, 12:30:09, 24.27, 43.21
2019-02-19, 12:30:10, 24.29, 43.21
2019-02-19, 12:30:11, 24.27, 43.21
2019-02-19, 12:30:13, 24.18, 43.2
2019-02-19, 12:30:14, 24.25, 43.24
2019-02-19, 12:30:15, 24.27, 43.27
2019-02-19, 12:30:17, 24.27, 43.24
2019-02-19, 12:30:18, 24.28, 43.24
2019-02-19, 12:30:19, 24.29, 43.21
2019-02-19, 12:30:21, 24.29, 43.21
2019-02-19, 12:30:22, 24.29, 43.21
2019-02-19, 12:30:23, 24.28, 43.21
2019-02-19, 12:30:25, 24.28, 43.21
2019-02-19, 12:30:26, 24.27, 43.21
2019-02-19, 12:30:27, 24.28, 43.21
2019-02-19, 12:30:29, 24.28, 43.21
2019-02-19, 12:30:30, 24.28, 43.21
2019-02-19, 12:30:32, 24.28, 43.21
2019-02-19, 12:30:33, 24.28, 43.21
2019-02-19, 12:30:34, 24.27, 43.21
2019-02-19, 12:30:36, 24.28, 43.21
2019-02-19, 12:30:37, 24.28, 43.18
2019-02-19, 12:30:38, 24.27, 43.18
2019-02-19, 12:30:40, 24.27, 43.18
2019-02-19, 12:30:41, 24.28, 43.18
2019-02-19, 12:30:42, 24.28, 43.18
2019-02-19, 12:30:44, 24.23, 43.17
2019-02-19, 12:30:45, 24.28, 43.18
2019-02-19, 12:30:47, 24.28, 43.21
2019-02-19, 12:30:48, 24.28, 43.18
2019-02-19, 12:30:49, 24.29, 43.18
2019-02-19, 12:30:51, 24.28, 43.18
2019-02-19, 12:30:52, 24.28, 43.18
2019-02-19, 12:30:53, 24.28, 43.21
2019-02-19, 12:30:55, 24.27, 43.14
2019-02-19, 12:30:56, 24.29, 43.18
2019-02-19, 12:30:57, 24.28, 43.14
2019-02-19, 12:30:59, 24.28, 43.21
2019-02-19, 12:31:00, 24.28, 43.18
2019-02-19, 12:31:02, 24.27, 43.18
2019-02-19, 12:31:03, 24.29, 43.15
2019-02-19, 12:31:04, 24.28, 43.14
2019-02-19, 12:31:06, 24.29, 43.15
2019-02-19, 12:31:07, 24.29, 43.18
2019-02-19, 12:31:08, 24.27, 43.14
2019-02-19, 12:31:10, 24.27, 43.18
2019-02-19, 12:31:11, 24.29, 43.15
2019-02-19, 12:31:12, 24.12, 43.19
2019-02-19, 12:31:14, 24.25, 43.24
2019-02-19, 12:31:15, 24.27, 43.24
2019-02-19, 12:31:16, 24.26, 43.27
2019-02-19, 12:31:18, 24.28, 43.24
2019-02-19, 12:31:19, 24.28, 43.21
2019-02-19, 12:31:20, 24.29, 43.21
2019-02-19, 12:31:22, 24.29, 43.21
2019-02-19, 12:31:23, 24.29, 43.18
2019-02-19, 12:31:25, 24.3, 43.18
2019-02-19, 12:31:26, 24.3, 43.15
2019-02-19, 12:31:27, 24.3, 43.18
2019-02-19, 12:31:29, 24.3, 43.15
2019-02-19, 12:31:30, 24.31, 43.18
2019-02-19, 12:31:31, 24.31, 43.15
2019-02-19, 12:31:33, 24.3, 43.15
2019-02-19, 12:31:34, 24.29, 43.15
2019-02-19, 12:31:35, 24.29, 43.15
2019-02-19, 12:31:37, 24.3, 43.15
2019-02-19, 12:31:38, 24.3, 43.18
2019-02-19, 12:31:40, 24.3, 43.15
2019-02-19, 12:31:41, 24.31, 43.15
2019-02-19, 12:31:42, 24.32, 43.18
2019-02-19, 12:31:44, 24.3, 43.15
2019-02-19, 12:31:45, 24.3, 43.15
2019-02-19, 12:31:46, 24.29, 43.15
2019-02-19, 12:31:48, 24.29, 43.15
2019-02-19, 12:31:49, 24.28, 43.14
2019-02-19, 12:31:50, 24.29, 43.15
2019-02-19, 12:31:52, 24.3, 43.18
2019-02-19, 12:31:53, 24.31, 43.15
2019-02-19, 12:31:54, 24.31, 43.18
2019-02-19, 12:31:56, 24.3, 43.15
2019-02-19, 12:31:57, 24.3, 43.15
2019-02-19, 12:31:59, 24.3, 43.18
2019-02-19, 12:32:00, 24.3, 43.15
2019-02-19, 12:32:01, 24.32, 43.15
2019-02-19, 12:32:03, 24.31, 43.18
2019-02-19, 12:32:04, 24.31, 43.15
2019-02-19, 12:32:05, 24.3, 43.15
2019-02-19, 12:32:07, 24.3, 43.15
2019-02-19, 12:32:08, 24.3, 43.15
2019-02-19, 12:32:09, 24.31, 43.15
2019-02-19, 12:32:11, 24.32, 43.15
2019-02-19, 12:32:12, 24.31, 43.15
2019-02-19, 12:32:13, 24.31, 43.15
2019-02-19, 12:32:15, 24.31, 43.15
2019-02-19, 12:32:16, 24.22, 43.14
2019-02-19, 12:32:18, 24.27, 43.14
2019-02-19, 12:32:19, 24.28, 43.18
2019-02-19, 12:32:20, 24.28, 43.21
2019-02-19, 12:32:22, 24.28, 43.18
2019-02-19, 12:32:23, 24.29, 43.18
2019-02-19, 12:32:24, 24.28, 43.18
2019-02-19, 12:32:26, 24.28, 43.21
2019-02-19, 12:32:27, 24.29, 43.21
2019-02-19, 12:32:28, 24.3, 43.21
2019-02-19, 12:32:30, 24.29, 43.18
2019-02-19, 12:32:31, 24.3, 43.18
2019-02-19, 12:32:32, 24.3, 43.21
2019-02-19, 12:32:34, 24.3, 43.21
2019-02-19, 12:32:35, 24.3, 43.21
2019-02-19, 12:32:37, 24.28, 43.21
2019-02-19, 12:32:38, 24.28, 43.21
2019-02-19, 12:32:39, 24.28, 43.21
2019-02-19, 12:32:41, 24.24, 43.2
2019-02-19, 12:32:42, 24.27, 43.21
2019-02-19, 12:32:43, 24.28, 43.24
2019-02-19, 12:32:45, 24.28, 43.24
2019-02-19, 12:32:46, 24.28, 43.24
2019-02-19, 12:32:47, 24.28, 43.24
2019-02-19, 12:32:49, 24.27, 43.27
2019-02-19, 12:32:50, 24.28, 43.24
2019-02-19, 12:32:51, 24.28, 43.24
2019-02-19, 12:32:53, 24.28, 43.24
2019-02-19, 12:32:54, 24.29, 43.21
2019-02-19, 12:32:55, 24.28, 43.21
2019-02-19, 12:32:57, 24.28, 43.21
2019-02-19, 12:32:58, 24.27, 43.24
2019-02-19, 12:33:00, 24.28, 43.21
2019-02-19, 12:33:01, 24.28, 43.24
2019-02-19, 12:33:02, 24.28, 43.24
2019-02-19, 12:33:04, 24.28, 43.24
2019-02-19, 12:33:05, 24.28, 43.21
2019-02-19, 12:33:06, 24.28, 43.24
2019-02-19, 12:33:08, 24.27, 43.21
2019-02-19, 12:33:09, 24.28, 43.21
2019-02-19, 12:33:10, 24.2, 43.2
2019-02-19, 12:33:12, 24.26, 43.24
2019-02-19, 12:33:13, 24.26, 43.24
2019-02-19, 12:33:14, 24.26, 43.24
2019-02-19, 12:33:16, 24.14, 43.26
2019-02-19, 12:33:17, 24.24, 43.27
2019-02-19, 12:33:19, 24.24, 43.3
2019-02-19, 12:33:20, 24.25, 43.3
2019-02-19, 12:33:21, 24.24, 43.27
2019-02-19, 12:33:23, 24.25, 43.27
2019-02-19, 12:33:24, 24.25, 43.27
2019-02-19, 12:33:25, 24.24, 43.27
2019-02-19, 12:33:27, 24.25, 43.27
2019-02-19, 12:33:28, 24.25, 43.27
2019-02-19, 12:33:29, 24.27, 43.27
2019-02-19, 12:33:31, 24.26, 43.27
2019-02-19, 12:33:32, 24.24, 43.27
2019-02-19, 12:33:33, 24.26, 43.27
2019-02-19, 12:33:35, 24.25, 43.27
2019-02-19, 12:33:36, 24.24, 43.27
2019-02-19, 12:33:37, 24.26, 43.27
2019-02-19, 12:33:39, 24.26, 43.27
2019-02-19, 12:33:40, 24.17, 43.29
2019-02-19, 12:33:42, 24.24, 43.3
2019-02-19, 12:33:43, 24.25, 43.34
2019-02-19, 12:33:44, 24.24, 43.33
2019-02-19, 12:33:46, 24.26, 43.34
2019-02-19, 12:33:47, 24.24, 43.3
2019-02-19, 12:33:48, 24.24, 43.3
2019-02-19, 12:33:50, 24.25, 43.3
2019-02-19, 12:33:51, 24.26, 43.34
2019-02-19, 12:33:52, 24.26, 43.3
2019-02-19, 12:33:54, 24.25, 43.3
2019-02-19, 12:33:55, 24.26, 43.3
2019-02-19, 12:33:56, 24.26, 43.3
2019-02-19, 12:33:58, 24.27, 43.31
2019-02-19, 12:33:59, 24.26, 43.3
2019-02-19, 12:34:00, 24.26, 43.3
2019-02-19, 12:34:02, 24.26, 43.27
2019-02-19, 12:34:03, 24.26, 43.27
2019-02-19, 12:34:05, 24.25, 43.27
2019-02-19, 12:34:06, 24.24, 43.27
2019-02-19, 12:34:07, 24.26, 43.3
2019-02-19, 12:34:09, 24.26, 43.27
2019-02-19, 12:34:10, 24.25, 43.3
2019-02-19, 12:34:11, 24.25, 43.3
2019-02-19, 12:34:13, 24.24, 43.3
2019-02-19, 12:34:14, 24.24, 43.3
2019-02-19, 12:34:15, 24.24, 43.3
2019-02-19, 12:34:17, 24.25, 43.34
2019-02-19, 12:34:18, 24.24, 43.3
2019-02-19, 12:34:19, 24.26, 43.3
2019-02-19, 12:34:21, 24.25, 43.27
2019-02-19, 12:34:22, 24.25, 43.3
2019-02-19, 12:34:23, 24.24, 43.3
2019-02-19, 12:34:25, 24.23, 43.3
2019-02-19, 12:34:26, 24.25, 43.34
2019-02-19, 12:34:28, 24.24, 43.33
2019-02-19, 12:34:29, 24.25, 43.34
2019-02-19, 12:34:30, 24.24, 43.3
2019-02-19, 12:34:32, 24.24, 43.3
2019-02-19, 12:34:33, 24.23, 43.33
2019-02-19, 12:34:34, 24.24, 43.33
2019-02-19, 12:34:36, 24.24, 43.33
2019-02-19, 12:34:37, 24.24, 43.33
2019-02-19, 12:34:38, 24.24, 43.33
2019-02-19, 12:34:40, 24.23, 43.33
2019-02-19, 12:34:41, 24.24, 43.33
2019-02-19, 12:34:42, 24.24, 43.33
2019-02-19, 12:34:44, 24.24, 43.33
2019-02-19, 12:34:45, 24.24, 43.33
2019-02-19, 12:34:46, 24.25, 43.34
2019-02-19, 12:34:48, 24.25, 43.34
2019-02-19, 12:34:49, 24.25, 43.34
2019-02-19, 12:34:51, 24.24, 43.33
2019-02-19, 12:34:52, 24.24, 43.3
2019-02-19, 12:34:53, 24.25, 43.3
2019-02-19, 12:34:55, 24.25, 43.3
2019-02-19, 12:34:56, 24.25, 43.3
2019-02-19, 12:34:57, 24.22, 43.3
2019-02-19, 12:34:59, 24.24, 43.33
2019-02-19, 12:35:00, 24.24, 43.33
2019-02-19, 12:35:01, 24.23, 43.33
2019-02-19, 12:35:03, 24.22, 43.33
2019-02-19, 12:35:04, 24.24, 43.33
2019-02-19, 12:35:05, 24.23, 43.33
2019-02-19, 12:35:07, 24.23, 43.33
2019-02-19, 12:35:08, 24.24, 43.33
2019-02-19, 12:35:10, 24.1, 43.38
2019-02-19, 12:35:11, 24.19, 43.43
2019-02-19, 12:35:12, 24.2, 43.39
2019-02-19, 12:35:14, 24.2, 43.39
2019-02-19, 12:35:15, 24.21, 43.4
2019-02-19, 12:35:16, 24.21, 43.4
2019-02-19, 12:35:18, 24.21, 43.4
2019-02-19, 12:35:19, 24.22, 43.4
2019-02-19, 12:35:20, 24.22, 43.4
2019-02-19, 12:35:22, 24.22, 43.36
2019-02-19, 12:35:23, 24.2, 43.39
2019-02-19, 12:35:24, 24.19, 43.39
2019-02-19, 12:35:26, 24.21, 43.4
2019-02-19, 12:35:27, 24.22, 43.4
2019-02-19, 12:35:29, 24.22, 43.36
2019-02-19, 12:35:30, 24.22, 43.36
2019-02-19, 12:35:31, 24.22, 43.36
2019-02-19, 12:35:33, 24.24, 43.37
2019-02-19, 12:35:34, 24.23, 43.33
2019-02-19, 12:35:35, 24.24, 43.33
2019-02-19, 12:35:37, 24.23, 43.33
2019-02-19, 12:35:38, 24.24, 43.33
2019-02-19, 12:35:39, 24.24, 43.33
2019-02-19, 12:35:41, 24.25, 43.34
2019-02-19, 12:35:42, 24.25, 43.34
2019-02-19, 12:35:43, 24.24, 43.33
2019-02-19, 12:35:45, 24.25, 43.34
2019-02-19, 12:35:46, 24.25, 43.37
2019-02-19, 12:35:48, 24.25, 43.34
2019-02-19, 12:35:49, 24.24, 43.37
2019-02-19, 12:35:50, 24.24, 43.33
2019-02-19, 12:35:52, 24.22, 43.4
2019-02-19, 12:35:53, 24.22, 43.36
2019-02-19, 12:35:54, 24.22, 43.36
2019-02-19, 12:35:56, 24.24, 43.37
2019-02-19, 12:35:57, 24.23, 43.37
2019-02-19, 12:35:58, 24.22, 43.4
2019-02-19, 12:36:00, 24.21, 43.4
2019-02-19, 12:36:01, 24.22, 43.4
2019-02-19, 12:36:02, 24.21, 43.4
2019-02-19, 12:36:04, 24.2, 43.39
2019-02-19, 12:36:05, 24.22, 43.4
2019-02-19, 12:36:07, 24.22, 43.4
2019-02-19, 12:36:08, 24.2, 43.39
2019-02-19, 12:36:09, 24.2, 43.39
2019-02-19, 12:36:11, 24.2, 43.39
2019-02-19, 12:36:12, 24.22, 43.4
2019-02-19, 12:36:13, 24.22, 43.4
2019-02-19, 12:36:15, 24.22, 43.36
2019-02-19, 12:36:16, 24.22, 43.36
2019-02-19, 12:36:17, 24.22, 43.36
2019-02-19, 12:36:19, 24.21, 43.36
2019-02-19, 12:36:20, 24.21, 43.36
2019-02-19, 12:36:21, 24.22, 43.36
2019-02-19, 12:36:23, 24.21, 43.36
2019-02-19, 12:36:24, 24.21, 43.36
2019-02-19, 12:36:26, 24.22, 43.36
2019-02-19, 12:36:27, 24.22, 43.36
2019-02-19, 12:36:28, 24.22, 43.36
2019-02-19, 12:36:30, 24.21, 43.4
2019-02-19, 12:36:31, 24.2, 43.36
2019-02-19, 12:36:32, 24.22, 43.36
2019-02-19, 12:36:34, 24.22, 43.36
2019-02-19, 12:36:35, 24.23, 43.37
2019-02-19, 12:36:36, 24.21, 43.4
2019-02-19, 12:36:38, 24.22, 43.4
2019-02-19, 12:36:39, 24.22, 43.4
2019-02-19, 12:36:40, 24.22, 43.4
2019-02-19, 12:36:42, 24.22, 43.4
2019-02-19, 12:36:43, 24.22, 43.4
2019-02-19, 12:36:45, 24.22, 43.36
2019-02-19, 12:36:46, 24.22, 43.36
2019-02-19, 12:36:47, 24.23, 43.37
2019-02-19, 12:36:49, 24.22, 43.36
2019-02-19, 12:36:50, 24.22, 43.33
2019-02-19, 12:36:51, 24.22, 43.33
2019-02-19, 12:36:53, 24.23, 43.33
2019-02-19, 12:36:54, 24.22, 43.33
2019-02-19, 12:36:55, 24.24, 43.33
2019-02-19, 12:36:57, 24.23, 43.33
2019-02-19, 12:36:58, 24.23, 43.33
2019-02-19, 12:36:59, 24.22, 43.33
2019-02-19, 12:37:01, 24.22, 43.33
2019-02-19, 12:37:02, 24.23, 43.33
2019-02-19, 12:37:03, 24.23, 43.33
2019-02-19, 12:37:05, 24.2, 43.36
2019-02-19, 12:37:06, 24.22, 43.36
2019-02-19, 12:37:08, 24.21, 43.36
2019-02-19, 12:37:09, 24.22, 43.36
2019-02-19, 12:37:10, 24.23, 43.37
2019-02-19, 12:37:12, 24.22, 43.33
2019-02-19, 12:37:13, 24.21, 43.33
2019-02-19, 12:37:14, 24.2, 43.36
2019-02-19, 12:37:16, 24.21, 43.33
2019-02-19, 12:37:17, 24.2, 43.36
2019-02-19, 12:37:18, 24.2, 43.33
2019-02-19, 12:37:20, 24.21, 43.36
2019-02-19, 12:37:21, 24.2, 43.33
2019-02-19, 12:37:22, 24.2, 43.36
2019-02-19, 12:37:24, 24.2, 43.33
2019-02-19, 12:37:25, 24.19, 43.36
2019-02-19, 12:37:26, 24.19, 43.36
2019-02-19, 12:37:28, 24.18, 43.36
2019-02-19, 12:37:29, 24.17, 43.36
2019-02-19, 12:37:31, 24.18, 43.36
2019-02-19, 12:37:32, 24.2, 43.36
2019-02-19, 12:37:33, 24.18, 43.39
2019-02-19, 12:37:35, 24.2, 43.39
2019-02-19, 12:37:36, 24.18, 43.39
2019-02-19, 12:37:37, 24.18, 43.39
2019-02-19, 12:37:39, 24.17, 43.39
2019-02-19, 12:37:40, 24.16, 43.39
2019-02-19, 12:37:41, 24.16, 43.39
2019-02-19, 12:37:43, 24.17, 43.39
2019-02-19, 12:37:44, 24.16, 43.39
2019-02-19, 12:37:45, 24.16, 43.39
2019-02-19, 12:37:47, 24.16, 43.39
2019-02-19, 12:37:48, 24.16, 43.42
2019-02-19, 12:37:50, 24.16, 43.39
2019-02-19, 12:37:51, 24.16, 43.42
2019-02-19, 12:37:52, 24.15, 43.39
2019-02-19, 12:37:54, 24.16, 43.42
2019-02-19, 12:37:55, 24.17, 43.42
2019-02-19, 12:37:56, 24.18, 43.43
2019-02-19, 12:37:58, 24.18, 43.43
2019-02-19, 12:37:59, 24.18, 43.39
2019-02-19, 12:38:00, 24.17, 43.39
2019-02-19, 12:38:02, 24.18, 43.43
2019-02-19, 12:38:03, 24.18, 43.39
2019-02-19, 12:38:04, 24.17, 43.42
2019-02-19, 12:38:06, 24.18, 43.46
2019-02-19, 12:38:07, 24.1, 43.42
2019-02-19, 12:38:08, 24.16, 43.46
2019-02-19, 12:38:10, 24.17, 43.49
2019-02-19, 12:38:11, 24.15, 43.45
2019-02-19, 12:38:13, 24.16, 43.49
2019-02-19, 12:38:14, 24.16, 43.46
2019-02-19, 12:38:15, 24.15, 43.49
2019-02-19, 12:38:17, 24.16, 43.46
2019-02-19, 12:38:18, 24.15, 43.49
2019-02-19, 12:38:19, 24.16, 43.49
2019-02-19, 12:38:21, 24.14, 43.49
2019-02-19, 12:38:22, 24.14, 43.49
2019-02-19, 12:38:23, 24.15, 43.52
2019-02-19, 12:38:25, 24.15, 43.52
2019-02-19, 12:38:26, 24.13, 43.48
2019-02-19, 12:38:27, 24.14, 43.52
2019-02-19, 12:38:29, 24.15, 43.52
2019-02-19, 12:38:30, 24.14, 43.52
2019-02-19, 12:38:31, 24.15, 43.52
2019-02-19, 12:38:33, 24.14, 43.52
2019-02-19, 12:38:34, 24.12, 43.52
2019-02-19, 12:38:36, 24.14, 43.52
2019-02-19, 12:38:37, 24.03, 43.51
2019-02-19, 12:38:38, 24.1, 43.55
2019-02-19, 12:38:40, 24.1, 43.58
2019-02-19, 12:38:41, 24.1, 43.58
2019-02-19, 12:38:42, 24.1, 43.58
2019-02-19, 12:38:44, 24.11, 43.58
2019-02-19, 12:38:45, 24.1, 43.58
2019-02-19, 12:38:46, 24.12, 43.58
2019-02-19, 12:38:48, 24.1, 43.58
2019-02-19, 12:38:49, 24.06, 43.57
2019-02-19, 12:38:51, 24.1, 43.58
2019-02-19, 12:38:52, 24.12, 43.58
2019-02-19, 12:38:53, 24.12, 43.58
2019-02-19, 12:38:55, 24.11, 43.58
2019-02-19, 12:38:56, 24.11, 43.58
2019-02-19, 12:38:57, 24.12, 43.58
2019-02-19, 12:38:59, 24.11, 43.58
2019-02-19, 12:39:00, 24.1, 43.58
2019-02-19, 12:39:01, 24.1, 43.58
2019-02-19, 12:39:03, 24.1, 43.58
2019-02-19, 12:39:04, 24.1, 43.58
2019-02-19, 12:39:05, 24.1, 43.58
2019-02-19, 12:39:07, 24.11, 43.58
2019-02-19, 12:39:08, 24.11, 43.58
2019-02-19, 12:39:10, 24.11, 43.58
2019-02-19, 12:39:11, 24.09, 43.58
2019-02-19, 12:39:12, 24.09, 43.58
2019-02-19, 12:39:14, 24.08, 43.58
2019-02-19, 12:39:15, 24.1, 43.61
2019-02-19, 12:39:16, 24.09, 43.61
2019-02-19, 12:39:18, 24.08, 43.61
2019-02-19, 12:39:19, 24.09, 43.61
2019-02-19, 12:39:20, 24.1, 43.61
2019-02-19, 12:39:22, 24.1, 43.61
2019-02-19, 12:39:23, 24.12, 43.61
2019-02-19, 12:39:24, 24.1, 43.58
2019-02-19, 12:39:26, 24.09, 43.58
2019-02-19, 12:39:27, 24.1, 43.58
2019-02-19, 12:39:29, 24.1, 43.58
2019-02-19, 12:39:30, 24.09, 43.58
2019-02-19, 12:39:31, 24.1, 43.61
2019-02-19, 12:39:33, 24.1, 43.64
2019-02-19, 12:39:34, 24.08, 43.64
2019-02-19, 12:39:35, 24.09, 43.64
2019-02-19, 12:39:37, 23.92, 43.65
2019-02-19, 12:39:38, 24.04, 43.73
2019-02-19, 12:39:39, 24.05, 43.7
2019-02-19, 12:39:41, 24.07, 43.7
2019-02-19, 12:39:42, 24.07, 43.7
2019-02-19, 12:39:43, 24.08, 43.71
2019-02-19, 12:39:45, 24.07, 43.7
2019-02-19, 12:39:46, 24.06, 43.7
2019-02-19, 12:39:47, 24.08, 43.71
2019-02-19, 12:39:49, 24.08, 43.71
2019-02-19, 12:39:50, 24.07, 43.7
2019-02-19, 12:39:51, 24.07, 43.7
2019-02-19, 12:39:53, 24.06, 43.7
2019-02-19, 12:39:54, 24.06, 43.7
2019-02-19, 12:39:56, 24.05, 43.73
2019-02-19, 12:39:57, 24.05, 43.73
2019-02-19, 12:39:58, 24.05, 43.73
2019-02-19, 12:40:00, 24.04, 43.73
2019-02-19, 12:40:01, 24.04, 43.77
2019-02-19, 12:40:02, 24.04, 43.73
2019-02-19, 12:40:04, 24.04, 43.77
2019-02-19, 12:40:05, 24.05, 43.73
2019-02-19, 12:40:06, 24.04, 43.73
2019-02-19, 12:40:08, 24.03, 43.73
2019-02-19, 12:40:09, 24.03, 43.76
2019-02-19, 12:40:10, 24.03, 43.76
2019-02-19, 12:40:12, 24.02, 43.76
2019-02-19, 12:40:13, 24.02, 43.76
2019-02-19, 12:40:15, 24.01, 43.76
2019-02-19, 12:40:16, 24.01, 43.76
2019-02-19, 12:40:17, 24.02, 43.8
2019-02-19, 12:40:19, 24.01, 43.79
2019-02-19, 12:40:20, 24.01, 43.83
2019-02-19, 12:40:21, 24.0, 43.83
2019-02-19, 12:40:23, 24.0, 43.83
2019-02-19, 12:40:24, 24.0, 43.83
2019-02-19, 12:40:25, 24.0, 43.83
2019-02-19, 12:40:27, 24.0, 43.83
2019-02-19, 12:40:28, 24.0, 43.83
2019-02-19, 12:40:29, 24.0, 43.86
2019-02-19, 12:40:31, 24.0, 43.83
2019-02-19, 12:40:32, 24.0, 43.83
2019-02-19, 12:40:33, 23.99, 43.82
2019-02-19, 12:40:35, 23.99, 43.86
2019-02-19, 12:40:36, 23.98, 43.89
2019-02-19, 12:40:38, 23.99, 43.86
2019-02-19, 12:40:39, 24.0, 43.83
2019-02-19, 12:40:40, 24.0, 43.86
2019-02-19, 12:40:42, 24.0, 43.89
2019-02-19, 12:40:43, 24.0, 43.86
2019-02-19, 12:40:44, 24.0, 43.89
2019-02-19, 12:40:46, 23.99, 43.89
2019-02-19, 12:40:47, 23.99, 43.89
2019-02-19, 12:40:48, 23.99, 43.89
2019-02-19, 12:40:50, 23.99, 43.89
2019-02-19, 12:40:51, 23.98, 43.89
2019-02-19, 12:40:52, 23.98, 43.89
2019-02-19, 12:40:54, 23.98, 43.89
2019-02-19, 12:40:55, 23.98, 43.89
2019-02-19, 12:40:56, 23.99, 43.89
2019-02-19, 12:40:58, 23.98, 43.89
2019-02-19, 12:40:59, 23.98, 43.89
2019-02-19, 12:41:01, 23.97, 43.92
2019-02-19, 12:41:02, 23.99, 43.92
2019-02-19, 12:41:03, 23.98, 43.92
2019-02-19, 12:41:05, 23.98, 43.92
2019-02-19, 12:41:06, 23.98, 43.92
2019-02-19, 12:41:07, 23.98, 43.95
2019-02-19, 12:41:09, 23.97, 43.95
2019-02-19, 12:41:10, 23.92, 43.95
2019-02-19, 12:41:11, 23.96, 43.95
2019-02-19, 12:41:13, 23.98, 43.95
2019-02-19, 12:41:14, 23.96, 43.98
2019-02-19, 12:41:15, 23.98, 43.95
2019-02-19, 12:41:17, 23.98, 43.99
2019-02-19, 12:41:18, 23.98, 43.99
2019-02-19, 12:41:19, 23.97, 43.95
2019-02-19, 12:41:21, 23.98, 43.95
2019-02-19, 12:41:22, 23.98, 43.95
2019-02-19, 12:41:24, 23.98, 43.95
2019-02-19, 12:41:25, 23.98, 43.95
2019-02-19, 12:41:26, 23.99, 43.95
2019-02-19, 12:41:28, 23.99, 43.95
2019-02-19, 12:41:29, 23.98, 43.92
2019-02-19, 12:41:30, 24.0, 43.95
2019-02-19, 12:41:32, 23.99, 43.92
2019-02-19, 12:41:33, 24.0, 43.89
2019-02-19, 12:41:34, 23.99, 43.92
2019-02-19, 12:41:36, 23.98, 43.95
2019-02-19, 12:41:37, 23.98, 43.95
2019-02-19, 12:41:38, 23.98, 43.95
2019-02-19, 12:41:40, 23.99, 43.99
2019-02-19, 12:41:41, 23.98, 43.95
2019-02-19, 12:41:42, 23.98, 43.95
2019-02-19, 12:41:44, 23.97, 43.95
2019-02-19, 12:41:45, 23.98, 43.95
2019-02-19, 12:41:47, 23.96, 43.98
2019-02-19, 12:41:48, 23.97, 43.98
2019-02-19, 12:41:49, 23.96, 43.95
2019-02-19, 12:41:51, 23.96, 44.02
2019-02-19, 12:41:52, 23.96, 43.98
2019-02-19, 12:41:53, 23.98, 43.99
2019-02-19, 12:41:55, 23.98, 44.02
2019-02-19, 12:41:56, 23.96, 43.98
2019-02-19, 12:41:57, 23.98, 43.95
2019-02-19, 12:41:59, 23.96, 43.95
2019-02-19, 12:42:00, 23.97, 43.98
2019-02-19, 12:42:01, 23.98, 43.95
2019-02-19, 12:42:03, 23.98, 43.95
2019-02-19, 12:42:04, 23.98, 43.99
2019-02-19, 12:42:06, 23.99, 43.99
2019-02-19, 12:42:07, 23.98, 43.99
2019-02-19, 12:42:08, 23.97, 43.95
2019-02-19, 12:42:10, 23.88, 44.01
2019-02-19, 12:42:11, 23.94, 44.01
2019-02-19, 12:42:12, 23.96, 44.02
2019-02-19, 12:42:14, 23.96, 44.02
2019-02-19, 12:42:15, 23.96, 44.02
2019-02-19, 12:42:16, 23.96, 44.02
2019-02-19, 12:42:18, 23.95, 44.01
2019-02-19, 12:42:19, 23.97, 44.02
2019-02-19, 12:42:20, 23.98, 44.02
2019-02-19, 12:42:22, 23.96, 44.02
2019-02-19, 12:42:23, 23.97, 44.02
2019-02-19, 12:42:24, 23.98, 44.02
2019-02-19, 12:42:26, 23.96, 44.02
2019-02-19, 12:42:27, 23.97, 44.02
2019-02-19, 12:42:29, 23.97, 44.02
2019-02-19, 12:42:30, 23.98, 44.02
2019-02-19, 12:42:31, 23.98, 44.02
2019-02-19, 12:42:33, 23.97, 44.02
2019-02-19, 12:42:34, 23.94, 44.01
2019-02-19, 12:42:35, 23.96, 44.02
2019-02-19, 12:42:37, 23.97, 44.05
2019-02-19, 12:42:38, 23.97, 44.02
2019-02-19, 12:42:39, 23.98, 44.05
2019-02-19, 12:42:41, 23.97, 44.02
2019-02-19, 12:42:42, 23.98, 44.02
2019-02-19, 12:42:43, 23.98, 44.02
2019-02-19, 12:42:45, 23.98, 44.05
2019-02-19, 12:42:46, 23.98, 44.05
2019-02-19, 12:42:47, 23.98, 44.02
2019-02-19, 12:42:49, 23.98, 44.02
2019-02-19, 12:42:50, 23.99, 44.02
2019-02-19, 12:42:52, 23.99, 44.02
2019-02-19, 12:42:53, 23.99, 44.02
2019-02-19, 12:42:54, 23.99, 44.02
2019-02-19, 12:42:56, 24.0, 44.02
2019-02-19, 12:42:57, 24.0, 44.02
2019-02-19, 12:42:58, 24.0, 44.02
2019-02-19, 12:43:00, 24.0, 44.02
2019-02-19, 12:43:01, 23.99, 44.02
2019-02-19, 12:43:02, 24.0, 44.02
2019-02-19, 12:43:04, 23.92, 44.01
2019-02-19, 12:43:05, 23.97, 44.05
2019-02-19, 12:43:06, 23.98, 44.05
2019-02-19, 12:43:08, 23.99, 44.05
2019-02-19, 12:43:09, 24.0, 44.05
2019-02-19, 12:43:10, 24.0, 44.02
2019-02-19, 12:43:12, 23.99, 44.05
2019-02-19, 12:43:13, 24.0, 44.02
2019-02-19, 12:43:15, 24.0, 44.02
2019-02-19, 12:43:16, 24.02, 44.02
2019-02-19, 12:43:17, 24.01, 44.02
2019-02-19, 12:43:19, 24.01, 44.02
2019-02-19, 12:43:20, 24.01, 44.02
2019-02-19, 12:43:21, 24.01, 43.99
2019-02-19, 12:43:23, 24.02, 43.99
2019-02-19, 12:43:24, 24.01, 43.99
2019-02-19, 12:43:25, 24.01, 43.96
2019-02-19, 12:43:27, 24.02, 43.99
2019-02-19, 12:43:28, 24.02, 43.99
2019-02-19, 12:43:29, 24.02, 43.96
2019-02-19, 12:43:31, 24.02, 43.96
2019-02-19, 12:43:32, 24.0, 43.95
2019-02-19, 12:43:34, 24.0, 43.95
2019-02-19, 12:43:35, 24.01, 43.99
2019-02-19, 12:43:36, 23.99, 43.99
2019-02-19, 12:43:38, 23.98, 43.99
2019-02-19, 12:43:39, 24.01, 44.02
2019-02-19, 12:43:40, 24.0, 44.02
2019-02-19, 12:43:42, 24.0, 44.02
2019-02-19, 12:43:43, 24.01, 44.02
2019-02-19, 12:43:44, 24.0, 43.99
2019-02-19, 12:43:46, 23.99, 43.99
2019-02-19, 12:43:47, 24.01, 43.96
2019-02-19, 12:43:48, 24.02, 43.99
2019-02-19, 12:43:50, 24.01, 43.99
2019-02-19, 12:43:51, 24.0, 43.99
2019-02-19, 12:43:53, 24.01, 43.99
2019-02-19, 12:43:54, 24.0, 43.95
2019-02-19, 12:43:55, 24.02, 43.96
2019-02-19, 12:43:57, 24.02, 43.96
2019-02-19, 12:43:58, 24.02, 43.96
2019-02-19, 12:43:59, 24.03, 43.96
2019-02-19, 12:44:01, 24.02, 43.96
2019-02-19, 12:44:02, 24.02, 43.96
2019-02-19, 12:44:03, 24.02, 43.96
2019-02-19, 12:44:05, 24.02, 43.92
2019-02-19, 12:44:06, 24.02, 43.89
2019-02-19, 12:44:07, 24.03, 43.93
2019-02-19, 12:44:09, 24.04, 43.93
2019-02-19, 12:44:10, 24.02, 43.92
2019-02-19, 12:44:12, 24.04, 43.96
2019-02-19, 12:44:13, 24.04, 43.93
2019-02-19, 12:44:14, 24.04, 43.93
2019-02-19, 12:44:16, 24.03, 43.93
2019-02-19, 12:44:17, 24.01, 43.92
2019-02-19, 12:44:18, 24.02, 43.92
2019-02-19, 12:44:20, 24.03, 43.93
2019-02-19, 12:44:21, 24.02, 43.92
2019-02-19, 12:44:22, 24.04, 43.89
2019-02-19, 12:44:24, 24.02, 43.92
2019-02-19, 12:44:25, 24.02, 43.92
2019-02-19, 12:44:26, 24.03, 43.89
2019-02-19, 12:44:28, 24.01, 43.92
2019-02-19, 12:44:29, 24.02, 43.96
2019-02-19, 12:44:30, 24.02, 43.92
2019-02-19, 12:44:32, 24.02, 43.92
2019-02-19, 12:44:33, 23.88, 43.94
2019-02-19, 12:44:35, 23.98, 44.02
2019-02-19, 12:44:36, 24.0, 43.99
2019-02-19, 12:44:37, 24.0, 43.99
2019-02-19, 12:44:39, 24.01, 43.99
2019-02-19, 12:44:40, 24.02, 43.99
2019-02-19, 12:44:41, 24.02, 43.96
2019-02-19, 12:44:43, 24.01, 43.99
2019-02-19, 12:44:44, 24.0, 43.95
2019-02-19, 12:44:45, 24.0, 43.95
2019-02-19, 12:44:47, 24.01, 43.96
2019-02-19, 12:44:48, 24.01, 43.96
2019-02-19, 12:44:49, 24.01, 43.96
2019-02-19, 12:44:51, 24.02, 43.99
2019-02-19, 12:44:52, 24.02, 43.96
2019-02-19, 12:44:53, 24.01, 43.96
2019-02-19, 12:44:55, 24.02, 43.96
2019-02-19, 12:44:56, 24.02, 43.96
2019-02-19, 12:44:58, 24.03, 43.96
2019-02-19, 12:44:59, 24.01, 43.96
2019-02-19, 12:45:00, 24.02, 43.96
2019-02-19, 12:45:02, 24.02, 43.96
2019-02-19, 12:45:03, 24.03, 43.96
2019-02-19, 12:45:04, 24.03, 43.96
2019-02-19, 12:45:06, 24.04, 43.93
2019-02-19, 12:45:07, 24.03, 43.93
2019-02-19, 12:45:08, 24.03, 43.93
2019-02-19, 12:45:10, 24.03, 43.89
2019-02-19, 12:45:11, 24.04, 43.93
2019-02-19, 12:45:12, 24.03, 43.89
2019-02-19, 12:45:14, 24.04, 43.89
2019-02-19, 12:45:15, 24.05, 43.9
2019-02-19, 12:45:16, 24.05, 43.9
2019-02-19, 12:45:18, 24.04, 43.89
2019-02-19, 12:45:19, 24.04, 43.89
2019-02-19, 12:45:21, 24.05, 43.9
2019-02-19, 12:45:22, 24.06, 43.9
2019-02-19, 12:45:23, 24.05, 43.9
2019-02-19, 12:45:25, 24.06, 43.9
2019-02-19, 12:45:26, 24.05, 43.9
2019-02-19, 12:45:27, 24.07, 43.9
2019-02-19, 12:45:29, 24.06, 43.86
2019-02-19, 12:45:30, 24.06, 43.86
2019-02-19, 12:45:31, 24.06, 43.86
2019-02-19, 12:45:33, 23.92, 43.88
2019-02-19, 12:45:34, 24.02, 43.92
2019-02-19, 12:45:35, 24.04, 43.96
2019-02-19, 12:45:37, 24.03, 43.93
2019-02-19, 12:45:38, 24.05, 43.93
2019-02-19, 12:45:39, 24.05, 43.9
2019-02-19, 12:45:41, 24.05, 43.9
2019-02-19, 12:45:42, 24.05, 43.9
2019-02-19, 12:45:44, 24.06, 43.9
2019-02-19, 12:45:45, 24.05, 43.83
2019-02-19, 12:45:46, 24.07, 43.87
2019-02-19, 12:45:48, 24.06, 43.83
2019-02-19, 12:45:49, 24.07, 43.83
2019-02-19, 12:45:50, 24.08, 43.83
2019-02-19, 12:45:52, 24.07, 43.83
2019-02-19, 12:45:53, 24.09, 43.84
2019-02-19, 12:45:54, 24.08, 43.83
2019-02-19, 12:45:56, 24.07, 43.83
2019-02-19, 12:45:57, 24.06, 43.83
2019-02-19, 12:45:58, 24.07, 43.83
2019-02-19, 12:46:00, 24.06, 43.8
2019-02-19, 12:46:01, 24.05, 43.83
2019-02-19, 12:46:03, 24.07, 43.8
2019-02-19, 12:46:04, 24.07, 43.8
2019-02-19, 12:46:05, 24.07, 43.83
2019-02-19, 12:46:07, 24.08, 43.8
2019-02-19, 12:46:08, 24.09, 43.84
2019-02-19, 12:46:09, 24.08, 43.77
2019-02-19, 12:46:11, 24.07, 43.8
2019-02-19, 12:46:12, 24.08, 43.77
2019-02-19, 12:46:13, 24.09, 43.77
2019-02-19, 12:46:15, 24.08, 43.77
2019-02-19, 12:46:16, 24.08, 43.77
2019-02-19, 12:46:17, 24.09, 43.77
2019-02-19, 12:46:19, 24.1, 43.77
2019-02-19, 12:46:20, 24.1, 43.77
2019-02-19, 12:46:21, 24.1, 43.77
2019-02-19, 12:46:23, 24.1, 43.77
2019-02-19, 12:46:24, 24.09, 43.74
2019-02-19, 12:46:26, 24.09, 43.74
2019-02-19, 12:46:27, 24.08, 43.74
2019-02-19, 12:46:28, 24.09, 43.77
2019-02-19, 12:46:30, 24.08, 43.74
2019-02-19, 12:46:31, 24.08, 43.77
2019-02-19, 12:46:32, 24.08, 43.74
2019-02-19, 12:46:34, 24.08, 43.74
2019-02-19, 12:46:35, 24.08, 43.74
2019-02-19, 12:46:36, 24.09, 43.77
2019-02-19, 12:46:38, 24.09, 43.77
2019-02-19, 12:46:39, 24.08, 43.77
2019-02-19, 12:46:40, 24.08, 43.74
2019-02-19, 12:46:42, 24.08, 43.77
2019-02-19, 12:46:43, 24.08, 43.77
2019-02-19, 12:46:44, 24.08, 43.77
2019-02-19, 12:46:46, 24.09, 43.74
2019-02-19, 12:46:47, 24.08, 43.74
2019-02-19, 12:46:49, 24.08, 43.74
2019-02-19, 12:46:50, 24.09, 43.74
2019-02-19, 12:46:51, 24.08, 43.74
2019-02-19, 12:46:53, 24.07, 43.77
2019-02-19, 12:46:54, 24.08, 43.74
2019-02-19, 12:46:55, 24.08, 43.77
2019-02-19, 12:46:57, 24.08, 43.77
2019-02-19, 12:46:58, 24.07, 43.74
2019-02-19, 12:46:59, 24.08, 43.77
2019-02-19, 12:47:01, 24.07, 43.77
2019-02-19, 12:47:02, 24.08, 43.77
2019-02-19, 12:47:03, 24.08, 43.77
2019-02-19, 12:47:05, 24.09, 43.77
2019-02-19, 12:47:06, 24.08, 43.74
2019-02-19, 12:47:08, 24.08, 43.74
2019-02-19, 12:47:09, 24.07, 43.77
2019-02-19, 12:47:10, 24.07, 43.74
2019-02-19, 12:47:12, 24.06, 43.77
2019-02-19, 12:47:13, 24.07, 43.77
2019-02-19, 12:47:14, 24.08, 43.77
2019-02-19, 12:47:16, 24.08, 43.74
2019-02-19, 12:47:17, 24.07, 43.77
2019-02-19, 12:47:18, 24.09, 43.74
2019-02-19, 12:47:20, 24.08, 43.77
2019-02-19, 12:47:21, 24.08, 43.77
2019-02-19, 12:47:22, 24.08, 43.77
2019-02-19, 12:47:24, 24.08, 43.77
2019-02-19, 12:47:25, 24.08, 43.77
2019-02-19, 12:47:26, 24.07, 43.74
2019-02-19, 12:47:28, 24.09, 43.74
2019-02-19, 12:47:29, 24.09, 43.77
2019-02-19, 12:47:31, 24.08, 43.74
2019-02-19, 12:47:32, 24.09, 43.74
2019-02-19, 12:47:33, 24.1, 43.71
2019-02-19, 12:47:35, 24.1, 43.71
2019-02-19, 12:47:36, 24.1, 43.71
2019-02-19, 12:47:37, 24.09, 43.74
2019-02-19, 12:47:39, 24.08, 43.71
2019-02-19, 12:47:40, 24.1, 43.74
2019-02-19, 12:47:41, 24.08, 43.77
2019-02-19, 12:47:43, 24.09, 43.74
2019-02-19, 12:47:44, 24.09, 43.77
2019-02-19, 12:47:45, 24.09, 43.74
2019-02-19, 12:47:47, 24.08, 43.74
2019-02-19, 12:47:48, 24.09, 43.74
2019-02-19, 12:47:49, 24.1, 43.74
2019-02-19, 12:47:51, 24.08, 43.71
2019-02-19, 12:47:52, 24.09, 43.74
2019-02-19, 12:47:54, 24.1, 43.74
2019-02-19, 12:47:55, 24.1, 43.74
2019-02-19, 12:47:56, 24.08, 43.71
2019-02-19, 12:47:58, 24.09, 43.71
2019-02-19, 12:47:59, 24.09, 43.74
2019-02-19, 12:48:00, 24.06, 43.74
2019-02-19, 12:48:02, 24.09, 43.74
2019-02-19, 12:48:03, 24.1, 43.71
2019-02-19, 12:48:04, 24.1, 43.74
2019-02-19, 12:48:06, 24.09, 43.71
2019-02-19, 12:48:07, 24.09, 43.71
2019-02-19, 12:48:08, 24.1, 43.74
2019-02-19, 12:48:10, 24.1, 43.71
2019-02-19, 12:48:11, 24.11, 43.71
2019-02-19, 12:48:12, 24.11, 43.71
2019-02-19, 12:48:14, 24.1, 43.71
2019-02-19, 12:48:15, 24.11, 43.71
2019-02-19, 12:48:17, 24.1, 43.71
2019-02-19, 12:48:18, 24.1, 43.71
2019-02-19, 12:48:19, 24.1, 43.71
2019-02-19, 12:48:21, 24.11, 43.71
2019-02-19, 12:48:22, 24.1, 43.71
2019-02-19, 12:48:23, 24.11, 43.71
2019-02-19, 12:48:25, 24.1, 43.71
2019-02-19, 12:48:26, 24.1, 43.74
2019-02-19, 12:48:27, 24.09, 43.77
2019-02-19, 12:48:29, 24.1, 43.74
2019-02-19, 12:48:30, 24.09, 43.77
2019-02-19, 12:48:31, 24.08, 43.77
2019-02-19, 12:48:33, 24.09, 43.77
2019-02-19, 12:48:34, 24.08, 43.77
2019-02-19, 12:48:35, 24.09, 43.77
2019-02-19, 12:48:37, 24.08, 43.77
2019-02-19, 12:48:38, 24.08, 43.77
2019-02-19, 12:48:40, 24.08, 43.77
2019-02-19, 12:48:41, 24.09, 43.77
2019-02-19, 12:48:42, 24.1, 43.77
2019-02-19, 12:48:44, 24.09, 43.77
2019-02-19, 12:48:45, 24.09, 43.77
2019-02-19, 12:48:46, 24.1, 43.77
2019-02-19, 12:48:48, 24.09, 43.77
2019-02-19, 12:48:49, 24.07, 43.77
2019-02-19, 12:48:50, 24.08, 43.74
2019-02-19, 12:48:52, 24.1, 43.74
2019-02-19, 12:48:53, 24.09, 43.74
2019-02-19, 12:48:54, 24.08, 43.74
2019-02-19, 12:48:56, 24.08, 43.71
2019-02-19, 12:48:57, 24.08, 43.71
2019-02-19, 12:48:59, 24.09, 43.71
2019-02-19, 12:49:00, 24.0, 43.73
2019-02-19, 12:49:01, 24.06, 43.77
2019-02-19, 12:49:03, 24.07, 43.8
2019-02-19, 12:49:04, 24.08, 43.77
2019-02-19, 12:49:05, 24.07, 43.77
2019-02-19, 12:49:07, 24.08, 43.77
2019-02-19, 12:49:08, 24.08, 43.77
2019-02-19, 12:49:09, 24.09, 43.77
2019-02-19, 12:49:11, 24.1, 43.74
2019-02-19, 12:49:12, 24.1, 43.74
2019-02-19, 12:49:13, 24.09, 43.71
2019-02-19, 12:49:15, 24.1, 43.71
2019-02-19, 12:49:16, 24.11, 43.71
2019-02-19, 12:49:18, 24.11, 43.71
2019-02-19, 12:49:19, 24.09, 43.71
2019-02-19, 12:49:20, 24.11, 43.71
2019-02-19, 12:49:22, 24.1, 43.71
2019-02-19, 12:49:23, 24.1, 43.71
2019-02-19, 12:49:24, 24.09, 43.71
2019-02-19, 12:49:26, 24.1, 43.71
2019-02-19, 12:49:27, 24.1, 43.71
2019-02-19, 12:49:28, 24.1, 43.74
2019-02-19, 12:49:30, 24.09, 43.71
2019-02-19, 12:49:31, 24.11, 43.74
2019-02-19, 12:49:32, 24.1, 43.77
2019-02-19, 12:49:34, 24.1, 43.77
2019-02-19, 12:49:35, 23.94, 43.79
2019-02-19, 12:49:37, 24.04, 43.86
2019-02-19, 12:49:38, 24.07, 43.87
2019-02-19, 12:49:39, 24.08, 43.87
2019-02-19, 12:49:41, 24.06, 43.86
2019-02-19, 12:49:42, 24.08, 43.83
2019-02-19, 12:49:43, 24.08, 43.83
2019-02-19, 12:49:45, 24.07, 43.83
2019-02-19, 12:49:46, 24.08, 43.8
2019-02-19, 12:49:47, 24.08, 43.8
2019-02-19, 12:49:49, 24.09, 43.77
2019-02-19, 12:49:50, 24.1, 43.77
2019-02-19, 12:49:51, 24.08, 43.77
2019-02-19, 12:49:53, 24.1, 43.77
2019-02-19, 12:49:54, 24.11, 43.77
2019-02-19, 12:49:56, 24.1, 43.74
2019-02-19, 12:49:57, 24.08, 43.77
2019-02-19, 12:49:58, 24.1, 43.74
2019-02-19, 12:50:00, 24.11, 43.74
2019-02-19, 12:50:01, 24.12, 43.71
2019-02-19, 12:50:02, 24.11, 43.74
2019-02-19, 12:50:04, 24.12, 43.71
2019-02-19, 12:50:05, 24.12, 43.71
2019-02-19, 12:50:06, 24.12, 43.71
2019-02-19, 12:50:08, 24.12, 43.71
2019-02-19, 12:50:09, 24.12, 43.71
2019-02-19, 12:50:11, 24.13, 43.71
2019-02-19, 12:50:12, 24.13, 43.74
2019-02-19, 12:50:13, 24.12, 43.71
2019-02-19, 12:50:15, 24.12, 43.74
2019-02-19, 12:50:16, 24.13, 43.71
2019-02-19, 12:50:17, 24.12, 43.74
2019-02-19, 12:50:19, 24.14, 43.71
2019-02-19, 12:50:20, 24.14, 43.74
2019-02-19, 12:50:21, 24.13, 43.71
2019-02-19, 12:50:23, 24.14, 43.68
2019-02-19, 12:50:24, 24.14, 43.71
2019-02-19, 12:50:25, 24.13, 43.71
2019-02-19, 12:50:27, 24.13, 43.71
2019-02-19, 12:50:28, 24.14, 43.71
2019-02-19, 12:50:29, 23.97, 43.72
2019-02-19, 12:50:31, 24.09, 43.77
2019-02-19, 12:50:32, 24.1, 43.8
2019-02-19, 12:50:34, 24.1, 43.8
2019-02-19, 12:50:35, 24.11, 43.77
2019-02-19, 12:50:36, 24.12, 43.77
2019-02-19, 12:50:38, 24.1, 43.8
2019-02-19, 12:50:39, 24.12, 43.77
2019-02-19, 12:50:40, 24.1, 43.8
2019-02-19, 12:50:42, 24.11, 43.77
2019-02-19, 12:50:43, 24.12, 43.77
2019-02-19, 12:50:44, 24.11, 43.77
2019-02-19, 12:50:46, 24.11, 43.74
2019-02-19, 12:50:47, 24.11, 43.77
2019-02-19, 12:50:48, 24.11, 43.77
2019-02-19, 12:50:50, 24.11, 43.77
2019-02-19, 12:50:51, 24.11, 43.77
2019-02-19, 12:50:52, 24.11, 43.77
2019-02-19, 12:50:54, 24.1, 43.77
2019-02-19, 12:50:55, 24.11, 43.77
2019-02-19, 12:50:57, 24.1, 43.77
2019-02-19, 12:50:58, 24.11, 43.77
2019-02-19, 12:50:59, 24.11, 43.77
2019-02-19, 12:51:01, 24.1, 43.74
2019-02-19, 12:51:02, 24.1, 43.77
2019-02-19, 12:51:03, 24.1, 43.74
2019-02-19, 12:51:05, 24.1, 43.74
2019-02-19, 12:51:06, 24.1, 43.74
2019-02-19, 12:51:07, 24.1, 43.74
2019-02-19, 12:51:09, 24.12, 43.74
2019-02-19, 12:51:10, 24.12, 43.77
2019-02-19, 12:51:11, 24.11, 43.74
2019-02-19, 12:51:13, 24.1, 43.74
2019-02-19, 12:51:14, 24.1, 43.71
2019-02-19, 12:51:15, 24.1, 43.74
2019-02-19, 12:51:17, 24.11, 43.74
2019-02-19, 12:51:18, 24.11, 43.74
2019-02-19, 12:51:20, 24.11, 43.74
2019-02-19, 12:51:21, 24.12, 43.74
2019-02-19, 12:51:22, 24.12, 43.74
2019-02-19, 12:51:24, 24.12, 43.74
2019-02-19, 12:51:25, 24.11, 43.74
2019-02-19, 12:51:26, 24.1, 43.71
2019-02-19, 12:51:28, 24.1, 43.74
2019-02-19, 12:51:29, 24.12, 43.74
2019-02-19, 12:51:30, 24.13, 43.71
2019-02-19, 12:51:32, 24.12, 43.71
2019-02-19, 12:51:33, 24.12, 43.71
2019-02-19, 12:51:34, 24.12, 43.71
2019-02-19, 12:51:36, 24.12, 43.71
2019-02-19, 12:51:37, 24.12, 43.71
2019-02-19, 12:51:38, 24.11, 43.71
2019-02-19, 12:51:40, 24.11, 43.71
2019-02-19, 12:51:41, 24.12, 43.71
2019-02-19, 12:51:43, 24.13, 43.71
2019-02-19, 12:51:44, 24.13, 43.68
2019-02-19, 12:51:45, 24.13, 43.68
2019-02-19, 12:51:47, 24.14, 43.71
2019-02-19, 12:51:48, 24.13, 43.71
2019-02-19, 12:51:49, 24.13, 43.71
2019-02-19, 12:51:51, 24.13, 43.71
2019-02-19, 12:51:52, 24.14, 43.68
2019-02-19, 12:51:53, 24.14, 43.68
2019-02-19, 12:51:55, 24.14, 43.68
2019-02-19, 12:51:56, 24.12, 43.68
2019-02-19, 12:51:57, 24.14, 43.65
2019-02-19, 12:51:59, 24.14, 43.65
2019-02-19, 12:52:00, 24.14, 43.65
2019-02-19, 12:52:02, 24.14, 43.65
2019-02-19, 12:52:03, 24.07, 43.67
2019-02-19, 12:52:04, 24.14, 43.68
2019-02-19, 12:52:06, 24.14, 43.71
2019-02-19, 12:52:07, 24.15, 43.68
2019-02-19, 12:52:08, 24.16, 43.68
2019-02-19, 12:52:10, 24.16, 43.65
2019-02-19, 12:52:11, 24.16, 43.65
2019-02-19, 12:52:12, 24.16, 43.65
2019-02-19, 12:52:14, 24.18, 43.65
2019-02-19, 12:52:15, 24.17, 43.65
2019-02-19, 12:52:16, 24.18, 43.65
2019-02-19, 12:52:18, 24.16, 43.62
2019-02-19, 12:52:19, 24.16, 43.65
2019-02-19, 12:52:20, 24.16, 43.65
2019-02-19, 12:52:22, 24.18, 43.65
2019-02-19, 12:52:23, 24.17, 43.65
2019-02-19, 12:52:25, 24.17, 43.65
2019-02-19, 12:52:26, 24.16, 43.65
2019-02-19, 12:52:27, 24.18, 43.65
2019-02-19, 12:52:29, 24.16, 43.65
2019-02-19, 12:52:30, 24.18, 43.65
2019-02-19, 12:52:31, 24.17, 43.62
2019-02-19, 12:52:33, 24.17, 43.65
2019-02-19, 12:52:34, 24.17, 43.65
2019-02-19, 12:52:35, 24.17, 43.62
2019-02-19, 12:52:37, 24.17, 43.62
2019-02-19, 12:52:38, 24.19, 43.62
2019-02-19, 12:52:39, 24.17, 43.62
2019-02-19, 12:52:41, 24.18, 43.59
2019-02-19, 12:52:42, 24.17, 43.62
2019-02-19, 12:52:43, 24.18, 43.62
2019-02-19, 12:52:45, 24.18, 43.62
2019-02-19, 12:52:46, 24.18, 43.62
2019-02-19, 12:52:48, 24.18, 43.62
2019-02-19, 12:52:49, 24.18, 43.62
2019-02-19, 12:52:50, 24.18, 43.62
2019-02-19, 12:52:52, 24.18, 43.62
2019-02-19, 12:52:53, 24.18, 43.62
2019-02-19, 12:52:54, 24.18, 43.62
2019-02-19, 12:52:56, 24.18, 43.62
2019-02-19, 12:52:57, 24.13, 43.61
2019-02-19, 12:52:58, 24.16, 43.62
2019-02-19, 12:53:00, 24.18, 43.62
2019-02-19, 12:53:01, 24.17, 43.59
2019-02-19, 12:53:02, 24.2, 43.59
2019-02-19, 12:53:04, 24.19, 43.59
2019-02-19, 12:53:05, 24.18, 43.59
2019-02-19, 12:53:06, 24.19, 43.59
2019-02-19, 12:53:08, 24.18, 43.59
2019-02-19, 12:53:09, 24.18, 43.59
2019-02-19, 12:53:11, 24.17, 43.59
2019-02-19, 12:53:12, 24.19, 43.59
2019-02-19, 12:53:13, 24.18, 43.55
2019-02-19, 12:53:15, 24.17, 43.59
2019-02-19, 12:53:16, 24.19, 43.59
2019-02-19, 12:53:17, 24.18, 43.59
2019-02-19, 12:53:19, 24.18, 43.59
2019-02-19, 12:53:20, 24.17, 43.59
2019-02-19, 12:53:21, 24.18, 43.59
2019-02-19, 12:53:23, 24.18, 43.59
2019-02-19, 12:53:24, 24.18, 43.59
2019-02-19, 12:53:25, 24.19, 43.59
2019-02-19, 12:53:27, 24.18, 43.59
2019-02-19, 12:53:28, 24.18, 43.59
2019-02-19, 12:53:29, 24.18, 43.59
2019-02-19, 12:53:31, 24.18, 43.59
2019-02-19, 12:53:32, 24.2, 43.59
2019-02-19, 12:53:34, 24.18, 43.59
2019-02-19, 12:53:35, 24.19, 43.59
2019-02-19, 12:53:36, 24.2, 43.59
2019-02-19, 12:53:38, 24.21, 43.59
2019-02-19, 12:53:39, 24.19, 43.56
2019-02-19, 12:53:40, 24.2, 43.56
2019-02-19, 12:53:42, 24.19, 43.56
2019-02-19, 12:53:43, 24.18, 43.59
2019-02-19, 12:53:44, 24.2, 43.56
2019-02-19, 12:53:46, 24.18, 43.55
2019-02-19, 12:53:47, 24.2, 43.59
2019-02-19, 12:53:48, 24.2, 43.56
2019-02-19, 12:53:50, 24.2, 43.56
2019-02-19, 12:53:51, 24.2, 43.59
2019-02-19, 12:53:52, 24.19, 43.56
2019-02-19, 12:53:54, 24.2, 43.59
2019-02-19, 12:53:55, 24.19, 43.56
2019-02-19, 12:53:57, 24.2, 43.56
2019-02-19, 12:53:58, 24.2, 43.59
2019-02-19, 12:53:59, 24.2, 43.56
2019-02-19, 12:54:01, 24.22, 43.56
2019-02-19, 12:54:02, 24.2, 43.56
2019-02-19, 12:54:03, 24.21, 43.53
2019-02-19, 12:54:05, 24.22, 43.53
2019-02-19, 12:54:06, 24.21, 43.53
2019-02-19, 12:54:07, 24.2, 43.52
2019-02-19, 12:54:09, 24.2, 43.52
2019-02-19, 12:54:10, 24.2, 43.52
2019-02-19, 12:54:11, 24.19, 43.52
2019-02-19, 12:54:13, 24.18, 43.52
2019-02-19, 12:54:14, 24.18, 43.55
2019-02-19, 12:54:16, 24.18, 43.55
2019-02-19, 12:54:17, 24.18, 43.52
2019-02-19, 12:54:18, 24.2, 43.56
2019-02-19, 12:54:20, 24.18, 43.52
2019-02-19, 12:54:21, 24.2, 43.56
2019-02-19, 12:54:22, 24.2, 43.56
2019-02-19, 12:54:24, 24.2, 43.52
2019-02-19, 12:54:25, 24.2, 43.52
2019-02-19, 12:54:26, 24.08, 43.54
2019-02-19, 12:54:28, 24.16, 43.58
2019-02-19, 12:54:29, 24.18, 43.59
2019-02-19, 12:54:30, 24.19, 43.59
2019-02-19, 12:54:32, 24.2, 43.59
2019-02-19, 12:54:33, 24.19, 43.59
2019-02-19, 12:54:35, 24.2, 43.56
2019-02-19, 12:54:36, 24.2, 43.56
2019-02-19, 12:54:37, 24.21, 43.56
2019-02-19, 12:54:39, 24.21, 43.56
2019-02-19, 12:54:40, 24.21, 43.56
2019-02-19, 12:54:41, 24.2, 43.52
2019-02-19, 12:54:43, 24.2, 43.52
2019-02-19, 12:54:44, 24.21, 43.53
2019-02-19, 12:54:45, 24.19, 43.52
2019-02-19, 12:54:47, 24.2, 43.52
2019-02-19, 12:54:48, 24.2, 43.52
2019-02-19, 12:54:49, 24.19, 43.52
2019-02-19, 12:54:51, 24.2, 43.52
2019-02-19, 12:54:52, 24.2, 43.56
2019-02-19, 12:54:54, 24.2, 43.52
2019-02-19, 12:54:55, 24.18, 43.52
2019-02-19, 12:54:56, 24.04, 43.57
2019-02-19, 12:54:58, 24.15, 43.58
2019-02-19, 12:54:59, 24.16, 43.58
2019-02-19, 12:55:00, 24.16, 43.58
2019-02-19, 12:55:02, 24.18, 43.55
2019-02-19, 12:55:03, 24.18, 43.59
2019-02-19, 12:55:04, 24.16, 43.55
2019-02-19, 12:55:06, 24.18, 43.59
2019-02-19, 12:55:07, 24.18, 43.55
2019-02-19, 12:55:08, 24.19, 43.56
2019-02-19, 12:55:10, 24.18, 43.55
2019-02-19, 12:55:11, 24.18, 43.59
2019-02-19, 12:55:12, 24.18, 43.55
2019-02-19, 12:55:14, 24.19, 43.56
2019-02-19, 12:55:15, 24.18, 43.59
2019-02-19, 12:55:17, 24.2, 43.59
2019-02-19, 12:55:18, 24.19, 43.59
2019-02-19, 12:55:19, 24.2, 43.59
2019-02-19, 12:55:21, 24.19, 43.56
2019-02-19, 12:55:22, 24.2, 43.56
2019-02-19, 12:55:23, 24.19, 43.56
2019-02-19, 12:55:25, 24.19, 43.52
2019-02-19, 12:55:26, 24.04, 43.54
2019-02-19, 12:55:27, 24.15, 43.58
2019-02-19, 12:55:29, 24.16, 43.62
2019-02-19, 12:55:30, 24.16, 43.62
2019-02-19, 12:55:31, 24.17, 43.62
2019-02-19, 12:55:33, 24.18, 43.59
2019-02-19, 12:55:34, 24.17, 43.59
2019-02-19, 12:55:35, 24.18, 43.59
2019-02-19, 12:55:37, 24.19, 43.56
2019-02-19, 12:55:38, 24.18, 43.55
2019-02-19, 12:55:40, 24.18, 43.52
2019-02-19, 12:55:41, 24.2, 43.52
2019-02-19, 12:55:42, 24.2, 43.56
2019-02-19, 12:55:44, 24.2, 43.52
2019-02-19, 12:55:45, 24.2, 43.56
2019-02-19, 12:55:46, 24.2, 43.56
2019-02-19, 12:55:48, 24.18, 43.55
2019-02-19, 12:55:49, 24.2, 43.59
2019-02-19, 12:55:50, 24.19, 43.56
2019-02-19, 12:55:52, 24.2, 43.56
2019-02-19, 12:55:53, 24.2, 43.56
2019-02-19, 12:55:54, 24.19, 43.56
2019-02-19, 12:55:56, 24.03, 43.57
2019-02-19, 12:55:57, 24.13, 43.65
2019-02-19, 12:55:59, 24.16, 43.65
2019-02-19, 12:56:00, 24.17, 43.65
2019-02-19, 12:56:01, 24.17, 43.65
2019-02-19, 12:56:03, 24.16, 43.65
2019-02-19, 12:56:04, 24.16, 43.65
2019-02-19, 12:56:05, 24.18, 43.65
2019-02-19, 12:56:07, 24.17, 43.65
2019-02-19, 12:56:08, 24.16, 43.62
2019-02-19, 12:56:09, 24.16, 43.65
2019-02-19, 12:56:11, 24.17, 43.62
2019-02-19, 12:56:12, 24.17, 43.59
2019-02-19, 12:56:13, 24.16, 43.58
2019-02-19, 12:56:15, 24.16, 43.62
2019-02-19, 12:56:16, 24.18, 43.62
2019-02-19, 12:56:17, 24.18, 43.62
2019-02-19, 12:56:19, 24.17, 43.65
2019-02-19, 12:56:20, 24.16, 43.62
2019-02-19, 12:56:22, 24.16, 43.65
2019-02-19, 12:56:23, 24.16, 43.65
2019-02-19, 12:56:24, 24.17, 43.65
2019-02-19, 12:56:26, 24.15, 43.62
2019-02-19, 12:56:27, 24.16, 43.65
2019-02-19, 12:56:28, 24.17, 43.62
2019-02-19, 12:56:30, 24.17, 43.65
2019-02-19, 12:56:31, 24.16, 43.65
2019-02-19, 12:56:32, 24.18, 43.62
2019-02-19, 12:56:34, 24.17, 43.62
2019-02-19, 12:56:35, 24.16, 43.65
2019-02-19, 12:56:36, 24.15, 43.62
2019-02-19, 12:56:38, 24.16, 43.65
2019-02-19, 12:56:39, 24.16, 43.65
2019-02-19, 12:56:41, 24.16, 43.65
2019-02-19, 12:56:42, 24.15, 43.65
2019-02-19, 12:56:43, 24.15, 43.65
2019-02-19, 12:56:45, 24.16, 43.65
2019-02-19, 12:56:46, 24.15, 43.65
2019-02-19, 12:56:47, 24.15, 43.65
2019-02-19, 12:56:49, 24.14, 43.65
2019-02-19, 12:56:50, 24.15, 43.65
2019-02-19, 12:56:51, 24.14, 43.65
2019-02-19, 12:56:53, 24.14, 43.65
2019-02-19, 12:56:54, 24.14, 43.65
2019-02-19, 12:56:55, 24.13, 43.68
2019-02-19, 12:56:57, 24.14, 43.65
2019-02-19, 12:56:58, 24.13, 43.65
2019-02-19, 12:56:59, 24.07, 43.67
2019-02-19, 12:57:01, 24.12, 43.71
2019-02-19, 12:57:02, 24.12, 43.71
2019-02-19, 12:57:04, 24.12, 43.74
2019-02-19, 12:57:05, 24.12, 43.74
2019-02-19, 12:57:06, 24.11, 43.71
2019-02-19, 12:57:08, 24.12, 43.74
2019-02-19, 12:57:09, 24.11, 43.74
2019-02-19, 12:57:10, 24.12, 43.71
2019-02-19, 12:57:12, 24.12, 43.71
2019-02-19, 12:57:13, 24.12, 43.74
2019-02-19, 12:57:14, 24.11, 43.71
2019-02-19, 12:57:16, 24.11, 43.71
2019-02-19, 12:57:17, 24.12, 43.71
2019-02-19, 12:57:18, 24.11, 43.71
2019-02-19, 12:57:20, 24.11, 43.71
2019-02-19, 12:57:21, 24.12, 43.71
2019-02-19, 12:57:22, 24.11, 43.71
2019-02-19, 12:57:24, 24.12, 43.71
2019-02-19, 12:57:25, 24.1, 43.71
2019-02-19, 12:57:27, 24.12, 43.71
2019-02-19, 12:57:28, 24.12, 43.74
2019-02-19, 12:57:29, 24.12, 43.74
2019-02-19, 12:57:31, 24.12, 43.71
2019-02-19, 12:57:32, 24.12, 43.74
2019-02-19, 12:57:33, 24.11, 43.71
2019-02-19, 12:57:35, 24.12, 43.71
2019-02-19, 12:57:36, 24.12, 43.71
2019-02-19, 12:57:37, 24.13, 43.74
2019-02-19, 12:57:39, 24.12, 43.71
2019-02-19, 12:57:40, 24.14, 43.71
2019-02-19, 12:57:41, 24.14, 43.71
2019-02-19, 12:57:43, 24.13, 43.71
2019-02-19, 12:57:44, 24.13, 43.71
2019-02-19, 12:57:46, 24.14, 43.71
2019-02-19, 12:57:47, 24.13, 43.71
2019-02-19, 12:57:48, 24.14, 43.71
2019-02-19, 12:57:50, 24.12, 43.71
2019-02-19, 12:57:51, 24.13, 43.74
2019-02-19, 12:57:52, 24.13, 43.74
2019-02-19, 12:57:54, 24.13, 43.78
2019-02-19, 12:57:55, 24.13, 43.74
2019-02-19, 12:57:56, 24.12, 43.74
2019-02-19, 12:57:58, 24.12, 43.74
2019-02-19, 12:57:59, 24.0, 43.76
2019-02-19, 12:58:00, 24.09, 43.77
2019-02-19, 12:58:02, 24.11, 43.84
2019-02-19, 12:58:03, 24.12, 43.81
2019-02-19, 12:58:04, 24.12, 43.81
2019-02-19, 12:58:06, 24.12, 43.81
2019-02-19, 12:58:07, 24.12, 43.77
2019-02-19, 12:58:09, 24.1, 43.74
2019-02-19, 12:58:10, 24.12, 43.77
2019-02-19, 12:58:11, 24.12, 43.77
2019-02-19, 12:58:13, 24.13, 43.78
2019-02-19, 12:58:14, 24.13, 43.74
2019-02-19, 12:58:15, 24.13, 43.78
2019-02-19, 12:58:17, 24.12, 43.74
2019-02-19, 12:58:18, 24.13, 43.74
2019-02-19, 12:58:19, 24.13, 43.78
2019-02-19, 12:58:21, 24.12, 43.74
2019-02-19, 12:58:22, 24.12, 43.74
2019-02-19, 12:58:23, 24.08, 43.74
2019-02-19, 12:58:25, 24.12, 43.77
2019-02-19, 12:58:26, 24.13, 43.74
2019-02-19, 12:58:28, 24.12, 43.74
2019-02-19, 12:58:29, 24.12, 43.71
2019-02-19, 12:58:30, 24.14, 43.71
2019-02-19, 12:58:32, 24.14, 43.71
2019-02-19, 12:58:33, 24.14, 43.71
2019-02-19, 12:58:34, 24.14, 43.71
2019-02-19, 12:58:36, 24.13, 43.71
2019-02-19, 12:58:37, 24.14, 43.71
2019-02-19, 12:58:38, 24.14, 43.71
2019-02-19, 12:58:40, 24.15, 43.71
2019-02-19, 12:58:41, 24.14, 43.68
2019-02-19, 12:58:42, 24.15, 43.71
2019-02-19, 12:58:44, 24.13, 43.71
2019-02-19, 12:58:45, 24.13, 43.71
2019-02-19, 12:58:46, 24.13, 43.68
2019-02-19, 12:58:48, 24.12, 43.68
2019-02-19, 12:58:49, 24.13, 43.68
2019-02-19, 12:58:51, 24.13, 43.68
2019-02-19, 12:58:52, 24.13, 43.68
2019-02-19, 12:58:53, 24.04, 43.7
2019-02-19, 12:58:55, 24.12, 43.71
2019-02-19, 12:58:56, 24.14, 43.71
2019-02-19, 12:58:57, 24.13, 43.74
2019-02-19, 12:58:59, 23.98, 43.73
2019-02-19, 12:59:00, 24.09, 43.77
2019-02-19, 12:59:01, 24.1, 43.8
2019-02-19, 12:59:03, 24.09, 43.8
2019-02-19, 12:59:04, 24.12, 43.77
2019-02-19, 12:59:05, 24.12, 43.77
2019-02-19, 12:59:07, 24.14, 43.74
2019-02-19, 12:59:08, 24.12, 43.74
2019-02-19, 12:59:10, 24.13, 43.74
2019-02-19, 12:59:11, 24.13, 43.71
2019-02-19, 12:59:12, 24.12, 43.71
2019-02-19, 12:59:14, 24.12, 43.71
2019-02-19, 12:59:15, 24.13, 43.71
2019-02-19, 12:59:16, 24.14, 43.71
2019-02-19, 12:59:18, 24.14, 43.71
2019-02-19, 12:59:19, 24.14, 43.71
2019-02-19, 12:59:20, 24.14, 43.71
2019-02-19, 12:59:22, 24.12, 43.74
2019-02-19, 12:59:23, 24.12, 43.71
2019-02-19, 12:59:24, 24.12, 43.74
2019-02-19, 12:59:26, 24.12, 43.74
2019-02-19, 12:59:27, 24.12, 43.74
2019-02-19, 12:59:29, 24.13, 43.74
2019-02-19, 12:59:30, 24.12, 43.74
2019-02-19, 12:59:31, 24.12, 43.74
2019-02-19, 12:59:33, 24.12, 43.77
2019-02-19, 12:59:34, 24.12, 43.74
2019-02-19, 12:59:35, 24.11, 43.74
2019-02-19, 12:59:37, 24.12, 43.77
2019-02-19, 12:59:38, 24.12, 43.77
2019-02-19, 12:59:39, 24.12, 43.77
2019-02-19, 12:59:41, 24.11, 43.77
2019-02-19, 12:59:42, 24.12, 43.77
2019-02-19, 12:59:43, 24.12, 43.77
2019-02-19, 12:59:45, 24.12, 43.77
2019-02-19, 12:59:46, 24.12, 43.77
2019-02-19, 12:59:48, 24.12, 43.81
2019-02-19, 12:59:49, 24.11, 43.77
2019-02-19, 12:59:50, 24.13, 43.78
2019-02-19, 12:59:52, 24.13, 43.81
2019-02-19, 12:59:53, 23.97, 43.82
2019-02-19, 12:59:54, 24.07, 43.83
2019-02-19, 12:59:56, 24.1, 43.87
2019-02-19, 12:59:57, 24.12, 43.84
2019-02-19, 12:59:58, 24.11, 43.84
2019-02-19, 13:00:00, 24.11, 43.84
2019-02-19, 13:00:01, 24.08, 43.83
2019-02-19, 13:00:02, 24.1, 43.84
2019-02-19, 13:00:04, 24.1, 43.84
2019-02-19, 13:00:05, 24.09, 43.84
2019-02-19, 13:00:07, 24.09, 43.8
2019-02-19, 13:00:08, 24.1, 43.84
2019-02-19, 13:00:09, 24.1, 43.8
2019-02-19, 13:00:11, 24.1, 43.8
2019-02-19, 13:00:12, 24.11, 43.81
2019-02-19, 13:00:13, 24.08, 43.8
2019-02-19, 13:00:15, 24.08, 43.8
2019-02-19, 13:00:16, 24.1, 43.8
2019-02-19, 13:00:17, 24.1, 43.8
2019-02-19, 13:00:19, 24.09, 43.8
2019-02-19, 13:00:20, 24.1, 43.8
2019-02-19, 13:00:22, 24.1, 43.8
2019-02-19, 13:00:23, 23.93, 43.82
2019-02-19, 13:00:24, 24.04, 43.89
2019-02-19, 13:00:26, 24.06, 43.9
2019-02-19, 13:00:27, 24.08, 43.9
2019-02-19, 13:00:28, 24.08, 43.9
2019-02-19, 13:00:30, 24.08, 43.87
2019-02-19, 13:00:31, 24.09, 43.9
2019-02-19, 13:00:32, 24.08, 43.87
2019-02-19, 13:00:34, 24.08, 43.87
2019-02-19, 13:00:35, 24.08, 43.87
2019-02-19, 13:00:36, 24.07, 43.87
2019-02-19, 13:00:38, 24.08, 43.87
2019-02-19, 13:00:39, 24.09, 43.87
2019-02-19, 13:00:40, 24.07, 43.83
2019-02-19, 13:00:42, 24.09, 43.87
2019-02-19, 13:00:43, 24.08, 43.87
2019-02-19, 13:00:45, 24.08, 43.87
2019-02-19, 13:00:46, 24.08, 43.83
2019-02-19, 13:00:47, 24.07, 43.87
2019-02-19, 13:00:49, 24.09, 43.87
2019-02-19, 13:00:50, 24.08, 43.87
2019-02-19, 13:00:51, 24.08, 43.83
2019-02-19, 13:00:53, 24.07, 43.83
2019-02-19, 13:00:54, 24.09, 43.84
2019-02-19, 13:00:55, 24.08, 43.83
2019-02-19, 13:00:57, 24.07, 43.83
2019-02-19, 13:00:58, 24.07, 43.83
2019-02-19, 13:00:59, 24.06, 43.83
2019-02-19, 13:01:01, 24.08, 43.83
2019-02-19, 13:01:02, 24.07, 43.83
2019-02-19, 13:01:04, 24.08, 43.83
2019-02-19, 13:01:05, 24.08, 43.83
2019-02-19, 13:01:06, 24.07, 43.83
2019-02-19, 13:01:08, 24.08, 43.83
2019-02-19, 13:01:09, 24.08, 43.83
2019-02-19, 13:01:10, 24.08, 43.8
2019-02-19, 13:01:12, 24.08, 43.83
2019-02-19, 13:01:13, 24.08, 43.83
2019-02-19, 13:01:14, 24.09, 43.8
2019-02-19, 13:01:16, 24.08, 43.8
2019-02-19, 13:01:17, 24.08, 43.83
2019-02-19, 13:01:18, 24.07, 43.83
2019-02-19, 13:01:20, 24.06, 43.83
2019-02-19, 13:01:21, 24.07, 43.83
2019-02-19, 13:01:22, 24.06, 43.83
2019-02-19, 13:01:24, 24.05, 43.83
2019-02-19, 13:01:25, 24.06, 43.86
2019-02-19, 13:01:27, 24.07, 43.87
2019-02-19, 13:01:28, 24.06, 43.9
2019-02-19, 13:01:29, 24.06, 43.86
2019-02-19, 13:01:31, 24.06, 43.9
2019-02-19, 13:01:32, 24.06, 43.9
2019-02-19, 13:01:33, 24.06, 43.9
2019-02-19, 13:01:35, 24.06, 43.9
2019-02-19, 13:01:36, 24.07, 43.9
2019-02-19, 13:01:37, 24.06, 43.9
2019-02-19, 13:01:39, 24.06, 43.9
2019-02-19, 13:01:40, 24.08, 43.87
2019-02-19, 13:01:41, 24.07, 43.83
2019-02-19, 13:01:43, 24.08, 43.87
2019-02-19, 13:01:44, 24.08, 43.83
2019-02-19, 13:01:45, 24.08, 43.83
2019-02-19, 13:01:47, 24.07, 43.87
2019-02-19, 13:01:48, 24.06, 43.9
2019-02-19, 13:01:50, 24.07, 43.87
2019-02-19, 13:01:51, 24.08, 43.87
2019-02-19, 13:01:52, 24.08, 43.83
2019-02-19, 13:01:54, 24.08, 43.87
2019-02-19, 13:01:55, 24.08, 43.83
2019-02-19, 13:01:56, 24.08, 43.87
2019-02-19, 13:01:58, 24.08, 43.83
2019-02-19, 13:01:59, 24.07, 43.87
2019-02-19, 13:02:00, 24.06, 43.83
2019-02-19, 13:02:02, 24.06, 43.86
2019-02-19, 13:02:03, 24.06, 43.86
2019-02-19, 13:02:04, 24.06, 43.83
2019-02-19, 13:02:06, 24.06, 43.86
2019-02-19, 13:02:07, 24.06, 43.83
2019-02-19, 13:02:09, 24.06, 43.83
2019-02-19, 13:02:10, 24.06, 43.83
2019-02-19, 13:02:11, 24.07, 43.83
2019-02-19, 13:02:13, 24.06, 43.86
2019-02-19, 13:02:14, 24.05, 43.86
2019-02-19, 13:02:15, 24.06, 43.83
2019-02-19, 13:02:17, 24.06, 43.86
2019-02-19, 13:02:18, 24.06, 43.86
2019-02-19, 13:02:19, 24.05, 43.83
2019-02-19, 13:02:21, 24.06, 43.86
2019-02-19, 13:02:22, 24.06, 43.83
2019-02-19, 13:02:23, 24.04, 43.89
2019-02-19, 13:02:25, 24.04, 43.89
2019-02-19, 13:02:26, 24.05, 43.9
2019-02-19, 13:02:27, 24.04, 43.89
2019-02-19, 13:02:29, 24.05, 43.9
2019-02-19, 13:02:30, 24.04, 43.86
2019-02-19, 13:02:32, 24.04, 43.89
2019-02-19, 13:02:33, 24.04, 43.89
2019-02-19, 13:02:34, 24.03, 43.89
2019-02-19, 13:02:36, 24.03, 43.89
2019-02-19, 13:02:37, 24.04, 43.89
2019-02-19, 13:02:38, 24.04, 43.89
2019-02-19, 13:02:40, 24.04, 43.89
2019-02-19, 13:02:41, 24.03, 43.89
2019-02-19, 13:02:42, 24.04, 43.89
2019-02-19, 13:02:44, 24.03, 43.89
2019-02-19, 13:02:45, 24.01, 43.89
2019-02-19, 13:02:46, 24.04, 43.89
2019-02-19, 13:02:48, 24.04, 43.89
2019-02-19, 13:02:49, 24.04, 43.89
2019-02-19, 13:02:51, 23.96, 43.89
2019-02-19, 13:02:52, 24.02, 43.92
2019-02-19, 13:02:53, 24.02, 43.96
2019-02-19, 13:02:55, 24.02, 43.96
2019-02-19, 13:02:56, 24.03, 43.96
2019-02-19, 13:02:57, 24.03, 43.96
2019-02-19, 13:02:59, 24.03, 43.96
2019-02-19, 13:03:00, 24.02, 43.96
2019-02-19, 13:03:01, 24.02, 43.96
2019-02-19, 13:03:03, 24.01, 43.96
2019-02-19, 13:03:04, 24.02, 43.96
2019-02-19, 13:03:05, 24.01, 43.96
2019-02-19, 13:03:07, 24.02, 43.96
2019-02-19, 13:03:08, 24.02, 43.96
2019-02-19, 13:03:09, 24.02, 43.96
2019-02-19, 13:03:11, 24.02, 43.99
2019-02-19, 13:03:12, 24.01, 43.96
2019-02-19, 13:03:14, 24.0, 43.99
2019-02-19, 13:03:15, 24.01, 43.99
2019-02-19, 13:03:16, 24.01, 44.02
2019-02-19, 13:03:18, 24.0, 43.99
2019-02-19, 13:03:19, 24.01, 44.02
2019-02-19, 13:03:20, 24.01, 44.02
2019-02-19, 13:03:22, 24.01, 43.99
2019-02-19, 13:03:23, 24.0, 43.99
2019-02-19, 13:03:24, 24.01, 43.99
2019-02-19, 13:03:26, 24.01, 43.99
2019-02-19, 13:03:27, 24.02, 44.02
2019-02-19, 13:03:28, 24.02, 43.99
2019-02-19, 13:03:30, 24.01, 44.02
2019-02-19, 13:03:31, 24.02, 43.99
2019-02-19, 13:03:32, 24.02, 43.99
2019-02-19, 13:03:34, 24.01, 44.02
2019-02-19, 13:03:35, 24.0, 44.02
2019-02-19, 13:03:37, 24.0, 44.02
2019-02-19, 13:03:38, 24.0, 44.02
2019-02-19, 13:03:39, 23.99, 44.02
2019-02-19, 13:03:41, 23.98, 44.02
2019-02-19, 13:03:42, 23.98, 44.02
2019-02-19, 13:03:43, 23.98, 44.02
2019-02-19, 13:03:45, 24.0, 44.02
2019-02-19, 13:03:46, 23.99, 44.02
2019-02-19, 13:03:47, 23.99, 44.02
2019-02-19, 13:03:49, 23.99, 44.02
2019-02-19, 13:03:50, 23.88, 44.04
2019-02-19, 13:03:51, 23.94, 44.08
2019-02-19, 13:03:53, 23.98, 44.08
2019-02-19, 13:03:54, 23.98, 44.08
2019-02-19, 13:03:55, 23.97, 44.08
2019-02-19, 13:03:57, 23.98, 44.08
2019-02-19, 13:03:58, 23.98, 44.08
2019-02-19, 13:04:00, 23.98, 44.08
2019-02-19, 13:04:01, 23.97, 44.05
2019-02-19, 13:04:02, 23.98, 44.05
2019-02-19, 13:04:04, 23.97, 44.08
2019-02-19, 13:04:05, 23.97, 44.08
2019-02-19, 13:04:06, 23.96, 44.08
2019-02-19, 13:04:08, 23.97, 44.08
2019-02-19, 13:04:09, 23.96, 44.08
2019-02-19, 13:04:10, 23.95, 44.08
2019-02-19, 13:04:12, 23.96, 44.08
2019-02-19, 13:04:13, 23.96, 44.08
2019-02-19, 13:04:14, 23.96, 44.11
2019-02-19, 13:04:16, 23.96, 44.11
2019-02-19, 13:04:17, 23.96, 44.11
2019-02-19, 13:04:18, 23.95, 44.08
2019-02-19, 13:04:20, 23.96, 44.11
2019-02-19, 13:04:21, 23.95, 44.08
2019-02-19, 13:04:23, 23.96, 44.14
2019-02-19, 13:04:24, 23.98, 44.15
2019-02-19, 13:04:25, 23.97, 44.15
2019-02-19, 13:04:27, 23.97, 44.11
2019-02-19, 13:04:28, 23.97, 44.11
2019-02-19, 13:04:29, 23.97, 44.11
2019-02-19, 13:04:31, 23.97, 44.11
2019-02-19, 13:04:32, 23.98, 44.08
2019-02-19, 13:04:33, 23.98, 44.11
2019-02-19, 13:04:35, 23.97, 44.11
2019-02-19, 13:04:36, 23.97, 44.11
2019-02-19, 13:04:37, 23.96, 44.11
2019-02-19, 13:04:39, 23.96, 44.08
2019-02-19, 13:04:40, 23.96, 44.11
2019-02-19, 13:04:41, 23.95, 44.14
2019-02-19, 13:04:43, 23.96, 44.14
2019-02-19, 13:04:44, 23.95, 44.14
2019-02-19, 13:04:46, 23.96, 44.14
2019-02-19, 13:04:47, 23.94, 44.14
2019-02-19, 13:04:48, 23.95, 44.14
2019-02-19, 13:04:50, 23.95, 44.18
2019-02-19, 13:04:51, 23.97, 44.15
2019-02-19, 13:04:52, 23.97, 44.15
2019-02-19, 13:04:54, 23.98, 44.18
2019-02-19, 13:04:55, 23.97, 44.15
2019-02-19, 13:04:56, 23.96, 44.14
2019-02-19, 13:04:58, 23.96, 44.14
2019-02-19, 13:04:59, 23.98, 44.15
2019-02-19, 13:05:00, 23.95, 44.11
2019-02-19, 13:05:02, 23.97, 44.11
2019-02-19, 13:05:03, 23.96, 44.11
2019-02-19, 13:05:04, 23.94, 44.14
2019-02-19, 13:05:06, 23.94, 44.14
2019-02-19, 13:05:07, 23.95, 44.14
2019-02-19, 13:05:09, 23.96, 44.14
2019-02-19, 13:05:10, 23.96, 44.14
2019-02-19, 13:05:11, 23.94, 44.14
2019-02-19, 13:05:13, 23.96, 44.14
2019-02-19, 13:05:14, 23.96, 44.14
2019-02-19, 13:05:15, 23.96, 44.14
2019-02-19, 13:05:17, 23.96, 44.18
2019-02-19, 13:05:18, 23.96, 44.18
2019-02-19, 13:05:19, 23.96, 44.18
2019-02-19, 13:05:21, 23.96, 44.21
2019-02-19, 13:05:22, 23.96, 44.21
2019-02-19, 13:05:23, 23.96, 44.18
2019-02-19, 13:05:25, 23.96, 44.18
2019-02-19, 13:05:26, 23.96, 44.18
2019-02-19, 13:05:27, 23.95, 44.18
2019-02-19, 13:05:29, 23.94, 44.21
2019-02-19, 13:05:30, 23.93, 44.17
2019-02-19, 13:05:32, 23.94, 44.21
2019-02-19, 13:05:33, 23.94, 44.21
2019-02-19, 13:05:34, 23.94, 44.17
2019-02-19, 13:05:36, 23.96, 44.18
2019-02-19, 13:05:37, 23.96, 44.18
2019-02-19, 13:05:38, 23.96, 44.18
2019-02-19, 13:05:40, 23.95, 44.21
2019-02-19, 13:05:41, 23.96, 44.14
2019-02-19, 13:05:42, 23.95, 44.14
2019-02-19, 13:05:44, 23.96, 44.14
2019-02-19, 13:05:45, 23.97, 44.15
2019-02-19, 13:05:46, 23.96, 44.14
2019-02-19, 13:05:48, 23.95, 44.14
2019-02-19, 13:05:49, 23.96, 44.18
2019-02-19, 13:05:51, 23.97, 44.18
2019-02-19, 13:05:52, 23.98, 44.15
2019-02-19, 13:05:53, 23.96, 44.14
2019-02-19, 13:05:55, 23.96, 44.14
2019-02-19, 13:05:56, 23.97, 44.15
2019-02-19, 13:05:57, 23.97, 44.15
2019-02-19, 13:05:59, 23.98, 44.15
2019-02-19, 13:06:00, 23.97, 44.15
2019-02-19, 13:06:01, 23.98, 44.15
2019-02-19, 13:06:03, 23.98, 44.15
2019-02-19, 13:06:04, 23.98, 44.15
2019-02-19, 13:06:05, 23.98, 44.18
2019-02-19, 13:06:07, 23.98, 44.15
2019-02-19, 13:06:08, 23.98, 44.18
2019-02-19, 13:06:09, 23.97, 44.18
2019-02-19, 13:06:11, 23.98, 44.18
2019-02-19, 13:06:12, 23.97, 44.18
2019-02-19, 13:06:14, 23.97, 44.18
2019-02-19, 13:06:15, 23.98, 44.18
2019-02-19, 13:06:16, 23.95, 44.18
2019-02-19, 13:06:18, 23.96, 44.21
2019-02-19, 13:06:19, 23.97, 44.18
2019-02-19, 13:06:20, 23.97, 44.18
2019-02-19, 13:06:22, 23.97, 44.18
2019-02-19, 13:06:23, 23.96, 44.18
2019-02-19, 13:06:24, 23.96, 44.18
2019-02-19, 13:06:26, 23.96, 44.18
2019-02-19, 13:06:27, 23.96, 44.18
2019-02-19, 13:06:28, 23.96, 44.14
2019-02-19, 13:06:30, 23.96, 44.14
2019-02-19, 13:06:31, 23.96, 44.14
2019-02-19, 13:06:32, 23.95, 44.18
2019-02-19, 13:06:34, 23.97, 44.18
2019-02-19, 13:06:35, 23.95, 44.18
2019-02-19, 13:06:37, 23.96, 44.14
2019-02-19, 13:06:38, 23.96, 44.14
2019-02-19, 13:06:39, 23.96, 44.18
2019-02-19, 13:06:41, 23.97, 44.15
2019-02-19, 13:06:42, 23.96, 44.14
2019-02-19, 13:06:43, 23.96, 44.14
2019-02-19, 13:06:45, 23.96, 44.14
2019-02-19, 13:06:46, 23.96, 44.14
2019-02-19, 13:06:47, 23.95, 44.14
2019-02-19, 13:06:49, 23.95, 44.14
2019-02-19, 13:06:50, 23.96, 44.14
2019-02-19, 13:06:51, 23.96, 44.14
2019-02-19, 13:06:53, 23.96, 44.14
2019-02-19, 13:06:54, 23.97, 44.15
2019-02-19, 13:06:55, 23.97, 44.15
2019-02-19, 13:06:57, 23.97, 44.15
2019-02-19, 13:06:58, 23.96, 44.11
2019-02-19, 13:07:00, 23.98, 44.15
2019-02-19, 13:07:01, 23.97, 44.11
2019-02-19, 13:07:02, 23.98, 44.15
2019-02-19, 13:07:04, 23.98, 44.11
2019-02-19, 13:07:05, 23.96, 44.11
2019-02-19, 13:07:06, 23.98, 44.15
2019-02-19, 13:07:08, 23.98, 44.11
2019-02-19, 13:07:09, 23.99, 44.15
2019-02-19, 13:07:10, 23.98, 44.11
2019-02-19, 13:07:12, 23.99, 44.15
2019-02-19, 13:07:13, 23.98, 44.11
2019-02-19, 13:07:14, 23.97, 44.15
2019-02-19, 13:07:16, 23.98, 44.11
2019-02-19, 13:07:17, 23.98, 44.11
2019-02-19, 13:07:18, 24.0, 44.12
2019-02-19, 13:07:20, 24.0, 44.12
2019-02-19, 13:07:21, 23.99, 44.15
2019-02-19, 13:07:23, 23.99, 44.15
2019-02-19, 13:07:24, 23.99, 44.12
2019-02-19, 13:07:25, 23.99, 44.12
2019-02-19, 13:07:27, 23.99, 44.15
2019-02-19, 13:07:28, 24.0, 44.15
2019-02-19, 13:07:29, 23.99, 44.15
2019-02-19, 13:07:31, 23.99, 44.15
2019-02-19, 13:07:32, 23.98, 44.18
2019-02-19, 13:07:33, 24.0, 44.15
2019-02-19, 13:07:35, 23.99, 44.15
2019-02-19, 13:07:36, 23.99, 44.15
2019-02-19, 13:07:37, 23.99, 44.15
2019-02-19, 13:07:39, 23.99, 44.18
2019-02-19, 13:07:40, 23.99, 44.15
2019-02-19, 13:07:41, 23.99, 44.15
2019-02-19, 13:07:43, 23.99, 44.18
2019-02-19, 13:07:44, 24.0, 44.15
2019-02-19, 13:07:46, 23.99, 44.18
2019-02-19, 13:07:47, 24.01, 44.18
2019-02-19, 13:07:48, 24.0, 44.18
2019-02-19, 13:07:50, 24.0, 44.18
2019-02-19, 13:07:51, 24.0, 44.18
2019-02-19, 13:07:52, 24.0, 44.18
2019-02-19, 13:07:54, 24.0, 44.15
2019-02-19, 13:07:55, 24.0, 44.15
2019-02-19, 13:07:56, 24.0, 44.18
2019-02-19, 13:07:58, 24.0, 44.18
2019-02-19, 13:07:59, 24.01, 44.18
2019-02-19, 13:08:00, 24.0, 44.18
2019-02-19, 13:08:02, 24.0, 44.21
2019-02-19, 13:08:03, 24.01, 44.18
2019-02-19, 13:08:05, 24.0, 44.18
2019-02-19, 13:08:06, 24.02, 44.18
2019-02-19, 13:08:07, 24.02, 44.18
2019-02-19, 13:08:09, 24.0, 44.18
2019-02-19, 13:08:10, 24.01, 44.21
2019-02-19, 13:08:11, 24.0, 44.18
2019-02-19, 13:08:13, 24.02, 44.18
2019-02-19, 13:08:14, 24.02, 44.22
2019-02-19, 13:08:15, 24.01, 44.21
2019-02-19, 13:08:17, 24.02, 44.22
2019-02-19, 13:08:18, 24.01, 44.21
2019-02-19, 13:08:19, 24.01, 44.21
2019-02-19, 13:08:21, 24.0, 44.21
2019-02-19, 13:08:22, 24.01, 44.21
2019-02-19, 13:08:24, 24.0, 44.21
2019-02-19, 13:08:25, 24.0, 44.21
2019-02-19, 13:08:26, 24.0, 44.21
2019-02-19, 13:08:28, 24.01, 44.21
2019-02-19, 13:08:29, 24.0, 44.21
2019-02-19, 13:08:30, 24.0, 44.21
2019-02-19, 13:08:32, 24.0, 44.21
2019-02-19, 13:08:33, 24.0, 44.21
2019-02-19, 13:08:34, 24.01, 44.21
2019-02-19, 13:08:36, 24.0, 44.21
2019-02-19, 13:08:37, 23.99, 44.24
2019-02-19, 13:08:38, 24.0, 44.21
2019-02-19, 13:08:40, 24.0, 44.21
2019-02-19, 13:08:41, 24.02, 44.22
2019-02-19, 13:08:43, 24.0, 44.21
2019-02-19, 13:08:44, 24.0, 44.21
2019-02-19, 13:08:45, 24.0, 44.21
2019-02-19, 13:08:47, 24.01, 44.21
2019-02-19, 13:08:48, 24.01, 44.21
2019-02-19, 13:08:49, 24.02, 44.22
2019-02-19, 13:08:51, 24.02, 44.22
2019-02-19, 13:08:52, 24.0, 44.21
2019-02-19, 13:08:53, 24.0, 44.21
2019-02-19, 13:08:55, 24.0, 44.21
2019-02-19, 13:08:56, 23.99, 44.21
2019-02-19, 13:08:57, 24.0, 44.21
2019-02-19, 13:08:59, 24.01, 44.21
2019-02-19, 13:09:00, 24.01, 44.21
2019-02-19, 13:09:01, 24.01, 44.21
2019-02-19, 13:09:03, 24.02, 44.22
2019-02-19, 13:09:04, 24.01, 44.21
2019-02-19, 13:09:06, 24.01, 44.21
2019-02-19, 13:09:07, 24.01, 44.21
2019-02-19, 13:09:08, 24.01, 44.21
2019-02-19, 13:09:10, 24.0, 44.21
2019-02-19, 13:09:11, 24.01, 44.21
2019-02-19, 13:09:12, 24.02, 44.22
2019-02-19, 13:09:14, 24.04, 44.22
2019-02-19, 13:09:15, 24.02, 44.18
2019-02-19, 13:09:16, 23.93, 44.17
2019-02-19, 13:09:18, 24.02, 44.22
2019-02-19, 13:09:19, 24.01, 44.21
2019-02-19, 13:09:20, 24.01, 44.21
2019-02-19, 13:09:22, 24.02, 44.22
2019-02-19, 13:09:23, 24.03, 44.22
2019-02-19, 13:09:24, 24.03, 44.18
2019-02-19, 13:09:26, 24.03, 44.18
2019-02-19, 13:09:27, 24.02, 44.15
2019-02-19, 13:09:29, 24.01, 44.15
2019-02-19, 13:09:30, 24.02, 44.18
2019-02-19, 13:09:31, 24.02, 44.15
2019-02-19, 13:09:33, 24.02, 44.15
2019-02-19, 13:09:34, 24.03, 44.18
2019-02-19, 13:09:35, 24.02, 44.18
2019-02-19, 13:09:37, 24.03, 44.22
2019-02-19, 13:09:38, 24.02, 44.22
2019-02-19, 13:09:39, 24.03, 44.18
2019-02-19, 13:09:41, 24.04, 44.22
2019-02-19, 13:09:42, 24.03, 44.22
2019-02-19, 13:09:43, 24.02, 44.22
2019-02-19, 13:09:45, 24.02, 44.22
2019-02-19, 13:09:46, 24.04, 44.22
2019-02-19, 13:09:48, 24.04, 44.22
2019-02-19, 13:09:49, 24.04, 44.22
2019-02-19, 13:09:50, 24.02, 44.22
2019-02-19, 13:09:52, 24.02, 44.22
2019-02-19, 13:09:53, 24.03, 44.22
2019-02-19, 13:09:54, 24.03, 44.18
2019-02-19, 13:09:56, 24.03, 44.18
2019-02-19, 13:09:57, 24.04, 44.22
2019-02-19, 13:09:58, 24.04, 44.22
2019-02-19, 13:10:00, 24.04, 44.22
2019-02-19, 13:10:01, 24.04, 44.22
2019-02-19, 13:10:02, 24.04, 44.22
2019-02-19, 13:10:04, 24.05, 44.22
2019-02-19, 13:10:05, 24.03, 44.22
2019-02-19, 13:10:06, 24.04, 44.22
2019-02-19, 13:10:08, 24.03, 44.18
2019-02-19, 13:10:09, 24.03, 44.18
2019-02-19, 13:10:11, 24.04, 44.19
2019-02-19, 13:10:12, 24.04, 44.19
2019-02-19, 13:10:13, 24.03, 44.15
2019-02-19, 13:10:15, 24.04, 44.19
2019-02-19, 13:10:16, 23.92, 44.2
2019-02-19, 13:10:17, 24.02, 44.22
2019-02-19, 13:10:19, 24.04, 44.22
2019-02-19, 13:10:20, 24.03, 44.22
2019-02-19, 13:10:21, 24.04, 44.22
2019-02-19, 13:10:23, 24.06, 44.19
2019-02-19, 13:10:24, 24.05, 44.19
2019-02-19, 13:10:25, 24.05, 44.22
2019-02-19, 13:10:27, 24.05, 44.19
2019-02-19, 13:10:28, 24.06, 44.16
2019-02-19, 13:10:30, 24.06, 44.16
2019-02-19, 13:10:31, 24.06, 44.16
2019-02-19, 13:10:32, 24.05, 44.15
2019-02-19, 13:10:34, 24.06, 44.16
2019-02-19, 13:10:35, 24.06, 44.16
2019-02-19, 13:10:36, 24.06, 44.16
2019-02-19, 13:10:38, 24.06, 44.16
2019-02-19, 13:10:39, 24.06, 44.16
2019-02-19, 13:10:40, 24.06, 44.16
2019-02-19, 13:10:42, 24.07, 44.16
2019-02-19, 13:10:43, 24.06, 44.16
2019-02-19, 13:10:44, 24.06, 44.16
2019-02-19, 13:10:46, 24.06, 44.16
2019-02-19, 13:10:47, 24.05, 44.15
2019-02-19, 13:10:49, 24.05, 44.15
2019-02-19, 13:10:50, 24.04, 44.15
2019-02-19, 13:10:51, 24.06, 44.16
2019-02-19, 13:10:53, 24.05, 44.15
2019-02-19, 13:10:54, 24.05, 44.15
2019-02-19, 13:10:55, 24.04, 44.15
2019-02-19, 13:10:57, 24.05, 44.15
2019-02-19, 13:10:58, 24.04, 44.15
2019-02-19, 13:10:59, 24.05, 44.15
2019-02-19, 13:11:01, 24.04, 44.15
2019-02-19, 13:11:02, 24.04, 44.15
2019-02-19, 13:11:03, 24.02, 44.15
2019-02-19, 13:11:05, 24.04, 44.15
2019-02-19, 13:11:06, 24.03, 44.15
2019-02-19, 13:11:07, 24.06, 44.16
2019-02-19, 13:11:09, 24.04, 44.15
2019-02-19, 13:11:10, 24.06, 44.16
2019-02-19, 13:11:11, 24.04, 44.15
2019-02-19, 13:11:13, 24.04, 44.15
2019-02-19, 13:11:14, 24.05, 44.15
2019-02-19, 13:11:16, 24.06, 44.16
2019-02-19, 13:11:17, 24.05, 44.15
2019-02-19, 13:11:18, 24.04, 44.15
2019-02-19, 13:11:20, 24.05, 44.15
2019-02-19, 13:11:21, 24.04, 44.19
2019-02-19, 13:11:22, 24.04, 44.15
2019-02-19, 13:11:24, 24.04, 44.22
2019-02-19, 13:11:25, 24.02, 44.22
2019-02-19, 13:11:26, 24.03, 44.22
2019-02-19, 13:11:28, 24.02, 44.18
2019-02-19, 13:11:29, 24.03, 44.22
2019-02-19, 13:11:30, 24.02, 44.22
2019-02-19, 13:11:32, 24.03, 44.22
2019-02-19, 13:11:33, 24.02, 44.25
2019-02-19, 13:11:34, 24.03, 44.25
2019-02-19, 13:11:36, 24.03, 44.25
2019-02-19, 13:11:37, 24.02, 44.22
2019-02-19, 13:11:39, 24.03, 44.22
2019-02-19, 13:11:40, 24.02, 44.25
2019-02-19, 13:11:41, 24.02, 44.22
2019-02-19, 13:11:43, 24.03, 44.25
2019-02-19, 13:11:44, 24.02, 44.22
2019-02-19, 13:11:45, 24.01, 44.25
2019-02-19, 13:11:47, 24.02, 44.22
2019-02-19, 13:11:48, 24.04, 44.22
2019-02-19, 13:11:49, 24.04, 44.22
2019-02-19, 13:11:51, 24.04, 44.22
2019-02-19, 13:11:52, 24.03, 44.22
2019-02-19, 13:11:53, 24.03, 44.18
2019-02-19, 13:11:55, 24.03, 44.22
2019-02-19, 13:11:56, 24.03, 44.22
2019-02-19, 13:11:58, 24.04, 44.22
2019-02-19, 13:11:59, 24.02, 44.22
2019-02-19, 13:12:00, 24.03, 44.22
2019-02-19, 13:12:02, 24.03, 44.22
2019-02-19, 13:12:03, 24.02, 44.22
2019-02-19, 13:12:04, 24.03, 44.22
2019-02-19, 13:12:06, 24.04, 44.22
2019-02-19, 13:12:07, 24.03, 44.22
2019-02-19, 13:12:08, 24.04, 44.22
2019-02-19, 13:12:10, 24.03, 44.22
2019-02-19, 13:12:11, 24.03, 44.18
2019-02-19, 13:12:12, 24.05, 44.19
2019-02-19, 13:12:14, 24.03, 44.18
2019-02-19, 13:12:15, 24.02, 44.22
2019-02-19, 13:12:16, 24.02, 44.22
2019-02-19, 13:12:18, 24.02, 44.25
2019-02-19, 13:12:19, 24.02, 44.22
2019-02-19, 13:12:21, 24.02, 44.25
2019-02-19, 13:12:22, 24.04, 44.25
2019-02-19, 13:12:23, 24.02, 44.22
2019-02-19, 13:12:25, 24.03, 44.22
2019-02-19, 13:12:26, 24.03, 44.22
2019-02-19, 13:12:27, 24.04, 44.22
2019-02-19, 13:12:29, 24.04, 44.22
2019-02-19, 13:12:30, 24.04, 44.22
2019-02-19, 13:12:31, 24.05, 44.22
2019-02-19, 13:12:33, 24.04, 44.22
2019-02-19, 13:12:34, 24.03, 44.22
2019-02-19, 13:12:35, 24.02, 44.22
2019-02-19, 13:12:37, 24.02, 44.22
2019-02-19, 13:12:38, 24.02, 44.22
2019-02-19, 13:12:39, 24.02, 44.22
2019-02-19, 13:12:41, 24.02, 44.22
2019-02-19, 13:12:42, 24.02, 44.15
2019-02-19, 13:12:44, 24.02, 44.18
2019-02-19, 13:12:45, 24.03, 44.22
2019-02-19, 13:12:46, 24.03, 44.18
2019-02-19, 13:12:48, 24.03, 44.22
2019-02-19, 13:12:49, 24.04, 44.22
2019-02-19, 13:12:50, 24.04, 44.22
2019-02-19, 13:12:52, 24.02, 44.22
2019-02-19, 13:12:53, 24.02, 44.22
2019-02-19, 13:12:54, 24.03, 44.22
2019-02-19, 13:12:56, 24.03, 44.22
2019-02-19, 13:12:57, 24.02, 44.22
2019-02-19, 13:12:58, 24.02, 44.22
2019-02-19, 13:13:00, 24.04, 44.22
2019-02-19, 13:13:01, 24.04, 44.22
2019-02-19, 13:13:03, 24.04, 44.19
2019-02-19, 13:13:04, 24.04, 44.22
2019-02-19, 13:13:05, 24.06, 44.22
2019-02-19, 13:13:07, 24.04, 44.22
2019-02-19, 13:13:08, 24.03, 44.22
2019-02-19, 13:13:09, 24.04, 44.22
2019-02-19, 13:13:11, 24.04, 44.22
2019-02-19, 13:13:12, 24.05, 44.22
2019-02-19, 13:13:13, 24.05, 44.22
2019-02-19, 13:13:15, 24.05, 44.22
2019-02-19, 13:13:16, 24.05, 44.22
2019-02-19, 13:13:18, 24.03, 44.22
2019-02-19, 13:13:19, 24.04, 44.25
2019-02-19, 13:13:20, 24.04, 44.25
2019-02-19, 13:13:22, 24.04, 44.25
2019-02-19, 13:13:23, 24.04, 44.25
2019-02-19, 13:13:24, 24.05, 44.25
2019-02-19, 13:13:26, 24.05, 44.25
2019-02-19, 13:13:27, 24.04, 44.22
2019-02-19, 13:13:28, 24.06, 44.22
2019-02-19, 13:13:30, 24.06, 44.22
2019-02-19, 13:13:31, 24.07, 44.22
2019-02-19, 13:13:32, 24.07, 44.19
2019-02-19, 13:13:34, 24.06, 44.19
2019-02-19, 13:13:35, 24.06, 44.16
2019-02-19, 13:13:36, 24.07, 44.16
2019-02-19, 13:13:38, 24.06, 44.16
2019-02-19, 13:13:39, 24.07, 44.16
2019-02-19, 13:13:41, 24.08, 44.13
2019-02-19, 13:13:42, 24.07, 44.16
2019-02-19, 13:13:43, 24.0, 44.15
2019-02-19, 13:13:45, 24.06, 44.16
2019-02-19, 13:13:46, 24.06, 44.16
2019-02-19, 13:13:47, 24.07, 44.16
2019-02-19, 13:13:49, 24.07, 44.22
2019-02-19, 13:13:50, 24.07, 44.22
2019-02-19, 13:13:51, 24.06, 44.22
2019-02-19, 13:13:53, 24.07, 44.25
2019-02-19, 13:13:54, 24.08, 44.22
2019-02-19, 13:13:55, 24.07, 44.25
2019-02-19, 13:13:57, 24.07, 44.22
2019-02-19, 13:13:58, 24.07, 44.22
2019-02-19, 13:14:00, 24.08, 44.22
2019-02-19, 13:14:01, 24.06, 44.19
2019-02-19, 13:14:02, 24.07, 44.19
2019-02-19, 13:14:04, 24.07, 44.22
2019-02-19, 13:14:05, 24.08, 44.16
2019-02-19, 13:14:06, 24.07, 44.16
2019-02-19, 13:14:08, 24.08, 44.16
2019-02-19, 13:14:09, 24.08, 44.16
2019-02-19, 13:14:10, 24.08, 44.16
2019-02-19, 13:14:12, 24.09, 44.16
2019-02-19, 13:14:13, 24.08, 44.13
2019-02-19, 13:14:14, 24.08, 44.13
2019-02-19, 13:14:16, 24.1, 44.13
2019-02-19, 13:14:17, 24.1, 44.16
2019-02-19, 13:14:19, 23.95, 44.14
2019-02-19, 13:14:20, 24.05, 44.19
2019-02-19, 13:14:21, 24.07, 44.22
2019-02-19, 13:14:23, 24.08, 44.19
2019-02-19, 13:14:24, 24.1, 44.19
2019-02-19, 13:14:25, 24.08, 44.19
2019-02-19, 13:14:27, 24.11, 44.16
2019-02-19, 13:14:28, 24.11, 44.16
2019-02-19, 13:14:29, 24.11, 44.16
2019-02-19, 13:14:31, 24.11, 44.16
2019-02-19, 13:14:32, 24.12, 44.16
2019-02-19, 13:14:33, 24.11, 44.16
2019-02-19, 13:14:35, 24.12, 44.16
2019-02-19, 13:14:36, 24.12, 44.16
2019-02-19, 13:14:38, 24.11, 44.16
2019-02-19, 13:14:39, 24.12, 44.16
2019-02-19, 13:14:40, 24.12, 44.13
2019-02-19, 13:14:42, 24.12, 44.13
2019-02-19, 13:14:43, 24.0, 44.15
2019-02-19, 13:14:44, 24.08, 44.19
2019-02-19, 13:14:46, 24.09, 44.16
2019-02-19, 13:14:47, 24.11, 44.16
2019-02-19, 13:14:48, 24.11, 44.16
2019-02-19, 13:14:50, 24.11, 44.16
2019-02-19, 13:14:51, 24.11, 44.16
2019-02-19, 13:14:52, 24.11, 44.16
2019-02-19, 13:14:54, 24.11, 44.16
2019-02-19, 13:14:55, 24.11, 44.16
2019-02-19, 13:14:56, 24.1, 44.16
2019-02-19, 13:14:58, 24.12, 44.16
2019-02-19, 13:14:59, 24.12, 44.16
2019-02-19, 13:15:01, 24.12, 44.13
2019-02-19, 13:15:02, 24.12, 44.16
2019-02-19, 13:15:03, 24.12, 44.16
2019-02-19, 13:15:05, 24.13, 44.13
2019-02-19, 13:15:06, 24.13, 44.13
2019-02-19, 13:15:07, 24.14, 44.13
2019-02-19, 13:15:09, 24.13, 44.13
2019-02-19, 13:15:10, 24.13, 44.1
2019-02-19, 13:15:11, 24.13, 44.07
2019-02-19, 13:15:13, 24.0, 44.08
2019-02-19, 13:15:14, 24.09, 44.13
2019-02-19, 13:15:15, 24.12, 44.16
2019-02-19, 13:15:17, 24.12, 44.16
2019-02-19, 13:15:18, 24.14, 44.13
2019-02-19, 13:15:19, 24.13, 44.1
2019-02-19, 13:15:21, 24.14, 44.1
2019-02-19, 13:15:22, 24.12, 44.1
2019-02-19, 13:15:24, 24.13, 44.1
2019-02-19, 13:15:25, 24.13, 44.1
2019-02-19, 13:15:26, 24.14, 44.1
2019-02-19, 13:15:28, 24.11, 44.1
2019-02-19, 13:15:29, 24.13, 44.1
2019-02-19, 13:15:30, 24.14, 44.1
2019-02-19, 13:15:32, 24.13, 44.1
2019-02-19, 13:15:33, 24.16, 44.1
2019-02-19, 13:15:34, 24.16, 44.1
2019-02-19, 13:15:36, 24.15, 44.1
2019-02-19, 13:15:37, 24.14, 44.1
2019-02-19, 13:15:38, 24.14, 44.07
2019-02-19, 13:15:40, 24.14, 44.1
2019-02-19, 13:15:41, 24.14, 44.1
2019-02-19, 13:15:42, 23.99, 44.08
2019-02-19, 13:15:44, 24.09, 44.16
2019-02-19, 13:15:45, 24.1, 44.16
2019-02-19, 13:15:47, 24.12, 44.16
2019-02-19, 13:15:48, 24.11, 44.16
2019-02-19, 13:15:49, 24.12, 44.16
2019-02-19, 13:15:51, 24.12, 44.16
2019-02-19, 13:15:52, 24.12, 44.16
2019-02-19, 13:15:53, 24.11, 44.16
2019-02-19, 13:15:55, 24.1, 44.16
2019-02-19, 13:15:56, 24.11, 44.16
2019-02-19, 13:15:57, 24.12, 44.13
2019-02-19, 13:15:59, 24.13, 44.13
2019-02-19, 13:16:00, 24.13, 44.13
2019-02-19, 13:16:01, 24.14, 44.1
2019-02-19, 13:16:03, 24.12, 44.13
2019-02-19, 13:16:04, 24.13, 44.1
2019-02-19, 13:16:05, 24.13, 44.1
2019-02-19, 13:16:07, 24.12, 44.13
2019-02-19, 13:16:08, 24.13, 44.13
2019-02-19, 13:16:10, 24.15, 44.1
2019-02-19, 13:16:11, 24.15, 44.13
2019-02-19, 13:16:12, 23.98, 44.11
2019-02-19, 13:16:14, 24.08, 44.16
2019-02-19, 13:16:15, 24.1, 44.19
2019-02-19, 13:16:16, 24.11, 44.16
2019-02-19, 13:16:18, 24.11, 44.16
2019-02-19, 13:16:19, 24.12, 44.16
2019-02-19, 13:16:20, 24.12, 44.16
2019-02-19, 13:16:22, 24.12, 44.13
2019-02-19, 13:16:23, 24.13, 44.13
2019-02-19, 13:16:24, 24.13, 44.1
2019-02-19, 13:16:26, 24.13, 44.1
2019-02-19, 13:16:27, 24.14, 44.1
2019-02-19, 13:16:28, 24.15, 44.1
2019-02-19, 13:16:30, 24.14, 44.1
2019-02-19, 13:16:31, 24.15, 44.1
2019-02-19, 13:16:33, 24.14, 44.1
2019-02-19, 13:16:34, 24.14, 44.1
2019-02-19, 13:16:35, 24.15, 44.1
2019-02-19, 13:16:37, 24.14, 44.1
2019-02-19, 13:16:38, 24.15, 44.1
2019-02-19, 13:16:39, 24.15, 44.07
2019-02-19, 13:16:41, 24.14, 44.07
2019-02-19, 13:16:42, 24.14, 44.1
2019-02-19, 13:16:43, 24.15, 44.1
2019-02-19, 13:16:45, 24.16, 44.07
2019-02-19, 13:16:46, 24.16, 44.07
2019-02-19, 13:16:47, 24.15, 44.1
2019-02-19, 13:16:49, 24.14, 44.07
2019-02-19, 13:16:50, 24.15, 44.07
2019-02-19, 13:16:51, 24.15, 44.1
2019-02-19, 13:16:53, 24.14, 44.07
2019-02-19, 13:16:54, 24.14, 44.1
2019-02-19, 13:16:56, 24.14, 44.07
2019-02-19, 13:16:57, 24.14, 44.1
2019-02-19, 13:16:58, 24.15, 44.07
2019-02-19, 13:17:00, 24.16, 44.1
2019-02-19, 13:17:01, 24.15, 44.07
2019-02-19, 13:17:02, 24.16, 44.07
2019-02-19, 13:17:04, 24.17, 44.04
2019-02-19, 13:17:05, 24.15, 44.04
2019-02-19, 13:17:06, 24.15, 44.07
2019-02-19, 13:17:08, 24.16, 44.04
2019-02-19, 13:17:09, 24.16, 44.04
2019-02-19, 13:17:10, 24.15, 44.04
2019-02-19, 13:17:12, 24.15, 44.04
2019-02-19, 13:17:13, 24.16, 44.04
2019-02-19, 13:17:14, 24.15, 44.04
2019-02-19, 13:17:16, 24.16, 44.04
2019-02-19, 13:17:17, 24.16, 44.04
2019-02-19, 13:17:19, 24.16, 44.04
2019-02-19, 13:17:20, 24.15, 44.04
2019-02-19, 13:17:21, 24.15, 44.04
2019-02-19, 13:17:23, 24.14, 44.04
2019-02-19, 13:17:24, 24.17, 44.04
2019-02-19, 13:17:25, 24.17, 44.04
2019-02-19, 13:17:27, 24.16, 44.04
2019-02-19, 13:17:28, 24.16, 44.04
2019-02-19, 13:17:29, 24.14, 44.04
2019-02-19, 13:17:31, 24.16, 44.04
2019-02-19, 13:17:32, 24.17, 44.04
2019-02-19, 13:17:33, 24.17, 44.04
2019-02-19, 13:17:35, 24.16, 44.04
2019-02-19, 13:17:36, 24.17, 44.04
2019-02-19, 13:17:37, 24.17, 44.04
2019-02-19, 13:17:39, 24.17, 44.04
2019-02-19, 13:17:40, 24.18, 44.04
2019-02-19, 13:17:42, 24.17, 44.04
2019-02-19, 13:17:43, 24.17, 44.04
2019-02-19, 13:17:44, 24.18, 44.01
2019-02-19, 13:17:46, 24.19, 44.01
2019-02-19, 13:17:47, 24.2, 44.01
2019-02-19, 13:17:48, 24.19, 44.01
2019-02-19, 13:17:50, 24.19, 44.01
2019-02-19, 13:17:51, 24.2, 44.01
2019-02-19, 13:17:52, 24.18, 44.01
2019-02-19, 13:17:54, 24.17, 44.01
2019-02-19, 13:17:55, 24.19, 44.01
2019-02-19, 13:17:56, 24.19, 44.04
2019-02-19, 13:17:58, 24.2, 44.01
2019-02-19, 13:17:59, 24.19, 44.01
2019-02-19, 13:18:01, 24.2, 43.98
2019-02-19, 13:18:02, 24.19, 44.01
2019-02-19, 13:18:03, 24.19, 44.01
2019-02-19, 13:18:05, 24.2, 44.01
2019-02-19, 13:18:06, 24.22, 44.01
2019-02-19, 13:18:07, 24.21, 43.98
2019-02-19, 13:18:09, 24.22, 43.98
2019-02-19, 13:18:10, 24.22, 43.98
2019-02-19, 13:18:11, 24.22, 43.98
2019-02-19, 13:18:13, 24.21, 43.98
2019-02-19, 13:18:14, 24.21, 43.98
2019-02-19, 13:18:15, 24.2, 43.98
2019-02-19, 13:18:17, 24.21, 43.98
2019-02-19, 13:18:18, 24.2, 43.98
2019-02-19, 13:18:19, 24.2, 43.98
2019-02-19, 13:18:21, 24.2, 43.98
2019-02-19, 13:18:22, 24.2, 43.98
2019-02-19, 13:18:24, 24.2, 43.98
2019-02-19, 13:18:25, 24.21, 43.98
2019-02-19, 13:18:26, 24.22, 43.98
2019-02-19, 13:18:28, 24.22, 43.98
2019-02-19, 13:18:29, 24.2, 43.98
2019-02-19, 13:18:30, 24.2, 43.98
2019-02-19, 13:18:32, 24.21, 43.98
2019-02-19, 13:18:33, 24.21, 43.98
2019-02-19, 13:18:34, 24.21, 43.98
2019-02-19, 13:18:36, 24.21, 43.98
2019-02-19, 13:18:37, 24.22, 43.95
2019-02-19, 13:18:38, 24.22, 43.92
2019-02-19, 13:18:40, 24.2, 43.91
2019-02-19, 13:18:41, 24.2, 43.91
2019-02-19, 13:18:42, 24.2, 43.91
2019-02-19, 13:18:44, 24.21, 43.91
2019-02-19, 13:18:45, 24.21, 43.91
2019-02-19, 13:18:47, 24.21, 43.95
2019-02-19, 13:18:48, 24.21, 43.91
2019-02-19, 13:18:49, 24.21, 43.91
2019-02-19, 13:18:51, 24.2, 43.91
2019-02-19, 13:18:52, 24.22, 43.92
2019-02-19, 13:18:53, 24.21, 43.91
2019-02-19, 13:18:55, 24.2, 43.91
2019-02-19, 13:18:56, 24.21, 43.91
2019-02-19, 13:18:57, 24.22, 43.92
2019-02-19, 13:18:59, 24.22, 43.92
2019-02-19, 13:19:00, 24.19, 43.91
2019-02-19, 13:19:01, 24.2, 43.91
2019-02-19, 13:19:03, 24.2, 43.91
2019-02-19, 13:19:04, 24.21, 43.91
2019-02-19, 13:19:05, 24.21, 43.91
2019-02-19, 13:19:07, 24.22, 43.92
2019-02-19, 13:19:08, 24.22, 43.95
2019-02-19, 13:19:10, 24.23, 43.92
2019-02-19, 13:19:11, 24.2, 43.91
2019-02-19, 13:19:12, 24.22, 43.92
2019-02-19, 13:19:14, 24.23, 43.92
2019-02-19, 13:19:15, 24.22, 43.92
2019-02-19, 13:19:16, 24.23, 43.92
2019-02-19, 13:19:18, 24.23, 43.92
2019-02-19, 13:19:19, 24.23, 43.92
2019-02-19, 13:19:20, 24.21, 43.91
2019-02-19, 13:19:22, 24.22, 43.92
2019-02-19, 13:19:23, 24.22, 43.92
2019-02-19, 13:19:24, 24.22, 43.95
2019-02-19, 13:19:26, 24.22, 43.95
2019-02-19, 13:19:27, 24.21, 43.91
2019-02-19, 13:19:28, 24.22, 43.95
2019-02-19, 13:19:30, 24.22, 43.95
2019-02-19, 13:19:31, 24.22, 43.95
2019-02-19, 13:19:33, 24.22, 43.92
2019-02-19, 13:19:34, 24.21, 43.91
2019-02-19, 13:19:35, 24.22, 43.92
2019-02-19, 13:19:37, 24.22, 43.92
2019-02-19, 13:19:38, 24.22, 43.92
2019-02-19, 13:19:39, 24.22, 43.95
2019-02-19, 13:19:41, 24.22, 43.92
2019-02-19, 13:19:42, 24.23, 43.98
2019-02-19, 13:19:43, 24.22, 43.95
2019-02-19, 13:19:45, 24.23, 43.95
2019-02-19, 13:19:46, 24.23, 43.92
2019-02-19, 13:19:47, 24.24, 43.92
2019-02-19, 13:19:49, 24.24, 43.92
2019-02-19, 13:19:50, 24.25, 43.92
2019-02-19, 13:19:51, 24.24, 43.89
2019-02-19, 13:19:53, 24.24, 43.85
2019-02-19, 13:19:54, 24.24, 43.89
2019-02-19, 13:19:56, 24.26, 43.86
2019-02-19, 13:19:57, 24.25, 43.89
2019-02-19, 13:19:58, 24.24, 43.85
2019-02-19, 13:20:00, 24.25, 43.85
2019-02-19, 13:20:01, 24.24, 43.89
2019-02-19, 13:20:02, 24.25, 43.85
2019-02-19, 13:20:04, 24.26, 43.86
2019-02-19, 13:20:05, 24.26, 43.86
2019-02-19, 13:20:06, 24.27, 43.89
2019-02-19, 13:20:08, 24.27, 43.86
2019-02-19, 13:20:09, 24.17, 43.85
2019-02-19, 13:20:10, 24.24, 43.89
2019-02-19, 13:20:12, 24.24, 43.89
2019-02-19, 13:20:13, 24.26, 43.89
2019-02-19, 13:20:15, 24.12, 43.9
2019-02-19, 13:20:16, 24.22, 43.92
2019-02-19, 13:20:17, 24.23, 43.95
2019-02-19, 13:20:19, 24.25, 43.92
2019-02-19, 13:20:20, 24.24, 43.92
2019-02-19, 13:20:21, 24.26, 43.92
2019-02-19, 13:20:23, 24.23, 43.92
2019-02-19, 13:20:24, 24.24, 43.92
2019-02-19, 13:20:25, 24.23, 43.92
2019-02-19, 13:20:27, 24.24, 43.92
2019-02-19, 13:20:28, 24.24, 43.92
2019-02-19, 13:20:29, 24.24, 43.92
2019-02-19, 13:20:31, 24.23, 43.92
2019-02-19, 13:20:32, 24.24, 43.92
2019-02-19, 13:20:33, 24.24, 43.92
2019-02-19, 13:20:35, 24.23, 43.92
2019-02-19, 13:20:36, 24.24, 43.92
2019-02-19, 13:20:38, 24.25, 43.92
2019-02-19, 13:20:39, 24.12, 43.94
2019-02-19, 13:20:40, 24.21, 43.98
2019-02-19, 13:20:42, 24.22, 43.98
2019-02-19, 13:20:43, 24.23, 43.98
2019-02-19, 13:20:44, 24.09, 43.97
2019-02-19, 13:20:46, 24.18, 44.01
2019-02-19, 13:20:47, 24.21, 43.98
2019-02-19, 13:20:48, 24.22, 44.01
2019-02-19, 13:20:50, 24.21, 43.98
2019-02-19, 13:20:51, 24.2, 43.98
2019-02-19, 13:20:52, 24.24, 43.98
2019-02-19, 13:20:54, 24.23, 43.98
2019-02-19, 13:20:55, 24.24, 43.98
2019-02-19, 13:20:57, 24.24, 43.98
2019-02-19, 13:20:58, 24.24, 43.98
2019-02-19, 13:20:59, 24.25, 43.95
2019-02-19, 13:21:01, 24.23, 43.95
2019-02-19, 13:21:02, 24.24, 43.92
2019-02-19, 13:21:03, 24.24, 43.92
2019-02-19, 13:21:05, 24.24, 43.92
2019-02-19, 13:21:06, 24.23, 43.92
2019-02-19, 13:21:07, 24.24, 43.92
2019-02-19, 13:21:09, 24.24, 43.92
2019-02-19, 13:21:10, 24.24, 43.95
2019-02-19, 13:21:11, 24.23, 43.92
2019-02-19, 13:21:13, 24.23, 43.92
2019-02-19, 13:21:14, 24.24, 43.92
2019-02-19, 13:21:15, 24.23, 43.92
2019-02-19, 13:21:17, 24.24, 43.92
2019-02-19, 13:21:18, 24.23, 43.92
2019-02-19, 13:21:20, 24.23, 43.88
2019-02-19, 13:21:21, 24.22, 43.92
2019-02-19, 13:21:22, 24.22, 43.88
2019-02-19, 13:21:24, 24.22, 43.88
2019-02-19, 13:21:25, 24.23, 43.92
2019-02-19, 13:21:26, 24.24, 43.92
2019-02-19, 13:21:28, 24.23, 43.92
2019-02-19, 13:21:29, 24.2, 43.88
2019-02-19, 13:21:30, 24.22, 43.92
2019-02-19, 13:21:32, 24.23, 43.92
2019-02-19, 13:21:33, 24.24, 43.92
2019-02-19, 13:21:34, 24.22, 43.92
2019-02-19, 13:21:36, 24.23, 43.92
2019-02-19, 13:21:37, 24.24, 43.92
2019-02-19, 13:21:38, 24.22, 43.92
2019-02-19, 13:21:40, 24.22, 43.92
2019-02-19, 13:21:41, 24.21, 43.91
2019-02-19, 13:21:43, 24.22, 43.95
2019-02-19, 13:21:44, 24.23, 43.92
2019-02-19, 13:21:45, 24.22, 43.92
2019-02-19, 13:21:47, 24.21, 43.91
2019-02-19, 13:21:48, 24.21, 43.91
2019-02-19, 13:21:49, 24.21, 43.91
2019-02-19, 13:21:51, 24.21, 43.91
2019-02-19, 13:21:52, 24.21, 43.91
2019-02-19, 13:21:53, 24.21, 43.95
2019-02-19, 13:21:55, 24.18, 43.91
2019-02-19, 13:21:56, 24.2, 43.91
2019-02-19, 13:21:57, 24.21, 43.95
2019-02-19, 13:21:59, 24.21, 43.95
2019-02-19, 13:22:00, 24.2, 43.95
2019-02-19, 13:22:02, 24.2, 43.95
2019-02-19, 13:22:03, 24.19, 43.98
2019-02-19, 13:22:04, 24.2, 43.98
2019-02-19, 13:22:06, 24.2, 43.95
2019-02-19, 13:22:07, 24.2, 43.98
2019-02-19, 13:22:08, 24.19, 43.98
2019-02-19, 13:22:10, 24.2, 43.98
2019-02-19, 13:22:11, 24.2, 43.95
2019-02-19, 13:22:12, 24.2, 43.95
2019-02-19, 13:22:14, 24.2, 43.98
2019-02-19, 13:22:15, 24.2, 43.98
2019-02-19, 13:22:16, 24.2, 43.98
2019-02-19, 13:22:18, 24.2, 43.98
2019-02-19, 13:22:19, 24.17, 43.94
2019-02-19, 13:22:20, 24.2, 43.98
2019-02-19, 13:22:22, 24.19, 43.98
2019-02-19, 13:22:23, 24.19, 43.98
2019-02-19, 13:22:25, 24.18, 43.98
2019-02-19, 13:22:26, 24.17, 43.97
2019-02-19, 13:22:27, 24.19, 43.98
2019-02-19, 13:22:29, 24.18, 43.98
2019-02-19, 13:22:30, 24.17, 43.97
2019-02-19, 13:22:31, 24.18, 43.98
2019-02-19, 13:22:33, 24.18, 43.98
2019-02-19, 13:22:34, 24.18, 43.98
2019-02-19, 13:22:35, 24.18, 43.98
2019-02-19, 13:22:37, 24.18, 43.98
2019-02-19, 13:22:38, 24.17, 43.97
2019-02-19, 13:22:39, 24.19, 43.98
2019-02-19, 13:22:41, 24.17, 43.97
2019-02-19, 13:22:42, 24.17, 44.01
2019-02-19, 13:22:44, 24.17, 44.01
2019-02-19, 13:22:45, 24.17, 44.01
2019-02-19, 13:22:46, 24.17, 44.01
2019-02-19, 13:22:48, 24.18, 43.98
2019-02-19, 13:22:49, 24.18, 44.01
2019-02-19, 13:22:50, 24.18, 43.98
2019-02-19, 13:22:52, 24.19, 43.98
2019-02-19, 13:22:53, 24.16, 43.97
2019-02-19, 13:22:54, 24.17, 43.97
2019-02-19, 13:22:56, 24.15, 43.97
2019-02-19, 13:22:57, 24.17, 43.97
2019-02-19, 13:22:58, 24.16, 43.97
2019-02-19, 13:23:00, 24.18, 43.98
2019-02-19, 13:23:01, 24.16, 44.01
2019-02-19, 13:23:02, 24.16, 43.97
2019-02-19, 13:23:04, 24.16, 44.01
2019-02-19, 13:23:05, 24.16, 44.04
2019-02-19, 13:23:07, 24.16, 44.01
2019-02-19, 13:23:08, 24.17, 44.01
2019-02-19, 13:23:09, 24.16, 44.01
2019-02-19, 13:23:11, 24.15, 44.04
2019-02-19, 13:23:12, 24.16, 44.04
2019-02-19, 13:23:13, 24.16, 44.04
2019-02-19, 13:23:15, 24.16, 44.04
2019-02-19, 13:23:16, 24.15, 44.04
2019-02-19, 13:23:17, 24.16, 44.04
2019-02-19, 13:23:19, 24.16, 44.04
2019-02-19, 13:23:20, 24.16, 44.04
2019-02-19, 13:23:21, 24.16, 44.01
2019-02-19, 13:23:23, 24.16, 44.01
2019-02-19, 13:23:24, 24.18, 44.01
2019-02-19, 13:23:26, 24.19, 44.01
2019-02-19, 13:23:27, 24.19, 44.01
2019-02-19, 13:23:28, 24.19, 44.01
2019-02-19, 13:23:30, 24.18, 43.98
2019-02-19, 13:23:31, 24.2, 44.01
2019-02-19, 13:23:32, 24.19, 44.04
2019-02-19, 13:23:34, 24.18, 44.04
2019-02-19, 13:23:35, 24.18, 44.04
2019-02-19, 13:23:36, 24.19, 44.04
2019-02-19, 13:23:38, 24.2, 44.08
2019-02-19, 13:23:39, 24.2, 44.08
2019-02-19, 13:23:40, 24.2, 44.04
2019-02-19, 13:23:42, 24.2, 44.04
2019-02-19, 13:23:43, 24.21, 44.01
2019-02-19, 13:23:44, 24.2, 44.04
2019-02-19, 13:23:46, 24.21, 44.04
2019-02-19, 13:23:47, 24.21, 44.04
2019-02-19, 13:23:49, 24.21, 44.08
2019-02-19, 13:23:50, 24.21, 44.11
2019-02-19, 13:23:51, 24.21, 44.04
2019-02-19, 13:23:53, 24.22, 44.05
2019-02-19, 13:23:54, 24.21, 44.04
2019-02-19, 13:23:55, 24.22, 44.01
2019-02-19, 13:23:57, 24.21, 43.98
2019-02-19, 13:23:58, 24.21, 44.01
2019-02-19, 13:23:59, 24.21, 44.01
2019-02-19, 13:24:01, 24.21, 43.98
2019-02-19, 13:24:02, 24.22, 44.01
2019-02-19, 13:24:03, 24.21, 44.01
2019-02-19, 13:24:05, 24.21, 44.01
2019-02-19, 13:24:06, 24.18, 44.04
2019-02-19, 13:24:08, 24.19, 44.04
2019-02-19, 13:24:09, 24.21, 44.04
2019-02-19, 13:24:10, 24.2, 44.04
2019-02-19, 13:24:12, 24.21, 44.04
2019-02-19, 13:24:13, 24.23, 44.05
2019-02-19, 13:24:14, 24.22, 44.05
2019-02-19, 13:24:16, 24.21, 44.04
2019-02-19, 13:24:17, 24.2, 44.04
2019-02-19, 13:24:18, 24.21, 44.04
2019-02-19, 13:24:20, 24.2, 44.01
2019-02-19, 13:24:21, 24.21, 44.01
2019-02-19, 13:24:22, 24.21, 44.04
2019-02-19, 13:24:24, 24.2, 44.01
2019-02-19, 13:24:25, 24.2, 44.01
2019-02-19, 13:24:26, 24.19, 44.01
2019-02-19, 13:24:28, 24.21, 44.04
2019-02-19, 13:24:29, 24.2, 44.04
2019-02-19, 13:24:31, 24.19, 44.04
2019-02-19, 13:24:32, 24.19, 44.04
2019-02-19, 13:24:33, 24.19, 44.04
2019-02-19, 13:24:35, 24.19, 44.04
2019-02-19, 13:24:36, 24.14, 44.04
2019-02-19, 13:24:37, 24.17, 44.04
2019-02-19, 13:24:39, 24.17, 44.07
2019-02-19, 13:24:40, 24.19, 44.11
2019-02-19, 13:24:41, 24.19, 44.07
2019-02-19, 13:24:43, 24.2, 44.08
2019-02-19, 13:24:44, 24.19, 44.07
2019-02-19, 13:24:45, 24.18, 44.11
2019-02-19, 13:24:47, 24.18, 44.11
2019-02-19, 13:24:48, 24.18, 44.07
2019-02-19, 13:24:49, 24.18, 44.07
2019-02-19, 13:24:51, 24.19, 44.07
2019-02-19, 13:24:52, 24.2, 44.08
2019-02-19, 13:24:54, 24.2, 44.08
2019-02-19, 13:24:55, 24.21, 44.08
2019-02-19, 13:24:56, 24.19, 44.07
2019-02-19, 13:24:58, 24.2, 44.08
2019-02-19, 13:24:59, 24.19, 44.04
2019-02-19, 13:25:00, 24.19, 44.04
2019-02-19, 13:25:02, 24.18, 44.04
2019-02-19, 13:25:03, 24.18, 44.04
2019-02-19, 13:25:04, 24.18, 44.04
2019-02-19, 13:25:06, 24.11, 44.06
2019-02-19, 13:25:07, 24.16, 44.1
2019-02-19, 13:25:08, 24.17, 44.1
2019-02-19, 13:25:10, 24.17, 44.07
2019-02-19, 13:25:11, 24.17, 44.1
2019-02-19, 13:25:12, 24.17, 44.1
2019-02-19, 13:25:14, 24.17, 44.1
2019-02-19, 13:25:15, 24.18, 44.11
2019-02-19, 13:25:17, 24.17, 44.07
2019-02-19, 13:25:18, 24.16, 44.1
2019-02-19, 13:25:19, 24.16, 44.1
2019-02-19, 13:25:21, 24.16, 44.07
2019-02-19, 13:25:22, 24.17, 44.1
2019-02-19, 13:25:23, 24.16, 44.1
2019-02-19, 13:25:25, 24.16, 44.1
2019-02-19, 13:25:26, 24.15, 44.13
2019-02-19, 13:25:27, 24.15, 44.1
2019-02-19, 13:25:29, 24.17, 44.1
2019-02-19, 13:25:30, 24.15, 44.1
2019-02-19, 13:25:31, 24.16, 44.1
2019-02-19, 13:25:33, 24.17, 44.1
2019-02-19, 13:25:34, 24.16, 44.14
2019-02-19, 13:25:35, 24.06, 44.09
2019-02-19, 13:25:37, 24.12, 44.16
2019-02-19, 13:25:38, 24.14, 44.17
2019-02-19, 13:25:40, 24.14, 44.17
2019-02-19, 13:25:41, 24.14, 44.17
2019-02-19, 13:25:42, 24.12, 44.16
2019-02-19, 13:25:44, 24.14, 44.17
2019-02-19, 13:25:45, 24.12, 44.16
2019-02-19, 13:25:46, 24.13, 44.16
2019-02-19, 13:25:48, 24.13, 44.16
2019-02-19, 13:25:49, 24.13, 44.16
2019-02-19, 13:25:50, 24.12, 44.16
2019-02-19, 13:25:52, 24.13, 44.16
2019-02-19, 13:25:53, 24.14, 44.17
2019-02-19, 13:25:54, 24.13, 44.16
2019-02-19, 13:25:56, 24.14, 44.17
2019-02-19, 13:25:57, 24.14, 44.17
2019-02-19, 13:25:58, 24.13, 44.16
2019-02-19, 13:26:00, 24.13, 44.16
2019-02-19, 13:26:01, 24.13, 44.16
2019-02-19, 13:26:03, 24.14, 44.17
2019-02-19, 13:26:04, 24.12, 44.16
2019-02-19, 13:26:05, 24.01, 44.18
2019-02-19, 13:26:07, 24.1, 44.23
2019-02-19, 13:26:08, 24.11, 44.23
2019-02-19, 13:26:09, 24.12, 44.23
2019-02-19, 13:26:11, 23.97, 44.21
2019-02-19, 13:26:12, 24.07, 44.29
2019-02-19, 13:26:13, 24.1, 44.29
2019-02-19, 13:26:15, 24.1, 44.29
2019-02-19, 13:26:16, 24.1, 44.29
2019-02-19, 13:26:17, 24.11, 44.29
2019-02-19, 13:26:19, 24.11, 44.29
2019-02-19, 13:26:20, 24.11, 44.26
2019-02-19, 13:26:22, 24.12, 44.26
2019-02-19, 13:26:23, 24.12, 44.26
2019-02-19, 13:26:24, 24.12, 44.26
2019-02-19, 13:26:26, 24.12, 44.23
2019-02-19, 13:26:27, 24.11, 44.23
2019-02-19, 13:26:28, 24.1, 44.23
2019-02-19, 13:26:30, 24.11, 44.26
2019-02-19, 13:26:31, 24.11, 44.26
2019-02-19, 13:26:32, 24.11, 44.23
2019-02-19, 13:26:34, 24.12, 44.26
2019-02-19, 13:26:35, 24.0, 44.25
2019-02-19, 13:26:36, 24.09, 44.29
2019-02-19, 13:26:38, 24.09, 44.29
2019-02-19, 13:26:39, 24.09, 44.29
2019-02-19, 13:26:40, 24.1, 44.29
2019-02-19, 13:26:42, 24.1, 44.29
2019-02-19, 13:26:43, 24.1, 44.29
2019-02-19, 13:26:45, 24.1, 44.26
2019-02-19, 13:26:46, 24.1, 44.29
2019-02-19, 13:26:47, 24.1, 44.26
2019-02-19, 13:26:49, 24.1, 44.29
2019-02-19, 13:26:50, 24.1, 44.26
2019-02-19, 13:26:51, 24.1, 44.26
2019-02-19, 13:26:53, 24.1, 44.26
2019-02-19, 13:26:54, 24.1, 44.26
2019-02-19, 13:26:55, 24.1, 44.29
2019-02-19, 13:26:57, 24.1, 44.29
2019-02-19, 13:26:58, 24.11, 44.26
2019-02-19, 13:26:59, 24.1, 44.26
2019-02-19, 13:27:01, 24.1, 44.26
2019-02-19, 13:27:02, 24.1, 44.26
2019-02-19, 13:27:03, 24.11, 44.26
2019-02-19, 13:27:05, 24.11, 44.23
2019-02-19, 13:27:06, 24.1, 44.26
2019-02-19, 13:27:08, 24.1, 44.26
2019-02-19, 13:27:09, 24.11, 44.23
2019-02-19, 13:27:10, 24.12, 44.26
2019-02-19, 13:27:12, 24.12, 44.26
2019-02-19, 13:27:13, 24.12, 44.23
2019-02-19, 13:27:14, 24.11, 44.23
2019-02-19, 13:27:16, 24.12, 44.23
2019-02-19, 13:27:17, 24.12, 44.23
2019-02-19, 13:27:18, 24.11, 44.23
2019-02-19, 13:27:20, 24.11, 44.23
2019-02-19, 13:27:21, 24.12, 44.29
2019-02-19, 13:27:22, 24.12, 44.29
2019-02-19, 13:27:24, 24.11, 44.36
2019-02-19, 13:27:25, 24.1, 44.35
2019-02-19, 13:27:26, 24.12, 44.32
2019-02-19, 13:27:28, 24.13, 44.33
2019-02-19, 13:27:29, 24.12, 44.29
2019-02-19, 13:27:31, 24.13, 44.29
2019-02-19, 13:27:32, 24.12, 44.29
2019-02-19, 13:27:33, 24.12, 44.26
2019-02-19, 13:27:35, 24.12, 44.23
2019-02-19, 13:27:36, 24.11, 44.23
2019-02-19, 13:27:37, 24.1, 44.23
2019-02-19, 13:27:39, 24.1, 44.23
2019-02-19, 13:27:40, 24.1, 44.26
2019-02-19, 13:27:41, 24.11, 44.26
2019-02-19, 13:27:43, 24.1, 44.26
2019-02-19, 13:27:44, 24.1, 44.26
2019-02-19, 13:27:45, 24.09, 44.26
2019-02-19, 13:27:47, 24.1, 44.29
2019-02-19, 13:27:48, 24.11, 44.29
2019-02-19, 13:27:49, 24.1, 44.29
2019-02-19, 13:27:51, 24.09, 44.26
2019-02-19, 13:27:52, 24.1, 44.29
2019-02-19, 13:27:54, 24.09, 44.29
2019-02-19, 13:27:55, 24.08, 44.29
2019-02-19, 13:27:56, 24.08, 44.29
2019-02-19, 13:27:58, 24.07, 44.29
2019-02-19, 13:27:59, 24.09, 44.29
2019-02-19, 13:28:00, 24.08, 44.29
2019-02-19, 13:28:02, 24.08, 44.29
2019-02-19, 13:28:03, 24.09, 44.29
2019-02-19, 13:28:04, 24.08, 44.29
2019-02-19, 13:28:06, 24.08, 44.29
2019-02-19, 13:28:07, 24.1, 44.29
2019-02-19, 13:28:08, 24.1, 44.29
2019-02-19, 13:28:10, 24.1, 44.29
2019-02-19, 13:28:11, 24.1, 44.29
2019-02-19, 13:28:12, 24.11, 44.29
2019-02-19, 13:28:14, 24.1, 44.29
2019-02-19, 13:28:15, 24.1, 44.29
2019-02-19, 13:28:17, 24.1, 44.29
2019-02-19, 13:28:18, 24.1, 44.29
2019-02-19, 13:28:19, 24.1, 44.26
2019-02-19, 13:28:21, 24.09, 44.29
2019-02-19, 13:28:22, 24.09, 44.29
2019-02-19, 13:28:23, 24.09, 44.29
2019-02-19, 13:28:25, 24.09, 44.29
2019-02-19, 13:28:26, 24.08, 44.29
2019-02-19, 13:28:27, 24.08, 44.29
2019-02-19, 13:28:29, 24.07, 44.29
2019-02-19, 13:28:30, 24.07, 44.29
2019-02-19, 13:28:31, 24.07, 44.29
2019-02-19, 13:28:33, 24.05, 44.28
2019-02-19, 13:28:34, 24.05, 44.28
2019-02-19, 13:28:35, 24.05, 44.28
2019-02-19, 13:28:37, 24.04, 44.28
2019-02-19, 13:28:38, 24.05, 44.28
2019-02-19, 13:28:40, 24.05, 44.28
2019-02-19, 13:28:41, 24.06, 44.29
2019-02-19, 13:28:42, 24.06, 44.29
2019-02-19, 13:28:44, 24.05, 44.28
2019-02-19, 13:28:45, 24.06, 44.29
2019-02-19, 13:28:46, 24.05, 44.28
2019-02-19, 13:28:48, 24.04, 44.28
2019-02-19, 13:28:49, 24.05, 44.32
2019-02-19, 13:28:50, 24.06, 44.32
2019-02-19, 13:28:52, 24.06, 44.29
2019-02-19, 13:28:53, 24.06, 44.29
2019-02-19, 13:28:54, 24.06, 44.32
2019-02-19, 13:28:56, 24.06, 44.32
2019-02-19, 13:28:57, 24.05, 44.32
2019-02-19, 13:28:58, 24.06, 44.29
2019-02-19, 13:29:00, 24.06, 44.29
2019-02-19, 13:29:01, 24.06, 44.29
2019-02-19, 13:29:03, 24.05, 44.28
2019-02-19, 13:29:04, 24.07, 44.29
2019-02-19, 13:29:05, 24.06, 44.29
2019-02-19, 13:29:07, 24.08, 44.29
2019-02-19, 13:29:08, 24.05, 44.28
2019-02-19, 13:29:09, 24.08, 44.29
2019-02-19, 13:29:11, 24.08, 44.29
2019-02-19, 13:29:12, 24.08, 44.26
2019-02-19, 13:29:13, 24.08, 44.29
2019-02-19, 13:29:15, 24.08, 44.29
2019-02-19, 13:29:16, 24.09, 44.26
2019-02-19, 13:29:17, 24.08, 44.26
2019-02-19, 13:29:19, 24.1, 44.26
2019-02-19, 13:29:20, 24.1, 44.29
2019-02-19, 13:29:22, 24.08, 44.29
2019-02-19, 13:29:23, 24.09, 44.29
2019-02-19, 13:29:24, 24.08, 44.29
2019-02-19, 13:29:26, 24.08, 44.29
2019-02-19, 13:29:27, 24.08, 44.29
2019-02-19, 13:29:28, 24.08, 44.29
2019-02-19, 13:29:30, 24.07, 44.32
2019-02-19, 13:29:31, 24.08, 44.29
2019-02-19, 13:29:32, 24.07, 44.32
2019-02-19, 13:29:34, 24.06, 44.32
2019-02-19, 13:29:35, 24.06, 44.32
2019-02-19, 13:29:36, 24.07, 44.32
2019-02-19, 13:29:38, 24.06, 44.32
2019-02-19, 13:29:39, 24.07, 44.35
2019-02-19, 13:29:40, 24.08, 44.35
2019-02-19, 13:29:42, 24.09, 44.32
2019-02-19, 13:29:43, 24.07, 44.35
2019-02-19, 13:29:45, 24.08, 44.32
2019-02-19, 13:29:46, 24.07, 44.32
2019-02-19, 13:29:47, 24.07, 44.32
2019-02-19, 13:29:49, 24.07, 44.32
2019-02-19, 13:29:50, 24.06, 44.35
2019-02-19, 13:29:51, 24.05, 44.35
2019-02-19, 13:29:53, 24.05, 44.35
2019-02-19, 13:29:54, 24.07, 44.35
2019-02-19, 13:29:55, 24.07, 44.35
2019-02-19, 13:29:57, 24.06, 44.35
2019-02-19, 13:29:58, 24.07, 44.35
2019-02-19, 13:29:59, 24.06, 44.35
2019-02-19, 13:30:01, 24.06, 44.35
2019-02-19, 13:30:02, 24.04, 44.35
2019-02-19, 13:30:03, 24.04, 44.35
2019-02-19, 13:30:05, 24.04, 44.35
2019-02-19, 13:30:06, 24.04, 44.35
2019-02-19, 13:30:08, 24.05, 44.35
2019-02-19, 13:30:09, 24.06, 44.35
2019-02-19, 13:30:10, 24.04, 44.35
2019-02-19, 13:30:12, 24.04, 44.35
2019-02-19, 13:30:13, 24.03, 44.35
2019-02-19, 13:30:14, 24.04, 44.38
2019-02-19, 13:30:16, 24.03, 44.38
2019-02-19, 13:30:17, 24.0, 44.38
2019-02-19, 13:30:18, 24.02, 44.41
2019-02-19, 13:30:20, 24.03, 44.41
2019-02-19, 13:30:21, 24.02, 44.41
2019-02-19, 13:30:22, 24.03, 44.41
2019-02-19, 13:30:24, 24.04, 44.41
2019-02-19, 13:30:25, 24.02, 44.41
2019-02-19, 13:30:27, 24.02, 44.44
2019-02-19, 13:30:28, 24.02, 44.44
2019-02-19, 13:30:29, 24.02, 44.41
2019-02-19, 13:30:31, 24.02, 44.41
2019-02-19, 13:30:32, 24.0, 44.41
2019-02-19, 13:30:33, 24.02, 44.41
2019-02-19, 13:30:35, 24.02, 44.41
2019-02-19, 13:30:36, 24.02, 44.41
2019-02-19, 13:30:37, 24.02, 44.41
2019-02-19, 13:30:39, 24.01, 44.41
2019-02-19, 13:30:40, 24.02, 44.41
2019-02-19, 13:30:41, 24.02, 44.41
2019-02-19, 13:30:43, 24.03, 44.41
2019-02-19, 13:30:44, 24.03, 44.38
2019-02-19, 13:30:45, 24.03, 44.41
2019-02-19, 13:30:47, 24.03, 44.38
2019-02-19, 13:30:48, 24.02, 44.41
2019-02-19, 13:30:50, 24.02, 44.38
2019-02-19, 13:30:51, 24.01, 44.38
2019-02-19, 13:30:52, 24.02, 44.41
2019-02-19, 13:30:54, 24.01, 44.41
2019-02-19, 13:30:55, 24.01, 44.41
2019-02-19, 13:30:56, 24.01, 44.38
2019-02-19, 13:30:58, 24.03, 44.41
2019-02-19, 13:30:59, 24.01, 44.41
2019-02-19, 13:31:00, 24.02, 44.41
2019-02-19, 13:31:02, 24.02, 44.41
2019-02-19, 13:31:03, 24.01, 44.41
2019-02-19, 13:31:04, 24.02, 44.41
2019-02-19, 13:31:06, 24.01, 44.41
2019-02-19, 13:31:07, 24.0, 44.41
2019-02-19, 13:31:09, 24.01, 44.41
2019-02-19, 13:31:10, 24.02, 44.41
2019-02-19, 13:31:11, 24.02, 44.41
2019-02-19, 13:31:13, 24.02, 44.41
2019-02-19, 13:31:14, 24.03, 44.41
2019-02-19, 13:31:15, 24.02, 44.41
2019-02-19, 13:31:17, 24.02, 44.41
2019-02-19, 13:31:18, 24.02, 44.41
2019-02-19, 13:31:19, 24.03, 44.44
2019-02-19, 13:31:21, 24.02, 44.44
2019-02-19, 13:31:22, 24.02, 44.41
2019-02-19, 13:31:23, 24.03, 44.41
2019-02-19, 13:31:25, 24.02, 44.41
2019-02-19, 13:31:26, 24.02, 44.41
2019-02-19, 13:31:27, 24.02, 44.44
2019-02-19, 13:31:29, 24.02, 44.44
2019-02-19, 13:31:30, 24.01, 44.41
2019-02-19, 13:31:32, 23.9, 44.43
2019-02-19, 13:31:33, 23.99, 44.47
2019-02-19, 13:31:34, 24.0, 44.47
2019-02-19, 13:31:36, 24.0, 44.47
2019-02-19, 13:31:37, 23.86, 44.46
2019-02-19, 13:31:38, 23.97, 44.5
2019-02-19, 13:31:40, 23.99, 44.5
2019-02-19, 13:31:41, 24.0, 44.47
2019-02-19, 13:31:42, 24.0, 44.47
2019-02-19, 13:31:44, 24.01, 44.47
2019-02-19, 13:31:45, 24.0, 44.47
2019-02-19, 13:31:46, 24.01, 44.44
2019-02-19, 13:31:48, 24.01, 44.44
2019-02-19, 13:31:49, 24.01, 44.44
2019-02-19, 13:31:51, 24.02, 44.41
2019-02-19, 13:31:52, 24.01, 44.41
2019-02-19, 13:31:53, 24.02, 44.41
2019-02-19, 13:31:55, 24.01, 44.44
2019-02-19, 13:31:56, 24.01, 44.44
2019-02-19, 13:31:57, 24.01, 44.44
2019-02-19, 13:31:59, 24.0, 44.44
2019-02-19, 13:32:00, 24.01, 44.47
2019-02-19, 13:32:01, 24.02, 44.47
2019-02-19, 13:32:03, 24.01, 44.47
2019-02-19, 13:32:04, 24.01, 44.47
2019-02-19, 13:32:05, 24.02, 44.47
2019-02-19, 13:32:07, 24.02, 44.47
2019-02-19, 13:32:08, 24.0, 44.47
2019-02-19, 13:32:10, 24.01, 44.47
2019-02-19, 13:32:11, 24.01, 44.47
2019-02-19, 13:32:12, 24.0, 44.47
2019-02-19, 13:32:14, 24.01, 44.47
2019-02-19, 13:32:15, 24.02, 44.47
2019-02-19, 13:32:16, 24.02, 44.47
2019-02-19, 13:32:18, 24.02, 44.47
2019-02-19, 13:32:19, 24.01, 44.47
2019-02-19, 13:32:20, 24.02, 44.47
2019-02-19, 13:32:22, 24.02, 44.47
2019-02-19, 13:32:23, 24.02, 44.47
2019-02-19, 13:32:24, 24.02, 44.47
2019-02-19, 13:32:26, 24.01, 44.47
2019-02-19, 13:32:27, 24.01, 44.47
2019-02-19, 13:32:28, 24.04, 44.48
2019-02-19, 13:32:30, 24.03, 44.48
2019-02-19, 13:32:31, 23.89, 44.49
2019-02-19, 13:32:33, 23.98, 44.53
2019-02-19, 13:32:34, 24.0, 44.54
2019-02-19, 13:32:35, 24.02, 44.54
2019-02-19, 13:32:37, 24.02, 44.54
2019-02-19, 13:32:38, 24.02, 44.54
2019-02-19, 13:32:39, 24.02, 44.54
2019-02-19, 13:32:41, 24.02, 44.54
2019-02-19, 13:32:42, 24.02, 44.54
2019-02-19, 13:32:43, 24.01, 44.54
2019-02-19, 13:32:45, 24.02, 44.51
2019-02-19, 13:32:46, 24.03, 44.48
2019-02-19, 13:32:47, 24.03, 44.51
2019-02-19, 13:32:49, 24.02, 44.51
2019-02-19, 13:32:50, 24.02, 44.51
2019-02-19, 13:32:51, 24.02, 44.47
2019-02-19, 13:32:53, 24.02, 44.47
2019-02-19, 13:32:54, 24.03, 44.48
2019-02-19, 13:32:56, 24.02, 44.51
2019-02-19, 13:32:57, 24.03, 44.48
2019-02-19, 13:32:58, 24.03, 44.48
2019-02-19, 13:33:00, 24.03, 44.48
2019-02-19, 13:33:01, 24.02, 44.47
2019-02-19, 13:33:02, 24.02, 44.51
2019-02-19, 13:33:04, 24.02, 44.47
2019-02-19, 13:33:05, 24.03, 44.48
2019-02-19, 13:33:06, 24.03, 44.51
2019-02-19, 13:33:08, 24.03, 44.48
2019-02-19, 13:33:09, 24.02, 44.51
2019-02-19, 13:33:10, 24.02, 44.51
2019-02-19, 13:33:12, 24.03, 44.48
2019-02-19, 13:33:13, 24.02, 44.47
2019-02-19, 13:33:14, 24.02, 44.47
2019-02-19, 13:33:16, 24.02, 44.47
2019-02-19, 13:33:17, 24.02, 44.51
2019-02-19, 13:33:19, 24.03, 44.48
2019-02-19, 13:33:20, 24.04, 44.51
2019-02-19, 13:33:21, 24.02, 44.47
2019-02-19, 13:33:23, 24.03, 44.51
2019-02-19, 13:33:24, 24.03, 44.51
2019-02-19, 13:33:25, 24.02, 44.51
2019-02-19, 13:33:27, 24.03, 44.51
2019-02-19, 13:33:28, 24.04, 44.51
2019-02-19, 13:33:29, 24.03, 44.54
2019-02-19, 13:33:31, 24.02, 44.51
2019-02-19, 13:33:32, 24.02, 44.51
2019-02-19, 13:33:33, 24.02, 44.54
2019-02-19, 13:33:35, 24.02, 44.54
2019-02-19, 13:33:36, 24.03, 44.51
2019-02-19, 13:33:37, 24.04, 44.51
2019-02-19, 13:33:39, 24.02, 44.51
2019-02-19, 13:33:40, 24.02, 44.47
2019-02-19, 13:33:42, 24.03, 44.51
2019-02-19, 13:33:43, 24.03, 44.51
2019-02-19, 13:33:44, 24.04, 44.48
2019-02-19, 13:33:46, 24.03, 44.54
2019-02-19, 13:33:47, 24.02, 44.51
2019-02-19, 13:33:48, 24.01, 44.54
2019-02-19, 13:33:50, 24.02, 44.51
2019-02-19, 13:33:51, 24.02, 44.51
2019-02-19, 13:33:52, 24.02, 44.47
2019-02-19, 13:33:54, 24.02, 44.51
2019-02-19, 13:33:55, 24.02, 44.47
2019-02-19, 13:33:56, 24.02, 44.51
2019-02-19, 13:33:58, 24.03, 44.51
2019-02-19, 13:33:59, 24.03, 44.48
2019-02-19, 13:34:01, 24.03, 44.51
2019-02-19, 13:34:02, 24.02, 44.47
2019-02-19, 13:34:03, 24.03, 44.48
2019-02-19, 13:34:05, 24.03, 44.48
2019-02-19, 13:34:06, 24.02, 44.47
2019-02-19, 13:34:07, 24.02, 44.47
2019-02-19, 13:34:09, 24.03, 44.48
2019-02-19, 13:34:10, 24.02, 44.47
2019-02-19, 13:34:11, 24.03, 44.48
2019-02-19, 13:34:13, 24.03, 44.48
2019-02-19, 13:34:14, 24.02, 44.47
2019-02-19, 13:34:15, 24.0, 44.47
2019-02-19, 13:34:17, 24.01, 44.51
2019-02-19, 13:34:18, 24.02, 44.47
2019-02-19, 13:34:19, 24.02, 44.47
2019-02-19, 13:34:21, 24.02, 44.47
2019-02-19, 13:34:22, 24.03, 44.48
2019-02-19, 13:34:24, 24.04, 44.51
2019-02-19, 13:34:25, 24.02, 44.47
2019-02-19, 13:34:26, 24.04, 44.48
2019-02-19, 13:34:28, 24.04, 44.48
2019-02-19, 13:34:29, 24.05, 44.48
2019-02-19, 13:34:30, 24.03, 44.48
2019-02-19, 13:34:32, 24.04, 44.48
2019-02-19, 13:34:33, 24.03, 44.48
2019-02-19, 13:34:34, 24.04, 44.44
2019-02-19, 13:34:36, 24.04, 44.44
2019-02-19, 13:34:37, 24.02, 44.44
2019-02-19, 13:34:38, 24.03, 44.44
2019-02-19, 13:34:40, 24.03, 44.41
2019-02-19, 13:34:41, 24.03, 44.44
2019-02-19, 13:34:42, 24.04, 44.44
2019-02-19, 13:34:44, 24.04, 44.44
2019-02-19, 13:34:45, 24.04, 44.41
2019-02-19, 13:34:47, 24.05, 44.45
2019-02-19, 13:34:48, 24.04, 44.41
2019-02-19, 13:34:49, 24.04, 44.44
2019-02-19, 13:34:51, 24.05, 44.45
2019-02-19, 13:34:52, 24.05, 44.45
2019-02-19, 13:34:53, 24.06, 44.45
2019-02-19, 13:34:55, 24.05, 44.45
2019-02-19, 13:34:56, 24.05, 44.45
2019-02-19, 13:34:57, 24.06, 44.45
2019-02-19, 13:34:59, 24.06, 44.41
2019-02-19, 13:35:00, 24.05, 44.41
2019-02-19, 13:35:01, 24.06, 44.41
2019-02-19, 13:35:03, 24.06, 44.41
2019-02-19, 13:35:04, 24.06, 44.41
2019-02-19, 13:35:05, 24.06, 44.45
2019-02-19, 13:35:07, 24.06, 44.41
2019-02-19, 13:35:08, 24.07, 44.42
2019-02-19, 13:35:10, 24.07, 44.42
2019-02-19, 13:35:11, 24.06, 44.41
2019-02-19, 13:35:12, 24.08, 44.38
2019-02-19, 13:35:14, 24.08, 44.38
2019-02-19, 13:35:15, 24.07, 44.35
2019-02-19, 13:35:16, 24.08, 44.35
2019-02-19, 13:35:18, 24.08, 44.35
2019-02-19, 13:35:19, 24.08, 44.35
2019-02-19, 13:35:20, 24.08, 44.35
2019-02-19, 13:35:22, 24.07, 44.35
2019-02-19, 13:35:23, 24.06, 44.35
2019-02-19, 13:35:24, 24.06, 44.35
2019-02-19, 13:35:26, 24.08, 44.35
2019-02-19, 13:35:27, 24.06, 44.35
2019-02-19, 13:35:28, 24.06, 44.35
2019-02-19, 13:35:30, 24.08, 44.35
2019-02-19, 13:35:31, 24.08, 44.35
2019-02-19, 13:35:33, 24.07, 44.35
2019-02-19, 13:35:34, 24.07, 44.35
2019-02-19, 13:35:35, 24.07, 44.35
2019-02-19, 13:35:37, 24.08, 44.35
2019-02-19, 13:35:38, 24.08, 44.35
2019-02-19, 13:35:39, 24.07, 44.35
2019-02-19, 13:35:41, 24.09, 44.35
2019-02-19, 13:35:42, 24.07, 44.35
2019-02-19, 13:35:43, 24.09, 44.32
2019-02-19, 13:35:45, 24.1, 44.35
2019-02-19, 13:35:46, 24.08, 44.32
2019-02-19, 13:35:47, 24.09, 44.32
2019-02-19, 13:35:49, 24.08, 44.32
2019-02-19, 13:35:50, 24.09, 44.32
2019-02-19, 13:35:51, 24.07, 44.29
2019-02-19, 13:35:53, 24.08, 44.35
2019-02-19, 13:35:54, 24.09, 44.32
2019-02-19, 13:35:56, 24.09, 44.32
2019-02-19, 13:35:57, 24.08, 44.35
2019-02-19, 13:35:58, 24.08, 44.32
2019-02-19, 13:36:00, 24.07, 44.35
2019-02-19, 13:36:01, 24.08, 44.35
2019-02-19, 13:36:02, 24.07, 44.35
2019-02-19, 13:36:04, 24.08, 44.35
2019-02-19, 13:36:05, 24.06, 44.32
2019-02-19, 13:36:06, 24.07, 44.32
2019-02-19, 13:36:08, 24.08, 44.32
2019-02-19, 13:36:09, 24.08, 44.32
2019-02-19, 13:36:10, 24.08, 44.32
2019-02-19, 13:36:12, 24.08, 44.32
2019-02-19, 13:36:13, 24.08, 44.32
2019-02-19, 13:36:14, 24.07, 44.29
2019-02-19, 13:36:16, 24.08, 44.32
2019-02-19, 13:36:17, 24.07, 44.32
2019-02-19, 13:36:19, 24.07, 44.29
2019-02-19, 13:36:20, 24.07, 44.32
2019-02-19, 13:36:21, 24.07, 44.32
2019-02-19, 13:36:23, 24.07, 44.35
2019-02-19, 13:36:24, 24.06, 44.35
2019-02-19, 13:36:25, 24.08, 44.32
2019-02-19, 13:36:27, 24.09, 44.35
2019-02-19, 13:36:28, 24.08, 44.35
2019-02-19, 13:36:29, 24.08, 44.35
2019-02-19, 13:36:31, 24.08, 44.35
2019-02-19, 13:36:32, 24.09, 44.35
2019-02-19, 13:36:33, 24.08, 44.35
2019-02-19, 13:36:35, 24.08, 44.35
2019-02-19, 13:36:36, 24.08, 44.35
2019-02-19, 13:36:37, 24.07, 44.35
2019-02-19, 13:36:39, 24.08, 44.32
2019-02-19, 13:36:40, 24.08, 44.32
2019-02-19, 13:36:42, 24.08, 44.35
2019-02-19, 13:36:43, 24.08, 44.32
2019-02-19, 13:36:44, 24.08, 44.35
2019-02-19, 13:36:46, 24.08, 44.32
2019-02-19, 13:36:47, 24.08, 44.35
2019-02-19, 13:36:48, 24.08, 44.35
2019-02-19, 13:36:50, 24.07, 44.35
2019-02-19, 13:36:51, 24.07, 44.35
2019-02-19, 13:36:52, 24.07, 44.35
2019-02-19, 13:36:54, 24.07, 44.38
2019-02-19, 13:36:55, 24.06, 44.38
2019-02-19, 13:36:56, 24.06, 44.38
2019-02-19, 13:36:58, 24.08, 44.38
2019-02-19, 13:36:59, 24.07, 44.38
2019-02-19, 13:37:01, 24.06, 44.38
2019-02-19, 13:37:02, 24.05, 44.38
2019-02-19, 13:37:03, 24.06, 44.38
2019-02-19, 13:37:05, 24.06, 44.38
2019-02-19, 13:37:06, 24.06, 44.38
2019-02-19, 13:37:07, 24.07, 44.42
2019-02-19, 13:37:09, 24.06, 44.41
2019-02-19, 13:37:10, 24.06, 44.41
2019-02-19, 13:37:11, 24.07, 44.42
2019-02-19, 13:37:13, 24.07, 44.42
2019-02-19, 13:37:14, 24.07, 44.42
2019-02-19, 13:37:15, 24.07, 44.42
2019-02-19, 13:37:17, 24.06, 44.38
2019-02-19, 13:37:18, 24.08, 44.38
2019-02-19, 13:37:19, 24.07, 44.38
2019-02-19, 13:37:21, 24.07, 44.42
2019-02-19, 13:37:22, 24.07, 44.42
2019-02-19, 13:37:24, 24.07, 44.42
2019-02-19, 13:37:25, 24.06, 44.41
2019-02-19, 13:37:26, 24.07, 44.42
2019-02-19, 13:37:28, 24.08, 44.42
2019-02-19, 13:37:29, 24.08, 44.42
2019-02-19, 13:37:30, 24.08, 44.38
2019-02-19, 13:37:32, 24.06, 44.41
2019-02-19, 13:37:33, 24.07, 44.42
2019-02-19, 13:37:34, 24.08, 44.42
2019-02-19, 13:37:36, 24.06, 44.41
2019-02-19, 13:37:37, 24.07, 44.42
2019-02-19, 13:37:38, 24.07, 44.42
2019-02-19, 13:37:40, 24.06, 44.41
2019-02-19, 13:37:41, 24.08, 44.42
2019-02-19, 13:37:43, 24.08, 44.38
2019-02-19, 13:37:44, 24.07, 44.42
2019-02-19, 13:37:45, 24.09, 44.39
2019-02-19, 13:37:47, 24.08, 44.38
2019-02-19, 13:37:48, 24.07, 44.42
2019-02-19, 13:37:49, 24.07, 44.42
2019-02-19, 13:37:51, 24.07, 44.42
2019-02-19, 13:37:52, 24.07, 44.42
2019-02-19, 13:37:53, 24.08, 44.42
2019-02-19, 13:37:55, 24.08, 44.42
2019-02-19, 13:37:56, 24.08, 44.42
2019-02-19, 13:37:57, 23.96, 44.44
2019-02-19, 13:37:59, 24.04, 44.48
2019-02-19, 13:38:00, 24.06, 44.48
2019-02-19, 13:38:01, 24.06, 44.48
2019-02-19, 13:38:03, 24.08, 44.45
2019-02-19, 13:38:04, 24.07, 44.45
2019-02-19, 13:38:06, 24.08, 44.45
2019-02-19, 13:38:07, 24.08, 44.45
2019-02-19, 13:38:08, 24.09, 44.42
2019-02-19, 13:38:10, 24.1, 44.42
2019-02-19, 13:38:11, 24.09, 44.39
2019-02-19, 13:38:12, 24.09, 44.39
2019-02-19, 13:38:14, 24.08, 44.35
2019-02-19, 13:38:15, 24.09, 44.35
2019-02-19, 13:38:16, 24.08, 44.35
2019-02-19, 13:38:18, 24.09, 44.35
2019-02-19, 13:38:19, 24.08, 44.35
2019-02-19, 13:38:20, 24.09, 44.39
2019-02-19, 13:38:22, 24.08, 44.38
2019-02-19, 13:38:23, 24.08, 44.38
2019-02-19, 13:38:25, 24.09, 44.35
2019-02-19, 13:38:26, 24.08, 44.38
2019-02-19, 13:38:27, 24.08, 44.38
2019-02-19, 13:38:29, 24.09, 44.35
2019-02-19, 13:38:30, 24.1, 44.35
2019-02-19, 13:38:31, 24.1, 44.35
2019-02-19, 13:38:33, 24.08, 44.35
2019-02-19, 13:38:34, 24.08, 44.35
2019-02-19, 13:38:35, 24.09, 44.32
2019-02-19, 13:38:37, 24.09, 44.35
2019-02-19, 13:38:38, 24.09, 44.32
2019-02-19, 13:38:39, 24.08, 44.32
2019-02-19, 13:38:41, 24.1, 44.32
2019-02-19, 13:38:42, 24.1, 44.32
2019-02-19, 13:38:43, 24.09, 44.29
2019-02-19, 13:38:45, 24.08, 44.35
2019-02-19, 13:38:46, 24.08, 44.32
2019-02-19, 13:38:48, 24.08, 44.32
2019-02-19, 13:38:49, 24.09, 44.32
2019-02-19, 13:38:50, 24.09, 44.29
2019-02-19, 13:38:52, 24.11, 44.32
2019-02-19, 13:38:53, 24.12, 44.29
2019-02-19, 13:38:54, 24.1, 44.29
2019-02-19, 13:38:56, 24.1, 44.29
2019-02-19, 13:38:57, 23.94, 44.3
2019-02-19, 13:38:58, 24.04, 44.38
2019-02-19, 13:39:00, 24.06, 44.38
2019-02-19, 13:39:01, 24.06, 44.35
2019-02-19, 13:39:02, 24.07, 44.35
2019-02-19, 13:39:04, 24.08, 44.38
2019-02-19, 13:39:05, 24.1, 44.35
2019-02-19, 13:39:06, 24.09, 44.35
2019-02-19, 13:39:08, 24.1, 44.35
2019-02-19, 13:39:09, 24.09, 44.35
2019-02-19, 13:39:11, 24.1, 44.35
2019-02-19, 13:39:12, 24.08, 44.32
2019-02-19, 13:39:13, 24.1, 44.35
2019-02-19, 13:39:15, 24.1, 44.32
2019-02-19, 13:39:16, 24.09, 44.35
2019-02-19, 13:39:17, 24.09, 44.32
2019-02-19, 13:39:19, 24.09, 44.32
2019-02-19, 13:39:20, 24.1, 44.32
2019-02-19, 13:39:21, 24.1, 44.32
2019-02-19, 13:39:23, 24.1, 44.35
2019-02-19, 13:39:24, 24.1, 44.32
2019-02-19, 13:39:25, 24.1, 44.32
2019-02-19, 13:39:27, 23.94, 44.34
2019-02-19, 13:39:28, 24.05, 44.41
2019-02-19, 13:39:30, 24.06, 44.41
2019-02-19, 13:39:31, 24.08, 44.42
2019-02-19, 13:39:32, 24.08, 44.42
2019-02-19, 13:39:34, 24.09, 44.35
2019-02-19, 13:39:35, 24.09, 44.35
2019-02-19, 13:39:36, 24.08, 44.35
2019-02-19, 13:39:38, 24.09, 44.35
2019-02-19, 13:39:39, 24.1, 44.35
2019-02-19, 13:39:40, 24.12, 44.36
2019-02-19, 13:39:42, 24.1, 44.32
2019-02-19, 13:39:43, 24.1, 44.35
2019-02-19, 13:39:44, 24.11, 44.36
2019-02-19, 13:39:46, 24.12, 44.36
2019-02-19, 13:39:47, 24.12, 44.32
2019-02-19, 13:39:48, 24.1, 44.29
2019-02-19, 13:39:50, 24.12, 44.29
2019-02-19, 13:39:51, 24.12, 44.29
2019-02-19, 13:39:53, 24.12, 44.29
2019-02-19, 13:39:54, 24.11, 44.29
2019-02-19, 13:39:55, 24.1, 44.29
2019-02-19, 13:39:57, 24.11, 44.32
2019-02-19, 13:39:58, 24.1, 44.32
2019-02-19, 13:39:59, 24.12, 44.29
2019-02-19, 13:40:01, 24.11, 44.29
2019-02-19, 13:40:02, 24.12, 44.32
2019-02-19, 13:40:03, 24.12, 44.36
2019-02-19, 13:40:05, 24.11, 44.32
2019-02-19, 13:40:06, 24.11, 44.29
2019-02-19, 13:40:07, 24.13, 44.33
2019-02-19, 13:40:09, 24.12, 44.29
2019-02-19, 13:40:10, 24.11, 44.29
2019-02-19, 13:40:12, 24.12, 44.29
2019-02-19, 13:40:13, 24.13, 44.29
2019-02-19, 13:40:14, 24.12, 44.29
2019-02-19, 13:40:16, 24.12, 44.32
2019-02-19, 13:40:17, 24.12, 44.32
2019-02-19, 13:40:18, 24.14, 44.33
2019-02-19, 13:40:20, 24.12, 44.29
2019-02-19, 13:40:21, 24.13, 44.33
2019-02-19, 13:40:22, 24.13, 44.29
2019-02-19, 13:40:24, 24.14, 44.29
2019-02-19, 13:40:25, 24.13, 44.33
2019-02-19, 13:40:26, 24.12, 44.29
2019-02-19, 13:40:28, 24.13, 44.29
2019-02-19, 13:40:29, 24.14, 44.29
2019-02-19, 13:40:30, 24.12, 44.29
2019-02-19, 13:40:32, 24.14, 44.29
2019-02-19, 13:40:33, 24.12, 44.29
2019-02-19, 13:40:35, 24.12, 44.29
2019-02-19, 13:40:36, 24.12, 44.29
2019-02-19, 13:40:37, 24.12, 44.32
2019-02-19, 13:40:39, 24.12, 44.36
2019-02-19, 13:40:40, 24.12, 44.32
2019-02-19, 13:40:41, 24.13, 44.33
2019-02-19, 13:40:43, 24.13, 44.33
2019-02-19, 13:40:44, 24.12, 44.32
2019-02-19, 13:40:45, 24.13, 44.29
2019-02-19, 13:40:47, 24.12, 44.32
2019-02-19, 13:40:48, 24.12, 44.32
2019-02-19, 13:40:49, 24.14, 44.33
2019-02-19, 13:40:51, 24.13, 44.33
2019-02-19, 13:40:52, 24.14, 44.33
2019-02-19, 13:40:53, 24.12, 44.32
2019-02-19, 13:40:55, 24.12, 44.32
2019-02-19, 13:40:56, 24.12, 44.36
2019-02-19, 13:40:58, 24.12, 44.32
2019-02-19, 13:40:59, 24.12, 44.36
2019-02-19, 13:41:00, 24.12, 44.32
2019-02-19, 13:41:02, 24.12, 44.36
2019-02-19, 13:41:03, 24.13, 44.36
2019-02-19, 13:41:04, 24.13, 44.29
2019-02-19, 13:41:06, 24.13, 44.33
2019-02-19, 13:41:07, 24.14, 44.29
2019-02-19, 13:41:08, 24.15, 44.33
2019-02-19, 13:41:10, 24.15, 44.3
2019-02-19, 13:41:11, 24.14, 44.29
2019-02-19, 13:41:12, 24.14, 44.29
2019-02-19, 13:41:14, 24.14, 44.29
2019-02-19, 13:41:15, 24.14, 44.29
2019-02-19, 13:41:16, 24.14, 44.33
2019-02-19, 13:41:18, 24.14, 44.29
2019-02-19, 13:41:19, 24.12, 44.29
2019-02-19, 13:41:21, 24.14, 44.33
2019-02-19, 13:41:22, 24.13, 44.29
2019-02-19, 13:41:23, 24.14, 44.29
2019-02-19, 13:41:25, 24.14, 44.29
2019-02-19, 13:41:26, 24.13, 44.29
2019-02-19, 13:41:27, 24.14, 44.33
2019-02-19, 13:41:29, 24.13, 44.33
2019-02-19, 13:41:30, 24.14, 44.29
2019-02-19, 13:41:31, 24.15, 44.3
2019-02-19, 13:41:33, 24.14, 44.33
2019-02-19, 13:41:34, 24.16, 44.33
2019-02-19, 13:41:35, 24.15, 44.3
2019-02-19, 13:41:37, 24.16, 44.3
2019-02-19, 13:41:38, 24.16, 44.3
2019-02-19, 13:41:39, 24.15, 44.3
2019-02-19, 13:41:41, 24.16, 44.3
2019-02-19, 13:41:42, 24.16, 44.3
2019-02-19, 13:41:44, 24.16, 44.3
2019-02-19, 13:41:45, 24.15, 44.3
2019-02-19, 13:41:46, 24.16, 44.3
2019-02-19, 13:41:48, 24.16, 44.26
2019-02-19, 13:41:49, 24.18, 44.27
2019-02-19, 13:41:50, 24.17, 44.27
2019-02-19, 13:41:52, 24.17, 44.23
2019-02-19, 13:41:53, 24.18, 44.23
2019-02-19, 13:41:54, 24.18, 44.23
2019-02-19, 13:41:56, 24.18, 44.23
2019-02-19, 13:41:57, 24.19, 44.24
2019-02-19, 13:41:58, 24.19, 44.2
2019-02-19, 13:42:00, 24.2, 44.17
2019-02-19, 13:42:01, 24.2, 44.2
2019-02-19, 13:42:03, 24.19, 44.2
2019-02-19, 13:42:04, 24.19, 44.2
2019-02-19, 13:42:05, 24.2, 44.17
2019-02-19, 13:42:07, 24.18, 44.2
2019-02-19, 13:42:08, 24.19, 44.2
2019-02-19, 13:42:09, 24.18, 44.2
2019-02-19, 13:42:11, 24.18, 44.2
2019-02-19, 13:42:12, 24.18, 44.23
2019-02-19, 13:42:13, 24.18, 44.2
2019-02-19, 13:42:15, 24.18, 44.2
2019-02-19, 13:42:16, 24.18, 44.2
2019-02-19, 13:42:17, 24.19, 44.2
2019-02-19, 13:42:19, 24.18, 44.2
2019-02-19, 13:42:20, 24.17, 44.17
2019-02-19, 13:42:21, 24.18, 44.17
2019-02-19, 13:42:23, 24.18, 44.2
2019-02-19, 13:42:24, 24.18, 44.17
2019-02-19, 13:42:26, 24.19, 44.17
2019-02-19, 13:42:27, 24.2, 44.17
2019-02-19, 13:42:28, 24.18, 44.17
2019-02-19, 13:42:30, 24.18, 44.17
2019-02-19, 13:42:31, 24.2, 44.17
2019-02-19, 13:42:32, 24.2, 44.17
2019-02-19, 13:42:34, 24.2, 44.17
2019-02-19, 13:42:35, 24.19, 44.17
2019-02-19, 13:42:36, 24.2, 44.17
2019-02-19, 13:42:38, 24.19, 44.17
2019-02-19, 13:42:39, 24.2, 44.17
2019-02-19, 13:42:40, 24.2, 44.17
2019-02-19, 13:42:42, 24.2, 44.17
2019-02-19, 13:42:43, 24.2, 44.17
2019-02-19, 13:42:44, 24.2, 44.17
2019-02-19, 13:42:46, 24.2, 44.17
2019-02-19, 13:42:47, 24.2, 44.17
2019-02-19, 13:42:49, 24.2, 44.17
2019-02-19, 13:42:50, 24.21, 44.17
2019-02-19, 13:42:51, 24.22, 44.17
2019-02-19, 13:42:53, 24.22, 44.17
2019-02-19, 13:42:54, 24.22, 44.17
2019-02-19, 13:42:55, 24.22, 44.14
2019-02-19, 13:42:57, 24.23, 44.18
2019-02-19, 13:42:58, 24.22, 44.17
2019-02-19, 13:42:59, 24.22, 44.14
2019-02-19, 13:43:01, 24.23, 44.18
2019-02-19, 13:43:02, 24.22, 44.14
2019-02-19, 13:43:03, 24.22, 44.17
2019-02-19, 13:43:05, 24.21, 44.17
2019-02-19, 13:43:06, 24.22, 44.14
2019-02-19, 13:43:07, 24.24, 44.14
2019-02-19, 13:43:09, 24.24, 44.14
2019-02-19, 13:43:10, 24.24, 44.14
2019-02-19, 13:43:12, 24.24, 44.14
2019-02-19, 13:43:13, 24.24, 44.14
2019-02-19, 13:43:14, 24.24, 44.11
2019-02-19, 13:43:16, 24.24, 44.11
2019-02-19, 13:43:17, 24.24, 44.11
2019-02-19, 13:43:18, 24.25, 44.11
2019-02-19, 13:43:20, 24.25, 44.11
2019-02-19, 13:43:21, 24.25, 44.11
2019-02-19, 13:43:22, 24.25, 44.08
2019-02-19, 13:43:24, 24.24, 44.08
2019-02-19, 13:43:25, 24.24, 44.08
2019-02-19, 13:43:26, 24.24, 44.05
2019-02-19, 13:43:28, 24.25, 44.05
2019-02-19, 13:43:29, 24.26, 44.08
2019-02-19, 13:43:30, 24.26, 44.08
2019-02-19, 13:43:32, 24.27, 44.05
2019-02-19, 13:43:33, 24.25, 44.08
2019-02-19, 13:43:35, 24.26, 44.05
2019-02-19, 13:43:36, 24.27, 44.05
2019-02-19, 13:43:37, 24.27, 44.05
2019-02-19, 13:43:39, 24.26, 44.05
2019-02-19, 13:43:40, 24.26, 44.05
2019-02-19, 13:43:41, 24.28, 44.05
2019-02-19, 13:43:43, 24.28, 44.05
2019-02-19, 13:43:44, 24.27, 44.05
2019-02-19, 13:43:45, 24.26, 44.05
2019-02-19, 13:43:47, 24.26, 44.05
2019-02-19, 13:43:48, 24.26, 44.05
2019-02-19, 13:43:49, 24.27, 44.02
2019-02-19, 13:43:51, 24.28, 44.05
2019-02-19, 13:43:52, 24.27, 44.02
2019-02-19, 13:43:53, 24.28, 44.02
2019-02-19, 13:43:55, 24.27, 44.02
2019-02-19, 13:43:56, 24.28, 44.02
2019-02-19, 13:43:58, 24.28, 44.02
2019-02-19, 13:43:59, 24.26, 44.05
2019-02-19, 13:44:00, 24.28, 44.02
2019-02-19, 13:44:02, 24.26, 44.02
2019-02-19, 13:44:03, 24.26, 44.02
2019-02-19, 13:44:04, 24.25, 43.98
2019-02-19, 13:44:06, 24.26, 44.02
2019-02-19, 13:44:07, 24.26, 44.02
2019-02-19, 13:44:08, 24.26, 43.99
2019-02-19, 13:44:10, 24.26, 44.02
2019-02-19, 13:44:11, 24.26, 43.99
2019-02-19, 13:44:12, 24.28, 44.02
2019-02-19, 13:44:14, 24.26, 43.99
2019-02-19, 13:44:15, 24.27, 44.02
2019-02-19, 13:44:16, 24.28, 43.99
2019-02-19, 13:44:18, 24.28, 43.99
2019-02-19, 13:44:19, 24.28, 43.99
2019-02-19, 13:44:21, 24.28, 43.99
2019-02-19, 13:44:22, 24.28, 43.99
2019-02-19, 13:44:23, 24.28, 43.99
2019-02-19, 13:44:25, 24.28, 43.99
2019-02-19, 13:44:26, 24.28, 43.99
2019-02-19, 13:44:27, 24.28, 43.99
2019-02-19, 13:44:29, 24.28, 43.99
2019-02-19, 13:44:30, 24.28, 43.96
2019-02-19, 13:44:31, 24.28, 43.99
2019-02-19, 13:44:33, 24.28, 43.99
2019-02-19, 13:44:34, 24.28, 43.99
2019-02-19, 13:44:35, 24.27, 43.99
2019-02-19, 13:44:37, 24.27, 43.99
2019-02-19, 13:44:38, 24.26, 43.99
2019-02-19, 13:44:39, 24.25, 44.02
2019-02-19, 13:44:41, 24.25, 44.02
2019-02-19, 13:44:42, 24.25, 43.98
2019-02-19, 13:44:44, 24.26, 43.99
2019-02-19, 13:44:45, 24.26, 44.02
2019-02-19, 13:44:46, 24.26, 44.05
2019-02-19, 13:44:48, 24.26, 44.02
2019-02-19, 13:44:49, 24.25, 44.02
2019-02-19, 13:44:50, 24.24, 44.05
2019-02-19, 13:44:52, 24.25, 44.02
2019-02-19, 13:44:53, 24.23, 44.01
2019-02-19, 13:44:54, 24.22, 44.05
2019-02-19, 13:44:56, 24.24, 44.05
2019-02-19, 13:44:57, 24.23, 44.05
2019-02-19, 13:44:58, 24.08, 44.09
2019-02-19, 13:45:00, 24.17, 44.14
2019-02-19, 13:45:01, 24.2, 44.17
2019-02-19, 13:45:02, 24.22, 44.17
2019-02-19, 13:45:04, 24.21, 44.17
2019-02-19, 13:45:05, 24.22, 44.14
2019-02-19, 13:45:07, 24.22, 44.11
2019-02-19, 13:45:08, 24.22, 44.11
2019-02-19, 13:45:09, 24.22, 44.11
2019-02-19, 13:45:11, 24.22, 44.11
2019-02-19, 13:45:12, 24.22, 44.11
2019-02-19, 13:45:13, 24.21, 44.11
2019-02-19, 13:45:15, 24.21, 44.11
2019-02-19, 13:45:16, 24.21, 44.11
2019-02-19, 13:45:17, 24.23, 44.11
2019-02-19, 13:45:19, 24.22, 44.11
2019-02-19, 13:45:20, 24.21, 44.11
2019-02-19, 13:45:21, 24.23, 44.11
2019-02-19, 13:45:23, 24.05, 44.15
2019-02-19, 13:45:24, 24.15, 44.23
2019-02-19, 13:45:25, 24.18, 44.23
2019-02-19, 13:45:27, 24.17, 44.23
2019-02-19, 13:45:28, 24.18, 44.23
2019-02-19, 13:45:30, 24.19, 44.24
2019-02-19, 13:45:31, 24.18, 44.17
2019-02-19, 13:45:32, 24.19, 44.17
2019-02-19, 13:45:34, 24.2, 44.17
2019-02-19, 13:45:35, 24.2, 44.17
2019-02-19, 13:45:36, 24.2, 44.17
2019-02-19, 13:45:38, 24.2, 44.17
2019-02-19, 13:45:39, 24.2, 44.17
2019-02-19, 13:45:40, 24.2, 44.17
2019-02-19, 13:45:42, 24.21, 44.14
2019-02-19, 13:45:43, 24.21, 44.14
2019-02-19, 13:45:44, 24.22, 44.14
2019-02-19, 13:45:46, 24.22, 44.11
2019-02-19, 13:45:47, 24.21, 44.11
2019-02-19, 13:45:48, 24.22, 44.11
2019-02-19, 13:45:50, 24.21, 44.11
2019-02-19, 13:45:51, 24.21, 44.11
2019-02-19, 13:45:53, 24.2, 44.11
2019-02-19, 13:45:54, 24.21, 44.11
2019-02-19, 13:45:55, 24.21, 44.11
2019-02-19, 13:45:57, 24.21, 44.14
2019-02-19, 13:45:58, 24.21, 44.14
2019-02-19, 13:45:59, 24.22, 44.11
2019-02-19, 13:46:01, 24.21, 44.08
2019-02-19, 13:46:02, 24.22, 44.11
2019-02-19, 13:46:03, 24.22, 44.11
2019-02-19, 13:46:05, 24.22, 44.11
2019-02-19, 13:46:06, 24.22, 44.11
2019-02-19, 13:46:07, 24.22, 44.14
2019-02-19, 13:46:09, 24.22, 44.11
2019-02-19, 13:46:10, 24.21, 44.14
2019-02-19, 13:46:11, 24.22, 44.14
2019-02-19, 13:46:13, 24.23, 44.14
2019-02-19, 13:46:14, 24.23, 44.14
2019-02-19, 13:46:16, 24.22, 44.14
2019-02-19, 13:46:17, 24.23, 44.11
2019-02-19, 13:46:18, 24.22, 44.11
2019-02-19, 13:46:20, 24.23, 44.11
2019-02-19, 13:46:21, 24.21, 44.11
2019-02-19, 13:46:22, 24.19, 44.11
2019-02-19, 13:46:24, 24.2, 44.11
2019-02-19, 13:46:25, 24.22, 44.11
2019-02-19, 13:46:26, 24.22, 44.11
2019-02-19, 13:46:28, 24.22, 44.11
2019-02-19, 13:46:29, 24.22, 44.11
2019-02-19, 13:46:30, 24.21, 44.11
2019-02-19, 13:46:32, 24.21, 44.11
2019-02-19, 13:46:33, 24.2, 44.11
2019-02-19, 13:46:34, 24.2, 44.11
2019-02-19, 13:46:36, 24.2, 44.11
2019-02-19, 13:46:37, 24.2, 44.11
2019-02-19, 13:46:39, 24.2, 44.11
2019-02-19, 13:46:40, 24.22, 44.11
2019-02-19, 13:46:41, 24.21, 44.11
2019-02-19, 13:46:43, 24.2, 44.11
2019-02-19, 13:46:44, 24.2, 44.11
2019-02-19, 13:46:45, 24.21, 44.11
2019-02-19, 13:46:47, 24.2, 44.11
2019-02-19, 13:46:48, 24.2, 44.11
2019-02-19, 13:46:49, 24.21, 44.11
2019-02-19, 13:46:51, 24.21, 44.11
2019-02-19, 13:46:52, 24.2, 44.11
2019-02-19, 13:46:53, 24.19, 44.07
2019-02-19, 13:46:55, 24.19, 44.11
2019-02-19, 13:46:56, 24.2, 44.11
2019-02-19, 13:46:57, 24.2, 44.11
2019-02-19, 13:46:59, 24.19, 44.11
2019-02-19, 13:47:00, 24.19, 44.11
2019-02-19, 13:47:02, 24.2, 44.11
2019-02-19, 13:47:03, 24.19, 44.11
2019-02-19, 13:47:04, 24.19, 44.11
2019-02-19, 13:47:06, 24.2, 44.11
2019-02-19, 13:47:07, 24.2, 44.11
2019-02-19, 13:47:08, 24.18, 44.11
2019-02-19, 13:47:10, 24.18, 44.14
2019-02-19, 13:47:11, 24.18, 44.14
2019-02-19, 13:47:12, 24.18, 44.11
2019-02-19, 13:47:14, 24.19, 44.14
2019-02-19, 13:47:15, 24.19, 44.14
2019-02-19, 13:47:16, 24.18, 44.11
2019-02-19, 13:47:18, 24.19, 44.14
2019-02-19, 13:47:19, 24.2, 44.11
2019-02-19, 13:47:20, 24.19, 44.11
2019-02-19, 13:47:22, 24.17, 44.1
2019-02-19, 13:47:23, 24.16, 44.14
2019-02-19, 13:47:25, 24.17, 44.14
2019-02-19, 13:47:26, 24.18, 44.14
2019-02-19, 13:47:27, 24.17, 44.17
2019-02-19, 13:47:29, 24.18, 44.17
2019-02-19, 13:47:30, 24.15, 44.17
2019-02-19, 13:47:31, 24.17, 44.17
2019-02-19, 13:47:33, 24.17, 44.2
2019-02-19, 13:47:34, 24.16, 44.2
2019-02-19, 13:47:35, 24.16, 44.2
2019-02-19, 13:47:37, 24.17, 44.2
2019-02-19, 13:47:38, 24.16, 44.23
2019-02-19, 13:47:39, 24.16, 44.23
2019-02-19, 13:47:41, 24.17, 44.23
2019-02-19, 13:47:42, 24.17, 44.23
2019-02-19, 13:47:44, 24.16, 44.23
2019-02-19, 13:47:45, 24.17, 44.23
2019-02-19, 13:47:46, 24.15, 44.23
2019-02-19, 13:47:48, 24.16, 44.23
2019-02-19, 13:47:49, 24.16, 44.23
2019-02-19, 13:47:50, 24.17, 44.23
2019-02-19, 13:47:52, 24.16, 44.23
2019-02-19, 13:47:53, 24.16, 44.23
2019-02-19, 13:47:54, 24.16, 44.23
2019-02-19, 13:47:56, 24.16, 44.23
2019-02-19, 13:47:57, 24.17, 44.23
2019-02-19, 13:47:58, 24.17, 44.23
2019-02-19, 13:48:00, 24.16, 44.23
2019-02-19, 13:48:01, 24.15, 44.23
2019-02-19, 13:48:03, 24.17, 44.27
2019-02-19, 13:48:04, 24.15, 44.23
2019-02-19, 13:48:05, 24.16, 44.26
2019-02-19, 13:48:07, 24.16, 44.26
2019-02-19, 13:48:08, 24.16, 44.26
2019-02-19, 13:48:09, 24.16, 44.26
2019-02-19, 13:48:11, 24.16, 44.26
2019-02-19, 13:48:12, 24.17, 44.3
2019-02-19, 13:48:13, 24.18, 44.3
2019-02-19, 13:48:15, 24.17, 44.27
2019-02-19, 13:48:16, 24.18, 44.23
2019-02-19, 13:48:17, 24.18, 44.27
2019-02-19, 13:48:19, 24.18, 44.23
2019-02-19, 13:48:20, 24.1, 44.26
2019-02-19, 13:48:21, 24.15, 44.26
2019-02-19, 13:48:23, 24.15, 44.3
2019-02-19, 13:48:24, 24.16, 44.3
2019-02-19, 13:48:26, 24.04, 44.28
2019-02-19, 13:48:27, 24.12, 44.32
2019-02-19, 13:48:28, 24.12, 44.32
2019-02-19, 13:48:30, 24.16, 44.33
2019-02-19, 13:48:31, 24.15, 44.33
2019-02-19, 13:48:32, 24.15, 44.36
2019-02-19, 13:48:34, 24.15, 44.33
2019-02-19, 13:48:35, 24.16, 44.33
2019-02-19, 13:48:36, 24.16, 44.33
2019-02-19, 13:48:38, 24.16, 44.33
2019-02-19, 13:48:39, 24.15, 44.33
2019-02-19, 13:48:40, 24.15, 44.33
2019-02-19, 13:48:42, 24.15, 44.36
2019-02-19, 13:48:43, 24.14, 44.33
2019-02-19, 13:48:44, 24.14, 44.36
2019-02-19, 13:48:46, 24.13, 44.36
2019-02-19, 13:48:47, 24.14, 44.36
2019-02-19, 13:48:49, 24.14, 44.36
2019-02-19, 13:48:50, 24.06, 44.35
2019-02-19, 13:48:51, 24.12, 44.39
2019-02-19, 13:48:53, 24.13, 44.39
2019-02-19, 13:48:54, 24.13, 44.39
2019-02-19, 13:48:55, 24.13, 44.39
2019-02-19, 13:48:57, 24.13, 44.39
2019-02-19, 13:48:58, 24.14, 44.39
2019-02-19, 13:48:59, 24.14, 44.39
2019-02-19, 13:49:01, 24.14, 44.39
2019-02-19, 13:49:02, 24.14, 44.39
2019-02-19, 13:49:03, 24.13, 44.39
2019-02-19, 13:49:05, 24.12, 44.39
2019-02-19, 13:49:06, 24.12, 44.39
2019-02-19, 13:49:07, 24.12, 44.42
2019-02-19, 13:49:09, 24.12, 44.42
2019-02-19, 13:49:10, 24.12, 44.42
2019-02-19, 13:49:12, 24.12, 44.42
2019-02-19, 13:49:13, 24.12, 44.42
2019-02-19, 13:49:14, 24.12, 44.42
2019-02-19, 13:49:16, 24.11, 44.45
2019-02-19, 13:49:17, 24.1, 44.45
2019-02-19, 13:49:18, 24.11, 44.45
2019-02-19, 13:49:20, 24.0, 44.47
2019-02-19, 13:49:21, 24.08, 44.51
2019-02-19, 13:49:22, 24.1, 44.48
2019-02-19, 13:49:24, 24.09, 44.52
2019-02-19, 13:49:25, 24.08, 44.48
2019-02-19, 13:49:26, 24.1, 44.52
2019-02-19, 13:49:28, 24.11, 44.49
2019-02-19, 13:49:29, 24.1, 44.48
2019-02-19, 13:49:30, 24.1, 44.48
2019-02-19, 13:49:32, 24.11, 44.49
2019-02-19, 13:49:33, 24.1, 44.48
2019-02-19, 13:49:35, 24.1, 44.48
2019-02-19, 13:49:36, 24.1, 44.48
2019-02-19, 13:49:37, 24.1, 44.45
2019-02-19, 13:49:39, 24.1, 44.45
2019-02-19, 13:49:40, 24.1, 44.45
2019-02-19, 13:49:41, 24.1, 44.48
2019-02-19, 13:49:43, 24.11, 44.49
2019-02-19, 13:49:44, 24.1, 44.45
2019-02-19, 13:49:45, 24.1, 44.45
2019-02-19, 13:49:47, 24.12, 44.45
2019-02-19, 13:49:48, 24.1, 44.45
2019-02-19, 13:49:49, 23.98, 44.47
2019-02-19, 13:49:51, 24.06, 44.51
2019-02-19, 13:49:52, 24.08, 44.51
2019-02-19, 13:49:54, 24.08, 44.51
2019-02-19, 13:49:55, 23.96, 44.53
2019-02-19, 13:49:56, 24.05, 44.58
2019-02-19, 13:49:58, 24.06, 44.58
2019-02-19, 13:49:59, 24.08, 44.58
2019-02-19, 13:50:00, 24.06, 44.58
2019-02-19, 13:50:02, 24.06, 44.58
2019-02-19, 13:50:03, 24.08, 44.55
2019-02-19, 13:50:04, 24.08, 44.55
2019-02-19, 13:50:06, 24.08, 44.55
2019-02-19, 13:50:07, 24.08, 44.55
2019-02-19, 13:50:08, 24.06, 44.54
2019-02-19, 13:50:10, 24.08, 44.55
2019-02-19, 13:50:11, 24.09, 44.55
2019-02-19, 13:50:12, 24.09, 44.55
2019-02-19, 13:50:14, 24.08, 44.55
2019-02-19, 13:50:15, 24.09, 44.52
2019-02-19, 13:50:17, 24.09, 44.52
2019-02-19, 13:50:18, 24.07, 44.55
2019-02-19, 13:50:19, 24.06, 44.54
2019-02-19, 13:50:21, 24.06, 44.54
2019-02-19, 13:50:22, 24.06, 44.54
2019-02-19, 13:50:23, 24.06, 44.54
2019-02-19, 13:50:25, 23.92, 44.53
2019-02-19, 13:50:26, 24.02, 44.64
2019-02-19, 13:50:27, 24.04, 44.64
2019-02-19, 13:50:29, 24.05, 44.61
2019-02-19, 13:50:30, 24.05, 44.61
2019-02-19, 13:50:31, 24.05, 44.64
2019-02-19, 13:50:33, 24.05, 44.61
2019-02-19, 13:50:34, 24.06, 44.61
2019-02-19, 13:50:35, 24.05, 44.61
2019-02-19, 13:50:37, 24.05, 44.61
2019-02-19, 13:50:38, 24.05, 44.58
2019-02-19, 13:50:40, 24.06, 44.58
2019-02-19, 13:50:41, 24.05, 44.58
2019-02-19, 13:50:42, 24.06, 44.58
2019-02-19, 13:50:44, 24.06, 44.61
2019-02-19, 13:50:45, 24.05, 44.61
2019-02-19, 13:50:46, 24.05, 44.58
2019-02-19, 13:50:48, 24.06, 44.58
2019-02-19, 13:50:49, 23.89, 44.59
2019-02-19, 13:50:50, 23.99, 44.67
2019-02-19, 13:50:52, 24.02, 44.67
2019-02-19, 13:50:53, 24.02, 44.67
2019-02-19, 13:50:54, 24.03, 44.67
2019-02-19, 13:50:56, 24.04, 44.67
2019-02-19, 13:50:57, 24.04, 44.67
2019-02-19, 13:50:59, 24.03, 44.67
2019-02-19, 13:51:00, 24.04, 44.67
2019-02-19, 13:51:01, 24.04, 44.64
2019-02-19, 13:51:03, 24.03, 44.64
2019-02-19, 13:51:04, 24.06, 44.64
2019-02-19, 13:51:05, 24.04, 44.61
2019-02-19, 13:51:07, 24.04, 44.61
2019-02-19, 13:51:08, 24.03, 44.61
2019-02-19, 13:51:09, 24.05, 44.61
2019-02-19, 13:51:11, 24.06, 44.61
2019-02-19, 13:51:12, 24.05, 44.61
2019-02-19, 13:51:13, 24.06, 44.61
2019-02-19, 13:51:15, 24.06, 44.61
2019-02-19, 13:51:16, 24.06, 44.61
2019-02-19, 13:51:17, 24.06, 44.61
2019-02-19, 13:51:19, 24.06, 44.61
2019-02-19, 13:51:20, 24.08, 44.58
2019-02-19, 13:51:22, 24.07, 44.58
2019-02-19, 13:51:23, 24.08, 44.58
2019-02-19, 13:51:24, 24.08, 44.55
2019-02-19, 13:51:26, 24.08, 44.58
2019-02-19, 13:51:27, 24.07, 44.55
2019-02-19, 13:51:28, 24.06, 44.54
2019-02-19, 13:51:30, 24.07, 44.55
2019-02-19, 13:51:31, 24.08, 44.55
2019-02-19, 13:51:32, 24.08, 44.55
2019-02-19, 13:51:34, 24.08, 44.51
2019-02-19, 13:51:35, 24.08, 44.55
2019-02-19, 13:51:36, 24.08, 44.55
2019-02-19, 13:51:38, 24.07, 44.55
2019-02-19, 13:51:39, 24.08, 44.51
2019-02-19, 13:51:40, 24.09, 44.52
2019-02-19, 13:51:42, 24.08, 44.51
2019-02-19, 13:51:43, 24.08, 44.51
2019-02-19, 13:51:45, 24.07, 44.51
2019-02-19, 13:51:46, 24.07, 44.51
2019-02-19, 13:51:47, 24.07, 44.51
2019-02-19, 13:51:49, 24.06, 44.48
2019-02-19, 13:51:50, 24.08, 44.51
2019-02-19, 13:51:51, 24.07, 44.48
2019-02-19, 13:51:53, 24.07, 44.51
2019-02-19, 13:51:54, 24.07, 44.51
2019-02-19, 13:51:55, 24.08, 44.51
2019-02-19, 13:51:57, 24.07, 44.55
2019-02-19, 13:51:58, 24.07, 44.51
2019-02-19, 13:51:59, 24.07, 44.51
2019-02-19, 13:52:01, 24.07, 44.48
2019-02-19, 13:52:02, 24.06, 44.51
2019-02-19, 13:52:03, 24.07, 44.51
2019-02-19, 13:52:05, 24.07, 44.51
2019-02-19, 13:52:06, 24.06, 44.54
2019-02-19, 13:52:08, 24.06, 44.51
2019-02-19, 13:52:09, 24.06, 44.54
2019-02-19, 13:52:10, 24.06, 44.54
2019-02-19, 13:52:12, 24.05, 44.51
2019-02-19, 13:52:13, 24.06, 44.54
2019-02-19, 13:52:14, 24.06, 44.54
2019-02-19, 13:52:16, 24.05, 44.54
2019-02-19, 13:52:17, 24.05, 44.54
2019-02-19, 13:52:18, 24.06, 44.54
2019-02-19, 13:52:20, 24.05, 44.54
2019-02-19, 13:52:21, 24.07, 44.55
2019-02-19, 13:52:22, 24.06, 44.54
2019-02-19, 13:52:24, 24.06, 44.58
2019-02-19, 13:52:25, 24.06, 44.54
2019-02-19, 13:52:26, 24.05, 44.54
2019-02-19, 13:52:28, 24.04, 44.54
2019-02-19, 13:52:29, 24.06, 44.54
2019-02-19, 13:52:31, 24.07, 44.55
2019-02-19, 13:52:32, 24.05, 44.54
2019-02-19, 13:52:33, 24.05, 44.54
2019-02-19, 13:52:35, 24.06, 44.54
2019-02-19, 13:52:36, 24.05, 44.54
2019-02-19, 13:52:37, 24.05, 44.54
2019-02-19, 13:52:39, 24.04, 44.54
2019-02-19, 13:52:40, 24.05, 44.54
2019-02-19, 13:52:41, 24.04, 44.54
2019-02-19, 13:52:43, 24.04, 44.54
2019-02-19, 13:52:44, 24.03, 44.54
2019-02-19, 13:52:45, 24.05, 44.54
2019-02-19, 13:52:47, 24.04, 44.54
2019-02-19, 13:52:48, 24.02, 44.54
2019-02-19, 13:52:49, 24.04, 44.57
2019-02-19, 13:52:51, 24.02, 44.57
2019-02-19, 13:52:52, 24.0, 44.57
2019-02-19, 13:52:54, 24.02, 44.6
2019-02-19, 13:52:55, 24.03, 44.61
2019-02-19, 13:52:56, 24.04, 44.61
2019-02-19, 13:52:58, 24.03, 44.61
2019-02-19, 13:52:59, 24.02, 44.6
2019-02-19, 13:53:00, 24.02, 44.6
2019-02-19, 13:53:02, 24.02, 44.6
2019-02-19, 13:53:03, 24.02, 44.6
2019-02-19, 13:53:04, 24.0, 44.6
2019-02-19, 13:53:06, 24.0, 44.6
2019-02-19, 13:53:07, 24.0, 44.63
2019-02-19, 13:53:08, 24.0, 44.6
2019-02-19, 13:53:10, 24.0, 44.6
2019-02-19, 13:53:11, 24.0, 44.6
2019-02-19, 13:53:12, 24.0, 44.6
2019-02-19, 13:53:14, 23.99, 44.63
2019-02-19, 13:53:15, 24.0, 44.6
2019-02-19, 13:53:17, 24.01, 44.64
2019-02-19, 13:53:18, 24.0, 44.63
2019-02-19, 13:53:19, 24.0, 44.67
2019-02-19, 13:53:21, 24.0, 44.63
2019-02-19, 13:53:22, 23.99, 44.67
2019-02-19, 13:53:23, 24.0, 44.67
2019-02-19, 13:53:25, 23.98, 44.66
2019-02-19, 13:53:26, 24.0, 44.67
2019-02-19, 13:53:27, 24.01, 44.67
2019-02-19, 13:53:29, 23.99, 44.67
2019-02-19, 13:53:30, 23.98, 44.7
2019-02-19, 13:53:31, 24.0, 44.73
2019-02-19, 13:53:33, 23.99, 44.73
2019-02-19, 13:53:34, 23.99, 44.73
2019-02-19, 13:53:36, 23.97, 44.73
2019-02-19, 13:53:37, 23.97, 44.73
2019-02-19, 13:53:38, 23.97, 44.73
2019-02-19, 13:53:40, 23.96, 44.73
2019-02-19, 13:53:41, 23.96, 44.73
2019-02-19, 13:53:42, 23.97, 44.73
2019-02-19, 13:53:44, 23.96, 44.73
2019-02-19, 13:53:45, 23.96, 44.73
2019-02-19, 13:53:46, 23.92, 44.72
2019-02-19, 13:53:48, 23.95, 44.72
2019-02-19, 13:53:49, 23.94, 44.72
2019-02-19, 13:53:50, 23.94, 44.72
2019-02-19, 13:53:52, 23.94, 44.72
2019-02-19, 13:53:53, 23.95, 44.76
2019-02-19, 13:53:54, 23.95, 44.76
2019-02-19, 13:53:56, 23.95, 44.76
2019-02-19, 13:53:57, 23.94, 44.76
2019-02-19, 13:53:59, 23.94, 44.76
2019-02-19, 13:54:00, 23.95, 44.76
2019-02-19, 13:54:01, 23.95, 44.79
2019-02-19, 13:54:03, 23.95, 44.76
2019-02-19, 13:54:04, 23.94, 44.79
2019-02-19, 13:54:05, 23.94, 44.76
2019-02-19, 13:54:07, 23.94, 44.76
2019-02-19, 13:54:08, 23.94, 44.76
2019-02-19, 13:54:09, 23.96, 44.73
2019-02-19, 13:54:11, 23.96, 44.76
2019-02-19, 13:54:12, 23.95, 44.79
2019-02-19, 13:54:13, 23.94, 44.76
2019-02-19, 13:54:15, 23.95, 44.72
2019-02-19, 13:54:16, 23.9, 44.72
2019-02-19, 13:54:17, 23.94, 44.79
2019-02-19, 13:54:19, 23.95, 44.79
2019-02-19, 13:54:20, 23.94, 44.79
2019-02-19, 13:54:22, 23.82, 44.77
2019-02-19, 13:54:23, 23.9, 44.85
2019-02-19, 13:54:24, 23.91, 44.85
2019-02-19, 13:54:26, 23.92, 44.85
2019-02-19, 13:54:27, 23.94, 44.85
2019-02-19, 13:54:28, 23.92, 44.85
2019-02-19, 13:54:30, 23.93, 44.85
2019-02-19, 13:54:31, 23.95, 44.82
2019-02-19, 13:54:32, 23.95, 44.82
2019-02-19, 13:54:34, 23.94, 44.85
2019-02-19, 13:54:35, 23.92, 44.82
2019-02-19, 13:54:36, 23.94, 44.82
2019-02-19, 13:54:38, 23.95, 44.82
2019-02-19, 13:54:39, 23.95, 44.82
2019-02-19, 13:54:40, 23.94, 44.85
2019-02-19, 13:54:42, 23.96, 44.86
2019-02-19, 13:54:43, 23.96, 44.86
2019-02-19, 13:54:45, 23.95, 44.82
2019-02-19, 13:54:46, 23.87, 44.78
2019-02-19, 13:54:47, 23.94, 44.82
2019-02-19, 13:54:49, 23.94, 44.82
2019-02-19, 13:54:50, 23.94, 44.82
2019-02-19, 13:54:51, 23.95, 44.79
2019-02-19, 13:54:53, 23.95, 44.79
2019-02-19, 13:54:54, 23.94, 44.79
2019-02-19, 13:54:55, 23.96, 44.82
2019-02-19, 13:54:57, 23.95, 44.82
2019-02-19, 13:54:58, 23.95, 44.82
2019-02-19, 13:54:59, 23.94, 44.85
2019-02-19, 13:55:01, 23.94, 44.85
2019-02-19, 13:55:02, 23.94, 44.82
2019-02-19, 13:55:03, 23.94, 44.85
2019-02-19, 13:55:05, 23.94, 44.85
2019-02-19, 13:55:06, 23.94, 44.85
2019-02-19, 13:55:08, 23.93, 44.88
2019-02-19, 13:55:09, 23.94, 44.89
2019-02-19, 13:55:10, 23.94, 44.85
2019-02-19, 13:55:12, 23.93, 44.88
2019-02-19, 13:55:13, 23.94, 44.85
2019-02-19, 13:55:14, 23.94, 44.89
2019-02-19, 13:55:16, 23.92, 44.85
2019-02-19, 13:55:17, 23.92, 44.85
2019-02-19, 13:55:18, 23.93, 44.85
2019-02-19, 13:55:20, 23.92, 44.85
2019-02-19, 13:55:21, 23.92, 44.85
2019-02-19, 13:55:22, 23.94, 44.89
2019-02-19, 13:55:24, 23.92, 44.88
2019-02-19, 13:55:25, 23.94, 44.89
2019-02-19, 13:55:26, 23.93, 44.88
2019-02-19, 13:55:28, 23.94, 44.89
2019-02-19, 13:55:29, 23.94, 44.92
2019-02-19, 13:55:31, 23.94, 44.89
2019-02-19, 13:55:32, 23.94, 44.85
2019-02-19, 13:55:33, 23.94, 44.85
2019-02-19, 13:55:35, 23.94, 44.85
2019-02-19, 13:55:36, 23.94, 44.85
2019-02-19, 13:55:37, 23.94, 44.89
2019-02-19, 13:55:39, 23.94, 44.85
2019-02-19, 13:55:40, 23.93, 44.85
2019-02-19, 13:55:41, 23.94, 44.89
2019-02-19, 13:55:43, 23.95, 44.85
2019-02-19, 13:55:44, 23.95, 44.85
2019-02-19, 13:55:45, 23.97, 44.86
2019-02-19, 13:55:47, 23.95, 44.85
2019-02-19, 13:55:48, 23.95, 44.85
2019-02-19, 13:55:49, 23.96, 44.86
2019-02-19, 13:55:51, 23.96, 44.86
2019-02-19, 13:55:52, 23.95, 44.85
2019-02-19, 13:55:54, 23.96, 44.86
2019-02-19, 13:55:55, 23.95, 44.82
2019-02-19, 13:55:56, 23.96, 44.86
2019-02-19, 13:55:58, 23.96, 44.86
2019-02-19, 13:55:59, 23.95, 44.85
2019-02-19, 13:56:00, 23.96, 44.86
2019-02-19, 13:56:02, 23.94, 44.85
2019-02-19, 13:56:03, 23.96, 44.86
2019-02-19, 13:56:04, 23.96, 44.86
2019-02-19, 13:56:06, 23.96, 44.86
2019-02-19, 13:56:07, 23.95, 44.85
2019-02-19, 13:56:08, 23.96, 44.86
2019-02-19, 13:56:10, 23.96, 44.82
2019-02-19, 13:56:11, 23.96, 44.86
2019-02-19, 13:56:12, 23.96, 44.86
2019-02-19, 13:56:14, 23.94, 44.85
2019-02-19, 13:56:15, 23.82, 44.84
2019-02-19, 13:56:17, 23.9, 44.91
2019-02-19, 13:56:18, 23.92, 44.91
2019-02-19, 13:56:19, 23.92, 44.91
2019-02-19, 13:56:21, 23.93, 44.92
2019-02-19, 13:56:22, 23.94, 44.89
2019-02-19, 13:56:23, 23.94, 44.89
2019-02-19, 13:56:25, 23.94, 44.89
2019-02-19, 13:56:26, 23.94, 44.89
2019-02-19, 13:56:27, 23.94, 44.89
2019-02-19, 13:56:29, 23.95, 44.89
2019-02-19, 13:56:30, 23.95, 44.89
2019-02-19, 13:56:31, 23.95, 44.89
2019-02-19, 13:56:33, 23.96, 44.92
2019-02-19, 13:56:34, 23.96, 44.89
2019-02-19, 13:56:35, 23.96, 44.89
2019-02-19, 13:56:37, 23.96, 44.92
2019-02-19, 13:56:38, 23.96, 44.86
2019-02-19, 13:56:40, 23.95, 44.89
2019-02-19, 13:56:41, 23.96, 44.89
2019-02-19, 13:56:42, 23.95, 44.89
2019-02-19, 13:56:44, 23.96, 44.89
2019-02-19, 13:56:45, 23.96, 44.89
2019-02-19, 13:56:46, 23.96, 44.89
2019-02-19, 13:56:48, 23.96, 44.89
2019-02-19, 13:56:49, 23.96, 44.92
2019-02-19, 13:56:50, 23.96, 44.92
2019-02-19, 13:56:52, 23.96, 44.89
2019-02-19, 13:56:53, 23.96, 44.89
2019-02-19, 13:56:54, 23.96, 44.89
2019-02-19, 13:56:56, 23.96, 44.89
2019-02-19, 13:56:57, 23.96, 44.89
2019-02-19, 13:56:59, 23.96, 44.92
2019-02-19, 13:57:00, 23.95, 44.92
2019-02-19, 13:57:01, 23.95, 44.92
2019-02-19, 13:57:03, 23.96, 44.95
2019-02-19, 13:57:04, 23.94, 44.98
2019-02-19, 13:57:05, 23.96, 44.95
2019-02-19, 13:57:07, 23.96, 44.95
2019-02-19, 13:57:08, 23.96, 44.92
2019-02-19, 13:57:09, 23.94, 44.92
2019-02-19, 13:57:11, 23.95, 44.95
2019-02-19, 13:57:12, 23.95, 44.95
2019-02-19, 13:57:13, 23.93, 44.92
2019-02-19, 13:57:15, 23.78, 44.93
2019-02-19, 13:57:16, 23.91, 45.01
2019-02-19, 13:57:17, 23.92, 44.98
2019-02-19, 13:57:19, 23.94, 44.98
2019-02-19, 13:57:20, 23.94, 44.98
2019-02-19, 13:57:22, 23.94, 44.98
2019-02-19, 13:57:23, 23.94, 44.98
2019-02-19, 13:57:24, 23.95, 44.95
2019-02-19, 13:57:26, 23.94, 44.98
2019-02-19, 13:57:27, 23.95, 44.92
2019-02-19, 13:57:28, 23.96, 44.95
2019-02-19, 13:57:30, 23.96, 44.95
2019-02-19, 13:57:31, 23.95, 44.92
2019-02-19, 13:57:32, 23.94, 44.95
2019-02-19, 13:57:34, 23.95, 44.92
2019-02-19, 13:57:35, 23.96, 44.92
2019-02-19, 13:57:36, 23.94, 44.89
2019-02-19, 13:57:38, 23.96, 44.92
2019-02-19, 13:57:39, 23.96, 44.92
2019-02-19, 13:57:40, 23.95, 44.92
2019-02-19, 13:57:42, 23.94, 44.92
2019-02-19, 13:57:43, 23.94, 44.92
2019-02-19, 13:57:45, 23.95, 44.92
2019-02-19, 13:57:46, 23.94, 44.92
2019-02-19, 13:57:47, 23.95, 44.92
2019-02-19, 13:57:49, 23.95, 44.92
2019-02-19, 13:57:50, 23.96, 44.92
2019-02-19, 13:57:51, 23.95, 44.92
2019-02-19, 13:57:53, 23.96, 44.95
2019-02-19, 13:57:54, 23.94, 44.92
2019-02-19, 13:57:55, 23.95, 44.92
2019-02-19, 13:57:57, 23.96, 44.92
2019-02-19, 13:57:58, 23.96, 44.92
2019-02-19, 13:57:59, 23.97, 44.92
2019-02-19, 13:58:01, 23.96, 44.92
2019-02-19, 13:58:02, 23.96, 44.92
2019-02-19, 13:58:04, 23.96, 44.92
2019-02-19, 13:58:05, 23.96, 44.92
2019-02-19, 13:58:06, 23.96, 44.92
2019-02-19, 13:58:08, 23.96, 44.92
2019-02-19, 13:58:09, 23.98, 44.92
2019-02-19, 13:58:10, 23.96, 44.89
2019-02-19, 13:58:12, 23.97, 44.92
2019-02-19, 13:58:13, 23.96, 44.92
2019-02-19, 13:58:14, 23.97, 44.89
2019-02-19, 13:58:16, 23.98, 44.89
2019-02-19, 13:58:17, 23.97, 44.89
2019-02-19, 13:58:18, 23.98, 44.89
2019-02-19, 13:58:20, 23.97, 44.92
2019-02-19, 13:58:21, 23.98, 44.89
2019-02-19, 13:58:22, 23.98, 44.89
2019-02-19, 13:58:24, 23.97, 44.86
2019-02-19, 13:58:25, 23.96, 44.89
2019-02-19, 13:58:27, 23.98, 44.89
2019-02-19, 13:58:28, 23.98, 44.86
2019-02-19, 13:58:29, 23.98, 44.89
2019-02-19, 13:58:31, 23.96, 44.89
2019-02-19, 13:58:32, 23.97, 44.89
2019-02-19, 13:58:33, 23.97, 44.89
2019-02-19, 13:58:35, 23.97, 44.89
2019-02-19, 13:58:36, 23.98, 44.86
2019-02-19, 13:58:37, 23.97, 44.89
2019-02-19, 13:58:39, 23.98, 44.89
2019-02-19, 13:58:40, 23.99, 44.89
2019-02-19, 13:58:41, 23.98, 44.86
2019-02-19, 13:58:43, 23.98, 44.86
2019-02-19, 13:58:44, 23.98, 44.86
2019-02-19, 13:58:45, 23.99, 44.86
2019-02-19, 13:58:47, 23.99, 44.86
2019-02-19, 13:58:48, 23.97, 44.86
2019-02-19, 13:58:50, 23.98, 44.86
2019-02-19, 13:58:51, 23.98, 44.86
2019-02-19, 13:58:52, 24.0, 44.86
2019-02-19, 13:58:54, 24.0, 44.83
2019-02-19, 13:58:55, 24.0, 44.8
2019-02-19, 13:58:56, 24.0, 44.8
2019-02-19, 13:58:58, 23.98, 44.79
2019-02-19, 13:58:59, 23.99, 44.83
2019-02-19, 13:59:00, 24.0, 44.8
2019-02-19, 13:59:02, 24.01, 44.8
2019-02-19, 13:59:03, 24.0, 44.8
2019-02-19, 13:59:04, 24.01, 44.8
2019-02-19, 13:59:06, 24.0, 44.8
2019-02-19, 13:59:07, 24.0, 44.8
2019-02-19, 13:59:08, 24.0, 44.8
2019-02-19, 13:59:10, 24.01, 44.8
2019-02-19, 13:59:11, 24.0, 44.8
2019-02-19, 13:59:13, 24.0, 44.8
2019-02-19, 13:59:14, 24.01, 44.8
2019-02-19, 13:59:15, 24.01, 44.8
2019-02-19, 13:59:17, 24.02, 44.8
2019-02-19, 13:59:18, 23.96, 44.76
2019-02-19, 13:59:19, 24.02, 44.8
2019-02-19, 13:59:21, 24.02, 44.8
2019-02-19, 13:59:22, 24.02, 44.8
2019-02-19, 13:59:23, 24.01, 44.76
2019-02-19, 13:59:25, 24.02, 44.8
2019-02-19, 13:59:26, 24.03, 44.8
2019-02-19, 13:59:27, 24.02, 44.8
2019-02-19, 13:59:29, 24.02, 44.8
2019-02-19, 13:59:30, 24.02, 44.8
2019-02-19, 13:59:32, 24.02, 44.73
2019-02-19, 13:59:33, 24.03, 44.73
2019-02-19, 13:59:34, 24.03, 44.73
2019-02-19, 13:59:36, 24.02, 44.73
2019-02-19, 13:59:37, 24.04, 44.74
2019-02-19, 13:59:38, 24.02, 44.73
2019-02-19, 13:59:40, 24.02, 44.73
2019-02-19, 13:59:41, 24.04, 44.74
2019-02-19, 13:59:42, 24.03, 44.73
2019-02-19, 13:59:44, 24.05, 44.7
2019-02-19, 13:59:45, 24.04, 44.7
2019-02-19, 13:59:46, 24.04, 44.7
2019-02-19, 13:59:48, 24.04, 44.67
2019-02-19, 13:59:49, 24.04, 44.7
2019-02-19, 13:59:50, 24.04, 44.67
2019-02-19, 13:59:52, 24.04, 44.67
2019-02-19, 13:59:53, 24.05, 44.67
2019-02-19, 13:59:55, 24.06, 44.67
2019-02-19, 13:59:56, 24.06, 44.67
2019-02-19, 13:59:57, 24.08, 44.68
2019-02-19, 13:59:59, 24.07, 44.67
2019-02-19, 14:00:00, 24.08, 44.68
2019-02-19, 14:00:01, 24.06, 44.64
2019-02-19, 14:00:03, 24.07, 44.64
2019-02-19, 14:00:04, 24.06, 44.64
2019-02-19, 14:00:05, 24.06, 44.61
2019-02-19, 14:00:07, 24.07, 44.64
2019-02-19, 14:00:08, 24.07, 44.64
2019-02-19, 14:00:09, 24.08, 44.61
2019-02-19, 14:00:11, 24.06, 44.64
2019-02-19, 14:00:12, 24.08, 44.61
2019-02-19, 14:00:14, 24.08, 44.61
2019-02-19, 14:00:15, 24.08, 44.61
2019-02-19, 14:00:16, 24.08, 44.61
2019-02-19, 14:00:18, 24.08, 44.58
2019-02-19, 14:00:19, 24.09, 44.61
2019-02-19, 14:00:20, 24.1, 44.58
2019-02-19, 14:00:22, 24.11, 44.55
2019-02-19, 14:00:23, 24.1, 44.55
2019-02-19, 14:00:24, 24.09, 44.55
2019-02-19, 14:00:26, 24.1, 44.55
2019-02-19, 14:00:27, 24.1, 44.55
2019-02-19, 14:00:28, 24.11, 44.55
2019-02-19, 14:00:30, 24.11, 44.55
2019-02-19, 14:00:31, 24.1, 44.55
2019-02-19, 14:00:32, 24.11, 44.55
2019-02-19, 14:00:34, 24.1, 44.55
2019-02-19, 14:00:35, 24.1, 44.55
2019-02-19, 14:00:37, 24.1, 44.55
2019-02-19, 14:00:38, 24.11, 44.52
2019-02-19, 14:00:39, 24.1, 44.55
2019-02-19, 14:00:41, 24.1, 44.55
2019-02-19, 14:00:42, 24.11, 44.52
2019-02-19, 14:00:43, 24.11, 44.52
2019-02-19, 14:00:45, 24.1, 44.52
2019-02-19, 14:00:46, 24.1, 44.52
2019-02-19, 14:00:47, 24.11, 44.49
2019-02-19, 14:00:49, 24.11, 44.52
2019-02-19, 14:00:50, 24.1, 44.48
2019-02-19, 14:00:51, 24.1, 44.48
2019-02-19, 14:00:53, 24.11, 44.49
2019-02-19, 14:00:54, 24.11, 44.49
2019-02-19, 14:00:56, 24.1, 44.48
2019-02-19, 14:00:57, 24.12, 44.49
2019-02-19, 14:00:58, 24.11, 44.49
2019-02-19, 14:01:00, 24.1, 44.48
2019-02-19, 14:01:01, 24.1, 44.48
2019-02-19, 14:01:02, 24.1, 44.48
2019-02-19, 14:01:04, 24.1, 44.48
2019-02-19, 14:01:05, 24.1, 44.48
2019-02-19, 14:01:06, 24.08, 44.48
2019-02-19, 14:01:08, 24.1, 44.52
2019-02-19, 14:01:09, 24.1, 44.52
2019-02-19, 14:01:10, 24.1, 44.52
2019-02-19, 14:01:12, 24.1, 44.52
2019-02-19, 14:01:13, 24.11, 44.52
2019-02-19, 14:01:14, 24.09, 44.52
2019-02-19, 14:01:16, 24.1, 44.52
2019-02-19, 14:01:17, 24.09, 44.52
2019-02-19, 14:01:19, 24.08, 44.55
2019-02-19, 14:01:20, 24.09, 44.55
2019-02-19, 14:01:21, 24.08, 44.55
2019-02-19, 14:01:23, 24.08, 44.55
2019-02-19, 14:01:24, 24.08, 44.55
2019-02-19, 14:01:25, 24.09, 44.52
2019-02-19, 14:01:27, 24.08, 44.55
2019-02-19, 14:01:28, 24.08, 44.55
2019-02-19, 14:01:29, 24.09, 44.55
2019-02-19, 14:01:31, 24.07, 44.51
2019-02-19, 14:01:32, 24.08, 44.51
2019-02-19, 14:01:33, 24.09, 44.52
2019-02-19, 14:01:35, 24.09, 44.52
2019-02-19, 14:01:36, 24.1, 44.52
2019-02-19, 14:01:38, 24.09, 44.52
2019-02-19, 14:01:39, 24.09, 44.52
2019-02-19, 14:01:40, 24.09, 44.52
2019-02-19, 14:01:42, 24.08, 44.51
2019-02-19, 14:01:43, 24.09, 44.52
2019-02-19, 14:01:44, 24.1, 44.48
2019-02-19, 14:01:46, 24.11, 44.52
2019-02-19, 14:01:47, 24.1, 44.52
2019-02-19, 14:01:48, 24.09, 44.52
2019-02-19, 14:01:50, 24.09, 44.52
2019-02-19, 14:01:51, 24.1, 44.48
2019-02-19, 14:01:52, 24.1, 44.52
2019-02-19, 14:01:54, 24.09, 44.52
2019-02-19, 14:01:55, 24.1, 44.52
2019-02-19, 14:01:56, 24.09, 44.52
2019-02-19, 14:01:58, 24.09, 44.55
2019-02-19, 14:01:59, 24.09, 44.55
2019-02-19, 14:02:01, 24.1, 44.55
2019-02-19, 14:02:02, 24.1, 44.55
2019-02-19, 14:02:03, 24.09, 44.55
2019-02-19, 14:02:05, 24.09, 44.55
2019-02-19, 14:02:06, 24.09, 44.55
2019-02-19, 14:02:07, 24.1, 44.55
2019-02-19, 14:02:09, 24.1, 44.55
2019-02-19, 14:02:10, 24.09, 44.55
2019-02-19, 14:02:11, 24.11, 44.55
2019-02-19, 14:02:13, 24.1, 44.55
2019-02-19, 14:02:14, 24.09, 44.55
2019-02-19, 14:02:15, 24.09, 44.55
2019-02-19, 14:02:17, 23.93, 44.53
2019-02-19, 14:02:18, 24.04, 44.61
2019-02-19, 14:02:19, 24.06, 44.64
2019-02-19, 14:02:21, 24.08, 44.61
2019-02-19, 14:02:22, 24.07, 44.64
2019-02-19, 14:02:24, 24.09, 44.61
2019-02-19, 14:02:25, 24.09, 44.61
2019-02-19, 14:02:26, 24.09, 44.61
2019-02-19, 14:02:28, 24.09, 44.58
2019-02-19, 14:02:29, 24.08, 44.58
2019-02-19, 14:02:30, 24.08, 44.58
2019-02-19, 14:02:32, 24.09, 44.55
2019-02-19, 14:02:33, 24.09, 44.55
2019-02-19, 14:02:34, 24.08, 44.55
2019-02-19, 14:02:36, 24.11, 44.55
2019-02-19, 14:02:37, 24.1, 44.48
2019-02-19, 14:02:38, 24.11, 44.52
2019-02-19, 14:02:40, 24.12, 44.52
2019-02-19, 14:02:41, 24.1, 44.52
2019-02-19, 14:02:42, 24.11, 44.52
2019-02-19, 14:02:44, 24.1, 44.52
2019-02-19, 14:02:45, 24.1, 44.52
2019-02-19, 14:02:47, 23.94, 44.53
2019-02-19, 14:02:48, 24.06, 44.61
2019-02-19, 14:02:49, 24.06, 44.61
2019-02-19, 14:02:51, 24.09, 44.61
2019-02-19, 14:02:52, 24.1, 44.61
2019-02-19, 14:02:53, 24.09, 44.61
2019-02-19, 14:02:55, 24.11, 44.61
2019-02-19, 14:02:56, 24.11, 44.58
2019-02-19, 14:02:57, 24.1, 44.58
2019-02-19, 14:02:59, 24.1, 44.55
2019-02-19, 14:03:00, 24.11, 44.58
2019-02-19, 14:03:01, 24.1, 44.55
2019-02-19, 14:03:03, 24.1, 44.55
2019-02-19, 14:03:04, 24.11, 44.55
2019-02-19, 14:03:05, 24.11, 44.55
2019-02-19, 14:03:07, 24.12, 44.55
2019-02-19, 14:03:08, 24.11, 44.55
2019-02-19, 14:03:10, 24.1, 44.52
2019-02-19, 14:03:11, 23.94, 44.53
2019-02-19, 14:03:12, 24.07, 44.61
2019-02-19, 14:03:14, 24.08, 44.61
2019-02-19, 14:03:15, 24.1, 44.61
2019-02-19, 14:03:16, 24.12, 44.58
2019-02-19, 14:03:18, 24.11, 44.58
2019-02-19, 14:03:19, 24.11, 44.58
2019-02-19, 14:03:20, 24.12, 44.55
2019-02-19, 14:03:22, 24.12, 44.55
2019-02-19, 14:03:23, 24.12, 44.55
2019-02-19, 14:03:24, 24.12, 44.55
2019-02-19, 14:03:26, 24.11, 44.55
2019-02-19, 14:03:27, 24.11, 44.55
2019-02-19, 14:03:29, 24.12, 44.55
2019-02-19, 14:03:30, 24.11, 44.55
2019-02-19, 14:03:31, 24.12, 44.52
2019-02-19, 14:03:33, 24.12, 44.55
2019-02-19, 14:03:34, 24.12, 44.49
2019-02-19, 14:03:35, 24.13, 44.49
2019-02-19, 14:03:37, 24.12, 44.52
2019-02-19, 14:03:38, 24.14, 44.49
2019-02-19, 14:03:39, 24.13, 44.49
2019-02-19, 14:03:41, 24.14, 44.49
2019-02-19, 14:03:42, 24.14, 44.49
2019-02-19, 14:03:43, 24.15, 44.49
2019-02-19, 14:03:45, 24.14, 44.49
2019-02-19, 14:03:46, 24.15, 44.46
2019-02-19, 14:03:47, 24.15, 44.43
2019-02-19, 14:03:49, 24.15, 44.43
2019-02-19, 14:03:50, 24.16, 44.43
2019-02-19, 14:03:52, 24.16, 44.43
2019-02-19, 14:03:53, 24.16, 44.43
2019-02-19, 14:03:54, 24.16, 44.43
2019-02-19, 14:03:56, 24.16, 44.43
2019-02-19, 14:03:57, 24.17, 44.43
2019-02-19, 14:03:58, 24.15, 44.43
2019-02-19, 14:04:00, 24.16, 44.39
2019-02-19, 14:04:01, 24.15, 44.43
2019-02-19, 14:04:02, 24.17, 44.43
2019-02-19, 14:04:04, 24.16, 44.43
2019-02-19, 14:04:05, 24.16, 44.43
2019-02-19, 14:04:06, 24.17, 44.4
2019-02-19, 14:04:08, 24.16, 44.43
2019-02-19, 14:04:09, 24.15, 44.43
2019-02-19, 14:04:10, 24.15, 44.43
2019-02-19, 14:04:12, 24.15, 44.43
2019-02-19, 14:04:13, 24.16, 44.43
2019-02-19, 14:04:15, 24.16, 44.43
2019-02-19, 14:04:16, 24.16, 44.39
2019-02-19, 14:04:17, 24.15, 44.43
2019-02-19, 14:04:19, 24.15, 44.39
2019-02-19, 14:04:20, 24.15, 44.39
2019-02-19, 14:04:21, 24.15, 44.39
2019-02-19, 14:04:23, 24.15, 44.39
2019-02-19, 14:04:24, 24.15, 44.39
2019-02-19, 14:04:25, 24.14, 44.42
2019-02-19, 14:04:27, 24.15, 44.39
2019-02-19, 14:04:28, 24.16, 44.43
2019-02-19, 14:04:29, 24.16, 44.43
2019-02-19, 14:04:31, 24.14, 44.42
2019-02-19, 14:04:32, 24.16, 44.39
2019-02-19, 14:04:33, 24.16, 44.43
2019-02-19, 14:04:35, 24.15, 44.39
2019-02-19, 14:04:36, 24.15, 44.39
2019-02-19, 14:04:38, 24.15, 44.43
2019-02-19, 14:04:39, 24.14, 44.39
2019-02-19, 14:04:40, 24.16, 44.39
2019-02-19, 14:04:42, 24.14, 44.39
2019-02-19, 14:04:43, 24.16, 44.43
2019-02-19, 14:04:44, 24.16, 44.36
2019-02-19, 14:04:46, 24.17, 44.4
2019-02-19, 14:04:47, 24.17, 44.36
2019-02-19, 14:04:48, 24.18, 44.36
2019-02-19, 14:04:50, 24.17, 44.36
2019-02-19, 14:04:51, 24.18, 44.36
2019-02-19, 14:04:52, 24.17, 44.36
2019-02-19, 14:04:54, 24.17, 44.36
2019-02-19, 14:04:55, 24.16, 44.36
2019-02-19, 14:04:56, 24.16, 44.39
2019-02-19, 14:04:58, 24.16, 44.39
2019-02-19, 14:04:59, 24.15, 44.39
2019-02-19, 14:05:01, 24.16, 44.39
2019-02-19, 14:05:02, 24.16, 44.43
2019-02-19, 14:05:03, 24.16, 44.39
2019-02-19, 14:05:05, 24.16, 44.43
2019-02-19, 14:05:06, 24.16, 44.39
2019-02-19, 14:05:07, 24.16, 44.36
2019-02-19, 14:05:09, 24.17, 44.4
2019-02-19, 14:05:10, 24.17, 44.4
2019-02-19, 14:05:11, 24.18, 44.36
2019-02-19, 14:05:13, 24.16, 44.39
2019-02-19, 14:05:14, 24.18, 44.36
2019-02-19, 14:05:15, 24.18, 44.36
2019-02-19, 14:05:17, 24.16, 44.36
2019-02-19, 14:05:18, 24.16, 44.36
2019-02-19, 14:05:19, 24.14, 44.36
2019-02-19, 14:05:21, 24.15, 44.36
2019-02-19, 14:05:22, 24.17, 44.36
2019-02-19, 14:05:24, 24.16, 44.36
2019-02-19, 14:05:25, 24.16, 44.36
2019-02-19, 14:05:26, 24.16, 44.39
2019-02-19, 14:05:28, 24.17, 44.36
2019-02-19, 14:05:29, 24.17, 44.36
2019-02-19, 14:05:30, 24.18, 44.4
2019-02-19, 14:05:32, 24.16, 44.39
2019-02-19, 14:05:33, 24.15, 44.39
2019-02-19, 14:05:34, 24.17, 44.4
2019-02-19, 14:05:36, 24.16, 44.39
2019-02-19, 14:05:37, 24.14, 44.39
2019-02-19, 14:05:38, 24.12, 44.39
2019-02-19, 14:05:40, 24.14, 44.42
2019-02-19, 14:05:41, 24.15, 44.43
2019-02-19, 14:05:42, 24.15, 44.43
2019-02-19, 14:05:44, 24.09, 44.42
2019-02-19, 14:05:45, 24.15, 44.43
2019-02-19, 14:05:47, 24.16, 44.43
2019-02-19, 14:05:48, 24.17, 44.43
2019-02-19, 14:05:49, 24.16, 44.43
2019-02-19, 14:05:51, 24.16, 44.43
2019-02-19, 14:05:52, 24.16, 44.43
2019-02-19, 14:05:53, 24.16, 44.43
2019-02-19, 14:05:55, 24.16, 44.43
2019-02-19, 14:05:56, 24.16, 44.43
2019-02-19, 14:05:57, 24.17, 44.43
2019-02-19, 14:05:59, 24.17, 44.4
2019-02-19, 14:06:00, 24.17, 44.43
2019-02-19, 14:06:01, 24.16, 44.43
2019-02-19, 14:06:03, 24.16, 44.43
2019-02-19, 14:06:04, 24.17, 44.43
2019-02-19, 14:06:05, 24.16, 44.43
2019-02-19, 14:06:07, 24.16, 44.43
2019-02-19, 14:06:08, 24.1, 44.42
2019-02-19, 14:06:10, 24.14, 44.42
2019-02-19, 14:06:11, 24.16, 44.43
2019-02-19, 14:06:12, 24.16, 44.43
2019-02-19, 14:06:14, 24.08, 44.42
2019-02-19, 14:06:15, 24.14, 44.42
2019-02-19, 14:06:16, 24.16, 44.43
2019-02-19, 14:06:18, 24.16, 44.43
2019-02-19, 14:06:19, 24.17, 44.43
2019-02-19, 14:06:20, 24.18, 44.43
2019-02-19, 14:06:22, 24.18, 44.4
2019-02-19, 14:06:23, 24.18, 44.4
2019-02-19, 14:06:24, 24.19, 44.4
2019-02-19, 14:06:26, 24.2, 44.37
2019-02-19, 14:06:27, 24.19, 44.37
2019-02-19, 14:06:28, 24.2, 44.37
2019-02-19, 14:06:30, 24.19, 44.37
2019-02-19, 14:06:31, 24.19, 44.37
2019-02-19, 14:06:33, 24.19, 44.37
2019-02-19, 14:06:34, 24.18, 44.36
2019-02-19, 14:06:35, 24.18, 44.36
2019-02-19, 14:06:37, 24.18, 44.36
2019-02-19, 14:06:38, 24.2, 44.37
2019-02-19, 14:06:39, 24.2, 44.33
2019-02-19, 14:06:41, 24.19, 44.37
2019-02-19, 14:06:42, 24.2, 44.37
2019-02-19, 14:06:43, 24.09, 44.35
2019-02-19, 14:06:45, 24.16, 44.36
2019-02-19, 14:06:46, 24.17, 44.36
2019-02-19, 14:06:47, 24.18, 44.36
2019-02-19, 14:06:49, 24.18, 44.36
2019-02-19, 14:06:50, 24.19, 44.37
2019-02-19, 14:06:51, 24.17, 44.36
2019-02-19, 14:06:53, 24.17, 44.36
2019-02-19, 14:06:54, 24.17, 44.36
2019-02-19, 14:06:56, 24.18, 44.33
2019-02-19, 14:06:57, 24.15, 44.33
2019-02-19, 14:06:58, 24.16, 44.33
2019-02-19, 14:07:00, 24.18, 44.33
2019-02-19, 14:07:01, 24.18, 44.33
2019-02-19, 14:07:02, 24.18, 44.3
2019-02-19, 14:07:04, 24.18, 44.3
2019-02-19, 14:07:05, 24.18, 44.33
2019-02-19, 14:07:06, 24.18, 44.33
2019-02-19, 14:07:08, 24.17, 44.3
2019-02-19, 14:07:09, 24.17, 44.3
2019-02-19, 14:07:10, 24.15, 44.3
2019-02-19, 14:07:12, 24.17, 44.3
2019-02-19, 14:07:13, 24.18, 44.3
2019-02-19, 14:07:14, 24.18, 44.3
2019-02-19, 14:07:16, 24.2, 44.3
2019-02-19, 14:07:17, 24.19, 44.3
2019-02-19, 14:07:19, 24.19, 44.3
2019-02-19, 14:07:20, 24.2, 44.3
2019-02-19, 14:07:21, 24.19, 44.3
2019-02-19, 14:07:23, 24.18, 44.3
2019-02-19, 14:07:24, 24.18, 44.27
2019-02-19, 14:07:25, 24.2, 44.27
2019-02-19, 14:07:27, 24.2, 44.27
2019-02-19, 14:07:28, 24.2, 44.27
2019-02-19, 14:07:29, 24.22, 44.27
2019-02-19, 14:07:31, 24.2, 44.27
2019-02-19, 14:07:32, 24.19, 44.27
2019-02-19, 14:07:33, 24.2, 44.24
2019-02-19, 14:07:35, 24.2, 44.24
2019-02-19, 14:07:36, 24.2, 44.24
2019-02-19, 14:07:37, 24.09, 44.26
2019-02-19, 14:07:39, 24.18, 44.33
2019-02-19, 14:07:40, 24.2, 44.33
2019-02-19, 14:07:42, 24.2, 44.3
2019-02-19, 14:07:43, 24.22, 44.3
2019-02-19, 14:07:44, 24.2, 44.3
2019-02-19, 14:07:46, 24.19, 44.3
2019-02-19, 14:07:47, 24.21, 44.3
2019-02-19, 14:07:48, 24.2, 44.27
2019-02-19, 14:07:50, 24.2, 44.3
2019-02-19, 14:07:51, 24.2, 44.27
2019-02-19, 14:07:52, 24.21, 44.27
2019-02-19, 14:07:54, 24.2, 44.27
2019-02-19, 14:07:55, 24.21, 44.27
2019-02-19, 14:07:56, 24.21, 44.27
2019-02-19, 14:07:58, 24.22, 44.27
2019-02-19, 14:07:59, 24.22, 44.24
2019-02-19, 14:08:01, 24.22, 44.24
2019-02-19, 14:08:02, 24.22, 44.24
2019-02-19, 14:08:03, 24.22, 44.24
2019-02-19, 14:08:05, 24.22, 44.24
2019-02-19, 14:08:06, 24.22, 44.24
2019-02-19, 14:08:07, 24.2, 44.24
2019-02-19, 14:08:09, 24.22, 44.24
2019-02-19, 14:08:10, 24.21, 44.24
2019-02-19, 14:08:11, 24.22, 44.24
2019-02-19, 14:08:13, 24.22, 44.21
2019-02-19, 14:08:14, 24.24, 44.24
2019-02-19, 14:08:15, 24.23, 44.24
2019-02-19, 14:08:17, 24.22, 44.21
2019-02-19, 14:08:18, 24.23, 44.21
2019-02-19, 14:08:20, 24.22, 44.21
2019-02-19, 14:08:21, 24.23, 44.21
2019-02-19, 14:08:22, 24.24, 44.24
2019-02-19, 14:08:24, 24.23, 44.21
2019-02-19, 14:08:25, 24.23, 44.21
2019-02-19, 14:08:26, 24.23, 44.21
2019-02-19, 14:08:28, 24.22, 44.24
2019-02-19, 14:08:29, 24.22, 44.21
2019-02-19, 14:08:30, 24.22, 44.24
2019-02-19, 14:08:32, 24.22, 44.24
2019-02-19, 14:08:33, 24.22, 44.24
2019-02-19, 14:08:34, 24.24, 44.24
2019-02-19, 14:08:36, 24.22, 44.24
2019-02-19, 14:08:37, 24.22, 44.24
2019-02-19, 14:08:38, 24.22, 44.21
2019-02-19, 14:08:40, 24.24, 44.21
2019-02-19, 14:08:41, 24.24, 44.18
2019-02-19, 14:08:43, 24.07, 44.22
2019-02-19, 14:08:44, 24.18, 44.3
2019-02-19, 14:08:45, 24.2, 44.3
2019-02-19, 14:08:47, 24.19, 44.3
2019-02-19, 14:08:48, 24.21, 44.3
2019-02-19, 14:08:49, 24.22, 44.3
2019-02-19, 14:08:51, 24.22, 44.3
2019-02-19, 14:08:52, 24.22, 44.3
2019-02-19, 14:08:53, 24.22, 44.3
2019-02-19, 14:08:55, 24.22, 44.3
2019-02-19, 14:08:56, 24.23, 44.27
2019-02-19, 14:08:57, 24.22, 44.27
2019-02-19, 14:08:59, 24.22, 44.27
2019-02-19, 14:09:00, 24.22, 44.24
2019-02-19, 14:09:01, 24.22, 44.24
2019-02-19, 14:09:03, 24.23, 44.24
2019-02-19, 14:09:04, 24.22, 44.21
2019-02-19, 14:09:06, 24.23, 44.24
2019-02-19, 14:09:07, 24.24, 44.21
2019-02-19, 14:09:08, 24.24, 44.21
2019-02-19, 14:09:10, 24.24, 44.21
2019-02-19, 14:09:11, 24.23, 44.24
2019-02-19, 14:09:12, 24.22, 44.24
2019-02-19, 14:09:14, 24.24, 44.21
2019-02-19, 14:09:15, 24.22, 44.21
2019-02-19, 14:09:16, 24.22, 44.24
2019-02-19, 14:09:18, 24.23, 44.24
2019-02-19, 14:09:19, 24.24, 44.24
2019-02-19, 14:09:20, 24.23, 44.21
2019-02-19, 14:09:22, 24.23, 44.21
2019-02-19, 14:09:23, 24.23, 44.24
2019-02-19, 14:09:24, 24.22, 44.24
2019-02-19, 14:09:26, 24.23, 44.24
2019-02-19, 14:09:27, 24.24, 44.21
2019-02-19, 14:09:29, 24.23, 44.24
2019-02-19, 14:09:30, 24.23, 44.21
2019-02-19, 14:09:31, 24.22, 44.24
2019-02-19, 14:09:33, 24.22, 44.24
2019-02-19, 14:09:34, 24.22, 44.24
2019-02-19, 14:09:35, 24.22, 44.24
2019-02-19, 14:09:37, 24.22, 44.21
2019-02-19, 14:09:38, 24.22, 44.21
2019-02-19, 14:09:39, 24.23, 44.24
2019-02-19, 14:09:41, 24.23, 44.24
2019-02-19, 14:09:42, 24.23, 44.24
2019-02-19, 14:09:43, 24.22, 44.21
2019-02-19, 14:09:45, 24.22, 44.24
2019-02-19, 14:09:46, 24.22, 44.24
2019-02-19, 14:09:48, 24.22, 44.24
2019-02-19, 14:09:49, 24.22, 44.24
2019-02-19, 14:09:50, 24.22, 44.24
2019-02-19, 14:09:52, 24.22, 44.24
2019-02-19, 14:09:53, 24.24, 44.24
2019-02-19, 14:09:54, 24.22, 44.24
2019-02-19, 14:09:56, 24.23, 44.24
2019-02-19, 14:09:57, 24.24, 44.24
2019-02-19, 14:09:58, 24.23, 44.24
2019-02-19, 14:10:00, 24.24, 44.24
2019-02-19, 14:10:01, 24.26, 44.24
2019-02-19, 14:10:02, 24.24, 44.24
2019-02-19, 14:10:04, 24.23, 44.21
2019-02-19, 14:10:05, 24.24, 44.24
2019-02-19, 14:10:06, 24.24, 44.24
2019-02-19, 14:10:08, 24.24, 44.24
2019-02-19, 14:10:09, 24.24, 44.24
2019-02-19, 14:10:11, 24.24, 44.24
2019-02-19, 14:10:12, 24.24, 44.24
2019-02-19, 14:10:13, 24.25, 44.24
2019-02-19, 14:10:15, 24.25, 44.24
2019-02-19, 14:10:16, 24.25, 44.24
2019-02-19, 14:10:17, 24.26, 44.24
2019-02-19, 14:10:19, 24.25, 44.24
2019-02-19, 14:10:20, 24.25, 44.24
2019-02-19, 14:10:21, 24.24, 44.24
2019-02-19, 14:10:23, 24.24, 44.24
2019-02-19, 14:10:24, 24.25, 44.24
2019-02-19, 14:10:25, 24.25, 44.24
2019-02-19, 14:10:27, 24.24, 44.24
2019-02-19, 14:10:28, 24.24, 44.24
2019-02-19, 14:10:29, 24.24, 44.24
2019-02-19, 14:10:31, 24.25, 44.24
2019-02-19, 14:10:32, 24.25, 44.24
2019-02-19, 14:10:34, 24.24, 44.24
2019-02-19, 14:10:35, 24.26, 44.21
2019-02-19, 14:10:36, 24.25, 44.24
2019-02-19, 14:10:38, 24.26, 44.24
2019-02-19, 14:10:39, 24.27, 44.21
2019-02-19, 14:10:40, 24.26, 44.21
2019-02-19, 14:10:42, 24.26, 44.18
2019-02-19, 14:10:43, 24.27, 44.18
2019-02-19, 14:10:44, 24.26, 44.18
2019-02-19, 14:10:46, 24.26, 44.18
2019-02-19, 14:10:47, 24.26, 44.18
2019-02-19, 14:10:48, 24.26, 44.18
2019-02-19, 14:10:50, 24.26, 44.21
2019-02-19, 14:10:51, 24.26, 44.18
2019-02-19, 14:10:52, 24.26, 44.21
2019-02-19, 14:10:54, 24.25, 44.21
2019-02-19, 14:10:55, 24.27, 44.21
2019-02-19, 14:10:57, 24.26, 44.21
2019-02-19, 14:10:58, 24.26, 44.21
2019-02-19, 14:10:59, 24.25, 44.21
2019-02-19, 14:11:01, 24.25, 44.24
2019-02-19, 14:11:02, 24.25, 44.21
2019-02-19, 14:11:03, 24.26, 44.21
2019-02-19, 14:11:05, 24.25, 44.24
2019-02-19, 14:11:06, 24.24, 44.21
2019-02-19, 14:11:07, 24.26, 44.21
2019-02-19, 14:11:09, 24.25, 44.21
2019-02-19, 14:11:10, 24.25, 44.21
2019-02-19, 14:11:11, 24.25, 44.21
2019-02-19, 14:11:13, 24.24, 44.21
2019-02-19, 14:11:14, 24.25, 44.21
2019-02-19, 14:11:15, 24.26, 44.24
2019-02-19, 14:11:17, 24.25, 44.24
2019-02-19, 14:11:18, 24.25, 44.21
2019-02-19, 14:11:20, 24.25, 44.21
2019-02-19, 14:11:21, 24.24, 44.21
2019-02-19, 14:11:22, 24.25, 44.24
2019-02-19, 14:11:24, 24.25, 44.24
2019-02-19, 14:11:25, 24.25, 44.24
2019-02-19, 14:11:26, 24.24, 44.24
2019-02-19, 14:11:28, 24.24, 44.24
2019-02-19, 14:11:29, 24.26, 44.24
2019-02-19, 14:11:30, 24.25, 44.24
2019-02-19, 14:11:32, 24.24, 44.24
2019-02-19, 14:11:33, 24.24, 44.24
2019-02-19, 14:11:34, 24.22, 44.24
2019-02-19, 14:11:36, 24.25, 44.24
2019-02-19, 14:11:37, 24.26, 44.24
2019-02-19, 14:11:38, 24.25, 44.24
2019-02-19, 14:11:40, 24.27, 44.25
2019-02-19, 14:11:41, 24.27, 44.25
2019-02-19, 14:11:43, 24.26, 44.24
2019-02-19, 14:11:44, 24.26, 44.24
2019-02-19, 14:11:45, 24.26, 44.24
2019-02-19, 14:11:47, 24.25, 44.24
2019-02-19, 14:11:48, 24.25, 44.24
2019-02-19, 14:11:49, 24.26, 44.24
2019-02-19, 14:11:51, 24.26, 44.24
2019-02-19, 14:11:52, 24.26, 44.24
2019-02-19, 14:11:53, 24.26, 44.24
2019-02-19, 14:11:55, 24.26, 44.24
2019-02-19, 14:11:56, 24.26, 44.24
2019-02-19, 14:11:57, 24.25, 44.24
2019-02-19, 14:11:59, 24.26, 44.24
2019-02-19, 14:12:00, 24.25, 44.24
2019-02-19, 14:12:01, 24.26, 44.24
2019-02-19, 14:12:03, 24.26, 44.24
2019-02-19, 14:12:04, 24.26, 44.24
2019-02-19, 14:12:06, 24.26, 44.21
2019-02-19, 14:12:07, 24.26, 44.24
2019-02-19, 14:12:08, 24.25, 44.21
2019-02-19, 14:12:10, 24.26, 44.21
2019-02-19, 14:12:11, 24.26, 44.21
2019-02-19, 14:12:12, 24.26, 44.24
2019-02-19, 14:12:14, 24.26, 44.21
2019-02-19, 14:12:15, 24.26, 44.24
2019-02-19, 14:12:16, 24.26, 44.21
2019-02-19, 14:12:18, 24.26, 44.21
2019-02-19, 14:12:19, 24.28, 44.25
2019-02-19, 14:12:20, 24.26, 44.21
2019-02-19, 14:12:22, 24.26, 44.24
2019-02-19, 14:12:23, 24.27, 44.25
2019-02-19, 14:12:24, 24.24, 44.24
2019-02-19, 14:12:26, 24.26, 44.24
2019-02-19, 14:12:27, 24.26, 44.24
2019-02-19, 14:12:29, 24.26, 44.24
2019-02-19, 14:12:30, 24.26, 44.24
2019-02-19, 14:12:31, 24.26, 44.24
2019-02-19, 14:12:33, 24.26, 44.24
2019-02-19, 14:12:34, 24.26, 44.28
2019-02-19, 14:12:35, 24.24, 44.24
2019-02-19, 14:12:37, 24.24, 44.27
2019-02-19, 14:12:38, 24.25, 44.31
2019-02-19, 14:12:39, 24.25, 44.31
2019-02-19, 14:12:41, 24.25, 44.31
2019-02-19, 14:12:42, 24.24, 44.31
2019-02-19, 14:12:43, 24.24, 44.31
2019-02-19, 14:12:45, 24.24, 44.31
2019-02-19, 14:12:46, 24.23, 44.31
2019-02-19, 14:12:47, 24.24, 44.31
2019-02-19, 14:12:49, 24.22, 44.3
2019-02-19, 14:12:50, 24.24, 44.31
2019-02-19, 14:12:52, 24.23, 44.31
2019-02-19, 14:12:53, 24.22, 44.3
2019-02-19, 14:12:54, 24.22, 44.34
2019-02-19, 14:12:56, 24.22, 44.34
2019-02-19, 14:12:57, 24.22, 44.34
2019-02-19, 14:12:58, 24.21, 44.3
2019-02-19, 14:13:00, 24.22, 44.37
2019-02-19, 14:13:01, 24.21, 44.34
2019-02-19, 14:13:02, 24.22, 44.37
2019-02-19, 14:13:04, 24.21, 44.37
2019-02-19, 14:13:05, 24.21, 44.37
2019-02-19, 14:13:06, 24.2, 44.37
2019-02-19, 14:13:08, 24.22, 44.37
2019-02-19, 14:13:09, 24.21, 44.37
2019-02-19, 14:13:10, 24.22, 44.4
2019-02-19, 14:13:12, 24.22, 44.37
2019-02-19, 14:13:13, 24.2, 44.37
2019-02-19, 14:13:15, 24.21, 44.37
2019-02-19, 14:13:16, 24.21, 44.37
2019-02-19, 14:13:17, 24.23, 44.4
2019-02-19, 14:13:19, 24.22, 44.4
2019-02-19, 14:13:20, 24.22, 44.37
2019-02-19, 14:13:21, 24.2, 44.37
2019-02-19, 14:13:23, 24.21, 44.37
2019-02-19, 14:13:24, 24.21, 44.37
2019-02-19, 14:13:25, 24.2, 44.4
2019-02-19, 14:13:27, 24.2, 44.4
2019-02-19, 14:13:28, 24.2, 44.43
2019-02-19, 14:13:29, 24.2, 44.4
2019-02-19, 14:13:31, 24.2, 44.43
2019-02-19, 14:13:32, 24.21, 44.43
2019-02-19, 14:13:33, 24.1, 44.42
2019-02-19, 14:13:35, 24.16, 44.49
2019-02-19, 14:13:36, 24.19, 44.46
2019-02-19, 14:13:38, 24.2, 44.5
2019-02-19, 14:13:39, 24.2, 44.46
2019-02-19, 14:13:40, 24.2, 44.43
2019-02-19, 14:13:42, 24.22, 44.43
2019-02-19, 14:13:43, 24.22, 44.43
2019-02-19, 14:13:44, 24.22, 44.43
2019-02-19, 14:13:46, 24.21, 44.43
2019-02-19, 14:13:47, 24.21, 44.43
2019-02-19, 14:13:48, 24.2, 44.43
2019-02-19, 14:13:50, 24.21, 44.43
2019-02-19, 14:13:51, 24.21, 44.43
2019-02-19, 14:13:52, 24.2, 44.43
2019-02-19, 14:13:54, 24.2, 44.43
2019-02-19, 14:13:55, 24.2, 44.43
2019-02-19, 14:13:56, 24.2, 44.43
2019-02-19, 14:13:58, 24.21, 44.4
2019-02-19, 14:13:59, 24.21, 44.4
2019-02-19, 14:14:01, 24.21, 44.43
2019-02-19, 14:14:02, 24.21, 44.4
2019-02-19, 14:14:03, 24.21, 44.37
2019-02-19, 14:14:05, 24.2, 44.4
2019-02-19, 14:14:06, 24.21, 44.4
2019-02-19, 14:14:07, 24.22, 44.37
2019-02-19, 14:14:09, 24.08, 44.42
2019-02-19, 14:14:10, 24.18, 44.46
2019-02-19, 14:14:11, 24.19, 44.46
2019-02-19, 14:14:13, 24.2, 44.43
2019-02-19, 14:14:14, 24.2, 44.5
2019-02-19, 14:14:15, 24.2, 44.43
2019-02-19, 14:14:17, 24.2, 44.43
2019-02-19, 14:14:18, 24.2, 44.43
2019-02-19, 14:14:19, 24.2, 44.43
2019-02-19, 14:14:21, 24.2, 44.43
2019-02-19, 14:14:22, 24.21, 44.43
2019-02-19, 14:14:24, 24.2, 44.43
2019-02-19, 14:14:25, 24.2, 44.43
2019-02-19, 14:14:26, 24.2, 44.43
2019-02-19, 14:14:28, 24.18, 44.4
2019-02-19, 14:14:29, 24.21, 44.43
2019-02-19, 14:14:30, 24.21, 44.43
2019-02-19, 14:14:32, 24.21, 44.43
2019-02-19, 14:14:33, 24.07, 44.42
2019-02-19, 14:14:34, 24.16, 44.49
2019-02-19, 14:14:36, 24.2, 44.46
2019-02-19, 14:14:37, 24.2, 44.46
2019-02-19, 14:14:38, 24.04, 44.48
2019-02-19, 14:14:40, 24.16, 44.56
2019-02-19, 14:14:41, 24.18, 44.53
2019-02-19, 14:14:42, 24.18, 44.53
2019-02-19, 14:14:44, 24.2, 44.5
2019-02-19, 14:14:45, 24.2, 44.5
2019-02-19, 14:14:47, 24.21, 44.43
2019-02-19, 14:14:48, 24.2, 44.43
2019-02-19, 14:14:49, 24.21, 44.43
2019-02-19, 14:14:51, 24.21, 44.43
2019-02-19, 14:14:52, 24.22, 44.43
2019-02-19, 14:14:53, 24.22, 44.47
2019-02-19, 14:14:55, 24.22, 44.43
2019-02-19, 14:14:56, 24.22, 44.43
2019-02-19, 14:14:57, 24.21, 44.43
2019-02-19, 14:14:59, 24.21, 44.43
2019-02-19, 14:15:00, 24.2, 44.43
2019-02-19, 14:15:01, 24.2, 44.46
2019-02-19, 14:15:03, 24.2, 44.5
2019-02-19, 14:15:04, 24.2, 44.5
2019-02-19, 14:15:06, 24.2, 44.5
2019-02-19, 14:15:07, 24.2, 44.5
2019-02-19, 14:15:08, 24.19, 44.49
2019-02-19, 14:15:10, 24.21, 44.5
2019-02-19, 14:15:11, 24.2, 44.5
2019-02-19, 14:15:12, 24.21, 44.53
2019-02-19, 14:15:14, 24.21, 44.5
2019-02-19, 14:15:15, 24.21, 44.5
2019-02-19, 14:15:16, 24.21, 44.5
2019-02-19, 14:15:18, 24.22, 44.5
2019-02-19, 14:15:19, 24.21, 44.5
2019-02-19, 14:15:20, 24.2, 44.46
2019-02-19, 14:15:22, 24.2, 44.46
2019-02-19, 14:15:23, 24.21, 44.5
2019-02-19, 14:15:24, 24.19, 44.49
2019-02-19, 14:15:26, 24.2, 44.5
2019-02-19, 14:15:27, 24.2, 44.5
2019-02-19, 14:15:29, 24.2, 44.5
2019-02-19, 14:15:30, 24.2, 44.5
2019-02-19, 14:15:31, 24.19, 44.53
2019-02-19, 14:15:33, 24.03, 44.54
2019-02-19, 14:15:34, 24.13, 44.62
2019-02-19, 14:15:35, 24.16, 44.62
2019-02-19, 14:15:37, 24.16, 44.59
2019-02-19, 14:15:38, 24.17, 44.59
2019-02-19, 14:15:39, 24.18, 44.59
2019-02-19, 14:15:41, 24.17, 44.56
2019-02-19, 14:15:42, 24.17, 44.56
2019-02-19, 14:15:43, 24.18, 44.56
2019-02-19, 14:15:45, 24.18, 44.56
2019-02-19, 14:15:46, 24.18, 44.53
2019-02-19, 14:15:47, 24.18, 44.53
2019-02-19, 14:15:49, 24.17, 44.52
2019-02-19, 14:15:50, 24.18, 44.53
2019-02-19, 14:15:52, 24.18, 44.53
2019-02-19, 14:15:53, 24.18, 44.53
2019-02-19, 14:15:54, 24.13, 44.52
2019-02-19, 14:15:56, 24.17, 44.52
2019-02-19, 14:15:57, 24.18, 44.56
2019-02-19, 14:15:58, 24.18, 44.56
2019-02-19, 14:16:00, 24.18, 44.53
2019-02-19, 14:16:01, 24.18, 44.49
2019-02-19, 14:16:02, 24.18, 44.53
2019-02-19, 14:16:04, 24.18, 44.53
2019-02-19, 14:16:05, 24.18, 44.53
2019-02-19, 14:16:07, 24.19, 44.53
2019-02-19, 14:16:08, 24.19, 44.53
2019-02-19, 14:16:09, 24.18, 44.49
2019-02-19, 14:16:11, 24.18, 44.49
2019-02-19, 14:16:12, 24.19, 44.49
2019-02-19, 14:16:13, 24.18, 44.49
2019-02-19, 14:16:15, 24.18, 44.53
2019-02-19, 14:16:16, 24.18, 44.49
2019-02-19, 14:16:17, 24.19, 44.49
2019-02-19, 14:16:19, 24.19, 44.49
2019-02-19, 14:16:20, 24.18, 44.49
2019-02-19, 14:16:21, 24.18, 44.49
2019-02-19, 14:16:23, 24.18, 44.49
2019-02-19, 14:16:24, 24.18, 44.49
2019-02-19, 14:16:25, 24.17, 44.49
2019-02-19, 14:16:27, 24.19, 44.49
2019-02-19, 14:16:28, 24.18, 44.49
2019-02-19, 14:16:30, 24.18, 44.49
2019-02-19, 14:16:31, 24.17, 44.49
2019-02-19, 14:16:32, 24.18, 44.49
2019-02-19, 14:16:34, 24.18, 44.46
2019-02-19, 14:16:35, 24.18, 44.46
2019-02-19, 14:16:36, 24.19, 44.49
2019-02-19, 14:16:38, 24.18, 44.49
2019-02-19, 14:16:39, 24.18, 44.46
2019-02-19, 14:16:40, 24.18, 44.46
2019-02-19, 14:16:42, 24.18, 44.46
2019-02-19, 14:16:43, 24.18, 44.46
2019-02-19, 14:16:44, 24.19, 44.46
2019-02-19, 14:16:46, 24.18, 44.49
2019-02-19, 14:16:47, 24.19, 44.46
2019-02-19, 14:16:48, 24.18, 44.43
2019-02-19, 14:16:50, 24.18, 44.46
2019-02-19, 14:16:51, 24.18, 44.46
2019-02-19, 14:16:53, 24.19, 44.43
2019-02-19, 14:16:54, 24.2, 44.46
2019-02-19, 14:16:55, 24.19, 44.43
2019-02-19, 14:16:57, 24.2, 44.43
2019-02-19, 14:16:58, 24.21, 44.46
2019-02-19, 14:16:59, 24.18, 44.43
2019-02-19, 14:17:01, 24.18, 44.46
2019-02-19, 14:17:02, 24.18, 44.46
2019-02-19, 14:17:03, 24.19, 44.46
2019-02-19, 14:17:05, 24.2, 44.5
2019-02-19, 14:17:06, 24.18, 44.49
2019-02-19, 14:17:07, 24.19, 44.46
2019-02-19, 14:17:09, 24.2, 44.5
2019-02-19, 14:17:10, 24.18, 44.43
2019-02-19, 14:17:11, 24.18, 44.46
2019-02-19, 14:17:13, 24.19, 44.46
2019-02-19, 14:17:14, 24.18, 44.46
2019-02-19, 14:17:16, 24.19, 44.46
2019-02-19, 14:17:17, 24.19, 44.49
2019-02-19, 14:17:18, 24.19, 44.49
2019-02-19, 14:17:20, 24.18, 44.49
2019-02-19, 14:17:21, 24.18, 44.46
2019-02-19, 14:17:22, 24.18, 44.49
2019-02-19, 14:17:24, 24.18, 44.49
2019-02-19, 14:17:25, 24.18, 44.46
2019-02-19, 14:17:26, 24.18, 44.49
2019-02-19, 14:17:28, 24.18, 44.49
2019-02-19, 14:17:29, 24.18, 44.49
2019-02-19, 14:17:30, 24.14, 44.46
2019-02-19, 14:17:32, 24.18, 44.49
2019-02-19, 14:17:33, 24.16, 44.46
2019-02-19, 14:17:35, 24.16, 44.49
2019-02-19, 14:17:36, 24.06, 44.48
2019-02-19, 14:17:37, 24.14, 44.52
2019-02-19, 14:17:39, 24.15, 44.52
2019-02-19, 14:17:40, 24.16, 44.56
2019-02-19, 14:17:41, 24.16, 44.52
2019-02-19, 14:17:43, 24.16, 44.52
2019-02-19, 14:17:44, 24.16, 44.52
2019-02-19, 14:17:45, 24.17, 44.52
2019-02-19, 14:17:47, 24.16, 44.52
2019-02-19, 14:17:48, 24.15, 44.49
2019-02-19, 14:17:49, 24.15, 44.52
2019-02-19, 14:17:51, 24.16, 44.52
2019-02-19, 14:17:52, 24.16, 44.52
2019-02-19, 14:17:53, 24.16, 44.52
2019-02-19, 14:17:55, 24.16, 44.52
2019-02-19, 14:17:56, 24.16, 44.49
2019-02-19, 14:17:58, 24.16, 44.52
2019-02-19, 14:17:59, 24.16, 44.49
2019-02-19, 14:18:00, 24.1, 44.55
2019-02-19, 14:18:02, 24.14, 44.55
2019-02-19, 14:18:03, 24.15, 44.55
2019-02-19, 14:18:04, 24.15, 44.55
2019-02-19, 14:18:06, 24.15, 44.52
2019-02-19, 14:18:07, 24.16, 44.52
2019-02-19, 14:18:08, 24.16, 44.52
2019-02-19, 14:18:10, 24.16, 44.56
2019-02-19, 14:18:11, 24.16, 44.56
2019-02-19, 14:18:12, 24.17, 44.56
2019-02-19, 14:18:14, 24.15, 44.55
2019-02-19, 14:18:15, 24.15, 44.52
2019-02-19, 14:18:16, 24.14, 44.52
2019-02-19, 14:18:18, 24.16, 44.52
2019-02-19, 14:18:19, 24.16, 44.56
2019-02-19, 14:18:21, 24.15, 44.52
2019-02-19, 14:18:22, 24.16, 44.52
2019-02-19, 14:18:23, 24.18, 44.53
2019-02-19, 14:18:25, 24.18, 44.53
2019-02-19, 14:18:26, 24.16, 44.52
2019-02-19, 14:18:27, 24.16, 44.52
2019-02-19, 14:18:29, 24.17, 44.52
2019-02-19, 14:18:30, 24.18, 44.53
2019-02-19, 14:18:31, 24.17, 44.52
2019-02-19, 14:18:33, 24.16, 44.52
2019-02-19, 14:18:34, 24.17, 44.49
2019-02-19, 14:18:35, 24.17, 44.52
2019-02-19, 14:18:37, 24.17, 44.49
2019-02-19, 14:18:38, 24.17, 44.52
2019-02-19, 14:18:40, 24.17, 44.52
2019-02-19, 14:18:41, 24.18, 44.53
2019-02-19, 14:18:42, 24.18, 44.53
2019-02-19, 14:18:44, 24.16, 44.52
2019-02-19, 14:18:45, 24.16, 44.52
2019-02-19, 14:18:46, 24.16, 44.52
2019-02-19, 14:18:48, 24.14, 44.52
2019-02-19, 14:18:49, 24.16, 44.52
2019-02-19, 14:18:50, 24.16, 44.52
2019-02-19, 14:18:52, 24.15, 44.52
2019-02-19, 14:18:53, 24.16, 44.56
2019-02-19, 14:18:54, 24.16, 44.56
2019-02-19, 14:18:56, 24.15, 44.55
2019-02-19, 14:18:57, 24.14, 44.55
2019-02-19, 14:18:58, 24.12, 44.55
2019-02-19, 14:19:00, 24.13, 44.55
2019-02-19, 14:19:01, 24.14, 44.55
2019-02-19, 14:19:03, 24.12, 44.55
2019-02-19, 14:19:04, 24.14, 44.55
2019-02-19, 14:19:05, 24.13, 44.55
2019-02-19, 14:19:07, 24.12, 44.58
2019-02-19, 14:19:08, 24.12, 44.58
2019-02-19, 14:19:09, 24.11, 44.61
2019-02-19, 14:19:11, 24.13, 44.58
2019-02-19, 14:19:12, 24.13, 44.62
2019-02-19, 14:19:13, 24.12, 44.62
2019-02-19, 14:19:15, 24.12, 44.58
2019-02-19, 14:19:16, 24.11, 44.61
2019-02-19, 14:19:17, 24.13, 44.62
2019-02-19, 14:19:19, 24.12, 44.62
2019-02-19, 14:19:20, 24.12, 44.62
2019-02-19, 14:19:22, 24.12, 44.65
2019-02-19, 14:19:23, 24.11, 44.68
2019-02-19, 14:19:24, 24.12, 44.65
2019-02-19, 14:19:26, 24.11, 44.68
2019-02-19, 14:19:27, 24.11, 44.68
2019-02-19, 14:19:28, 24.12, 44.68
2019-02-19, 14:19:30, 24.12, 44.68
2019-02-19, 14:19:31, 24.11, 44.68
2019-02-19, 14:19:32, 24.12, 44.68
2019-02-19, 14:19:34, 24.12, 44.68
2019-02-19, 14:19:35, 24.11, 44.68
2019-02-19, 14:19:36, 24.11, 44.68
2019-02-19, 14:19:38, 24.11, 44.71
2019-02-19, 14:19:39, 24.1, 44.68
2019-02-19, 14:19:40, 24.11, 44.68
2019-02-19, 14:19:42, 24.1, 44.71
2019-02-19, 14:19:43, 24.12, 44.71
2019-02-19, 14:19:45, 24.1, 44.71
2019-02-19, 14:19:46, 24.12, 44.71
2019-02-19, 14:19:47, 24.1, 44.71
2019-02-19, 14:19:49, 24.12, 44.68
2019-02-19, 14:19:50, 24.1, 44.71
2019-02-19, 14:19:51, 24.11, 44.74
2019-02-19, 14:19:53, 24.11, 44.71
2019-02-19, 14:19:54, 24.12, 44.71
2019-02-19, 14:19:55, 24.11, 44.68
2019-02-19, 14:19:57, 24.12, 44.71
2019-02-19, 14:19:58, 24.1, 44.71
2019-02-19, 14:19:59, 23.98, 44.73
2019-02-19, 14:20:01, 24.07, 44.74
2019-02-19, 14:20:02, 24.1, 44.77
2019-02-19, 14:20:03, 24.1, 44.77
2019-02-19, 14:20:05, 24.1, 44.74
2019-02-19, 14:20:06, 24.11, 44.74
2019-02-19, 14:20:08, 24.11, 44.74
2019-02-19, 14:20:09, 24.1, 44.74
2019-02-19, 14:20:10, 24.1, 44.74
2019-02-19, 14:20:12, 24.11, 44.74
2019-02-19, 14:20:13, 24.09, 44.74
2019-02-19, 14:20:14, 24.1, 44.74
2019-02-19, 14:20:16, 24.1, 44.74
2019-02-19, 14:20:17, 24.1, 44.74
2019-02-19, 14:20:18, 24.09, 44.74
2019-02-19, 14:20:20, 24.1, 44.74
2019-02-19, 14:20:21, 24.11, 44.74
2019-02-19, 14:20:22, 24.1, 44.74
2019-02-19, 14:20:24, 24.1, 44.74
2019-02-19, 14:20:25, 24.1, 44.74
2019-02-19, 14:20:26, 24.1, 44.74
2019-02-19, 14:20:28, 24.1, 44.74
2019-02-19, 14:20:29, 23.96, 44.76
2019-02-19, 14:20:31, 24.06, 44.8
2019-02-19, 14:20:32, 24.07, 44.8
2019-02-19, 14:20:33, 24.08, 44.8
2019-02-19, 14:20:35, 24.09, 44.81
2019-02-19, 14:20:36, 24.08, 44.77
2019-02-19, 14:20:37, 24.08, 44.77
2019-02-19, 14:20:39, 24.08, 44.74
2019-02-19, 14:20:40, 24.1, 44.77
2019-02-19, 14:20:41, 24.09, 44.77
2019-02-19, 14:20:43, 24.09, 44.74
2019-02-19, 14:20:44, 24.08, 44.74
2019-02-19, 14:20:45, 24.08, 44.74
2019-02-19, 14:20:47, 24.09, 44.74
2019-02-19, 14:20:48, 24.08, 44.74
2019-02-19, 14:20:49, 24.08, 44.74
2019-02-19, 14:20:51, 24.08, 44.74
2019-02-19, 14:20:52, 24.07, 44.74
2019-02-19, 14:20:54, 24.08, 44.74
2019-02-19, 14:20:55, 24.08, 44.74
2019-02-19, 14:20:56, 24.08, 44.74
2019-02-19, 14:20:58, 24.08, 44.74
2019-02-19, 14:20:59, 24.09, 44.74
2019-02-19, 14:21:00, 24.08, 44.74
2019-02-19, 14:21:02, 24.08, 44.74
2019-02-19, 14:21:03, 24.08, 44.74
2019-02-19, 14:21:04, 24.08, 44.74
2019-02-19, 14:21:06, 24.09, 44.74
2019-02-19, 14:21:07, 24.07, 44.74
2019-02-19, 14:21:08, 24.08, 44.74
2019-02-19, 14:21:10, 24.07, 44.74
2019-02-19, 14:21:11, 24.07, 44.74
2019-02-19, 14:21:13, 24.08, 44.74
2019-02-19, 14:21:14, 24.07, 44.77
2019-02-19, 14:21:15, 24.06, 44.77
2019-02-19, 14:21:17, 24.06, 44.77
2019-02-19, 14:21:18, 24.06, 44.77
2019-02-19, 14:21:19, 24.06, 44.8
2019-02-19, 14:21:21, 24.06, 44.8
2019-02-19, 14:21:22, 24.06, 44.77
2019-02-19, 14:21:23, 24.06, 44.8
2019-02-19, 14:21:25, 24.05, 44.77
2019-02-19, 14:21:26, 24.06, 44.8
2019-02-19, 14:21:27, 24.08, 44.8
2019-02-19, 14:21:29, 24.07, 44.8
2019-02-19, 14:21:30, 24.06, 44.8
2019-02-19, 14:21:31, 24.06, 44.8
2019-02-19, 14:21:33, 24.06, 44.8
2019-02-19, 14:21:34, 24.05, 44.8
2019-02-19, 14:21:36, 24.07, 44.8
2019-02-19, 14:21:37, 24.07, 44.8
2019-02-19, 14:21:38, 24.06, 44.8
2019-02-19, 14:21:40, 24.05, 44.8
2019-02-19, 14:21:41, 24.05, 44.8
2019-02-19, 14:21:42, 24.05, 44.8
2019-02-19, 14:21:44, 24.06, 44.8
2019-02-19, 14:21:45, 24.07, 44.84
2019-02-19, 14:21:46, 24.07, 44.8
2019-02-19, 14:21:48, 24.07, 44.8
2019-02-19, 14:21:49, 24.06, 44.8
2019-02-19, 14:21:50, 24.07, 44.8
2019-02-19, 14:21:52, 24.07, 44.8
2019-02-19, 14:21:53, 24.08, 44.8
2019-02-19, 14:21:54, 24.07, 44.8
2019-02-19, 14:21:56, 24.06, 44.8
2019-02-19, 14:21:57, 24.04, 44.8
2019-02-19, 14:21:59, 24.06, 44.8
2019-02-19, 14:22:00, 24.06, 44.8
2019-02-19, 14:22:01, 24.06, 44.83
2019-02-19, 14:22:03, 24.05, 44.83
2019-02-19, 14:22:04, 24.06, 44.83
2019-02-19, 14:22:05, 24.06, 44.83
2019-02-19, 14:22:07, 24.06, 44.83
2019-02-19, 14:22:08, 24.07, 44.87
2019-02-19, 14:22:09, 24.06, 44.87
2019-02-19, 14:22:11, 24.06, 44.83
2019-02-19, 14:22:12, 24.05, 44.83
2019-02-19, 14:22:13, 24.08, 44.84
2019-02-19, 14:22:15, 24.07, 44.84
2019-02-19, 14:22:16, 24.07, 44.84
2019-02-19, 14:22:18, 24.05, 44.83
2019-02-19, 14:22:19, 24.06, 44.83
2019-02-19, 14:22:20, 24.06, 44.83
2019-02-19, 14:22:22, 24.06, 44.83
2019-02-19, 14:22:23, 24.05, 44.83
2019-02-19, 14:22:24, 24.06, 44.87
2019-02-19, 14:22:26, 24.06, 44.87
2019-02-19, 14:22:27, 24.06, 44.87
2019-02-19, 14:22:28, 24.08, 44.87
2019-02-19, 14:22:30, 24.08, 44.87
2019-02-19, 14:22:31, 24.07, 44.87
2019-02-19, 14:22:32, 24.06, 44.83
2019-02-19, 14:22:34, 24.08, 44.84
2019-02-19, 14:22:35, 24.07, 44.8
2019-02-19, 14:22:36, 24.09, 44.84
2019-02-19, 14:22:38, 24.07, 44.8
2019-02-19, 14:22:39, 24.09, 44.81
2019-02-19, 14:22:41, 24.09, 44.81
2019-02-19, 14:22:42, 24.07, 44.8
2019-02-19, 14:22:43, 24.08, 44.8
2019-02-19, 14:22:45, 24.09, 44.81
2019-02-19, 14:22:46, 24.08, 44.8
2019-02-19, 14:22:47, 24.08, 44.77
2019-02-19, 14:22:49, 24.09, 44.81
2019-02-19, 14:22:50, 24.1, 44.81
2019-02-19, 14:22:51, 24.09, 44.77
2019-02-19, 14:22:53, 24.1, 44.77
2019-02-19, 14:22:54, 24.1, 44.77
2019-02-19, 14:22:55, 24.09, 44.77
2019-02-19, 14:22:57, 24.1, 44.74
2019-02-19, 14:22:58, 24.1, 44.74
2019-02-19, 14:22:59, 24.1, 44.77
2019-02-19, 14:23:01, 24.1, 44.77
2019-02-19, 14:23:02, 24.1, 44.77
2019-02-19, 14:23:04, 24.1, 44.77
2019-02-19, 14:23:05, 24.1, 44.77
2019-02-19, 14:23:06, 24.11, 44.78
2019-02-19, 14:23:08, 24.11, 44.78
2019-02-19, 14:23:09, 24.11, 44.74
2019-02-19, 14:23:10, 24.11, 44.74
2019-02-19, 14:23:12, 24.11, 44.74
2019-02-19, 14:23:13, 24.12, 44.75
2019-02-19, 14:23:14, 24.12, 44.75
2019-02-19, 14:23:16, 24.11, 44.74
2019-02-19, 14:23:17, 24.13, 44.71
2019-02-19, 14:23:18, 24.13, 44.71
2019-02-19, 14:23:20, 24.12, 44.71
2019-02-19, 14:23:21, 24.12, 44.71
2019-02-19, 14:23:23, 24.12, 44.68
2019-02-19, 14:23:24, 24.13, 44.68
2019-02-19, 14:23:25, 24.12, 44.68
2019-02-19, 14:23:27, 24.08, 44.68
2019-02-19, 14:23:28, 24.12, 44.71
2019-02-19, 14:23:29, 24.12, 44.71
2019-02-19, 14:23:31, 24.13, 44.71
2019-02-19, 14:23:32, 24.03, 44.67
2019-02-19, 14:23:33, 24.1, 44.74
2019-02-19, 14:23:35, 24.12, 44.75
2019-02-19, 14:23:36, 24.12, 44.75
2019-02-19, 14:23:37, 24.13, 44.71
2019-02-19, 14:23:39, 24.14, 44.68
2019-02-19, 14:23:40, 24.14, 44.68
2019-02-19, 14:23:41, 24.14, 44.68
2019-02-19, 14:23:43, 24.14, 44.68
2019-02-19, 14:23:44, 24.16, 44.69
2019-02-19, 14:23:46, 24.14, 44.68
2019-02-19, 14:23:47, 24.15, 44.68
2019-02-19, 14:23:48, 24.14, 44.68
2019-02-19, 14:23:50, 24.14, 44.68
2019-02-19, 14:23:51, 24.15, 44.68
2019-02-19, 14:23:52, 24.16, 44.69
2019-02-19, 14:23:54, 24.14, 44.68
2019-02-19, 14:23:55, 24.15, 44.68
2019-02-19, 14:23:56, 24.05, 44.67
2019-02-19, 14:23:58, 24.13, 44.71
2019-02-19, 14:23:59, 24.13, 44.71
2019-02-19, 14:24:00, 24.13, 44.75
2019-02-19, 14:24:02, 24.12, 44.81
2019-02-19, 14:24:03, 24.12, 44.81
2019-02-19, 14:24:05, 24.07, 44.77
2019-02-19, 14:24:06, 24.09, 44.87
2019-02-19, 14:24:07, 24.09, 44.94
2019-02-19, 14:24:09, 24.09, 45.03
2019-02-19, 14:24:10, 24.09, 45.1
2019-02-19, 14:24:11, 24.09, 45.13
2019-02-19, 14:24:13, 24.08, 45.13
2019-02-19, 14:24:14, 24.09, 45.1
2019-02-19, 14:24:15, 24.07, 45.06
2019-02-19, 14:24:17, 24.06, 45.03
2019-02-19, 14:24:18, 24.06, 45.03
2019-02-19, 14:24:19, 24.06, 45.0
2019-02-19, 14:24:21, 24.06, 45.03
2019-02-19, 14:24:22, 24.06, 45.03
2019-02-19, 14:24:24, 24.03, 45.06
2019-02-19, 14:24:25, 24.04, 45.06
2019-02-19, 14:24:26, 24.04, 45.09
2019-02-19, 14:24:28, 24.04, 45.12
2019-02-19, 14:24:29, 24.03, 45.19
2019-02-19, 14:24:30, 24.02, 45.22
2019-02-19, 14:24:32, 24.02, 45.28
2019-02-19, 14:24:33, 24.02, 45.31
2019-02-19, 14:24:34, 24.01, 45.31
2019-02-19, 14:24:36, 23.99, 45.31
2019-02-19, 14:24:37, 23.98, 45.31
2019-02-19, 14:24:39, 23.98, 45.24
2019-02-19, 14:24:40, 23.98, 45.24
2019-02-19, 14:24:41, 23.99, 45.21
2019-02-19, 14:24:43, 23.98, 45.18
2019-02-19, 14:24:44, 23.98, 45.18
2019-02-19, 14:24:45, 23.97, 45.15
2019-02-19, 14:24:47, 23.97, 45.18
2019-02-19, 14:24:48, 23.95, 45.18
2019-02-19, 14:24:49, 23.96, 45.18
2019-02-19, 14:24:51, 23.96, 45.21
2019-02-19, 14:24:52, 23.96, 45.21
2019-02-19, 14:24:53, 23.96, 45.21
2019-02-19, 14:24:55, 23.95, 45.21
2019-02-19, 14:24:56, 23.81, 45.22
2019-02-19, 14:24:57, 23.9, 45.23
2019-02-19, 14:24:59, 23.92, 45.24
2019-02-19, 14:25:00, 23.92, 45.24
2019-02-19, 14:25:02, 23.78, 45.29
2019-02-19, 14:25:03, 23.88, 45.33
2019-02-19, 14:25:04, 23.91, 45.33
2019-02-19, 14:25:06, 23.91, 45.3
2019-02-19, 14:25:07, 23.93, 45.34
2019-02-19, 14:25:08, 23.94, 45.3
2019-02-19, 14:25:10, 23.93, 45.3
2019-02-19, 14:25:11, 23.93, 45.24
2019-02-19, 14:25:12, 23.94, 45.24
2019-02-19, 14:25:14, 23.94, 45.24
2019-02-19, 14:25:15, 23.93, 45.24
2019-02-19, 14:25:16, 23.94, 45.24
2019-02-19, 14:25:18, 23.94, 45.24
2019-02-19, 14:25:19, 23.93, 45.24
2019-02-19, 14:25:20, 23.94, 45.3
2019-02-19, 14:25:22, 23.94, 45.3
2019-02-19, 14:25:23, 23.92, 45.3
2019-02-19, 14:25:25, 23.92, 45.3
2019-02-19, 14:25:26, 23.78, 45.35
2019-02-19, 14:25:27, 23.88, 45.43
2019-02-19, 14:25:29, 23.88, 45.43
2019-02-19, 14:25:30, 23.9, 45.43
2019-02-19, 14:25:31, 23.89, 45.43
2019-02-19, 14:25:33, 23.9, 45.43
2019-02-19, 14:25:34, 23.91, 45.4
2019-02-19, 14:25:35, 23.92, 45.43
2019-02-19, 14:25:37, 23.92, 45.4
2019-02-19, 14:25:38, 23.92, 45.4
2019-02-19, 14:25:39, 23.91, 45.4
2019-02-19, 14:25:41, 23.92, 45.37
2019-02-19, 14:25:42, 23.93, 45.37
2019-02-19, 14:25:43, 23.92, 45.37
2019-02-19, 14:25:45, 23.92, 45.37
2019-02-19, 14:25:46, 23.93, 45.37
2019-02-19, 14:25:48, 23.93, 45.37
2019-02-19, 14:25:49, 23.93, 45.37
2019-02-19, 14:25:50, 23.92, 45.33
2019-02-19, 14:25:52, 23.92, 45.33
2019-02-19, 14:25:53, 23.91, 45.3
2019-02-19, 14:25:54, 23.93, 45.3
2019-02-19, 14:25:56, 23.93, 45.3
2019-02-19, 14:25:57, 23.93, 45.3
2019-02-19, 14:25:58, 23.93, 45.3
2019-02-19, 14:26:00, 23.93, 45.3
2019-02-19, 14:26:01, 23.93, 45.3
2019-02-19, 14:26:02, 23.92, 45.33
2019-02-19, 14:26:04, 23.91, 45.37
2019-02-19, 14:26:05, 23.92, 45.37
2019-02-19, 14:26:06, 23.92, 45.37
2019-02-19, 14:26:08, 23.92, 45.37
2019-02-19, 14:26:09, 23.92, 45.37
2019-02-19, 14:26:11, 23.93, 45.37
2019-02-19, 14:26:12, 23.92, 45.37
2019-02-19, 14:26:13, 23.91, 45.37
2019-02-19, 14:26:15, 23.91, 45.37
2019-02-19, 14:26:16, 23.9, 45.36
2019-02-19, 14:26:17, 23.89, 45.39
2019-02-19, 14:26:19, 23.9, 45.43
2019-02-19, 14:26:20, 23.88, 45.43
2019-02-19, 14:26:21, 23.88, 45.43
2019-02-19, 14:26:23, 23.88, 45.43
2019-02-19, 14:26:24, 23.89, 45.43
2019-02-19, 14:26:25, 23.88, 45.39
2019-02-19, 14:26:27, 23.89, 45.39
2019-02-19, 14:26:28, 23.88, 45.39
2019-02-19, 14:26:29, 23.88, 45.39
2019-02-19, 14:26:31, 23.88, 45.39
2019-02-19, 14:26:32, 23.88, 45.36
2019-02-19, 14:26:33, 23.89, 45.39
2019-02-19, 14:26:35, 23.88, 45.39
2019-02-19, 14:26:36, 23.87, 45.42
2019-02-19, 14:26:38, 23.87, 45.42
2019-02-19, 14:26:39, 23.87, 45.49
2019-02-19, 14:26:40, 23.88, 45.46
2019-02-19, 14:26:42, 23.87, 45.46
2019-02-19, 14:26:43, 23.86, 45.46
2019-02-19, 14:26:44, 23.87, 45.46
2019-02-19, 14:26:46, 23.86, 45.46
2019-02-19, 14:26:47, 23.86, 45.49
2019-02-19, 14:26:48, 23.85, 45.49
2019-02-19, 14:26:50, 23.86, 45.52
2019-02-19, 14:26:51, 23.86, 45.52
2019-02-19, 14:26:52, 23.86, 45.49
2019-02-19, 14:26:54, 23.85, 45.49
2019-02-19, 14:26:55, 23.85, 45.49
2019-02-19, 14:26:57, 23.85, 45.49
2019-02-19, 14:26:58, 23.84, 45.45
2019-02-19, 14:26:59, 23.85, 45.45
2019-02-19, 14:27:01, 23.84, 45.42
2019-02-19, 14:27:02, 23.85, 45.42
2019-02-19, 14:27:03, 23.85, 45.42
2019-02-19, 14:27:05, 23.86, 45.42
2019-02-19, 14:27:06, 23.86, 45.42
2019-02-19, 14:27:07, 23.86, 45.42
2019-02-19, 14:27:09, 23.86, 45.42
2019-02-19, 14:27:10, 23.86, 45.42
2019-02-19, 14:27:11, 23.84, 45.39
2019-02-19, 14:27:13, 23.85, 45.42
2019-02-19, 14:27:14, 23.84, 45.42
2019-02-19, 14:27:15, 23.84, 45.42
2019-02-19, 14:27:17, 23.85, 45.42
2019-02-19, 14:27:18, 23.85, 45.42
2019-02-19, 14:27:20, 23.84, 45.42
2019-02-19, 14:27:21, 23.85, 45.42
2019-02-19, 14:27:22, 23.83, 45.42
2019-02-19, 14:27:24, 23.84, 45.49
2019-02-19, 14:27:25, 23.83, 45.48
2019-02-19, 14:27:26, 23.83, 45.48
2019-02-19, 14:27:28, 23.83, 45.48
2019-02-19, 14:27:29, 23.83, 45.52
2019-02-19, 14:27:30, 23.82, 45.55
2019-02-19, 14:27:32, 23.82, 45.58
2019-02-19, 14:27:33, 23.82, 45.55
2019-02-19, 14:27:34, 23.82, 45.55
2019-02-19, 14:27:36, 23.82, 45.55
2019-02-19, 14:27:37, 23.82, 45.52
2019-02-19, 14:27:38, 23.82, 45.48
2019-02-19, 14:27:40, 23.82, 45.52
2019-02-19, 14:27:41, 23.83, 45.48
2019-02-19, 14:27:43, 23.84, 45.49
2019-02-19, 14:27:44, 23.84, 45.49
2019-02-19, 14:27:45, 23.83, 45.45
2019-02-19, 14:27:47, 23.84, 45.49
2019-02-19, 14:27:48, 23.84, 45.49
2019-02-19, 14:27:49, 23.84, 45.45
2019-02-19, 14:27:51, 23.83, 45.48
2019-02-19, 14:27:52, 23.84, 45.45
2019-02-19, 14:27:53, 23.83, 45.45
2019-02-19, 14:27:55, 23.83, 45.42
2019-02-19, 14:27:56, 23.83, 45.45
2019-02-19, 14:27:57, 23.84, 45.42
2019-02-19, 14:27:59, 23.78, 45.45
2019-02-19, 14:28:00, 23.82, 45.48
2019-02-19, 14:28:01, 23.83, 45.48
2019-02-19, 14:28:03, 23.84, 45.49
2019-02-19, 14:28:04, 23.83, 45.48
2019-02-19, 14:28:06, 23.82, 45.52
2019-02-19, 14:28:07, 23.82, 45.58
2019-02-19, 14:28:08, 23.82, 45.58
2019-02-19, 14:28:10, 23.82, 45.61
2019-02-19, 14:28:11, 23.82, 45.64
2019-02-19, 14:28:12, 23.82, 45.68
2019-02-19, 14:28:14, 23.81, 45.71
2019-02-19, 14:28:15, 23.82, 45.74
2019-02-19, 14:28:16, 23.82, 45.74
2019-02-19, 14:28:18, 23.82, 45.74
2019-02-19, 14:28:19, 23.82, 45.74
2019-02-19, 14:28:20, 23.82, 45.71
2019-02-19, 14:28:22, 23.82, 45.68
2019-02-19, 14:28:23, 23.82, 45.68
2019-02-19, 14:28:24, 23.81, 45.61
2019-02-19, 14:28:26, 23.81, 45.61
2019-02-19, 14:28:27, 23.82, 45.61
2019-02-19, 14:28:29, 23.82, 45.61
2019-02-19, 14:28:30, 23.82, 45.58
2019-02-19, 14:28:31, 23.82, 45.58
2019-02-19, 14:28:33, 23.81, 45.55
2019-02-19, 14:28:34, 23.82, 45.52
2019-02-19, 14:28:35, 23.82, 45.52
2019-02-19, 14:28:37, 23.82, 45.52
2019-02-19, 14:28:38, 23.83, 45.48
2019-02-19, 14:28:39, 23.84, 45.49
2019-02-19, 14:28:41, 23.82, 45.48
2019-02-19, 14:28:42, 23.84, 45.49
2019-02-19, 14:28:43, 23.84, 45.49
2019-02-19, 14:28:45, 23.83, 45.61
2019-02-19, 14:28:46, 23.83, 45.77
2019-02-19, 14:28:47, 23.82, 46.06
2019-02-19, 14:28:49, 23.82, 46.29
2019-02-19, 14:28:50, 23.82, 46.35
2019-02-19, 14:28:52, 23.82, 46.35
2019-02-19, 14:28:53, 23.83, 46.35
2019-02-19, 14:28:54, 23.85, 46.35
2019-02-19, 14:28:56, 23.85, 46.39
2019-02-19, 14:28:57, 23.85, 46.32
2019-02-19, 14:28:58, 23.87, 46.26
2019-02-19, 14:29:00, 23.86, 46.2
2019-02-19, 14:29:01, 23.87, 46.16
2019-02-19, 14:29:02, 23.88, 46.07
2019-02-19, 14:29:04, 23.88, 46.01
2019-02-19, 14:29:05, 23.88, 45.94
2019-02-19, 14:29:06, 23.88, 45.88
2019-02-19, 14:29:08, 23.88, 45.81
2019-02-19, 14:29:09, 23.87, 45.81
2019-02-19, 14:29:11, 23.89, 45.72
2019-02-19, 14:29:12, 23.89, 45.68
2019-02-19, 14:29:13, 23.87, 45.68
2019-02-19, 14:29:15, 23.89, 45.65
2019-02-19, 14:29:16, 23.88, 45.65
2019-02-19, 14:29:17, 23.89, 45.62
2019-02-19, 14:29:19, 23.89, 45.59
2019-02-19, 14:29:20, 23.89, 45.56
2019-02-19, 14:29:21, 23.89, 45.56
2019-02-19, 14:29:23, 23.9, 45.59
2019-02-19, 14:29:24, 23.9, 45.59
2019-02-19, 14:29:25, 23.9, 45.59
2019-02-19, 14:29:27, 23.9, 45.62
2019-02-19, 14:29:28, 23.92, 45.62
2019-02-19, 14:29:29, 23.9, 45.62
2019-02-19, 14:29:31, 23.9, 45.59
2019-02-19, 14:29:32, 23.9, 45.62
2019-02-19, 14:29:34, 23.9, 45.59
2019-02-19, 14:29:35, 23.9, 45.59
2019-02-19, 14:29:36, 23.9, 45.56
2019-02-19, 14:29:38, 23.91, 45.59
2019-02-19, 14:29:39, 23.9, 45.62
2019-02-19, 14:29:40, 23.9, 45.59
2019-02-19, 14:29:42, 23.86, 45.62
2019-02-19, 14:29:43, 23.89, 45.62
2019-02-19, 14:29:45, 23.89, 45.62
2019-02-19, 14:29:46, 23.89, 45.59
2019-02-19, 14:29:47, 23.9, 45.56
2019-02-19, 14:29:49, 23.9, 45.59
2019-02-19, 14:29:50, 23.9, 45.62
2019-02-19, 14:29:51, 23.9, 45.59
2019-02-19, 14:29:53, 23.79, 45.61
2019-02-19, 14:29:54, 23.89, 45.62
2019-02-19, 14:29:55, 23.89, 45.65
2019-02-19, 14:29:57, 23.9, 45.69
2019-02-19, 14:29:58, 23.76, 45.67
2019-02-19, 14:29:59, 23.86, 45.75
2019-02-19, 14:30:01, 23.88, 45.72
2019-02-19, 14:30:02, 23.88, 45.68
2019-02-19, 14:30:04, 23.88, 45.62
2019-02-19, 14:30:05, 23.88, 45.62
2019-02-19, 14:30:06, 23.88, 45.59
2019-02-19, 14:30:08, 23.88, 45.55
2019-02-19, 14:30:09, 23.89, 45.56
2019-02-19, 14:30:10, 23.91, 45.53
2019-02-19, 14:30:12, 23.89, 45.52
2019-02-19, 14:30:13, 23.87, 45.52
2019-02-19, 14:30:14, 23.91, 45.53
2019-02-19, 14:30:16, 23.9, 45.52
2019-02-19, 14:30:17, 23.89, 45.49
2019-02-19, 14:30:18, 23.9, 45.52
2019-02-19, 14:30:20, 23.9, 45.49
2019-02-19, 14:30:21, 23.92, 45.5
2019-02-19, 14:30:23, 23.78, 45.51
2019-02-19, 14:30:24, 23.88, 45.55
2019-02-19, 14:30:25, 23.88, 45.59
2019-02-19, 14:30:27, 23.9, 45.65
2019-02-19, 14:30:28, 23.91, 45.62
2019-02-19, 14:30:29, 23.9, 45.59
2019-02-19, 14:30:31, 23.92, 45.59
2019-02-19, 14:30:32, 23.94, 45.59
2019-02-19, 14:30:33, 23.93, 45.59
2019-02-19, 14:30:35, 23.93, 45.63
2019-02-19, 14:30:36, 23.94, 45.59
2019-02-19, 14:30:37, 23.94, 45.56
2019-02-19, 14:30:39, 23.95, 45.56
2019-02-19, 14:30:40, 23.94, 45.53
2019-02-19, 14:30:42, 23.95, 45.5
2019-02-19, 14:30:43, 23.94, 45.5
2019-02-19, 14:30:44, 23.95, 45.5
2019-02-19, 14:30:46, 23.96, 45.5
2019-02-19, 14:30:47, 23.95, 45.5
2019-02-19, 14:30:48, 23.96, 45.5
2019-02-19, 14:30:50, 23.94, 45.5
2019-02-19, 14:30:51, 23.95, 45.5
2019-02-19, 14:30:52, 23.78, 45.51
2019-02-19, 14:30:54, 23.91, 45.53
2019-02-19, 14:30:55, 23.92, 45.53
2019-02-19, 14:30:56, 23.94, 45.53
2019-02-19, 14:30:58, 23.94, 45.5
2019-02-19, 14:30:59, 23.94, 45.5
2019-02-19, 14:31:01, 23.95, 45.47
2019-02-19, 14:31:02, 23.98, 45.44
2019-02-19, 14:31:03, 23.98, 45.41
2019-02-19, 14:31:05, 23.98, 45.37
2019-02-19, 14:31:06, 23.98, 45.37
2019-02-19, 14:31:07, 24.0, 45.34
2019-02-19, 14:31:09, 23.99, 45.37
2019-02-19, 14:31:10, 23.99, 45.37
2019-02-19, 14:31:11, 24.0, 45.34
2019-02-19, 14:31:13, 24.0, 45.34
2019-02-19, 14:31:14, 24.0, 45.31
2019-02-19, 14:31:15, 24.0, 45.34
2019-02-19, 14:31:17, 24.0, 45.31
2019-02-19, 14:31:18, 23.99, 45.31
2019-02-19, 14:31:19, 24.0, 45.31
2019-02-19, 14:31:21, 24.02, 45.31
2019-02-19, 14:31:22, 24.02, 45.31
2019-02-19, 14:31:24, 24.02, 45.35
2019-02-19, 14:31:25, 24.02, 45.38
2019-02-19, 14:31:26, 24.02, 45.35
2019-02-19, 14:31:28, 24.02, 45.38
2019-02-19, 14:31:29, 24.01, 45.41
2019-02-19, 14:31:30, 24.02, 45.51
2019-02-19, 14:31:32, 24.02, 45.51
2019-02-19, 14:31:33, 24.01, 45.44
2019-02-19, 14:31:34, 24.0, 45.38
2019-02-19, 14:31:36, 24.01, 45.34
2019-02-19, 14:31:37, 24.01, 45.31
2019-02-19, 14:31:38, 24.01, 45.28
2019-02-19, 14:31:40, 24.02, 45.25
2019-02-19, 14:31:41, 24.02, 45.25
2019-02-19, 14:31:42, 24.02, 45.25
2019-02-19, 14:31:44, 24.01, 45.25
2019-02-19, 14:31:45, 24.02, 45.25
2019-02-19, 14:31:47, 24.02, 45.25
2019-02-19, 14:31:48, 24.03, 45.25
2019-02-19, 14:31:49, 24.04, 45.25
2019-02-19, 14:31:51, 24.04, 45.25
2019-02-19, 14:31:52, 24.03, 45.25
2019-02-19, 14:31:53, 24.02, 45.25
2019-02-19, 14:31:55, 24.02, 45.25
2019-02-19, 14:31:56, 24.02, 45.25
2019-02-19, 14:31:57, 24.03, 45.25
2019-02-19, 14:31:59, 24.02, 45.25
2019-02-19, 14:32:00, 24.02, 45.25
2019-02-19, 14:32:01, 24.02, 45.25
2019-02-19, 14:32:03, 24.01, 45.25
2019-02-19, 14:32:04, 24.0, 45.25
2019-02-19, 14:32:06, 24.02, 45.22
2019-02-19, 14:32:07, 24.02, 45.22
2019-02-19, 14:32:08, 24.02, 45.18
2019-02-19, 14:32:10, 24.02, 45.18
2019-02-19, 14:32:11, 24.01, 45.18
2019-02-19, 14:32:12, 24.0, 45.21
2019-02-19, 14:32:14, 24.03, 45.22
2019-02-19, 14:32:15, 24.02, 45.18
2019-02-19, 14:32:16, 24.02, 45.18
2019-02-19, 14:32:18, 24.01, 45.18
2019-02-19, 14:32:19, 24.01, 45.18
2019-02-19, 14:32:21, 24.02, 45.22
2019-02-19, 14:32:22, 24.02, 45.22
2019-02-19, 14:32:23, 24.02, 45.22
2019-02-19, 14:32:25, 24.01, 45.25
2019-02-19, 14:32:26, 24.0, 45.28
2019-02-19, 14:32:27, 24.01, 45.28
2019-02-19, 14:32:29, 24.01, 45.28
2019-02-19, 14:32:30, 24.0, 45.31
2019-02-19, 14:32:31, 24.0, 45.31
2019-02-19, 14:32:33, 23.99, 45.31
2019-02-19, 14:32:34, 24.0, 45.31
2019-02-19, 14:32:35, 23.98, 45.34
2019-02-19, 14:32:37, 23.98, 45.34
2019-02-19, 14:32:38, 23.99, 45.34
2019-02-19, 14:32:39, 23.98, 45.34
2019-02-19, 14:32:41, 24.0, 45.38
2019-02-19, 14:32:42, 23.99, 45.34
2019-02-19, 14:32:44, 23.99, 45.34
2019-02-19, 14:32:45, 24.0, 45.31
2019-02-19, 14:32:46, 23.99, 45.31
2019-02-19, 14:32:48, 23.99, 45.31
2019-02-19, 14:32:49, 23.99, 45.31
2019-02-19, 14:32:50, 23.99, 45.28
2019-02-19, 14:32:52, 23.98, 45.28
2019-02-19, 14:32:53, 23.98, 45.24
2019-02-19, 14:32:54, 23.97, 45.24
2019-02-19, 14:32:56, 23.97, 45.24
2019-02-19, 14:32:57, 23.97, 45.28
2019-02-19, 14:32:58, 23.96, 45.27
2019-02-19, 14:33:00, 23.96, 45.27
2019-02-19, 14:33:01, 23.96, 45.27
2019-02-19, 14:33:03, 23.97, 45.31
2019-02-19, 14:33:04, 23.97, 45.28
2019-02-19, 14:33:05, 23.97, 45.28
2019-02-19, 14:33:07, 23.97, 45.28
2019-02-19, 14:33:08, 23.98, 45.28
2019-02-19, 14:33:09, 23.96, 45.27
2019-02-19, 14:33:11, 23.97, 45.31
2019-02-19, 14:33:12, 23.96, 45.31
2019-02-19, 14:33:13, 23.97, 45.31
2019-02-19, 14:33:15, 23.96, 45.31
2019-02-19, 14:33:16, 23.98, 45.31
2019-02-19, 14:33:17, 23.96, 45.27
2019-02-19, 14:33:19, 23.98, 45.24
2019-02-19, 14:33:20, 23.88, 45.26
2019-02-19, 14:33:21, 23.95, 45.31
2019-02-19, 14:33:23, 23.96, 45.31
2019-02-19, 14:33:24, 23.95, 45.31
2019-02-19, 14:33:26, 23.97, 45.31
2019-02-19, 14:33:27, 23.96, 45.31
2019-02-19, 14:33:28, 23.96, 45.27
2019-02-19, 14:33:30, 23.96, 45.27
2019-02-19, 14:33:31, 23.96, 45.27
2019-02-19, 14:33:32, 23.96, 45.24
2019-02-19, 14:33:34, 23.96, 45.24
2019-02-19, 14:33:35, 23.97, 45.24
2019-02-19, 14:33:36, 23.96, 45.24
2019-02-19, 14:33:38, 23.96, 45.24
2019-02-19, 14:33:39, 23.98, 45.24
2019-02-19, 14:33:40, 23.97, 45.24
2019-02-19, 14:33:42, 23.96, 45.24
2019-02-19, 14:33:43, 23.96, 45.27
2019-02-19, 14:33:44, 23.98, 45.31
2019-02-19, 14:33:46, 23.98, 45.31
2019-02-19, 14:33:47, 23.97, 45.31
2019-02-19, 14:33:49, 23.96, 45.37
2019-02-19, 14:33:50, 23.97, 45.4
2019-02-19, 14:33:51, 23.96, 45.4
2019-02-19, 14:33:53, 23.96, 45.44
2019-02-19, 14:33:54, 23.96, 45.47
2019-02-19, 14:33:55, 23.96, 45.47
2019-02-19, 14:33:57, 23.95, 45.47
2019-02-19, 14:33:58, 23.96, 45.5
2019-02-19, 14:33:59, 23.94, 45.47
2019-02-19, 14:34:01, 23.95, 45.43
2019-02-19, 14:34:02, 23.96, 45.4
2019-02-19, 14:34:03, 23.96, 45.37
2019-02-19, 14:34:05, 23.96, 45.37
2019-02-19, 14:34:06, 23.97, 45.37
2019-02-19, 14:34:08, 23.97, 45.34
2019-02-19, 14:34:09, 23.95, 45.31
2019-02-19, 14:34:10, 23.96, 45.31
2019-02-19, 14:34:12, 23.97, 45.31
2019-02-19, 14:34:13, 23.98, 45.31
2019-02-19, 14:34:14, 23.96, 45.31
2019-02-19, 14:34:16, 23.96, 45.31
2019-02-19, 14:34:17, 23.95, 45.31
2019-02-19, 14:34:18, 23.96, 45.31
2019-02-19, 14:34:20, 23.97, 45.34
2019-02-19, 14:34:21, 23.96, 45.37
2019-02-19, 14:34:22, 23.94, 45.34
2019-02-19, 14:34:24, 23.95, 45.37
2019-02-19, 14:34:25, 23.95, 45.34
2019-02-19, 14:34:26, 23.94, 45.37
2019-02-19, 14:34:28, 23.95, 45.37
2019-02-19, 14:34:29, 23.95, 45.37
2019-02-19, 14:34:31, 23.94, 45.37
2019-02-19, 14:34:32, 23.95, 45.4
2019-02-19, 14:34:33, 23.94, 45.43
2019-02-19, 14:34:35, 23.94, 45.43
2019-02-19, 14:34:36, 23.95, 45.43
2019-02-19, 14:34:37, 23.94, 45.43
2019-02-19, 14:34:39, 23.95, 45.43
2019-02-19, 14:34:40, 23.94, 45.43
2019-02-19, 14:34:41, 23.95, 45.43
2019-02-19, 14:34:43, 23.95, 45.4
2019-02-19, 14:34:44, 23.94, 45.4
2019-02-19, 14:34:45, 23.94, 45.4
2019-02-19, 14:34:47, 23.94, 45.47
2019-02-19, 14:34:48, 23.93, 45.43
2019-02-19, 14:34:50, 23.93, 45.46
2019-02-19, 14:34:51, 23.93, 45.46
2019-02-19, 14:34:52, 23.93, 45.43
2019-02-19, 14:34:54, 23.91, 45.43
2019-02-19, 14:34:55, 23.93, 45.43
2019-02-19, 14:34:56, 23.93, 45.43
2019-02-19, 14:34:58, 23.92, 45.43
2019-02-19, 14:34:59, 23.91, 45.46
2019-02-19, 14:35:00, 23.91, 45.49
2019-02-19, 14:35:02, 23.91, 45.49
2019-02-19, 14:35:03, 23.9, 45.46
2019-02-19, 14:35:04, 23.89, 45.46
2019-02-19, 14:35:06, 23.89, 45.46
2019-02-19, 14:35:07, 23.9, 45.46
2019-02-19, 14:35:08, 23.9, 45.49
2019-02-19, 14:35:10, 23.9, 45.49
2019-02-19, 14:35:11, 23.9, 45.49
2019-02-19, 14:35:13, 23.9, 45.49
2019-02-19, 14:35:14, 23.89, 45.49
2019-02-19, 14:35:15, 23.89, 45.49
2019-02-19, 14:35:17, 23.89, 45.52
2019-02-19, 14:35:18, 23.88, 45.55
2019-02-19, 14:35:19, 23.74, 45.6
2019-02-19, 14:35:21, 23.83, 45.61
2019-02-19, 14:35:22, 23.84, 45.61
2019-02-19, 14:35:23, 23.86, 45.62
2019-02-19, 14:35:25, 23.86, 45.62
2019-02-19, 14:35:26, 23.87, 45.59
2019-02-19, 14:35:27, 23.87, 45.62
2019-02-19, 14:35:29, 23.86, 45.62
2019-02-19, 14:35:30, 23.88, 45.62
2019-02-19, 14:35:31, 23.86, 45.62
2019-02-19, 14:35:33, 23.87, 45.62
2019-02-19, 14:35:34, 23.86, 45.65
2019-02-19, 14:35:35, 23.85, 45.65
2019-02-19, 14:35:37, 23.84, 45.61
2019-02-19, 14:35:38, 23.85, 45.62
2019-02-19, 14:35:40, 23.87, 45.62
2019-02-19, 14:35:41, 23.87, 45.59
2019-02-19, 14:35:42, 23.87, 45.59
2019-02-19, 14:35:44, 23.86, 45.58
2019-02-19, 14:35:45, 23.87, 45.59
2019-02-19, 14:35:46, 23.87, 45.59
2019-02-19, 14:35:48, 23.86, 45.55
2019-02-19, 14:35:49, 23.85, 45.55
2019-02-19, 14:35:50, 23.85, 45.55
2019-02-19, 14:35:52, 23.86, 45.55
2019-02-19, 14:35:53, 23.86, 45.55
2019-02-19, 14:35:54, 23.84, 45.55
2019-02-19, 14:35:56, 23.86, 45.55
2019-02-19, 14:35:57, 23.86, 45.55
2019-02-19, 14:35:59, 23.88, 45.59
2019-02-19, 14:36:00, 23.88, 45.55
2019-02-19, 14:36:01, 23.86, 45.58
2019-02-19, 14:36:03, 23.85, 45.58
2019-02-19, 14:36:04, 23.86, 45.58
2019-02-19, 14:36:05, 23.86, 45.55
2019-02-19, 14:36:07, 23.84, 45.55
2019-02-19, 14:36:08, 23.86, 45.55
2019-02-19, 14:36:09, 23.86, 45.55
2019-02-19, 14:36:11, 23.86, 45.55
2019-02-19, 14:36:12, 23.86, 45.55
2019-02-19, 14:36:13, 23.86, 45.55
2019-02-19, 14:36:15, 23.87, 45.55
2019-02-19, 14:36:16, 23.86, 45.55
2019-02-19, 14:36:17, 23.87, 45.55
2019-02-19, 14:36:19, 23.88, 45.55
2019-02-19, 14:36:20, 23.87, 45.52
2019-02-19, 14:36:22, 23.88, 45.49
2019-02-19, 14:36:23, 23.88, 45.49
2019-02-19, 14:36:24, 23.87, 45.49
2019-02-19, 14:36:26, 23.88, 45.52
2019-02-19, 14:36:27, 23.88, 45.52
2019-02-19, 14:36:28, 23.87, 45.55
2019-02-19, 14:36:30, 23.88, 45.55
2019-02-19, 14:36:31, 23.88, 45.55
2019-02-19, 14:36:32, 23.88, 45.55
2019-02-19, 14:36:34, 23.89, 45.62
2019-02-19, 14:36:35, 23.89, 45.62
2019-02-19, 14:36:36, 23.88, 45.59
2019-02-19, 14:36:38, 23.88, 45.62
2019-02-19, 14:36:39, 23.88, 45.62
2019-02-19, 14:36:41, 23.87, 45.62
2019-02-19, 14:36:42, 23.85, 45.62
2019-02-19, 14:36:43, 23.86, 45.62
2019-02-19, 14:36:45, 23.86, 45.62
2019-02-19, 14:36:46, 23.86, 45.62
2019-02-19, 14:36:47, 23.86, 45.62
2019-02-19, 14:36:49, 23.84, 45.61
2019-02-19, 14:36:50, 23.86, 45.62
2019-02-19, 14:36:51, 23.86, 45.58
2019-02-19, 14:36:53, 23.84, 45.61
2019-02-19, 14:36:54, 23.83, 45.61
2019-02-19, 14:36:55, 23.84, 45.61
2019-02-19, 14:36:57, 23.85, 45.62
2019-02-19, 14:36:58, 23.84, 45.61
2019-02-19, 14:36:59, 23.84, 45.61
2019-02-19, 14:37:01, 23.84, 45.65
2019-02-19, 14:37:02, 23.84, 45.65
2019-02-19, 14:37:04, 23.83, 45.61
2019-02-19, 14:37:05, 23.84, 45.61
2019-02-19, 14:37:06, 23.84, 45.61
2019-02-19, 14:37:08, 23.84, 45.61
2019-02-19, 14:37:09, 23.84, 45.61
2019-02-19, 14:37:10, 23.85, 45.58
2019-02-19, 14:37:12, 23.86, 45.58
2019-02-19, 14:37:13, 23.87, 45.59
2019-02-19, 14:37:14, 23.88, 45.59
2019-02-19, 14:37:16, 23.88, 45.55
2019-02-19, 14:37:17, 23.88, 45.55
2019-02-19, 14:37:18, 23.88, 45.55
2019-02-19, 14:37:20, 23.88, 45.55
2019-02-19, 14:37:21, 23.9, 45.52
2019-02-19, 14:37:22, 23.9, 45.49
2019-02-19, 14:37:24, 23.9, 45.49
2019-02-19, 14:37:25, 23.89, 45.52
2019-02-19, 14:37:27, 23.89, 45.52
2019-02-19, 14:37:28, 23.89, 45.52
2019-02-19, 14:37:29, 23.9, 45.49
2019-02-19, 14:37:31, 23.91, 45.49
2019-02-19, 14:37:32, 23.9, 45.49
2019-02-19, 14:37:33, 23.91, 45.49
2019-02-19, 14:37:35, 23.9, 45.49
2019-02-19, 14:37:36, 23.89, 45.46
2019-02-19, 14:37:37, 23.89, 45.46
2019-02-19, 14:37:39, 23.89, 45.46
2019-02-19, 14:37:40, 23.91, 45.49
2019-02-19, 14:37:41, 23.91, 45.49
2019-02-19, 14:37:43, 23.91, 45.49
2019-02-19, 14:37:44, 23.91, 45.46
2019-02-19, 14:37:45, 23.9, 45.49
2019-02-19, 14:37:47, 23.9, 45.49
2019-02-19, 14:37:48, 23.9, 45.49
2019-02-19, 14:37:50, 23.91, 45.49
2019-02-19, 14:37:51, 23.9, 45.49
2019-02-19, 14:37:52, 23.86, 45.49
2019-02-19, 14:37:54, 23.89, 45.49
2019-02-19, 14:37:55, 23.89, 45.52
2019-02-19, 14:37:56, 23.9, 45.56
2019-02-19, 14:37:58, 23.89, 45.56
2019-02-19, 14:37:59, 23.9, 45.56
2019-02-19, 14:38:00, 23.9, 45.62
2019-02-19, 14:38:02, 23.89, 45.62
2019-02-19, 14:38:03, 23.9, 45.62
2019-02-19, 14:38:04, 23.9, 45.65
2019-02-19, 14:38:06, 23.89, 45.65
2019-02-19, 14:38:07, 23.9, 45.65
2019-02-19, 14:38:09, 23.89, 45.68
2019-02-19, 14:38:10, 23.89, 45.65
2019-02-19, 14:38:11, 23.89, 45.65
2019-02-19, 14:38:13, 23.89, 45.62
2019-02-19, 14:38:14, 23.9, 45.62
2019-02-19, 14:38:15, 23.9, 45.62
2019-02-19, 14:38:17, 23.9, 45.62
2019-02-19, 14:38:18, 23.9, 45.59
2019-02-19, 14:38:19, 23.9, 45.62
2019-02-19, 14:38:21, 23.87, 45.62
2019-02-19, 14:38:22, 23.88, 45.62
2019-02-19, 14:38:23, 23.88, 45.65
2019-02-19, 14:38:25, 23.88, 45.62
2019-02-19, 14:38:26, 23.88, 45.62
2019-02-19, 14:38:27, 23.87, 45.62
2019-02-19, 14:38:29, 23.86, 45.62
2019-02-19, 14:38:30, 23.88, 45.62
2019-02-19, 14:38:32, 23.88, 45.59
2019-02-19, 14:38:33, 23.87, 45.59
2019-02-19, 14:38:34, 23.86, 45.55
2019-02-19, 14:38:36, 23.86, 45.62
2019-02-19, 14:38:37, 23.87, 45.62
2019-02-19, 14:38:38, 23.86, 45.62
2019-02-19, 14:38:40, 23.86, 45.65
2019-02-19, 14:38:41, 23.87, 45.62
2019-02-19, 14:38:42, 23.86, 45.62
2019-02-19, 14:38:44, 23.87, 45.62
2019-02-19, 14:38:45, 23.86, 45.68
2019-02-19, 14:38:46, 23.86, 45.68
2019-02-19, 14:38:48, 23.86, 45.68
2019-02-19, 14:38:49, 23.85, 45.65
2019-02-19, 14:38:51, 23.85, 45.68
2019-02-19, 14:38:52, 23.86, 45.68
2019-02-19, 14:38:53, 23.86, 45.68
2019-02-19, 14:38:55, 23.86, 45.71
2019-02-19, 14:38:56, 23.85, 45.74
2019-02-19, 14:38:57, 23.86, 45.75
2019-02-19, 14:38:59, 23.85, 45.74
2019-02-19, 14:39:00, 23.84, 45.74
2019-02-19, 14:39:01, 23.85, 45.74
2019-02-19, 14:39:03, 23.84, 45.74
2019-02-19, 14:39:04, 23.85, 45.74
2019-02-19, 14:39:05, 23.84, 45.74
2019-02-19, 14:39:07, 23.84, 45.71
2019-02-19, 14:39:08, 23.84, 45.71
2019-02-19, 14:39:09, 23.84, 45.68
2019-02-19, 14:39:11, 23.83, 45.68
2019-02-19, 14:39:12, 23.85, 45.68
2019-02-19, 14:39:14, 23.86, 45.68
2019-02-19, 14:39:15, 23.86, 45.65
2019-02-19, 14:39:16, 23.75, 45.67
2019-02-19, 14:39:18, 23.84, 45.71
2019-02-19, 14:39:19, 23.86, 45.68
2019-02-19, 14:39:20, 23.86, 45.68
2019-02-19, 14:39:22, 23.86, 45.68
2019-02-19, 14:39:23, 23.87, 45.62
2019-02-19, 14:39:24, 23.85, 45.62
2019-02-19, 14:39:26, 23.87, 45.62
2019-02-19, 14:39:27, 23.87, 45.62
2019-02-19, 14:39:28, 23.88, 45.59
2019-02-19, 14:39:30, 23.88, 45.59
2019-02-19, 14:39:31, 23.88, 45.59
2019-02-19, 14:39:32, 23.87, 45.59
2019-02-19, 14:39:34, 23.87, 45.62
2019-02-19, 14:39:35, 23.86, 45.65
2019-02-19, 14:39:37, 23.86, 45.68
2019-02-19, 14:39:38, 23.86, 45.68
2019-02-19, 14:39:39, 23.86, 45.71
2019-02-19, 14:39:41, 23.84, 45.74
2019-02-19, 14:39:42, 23.85, 45.74
2019-02-19, 14:39:43, 23.85, 45.74
2019-02-19, 14:39:45, 23.84, 45.74
2019-02-19, 14:39:46, 23.84, 45.81
2019-02-19, 14:39:47, 23.84, 45.78
2019-02-19, 14:39:49, 23.83, 45.81
2019-02-19, 14:39:50, 23.81, 45.8
2019-02-19, 14:39:51, 23.83, 45.81
2019-02-19, 14:39:53, 23.82, 45.77
2019-02-19, 14:39:54, 23.82, 45.77
2019-02-19, 14:39:55, 23.82, 45.77
2019-02-19, 14:39:57, 23.82, 45.74
2019-02-19, 14:39:58, 23.82, 45.74
2019-02-19, 14:40:00, 23.83, 45.74
2019-02-19, 14:40:01, 23.82, 45.74
2019-02-19, 14:40:02, 23.83, 45.74
2019-02-19, 14:40:04, 23.85, 45.74
2019-02-19, 14:40:05, 23.84, 45.74
2019-02-19, 14:40:06, 23.85, 45.74
2019-02-19, 14:40:08, 23.85, 45.74
2019-02-19, 14:40:09, 23.84, 45.74
2019-02-19, 14:40:10, 23.84, 45.74
2019-02-19, 14:40:12, 23.83, 45.74
2019-02-19, 14:40:13, 23.85, 45.78
2019-02-19, 14:40:14, 23.84, 45.78
2019-02-19, 14:40:16, 23.71, 45.79
2019-02-19, 14:40:17, 23.81, 45.84
2019-02-19, 14:40:18, 23.82, 45.84
2019-02-19, 14:40:20, 23.82, 45.84
2019-02-19, 14:40:21, 23.82, 45.8
2019-02-19, 14:40:23, 23.83, 45.81
2019-02-19, 14:40:24, 23.82, 45.8
2019-02-19, 14:40:25, 23.83, 45.77
2019-02-19, 14:40:27, 23.82, 45.8
2019-02-19, 14:40:28, 23.83, 45.77
2019-02-19, 14:40:29, 23.82, 45.8
2019-02-19, 14:40:31, 23.82, 45.8
2019-02-19, 14:40:32, 23.82, 45.8
2019-02-19, 14:40:33, 23.81, 45.84
2019-02-19, 14:40:35, 23.82, 45.87
2019-02-19, 14:40:36, 23.82, 45.87
2019-02-19, 14:40:37, 23.8, 45.87
2019-02-19, 14:40:39, 23.8, 45.87
2019-02-19, 14:40:40, 23.8, 45.87
2019-02-19, 14:40:41, 23.79, 45.8
2019-02-19, 14:40:43, 23.8, 45.8
2019-02-19, 14:40:44, 23.8, 45.8
2019-02-19, 14:40:46, 23.66, 45.82
2019-02-19, 14:40:47, 23.74, 45.86
2019-02-19, 14:40:48, 23.76, 45.86
2019-02-19, 14:40:50, 23.76, 45.86
2019-02-19, 14:40:51, 23.77, 45.86
2019-02-19, 14:40:52, 23.77, 45.86
2019-02-19, 14:40:54, 23.77, 45.86
2019-02-19, 14:40:55, 23.76, 45.86
2019-02-19, 14:40:56, 23.76, 45.86
2019-02-19, 14:40:58, 23.74, 45.86
2019-02-19, 14:40:59, 23.76, 45.86
2019-02-19, 14:41:00, 23.75, 45.89
2019-02-19, 14:41:02, 23.74, 45.92
2019-02-19, 14:41:03, 23.73, 45.92
2019-02-19, 14:41:04, 23.75, 45.92
2019-02-19, 14:41:06, 23.74, 45.96
2019-02-19, 14:41:07, 23.74, 45.96
2019-02-19, 14:41:09, 23.74, 45.92
2019-02-19, 14:41:10, 23.74, 45.92
2019-02-19, 14:41:11, 23.75, 45.92
2019-02-19, 14:41:13, 23.74, 45.89
2019-02-19, 14:41:14, 23.73, 45.89
2019-02-19, 14:41:15, 23.6, 45.91
2019-02-19, 14:41:17, 23.69, 45.95
2019-02-19, 14:41:18, 23.71, 45.98
2019-02-19, 14:41:19, 23.73, 45.92
2019-02-19, 14:41:21, 23.73, 45.95
2019-02-19, 14:41:22, 23.74, 45.92
2019-02-19, 14:41:23, 23.73, 45.92
2019-02-19, 14:41:25, 23.72, 45.92
2019-02-19, 14:41:26, 23.73, 45.92
2019-02-19, 14:41:28, 23.72, 45.95
2019-02-19, 14:41:29, 23.71, 45.95
2019-02-19, 14:41:30, 23.72, 45.99
2019-02-19, 14:41:32, 23.71, 45.98
2019-02-19, 14:41:33, 23.72, 45.99
2019-02-19, 14:41:34, 23.72, 46.02
2019-02-19, 14:41:36, 23.72, 46.05
2019-02-19, 14:41:37, 23.72, 46.05
2019-02-19, 14:41:38, 23.74, 46.05
2019-02-19, 14:41:40, 23.73, 46.05
2019-02-19, 14:41:41, 23.72, 46.05
2019-02-19, 14:41:42, 23.72, 46.08
2019-02-19, 14:41:44, 23.71, 46.11
2019-02-19, 14:41:45, 23.54, 46.16
2019-02-19, 14:41:46, 23.64, 46.2
2019-02-19, 14:41:48, 23.66, 46.24
2019-02-19, 14:41:49, 23.69, 46.21
2019-02-19, 14:41:51, 23.69, 46.21
2019-02-19, 14:41:52, 23.7, 46.21
2019-02-19, 14:41:53, 23.71, 46.18
2019-02-19, 14:41:55, 23.7, 46.18
2019-02-19, 14:41:56, 23.71, 46.18
2019-02-19, 14:41:57, 23.72, 46.18
2019-02-19, 14:41:59, 23.7, 46.18
2019-02-19, 14:42:00, 23.71, 46.15
2019-02-19, 14:42:01, 23.7, 46.11
2019-02-19, 14:42:03, 23.7, 46.14
2019-02-19, 14:42:04, 23.7, 46.11
2019-02-19, 14:42:05, 23.7, 46.14
2019-02-19, 14:42:07, 23.69, 46.14
2019-02-19, 14:42:08, 23.7, 46.14
2019-02-19, 14:42:09, 23.69, 46.11
2019-02-19, 14:42:11, 23.65, 46.11
2019-02-19, 14:42:12, 23.68, 46.14
2019-02-19, 14:42:14, 23.68, 46.14
2019-02-19, 14:42:15, 23.7, 46.14
2019-02-19, 14:42:16, 23.68, 46.17
2019-02-19, 14:42:18, 23.68, 46.14
2019-02-19, 14:42:19, 23.67, 46.17
2019-02-19, 14:42:20, 23.68, 46.17
2019-02-19, 14:42:22, 23.68, 46.14
2019-02-19, 14:42:23, 23.68, 46.17
2019-02-19, 14:42:24, 23.67, 46.14
2019-02-19, 14:42:26, 23.68, 46.14
2019-02-19, 14:42:27, 23.66, 46.17
2019-02-19, 14:42:28, 23.68, 46.17
2019-02-19, 14:42:30, 23.68, 46.17
2019-02-19, 14:42:31, 23.68, 46.17
2019-02-19, 14:42:33, 23.67, 46.17
2019-02-19, 14:42:34, 23.68, 46.17
2019-02-19, 14:42:35, 23.66, 46.2
2019-02-19, 14:42:37, 23.66, 46.24
2019-02-19, 14:42:38, 23.67, 46.24
2019-02-19, 14:42:39, 23.66, 46.27
2019-02-19, 14:42:41, 23.66, 46.27
2019-02-19, 14:42:42, 23.67, 46.3
2019-02-19, 14:42:43, 23.68, 46.37
2019-02-19, 14:42:45, 23.66, 46.4
2019-02-19, 14:42:46, 23.68, 46.4
2019-02-19, 14:42:47, 23.68, 46.4
2019-02-19, 14:42:49, 23.68, 46.37
2019-02-19, 14:42:50, 23.68, 46.37
2019-02-19, 14:42:51, 23.67, 46.3
2019-02-19, 14:42:53, 23.68, 46.27
2019-02-19, 14:42:54, 23.66, 46.24
2019-02-19, 14:42:56, 23.66, 46.2
2019-02-19, 14:42:57, 23.66, 46.2
2019-02-19, 14:42:58, 23.66, 46.17
2019-02-19, 14:43:00, 23.66, 46.17
2019-02-19, 14:43:01, 23.66, 46.2
2019-02-19, 14:43:02, 23.66, 46.2
2019-02-19, 14:43:04, 23.66, 46.17
2019-02-19, 14:43:05, 23.66, 46.17
2019-02-19, 14:43:06, 23.66, 46.2
2019-02-19, 14:43:08, 23.63, 46.23
2019-02-19, 14:43:09, 23.63, 46.23
2019-02-19, 14:43:10, 23.63, 46.23
2019-02-19, 14:43:12, 23.64, 46.26
2019-02-19, 14:43:13, 23.66, 46.24
2019-02-19, 14:43:14, 23.65, 46.27
2019-02-19, 14:43:16, 23.64, 46.23
2019-02-19, 14:43:17, 23.65, 46.23
2019-02-19, 14:43:19, 23.64, 46.23
2019-02-19, 14:43:20, 23.64, 46.26
2019-02-19, 14:43:21, 23.65, 46.3
2019-02-19, 14:43:23, 23.64, 46.3
2019-02-19, 14:43:24, 23.64, 46.3
2019-02-19, 14:43:25, 23.63, 46.26
2019-02-19, 14:43:27, 23.63, 46.26
2019-02-19, 14:43:28, 23.63, 46.26
2019-02-19, 14:43:29, 23.62, 46.23
2019-02-19, 14:43:31, 23.63, 46.23
2019-02-19, 14:43:32, 23.6, 46.26
2019-02-19, 14:43:33, 23.62, 46.29
2019-02-19, 14:43:35, 23.62, 46.29
2019-02-19, 14:43:36, 23.64, 46.3
2019-02-19, 14:43:37, 23.63, 46.3
2019-02-19, 14:43:39, 23.62, 46.29
2019-02-19, 14:43:40, 23.62, 46.29
2019-02-19, 14:43:42, 23.62, 46.29
2019-02-19, 14:43:43, 23.61, 46.29
2019-02-19, 14:43:44, 23.62, 46.29
2019-02-19, 14:43:46, 23.62, 46.36
2019-02-19, 14:43:47, 23.62, 46.36
2019-02-19, 14:43:48, 23.54, 46.38
2019-02-19, 14:43:50, 23.58, 46.39
2019-02-19, 14:43:51, 23.59, 46.39
2019-02-19, 14:43:52, 23.6, 46.36
2019-02-19, 14:43:54, 23.62, 46.36
2019-02-19, 14:43:55, 23.63, 46.3
2019-02-19, 14:43:56, 23.62, 46.29
2019-02-19, 14:43:58, 23.62, 46.29
2019-02-19, 14:43:59, 23.62, 46.29
2019-02-19, 14:44:00, 23.62, 46.26
2019-02-19, 14:44:02, 23.61, 46.26
2019-02-19, 14:44:03, 23.62, 46.23
2019-02-19, 14:44:05, 23.62, 46.23
2019-02-19, 14:44:06, 23.62, 46.23
2019-02-19, 14:44:07, 23.62, 46.2
2019-02-19, 14:44:09, 23.62, 46.2
2019-02-19, 14:44:10, 23.62, 46.2
2019-02-19, 14:44:11, 23.62, 46.2
2019-02-19, 14:44:13, 23.62, 46.23
2019-02-19, 14:44:14, 23.62, 46.23
2019-02-19, 14:44:15, 23.6, 46.23
2019-02-19, 14:44:17, 23.61, 46.23
2019-02-19, 14:44:18, 23.52, 46.22
2019-02-19, 14:44:19, 23.59, 46.26
2019-02-19, 14:44:21, 23.6, 46.23
2019-02-19, 14:44:22, 23.6, 46.26
2019-02-19, 14:44:23, 23.61, 46.23
2019-02-19, 14:44:25, 23.61, 46.23
2019-02-19, 14:44:26, 23.61, 46.23
2019-02-19, 14:44:28, 23.6, 46.2
2019-02-19, 14:44:29, 23.61, 46.23
2019-02-19, 14:44:30, 23.61, 46.23
2019-02-19, 14:44:32, 23.6, 46.23
2019-02-19, 14:44:33, 23.6, 46.23
2019-02-19, 14:44:34, 23.6, 46.23
2019-02-19, 14:44:36, 23.6, 46.23
2019-02-19, 14:44:37, 23.59, 46.23
2019-02-19, 14:44:38, 23.6, 46.23
2019-02-19, 14:44:40, 23.58, 46.23
2019-02-19, 14:44:41, 23.58, 46.26
2019-02-19, 14:44:42, 23.58, 46.26
2019-02-19, 14:44:44, 23.58, 46.29
2019-02-19, 14:44:45, 23.58, 46.26
2019-02-19, 14:44:46, 23.59, 46.29
2019-02-19, 14:44:48, 23.59, 46.29
2019-02-19, 14:44:49, 23.58, 46.29
2019-02-19, 14:44:51, 23.58, 46.29
2019-02-19, 14:44:52, 23.58, 46.29
2019-02-19, 14:44:53, 23.58, 46.29
2019-02-19, 14:44:55, 23.57, 46.29
2019-02-19, 14:44:56, 23.57, 46.29
2019-02-19, 14:44:57, 23.56, 46.29
2019-02-19, 14:44:59, 23.57, 46.29
2019-02-19, 14:45:00, 23.55, 46.32
2019-02-19, 14:45:01, 23.55, 46.32
2019-02-19, 14:45:03, 23.56, 46.35
2019-02-19, 14:45:04, 23.55, 46.35
2019-02-19, 14:45:05, 23.55, 46.35
2019-02-19, 14:45:07, 23.55, 46.35
2019-02-19, 14:45:08, 23.54, 46.32
2019-02-19, 14:45:10, 23.54, 46.32
2019-02-19, 14:45:11, 23.55, 46.32
2019-02-19, 14:45:12, 23.57, 46.32
2019-02-19, 14:45:14, 23.57, 46.32
2019-02-19, 14:45:15, 23.56, 46.32
2019-02-19, 14:45:16, 23.54, 46.32
2019-02-19, 14:45:18, 23.56, 46.29
2019-02-19, 14:45:19, 23.57, 46.32
2019-02-19, 14:45:20, 23.57, 46.32
2019-02-19, 14:45:22, 23.58, 46.29
2019-02-19, 14:45:23, 23.58, 46.32
2019-02-19, 14:45:24, 23.57, 46.32
2019-02-19, 14:45:26, 23.58, 46.32
2019-02-19, 14:45:27, 23.58, 46.32
2019-02-19, 14:45:28, 23.59, 46.29
2019-02-19, 14:45:30, 23.58, 46.29
2019-02-19, 14:45:31, 23.58, 46.29
2019-02-19, 14:45:33, 23.58, 46.29
2019-02-19, 14:45:34, 23.57, 46.32
2019-02-19, 14:45:35, 23.59, 46.32
2019-02-19, 14:45:37, 23.58, 46.29
2019-02-19, 14:45:38, 23.58, 46.32
2019-02-19, 14:45:39, 23.58, 46.32
2019-02-19, 14:45:41, 23.58, 46.32
2019-02-19, 14:45:42, 23.46, 46.34
2019-02-19, 14:45:43, 23.55, 46.38
2019-02-19, 14:45:45, 23.56, 46.35
2019-02-19, 14:45:46, 23.57, 46.35
2019-02-19, 14:45:47, 23.42, 46.4
2019-02-19, 14:45:49, 23.53, 46.44
2019-02-19, 14:45:50, 23.55, 46.41
2019-02-19, 14:45:52, 23.56, 46.42
2019-02-19, 14:45:53, 23.57, 46.38
2019-02-19, 14:45:54, 23.56, 46.38
2019-02-19, 14:45:56, 23.56, 46.38
2019-02-19, 14:45:57, 23.57, 46.35
2019-02-19, 14:45:58, 23.56, 46.35
2019-02-19, 14:46:00, 23.57, 46.35
2019-02-19, 14:46:01, 23.57, 46.35
2019-02-19, 14:46:02, 23.58, 46.35
2019-02-19, 14:46:04, 23.57, 46.32
2019-02-19, 14:46:05, 23.6, 46.29
2019-02-19, 14:46:06, 23.59, 46.29
2019-02-19, 14:46:08, 23.59, 46.29
2019-02-19, 14:46:09, 23.6, 46.29
2019-02-19, 14:46:10, 23.59, 46.29
2019-02-19, 14:46:12, 23.6, 46.26
2019-02-19, 14:46:13, 23.59, 46.23
2019-02-19, 14:46:15, 23.6, 46.26
2019-02-19, 14:46:16, 23.6, 46.23
2019-02-19, 14:46:17, 23.45, 46.24
2019-02-19, 14:46:19, 23.57, 46.32
2019-02-19, 14:46:20, 23.58, 46.29
2019-02-19, 14:46:21, 23.6, 46.29
2019-02-19, 14:46:23, 23.61, 46.29
2019-02-19, 14:46:24, 23.62, 46.23
2019-02-19, 14:46:25, 23.63, 46.23
2019-02-19, 14:46:27, 23.64, 46.2
2019-02-19, 14:46:28, 23.63, 46.17
2019-02-19, 14:46:29, 23.63, 46.17
2019-02-19, 14:46:31, 23.64, 46.17
2019-02-19, 14:46:32, 23.63, 46.14
2019-02-19, 14:46:34, 23.65, 46.14
2019-02-19, 14:46:35, 23.65, 46.14
2019-02-19, 14:46:36, 23.64, 46.1
2019-02-19, 14:46:38, 23.64, 46.1
2019-02-19, 14:46:39, 23.64, 46.1
2019-02-19, 14:46:40, 23.64, 46.1
2019-02-19, 14:46:42, 23.48, 46.15
2019-02-19, 14:46:43, 23.59, 46.19
2019-02-19, 14:46:44, 23.6, 46.23
2019-02-19, 14:46:46, 23.61, 46.23
2019-02-19, 14:46:47, 23.61, 46.2
2019-02-19, 14:46:48, 23.63, 46.2
2019-02-19, 14:46:50, 23.64, 46.2
2019-02-19, 14:46:51, 23.64, 46.17
2019-02-19, 14:46:52, 23.65, 46.17
2019-02-19, 14:46:54, 23.63, 46.17
2019-02-19, 14:46:55, 23.65, 46.11
2019-02-19, 14:46:57, 23.66, 46.14
2019-02-19, 14:46:58, 23.66, 46.14
2019-02-19, 14:46:59, 23.68, 46.11
2019-02-19, 14:47:01, 23.67, 46.11
2019-02-19, 14:47:02, 23.67, 46.11
2019-02-19, 14:47:03, 23.67, 46.11
2019-02-19, 14:47:05, 23.68, 46.11
2019-02-19, 14:47:06, 23.67, 46.11
2019-02-19, 14:47:07, 23.68, 46.11
2019-02-19, 14:47:09, 23.68, 46.11
2019-02-19, 14:47:10, 23.67, 46.04
2019-02-19, 14:47:12, 23.52, 46.09
2019-02-19, 14:47:13, 23.64, 46.1
2019-02-19, 14:47:14, 23.66, 46.11
2019-02-19, 14:47:16, 23.68, 46.11
2019-02-19, 14:47:17, 23.7, 46.08
2019-02-19, 14:47:18, 23.69, 46.05
2019-02-19, 14:47:20, 23.71, 46.05
2019-02-19, 14:47:21, 23.72, 46.05
2019-02-19, 14:47:22, 23.71, 46.02
2019-02-19, 14:47:24, 23.7, 45.98
2019-02-19, 14:47:25, 23.7, 45.98
2019-02-19, 14:47:26, 23.71, 45.98
2019-02-19, 14:47:28, 23.7, 45.98
2019-02-19, 14:47:29, 23.7, 45.95
2019-02-19, 14:47:31, 23.72, 45.95
2019-02-19, 14:47:32, 23.71, 45.95
2019-02-19, 14:47:33, 23.71, 45.95
2019-02-19, 14:47:35, 23.72, 45.92
2019-02-19, 14:47:36, 23.71, 45.92
2019-02-19, 14:47:37, 23.73, 45.95
2019-02-19, 14:47:39, 23.72, 45.95
2019-02-19, 14:47:40, 23.72, 45.95
2019-02-19, 14:47:41, 23.72, 45.92
2019-02-19, 14:47:43, 23.72, 45.92
2019-02-19, 14:47:44, 23.72, 45.92
2019-02-19, 14:47:45, 23.74, 45.89
2019-02-19, 14:47:47, 23.74, 45.89
2019-02-19, 14:47:48, 23.74, 45.89
2019-02-19, 14:47:50, 23.72, 45.89
2019-02-19, 14:47:51, 23.74, 45.92
2019-02-19, 14:47:52, 23.75, 45.89
2019-02-19, 14:47:54, 23.74, 45.89
2019-02-19, 14:47:55, 23.74, 45.89
2019-02-19, 14:47:56, 23.76, 45.93
2019-02-19, 14:47:58, 23.74, 45.92
2019-02-19, 14:47:59, 23.75, 45.89
2019-02-19, 14:48:00, 23.75, 45.89
2019-02-19, 14:48:02, 23.75, 45.89
2019-02-19, 14:48:03, 23.74, 45.89
2019-02-19, 14:48:04, 23.75, 45.89
2019-02-19, 14:48:06, 23.75, 45.86
2019-02-19, 14:48:07, 23.75, 45.86
2019-02-19, 14:48:09, 23.76, 45.89
2019-02-19, 14:48:10, 23.76, 45.86
2019-02-19, 14:48:11, 23.75, 45.86
2019-02-19, 14:48:13, 23.74, 45.86
2019-02-19, 14:48:14, 23.74, 45.86
2019-02-19, 14:48:15, 23.67, 45.92
2019-02-19, 14:48:17, 23.74, 45.92
2019-02-19, 14:48:18, 23.74, 45.92
2019-02-19, 14:48:19, 23.75, 45.96
2019-02-19, 14:48:21, 23.74, 45.96
2019-02-19, 14:48:22, 23.74, 45.92
2019-02-19, 14:48:23, 23.74, 45.96
2019-02-19, 14:48:25, 23.74, 45.96
2019-02-19, 14:48:26, 23.72, 45.99
2019-02-19, 14:48:28, 23.73, 45.99
2019-02-19, 14:48:29, 23.72, 46.02
2019-02-19, 14:48:30, 23.71, 45.98
2019-02-19, 14:48:32, 23.74, 45.99
2019-02-19, 14:48:33, 23.73, 45.99
2019-02-19, 14:48:34, 23.73, 45.99
2019-02-19, 14:48:36, 23.72, 45.95
2019-02-19, 14:48:37, 23.73, 45.99
2019-02-19, 14:48:38, 23.73, 45.99
2019-02-19, 14:48:40, 23.72, 45.95
2019-02-19, 14:48:41, 23.72, 45.95
2019-02-19, 14:48:42, 23.72, 45.95
2019-02-19, 14:48:44, 23.71, 45.95
2019-02-19, 14:48:45, 23.72, 45.92
2019-02-19, 14:48:46, 23.73, 45.92
2019-02-19, 14:48:48, 23.73, 45.92
2019-02-19, 14:48:49, 23.73, 45.92
2019-02-19, 14:48:51, 23.72, 45.95
2019-02-19, 14:48:52, 23.71, 45.98
2019-02-19, 14:48:53, 23.7, 45.98
2019-02-19, 14:48:55, 23.7, 46.02
2019-02-19, 14:48:56, 23.7, 45.98
2019-02-19, 14:48:57, 23.7, 45.98
2019-02-19, 14:48:59, 23.68, 46.01
2019-02-19, 14:49:00, 23.68, 46.01
2019-02-19, 14:49:01, 23.7, 46.05
2019-02-19, 14:49:03, 23.68, 46.04
2019-02-19, 14:49:04, 23.68, 46.01
2019-02-19, 14:49:05, 23.68, 46.04
2019-02-19, 14:49:07, 23.67, 46.04
2019-02-19, 14:49:08, 23.67, 46.04
2019-02-19, 14:49:09, 23.67, 46.04
2019-02-19, 14:49:11, 23.67, 46.04
2019-02-19, 14:49:12, 23.68, 46.04
2019-02-19, 14:49:14, 23.67, 46.04
2019-02-19, 14:49:15, 23.67, 46.08
2019-02-19, 14:49:16, 23.66, 46.07
2019-02-19, 14:49:18, 23.67, 46.04
2019-02-19, 14:49:19, 23.67, 46.08
2019-02-19, 14:49:20, 23.66, 46.04
2019-02-19, 14:49:22, 23.66, 46.07
2019-02-19, 14:49:23, 23.66, 46.04
2019-02-19, 14:49:24, 23.66, 46.04
2019-02-19, 14:49:26, 23.66, 46.04
2019-02-19, 14:49:27, 23.67, 46.04
2019-02-19, 14:49:28, 23.67, 46.04
2019-02-19, 14:49:30, 23.67, 46.04
2019-02-19, 14:49:31, 23.68, 46.04
2019-02-19, 14:49:32, 23.67, 46.04
2019-02-19, 14:49:34, 23.66, 46.04
2019-02-19, 14:49:35, 23.66, 46.04
2019-02-19, 14:49:37, 23.66, 46.04
2019-02-19, 14:49:38, 23.68, 45.98
2019-02-19, 14:49:39, 23.59, 46.0
2019-02-19, 14:49:41, 23.65, 46.04
2019-02-19, 14:49:42, 23.67, 46.04
2019-02-19, 14:49:43, 23.67, 46.04
2019-02-19, 14:49:45, 23.55, 46.03
2019-02-19, 14:49:46, 23.65, 46.11
2019-02-19, 14:49:47, 23.66, 46.11
2019-02-19, 14:49:49, 23.66, 46.11
2019-02-19, 14:49:50, 23.67, 46.08
2019-02-19, 14:49:51, 23.68, 46.11
2019-02-19, 14:49:53, 23.66, 46.11
2019-02-19, 14:49:54, 23.66, 46.07
2019-02-19, 14:49:55, 23.66, 46.11
2019-02-19, 14:49:57, 23.67, 46.08
2019-02-19, 14:49:58, 23.66, 46.04
2019-02-19, 14:50:00, 23.67, 46.04
2019-02-19, 14:50:01, 23.67, 46.04
2019-02-19, 14:50:02, 23.66, 46.04
2019-02-19, 14:50:04, 23.67, 46.01
2019-02-19, 14:50:05, 23.66, 46.04
2019-02-19, 14:50:06, 23.68, 46.01
2019-02-19, 14:50:08, 23.67, 46.04
2019-02-19, 14:50:09, 23.68, 46.01
2019-02-19, 14:50:10, 23.68, 46.01
2019-02-19, 14:50:12, 23.68, 46.01
2019-02-19, 14:50:13, 23.67, 46.04
2019-02-19, 14:50:14, 23.67, 46.04
2019-02-19, 14:50:16, 23.67, 46.04
2019-02-19, 14:50:17, 23.68, 46.04
2019-02-19, 14:50:18, 23.68, 46.04
2019-02-19, 14:50:20, 23.67, 46.01
2019-02-19, 14:50:21, 23.66, 46.01
2019-02-19, 14:50:23, 23.67, 46.01
2019-02-19, 14:50:24, 23.67, 46.01
2019-02-19, 14:50:25, 23.68, 46.01
2019-02-19, 14:50:27, 23.67, 46.01
2019-02-19, 14:50:28, 23.67, 46.01
2019-02-19, 14:50:29, 23.66, 46.01
2019-02-19, 14:50:31, 23.68, 46.04
2019-02-19, 14:50:32, 23.68, 46.04
2019-02-19, 14:50:33, 23.66, 46.04
2019-02-19, 14:50:35, 23.66, 46.04
2019-02-19, 14:50:36, 23.65, 46.04
2019-02-19, 14:50:37, 23.66, 46.04
2019-02-19, 14:50:39, 23.66, 46.04
2019-02-19, 14:50:40, 23.68, 46.04
2019-02-19, 14:50:42, 23.67, 46.04
2019-02-19, 14:50:43, 23.66, 46.04
2019-02-19, 14:50:44, 23.53, 46.06
2019-02-19, 14:50:46, 23.62, 46.1
2019-02-19, 14:50:47, 23.64, 46.1
2019-02-19, 14:50:48, 23.65, 46.11
2019-02-19, 14:50:50, 23.65, 46.07
2019-02-19, 14:50:51, 23.65, 46.11
2019-02-19, 14:50:52, 23.66, 46.04
2019-02-19, 14:50:54, 23.66, 46.04
2019-02-19, 14:50:55, 23.66, 46.04
2019-02-19, 14:50:56, 23.67, 46.04
2019-02-19, 14:50:58, 23.66, 46.04
2019-02-19, 14:50:59, 23.66, 46.04
2019-02-19, 14:51:00, 23.66, 46.01
2019-02-19, 14:51:02, 23.66, 46.04
2019-02-19, 14:51:03, 23.66, 46.04
2019-02-19, 14:51:05, 23.66, 46.04
2019-02-19, 14:51:06, 23.67, 46.01
2019-02-19, 14:51:07, 23.66, 45.98
2019-02-19, 14:51:09, 23.66, 46.01
2019-02-19, 14:51:10, 23.67, 45.98
2019-02-19, 14:51:11, 23.68, 46.01
2019-02-19, 14:51:13, 23.66, 45.98
2019-02-19, 14:51:14, 23.67, 45.98
2019-02-19, 14:51:15, 23.66, 45.98
2019-02-19, 14:51:17, 23.68, 45.98
2019-02-19, 14:51:18, 23.68, 45.98
2019-02-19, 14:51:19, 23.68, 46.01
2019-02-19, 14:51:21, 23.67, 46.01
2019-02-19, 14:51:22, 23.67, 46.01
2019-02-19, 14:51:23, 23.66, 46.01
2019-02-19, 14:51:25, 23.66, 45.98
2019-02-19, 14:51:26, 23.66, 46.01
2019-02-19, 14:51:28, 23.67, 45.98
2019-02-19, 14:51:29, 23.67, 45.98
2019-02-19, 14:51:30, 23.68, 45.98
2019-02-19, 14:51:32, 23.68, 45.98
2019-02-19, 14:51:33, 23.68, 45.98
2019-02-19, 14:51:34, 23.68, 45.98
2019-02-19, 14:51:36, 23.69, 45.98
2019-02-19, 14:51:37, 23.68, 45.98
2019-02-19, 14:51:38, 23.68, 45.98
2019-02-19, 14:51:40, 23.7, 45.98
2019-02-19, 14:51:41, 23.68, 45.98
2019-02-19, 14:51:42, 23.7, 45.98
2019-02-19, 14:51:44, 23.7, 45.98
2019-02-19, 14:51:45, 23.7, 46.02
2019-02-19, 14:51:46, 23.69, 46.05
2019-02-19, 14:51:48, 23.7, 46.05
2019-02-19, 14:51:49, 23.7, 46.11
2019-02-19, 14:51:51, 23.7, 46.21
2019-02-19, 14:51:52, 23.7, 46.27
2019-02-19, 14:51:53, 23.72, 46.24
2019-02-19, 14:51:55, 23.72, 46.27
2019-02-19, 14:51:56, 23.72, 46.24
2019-02-19, 14:51:57, 23.72, 46.24
2019-02-19, 14:51:59, 23.7, 46.18
2019-02-19, 14:52:00, 23.72, 46.11
2019-02-19, 14:52:01, 23.71, 46.08
2019-02-19, 14:52:03, 23.73, 46.05
2019-02-19, 14:52:04, 23.72, 46.02
2019-02-19, 14:52:05, 23.72, 45.99
2019-02-19, 14:52:07, 23.72, 45.99
2019-02-19, 14:52:08, 23.56, 46.03
2019-02-19, 14:52:10, 23.67, 46.11
2019-02-19, 14:52:11, 23.7, 46.11
2019-02-19, 14:52:12, 23.7, 46.11
2019-02-19, 14:52:14, 23.71, 46.08
2019-02-19, 14:52:15, 23.71, 46.08
2019-02-19, 14:52:16, 23.73, 46.05
2019-02-19, 14:52:18, 23.73, 46.02
2019-02-19, 14:52:19, 23.74, 45.99
2019-02-19, 14:52:20, 23.76, 45.99
2019-02-19, 14:52:22, 23.74, 45.92
2019-02-19, 14:52:23, 23.76, 45.93
2019-02-19, 14:52:24, 23.77, 45.93
2019-02-19, 14:52:26, 23.76, 45.93
2019-02-19, 14:52:27, 23.76, 45.93
2019-02-19, 14:52:28, 23.76, 45.93
2019-02-19, 14:52:30, 23.78, 45.9
2019-02-19, 14:52:31, 23.76, 45.89
2019-02-19, 14:52:33, 23.76, 45.89
2019-02-19, 14:52:34, 23.75, 45.92
2019-02-19, 14:52:35, 23.76, 45.93
2019-02-19, 14:52:37, 23.76, 45.93
2019-02-19, 14:52:38, 23.77, 45.93
2019-02-19, 14:52:39, 23.74, 45.96
2019-02-19, 14:52:41, 23.74, 45.96
2019-02-19, 14:52:42, 23.74, 45.96
2019-02-19, 14:52:43, 23.76, 45.96
2019-02-19, 14:52:45, 23.74, 45.96
2019-02-19, 14:52:46, 23.75, 45.96
2019-02-19, 14:52:47, 23.75, 45.96
2019-02-19, 14:52:49, 23.75, 45.96
2019-02-19, 14:52:50, 23.75, 45.96
2019-02-19, 14:52:51, 23.75, 45.99
2019-02-19, 14:52:53, 23.74, 45.96
2019-02-19, 14:52:54, 23.74, 45.92
2019-02-19, 14:52:56, 23.74, 45.96
2019-02-19, 14:52:57, 23.74, 45.96
2019-02-19, 14:52:58, 23.74, 45.99
2019-02-19, 14:53:00, 23.74, 45.99
2019-02-19, 14:53:01, 23.75, 45.99
2019-02-19, 14:53:02, 23.74, 45.99
2019-02-19, 14:53:04, 23.75, 45.99
2019-02-19, 14:53:05, 23.74, 46.02
2019-02-19, 14:53:06, 23.74, 45.99
2019-02-19, 14:53:08, 23.74, 45.99
2019-02-19, 14:53:09, 23.72, 45.99
2019-02-19, 14:53:10, 23.74, 46.02
2019-02-19, 14:53:12, 23.73, 45.99
2019-02-19, 14:53:13, 23.73, 45.99
2019-02-19, 14:53:14, 23.74, 45.99
2019-02-19, 14:53:16, 23.75, 45.96
2019-02-19, 14:53:17, 23.75, 45.99
2019-02-19, 14:53:19, 23.74, 45.96
2019-02-19, 14:53:20, 23.74, 45.92
2019-02-19, 14:53:21, 23.74, 45.96
2019-02-19, 14:53:23, 23.74, 45.96
2019-02-19, 14:53:24, 23.75, 45.92
2019-02-19, 14:53:25, 23.75, 45.96
2019-02-19, 14:53:27, 23.75, 45.92
2019-02-19, 14:53:28, 23.76, 45.93
2019-02-19, 14:53:29, 23.76, 45.96
2019-02-19, 14:53:31, 23.75, 45.92
2019-02-19, 14:53:32, 23.76, 45.93
2019-02-19, 14:53:33, 23.75, 45.92
2019-02-19, 14:53:35, 23.75, 45.92
2019-02-19, 14:53:36, 23.77, 45.93
2019-02-19, 14:53:38, 23.76, 45.89
2019-02-19, 14:53:39, 23.78, 45.9
2019-02-19, 14:53:40, 23.78, 45.93
2019-02-19, 14:53:42, 23.78, 45.93
2019-02-19, 14:53:43, 23.78, 45.9
2019-02-19, 14:53:44, 23.79, 45.9
2019-02-19, 14:53:46, 23.78, 45.9
2019-02-19, 14:53:47, 23.78, 45.9
2019-02-19, 14:53:48, 23.8, 45.9
2019-02-19, 14:53:50, 23.78, 45.9
2019-02-19, 14:53:51, 23.79, 45.9
2019-02-19, 14:53:52, 23.82, 45.87
2019-02-19, 14:53:54, 23.81, 45.87
2019-02-19, 14:53:55, 23.82, 45.8
2019-02-19, 14:53:56, 23.8, 45.83
2019-02-19, 14:53:58, 23.81, 45.84
2019-02-19, 14:53:59, 23.81, 45.84
2019-02-19, 14:54:01, 23.8, 45.83
2019-02-19, 14:54:02, 23.82, 45.8
2019-02-19, 14:54:03, 23.82, 45.84
2019-02-19, 14:54:05, 23.83, 45.81
2019-02-19, 14:54:06, 23.83, 45.81
2019-02-19, 14:54:07, 23.83, 45.81
2019-02-19, 14:54:09, 23.83, 45.81
2019-02-19, 14:54:10, 23.83, 45.77
2019-02-19, 14:54:11, 23.84, 45.78
2019-02-19, 14:54:13, 23.84, 45.78
2019-02-19, 14:54:14, 23.84, 45.78
2019-02-19, 14:54:15, 23.83, 45.74
2019-02-19, 14:54:17, 23.84, 45.74
2019-02-19, 14:54:18, 23.84, 45.74
2019-02-19, 14:54:19, 23.84, 45.74
2019-02-19, 14:54:21, 23.85, 45.74
2019-02-19, 14:54:22, 23.84, 45.68
2019-02-19, 14:54:24, 23.85, 45.68
2019-02-19, 14:54:25, 23.85, 45.68
2019-02-19, 14:54:26, 23.85, 45.68
2019-02-19, 14:54:28, 23.86, 45.68
2019-02-19, 14:54:29, 23.87, 45.65
2019-02-19, 14:54:30, 23.86, 45.65
2019-02-19, 14:54:32, 23.88, 45.65
2019-02-19, 14:54:33, 23.87, 45.68
2019-02-19, 14:54:34, 23.88, 45.65
2019-02-19, 14:54:36, 23.88, 45.62
2019-02-19, 14:54:37, 23.88, 45.62
2019-02-19, 14:54:38, 23.88, 45.62
2019-02-19, 14:54:40, 23.9, 45.62
2019-02-19, 14:54:41, 23.89, 45.62
2019-02-19, 14:54:43, 23.89, 45.62
2019-02-19, 14:54:44, 23.9, 45.59
2019-02-19, 14:54:45, 23.9, 45.62
2019-02-19, 14:54:47, 23.91, 45.59
2019-02-19, 14:54:48, 23.92, 45.59
2019-02-19, 14:54:49, 23.92, 45.59
2019-02-19, 14:54:51, 23.92, 45.56
2019-02-19, 14:54:52, 23.91, 45.56
2019-02-19, 14:54:53, 23.9, 45.59
2019-02-19, 14:54:55, 23.92, 45.56
2019-02-19, 14:54:56, 23.91, 45.56
2019-02-19, 14:54:57, 23.91, 45.56
2019-02-19, 14:54:59, 23.92, 45.56
2019-02-19, 14:55:00, 23.92, 45.56
2019-02-19, 14:55:01, 23.92, 45.59
2019-02-19, 14:55:03, 23.9, 45.59
2019-02-19, 14:55:04, 23.9, 45.62
2019-02-19, 14:55:06, 23.92, 45.62
2019-02-19, 14:55:07, 23.9, 45.62
2019-02-19, 14:55:08, 23.89, 45.59
2019-02-19, 14:55:10, 23.9, 45.62
2019-02-19, 14:55:11, 23.91, 45.59
2019-02-19, 14:55:12, 23.91, 45.59
2019-02-19, 14:55:14, 23.92, 45.59
2019-02-19, 14:55:15, 23.91, 45.56
2019-02-19, 14:55:16, 23.93, 45.56
2019-02-19, 14:55:18, 23.93, 45.56
2019-02-19, 14:55:19, 23.92, 45.56
2019-02-19, 14:55:20, 23.92, 45.56
2019-02-19, 14:55:22, 23.94, 45.56
2019-02-19, 14:55:23, 23.92, 45.53
2019-02-19, 14:55:25, 23.93, 45.5
2019-02-19, 14:55:26, 23.92, 45.53
2019-02-19, 14:55:27, 23.93, 45.53
2019-02-19, 14:55:29, 23.94, 45.5
2019-02-19, 14:55:30, 23.94, 45.5
2019-02-19, 14:55:31, 23.96, 45.5
2019-02-19, 14:55:33, 23.94, 45.5
2019-02-19, 14:55:34, 23.95, 45.5
2019-02-19, 14:55:35, 23.84, 45.49
2019-02-19, 14:55:37, 23.93, 45.53
2019-02-19, 14:55:38, 23.93, 45.53
2019-02-19, 14:55:39, 23.94, 45.56
2019-02-19, 14:55:41, 23.93, 45.53
2019-02-19, 14:55:42, 23.93, 45.53
2019-02-19, 14:55:44, 23.94, 45.53
2019-02-19, 14:55:45, 23.94, 45.56
2019-02-19, 14:55:46, 23.94, 45.56
2019-02-19, 14:55:48, 23.93, 45.56
2019-02-19, 14:55:49, 23.92, 45.56
2019-02-19, 14:55:50, 23.93, 45.56
2019-02-19, 14:55:52, 23.92, 45.56
2019-02-19, 14:55:53, 23.92, 45.56
2019-02-19, 14:55:54, 23.94, 45.56
2019-02-19, 14:55:56, 23.93, 45.56
2019-02-19, 14:55:57, 23.93, 45.56
2019-02-19, 14:55:58, 23.93, 45.53
2019-02-19, 14:56:00, 23.93, 45.53
2019-02-19, 14:56:01, 23.93, 45.5
2019-02-19, 14:56:02, 23.94, 45.5
2019-02-19, 14:56:04, 23.94, 45.53
2019-02-19, 14:56:05, 23.81, 45.48
2019-02-19, 14:56:07, 23.91, 45.53
2019-02-19, 14:56:08, 23.92, 45.53
2019-02-19, 14:56:09, 23.92, 45.5
2019-02-19, 14:56:11, 23.92, 45.5
2019-02-19, 14:56:12, 23.93, 45.5
2019-02-19, 14:56:13, 23.92, 45.5
2019-02-19, 14:56:15, 23.91, 45.53
2019-02-19, 14:56:16, 23.92, 45.5
2019-02-19, 14:56:17, 23.92, 45.5
2019-02-19, 14:56:19, 23.93, 45.5
2019-02-19, 14:56:20, 23.93, 45.5
2019-02-19, 14:56:21, 23.95, 45.5
2019-02-19, 14:56:23, 23.93, 45.5
2019-02-19, 14:56:24, 23.93, 45.5
2019-02-19, 14:56:25, 23.94, 45.5
2019-02-19, 14:56:27, 23.94, 45.47
2019-02-19, 14:56:28, 23.96, 45.47
2019-02-19, 14:56:30, 23.94, 45.43
2019-02-19, 14:56:31, 23.96, 45.44
2019-02-19, 14:56:32, 23.96, 45.44
2019-02-19, 14:56:34, 23.96, 45.44
2019-02-19, 14:56:35, 23.95, 45.43
2019-02-19, 14:56:36, 23.96, 45.44
2019-02-19, 14:56:38, 23.95, 45.43
2019-02-19, 14:56:39, 23.95, 45.43
2019-02-19, 14:56:40, 23.95, 45.47
2019-02-19, 14:56:42, 23.94, 45.47
2019-02-19, 14:56:43, 23.93, 45.46
2019-02-19, 14:56:44, 23.93, 45.46
2019-02-19, 14:56:46, 23.94, 45.43
2019-02-19, 14:56:47, 23.93, 45.43
2019-02-19, 14:56:49, 23.93, 45.43
2019-02-19, 14:56:50, 23.92, 45.43
2019-02-19, 14:56:51, 23.94, 45.47
2019-02-19, 14:56:53, 23.92, 45.43
2019-02-19, 14:56:54, 23.93, 45.43
2019-02-19, 14:56:55, 23.92, 45.43
2019-02-19, 14:56:57, 23.92, 45.46
2019-02-19, 14:56:58, 23.9, 45.49
2019-02-19, 14:56:59, 23.9, 45.52
2019-02-19, 14:57:01, 23.91, 45.53
2019-02-19, 14:57:02, 23.9, 45.52
2019-02-19, 14:57:03, 23.91, 45.53
2019-02-19, 14:57:05, 23.9, 45.52
2019-02-19, 14:57:06, 23.9, 45.52
2019-02-19, 14:57:07, 23.89, 45.52
2019-02-19, 14:57:09, 23.88, 45.55
2019-02-19, 14:57:10, 23.9, 45.56
2019-02-19, 14:57:12, 23.88, 45.55
2019-02-19, 14:57:13, 23.88, 45.55
2019-02-19, 14:57:14, 23.89, 45.56
2019-02-19, 14:57:16, 23.88, 45.55
2019-02-19, 14:57:17, 23.89, 45.56
2019-02-19, 14:57:18, 23.88, 45.55
2019-02-19, 14:57:20, 23.87, 45.59
2019-02-19, 14:57:21, 23.86, 45.58
2019-02-19, 14:57:22, 23.86, 45.58
2019-02-19, 14:57:24, 23.87, 45.62
2019-02-19, 14:57:25, 23.88, 45.59
2019-02-19, 14:57:26, 23.87, 45.59
2019-02-19, 14:57:28, 23.88, 45.59
2019-02-19, 14:57:29, 23.87, 45.55
2019-02-19, 14:57:31, 23.86, 45.58
2019-02-19, 14:57:32, 23.86, 45.62
2019-02-19, 14:57:33, 23.85, 45.62
2019-02-19, 14:57:35, 23.68, 45.66
2019-02-19, 14:57:36, 23.8, 45.74
2019-02-19, 14:57:37, 23.82, 45.74
2019-02-19, 14:57:39, 23.82, 45.74
2019-02-19, 14:57:40, 23.83, 45.74
2019-02-19, 14:57:41, 23.83, 45.71
2019-02-19, 14:57:43, 23.83, 45.71
2019-02-19, 14:57:44, 23.84, 45.71
2019-02-19, 14:57:45, 23.84, 45.68
2019-02-19, 14:57:47, 23.84, 45.68
2019-02-19, 14:57:48, 23.85, 45.68
2019-02-19, 14:57:50, 23.84, 45.68
2019-02-19, 14:57:51, 23.84, 45.68
2019-02-19, 14:57:52, 23.84, 45.68
2019-02-19, 14:57:54, 23.84, 45.68
2019-02-19, 14:57:55, 23.84, 45.68
2019-02-19, 14:57:56, 23.82, 45.68
2019-02-19, 14:57:58, 23.84, 45.71
2019-02-19, 14:57:59, 23.84, 45.71
2019-02-19, 14:58:00, 23.83, 45.71
2019-02-19, 14:58:02, 23.82, 45.71
2019-02-19, 14:58:03, 23.84, 45.71
2019-02-19, 14:58:04, 23.83, 45.71
2019-02-19, 14:58:06, 23.83, 45.71
2019-02-19, 14:58:07, 23.82, 45.71
2019-02-19, 14:58:08, 23.82, 45.74
2019-02-19, 14:58:10, 23.83, 45.71
2019-02-19, 14:58:11, 23.82, 45.74
2019-02-19, 14:58:13, 23.81, 45.74
2019-02-19, 14:58:14, 23.83, 45.71
2019-02-19, 14:58:15, 23.84, 45.74
2019-02-19, 14:58:17, 23.82, 45.74
2019-02-19, 14:58:18, 23.82, 45.74
2019-02-19, 14:58:19, 23.82, 45.74
2019-02-19, 14:58:21, 23.82, 45.74
2019-02-19, 14:58:22, 23.82, 45.74
2019-02-19, 14:58:23, 23.82, 45.74
2019-02-19, 14:58:25, 23.81, 45.74
2019-02-19, 14:58:26, 23.82, 45.74
2019-02-19, 14:58:27, 23.82, 45.74
2019-02-19, 14:58:29, 23.8, 45.74
2019-02-19, 14:58:30, 23.8, 45.74
2019-02-19, 14:58:31, 23.81, 45.74
2019-02-19, 14:58:33, 23.81, 45.74
2019-02-19, 14:58:34, 23.8, 45.74
2019-02-19, 14:58:36, 23.81, 45.74
2019-02-19, 14:58:37, 23.81, 45.74
2019-02-19, 14:58:38, 23.81, 45.74
2019-02-19, 14:58:40, 23.8, 45.8
2019-02-19, 14:58:41, 23.8, 45.8
2019-02-19, 14:58:42, 23.8, 45.8
2019-02-19, 14:58:44, 23.8, 45.8
2019-02-19, 14:58:45, 23.79, 45.8
2019-02-19, 14:58:46, 23.78, 45.8
2019-02-19, 14:58:48, 23.8, 45.8
2019-02-19, 14:58:49, 23.79, 45.8
2019-02-19, 14:58:50, 23.79, 45.8
2019-02-19, 14:58:52, 23.78, 45.83
2019-02-19, 14:58:53, 23.79, 45.83
2019-02-19, 14:58:54, 23.79, 45.83
2019-02-19, 14:58:56, 23.78, 45.86
2019-02-19, 14:58:57, 23.78, 45.86
2019-02-19, 14:58:59, 23.78, 45.86
2019-02-19, 14:59:00, 23.77, 45.86
2019-02-19, 14:59:01, 23.76, 45.86
2019-02-19, 14:59:03, 23.76, 45.89
2019-02-19, 14:59:04, 23.77, 45.86
2019-02-19, 14:59:05, 23.76, 45.86
2019-02-19, 14:59:07, 23.77, 45.86
2019-02-19, 14:59:08, 23.77, 45.86
2019-02-19, 14:59:09, 23.78, 45.86
2019-02-19, 14:59:11, 23.76, 45.86
2019-02-19, 14:59:12, 23.77, 45.9
2019-02-19, 14:59:13, 23.76, 45.86
2019-02-19, 14:59:15, 23.76, 45.86
2019-02-19, 14:59:16, 23.75, 45.89
2019-02-19, 14:59:17, 23.76, 45.89
2019-02-19, 14:59:19, 23.76, 45.86
2019-02-19, 14:59:20, 23.76, 45.89
2019-02-19, 14:59:22, 23.75, 45.89
2019-02-19, 14:59:23, 23.75, 45.92
2019-02-19, 14:59:24, 23.74, 45.92
2019-02-19, 14:59:26, 23.75, 45.92
2019-02-19, 14:59:27, 23.74, 45.92
2019-02-19, 14:59:28, 23.76, 45.93
2019-02-19, 14:59:30, 23.76, 45.93
2019-02-19, 14:59:31, 23.74, 45.92
2019-02-19, 14:59:32, 23.72, 45.92
2019-02-19, 14:59:34, 23.75, 45.92
2019-02-19, 14:59:35, 23.75, 45.92
2019-02-19, 14:59:36, 23.75, 45.96
2019-02-19, 14:59:38, 23.75, 45.92
2019-02-19, 14:59:39, 23.76, 45.93
2019-02-19, 14:59:40, 23.75, 45.92
2019-02-19, 14:59:42, 23.75, 45.92
2019-02-19, 14:59:43, 23.75, 45.92
2019-02-19, 14:59:45, 23.75, 45.89
2019-02-19, 14:59:46, 23.76, 45.93
2019-02-19, 14:59:47, 23.75, 45.92
2019-02-19, 14:59:49, 23.75, 45.92
2019-02-19, 14:59:50, 23.76, 45.93
2019-02-19, 14:59:51, 23.75, 45.92
2019-02-19, 14:59:53, 23.75, 45.92
2019-02-19, 14:59:54, 23.74, 45.92
2019-02-19, 14:59:55, 23.75, 45.96
2019-02-19, 14:59:57, 23.74, 45.92
2019-02-19, 14:59:58, 23.75, 45.92
2019-02-19, 14:59:59, 23.74, 45.96
2019-02-19, 15:00:01, 23.74, 45.92
2019-02-19, 15:00:02, 23.74, 45.92
2019-02-19, 15:00:03, 23.74, 45.92
2019-02-19, 15:00:05, 23.73, 45.95
2019-02-19, 15:00:06, 23.72, 45.95
2019-02-19, 15:00:08, 23.72, 45.95
2019-02-19, 15:00:09, 23.72, 45.99
2019-02-19, 15:00:10, 23.72, 45.99
2019-02-19, 15:00:12, 23.72, 45.99
2019-02-19, 15:00:13, 23.72, 45.99
2019-02-19, 15:00:14, 23.72, 45.99
2019-02-19, 15:00:16, 23.71, 45.98
2019-02-19, 15:00:17, 23.72, 46.02
2019-02-19, 15:00:18, 23.72, 46.02
2019-02-19, 15:00:20, 23.72, 46.02
2019-02-19, 15:00:21, 23.72, 46.02
2019-02-19, 15:00:22, 23.73, 46.02
2019-02-19, 15:00:24, 23.72, 46.05
2019-02-19, 15:00:25, 23.71, 46.05
2019-02-19, 15:00:26, 23.72, 46.05
2019-02-19, 15:00:28, 23.72, 46.05
2019-02-19, 15:00:29, 23.72, 46.05
2019-02-19, 15:00:31, 23.72, 46.05
2019-02-19, 15:00:32, 23.7, 46.08
2019-02-19, 15:00:33, 23.71, 46.08
2019-02-19, 15:00:35, 23.71, 46.08
2019-02-19, 15:00:36, 23.71, 46.08
2019-02-19, 15:00:37, 23.71, 46.08
2019-02-19, 15:00:39, 23.7, 46.08
2019-02-19, 15:00:40, 23.71, 46.11
2019-02-19, 15:00:41, 23.7, 46.08
2019-02-19, 15:00:43, 23.7, 46.08
2019-02-19, 15:00:44, 23.7, 46.11
2019-02-19, 15:00:45, 23.7, 46.11
2019-02-19, 15:00:47, 23.7, 46.08
2019-02-19, 15:00:48, 23.7, 46.08
2019-02-19, 15:00:50, 23.7, 46.08
2019-02-19, 15:00:51, 23.7, 46.08
2019-02-19, 15:00:52, 23.69, 46.08
2019-02-19, 15:00:54, 23.69, 46.05
2019-02-19, 15:00:55, 23.69, 46.08
2019-02-19, 15:00:56, 23.68, 46.08
2019-02-19, 15:00:58, 23.69, 46.11
2019-02-19, 15:00:59, 23.68, 46.08
2019-02-19, 15:01:00, 23.66, 46.11
2019-02-19, 15:01:02, 23.68, 46.08
2019-02-19, 15:01:03, 23.69, 46.11
2019-02-19, 15:01:04, 23.69, 46.11
2019-02-19, 15:01:06, 23.69, 46.11
2019-02-19, 15:01:07, 23.69, 46.11
2019-02-19, 15:01:09, 23.68, 46.11
2019-02-19, 15:01:10, 23.69, 46.11
2019-02-19, 15:01:11, 23.69, 46.11
2019-02-19, 15:01:13, 23.68, 46.11
2019-02-19, 15:01:14, 23.67, 46.11
2019-02-19, 15:01:15, 23.67, 46.11
2019-02-19, 15:01:17, 23.66, 46.14
2019-02-19, 15:01:18, 23.68, 46.11
2019-02-19, 15:01:19, 23.66, 46.14
2019-02-19, 15:01:21, 23.67, 46.14
2019-02-19, 15:01:22, 23.67, 46.17
2019-02-19, 15:01:23, 23.67, 46.17
2019-02-19, 15:01:25, 23.66, 46.17
2019-02-19, 15:01:26, 23.65, 46.17
2019-02-19, 15:01:28, 23.67, 46.17
2019-02-19, 15:01:29, 23.68, 46.17
2019-02-19, 15:01:30, 23.67, 46.17
2019-02-19, 15:01:32, 23.52, 46.15
2019-02-19, 15:01:33, 23.62, 46.2
2019-02-19, 15:01:34, 23.63, 46.23
2019-02-19, 15:01:36, 23.62, 46.23
2019-02-19, 15:01:37, 23.48, 46.25
2019-02-19, 15:01:38, 23.59, 46.29
2019-02-19, 15:01:40, 23.6, 46.29
2019-02-19, 15:01:41, 23.62, 46.29
2019-02-19, 15:01:42, 23.62, 46.29
2019-02-19, 15:01:44, 23.64, 46.3
2019-02-19, 15:01:45, 23.64, 46.3
2019-02-19, 15:01:47, 23.65, 46.27
2019-02-19, 15:01:48, 23.65, 46.23
2019-02-19, 15:01:49, 23.66, 46.24
2019-02-19, 15:01:51, 23.65, 46.23
2019-02-19, 15:01:52, 23.65, 46.23
2019-02-19, 15:01:53, 23.65, 46.2
2019-02-19, 15:01:55, 23.66, 46.24
2019-02-19, 15:01:56, 23.66, 46.2
2019-02-19, 15:01:57, 23.67, 46.17
2019-02-19, 15:01:59, 23.66, 46.17
2019-02-19, 15:02:00, 23.67, 46.17
2019-02-19, 15:02:01, 23.68, 46.17
2019-02-19, 15:02:03, 23.68, 46.17
2019-02-19, 15:02:04, 23.68, 46.17
2019-02-19, 15:02:06, 23.7, 46.18
2019-02-19, 15:02:07, 23.69, 46.14
2019-02-19, 15:02:08, 23.69, 46.14
2019-02-19, 15:02:10, 23.69, 46.11
2019-02-19, 15:02:11, 23.71, 46.11
2019-02-19, 15:02:12, 23.7, 46.14
2019-02-19, 15:02:14, 23.69, 46.11
2019-02-19, 15:02:15, 23.71, 46.11
2019-02-19, 15:02:16, 23.7, 46.11
2019-02-19, 15:02:18, 23.69, 46.11
2019-02-19, 15:02:19, 23.7, 46.11
2019-02-19, 15:02:20, 23.71, 46.11
2019-02-19, 15:02:22, 23.71, 46.11
2019-02-19, 15:02:23, 23.71, 46.08
2019-02-19, 15:02:24, 23.71, 46.11
2019-02-19, 15:02:26, 23.7, 46.11
2019-02-19, 15:02:27, 23.71, 46.11
2019-02-19, 15:02:29, 23.7, 46.11
2019-02-19, 15:02:30, 23.72, 46.11
2019-02-19, 15:02:31, 23.72, 46.11
2019-02-19, 15:02:33, 23.72, 46.11
2019-02-19, 15:02:34, 23.72, 46.08
2019-02-19, 15:02:35, 23.71, 46.11
2019-02-19, 15:02:37, 23.7, 46.08
2019-02-19, 15:02:38, 23.71, 46.08
2019-02-19, 15:02:39, 23.72, 46.05
2019-02-19, 15:02:41, 23.7, 46.08
2019-02-19, 15:02:42, 23.71, 46.11
2019-02-19, 15:02:43, 23.71, 46.08
2019-02-19, 15:02:45, 23.7, 46.11
2019-02-19, 15:02:46, 23.7, 46.11
2019-02-19, 15:02:47, 23.71, 46.11
2019-02-19, 15:02:49, 23.7, 46.11
2019-02-19, 15:02:50, 23.7, 46.11
2019-02-19, 15:02:52, 23.69, 46.11
2019-02-19, 15:02:53, 23.69, 46.11
2019-02-19, 15:02:54, 23.69, 46.11
2019-02-19, 15:02:56, 23.7, 46.08
2019-02-19, 15:02:57, 23.72, 46.08
2019-02-19, 15:02:58, 23.72, 46.08
2019-02-19, 15:03:00, 23.71, 46.05
2019-02-19, 15:03:01, 23.71, 46.05
2019-02-19, 15:03:02, 23.72, 46.05
2019-02-19, 15:03:04, 23.73, 45.99
2019-02-19, 15:03:05, 23.73, 46.02
2019-02-19, 15:03:06, 23.74, 45.99
2019-02-19, 15:03:08, 23.74, 46.02
2019-02-19, 15:03:09, 23.74, 45.99
2019-02-19, 15:03:10, 23.73, 46.02
2019-02-19, 15:03:12, 23.72, 46.08
2019-02-19, 15:03:13, 23.73, 46.08
2019-02-19, 15:03:15, 23.73, 46.08
2019-02-19, 15:03:16, 23.72, 46.11
2019-02-19, 15:03:17, 23.74, 46.12
2019-02-19, 15:03:19, 23.73, 46.12
2019-02-19, 15:03:20, 23.74, 46.12
2019-02-19, 15:03:21, 23.74, 46.12
2019-02-19, 15:03:23, 23.72, 46.11
2019-02-19, 15:03:24, 23.72, 46.11
2019-02-19, 15:03:25, 23.74, 46.12
2019-02-19, 15:03:27, 23.73, 46.08
2019-02-19, 15:03:28, 23.74, 46.05
2019-02-19, 15:03:29, 23.75, 46.05
2019-02-19, 15:03:31, 23.76, 46.05
2019-02-19, 15:03:32, 23.76, 46.02
2019-02-19, 15:03:33, 23.74, 46.05
2019-02-19, 15:03:35, 23.74, 46.12
2019-02-19, 15:03:36, 23.74, 46.08
2019-02-19, 15:03:38, 23.74, 46.08
2019-02-19, 15:03:39, 23.74, 46.08
2019-02-19, 15:03:40, 23.73, 46.08
2019-02-19, 15:03:42, 23.74, 46.12
2019-02-19, 15:03:43, 23.72, 46.18
2019-02-19, 15:03:44, 23.72, 46.24
2019-02-19, 15:03:46, 23.71, 46.27
2019-02-19, 15:03:47, 23.72, 46.31
2019-02-19, 15:03:48, 23.71, 46.27
2019-02-19, 15:03:50, 23.71, 46.24
2019-02-19, 15:03:51, 23.72, 46.24
2019-02-19, 15:03:52, 23.71, 46.27
2019-02-19, 15:03:54, 23.71, 46.24
2019-02-19, 15:03:55, 23.7, 46.27
2019-02-19, 15:03:56, 23.71, 46.31
2019-02-19, 15:03:58, 23.7, 46.37
2019-02-19, 15:03:59, 23.7, 46.34
2019-02-19, 15:04:01, 23.7, 46.37
2019-02-19, 15:04:02, 23.7, 46.43
2019-02-19, 15:04:03, 23.7, 46.5
2019-02-19, 15:04:05, 23.68, 46.56
2019-02-19, 15:04:06, 23.67, 46.49
2019-02-19, 15:04:07, 23.69, 46.4
2019-02-19, 15:04:09, 23.68, 46.37
2019-02-19, 15:04:10, 23.66, 46.4
2019-02-19, 15:04:11, 23.66, 46.43
2019-02-19, 15:04:13, 23.66, 46.49
2019-02-19, 15:04:14, 23.66, 46.52
2019-02-19, 15:04:15, 23.68, 46.59
2019-02-19, 15:04:17, 23.68, 46.59
2019-02-19, 15:04:18, 23.67, 46.59
2019-02-19, 15:04:20, 23.66, 46.49
2019-02-19, 15:04:21, 23.66, 46.43
2019-02-19, 15:04:22, 23.67, 46.4
2019-02-19, 15:04:24, 23.66, 46.33
2019-02-19, 15:04:25, 23.67, 46.3
2019-02-19, 15:04:26, 23.66, 46.3
2019-02-19, 15:04:28, 23.66, 46.3
2019-02-19, 15:04:29, 23.65, 46.27
2019-02-19, 15:04:30, 23.66, 46.3
2019-02-19, 15:04:32, 23.68, 46.3
2019-02-19, 15:04:33, 23.68, 46.27
2019-02-19, 15:04:34, 23.68, 46.24
2019-02-19, 15:04:36, 23.68, 46.24
2019-02-19, 15:04:37, 23.69, 46.24
2019-02-19, 15:04:38, 23.68, 46.21
2019-02-19, 15:04:40, 23.68, 46.21
2019-02-19, 15:04:41, 23.7, 46.18
2019-02-19, 15:04:43, 23.69, 46.17
2019-02-19, 15:04:44, 23.68, 46.17
2019-02-19, 15:04:45, 23.68, 46.17
2019-02-19, 15:04:47, 23.68, 46.24
2019-02-19, 15:04:48, 23.68, 46.24
2019-02-19, 15:04:49, 23.67, 46.33
2019-02-19, 15:04:51, 23.66, 46.43
2019-02-19, 15:04:52, 23.67, 46.49
2019-02-19, 15:04:53, 23.67, 46.49
2019-02-19, 15:04:55, 23.66, 46.43
2019-02-19, 15:04:56, 23.66, 46.4
2019-02-19, 15:04:57, 23.66, 46.36
2019-02-19, 15:04:59, 23.6, 46.36
2019-02-19, 15:05:00, 23.65, 46.36
2019-02-19, 15:05:02, 23.65, 46.36
2019-02-19, 15:05:03, 23.66, 46.36
2019-02-19, 15:05:04, 23.54, 46.35
2019-02-19, 15:05:06, 23.64, 46.36
2019-02-19, 15:05:07, 23.65, 46.36
2019-02-19, 15:05:08, 23.65, 46.33
2019-02-19, 15:05:10, 23.64, 46.33
2019-02-19, 15:05:11, 23.66, 46.3
2019-02-19, 15:05:12, 23.66, 46.3
2019-02-19, 15:05:14, 23.65, 46.33
2019-02-19, 15:05:15, 23.65, 46.33
2019-02-19, 15:05:16, 23.66, 46.36
2019-02-19, 15:05:18, 23.66, 46.33
2019-02-19, 15:05:19, 23.64, 46.36
2019-02-19, 15:05:21, 23.64, 46.36
2019-02-19, 15:05:22, 23.64, 46.36
2019-02-19, 15:05:23, 23.64, 46.36
2019-02-19, 15:05:25, 23.64, 46.36
2019-02-19, 15:05:26, 23.61, 46.36
2019-02-19, 15:05:27, 23.63, 46.33
2019-02-19, 15:05:29, 23.62, 46.36
2019-02-19, 15:05:30, 23.61, 46.42
2019-02-19, 15:05:31, 23.63, 46.42
2019-02-19, 15:05:33, 23.62, 46.39
2019-02-19, 15:05:34, 23.48, 46.41
2019-02-19, 15:05:35, 23.58, 46.42
2019-02-19, 15:05:37, 23.6, 46.42
2019-02-19, 15:05:38, 23.58, 46.42
2019-02-19, 15:05:39, 23.6, 46.39
2019-02-19, 15:05:41, 23.6, 46.36
2019-02-19, 15:05:42, 23.61, 46.39
2019-02-19, 15:05:44, 23.6, 46.39
2019-02-19, 15:05:45, 23.58, 46.39
2019-02-19, 15:05:46, 23.6, 46.42
2019-02-19, 15:05:48, 23.58, 46.39
2019-02-19, 15:05:49, 23.59, 46.42
2019-02-19, 15:05:50, 23.58, 46.48
2019-02-19, 15:05:52, 23.58, 46.51
2019-02-19, 15:05:53, 23.57, 46.51
2019-02-19, 15:05:54, 23.58, 46.51
2019-02-19, 15:05:56, 23.58, 46.51
2019-02-19, 15:05:57, 23.57, 46.51
2019-02-19, 15:05:58, 23.57, 46.48
2019-02-19, 15:06:00, 23.56, 46.51
2019-02-19, 15:06:01, 23.55, 46.54
2019-02-19, 15:06:02, 23.56, 46.61
2019-02-19, 15:06:04, 23.55, 46.61
2019-02-19, 15:06:05, 23.54, 46.61
2019-02-19, 15:06:07, 23.54, 46.64
2019-02-19, 15:06:08, 23.53, 46.6
2019-02-19, 15:06:09, 23.54, 46.61
2019-02-19, 15:06:11, 23.54, 46.64
2019-02-19, 15:06:12, 23.53, 46.6
2019-02-19, 15:06:13, 23.53, 46.6
2019-02-19, 15:06:15, 23.54, 46.61
2019-02-19, 15:06:16, 23.54, 46.61
2019-02-19, 15:06:17, 23.54, 46.57
2019-02-19, 15:06:19, 23.54, 46.54
2019-02-19, 15:06:20, 23.53, 46.54
2019-02-19, 15:06:21, 23.52, 46.54
2019-02-19, 15:06:23, 23.52, 46.57
2019-02-19, 15:06:24, 23.5, 46.54
2019-02-19, 15:06:26, 23.52, 46.57
2019-02-19, 15:06:27, 23.52, 46.57
2019-02-19, 15:06:28, 23.39, 46.59
2019-02-19, 15:06:30, 23.48, 46.66
2019-02-19, 15:06:31, 23.5, 46.66
2019-02-19, 15:06:32, 23.5, 46.66
2019-02-19, 15:06:34, 23.36, 46.65
2019-02-19, 15:06:35, 23.44, 46.72
2019-02-19, 15:06:36, 23.46, 46.72
2019-02-19, 15:06:38, 23.5, 46.73
2019-02-19, 15:06:39, 23.49, 46.66
2019-02-19, 15:06:40, 23.5, 46.66
2019-02-19, 15:06:42, 23.49, 46.73
2019-02-19, 15:06:43, 23.5, 46.76
2019-02-19, 15:06:45, 23.48, 46.79
2019-02-19, 15:06:46, 23.51, 46.83
2019-02-19, 15:06:47, 23.52, 46.8
2019-02-19, 15:06:49, 23.53, 46.76
2019-02-19, 15:06:50, 23.54, 46.73
2019-02-19, 15:06:51, 23.53, 46.8
2019-02-19, 15:06:53, 23.52, 46.8
2019-02-19, 15:06:54, 23.52, 46.86
2019-02-19, 15:06:55, 23.52, 46.89
2019-02-19, 15:06:57, 23.5, 46.89
2019-02-19, 15:06:58, 23.5, 46.89
2019-02-19, 15:06:59, 23.5, 46.89
2019-02-19, 15:07:01, 23.51, 46.79
2019-02-19, 15:07:02, 23.51, 46.76
2019-02-19, 15:07:04, 23.5, 46.73
2019-02-19, 15:07:05, 23.52, 46.73
2019-02-19, 15:07:06, 23.51, 46.67
2019-02-19, 15:07:08, 23.5, 46.66
2019-02-19, 15:07:09, 23.52, 46.67
2019-02-19, 15:07:10, 23.52, 46.67
2019-02-19, 15:07:12, 23.52, 46.64
2019-02-19, 15:07:13, 23.52, 46.64
2019-02-19, 15:07:14, 23.51, 46.67
2019-02-19, 15:07:16, 23.52, 46.64
2019-02-19, 15:07:17, 23.47, 46.66
2019-02-19, 15:07:19, 23.5, 46.66
2019-02-19, 15:07:20, 23.5, 46.66
2019-02-19, 15:07:21, 23.5, 46.66
2019-02-19, 15:07:23, 23.5, 46.66
2019-02-19, 15:07:24, 23.49, 46.66
2019-02-19, 15:07:25, 23.49, 46.66
2019-02-19, 15:07:27, 23.5, 46.66
2019-02-19, 15:07:28, 23.5, 46.66
2019-02-19, 15:07:29, 23.49, 46.66
2019-02-19, 15:07:31, 23.48, 46.66
2019-02-19, 15:07:32, 23.49, 46.66
2019-02-19, 15:07:33, 23.49, 46.63
2019-02-19, 15:07:35, 23.48, 46.66
2019-02-19, 15:07:36, 23.49, 46.66
2019-02-19, 15:07:37, 23.49, 46.66
2019-02-19, 15:07:39, 23.49, 46.66
2019-02-19, 15:07:40, 23.47, 46.66
2019-02-19, 15:07:42, 23.49, 46.66
2019-02-19, 15:07:43, 23.46, 46.63
2019-02-19, 15:07:44, 23.49, 46.63
2019-02-19, 15:07:46, 23.48, 46.63
2019-02-19, 15:07:47, 23.48, 46.66
2019-02-19, 15:07:48, 23.49, 46.7
2019-02-19, 15:07:50, 23.48, 46.79
2019-02-19, 15:07:51, 23.46, 46.82
2019-02-19, 15:07:52, 23.47, 46.89
2019-02-19, 15:07:54, 23.46, 46.85
2019-02-19, 15:07:55, 23.46, 46.79
2019-02-19, 15:07:56, 23.47, 46.76
2019-02-19, 15:07:58, 23.46, 46.76
2019-02-19, 15:07:59, 23.46, 46.72
2019-02-19, 15:08:01, 23.46, 46.72
2019-02-19, 15:08:02, 23.46, 46.76
2019-02-19, 15:08:03, 23.45, 46.79
2019-02-19, 15:08:05, 23.46, 46.79
2019-02-19, 15:08:06, 23.46, 46.79
2019-02-19, 15:08:07, 23.44, 46.82
2019-02-19, 15:08:09, 23.45, 46.79
2019-02-19, 15:08:10, 23.46, 46.82
2019-02-19, 15:08:11, 23.45, 46.85
2019-02-19, 15:08:13, 23.45, 46.85
2019-02-19, 15:08:14, 23.46, 46.85
2019-02-19, 15:08:15, 23.45, 46.85
2019-02-19, 15:08:17, 23.46, 46.85
2019-02-19, 15:08:18, 23.45, 46.85
2019-02-19, 15:08:19, 23.45, 46.85
2019-02-19, 15:08:21, 23.46, 46.82
2019-02-19, 15:08:22, 23.45, 46.79
2019-02-19, 15:08:24, 23.46, 46.79
2019-02-19, 15:08:25, 23.46, 46.79
2019-02-19, 15:08:26, 23.46, 46.76
2019-02-19, 15:08:28, 23.44, 46.75
2019-02-19, 15:08:29, 23.46, 46.79
2019-02-19, 15:08:30, 23.45, 46.75
2019-02-19, 15:08:32, 23.45, 46.72
2019-02-19, 15:08:33, 23.46, 46.76
2019-02-19, 15:08:34, 23.46, 46.76
2019-02-19, 15:08:36, 23.46, 46.76
2019-02-19, 15:08:37, 23.46, 46.76
2019-02-19, 15:08:38, 23.46, 46.79
2019-02-19, 15:08:40, 23.46, 46.79
2019-02-19, 15:08:41, 23.46, 46.82
2019-02-19, 15:08:42, 23.46, 46.79
2019-02-19, 15:08:44, 23.45, 46.75
2019-02-19, 15:08:45, 23.44, 46.72
2019-02-19, 15:08:47, 23.45, 46.72
2019-02-19, 15:08:48, 23.45, 46.72
2019-02-19, 15:08:49, 23.44, 46.72
2019-02-19, 15:08:51, 23.44, 46.72
2019-02-19, 15:08:52, 23.45, 46.72
2019-02-19, 15:08:53, 23.45, 46.72
2019-02-19, 15:08:55, 23.44, 46.72
2019-02-19, 15:08:56, 23.45, 46.72
2019-02-19, 15:08:57, 23.46, 46.72
2019-02-19, 15:08:59, 23.46, 46.76
2019-02-19, 15:09:00, 23.46, 46.79
2019-02-19, 15:09:01, 23.46, 46.76
2019-02-19, 15:09:03, 23.46, 46.76
2019-02-19, 15:09:04, 23.47, 46.73
2019-02-19, 15:09:05, 23.48, 46.73
2019-02-19, 15:09:07, 23.48, 46.73
2019-02-19, 15:09:08, 23.47, 46.69
2019-02-19, 15:09:10, 23.47, 46.69
2019-02-19, 15:09:11, 23.47, 46.69
2019-02-19, 15:09:12, 23.46, 46.79
2019-02-19, 15:09:14, 23.47, 46.82
2019-02-19, 15:09:15, 23.46, 46.85
2019-02-19, 15:09:16, 23.47, 46.95
2019-02-19, 15:09:18, 23.46, 46.92
2019-02-19, 15:09:19, 23.46, 46.92
2019-02-19, 15:09:20, 23.47, 46.85
2019-02-19, 15:09:22, 23.48, 46.89
2019-02-19, 15:09:23, 23.47, 46.92
2019-02-19, 15:09:24, 23.48, 46.92
2019-02-19, 15:09:26, 23.48, 46.98
2019-02-19, 15:09:27, 23.48, 46.98
2019-02-19, 15:09:28, 23.47, 46.95
2019-02-19, 15:09:30, 23.46, 46.88
2019-02-19, 15:09:31, 23.46, 46.85
2019-02-19, 15:09:33, 23.47, 46.82
2019-02-19, 15:09:34, 23.46, 46.79
2019-02-19, 15:09:35, 23.46, 46.79
2019-02-19, 15:09:37, 23.47, 46.85
2019-02-19, 15:09:38, 23.45, 46.85
2019-02-19, 15:09:39, 23.46, 46.85
2019-02-19, 15:09:41, 23.46, 46.82
2019-02-19, 15:09:42, 23.47, 46.79
2019-02-19, 15:09:43, 23.45, 46.79
2019-02-19, 15:09:45, 23.47, 46.76
2019-02-19, 15:09:46, 23.46, 46.72
2019-02-19, 15:09:47, 23.46, 46.72
2019-02-19, 15:09:49, 23.47, 46.73
2019-02-19, 15:09:50, 23.46, 46.72
2019-02-19, 15:09:51, 23.46, 46.72
2019-02-19, 15:09:53, 23.47, 46.73
2019-02-19, 15:09:54, 23.48, 46.73
2019-02-19, 15:09:56, 23.47, 46.73
2019-02-19, 15:09:57, 23.47, 46.76
2019-02-19, 15:09:58, 23.47, 46.76
2019-02-19, 15:10:00, 23.48, 46.73
2019-02-19, 15:10:01, 23.47, 46.73
2019-02-19, 15:10:02, 23.48, 46.73
2019-02-19, 15:10:04, 23.48, 46.73
2019-02-19, 15:10:05, 23.49, 46.73
2019-02-19, 15:10:06, 23.48, 46.73
2019-02-19, 15:10:08, 23.5, 46.73
2019-02-19, 15:10:09, 23.49, 46.7
2019-02-19, 15:10:10, 23.5, 46.66
2019-02-19, 15:10:12, 23.5, 46.66
2019-02-19, 15:10:13, 23.5, 46.66
2019-02-19, 15:10:15, 23.5, 46.63
2019-02-19, 15:10:16, 23.52, 46.67
2019-02-19, 15:10:17, 23.51, 46.67
2019-02-19, 15:10:19, 23.51, 46.67
2019-02-19, 15:10:20, 23.51, 46.67
2019-02-19, 15:10:21, 23.51, 46.67
2019-02-19, 15:10:23, 23.52, 46.64
2019-02-19, 15:10:24, 23.52, 46.6
2019-02-19, 15:10:25, 23.41, 46.59
2019-02-19, 15:10:27, 23.49, 46.63
2019-02-19, 15:10:28, 23.5, 46.6
2019-02-19, 15:10:29, 23.54, 46.61
2019-02-19, 15:10:31, 23.52, 46.6
2019-02-19, 15:10:32, 23.54, 46.57
2019-02-19, 15:10:34, 23.54, 46.54
2019-02-19, 15:10:35, 23.54, 46.57
2019-02-19, 15:10:36, 23.56, 46.58
2019-02-19, 15:10:38, 23.55, 46.57
2019-02-19, 15:10:39, 23.56, 46.54
2019-02-19, 15:10:40, 23.55, 46.54
2019-02-19, 15:10:42, 23.54, 46.54
2019-02-19, 15:10:43, 23.56, 46.54
2019-02-19, 15:10:44, 23.56, 46.54
2019-02-19, 15:10:46, 23.56, 46.54
2019-02-19, 15:10:47, 23.56, 46.51
2019-02-19, 15:10:48, 23.57, 46.51
2019-02-19, 15:10:50, 23.56, 46.48
2019-02-19, 15:10:51, 23.57, 46.48
2019-02-19, 15:10:53, 23.58, 46.48
2019-02-19, 15:10:54, 23.58, 46.48
2019-02-19, 15:10:55, 23.59, 46.48
2019-02-19, 15:10:57, 23.58, 46.48
2019-02-19, 15:10:58, 23.58, 46.45
2019-02-19, 15:10:59, 23.59, 46.45
2019-02-19, 15:11:01, 23.58, 46.45
2019-02-19, 15:11:02, 23.58, 46.48
2019-02-19, 15:11:03, 23.58, 46.48
2019-02-19, 15:11:05, 23.59, 46.48
2019-02-19, 15:11:06, 23.6, 46.48
2019-02-19, 15:11:07, 23.61, 46.45
2019-02-19, 15:11:09, 23.61, 46.45
2019-02-19, 15:11:10, 23.61, 46.45
2019-02-19, 15:11:11, 23.61, 46.42
2019-02-19, 15:11:13, 23.61, 46.42
2019-02-19, 15:11:14, 23.6, 46.42
2019-02-19, 15:11:16, 23.61, 46.39
2019-02-19, 15:11:17, 23.62, 46.39
2019-02-19, 15:11:18, 23.6, 46.36
2019-02-19, 15:11:20, 23.61, 46.36
2019-02-19, 15:11:21, 23.61, 46.39
2019-02-19, 15:11:22, 23.63, 46.36
2019-02-19, 15:11:24, 23.65, 46.36
2019-02-19, 15:11:25, 23.64, 46.36
2019-02-19, 15:11:26, 23.63, 46.36
2019-02-19, 15:11:28, 23.62, 46.36
2019-02-19, 15:11:29, 23.64, 46.33
2019-02-19, 15:11:30, 23.64, 46.33
2019-02-19, 15:11:32, 23.65, 46.3
2019-02-19, 15:11:33, 23.65, 46.3
2019-02-19, 15:11:34, 23.65, 46.3
2019-02-19, 15:11:36, 23.66, 46.27
2019-02-19, 15:11:37, 23.66, 46.27
2019-02-19, 15:11:39, 23.66, 46.27
2019-02-19, 15:11:40, 23.67, 46.27
2019-02-19, 15:11:41, 23.67, 46.3
2019-02-19, 15:11:43, 23.66, 46.27
2019-02-19, 15:11:44, 23.66, 46.27
2019-02-19, 15:11:45, 23.65, 46.23
2019-02-19, 15:11:47, 23.63, 46.3
2019-02-19, 15:11:48, 23.64, 46.3
2019-02-19, 15:11:49, 23.66, 46.3
2019-02-19, 15:11:51, 23.64, 46.3
2019-02-19, 15:11:52, 23.66, 46.3
2019-02-19, 15:11:53, 23.66, 46.3
2019-02-19, 15:11:55, 23.5, 46.31
2019-02-19, 15:11:56, 23.61, 46.36
2019-02-19, 15:11:58, 23.63, 46.36
2019-02-19, 15:11:59, 23.64, 46.36
2019-02-19, 15:12:00, 23.64, 46.33
2019-02-19, 15:12:02, 23.65, 46.3
2019-02-19, 15:12:03, 23.64, 46.3
2019-02-19, 15:12:04, 23.66, 46.3
2019-02-19, 15:12:06, 23.67, 46.3
2019-02-19, 15:12:07, 23.68, 46.3
2019-02-19, 15:12:08, 23.67, 46.33
2019-02-19, 15:12:10, 23.66, 46.3
2019-02-19, 15:12:11, 23.68, 46.33
2019-02-19, 15:12:12, 23.67, 46.36
2019-02-19, 15:12:14, 23.68, 46.4
2019-02-19, 15:12:15, 23.68, 46.4
2019-02-19, 15:12:17, 23.68, 46.4
2019-02-19, 15:12:18, 23.68, 46.4
2019-02-19, 15:12:19, 23.68, 46.37
2019-02-19, 15:12:21, 23.69, 46.34
2019-02-19, 15:12:22, 23.7, 46.34
2019-02-19, 15:12:23, 23.68, 46.43
2019-02-19, 15:12:25, 23.69, 46.5
2019-02-19, 15:12:26, 23.69, 46.53
2019-02-19, 15:12:27, 23.69, 46.56
2019-02-19, 15:12:29, 23.7, 46.59
2019-02-19, 15:12:30, 23.7, 46.63
2019-02-19, 15:12:32, 23.72, 46.56
2019-02-19, 15:12:33, 23.72, 46.53
2019-02-19, 15:12:34, 23.72, 46.53
2019-02-19, 15:12:36, 23.72, 46.53
2019-02-19, 15:12:37, 23.72, 46.5
2019-02-19, 15:12:38, 23.72, 46.47
2019-02-19, 15:12:40, 23.72, 46.47
2019-02-19, 15:12:41, 23.73, 46.44
2019-02-19, 15:12:42, 23.72, 46.44
2019-02-19, 15:12:44, 23.74, 46.37
2019-02-19, 15:12:45, 23.74, 46.37
2019-02-19, 15:12:46, 23.74, 46.37
2019-02-19, 15:12:48, 23.74, 46.37
2019-02-19, 15:12:49, 23.74, 46.41
2019-02-19, 15:12:51, 23.74, 46.37
2019-02-19, 15:12:52, 23.73, 46.37
2019-02-19, 15:12:53, 23.74, 46.37
2019-02-19, 15:12:55, 23.75, 46.34
2019-02-19, 15:12:56, 23.75, 46.37
2019-02-19, 15:12:57, 23.76, 46.38
2019-02-19, 15:12:59, 23.75, 46.37
2019-02-19, 15:13:00, 23.75, 46.37
2019-02-19, 15:13:01, 23.74, 46.37
2019-02-19, 15:13:03, 23.75, 46.37
2019-02-19, 15:13:04, 23.76, 46.38
2019-02-19, 15:13:05, 23.75, 46.34
2019-02-19, 15:13:07, 23.77, 46.35
2019-02-19, 15:13:08, 23.76, 46.31
2019-02-19, 15:13:09, 23.76, 46.31
2019-02-19, 15:13:11, 23.76, 46.31
2019-02-19, 15:13:12, 23.77, 46.28
2019-02-19, 15:13:14, 23.76, 46.28
2019-02-19, 15:13:15, 23.76, 46.31
2019-02-19, 15:13:16, 23.76, 46.31
2019-02-19, 15:13:18, 23.74, 46.31
2019-02-19, 15:13:19, 23.76, 46.31
2019-02-19, 15:13:20, 23.76, 46.31
2019-02-19, 15:13:22, 23.76, 46.31
2019-02-19, 15:13:23, 23.73, 46.31
2019-02-19, 15:13:24, 23.75, 46.34
2019-02-19, 15:13:26, 23.75, 46.34
2019-02-19, 15:13:27, 23.75, 46.34
2019-02-19, 15:13:29, 23.65, 46.36
2019-02-19, 15:13:30, 23.73, 46.37
2019-02-19, 15:13:31, 23.76, 46.41
2019-02-19, 15:13:33, 23.75, 46.41
2019-02-19, 15:13:34, 23.75, 46.37
2019-02-19, 15:13:35, 23.76, 46.38
2019-02-19, 15:13:37, 23.76, 46.41
2019-02-19, 15:13:38, 23.77, 46.38
2019-02-19, 15:13:39, 23.76, 46.38
2019-02-19, 15:13:41, 23.77, 46.38
2019-02-19, 15:13:42, 23.77, 46.38
2019-02-19, 15:13:43, 23.78, 46.38
2019-02-19, 15:13:45, 23.77, 46.38
2019-02-19, 15:13:46, 23.78, 46.31
2019-02-19, 15:13:48, 23.77, 46.35
2019-02-19, 15:13:49, 23.78, 46.35
2019-02-19, 15:13:50, 23.77, 46.31
2019-02-19, 15:13:52, 23.78, 46.31
2019-02-19, 15:13:53, 23.71, 46.34
2019-02-19, 15:13:54, 23.77, 46.35
2019-02-19, 15:13:56, 23.77, 46.31
2019-02-19, 15:13:57, 23.79, 46.32
2019-02-19, 15:13:58, 23.79, 46.32
2019-02-19, 15:14:00, 23.78, 46.31
2019-02-19, 15:14:01, 23.77, 46.28
2019-02-19, 15:14:02, 23.78, 46.28
2019-02-19, 15:14:04, 23.78, 46.28
2019-02-19, 15:14:05, 23.78, 46.25
2019-02-19, 15:14:06, 23.78, 46.28
2019-02-19, 15:14:08, 23.78, 46.28
2019-02-19, 15:14:09, 23.79, 46.25
2019-02-19, 15:14:11, 23.79, 46.25
2019-02-19, 15:14:12, 23.79, 46.25
2019-02-19, 15:14:13, 23.78, 46.25
2019-02-19, 15:14:15, 23.79, 46.22
2019-02-19, 15:14:16, 23.79, 46.22
2019-02-19, 15:14:17, 23.8, 46.22
2019-02-19, 15:14:19, 23.8, 46.22
2019-02-19, 15:14:20, 23.79, 46.19
2019-02-19, 15:14:21, 23.8, 46.19
2019-02-19, 15:14:23, 23.81, 46.19
2019-02-19, 15:14:24, 23.8, 46.19
2019-02-19, 15:14:25, 23.8, 46.19
2019-02-19, 15:14:27, 23.8, 46.19
2019-02-19, 15:14:28, 23.79, 46.19
2019-02-19, 15:14:30, 23.81, 46.16
2019-02-19, 15:14:31, 23.82, 46.13
2019-02-19, 15:14:32, 23.81, 46.16
2019-02-19, 15:14:34, 23.81, 46.13
2019-02-19, 15:14:35, 23.81, 46.13
2019-02-19, 15:14:36, 23.8, 46.12
2019-02-19, 15:14:38, 23.8, 46.12
2019-02-19, 15:14:39, 23.8, 46.12
2019-02-19, 15:14:40, 23.8, 46.12
2019-02-19, 15:14:42, 23.8, 46.09
2019-02-19, 15:14:43, 23.8, 46.09
2019-02-19, 15:14:44, 23.78, 46.06
2019-02-19, 15:14:46, 23.8, 46.06
2019-02-19, 15:14:47, 23.81, 46.06
2019-02-19, 15:14:48, 23.81, 46.06
2019-02-19, 15:14:50, 23.82, 46.06
2019-02-19, 15:14:51, 23.81, 46.06
2019-02-19, 15:14:53, 23.69, 46.05
2019-02-19, 15:14:54, 23.77, 46.12
2019-02-19, 15:14:55, 23.78, 46.12
2019-02-19, 15:14:57, 23.79, 46.12
2019-02-19, 15:14:58, 23.8, 46.12
2019-02-19, 15:14:59, 23.8, 46.09
2019-02-19, 15:15:01, 23.8, 46.09
2019-02-19, 15:15:02, 23.8, 46.09
2019-02-19, 15:15:03, 23.8, 46.06
2019-02-19, 15:15:05, 23.8, 46.09
2019-02-19, 15:15:06, 23.8, 46.09
2019-02-19, 15:15:07, 23.8, 46.06
2019-02-19, 15:15:09, 23.8, 46.09
2019-02-19, 15:15:10, 23.81, 46.09
2019-02-19, 15:15:11, 23.82, 46.09
2019-02-19, 15:15:13, 23.81, 46.09
2019-02-19, 15:15:14, 23.81, 46.09
2019-02-19, 15:15:16, 23.8, 46.06
2019-02-19, 15:15:17, 23.81, 46.06
2019-02-19, 15:15:18, 23.82, 46.06
2019-02-19, 15:15:20, 23.81, 46.06
2019-02-19, 15:15:21, 23.82, 46.06
2019-02-19, 15:15:22, 23.8, 46.06
2019-02-19, 15:15:24, 23.8, 46.06
2019-02-19, 15:15:25, 23.82, 46.06
2019-02-19, 15:15:26, 23.82, 46.06
2019-02-19, 15:15:28, 23.82, 46.06
2019-02-19, 15:15:29, 23.83, 46.03
2019-02-19, 15:15:30, 23.81, 46.03
2019-02-19, 15:15:32, 23.83, 46.03
2019-02-19, 15:15:33, 23.82, 46.03
2019-02-19, 15:15:35, 23.82, 46.03
2019-02-19, 15:15:36, 23.82, 46.0
2019-02-19, 15:15:37, 23.84, 46.0
2019-02-19, 15:15:39, 23.84, 46.0
2019-02-19, 15:15:40, 23.82, 46.0
2019-02-19, 15:15:41, 23.82, 46.0
2019-02-19, 15:15:43, 23.82, 46.03
2019-02-19, 15:15:44, 23.82, 46.03
2019-02-19, 15:15:45, 23.82, 46.03
2019-02-19, 15:15:47, 23.82, 46.03
2019-02-19, 15:15:48, 23.82, 46.03
2019-02-19, 15:15:49, 23.82, 46.03
2019-02-19, 15:15:51, 23.82, 46.0
2019-02-19, 15:15:52, 23.83, 46.03
2019-02-19, 15:15:53, 23.82, 46.06
2019-02-19, 15:15:55, 23.84, 46.06
2019-02-19, 15:15:56, 23.82, 46.03
2019-02-19, 15:15:58, 23.84, 46.06
2019-02-19, 15:15:59, 23.82, 46.06
2019-02-19, 15:16:00, 23.83, 46.03
2019-02-19, 15:16:02, 23.83, 46.03
2019-02-19, 15:16:03, 23.83, 46.03
2019-02-19, 15:16:04, 23.83, 46.0
2019-02-19, 15:16:06, 23.83, 46.03
2019-02-19, 15:16:07, 23.83, 46.0
2019-02-19, 15:16:08, 23.84, 46.03
2019-02-19, 15:16:10, 23.83, 46.0
2019-02-19, 15:16:11, 23.83, 46.0
2019-02-19, 15:16:12, 23.84, 46.0
2019-02-19, 15:16:14, 23.84, 46.0
2019-02-19, 15:16:15, 23.84, 46.0
2019-02-19, 15:16:16, 23.84, 46.0
2019-02-19, 15:16:18, 23.84, 46.0
2019-02-19, 15:16:19, 23.84, 46.03
2019-02-19, 15:16:21, 23.84, 46.03
2019-02-19, 15:16:22, 23.83, 46.03
2019-02-19, 15:16:23, 23.83, 46.03
2019-02-19, 15:16:25, 23.83, 46.06
2019-02-19, 15:16:26, 23.83, 46.06
2019-02-19, 15:16:27, 23.84, 46.06
2019-02-19, 15:16:29, 23.84, 46.06
2019-02-19, 15:16:30, 23.83, 46.06
2019-02-19, 15:16:31, 23.84, 46.06
2019-02-19, 15:16:33, 23.84, 46.06
2019-02-19, 15:16:34, 23.84, 46.06
2019-02-19, 15:16:35, 23.84, 46.06
2019-02-19, 15:16:37, 23.84, 46.06
2019-02-19, 15:16:38, 23.84, 46.06
2019-02-19, 15:16:40, 23.85, 46.03
2019-02-19, 15:16:41, 23.85, 46.03
2019-02-19, 15:16:42, 23.86, 46.0
2019-02-19, 15:16:44, 23.84, 46.03
2019-02-19, 15:16:45, 23.84, 46.0
2019-02-19, 15:16:46, 23.85, 46.0
2019-02-19, 15:16:48, 23.85, 46.0
2019-02-19, 15:16:49, 23.85, 46.0
2019-02-19, 15:16:50, 23.86, 46.0
2019-02-19, 15:16:52, 23.85, 46.0
2019-02-19, 15:16:53, 23.87, 46.0
2019-02-19, 15:16:54, 23.85, 45.97
2019-02-19, 15:16:56, 23.86, 45.97
2019-02-19, 15:16:57, 23.86, 45.97
2019-02-19, 15:16:58, 23.84, 45.94
2019-02-19, 15:17:00, 23.84, 45.97
2019-02-19, 15:17:01, 23.84, 46.0
2019-02-19, 15:17:03, 23.84, 46.0
2019-02-19, 15:17:04, 23.83, 45.97
2019-02-19, 15:17:05, 23.84, 45.97
2019-02-19, 15:17:07, 23.84, 45.97
2019-02-19, 15:17:08, 23.84, 45.97
2019-02-19, 15:17:09, 23.84, 45.94
2019-02-19, 15:17:11, 23.84, 45.97
2019-02-19, 15:17:12, 23.84, 45.97
2019-02-19, 15:17:13, 23.84, 45.94
2019-02-19, 15:17:15, 23.85, 45.97
2019-02-19, 15:17:16, 23.85, 45.94
2019-02-19, 15:17:17, 23.85, 45.94
2019-02-19, 15:17:19, 23.86, 45.97
2019-02-19, 15:17:20, 23.85, 45.97
2019-02-19, 15:17:22, 23.84, 45.97
2019-02-19, 15:17:23, 23.84, 45.94
2019-02-19, 15:17:24, 23.84, 45.94
2019-02-19, 15:17:26, 23.84, 45.94
2019-02-19, 15:17:27, 23.85, 45.94
2019-02-19, 15:17:28, 23.86, 45.94
2019-02-19, 15:17:30, 23.85, 45.94
2019-02-19, 15:17:31, 23.85, 45.94
2019-02-19, 15:17:32, 23.86, 45.94
2019-02-19, 15:17:34, 23.86, 45.94
2019-02-19, 15:17:35, 23.86, 45.94
2019-02-19, 15:17:36, 23.86, 45.94
2019-02-19, 15:17:38, 23.85, 45.94
2019-02-19, 15:17:39, 23.84, 45.94
2019-02-19, 15:17:40, 23.85, 45.94
2019-02-19, 15:17:42, 23.85, 45.97
2019-02-19, 15:17:43, 23.85, 45.97
2019-02-19, 15:17:45, 23.84, 45.97
2019-02-19, 15:17:46, 23.85, 45.97
2019-02-19, 15:17:47, 23.84, 46.0
2019-02-19, 15:17:49, 23.85, 46.0
2019-02-19, 15:17:50, 23.84, 46.0
2019-02-19, 15:17:51, 23.84, 46.0
2019-02-19, 15:17:53, 23.84, 46.0
2019-02-19, 15:17:54, 23.85, 46.0
2019-02-19, 15:17:55, 23.84, 46.0
2019-02-19, 15:17:57, 23.84, 46.0
2019-02-19, 15:17:58, 23.85, 46.0
2019-02-19, 15:17:59, 23.86, 46.0
2019-02-19, 15:18:01, 23.85, 46.0
2019-02-19, 15:18:02, 23.86, 46.0
2019-02-19, 15:18:04, 23.85, 45.97
2019-02-19, 15:18:05, 23.86, 45.97
2019-02-19, 15:18:06, 23.85, 45.97
2019-02-19, 15:18:08, 23.84, 45.97
2019-02-19, 15:18:09, 23.86, 45.97
2019-02-19, 15:18:10, 23.85, 45.94
2019-02-19, 15:18:12, 23.85, 45.94
2019-02-19, 15:18:13, 23.85, 45.94
2019-02-19, 15:18:14, 23.85, 45.9
2019-02-19, 15:18:16, 23.86, 45.91
2019-02-19, 15:18:17, 23.85, 45.9
2019-02-19, 15:18:18, 23.84, 45.9
2019-02-19, 15:18:20, 23.85, 45.9
2019-02-19, 15:18:21, 23.86, 45.94
2019-02-19, 15:18:22, 23.86, 45.94
2019-02-19, 15:18:24, 23.86, 45.94
2019-02-19, 15:18:25, 23.86, 45.94
2019-02-19, 15:18:27, 23.86, 45.94
2019-02-19, 15:18:28, 23.86, 45.87
2019-02-19, 15:18:29, 23.86, 45.91
2019-02-19, 15:18:31, 23.86, 45.94
2019-02-19, 15:18:32, 23.86, 45.91
2019-02-19, 15:18:33, 23.87, 45.94
2019-02-19, 15:18:35, 23.86, 45.91
2019-02-19, 15:18:36, 23.88, 45.91
2019-02-19, 15:18:37, 23.88, 45.94
2019-02-19, 15:18:39, 23.87, 45.91
2019-02-19, 15:18:40, 23.87, 45.91
2019-02-19, 15:18:41, 23.88, 45.91
2019-02-19, 15:18:43, 23.88, 45.88
2019-02-19, 15:18:44, 23.87, 45.88
2019-02-19, 15:18:45, 23.88, 45.88
2019-02-19, 15:18:47, 23.87, 45.88
2019-02-19, 15:18:48, 23.86, 45.87
2019-02-19, 15:18:50, 23.87, 45.88
2019-02-19, 15:18:51, 23.88, 45.88
2019-02-19, 15:18:52, 23.88, 45.88
2019-02-19, 15:18:54, 23.86, 45.87
2019-02-19, 15:18:55, 23.88, 45.88
2019-02-19, 15:18:56, 23.88, 45.84
2019-02-19, 15:18:58, 23.88, 45.88
2019-02-19, 15:18:59, 23.88, 45.88
2019-02-19, 15:19:00, 23.88, 45.88
2019-02-19, 15:19:02, 23.89, 45.88
2019-02-19, 15:19:03, 23.89, 45.85
2019-02-19, 15:19:04, 23.88, 45.88
2019-02-19, 15:19:06, 23.89, 45.85
2019-02-19, 15:19:07, 23.88, 45.81
2019-02-19, 15:19:09, 23.88, 45.84
2019-02-19, 15:19:10, 23.87, 45.84
2019-02-19, 15:19:11, 23.88, 45.88
2019-02-19, 15:19:13, 23.89, 45.85
2019-02-19, 15:19:14, 23.88, 45.84
2019-02-19, 15:19:15, 23.88, 45.88
2019-02-19, 15:19:17, 23.89, 45.85
2019-02-19, 15:19:18, 23.9, 45.85
2019-02-19, 15:19:19, 23.9, 45.85
2019-02-19, 15:19:21, 23.9, 45.85
2019-02-19, 15:19:22, 23.9, 45.81
2019-02-19, 15:19:23, 23.9, 45.81
2019-02-19, 15:19:25, 23.89, 45.81
2019-02-19, 15:19:26, 23.9, 45.81
2019-02-19, 15:19:27, 23.89, 45.81
2019-02-19, 15:19:29, 23.9, 45.81
2019-02-19, 15:19:30, 23.9, 45.81
2019-02-19, 15:19:32, 23.9, 45.81
2019-02-19, 15:19:33, 23.89, 45.81
2019-02-19, 15:19:34, 23.91, 45.82
2019-02-19, 15:19:36, 23.89, 45.81
2019-02-19, 15:19:37, 23.9, 45.81
2019-02-19, 15:19:38, 23.91, 45.82
2019-02-19, 15:19:40, 23.92, 45.82
2019-02-19, 15:19:41, 23.92, 45.78
2019-02-19, 15:19:42, 23.92, 45.78
2019-02-19, 15:19:44, 23.91, 45.82
2019-02-19, 15:19:45, 23.91, 45.78
2019-02-19, 15:19:46, 23.93, 45.79
2019-02-19, 15:19:48, 23.92, 45.75
2019-02-19, 15:19:49, 23.83, 45.77
2019-02-19, 15:19:50, 23.9, 45.81
2019-02-19, 15:19:52, 23.9, 45.81
2019-02-19, 15:19:53, 23.92, 45.78
2019-02-19, 15:19:55, 23.93, 45.82
2019-02-19, 15:19:56, 23.92, 45.78
2019-02-19, 15:19:57, 23.92, 45.78
2019-02-19, 15:19:59, 23.92, 45.82
2019-02-19, 15:20:00, 23.92, 45.78
2019-02-19, 15:20:01, 23.94, 45.79
2019-02-19, 15:20:03, 23.93, 45.75
2019-02-19, 15:20:04, 23.94, 45.76
2019-02-19, 15:20:05, 23.94, 45.76
2019-02-19, 15:20:07, 23.95, 45.76
2019-02-19, 15:20:08, 23.94, 45.76
2019-02-19, 15:20:09, 23.94, 45.76
2019-02-19, 15:20:11, 23.94, 45.76
2019-02-19, 15:20:12, 23.94, 45.76
2019-02-19, 15:20:14, 23.93, 45.75
2019-02-19, 15:20:15, 23.94, 45.72
2019-02-19, 15:20:16, 23.96, 45.73
2019-02-19, 15:20:18, 23.95, 45.76
2019-02-19, 15:20:19, 23.94, 45.76
2019-02-19, 15:20:20, 23.94, 45.76
2019-02-19, 15:20:22, 23.94, 45.76
2019-02-19, 15:20:23, 23.94, 45.72
2019-02-19, 15:20:24, 23.95, 45.69
2019-02-19, 15:20:26, 23.96, 45.69
2019-02-19, 15:20:27, 23.96, 45.69
2019-02-19, 15:20:28, 23.96, 45.69
2019-02-19, 15:20:30, 23.96, 45.69
2019-02-19, 15:20:31, 23.97, 45.69
2019-02-19, 15:20:32, 23.96, 45.69
2019-02-19, 15:20:34, 23.95, 45.69
2019-02-19, 15:20:35, 23.96, 45.69
2019-02-19, 15:20:37, 23.97, 45.66
2019-02-19, 15:20:38, 23.96, 45.66
2019-02-19, 15:20:39, 23.97, 45.66
2019-02-19, 15:20:41, 23.98, 45.66
2019-02-19, 15:20:42, 23.98, 45.66
2019-02-19, 15:20:43, 23.98, 45.63
2019-02-19, 15:20:45, 23.98, 45.66
2019-02-19, 15:20:46, 23.98, 45.63
2019-02-19, 15:20:47, 23.98, 45.63
2019-02-19, 15:20:49, 23.97, 45.63
2019-02-19, 15:20:50, 23.97, 45.63
2019-02-19, 15:20:51, 23.97, 45.63
2019-02-19, 15:20:53, 23.98, 45.63
2019-02-19, 15:20:54, 23.97, 45.63
2019-02-19, 15:20:55, 23.98, 45.63
2019-02-19, 15:20:57, 23.99, 45.63
2019-02-19, 15:20:58, 23.98, 45.63
2019-02-19, 15:21:00, 23.99, 45.63
2019-02-19, 15:21:01, 23.98, 45.63
2019-02-19, 15:21:02, 23.99, 45.63
2019-02-19, 15:21:04, 23.98, 45.63
2019-02-19, 15:21:05, 23.97, 45.63
2019-02-19, 15:21:06, 23.98, 45.63
2019-02-19, 15:21:08, 23.98, 45.6
2019-02-19, 15:21:09, 23.98, 45.6
2019-02-19, 15:21:10, 23.99, 45.6
2019-02-19, 15:21:12, 23.97, 45.6
2019-02-19, 15:21:13, 23.98, 45.6
2019-02-19, 15:21:14, 23.97, 45.6
2019-02-19, 15:21:16, 23.98, 45.63
2019-02-19, 15:21:17, 23.97, 45.6
2019-02-19, 15:21:19, 23.82, 45.61
2019-02-19, 15:21:20, 23.92, 45.69
2019-02-19, 15:21:21, 23.94, 45.69
2019-02-19, 15:21:23, 23.95, 45.69
2019-02-19, 15:21:24, 23.96, 45.66
2019-02-19, 15:21:25, 23.97, 45.66
2019-02-19, 15:21:27, 23.96, 45.66
2019-02-19, 15:21:28, 23.98, 45.63
2019-02-19, 15:21:29, 23.98, 45.63
2019-02-19, 15:21:31, 23.98, 45.6
2019-02-19, 15:21:32, 23.99, 45.6
2019-02-19, 15:21:33, 23.97, 45.6
2019-02-19, 15:21:35, 23.98, 45.57
2019-02-19, 15:21:36, 23.98, 45.57
2019-02-19, 15:21:38, 23.98, 45.57
2019-02-19, 15:21:39, 23.97, 45.57
2019-02-19, 15:21:40, 23.98, 45.57
2019-02-19, 15:21:42, 23.97, 45.57
2019-02-19, 15:21:43, 23.98, 45.57
2019-02-19, 15:21:44, 23.98, 45.57
2019-02-19, 15:21:46, 23.98, 45.57
2019-02-19, 15:21:47, 24.0, 45.57
2019-02-19, 15:21:48, 23.98, 45.57
2019-02-19, 15:21:50, 24.0, 45.57
2019-02-19, 15:21:51, 23.99, 45.57
2019-02-19, 15:21:52, 24.0, 45.54
2019-02-19, 15:21:54, 23.99, 45.57
2019-02-19, 15:21:55, 24.0, 45.57
2019-02-19, 15:21:57, 24.0, 45.57
2019-02-19, 15:21:58, 23.99, 45.57
2019-02-19, 15:21:59, 24.0, 45.57
2019-02-19, 15:22:01, 24.0, 45.54
2019-02-19, 15:22:02, 24.0, 45.54
2019-02-19, 15:22:03, 23.99, 45.5
2019-02-19, 15:22:05, 24.0, 45.54
2019-02-19, 15:22:06, 24.0, 45.54
2019-02-19, 15:22:07, 24.0, 45.5
2019-02-19, 15:22:09, 24.01, 45.54
2019-02-19, 15:22:10, 24.0, 45.54
2019-02-19, 15:22:11, 24.0, 45.54
2019-02-19, 15:22:13, 24.0, 45.54
2019-02-19, 15:22:14, 23.99, 45.57
2019-02-19, 15:22:15, 24.01, 45.54
2019-02-19, 15:22:17, 24.01, 45.54
2019-02-19, 15:22:18, 24.0, 45.5
2019-02-19, 15:22:20, 24.0, 45.54
2019-02-19, 15:22:21, 24.0, 45.5
2019-02-19, 15:22:22, 24.01, 45.54
2019-02-19, 15:22:24, 24.01, 45.54
2019-02-19, 15:22:25, 24.0, 45.54
2019-02-19, 15:22:26, 24.0, 45.54
2019-02-19, 15:22:28, 24.0, 45.54
2019-02-19, 15:22:29, 24.0, 45.57
2019-02-19, 15:22:30, 24.0, 45.57
2019-02-19, 15:22:32, 23.99, 45.57
2019-02-19, 15:22:33, 23.99, 45.57
2019-02-19, 15:22:34, 23.99, 45.54
2019-02-19, 15:22:36, 23.99, 45.5
2019-02-19, 15:22:37, 23.98, 45.5
2019-02-19, 15:22:38, 23.98, 45.5
2019-02-19, 15:22:40, 24.0, 45.47
2019-02-19, 15:22:41, 24.0, 45.5
2019-02-19, 15:22:43, 23.98, 45.5
2019-02-19, 15:22:44, 23.98, 45.5
2019-02-19, 15:22:45, 23.98, 45.5
2019-02-19, 15:22:47, 23.99, 45.5
2019-02-19, 15:22:48, 23.98, 45.5
2019-02-19, 15:22:49, 23.97, 45.5
2019-02-19, 15:22:51, 23.96, 45.5
2019-02-19, 15:22:52, 23.97, 45.5
2019-02-19, 15:22:53, 23.98, 45.5
2019-02-19, 15:22:55, 23.97, 45.5
2019-02-19, 15:22:56, 23.97, 45.5
2019-02-19, 15:22:57, 23.96, 45.5
2019-02-19, 15:22:59, 23.98, 45.5
2019-02-19, 15:23:00, 23.97, 45.5
2019-02-19, 15:23:02, 23.98, 45.5
2019-02-19, 15:23:03, 23.97, 45.5
2019-02-19, 15:23:04, 23.96, 45.5
2019-02-19, 15:23:06, 23.97, 45.5
2019-02-19, 15:23:07, 23.97, 45.53
2019-02-19, 15:23:08, 23.97, 45.5
2019-02-19, 15:23:10, 23.96, 45.53
2019-02-19, 15:23:11, 23.96, 45.56
2019-02-19, 15:23:12, 23.96, 45.56
2019-02-19, 15:23:14, 23.96, 45.56
2019-02-19, 15:23:15, 23.98, 45.57
2019-02-19, 15:23:16, 23.96, 45.56
2019-02-19, 15:23:18, 23.98, 45.6
2019-02-19, 15:23:19, 23.97, 45.57
2019-02-19, 15:23:21, 23.97, 45.57
2019-02-19, 15:23:22, 23.97, 45.57
2019-02-19, 15:23:23, 23.97, 45.57
2019-02-19, 15:23:25, 23.96, 45.56
2019-02-19, 15:23:26, 23.97, 45.57
2019-02-19, 15:23:27, 23.97, 45.57
2019-02-19, 15:23:29, 23.96, 45.56
2019-02-19, 15:23:30, 23.96, 45.56
2019-02-19, 15:23:31, 23.97, 45.57
2019-02-19, 15:23:33, 23.96, 45.6
2019-02-19, 15:23:34, 23.95, 45.6
2019-02-19, 15:23:35, 23.96, 45.6
2019-02-19, 15:23:37, 23.97, 45.57
2019-02-19, 15:23:38, 23.97, 45.57
2019-02-19, 15:23:39, 23.95, 45.56
2019-02-19, 15:23:41, 23.96, 45.6
2019-02-19, 15:23:42, 23.96, 45.56
2019-02-19, 15:23:44, 23.96, 45.56
2019-02-19, 15:23:45, 23.94, 45.56
2019-02-19, 15:23:46, 23.95, 45.56
2019-02-19, 15:23:48, 23.96, 45.56
2019-02-19, 15:23:49, 23.96, 45.56
2019-02-19, 15:23:50, 23.96, 45.56
2019-02-19, 15:23:52, 23.96, 45.56
2019-02-19, 15:23:53, 23.96, 45.56
2019-02-19, 15:23:54, 23.95, 45.56
2019-02-19, 15:23:56, 23.96, 45.56
2019-02-19, 15:23:57, 23.96, 45.56
2019-02-19, 15:23:58, 23.95, 45.56
2019-02-19, 15:24:00, 23.95, 45.56
2019-02-19, 15:24:01, 23.96, 45.6
2019-02-19, 15:24:03, 23.95, 45.56
2019-02-19, 15:24:04, 23.95, 45.56
2019-02-19, 15:24:05, 23.95, 45.56
2019-02-19, 15:24:07, 23.95, 45.56
2019-02-19, 15:24:08, 23.95, 45.56
2019-02-19, 15:24:09, 23.94, 45.56
2019-02-19, 15:24:11, 23.94, 45.53
2019-02-19, 15:24:12, 23.95, 45.53
2019-02-19, 15:24:13, 23.94, 45.56
2019-02-19, 15:24:15, 23.96, 45.56
2019-02-19, 15:24:16, 23.85, 45.55
2019-02-19, 15:24:17, 23.92, 45.59
2019-02-19, 15:24:19, 23.95, 45.63
2019-02-19, 15:24:20, 23.96, 45.6
2019-02-19, 15:24:22, 23.95, 45.56
2019-02-19, 15:24:23, 23.96, 45.6
2019-02-19, 15:24:24, 23.95, 45.6
2019-02-19, 15:24:26, 23.95, 45.6
2019-02-19, 15:24:27, 23.95, 45.56
2019-02-19, 15:24:28, 23.96, 45.56
2019-02-19, 15:24:30, 23.96, 45.56
2019-02-19, 15:24:31, 23.97, 45.57
2019-02-19, 15:24:32, 23.95, 45.56
2019-02-19, 15:24:34, 23.96, 45.56
2019-02-19, 15:24:35, 23.95, 45.56
2019-02-19, 15:24:36, 23.96, 45.56
2019-02-19, 15:24:38, 23.95, 45.56
2019-02-19, 15:24:39, 23.97, 45.57
2019-02-19, 15:24:41, 23.97, 45.57
2019-02-19, 15:24:42, 23.96, 45.56
2019-02-19, 15:24:43, 23.96, 45.53
2019-02-19, 15:24:45, 23.96, 45.56
2019-02-19, 15:24:46, 23.95, 45.56
2019-02-19, 15:24:47, 23.94, 45.56
2019-02-19, 15:24:49, 23.94, 45.56
2019-02-19, 15:24:50, 23.95, 45.53
2019-02-19, 15:24:51, 23.96, 45.56
2019-02-19, 15:24:53, 23.94, 45.56
2019-02-19, 15:24:54, 23.94, 45.56
2019-02-19, 15:24:55, 23.93, 45.53
2019-02-19, 15:24:57, 23.93, 45.56
2019-02-19, 15:24:58, 23.95, 45.53
2019-02-19, 15:25:00, 23.94, 45.56
2019-02-19, 15:25:01, 23.94, 45.56
2019-02-19, 15:25:02, 23.94, 45.56
2019-02-19, 15:25:04, 23.94, 45.56
2019-02-19, 15:25:05, 23.94, 45.56
2019-02-19, 15:25:06, 23.94, 45.56
2019-02-19, 15:25:08, 23.92, 45.56
2019-02-19, 15:25:09, 23.94, 45.56
2019-02-19, 15:25:10, 23.92, 45.56
2019-02-19, 15:25:12, 23.93, 45.56
2019-02-19, 15:25:13, 23.92, 45.56
2019-02-19, 15:25:14, 23.93, 45.56
2019-02-19, 15:25:16, 23.92, 45.56
2019-02-19, 15:25:17, 23.94, 45.56
2019-02-19, 15:25:18, 23.94, 45.56
2019-02-19, 15:25:20, 23.94, 45.56
2019-02-19, 15:25:21, 23.94, 45.53
2019-02-19, 15:25:23, 23.94, 45.56
2019-02-19, 15:25:24, 23.94, 45.53
2019-02-19, 15:25:25, 23.94, 45.56
2019-02-19, 15:25:27, 23.94, 45.53
2019-02-19, 15:25:28, 23.94, 45.5
2019-02-19, 15:25:29, 23.94, 45.53
2019-02-19, 15:25:31, 23.93, 45.5
2019-02-19, 15:25:32, 23.93, 45.53
2019-02-19, 15:25:33, 23.93, 45.5
2019-02-19, 15:25:35, 23.92, 45.5
2019-02-19, 15:25:36, 23.94, 45.53
2019-02-19, 15:25:37, 23.93, 45.53
2019-02-19, 15:25:39, 23.93, 45.5
2019-02-19, 15:25:40, 23.94, 45.53
2019-02-19, 15:25:42, 23.94, 45.5
2019-02-19, 15:25:43, 23.94, 45.53
2019-02-19, 15:25:44, 23.94, 45.53
2019-02-19, 15:25:46, 23.93, 45.53
2019-02-19, 15:25:47, 23.94, 45.53
2019-02-19, 15:25:48, 23.93, 45.53
2019-02-19, 15:25:50, 23.93, 45.53
2019-02-19, 15:25:51, 23.94, 45.5
2019-02-19, 15:25:52, 23.92, 45.53
2019-02-19, 15:25:54, 23.93, 45.53
2019-02-19, 15:25:55, 23.93, 45.53
2019-02-19, 15:25:56, 23.94, 45.5
2019-02-19, 15:25:58, 23.93, 45.5
2019-02-19, 15:25:59, 23.94, 45.53
2019-02-19, 15:26:00, 23.93, 45.56
2019-02-19, 15:26:02, 23.93, 45.53
2019-02-19, 15:26:03, 23.93, 45.56
2019-02-19, 15:26:05, 23.93, 45.59
2019-02-19, 15:26:06, 23.93, 45.56
2019-02-19, 15:26:07, 23.94, 45.59
2019-02-19, 15:26:09, 23.93, 45.59
2019-02-19, 15:26:10, 23.92, 45.59
2019-02-19, 15:26:11, 23.92, 45.62
2019-02-19, 15:26:13, 23.92, 45.59
2019-02-19, 15:26:14, 23.93, 45.63
2019-02-19, 15:26:15, 23.91, 45.62
2019-02-19, 15:26:17, 23.92, 45.62
2019-02-19, 15:26:18, 23.91, 45.62
2019-02-19, 15:26:19, 23.91, 45.62
2019-02-19, 15:26:21, 23.92, 45.62
2019-02-19, 15:26:22, 23.92, 45.62
2019-02-19, 15:26:24, 23.92, 45.62
2019-02-19, 15:26:25, 23.92, 45.62
2019-02-19, 15:26:26, 23.91, 45.62
2019-02-19, 15:26:28, 23.92, 45.62
2019-02-19, 15:26:29, 23.92, 45.62
2019-02-19, 15:26:30, 23.92, 45.62
2019-02-19, 15:26:32, 23.91, 45.62
2019-02-19, 15:26:33, 23.91, 45.62
2019-02-19, 15:26:34, 23.9, 45.62
2019-02-19, 15:26:36, 23.9, 45.62
2019-02-19, 15:26:37, 23.9, 45.62
2019-02-19, 15:26:38, 23.9, 45.62
2019-02-19, 15:26:40, 23.9, 45.62
2019-02-19, 15:26:41, 23.9, 45.62
2019-02-19, 15:26:43, 23.91, 45.62
2019-02-19, 15:26:44, 23.91, 45.62
2019-02-19, 15:26:45, 23.9, 45.62
2019-02-19, 15:26:47, 23.9, 45.62
2019-02-19, 15:26:48, 23.9, 45.62
2019-02-19, 15:26:49, 23.91, 45.62
2019-02-19, 15:26:51, 23.9, 45.62
2019-02-19, 15:26:52, 23.9, 45.62
2019-02-19, 15:26:53, 23.9, 45.62
2019-02-19, 15:26:55, 23.92, 45.59
2019-02-19, 15:26:56, 23.92, 45.62
2019-02-19, 15:26:57, 23.9, 45.59
2019-02-19, 15:26:59, 23.91, 45.62
2019-02-19, 15:27:00, 23.9, 45.62
2019-02-19, 15:27:02, 23.89, 45.59
2019-02-19, 15:27:03, 23.9, 45.59
2019-02-19, 15:27:04, 23.9, 45.62
2019-02-19, 15:27:06, 23.9, 45.59
2019-02-19, 15:27:07, 23.9, 45.62
2019-02-19, 15:27:08, 23.92, 45.62
2019-02-19, 15:27:10, 23.91, 45.62
2019-02-19, 15:27:11, 23.9, 45.59
2019-02-19, 15:27:12, 23.91, 45.62
2019-02-19, 15:27:14, 23.9, 45.62
2019-02-19, 15:27:15, 23.9, 45.62
2019-02-19, 15:27:16, 23.91, 45.62
2019-02-19, 15:27:18, 23.92, 45.62
2019-02-19, 15:27:19, 23.83, 45.61
2019-02-19, 15:27:21, 23.89, 45.65
2019-02-19, 15:27:22, 23.9, 45.65
2019-02-19, 15:27:23, 23.92, 45.66
2019-02-19, 15:27:25, 23.92, 45.66
2019-02-19, 15:27:26, 23.91, 45.65
2019-02-19, 15:27:27, 23.9, 45.65
2019-02-19, 15:27:29, 23.9, 45.65
2019-02-19, 15:27:30, 23.91, 45.65
2019-02-19, 15:27:31, 23.91, 45.65
2019-02-19, 15:27:33, 23.91, 45.69
2019-02-19, 15:27:34, 23.9, 45.65
2019-02-19, 15:27:35, 23.92, 45.66
2019-02-19, 15:27:37, 23.9, 45.69
2019-02-19, 15:27:38, 23.91, 45.65
2019-02-19, 15:27:39, 23.9, 45.69
2019-02-19, 15:27:41, 23.91, 45.69
2019-02-19, 15:27:42, 23.91, 45.69
2019-02-19, 15:27:44, 23.87, 45.68
2019-02-19, 15:27:45, 23.9, 45.69
2019-02-19, 15:27:46, 23.9, 45.69
2019-02-19, 15:27:48, 23.91, 45.69
2019-02-19, 15:27:49, 23.91, 45.69
2019-02-19, 15:27:50, 23.9, 45.69
2019-02-19, 15:27:52, 23.91, 45.69
2019-02-19, 15:27:53, 23.9, 45.69
2019-02-19, 15:27:54, 23.92, 45.69
2019-02-19, 15:27:56, 23.9, 45.69
2019-02-19, 15:27:57, 23.9, 45.69
2019-02-19, 15:27:58, 23.91, 45.69
2019-02-19, 15:28:00, 23.9, 45.69
2019-02-19, 15:28:01, 23.91, 45.69
2019-02-19, 15:28:03, 23.91, 45.65
2019-02-19, 15:28:04, 23.91, 45.65
2019-02-19, 15:28:05, 23.9, 45.65
2019-02-19, 15:28:07, 23.91, 45.69
2019-02-19, 15:28:08, 23.92, 45.69
2019-02-19, 15:28:09, 23.89, 45.68
2019-02-19, 15:28:11, 23.9, 45.69
2019-02-19, 15:28:12, 23.9, 45.69
2019-02-19, 15:28:13, 23.9, 45.69
2019-02-19, 15:28:15, 23.93, 45.69
2019-02-19, 15:28:16, 23.92, 45.69
2019-02-19, 15:28:17, 23.92, 45.69
2019-02-19, 15:28:19, 23.76, 45.7
2019-02-19, 15:28:20, 23.86, 45.75
2019-02-19, 15:28:22, 23.88, 45.78
2019-02-19, 15:28:23, 23.9, 45.78
2019-02-19, 15:28:24, 23.9, 45.75
2019-02-19, 15:28:26, 23.9, 45.75
2019-02-19, 15:28:27, 23.9, 45.75
2019-02-19, 15:28:28, 23.89, 45.75
2019-02-19, 15:28:30, 23.89, 45.72
2019-02-19, 15:28:31, 23.9, 45.75
2019-02-19, 15:28:32, 23.89, 45.72
2019-02-19, 15:28:34, 23.88, 45.72
2019-02-19, 15:28:35, 23.9, 45.72
2019-02-19, 15:28:37, 23.89, 45.75
2019-02-19, 15:28:38, 23.89, 45.72
2019-02-19, 15:28:39, 23.9, 45.72
2019-02-19, 15:28:41, 23.89, 45.68
2019-02-19, 15:28:42, 23.9, 45.69
2019-02-19, 15:28:43, 23.89, 45.68
2019-02-19, 15:28:45, 23.89, 45.72
2019-02-19, 15:28:46, 23.88, 45.68
2019-02-19, 15:28:47, 23.9, 45.69
2019-02-19, 15:28:49, 23.91, 45.69
2019-02-19, 15:28:50, 23.89, 45.68
2019-02-19, 15:28:51, 23.9, 45.69
2019-02-19, 15:28:53, 23.9, 45.69
2019-02-19, 15:28:54, 23.9, 45.69
2019-02-19, 15:28:55, 23.9, 45.69
2019-02-19, 15:28:57, 23.9, 45.69
2019-02-19, 15:28:58, 23.89, 45.68
2019-02-19, 15:29:00, 23.88, 45.68
2019-02-19, 15:29:01, 23.88, 45.68
2019-02-19, 15:29:02, 23.9, 45.69
2019-02-19, 15:29:04, 23.89, 45.68
2019-02-19, 15:29:05, 23.9, 45.69
2019-02-19, 15:29:06, 23.89, 45.68
2019-02-19, 15:29:08, 23.9, 45.69
2019-02-19, 15:29:09, 23.9, 45.69
2019-02-19, 15:29:10, 23.9, 45.69
2019-02-19, 15:29:12, 23.91, 45.69
2019-02-19, 15:29:13, 23.9, 45.69
2019-02-19, 15:29:14, 23.9, 45.69
2019-02-19, 15:29:16, 23.9, 45.69
2019-02-19, 15:29:17, 23.9, 45.69
2019-02-19, 15:29:18, 23.77, 45.7
2019-02-19, 15:29:20, 23.88, 45.75
2019-02-19, 15:29:21, 23.88, 45.75
2019-02-19, 15:29:23, 23.89, 45.75
2019-02-19, 15:29:24, 23.89, 45.75
2019-02-19, 15:29:25, 23.89, 45.75
2019-02-19, 15:29:27, 23.88, 45.75
2019-02-19, 15:29:28, 23.89, 45.75
2019-02-19, 15:29:29, 23.89, 45.75
2019-02-19, 15:29:31, 23.89, 45.75
2019-02-19, 15:29:32, 23.91, 45.72
2019-02-19, 15:29:33, 23.89, 45.75
2019-02-19, 15:29:35, 23.9, 45.75
2019-02-19, 15:29:36, 23.89, 45.75
2019-02-19, 15:29:37, 23.89, 45.75
2019-02-19, 15:29:39, 23.89, 45.75
2019-02-19, 15:29:40, 23.89, 45.75
2019-02-19, 15:29:42, 23.9, 45.75
2019-02-19, 15:29:43, 23.75, 45.73
2019-02-19, 15:29:44, 23.84, 45.81
2019-02-19, 15:29:46, 23.87, 45.81
2019-02-19, 15:29:47, 23.88, 45.81
2019-02-19, 15:29:48, 23.72, 45.82
2019-02-19, 15:29:50, 23.83, 45.87
2019-02-19, 15:29:51, 23.85, 45.87
2019-02-19, 15:29:52, 23.85, 45.87
2019-02-19, 15:29:54, 23.86, 45.84
2019-02-19, 15:29:55, 23.88, 45.84
2019-02-19, 15:29:56, 23.88, 45.81
2019-02-19, 15:29:58, 23.88, 45.81
2019-02-19, 15:29:59, 23.88, 45.81
2019-02-19, 15:30:00, 23.88, 45.81
2019-02-19, 15:30:02, 23.87, 45.78
2019-02-19, 15:30:03, 23.89, 45.78
2019-02-19, 15:30:05, 23.88, 45.78
2019-02-19, 15:30:06, 23.88, 45.78
2019-02-19, 15:30:07, 23.9, 45.78
2019-02-19, 15:30:09, 23.9, 45.81
2019-02-19, 15:30:10, 23.89, 45.75
2019-02-19, 15:30:11, 23.89, 45.75
2019-02-19, 15:30:13, 23.72, 45.79
2019-02-19, 15:30:14, 23.83, 45.81
2019-02-19, 15:30:15, 23.86, 45.84
2019-02-19, 15:30:17, 23.86, 45.81
2019-02-19, 15:30:18, 23.87, 45.81
2019-02-19, 15:30:19, 23.88, 45.81
2019-02-19, 15:30:21, 23.86, 45.78
2019-02-19, 15:30:22, 23.86, 45.78
2019-02-19, 15:30:24, 23.88, 45.78
2019-02-19, 15:30:25, 23.88, 45.78
2019-02-19, 15:30:26, 23.89, 45.78
2019-02-19, 15:30:28, 23.9, 45.75
2019-02-19, 15:30:29, 23.9, 45.75
2019-02-19, 15:30:30, 23.89, 45.75
2019-02-19, 15:30:32, 23.9, 45.75
2019-02-19, 15:30:33, 23.9, 45.75
2019-02-19, 15:30:34, 23.9, 45.75
2019-02-19, 15:30:36, 23.89, 45.75
2019-02-19, 15:30:37, 23.89, 45.78
2019-02-19, 15:30:38, 23.89, 45.75
2019-02-19, 15:30:40, 23.89, 45.75
2019-02-19, 15:30:41, 23.87, 45.75
2019-02-19, 15:30:42, 23.9, 45.75
2019-02-19, 15:30:44, 23.89, 45.75
2019-02-19, 15:30:45, 23.89, 45.78
2019-02-19, 15:30:47, 23.88, 45.75
2019-02-19, 15:30:48, 23.88, 45.75
2019-02-19, 15:30:49, 23.9, 45.75
2019-02-19, 15:30:51, 23.89, 45.78
2019-02-19, 15:30:52, 23.89, 45.75
2019-02-19, 15:30:53, 23.88, 45.78
2019-02-19, 15:30:55, 23.89, 45.78
2019-02-19, 15:30:56, 23.88, 45.75
2019-02-19, 15:30:57, 23.89, 45.75
2019-02-19, 15:30:59, 23.89, 45.75
2019-02-19, 15:31:00, 23.88, 45.78
2019-02-19, 15:31:01, 23.88, 45.78
2019-02-19, 15:31:03, 23.88, 45.78
2019-02-19, 15:31:04, 23.86, 45.75
2019-02-19, 15:31:06, 23.87, 45.75
2019-02-19, 15:31:07, 23.88, 45.75
2019-02-19, 15:31:08, 23.87, 45.78
2019-02-19, 15:31:10, 23.88, 45.78
2019-02-19, 15:31:11, 23.88, 45.75
2019-02-19, 15:31:12, 23.88, 45.78
2019-02-19, 15:31:14, 23.88, 45.78
2019-02-19, 15:31:15, 23.9, 45.78
2019-02-19, 15:31:16, 23.88, 45.78
2019-02-19, 15:31:18, 23.88, 45.78
2019-02-19, 15:31:19, 23.88, 45.81
2019-02-19, 15:31:20, 23.88, 45.81
2019-02-19, 15:31:22, 23.89, 45.78
2019-02-19, 15:31:23, 23.89, 45.81
2019-02-19, 15:31:24, 23.88, 45.81
2019-02-19, 15:31:26, 23.86, 45.81
2019-02-19, 15:31:27, 23.88, 45.81
2019-02-19, 15:31:29, 23.88, 45.81
2019-02-19, 15:31:30, 23.88, 45.81
2019-02-19, 15:31:31, 23.88, 45.81
2019-02-19, 15:31:33, 23.88, 45.81
2019-02-19, 15:31:34, 23.88, 45.78
2019-02-19, 15:31:35, 23.88, 45.81
2019-02-19, 15:31:37, 23.87, 45.81
2019-02-19, 15:31:38, 23.87, 45.81
2019-02-19, 15:31:39, 23.86, 45.81
2019-02-19, 15:31:41, 23.87, 45.81
2019-02-19, 15:31:42, 23.86, 45.81
2019-02-19, 15:31:43, 23.86, 45.81
2019-02-19, 15:31:45, 23.86, 45.81
2019-02-19, 15:31:46, 23.86, 45.81
2019-02-19, 15:31:47, 23.86, 45.81
2019-02-19, 15:31:49, 23.86, 45.81
2019-02-19, 15:31:50, 23.85, 45.81
2019-02-19, 15:31:52, 23.84, 45.81
2019-02-19, 15:31:53, 23.85, 45.81
2019-02-19, 15:31:54, 23.85, 45.81
2019-02-19, 15:31:56, 23.86, 45.81
2019-02-19, 15:31:57, 23.87, 45.84
2019-02-19, 15:31:58, 23.87, 45.81
2019-02-19, 15:32:00, 23.87, 45.81
2019-02-19, 15:32:01, 23.87, 45.81
2019-02-19, 15:32:02, 23.88, 45.81
2019-02-19, 15:32:04, 23.87, 45.81
2019-02-19, 15:32:05, 23.88, 45.81
2019-02-19, 15:32:06, 23.88, 45.81
2019-02-19, 15:32:08, 23.88, 45.81
2019-02-19, 15:32:09, 23.87, 45.81
2019-02-19, 15:32:10, 23.86, 45.81
2019-02-19, 15:32:12, 23.86, 45.81
2019-02-19, 15:32:13, 23.86, 45.81
2019-02-19, 15:32:15, 23.88, 45.84
2019-02-19, 15:32:16, 23.86, 45.81
2019-02-19, 15:32:17, 23.86, 45.84
2019-02-19, 15:32:19, 23.86, 45.81
2019-02-19, 15:32:20, 23.87, 45.84
2019-02-19, 15:32:21, 23.86, 45.84
2019-02-19, 15:32:23, 23.84, 45.87
2019-02-19, 15:32:24, 23.84, 45.84
2019-02-19, 15:32:25, 23.85, 45.84
2019-02-19, 15:32:27, 23.85, 45.87
2019-02-19, 15:32:28, 23.86, 45.87
2019-02-19, 15:32:29, 23.85, 45.87
2019-02-19, 15:32:31, 23.85, 45.84
2019-02-19, 15:32:32, 23.85, 45.84
2019-02-19, 15:32:34, 23.85, 45.81
2019-02-19, 15:32:35, 23.85, 45.81
2019-02-19, 15:32:36, 23.84, 45.84
2019-02-19, 15:32:38, 23.84, 45.84
2019-02-19, 15:32:39, 23.85, 45.87
2019-02-19, 15:32:40, 23.8, 45.87
2019-02-19, 15:32:42, 23.85, 45.87
2019-02-19, 15:32:43, 23.84, 45.87
2019-02-19, 15:32:44, 23.84, 45.9
2019-02-19, 15:32:46, 23.85, 45.87
2019-02-19, 15:32:47, 23.85, 45.87
2019-02-19, 15:32:48, 23.85, 45.87
2019-02-19, 15:32:50, 23.86, 45.87
2019-02-19, 15:32:51, 23.86, 45.87
2019-02-19, 15:32:52, 23.86, 45.87
2019-02-19, 15:32:54, 23.85, 45.87
2019-02-19, 15:32:55, 23.85, 45.84
2019-02-19, 15:32:57, 23.86, 45.87
2019-02-19, 15:32:58, 23.86, 45.87
2019-02-19, 15:32:59, 23.84, 45.87
2019-02-19, 15:33:01, 23.86, 45.87
2019-02-19, 15:33:02, 23.86, 45.87
2019-02-19, 15:33:03, 23.85, 45.87
2019-02-19, 15:33:05, 23.85, 45.87
2019-02-19, 15:33:06, 23.86, 45.87
2019-02-19, 15:33:07, 23.85, 45.87
2019-02-19, 15:33:09, 23.86, 45.87
2019-02-19, 15:33:10, 23.78, 45.86
2019-02-19, 15:33:11, 23.84, 45.87
2019-02-19, 15:33:13, 23.84, 45.9
2019-02-19, 15:33:14, 23.84, 45.9
2019-02-19, 15:33:16, 23.84, 45.87
2019-02-19, 15:33:17, 23.84, 45.87
2019-02-19, 15:33:18, 23.84, 45.87
2019-02-19, 15:33:20, 23.84, 45.87
2019-02-19, 15:33:21, 23.83, 45.87
2019-02-19, 15:33:22, 23.84, 45.87
2019-02-19, 15:33:24, 23.84, 45.87
2019-02-19, 15:33:25, 23.83, 45.87
2019-02-19, 15:33:26, 23.84, 45.9
2019-02-19, 15:33:28, 23.85, 45.9
2019-02-19, 15:33:29, 23.84, 45.9
2019-02-19, 15:33:30, 23.84, 45.9
2019-02-19, 15:33:32, 23.84, 45.94
2019-02-19, 15:33:33, 23.85, 45.94
2019-02-19, 15:33:34, 23.84, 45.94
2019-02-19, 15:33:36, 23.82, 45.93
2019-02-19, 15:33:37, 23.84, 45.9
2019-02-19, 15:33:39, 23.84, 45.9
2019-02-19, 15:33:40, 23.83, 45.9
2019-02-19, 15:33:41, 23.84, 45.9
2019-02-19, 15:33:43, 23.84, 45.9
2019-02-19, 15:33:44, 23.84, 45.87
2019-02-19, 15:33:45, 23.82, 45.9
2019-02-19, 15:33:47, 23.83, 45.93
2019-02-19, 15:33:48, 23.83, 45.9
2019-02-19, 15:33:49, 23.84, 45.9
2019-02-19, 15:33:51, 23.84, 45.87
2019-02-19, 15:33:52, 23.83, 45.87
2019-02-19, 15:33:53, 23.84, 45.87
2019-02-19, 15:33:55, 23.83, 45.87
2019-02-19, 15:33:56, 23.82, 45.87
2019-02-19, 15:33:58, 23.83, 45.87
2019-02-19, 15:33:59, 23.82, 45.87
2019-02-19, 15:34:00, 23.84, 45.87
2019-02-19, 15:34:02, 23.83, 45.87
2019-02-19, 15:34:03, 23.84, 45.87
2019-02-19, 15:34:04, 23.82, 45.9
2019-02-19, 15:34:06, 23.82, 45.9
2019-02-19, 15:34:07, 23.82, 45.87
2019-02-19, 15:34:08, 23.82, 45.87
2019-02-19, 15:34:10, 23.83, 45.87
2019-02-19, 15:34:11, 23.83, 45.87
2019-02-19, 15:34:12, 23.84, 45.87
2019-02-19, 15:34:14, 23.83, 45.9
2019-02-19, 15:34:15, 23.83, 45.87
2019-02-19, 15:34:17, 23.84, 45.9
2019-02-19, 15:34:18, 23.84, 45.87
2019-02-19, 15:34:19, 23.84, 45.87
2019-02-19, 15:34:21, 23.84, 45.87
2019-02-19, 15:34:22, 23.83, 45.87
2019-02-19, 15:34:23, 23.84, 45.87
2019-02-19, 15:34:25, 23.82, 45.9
2019-02-19, 15:34:26, 23.84, 45.87
2019-02-19, 15:34:27, 23.85, 45.87
2019-02-19, 15:34:29, 23.85, 45.87
2019-02-19, 15:34:30, 23.84, 45.87
2019-02-19, 15:34:31, 23.84, 45.87
2019-02-19, 15:34:33, 23.85, 45.87
2019-02-19, 15:34:34, 23.86, 45.87
2019-02-19, 15:34:36, 23.84, 45.87
2019-02-19, 15:34:37, 23.86, 45.87
2019-02-19, 15:34:38, 23.85, 45.87
2019-02-19, 15:34:40, 23.71, 45.86
2019-02-19, 15:34:41, 23.8, 45.93
2019-02-19, 15:34:42, 23.82, 45.93
2019-02-19, 15:34:44, 23.83, 45.93
2019-02-19, 15:34:45, 23.83, 45.93
2019-02-19, 15:34:46, 23.84, 45.94
2019-02-19, 15:34:48, 23.84, 45.9
2019-02-19, 15:34:49, 23.85, 45.9
2019-02-19, 15:34:50, 23.84, 45.87
2019-02-19, 15:34:52, 23.85, 45.87
2019-02-19, 15:34:53, 23.84, 45.87
2019-02-19, 15:34:54, 23.84, 45.87
2019-02-19, 15:34:56, 23.85, 45.87
2019-02-19, 15:34:57, 23.85, 45.87
2019-02-19, 15:34:59, 23.86, 45.87
2019-02-19, 15:35:00, 23.87, 45.88
2019-02-19, 15:35:01, 23.86, 45.87
2019-02-19, 15:35:03, 23.86, 45.87
2019-02-19, 15:35:04, 23.86, 45.87
2019-02-19, 15:35:05, 23.86, 45.87
2019-02-19, 15:35:07, 23.86, 45.87
2019-02-19, 15:35:08, 23.85, 45.87
2019-02-19, 15:35:09, 23.71, 45.86
2019-02-19, 15:35:11, 23.81, 45.93
2019-02-19, 15:35:12, 23.84, 45.94
2019-02-19, 15:35:13, 23.84, 45.9
2019-02-19, 15:35:15, 23.85, 45.87
2019-02-19, 15:35:16, 23.85, 45.87
2019-02-19, 15:35:18, 23.86, 45.87
2019-02-19, 15:35:19, 23.86, 45.84
2019-02-19, 15:35:20, 23.84, 45.84
2019-02-19, 15:35:22, 23.86, 45.81
2019-02-19, 15:35:23, 23.85, 45.84
2019-02-19, 15:35:24, 23.85, 45.84
2019-02-19, 15:35:26, 23.86, 45.81
2019-02-19, 15:35:27, 23.84, 45.84
2019-02-19, 15:35:28, 23.86, 45.84
2019-02-19, 15:35:30, 23.85, 45.81
2019-02-19, 15:35:31, 23.85, 45.84
2019-02-19, 15:35:32, 23.85, 45.81
2019-02-19, 15:35:34, 23.85, 45.81
2019-02-19, 15:35:35, 23.85, 45.81
2019-02-19, 15:35:36, 23.86, 45.81
2019-02-19, 15:35:38, 23.85, 45.81
2019-02-19, 15:35:39, 23.86, 45.81
2019-02-19, 15:35:41, 23.85, 45.81
2019-02-19, 15:35:42, 23.86, 45.81
2019-02-19, 15:35:43, 23.86, 45.84
2019-02-19, 15:35:45, 23.86, 45.81
2019-02-19, 15:35:46, 23.85, 45.81
2019-02-19, 15:35:47, 23.87, 45.81
2019-02-19, 15:35:49, 23.87, 45.81
2019-02-19, 15:35:50, 23.86, 45.81
2019-02-19, 15:35:51, 23.86, 45.81
2019-02-19, 15:35:53, 23.86, 45.81
2019-02-19, 15:35:54, 23.86, 45.81
2019-02-19, 15:35:55, 23.87, 45.78
2019-02-19, 15:35:57, 23.86, 45.81
2019-02-19, 15:35:58, 23.87, 45.81
2019-02-19, 15:35:59, 23.87, 45.78
2019-02-19, 15:36:01, 23.86, 45.81
2019-02-19, 15:36:02, 23.87, 45.81
2019-02-19, 15:36:04, 23.87, 45.78
2019-02-19, 15:36:05, 23.86, 45.78
2019-02-19, 15:36:06, 23.87, 45.78
2019-02-19, 15:36:08, 23.87, 45.81
2019-02-19, 15:36:09, 23.88, 45.81
2019-02-19, 15:36:10, 23.87, 45.81
2019-02-19, 15:36:12, 23.87, 45.81
2019-02-19, 15:36:13, 23.87, 45.81
2019-02-19, 15:36:14, 23.87, 45.81
2019-02-19, 15:36:16, 23.87, 45.81
2019-02-19, 15:36:17, 23.87, 45.78
2019-02-19, 15:36:18, 23.87, 45.78
2019-02-19, 15:36:20, 23.88, 45.75
2019-02-19, 15:36:21, 23.87, 45.78
2019-02-19, 15:36:23, 23.87, 45.78
2019-02-19, 15:36:24, 23.87, 45.78
2019-02-19, 15:36:25, 23.88, 45.78
2019-02-19, 15:36:27, 23.88, 45.78
2019-02-19, 15:36:28, 23.88, 45.81
2019-02-19, 15:36:29, 23.87, 45.75
2019-02-19, 15:36:31, 23.88, 45.78
2019-02-19, 15:36:32, 23.88, 45.78
2019-02-19, 15:36:33, 23.88, 45.78
2019-02-19, 15:36:35, 23.88, 45.78
2019-02-19, 15:36:36, 23.87, 45.75
2019-02-19, 15:36:37, 23.88, 45.75
2019-02-19, 15:36:39, 23.88, 45.75
2019-02-19, 15:36:40, 23.89, 45.75
2019-02-19, 15:36:41, 23.88, 45.75
2019-02-19, 15:36:43, 23.88, 45.75
2019-02-19, 15:36:44, 23.88, 45.75
2019-02-19, 15:36:46, 23.88, 45.75
2019-02-19, 15:36:47, 23.87, 45.75
2019-02-19, 15:36:48, 23.86, 45.75
2019-02-19, 15:36:50, 23.88, 45.75
2019-02-19, 15:36:51, 23.89, 45.75
2019-02-19, 15:36:52, 23.88, 45.75
2019-02-19, 15:36:54, 23.89, 45.75
2019-02-19, 15:36:55, 23.88, 45.75
2019-02-19, 15:36:56, 23.88, 45.75
2019-02-19, 15:36:58, 23.88, 45.75
2019-02-19, 15:36:59, 23.89, 45.75
2019-02-19, 15:37:00, 23.88, 45.75
2019-02-19, 15:37:02, 23.88, 45.75
2019-02-19, 15:37:03, 23.89, 45.75
2019-02-19, 15:37:05, 23.9, 45.75
2019-02-19, 15:37:06, 23.89, 45.72
2019-02-19, 15:37:07, 23.89, 45.75
2019-02-19, 15:37:09, 23.9, 45.75
2019-02-19, 15:37:10, 23.9, 45.75
2019-02-19, 15:37:11, 23.89, 45.75
2019-02-19, 15:37:13, 23.9, 45.75
2019-02-19, 15:37:14, 23.9, 45.75
2019-02-19, 15:37:15, 23.9, 45.75
2019-02-19, 15:37:17, 23.88, 45.75
2019-02-19, 15:37:18, 23.9, 45.75
2019-02-19, 15:37:19, 23.9, 45.72
2019-02-19, 15:37:21, 23.9, 45.75
2019-02-19, 15:37:22, 23.9, 45.72
2019-02-19, 15:37:24, 23.89, 45.72
2019-02-19, 15:37:25, 23.91, 45.69
2019-02-19, 15:37:26, 23.91, 45.69
2019-02-19, 15:37:28, 23.9, 45.72
2019-02-19, 15:37:29, 23.91, 45.72
2019-02-19, 15:37:30, 23.9, 45.72
2019-02-19, 15:37:32, 23.9, 45.69
2019-02-19, 15:37:33, 23.92, 45.72
2019-02-19, 15:37:34, 23.92, 45.72
2019-02-19, 15:37:36, 23.9, 45.69
2019-02-19, 15:37:37, 23.84, 45.71
2019-02-19, 15:37:38, 23.9, 45.75
2019-02-19, 15:37:40, 23.9, 45.75
2019-02-19, 15:37:41, 23.9, 45.75
2019-02-19, 15:37:42, 23.9, 45.72
2019-02-19, 15:37:44, 23.91, 45.72
2019-02-19, 15:37:45, 23.9, 45.72
2019-02-19, 15:37:47, 23.9, 45.72
2019-02-19, 15:37:48, 23.91, 45.69
2019-02-19, 15:37:49, 23.9, 45.69
2019-02-19, 15:37:51, 23.91, 45.69
2019-02-19, 15:37:52, 23.92, 45.69
2019-02-19, 15:37:53, 23.92, 45.69
2019-02-19, 15:37:55, 23.92, 45.69
2019-02-19, 15:37:56, 23.91, 45.69
2019-02-19, 15:37:57, 23.9, 45.69
2019-02-19, 15:37:59, 23.9, 45.69
2019-02-19, 15:38:00, 23.91, 45.69
2019-02-19, 15:38:01, 23.92, 45.69
2019-02-19, 15:38:03, 23.92, 45.69
2019-02-19, 15:38:04, 23.92, 45.69
2019-02-19, 15:38:06, 23.91, 45.69
2019-02-19, 15:38:07, 23.92, 45.69
2019-02-19, 15:38:08, 23.92, 45.69
2019-02-19, 15:38:10, 23.91, 45.69
2019-02-19, 15:38:11, 23.91, 45.69
2019-02-19, 15:38:12, 23.92, 45.69
2019-02-19, 15:38:14, 23.92, 45.66
2019-02-19, 15:38:15, 23.91, 45.65
2019-02-19, 15:38:16, 23.92, 45.66
2019-02-19, 15:38:18, 23.93, 45.66
2019-02-19, 15:38:19, 23.93, 45.66
2019-02-19, 15:38:20, 23.94, 45.66
2019-02-19, 15:38:22, 23.93, 45.66
2019-02-19, 15:38:23, 23.94, 45.66
2019-02-19, 15:38:25, 23.93, 45.63
2019-02-19, 15:38:26, 23.95, 45.63
2019-02-19, 15:38:27, 23.94, 45.63
2019-02-19, 15:38:29, 23.95, 45.63
2019-02-19, 15:38:30, 23.94, 45.63
2019-02-19, 15:38:31, 23.94, 45.59
2019-02-19, 15:38:33, 23.94, 45.59
2019-02-19, 15:38:34, 23.95, 45.6
2019-02-19, 15:38:35, 23.95, 45.6
2019-02-19, 15:38:37, 23.94, 45.56
2019-02-19, 15:38:38, 23.95, 45.56
2019-02-19, 15:38:39, 23.94, 45.59
2019-02-19, 15:38:41, 23.94, 45.59
2019-02-19, 15:38:42, 23.94, 45.56
2019-02-19, 15:38:44, 23.94, 45.59
2019-02-19, 15:38:45, 23.94, 45.56
2019-02-19, 15:38:46, 23.95, 45.56
2019-02-19, 15:38:48, 23.95, 45.56
2019-02-19, 15:38:49, 23.94, 45.56
2019-02-19, 15:38:50, 23.95, 45.56
2019-02-19, 15:38:52, 23.96, 45.56
2019-02-19, 15:38:53, 23.94, 45.56
2019-02-19, 15:38:54, 23.96, 45.56
2019-02-19, 15:38:56, 23.96, 45.56
2019-02-19, 15:38:57, 23.95, 45.53
2019-02-19, 15:38:58, 23.95, 45.56
2019-02-19, 15:39:00, 23.95, 45.56
2019-02-19, 15:39:01, 23.96, 45.56
2019-02-19, 15:39:03, 23.96, 45.56
2019-02-19, 15:39:04, 23.98, 45.53
2019-02-19, 15:39:05, 23.96, 45.53
2019-02-19, 15:39:07, 23.82, 45.55
2019-02-19, 15:39:08, 23.92, 45.59
2019-02-19, 15:39:09, 23.93, 45.59
2019-02-19, 15:39:11, 23.93, 45.56
2019-02-19, 15:39:12, 23.93, 45.59
2019-02-19, 15:39:13, 23.95, 45.56
2019-02-19, 15:39:15, 23.96, 45.56
2019-02-19, 15:39:16, 23.97, 45.57
2019-02-19, 15:39:17, 23.96, 45.56
2019-02-19, 15:39:19, 23.96, 45.56
2019-02-19, 15:39:20, 23.96, 45.56
2019-02-19, 15:39:21, 23.96, 45.53
2019-02-19, 15:39:23, 23.95, 45.56
2019-02-19, 15:39:24, 23.95, 45.53
2019-02-19, 15:39:26, 23.96, 45.5
2019-02-19, 15:39:27, 23.95, 45.53
2019-02-19, 15:39:28, 23.96, 45.53
2019-02-19, 15:39:30, 23.96, 45.53
2019-02-19, 15:39:31, 23.96, 45.53
2019-02-19, 15:39:32, 23.96, 45.5
2019-02-19, 15:39:34, 23.96, 45.53
2019-02-19, 15:39:35, 23.96, 45.5
2019-02-19, 15:39:36, 23.81, 45.55
2019-02-19, 15:39:38, 23.91, 45.59
2019-02-19, 15:39:39, 23.94, 45.63
2019-02-19, 15:39:40, 23.94, 45.59
2019-02-19, 15:39:42, 23.95, 45.56
2019-02-19, 15:39:43, 23.96, 45.56
2019-02-19, 15:39:45, 23.95, 45.56
2019-02-19, 15:39:46, 23.95, 45.56
2019-02-19, 15:39:47, 23.94, 45.53
2019-02-19, 15:39:49, 23.94, 45.5
2019-02-19, 15:39:50, 23.95, 45.5
2019-02-19, 15:39:51, 23.94, 45.5
2019-02-19, 15:39:53, 23.95, 45.5
2019-02-19, 15:39:54, 23.95, 45.5
2019-02-19, 15:39:55, 23.94, 45.5
2019-02-19, 15:39:57, 23.96, 45.5
2019-02-19, 15:39:58, 23.95, 45.47
2019-02-19, 15:39:59, 23.94, 45.43
2019-02-19, 15:40:01, 23.98, 45.44
2019-02-19, 15:40:02, 23.96, 45.44
2019-02-19, 15:40:03, 23.96, 45.44
2019-02-19, 15:40:05, 23.96, 45.44
2019-02-19, 15:40:06, 23.96, 45.44
2019-02-19, 15:40:08, 23.94, 45.43
2019-02-19, 15:40:09, 23.94, 45.43
2019-02-19, 15:40:10, 23.95, 45.47
2019-02-19, 15:40:12, 23.8, 45.48
2019-02-19, 15:40:13, 23.9, 45.56
2019-02-19, 15:40:14, 23.93, 45.56
2019-02-19, 15:40:16, 23.94, 45.56
2019-02-19, 15:40:17, 23.94, 45.56
2019-02-19, 15:40:18, 23.95, 45.53
2019-02-19, 15:40:20, 23.93, 45.53
2019-02-19, 15:40:21, 23.94, 45.5
2019-02-19, 15:40:22, 23.94, 45.5
2019-02-19, 15:40:24, 23.94, 45.53
2019-02-19, 15:40:25, 23.94, 45.5
2019-02-19, 15:40:26, 23.94, 45.5
2019-02-19, 15:40:28, 23.95, 45.5
2019-02-19, 15:40:29, 23.96, 45.5
2019-02-19, 15:40:31, 23.95, 45.5
2019-02-19, 15:40:32, 23.94, 45.5
2019-02-19, 15:40:33, 23.95, 45.5
2019-02-19, 15:40:35, 23.94, 45.5
2019-02-19, 15:40:36, 23.94, 45.5
2019-02-19, 15:40:37, 23.95, 45.5
2019-02-19, 15:40:39, 23.94, 45.47
2019-02-19, 15:40:40, 23.95, 45.5
2019-02-19, 15:40:41, 23.96, 45.47
2019-02-19, 15:40:43, 23.96, 45.47
2019-02-19, 15:40:44, 23.98, 45.47
2019-02-19, 15:40:45, 23.95, 45.5
2019-02-19, 15:40:47, 23.96, 45.5
2019-02-19, 15:40:48, 23.96, 45.5
2019-02-19, 15:40:49, 23.94, 45.47
2019-02-19, 15:40:51, 23.96, 45.47
2019-02-19, 15:40:52, 23.95, 45.5
2019-02-19, 15:40:54, 23.96, 45.47
2019-02-19, 15:40:55, 23.96, 45.47
2019-02-19, 15:40:56, 23.96, 45.5
2019-02-19, 15:40:58, 23.96, 45.5
2019-02-19, 15:40:59, 23.97, 45.47
2019-02-19, 15:41:00, 23.98, 45.47
2019-02-19, 15:41:02, 23.98, 45.47
2019-02-19, 15:41:03, 23.96, 45.47
2019-02-19, 15:41:04, 23.98, 45.47
2019-02-19, 15:41:06, 23.98, 45.47
2019-02-19, 15:41:07, 23.97, 45.44
2019-02-19, 15:41:08, 23.98, 45.47
2019-02-19, 15:41:10, 23.97, 45.47
2019-02-19, 15:41:11, 23.97, 45.44
2019-02-19, 15:41:13, 23.96, 45.47
2019-02-19, 15:41:14, 23.97, 45.44
2019-02-19, 15:41:15, 23.97, 45.47
2019-02-19, 15:41:17, 23.98, 45.47
2019-02-19, 15:41:18, 23.96, 45.47
2019-02-19, 15:41:19, 23.97, 45.47
2019-02-19, 15:41:21, 23.97, 45.44
2019-02-19, 15:41:22, 23.97, 45.47
2019-02-19, 15:41:23, 23.96, 45.47
2019-02-19, 15:41:25, 23.96, 45.44
2019-02-19, 15:41:26, 23.96, 45.44
2019-02-19, 15:41:27, 23.97, 45.44
2019-02-19, 15:41:29, 23.97, 45.47
2019-02-19, 15:41:30, 23.96, 45.5
2019-02-19, 15:41:31, 23.96, 45.5
2019-02-19, 15:41:33, 23.96, 45.5
2019-02-19, 15:41:34, 23.96, 45.5
2019-02-19, 15:41:36, 23.96, 45.47
2019-02-19, 15:41:37, 23.96, 45.47
2019-02-19, 15:41:38, 23.96, 45.44
2019-02-19, 15:41:40, 23.88, 45.43
2019-02-19, 15:41:41, 23.93, 45.43
2019-02-19, 15:41:42, 23.94, 45.47
2019-02-19, 15:41:44, 23.96, 45.47
2019-02-19, 15:41:45, 23.97, 45.47
2019-02-19, 15:41:46, 23.96, 45.47
2019-02-19, 15:41:48, 23.97, 45.47
2019-02-19, 15:41:49, 23.97, 45.47
2019-02-19, 15:41:50, 23.97, 45.47
2019-02-19, 15:41:52, 23.97, 45.47
2019-02-19, 15:41:53, 23.97, 45.44
2019-02-19, 15:41:55, 23.98, 45.44
2019-02-19, 15:41:56, 23.98, 45.44
2019-02-19, 15:41:57, 23.98, 45.44
2019-02-19, 15:41:59, 23.98, 45.44
2019-02-19, 15:42:00, 23.98, 45.44
2019-02-19, 15:42:01, 23.98, 45.44
2019-02-19, 15:42:03, 23.98, 45.44
2019-02-19, 15:42:04, 23.98, 45.44
2019-02-19, 15:42:05, 23.98, 45.44
2019-02-19, 15:42:07, 23.98, 45.44
2019-02-19, 15:42:08, 23.98, 45.44
2019-02-19, 15:42:09, 23.98, 45.44
2019-02-19, 15:42:11, 23.97, 45.44
2019-02-19, 15:42:12, 23.96, 45.44
2019-02-19, 15:42:13, 23.94, 45.43
2019-02-19, 15:42:15, 23.96, 45.44
2019-02-19, 15:42:16, 23.96, 45.44
2019-02-19, 15:42:17, 23.97, 45.47
2019-02-19, 15:42:19, 23.96, 45.44
2019-02-19, 15:42:20, 23.96, 45.47
2019-02-19, 15:42:22, 23.97, 45.47
2019-02-19, 15:42:23, 23.97, 45.47
2019-02-19, 15:42:24, 23.97, 45.47
2019-02-19, 15:42:26, 23.98, 45.47
2019-02-19, 15:42:27, 23.98, 45.47
2019-02-19, 15:42:28, 23.98, 45.44
2019-02-19, 15:42:30, 23.98, 45.44
2019-02-19, 15:42:31, 23.99, 45.44
2019-02-19, 15:42:32, 23.98, 45.44
2019-02-19, 15:42:34, 23.91, 45.43
2019-02-19, 15:42:35, 23.97, 45.44
2019-02-19, 15:42:36, 23.98, 45.44
2019-02-19, 15:42:38, 23.99, 45.44
2019-02-19, 15:42:39, 23.98, 45.44
2019-02-19, 15:42:41, 23.97, 45.44
2019-02-19, 15:42:42, 23.98, 45.44
2019-02-19, 15:42:43, 23.96, 45.44
2019-02-19, 15:42:45, 23.98, 45.44
2019-02-19, 15:42:46, 23.98, 45.44
2019-02-19, 15:42:47, 23.98, 45.44
2019-02-19, 15:42:49, 23.97, 45.44
2019-02-19, 15:42:50, 23.98, 45.44
2019-02-19, 15:42:51, 23.99, 45.44
2019-02-19, 15:42:53, 23.98, 45.44
2019-02-19, 15:42:54, 23.98, 45.41
2019-02-19, 15:42:55, 23.97, 45.44
2019-02-19, 15:42:57, 23.98, 45.41
2019-02-19, 15:42:58, 23.99, 45.44
2019-02-19, 15:43:00, 23.98, 45.41
2019-02-19, 15:43:01, 23.98, 45.41
2019-02-19, 15:43:02, 23.98, 45.41
2019-02-19, 15:43:04, 23.88, 45.43
2019-02-19, 15:43:05, 23.97, 45.44
2019-02-19, 15:43:06, 23.98, 45.44
2019-02-19, 15:43:08, 23.98, 45.44
2019-02-19, 15:43:09, 23.85, 45.42
2019-02-19, 15:43:10, 23.96, 45.5
2019-02-19, 15:43:12, 23.96, 45.5
2019-02-19, 15:43:13, 23.97, 45.47
2019-02-19, 15:43:14, 23.98, 45.44
2019-02-19, 15:43:16, 24.0, 45.44
2019-02-19, 15:43:17, 24.0, 45.44
2019-02-19, 15:43:18, 24.01, 45.38
2019-02-19, 15:43:20, 24.02, 45.38
2019-02-19, 15:43:21, 24.02, 45.38
2019-02-19, 15:43:23, 24.02, 45.38
2019-02-19, 15:43:24, 24.02, 45.35
2019-02-19, 15:43:25, 24.02, 45.38
2019-02-19, 15:43:27, 24.01, 45.34
2019-02-19, 15:43:28, 24.01, 45.34
2019-02-19, 15:43:29, 24.01, 45.34
2019-02-19, 15:43:31, 24.01, 45.34
2019-02-19, 15:43:32, 24.03, 45.32
2019-02-19, 15:43:33, 24.02, 45.35
2019-02-19, 15:43:35, 24.02, 45.31
2019-02-19, 15:43:36, 24.02, 45.31
2019-02-19, 15:43:37, 24.02, 45.31
2019-02-19, 15:43:39, 24.02, 45.35
2019-02-19, 15:43:40, 24.01, 45.31
2019-02-19, 15:43:41, 24.02, 45.31
2019-02-19, 15:43:43, 24.01, 45.31
2019-02-19, 15:43:44, 24.01, 45.31
2019-02-19, 15:43:46, 24.0, 45.31
2019-02-19, 15:43:47, 24.02, 45.31
2019-02-19, 15:43:48, 24.02, 45.31
2019-02-19, 15:43:50, 24.01, 45.31
2019-02-19, 15:43:51, 24.01, 45.31
2019-02-19, 15:43:52, 24.02, 45.31
2019-02-19, 15:43:54, 24.02, 45.31
2019-02-19, 15:43:55, 24.01, 45.31
2019-02-19, 15:43:56, 24.02, 45.35
2019-02-19, 15:43:58, 24.0, 45.31
2019-02-19, 15:43:59, 24.02, 45.31
2019-02-19, 15:44:00, 24.02, 45.31
2019-02-19, 15:44:02, 24.01, 45.31
2019-02-19, 15:44:03, 24.0, 45.31
2019-02-19, 15:44:04, 24.01, 45.31
2019-02-19, 15:44:06, 24.02, 45.31
2019-02-19, 15:44:07, 24.03, 45.32
2019-02-19, 15:44:09, 24.02, 45.31
2019-02-19, 15:44:10, 24.02, 45.35
2019-02-19, 15:44:11, 24.01, 45.34
2019-02-19, 15:44:13, 24.02, 45.35
2019-02-19, 15:44:14, 24.02, 45.31
2019-02-19, 15:44:15, 24.02, 45.35
2019-02-19, 15:44:17, 24.02, 45.31
2019-02-19, 15:44:18, 24.01, 45.31
2019-02-19, 15:44:19, 24.02, 45.31
2019-02-19, 15:44:21, 24.02, 45.28
2019-02-19, 15:44:22, 24.02, 45.31
2019-02-19, 15:44:23, 24.03, 45.32
2019-02-19, 15:44:25, 24.03, 45.32
2019-02-19, 15:44:26, 24.04, 45.32
2019-02-19, 15:44:27, 24.02, 45.31
2019-02-19, 15:44:29, 24.02, 45.31
2019-02-19, 15:44:30, 24.03, 45.32
2019-02-19, 15:44:32, 24.02, 45.31
2019-02-19, 15:44:33, 23.89, 45.33
2019-02-19, 15:44:34, 23.98, 45.37
2019-02-19, 15:44:36, 24.0, 45.38
2019-02-19, 15:44:37, 24.0, 45.38
2019-02-19, 15:44:38, 24.0, 45.38
2019-02-19, 15:44:40, 24.01, 45.38
2019-02-19, 15:44:41, 24.01, 45.38
2019-02-19, 15:44:42, 24.02, 45.35
2019-02-19, 15:44:44, 24.02, 45.35
2019-02-19, 15:44:45, 24.01, 45.34
2019-02-19, 15:44:46, 24.02, 45.35
2019-02-19, 15:44:48, 24.04, 45.32
2019-02-19, 15:44:49, 24.02, 45.31
2019-02-19, 15:44:50, 24.02, 45.31
2019-02-19, 15:44:52, 24.01, 45.31
2019-02-19, 15:44:53, 24.02, 45.31
2019-02-19, 15:44:55, 24.02, 45.31
2019-02-19, 15:44:56, 24.02, 45.31
2019-02-19, 15:44:57, 24.04, 45.32
2019-02-19, 15:44:59, 24.03, 45.32
2019-02-19, 15:45:00, 24.04, 45.32
2019-02-19, 15:45:01, 24.04, 45.32
2019-02-19, 15:45:03, 23.9, 45.33
2019-02-19, 15:45:04, 24.01, 45.38
2019-02-19, 15:45:05, 24.02, 45.38
2019-02-19, 15:45:07, 24.03, 45.38
2019-02-19, 15:45:08, 24.04, 45.38
2019-02-19, 15:45:09, 24.04, 45.35
2019-02-19, 15:45:11, 24.04, 45.32
2019-02-19, 15:45:12, 24.06, 45.32
2019-02-19, 15:45:13, 24.06, 45.32
2019-02-19, 15:45:15, 24.06, 45.32
2019-02-19, 15:45:16, 24.05, 45.32
2019-02-19, 15:45:18, 24.06, 45.32
2019-02-19, 15:45:19, 24.06, 45.32
2019-02-19, 15:45:20, 24.05, 45.32
2019-02-19, 15:45:22, 24.06, 45.32
2019-02-19, 15:45:23, 24.06, 45.29
2019-02-19, 15:45:24, 24.06, 45.32
2019-02-19, 15:45:26, 24.07, 45.29
2019-02-19, 15:45:27, 24.06, 45.29
2019-02-19, 15:45:28, 24.06, 45.29
2019-02-19, 15:45:30, 24.06, 45.29
2019-02-19, 15:45:31, 24.06, 45.32
2019-02-19, 15:45:32, 23.89, 45.33
2019-02-19, 15:45:34, 24.0, 45.38
2019-02-19, 15:45:35, 24.01, 45.38
2019-02-19, 15:45:37, 24.04, 45.38
2019-02-19, 15:45:38, 24.04, 45.38
2019-02-19, 15:45:39, 24.03, 45.38
2019-02-19, 15:45:41, 24.04, 45.35
2019-02-19, 15:45:42, 24.05, 45.35
2019-02-19, 15:45:43, 24.04, 45.32
2019-02-19, 15:45:45, 24.05, 45.32
2019-02-19, 15:45:46, 24.06, 45.29
2019-02-19, 15:45:47, 24.06, 45.32
2019-02-19, 15:45:49, 24.04, 45.28
2019-02-19, 15:45:50, 24.05, 45.32
2019-02-19, 15:45:51, 24.05, 45.29
2019-02-19, 15:45:53, 24.05, 45.32
2019-02-19, 15:45:54, 24.05, 45.29
2019-02-19, 15:45:55, 24.06, 45.29
2019-02-19, 15:45:57, 24.05, 45.29
2019-02-19, 15:45:58, 24.06, 45.29
2019-02-19, 15:46:00, 24.06, 45.29
2019-02-19, 15:46:01, 24.05, 45.25
2019-02-19, 15:46:02, 24.06, 45.29
2019-02-19, 15:46:04, 24.06, 45.25
2019-02-19, 15:46:05, 24.05, 45.25
2019-02-19, 15:46:06, 24.07, 45.26
2019-02-19, 15:46:08, 24.08, 45.26
2019-02-19, 15:46:09, 24.07, 45.26
2019-02-19, 15:46:10, 24.06, 45.25
2019-02-19, 15:46:12, 24.07, 45.26
2019-02-19, 15:46:13, 24.07, 45.26
2019-02-19, 15:46:14, 24.07, 45.26
2019-02-19, 15:46:16, 24.06, 45.25
2019-02-19, 15:46:17, 24.07, 45.26
2019-02-19, 15:46:18, 24.07, 45.22
2019-02-19, 15:46:20, 24.06, 45.25
2019-02-19, 15:46:21, 24.07, 45.22
2019-02-19, 15:46:23, 24.08, 45.26
2019-02-19, 15:46:24, 24.08, 45.22
2019-02-19, 15:46:25, 24.06, 45.25
2019-02-19, 15:46:27, 24.06, 45.22
2019-02-19, 15:46:28, 24.06, 45.25
2019-02-19, 15:46:29, 24.06, 45.22
2019-02-19, 15:46:31, 24.07, 45.22
2019-02-19, 15:46:32, 24.07, 45.22
2019-02-19, 15:46:33, 24.06, 45.22
2019-02-19, 15:46:35, 24.06, 45.22
2019-02-19, 15:46:36, 24.08, 45.22
2019-02-19, 15:46:37, 24.08, 45.22
2019-02-19, 15:46:39, 24.09, 45.19
2019-02-19, 15:46:40, 24.08, 45.19
2019-02-19, 15:46:41, 24.08, 45.19
2019-02-19, 15:46:43, 24.1, 45.19
2019-02-19, 15:46:44, 24.1, 45.19
2019-02-19, 15:46:46, 24.1, 45.19
2019-02-19, 15:46:47, 24.1, 45.19
2019-02-19, 15:46:48, 24.12, 45.2
2019-02-19, 15:46:50, 24.09, 45.19
2019-02-19, 15:46:51, 24.11, 45.2
2019-02-19, 15:46:52, 24.11, 45.2
2019-02-19, 15:46:54, 24.09, 45.19
2019-02-19, 15:46:55, 24.1, 45.19
2019-02-19, 15:46:56, 24.11, 45.2
2019-02-19, 15:46:58, 24.1, 45.19
2019-02-19, 15:46:59, 24.09, 45.19
2019-02-19, 15:47:00, 24.08, 45.16
2019-02-19, 15:47:02, 24.1, 45.19
2019-02-19, 15:47:03, 24.1, 45.19
2019-02-19, 15:47:04, 24.1, 45.19
2019-02-19, 15:47:06, 24.1, 45.19
2019-02-19, 15:47:07, 24.09, 45.19
2019-02-19, 15:47:09, 24.1, 45.19
2019-02-19, 15:47:10, 24.1, 45.19
2019-02-19, 15:47:11, 24.1, 45.19
2019-02-19, 15:47:13, 24.09, 45.19
2019-02-19, 15:47:14, 24.1, 45.19
2019-02-19, 15:47:15, 24.1, 45.19
2019-02-19, 15:47:17, 24.1, 45.16
2019-02-19, 15:47:18, 24.11, 45.16
2019-02-19, 15:47:19, 24.11, 45.16
2019-02-19, 15:47:21, 24.1, 45.13
2019-02-19, 15:47:22, 24.1, 45.13
2019-02-19, 15:47:23, 24.11, 45.13
2019-02-19, 15:47:25, 24.1, 45.16
2019-02-19, 15:47:26, 24.1, 45.16
2019-02-19, 15:47:27, 24.1, 45.16
2019-02-19, 15:47:29, 24.1, 45.13
2019-02-19, 15:47:30, 24.1, 45.13
2019-02-19, 15:47:32, 24.1, 45.16
2019-02-19, 15:47:33, 24.09, 45.13
2019-02-19, 15:47:34, 24.11, 45.13
2019-02-19, 15:47:36, 24.05, 45.12
2019-02-19, 15:47:37, 24.09, 45.16
2019-02-19, 15:47:38, 24.09, 45.16
2019-02-19, 15:47:40, 24.1, 45.13
2019-02-19, 15:47:41, 24.1, 45.16
2019-02-19, 15:47:42, 24.1, 45.13
2019-02-19, 15:47:44, 24.1, 45.16
2019-02-19, 15:47:45, 24.1, 45.13
2019-02-19, 15:47:46, 24.11, 45.13
2019-02-19, 15:47:48, 24.11, 45.13
2019-02-19, 15:47:49, 24.11, 45.13
2019-02-19, 15:47:50, 24.11, 45.13
2019-02-19, 15:47:52, 24.1, 45.13
2019-02-19, 15:47:53, 24.1, 45.13
2019-02-19, 15:47:55, 24.1, 45.13
2019-02-19, 15:47:56, 24.1, 45.13
2019-02-19, 15:47:57, 24.1, 45.13
2019-02-19, 15:47:59, 24.1, 45.13
2019-02-19, 15:48:00, 24.07, 45.16
2019-02-19, 15:48:01, 24.09, 45.13
2019-02-19, 15:48:03, 24.1, 45.19
2019-02-19, 15:48:04, 24.1, 45.16
2019-02-19, 15:48:05, 24.1, 45.19
2019-02-19, 15:48:07, 24.08, 45.16
2019-02-19, 15:48:08, 24.09, 45.16
2019-02-19, 15:48:09, 24.08, 45.16
2019-02-19, 15:48:11, 24.08, 45.19
2019-02-19, 15:48:12, 24.09, 45.19
2019-02-19, 15:48:14, 24.07, 45.19
2019-02-19, 15:48:15, 24.08, 45.19
2019-02-19, 15:48:16, 24.1, 45.16
2019-02-19, 15:48:18, 24.09, 45.16
2019-02-19, 15:48:19, 24.09, 45.16
2019-02-19, 15:48:20, 24.1, 45.16
2019-02-19, 15:48:22, 24.08, 45.16
2019-02-19, 15:48:23, 24.09, 45.16
2019-02-19, 15:48:24, 24.08, 45.16
2019-02-19, 15:48:26, 24.08, 45.19
2019-02-19, 15:48:27, 24.09, 45.16
2019-02-19, 15:48:28, 24.09, 45.19
2019-02-19, 15:48:30, 24.08, 45.19
2019-02-19, 15:48:31, 24.08, 45.19
2019-02-19, 15:48:32, 24.07, 45.16
2019-02-19, 15:48:34, 24.07, 45.19
2019-02-19, 15:48:35, 24.08, 45.19
2019-02-19, 15:48:37, 24.08, 45.19
2019-02-19, 15:48:38, 24.08, 45.19
2019-02-19, 15:48:39, 24.08, 45.19
2019-02-19, 15:48:41, 24.08, 45.19
2019-02-19, 15:48:42, 24.08, 45.19
2019-02-19, 15:48:43, 24.08, 45.19
2019-02-19, 15:48:45, 24.08, 45.16
2019-02-19, 15:48:46, 24.08, 45.19
2019-02-19, 15:48:47, 24.07, 45.16
2019-02-19, 15:48:49, 24.07, 45.16
2019-02-19, 15:48:50, 24.07, 45.19
2019-02-19, 15:48:51, 24.06, 45.19
2019-02-19, 15:48:53, 24.06, 45.19
2019-02-19, 15:48:54, 24.06, 45.19
2019-02-19, 15:48:55, 24.06, 45.19
2019-02-19, 15:48:57, 24.06, 45.16
2019-02-19, 15:48:58, 24.07, 45.16
2019-02-19, 15:49:00, 23.99, 45.18
2019-02-19, 15:49:01, 24.05, 45.19
2019-02-19, 15:49:02, 24.05, 45.19
2019-02-19, 15:49:04, 24.06, 45.22
2019-02-19, 15:49:05, 24.05, 45.19
2019-02-19, 15:49:06, 24.05, 45.19
2019-02-19, 15:49:08, 24.05, 45.19
2019-02-19, 15:49:09, 24.04, 45.19
2019-02-19, 15:49:10, 24.05, 45.19
2019-02-19, 15:49:12, 24.04, 45.19
2019-02-19, 15:49:13, 24.05, 45.19
2019-02-19, 15:49:14, 24.05, 45.19
2019-02-19, 15:49:16, 24.04, 45.19
2019-02-19, 15:49:17, 24.05, 45.19
2019-02-19, 15:49:18, 24.06, 45.19
2019-02-19, 15:49:20, 24.05, 45.19
2019-02-19, 15:49:21, 24.05, 45.19
2019-02-19, 15:49:23, 24.04, 45.19
2019-02-19, 15:49:24, 24.06, 45.19
2019-02-19, 15:49:25, 24.06, 45.19
2019-02-19, 15:49:27, 24.05, 45.22
2019-02-19, 15:49:28, 24.06, 45.19
2019-02-19, 15:49:29, 24.06, 45.19
2019-02-19, 15:49:31, 24.05, 45.22
2019-02-19, 15:49:32, 24.04, 45.22
2019-02-19, 15:49:33, 24.05, 45.22
2019-02-19, 15:49:35, 24.04, 45.22
2019-02-19, 15:49:36, 24.04, 45.25
2019-02-19, 15:49:37, 24.05, 45.22
2019-02-19, 15:49:39, 24.05, 45.22
2019-02-19, 15:49:40, 24.04, 45.22
2019-02-19, 15:49:41, 24.04, 45.25
2019-02-19, 15:49:43, 24.05, 45.25
2019-02-19, 15:49:44, 24.05, 45.25
2019-02-19, 15:49:46, 24.06, 45.25
2019-02-19, 15:49:47, 24.05, 45.25
2019-02-19, 15:49:48, 24.04, 45.25
2019-02-19, 15:49:50, 24.04, 45.25
2019-02-19, 15:49:51, 24.04, 45.25
2019-02-19, 15:49:52, 24.04, 45.25
2019-02-19, 15:49:54, 24.04, 45.25
2019-02-19, 15:49:55, 24.05, 45.25
2019-02-19, 15:49:56, 24.05, 45.25
2019-02-19, 15:49:58, 24.04, 45.22
2019-02-19, 15:49:59, 23.93, 45.24
2019-02-19, 15:50:00, 24.02, 45.25
2019-02-19, 15:50:02, 24.03, 45.25
2019-02-19, 15:50:03, 24.04, 45.25
2019-02-19, 15:50:04, 24.03, 45.28
2019-02-19, 15:50:06, 24.04, 45.25
2019-02-19, 15:50:07, 24.05, 45.25
2019-02-19, 15:50:09, 24.04, 45.25
2019-02-19, 15:50:10, 24.04, 45.25
2019-02-19, 15:50:11, 24.04, 45.25
2019-02-19, 15:50:13, 24.04, 45.25
2019-02-19, 15:50:14, 24.05, 45.25
2019-02-19, 15:50:15, 24.03, 45.25
2019-02-19, 15:50:17, 24.04, 45.25
2019-02-19, 15:50:18, 24.05, 45.25
2019-02-19, 15:50:19, 24.04, 45.25
2019-02-19, 15:50:21, 24.04, 45.25
2019-02-19, 15:50:22, 24.04, 45.25
2019-02-19, 15:50:23, 24.05, 45.25
2019-02-19, 15:50:25, 24.05, 45.25
2019-02-19, 15:50:26, 24.05, 45.25
2019-02-19, 15:50:27, 24.06, 45.25
2019-02-19, 15:50:29, 24.05, 45.25
2019-02-19, 15:50:30, 24.05, 45.25
2019-02-19, 15:50:32, 24.04, 45.22
2019-02-19, 15:50:33, 24.05, 45.22
2019-02-19, 15:50:34, 23.9, 45.23
2019-02-19, 15:50:36, 24.01, 45.28
2019-02-19, 15:50:37, 24.02, 45.31
2019-02-19, 15:50:38, 24.04, 45.32
2019-02-19, 15:50:40, 24.03, 45.28
2019-02-19, 15:50:41, 24.03, 45.28
2019-02-19, 15:50:42, 24.02, 45.25
2019-02-19, 15:50:44, 24.04, 45.28
2019-02-19, 15:50:45, 24.03, 45.25
2019-02-19, 15:50:46, 24.04, 45.28
2019-02-19, 15:50:48, 24.03, 45.25
2019-02-19, 15:50:49, 24.04, 45.25
2019-02-19, 15:50:51, 24.04, 45.25
2019-02-19, 15:50:52, 24.04, 45.28
2019-02-19, 15:50:53, 24.03, 45.25
2019-02-19, 15:50:55, 24.04, 45.25
2019-02-19, 15:50:56, 24.04, 45.25
2019-02-19, 15:50:57, 24.04, 45.25
2019-02-19, 15:50:59, 24.04, 45.25
2019-02-19, 15:51:00, 24.04, 45.25
2019-02-19, 15:51:01, 24.04, 45.25
2019-02-19, 15:51:03, 24.04, 45.25
2019-02-19, 15:51:04, 24.03, 45.25
2019-02-19, 15:51:05, 24.03, 45.25
2019-02-19, 15:51:07, 24.04, 45.25
2019-02-19, 15:51:08, 24.04, 45.25
2019-02-19, 15:51:09, 24.04, 45.25
2019-02-19, 15:51:11, 24.03, 45.25
2019-02-19, 15:51:12, 24.04, 45.25
2019-02-19, 15:51:14, 24.02, 45.25
2019-02-19, 15:51:15, 24.03, 45.25
2019-02-19, 15:51:16, 24.05, 45.25
2019-02-19, 15:51:18, 24.04, 45.25
2019-02-19, 15:51:19, 24.04, 45.25
2019-02-19, 15:51:20, 24.04, 45.25
2019-02-19, 15:51:22, 24.06, 45.22
2019-02-19, 15:51:23, 24.06, 45.19
2019-02-19, 15:51:24, 24.07, 45.19
2019-02-19, 15:51:26, 24.07, 45.19
2019-02-19, 15:51:27, 24.06, 45.19
2019-02-19, 15:51:28, 23.91, 45.2
2019-02-19, 15:51:30, 24.01, 45.25
2019-02-19, 15:51:31, 24.02, 45.28
2019-02-19, 15:51:32, 24.03, 45.25
2019-02-19, 15:51:34, 24.04, 45.25
2019-02-19, 15:51:35, 24.04, 45.25
2019-02-19, 15:51:37, 24.04, 45.22
2019-02-19, 15:51:38, 24.04, 45.22
2019-02-19, 15:51:39, 24.04, 45.19
2019-02-19, 15:51:41, 24.04, 45.19
2019-02-19, 15:51:42, 24.05, 45.19
2019-02-19, 15:51:43, 24.04, 45.19
2019-02-19, 15:51:45, 24.05, 45.19
2019-02-19, 15:51:46, 24.05, 45.19
2019-02-19, 15:51:47, 24.05, 45.19
2019-02-19, 15:51:49, 24.04, 45.19
2019-02-19, 15:51:50, 24.04, 45.19
2019-02-19, 15:51:51, 24.04, 45.19
2019-02-19, 15:51:53, 24.02, 45.18
2019-02-19, 15:51:54, 24.04, 45.22
2019-02-19, 15:51:55, 24.04, 45.22
2019-02-19, 15:51:57, 24.06, 45.22
2019-02-19, 15:51:58, 24.05, 45.19
2019-02-19, 15:52:00, 24.06, 45.22
2019-02-19, 15:52:01, 24.05, 45.22
2019-02-19, 15:52:02, 24.05, 45.22
2019-02-19, 15:52:04, 24.06, 45.22
2019-02-19, 15:52:05, 24.05, 45.22
2019-02-19, 15:52:06, 23.99, 45.21
2019-02-19, 15:52:08, 24.05, 45.25
2019-02-19, 15:52:09, 24.05, 45.25
2019-02-19, 15:52:11, 24.07, 45.26
2019-02-19, 15:52:12, 24.06, 45.25
2019-02-19, 15:52:13, 24.06, 45.25
2019-02-19, 15:52:15, 24.06, 45.22
2019-02-19, 15:52:16, 24.06, 45.22
2019-02-19, 15:52:17, 24.06, 45.19
2019-02-19, 15:52:19, 24.06, 45.22
2019-02-19, 15:52:20, 24.05, 45.22
2019-02-19, 15:52:21, 24.05, 45.22
2019-02-19, 15:52:23, 24.05, 45.22
2019-02-19, 15:52:24, 24.05, 45.22
2019-02-19, 15:52:25, 24.05, 45.22
2019-02-19, 15:52:27, 24.05, 45.22
2019-02-19, 15:52:28, 24.06, 45.22
2019-02-19, 15:52:29, 24.06, 45.22
2019-02-19, 15:52:31, 24.05, 45.25
2019-02-19, 15:52:32, 24.06, 45.25
2019-02-19, 15:52:34, 24.06, 45.25
2019-02-19, 15:52:35, 24.05, 45.25
2019-02-19, 15:52:36, 24.04, 45.25
2019-02-19, 15:52:38, 24.04, 45.25
2019-02-19, 15:52:39, 24.05, 45.25
2019-02-19, 15:52:40, 24.06, 45.25
2019-02-19, 15:52:42, 24.05, 45.25
2019-02-19, 15:52:43, 24.05, 45.25
2019-02-19, 15:52:44, 24.05, 45.25
2019-02-19, 15:52:46, 24.04, 45.25
2019-02-19, 15:52:47, 24.04, 45.25
2019-02-19, 15:52:48, 24.04, 45.22
2019-02-19, 15:52:50, 24.04, 45.25
2019-02-19, 15:52:51, 24.05, 45.25
2019-02-19, 15:52:52, 24.04, 45.25
2019-02-19, 15:52:54, 24.02, 45.25
2019-02-19, 15:52:55, 24.04, 45.25
2019-02-19, 15:52:57, 24.04, 45.25
2019-02-19, 15:52:58, 24.04, 45.25
2019-02-19, 15:52:59, 24.03, 45.25
2019-02-19, 15:53:01, 24.03, 45.25
2019-02-19, 15:53:02, 24.03, 45.25
2019-02-19, 15:53:03, 24.04, 45.25
2019-02-19, 15:53:05, 24.04, 45.25
2019-02-19, 15:53:06, 24.02, 45.25
2019-02-19, 15:53:07, 24.03, 45.25
2019-02-19, 15:53:09, 24.02, 45.28
2019-02-19, 15:53:10, 24.02, 45.25
2019-02-19, 15:53:11, 24.03, 45.25
2019-02-19, 15:53:13, 24.03, 45.28
2019-02-19, 15:53:14, 24.03, 45.28
2019-02-19, 15:53:16, 24.04, 45.28
2019-02-19, 15:53:17, 24.03, 45.28
2019-02-19, 15:53:18, 24.02, 45.25
2019-02-19, 15:53:20, 24.03, 45.25
2019-02-19, 15:53:21, 24.03, 45.25
2019-02-19, 15:53:22, 24.02, 45.25
2019-02-19, 15:53:24, 24.03, 45.25
2019-02-19, 15:53:25, 24.03, 45.25
2019-02-19, 15:53:26, 24.04, 45.25
2019-02-19, 15:53:28, 24.02, 45.25
2019-02-19, 15:53:29, 24.03, 45.25
2019-02-19, 15:53:30, 24.03, 45.25
2019-02-19, 15:53:32, 24.03, 45.25
2019-02-19, 15:53:33, 24.03, 45.25
2019-02-19, 15:53:34, 24.03, 45.25
2019-02-19, 15:53:36, 24.02, 45.25
2019-02-19, 15:53:37, 24.02, 45.25
2019-02-19, 15:53:39, 24.02, 45.25
2019-02-19, 15:53:40, 24.02, 45.25
2019-02-19, 15:53:41, 24.02, 45.25
2019-02-19, 15:53:43, 24.03, 45.25
2019-02-19, 15:53:44, 24.04, 45.25
2019-02-19, 15:53:45, 24.02, 45.25
2019-02-19, 15:53:47, 24.02, 45.25
2019-02-19, 15:53:48, 24.02, 45.25
2019-02-19, 15:53:49, 24.02, 45.25
2019-02-19, 15:53:51, 24.02, 45.25
2019-02-19, 15:53:52, 24.01, 45.25
2019-02-19, 15:53:53, 24.01, 45.28
2019-02-19, 15:53:55, 24.02, 45.28
2019-02-19, 15:53:56, 24.0, 45.28
2019-02-19, 15:53:58, 24.02, 45.31
2019-02-19, 15:53:59, 24.0, 45.25
2019-02-19, 15:54:00, 23.99, 45.28
2019-02-19, 15:54:02, 24.0, 45.28
2019-02-19, 15:54:03, 24.0, 45.31
2019-02-19, 15:54:04, 24.02, 45.28
2019-02-19, 15:54:06, 24.0, 45.31
2019-02-19, 15:54:07, 24.01, 45.31
2019-02-19, 15:54:08, 24.0, 45.31
2019-02-19, 15:54:10, 24.0, 45.28
2019-02-19, 15:54:11, 24.02, 45.31
2019-02-19, 15:54:12, 24.02, 45.31
2019-02-19, 15:54:14, 24.01, 45.28
2019-02-19, 15:54:15, 24.0, 45.28
2019-02-19, 15:54:16, 24.0, 45.31
2019-02-19, 15:54:18, 24.0, 45.31
2019-02-19, 15:54:19, 24.0, 45.28
2019-02-19, 15:54:21, 24.0, 45.28
2019-02-19, 15:54:22, 24.0, 45.28
2019-02-19, 15:54:23, 24.0, 45.31
2019-02-19, 15:54:25, 24.0, 45.31
2019-02-19, 15:54:26, 23.91, 45.3
2019-02-19, 15:54:27, 24.0, 45.31
2019-02-19, 15:54:29, 24.0, 45.31
2019-02-19, 15:54:30, 23.99, 45.34
2019-02-19, 15:54:31, 23.86, 45.36
2019-02-19, 15:54:33, 23.96, 45.37
2019-02-19, 15:54:34, 23.96, 45.37
2019-02-19, 15:54:35, 23.98, 45.37
2019-02-19, 15:54:37, 23.97, 45.37
2019-02-19, 15:54:38, 23.99, 45.37
2019-02-19, 15:54:39, 23.98, 45.34
2019-02-19, 15:54:41, 23.97, 45.37
2019-02-19, 15:54:42, 23.96, 45.37
2019-02-19, 15:54:44, 23.96, 45.37
2019-02-19, 15:54:45, 23.96, 45.37
2019-02-19, 15:54:46, 23.96, 45.37
2019-02-19, 15:54:48, 23.97, 45.37
2019-02-19, 15:54:49, 23.97, 45.37
2019-02-19, 15:54:50, 23.98, 45.37
2019-02-19, 15:54:52, 23.96, 45.37
2019-02-19, 15:54:53, 23.97, 45.37
2019-02-19, 15:54:54, 23.97, 45.37
2019-02-19, 15:54:56, 23.86, 45.36
2019-02-19, 15:54:57, 23.93, 45.4
2019-02-19, 15:54:58, 23.93, 45.4
2019-02-19, 15:55:00, 23.95, 45.4
2019-02-19, 15:55:01, 23.95, 45.4
2019-02-19, 15:55:02, 23.94, 45.4
2019-02-19, 15:55:04, 23.94, 45.4
2019-02-19, 15:55:05, 23.94, 45.4
2019-02-19, 15:55:07, 23.95, 45.4
2019-02-19, 15:55:08, 23.96, 45.37
2019-02-19, 15:55:09, 23.95, 45.37
2019-02-19, 15:55:11, 23.94, 45.4
2019-02-19, 15:55:12, 23.94, 45.37
2019-02-19, 15:55:13, 23.94, 45.37
2019-02-19, 15:55:15, 23.95, 45.37
2019-02-19, 15:55:16, 23.96, 45.37
2019-02-19, 15:55:17, 23.96, 45.37
2019-02-19, 15:55:19, 23.96, 45.37
2019-02-19, 15:55:20, 23.96, 45.37
2019-02-19, 15:55:21, 23.96, 45.37
2019-02-19, 15:55:23, 23.97, 45.37
2019-02-19, 15:55:24, 23.96, 45.37
2019-02-19, 15:55:25, 23.97, 45.37
2019-02-19, 15:55:27, 23.97, 45.37
2019-02-19, 15:55:28, 23.97, 45.37
2019-02-19, 15:55:30, 23.96, 45.37
2019-02-19, 15:55:31, 23.95, 45.37
2019-02-19, 15:55:32, 23.96, 45.37
2019-02-19, 15:55:34, 23.96, 45.37
2019-02-19, 15:55:35, 23.95, 45.37
2019-02-19, 15:55:36, 23.94, 45.37
2019-02-19, 15:55:38, 23.94, 45.37
2019-02-19, 15:55:39, 23.94, 45.34
2019-02-19, 15:55:40, 23.94, 45.37
2019-02-19, 15:55:42, 23.94, 45.37
2019-02-19, 15:55:43, 23.94, 45.37
2019-02-19, 15:55:44, 23.95, 45.37
2019-02-19, 15:55:46, 23.94, 45.37
2019-02-19, 15:55:47, 23.93, 45.37
2019-02-19, 15:55:48, 23.92, 45.37
2019-02-19, 15:55:50, 23.92, 45.37
2019-02-19, 15:55:51, 23.94, 45.37
2019-02-19, 15:55:53, 23.94, 45.37
2019-02-19, 15:55:54, 23.92, 45.37
2019-02-19, 15:55:55, 23.93, 45.37
2019-02-19, 15:55:57, 23.91, 45.37
2019-02-19, 15:55:58, 23.92, 45.37
2019-02-19, 15:55:59, 23.92, 45.37
2019-02-19, 15:56:01, 23.93, 45.37
2019-02-19, 15:56:02, 23.93, 45.37
2019-02-19, 15:56:03, 23.92, 45.37
2019-02-19, 15:56:05, 23.92, 45.37
2019-02-19, 15:56:06, 23.92, 45.37
2019-02-19, 15:56:07, 23.92, 45.37
2019-02-19, 15:56:09, 23.92, 45.37
2019-02-19, 15:56:10, 23.92, 45.37
2019-02-19, 15:56:12, 23.91, 45.4
2019-02-19, 15:56:13, 23.92, 45.37
2019-02-19, 15:56:14, 23.91, 45.37
2019-02-19, 15:56:16, 23.92, 45.37
2019-02-19, 15:56:17, 23.92, 45.4
2019-02-19, 15:56:18, 23.92, 45.37
2019-02-19, 15:56:20, 23.92, 45.37
2019-02-19, 15:56:21, 23.93, 45.37
2019-02-19, 15:56:22, 23.92, 45.4
2019-02-19, 15:56:24, 23.91, 45.4
2019-02-19, 15:56:25, 23.91, 45.4
2019-02-19, 15:56:26, 23.9, 45.43
2019-02-19, 15:56:28, 23.91, 45.43
2019-02-19, 15:56:29, 23.91, 45.43
2019-02-19, 15:56:30, 23.92, 45.43
2019-02-19, 15:56:32, 23.92, 45.43
2019-02-19, 15:56:33, 23.92, 45.43
2019-02-19, 15:56:35, 23.93, 45.43
2019-02-19, 15:56:36, 23.92, 45.43
2019-02-19, 15:56:37, 23.92, 45.46
2019-02-19, 15:56:39, 23.92, 45.43
2019-02-19, 15:56:40, 23.92, 45.43
2019-02-19, 15:56:41, 23.9, 45.43
2019-02-19, 15:56:43, 23.91, 45.43
2019-02-19, 15:56:44, 23.9, 45.46
2019-02-19, 15:56:45, 23.91, 45.46
2019-02-19, 15:56:47, 23.9, 45.43
2019-02-19, 15:56:48, 23.9, 45.46
2019-02-19, 15:56:49, 23.92, 45.43
2019-02-19, 15:56:51, 23.92, 45.5
2019-02-19, 15:56:52, 23.92, 45.46
2019-02-19, 15:56:53, 23.92, 45.5
2019-02-19, 15:56:55, 23.76, 45.48
2019-02-19, 15:56:56, 23.87, 45.55
2019-02-19, 15:56:58, 23.88, 45.55
2019-02-19, 15:56:59, 23.9, 45.56
2019-02-19, 15:57:00, 23.9, 45.56
2019-02-19, 15:57:02, 23.9, 45.52
2019-02-19, 15:57:03, 23.9, 45.49
2019-02-19, 15:57:04, 23.9, 45.49
2019-02-19, 15:57:06, 23.9, 45.49
2019-02-19, 15:57:07, 23.9, 45.49
2019-02-19, 15:57:08, 23.89, 45.49
2019-02-19, 15:57:10, 23.9, 45.49
2019-02-19, 15:57:11, 23.89, 45.49
2019-02-19, 15:57:12, 23.9, 45.49
2019-02-19, 15:57:14, 23.89, 45.49
2019-02-19, 15:57:15, 23.9, 45.49
2019-02-19, 15:57:17, 23.9, 45.49
2019-02-19, 15:57:18, 23.89, 45.49
2019-02-19, 15:57:19, 23.9, 45.49
2019-02-19, 15:57:21, 23.88, 45.49
2019-02-19, 15:57:22, 23.89, 45.49
2019-02-19, 15:57:23, 23.89, 45.49
2019-02-19, 15:57:25, 23.89, 45.49
2019-02-19, 15:57:26, 23.9, 45.49
2019-02-19, 15:57:27, 23.9, 45.49
2019-02-19, 15:57:29, 23.9, 45.49
2019-02-19, 15:57:30, 23.9, 45.49
2019-02-19, 15:57:31, 23.89, 45.49
2019-02-19, 15:57:33, 23.9, 45.49
2019-02-19, 15:57:34, 23.88, 45.49
2019-02-19, 15:57:35, 23.89, 45.49
2019-02-19, 15:57:37, 23.9, 45.49
2019-02-19, 15:57:38, 23.9, 45.46
2019-02-19, 15:57:40, 23.89, 45.43
2019-02-19, 15:57:41, 23.9, 45.46
2019-02-19, 15:57:42, 23.9, 45.46
2019-02-19, 15:57:44, 23.9, 45.43
2019-02-19, 15:57:45, 23.91, 45.46
2019-02-19, 15:57:46, 23.9, 45.43
2019-02-19, 15:57:48, 23.9, 45.43
2019-02-19, 15:57:49, 23.9, 45.43
2019-02-19, 15:57:50, 23.9, 45.46
2019-02-19, 15:57:52, 23.9, 45.43
2019-02-19, 15:57:53, 23.88, 45.46
2019-02-19, 15:57:54, 23.89, 45.43
2019-02-19, 15:57:56, 23.92, 45.46
2019-02-19, 15:57:57, 23.9, 45.43
2019-02-19, 15:57:58, 23.9, 45.46
2019-02-19, 15:58:00, 23.9, 45.46
2019-02-19, 15:58:01, 23.9, 45.43
2019-02-19, 15:58:03, 23.9, 45.43
2019-02-19, 15:58:04, 23.9, 45.43
2019-02-19, 15:58:05, 23.91, 45.49
2019-02-19, 15:58:07, 23.92, 45.43
2019-02-19, 15:58:08, 23.91, 45.46
2019-02-19, 15:58:09, 23.9, 45.46
2019-02-19, 15:58:11, 23.91, 45.46
2019-02-19, 15:58:12, 23.91, 45.46
2019-02-19, 15:58:13, 23.92, 45.46
2019-02-19, 15:58:15, 23.9, 45.49
2019-02-19, 15:58:16, 23.9, 45.46
2019-02-19, 15:58:17, 23.9, 45.46
2019-02-19, 15:58:19, 23.91, 45.46
2019-02-19, 15:58:20, 23.9, 45.46
2019-02-19, 15:58:22, 23.9, 45.49
2019-02-19, 15:58:23, 23.91, 45.49
2019-02-19, 15:58:24, 23.92, 45.46
2019-02-19, 15:58:26, 23.93, 45.46
2019-02-19, 15:58:27, 23.93, 45.46
2019-02-19, 15:58:28, 23.92, 45.46
2019-02-19, 15:58:30, 23.92, 45.46
2019-02-19, 15:58:31, 23.93, 45.43
2019-02-19, 15:58:32, 23.93, 45.43
2019-02-19, 15:58:34, 23.94, 45.43
2019-02-19, 15:58:35, 23.92, 45.43
2019-02-19, 15:58:36, 23.92, 45.43
2019-02-19, 15:58:38, 23.93, 45.43
2019-02-19, 15:58:39, 23.9, 45.43
2019-02-19, 15:58:41, 23.92, 45.43
2019-02-19, 15:58:42, 23.92, 45.43
2019-02-19, 15:58:43, 23.92, 45.43
2019-02-19, 15:58:45, 23.94, 45.43
2019-02-19, 15:58:46, 23.92, 45.43
2019-02-19, 15:58:47, 23.92, 45.43
2019-02-19, 15:58:49, 23.91, 45.43
2019-02-19, 15:58:50, 23.9, 45.43
2019-02-19, 15:58:51, 23.92, 45.43
2019-02-19, 15:58:53, 23.91, 45.43
2019-02-19, 15:58:54, 23.91, 45.43
2019-02-19, 15:58:55, 23.91, 45.43
2019-02-19, 15:58:57, 23.91, 45.43
2019-02-19, 15:58:58, 23.92, 45.43
2019-02-19, 15:59:00, 23.92, 45.43
2019-02-19, 15:59:01, 23.91, 45.43
2019-02-19, 15:59:02, 23.91, 45.43
2019-02-19, 15:59:04, 23.92, 45.43
2019-02-19, 15:59:05, 23.9, 45.43
2019-02-19, 15:59:06, 23.91, 45.43
2019-02-19, 15:59:08, 23.9, 45.43
2019-02-19, 15:59:09, 23.92, 45.46
2019-02-19, 15:59:10, 23.92, 45.46
2019-02-19, 15:59:12, 23.92, 45.43
2019-02-19, 15:59:13, 23.92, 45.46
2019-02-19, 15:59:14, 23.92, 45.43
2019-02-19, 15:59:16, 23.91, 45.43
2019-02-19, 15:59:17, 23.92, 45.43
2019-02-19, 15:59:18, 23.9, 45.43
2019-02-19, 15:59:20, 23.92, 45.43
2019-02-19, 15:59:21, 23.91, 45.43
2019-02-19, 15:59:23, 23.9, 45.46
2019-02-19, 15:59:24, 23.9, 45.46
2019-02-19, 15:59:25, 23.9, 45.43
2019-02-19, 15:59:27, 23.91, 45.43
2019-02-19, 15:59:28, 23.9, 45.43
2019-02-19, 15:59:29, 23.91, 45.43
2019-02-19, 15:59:31, 23.9, 45.43
2019-02-19, 15:59:32, 23.92, 45.43
2019-02-19, 15:59:33, 23.91, 45.43
2019-02-19, 15:59:35, 23.91, 45.43
2019-02-19, 15:59:36, 23.91, 45.43
2019-02-19, 15:59:37, 23.92, 45.43
2019-02-19, 15:59:39, 23.92, 45.43
2019-02-19, 15:59:40, 23.92, 45.43
2019-02-19, 15:59:42, 23.92, 45.43
2019-02-19, 15:59:43, 23.92, 45.43
2019-02-19, 15:59:44, 23.92, 45.43
2019-02-19, 15:59:46, 23.94, 45.4
2019-02-19, 15:59:47, 23.93, 45.4
2019-02-19, 15:59:48, 23.93, 45.4
2019-02-19, 15:59:50, 23.92, 45.4
2019-02-19, 15:59:51, 23.93, 45.37
2019-02-19, 15:59:52, 23.84, 45.39
2019-02-19, 15:59:54, 23.92, 45.43
2019-02-19, 15:59:55, 23.92, 45.43
2019-02-19, 15:59:56, 23.92, 45.4
2019-02-19, 15:59:58, 23.93, 45.4
2019-02-19, 15:59:59, 23.94, 45.37
2019-02-19, 16:00:00, 23.92, 45.4
2019-02-19, 16:00:02, 23.92, 45.4
2019-02-19, 16:00:03, 23.94, 45.37
2019-02-19, 16:00:05, 23.94, 45.37
2019-02-19, 16:00:06, 23.94, 45.37
2019-02-19, 16:00:07, 23.94, 45.37
2019-02-19, 16:00:09, 23.94, 45.37
2019-02-19, 16:00:10, 23.94, 45.4
2019-02-19, 16:00:11, 23.95, 45.37
2019-02-19, 16:00:13, 23.95, 45.4
2019-02-19, 16:00:14, 23.92, 45.37
2019-02-19, 16:00:15, 23.94, 45.37
2019-02-19, 16:00:17, 23.94, 45.37
2019-02-19, 16:00:18, 23.95, 45.37
2019-02-19, 16:00:19, 23.96, 45.37
2019-02-19, 16:00:21, 23.97, 45.37
2019-02-19, 16:00:22, 23.85, 45.36
2019-02-19, 16:00:24, 23.92, 45.4
2019-02-19, 16:00:25, 23.93, 45.43
2019-02-19, 16:00:26, 23.95, 45.4
2019-02-19, 16:00:28, 23.81, 45.42
2019-02-19, 16:00:29, 23.91, 45.46
2019-02-19, 16:00:30, 23.92, 45.46
2019-02-19, 16:00:32, 23.94, 45.47
2019-02-19, 16:00:33, 23.93, 45.46
2019-02-19, 16:00:34, 23.95, 45.47
2019-02-19, 16:00:36, 23.95, 45.47
2019-02-19, 16:00:37, 23.96, 45.44
2019-02-19, 16:00:38, 23.96, 45.44
2019-02-19, 16:00:40, 23.96, 45.44
2019-02-19, 16:00:41, 23.97, 45.44
2019-02-19, 16:00:42, 23.96, 45.44
2019-02-19, 16:00:44, 23.98, 45.44
2019-02-19, 16:00:45, 23.96, 45.37
2019-02-19, 16:00:47, 23.96, 45.4
2019-02-19, 16:00:48, 23.97, 45.37
2019-02-19, 16:00:49, 23.98, 45.37
2019-02-19, 16:00:51, 23.98, 45.37
2019-02-19, 16:00:52, 23.84, 45.39
2019-02-19, 16:00:53, 23.94, 45.43
2019-02-19, 16:00:55, 23.97, 45.44
2019-02-19, 16:00:56, 23.98, 45.41
2019-02-19, 16:00:57, 23.98, 45.41
2019-02-19, 16:00:59, 23.99, 45.37
2019-02-19, 16:01:00, 23.98, 45.37
2019-02-19, 16:01:01, 23.98, 45.37
2019-02-19, 16:01:03, 23.99, 45.37
2019-02-19, 16:01:04, 23.98, 45.34
2019-02-19, 16:01:06, 23.98, 45.37
2019-02-19, 16:01:07, 23.99, 45.37
2019-02-19, 16:01:08, 24.0, 45.34
2019-02-19, 16:01:10, 23.99, 45.31
2019-02-19, 16:01:11, 23.99, 45.31
2019-02-19, 16:01:12, 23.99, 45.31
2019-02-19, 16:01:14, 23.99, 45.31
2019-02-19, 16:01:15, 23.99, 45.31
2019-02-19, 16:01:16, 23.98, 45.31
2019-02-19, 16:01:18, 23.98, 45.31
2019-02-19, 16:01:19, 23.99, 45.31
2019-02-19, 16:01:20, 24.0, 45.31
2019-02-19, 16:01:22, 23.98, 45.31
2019-02-19, 16:01:23, 23.99, 45.31
2019-02-19, 16:01:24, 23.97, 45.31
2019-02-19, 16:01:26, 23.97, 45.31
2019-02-19, 16:01:27, 23.98, 45.31
2019-02-19, 16:01:29, 23.97, 45.31
2019-02-19, 16:01:30, 23.98, 45.31
2019-02-19, 16:01:31, 23.97, 45.31
2019-02-19, 16:01:33, 23.98, 45.31
2019-02-19, 16:01:34, 23.97, 45.31
2019-02-19, 16:01:35, 23.97, 45.31
2019-02-19, 16:01:37, 23.98, 45.31
2019-02-19, 16:01:38, 23.99, 45.31
2019-02-19, 16:01:39, 23.99, 45.31
2019-02-19, 16:01:41, 23.99, 45.31
2019-02-19, 16:01:42, 23.99, 45.31
2019-02-19, 16:01:43, 23.99, 45.31
2019-02-19, 16:01:45, 23.99, 45.31
2019-02-19, 16:01:46, 24.0, 45.31
2019-02-19, 16:01:47, 24.0, 45.31
2019-02-19, 16:01:49, 23.99, 45.31
2019-02-19, 16:01:50, 23.98, 45.31
2019-02-19, 16:01:52, 23.81, 45.32
2019-02-19, 16:01:53, 23.93, 45.37
2019-02-19, 16:01:54, 23.96, 45.37
2019-02-19, 16:01:56, 23.97, 45.37
2019-02-19, 16:01:57, 23.97, 45.37
2019-02-19, 16:01:58, 23.98, 45.34
2019-02-19, 16:02:00, 23.97, 45.37
2019-02-19, 16:02:01, 23.97, 45.31
2019-02-19, 16:02:02, 23.97, 45.31
2019-02-19, 16:02:04, 23.97, 45.31
2019-02-19, 16:02:05, 23.96, 45.31
2019-02-19, 16:02:06, 23.98, 45.31
2019-02-19, 16:02:08, 23.98, 45.31
2019-02-19, 16:02:09, 23.98, 45.31
2019-02-19, 16:02:11, 23.99, 45.31
2019-02-19, 16:02:12, 23.97, 45.31
2019-02-19, 16:02:13, 23.98, 45.28
2019-02-19, 16:02:15, 23.99, 45.28
2019-02-19, 16:02:16, 23.97, 45.24
2019-02-19, 16:02:17, 23.98, 45.28
2019-02-19, 16:02:19, 23.98, 45.28
2019-02-19, 16:02:20, 23.98, 45.28
2019-02-19, 16:02:21, 23.95, 45.24
2019-02-19, 16:02:23, 23.98, 45.28
2019-02-19, 16:02:24, 23.99, 45.25
2019-02-19, 16:02:25, 23.99, 45.31
2019-02-19, 16:02:27, 23.99, 45.31
2019-02-19, 16:02:28, 23.99, 45.28
2019-02-19, 16:02:30, 23.98, 45.28
2019-02-19, 16:02:31, 23.99, 45.28
2019-02-19, 16:02:32, 23.98, 45.28
2019-02-19, 16:02:34, 23.98, 45.28
2019-02-19, 16:02:35, 23.98, 45.28
2019-02-19, 16:02:36, 23.98, 45.24
2019-02-19, 16:02:38, 23.98, 45.28
2019-02-19, 16:02:39, 23.98, 45.28
2019-02-19, 16:02:40, 23.98, 45.24
2019-02-19, 16:02:42, 23.97, 45.28
2019-02-19, 16:02:43, 23.96, 45.27
2019-02-19, 16:02:44, 23.96, 45.27
2019-02-19, 16:02:46, 23.98, 45.31
2019-02-19, 16:02:47, 23.97, 45.28
2019-02-19, 16:02:48, 23.96, 45.27
2019-02-19, 16:02:50, 23.96, 45.31
2019-02-19, 16:02:51, 23.97, 45.31
2019-02-19, 16:02:53, 23.97, 45.31
2019-02-19, 16:02:54, 23.97, 45.28
2019-02-19, 16:02:55, 23.96, 45.27
2019-02-19, 16:02:57, 23.96, 45.31
2019-02-19, 16:02:58, 23.97, 45.31
2019-02-19, 16:02:59, 23.99, 45.31
2019-02-19, 16:03:01, 23.99, 45.31
2019-02-19, 16:03:02, 23.99, 45.31
2019-02-19, 16:03:03, 23.98, 45.31
2019-02-19, 16:03:05, 24.0, 45.31
2019-02-19, 16:03:06, 24.01, 45.28
2019-02-19, 16:03:07, 24.0, 45.31
2019-02-19, 16:03:09, 24.0, 45.28
2019-02-19, 16:03:10, 24.0, 45.28
2019-02-19, 16:03:11, 24.02, 45.28
2019-02-19, 16:03:13, 24.01, 45.25
2019-02-19, 16:03:14, 24.02, 45.25
2019-02-19, 16:03:16, 24.01, 45.25
2019-02-19, 16:03:17, 24.01, 45.25
2019-02-19, 16:03:18, 24.01, 45.25
2019-02-19, 16:03:20, 24.02, 45.25
2019-02-19, 16:03:21, 24.02, 45.22
2019-02-19, 16:03:22, 24.03, 45.25
2019-02-19, 16:03:24, 24.02, 45.22
2019-02-19, 16:03:25, 24.04, 45.22
2019-02-19, 16:03:26, 24.03, 45.22
2019-02-19, 16:03:28, 24.03, 45.22
2019-02-19, 16:03:29, 24.03, 45.19
2019-02-19, 16:03:30, 24.03, 45.19
2019-02-19, 16:03:32, 24.02, 45.18
2019-02-19, 16:03:33, 24.04, 45.19
2019-02-19, 16:03:35, 24.04, 45.19
2019-02-19, 16:03:36, 24.04, 45.19
2019-02-19, 16:03:37, 24.04, 45.19
2019-02-19, 16:03:39, 24.06, 45.19
2019-02-19, 16:03:40, 24.04, 45.19
2019-02-19, 16:03:41, 24.04, 45.19
2019-02-19, 16:03:43, 24.03, 45.15
2019-02-19, 16:03:44, 24.04, 45.12
2019-02-19, 16:03:45, 24.03, 45.15
2019-02-19, 16:03:47, 24.02, 45.12
2019-02-19, 16:03:48, 24.02, 45.12
2019-02-19, 16:03:49, 23.98, 45.12
2019-02-19, 16:03:51, 24.01, 45.12
2019-02-19, 16:03:52, 24.02, 45.12
2019-02-19, 16:03:53, 24.02, 45.15
2019-02-19, 16:03:55, 24.02, 45.15
2019-02-19, 16:03:56, 24.03, 45.12
2019-02-19, 16:03:58, 24.04, 45.16
2019-02-19, 16:03:59, 24.02, 45.15
2019-02-19, 16:04:00, 24.03, 45.15
2019-02-19, 16:04:02, 24.04, 45.12
2019-02-19, 16:04:03, 24.01, 45.15
2019-02-19, 16:04:04, 24.02, 45.15
2019-02-19, 16:04:06, 24.03, 45.15
2019-02-19, 16:04:07, 24.02, 45.15
2019-02-19, 16:04:08, 24.04, 45.12
2019-02-19, 16:04:10, 24.03, 45.12
2019-02-19, 16:04:11, 24.03, 45.12
2019-02-19, 16:04:12, 24.03, 45.12
2019-02-19, 16:04:14, 24.03, 45.12
2019-02-19, 16:04:15, 24.03, 45.12
2019-02-19, 16:04:16, 24.04, 45.12
2019-02-19, 16:04:18, 24.04, 45.09
2019-02-19, 16:04:19, 24.03, 45.12
2019-02-19, 16:04:21, 24.02, 45.09
2019-02-19, 16:04:22, 24.03, 45.12
2019-02-19, 16:04:23, 24.04, 45.12
2019-02-19, 16:04:25, 23.96, 45.11
2019-02-19, 16:04:26, 24.02, 45.12
2019-02-19, 16:04:27, 24.02, 45.15
2019-02-19, 16:04:29, 24.03, 45.15
2019-02-19, 16:04:30, 24.03, 45.15
2019-02-19, 16:04:31, 24.03, 45.15
2019-02-19, 16:04:33, 24.01, 45.15
2019-02-19, 16:04:34, 24.03, 45.15
2019-02-19, 16:04:35, 24.03, 45.12
2019-02-19, 16:04:37, 24.02, 45.15
2019-02-19, 16:04:38, 24.04, 45.12
2019-02-19, 16:04:39, 24.04, 45.12
2019-02-19, 16:04:41, 24.03, 45.15
2019-02-19, 16:04:42, 24.01, 45.12
2019-02-19, 16:04:44, 24.02, 45.12
2019-02-19, 16:04:45, 24.03, 45.12
2019-02-19, 16:04:46, 24.02, 45.12
2019-02-19, 16:04:48, 24.03, 45.12
2019-02-19, 16:04:49, 24.03, 45.12
2019-02-19, 16:04:50, 24.02, 45.12
2019-02-19, 16:04:52, 24.03, 45.12
2019-02-19, 16:04:53, 24.02, 45.12
2019-02-19, 16:04:54, 24.03, 45.12
2019-02-19, 16:04:56, 24.02, 45.15
2019-02-19, 16:04:57, 24.03, 45.15
2019-02-19, 16:04:58, 24.02, 45.15
2019-02-19, 16:05:00, 24.02, 45.18
2019-02-19, 16:05:01, 24.02, 45.15
2019-02-19, 16:05:03, 24.02, 45.15
2019-02-19, 16:05:04, 24.02, 45.15
2019-02-19, 16:05:05, 24.02, 45.15
2019-02-19, 16:05:07, 24.02, 45.15
2019-02-19, 16:05:08, 24.02, 45.15
2019-02-19, 16:05:09, 24.02, 45.18
2019-02-19, 16:05:11, 24.02, 45.15
2019-02-19, 16:05:12, 24.02, 45.15
2019-02-19, 16:05:13, 24.0, 45.12
2019-02-19, 16:05:15, 24.02, 45.15
2019-02-19, 16:05:16, 24.02, 45.12
2019-02-19, 16:05:17, 24.01, 45.15
2019-02-19, 16:05:19, 24.01, 45.12
2019-02-19, 16:05:20, 24.01, 45.12
2019-02-19, 16:05:21, 24.02, 45.15
2019-02-19, 16:05:23, 24.02, 45.12
2019-02-19, 16:05:24, 24.01, 45.12
2019-02-19, 16:05:26, 24.01, 45.12
2019-02-19, 16:05:27, 24.02, 45.12
2019-02-19, 16:05:28, 24.02, 45.12
2019-02-19, 16:05:30, 24.02, 45.15
2019-02-19, 16:05:31, 24.02, 45.12
2019-02-19, 16:05:32, 24.02, 45.12
2019-02-19, 16:05:34, 24.01, 45.12
2019-02-19, 16:05:35, 24.02, 45.12
2019-02-19, 16:05:36, 24.02, 45.12
2019-02-19, 16:05:38, 24.02, 45.12
2019-02-19, 16:05:39, 24.02, 45.12
2019-02-19, 16:05:40, 24.02, 45.12
2019-02-19, 16:05:42, 24.03, 45.12
2019-02-19, 16:05:43, 24.01, 45.12
2019-02-19, 16:05:44, 24.02, 45.12
2019-02-19, 16:05:46, 24.02, 45.12
2019-02-19, 16:05:47, 24.04, 45.12
2019-02-19, 16:05:49, 24.03, 45.12
2019-02-19, 16:05:50, 24.02, 45.12
2019-02-19, 16:05:51, 24.02, 45.12
2019-02-19, 16:05:53, 24.02, 45.09
2019-02-19, 16:05:54, 23.87, 45.1
2019-02-19, 16:05:55, 23.96, 45.18
2019-02-19, 16:05:57, 23.97, 45.18
2019-02-19, 16:05:58, 24.0, 45.18
2019-02-19, 16:05:59, 24.02, 45.18
2019-02-19, 16:06:01, 24.01, 45.18
2019-02-19, 16:06:02, 24.02, 45.15
2019-02-19, 16:06:03, 24.01, 45.15
2019-02-19, 16:06:05, 24.03, 45.19
2019-02-19, 16:06:06, 24.03, 45.15
2019-02-19, 16:06:08, 24.02, 45.18
2019-02-19, 16:06:09, 24.02, 45.15
2019-02-19, 16:06:10, 24.03, 45.19
2019-02-19, 16:06:12, 24.03, 45.15
2019-02-19, 16:06:13, 24.03, 45.19
2019-02-19, 16:06:14, 24.04, 45.19
2019-02-19, 16:06:16, 24.04, 45.16
2019-02-19, 16:06:17, 24.03, 45.15
2019-02-19, 16:06:18, 24.02, 45.18
2019-02-19, 16:06:20, 24.02, 45.15
2019-02-19, 16:06:21, 24.02, 45.18
2019-02-19, 16:06:22, 24.02, 45.18
2019-02-19, 16:06:24, 23.87, 45.2
2019-02-19, 16:06:25, 23.98, 45.24
2019-02-19, 16:06:26, 24.0, 45.28
2019-02-19, 16:06:28, 24.01, 45.25
2019-02-19, 16:06:29, 24.01, 45.25
2019-02-19, 16:06:31, 24.03, 45.25
2019-02-19, 16:06:32, 24.02, 45.25
2019-02-19, 16:06:33, 24.03, 45.22
2019-02-19, 16:06:35, 24.04, 45.22
2019-02-19, 16:06:36, 24.02, 45.22
2019-02-19, 16:06:37, 24.04, 45.19
2019-02-19, 16:06:39, 24.03, 45.19
2019-02-19, 16:06:40, 24.04, 45.19
2019-02-19, 16:06:41, 24.04, 45.16
2019-02-19, 16:06:43, 24.04, 45.16
2019-02-19, 16:06:44, 24.04, 45.12
2019-02-19, 16:06:45, 24.04, 45.12
2019-02-19, 16:06:47, 24.04, 45.09
2019-02-19, 16:06:48, 24.04, 45.12
2019-02-19, 16:06:49, 24.03, 45.06
2019-02-19, 16:06:51, 24.04, 45.09
2019-02-19, 16:06:52, 24.03, 45.06
2019-02-19, 16:06:54, 24.03, 45.09
2019-02-19, 16:06:55, 24.03, 45.06
2019-02-19, 16:06:56, 24.04, 45.06
2019-02-19, 16:06:58, 24.03, 45.09
2019-02-19, 16:06:59, 24.04, 45.06
2019-02-19, 16:07:00, 24.05, 45.06
2019-02-19, 16:07:02, 24.04, 45.06
2019-02-19, 16:07:03, 24.05, 45.06
2019-02-19, 16:07:04, 24.04, 45.06
2019-02-19, 16:07:06, 24.04, 45.06
2019-02-19, 16:07:07, 24.04, 45.06
2019-02-19, 16:07:08, 24.04, 45.03
2019-02-19, 16:07:10, 24.05, 45.03
2019-02-19, 16:07:11, 24.05, 45.06
2019-02-19, 16:07:13, 24.05, 45.06
2019-02-19, 16:07:14, 24.05, 45.06
2019-02-19, 16:07:15, 24.06, 45.06
2019-02-19, 16:07:17, 24.06, 45.06
2019-02-19, 16:07:18, 24.06, 45.03
2019-02-19, 16:07:19, 24.05, 45.06
2019-02-19, 16:07:21, 24.05, 45.06
2019-02-19, 16:07:22, 24.05, 45.06
2019-02-19, 16:07:23, 24.04, 45.06
2019-02-19, 16:07:25, 24.04, 45.06
2019-02-19, 16:07:26, 24.06, 45.03
2019-02-19, 16:07:27, 24.04, 45.03
2019-02-19, 16:07:29, 24.05, 45.03
2019-02-19, 16:07:30, 24.04, 45.03
2019-02-19, 16:07:32, 24.05, 45.03
2019-02-19, 16:07:33, 24.06, 45.03
2019-02-19, 16:07:34, 24.05, 45.03
2019-02-19, 16:07:36, 24.04, 45.06
2019-02-19, 16:07:37, 24.05, 45.06
2019-02-19, 16:07:38, 24.06, 45.06
2019-02-19, 16:07:40, 24.06, 45.06
2019-02-19, 16:07:41, 24.06, 45.06
2019-02-19, 16:07:42, 24.06, 45.03
2019-02-19, 16:07:44, 24.05, 45.06
2019-02-19, 16:07:45, 24.04, 45.06
2019-02-19, 16:07:46, 24.06, 45.06
2019-02-19, 16:07:48, 24.05, 45.03
2019-02-19, 16:07:49, 24.06, 45.06
2019-02-19, 16:07:51, 24.06, 45.06
2019-02-19, 16:07:52, 24.05, 45.06
2019-02-19, 16:07:53, 24.06, 45.06
2019-02-19, 16:07:55, 24.06, 45.06
2019-02-19, 16:07:56, 24.06, 45.06
2019-02-19, 16:07:57, 24.06, 45.06
2019-02-19, 16:07:59, 24.07, 45.06
2019-02-19, 16:08:00, 24.08, 45.06
2019-02-19, 16:08:01, 24.08, 45.03
2019-02-19, 16:08:03, 24.07, 45.03
2019-02-19, 16:08:04, 24.08, 45.0
2019-02-19, 16:08:05, 24.09, 45.0
2019-02-19, 16:08:07, 24.09, 45.0
2019-02-19, 16:08:08, 24.08, 45.0
2019-02-19, 16:08:10, 24.08, 45.0
2019-02-19, 16:08:11, 24.1, 44.97
2019-02-19, 16:08:12, 24.08, 44.97
2019-02-19, 16:08:14, 24.08, 45.0
2019-02-19, 16:08:15, 24.09, 45.0
2019-02-19, 16:08:16, 24.09, 44.97
2019-02-19, 16:08:18, 24.09, 45.0
2019-02-19, 16:08:19, 24.09, 44.97
2019-02-19, 16:08:20, 24.08, 44.97
2019-02-19, 16:08:22, 24.1, 45.0
2019-02-19, 16:08:23, 24.09, 45.0
2019-02-19, 16:08:24, 24.1, 44.97
2019-02-19, 16:08:26, 24.1, 44.97
2019-02-19, 16:08:27, 24.1, 45.0
2019-02-19, 16:08:28, 24.11, 44.97
2019-02-19, 16:08:30, 24.12, 45.0
2019-02-19, 16:08:31, 24.11, 44.94
2019-02-19, 16:08:33, 24.11, 44.97
2019-02-19, 16:08:34, 24.12, 44.97
2019-02-19, 16:08:35, 24.11, 44.97
2019-02-19, 16:08:37, 24.1, 44.97
2019-02-19, 16:08:38, 24.12, 44.97
2019-02-19, 16:08:39, 24.12, 44.97
2019-02-19, 16:08:41, 24.11, 44.94
2019-02-19, 16:08:42, 24.12, 44.94
2019-02-19, 16:08:43, 24.12, 44.97
2019-02-19, 16:08:45, 24.11, 44.94
2019-02-19, 16:08:46, 24.12, 44.94
2019-02-19, 16:08:47, 24.12, 44.94
2019-02-19, 16:08:49, 24.12, 44.94
2019-02-19, 16:08:50, 24.13, 44.94
2019-02-19, 16:08:51, 24.13, 44.97
2019-02-19, 16:08:53, 24.13, 44.97
2019-02-19, 16:08:54, 24.13, 44.94
2019-02-19, 16:08:56, 24.14, 44.94
2019-02-19, 16:08:57, 24.15, 44.94
2019-02-19, 16:08:58, 24.14, 44.94
2019-02-19, 16:09:00, 24.12, 44.94
2019-02-19, 16:09:01, 24.14, 44.94
2019-02-19, 16:09:02, 24.13, 44.94
2019-02-19, 16:09:04, 24.14, 44.94
2019-02-19, 16:09:05, 24.13, 44.94
2019-02-19, 16:09:06, 24.14, 44.94
2019-02-19, 16:09:08, 24.13, 44.94
2019-02-19, 16:09:09, 24.13, 44.94
2019-02-19, 16:09:10, 24.14, 44.94
2019-02-19, 16:09:12, 24.14, 44.94
2019-02-19, 16:09:13, 24.14, 44.94
2019-02-19, 16:09:15, 24.13, 44.94
2019-02-19, 16:09:16, 24.12, 44.94
2019-02-19, 16:09:17, 24.12, 44.94
2019-02-19, 16:09:19, 24.13, 44.94
2019-02-19, 16:09:20, 24.14, 44.94
2019-02-19, 16:09:21, 24.14, 44.94
2019-02-19, 16:09:23, 24.13, 44.94
2019-02-19, 16:09:24, 24.13, 44.94
2019-02-19, 16:09:25, 24.13, 44.94
2019-02-19, 16:09:27, 24.13, 44.94
2019-02-19, 16:09:28, 24.13, 44.94
2019-02-19, 16:09:29, 24.14, 44.91
2019-02-19, 16:09:31, 24.12, 44.91
2019-02-19, 16:09:32, 24.13, 44.91
2019-02-19, 16:09:33, 24.12, 44.91
2019-02-19, 16:09:35, 24.13, 44.91
2019-02-19, 16:09:36, 24.13, 44.94
2019-02-19, 16:09:38, 24.12, 44.94
2019-02-19, 16:09:39, 24.13, 44.91
2019-02-19, 16:09:40, 24.13, 44.91
2019-02-19, 16:09:42, 24.12, 44.94
2019-02-19, 16:09:43, 24.13, 44.91
2019-02-19, 16:09:44, 24.12, 44.94
2019-02-19, 16:09:46, 24.03, 44.93
2019-02-19, 16:09:47, 24.1, 44.97
2019-02-19, 16:09:48, 24.12, 44.97
2019-02-19, 16:09:50, 24.12, 44.97
2019-02-19, 16:09:51, 24.12, 44.94
2019-02-19, 16:09:52, 24.12, 44.94
2019-02-19, 16:09:54, 24.12, 44.94
2019-02-19, 16:09:55, 24.12, 44.94
2019-02-19, 16:09:57, 24.13, 44.94
2019-02-19, 16:09:58, 24.13, 44.94
2019-02-19, 16:09:59, 24.13, 44.91
2019-02-19, 16:10:01, 24.12, 44.91
2019-02-19, 16:10:02, 24.12, 44.91
2019-02-19, 16:10:03, 24.12, 44.87
2019-02-19, 16:10:05, 24.11, 44.87
2019-02-19, 16:10:06, 24.13, 44.88
2019-02-19, 16:10:07, 24.13, 44.91
2019-02-19, 16:10:09, 24.12, 44.91
2019-02-19, 16:10:12, 23.86, 44.97
2019-02-19, 16:10:13, 24.04, 45.06
2019-02-19, 16:10:14, 24.06, 45.06
2019-02-19, 16:10:16, 23.93, 45.05
2019-02-19, 16:10:17, 24.04, 45.12
2019-02-19, 16:10:18, 24.07, 45.06
2019-02-19, 16:10:20, 24.08, 45.06
2019-02-19, 16:10:21, 24.08, 45.03
2019-02-19, 16:10:23, 24.1, 45.0
2019-02-19, 16:10:24, 24.1, 44.97
2019-02-19, 16:10:25, 24.09, 44.97
2019-02-19, 16:10:27, 24.11, 44.94
2019-02-19, 16:10:28, 24.12, 44.94
2019-02-19, 16:10:29, 24.12, 44.94
2019-02-19, 16:10:31, 24.11, 44.91
2019-02-19, 16:10:32, 24.11, 44.87
2019-02-19, 16:10:33, 24.12, 44.87
2019-02-19, 16:10:35, 24.12, 44.87
2019-02-19, 16:10:36, 24.11, 44.87
2019-02-19, 16:10:37, 24.12, 44.87
2019-02-19, 16:10:39, 24.12, 44.91
2019-02-19, 16:10:40, 24.12, 44.91
2019-02-19, 16:10:41, 24.12, 44.87
2019-02-19, 16:10:43, 24.11, 44.91
2019-02-19, 16:10:44, 24.11, 44.87
2019-02-19, 16:10:46, 24.12, 44.87
2019-02-19, 16:10:47, 24.11, 44.87
2019-02-19, 16:10:48, 24.12, 44.87
2019-02-19, 16:10:50, 24.12, 44.87
2019-02-19, 16:10:51, 24.12, 44.87
2019-02-19, 16:10:52, 24.12, 44.87
2019-02-19, 16:10:54, 24.12, 44.87
2019-02-19, 16:10:55, 24.11, 44.87
2019-02-19, 16:10:56, 24.13, 44.88
2019-02-19, 16:10:58, 24.11, 44.87
2019-02-19, 16:10:59, 24.13, 44.88
2019-02-19, 16:11:00, 24.14, 44.88
2019-02-19, 16:11:02, 24.13, 44.88
2019-02-19, 16:11:03, 24.12, 44.87
2019-02-19, 16:11:05, 24.13, 44.88
2019-02-19, 16:11:06, 24.12, 44.87
2019-02-19, 16:11:07, 24.13, 44.88
2019-02-19, 16:11:09, 24.13, 44.88
2019-02-19, 16:11:10, 24.13, 44.88
2019-02-19, 16:11:11, 24.12, 44.87
2019-02-19, 16:11:13, 24.14, 44.88
2019-02-19, 16:11:14, 24.12, 44.87
2019-02-19, 16:11:15, 24.12, 44.87
2019-02-19, 16:11:17, 24.13, 44.88
2019-02-19, 16:11:18, 24.14, 44.88
2019-02-19, 16:11:19, 24.14, 44.88
2019-02-19, 16:11:21, 24.14, 44.84
2019-02-19, 16:11:22, 24.15, 44.85
2019-02-19, 16:11:24, 24.15, 44.85
2019-02-19, 16:11:25, 24.15, 44.85
2019-02-19, 16:11:26, 24.15, 44.85
2019-02-19, 16:11:28, 24.16, 44.85
2019-02-19, 16:11:29, 24.15, 44.85
2019-02-19, 16:11:30, 24.15, 44.85
2019-02-19, 16:11:32, 24.16, 44.88
2019-02-19, 16:11:33, 24.14, 44.84
2019-02-19, 16:11:34, 24.15, 44.81
2019-02-19, 16:11:36, 24.14, 44.84
2019-02-19, 16:11:37, 24.15, 44.85
2019-02-19, 16:11:38, 24.16, 44.85
2019-02-19, 16:11:40, 24.15, 44.85
2019-02-19, 16:11:41, 24.16, 44.85
2019-02-19, 16:11:43, 24.16, 44.85
2019-02-19, 16:11:44, 24.15, 44.81
2019-02-19, 16:11:45, 24.16, 44.81
2019-02-19, 16:11:47, 24.14, 44.81
2019-02-19, 16:11:48, 24.15, 44.81
2019-02-19, 16:11:49, 24.15, 44.81
2019-02-19, 16:11:51, 24.13, 44.81
2019-02-19, 16:11:52, 24.14, 44.81
2019-02-19, 16:11:53, 24.14, 44.81
2019-02-19, 16:11:55, 24.14, 44.81
2019-02-19, 16:11:56, 24.14, 44.81
2019-02-19, 16:11:57, 24.17, 44.78
2019-02-19, 16:11:59, 24.17, 44.82
2019-02-19, 16:12:00, 24.16, 44.81
2019-02-19, 16:12:01, 24.18, 44.78
2019-02-19, 16:12:03, 24.17, 44.82
2019-02-19, 16:12:04, 24.18, 44.82
2019-02-19, 16:12:06, 24.16, 44.81
2019-02-19, 16:12:07, 24.16, 44.81
2019-02-19, 16:12:08, 24.14, 44.81
2019-02-19, 16:12:10, 24.14, 44.81
2019-02-19, 16:12:11, 24.14, 44.81
2019-02-19, 16:12:12, 24.16, 44.81
2019-02-19, 16:12:14, 24.15, 44.81
2019-02-19, 16:12:15, 24.16, 44.78
2019-02-19, 16:12:16, 24.15, 44.81
2019-02-19, 16:12:18, 24.16, 44.81
2019-02-19, 16:12:19, 24.16, 44.81
2019-02-19, 16:12:20, 24.16, 44.81
2019-02-19, 16:12:22, 24.16, 44.81
2019-02-19, 16:12:23, 24.15, 44.81
2019-02-19, 16:12:25, 24.15, 44.78
2019-02-19, 16:12:26, 24.14, 44.81
2019-02-19, 16:12:27, 24.15, 44.81
2019-02-19, 16:12:29, 24.16, 44.78
2019-02-19, 16:12:30, 24.14, 44.78
2019-02-19, 16:12:31, 24.15, 44.81
2019-02-19, 16:12:33, 24.14, 44.81
2019-02-19, 16:12:34, 24.15, 44.81
2019-02-19, 16:12:35, 24.14, 44.78
2019-02-19, 16:12:37, 24.15, 44.78
2019-02-19, 16:12:38, 24.15, 44.78
2019-02-19, 16:12:39, 24.15, 44.81
2019-02-19, 16:12:41, 24.14, 44.78
2019-02-19, 16:12:42, 24.14, 44.78
2019-02-19, 16:12:44, 24.08, 44.8
2019-02-19, 16:12:45, 24.13, 44.81
2019-02-19, 16:12:46, 24.14, 44.78
2019-02-19, 16:12:48, 24.13, 44.81
2019-02-19, 16:12:49, 24.06, 44.8
2019-02-19, 16:12:50, 24.12, 44.81
2019-02-19, 16:12:52, 24.12, 44.84
2019-02-19, 16:12:53, 24.12, 44.84
2019-02-19, 16:12:54, 24.14, 44.88
2019-02-19, 16:12:56, 24.12, 44.84
2019-02-19, 16:12:57, 24.13, 44.88
2019-02-19, 16:12:58, 24.12, 44.84
2019-02-19, 16:13:00, 24.12, 44.87
2019-02-19, 16:13:01, 24.13, 44.88
2019-02-19, 16:13:02, 24.12, 44.84
2019-02-19, 16:13:04, 24.14, 44.84
2019-02-19, 16:13:05, 24.11, 44.87
2019-02-19, 16:13:07, 24.13, 44.88
2019-02-19, 16:13:08, 24.12, 44.87
2019-02-19, 16:13:09, 24.12, 44.87
2019-02-19, 16:13:11, 24.12, 44.87
2019-02-19, 16:13:12, 24.13, 44.88
2019-02-19, 16:13:13, 24.04, 44.86
2019-02-19, 16:13:15, 24.1, 44.9
2019-02-19, 16:13:16, 24.12, 44.91
2019-02-19, 16:13:17, 24.11, 44.94
2019-02-19, 16:13:19, 24.13, 44.91
2019-02-19, 16:13:20, 24.11, 44.91
2019-02-19, 16:13:21, 24.13, 44.88
2019-02-19, 16:13:23, 24.12, 44.91
2019-02-19, 16:13:24, 24.12, 44.91
2019-02-19, 16:13:26, 24.12, 44.87
2019-02-19, 16:13:27, 24.12, 44.87
2019-02-19, 16:13:28, 24.12, 44.87
2019-02-19, 16:13:30, 24.11, 44.87
2019-02-19, 16:13:31, 24.12, 44.87
2019-02-19, 16:13:32, 24.12, 44.87
2019-02-19, 16:13:34, 24.12, 44.91
2019-02-19, 16:13:35, 24.12, 44.91
2019-02-19, 16:13:36, 24.12, 44.87
2019-02-19, 16:13:38, 24.13, 44.91
2019-02-19, 16:13:39, 24.12, 44.87
2019-02-19, 16:13:40, 24.11, 44.91
2019-02-19, 16:13:42, 24.11, 44.87
2019-02-19, 16:13:43, 24.01, 44.89
2019-02-19, 16:13:44, 24.1, 44.94
2019-02-19, 16:13:46, 24.09, 44.94
2019-02-19, 16:13:47, 24.11, 44.94
2019-02-19, 16:13:49, 24.12, 44.94
2019-02-19, 16:13:50, 24.11, 44.94
2019-02-19, 16:13:51, 24.11, 44.94
2019-02-19, 16:13:53, 24.1, 44.94
2019-02-19, 16:13:54, 24.1, 44.94
2019-02-19, 16:13:55, 24.1, 44.94
2019-02-19, 16:13:57, 24.08, 44.9
2019-02-19, 16:13:58, 24.1, 44.9
2019-02-19, 16:13:59, 24.1, 44.94
2019-02-19, 16:14:01, 24.1, 44.94
2019-02-19, 16:14:02, 24.1, 44.94
2019-02-19, 16:14:04, 24.11, 44.91
2019-02-19, 16:14:05, 24.1, 44.94
2019-02-19, 16:14:06, 24.11, 44.91
2019-02-19, 16:14:08, 24.1, 44.87
2019-02-19, 16:14:09, 24.1, 44.9
2019-02-19, 16:14:10, 24.11, 44.91
2019-02-19, 16:14:12, 24.09, 44.9
2019-02-19, 16:14:13, 24.08, 44.9
2019-02-19, 16:14:14, 24.07, 44.93
2019-02-19, 16:14:16, 24.09, 44.94
2019-02-19, 16:14:17, 24.1, 44.94
2019-02-19, 16:14:18, 24.08, 44.93
2019-02-19, 16:14:20, 24.09, 44.94
2019-02-19, 16:14:21, 24.08, 44.9
2019-02-19, 16:14:22, 24.1, 44.94
2019-02-19, 16:14:24, 24.09, 44.94
2019-02-19, 16:14:25, 24.1, 44.97
2019-02-19, 16:14:27, 24.1, 44.94
2019-02-19, 16:14:28, 24.1, 44.97
2019-02-19, 16:14:29, 24.08, 44.97
2019-02-19, 16:14:31, 24.09, 44.97
2019-02-19, 16:14:32, 24.08, 45.0
2019-02-19, 16:14:33, 24.08, 45.0
2019-02-19, 16:14:35, 24.07, 44.97
2019-02-19, 16:14:36, 24.08, 44.97
2019-02-19, 16:14:37, 24.08, 44.97
2019-02-19, 16:14:39, 24.09, 45.0
2019-02-19, 16:14:40, 24.07, 44.97
2019-02-19, 16:14:41, 24.08, 45.0
2019-02-19, 16:14:43, 23.92, 44.98
2019-02-19, 16:14:44, 24.02, 45.06
2019-02-19, 16:14:46, 24.04, 45.06
2019-02-19, 16:14:47, 24.05, 45.06
2019-02-19, 16:14:48, 24.04, 45.06
2019-02-19, 16:14:50, 24.08, 45.03
2019-02-19, 16:14:51, 24.07, 45.03
2019-02-19, 16:14:52, 24.06, 45.03
2019-02-19, 16:14:54, 24.06, 45.03
2019-02-19, 16:14:55, 24.07, 45.03
2019-02-19, 16:14:56, 24.07, 45.03
2019-02-19, 16:14:58, 24.07, 45.03
2019-02-19, 16:14:59, 24.08, 45.03
2019-02-19, 16:15:00, 24.08, 45.0
2019-02-19, 16:15:02, 24.08, 44.97
2019-02-19, 16:15:03, 24.09, 45.0
2019-02-19, 16:15:05, 24.08, 44.97
2019-02-19, 16:15:06, 24.08, 45.0
2019-02-19, 16:15:07, 24.08, 44.97
2019-02-19, 16:15:09, 24.08, 45.0
2019-02-19, 16:15:10, 24.08, 45.0
2019-02-19, 16:15:11, 24.09, 45.0
2019-02-19, 16:15:13, 24.08, 44.97
2019-02-19, 16:15:14, 24.08, 45.0
2019-02-19, 16:15:15, 24.08, 45.0
2019-02-19, 16:15:17, 24.08, 44.97
2019-02-19, 16:15:18, 24.08, 45.0
2019-02-19, 16:15:19, 24.08, 45.0
2019-02-19, 16:15:21, 24.07, 45.0
2019-02-19, 16:15:22, 24.08, 45.0
2019-02-19, 16:15:23, 24.07, 45.0
2019-02-19, 16:15:25, 24.08, 45.0
2019-02-19, 16:15:26, 24.08, 45.0
2019-02-19, 16:15:28, 24.08, 45.0
2019-02-19, 16:15:29, 24.01, 44.99
2019-02-19, 16:15:30, 24.07, 45.0
2019-02-19, 16:15:32, 24.08, 45.0
2019-02-19, 16:15:33, 24.07, 45.0
2019-02-19, 16:15:34, 24.06, 45.0
2019-02-19, 16:15:36, 24.05, 44.99
2019-02-19, 16:15:37, 24.06, 44.96
2019-02-19, 16:15:39, 24.06, 45.0
2019-02-19, 16:15:40, 24.06, 44.96
2019-02-19, 16:15:41, 24.05, 44.99
2019-02-19, 16:15:43, 24.04, 44.99
2019-02-19, 16:15:44, 24.06, 44.96
2019-02-19, 16:15:45, 24.04, 44.96
2019-02-19, 16:15:47, 24.06, 44.96
2019-02-19, 16:15:48, 24.04, 44.99
2019-02-19, 16:15:49, 24.05, 44.96
2019-02-19, 16:15:51, 24.05, 44.99
2019-02-19, 16:15:52, 24.04, 44.99
2019-02-19, 16:15:53, 24.04, 44.99
2019-02-19, 16:15:55, 24.04, 44.99
2019-02-19, 16:15:56, 24.05, 44.99
2019-02-19, 16:15:57, 24.06, 45.0
2019-02-19, 16:15:59, 24.04, 44.99
2019-02-19, 16:16:00, 24.05, 44.99
2019-02-19, 16:16:02, 24.05, 44.99
2019-02-19, 16:16:03, 24.06, 45.0
2019-02-19, 16:16:04, 24.04, 44.99
2019-02-19, 16:16:06, 24.06, 44.96
2019-02-19, 16:16:07, 24.05, 44.99
2019-02-19, 16:16:08, 24.05, 44.99
2019-02-19, 16:16:10, 24.06, 45.0
2019-02-19, 16:16:11, 24.05, 44.99
2019-02-19, 16:16:12, 24.06, 45.0
2019-02-19, 16:16:14, 24.06, 44.96
2019-02-19, 16:16:15, 24.06, 45.0
2019-02-19, 16:16:16, 24.04, 44.99
2019-02-19, 16:16:18, 24.04, 44.96
2019-02-19, 16:16:19, 24.05, 44.99
2019-02-19, 16:16:21, 24.04, 44.99
2019-02-19, 16:16:22, 24.06, 44.96
2019-02-19, 16:16:23, 24.06, 45.0
2019-02-19, 16:16:25, 24.05, 44.96
2019-02-19, 16:16:26, 24.06, 45.0
2019-02-19, 16:16:27, 24.06, 44.96
2019-02-19, 16:16:29, 24.05, 44.96
2019-02-19, 16:16:30, 24.06, 45.0
2019-02-19, 16:16:31, 24.05, 44.99
2019-02-19, 16:16:33, 24.04, 44.96
2019-02-19, 16:16:34, 24.05, 44.96
2019-02-19, 16:16:35, 24.05, 44.96
2019-02-19, 16:16:37, 24.05, 44.93
2019-02-19, 16:16:38, 24.06, 45.0
2019-02-19, 16:16:40, 24.04, 44.96
2019-02-19, 16:16:41, 24.05, 44.99
2019-02-19, 16:16:42, 24.05, 44.99
2019-02-19, 16:16:44, 24.06, 45.0
2019-02-19, 16:16:45, 24.05, 44.99
2019-02-19, 16:16:46, 24.06, 45.0
2019-02-19, 16:16:48, 24.06, 45.0
2019-02-19, 16:16:49, 24.06, 45.03
2019-02-19, 16:16:51, 23.89, 45.04
2019-02-19, 16:16:52, 24.01, 45.09
2019-02-19, 16:16:54, 24.02, 45.12
2019-02-19, 16:16:55, 24.04, 45.12
2019-02-19, 16:16:57, 24.04, 45.09
2019-02-19, 16:16:58, 24.04, 45.09
2019-02-19, 16:16:59, 24.05, 45.09
2019-02-19, 16:17:01, 24.05, 45.09
2019-02-19, 16:17:02, 24.04, 45.09
2019-02-19, 16:17:03, 24.04, 45.06
2019-02-19, 16:17:05, 24.04, 45.06
2019-02-19, 16:17:06, 24.04, 45.09
2019-02-19, 16:17:07, 24.04, 45.06
2019-02-19, 16:17:09, 24.05, 45.06
2019-02-19, 16:17:10, 24.04, 45.06
2019-02-19, 16:17:11, 24.04, 45.06
2019-02-19, 16:17:13, 24.04, 45.06
2019-02-19, 16:17:14, 24.04, 45.06
2019-02-19, 16:17:16, 24.05, 45.06
2019-02-19, 16:17:17, 24.04, 45.03
2019-02-19, 16:17:18, 24.05, 45.06
2019-02-19, 16:17:20, 24.05, 45.06
2019-02-19, 16:17:21, 24.05, 45.06
2019-02-19, 16:17:22, 24.04, 45.06
2019-02-19, 16:17:24, 24.05, 45.06
2019-02-19, 16:17:25, 24.06, 45.06
2019-02-19, 16:17:26, 24.06, 45.09
2019-02-19, 16:17:28, 24.06, 45.06
2019-02-19, 16:17:29, 24.05, 45.09
2019-02-19, 16:17:30, 24.04, 45.06
2019-02-19, 16:17:32, 24.05, 45.06
2019-02-19, 16:17:33, 24.06, 45.06
2019-02-19, 16:17:35, 24.04, 45.06
2019-02-19, 16:17:36, 24.04, 45.09
2019-02-19, 16:17:37, 24.05, 45.09
2019-02-19, 16:17:39, 24.02, 45.09
2019-02-19, 16:17:40, 24.04, 45.06
2019-02-19, 16:17:41, 24.06, 45.06
2019-02-19, 16:17:43, 24.05, 45.06
2019-02-19, 16:17:44, 24.04, 45.06
2019-02-19, 16:17:45, 24.05, 45.06
2019-02-19, 16:17:47, 24.06, 45.06
2019-02-19, 16:17:48, 24.04, 45.06
2019-02-19, 16:17:49, 24.04, 45.06
2019-02-19, 16:17:51, 24.05, 45.06
2019-02-19, 16:17:52, 24.04, 45.06
2019-02-19, 16:17:54, 24.04, 45.06
2019-02-19, 16:17:55, 24.04, 45.06
2019-02-19, 16:17:56, 24.04, 45.06
2019-02-19, 16:17:58, 24.04, 45.06
2019-02-19, 16:17:59, 24.05, 45.06
2019-02-19, 16:18:00, 24.03, 45.06
2019-02-19, 16:18:02, 24.03, 45.06
2019-02-19, 16:18:03, 24.04, 45.03
2019-02-19, 16:18:04, 24.04, 45.06
2019-02-19, 16:18:06, 24.02, 45.06
2019-02-19, 16:18:07, 24.03, 45.06
2019-02-19, 16:18:08, 24.02, 45.09
2019-02-19, 16:18:10, 23.99, 45.05
2019-02-19, 16:18:11, 24.0, 45.05
2019-02-19, 16:18:13, 24.02, 45.09
2019-02-19, 16:18:14, 24.02, 45.09
2019-02-19, 16:18:15, 24.02, 45.09
2019-02-19, 16:18:17, 24.01, 45.09
2019-02-19, 16:18:18, 24.02, 45.09
2019-02-19, 16:18:19, 24.02, 45.09
2019-02-19, 16:18:21, 24.02, 45.09
2019-02-19, 16:18:22, 24.03, 45.09
2019-02-19, 16:18:23, 24.04, 45.06
2019-02-19, 16:18:25, 24.02, 45.12
2019-02-19, 16:18:26, 24.02, 45.09
2019-02-19, 16:18:27, 24.02, 45.09
2019-02-19, 16:18:29, 24.04, 45.09
2019-02-19, 16:18:30, 24.03, 45.12
2019-02-19, 16:18:31, 24.05, 45.09
2019-02-19, 16:18:33, 24.02, 45.09
2019-02-19, 16:18:34, 24.03, 45.12
2019-02-19, 16:18:36, 24.02, 45.12
2019-02-19, 16:18:37, 24.02, 45.12
2019-02-19, 16:18:38, 24.02, 45.12
2019-02-19, 16:18:40, 24.02, 45.09
2019-02-19, 16:18:41, 24.03, 45.12
2019-02-19, 16:18:42, 24.03, 45.12
2019-02-19, 16:18:44, 24.02, 45.12
2019-02-19, 16:18:45, 24.02, 45.12
2019-02-19, 16:18:46, 24.02, 45.12
2019-02-19, 16:18:48, 24.02, 45.12
2019-02-19, 16:18:49, 24.01, 45.12
2019-02-19, 16:18:51, 24.03, 45.15
2019-02-19, 16:18:52, 24.01, 45.12
2019-02-19, 16:18:53, 24.0, 45.15
2019-02-19, 16:18:55, 24.01, 45.15
2019-02-19, 16:18:56, 24.0, 45.15
2019-02-19, 16:18:57, 24.01, 45.15
2019-02-19, 16:18:59, 24.0, 45.15
2019-02-19, 16:19:00, 24.02, 45.15
2019-02-19, 16:19:01, 24.0, 45.15
2019-02-19, 16:19:03, 24.0, 45.18
2019-02-19, 16:19:04, 24.0, 45.18
2019-02-19, 16:19:06, 23.98, 45.18
2019-02-19, 16:19:07, 23.98, 45.18
2019-02-19, 16:19:08, 23.98, 45.18
2019-02-19, 16:19:10, 23.86, 45.2
2019-02-19, 16:19:11, 23.95, 45.24
2019-02-19, 16:19:12, 23.95, 45.24
2019-02-19, 16:19:14, 23.96, 45.24
2019-02-19, 16:19:15, 23.98, 45.24
2019-02-19, 16:19:16, 23.98, 45.24
2019-02-19, 16:19:18, 23.97, 45.24
2019-02-19, 16:19:19, 23.98, 45.21
2019-02-19, 16:19:20, 23.98, 45.24
2019-02-19, 16:19:22, 23.98, 45.24
2019-02-19, 16:19:23, 23.97, 45.24
2019-02-19, 16:19:24, 23.98, 45.24
2019-02-19, 16:19:26, 23.98, 45.21
2019-02-19, 16:19:27, 23.99, 45.21
2019-02-19, 16:19:29, 23.97, 45.21
2019-02-19, 16:19:30, 23.97, 45.21
2019-02-19, 16:19:31, 23.98, 45.21
2019-02-19, 16:19:33, 23.98, 45.21
2019-02-19, 16:19:34, 23.99, 45.21
2019-02-19, 16:19:35, 23.98, 45.18
2019-02-19, 16:19:37, 23.99, 45.18
2019-02-19, 16:19:38, 23.97, 45.18
2019-02-19, 16:19:39, 23.84, 45.2
2019-02-19, 16:19:41, 23.94, 45.24
2019-02-19, 16:19:42, 23.95, 45.27
2019-02-19, 16:19:43, 23.97, 45.28
2019-02-19, 16:19:45, 23.96, 45.24
2019-02-19, 16:19:46, 23.96, 45.24
2019-02-19, 16:19:47, 23.97, 45.24
2019-02-19, 16:19:49, 23.96, 45.24
2019-02-19, 16:19:50, 23.98, 45.24
2019-02-19, 16:19:52, 23.99, 45.25
2019-02-19, 16:19:53, 23.98, 45.21
2019-02-19, 16:19:54, 23.98, 45.21
2019-02-19, 16:19:56, 23.96, 45.18
2019-02-19, 16:19:57, 23.96, 45.18
2019-02-19, 16:19:58, 23.95, 45.21
2019-02-19, 16:20:00, 23.96, 45.21
2019-02-19, 16:20:01, 23.96, 45.18
2019-02-19, 16:20:02, 23.95, 45.21
2019-02-19, 16:20:04, 23.96, 45.21
2019-02-19, 16:20:05, 23.95, 45.21
2019-02-19, 16:20:06, 23.94, 45.21
2019-02-19, 16:20:08, 23.94, 45.21
2019-02-19, 16:20:09, 23.95, 45.24
2019-02-19, 16:20:11, 23.96, 45.24
2019-02-19, 16:20:12, 23.97, 45.24
2019-02-19, 16:20:13, 23.96, 45.24
2019-02-19, 16:20:15, 23.95, 45.21
2019-02-19, 16:20:16, 23.95, 45.21
2019-02-19, 16:20:17, 23.95, 45.21
2019-02-19, 16:20:19, 23.95, 45.24
2019-02-19, 16:20:20, 23.96, 45.24
2019-02-19, 16:20:21, 23.95, 45.24
2019-02-19, 16:20:23, 23.94, 45.24
2019-02-19, 16:20:24, 23.93, 45.24
2019-02-19, 16:20:25, 23.93, 45.24
2019-02-19, 16:20:27, 23.92, 45.24
2019-02-19, 16:20:28, 23.93, 45.24
2019-02-19, 16:20:30, 23.92, 45.24
2019-02-19, 16:20:31, 23.92, 45.24
2019-02-19, 16:20:32, 23.93, 45.24
2019-02-19, 16:20:34, 23.92, 45.27
2019-02-19, 16:20:35, 23.93, 45.27
2019-02-19, 16:20:36, 23.92, 45.24
2019-02-19, 16:20:38, 23.93, 45.27
2019-02-19, 16:20:39, 23.92, 45.24
2019-02-19, 16:20:40, 23.93, 45.24
2019-02-19, 16:20:42, 23.92, 45.24
2019-02-19, 16:20:43, 23.93, 45.24
2019-02-19, 16:20:45, 23.93, 45.24
2019-02-19, 16:20:46, 23.93, 45.24
2019-02-19, 16:20:47, 23.92, 45.24
2019-02-19, 16:20:49, 23.93, 45.24
2019-02-19, 16:20:50, 23.93, 45.24
2019-02-19, 16:20:51, 23.93, 45.27
2019-02-19, 16:20:53, 23.94, 45.27
2019-02-19, 16:20:54, 23.93, 45.27
2019-02-19, 16:20:55, 23.93, 45.27
2019-02-19, 16:20:57, 23.94, 45.3
2019-02-19, 16:20:58, 23.94, 45.3
2019-02-19, 16:20:59, 23.93, 45.3
2019-02-19, 16:21:01, 23.94, 45.3
2019-02-19, 16:21:02, 23.92, 45.3
2019-02-19, 16:21:03, 23.93, 45.3
2019-02-19, 16:21:05, 23.92, 45.3
2019-02-19, 16:21:06, 23.94, 45.34
2019-02-19, 16:21:08, 23.93, 45.3
2019-02-19, 16:21:09, 23.93, 45.3
2019-02-19, 16:21:10, 23.92, 45.3
2019-02-19, 16:21:12, 23.94, 45.3
2019-02-19, 16:21:13, 23.92, 45.3
2019-02-19, 16:21:14, 23.92, 45.33
2019-02-19, 16:21:16, 23.92, 45.33
2019-02-19, 16:21:17, 23.92, 45.3
2019-02-19, 16:21:18, 23.92, 45.33
2019-02-19, 16:21:20, 23.91, 45.33
2019-02-19, 16:21:21, 23.92, 45.33
2019-02-19, 16:21:22, 23.93, 45.37
2019-02-19, 16:21:24, 23.92, 45.37
2019-02-19, 16:21:25, 23.9, 45.33
2019-02-19, 16:21:26, 23.9, 45.36
2019-02-19, 16:21:28, 23.92, 45.37
2019-02-19, 16:21:29, 23.91, 45.33
2019-02-19, 16:21:31, 23.9, 45.33
2019-02-19, 16:21:32, 23.89, 45.33
2019-02-19, 16:21:33, 23.9, 45.33
2019-02-19, 16:21:35, 23.9, 45.33
2019-02-19, 16:21:36, 23.88, 45.33
2019-02-19, 16:21:37, 23.87, 45.33
2019-02-19, 16:21:39, 23.9, 45.36
2019-02-19, 16:21:40, 23.91, 45.37
2019-02-19, 16:21:41, 23.9, 45.4
2019-02-19, 16:21:43, 23.9, 45.36
2019-02-19, 16:21:44, 23.91, 45.37
2019-02-19, 16:21:45, 23.9, 45.36
2019-02-19, 16:21:47, 23.89, 45.39
2019-02-19, 16:21:48, 23.9, 45.36
2019-02-19, 16:21:50, 23.9, 45.36
2019-02-19, 16:21:51, 23.9, 45.36
2019-02-19, 16:21:52, 23.9, 45.36
2019-02-19, 16:21:54, 23.9, 45.36
2019-02-19, 16:21:55, 23.91, 45.37
2019-02-19, 16:21:56, 23.91, 45.37
2019-02-19, 16:21:58, 23.9, 45.36
2019-02-19, 16:21:59, 23.9, 45.36
2019-02-19, 16:22:00, 23.9, 45.36
2019-02-19, 16:22:02, 23.9, 45.4
2019-02-19, 16:22:03, 23.91, 45.37
2019-02-19, 16:22:04, 23.9, 45.4
2019-02-19, 16:22:06, 23.9, 45.36
2019-02-19, 16:22:07, 23.91, 45.4
2019-02-19, 16:22:08, 23.9, 45.4
2019-02-19, 16:22:10, 23.9, 45.4
2019-02-19, 16:22:11, 23.9, 45.4
2019-02-19, 16:22:13, 23.91, 45.4
2019-02-19, 16:22:14, 23.9, 45.43
2019-02-19, 16:22:15, 23.9, 45.4
2019-02-19, 16:22:17, 23.9, 45.36
2019-02-19, 16:22:18, 23.91, 45.43
2019-02-19, 16:22:19, 23.91, 45.4
2019-02-19, 16:22:21, 23.91, 45.4
2019-02-19, 16:22:22, 23.91, 45.4
2019-02-19, 16:22:23, 23.9, 45.43
2019-02-19, 16:22:25, 23.91, 45.43
2019-02-19, 16:22:26, 23.9, 45.43
2019-02-19, 16:22:27, 23.9, 45.43
2019-02-19, 16:22:29, 23.89, 45.39
2019-02-19, 16:22:30, 23.91, 45.4
2019-02-19, 16:22:32, 23.9, 45.4
2019-02-19, 16:22:33, 23.9, 45.4
2019-02-19, 16:22:34, 23.89, 45.39
2019-02-19, 16:22:36, 23.89, 45.39
2019-02-19, 16:22:37, 23.9, 45.4
2019-02-19, 16:22:38, 23.89, 45.39
2019-02-19, 16:22:40, 23.9, 45.4
2019-02-19, 16:22:41, 23.9, 45.4
2019-02-19, 16:22:42, 23.9, 45.43
2019-02-19, 16:22:44, 23.91, 45.43
2019-02-19, 16:22:45, 23.9, 45.43
2019-02-19, 16:22:46, 23.9, 45.43
2019-02-19, 16:22:48, 23.89, 45.43
2019-02-19, 16:22:49, 23.9, 45.43
2019-02-19, 16:22:50, 23.9, 45.43
2019-02-19, 16:22:52, 23.91, 45.43
2019-02-19, 16:22:53, 23.89, 45.43
2019-02-19, 16:22:55, 23.9, 45.43
2019-02-19, 16:22:56, 23.89, 45.43
2019-02-19, 16:22:57, 23.9, 45.43
2019-02-19, 16:22:59, 23.9, 45.46
2019-02-19, 16:23:00, 23.9, 45.43
2019-02-19, 16:23:01, 23.9, 45.43
2019-02-19, 16:23:03, 23.9, 45.46
2019-02-19, 16:23:04, 23.9, 45.43
2019-02-19, 16:23:05, 23.9, 45.46
2019-02-19, 16:23:07, 23.82, 45.45
2019-02-19, 16:23:08, 23.88, 45.49
2019-02-19, 16:23:09, 23.89, 45.49
2019-02-19, 16:23:11, 23.88, 45.49
2019-02-19, 16:23:12, 23.88, 45.49
2019-02-19, 16:23:14, 23.89, 45.49
2019-02-19, 16:23:15, 23.88, 45.46
2019-02-19, 16:23:16, 23.88, 45.46
2019-02-19, 16:23:18, 23.9, 45.46
2019-02-19, 16:23:19, 23.89, 45.46
2019-02-19, 16:23:20, 23.89, 45.46
2019-02-19, 16:23:22, 23.89, 45.46
2019-02-19, 16:23:23, 23.88, 45.43
2019-02-19, 16:23:24, 23.88, 45.46
2019-02-19, 16:23:26, 23.88, 45.46
2019-02-19, 16:23:27, 23.89, 45.46
2019-02-19, 16:23:28, 23.89, 45.46
2019-02-19, 16:23:30, 23.88, 45.46
2019-02-19, 16:23:31, 23.9, 45.49
2019-02-19, 16:23:32, 23.89, 45.49
2019-02-19, 16:23:34, 23.89, 45.46
2019-02-19, 16:23:35, 23.88, 45.49
2019-02-19, 16:23:37, 23.78, 45.45
2019-02-19, 16:23:38, 23.85, 45.52
2019-02-19, 16:23:39, 23.88, 45.52
2019-02-19, 16:23:41, 23.89, 45.52
2019-02-19, 16:23:42, 23.89, 45.52
2019-02-19, 16:23:43, 23.89, 45.49
2019-02-19, 16:23:45, 23.89, 45.49
2019-02-19, 16:23:46, 23.87, 45.49
2019-02-19, 16:23:47, 23.89, 45.49
2019-02-19, 16:23:49, 23.88, 45.49
2019-02-19, 16:23:50, 23.88, 45.49
2019-02-19, 16:23:51, 23.89, 45.49
2019-02-19, 16:23:53, 23.9, 45.49
2019-02-19, 16:23:54, 23.9, 45.46
2019-02-19, 16:23:56, 23.9, 45.43
2019-02-19, 16:23:57, 23.89, 45.43
2019-02-19, 16:23:58, 23.9, 45.43
2019-02-19, 16:24:00, 23.89, 45.46
2019-02-19, 16:24:01, 23.89, 45.43
2019-02-19, 16:24:02, 23.9, 45.43
2019-02-19, 16:24:04, 23.9, 45.43
2019-02-19, 16:24:05, 23.9, 45.43
2019-02-19, 16:24:06, 23.9, 45.43
2019-02-19, 16:24:08, 23.92, 45.43
2019-02-19, 16:24:09, 23.9, 45.43
2019-02-19, 16:24:10, 23.9, 45.43
2019-02-19, 16:24:12, 23.9, 45.43
2019-02-19, 16:24:13, 23.9, 45.43
2019-02-19, 16:24:14, 23.9, 45.4
2019-02-19, 16:24:16, 23.89, 45.43
2019-02-19, 16:24:17, 23.9, 45.43
2019-02-19, 16:24:19, 23.89, 45.43
2019-02-19, 16:24:20, 23.9, 45.4
2019-02-19, 16:24:21, 23.92, 45.43
2019-02-19, 16:24:23, 23.9, 45.43
2019-02-19, 16:24:24, 23.91, 45.43
2019-02-19, 16:24:25, 23.91, 45.43
2019-02-19, 16:24:27, 23.91, 45.43
2019-02-19, 16:24:28, 23.93, 45.43
2019-02-19, 16:24:29, 23.92, 45.43
2019-02-19, 16:24:31, 23.92, 45.4
2019-02-19, 16:24:32, 23.92, 45.4
2019-02-19, 16:24:33, 23.92, 45.4
2019-02-19, 16:24:35, 23.92, 45.43
2019-02-19, 16:24:36, 23.78, 45.41
2019-02-19, 16:24:38, 23.89, 45.49
2019-02-19, 16:24:39, 23.9, 45.49
2019-02-19, 16:24:40, 23.9, 45.49
2019-02-19, 16:24:42, 23.92, 45.5
2019-02-19, 16:24:43, 23.92, 45.43
2019-02-19, 16:24:44, 23.92, 45.43
2019-02-19, 16:24:46, 23.92, 45.43
2019-02-19, 16:24:47, 23.93, 45.43
2019-02-19, 16:24:48, 23.93, 45.4
2019-02-19, 16:24:50, 23.93, 45.43
2019-02-19, 16:24:51, 23.94, 45.4
2019-02-19, 16:24:52, 23.94, 45.4
2019-02-19, 16:24:54, 23.93, 45.4
2019-02-19, 16:24:55, 23.94, 45.4
2019-02-19, 16:24:56, 23.92, 45.37
2019-02-19, 16:24:58, 23.93, 45.4
2019-02-19, 16:24:59, 23.95, 45.37
2019-02-19, 16:25:01, 23.94, 45.37
2019-02-19, 16:25:02, 23.94, 45.37
2019-02-19, 16:25:03, 23.94, 45.37
2019-02-19, 16:25:05, 23.93, 45.37
2019-02-19, 16:25:06, 23.94, 45.37
2019-02-19, 16:25:07, 23.94, 45.37
2019-02-19, 16:25:09, 23.95, 45.37
2019-02-19, 16:25:10, 23.95, 45.37
2019-02-19, 16:25:11, 23.97, 45.34
2019-02-19, 16:25:13, 23.97, 45.31
2019-02-19, 16:25:14, 23.97, 45.34
2019-02-19, 16:25:15, 23.97, 45.31
2019-02-19, 16:25:17, 23.99, 45.31
2019-02-19, 16:25:18, 23.98, 45.31
2019-02-19, 16:25:19, 23.97, 45.34
2019-02-19, 16:25:21, 23.97, 45.34
2019-02-19, 16:25:22, 23.97, 45.34
2019-02-19, 16:25:24, 23.96, 45.31
2019-02-19, 16:25:25, 23.96, 45.31
2019-02-19, 16:25:26, 23.96, 45.34
2019-02-19, 16:25:28, 23.97, 45.31
2019-02-19, 16:25:29, 23.97, 45.34
2019-02-19, 16:25:30, 23.97, 45.31
2019-02-19, 16:25:32, 23.96, 45.31
2019-02-19, 16:25:33, 23.96, 45.34
2019-02-19, 16:25:34, 23.97, 45.34
2019-02-19, 16:25:36, 23.97, 45.34
2019-02-19, 16:25:37, 23.98, 45.34
2019-02-19, 16:25:38, 23.97, 45.31
2019-02-19, 16:25:40, 23.91, 45.37
2019-02-19, 16:25:41, 23.98, 45.37
2019-02-19, 16:25:43, 23.96, 45.37
2019-02-19, 16:25:44, 23.95, 45.34
2019-02-19, 16:25:45, 23.95, 45.34
2019-02-19, 16:25:47, 23.96, 45.34
2019-02-19, 16:25:48, 23.96, 45.34
2019-02-19, 16:25:49, 23.98, 45.37
2019-02-19, 16:25:51, 23.98, 45.37
2019-02-19, 16:25:52, 23.97, 45.37
2019-02-19, 16:25:53, 23.96, 45.37
2019-02-19, 16:25:55, 23.97, 45.34
2019-02-19, 16:25:56, 23.98, 45.37
2019-02-19, 16:25:58, 23.98, 45.34
2019-02-19, 16:25:59, 23.98, 45.34
2019-02-19, 16:26:00, 23.98, 45.34
2019-02-19, 16:26:02, 23.97, 45.31
2019-02-19, 16:26:03, 23.99, 45.31
2019-02-19, 16:26:04, 23.98, 45.31
2019-02-19, 16:26:06, 23.98, 45.31
2019-02-19, 16:26:07, 23.98, 45.31
2019-02-19, 16:26:08, 23.98, 45.31
2019-02-19, 16:26:10, 23.98, 45.31
2019-02-19, 16:26:11, 23.98, 45.31
2019-02-19, 16:26:12, 23.99, 45.31
2019-02-19, 16:26:14, 23.98, 45.31
2019-02-19, 16:26:15, 23.97, 45.31
2019-02-19, 16:26:17, 23.98, 45.31
2019-02-19, 16:26:18, 23.98, 45.31
2019-02-19, 16:26:19, 23.98, 45.31
2019-02-19, 16:26:21, 23.98, 45.31
2019-02-19, 16:26:22, 23.99, 45.31
2019-02-19, 16:26:23, 23.99, 45.31
2019-02-19, 16:26:25, 23.98, 45.28
2019-02-19, 16:26:26, 23.98, 45.31
2019-02-19, 16:26:27, 23.98, 45.31
2019-02-19, 16:26:29, 23.99, 45.31
2019-02-19, 16:26:30, 23.98, 45.31
2019-02-19, 16:26:31, 23.99, 45.31
2019-02-19, 16:26:33, 23.99, 45.31
2019-02-19, 16:26:34, 23.98, 45.31
2019-02-19, 16:26:35, 23.98, 45.31
2019-02-19, 16:26:37, 23.98, 45.31
2019-02-19, 16:26:38, 24.0, 45.31
2019-02-19, 16:26:40, 23.98, 45.31
2019-02-19, 16:26:41, 23.99, 45.31
2019-02-19, 16:26:42, 23.98, 45.31
2019-02-19, 16:26:44, 23.99, 45.31
2019-02-19, 16:26:45, 23.98, 45.31
2019-02-19, 16:26:46, 23.99, 45.31
2019-02-19, 16:26:48, 23.98, 45.31
2019-02-19, 16:26:49, 23.99, 45.31
2019-02-19, 16:26:50, 23.98, 45.31
2019-02-19, 16:26:52, 23.98, 45.31
2019-02-19, 16:26:53, 23.99, 45.28
2019-02-19, 16:26:54, 24.0, 45.31
2019-02-19, 16:26:56, 23.99, 45.31
2019-02-19, 16:26:57, 24.0, 45.28
2019-02-19, 16:26:58, 24.0, 45.31
2019-02-19, 16:27:00, 24.0, 45.28
2019-02-19, 16:27:01, 24.01, 45.28
2019-02-19, 16:27:03, 23.99, 45.28
2019-02-19, 16:27:04, 23.95, 45.27
2019-02-19, 16:27:05, 23.99, 45.28
2019-02-19, 16:27:07, 24.0, 45.28
2019-02-19, 16:27:08, 23.99, 45.28
2019-02-19, 16:27:09, 24.0, 45.28
2019-02-19, 16:27:11, 23.98, 45.28
2019-02-19, 16:27:12, 23.98, 45.31
2019-02-19, 16:27:13, 23.98, 45.31
2019-02-19, 16:27:15, 23.99, 45.31
2019-02-19, 16:27:16, 23.98, 45.31
2019-02-19, 16:27:17, 23.97, 45.28
2019-02-19, 16:27:19, 23.98, 45.28
2019-02-19, 16:27:20, 23.99, 45.31
2019-02-19, 16:27:22, 23.98, 45.31
2019-02-19, 16:27:23, 23.98, 45.31
2019-02-19, 16:27:24, 23.98, 45.28
2019-02-19, 16:27:26, 23.97, 45.31
2019-02-19, 16:27:27, 23.97, 45.31
2019-02-19, 16:27:28, 23.98, 45.31
2019-02-19, 16:27:30, 23.98, 45.31
2019-02-19, 16:27:31, 24.0, 45.34
2019-02-19, 16:27:32, 23.98, 45.31
2019-02-19, 16:27:34, 23.92, 45.3
2019-02-19, 16:27:35, 23.98, 45.34
2019-02-19, 16:27:36, 23.98, 45.34
2019-02-19, 16:27:38, 23.97, 45.31
2019-02-19, 16:27:39, 23.98, 45.34
2019-02-19, 16:27:41, 23.98, 45.34
2019-02-19, 16:27:42, 23.99, 45.34
2019-02-19, 16:27:43, 23.98, 45.31
2019-02-19, 16:27:45, 23.99, 45.34
2019-02-19, 16:27:46, 24.0, 45.31
2019-02-19, 16:27:47, 23.99, 45.31
2019-02-19, 16:27:49, 23.97, 45.31
2019-02-19, 16:27:50, 24.0, 45.28
2019-02-19, 16:27:51, 23.98, 45.31
2019-02-19, 16:27:53, 23.99, 45.31
2019-02-19, 16:27:54, 23.99, 45.31
2019-02-19, 16:27:55, 23.99, 45.28
2019-02-19, 16:27:57, 23.98, 45.28
2019-02-19, 16:27:58, 23.99, 45.28
2019-02-19, 16:27:59, 23.99, 45.28
2019-02-19, 16:28:01, 23.99, 45.28
2019-02-19, 16:28:02, 23.99, 45.28
2019-02-19, 16:28:04, 24.0, 45.28
2019-02-19, 16:28:05, 23.98, 45.24
2019-02-19, 16:28:06, 23.99, 45.25
2019-02-19, 16:28:08, 23.99, 45.25
2019-02-19, 16:28:09, 23.86, 45.29
2019-02-19, 16:28:10, 23.94, 45.3
2019-02-19, 16:28:12, 23.95, 45.31
2019-02-19, 16:28:13, 23.95, 45.31
2019-02-19, 16:28:14, 23.96, 45.31
2019-02-19, 16:28:16, 23.97, 45.28
2019-02-19, 16:28:17, 23.98, 45.31
2019-02-19, 16:28:18, 23.99, 45.28
2019-02-19, 16:28:20, 23.98, 45.28
2019-02-19, 16:28:21, 23.98, 45.28
2019-02-19, 16:28:23, 23.99, 45.31
2019-02-19, 16:28:24, 23.98, 45.31
2019-02-19, 16:28:25, 23.97, 45.31
2019-02-19, 16:28:27, 23.97, 45.31
2019-02-19, 16:28:28, 23.98, 45.28
2019-02-19, 16:28:29, 23.98, 45.24
2019-02-19, 16:28:31, 23.99, 45.28
2019-02-19, 16:28:32, 23.98, 45.28
2019-02-19, 16:28:33, 23.86, 45.29
2019-02-19, 16:28:35, 23.95, 45.31
2019-02-19, 16:28:36, 23.97, 45.34
2019-02-19, 16:28:37, 23.98, 45.31
2019-02-19, 16:28:39, 23.98, 45.31
2019-02-19, 16:28:40, 23.98, 45.31
2019-02-19, 16:28:41, 23.99, 45.31
2019-02-19, 16:28:43, 23.97, 45.28
2019-02-19, 16:28:44, 23.99, 45.31
2019-02-19, 16:28:46, 24.0, 45.28
2019-02-19, 16:28:47, 24.01, 45.28
2019-02-19, 16:28:48, 24.01, 45.28
2019-02-19, 16:28:50, 24.01, 45.25
2019-02-19, 16:28:51, 24.0, 45.25
2019-02-19, 16:28:52, 24.01, 45.25
2019-02-19, 16:28:54, 24.0, 45.25
2019-02-19, 16:28:55, 24.01, 45.25
2019-02-19, 16:28:56, 24.0, 45.25
2019-02-19, 16:28:58, 24.01, 45.25
2019-02-19, 16:28:59, 24.02, 45.25
2019-02-19, 16:29:00, 24.01, 45.22
2019-02-19, 16:29:02, 24.0, 45.21
2019-02-19, 16:29:03, 24.0, 45.18
2019-02-19, 16:29:04, 24.0, 45.21
2019-02-19, 16:29:06, 24.0, 45.18
2019-02-19, 16:29:07, 24.0, 45.21
2019-02-19, 16:29:09, 24.0, 45.21
2019-02-19, 16:29:10, 24.0, 45.21
2019-02-19, 16:29:11, 24.01, 45.22
2019-02-19, 16:29:13, 24.01, 45.22
2019-02-19, 16:29:14, 24.01, 45.22
2019-02-19, 16:29:15, 24.01, 45.18
2019-02-19, 16:29:17, 24.01, 45.22
2019-02-19, 16:29:18, 24.02, 45.22
2019-02-19, 16:29:19, 24.01, 45.22
2019-02-19, 16:29:21, 23.99, 45.21
2019-02-19, 16:29:22, 24.01, 45.22
2019-02-19, 16:29:23, 24.02, 45.18
2019-02-19, 16:29:25, 24.02, 45.22
2019-02-19, 16:29:26, 24.0, 45.21
2019-02-19, 16:29:28, 24.02, 45.18
2019-02-19, 16:29:29, 24.02, 45.22
2019-02-19, 16:29:30, 24.01, 45.22
2019-02-19, 16:29:32, 24.01, 45.18
2019-02-19, 16:29:33, 23.87, 45.23
2019-02-19, 16:29:34, 23.96, 45.31
2019-02-19, 16:29:36, 23.98, 45.31
2019-02-19, 16:29:37, 23.98, 45.31
2019-02-19, 16:29:38, 24.0, 45.31
2019-02-19, 16:29:40, 24.0, 45.28
2019-02-19, 16:29:41, 24.0, 45.25
2019-02-19, 16:29:42, 24.0, 45.28
2019-02-19, 16:29:44, 24.01, 45.28
2019-02-19, 16:29:45, 24.0, 45.28
2019-02-19, 16:29:46, 24.0, 45.25
2019-02-19, 16:29:48, 24.01, 45.25
2019-02-19, 16:29:49, 24.0, 45.25
2019-02-19, 16:29:51, 24.0, 45.25
2019-02-19, 16:29:52, 23.99, 45.25
2019-02-19, 16:29:53, 24.0, 45.21
2019-02-19, 16:29:55, 24.0, 45.25
2019-02-19, 16:29:56, 24.0, 45.25
2019-02-19, 16:29:57, 24.0, 45.25
2019-02-19, 16:29:59, 24.01, 45.25
2019-02-19, 16:30:00, 24.01, 45.25
2019-02-19, 16:30:01, 24.01, 45.22
2019-02-19, 16:30:03, 24.01, 45.22
2019-02-19, 16:30:04, 24.02, 45.25
2019-02-19, 16:30:05, 24.01, 45.18
2019-02-19, 16:30:07, 24.01, 45.22
2019-02-19, 16:30:08, 24.02, 45.25
2019-02-19, 16:30:10, 24.02, 45.22
2019-02-19, 16:30:11, 24.03, 45.22
2019-02-19, 16:30:12, 24.02, 45.22
2019-02-19, 16:30:14, 24.0, 45.21
2019-02-19, 16:30:15, 24.02, 45.22
2019-02-19, 16:30:16, 24.02, 45.22
2019-02-19, 16:30:18, 24.03, 45.22
2019-02-19, 16:30:19, 24.04, 45.19
2019-02-19, 16:30:20, 24.04, 45.19
2019-02-19, 16:30:22, 24.02, 45.18
2019-02-19, 16:30:23, 24.01, 45.18
2019-02-19, 16:30:24, 24.03, 45.19
2019-02-19, 16:30:26, 24.03, 45.19
2019-02-19, 16:30:27, 24.03, 45.15
2019-02-19, 16:30:28, 24.03, 45.15
2019-02-19, 16:30:30, 24.02, 45.18
2019-02-19, 16:30:31, 24.03, 45.19
2019-02-19, 16:30:33, 24.03, 45.15
2019-02-19, 16:30:34, 24.04, 45.19
2019-02-19, 16:30:35, 24.04, 45.19
2019-02-19, 16:30:37, 24.04, 45.19
2019-02-19, 16:30:38, 24.03, 45.19
2019-02-19, 16:30:39, 24.03, 45.19
2019-02-19, 16:30:41, 24.04, 45.19
2019-02-19, 16:30:42, 24.03, 45.15
2019-02-19, 16:30:43, 24.04, 45.12
2019-02-19, 16:30:45, 24.04, 45.16
2019-02-19, 16:30:46, 24.05, 45.12
2019-02-19, 16:30:47, 24.04, 45.12
2019-02-19, 16:30:49, 24.04, 45.16
2019-02-19, 16:30:50, 24.05, 45.16
2019-02-19, 16:30:52, 24.04, 45.16
2019-02-19, 16:30:53, 24.04, 45.16
2019-02-19, 16:30:54, 24.05, 45.16
2019-02-19, 16:30:56, 24.05, 45.12
2019-02-19, 16:30:57, 24.06, 45.13
2019-02-19, 16:30:58, 24.04, 45.12
2019-02-19, 16:31:00, 24.05, 45.12
2019-02-19, 16:31:01, 24.05, 45.16
2019-02-19, 16:31:02, 24.05, 45.16
2019-02-19, 16:31:04, 24.04, 45.16
2019-02-19, 16:31:05, 24.04, 45.16
2019-02-19, 16:31:06, 24.04, 45.16
2019-02-19, 16:31:08, 24.05, 45.16
2019-02-19, 16:31:09, 24.05, 45.16
2019-02-19, 16:31:10, 24.06, 45.19
2019-02-19, 16:31:12, 24.04, 45.19
2019-02-19, 16:31:13, 24.04, 45.19
2019-02-19, 16:31:15, 24.04, 45.16
2019-02-19, 16:31:16, 24.05, 45.16
2019-02-19, 16:31:17, 24.04, 45.19
2019-02-19, 16:31:19, 24.05, 45.19
2019-02-19, 16:31:20, 24.05, 45.19
2019-02-19, 16:31:21, 24.05, 45.19
2019-02-19, 16:31:23, 24.05, 45.19
2019-02-19, 16:31:24, 24.04, 45.19
2019-02-19, 16:31:25, 24.03, 45.19
2019-02-19, 16:31:27, 24.06, 45.19
2019-02-19, 16:31:28, 24.05, 45.19
2019-02-19, 16:31:29, 24.05, 45.19
2019-02-19, 16:31:31, 24.05, 45.19
2019-02-19, 16:31:32, 24.04, 45.19
2019-02-19, 16:31:34, 24.05, 45.19
2019-02-19, 16:31:35, 24.04, 45.16
2019-02-19, 16:31:36, 24.05, 45.16
2019-02-19, 16:31:38, 24.04, 45.12
2019-02-19, 16:31:39, 24.04, 45.12
2019-02-19, 16:31:40, 24.04, 45.12
2019-02-19, 16:31:42, 24.05, 45.12
2019-02-19, 16:31:43, 24.05, 45.12
2019-02-19, 16:31:44, 24.04, 45.12
2019-02-19, 16:31:46, 24.04, 45.12
2019-02-19, 16:31:47, 24.05, 45.12
2019-02-19, 16:31:48, 24.05, 45.12
2019-02-19, 16:31:50, 24.05, 45.12
2019-02-19, 16:31:51, 24.04, 45.16
2019-02-19, 16:31:53, 24.04, 45.12
2019-02-19, 16:31:54, 24.05, 45.12
2019-02-19, 16:31:55, 24.05, 45.12
2019-02-19, 16:31:57, 24.05, 45.12
2019-02-19, 16:31:58, 24.04, 45.12
2019-02-19, 16:31:59, 24.06, 45.09
2019-02-19, 16:32:01, 24.06, 45.09
2019-02-19, 16:32:02, 24.06, 45.09
2019-02-19, 16:32:03, 24.06, 45.09
2019-02-19, 16:32:05, 24.05, 45.12
2019-02-19, 16:32:06, 24.06, 45.13
2019-02-19, 16:32:07, 24.06, 45.09
2019-02-19, 16:32:09, 24.04, 45.12
2019-02-19, 16:32:10, 24.06, 45.13
2019-02-19, 16:32:12, 24.05, 45.12
2019-02-19, 16:32:13, 24.06, 45.13
2019-02-19, 16:32:14, 24.06, 45.13
2019-02-19, 16:32:16, 24.06, 45.13
2019-02-19, 16:32:17, 24.06, 45.13
2019-02-19, 16:32:18, 24.06, 45.13
2019-02-19, 16:32:20, 24.05, 45.12
2019-02-19, 16:32:21, 24.06, 45.13
2019-02-19, 16:32:22, 24.06, 45.13
2019-02-19, 16:32:24, 24.06, 45.13
2019-02-19, 16:32:25, 24.05, 45.12
2019-02-19, 16:32:26, 24.06, 45.16
2019-02-19, 16:32:28, 24.07, 45.16
2019-02-19, 16:32:29, 24.06, 45.13
2019-02-19, 16:32:31, 23.97, 45.15
2019-02-19, 16:32:32, 24.05, 45.19
2019-02-19, 16:32:33, 24.06, 45.16
2019-02-19, 16:32:35, 24.06, 45.16
2019-02-19, 16:32:36, 24.07, 45.13
2019-02-19, 16:32:37, 24.09, 45.16
2019-02-19, 16:32:39, 24.06, 45.13
2019-02-19, 16:32:40, 24.08, 45.13
2019-02-19, 16:32:41, 24.08, 45.1
2019-02-19, 16:32:43, 24.07, 45.13
2019-02-19, 16:32:44, 24.08, 45.13
2019-02-19, 16:32:45, 24.09, 45.13
2019-02-19, 16:32:47, 24.1, 45.13
2019-02-19, 16:32:48, 24.09, 45.13
2019-02-19, 16:32:50, 24.1, 45.13
2019-02-19, 16:32:51, 24.09, 45.1
2019-02-19, 16:32:52, 24.1, 45.07
2019-02-19, 16:32:54, 24.09, 45.1
2019-02-19, 16:32:55, 24.08, 45.1
2019-02-19, 16:32:56, 24.09, 45.06
2019-02-19, 16:32:58, 24.08, 45.06
2019-02-19, 16:32:59, 24.1, 45.07
2019-02-19, 16:33:00, 24.09, 45.06
2019-02-19, 16:33:02, 24.1, 45.07
2019-02-19, 16:33:03, 24.08, 45.03
2019-02-19, 16:33:04, 24.09, 45.03
2019-02-19, 16:33:06, 24.09, 45.06
2019-02-19, 16:33:07, 24.1, 45.07
2019-02-19, 16:33:09, 24.1, 45.03
2019-02-19, 16:33:10, 24.1, 45.07
2019-02-19, 16:33:11, 24.1, 45.07
2019-02-19, 16:33:13, 24.1, 45.03
2019-02-19, 16:33:14, 24.11, 45.03
2019-02-19, 16:33:15, 24.12, 45.0
2019-02-19, 16:33:17, 24.12, 45.04
2019-02-19, 16:33:18, 24.1, 45.0
2019-02-19, 16:33:19, 24.11, 45.03
2019-02-19, 16:33:21, 24.1, 45.03
2019-02-19, 16:33:22, 24.12, 45.0
2019-02-19, 16:33:23, 24.11, 45.03
2019-02-19, 16:33:25, 24.1, 45.0
2019-02-19, 16:33:26, 24.12, 45.04
2019-02-19, 16:33:27, 24.11, 45.03
2019-02-19, 16:33:29, 24.12, 45.04
2019-02-19, 16:33:30, 24.13, 45.04
2019-02-19, 16:33:32, 24.1, 45.07
2019-02-19, 16:33:33, 24.1, 45.03
2019-02-19, 16:33:34, 24.1, 45.03
2019-02-19, 16:33:36, 24.11, 45.03
2019-02-19, 16:33:37, 24.12, 45.04
2019-02-19, 16:33:38, 24.12, 45.0
2019-02-19, 16:33:40, 24.12, 45.04
2019-02-19, 16:33:41, 24.12, 45.04
2019-02-19, 16:33:42, 24.13, 45.0
2019-02-19, 16:33:44, 24.14, 45.04
2019-02-19, 16:33:45, 24.12, 45.0
2019-02-19, 16:33:46, 24.12, 45.0
2019-02-19, 16:33:48, 24.12, 45.0
2019-02-19, 16:33:49, 24.12, 45.0
2019-02-19, 16:33:50, 24.1, 45.0
2019-02-19, 16:33:52, 24.11, 45.0
2019-02-19, 16:33:53, 24.1, 45.03
2019-02-19, 16:33:55, 24.1, 45.0
2019-02-19, 16:33:56, 24.1, 45.03
2019-02-19, 16:33:57, 24.12, 45.0
2019-02-19, 16:33:59, 24.12, 45.0
2019-02-19, 16:34:00, 24.11, 45.03
2019-02-19, 16:34:01, 24.11, 45.03
2019-02-19, 16:34:03, 24.12, 45.04
2019-02-19, 16:34:04, 24.12, 45.0
2019-02-19, 16:34:05, 24.12, 45.0
2019-02-19, 16:34:07, 24.11, 45.0
2019-02-19, 16:34:08, 24.11, 45.0
2019-02-19, 16:34:09, 24.1, 45.0
2019-02-19, 16:34:11, 24.11, 45.0
2019-02-19, 16:34:12, 24.11, 45.0
2019-02-19, 16:34:14, 24.12, 45.0
2019-02-19, 16:34:15, 24.13, 45.0
2019-02-19, 16:34:16, 24.11, 45.0
2019-02-19, 16:34:18, 24.11, 45.0
2019-02-19, 16:34:19, 24.12, 45.0
2019-02-19, 16:34:20, 24.11, 45.0
2019-02-19, 16:34:22, 24.12, 45.0
2019-02-19, 16:34:23, 24.11, 45.0
2019-02-19, 16:34:24, 24.12, 45.0
2019-02-19, 16:34:26, 24.12, 44.97
2019-02-19, 16:34:27, 24.11, 44.97
2019-02-19, 16:34:28, 24.11, 45.0
2019-02-19, 16:34:30, 24.11, 44.97
2019-02-19, 16:34:31, 24.12, 44.94
2019-02-19, 16:34:32, 24.13, 44.94
2019-02-19, 16:34:34, 24.12, 44.94
2019-02-19, 16:34:35, 24.12, 44.94
2019-02-19, 16:34:37, 24.12, 44.94
2019-02-19, 16:34:38, 24.13, 44.94
2019-02-19, 16:34:39, 24.11, 44.94
2019-02-19, 16:34:41, 24.13, 44.94
2019-02-19, 16:34:42, 24.12, 44.94
2019-02-19, 16:34:43, 24.12, 44.94
2019-02-19, 16:34:45, 24.12, 44.94
2019-02-19, 16:34:46, 24.12, 44.94
2019-02-19, 16:34:47, 24.11, 44.97
2019-02-19, 16:34:49, 24.11, 44.97
2019-02-19, 16:34:50, 24.11, 44.97
2019-02-19, 16:34:51, 24.11, 44.97
2019-02-19, 16:34:53, 24.12, 44.97
2019-02-19, 16:34:54, 24.12, 45.0
2019-02-19, 16:34:55, 24.12, 45.0
2019-02-19, 16:34:57, 24.12, 45.0
2019-02-19, 16:34:58, 24.13, 44.97
2019-02-19, 16:35:00, 24.12, 44.97
2019-02-19, 16:35:01, 24.12, 44.97
2019-02-19, 16:35:02, 24.13, 44.97
2019-02-19, 16:35:04, 24.12, 44.97
2019-02-19, 16:35:05, 24.13, 44.97
2019-02-19, 16:35:06, 24.13, 44.97
2019-02-19, 16:35:08, 24.13, 44.97
2019-02-19, 16:35:09, 24.13, 45.0
2019-02-19, 16:35:10, 24.14, 44.97
2019-02-19, 16:35:12, 24.13, 44.97
2019-02-19, 16:35:13, 24.12, 44.97
2019-02-19, 16:35:14, 24.12, 44.97
2019-02-19, 16:35:16, 24.14, 44.97
2019-02-19, 16:35:17, 24.14, 44.97
2019-02-19, 16:35:18, 24.13, 44.97
2019-02-19, 16:35:20, 24.13, 44.97
2019-02-19, 16:35:21, 24.14, 44.94
2019-02-19, 16:35:23, 24.12, 44.97
2019-02-19, 16:35:24, 24.13, 44.97
2019-02-19, 16:35:25, 24.14, 45.01
2019-02-19, 16:35:27, 24.12, 44.97
2019-02-19, 16:35:28, 24.13, 44.94
2019-02-19, 16:35:29, 24.14, 44.97
2019-02-19, 16:35:31, 24.14, 44.94
2019-02-19, 16:35:32, 24.15, 44.94
2019-02-19, 16:35:33, 24.12, 44.94
2019-02-19, 16:35:35, 24.13, 44.94
2019-02-19, 16:35:36, 24.13, 44.94
2019-02-19, 16:35:37, 24.13, 44.94
2019-02-19, 16:35:39, 24.14, 44.94
2019-02-19, 16:35:40, 24.13, 44.97
2019-02-19, 16:35:42, 24.13, 44.94
2019-02-19, 16:35:43, 24.14, 44.97
2019-02-19, 16:35:44, 24.13, 44.97
2019-02-19, 16:35:46, 24.12, 44.97
2019-02-19, 16:35:47, 24.13, 44.97
2019-02-19, 16:35:48, 24.12, 44.97
2019-02-19, 16:35:50, 24.12, 44.94
2019-02-19, 16:35:51, 24.13, 44.94
2019-02-19, 16:35:52, 24.13, 44.94
2019-02-19, 16:35:54, 24.13, 44.97
2019-02-19, 16:35:55, 24.12, 44.97
2019-02-19, 16:35:56, 24.13, 44.97
2019-02-19, 16:35:58, 24.13, 44.94
2019-02-19, 16:35:59, 24.12, 44.94
2019-02-19, 16:36:00, 24.12, 44.94
2019-02-19, 16:36:02, 24.12, 44.94
2019-02-19, 16:36:03, 24.1, 44.94
2019-02-19, 16:36:05, 24.09, 44.97
2019-02-19, 16:36:06, 24.12, 44.94
2019-02-19, 16:36:07, 24.12, 44.94
2019-02-19, 16:36:09, 24.11, 44.94
2019-02-19, 16:36:10, 24.12, 44.94
2019-02-19, 16:36:11, 24.12, 44.94
2019-02-19, 16:36:13, 24.11, 44.94
2019-02-19, 16:36:14, 24.12, 44.94
2019-02-19, 16:36:15, 24.12, 44.94
2019-02-19, 16:36:17, 24.12, 44.94
2019-02-19, 16:36:18, 24.12, 44.94
2019-02-19, 16:36:19, 24.12, 44.94
2019-02-19, 16:36:21, 24.13, 44.94
2019-02-19, 16:36:22, 24.12, 44.94
2019-02-19, 16:36:23, 24.13, 44.94
2019-02-19, 16:36:25, 24.12, 44.94
2019-02-19, 16:36:26, 24.14, 44.94
2019-02-19, 16:36:28, 24.12, 44.94
2019-02-19, 16:36:29, 24.13, 44.94
2019-02-19, 16:36:30, 24.12, 44.94
2019-02-19, 16:36:32, 24.13, 44.94
2019-02-19, 16:36:33, 24.14, 44.94
2019-02-19, 16:36:34, 24.14, 44.91
2019-02-19, 16:36:36, 24.14, 44.94
2019-02-19, 16:36:37, 24.13, 44.94
2019-02-19, 16:36:38, 24.12, 44.94
2019-02-19, 16:36:40, 24.13, 44.94
2019-02-19, 16:36:41, 24.12, 44.94
2019-02-19, 16:36:42, 24.13, 44.94
2019-02-19, 16:36:44, 24.11, 44.94
2019-02-19, 16:36:45, 24.12, 44.94
2019-02-19, 16:36:46, 24.12, 44.94
2019-02-19, 16:36:48, 24.12, 44.94
2019-02-19, 16:36:49, 24.12, 44.94
2019-02-19, 16:36:51, 24.12, 44.97
2019-02-19, 16:36:52, 24.12, 44.97
2019-02-19, 16:36:53, 24.12, 44.97
2019-02-19, 16:36:55, 24.12, 44.94
2019-02-19, 16:36:56, 24.13, 44.94
2019-02-19, 16:36:57, 24.06, 44.93
2019-02-19, 16:36:59, 24.12, 44.97
2019-02-19, 16:37:00, 24.12, 44.97
2019-02-19, 16:37:01, 24.11, 44.97
2019-02-19, 16:37:03, 24.02, 44.96
2019-02-19, 16:37:04, 24.09, 45.0
2019-02-19, 16:37:05, 24.1, 45.0
2019-02-19, 16:37:07, 24.09, 45.0
2019-02-19, 16:37:08, 24.1, 45.0
2019-02-19, 16:37:09, 24.11, 44.97
2019-02-19, 16:37:11, 24.11, 45.0
2019-02-19, 16:37:12, 24.12, 44.97
2019-02-19, 16:37:14, 24.11, 44.97
2019-02-19, 16:37:15, 24.1, 45.0
2019-02-19, 16:37:16, 24.12, 44.94
2019-02-19, 16:37:18, 24.11, 44.97
2019-02-19, 16:37:19, 24.11, 44.97
2019-02-19, 16:37:20, 24.11, 44.97
2019-02-19, 16:37:22, 24.1, 44.97
2019-02-19, 16:37:23, 24.11, 44.97
2019-02-19, 16:37:24, 24.12, 44.97
2019-02-19, 16:37:26, 24.12, 44.97
2019-02-19, 16:37:27, 24.1, 44.94
2019-02-19, 16:37:28, 24.12, 44.97
2019-02-19, 16:37:30, 24.11, 45.0
2019-02-19, 16:37:31, 24.13, 44.97
2019-02-19, 16:37:33, 24.12, 44.94
2019-02-19, 16:37:34, 24.11, 44.94
2019-02-19, 16:37:35, 24.12, 44.97
2019-02-19, 16:37:37, 24.11, 44.94
2019-02-19, 16:37:38, 24.11, 44.97
2019-02-19, 16:37:39, 24.11, 44.97
2019-02-19, 16:37:41, 24.11, 44.97
2019-02-19, 16:37:42, 24.1, 44.97
2019-02-19, 16:37:43, 24.11, 44.97
2019-02-19, 16:37:45, 24.11, 44.97
2019-02-19, 16:37:46, 24.11, 44.97
2019-02-19, 16:37:47, 24.12, 44.97
2019-02-19, 16:37:49, 24.11, 45.0
2019-02-19, 16:37:50, 24.11, 45.0
2019-02-19, 16:37:52, 24.1, 44.97
2019-02-19, 16:37:53, 24.1, 44.97
2019-02-19, 16:37:54, 24.1, 45.0
2019-02-19, 16:37:56, 24.1, 44.97
2019-02-19, 16:37:57, 24.11, 45.0
2019-02-19, 16:37:58, 24.11, 45.0
2019-02-19, 16:38:00, 24.11, 44.97
2019-02-19, 16:38:01, 24.1, 45.0
2019-02-19, 16:38:02, 24.11, 45.0
2019-02-19, 16:38:04, 24.11, 44.97
2019-02-19, 16:38:05, 24.12, 45.0
2019-02-19, 16:38:06, 24.12, 44.97
2019-02-19, 16:38:08, 24.12, 45.0
2019-02-19, 16:38:09, 24.11, 45.0
2019-02-19, 16:38:11, 24.12, 45.0
2019-02-19, 16:38:12, 24.11, 45.0
2019-02-19, 16:38:13, 24.12, 45.0
2019-02-19, 16:38:15, 24.12, 45.0
2019-02-19, 16:38:16, 24.13, 45.0
2019-02-19, 16:38:17, 24.13, 45.0
2019-02-19, 16:38:19, 24.12, 45.0
2019-02-19, 16:38:20, 24.13, 45.0
2019-02-19, 16:38:21, 24.12, 45.0
2019-02-19, 16:38:23, 24.12, 45.0
2019-02-19, 16:38:24, 24.14, 45.01
2019-02-19, 16:38:25, 24.14, 45.01
2019-02-19, 16:38:27, 24.0, 45.02
2019-02-19, 16:38:28, 24.09, 45.06
2019-02-19, 16:38:29, 24.1, 45.07
2019-02-19, 16:38:31, 24.1, 45.07
2019-02-19, 16:38:32, 23.96, 45.05
2019-02-19, 16:38:34, 24.08, 45.13
2019-02-19, 16:38:35, 24.08, 45.13
2019-02-19, 16:38:36, 24.1, 45.13
2019-02-19, 16:38:38, 24.1, 45.13
2019-02-19, 16:38:39, 24.1, 45.1
2019-02-19, 16:38:40, 24.09, 45.1
2019-02-19, 16:38:42, 24.1, 45.1
2019-02-19, 16:38:43, 24.09, 45.06
2019-02-19, 16:38:44, 24.11, 45.07
2019-02-19, 16:38:46, 24.1, 45.07
2019-02-19, 16:38:47, 24.1, 45.07
2019-02-19, 16:38:48, 24.09, 45.06
2019-02-19, 16:38:50, 24.1, 45.07
2019-02-19, 16:38:51, 24.09, 45.06
2019-02-19, 16:38:53, 24.09, 45.06
2019-02-19, 16:38:54, 24.1, 45.07
2019-02-19, 16:38:55, 24.1, 45.07
2019-02-19, 16:38:57, 23.97, 45.05
2019-02-19, 16:38:58, 24.05, 45.12
2019-02-19, 16:38:59, 24.08, 45.13
2019-02-19, 16:39:01, 24.07, 45.13
2019-02-19, 16:39:02, 24.08, 45.13
2019-02-19, 16:39:03, 24.07, 45.13
2019-02-19, 16:39:05, 24.09, 45.13
2019-02-19, 16:39:06, 24.08, 45.1
2019-02-19, 16:39:07, 24.09, 45.13
2019-02-19, 16:39:09, 24.1, 45.13
2019-02-19, 16:39:10, 24.1, 45.13
2019-02-19, 16:39:12, 24.09, 45.13
2019-02-19, 16:39:13, 24.09, 45.1
2019-02-19, 16:39:14, 24.1, 45.13
2019-02-19, 16:39:16, 24.08, 45.13
2019-02-19, 16:39:17, 24.08, 45.1
2019-02-19, 16:39:18, 24.09, 45.1
2019-02-19, 16:39:20, 24.1, 45.1
2019-02-19, 16:39:21, 24.1, 45.1
2019-02-19, 16:39:22, 24.1, 45.1
2019-02-19, 16:39:24, 24.1, 45.1
2019-02-19, 16:39:25, 24.12, 45.07
2019-02-19, 16:39:26, 23.95, 45.11
2019-02-19, 16:39:28, 24.06, 45.19
2019-02-19, 16:39:29, 24.08, 45.19
2019-02-19, 16:39:31, 24.08, 45.19
2019-02-19, 16:39:32, 24.08, 45.16
2019-02-19, 16:39:33, 24.09, 45.16
2019-02-19, 16:39:35, 24.08, 45.16
2019-02-19, 16:39:36, 24.1, 45.13
2019-02-19, 16:39:37, 24.1, 45.16
2019-02-19, 16:39:39, 24.08, 45.13
2019-02-19, 16:39:40, 24.09, 45.13
2019-02-19, 16:39:41, 24.08, 45.13
2019-02-19, 16:39:43, 24.08, 45.13
2019-02-19, 16:39:44, 24.08, 45.13
2019-02-19, 16:39:45, 24.08, 45.13
2019-02-19, 16:39:47, 24.07, 45.13
2019-02-19, 16:39:48, 24.07, 45.16
2019-02-19, 16:39:50, 24.08, 45.13
2019-02-19, 16:39:51, 24.08, 45.16
2019-02-19, 16:39:52, 24.1, 45.16
2019-02-19, 16:39:54, 24.09, 45.13
2019-02-19, 16:39:55, 24.08, 45.13
2019-02-19, 16:39:56, 24.08, 45.13
2019-02-19, 16:39:58, 24.09, 45.13
2019-02-19, 16:39:59, 24.09, 45.1
2019-02-19, 16:40:00, 24.09, 45.13
2019-02-19, 16:40:02, 24.1, 45.13
2019-02-19, 16:40:03, 24.08, 45.13
2019-02-19, 16:40:04, 24.08, 45.13
2019-02-19, 16:40:06, 24.09, 45.13
2019-02-19, 16:40:07, 24.1, 45.13
2019-02-19, 16:40:08, 24.08, 45.13
2019-02-19, 16:40:10, 24.1, 45.13
2019-02-19, 16:40:11, 24.1, 45.1
2019-02-19, 16:40:13, 24.1, 45.1
2019-02-19, 16:40:14, 24.08, 45.1
2019-02-19, 16:40:15, 24.08, 45.13
2019-02-19, 16:40:17, 24.1, 45.1
2019-02-19, 16:40:18, 24.08, 45.06
2019-02-19, 16:40:19, 24.08, 45.1
2019-02-19, 16:40:21, 24.1, 45.13
2019-02-19, 16:40:22, 24.08, 45.13
2019-02-19, 16:40:23, 24.1, 45.13
2019-02-19, 16:40:25, 24.08, 45.13
2019-02-19, 16:40:26, 24.1, 45.13
2019-02-19, 16:40:27, 24.08, 45.13
2019-02-19, 16:40:29, 24.08, 45.13
2019-02-19, 16:40:30, 24.08, 45.13
2019-02-19, 16:40:32, 24.08, 45.13
2019-02-19, 16:40:33, 24.07, 45.16
2019-02-19, 16:40:34, 24.09, 45.16
2019-02-19, 16:40:36, 24.08, 45.16
2019-02-19, 16:40:37, 24.09, 45.13
2019-02-19, 16:40:38, 24.1, 45.13
2019-02-19, 16:40:40, 24.1, 45.13
2019-02-19, 16:40:41, 24.09, 45.13
2019-02-19, 16:40:42, 24.09, 45.13
2019-02-19, 16:40:44, 24.09, 45.13
2019-02-19, 16:40:45, 24.08, 45.13
2019-02-19, 16:40:46, 24.09, 45.13
2019-02-19, 16:40:48, 24.08, 45.16
2019-02-19, 16:40:49, 24.09, 45.13
2019-02-19, 16:40:50, 24.1, 45.16
2019-02-19, 16:40:52, 24.09, 45.19
2019-02-19, 16:40:53, 24.09, 45.16
2019-02-19, 16:40:55, 24.08, 45.16
2019-02-19, 16:40:56, 24.1, 45.16
2019-02-19, 16:40:57, 24.09, 45.19
2019-02-19, 16:40:59, 24.09, 45.16
2019-02-19, 16:41:00, 24.09, 45.13
2019-02-19, 16:41:01, 24.09, 45.16
2019-02-19, 16:41:03, 24.09, 45.16
2019-02-19, 16:41:04, 24.09, 45.13
2019-02-19, 16:41:05, 24.1, 45.16
2019-02-19, 16:41:07, 24.1, 45.16
2019-02-19, 16:41:08, 24.1, 45.16
2019-02-19, 16:41:09, 24.1, 45.16
2019-02-19, 16:41:11, 24.1, 45.13
2019-02-19, 16:41:12, 24.09, 45.16
2019-02-19, 16:41:13, 24.09, 45.13
2019-02-19, 16:41:15, 24.11, 45.16
2019-02-19, 16:41:16, 24.1, 45.16
2019-02-19, 16:41:18, 24.1, 45.13
2019-02-19, 16:41:19, 24.09, 45.13
2019-02-19, 16:41:20, 24.09, 45.13
2019-02-19, 16:41:22, 24.09, 45.13
2019-02-19, 16:41:23, 24.11, 45.13
2019-02-19, 16:41:24, 24.05, 45.12
2019-02-19, 16:41:26, 24.09, 45.13
2019-02-19, 16:41:27, 24.1, 45.13
2019-02-19, 16:41:28, 24.1, 45.16
2019-02-19, 16:41:30, 24.02, 45.15
2019-02-19, 16:41:31, 24.08, 45.19
2019-02-19, 16:41:32, 24.08, 45.19
2019-02-19, 16:41:34, 24.09, 45.16
2019-02-19, 16:41:35, 24.09, 45.19
2019-02-19, 16:41:37, 24.1, 45.19
2019-02-19, 16:41:38, 24.09, 45.19
2019-02-19, 16:41:39, 24.08, 45.16
2019-02-19, 16:41:41, 24.09, 45.19
2019-02-19, 16:41:42, 24.09, 45.19
2019-02-19, 16:41:43, 24.1, 45.19
2019-02-19, 16:41:45, 24.09, 45.19
2019-02-19, 16:41:46, 24.1, 45.23
2019-02-19, 16:41:47, 24.1, 45.19
2019-02-19, 16:41:49, 24.1, 45.19
2019-02-19, 16:41:50, 24.1, 45.19
2019-02-19, 16:41:51, 24.1, 45.19
2019-02-19, 16:41:53, 24.1, 45.19
2019-02-19, 16:41:54, 24.09, 45.19
2019-02-19, 16:41:55, 24.08, 45.19
2019-02-19, 16:41:57, 24.08, 45.19
2019-02-19, 16:41:58, 24.1, 45.19
2019-02-19, 16:42:00, 24.09, 45.19
2019-02-19, 16:42:01, 24.08, 45.19
2019-02-19, 16:42:02, 24.09, 45.19
2019-02-19, 16:42:04, 24.08, 45.22
2019-02-19, 16:42:05, 24.08, 45.19
2019-02-19, 16:42:06, 24.08, 45.22
2019-02-19, 16:42:08, 24.08, 45.22
2019-02-19, 16:42:09, 24.1, 45.23
2019-02-19, 16:42:10, 24.1, 45.23
2019-02-19, 16:42:12, 24.08, 45.22
2019-02-19, 16:42:13, 24.1, 45.23
2019-02-19, 16:42:14, 24.09, 45.23
2019-02-19, 16:42:16, 24.08, 45.26
2019-02-19, 16:42:17, 24.09, 45.23
2019-02-19, 16:42:18, 24.09, 45.19
2019-02-19, 16:42:20, 24.08, 45.22
2019-02-19, 16:42:21, 24.08, 45.26
2019-02-19, 16:42:23, 24.08, 45.26
2019-02-19, 16:42:24, 23.98, 45.28
2019-02-19, 16:42:25, 24.05, 45.32
2019-02-19, 16:42:27, 24.06, 45.32
2019-02-19, 16:42:28, 24.06, 45.29
2019-02-19, 16:42:29, 23.92, 45.3
2019-02-19, 16:42:31, 24.03, 45.35
2019-02-19, 16:42:32, 24.04, 45.35
2019-02-19, 16:42:33, 24.04, 45.32
2019-02-19, 16:42:35, 24.05, 45.32
2019-02-19, 16:42:36, 24.05, 45.32
2019-02-19, 16:42:37, 24.07, 45.32
2019-02-19, 16:42:39, 24.07, 45.32
2019-02-19, 16:42:40, 24.08, 45.32
2019-02-19, 16:42:41, 24.06, 45.32
2019-02-19, 16:42:43, 24.07, 45.29
2019-02-19, 16:42:44, 24.06, 45.29
2019-02-19, 16:42:46, 24.06, 45.25
2019-02-19, 16:42:47, 24.06, 45.32
2019-02-19, 16:42:48, 24.07, 45.29
2019-02-19, 16:42:50, 24.06, 45.29
2019-02-19, 16:42:51, 24.06, 45.29
2019-02-19, 16:42:52, 24.06, 45.25
2019-02-19, 16:42:54, 23.95, 45.27
2019-02-19, 16:42:55, 24.02, 45.31
2019-02-19, 16:42:56, 24.04, 45.32
2019-02-19, 16:42:58, 24.04, 45.32
2019-02-19, 16:42:59, 24.05, 45.32
2019-02-19, 16:43:00, 24.06, 45.32
2019-02-19, 16:43:02, 24.04, 45.32
2019-02-19, 16:43:03, 24.04, 45.32
2019-02-19, 16:43:05, 24.04, 45.32
2019-02-19, 16:43:06, 24.04, 45.32
2019-02-19, 16:43:07, 24.04, 45.32
2019-02-19, 16:43:09, 24.06, 45.29
2019-02-19, 16:43:10, 24.06, 45.25
2019-02-19, 16:43:11, 24.05, 45.29
2019-02-19, 16:43:13, 24.06, 45.29
2019-02-19, 16:43:14, 24.05, 45.29
2019-02-19, 16:43:15, 24.05, 45.29
2019-02-19, 16:43:17, 24.06, 45.29
2019-02-19, 16:43:18, 24.06, 45.29
2019-02-19, 16:43:19, 24.05, 45.29
2019-02-19, 16:43:21, 24.06, 45.32
2019-02-19, 16:43:22, 24.05, 45.32
2019-02-19, 16:43:23, 23.94, 45.3
2019-02-19, 16:43:25, 24.03, 45.35
2019-02-19, 16:43:26, 24.05, 45.35
2019-02-19, 16:43:28, 24.04, 45.35
2019-02-19, 16:43:29, 24.05, 45.35
2019-02-19, 16:43:30, 24.05, 45.32
2019-02-19, 16:43:32, 24.05, 45.32
2019-02-19, 16:43:33, 24.04, 45.32
2019-02-19, 16:43:34, 24.04, 45.28
2019-02-19, 16:43:36, 24.04, 45.32
2019-02-19, 16:43:37, 24.04, 45.32
2019-02-19, 16:43:38, 24.05, 45.32
2019-02-19, 16:43:40, 24.04, 45.32
2019-02-19, 16:43:41, 24.04, 45.32
2019-02-19, 16:43:42, 24.03, 45.32
2019-02-19, 16:43:44, 24.03, 45.32
2019-02-19, 16:43:45, 24.03, 45.32
2019-02-19, 16:43:46, 24.04, 45.32
2019-02-19, 16:43:48, 24.03, 45.32
2019-02-19, 16:43:49, 24.04, 45.32
2019-02-19, 16:43:51, 24.04, 45.32
2019-02-19, 16:43:52, 24.04, 45.32
2019-02-19, 16:43:53, 24.05, 45.32
2019-02-19, 16:43:55, 24.04, 45.28
2019-02-19, 16:43:56, 24.05, 45.29
2019-02-19, 16:43:57, 24.05, 45.29
2019-02-19, 16:43:59, 24.04, 45.28
2019-02-19, 16:44:00, 24.03, 45.32
2019-02-19, 16:44:01, 24.03, 45.32
2019-02-19, 16:44:03, 24.03, 45.35
2019-02-19, 16:44:04, 24.03, 45.32
2019-02-19, 16:44:05, 24.04, 45.32
2019-02-19, 16:44:07, 24.05, 45.35
2019-02-19, 16:44:08, 24.04, 45.32
2019-02-19, 16:44:10, 24.05, 45.35
2019-02-19, 16:44:11, 24.04, 45.32
2019-02-19, 16:44:12, 24.05, 45.35
2019-02-19, 16:44:14, 24.04, 45.32
2019-02-19, 16:44:15, 24.01, 45.34
2019-02-19, 16:44:16, 24.03, 45.35
2019-02-19, 16:44:18, 24.02, 45.35
2019-02-19, 16:44:19, 24.03, 45.35
2019-02-19, 16:44:20, 24.03, 45.35
2019-02-19, 16:44:22, 24.02, 45.35
2019-02-19, 16:44:23, 24.02, 45.35
2019-02-19, 16:44:24, 24.03, 45.38
2019-02-19, 16:44:26, 24.02, 45.35
2019-02-19, 16:44:27, 24.03, 45.38
2019-02-19, 16:44:29, 24.02, 45.38
2019-02-19, 16:44:30, 24.02, 45.35
2019-02-19, 16:44:31, 24.03, 45.38
2019-02-19, 16:44:33, 24.01, 45.34
2019-02-19, 16:44:34, 24.02, 45.38
2019-02-19, 16:44:35, 24.02, 45.38
2019-02-19, 16:44:37, 24.02, 45.38
2019-02-19, 16:44:38, 24.03, 45.38
2019-02-19, 16:44:39, 24.02, 45.38
2019-02-19, 16:44:41, 24.0, 45.38
2019-02-19, 16:44:42, 24.02, 45.38
2019-02-19, 16:44:43, 24.0, 45.38
2019-02-19, 16:44:45, 24.01, 45.38
2019-02-19, 16:44:46, 24.0, 45.38
2019-02-19, 16:44:47, 24.01, 45.38
2019-02-19, 16:44:49, 24.0, 45.38
2019-02-19, 16:44:50, 24.0, 45.38
2019-02-19, 16:44:52, 24.01, 45.38
2019-02-19, 16:44:53, 24.01, 45.38
2019-02-19, 16:44:54, 24.0, 45.34
2019-02-19, 16:44:56, 24.0, 45.34
2019-02-19, 16:44:57, 23.99, 45.37
2019-02-19, 16:44:58, 24.0, 45.34
2019-02-19, 16:45:00, 23.99, 45.34
2019-02-19, 16:45:01, 23.98, 45.37
2019-02-19, 16:45:02, 23.98, 45.37
2019-02-19, 16:45:04, 23.98, 45.37
2019-02-19, 16:45:05, 23.97, 45.4
2019-02-19, 16:45:06, 23.99, 45.37
2019-02-19, 16:45:08, 24.0, 45.41
2019-02-19, 16:45:09, 24.0, 45.41
2019-02-19, 16:45:10, 23.99, 45.37
2019-02-19, 16:45:12, 24.0, 45.38
2019-02-19, 16:45:13, 24.0, 45.41
2019-02-19, 16:45:15, 23.99, 45.41
2019-02-19, 16:45:16, 23.99, 45.44
2019-02-19, 16:45:17, 24.0, 45.44
2019-02-19, 16:45:19, 23.99, 45.44
2019-02-19, 16:45:20, 23.99, 45.44
2019-02-19, 16:45:21, 23.99, 45.44
2019-02-19, 16:45:23, 23.98, 45.44
2019-02-19, 16:45:24, 23.97, 45.44
2019-02-19, 16:45:25, 23.98, 45.44
2019-02-19, 16:45:27, 23.98, 45.44
2019-02-19, 16:45:28, 23.98, 45.44
2019-02-19, 16:45:29, 23.99, 45.44
2019-02-19, 16:45:31, 23.99, 45.44
2019-02-19, 16:45:32, 23.98, 45.47
2019-02-19, 16:45:33, 23.98, 45.47
2019-02-19, 16:45:35, 23.97, 45.47
2019-02-19, 16:45:36, 23.97, 45.47
2019-02-19, 16:45:38, 23.98, 45.5
2019-02-19, 16:45:39, 23.98, 45.5
2019-02-19, 16:45:40, 23.99, 45.5
2019-02-19, 16:45:42, 23.98, 45.5
2019-02-19, 16:45:43, 23.99, 45.5
2019-02-19, 16:45:44, 23.98, 45.5
2019-02-19, 16:45:46, 23.98, 45.5
2019-02-19, 16:45:47, 23.98, 45.5
2019-02-19, 16:45:48, 23.96, 45.53
2019-02-19, 16:45:50, 23.97, 45.5
2019-02-19, 16:45:51, 23.95, 45.53
2019-02-19, 16:45:52, 23.96, 45.5
2019-02-19, 16:45:54, 23.98, 45.53
2019-02-19, 16:45:55, 23.98, 45.5
2019-02-19, 16:45:57, 23.98, 45.5
2019-02-19, 16:45:58, 23.97, 45.5
2019-02-19, 16:45:59, 23.97, 45.53
2019-02-19, 16:46:01, 23.96, 45.53
2019-02-19, 16:46:02, 23.97, 45.57
2019-02-19, 16:46:03, 23.96, 45.56
2019-02-19, 16:46:05, 23.96, 45.56
2019-02-19, 16:46:06, 23.96, 45.56
2019-02-19, 16:46:07, 23.95, 45.56
2019-02-19, 16:46:09, 23.96, 45.56
2019-02-19, 16:46:10, 23.95, 45.56
2019-02-19, 16:46:11, 23.96, 45.56
2019-02-19, 16:46:13, 23.96, 45.56
2019-02-19, 16:46:14, 23.96, 45.56
2019-02-19, 16:46:15, 23.95, 45.56
2019-02-19, 16:46:17, 23.94, 45.56
2019-02-19, 16:46:18, 23.96, 45.56
2019-02-19, 16:46:20, 23.94, 45.56
2019-02-19, 16:46:21, 23.93, 45.56
2019-02-19, 16:46:22, 23.94, 45.56
2019-02-19, 16:46:24, 23.95, 45.56
2019-02-19, 16:46:25, 23.94, 45.56
2019-02-19, 16:46:26, 23.93, 45.56
2019-02-19, 16:46:28, 23.95, 45.56
2019-02-19, 16:46:29, 23.95, 45.56
2019-02-19, 16:46:30, 23.95, 45.6
2019-02-19, 16:46:32, 23.96, 45.6
2019-02-19, 16:46:33, 23.97, 45.57
2019-02-19, 16:46:34, 23.96, 45.56
2019-02-19, 16:46:36, 23.96, 45.56
2019-02-19, 16:46:37, 23.96, 45.6
2019-02-19, 16:46:39, 23.95, 45.63
2019-02-19, 16:46:40, 23.95, 45.63
2019-02-19, 16:46:41, 23.95, 45.63
2019-02-19, 16:46:43, 23.95, 45.63
2019-02-19, 16:46:44, 23.96, 45.63
2019-02-19, 16:46:45, 23.96, 45.63
2019-02-19, 16:46:47, 23.95, 45.63
2019-02-19, 16:46:48, 23.95, 45.63
2019-02-19, 16:46:49, 23.95, 45.63
2019-02-19, 16:46:51, 23.9, 45.62
2019-02-19, 16:46:52, 23.92, 45.62
2019-02-19, 16:46:53, 23.93, 45.63
2019-02-19, 16:46:55, 23.94, 45.63
2019-02-19, 16:46:56, 23.86, 45.65
2019-02-19, 16:46:57, 23.92, 45.69
2019-02-19, 16:46:59, 23.93, 45.69
2019-02-19, 16:47:00, 23.92, 45.69
2019-02-19, 16:47:02, 23.93, 45.66
2019-02-19, 16:47:03, 23.94, 45.66
2019-02-19, 16:47:04, 23.94, 45.66
2019-02-19, 16:47:06, 23.95, 45.63
2019-02-19, 16:47:07, 23.94, 45.66
2019-02-19, 16:47:08, 23.94, 45.63
2019-02-19, 16:47:10, 23.94, 45.63
2019-02-19, 16:47:11, 23.95, 45.63
2019-02-19, 16:47:12, 23.94, 45.63
2019-02-19, 16:47:14, 23.94, 45.63
2019-02-19, 16:47:15, 23.95, 45.63
2019-02-19, 16:47:16, 23.94, 45.63
2019-02-19, 16:47:18, 23.95, 45.63
2019-02-19, 16:47:19, 23.95, 45.63
2019-02-19, 16:47:21, 23.87, 45.65
2019-02-19, 16:47:22, 23.94, 45.66
2019-02-19, 16:47:23, 23.94, 45.66
2019-02-19, 16:47:25, 23.94, 45.63
2019-02-19, 16:47:26, 23.82, 45.68
2019-02-19, 16:47:27, 23.92, 45.69
2019-02-19, 16:47:29, 23.94, 45.69
2019-02-19, 16:47:30, 23.93, 45.69
2019-02-19, 16:47:31, 23.94, 45.72
2019-02-19, 16:47:33, 23.94, 45.69
2019-02-19, 16:47:34, 23.95, 45.72
2019-02-19, 16:47:35, 23.94, 45.72
2019-02-19, 16:47:37, 23.95, 45.69
2019-02-19, 16:47:38, 23.95, 45.69
2019-02-19, 16:47:39, 23.95, 45.69
2019-02-19, 16:47:41, 23.95, 45.69
2019-02-19, 16:47:42, 23.95, 45.69
2019-02-19, 16:47:44, 23.96, 45.69
2019-02-19, 16:47:45, 23.96, 45.69
2019-02-19, 16:47:46, 23.96, 45.73
2019-02-19, 16:47:48, 23.97, 45.69
2019-02-19, 16:47:49, 23.95, 45.69
2019-02-19, 16:47:50, 23.96, 45.69
2019-02-19, 16:47:52, 23.97, 45.73
2019-02-19, 16:47:53, 23.96, 45.69
2019-02-19, 16:47:54, 23.96, 45.69
2019-02-19, 16:47:56, 23.94, 45.69
2019-02-19, 16:47:57, 23.97, 45.73
2019-02-19, 16:47:58, 23.96, 45.69
2019-02-19, 16:48:00, 23.98, 45.7
2019-02-19, 16:48:01, 23.96, 45.69
2019-02-19, 16:48:03, 23.97, 45.69
2019-02-19, 16:48:04, 23.94, 45.66
2019-02-19, 16:48:05, 23.96, 45.69
2019-02-19, 16:48:07, 23.96, 45.69
2019-02-19, 16:48:08, 23.94, 45.69
2019-02-19, 16:48:09, 23.95, 45.69
2019-02-19, 16:48:11, 23.95, 45.66
2019-02-19, 16:48:12, 23.96, 45.69
2019-02-19, 16:48:13, 23.96, 45.66
2019-02-19, 16:48:15, 23.96, 45.66
2019-02-19, 16:48:16, 23.96, 45.69
2019-02-19, 16:48:17, 23.97, 45.66
2019-02-19, 16:48:19, 23.97, 45.66
2019-02-19, 16:48:20, 23.97, 45.63
2019-02-19, 16:48:21, 23.96, 45.66
2019-02-19, 16:48:23, 23.96, 45.63
2019-02-19, 16:48:24, 23.96, 45.63
2019-02-19, 16:48:26, 23.83, 45.68
2019-02-19, 16:48:27, 23.92, 45.72
2019-02-19, 16:48:28, 23.94, 45.72
2019-02-19, 16:48:30, 23.92, 45.72
2019-02-19, 16:48:31, 23.94, 45.72
2019-02-19, 16:48:32, 23.95, 45.72
2019-02-19, 16:48:34, 23.94, 45.72
2019-02-19, 16:48:35, 23.94, 45.72
2019-02-19, 16:48:36, 23.94, 45.72
2019-02-19, 16:48:38, 23.95, 45.76
2019-02-19, 16:48:39, 23.94, 45.72
2019-02-19, 16:48:40, 23.94, 45.69
2019-02-19, 16:48:42, 23.95, 45.69
2019-02-19, 16:48:43, 23.95, 45.69
2019-02-19, 16:48:44, 23.94, 45.69
2019-02-19, 16:48:46, 23.94, 45.69
2019-02-19, 16:48:47, 23.94, 45.69
2019-02-19, 16:48:49, 23.94, 45.72
2019-02-19, 16:48:50, 23.94, 45.69
2019-02-19, 16:48:51, 23.95, 45.69
2019-02-19, 16:48:53, 23.94, 45.69
2019-02-19, 16:48:54, 23.95, 45.69
2019-02-19, 16:48:55, 23.96, 45.69
2019-02-19, 16:48:57, 23.95, 45.69
2019-02-19, 16:48:58, 23.95, 45.69
2019-02-19, 16:48:59, 23.94, 45.69
2019-02-19, 16:49:01, 23.96, 45.66
2019-02-19, 16:49:02, 23.95, 45.69
2019-02-19, 16:49:03, 23.95, 45.69
2019-02-19, 16:49:05, 23.97, 45.69
2019-02-19, 16:49:06, 23.96, 45.66
2019-02-19, 16:49:08, 23.97, 45.69
2019-02-19, 16:49:09, 23.97, 45.69
2019-02-19, 16:49:10, 23.98, 45.7
2019-02-19, 16:49:12, 23.97, 45.69
2019-02-19, 16:49:13, 23.97, 45.69
2019-02-19, 16:49:14, 23.98, 45.7
2019-02-19, 16:49:16, 23.99, 45.7
2019-02-19, 16:49:17, 23.98, 45.7
2019-02-19, 16:49:18, 23.96, 45.69
2019-02-19, 16:49:20, 23.99, 45.7
2019-02-19, 16:49:21, 23.97, 45.69
2019-02-19, 16:49:22, 23.99, 45.7
2019-02-19, 16:49:24, 23.98, 45.66
2019-02-19, 16:49:25, 23.97, 45.69
2019-02-19, 16:49:26, 23.98, 45.66
2019-02-19, 16:49:28, 23.99, 45.7
2019-02-19, 16:49:29, 23.99, 45.66
2019-02-19, 16:49:31, 23.98, 45.7
2019-02-19, 16:49:32, 23.98, 45.7
2019-02-19, 16:49:33, 23.99, 45.7
2019-02-19, 16:49:35, 23.99, 45.7
2019-02-19, 16:49:36, 23.98, 45.7
2019-02-19, 16:49:37, 23.98, 45.7
2019-02-19, 16:49:39, 23.98, 45.7
2019-02-19, 16:49:40, 23.98, 45.73
2019-02-19, 16:49:41, 23.98, 45.7
2019-02-19, 16:49:43, 23.98, 45.7
2019-02-19, 16:49:44, 23.98, 45.73
2019-02-19, 16:49:45, 23.98, 45.73
2019-02-19, 16:49:47, 23.98, 45.73
2019-02-19, 16:49:48, 23.98, 45.73
2019-02-19, 16:49:50, 23.99, 45.76
2019-02-19, 16:49:51, 24.0, 45.73
2019-02-19, 16:49:52, 23.99, 45.76
2019-02-19, 16:49:54, 23.99, 45.73
2019-02-19, 16:49:55, 23.99, 45.76
2019-02-19, 16:49:56, 23.96, 45.76
2019-02-19, 16:49:58, 23.97, 45.73
2019-02-19, 16:49:59, 23.98, 45.73
2019-02-19, 16:50:00, 23.98, 45.76
2019-02-19, 16:50:02, 23.98, 45.76
2019-02-19, 16:50:03, 24.0, 45.76
2019-02-19, 16:50:04, 23.99, 45.76
2019-02-19, 16:50:06, 23.99, 45.76
2019-02-19, 16:50:07, 23.99, 45.76
2019-02-19, 16:50:08, 23.99, 45.76
2019-02-19, 16:50:10, 23.99, 45.76
2019-02-19, 16:50:11, 23.99, 45.76
2019-02-19, 16:50:13, 23.99, 45.76
2019-02-19, 16:50:14, 23.98, 45.73
2019-02-19, 16:50:15, 24.0, 45.76
2019-02-19, 16:50:17, 24.0, 45.76
2019-02-19, 16:50:18, 23.99, 45.76
2019-02-19, 16:50:19, 24.0, 45.76
2019-02-19, 16:50:21, 24.0, 45.76
2019-02-19, 16:50:22, 24.0, 45.76
2019-02-19, 16:50:23, 24.0, 45.76
2019-02-19, 16:50:25, 23.99, 45.76
2019-02-19, 16:50:26, 24.0, 45.76
2019-02-19, 16:50:27, 24.0, 45.76
2019-02-19, 16:50:29, 23.99, 45.76
2019-02-19, 16:50:30, 23.99, 45.76
2019-02-19, 16:50:32, 24.0, 45.76
2019-02-19, 16:50:33, 24.0, 45.76
2019-02-19, 16:50:34, 24.01, 45.76
2019-02-19, 16:50:36, 24.0, 45.76
2019-02-19, 16:50:37, 24.0, 45.79
2019-02-19, 16:50:38, 24.01, 45.8
2019-02-19, 16:50:40, 24.0, 45.79
2019-02-19, 16:50:41, 24.0, 45.76
2019-02-19, 16:50:42, 24.0, 45.79
2019-02-19, 16:50:44, 24.0, 45.79
2019-02-19, 16:50:45, 24.0, 45.79
2019-02-19, 16:50:46, 24.01, 45.8
2019-02-19, 16:50:48, 24.01, 45.8
2019-02-19, 16:50:49, 24.01, 45.76
2019-02-19, 16:50:51, 24.02, 45.76
2019-02-19, 16:50:52, 24.0, 45.76
2019-02-19, 16:50:53, 24.0, 45.76
2019-02-19, 16:50:55, 24.0, 45.76
2019-02-19, 16:50:56, 24.02, 45.8
2019-02-19, 16:50:57, 24.02, 45.8
2019-02-19, 16:50:59, 24.01, 45.8
2019-02-19, 16:51:00, 24.02, 45.8
2019-02-19, 16:51:01, 24.01, 45.8
2019-02-19, 16:51:03, 24.01, 45.76
2019-02-19, 16:51:04, 24.02, 45.76
2019-02-19, 16:51:05, 24.02, 45.76
2019-02-19, 16:51:07, 24.02, 45.76
2019-02-19, 16:51:08, 24.01, 45.76
2019-02-19, 16:51:10, 24.02, 45.76
2019-02-19, 16:51:11, 24.02, 45.76
2019-02-19, 16:51:12, 24.02, 45.76
2019-02-19, 16:51:14, 24.01, 45.76
2019-02-19, 16:51:15, 24.02, 45.76
2019-02-19, 16:51:16, 24.03, 45.77
2019-02-19, 16:51:18, 23.99, 45.76
2019-02-19, 16:51:19, 24.02, 45.76
2019-02-19, 16:51:20, 24.03, 45.77
2019-02-19, 16:51:22, 24.03, 45.77
2019-02-19, 16:51:23, 24.03, 45.77
2019-02-19, 16:51:24, 24.03, 45.77
2019-02-19, 16:51:26, 24.03, 45.77
2019-02-19, 16:51:27, 24.04, 45.73
2019-02-19, 16:51:28, 24.03, 45.73
2019-02-19, 16:51:30, 24.03, 45.7
2019-02-19, 16:51:31, 24.03, 45.73
2019-02-19, 16:51:33, 24.02, 45.73
2019-02-19, 16:51:34, 24.04, 45.7
2019-02-19, 16:51:35, 24.04, 45.73
2019-02-19, 16:51:37, 24.02, 45.7
2019-02-19, 16:51:38, 24.03, 45.73
2019-02-19, 16:51:39, 24.02, 45.76
2019-02-19, 16:51:41, 24.03, 45.73
2019-02-19, 16:51:42, 24.03, 45.73
2019-02-19, 16:51:43, 24.04, 45.73
2019-02-19, 16:51:45, 24.04, 45.73
2019-02-19, 16:51:46, 24.03, 45.73
2019-02-19, 16:51:48, 23.97, 45.73
2019-02-19, 16:51:49, 24.01, 45.73
2019-02-19, 16:51:50, 24.03, 45.73
2019-02-19, 16:51:52, 24.03, 45.73
2019-02-19, 16:51:53, 24.03, 45.7
2019-02-19, 16:51:54, 24.03, 45.73
2019-02-19, 16:51:56, 24.02, 45.7
2019-02-19, 16:51:57, 24.04, 45.7
2019-02-19, 16:51:58, 24.03, 45.7
2019-02-19, 16:52:00, 24.04, 45.67
2019-02-19, 16:52:01, 24.04, 45.67
2019-02-19, 16:52:02, 24.03, 45.67
2019-02-19, 16:52:04, 24.04, 45.67
2019-02-19, 16:52:05, 24.04, 45.67
2019-02-19, 16:52:06, 24.05, 45.7
2019-02-19, 16:52:08, 24.04, 45.67
2019-02-19, 16:52:09, 24.04, 45.67
2019-02-19, 16:52:11, 24.05, 45.67
2019-02-19, 16:52:12, 24.04, 45.64
2019-02-19, 16:52:13, 24.05, 45.67
2019-02-19, 16:52:15, 24.06, 45.67
2019-02-19, 16:52:16, 24.06, 45.64
2019-02-19, 16:52:17, 23.95, 45.66
2019-02-19, 16:52:19, 24.01, 45.7
2019-02-19, 16:52:20, 24.03, 45.7
2019-02-19, 16:52:21, 24.03, 45.7
2019-02-19, 16:52:23, 24.04, 45.7
2019-02-19, 16:52:24, 24.03, 45.7
2019-02-19, 16:52:25, 24.04, 45.7
2019-02-19, 16:52:27, 24.04, 45.7
2019-02-19, 16:52:28, 24.04, 45.7
2019-02-19, 16:52:30, 24.05, 45.7
2019-02-19, 16:52:31, 24.06, 45.71
2019-02-19, 16:52:32, 24.04, 45.7
2019-02-19, 16:52:34, 24.05, 45.67
2019-02-19, 16:52:35, 24.06, 45.71
2019-02-19, 16:52:36, 24.05, 45.7
2019-02-19, 16:52:38, 24.05, 45.7
2019-02-19, 16:52:39, 24.05, 45.7
2019-02-19, 16:52:40, 24.04, 45.7
2019-02-19, 16:52:42, 24.05, 45.7
2019-02-19, 16:52:43, 24.05, 45.7
2019-02-19, 16:52:44, 24.05, 45.67
2019-02-19, 16:52:46, 24.05, 45.67
2019-02-19, 16:52:47, 24.06, 45.67
2019-02-19, 16:52:49, 24.05, 45.64
2019-02-19, 16:52:50, 24.04, 45.64
2019-02-19, 16:52:51, 24.03, 45.67
2019-02-19, 16:52:53, 24.05, 45.67
2019-02-19, 16:52:54, 24.06, 45.67
2019-02-19, 16:52:55, 24.05, 45.64
2019-02-19, 16:52:57, 24.05, 45.67
2019-02-19, 16:52:58, 24.05, 45.67
2019-02-19, 16:52:59, 24.04, 45.67
2019-02-19, 16:53:01, 24.04, 45.64
2019-02-19, 16:53:02, 24.04, 45.64
2019-02-19, 16:53:03, 24.05, 45.64
2019-02-19, 16:53:05, 24.04, 45.67
2019-02-19, 16:53:06, 24.05, 45.64
2019-02-19, 16:53:08, 24.06, 45.67
2019-02-19, 16:53:09, 24.05, 45.64
2019-02-19, 16:53:10, 24.06, 45.67
2019-02-19, 16:53:12, 24.06, 45.71
2019-02-19, 16:53:13, 24.06, 45.67
2019-02-19, 16:53:14, 24.06, 45.71
2019-02-19, 16:53:16, 24.05, 45.7
2019-02-19, 16:53:17, 24.06, 45.71
2019-02-19, 16:53:18, 24.05, 45.7
2019-02-19, 16:53:20, 24.07, 45.71
2019-02-19, 16:53:21, 24.04, 45.7
2019-02-19, 16:53:22, 24.06, 45.71
2019-02-19, 16:53:24, 24.07, 45.71
2019-02-19, 16:53:25, 24.08, 45.71
2019-02-19, 16:53:26, 24.08, 45.71
2019-02-19, 16:53:28, 24.08, 45.71
2019-02-19, 16:53:29, 24.08, 45.71
2019-02-19, 16:53:31, 24.08, 45.68
2019-02-19, 16:53:32, 24.08, 45.71
2019-02-19, 16:53:33, 24.07, 45.67
2019-02-19, 16:53:35, 24.08, 45.64
2019-02-19, 16:53:36, 24.07, 45.64
2019-02-19, 16:53:37, 24.09, 45.64
2019-02-19, 16:53:39, 24.08, 45.64
2019-02-19, 16:53:40, 24.1, 45.65
2019-02-19, 16:53:41, 24.09, 45.64
2019-02-19, 16:53:43, 24.1, 45.65
2019-02-19, 16:53:44, 24.09, 45.64
2019-02-19, 16:53:45, 24.1, 45.65
2019-02-19, 16:53:47, 23.94, 45.66
2019-02-19, 16:53:48, 24.04, 45.7
2019-02-19, 16:53:49, 24.07, 45.71
2019-02-19, 16:53:51, 24.09, 45.71
2019-02-19, 16:53:52, 24.09, 45.71
2019-02-19, 16:53:54, 24.1, 45.68
2019-02-19, 16:53:55, 24.08, 45.64
2019-02-19, 16:53:56, 24.09, 45.64
2019-02-19, 16:53:58, 24.1, 45.65
2019-02-19, 16:53:59, 24.08, 45.64
2019-02-19, 16:54:00, 24.08, 45.64
2019-02-19, 16:54:02, 24.07, 45.64
2019-02-19, 16:54:03, 24.08, 45.64
2019-02-19, 16:54:04, 24.08, 45.61
2019-02-19, 16:54:06, 24.08, 45.64
2019-02-19, 16:54:07, 24.09, 45.64
2019-02-19, 16:54:08, 24.1, 45.65
2019-02-19, 16:54:10, 24.09, 45.61
2019-02-19, 16:54:11, 24.09, 45.61
2019-02-19, 16:54:13, 24.09, 45.61
2019-02-19, 16:54:14, 24.1, 45.58
2019-02-19, 16:54:15, 24.09, 45.58
2019-02-19, 16:54:17, 23.93, 45.63
2019-02-19, 16:54:18, 24.04, 45.7
2019-02-19, 16:54:19, 24.04, 45.67
2019-02-19, 16:54:21, 24.05, 45.67
2019-02-19, 16:54:22, 24.07, 45.67
2019-02-19, 16:54:23, 24.06, 45.64
2019-02-19, 16:54:25, 24.08, 45.64
2019-02-19, 16:54:26, 24.09, 45.64
2019-02-19, 16:54:27, 24.09, 45.61
2019-02-19, 16:54:29, 24.09, 45.61
2019-02-19, 16:54:30, 24.1, 45.58
2019-02-19, 16:54:31, 24.09, 45.58
2019-02-19, 16:54:33, 24.11, 45.58
2019-02-19, 16:54:34, 24.11, 45.55
2019-02-19, 16:54:36, 24.1, 45.52
2019-02-19, 16:54:37, 24.09, 45.52
2019-02-19, 16:54:38, 24.09, 45.52
2019-02-19, 16:54:40, 24.1, 45.52
2019-02-19, 16:54:41, 24.1, 45.52
2019-02-19, 16:54:42, 24.11, 45.52
2019-02-19, 16:54:44, 24.1, 45.52
2019-02-19, 16:54:45, 24.1, 45.52
2019-02-19, 16:54:46, 24.1, 45.52
2019-02-19, 16:54:48, 24.1, 45.52
2019-02-19, 16:54:49, 24.1, 45.52
2019-02-19, 16:54:50, 24.1, 45.52
2019-02-19, 16:54:52, 24.11, 45.49
2019-02-19, 16:54:53, 24.12, 45.49
2019-02-19, 16:54:54, 24.12, 45.49
2019-02-19, 16:54:56, 24.12, 45.49
2019-02-19, 16:54:57, 24.12, 45.49
2019-02-19, 16:54:59, 24.11, 45.49
2019-02-19, 16:55:00, 24.11, 45.49
2019-02-19, 16:55:01, 24.12, 45.45
2019-02-19, 16:55:03, 24.12, 45.45
2019-02-19, 16:55:04, 24.12, 45.49
2019-02-19, 16:55:05, 24.12, 45.49
2019-02-19, 16:55:07, 24.12, 45.45
2019-02-19, 16:55:08, 24.12, 45.49
2019-02-19, 16:55:09, 24.11, 45.49
2019-02-19, 16:55:11, 24.12, 45.49
2019-02-19, 16:55:12, 24.12, 45.52
2019-02-19, 16:55:13, 24.12, 45.52
2019-02-19, 16:55:15, 24.12, 45.52
2019-02-19, 16:55:16, 24.12, 45.52
2019-02-19, 16:55:18, 24.13, 45.52
2019-02-19, 16:55:19, 24.15, 45.49
2019-02-19, 16:55:20, 24.13, 45.49
2019-02-19, 16:55:22, 24.13, 45.49
2019-02-19, 16:55:23, 24.13, 45.52
2019-02-19, 16:55:24, 24.14, 45.49
2019-02-19, 16:55:26, 24.14, 45.49
2019-02-19, 16:55:27, 24.13, 45.52
2019-02-19, 16:55:28, 24.14, 45.52
2019-02-19, 16:55:30, 24.14, 45.52
2019-02-19, 16:55:31, 24.15, 45.52
2019-02-19, 16:55:32, 24.15, 45.52
2019-02-19, 16:55:34, 24.15, 45.52
2019-02-19, 16:55:35, 24.16, 45.52
2019-02-19, 16:55:36, 24.14, 45.52
2019-02-19, 16:55:38, 24.14, 45.52
2019-02-19, 16:55:39, 24.14, 45.52
2019-02-19, 16:55:41, 24.15, 45.56
2019-02-19, 16:55:42, 24.15, 45.56
2019-02-19, 16:55:43, 24.16, 45.52
2019-02-19, 16:55:45, 24.14, 45.52
2019-02-19, 16:55:46, 24.13, 45.52
2019-02-19, 16:55:47, 24.15, 45.52
2019-02-19, 16:55:49, 24.13, 45.52
2019-02-19, 16:55:50, 24.06, 45.51
2019-02-19, 16:55:51, 24.13, 45.55
2019-02-19, 16:55:53, 24.13, 45.52
2019-02-19, 16:55:54, 24.14, 45.52
2019-02-19, 16:55:55, 24.13, 45.52
2019-02-19, 16:55:57, 24.14, 45.55
2019-02-19, 16:55:58, 24.14, 45.52
2019-02-19, 16:55:59, 24.14, 45.52
2019-02-19, 16:56:01, 24.15, 45.52
2019-02-19, 16:56:02, 24.16, 45.52
2019-02-19, 16:56:04, 24.16, 45.52
2019-02-19, 16:56:05, 24.16, 45.49
2019-02-19, 16:56:06, 24.14, 45.46
2019-02-19, 16:56:08, 24.15, 45.52
2019-02-19, 16:56:09, 24.16, 45.52
2019-02-19, 16:56:10, 24.16, 45.49
2019-02-19, 16:56:12, 24.16, 45.49
2019-02-19, 16:56:13, 24.15, 45.46
2019-02-19, 16:56:14, 24.12, 45.49
2019-02-19, 16:56:16, 24.15, 45.49
2019-02-19, 16:56:17, 24.16, 45.49
2019-02-19, 16:56:18, 24.15, 45.49
2019-02-19, 16:56:20, 24.15, 45.49
2019-02-19, 16:56:21, 24.16, 45.49
2019-02-19, 16:56:23, 24.15, 45.49
2019-02-19, 16:56:24, 24.16, 45.46
2019-02-19, 16:56:25, 24.15, 45.49
2019-02-19, 16:56:27, 24.16, 45.46
2019-02-19, 16:56:28, 24.16, 45.49
2019-02-19, 16:56:29, 24.16, 45.46
2019-02-19, 16:56:31, 24.16, 45.46
2019-02-19, 16:56:32, 24.17, 45.49
2019-02-19, 16:56:33, 24.17, 45.46
2019-02-19, 16:56:35, 24.16, 45.46
2019-02-19, 16:56:36, 24.16, 45.46
2019-02-19, 16:56:37, 24.16, 45.46
2019-02-19, 16:56:39, 24.16, 45.46
2019-02-19, 16:56:40, 24.14, 45.46
2019-02-19, 16:56:41, 24.15, 45.46
2019-02-19, 16:56:43, 24.15, 45.46
2019-02-19, 16:56:44, 24.08, 45.48
2019-02-19, 16:56:46, 24.13, 45.52
2019-02-19, 16:56:47, 24.14, 45.52
2019-02-19, 16:56:48, 24.14, 45.52
2019-02-19, 16:56:50, 24.14, 45.52
2019-02-19, 16:56:51, 24.14, 45.52
2019-02-19, 16:56:52, 24.14, 45.52
2019-02-19, 16:56:54, 24.15, 45.52
2019-02-19, 16:56:55, 24.15, 45.52
2019-02-19, 16:56:56, 24.16, 45.56
2019-02-19, 16:56:58, 24.16, 45.52
2019-02-19, 16:56:59, 24.15, 45.52
2019-02-19, 16:57:00, 24.16, 45.52
2019-02-19, 16:57:02, 24.16, 45.52
2019-02-19, 16:57:03, 24.17, 45.53
2019-02-19, 16:57:05, 24.17, 45.53
2019-02-19, 16:57:06, 24.17, 45.49
2019-02-19, 16:57:07, 24.16, 45.52
2019-02-19, 16:57:09, 24.15, 45.52
2019-02-19, 16:57:10, 24.16, 45.52
2019-02-19, 16:57:11, 24.15, 45.52
2019-02-19, 16:57:13, 24.16, 45.52
2019-02-19, 16:57:14, 24.14, 45.55
2019-02-19, 16:57:15, 24.15, 45.52
2019-02-19, 16:57:17, 24.16, 45.52
2019-02-19, 16:57:18, 24.15, 45.52
2019-02-19, 16:57:19, 24.14, 45.52
2019-02-19, 16:57:21, 24.16, 45.52
2019-02-19, 16:57:22, 24.16, 45.52
2019-02-19, 16:57:23, 24.16, 45.56
2019-02-19, 16:57:25, 24.17, 45.56
2019-02-19, 16:57:26, 24.17, 45.53
2019-02-19, 16:57:28, 24.18, 45.53
2019-02-19, 16:57:29, 24.17, 45.53
2019-02-19, 16:57:30, 24.16, 45.52
2019-02-19, 16:57:32, 24.16, 45.56
2019-02-19, 16:57:33, 24.17, 45.56
2019-02-19, 16:57:34, 24.16, 45.56
2019-02-19, 16:57:36, 24.16, 45.56
2019-02-19, 16:57:37, 24.17, 45.56
2019-02-19, 16:57:38, 24.17, 45.59
2019-02-19, 16:57:40, 24.16, 45.56
2019-02-19, 16:57:41, 24.16, 45.59
2019-02-19, 16:57:42, 24.16, 45.59
2019-02-19, 16:57:44, 24.03, 45.57
2019-02-19, 16:57:45, 24.12, 45.65
2019-02-19, 16:57:46, 24.14, 45.65
2019-02-19, 16:57:48, 24.14, 45.65
2019-02-19, 16:57:49, 23.99, 45.63
2019-02-19, 16:57:51, 24.1, 45.71
2019-02-19, 16:57:52, 24.11, 45.71
2019-02-19, 16:57:53, 24.13, 45.71
2019-02-19, 16:57:55, 24.14, 45.71
2019-02-19, 16:57:56, 24.15, 45.72
2019-02-19, 16:57:57, 24.16, 45.72
2019-02-19, 16:57:59, 24.15, 45.72
2019-02-19, 16:58:00, 24.13, 45.71
2019-02-19, 16:58:01, 24.14, 45.68
2019-02-19, 16:58:03, 24.13, 45.65
2019-02-19, 16:58:04, 24.14, 45.65
2019-02-19, 16:58:05, 24.13, 45.65
2019-02-19, 16:58:07, 24.13, 45.65
2019-02-19, 16:58:08, 24.14, 45.65
2019-02-19, 16:58:10, 24.15, 45.65
2019-02-19, 16:58:11, 24.16, 45.69
2019-02-19, 16:58:12, 24.16, 45.65
2019-02-19, 16:58:14, 24.03, 45.7
2019-02-19, 16:58:15, 24.12, 45.74
2019-02-19, 16:58:16, 24.14, 45.78
2019-02-19, 16:58:18, 24.14, 45.75
2019-02-19, 16:58:19, 24.14, 45.71
2019-02-19, 16:58:20, 24.15, 45.72
2019-02-19, 16:58:22, 24.16, 45.72
2019-02-19, 16:58:23, 24.17, 45.72
2019-02-19, 16:58:24, 24.17, 45.69
2019-02-19, 16:58:26, 24.18, 45.66
2019-02-19, 16:58:27, 24.17, 45.65
2019-02-19, 16:58:29, 24.16, 45.65
2019-02-19, 16:58:30, 24.17, 45.65
2019-02-19, 16:58:31, 24.16, 45.65
2019-02-19, 16:58:33, 24.16, 45.65
2019-02-19, 16:58:34, 24.16, 45.65
2019-02-19, 16:58:35, 24.16, 45.65
2019-02-19, 16:58:37, 24.17, 45.65
2019-02-19, 16:58:38, 24.17, 45.62
2019-02-19, 16:58:39, 24.16, 45.62
2019-02-19, 16:58:41, 24.18, 45.62
2019-02-19, 16:58:42, 24.17, 45.59
2019-02-19, 16:58:43, 24.01, 45.63
2019-02-19, 16:58:45, 24.12, 45.68
2019-02-19, 16:58:46, 24.14, 45.71
2019-02-19, 16:58:48, 24.16, 45.72
2019-02-19, 16:58:49, 24.16, 45.72
2019-02-19, 16:58:50, 24.17, 45.72
2019-02-19, 16:58:52, 24.17, 45.69
2019-02-19, 16:58:53, 24.17, 45.65
2019-02-19, 16:58:54, 24.18, 45.66
2019-02-19, 16:58:56, 24.16, 45.65
2019-02-19, 16:58:57, 24.17, 45.65
2019-02-19, 16:58:58, 24.17, 45.65
2019-02-19, 16:59:00, 24.17, 45.65
2019-02-19, 16:59:01, 24.16, 45.65
2019-02-19, 16:59:02, 24.17, 45.65
2019-02-19, 16:59:04, 24.16, 45.65
2019-02-19, 16:59:05, 24.18, 45.66
2019-02-19, 16:59:07, 24.19, 45.62
2019-02-19, 16:59:08, 24.18, 45.62
2019-02-19, 16:59:09, 24.19, 45.62
2019-02-19, 16:59:11, 24.19, 45.59
2019-02-19, 16:59:12, 24.2, 45.59
2019-02-19, 16:59:13, 24.2, 45.59
2019-02-19, 16:59:15, 24.2, 45.59
2019-02-19, 16:59:16, 24.2, 45.59
2019-02-19, 16:59:17, 24.2, 45.59
2019-02-19, 16:59:19, 24.2, 45.59
2019-02-19, 16:59:20, 24.2, 45.63
2019-02-19, 16:59:21, 24.19, 45.59
2019-02-19, 16:59:23, 24.18, 45.59
2019-02-19, 16:59:24, 24.19, 45.59
2019-02-19, 16:59:25, 24.18, 45.62
2019-02-19, 16:59:27, 24.19, 45.59
2019-02-19, 16:59:28, 24.2, 45.59
2019-02-19, 16:59:30, 24.21, 45.59
2019-02-19, 16:59:31, 24.2, 45.59
2019-02-19, 16:59:32, 24.21, 45.59
2019-02-19, 16:59:34, 24.22, 45.6
2019-02-19, 16:59:35, 24.2, 45.56
2019-02-19, 16:59:36, 24.22, 45.56
2019-02-19, 16:59:38, 24.22, 45.56
2019-02-19, 16:59:39, 24.22, 45.56
2019-02-19, 16:59:40, 24.22, 45.56
2019-02-19, 16:59:42, 24.22, 45.53
2019-02-19, 16:59:43, 24.23, 45.53
2019-02-19, 16:59:44, 24.22, 45.53
2019-02-19, 16:59:46, 24.22, 45.53
2019-02-19, 16:59:47, 24.2, 45.53
2019-02-19, 16:59:49, 24.2, 45.53
2019-02-19, 16:59:50, 24.22, 45.53
2019-02-19, 16:59:51, 24.21, 45.53
2019-02-19, 16:59:53, 24.22, 45.53
2019-02-19, 16:59:54, 24.22, 45.53
2019-02-19, 16:59:55, 24.23, 45.53
2019-02-19, 16:59:57, 24.22, 45.53
2019-02-19, 16:59:58, 24.22, 45.5
2019-02-19, 16:59:59, 24.23, 45.5
2019-02-19, 17:00:01, 24.22, 45.5
2019-02-19, 17:00:02, 24.23, 45.5
2019-02-19, 17:00:03, 24.22, 45.5
2019-02-19, 17:00:05, 24.22, 45.5
2019-02-19, 17:00:06, 24.23, 45.47
2019-02-19, 17:00:08, 24.25, 45.5
2019-02-19, 17:00:09, 24.24, 45.47
2019-02-19, 17:00:10, 24.23, 45.47
2019-02-19, 17:00:12, 24.24, 45.47
2019-02-19, 17:00:13, 24.23, 45.47
2019-02-19, 17:00:14, 24.23, 45.47
2019-02-19, 17:00:16, 24.22, 45.5
2019-02-19, 17:00:17, 24.22, 45.5
2019-02-19, 17:00:18, 24.2, 45.5
2019-02-19, 17:00:20, 24.2, 45.53
2019-02-19, 17:00:21, 24.2, 45.53
2019-02-19, 17:00:22, 24.21, 45.53
2019-02-19, 17:00:24, 24.21, 45.53
2019-02-19, 17:00:25, 24.22, 45.53
2019-02-19, 17:00:26, 24.22, 45.53
2019-02-19, 17:00:28, 24.24, 45.53
2019-02-19, 17:00:29, 24.22, 45.53
2019-02-19, 17:00:30, 24.22, 45.53
2019-02-19, 17:00:32, 24.22, 45.53
2019-02-19, 17:00:33, 24.24, 45.53
2019-02-19, 17:00:35, 24.22, 45.53
2019-02-19, 17:00:36, 24.22, 45.53
2019-02-19, 17:00:37, 24.22, 45.53
2019-02-19, 17:00:39, 24.21, 45.53
2019-02-19, 17:00:40, 24.23, 45.53
2019-02-19, 17:00:41, 24.21, 45.53
2019-02-19, 17:00:43, 24.21, 45.53
2019-02-19, 17:00:44, 24.22, 45.53
2019-02-19, 17:00:45, 24.2, 45.53
2019-02-19, 17:00:47, 24.22, 45.53
2019-02-19, 17:00:48, 24.23, 45.53
2019-02-19, 17:00:50, 24.22, 45.53
2019-02-19, 17:00:51, 24.23, 45.53
2019-02-19, 17:00:52, 24.22, 45.53
2019-02-19, 17:00:54, 24.22, 45.53
2019-02-19, 17:00:55, 24.24, 45.53
2019-02-19, 17:00:56, 24.23, 45.53
2019-02-19, 17:00:58, 24.23, 45.53
2019-02-19, 17:00:59, 24.22, 45.53
2019-02-19, 17:01:00, 24.23, 45.53
2019-02-19, 17:01:02, 24.23, 45.53
2019-02-19, 17:01:03, 24.23, 45.53
2019-02-19, 17:01:04, 24.22, 45.53
2019-02-19, 17:01:06, 24.23, 45.53
2019-02-19, 17:01:07, 24.22, 45.53
2019-02-19, 17:01:08, 24.22, 45.56
2019-02-19, 17:01:10, 24.24, 45.6
2019-02-19, 17:01:11, 24.16, 45.59
2019-02-19, 17:01:13, 24.2, 45.63
2019-02-19, 17:01:14, 24.22, 45.63
2019-02-19, 17:01:15, 24.22, 45.63
2019-02-19, 17:01:17, 24.22, 45.66
2019-02-19, 17:01:18, 24.22, 45.63
2019-02-19, 17:01:19, 24.21, 45.63
2019-02-19, 17:01:21, 24.22, 45.6
2019-02-19, 17:01:22, 24.22, 45.6
2019-02-19, 17:01:23, 24.22, 45.6
2019-02-19, 17:01:25, 24.22, 45.6
2019-02-19, 17:01:26, 24.22, 45.56
2019-02-19, 17:01:27, 24.23, 45.6
2019-02-19, 17:01:29, 24.23, 45.56
2019-02-19, 17:01:30, 24.23, 45.56
2019-02-19, 17:01:32, 24.23, 45.56
2019-02-19, 17:01:33, 24.23, 45.6
2019-02-19, 17:01:34, 24.22, 45.6
2019-02-19, 17:01:36, 24.22, 45.6
2019-02-19, 17:01:37, 24.22, 45.56
2019-02-19, 17:01:38, 24.21, 45.56
2019-02-19, 17:01:40, 24.21, 45.53
2019-02-19, 17:01:41, 24.12, 45.55
2019-02-19, 17:01:42, 24.2, 45.59
2019-02-19, 17:01:44, 24.2, 45.59
2019-02-19, 17:01:45, 24.2, 45.59
2019-02-19, 17:01:46, 24.21, 45.59
2019-02-19, 17:01:48, 24.22, 45.53
2019-02-19, 17:01:49, 24.21, 45.53
2019-02-19, 17:01:50, 24.22, 45.53
2019-02-19, 17:01:52, 24.2, 45.53
2019-02-19, 17:01:53, 24.21, 45.53
2019-02-19, 17:01:55, 24.21, 45.53
2019-02-19, 17:01:56, 24.21, 45.53
2019-02-19, 17:01:57, 24.21, 45.53
2019-02-19, 17:01:59, 24.21, 45.53
2019-02-19, 17:02:00, 24.19, 45.53
2019-02-19, 17:02:01, 24.2, 45.53
2019-02-19, 17:02:03, 24.2, 45.56
2019-02-19, 17:02:04, 24.21, 45.56
2019-02-19, 17:02:05, 24.2, 45.59
2019-02-19, 17:02:07, 24.2, 45.59
2019-02-19, 17:02:08, 24.2, 45.59
2019-02-19, 17:02:09, 24.2, 45.59
2019-02-19, 17:02:11, 24.19, 45.62
2019-02-19, 17:02:12, 24.18, 45.66
2019-02-19, 17:02:14, 24.17, 45.65
2019-02-19, 17:02:15, 24.17, 45.65
2019-02-19, 17:02:16, 24.18, 45.66
2019-02-19, 17:02:18, 24.17, 45.69
2019-02-19, 17:02:19, 24.17, 45.65
2019-02-19, 17:02:20, 24.19, 45.69
2019-02-19, 17:02:22, 24.18, 45.69
2019-02-19, 17:02:23, 24.18, 45.69
2019-02-19, 17:02:24, 24.18, 45.69
2019-02-19, 17:02:26, 24.17, 45.72
2019-02-19, 17:02:27, 24.17, 45.72
2019-02-19, 17:02:29, 24.19, 45.72
2019-02-19, 17:02:30, 24.18, 45.69
2019-02-19, 17:02:31, 24.17, 45.72
2019-02-19, 17:02:33, 24.17, 45.72
2019-02-19, 17:02:34, 24.17, 45.75
2019-02-19, 17:02:35, 24.16, 45.75
2019-02-19, 17:02:37, 24.16, 45.78
2019-02-19, 17:02:38, 24.16, 45.78
2019-02-19, 17:02:39, 24.18, 45.78
2019-02-19, 17:02:41, 24.01, 45.8
2019-02-19, 17:02:42, 24.13, 45.87
2019-02-19, 17:02:43, 24.14, 45.88
2019-02-19, 17:02:45, 24.14, 45.84
2019-02-19, 17:02:46, 24.14, 45.84
2019-02-19, 17:02:48, 24.14, 45.84
2019-02-19, 17:02:49, 24.14, 45.84
2019-02-19, 17:02:50, 24.14, 45.81
2019-02-19, 17:02:52, 24.14, 45.81
2019-02-19, 17:02:53, 24.14, 45.84
2019-02-19, 17:02:54, 24.14, 45.84
2019-02-19, 17:02:56, 24.15, 45.81
2019-02-19, 17:02:57, 24.14, 45.81
2019-02-19, 17:02:58, 24.14, 45.81
2019-02-19, 17:03:00, 24.14, 45.81
2019-02-19, 17:03:01, 24.15, 45.81
2019-02-19, 17:03:03, 24.13, 45.81
2019-02-19, 17:03:04, 24.14, 45.84
2019-02-19, 17:03:05, 24.13, 45.84
2019-02-19, 17:03:07, 24.13, 45.84
2019-02-19, 17:03:08, 24.13, 45.84
2019-02-19, 17:03:09, 24.13, 45.84
2019-02-19, 17:03:11, 24.13, 45.84
2019-02-19, 17:03:12, 24.13, 45.81
2019-02-19, 17:03:13, 24.13, 45.84
2019-02-19, 17:03:15, 24.12, 45.81
2019-02-19, 17:03:16, 24.12, 45.81
2019-02-19, 17:03:17, 24.12, 45.84
2019-02-19, 17:03:19, 24.11, 45.84
2019-02-19, 17:03:20, 24.12, 45.84
2019-02-19, 17:03:22, 24.12, 45.84
2019-02-19, 17:03:23, 24.11, 45.84
2019-02-19, 17:03:24, 24.1, 45.87
2019-02-19, 17:03:26, 24.1, 45.9
2019-02-19, 17:03:27, 24.12, 45.91
2019-02-19, 17:03:28, 24.1, 45.9
2019-02-19, 17:03:30, 24.11, 45.9
2019-02-19, 17:03:31, 24.1, 45.9
2019-02-19, 17:03:32, 24.09, 45.97
2019-02-19, 17:03:34, 24.1, 45.94
2019-02-19, 17:03:35, 24.09, 45.97
2019-02-19, 17:03:36, 24.1, 45.97
2019-02-19, 17:03:38, 24.09, 46.0
2019-02-19, 17:03:39, 24.08, 46.0
2019-02-19, 17:03:40, 24.08, 46.0
2019-02-19, 17:03:42, 24.08, 46.0
2019-02-19, 17:03:43, 24.08, 46.03
2019-02-19, 17:03:45, 24.07, 46.03
2019-02-19, 17:03:46, 24.08, 46.03
2019-02-19, 17:03:47, 24.07, 46.09
2019-02-19, 17:03:49, 24.07, 46.09
2019-02-19, 17:03:50, 24.06, 46.12
2019-02-19, 17:03:51, 24.08, 46.13
2019-02-19, 17:03:53, 24.04, 46.15
2019-02-19, 17:03:54, 24.06, 46.16
2019-02-19, 17:03:55, 24.05, 46.15
2019-02-19, 17:03:57, 24.05, 46.15
2019-02-19, 17:03:58, 24.05, 46.15
2019-02-19, 17:03:59, 24.05, 46.12
2019-02-19, 17:04:01, 24.07, 46.16
2019-02-19, 17:04:02, 24.06, 46.12
2019-02-19, 17:04:03, 24.06, 46.12
2019-02-19, 17:04:05, 24.05, 46.12
2019-02-19, 17:04:06, 24.04, 46.12
2019-02-19, 17:04:08, 24.05, 46.15
2019-02-19, 17:04:09, 24.05, 46.15
2019-02-19, 17:04:10, 24.04, 46.15
2019-02-19, 17:04:12, 24.03, 46.15
2019-02-19, 17:04:13, 24.04, 46.15
2019-02-19, 17:04:14, 24.04, 46.15
2019-02-19, 17:04:16, 24.05, 46.15
2019-02-19, 17:04:17, 24.03, 46.15
2019-02-19, 17:04:18, 24.04, 46.15
2019-02-19, 17:04:20, 24.03, 46.15
2019-02-19, 17:04:21, 24.03, 46.15
2019-02-19, 17:04:22, 24.03, 46.15
2019-02-19, 17:04:24, 24.04, 46.15
2019-02-19, 17:04:25, 24.02, 46.18
2019-02-19, 17:04:27, 24.03, 46.18
2019-02-19, 17:04:28, 24.02, 46.18
2019-02-19, 17:04:29, 24.0, 46.18
2019-02-19, 17:04:31, 24.02, 46.22
2019-02-19, 17:04:32, 24.04, 46.22
2019-02-19, 17:04:33, 24.02, 46.22
2019-02-19, 17:04:35, 24.02, 46.22
2019-02-19, 17:04:36, 24.02, 46.22
2019-02-19, 17:04:37, 24.02, 46.22
2019-02-19, 17:04:39, 23.98, 46.24
2019-02-19, 17:04:40, 24.0, 46.24
2019-02-19, 17:04:41, 24.02, 46.28
2019-02-19, 17:04:43, 24.02, 46.25
2019-02-19, 17:04:44, 24.01, 46.25
2019-02-19, 17:04:46, 24.04, 46.22
2019-02-19, 17:04:47, 24.03, 46.22
2019-02-19, 17:04:48, 24.02, 46.22
2019-02-19, 17:04:50, 24.02, 46.22
2019-02-19, 17:04:51, 24.01, 46.21
2019-02-19, 17:04:52, 24.02, 46.22
2019-02-19, 17:04:54, 24.02, 46.22
2019-02-19, 17:04:55, 24.01, 46.21
2019-02-19, 17:04:56, 24.0, 46.21
2019-02-19, 17:04:58, 24.02, 46.22
2019-02-19, 17:04:59, 24.01, 46.21
2019-02-19, 17:05:00, 24.02, 46.22
2019-02-19, 17:05:02, 24.01, 46.25
2019-02-19, 17:05:03, 24.01, 46.21
2019-02-19, 17:05:05, 24.0, 46.24
2019-02-19, 17:05:06, 24.01, 46.21
2019-02-19, 17:05:07, 24.0, 46.24
2019-02-19, 17:05:09, 23.94, 46.27
2019-02-19, 17:05:10, 23.98, 46.27
2019-02-19, 17:05:11, 23.98, 46.27
2019-02-19, 17:05:13, 23.99, 46.28
2019-02-19, 17:05:14, 23.86, 46.26
2019-02-19, 17:05:15, 23.96, 46.3
2019-02-19, 17:05:17, 23.98, 46.34
2019-02-19, 17:05:18, 23.98, 46.31
2019-02-19, 17:05:19, 23.98, 46.27
2019-02-19, 17:05:21, 23.98, 46.31
2019-02-19, 17:05:22, 23.98, 46.27
2019-02-19, 17:05:24, 23.98, 46.31
2019-02-19, 17:05:25, 23.98, 46.31
2019-02-19, 17:05:26, 23.99, 46.31
2019-02-19, 17:05:28, 23.97, 46.27
2019-02-19, 17:05:29, 23.99, 46.28
2019-02-19, 17:05:30, 23.99, 46.28
2019-02-19, 17:05:32, 23.99, 46.28
2019-02-19, 17:05:33, 23.97, 46.31
2019-02-19, 17:05:34, 23.97, 46.34
2019-02-19, 17:05:36, 23.98, 46.34
2019-02-19, 17:05:37, 23.98, 46.37
2019-02-19, 17:05:38, 23.89, 46.33
2019-02-19, 17:05:40, 23.96, 46.37
2019-02-19, 17:05:41, 23.98, 46.4
2019-02-19, 17:05:42, 23.98, 46.34
2019-02-19, 17:05:44, 24.0, 46.34
2019-02-19, 17:05:45, 23.99, 46.34
2019-02-19, 17:05:47, 23.99, 46.34
2019-02-19, 17:05:48, 23.99, 46.34
2019-02-19, 17:05:49, 23.99, 46.34
2019-02-19, 17:05:51, 23.98, 46.34
2019-02-19, 17:05:52, 23.99, 46.34
2019-02-19, 17:05:53, 23.99, 46.34
2019-02-19, 17:05:55, 23.99, 46.34
2019-02-19, 17:05:56, 23.99, 46.34
2019-02-19, 17:05:57, 23.99, 46.34
2019-02-19, 17:05:59, 23.98, 46.34
2019-02-19, 17:06:00, 23.98, 46.34
2019-02-19, 17:06:01, 23.98, 46.34
2019-02-19, 17:06:03, 23.98, 46.34
2019-02-19, 17:06:04, 23.98, 46.34
2019-02-19, 17:06:06, 23.97, 46.34
2019-02-19, 17:06:07, 23.99, 46.34
2019-02-19, 17:06:08, 23.86, 46.32
2019-02-19, 17:06:10, 23.94, 46.4
2019-02-19, 17:06:11, 23.94, 46.4
2019-02-19, 17:06:12, 23.95, 46.4
2019-02-19, 17:06:14, 23.79, 46.44
2019-02-19, 17:06:15, 23.9, 46.49
2019-02-19, 17:06:16, 23.92, 46.49
2019-02-19, 17:06:18, 23.92, 46.52
2019-02-19, 17:06:19, 23.93, 46.49
2019-02-19, 17:06:20, 23.93, 46.46
2019-02-19, 17:06:22, 23.93, 46.46
2019-02-19, 17:06:23, 23.95, 46.46
2019-02-19, 17:06:24, 23.95, 46.46
2019-02-19, 17:06:26, 23.96, 46.46
2019-02-19, 17:06:27, 23.96, 46.46
2019-02-19, 17:06:29, 23.96, 46.43
2019-02-19, 17:06:30, 23.96, 46.43
2019-02-19, 17:06:31, 23.98, 46.47
2019-02-19, 17:06:33, 23.96, 46.43
2019-02-19, 17:06:34, 23.96, 46.43
2019-02-19, 17:06:35, 23.95, 46.43
2019-02-19, 17:06:37, 23.94, 46.43
2019-02-19, 17:06:38, 23.93, 46.46
2019-02-19, 17:06:39, 23.94, 46.46
2019-02-19, 17:06:41, 23.94, 46.49
2019-02-19, 17:06:42, 23.95, 46.46
2019-02-19, 17:06:43, 23.95, 46.5
2019-02-19, 17:06:45, 23.94, 46.49
2019-02-19, 17:06:46, 23.94, 46.49
2019-02-19, 17:06:47, 23.93, 46.49
2019-02-19, 17:06:49, 23.94, 46.53
2019-02-19, 17:06:50, 23.94, 46.53
2019-02-19, 17:06:52, 23.93, 46.53
2019-02-19, 17:06:53, 23.94, 46.56
2019-02-19, 17:06:54, 23.92, 46.56
2019-02-19, 17:06:56, 23.92, 46.56
2019-02-19, 17:06:57, 23.93, 46.59
2019-02-19, 17:06:58, 23.93, 46.59
2019-02-19, 17:07:00, 23.94, 46.59
2019-02-19, 17:07:01, 23.94, 46.59
2019-02-19, 17:07:02, 23.94, 46.59
2019-02-19, 17:07:04, 23.94, 46.59
2019-02-19, 17:07:05, 23.94, 46.59
2019-02-19, 17:07:06, 23.93, 46.59
2019-02-19, 17:07:08, 23.93, 46.59
2019-02-19, 17:07:09, 23.93, 46.59
2019-02-19, 17:07:11, 23.94, 46.59
2019-02-19, 17:07:12, 23.93, 46.59
2019-02-19, 17:07:13, 23.94, 46.59
2019-02-19, 17:07:15, 23.93, 46.56
2019-02-19, 17:07:16, 23.94, 46.56
2019-02-19, 17:07:17, 23.94, 46.56
2019-02-19, 17:07:19, 23.94, 46.59
2019-02-19, 17:07:20, 23.94, 46.59
2019-02-19, 17:07:21, 23.92, 46.59
2019-02-19, 17:07:23, 23.92, 46.59
2019-02-19, 17:07:24, 23.91, 46.59
2019-02-19, 17:07:25, 23.91, 46.62
2019-02-19, 17:07:27, 23.91, 46.62
2019-02-19, 17:07:28, 23.91, 46.59
2019-02-19, 17:07:29, 23.91, 46.62
2019-02-19, 17:07:31, 23.91, 46.62
2019-02-19, 17:07:32, 23.91, 46.65
2019-02-19, 17:07:34, 23.92, 46.65
2019-02-19, 17:07:35, 23.92, 46.65
2019-02-19, 17:07:36, 23.92, 46.65
2019-02-19, 17:07:38, 23.76, 46.66
2019-02-19, 17:07:39, 23.87, 46.71
2019-02-19, 17:07:40, 23.89, 46.74
2019-02-19, 17:07:42, 23.92, 46.75
2019-02-19, 17:07:43, 23.9, 46.71
2019-02-19, 17:07:44, 23.9, 46.71
2019-02-19, 17:07:46, 23.9, 46.71
2019-02-19, 17:07:47, 23.9, 46.71
2019-02-19, 17:07:48, 23.92, 46.68
2019-02-19, 17:07:50, 23.92, 46.68
2019-02-19, 17:07:51, 23.92, 46.68
2019-02-19, 17:07:52, 23.92, 46.68
2019-02-19, 17:07:54, 23.94, 46.65
2019-02-19, 17:07:55, 23.93, 46.65
2019-02-19, 17:07:57, 23.92, 46.65
2019-02-19, 17:07:58, 23.93, 46.65
2019-02-19, 17:07:59, 23.93, 46.65
2019-02-19, 17:08:01, 23.93, 46.65
2019-02-19, 17:08:02, 23.92, 46.65
2019-02-19, 17:08:03, 23.92, 46.65
2019-02-19, 17:08:05, 23.9, 46.68
2019-02-19, 17:08:06, 23.92, 46.68
2019-02-19, 17:08:07, 23.92, 46.68
2019-02-19, 17:08:09, 23.92, 46.68
2019-02-19, 17:08:10, 23.91, 46.68
2019-02-19, 17:08:11, 23.91, 46.72
2019-02-19, 17:08:13, 23.92, 46.72
2019-02-19, 17:08:14, 23.92, 46.72
2019-02-19, 17:08:16, 23.93, 46.72
2019-02-19, 17:08:17, 23.92, 46.72
2019-02-19, 17:08:18, 23.93, 46.72
2019-02-19, 17:08:20, 23.92, 46.72
2019-02-19, 17:08:21, 23.91, 46.72
2019-02-19, 17:08:22, 23.93, 46.72
2019-02-19, 17:08:24, 23.93, 46.69
2019-02-19, 17:08:25, 23.92, 46.68
2019-02-19, 17:08:26, 23.94, 46.69
2019-02-19, 17:08:28, 23.92, 46.68
2019-02-19, 17:08:29, 23.92, 46.68
2019-02-19, 17:08:30, 23.92, 46.68
2019-02-19, 17:08:32, 23.92, 46.72
2019-02-19, 17:08:33, 23.93, 46.75
2019-02-19, 17:08:34, 23.95, 46.78
2019-02-19, 17:08:36, 23.94, 46.78
2019-02-19, 17:08:37, 23.94, 46.72
2019-02-19, 17:08:39, 23.95, 46.75
2019-02-19, 17:08:40, 23.95, 46.72
2019-02-19, 17:08:41, 23.95, 46.72
2019-02-19, 17:08:43, 23.95, 46.72
2019-02-19, 17:08:44, 23.97, 46.72
2019-02-19, 17:08:45, 23.96, 46.72
2019-02-19, 17:08:47, 23.97, 46.72
2019-02-19, 17:08:48, 23.97, 46.72
2019-02-19, 17:08:49, 23.97, 46.69
2019-02-19, 17:08:51, 23.98, 46.69
2019-02-19, 17:08:52, 23.96, 46.66
2019-02-19, 17:08:53, 23.97, 46.66
2019-02-19, 17:08:55, 23.99, 46.66
2019-02-19, 17:08:56, 23.97, 46.66
2019-02-19, 17:08:57, 23.96, 46.66
2019-02-19, 17:08:59, 23.94, 46.62
2019-02-19, 17:09:00, 23.96, 46.59
2019-02-19, 17:09:02, 23.97, 46.59
2019-02-19, 17:09:03, 23.98, 46.63
2019-02-19, 17:09:04, 23.98, 46.6
2019-02-19, 17:09:06, 23.98, 46.63
2019-02-19, 17:09:07, 23.97, 46.59
2019-02-19, 17:09:08, 23.97, 46.59
2019-02-19, 17:09:10, 23.98, 46.6
2019-02-19, 17:09:11, 23.98, 46.6
2019-02-19, 17:09:12, 23.97, 46.59
2019-02-19, 17:09:14, 23.98, 46.6
2019-02-19, 17:09:15, 23.96, 46.56
2019-02-19, 17:09:16, 23.98, 46.56
2019-02-19, 17:09:18, 23.98, 46.6
2019-02-19, 17:09:19, 23.98, 46.56
2019-02-19, 17:09:21, 23.99, 46.56
2019-02-19, 17:09:22, 24.0, 46.53
2019-02-19, 17:09:23, 24.0, 46.53
2019-02-19, 17:09:25, 24.0, 46.53
2019-02-19, 17:09:26, 24.0, 46.5
2019-02-19, 17:09:27, 24.02, 46.5
2019-02-19, 17:09:29, 24.0, 46.5
2019-02-19, 17:09:30, 24.0, 46.53
2019-02-19, 17:09:31, 24.0, 46.5
2019-02-19, 17:09:33, 24.0, 46.53
2019-02-19, 17:09:34, 24.01, 46.54
2019-02-19, 17:09:35, 24.0, 46.53
2019-02-19, 17:09:37, 24.0, 46.53
2019-02-19, 17:09:38, 24.01, 46.5
2019-02-19, 17:09:39, 24.02, 46.5
2019-02-19, 17:09:41, 24.0, 46.5
2019-02-19, 17:09:42, 24.02, 46.5
2019-02-19, 17:09:44, 24.02, 46.5
2019-02-19, 17:09:45, 24.02, 46.47
2019-02-19, 17:09:46, 24.02, 46.47
2019-02-19, 17:09:48, 24.01, 46.47
2019-02-19, 17:09:49, 24.02, 46.47
2019-02-19, 17:09:50, 24.02, 46.47
2019-02-19, 17:09:52, 24.01, 46.47
2019-02-19, 17:09:53, 24.01, 46.47
2019-02-19, 17:09:54, 24.0, 46.47
2019-02-19, 17:09:56, 23.99, 46.47
2019-02-19, 17:09:57, 24.0, 46.47
2019-02-19, 17:09:58, 23.99, 46.5
2019-02-19, 17:10:00, 24.0, 46.5
2019-02-19, 17:10:01, 23.99, 46.5
2019-02-19, 17:10:02, 23.98, 46.53
2019-02-19, 17:10:04, 24.0, 46.53
2019-02-19, 17:10:05, 23.93, 46.56
2019-02-19, 17:10:07, 23.97, 46.56
2019-02-19, 17:10:08, 23.98, 46.56
2019-02-19, 17:10:09, 23.96, 46.56
2019-02-19, 17:10:11, 23.85, 46.58
2019-02-19, 17:10:12, 23.94, 46.62
2019-02-19, 17:10:13, 23.96, 46.59
2019-02-19, 17:10:15, 23.96, 46.66
2019-02-19, 17:10:16, 23.98, 46.63
2019-02-19, 17:10:17, 23.97, 46.69
2019-02-19, 17:10:19, 23.99, 46.69
2019-02-19, 17:10:20, 23.99, 46.69
2019-02-19, 17:10:21, 23.98, 46.66
2019-02-19, 17:10:23, 23.98, 46.66
2019-02-19, 17:10:24, 24.0, 46.66
2019-02-19, 17:10:25, 23.98, 46.66
2019-02-19, 17:10:27, 23.98, 46.66
2019-02-19, 17:10:28, 23.99, 46.6
2019-02-19, 17:10:30, 23.98, 46.63
2019-02-19, 17:10:31, 24.0, 46.6
2019-02-19, 17:10:32, 24.0, 46.6
2019-02-19, 17:10:34, 24.0, 46.6
2019-02-19, 17:10:35, 23.99, 46.63
2019-02-19, 17:10:36, 23.99, 46.63
2019-02-19, 17:10:38, 24.01, 46.63
2019-02-19, 17:10:39, 24.0, 46.6
2019-02-19, 17:10:40, 24.0, 46.57
2019-02-19, 17:10:42, 23.99, 46.6
2019-02-19, 17:10:43, 23.99, 46.56
2019-02-19, 17:10:44, 23.98, 46.53
2019-02-19, 17:10:46, 23.98, 46.53
2019-02-19, 17:10:47, 23.98, 46.5
2019-02-19, 17:10:48, 24.0, 46.47
2019-02-19, 17:10:50, 24.0, 46.5
2019-02-19, 17:10:51, 23.99, 46.5
2019-02-19, 17:10:53, 23.99, 46.47
2019-02-19, 17:10:54, 23.98, 46.47
2019-02-19, 17:10:55, 23.98, 46.5
2019-02-19, 17:10:57, 23.98, 46.5
2019-02-19, 17:10:58, 23.99, 46.53
2019-02-19, 17:10:59, 23.97, 46.53
2019-02-19, 17:11:01, 23.97, 46.53
2019-02-19, 17:11:02, 23.98, 46.53
2019-02-19, 17:11:03, 23.98, 46.53
2019-02-19, 17:11:05, 23.96, 46.53
2019-02-19, 17:11:06, 23.96, 46.53
2019-02-19, 17:11:07, 23.96, 46.53
2019-02-19, 17:11:09, 23.98, 46.56
2019-02-19, 17:11:10, 23.97, 46.56
2019-02-19, 17:11:11, 23.97, 46.53
2019-02-19, 17:11:13, 23.97, 46.56
2019-02-19, 17:11:14, 23.97, 46.56
2019-02-19, 17:11:16, 23.96, 46.56
2019-02-19, 17:11:17, 23.95, 46.56
2019-02-19, 17:11:18, 23.95, 46.56
2019-02-19, 17:11:20, 23.94, 46.59
2019-02-19, 17:11:21, 23.95, 46.59
2019-02-19, 17:11:22, 23.93, 46.62
2019-02-19, 17:11:24, 23.94, 46.59
2019-02-19, 17:11:25, 23.95, 46.59
2019-02-19, 17:11:26, 23.95, 46.62
2019-02-19, 17:11:28, 23.94, 46.62
2019-02-19, 17:11:29, 23.95, 46.62
2019-02-19, 17:11:30, 23.94, 46.62
2019-02-19, 17:11:32, 23.95, 46.62
2019-02-19, 17:11:33, 23.95, 46.62
2019-02-19, 17:11:35, 23.84, 46.61
2019-02-19, 17:11:36, 23.94, 46.65
2019-02-19, 17:11:37, 23.95, 46.66
2019-02-19, 17:11:39, 23.94, 46.65
2019-02-19, 17:11:40, 23.95, 46.66
2019-02-19, 17:11:41, 23.96, 46.66
2019-02-19, 17:11:43, 23.96, 46.66
2019-02-19, 17:11:44, 23.95, 46.62
2019-02-19, 17:11:45, 23.94, 46.65
2019-02-19, 17:11:47, 23.95, 46.66
2019-02-19, 17:11:48, 23.96, 46.63
2019-02-19, 17:11:49, 23.94, 46.62
2019-02-19, 17:11:51, 23.94, 46.65
2019-02-19, 17:11:52, 23.94, 46.65
2019-02-19, 17:11:53, 23.94, 46.65
2019-02-19, 17:11:55, 23.94, 46.65
2019-02-19, 17:11:56, 23.93, 46.65
2019-02-19, 17:11:58, 23.92, 46.65
2019-02-19, 17:11:59, 23.93, 46.69
2019-02-19, 17:12:00, 23.92, 46.68
2019-02-19, 17:12:02, 23.93, 46.69
2019-02-19, 17:12:03, 23.93, 46.72
2019-02-19, 17:12:04, 23.92, 46.72
2019-02-19, 17:12:06, 23.93, 46.75
2019-02-19, 17:12:07, 23.94, 46.75
2019-02-19, 17:12:08, 23.95, 46.78
2019-02-19, 17:12:10, 23.94, 46.78
2019-02-19, 17:12:11, 23.93, 46.78
2019-02-19, 17:12:12, 23.94, 46.85
2019-02-19, 17:12:14, 23.93, 46.85
2019-02-19, 17:12:15, 23.94, 46.91
2019-02-19, 17:12:16, 23.93, 46.91
2019-02-19, 17:12:18, 23.93, 46.94
2019-02-19, 17:12:19, 23.94, 46.98
2019-02-19, 17:12:21, 23.94, 46.98
2019-02-19, 17:12:22, 23.93, 47.01
2019-02-19, 17:12:23, 23.92, 47.04
2019-02-19, 17:12:25, 23.94, 46.98
2019-02-19, 17:12:26, 23.94, 47.04
2019-02-19, 17:12:27, 23.92, 47.01
2019-02-19, 17:12:29, 23.94, 47.01
2019-02-19, 17:12:30, 23.94, 47.01
2019-02-19, 17:12:31, 23.92, 46.97
2019-02-19, 17:12:33, 23.93, 46.97
2019-02-19, 17:12:34, 23.79, 47.02
2019-02-19, 17:12:35, 23.9, 47.07
2019-02-19, 17:12:37, 23.91, 47.1
2019-02-19, 17:12:38, 23.9, 47.07
2019-02-19, 17:12:39, 23.92, 47.07
2019-02-19, 17:12:41, 23.91, 47.0
2019-02-19, 17:12:42, 23.91, 46.97
2019-02-19, 17:12:44, 23.91, 46.97
2019-02-19, 17:12:45, 23.92, 46.94
2019-02-19, 17:12:46, 23.92, 46.94
2019-02-19, 17:12:48, 23.93, 46.94
2019-02-19, 17:12:49, 23.93, 46.97
2019-02-19, 17:12:50, 23.92, 46.94
2019-02-19, 17:12:52, 23.94, 46.91
2019-02-19, 17:12:53, 23.93, 46.88
2019-02-19, 17:12:54, 23.92, 46.91
2019-02-19, 17:12:56, 23.92, 46.88
2019-02-19, 17:12:57, 23.94, 46.88
2019-02-19, 17:12:58, 23.93, 46.85
2019-02-19, 17:13:00, 23.93, 46.85
2019-02-19, 17:13:01, 23.94, 46.85
2019-02-19, 17:13:02, 23.93, 46.85
2019-02-19, 17:13:04, 23.93, 46.88
2019-02-19, 17:13:05, 23.92, 46.91
2019-02-19, 17:13:07, 23.93, 46.91
2019-02-19, 17:13:08, 23.93, 46.94
2019-02-19, 17:13:09, 23.78, 46.96
2019-02-19, 17:13:11, 23.86, 47.03
2019-02-19, 17:13:12, 23.89, 47.0
2019-02-19, 17:13:13, 23.89, 46.97
2019-02-19, 17:13:15, 23.9, 46.94
2019-02-19, 17:13:16, 23.9, 46.91
2019-02-19, 17:13:17, 23.91, 46.91
2019-02-19, 17:13:19, 23.92, 46.84
2019-02-19, 17:13:20, 23.92, 46.81
2019-02-19, 17:13:21, 23.92, 46.81
2019-02-19, 17:13:23, 23.93, 46.81
2019-02-19, 17:13:24, 23.93, 46.81
2019-02-19, 17:13:25, 23.93, 46.78
2019-02-19, 17:13:27, 23.93, 46.78
2019-02-19, 17:13:28, 23.93, 46.78
2019-02-19, 17:13:30, 23.93, 46.78
2019-02-19, 17:13:31, 23.93, 46.75
2019-02-19, 17:13:32, 23.93, 46.75
2019-02-19, 17:13:34, 23.94, 46.72
2019-02-19, 17:13:35, 23.93, 46.75
2019-02-19, 17:13:36, 23.93, 46.75
2019-02-19, 17:13:38, 23.93, 46.72
2019-02-19, 17:13:39, 23.94, 46.75
2019-02-19, 17:13:40, 23.94, 46.75
2019-02-19, 17:13:42, 23.94, 46.75
2019-02-19, 17:13:43, 23.93, 46.78
2019-02-19, 17:13:44, 23.94, 46.78
2019-02-19, 17:13:46, 23.93, 46.75
2019-02-19, 17:13:47, 23.92, 46.75
2019-02-19, 17:13:48, 23.92, 46.78
2019-02-19, 17:13:50, 23.93, 46.78
2019-02-19, 17:13:51, 23.92, 46.78
2019-02-19, 17:13:53, 23.92, 46.78
2019-02-19, 17:13:54, 23.92, 46.78
2019-02-19, 17:13:55, 23.92, 46.78
2019-02-19, 17:13:57, 23.92, 46.78
2019-02-19, 17:13:58, 23.92, 46.78
2019-02-19, 17:13:59, 23.93, 46.78
2019-02-19, 17:14:01, 23.92, 46.78
2019-02-19, 17:14:02, 23.93, 46.78
2019-02-19, 17:14:03, 23.92, 46.78
2019-02-19, 17:14:05, 23.92, 46.78
2019-02-19, 17:14:06, 23.93, 46.78
2019-02-19, 17:14:07, 23.93, 46.78
2019-02-19, 17:14:09, 23.92, 46.78
2019-02-19, 17:14:10, 23.92, 46.81
2019-02-19, 17:14:12, 23.92, 46.78
2019-02-19, 17:14:13, 23.92, 46.81
2019-02-19, 17:14:14, 23.92, 46.84
2019-02-19, 17:14:16, 23.92, 46.81
2019-02-19, 17:14:17, 23.92, 46.81
2019-02-19, 17:14:18, 23.93, 46.85
2019-02-19, 17:14:20, 23.92, 46.84
2019-02-19, 17:14:21, 23.91, 46.84
2019-02-19, 17:14:22, 23.92, 46.84
2019-02-19, 17:14:24, 23.91, 46.84
2019-02-19, 17:14:25, 23.91, 46.88
2019-02-19, 17:14:26, 23.92, 46.88
2019-02-19, 17:14:28, 23.92, 46.84
2019-02-19, 17:14:29, 23.91, 46.84
2019-02-19, 17:14:30, 23.91, 46.84
2019-02-19, 17:14:32, 23.92, 46.81
2019-02-19, 17:14:33, 23.9, 46.84
2019-02-19, 17:14:35, 23.9, 46.81
2019-02-19, 17:14:36, 23.91, 46.78
2019-02-19, 17:14:37, 23.9, 46.78
2019-02-19, 17:14:39, 23.92, 46.81
2019-02-19, 17:14:40, 23.91, 46.78
2019-02-19, 17:14:41, 23.91, 46.78
2019-02-19, 17:14:43, 23.92, 46.78
2019-02-19, 17:14:44, 23.92, 46.78
2019-02-19, 17:14:45, 23.92, 46.78
2019-02-19, 17:14:47, 23.92, 46.78
2019-02-19, 17:14:48, 23.92, 46.78
2019-02-19, 17:14:49, 23.92, 46.78
2019-02-19, 17:14:51, 23.93, 46.78
2019-02-19, 17:14:52, 23.92, 46.78
2019-02-19, 17:14:54, 23.93, 46.78
2019-02-19, 17:14:55, 23.93, 46.78
2019-02-19, 17:14:56, 23.93, 46.78
2019-02-19, 17:14:58, 23.94, 46.78
2019-02-19, 17:14:59, 23.94, 46.78
2019-02-19, 17:15:00, 23.94, 46.78
2019-02-19, 17:15:02, 23.96, 46.79
2019-02-19, 17:15:03, 23.94, 46.78
2019-02-19, 17:15:04, 23.94, 46.78
2019-02-19, 17:15:06, 23.94, 46.78
2019-02-19, 17:15:07, 23.95, 46.75
2019-02-19, 17:15:08, 23.95, 46.75
2019-02-19, 17:15:10, 23.96, 46.75
2019-02-19, 17:15:11, 23.96, 46.75
2019-02-19, 17:15:12, 23.95, 46.72
2019-02-19, 17:15:14, 23.97, 46.72
2019-02-19, 17:15:15, 23.96, 46.72
2019-02-19, 17:15:17, 23.96, 46.72
2019-02-19, 17:15:18, 23.98, 46.72
2019-02-19, 17:15:19, 23.98, 46.69
2019-02-19, 17:15:21, 23.99, 46.73
2019-02-19, 17:15:22, 23.97, 46.72
2019-02-19, 17:15:23, 23.98, 46.72
2019-02-19, 17:15:25, 23.98, 46.72
2019-02-19, 17:15:26, 23.98, 46.69
2019-02-19, 17:15:27, 23.97, 46.72
2019-02-19, 17:15:29, 23.98, 46.69
2019-02-19, 17:15:30, 23.99, 46.69
2019-02-19, 17:15:31, 23.97, 46.72
2019-02-19, 17:15:33, 23.99, 46.73
2019-02-19, 17:15:34, 23.99, 46.69
2019-02-19, 17:15:35, 23.99, 46.73
2019-02-19, 17:15:37, 23.99, 46.73
2019-02-19, 17:15:38, 24.0, 46.73
2019-02-19, 17:15:40, 23.98, 46.72
2019-02-19, 17:15:41, 23.99, 46.76
2019-02-19, 17:15:42, 23.99, 46.76
2019-02-19, 17:15:44, 23.99, 46.73
2019-02-19, 17:15:45, 23.99, 46.76
2019-02-19, 17:15:46, 23.99, 46.76
2019-02-19, 17:15:48, 23.99, 46.76
2019-02-19, 17:15:49, 24.0, 46.73
2019-02-19, 17:15:50, 24.01, 46.73
2019-02-19, 17:15:52, 24.0, 46.73
2019-02-19, 17:15:53, 24.01, 46.73
2019-02-19, 17:15:54, 24.01, 46.73
2019-02-19, 17:15:56, 24.01, 46.73
2019-02-19, 17:15:57, 24.02, 46.7
2019-02-19, 17:15:58, 24.02, 46.7
2019-02-19, 17:16:00, 24.03, 46.7
2019-02-19, 17:16:01, 24.03, 46.7
2019-02-19, 17:16:03, 24.03, 46.7
2019-02-19, 17:16:04, 24.03, 46.7
2019-02-19, 17:16:05, 24.03, 46.67
2019-02-19, 17:16:07, 24.03, 46.67
2019-02-19, 17:16:08, 24.03, 46.7
2019-02-19, 17:16:09, 24.03, 46.67
2019-02-19, 17:16:11, 24.03, 46.67
2019-02-19, 17:16:12, 24.04, 46.67
2019-02-19, 17:16:13, 24.03, 46.67
2019-02-19, 17:16:15, 24.05, 46.67
2019-02-19, 17:16:16, 24.06, 46.67
2019-02-19, 17:16:17, 24.04, 46.67
2019-02-19, 17:16:19, 24.04, 46.67
2019-02-19, 17:16:20, 24.04, 46.67
2019-02-19, 17:16:21, 24.04, 46.67
2019-02-19, 17:16:23, 24.04, 46.64
2019-02-19, 17:16:24, 24.04, 46.64
2019-02-19, 17:16:26, 24.04, 46.64
2019-02-19, 17:16:27, 24.06, 46.67
2019-02-19, 17:16:28, 24.06, 46.64
2019-02-19, 17:16:30, 24.06, 46.64
2019-02-19, 17:16:31, 24.06, 46.64
2019-02-19, 17:16:32, 24.06, 46.61
2019-02-19, 17:16:34, 24.07, 46.64
2019-02-19, 17:16:35, 24.07, 46.61
2019-02-19, 17:16:36, 24.07, 46.61
2019-02-19, 17:16:38, 24.07, 46.61
2019-02-19, 17:16:39, 24.08, 46.61
2019-02-19, 17:16:40, 24.08, 46.61
2019-02-19, 17:16:42, 24.07, 46.61
2019-02-19, 17:16:43, 24.07, 46.57
2019-02-19, 17:16:44, 24.08, 46.58
2019-02-19, 17:16:46, 24.08, 46.54
2019-02-19, 17:16:47, 24.07, 46.54
2019-02-19, 17:16:49, 24.07, 46.57
2019-02-19, 17:16:50, 24.07, 46.54
2019-02-19, 17:16:51, 24.07, 46.54
2019-02-19, 17:16:53, 24.08, 46.54
2019-02-19, 17:16:54, 24.07, 46.54
2019-02-19, 17:16:55, 24.08, 46.54
2019-02-19, 17:16:57, 24.07, 46.54
2019-02-19, 17:16:58, 24.08, 46.54
2019-02-19, 17:16:59, 24.08, 46.51
2019-02-19, 17:17:01, 23.98, 46.53
2019-02-19, 17:17:02, 24.05, 46.54
2019-02-19, 17:17:03, 24.05, 46.57
2019-02-19, 17:17:05, 24.06, 46.57
2019-02-19, 17:17:06, 24.06, 46.57
2019-02-19, 17:17:08, 24.04, 46.6
2019-02-19, 17:17:09, 24.06, 46.57
2019-02-19, 17:17:10, 24.06, 46.57
2019-02-19, 17:17:12, 24.06, 46.57
2019-02-19, 17:17:13, 24.04, 46.57
2019-02-19, 17:17:14, 24.05, 46.57
2019-02-19, 17:17:16, 24.05, 46.54
2019-02-19, 17:17:17, 24.06, 46.57
2019-02-19, 17:17:18, 24.07, 46.54
2019-02-19, 17:17:20, 24.07, 46.54
2019-02-19, 17:17:21, 24.08, 46.54
2019-02-19, 17:17:22, 24.08, 46.54
2019-02-19, 17:17:24, 24.08, 46.54
2019-02-19, 17:17:25, 24.07, 46.54
2019-02-19, 17:17:27, 24.07, 46.54
2019-02-19, 17:17:28, 24.08, 46.51
2019-02-19, 17:17:29, 24.06, 46.54
2019-02-19, 17:17:31, 23.95, 46.53
2019-02-19, 17:17:32, 24.05, 46.57
2019-02-19, 17:17:33, 24.05, 46.6
2019-02-19, 17:17:35, 24.08, 46.61
2019-02-19, 17:17:36, 24.07, 46.61
2019-02-19, 17:17:37, 24.07, 46.61
2019-02-19, 17:17:39, 24.07, 46.61
2019-02-19, 17:17:40, 24.08, 46.61
2019-02-19, 17:17:41, 24.08, 46.61
2019-02-19, 17:17:43, 24.08, 46.58
2019-02-19, 17:17:44, 24.09, 46.54
2019-02-19, 17:17:45, 24.1, 46.55
2019-02-19, 17:17:47, 24.09, 46.54
2019-02-19, 17:17:48, 24.09, 46.54
2019-02-19, 17:17:50, 24.09, 46.54
2019-02-19, 17:17:51, 24.1, 46.55
2019-02-19, 17:17:52, 24.08, 46.54
2019-02-19, 17:17:54, 24.09, 46.54
2019-02-19, 17:17:55, 24.09, 46.54
2019-02-19, 17:17:56, 24.1, 46.55
2019-02-19, 17:17:58, 24.1, 46.55
2019-02-19, 17:17:59, 24.09, 46.51
2019-02-19, 17:18:00, 24.11, 46.52
2019-02-19, 17:18:02, 24.09, 46.51
2019-02-19, 17:18:03, 24.1, 46.48
2019-02-19, 17:18:04, 24.11, 46.52
2019-02-19, 17:18:06, 24.11, 46.48
2019-02-19, 17:18:07, 24.12, 46.48
2019-02-19, 17:18:08, 24.1, 46.51
2019-02-19, 17:18:10, 24.1, 46.48
2019-02-19, 17:18:11, 24.11, 46.48
2019-02-19, 17:18:13, 24.1, 46.48
2019-02-19, 17:18:14, 24.11, 46.48
2019-02-19, 17:18:15, 24.12, 46.48
2019-02-19, 17:18:17, 24.12, 46.48
2019-02-19, 17:18:18, 24.1, 46.48
2019-02-19, 17:18:19, 24.1, 46.48
2019-02-19, 17:18:21, 24.1, 46.48
2019-02-19, 17:18:22, 24.08, 46.48
2019-02-19, 17:18:23, 24.09, 46.48
2019-02-19, 17:18:25, 24.09, 46.48
2019-02-19, 17:18:26, 24.1, 46.48
2019-02-19, 17:18:27, 24.09, 46.48
2019-02-19, 17:18:29, 24.08, 46.45
2019-02-19, 17:18:30, 23.93, 46.43
2019-02-19, 17:18:31, 24.03, 46.47
2019-02-19, 17:18:33, 24.05, 46.48
2019-02-19, 17:18:34, 24.06, 46.48
2019-02-19, 17:18:36, 24.07, 46.48
2019-02-19, 17:18:37, 24.07, 46.48
2019-02-19, 17:18:38, 24.06, 46.48
2019-02-19, 17:18:40, 24.09, 46.48
2019-02-19, 17:18:41, 24.08, 46.48
2019-02-19, 17:18:42, 24.06, 46.48
2019-02-19, 17:18:44, 24.08, 46.48
2019-02-19, 17:18:45, 24.07, 46.48
2019-02-19, 17:18:46, 24.08, 46.48
2019-02-19, 17:18:48, 24.07, 46.48
2019-02-19, 17:18:49, 24.07, 46.48
2019-02-19, 17:18:50, 24.06, 46.48
2019-02-19, 17:18:52, 24.07, 46.48
2019-02-19, 17:18:53, 24.07, 46.48
2019-02-19, 17:18:55, 24.06, 46.48
2019-02-19, 17:18:56, 24.06, 46.44
2019-02-19, 17:18:57, 24.08, 46.48
2019-02-19, 17:18:59, 24.06, 46.48
2019-02-19, 17:19:00, 23.91, 46.46
2019-02-19, 17:19:01, 24.02, 46.54
2019-02-19, 17:19:03, 24.04, 46.54
2019-02-19, 17:19:04, 24.04, 46.54
2019-02-19, 17:19:05, 24.06, 46.54
2019-02-19, 17:19:07, 24.06, 46.54
2019-02-19, 17:19:08, 24.07, 46.51
2019-02-19, 17:19:09, 24.06, 46.48
2019-02-19, 17:19:11, 24.05, 46.51
2019-02-19, 17:19:12, 24.06, 46.48
2019-02-19, 17:19:13, 24.07, 46.48
2019-02-19, 17:19:15, 24.06, 46.48
2019-02-19, 17:19:16, 24.06, 46.48
2019-02-19, 17:19:18, 24.06, 46.48
2019-02-19, 17:19:19, 24.08, 46.48
2019-02-19, 17:19:20, 24.06, 46.48
2019-02-19, 17:19:22, 24.04, 46.47
2019-02-19, 17:19:23, 24.06, 46.48
2019-02-19, 17:19:24, 24.06, 46.48
2019-02-19, 17:19:26, 24.06, 46.48
2019-02-19, 17:19:27, 24.06, 46.48
2019-02-19, 17:19:28, 24.07, 46.48
2019-02-19, 17:19:30, 24.06, 46.48
2019-02-19, 17:19:31, 24.07, 46.48
2019-02-19, 17:19:33, 24.07, 46.48
2019-02-19, 17:19:34, 24.08, 46.48
2019-02-19, 17:19:35, 24.07, 46.48
2019-02-19, 17:19:37, 24.07, 46.48
2019-02-19, 17:19:38, 24.08, 46.48
2019-02-19, 17:19:39, 24.08, 46.48
2019-02-19, 17:19:41, 24.08, 46.48
2019-02-19, 17:19:42, 24.08, 46.48
2019-02-19, 17:19:43, 24.07, 46.48
2019-02-19, 17:19:45, 24.08, 46.45
2019-02-19, 17:19:46, 24.09, 46.48
2019-02-19, 17:19:47, 24.07, 46.45
2019-02-19, 17:19:49, 24.08, 46.48
2019-02-19, 17:19:50, 24.07, 46.48
2019-02-19, 17:19:52, 24.08, 46.48
2019-02-19, 17:19:53, 24.07, 46.45
2019-02-19, 17:19:54, 24.08, 46.45
2019-02-19, 17:19:56, 24.06, 46.44
2019-02-19, 17:19:57, 24.06, 46.44
2019-02-19, 17:19:58, 24.07, 46.45
2019-02-19, 17:20:00, 24.07, 46.45
2019-02-19, 17:20:01, 24.07, 46.45
2019-02-19, 17:20:02, 24.08, 46.45
2019-02-19, 17:20:04, 24.08, 46.45
2019-02-19, 17:20:05, 24.08, 46.42
2019-02-19, 17:20:06, 24.07, 46.41
2019-02-19, 17:20:08, 24.08, 46.42
2019-02-19, 17:20:09, 24.08, 46.42
2019-02-19, 17:20:11, 24.08, 46.45
2019-02-19, 17:20:12, 24.07, 46.41
2019-02-19, 17:20:13, 24.06, 46.44
2019-02-19, 17:20:15, 24.07, 46.41
2019-02-19, 17:20:16, 24.07, 46.45
2019-02-19, 17:20:17, 24.07, 46.41
2019-02-19, 17:20:19, 24.07, 46.41
2019-02-19, 17:20:20, 24.06, 46.41
2019-02-19, 17:20:21, 24.07, 46.41
2019-02-19, 17:20:23, 24.08, 46.42
2019-02-19, 17:20:24, 24.1, 46.42
2019-02-19, 17:20:25, 24.09, 46.42
2019-02-19, 17:20:27, 24.09, 46.42
2019-02-19, 17:20:28, 24.1, 46.42
2019-02-19, 17:20:30, 24.1, 46.42
2019-02-19, 17:20:31, 24.09, 46.42
2019-02-19, 17:20:32, 24.09, 46.42
2019-02-19, 17:20:34, 24.1, 46.42
2019-02-19, 17:20:35, 24.1, 46.42
2019-02-19, 17:20:36, 24.09, 46.42
2019-02-19, 17:20:38, 24.09, 46.42
2019-02-19, 17:20:39, 24.1, 46.42
2019-02-19, 17:20:40, 24.1, 46.42
2019-02-19, 17:20:42, 24.1, 46.42
2019-02-19, 17:20:43, 24.1, 46.42
2019-02-19, 17:20:44, 24.11, 46.42
2019-02-19, 17:20:46, 24.1, 46.42
2019-02-19, 17:20:47, 24.1, 46.42
2019-02-19, 17:20:48, 24.1, 46.42
2019-02-19, 17:20:50, 24.1, 46.42
2019-02-19, 17:20:51, 24.1, 46.42
2019-02-19, 17:20:53, 24.1, 46.42
2019-02-19, 17:20:54, 24.1, 46.45
2019-02-19, 17:20:55, 24.11, 46.42
2019-02-19, 17:20:57, 24.1, 46.42
2019-02-19, 17:20:58, 24.1, 46.42
2019-02-19, 17:20:59, 24.1, 46.42
2019-02-19, 17:21:01, 24.11, 46.42
2019-02-19, 17:21:02, 24.1, 46.39
2019-02-19, 17:21:03, 23.99, 46.37
2019-02-19, 17:21:05, 24.08, 46.42
2019-02-19, 17:21:06, 24.08, 46.42
2019-02-19, 17:21:07, 24.1, 46.42
2019-02-19, 17:21:09, 24.1, 46.42
2019-02-19, 17:21:10, 24.08, 46.42
2019-02-19, 17:21:12, 24.09, 46.42
2019-02-19, 17:21:13, 24.11, 46.42
2019-02-19, 17:21:14, 24.11, 46.42
2019-02-19, 17:21:16, 24.1, 46.42
2019-02-19, 17:21:17, 24.11, 46.42
2019-02-19, 17:21:18, 24.11, 46.42
2019-02-19, 17:21:20, 24.12, 46.42
2019-02-19, 17:21:21, 24.1, 46.42
2019-02-19, 17:21:22, 24.12, 46.42
2019-02-19, 17:21:24, 24.12, 46.42
2019-02-19, 17:21:25, 24.12, 46.42
2019-02-19, 17:21:26, 24.12, 46.42
2019-02-19, 17:21:28, 24.02, 46.41
2019-02-19, 17:21:29, 24.1, 46.48
2019-02-19, 17:21:31, 24.12, 46.48
2019-02-19, 17:21:32, 24.11, 46.45
2019-02-19, 17:21:33, 23.98, 46.47
2019-02-19, 17:21:35, 24.08, 46.54
2019-02-19, 17:21:36, 24.08, 46.54
2019-02-19, 17:21:37, 24.1, 46.55
2019-02-19, 17:21:39, 24.1, 46.55
2019-02-19, 17:21:40, 24.11, 46.55
2019-02-19, 17:21:41, 24.1, 46.55
2019-02-19, 17:21:43, 24.08, 46.54
2019-02-19, 17:21:44, 24.1, 46.55
2019-02-19, 17:21:45, 24.1, 46.55
2019-02-19, 17:21:47, 24.11, 46.55
2019-02-19, 17:21:48, 24.09, 46.54
2019-02-19, 17:21:50, 24.11, 46.52
2019-02-19, 17:21:51, 24.11, 46.52
2019-02-19, 17:21:52, 24.11, 46.48
2019-02-19, 17:21:54, 24.09, 46.51
2019-02-19, 17:21:55, 24.1, 46.51
2019-02-19, 17:21:56, 24.1, 46.55
2019-02-19, 17:21:58, 24.1, 46.51
2019-02-19, 17:21:59, 24.11, 46.48
2019-02-19, 17:22:00, 24.1, 46.48
2019-02-19, 17:22:02, 24.11, 46.48
2019-02-19, 17:22:03, 24.11, 46.48
2019-02-19, 17:22:04, 24.1, 46.48
2019-02-19, 17:22:06, 24.12, 46.48
2019-02-19, 17:22:07, 24.12, 46.48
2019-02-19, 17:22:08, 24.11, 46.48
2019-02-19, 17:22:10, 24.11, 46.48
2019-02-19, 17:22:11, 24.11, 46.48
2019-02-19, 17:22:13, 24.12, 46.48
2019-02-19, 17:22:14, 24.11, 46.48
2019-02-19, 17:22:15, 24.11, 46.48
2019-02-19, 17:22:17, 24.12, 46.48
2019-02-19, 17:22:18, 24.12, 46.48
2019-02-19, 17:22:19, 24.12, 46.52
2019-02-19, 17:22:21, 24.12, 46.48
2019-02-19, 17:22:22, 24.12, 46.48
2019-02-19, 17:22:23, 24.12, 46.52
2019-02-19, 17:22:25, 24.12, 46.52
2019-02-19, 17:22:26, 24.12, 46.52
2019-02-19, 17:22:27, 24.12, 46.52
2019-02-19, 17:22:29, 24.12, 46.52
2019-02-19, 17:22:30, 24.11, 46.48
2019-02-19, 17:22:31, 24.12, 46.48
2019-02-19, 17:22:33, 24.12, 46.48
2019-02-19, 17:22:34, 24.14, 46.49
2019-02-19, 17:22:36, 24.12, 46.48
2019-02-19, 17:22:37, 24.12, 46.48
2019-02-19, 17:22:38, 24.13, 46.49
2019-02-19, 17:22:40, 24.12, 46.48
2019-02-19, 17:22:41, 24.13, 46.49
2019-02-19, 17:22:42, 24.12, 46.48
2019-02-19, 17:22:44, 24.12, 46.48
2019-02-19, 17:22:45, 24.12, 46.48
2019-02-19, 17:22:46, 24.12, 46.45
2019-02-19, 17:22:48, 24.12, 46.48
2019-02-19, 17:22:49, 24.12, 46.45
2019-02-19, 17:22:50, 24.12, 46.48
2019-02-19, 17:22:52, 24.11, 46.48
2019-02-19, 17:22:53, 24.1, 46.45
2019-02-19, 17:22:55, 24.12, 46.48
2019-02-19, 17:22:56, 24.12, 46.48
2019-02-19, 17:22:57, 24.11, 46.48
2019-02-19, 17:22:59, 24.1, 46.48
2019-02-19, 17:23:00, 24.11, 46.48
2019-02-19, 17:23:01, 24.1, 46.48
2019-02-19, 17:23:03, 23.94, 46.53
2019-02-19, 17:23:04, 24.05, 46.6
2019-02-19, 17:23:05, 24.07, 46.61
2019-02-19, 17:23:07, 24.06, 46.64
2019-02-19, 17:23:08, 24.08, 46.61
2019-02-19, 17:23:09, 24.08, 46.61
2019-02-19, 17:23:11, 24.07, 46.61
2019-02-19, 17:23:12, 24.09, 46.61
2019-02-19, 17:23:13, 24.1, 46.58
2019-02-19, 17:23:15, 24.09, 46.54
2019-02-19, 17:23:16, 24.09, 46.54
2019-02-19, 17:23:18, 24.09, 46.54
2019-02-19, 17:23:19, 24.1, 46.55
2019-02-19, 17:23:20, 24.09, 46.54
2019-02-19, 17:23:22, 24.1, 46.55
2019-02-19, 17:23:23, 24.09, 46.54
2019-02-19, 17:23:24, 24.09, 46.54
2019-02-19, 17:23:26, 24.09, 46.54
2019-02-19, 17:23:27, 24.1, 46.55
2019-02-19, 17:23:28, 24.1, 46.55
2019-02-19, 17:23:30, 24.09, 46.54
2019-02-19, 17:23:31, 24.12, 46.55
2019-02-19, 17:23:32, 24.1, 46.55
2019-02-19, 17:23:34, 24.1, 46.55
2019-02-19, 17:23:35, 24.09, 46.54
2019-02-19, 17:23:37, 24.09, 46.54
2019-02-19, 17:23:38, 24.1, 46.55
2019-02-19, 17:23:39, 24.09, 46.54
2019-02-19, 17:23:41, 24.1, 46.55
2019-02-19, 17:23:42, 24.1, 46.55
2019-02-19, 17:23:43, 24.1, 46.55
2019-02-19, 17:23:45, 24.11, 46.55
2019-02-19, 17:23:46, 24.11, 46.55
2019-02-19, 17:23:47, 24.11, 46.55
2019-02-19, 17:23:49, 24.11, 46.55
2019-02-19, 17:23:50, 24.1, 46.55
2019-02-19, 17:23:51, 24.1, 46.55
2019-02-19, 17:23:53, 24.1, 46.55
2019-02-19, 17:23:54, 24.11, 46.55
2019-02-19, 17:23:55, 24.12, 46.55
2019-02-19, 17:23:57, 24.1, 46.55
2019-02-19, 17:23:58, 24.1, 46.55
2019-02-19, 17:24:00, 24.11, 46.55
2019-02-19, 17:24:01, 24.1, 46.55
2019-02-19, 17:24:02, 24.1, 46.55
2019-02-19, 17:24:04, 24.1, 46.55
2019-02-19, 17:24:05, 24.1, 46.55
2019-02-19, 17:24:06, 24.1, 46.55
2019-02-19, 17:24:08, 24.11, 46.55
2019-02-19, 17:24:09, 24.09, 46.54
2019-02-19, 17:24:10, 24.1, 46.58
2019-02-19, 17:24:12, 24.1, 46.55
2019-02-19, 17:24:13, 24.11, 46.55
2019-02-19, 17:24:14, 24.1, 46.58
2019-02-19, 17:24:16, 24.12, 46.58
2019-02-19, 17:24:17, 24.1, 46.55
2019-02-19, 17:24:19, 24.1, 46.55
2019-02-19, 17:24:20, 24.1, 46.58
2019-02-19, 17:24:21, 24.09, 46.58
2019-02-19, 17:24:23, 24.12, 46.58
2019-02-19, 17:24:24, 24.12, 46.58
2019-02-19, 17:24:25, 24.11, 46.55
2019-02-19, 17:24:27, 24.11, 46.55
2019-02-19, 17:24:28, 24.12, 46.55
2019-02-19, 17:24:29, 24.11, 46.55
2019-02-19, 17:24:31, 24.12, 46.55
2019-02-19, 17:24:32, 24.11, 46.55
2019-02-19, 17:24:33, 24.1, 46.55
2019-02-19, 17:24:35, 24.09, 46.54
2019-02-19, 17:24:36, 24.1, 46.55
2019-02-19, 17:24:37, 24.12, 46.55
2019-02-19, 17:24:39, 24.12, 46.55
2019-02-19, 17:24:40, 24.12, 46.55
2019-02-19, 17:24:42, 24.12, 46.55
2019-02-19, 17:24:43, 24.13, 46.55
2019-02-19, 17:24:44, 24.13, 46.52
2019-02-19, 17:24:46, 24.13, 46.52
2019-02-19, 17:24:47, 24.13, 46.52
2019-02-19, 17:24:48, 24.14, 46.52
2019-02-19, 17:24:50, 24.14, 46.49
2019-02-19, 17:24:51, 24.14, 46.52
2019-02-19, 17:24:52, 24.13, 46.49
2019-02-19, 17:24:54, 24.14, 46.49
2019-02-19, 17:24:55, 24.13, 46.49
2019-02-19, 17:24:56, 24.14, 46.49
2019-02-19, 17:24:58, 24.15, 46.46
2019-02-19, 17:24:59, 24.15, 46.49
2019-02-19, 17:25:01, 24.15, 46.49
2019-02-19, 17:25:02, 24.15, 46.49
2019-02-19, 17:25:03, 24.14, 46.49
2019-02-19, 17:25:05, 24.15, 46.46
2019-02-19, 17:25:06, 24.14, 46.49
2019-02-19, 17:25:07, 24.15, 46.46
2019-02-19, 17:25:09, 24.16, 46.46
2019-02-19, 17:25:10, 24.14, 46.42
2019-02-19, 17:25:11, 24.16, 46.43
2019-02-19, 17:25:13, 24.13, 46.45
2019-02-19, 17:25:14, 24.15, 46.46
2019-02-19, 17:25:15, 24.15, 46.49
2019-02-19, 17:25:17, 24.16, 46.46
2019-02-19, 17:25:18, 24.16, 46.46
2019-02-19, 17:25:20, 24.16, 46.46
2019-02-19, 17:25:21, 24.15, 46.46
2019-02-19, 17:25:22, 24.16, 46.46
2019-02-19, 17:25:24, 24.16, 46.46
2019-02-19, 17:25:25, 24.17, 46.46
2019-02-19, 17:25:26, 24.17, 46.43
2019-02-19, 17:25:28, 24.16, 46.49
2019-02-19, 17:25:29, 24.16, 46.46
2019-02-19, 17:25:30, 24.18, 46.46
2019-02-19, 17:25:32, 24.18, 46.46
2019-02-19, 17:25:33, 24.17, 46.46
2019-02-19, 17:25:34, 24.17, 46.46
2019-02-19, 17:25:36, 24.17, 46.46
2019-02-19, 17:25:37, 24.18, 46.43
2019-02-19, 17:25:38, 24.18, 46.43
2019-02-19, 17:25:40, 24.17, 46.43
2019-02-19, 17:25:41, 24.16, 46.43
2019-02-19, 17:25:43, 24.19, 46.4
2019-02-19, 17:25:44, 24.18, 46.43
2019-02-19, 17:25:45, 24.18, 46.43
2019-02-19, 17:25:47, 24.18, 46.43
2019-02-19, 17:25:48, 24.17, 46.43
2019-02-19, 17:25:49, 24.16, 46.39
2019-02-19, 17:25:51, 24.18, 46.43
2019-02-19, 17:25:52, 24.17, 46.43
2019-02-19, 17:25:53, 24.18, 46.43
2019-02-19, 17:25:55, 24.1, 46.42
2019-02-19, 17:25:56, 24.14, 46.45
2019-02-19, 17:25:57, 24.17, 46.43
2019-02-19, 17:25:59, 24.18, 46.43
2019-02-19, 17:26:00, 24.18, 46.46
2019-02-19, 17:26:02, 24.18, 46.43
2019-02-19, 17:26:03, 24.18, 46.43
2019-02-19, 17:26:04, 24.18, 46.43
2019-02-19, 17:26:06, 24.18, 46.43
2019-02-19, 17:26:07, 24.19, 46.43
2019-02-19, 17:26:08, 24.18, 46.43
2019-02-19, 17:26:10, 24.18, 46.43
2019-02-19, 17:26:11, 24.19, 46.43
2019-02-19, 17:26:12, 24.18, 46.43
2019-02-19, 17:26:14, 24.18, 46.43
2019-02-19, 17:26:15, 24.17, 46.43
2019-02-19, 17:26:16, 24.17, 46.43
2019-02-19, 17:26:18, 24.18, 46.43
2019-02-19, 17:26:19, 24.18, 46.43
2019-02-19, 17:26:20, 24.17, 46.46
2019-02-19, 17:26:22, 24.17, 46.46
2019-02-19, 17:26:23, 24.19, 46.46
2019-02-19, 17:26:25, 24.07, 46.45
2019-02-19, 17:26:26, 24.16, 46.49
2019-02-19, 17:26:27, 24.15, 46.49
2019-02-19, 17:26:29, 24.17, 46.49
2019-02-19, 17:26:30, 24.17, 46.46
2019-02-19, 17:26:31, 24.17, 46.49
2019-02-19, 17:26:33, 24.17, 46.46
2019-02-19, 17:26:34, 24.17, 46.46
2019-02-19, 17:26:35, 24.18, 46.43
2019-02-19, 17:26:37, 24.19, 46.46
2019-02-19, 17:26:38, 24.19, 46.43
2019-02-19, 17:26:39, 24.2, 46.43
2019-02-19, 17:26:41, 24.18, 46.43
2019-02-19, 17:26:42, 24.18, 46.4
2019-02-19, 17:26:44, 24.19, 46.4
2019-02-19, 17:26:45, 24.19, 46.4
2019-02-19, 17:26:46, 24.18, 46.4
2019-02-19, 17:26:48, 24.19, 46.43
2019-02-19, 17:26:49, 24.2, 46.4
2019-02-19, 17:26:50, 24.2, 46.43
2019-02-19, 17:26:52, 24.2, 46.4
2019-02-19, 17:26:53, 24.2, 46.4
2019-02-19, 17:26:54, 24.19, 46.43
2019-02-19, 17:26:56, 24.18, 46.4
2019-02-19, 17:26:57, 24.18, 46.43
2019-02-19, 17:26:58, 24.2, 46.4
2019-02-19, 17:27:00, 24.2, 46.4
2019-02-19, 17:27:01, 24.18, 46.36
2019-02-19, 17:27:02, 24.18, 46.36
2019-02-19, 17:27:04, 24.18, 46.36
2019-02-19, 17:27:05, 24.19, 46.36
2019-02-19, 17:27:07, 24.19, 46.36
2019-02-19, 17:27:08, 24.18, 46.4
2019-02-19, 17:27:09, 24.18, 46.4
2019-02-19, 17:27:11, 24.18, 46.4
2019-02-19, 17:27:12, 24.18, 46.43
2019-02-19, 17:27:13, 24.15, 46.39
2019-02-19, 17:27:15, 24.16, 46.39
2019-02-19, 17:27:16, 24.16, 46.43
2019-02-19, 17:27:17, 24.17, 46.43
2019-02-19, 17:27:19, 24.18, 46.43
2019-02-19, 17:27:20, 24.17, 46.43
2019-02-19, 17:27:21, 24.18, 46.4
2019-02-19, 17:27:23, 24.17, 46.43
2019-02-19, 17:27:24, 24.04, 46.41
2019-02-19, 17:27:25, 24.13, 46.49
2019-02-19, 17:27:27, 24.15, 46.49
2019-02-19, 17:27:28, 24.15, 46.49
2019-02-19, 17:27:30, 24.16, 46.49
2019-02-19, 17:27:31, 24.16, 46.49
2019-02-19, 17:27:32, 24.16, 46.46
2019-02-19, 17:27:34, 24.14, 46.45
2019-02-19, 17:27:35, 24.14, 46.42
2019-02-19, 17:27:36, 24.16, 46.43
2019-02-19, 17:27:38, 24.15, 46.42
2019-02-19, 17:27:39, 24.15, 46.42
2019-02-19, 17:27:40, 24.16, 46.43
2019-02-19, 17:27:42, 24.15, 46.42
2019-02-19, 17:27:43, 24.16, 46.43
2019-02-19, 17:27:44, 24.14, 46.42
2019-02-19, 17:27:46, 24.14, 46.42
2019-02-19, 17:27:47, 24.15, 46.46
2019-02-19, 17:27:49, 24.14, 46.45
2019-02-19, 17:27:50, 24.14, 46.49
2019-02-19, 17:27:51, 24.15, 46.49
2019-02-19, 17:27:53, 24.15, 46.49
2019-02-19, 17:27:54, 24.15, 46.49
2019-02-19, 17:27:55, 24.14, 46.49
2019-02-19, 17:27:57, 24.12, 46.48
2019-02-19, 17:27:58, 24.13, 46.49
2019-02-19, 17:27:59, 24.14, 46.49
2019-02-19, 17:28:01, 24.14, 46.49
2019-02-19, 17:28:02, 24.13, 46.49
2019-02-19, 17:28:03, 24.14, 46.49
2019-02-19, 17:28:05, 24.14, 46.49
2019-02-19, 17:28:06, 24.16, 46.49
2019-02-19, 17:28:07, 24.14, 46.49
2019-02-19, 17:28:09, 24.14, 46.49
2019-02-19, 17:28:10, 24.14, 46.49
2019-02-19, 17:28:12, 24.14, 46.49
2019-02-19, 17:28:13, 24.13, 46.49
2019-02-19, 17:28:14, 24.15, 46.49
2019-02-19, 17:28:16, 24.14, 46.49
2019-02-19, 17:28:17, 24.14, 46.52
2019-02-19, 17:28:18, 24.13, 46.49
2019-02-19, 17:28:20, 24.13, 46.49
2019-02-19, 17:28:21, 24.14, 46.49
2019-02-19, 17:28:22, 24.14, 46.52
2019-02-19, 17:28:24, 24.13, 46.52
2019-02-19, 17:28:25, 24.14, 46.52
2019-02-19, 17:28:26, 24.13, 46.55
2019-02-19, 17:28:28, 24.13, 46.52
2019-02-19, 17:28:29, 24.14, 46.52
2019-02-19, 17:28:31, 24.13, 46.52
2019-02-19, 17:28:32, 24.14, 46.52
2019-02-19, 17:28:33, 24.14, 46.52
2019-02-19, 17:28:35, 24.14, 46.52
2019-02-19, 17:28:36, 24.13, 46.49
2019-02-19, 17:28:37, 24.14, 46.52
2019-02-19, 17:28:39, 24.14, 46.52
2019-02-19, 17:28:40, 24.13, 46.52
2019-02-19, 17:28:41, 24.12, 46.52
2019-02-19, 17:28:43, 24.13, 46.52
2019-02-19, 17:28:44, 24.13, 46.52
2019-02-19, 17:28:45, 24.13, 46.55
2019-02-19, 17:28:47, 24.13, 46.55
2019-02-19, 17:28:48, 24.13, 46.55
2019-02-19, 17:28:49, 24.12, 46.55
2019-02-19, 17:28:51, 24.12, 46.55
2019-02-19, 17:28:52, 24.12, 46.55
2019-02-19, 17:28:54, 24.12, 46.55
2019-02-19, 17:28:55, 24.12, 46.55
2019-02-19, 17:28:56, 24.1, 46.55
2019-02-19, 17:28:58, 24.08, 46.54
2019-02-19, 17:28:59, 24.11, 46.55
2019-02-19, 17:29:00, 24.11, 46.58
2019-02-19, 17:29:02, 24.09, 46.58
2019-02-19, 17:29:03, 24.12, 46.55
2019-02-19, 17:29:04, 24.12, 46.58
2019-02-19, 17:29:06, 24.11, 46.55
2019-02-19, 17:29:07, 24.12, 46.55
2019-02-19, 17:29:08, 24.12, 46.55
2019-02-19, 17:29:10, 24.12, 46.55
2019-02-19, 17:29:11, 24.12, 46.55
2019-02-19, 17:29:13, 24.12, 46.55
2019-02-19, 17:29:14, 24.1, 46.55
2019-02-19, 17:29:15, 24.12, 46.55
2019-02-19, 17:29:17, 24.12, 46.55
2019-02-19, 17:29:18, 24.13, 46.55
2019-02-19, 17:29:19, 24.13, 46.58
2019-02-19, 17:29:21, 24.12, 46.55
2019-02-19, 17:29:22, 24.13, 46.58
2019-02-19, 17:29:23, 24.13, 46.55
2019-02-19, 17:29:25, 24.13, 46.55
2019-02-19, 17:29:26, 24.13, 46.55
2019-02-19, 17:29:27, 24.11, 46.55
2019-02-19, 17:29:29, 24.12, 46.58
2019-02-19, 17:29:30, 23.97, 46.56
2019-02-19, 17:29:31, 24.08, 46.64
2019-02-19, 17:29:33, 24.09, 46.67
2019-02-19, 17:29:34, 24.06, 46.67
2019-02-19, 17:29:35, 24.09, 46.67
2019-02-19, 17:29:37, 24.1, 46.67
2019-02-19, 17:29:38, 24.11, 46.64
2019-02-19, 17:29:40, 24.1, 46.64
2019-02-19, 17:29:41, 24.11, 46.64
2019-02-19, 17:29:42, 24.1, 46.64
2019-02-19, 17:29:44, 24.12, 46.64
2019-02-19, 17:29:45, 24.12, 46.64
2019-02-19, 17:29:46, 24.12, 46.64
2019-02-19, 17:29:48, 24.12, 46.64
2019-02-19, 17:29:49, 24.12, 46.61
2019-02-19, 17:29:50, 24.12, 46.64
2019-02-19, 17:29:52, 24.1, 46.64
2019-02-19, 17:29:53, 24.1, 46.64
2019-02-19, 17:29:54, 24.09, 46.64
2019-02-19, 17:29:56, 24.09, 46.64
2019-02-19, 17:29:57, 24.1, 46.64
2019-02-19, 17:29:58, 24.1, 46.67
2019-02-19, 17:30:00, 24.1, 46.64
2019-02-19, 17:30:01, 24.1, 46.64
2019-02-19, 17:30:03, 24.08, 46.67
2019-02-19, 17:30:04, 24.09, 46.67
2019-02-19, 17:30:05, 24.08, 46.67
2019-02-19, 17:30:07, 24.08, 46.67
2019-02-19, 17:30:08, 24.08, 46.7
2019-02-19, 17:30:09, 24.09, 46.71
2019-02-19, 17:30:11, 24.08, 46.7
2019-02-19, 17:30:12, 24.06, 46.7
2019-02-19, 17:30:13, 24.08, 46.7
2019-02-19, 17:30:15, 24.1, 46.71
2019-02-19, 17:30:16, 24.1, 46.71
2019-02-19, 17:30:17, 24.09, 46.71
2019-02-19, 17:30:19, 24.08, 46.7
2019-02-19, 17:30:20, 24.09, 46.71
2019-02-19, 17:30:22, 24.1, 46.71
2019-02-19, 17:30:23, 24.08, 46.7
2019-02-19, 17:30:24, 24.1, 46.71
2019-02-19, 17:30:26, 24.11, 46.71
2019-02-19, 17:30:27, 24.1, 46.71
2019-02-19, 17:30:28, 24.1, 46.71
2019-02-19, 17:30:30, 24.1, 46.67
2019-02-19, 17:30:31, 24.09, 46.67
2019-02-19, 17:30:32, 24.1, 46.71
2019-02-19, 17:30:34, 24.09, 46.67
2019-02-19, 17:30:35, 24.09, 46.71
2019-02-19, 17:30:36, 24.09, 46.71
2019-02-19, 17:30:38, 24.09, 46.71
2019-02-19, 17:30:39, 24.09, 46.74
2019-02-19, 17:30:41, 24.1, 46.74
2019-02-19, 17:30:42, 24.1, 46.74
2019-02-19, 17:30:43, 24.09, 46.71
2019-02-19, 17:30:45, 24.09, 46.74
2019-02-19, 17:30:46, 24.1, 46.71
2019-02-19, 17:30:47, 24.1, 46.71
2019-02-19, 17:30:49, 24.1, 46.71
2019-02-19, 17:30:50, 24.1, 46.71
2019-02-19, 17:30:51, 24.04, 46.7
2019-02-19, 17:30:53, 24.09, 46.74
2019-02-19, 17:30:54, 24.09, 46.74
2019-02-19, 17:30:55, 24.08, 46.74
2019-02-19, 17:30:57, 24.08, 46.74
2019-02-19, 17:30:58, 24.08, 46.74
2019-02-19, 17:30:59, 24.08, 46.74
2019-02-19, 17:31:01, 24.08, 46.74
2019-02-19, 17:31:02, 24.09, 46.74
2019-02-19, 17:31:04, 24.08, 46.74
2019-02-19, 17:31:05, 24.09, 46.74
2019-02-19, 17:31:06, 24.08, 46.74
2019-02-19, 17:31:08, 24.07, 46.74
2019-02-19, 17:31:09, 24.08, 46.74
2019-02-19, 17:31:10, 24.07, 46.74
2019-02-19, 17:31:12, 24.08, 46.74
2019-02-19, 17:31:13, 24.08, 46.74
2019-02-19, 17:31:14, 24.06, 46.73
2019-02-19, 17:31:16, 24.07, 46.77
2019-02-19, 17:31:17, 24.07, 46.77
2019-02-19, 17:31:18, 24.06, 46.77
2019-02-19, 17:31:20, 24.07, 46.77
2019-02-19, 17:31:21, 24.06, 46.73
2019-02-19, 17:31:22, 24.07, 46.77
2019-02-19, 17:31:24, 24.07, 46.8
2019-02-19, 17:31:25, 24.06, 46.77
2019-02-19, 17:31:27, 23.94, 46.78
2019-02-19, 17:31:28, 24.03, 46.83
2019-02-19, 17:31:29, 24.04, 46.8
2019-02-19, 17:31:31, 24.04, 46.8
2019-02-19, 17:31:32, 24.04, 46.8
2019-02-19, 17:31:33, 24.04, 46.8
2019-02-19, 17:31:35, 24.02, 46.76
2019-02-19, 17:31:36, 24.04, 46.76
2019-02-19, 17:31:37, 24.05, 46.8
2019-02-19, 17:31:39, 24.03, 46.79
2019-02-19, 17:31:40, 24.03, 46.79
2019-02-19, 17:31:41, 24.02, 46.79
2019-02-19, 17:31:43, 24.03, 46.79
2019-02-19, 17:31:44, 24.03, 46.83
2019-02-19, 17:31:45, 24.03, 46.83
2019-02-19, 17:31:47, 24.04, 46.83
2019-02-19, 17:31:48, 24.05, 46.8
2019-02-19, 17:31:50, 24.04, 46.83
2019-02-19, 17:31:51, 23.94, 46.85
2019-02-19, 17:31:52, 24.02, 46.86
2019-02-19, 17:31:54, 24.03, 46.86
2019-02-19, 17:31:55, 24.02, 46.86
2019-02-19, 17:31:56, 24.03, 46.86
2019-02-19, 17:31:58, 24.03, 46.86
2019-02-19, 17:31:59, 24.03, 46.86
2019-02-19, 17:32:00, 24.02, 46.86
2019-02-19, 17:32:02, 24.03, 46.86
2019-02-19, 17:32:03, 24.02, 46.86
2019-02-19, 17:32:04, 24.02, 46.89
2019-02-19, 17:32:06, 24.03, 46.89
2019-02-19, 17:32:07, 24.02, 46.92
2019-02-19, 17:32:08, 24.03, 46.89
2019-02-19, 17:32:10, 24.02, 46.92
2019-02-19, 17:32:11, 24.02, 46.92
2019-02-19, 17:32:13, 24.02, 46.92
2019-02-19, 17:32:14, 24.02, 46.92
2019-02-19, 17:32:15, 24.03, 46.92
2019-02-19, 17:32:17, 24.01, 46.92
2019-02-19, 17:32:18, 24.02, 46.92
2019-02-19, 17:32:19, 24.03, 46.92
2019-02-19, 17:32:21, 24.03, 46.92
2019-02-19, 17:32:22, 24.04, 46.92
2019-02-19, 17:32:23, 24.02, 46.92
2019-02-19, 17:32:25, 24.02, 46.92
2019-02-19, 17:32:26, 24.03, 46.92
2019-02-19, 17:32:27, 24.04, 46.92
2019-02-19, 17:32:29, 24.03, 46.92
2019-02-19, 17:32:30, 24.03, 46.92
2019-02-19, 17:32:32, 24.02, 46.89
2019-02-19, 17:32:33, 24.02, 46.92
2019-02-19, 17:32:34, 24.03, 46.92
2019-02-19, 17:32:36, 24.02, 46.92
2019-02-19, 17:32:37, 24.01, 46.92
2019-02-19, 17:32:38, 24.01, 46.92
2019-02-19, 17:32:40, 24.02, 46.92
2019-02-19, 17:32:41, 24.03, 46.92
2019-02-19, 17:32:42, 24.02, 46.92
2019-02-19, 17:32:44, 24.01, 46.89
2019-02-19, 17:32:45, 24.02, 46.92
2019-02-19, 17:32:46, 24.02, 46.89
2019-02-19, 17:32:48, 24.02, 46.92
2019-02-19, 17:32:49, 24.01, 46.92
2019-02-19, 17:32:51, 23.88, 46.94
2019-02-19, 17:32:52, 23.98, 47.01
2019-02-19, 17:32:53, 24.0, 47.02
2019-02-19, 17:32:55, 24.0, 47.05
2019-02-19, 17:32:56, 24.0, 47.02
2019-02-19, 17:32:57, 24.0, 47.02
2019-02-19, 17:32:59, 24.0, 47.02
2019-02-19, 17:33:00, 24.0, 47.02
2019-02-19, 17:33:01, 24.0, 47.05
2019-02-19, 17:33:03, 24.0, 47.02
2019-02-19, 17:33:04, 24.0, 46.98
2019-02-19, 17:33:05, 24.0, 46.98
2019-02-19, 17:33:07, 24.0, 47.02
2019-02-19, 17:33:08, 24.01, 46.98
2019-02-19, 17:33:09, 24.0, 46.98
2019-02-19, 17:33:11, 24.0, 46.98
2019-02-19, 17:33:12, 24.0, 46.98
2019-02-19, 17:33:14, 24.0, 46.98
2019-02-19, 17:33:15, 24.0, 46.95
2019-02-19, 17:33:16, 24.01, 46.98
2019-02-19, 17:33:18, 24.01, 46.98
2019-02-19, 17:33:19, 24.0, 46.95
2019-02-19, 17:33:20, 23.85, 46.96
2019-02-19, 17:33:22, 23.96, 47.04
2019-02-19, 17:33:23, 23.98, 47.04
2019-02-19, 17:33:24, 24.0, 47.02
2019-02-19, 17:33:26, 24.0, 47.02
2019-02-19, 17:33:27, 23.99, 47.01
2019-02-19, 17:33:28, 23.99, 47.01
2019-02-19, 17:33:30, 23.99, 46.98
2019-02-19, 17:33:31, 24.0, 46.98
2019-02-19, 17:33:32, 23.99, 46.98
2019-02-19, 17:33:34, 24.0, 46.95
2019-02-19, 17:33:35, 24.0, 46.98
2019-02-19, 17:33:37, 24.0, 46.95
2019-02-19, 17:33:38, 24.0, 46.95
2019-02-19, 17:33:39, 24.01, 46.95
2019-02-19, 17:33:41, 24.0, 46.95
2019-02-19, 17:33:42, 23.98, 46.95
2019-02-19, 17:33:43, 24.0, 46.92
2019-02-19, 17:33:45, 24.0, 46.92
2019-02-19, 17:33:46, 24.0, 46.92
2019-02-19, 17:33:47, 24.0, 46.92
2019-02-19, 17:33:49, 24.0, 46.92
2019-02-19, 17:33:50, 24.0, 46.95
2019-02-19, 17:33:51, 23.99, 46.92
2019-02-19, 17:33:53, 24.0, 46.92
2019-02-19, 17:33:54, 24.01, 46.95
2019-02-19, 17:33:55, 24.01, 46.95
2019-02-19, 17:33:57, 24.01, 46.95
2019-02-19, 17:33:58, 24.02, 46.95
2019-02-19, 17:34:00, 24.01, 46.95
2019-02-19, 17:34:01, 24.01, 46.95
2019-02-19, 17:34:02, 24.02, 46.95
2019-02-19, 17:34:04, 24.02, 46.95
2019-02-19, 17:34:05, 24.01, 46.98
2019-02-19, 17:34:06, 24.01, 46.95
2019-02-19, 17:34:08, 24.0, 46.95
2019-02-19, 17:34:09, 24.01, 46.95
2019-02-19, 17:34:10, 24.01, 46.95
2019-02-19, 17:34:12, 24.02, 46.99
2019-02-19, 17:34:13, 24.02, 46.95
2019-02-19, 17:34:14, 24.02, 46.99
2019-02-19, 17:34:16, 24.01, 46.98
2019-02-19, 17:34:17, 23.99, 46.98
2019-02-19, 17:34:18, 24.0, 46.98
2019-02-19, 17:34:20, 24.0, 46.98
2019-02-19, 17:34:21, 24.02, 46.95
2019-02-19, 17:34:23, 24.01, 46.98
2019-02-19, 17:34:24, 24.01, 46.98
2019-02-19, 17:34:25, 24.0, 46.95
2019-02-19, 17:34:27, 24.0, 46.95
2019-02-19, 17:34:28, 24.0, 46.92
2019-02-19, 17:34:29, 24.0, 46.92
2019-02-19, 17:34:31, 24.02, 46.92
2019-02-19, 17:34:32, 24.0, 46.92
2019-02-19, 17:34:33, 24.0, 46.92
2019-02-19, 17:34:35, 24.0, 46.92
2019-02-19, 17:34:36, 24.0, 46.95
2019-02-19, 17:34:37, 24.01, 46.95
2019-02-19, 17:34:39, 24.0, 46.95
2019-02-19, 17:34:40, 24.0, 46.92
2019-02-19, 17:34:42, 24.0, 46.92
2019-02-19, 17:34:43, 24.0, 46.95
2019-02-19, 17:34:44, 23.99, 46.92
2019-02-19, 17:34:46, 23.98, 46.95
2019-02-19, 17:34:47, 23.99, 46.95
2019-02-19, 17:34:48, 23.97, 46.98
2019-02-19, 17:34:50, 23.98, 46.95
2019-02-19, 17:34:51, 23.98, 46.95
2019-02-19, 17:34:52, 23.98, 46.95
2019-02-19, 17:34:54, 23.98, 46.95
2019-02-19, 17:34:55, 23.98, 46.95
2019-02-19, 17:34:56, 23.98, 46.95
2019-02-19, 17:34:58, 23.99, 46.95
2019-02-19, 17:34:59, 23.97, 46.98
2019-02-19, 17:35:00, 23.96, 46.95
2019-02-19, 17:35:02, 23.97, 46.95
2019-02-19, 17:35:03, 23.96, 46.98
2019-02-19, 17:35:05, 23.96, 46.98
2019-02-19, 17:35:06, 23.96, 46.98
2019-02-19, 17:35:07, 23.96, 46.98
2019-02-19, 17:35:09, 23.98, 46.98
2019-02-19, 17:35:10, 23.98, 46.98
2019-02-19, 17:35:11, 23.98, 46.98
2019-02-19, 17:35:13, 23.98, 46.98
2019-02-19, 17:35:14, 23.98, 46.98
2019-02-19, 17:35:15, 23.99, 46.98
2019-02-19, 17:35:17, 23.98, 46.95
2019-02-19, 17:35:18, 23.99, 46.98
2019-02-19, 17:35:19, 23.98, 46.98
2019-02-19, 17:35:21, 24.0, 46.95
2019-02-19, 17:35:22, 23.99, 46.95
2019-02-19, 17:35:23, 23.9, 46.97
2019-02-19, 17:35:25, 23.98, 46.98
2019-02-19, 17:35:26, 23.97, 46.98
2019-02-19, 17:35:28, 23.98, 47.01
2019-02-19, 17:35:29, 23.99, 46.98
2019-02-19, 17:35:30, 23.98, 46.98
2019-02-19, 17:35:32, 24.0, 46.98
2019-02-19, 17:35:33, 24.0, 46.98
2019-02-19, 17:35:34, 24.0, 46.95
2019-02-19, 17:35:36, 23.99, 46.95
2019-02-19, 17:35:37, 23.99, 46.95
2019-02-19, 17:35:38, 23.99, 46.95
2019-02-19, 17:35:40, 24.0, 46.95
2019-02-19, 17:35:41, 24.0, 46.95
2019-02-19, 17:35:42, 23.99, 46.95
2019-02-19, 17:35:44, 24.0, 46.95
2019-02-19, 17:35:45, 24.0, 46.95
2019-02-19, 17:35:46, 23.99, 46.95
2019-02-19, 17:35:48, 23.97, 46.95
2019-02-19, 17:35:49, 23.99, 46.95
2019-02-19, 17:35:51, 23.99, 46.95
2019-02-19, 17:35:52, 24.0, 46.98
2019-02-19, 17:35:53, 23.98, 46.98
2019-02-19, 17:35:55, 23.97, 46.98
2019-02-19, 17:35:56, 23.97, 46.98
2019-02-19, 17:35:57, 23.97, 46.98
2019-02-19, 17:35:59, 23.96, 46.98
2019-02-19, 17:36:00, 23.96, 46.98
2019-02-19, 17:36:01, 23.95, 46.98
2019-02-19, 17:36:03, 23.96, 46.98
2019-02-19, 17:36:04, 23.95, 47.01
2019-02-19, 17:36:05, 23.96, 46.98
2019-02-19, 17:36:07, 23.96, 46.98
2019-02-19, 17:36:08, 23.95, 47.01
2019-02-19, 17:36:10, 23.95, 47.04
2019-02-19, 17:36:11, 23.95, 47.04
2019-02-19, 17:36:12, 23.95, 47.07
2019-02-19, 17:36:14, 23.94, 47.04
2019-02-19, 17:36:15, 23.94, 47.07
2019-02-19, 17:36:16, 23.94, 47.07
2019-02-19, 17:36:18, 23.95, 47.07
2019-02-19, 17:36:19, 23.94, 47.07
2019-02-19, 17:36:20, 23.94, 47.07
2019-02-19, 17:36:22, 23.94, 47.04
2019-02-19, 17:36:23, 23.96, 47.07
2019-02-19, 17:36:24, 23.96, 47.04
2019-02-19, 17:36:26, 23.96, 47.07
2019-02-19, 17:36:27, 23.96, 47.11
2019-02-19, 17:36:28, 23.95, 47.14
2019-02-19, 17:36:30, 23.96, 47.14
2019-02-19, 17:36:31, 23.96, 47.14
2019-02-19, 17:36:33, 23.95, 47.17
2019-02-19, 17:36:34, 23.96, 47.14
2019-02-19, 17:36:35, 23.98, 47.11
2019-02-19, 17:36:37, 23.97, 47.11
2019-02-19, 17:36:38, 23.96, 47.11
2019-02-19, 17:36:39, 23.98, 47.11
2019-02-19, 17:36:41, 23.96, 47.11
2019-02-19, 17:36:42, 23.95, 47.11
2019-02-19, 17:36:43, 23.96, 47.11
2019-02-19, 17:36:45, 23.96, 47.11
2019-02-19, 17:36:46, 23.95, 47.11
2019-02-19, 17:36:47, 23.88, 47.1
2019-02-19, 17:36:49, 23.94, 47.14
2019-02-19, 17:36:50, 23.92, 47.13
2019-02-19, 17:36:51, 23.94, 47.14
2019-02-19, 17:36:53, 23.95, 47.14
2019-02-19, 17:36:54, 23.94, 47.14
2019-02-19, 17:36:56, 23.94, 47.14
2019-02-19, 17:36:57, 23.94, 47.14
2019-02-19, 17:36:58, 23.94, 47.14
2019-02-19, 17:37:00, 23.95, 47.14
2019-02-19, 17:37:01, 23.94, 47.1
2019-02-19, 17:37:02, 23.94, 47.14
2019-02-19, 17:37:04, 23.94, 47.14
2019-02-19, 17:37:05, 23.93, 47.13
2019-02-19, 17:37:06, 23.92, 47.13
2019-02-19, 17:37:08, 23.93, 47.13
2019-02-19, 17:37:09, 23.92, 47.13
2019-02-19, 17:37:10, 23.94, 47.1
2019-02-19, 17:37:12, 23.92, 47.13
2019-02-19, 17:37:13, 23.93, 47.1
2019-02-19, 17:37:14, 23.94, 47.14
2019-02-19, 17:37:16, 23.94, 47.1
2019-02-19, 17:37:17, 23.85, 47.12
2019-02-19, 17:37:18, 23.9, 47.16
2019-02-19, 17:37:20, 23.92, 47.17
2019-02-19, 17:37:21, 23.92, 47.17
2019-02-19, 17:37:23, 23.77, 47.15
2019-02-19, 17:37:24, 23.88, 47.22
2019-02-19, 17:37:25, 23.9, 47.23
2019-02-19, 17:37:27, 23.92, 47.23
2019-02-19, 17:37:28, 23.92, 47.23
2019-02-19, 17:37:29, 23.92, 47.2
2019-02-19, 17:37:31, 23.92, 47.23
2019-02-19, 17:37:32, 23.92, 47.2
2019-02-19, 17:37:33, 23.92, 47.2
2019-02-19, 17:37:35, 23.94, 47.2
2019-02-19, 17:37:36, 23.93, 47.17
2019-02-19, 17:37:37, 23.93, 47.17
2019-02-19, 17:37:39, 23.93, 47.17
2019-02-19, 17:37:40, 23.94, 47.17
2019-02-19, 17:37:42, 23.94, 47.17
2019-02-19, 17:37:43, 23.94, 47.17
2019-02-19, 17:37:44, 23.94, 47.17
2019-02-19, 17:37:46, 23.94, 47.17
2019-02-19, 17:37:47, 23.96, 47.17
2019-02-19, 17:37:48, 23.94, 47.14
2019-02-19, 17:37:50, 23.94, 47.14
2019-02-19, 17:37:51, 23.95, 47.14
2019-02-19, 17:37:52, 23.94, 47.1
2019-02-19, 17:37:54, 23.92, 47.13
2019-02-19, 17:37:55, 23.95, 47.11
2019-02-19, 17:37:56, 23.94, 47.1
2019-02-19, 17:37:58, 23.94, 47.1
2019-02-19, 17:37:59, 23.96, 47.11
2019-02-19, 17:38:01, 23.95, 47.11
2019-02-19, 17:38:02, 23.95, 47.11
2019-02-19, 17:38:03, 23.94, 47.1
2019-02-19, 17:38:05, 23.95, 47.11
2019-02-19, 17:38:06, 23.94, 47.14
2019-02-19, 17:38:07, 23.94, 47.1
2019-02-19, 17:38:09, 23.94, 47.1
2019-02-19, 17:38:10, 23.94, 47.1
2019-02-19, 17:38:11, 23.95, 47.11
2019-02-19, 17:38:13, 23.94, 47.1
2019-02-19, 17:38:14, 23.95, 47.11
2019-02-19, 17:38:15, 23.96, 47.11
2019-02-19, 17:38:17, 23.96, 47.11
2019-02-19, 17:38:18, 23.94, 47.1
2019-02-19, 17:38:20, 23.96, 47.11
2019-02-19, 17:38:21, 23.94, 47.07
2019-02-19, 17:38:22, 23.96, 47.11
2019-02-19, 17:38:24, 23.96, 47.07
2019-02-19, 17:38:25, 23.96, 47.07
2019-02-19, 17:38:26, 23.95, 47.07
2019-02-19, 17:38:28, 23.95, 47.07
2019-02-19, 17:38:29, 23.96, 47.07
2019-02-19, 17:38:30, 23.96, 47.07
2019-02-19, 17:38:32, 23.96, 47.07
2019-02-19, 17:38:33, 23.95, 47.11
2019-02-19, 17:38:34, 23.95, 47.07
2019-02-19, 17:38:36, 23.96, 47.07
2019-02-19, 17:38:37, 23.95, 47.11
2019-02-19, 17:38:38, 23.96, 47.11
2019-02-19, 17:38:40, 23.96, 47.11
2019-02-19, 17:38:41, 23.96, 47.11
2019-02-19, 17:38:43, 23.96, 47.11
2019-02-19, 17:38:44, 23.96, 47.07
2019-02-19, 17:38:45, 23.96, 47.07
2019-02-19, 17:38:47, 23.82, 47.09
2019-02-19, 17:38:48, 23.93, 47.13
2019-02-19, 17:38:49, 23.95, 47.14
2019-02-19, 17:38:51, 23.96, 47.14
2019-02-19, 17:38:52, 23.96, 47.11
2019-02-19, 17:38:53, 23.95, 47.11
2019-02-19, 17:38:55, 23.97, 47.08
2019-02-19, 17:38:56, 23.97, 47.08
2019-02-19, 17:38:57, 23.98, 47.04
2019-02-19, 17:38:59, 23.98, 47.04
2019-02-19, 17:39:00, 23.97, 47.04
2019-02-19, 17:39:02, 23.98, 47.01
2019-02-19, 17:39:03, 23.98, 47.04
2019-02-19, 17:39:04, 23.98, 47.01
2019-02-19, 17:39:06, 23.98, 47.04
2019-02-19, 17:39:07, 24.0, 47.05
2019-02-19, 17:39:08, 23.98, 47.01
2019-02-19, 17:39:10, 23.98, 47.04
2019-02-19, 17:39:11, 23.99, 47.01
2019-02-19, 17:39:12, 23.98, 47.01
2019-02-19, 17:39:14, 23.98, 46.98
2019-02-19, 17:39:15, 23.98, 46.98
2019-02-19, 17:39:16, 23.98, 46.98
2019-02-19, 17:39:18, 23.99, 47.01
2019-02-19, 17:39:19, 23.98, 47.01
2019-02-19, 17:39:20, 23.99, 46.98
2019-02-19, 17:39:22, 23.99, 46.98
2019-02-19, 17:39:23, 23.99, 46.98
2019-02-19, 17:39:25, 24.0, 46.98
2019-02-19, 17:39:26, 23.99, 46.98
2019-02-19, 17:39:27, 23.99, 47.01
2019-02-19, 17:39:29, 23.99, 47.01
2019-02-19, 17:39:30, 23.99, 47.01
2019-02-19, 17:39:31, 23.98, 47.04
2019-02-19, 17:39:33, 23.98, 47.04
2019-02-19, 17:39:34, 23.98, 47.04
2019-02-19, 17:39:35, 23.98, 47.04
2019-02-19, 17:39:37, 23.99, 47.05
2019-02-19, 17:39:38, 23.98, 47.04
2019-02-19, 17:39:39, 23.98, 47.04
2019-02-19, 17:39:41, 23.98, 47.04
2019-02-19, 17:39:42, 23.98, 47.08
2019-02-19, 17:39:43, 23.98, 47.08
2019-02-19, 17:39:45, 23.98, 47.08
2019-02-19, 17:39:46, 23.98, 47.08
2019-02-19, 17:39:48, 23.99, 47.05
2019-02-19, 17:39:49, 24.0, 47.05
2019-02-19, 17:39:50, 23.99, 47.05
2019-02-19, 17:39:52, 23.98, 47.04
2019-02-19, 17:39:53, 24.0, 47.05
2019-02-19, 17:39:54, 23.99, 47.05
2019-02-19, 17:39:56, 23.99, 47.05
2019-02-19, 17:39:57, 23.99, 47.05
2019-02-19, 17:39:58, 24.0, 47.05
2019-02-19, 17:40:00, 24.0, 47.05
2019-02-19, 17:40:01, 24.0, 47.05
2019-02-19, 17:40:02, 23.99, 47.01
2019-02-19, 17:40:04, 24.0, 47.02
2019-02-19, 17:40:05, 24.0, 47.02
2019-02-19, 17:40:07, 24.0, 47.02
2019-02-19, 17:40:08, 23.99, 47.01
2019-02-19, 17:40:09, 24.0, 46.98
2019-02-19, 17:40:11, 24.01, 46.98
2019-02-19, 17:40:12, 24.0, 47.02
2019-02-19, 17:40:13, 23.99, 47.01
2019-02-19, 17:40:15, 24.0, 47.02
2019-02-19, 17:40:16, 24.0, 46.98
2019-02-19, 17:40:17, 23.99, 46.98
2019-02-19, 17:40:19, 24.0, 47.02
2019-02-19, 17:40:20, 24.0, 47.02
2019-02-19, 17:40:21, 24.03, 47.02
2019-02-19, 17:40:23, 24.0, 47.02
2019-02-19, 17:40:24, 24.01, 47.05
2019-02-19, 17:40:26, 24.01, 47.02
2019-02-19, 17:40:27, 24.02, 47.02
2019-02-19, 17:40:28, 24.0, 47.02
2019-02-19, 17:40:30, 24.0, 46.98
2019-02-19, 17:40:31, 24.02, 46.99
2019-02-19, 17:40:32, 24.02, 46.99
2019-02-19, 17:40:34, 24.01, 46.95
2019-02-19, 17:40:35, 24.01, 46.95
2019-02-19, 17:40:36, 24.01, 46.95
2019-02-19, 17:40:38, 24.03, 46.95
2019-02-19, 17:40:39, 24.02, 46.95
2019-02-19, 17:40:40, 24.02, 46.95
2019-02-19, 17:40:42, 24.03, 46.95
2019-02-19, 17:40:43, 24.03, 46.95
2019-02-19, 17:40:44, 24.02, 46.99
2019-02-19, 17:40:46, 24.02, 46.95
2019-02-19, 17:40:47, 24.02, 46.99
2019-02-19, 17:40:49, 24.02, 46.99
2019-02-19, 17:40:50, 24.02, 46.99
2019-02-19, 17:40:51, 24.02, 46.99
2019-02-19, 17:40:53, 24.03, 46.99
2019-02-19, 17:40:54, 24.02, 46.99
2019-02-19, 17:40:55, 24.02, 46.95
2019-02-19, 17:40:57, 24.03, 46.95
2019-02-19, 17:40:58, 24.03, 46.99
2019-02-19, 17:40:59, 24.02, 46.95
2019-02-19, 17:41:01, 24.04, 46.99
2019-02-19, 17:41:02, 24.04, 46.99
2019-02-19, 17:41:03, 24.04, 46.96
2019-02-19, 17:41:05, 24.03, 46.95
2019-02-19, 17:41:06, 24.02, 46.95
2019-02-19, 17:41:07, 24.03, 46.95
2019-02-19, 17:41:09, 24.03, 46.95
2019-02-19, 17:41:10, 24.05, 46.93
2019-02-19, 17:41:12, 24.03, 46.92
2019-02-19, 17:41:13, 24.04, 46.92
2019-02-19, 17:41:14, 24.02, 46.92
2019-02-19, 17:41:16, 24.03, 46.92
2019-02-19, 17:41:17, 24.02, 46.92
2019-02-19, 17:41:18, 24.04, 46.92
2019-02-19, 17:41:20, 24.02, 46.92
2019-02-19, 17:41:21, 24.03, 46.92
2019-02-19, 17:41:22, 24.04, 46.96
2019-02-19, 17:41:24, 24.02, 46.92
2019-02-19, 17:41:25, 24.03, 46.92
2019-02-19, 17:41:26, 24.02, 46.92
2019-02-19, 17:41:28, 24.03, 46.92
2019-02-19, 17:41:29, 24.05, 46.93
2019-02-19, 17:41:30, 24.04, 46.92
2019-02-19, 17:41:32, 24.05, 46.93
2019-02-19, 17:41:33, 24.05, 46.93
2019-02-19, 17:41:35, 24.06, 46.93
2019-02-19, 17:41:36, 24.04, 46.89
2019-02-19, 17:41:37, 24.05, 46.86
2019-02-19, 17:41:39, 24.06, 46.86
2019-02-19, 17:41:40, 24.05, 46.83
2019-02-19, 17:41:41, 24.06, 46.83
2019-02-19, 17:41:43, 24.06, 46.83
2019-02-19, 17:41:44, 24.06, 46.83
2019-02-19, 17:41:45, 24.06, 46.8
2019-02-19, 17:41:47, 24.05, 46.8
2019-02-19, 17:41:48, 24.05, 46.83
2019-02-19, 17:41:49, 23.95, 46.85
2019-02-19, 17:41:51, 24.02, 46.92
2019-02-19, 17:41:52, 24.03, 46.92
2019-02-19, 17:41:53, 24.05, 46.89
2019-02-19, 17:41:55, 24.05, 46.93
2019-02-19, 17:41:56, 24.05, 46.93
2019-02-19, 17:41:58, 24.06, 46.93
2019-02-19, 17:41:59, 24.06, 46.93
2019-02-19, 17:42:00, 24.05, 46.93
2019-02-19, 17:42:02, 24.08, 46.96
2019-02-19, 17:42:03, 24.07, 46.93
2019-02-19, 17:42:04, 24.06, 46.93
2019-02-19, 17:42:06, 24.06, 46.89
2019-02-19, 17:42:07, 24.07, 46.86
2019-02-19, 17:42:08, 24.06, 46.86
2019-02-19, 17:42:10, 24.07, 46.83
2019-02-19, 17:42:11, 24.06, 46.83
2019-02-19, 17:42:12, 24.07, 46.86
2019-02-19, 17:42:14, 23.98, 46.82
2019-02-19, 17:42:15, 24.04, 46.86
2019-02-19, 17:42:17, 24.06, 46.86
2019-02-19, 17:42:18, 24.06, 46.86
2019-02-19, 17:42:19, 23.93, 46.85
2019-02-19, 17:42:21, 24.02, 46.89
2019-02-19, 17:42:22, 24.04, 46.92
2019-02-19, 17:42:23, 24.04, 46.89
2019-02-19, 17:42:25, 24.05, 46.93
2019-02-19, 17:42:26, 24.06, 46.89
2019-02-19, 17:42:27, 24.05, 46.89
2019-02-19, 17:42:29, 24.05, 46.86
2019-02-19, 17:42:30, 24.06, 46.86
2019-02-19, 17:42:31, 24.05, 46.86
2019-02-19, 17:42:33, 24.07, 46.86
2019-02-19, 17:42:34, 24.06, 46.8
2019-02-19, 17:42:35, 24.07, 46.8
2019-02-19, 17:42:37, 24.08, 46.8
2019-02-19, 17:42:38, 24.04, 46.8
2019-02-19, 17:42:40, 24.06, 46.86
2019-02-19, 17:42:41, 24.04, 46.86
2019-02-19, 17:42:42, 24.06, 46.89
2019-02-19, 17:42:44, 23.96, 46.91
2019-02-19, 17:42:45, 24.03, 46.99
2019-02-19, 17:42:46, 24.04, 46.99
2019-02-19, 17:42:48, 24.04, 46.99
2019-02-19, 17:42:49, 24.04, 46.99
2019-02-19, 17:42:50, 24.05, 47.02
2019-02-19, 17:42:52, 24.04, 47.02
2019-02-19, 17:42:53, 24.04, 46.99
2019-02-19, 17:42:54, 24.04, 46.99
2019-02-19, 17:42:56, 24.04, 47.02
2019-02-19, 17:42:57, 24.04, 46.99
2019-02-19, 17:42:58, 24.03, 46.99
2019-02-19, 17:43:00, 24.04, 47.02
2019-02-19, 17:43:01, 24.04, 46.99
2019-02-19, 17:43:03, 24.05, 46.99
2019-02-19, 17:43:04, 24.04, 46.99
2019-02-19, 17:43:05, 24.05, 47.02
2019-02-19, 17:43:07, 24.06, 46.99
2019-02-19, 17:43:08, 24.04, 46.99
2019-02-19, 17:43:09, 24.04, 46.99
2019-02-19, 17:43:11, 24.04, 47.02
2019-02-19, 17:43:12, 24.04, 46.99
2019-02-19, 17:43:13, 24.05, 46.99
2019-02-19, 17:43:15, 24.04, 46.99
2019-02-19, 17:43:16, 24.06, 46.99
2019-02-19, 17:43:17, 24.06, 47.02
2019-02-19, 17:43:19, 24.06, 47.02
2019-02-19, 17:43:20, 24.06, 46.99
2019-02-19, 17:43:22, 24.07, 46.99
2019-02-19, 17:43:23, 24.07, 46.99
2019-02-19, 17:43:24, 24.07, 46.99
2019-02-19, 17:43:26, 24.08, 46.99
2019-02-19, 17:43:27, 24.07, 46.99
2019-02-19, 17:43:28, 24.06, 47.02
2019-02-19, 17:43:30, 24.06, 46.99
2019-02-19, 17:43:31, 24.08, 46.99
2019-02-19, 17:43:32, 24.05, 47.02
2019-02-19, 17:43:34, 24.07, 47.02
2019-02-19, 17:43:35, 24.07, 46.99
2019-02-19, 17:43:36, 24.07, 46.99
2019-02-19, 17:43:38, 24.06, 47.02
2019-02-19, 17:43:39, 24.07, 46.99
2019-02-19, 17:43:40, 24.07, 46.99
2019-02-19, 17:43:42, 24.08, 46.99
2019-02-19, 17:43:43, 23.93, 47.04
2019-02-19, 17:43:45, 24.04, 47.08
2019-02-19, 17:43:46, 24.06, 47.09
2019-02-19, 17:43:47, 24.06, 47.09
2019-02-19, 17:43:49, 24.07, 47.12
2019-02-19, 17:43:50, 24.07, 47.09
2019-02-19, 17:43:51, 24.07, 47.09
2019-02-19, 17:43:53, 24.06, 47.05
2019-02-19, 17:43:54, 24.07, 47.06
2019-02-19, 17:43:55, 24.07, 47.06
2019-02-19, 17:43:57, 24.08, 47.09
2019-02-19, 17:43:58, 24.07, 47.06
2019-02-19, 17:43:59, 24.08, 47.09
2019-02-19, 17:44:01, 24.09, 47.06
2019-02-19, 17:44:02, 24.08, 47.06
2019-02-19, 17:44:04, 24.08, 47.03
2019-02-19, 17:44:05, 24.08, 46.99
2019-02-19, 17:44:06, 24.09, 46.99
2019-02-19, 17:44:08, 24.08, 46.96
2019-02-19, 17:44:09, 24.08, 46.96
2019-02-19, 17:44:10, 24.08, 46.93
2019-02-19, 17:44:12, 24.1, 46.93
2019-02-19, 17:44:13, 23.95, 46.94
2019-02-19, 17:44:14, 24.04, 46.99
2019-02-19, 17:44:16, 24.07, 46.99
2019-02-19, 17:44:17, 24.07, 46.96
2019-02-19, 17:44:18, 24.08, 46.96
2019-02-19, 17:44:20, 24.08, 46.93
2019-02-19, 17:44:21, 24.09, 46.9
2019-02-19, 17:44:22, 24.1, 46.87
2019-02-19, 17:44:24, 24.09, 46.87
2019-02-19, 17:44:25, 24.1, 46.87
2019-02-19, 17:44:27, 24.1, 46.87
2019-02-19, 17:44:28, 24.1, 46.87
2019-02-19, 17:44:29, 24.1, 46.84
2019-02-19, 17:44:31, 24.09, 46.87
2019-02-19, 17:44:32, 24.1, 46.87
2019-02-19, 17:44:33, 24.09, 46.87
2019-02-19, 17:44:35, 24.08, 46.83
2019-02-19, 17:44:36, 24.09, 46.83
2019-02-19, 17:44:37, 24.1, 46.84
2019-02-19, 17:44:39, 24.11, 46.87
2019-02-19, 17:44:40, 24.1, 46.87
2019-02-19, 17:44:41, 24.11, 46.87
2019-02-19, 17:44:43, 24.11, 46.9
2019-02-19, 17:44:44, 24.1, 46.9
2019-02-19, 17:44:45, 24.1, 46.93
2019-02-19, 17:44:47, 24.1, 46.93
2019-02-19, 17:44:48, 24.09, 46.93
2019-02-19, 17:44:50, 24.09, 46.93
2019-02-19, 17:44:51, 24.09, 46.96
2019-02-19, 17:44:52, 24.09, 46.99
2019-02-19, 17:44:54, 24.1, 47.0
2019-02-19, 17:44:55, 24.1, 47.0
2019-02-19, 17:44:56, 24.11, 47.0
2019-02-19, 17:44:58, 24.1, 47.03
2019-02-19, 17:44:59, 24.1, 47.03
2019-02-19, 17:45:00, 24.11, 47.03
2019-02-19, 17:45:02, 24.1, 47.03
2019-02-19, 17:45:03, 24.11, 47.06
2019-02-19, 17:45:04, 24.12, 47.03
2019-02-19, 17:45:06, 24.12, 47.06
2019-02-19, 17:45:07, 24.11, 47.03
2019-02-19, 17:45:08, 24.11, 47.0
2019-02-19, 17:45:10, 24.1, 47.0
2019-02-19, 17:45:11, 24.11, 47.0
2019-02-19, 17:45:13, 24.12, 47.0
2019-02-19, 17:45:14, 24.12, 47.0
2019-02-19, 17:45:15, 24.12, 46.97
2019-02-19, 17:45:17, 24.13, 46.97
2019-02-19, 17:45:18, 24.12, 47.0
2019-02-19, 17:45:19, 24.12, 47.0
2019-02-19, 17:45:21, 24.11, 46.96
2019-02-19, 17:45:22, 24.11, 46.96
2019-02-19, 17:45:23, 24.12, 46.93
2019-02-19, 17:45:25, 24.13, 46.94
2019-02-19, 17:45:26, 24.12, 46.93
2019-02-19, 17:45:27, 24.12, 46.93
2019-02-19, 17:45:29, 24.13, 46.9
2019-02-19, 17:45:30, 24.13, 46.9
2019-02-19, 17:45:31, 24.14, 46.87
2019-02-19, 17:45:33, 24.14, 46.87
2019-02-19, 17:45:34, 24.14, 46.87
2019-02-19, 17:45:36, 24.14, 46.87
2019-02-19, 17:45:37, 24.12, 46.87
2019-02-19, 17:45:38, 24.14, 46.87
2019-02-19, 17:45:40, 24.12, 46.84
2019-02-19, 17:45:41, 24.14, 46.84
2019-02-19, 17:45:42, 24.13, 46.84
2019-02-19, 17:45:44, 24.13, 46.84
2019-02-19, 17:45:45, 24.14, 46.84
2019-02-19, 17:45:46, 24.13, 46.81
2019-02-19, 17:45:48, 24.13, 46.81
2019-02-19, 17:45:49, 24.15, 46.81
2019-02-19, 17:45:50, 24.14, 46.81
2019-02-19, 17:45:52, 24.16, 46.81
2019-02-19, 17:45:53, 24.14, 46.81
2019-02-19, 17:45:54, 24.14, 46.81
2019-02-19, 17:45:56, 24.14, 46.81
2019-02-19, 17:45:57, 24.14, 46.81
2019-02-19, 17:45:59, 24.14, 46.81
2019-02-19, 17:46:00, 24.15, 46.81
2019-02-19, 17:46:01, 24.14, 46.81
2019-02-19, 17:46:03, 24.14, 46.81
2019-02-19, 17:46:04, 24.14, 46.81
2019-02-19, 17:46:05, 24.14, 46.81
2019-02-19, 17:46:07, 24.14, 46.78
2019-02-19, 17:46:08, 24.14, 46.78
2019-02-19, 17:46:09, 24.14, 46.81
2019-02-19, 17:46:11, 24.14, 46.74
2019-02-19, 17:46:12, 24.15, 46.78
2019-02-19, 17:46:13, 24.14, 46.78
2019-02-19, 17:46:15, 24.16, 46.78
2019-02-19, 17:46:16, 24.15, 46.74
2019-02-19, 17:46:18, 24.16, 46.75
2019-02-19, 17:46:19, 24.15, 46.74
2019-02-19, 17:46:20, 24.14, 46.74
2019-02-19, 17:46:22, 24.14, 46.74
2019-02-19, 17:46:23, 24.16, 46.75
2019-02-19, 17:46:24, 24.16, 46.75
2019-02-19, 17:46:26, 24.16, 46.75
2019-02-19, 17:46:27, 24.15, 46.74
2019-02-19, 17:46:28, 24.16, 46.75
2019-02-19, 17:46:30, 24.16, 46.68
2019-02-19, 17:46:31, 24.15, 46.71
2019-02-19, 17:46:32, 24.17, 46.72
2019-02-19, 17:46:34, 24.16, 46.71
2019-02-19, 17:46:35, 24.16, 46.71
2019-02-19, 17:46:36, 24.15, 46.71
2019-02-19, 17:46:38, 24.15, 46.71
2019-02-19, 17:46:39, 24.15, 46.71
2019-02-19, 17:46:41, 24.14, 46.71
2019-02-19, 17:46:42, 24.14, 46.71
2019-02-19, 17:46:43, 24.15, 46.68
2019-02-19, 17:46:45, 24.15, 46.71
2019-02-19, 17:46:46, 24.16, 46.68
2019-02-19, 17:46:47, 24.15, 46.68
2019-02-19, 17:46:49, 24.16, 46.71
2019-02-19, 17:46:50, 24.14, 46.71
2019-02-19, 17:46:51, 24.16, 46.68
2019-02-19, 17:46:53, 24.16, 46.68
2019-02-19, 17:46:54, 24.16, 46.71
2019-02-19, 17:46:55, 24.16, 46.68
2019-02-19, 17:46:57, 24.17, 46.72
2019-02-19, 17:46:58, 24.17, 46.72
2019-02-19, 17:47:00, 24.16, 46.68
2019-02-19, 17:47:01, 24.16, 46.71
2019-02-19, 17:47:02, 24.16, 46.68
2019-02-19, 17:47:04, 24.15, 46.68
2019-02-19, 17:47:05, 24.16, 46.68
2019-02-19, 17:47:06, 24.16, 46.68
2019-02-19, 17:47:08, 24.18, 46.68
2019-02-19, 17:47:09, 24.19, 46.69
2019-02-19, 17:47:10, 24.18, 46.68
2019-02-19, 17:47:12, 24.18, 46.68
2019-02-19, 17:47:13, 24.18, 46.68
2019-02-19, 17:47:14, 24.19, 46.69
2019-02-19, 17:47:16, 24.07, 46.67
2019-02-19, 17:47:17, 24.15, 46.71
2019-02-19, 17:47:19, 24.15, 46.74
2019-02-19, 17:47:20, 24.16, 46.75
2019-02-19, 17:47:21, 24.16, 46.71
2019-02-19, 17:47:23, 24.18, 46.72
2019-02-19, 17:47:24, 24.17, 46.68
2019-02-19, 17:47:25, 24.18, 46.68
2019-02-19, 17:47:27, 24.18, 46.72
2019-02-19, 17:47:28, 24.17, 46.68
2019-02-19, 17:47:29, 24.17, 46.68
2019-02-19, 17:47:31, 24.18, 46.68
2019-02-19, 17:47:32, 24.17, 46.65
2019-02-19, 17:47:33, 24.17, 46.68
2019-02-19, 17:47:35, 24.18, 46.68
2019-02-19, 17:47:36, 24.18, 46.68
2019-02-19, 17:47:38, 24.18, 46.65
2019-02-19, 17:47:39, 24.17, 46.65
2019-02-19, 17:47:40, 24.07, 46.64
2019-02-19, 17:47:42, 24.14, 46.68
2019-02-19, 17:47:43, 24.16, 46.68
2019-02-19, 17:47:44, 24.17, 46.68
2019-02-19, 17:47:46, 24.16, 46.68
2019-02-19, 17:47:47, 24.17, 46.68
2019-02-19, 17:47:48, 24.16, 46.68
2019-02-19, 17:47:50, 24.16, 46.68
2019-02-19, 17:47:51, 24.16, 46.68
2019-02-19, 17:47:52, 24.17, 46.68
2019-02-19, 17:47:54, 24.18, 46.68
2019-02-19, 17:47:55, 24.18, 46.65
2019-02-19, 17:47:56, 24.18, 46.65
2019-02-19, 17:47:58, 24.18, 46.68
2019-02-19, 17:47:59, 24.18, 46.65
2019-02-19, 17:48:01, 24.18, 46.62
2019-02-19, 17:48:02, 24.18, 46.62
2019-02-19, 17:48:03, 24.19, 46.65
2019-02-19, 17:48:05, 24.19, 46.65
2019-02-19, 17:48:06, 24.19, 46.62
2019-02-19, 17:48:07, 24.18, 46.62
2019-02-19, 17:48:09, 24.19, 46.62
2019-02-19, 17:48:10, 24.2, 46.62
2019-02-19, 17:48:11, 24.19, 46.62
2019-02-19, 17:48:13, 24.19, 46.62
2019-02-19, 17:48:14, 24.19, 46.62
2019-02-19, 17:48:15, 24.18, 46.62
2019-02-19, 17:48:17, 24.2, 46.62
2019-02-19, 17:48:18, 24.2, 46.62
2019-02-19, 17:48:19, 24.21, 46.62
2019-02-19, 17:48:21, 24.21, 46.62
2019-02-19, 17:48:22, 24.22, 46.63
2019-02-19, 17:48:24, 24.2, 46.62
2019-02-19, 17:48:25, 24.2, 46.59
2019-02-19, 17:48:26, 24.2, 46.62
2019-02-19, 17:48:28, 24.21, 46.62
2019-02-19, 17:48:29, 24.21, 46.59
2019-02-19, 17:48:30, 24.22, 46.59
2019-02-19, 17:48:32, 24.21, 46.59
2019-02-19, 17:48:33, 24.21, 46.59
2019-02-19, 17:48:34, 24.2, 46.59
2019-02-19, 17:48:36, 24.21, 46.62
2019-02-19, 17:48:37, 24.2, 46.59
2019-02-19, 17:48:38, 24.2, 46.62
2019-02-19, 17:48:40, 24.09, 46.61
2019-02-19, 17:48:41, 24.15, 46.65
2019-02-19, 17:48:43, 24.18, 46.68
2019-02-19, 17:48:44, 24.19, 46.69
2019-02-19, 17:48:45, 24.05, 46.7
2019-02-19, 17:48:47, 24.15, 46.74
2019-02-19, 17:48:48, 24.17, 46.75
2019-02-19, 17:48:49, 24.18, 46.75
2019-02-19, 17:48:51, 24.19, 46.72
2019-02-19, 17:48:52, 24.19, 46.72
2019-02-19, 17:48:53, 24.2, 46.69
2019-02-19, 17:48:55, 24.18, 46.68
2019-02-19, 17:48:56, 24.19, 46.69
2019-02-19, 17:48:57, 24.19, 46.69
2019-02-19, 17:48:59, 24.2, 46.69
2019-02-19, 17:49:00, 24.2, 46.65
2019-02-19, 17:49:02, 24.2, 46.65
2019-02-19, 17:49:03, 24.19, 46.65
2019-02-19, 17:49:04, 24.19, 46.65
2019-02-19, 17:49:06, 24.18, 46.65
2019-02-19, 17:49:07, 24.2, 46.65
2019-02-19, 17:49:08, 24.19, 46.62
2019-02-19, 17:49:10, 24.04, 46.67
2019-02-19, 17:49:11, 24.15, 46.68
2019-02-19, 17:49:12, 24.17, 46.72
2019-02-19, 17:49:14, 24.18, 46.68
2019-02-19, 17:49:15, 24.18, 46.68
2019-02-19, 17:49:16, 24.17, 46.68
2019-02-19, 17:49:18, 24.19, 46.69
2019-02-19, 17:49:19, 24.18, 46.72
2019-02-19, 17:49:20, 24.18, 46.68
2019-02-19, 17:49:22, 24.18, 46.68
2019-02-19, 17:49:23, 24.19, 46.69
2019-02-19, 17:49:25, 24.2, 46.69
2019-02-19, 17:49:26, 24.19, 46.69
2019-02-19, 17:49:27, 24.19, 46.69
2019-02-19, 17:49:29, 24.2, 46.69
2019-02-19, 17:49:30, 24.2, 46.69
2019-02-19, 17:49:31, 24.2, 46.69
2019-02-19, 17:49:33, 24.21, 46.69
2019-02-19, 17:49:34, 24.22, 46.66
2019-02-19, 17:49:35, 24.2, 46.65
2019-02-19, 17:49:37, 24.21, 46.66
2019-02-19, 17:49:38, 24.22, 46.66
2019-02-19, 17:49:39, 24.06, 46.67
2019-02-19, 17:49:41, 24.14, 46.71
2019-02-19, 17:49:42, 24.17, 46.75
2019-02-19, 17:49:44, 24.19, 46.72
2019-02-19, 17:49:45, 24.2, 46.72
2019-02-19, 17:49:46, 24.19, 46.69
2019-02-19, 17:49:48, 24.2, 46.69
2019-02-19, 17:49:49, 24.2, 46.69
2019-02-19, 17:49:50, 24.19, 46.69
2019-02-19, 17:49:52, 24.19, 46.69
2019-02-19, 17:49:53, 24.2, 46.65
2019-02-19, 17:49:54, 24.2, 46.65
2019-02-19, 17:49:56, 24.2, 46.65
2019-02-19, 17:49:57, 24.21, 46.62
2019-02-19, 17:49:58, 24.22, 46.63
2019-02-19, 17:50:00, 24.2, 46.62
2019-02-19, 17:50:01, 24.2, 46.62
2019-02-19, 17:50:03, 24.21, 46.62
2019-02-19, 17:50:04, 24.19, 46.62
2019-02-19, 17:50:05, 24.2, 46.62
2019-02-19, 17:50:07, 24.19, 46.59
2019-02-19, 17:50:08, 24.2, 46.62
2019-02-19, 17:50:09, 24.2, 46.59
2019-02-19, 17:50:11, 24.21, 46.59
2019-02-19, 17:50:12, 24.22, 46.56
2019-02-19, 17:50:13, 24.19, 46.59
2019-02-19, 17:50:15, 24.21, 46.62
2019-02-19, 17:50:16, 24.22, 46.59
2019-02-19, 17:50:17, 24.2, 46.56
2019-02-19, 17:50:19, 24.2, 46.59
2019-02-19, 17:50:20, 24.22, 46.56
2019-02-19, 17:50:22, 24.22, 46.59
2019-02-19, 17:50:23, 24.23, 46.56
2019-02-19, 17:50:24, 24.22, 46.56
2019-02-19, 17:50:26, 24.22, 46.56
2019-02-19, 17:50:27, 24.22, 46.56
2019-02-19, 17:50:28, 24.21, 46.56
2019-02-19, 17:50:30, 24.22, 46.56
2019-02-19, 17:50:31, 24.23, 46.56
2019-02-19, 17:50:32, 24.21, 46.56
2019-02-19, 17:50:34, 24.22, 46.56
2019-02-19, 17:50:35, 24.22, 46.56
2019-02-19, 17:50:36, 24.21, 46.59
2019-02-19, 17:50:38, 24.2, 46.59
2019-02-19, 17:50:39, 24.2, 46.56
2019-02-19, 17:50:41, 24.2, 46.59
2019-02-19, 17:50:42, 24.22, 46.59
2019-02-19, 17:50:43, 24.22, 46.59
2019-02-19, 17:50:45, 24.22, 46.59
2019-02-19, 17:50:46, 24.2, 46.59
2019-02-19, 17:50:47, 24.22, 46.59
2019-02-19, 17:50:49, 24.21, 46.62
2019-02-19, 17:50:50, 24.22, 46.59
2019-02-19, 17:50:51, 24.2, 46.62
2019-02-19, 17:50:53, 24.2, 46.62
2019-02-19, 17:50:54, 24.2, 46.62
2019-02-19, 17:50:55, 24.2, 46.62
2019-02-19, 17:50:57, 24.18, 46.62
2019-02-19, 17:50:58, 24.2, 46.62
2019-02-19, 17:50:59, 24.2, 46.62
2019-02-19, 17:51:01, 24.18, 46.62
2019-02-19, 17:51:02, 24.17, 46.62
2019-02-19, 17:51:04, 24.18, 46.62
2019-02-19, 17:51:05, 24.19, 46.62
2019-02-19, 17:51:06, 24.18, 46.62
2019-02-19, 17:51:08, 24.17, 46.62
2019-02-19, 17:51:09, 24.18, 46.65
2019-02-19, 17:51:10, 24.18, 46.62
2019-02-19, 17:51:12, 24.18, 46.65
2019-02-19, 17:51:13, 24.19, 46.62
2019-02-19, 17:51:14, 24.19, 46.62
2019-02-19, 17:51:16, 24.18, 46.62
2019-02-19, 17:51:17, 24.19, 46.65
2019-02-19, 17:51:18, 24.19, 46.65
2019-02-19, 17:51:20, 24.18, 46.65
2019-02-19, 17:51:21, 24.19, 46.69
2019-02-19, 17:51:23, 24.19, 46.65
2019-02-19, 17:51:24, 24.19, 46.65
2019-02-19, 17:51:25, 24.2, 46.65
2019-02-19, 17:51:27, 24.19, 46.65
2019-02-19, 17:51:28, 24.2, 46.65
2019-02-19, 17:51:29, 24.2, 46.65
2019-02-19, 17:51:31, 24.21, 46.66
2019-02-19, 17:51:32, 24.2, 46.65
2019-02-19, 17:51:33, 24.2, 46.69
2019-02-19, 17:51:35, 24.2, 46.65
2019-02-19, 17:51:36, 24.2, 46.62
2019-02-19, 17:51:37, 24.2, 46.62
2019-02-19, 17:51:39, 24.2, 46.65
2019-02-19, 17:51:40, 24.19, 46.62
2019-02-19, 17:51:42, 24.19, 46.62
2019-02-19, 17:51:43, 24.07, 46.67
2019-02-19, 17:51:44, 24.16, 46.68
2019-02-19, 17:51:46, 24.17, 46.72
2019-02-19, 17:51:47, 24.17, 46.72
2019-02-19, 17:51:48, 24.17, 46.72
2019-02-19, 17:51:50, 24.18, 46.75
2019-02-19, 17:51:51, 24.17, 46.72
2019-02-19, 17:51:52, 24.18, 46.72
2019-02-19, 17:51:54, 24.17, 46.72
2019-02-19, 17:51:55, 24.18, 46.72
2019-02-19, 17:51:56, 24.18, 46.72
2019-02-19, 17:51:58, 24.17, 46.72
2019-02-19, 17:51:59, 24.18, 46.72
2019-02-19, 17:52:00, 24.16, 46.71
2019-02-19, 17:52:02, 24.16, 46.68
2019-02-19, 17:52:03, 24.16, 46.68
2019-02-19, 17:52:05, 24.18, 46.68
2019-02-19, 17:52:06, 24.18, 46.68
2019-02-19, 17:52:07, 24.18, 46.72
2019-02-19, 17:52:09, 24.17, 46.72
2019-02-19, 17:52:10, 24.18, 46.72
2019-02-19, 17:52:11, 24.17, 46.72
2019-02-19, 17:52:13, 24.17, 46.72
2019-02-19, 17:52:14, 24.17, 46.72
2019-02-19, 17:52:15, 24.17, 46.72
2019-02-19, 17:52:17, 24.17, 46.72
2019-02-19, 17:52:18, 24.17, 46.75
2019-02-19, 17:52:19, 24.18, 46.75
2019-02-19, 17:52:21, 24.16, 46.75
2019-02-19, 17:52:22, 24.17, 46.75
2019-02-19, 17:52:23, 24.17, 46.72
2019-02-19, 17:52:25, 24.17, 46.75
2019-02-19, 17:52:26, 24.17, 46.75
2019-02-19, 17:52:28, 24.17, 46.75
2019-02-19, 17:52:29, 24.16, 46.75
2019-02-19, 17:52:30, 24.15, 46.74
2019-02-19, 17:52:32, 24.16, 46.75
2019-02-19, 17:52:33, 24.16, 46.71
2019-02-19, 17:52:34, 24.16, 46.75
2019-02-19, 17:52:36, 24.16, 46.75
2019-02-19, 17:52:37, 24.16, 46.75
2019-02-19, 17:52:38, 24.16, 46.75
2019-02-19, 17:52:40, 24.15, 46.74
2019-02-19, 17:52:41, 24.16, 46.75
2019-02-19, 17:52:43, 24.15, 46.74
2019-02-19, 17:52:44, 24.16, 46.75
2019-02-19, 17:52:45, 24.15, 46.74
2019-02-19, 17:52:47, 24.16, 46.75
2019-02-19, 17:52:48, 24.16, 46.75
2019-02-19, 17:52:49, 24.16, 46.75
2019-02-19, 17:52:51, 24.14, 46.74
2019-02-19, 17:52:52, 24.16, 46.75
2019-02-19, 17:52:53, 24.17, 46.72
2019-02-19, 17:52:55, 24.16, 46.75
2019-02-19, 17:52:56, 24.15, 46.71
2019-02-19, 17:52:57, 24.15, 46.74
2019-02-19, 17:52:59, 24.16, 46.75
2019-02-19, 17:53:00, 24.17, 46.75
2019-02-19, 17:53:02, 24.15, 46.74
2019-02-19, 17:53:03, 24.14, 46.74
2019-02-19, 17:53:04, 24.16, 46.75
2019-02-19, 17:53:06, 24.17, 46.75
2019-02-19, 17:53:07, 24.15, 46.74
2019-02-19, 17:53:08, 24.14, 46.74
2019-02-19, 17:53:10, 24.16, 46.75
2019-02-19, 17:53:11, 24.15, 46.78
2019-02-19, 17:53:12, 24.14, 46.74
2019-02-19, 17:53:14, 24.14, 46.74
2019-02-19, 17:53:15, 24.14, 46.74
2019-02-19, 17:53:16, 24.14, 46.74
2019-02-19, 17:53:18, 24.14, 46.78
2019-02-19, 17:53:19, 24.14, 46.78
2019-02-19, 17:53:21, 24.14, 46.78
2019-02-19, 17:53:22, 24.14, 46.78
2019-02-19, 17:53:23, 24.14, 46.78
2019-02-19, 17:53:25, 24.15, 46.78
2019-02-19, 17:53:26, 24.13, 46.77
2019-02-19, 17:53:27, 24.14, 46.78
2019-02-19, 17:53:29, 24.14, 46.78
2019-02-19, 17:53:30, 24.14, 46.78
2019-02-19, 17:53:31, 24.14, 46.78
2019-02-19, 17:53:33, 24.14, 46.81
2019-02-19, 17:53:34, 24.14, 46.81
2019-02-19, 17:53:35, 24.15, 46.81
2019-02-19, 17:53:37, 24.14, 46.78
2019-02-19, 17:53:38, 24.16, 46.81
2019-02-19, 17:53:40, 24.14, 46.78
2019-02-19, 17:53:41, 24.14, 46.81
2019-02-19, 17:53:42, 24.15, 46.78
2019-02-19, 17:53:44, 24.14, 46.78
2019-02-19, 17:53:45, 24.16, 46.78
2019-02-19, 17:53:46, 24.15, 46.78
2019-02-19, 17:53:48, 24.15, 46.74
2019-02-19, 17:53:49, 24.16, 46.75
2019-02-19, 17:53:50, 24.16, 46.75
2019-02-19, 17:53:52, 24.15, 46.74
2019-02-19, 17:53:53, 24.16, 46.75
2019-02-19, 17:53:55, 24.15, 46.78
2019-02-19, 17:53:56, 24.15, 46.78
2019-02-19, 17:53:57, 24.16, 46.81
2019-02-19, 17:53:59, 24.16, 46.81
2019-02-19, 17:54:00, 24.15, 46.81
2019-02-19, 17:54:01, 24.16, 46.78
2019-02-19, 17:54:03, 24.15, 46.78
2019-02-19, 17:54:04, 24.15, 46.78
2019-02-19, 17:54:05, 24.16, 46.78
2019-02-19, 17:54:07, 24.17, 46.78
2019-02-19, 17:54:08, 24.16, 46.78
2019-02-19, 17:54:09, 24.15, 46.78
2019-02-19, 17:54:11, 24.15, 46.78
2019-02-19, 17:54:12, 24.15, 46.78
2019-02-19, 17:54:13, 24.15, 46.78
2019-02-19, 17:54:15, 24.15, 46.81
2019-02-19, 17:54:16, 24.16, 46.78
2019-02-19, 17:54:18, 24.14, 46.78
2019-02-19, 17:54:19, 24.14, 46.78
2019-02-19, 17:54:20, 24.13, 46.77
2019-02-19, 17:54:22, 24.14, 46.78
2019-02-19, 17:54:23, 24.15, 46.74
2019-02-19, 17:54:24, 24.14, 46.74
2019-02-19, 17:54:26, 24.16, 46.78
2019-02-19, 17:54:27, 24.17, 46.75
2019-02-19, 17:54:28, 24.17, 46.75
2019-02-19, 17:54:30, 24.18, 46.75
2019-02-19, 17:54:31, 24.18, 46.75
2019-02-19, 17:54:32, 24.17, 46.75
2019-02-19, 17:54:34, 24.18, 46.75
2019-02-19, 17:54:35, 24.16, 46.75
2019-02-19, 17:54:37, 24.16, 46.75
2019-02-19, 17:54:38, 24.14, 46.71
2019-02-19, 17:54:39, 24.16, 46.71
2019-02-19, 17:54:41, 24.16, 46.75
2019-02-19, 17:54:42, 24.15, 46.74
2019-02-19, 17:54:43, 24.16, 46.75
2019-02-19, 17:54:45, 24.16, 46.75
2019-02-19, 17:54:46, 24.15, 46.74
2019-02-19, 17:54:47, 24.16, 46.75
2019-02-19, 17:54:49, 24.14, 46.74
2019-02-19, 17:54:50, 24.15, 46.78
2019-02-19, 17:54:51, 24.15, 46.78
2019-02-19, 17:54:53, 24.15, 46.74
2019-02-19, 17:54:54, 24.15, 46.78
2019-02-19, 17:54:56, 24.14, 46.81
2019-02-19, 17:54:57, 24.13, 46.81
2019-02-19, 17:54:58, 24.14, 46.81
2019-02-19, 17:55:00, 24.14, 46.81
2019-02-19, 17:55:01, 24.14, 46.81
2019-02-19, 17:55:02, 24.14, 46.81
2019-02-19, 17:55:04, 24.14, 46.84
2019-02-19, 17:55:05, 24.11, 46.84
2019-02-19, 17:55:06, 24.13, 46.87
2019-02-19, 17:55:08, 24.14, 46.87
2019-02-19, 17:55:09, 24.14, 46.87
2019-02-19, 17:55:10, 24.14, 46.84
2019-02-19, 17:55:12, 24.13, 46.84
2019-02-19, 17:55:13, 24.14, 46.87
2019-02-19, 17:55:14, 24.14, 46.84
2019-02-19, 17:55:16, 24.14, 46.84
2019-02-19, 17:55:17, 24.14, 46.84
2019-02-19, 17:55:19, 24.15, 46.84
2019-02-19, 17:55:20, 24.14, 46.87
2019-02-19, 17:55:21, 24.14, 46.87
2019-02-19, 17:55:23, 24.14, 46.87
2019-02-19, 17:55:24, 24.14, 46.87
2019-02-19, 17:55:25, 24.14, 46.87
2019-02-19, 17:55:27, 24.14, 46.87
2019-02-19, 17:55:28, 24.13, 46.9
2019-02-19, 17:55:29, 24.12, 46.87
2019-02-19, 17:55:31, 24.12, 46.9
2019-02-19, 17:55:32, 24.12, 46.93
2019-02-19, 17:55:33, 24.13, 46.94
2019-02-19, 17:55:35, 24.12, 46.93
2019-02-19, 17:55:36, 24.11, 46.93
2019-02-19, 17:55:37, 24.12, 46.97
2019-02-19, 17:55:39, 24.1, 46.96
2019-02-19, 17:55:40, 24.0, 46.98
2019-02-19, 17:55:42, 24.08, 46.99
2019-02-19, 17:55:43, 24.08, 46.99
2019-02-19, 17:55:44, 24.09, 47.03
2019-02-19, 17:55:46, 24.1, 47.0
2019-02-19, 17:55:47, 24.1, 47.03
2019-02-19, 17:55:48, 24.09, 47.03
2019-02-19, 17:55:50, 24.1, 47.03
2019-02-19, 17:55:51, 24.1, 47.03
2019-02-19, 17:55:52, 24.1, 47.0
2019-02-19, 17:55:54, 24.1, 47.03
2019-02-19, 17:55:55, 24.11, 47.03
2019-02-19, 17:55:56, 24.09, 47.03
2019-02-19, 17:55:58, 24.1, 47.0
2019-02-19, 17:55:59, 24.1, 47.03
2019-02-19, 17:56:00, 24.1, 47.03
2019-02-19, 17:56:02, 24.09, 47.03
2019-02-19, 17:56:03, 24.08, 47.03
2019-02-19, 17:56:05, 24.09, 47.03
2019-02-19, 17:56:06, 24.09, 47.03
2019-02-19, 17:56:07, 24.08, 47.03
2019-02-19, 17:56:09, 24.07, 47.02
2019-02-19, 17:56:10, 24.08, 47.03
2019-02-19, 17:56:11, 24.08, 47.03
2019-02-19, 17:56:13, 24.08, 47.06
2019-02-19, 17:56:14, 24.08, 47.06
2019-02-19, 17:56:15, 24.09, 47.06
2019-02-19, 17:56:17, 24.08, 47.06
2019-02-19, 17:56:18, 24.07, 47.06
2019-02-19, 17:56:19, 24.07, 47.06
2019-02-19, 17:56:21, 24.07, 47.06
2019-02-19, 17:56:22, 24.06, 47.05
2019-02-19, 17:56:24, 24.08, 47.09
2019-02-19, 17:56:25, 24.08, 47.06
2019-02-19, 17:56:26, 24.08, 47.06
2019-02-19, 17:56:28, 24.08, 47.06
2019-02-19, 17:56:29, 24.08, 47.06
2019-02-19, 17:56:30, 24.07, 47.06
2019-02-19, 17:56:32, 24.06, 47.05
2019-02-19, 17:56:33, 24.06, 47.02
2019-02-19, 17:56:34, 24.08, 47.06
2019-02-19, 17:56:36, 24.08, 47.03
2019-02-19, 17:56:37, 24.08, 47.06
2019-02-19, 17:56:38, 24.08, 47.03
2019-02-19, 17:56:40, 24.08, 47.03
2019-02-19, 17:56:41, 24.09, 47.03
2019-02-19, 17:56:42, 24.07, 46.99
2019-02-19, 17:56:44, 24.06, 47.02
2019-02-19, 17:56:45, 24.06, 47.02
2019-02-19, 17:56:47, 24.08, 47.03
2019-02-19, 17:56:48, 24.07, 47.02
2019-02-19, 17:56:49, 24.08, 47.06
2019-02-19, 17:56:51, 24.08, 47.06
2019-02-19, 17:56:52, 24.08, 47.06
2019-02-19, 17:56:53, 24.08, 47.06
2019-02-19, 17:56:55, 24.08, 47.06
2019-02-19, 17:56:56, 24.08, 47.06
2019-02-19, 17:56:57, 24.08, 47.06
2019-02-19, 17:56:59, 24.08, 47.06
2019-02-19, 17:57:00, 24.09, 47.06
2019-02-19, 17:57:01, 24.09, 47.06
2019-02-19, 17:57:03, 24.08, 47.03
2019-02-19, 17:57:04, 23.96, 47.04
2019-02-19, 17:57:05, 24.04, 47.12
2019-02-19, 17:57:07, 24.06, 47.12
2019-02-19, 17:57:08, 24.06, 47.12
2019-02-19, 17:57:10, 24.07, 47.12
2019-02-19, 17:57:11, 24.06, 47.12
2019-02-19, 17:57:12, 24.08, 47.12
2019-02-19, 17:57:14, 24.07, 47.12
2019-02-19, 17:57:15, 24.08, 47.12
2019-02-19, 17:57:16, 24.08, 47.12
2019-02-19, 17:57:18, 24.1, 47.09
2019-02-19, 17:57:19, 24.08, 47.12
2019-02-19, 17:57:20, 24.08, 47.12
2019-02-19, 17:57:22, 24.08, 47.09
2019-02-19, 17:57:23, 24.09, 47.09
2019-02-19, 17:57:24, 24.09, 47.06
2019-02-19, 17:57:26, 24.08, 47.06
2019-02-19, 17:57:27, 24.09, 47.06
2019-02-19, 17:57:28, 24.08, 47.09
2019-02-19, 17:57:30, 24.08, 47.09
2019-02-19, 17:57:31, 24.06, 47.09
2019-02-19, 17:57:33, 24.08, 47.09
2019-02-19, 17:57:34, 24.08, 47.09
2019-02-19, 17:57:35, 24.1, 47.06
2019-02-19, 17:57:37, 24.09, 47.09
2019-02-19, 17:57:38, 24.1, 47.06
2019-02-19, 17:57:39, 24.11, 47.06
2019-02-19, 17:57:41, 24.1, 47.06
2019-02-19, 17:57:42, 24.11, 47.06
2019-02-19, 17:57:43, 24.1, 47.06
2019-02-19, 17:57:45, 24.1, 47.06
2019-02-19, 17:57:46, 24.1, 47.06
2019-02-19, 17:57:47, 24.1, 47.03
2019-02-19, 17:57:49, 24.1, 47.06
2019-02-19, 17:57:50, 24.11, 47.06
2019-02-19, 17:57:51, 24.1, 47.06
2019-02-19, 17:57:53, 24.09, 47.06
2019-02-19, 17:57:54, 24.09, 47.03
2019-02-19, 17:57:56, 24.09, 47.03
2019-02-19, 17:57:57, 24.1, 47.03
2019-02-19, 17:57:58, 24.1, 47.03
2019-02-19, 17:58:00, 24.1, 47.03
2019-02-19, 17:58:01, 24.08, 47.03
2019-02-19, 17:58:02, 24.1, 47.03
2019-02-19, 17:58:04, 23.97, 47.04
2019-02-19, 17:58:05, 24.06, 47.05
2019-02-19, 17:58:06, 24.08, 47.09
2019-02-19, 17:58:08, 24.07, 47.09
2019-02-19, 17:58:09, 24.07, 47.09
2019-02-19, 17:58:10, 24.08, 47.06
2019-02-19, 17:58:12, 24.09, 47.06
2019-02-19, 17:58:13, 24.08, 47.06
2019-02-19, 17:58:14, 24.09, 47.06
2019-02-19, 17:58:16, 24.09, 47.06
2019-02-19, 17:58:17, 24.1, 47.06
2019-02-19, 17:58:19, 24.1, 47.03
2019-02-19, 17:58:20, 24.1, 47.03
2019-02-19, 17:58:21, 24.1, 47.0
2019-02-19, 17:58:23, 24.11, 47.0
2019-02-19, 17:58:24, 24.1, 47.0
2019-02-19, 17:58:25, 24.09, 46.99
2019-02-19, 17:58:27, 24.1, 47.03
2019-02-19, 17:58:28, 24.1, 47.0
2019-02-19, 17:58:29, 24.1, 47.03
2019-02-19, 17:58:31, 24.1, 47.03
2019-02-19, 17:58:32, 24.1, 47.0
2019-02-19, 17:58:33, 24.1, 47.03
2019-02-19, 17:58:35, 24.1, 47.03
2019-02-19, 17:58:36, 24.09, 47.03
2019-02-19, 17:58:37, 24.08, 47.03
2019-02-19, 17:58:39, 24.09, 47.03
2019-02-19, 17:58:40, 24.09, 47.03
2019-02-19, 17:58:42, 24.1, 47.03
2019-02-19, 17:58:43, 24.09, 47.03
2019-02-19, 17:58:44, 24.1, 47.03
2019-02-19, 17:58:46, 24.08, 46.99
2019-02-19, 17:58:47, 24.09, 46.99
2019-02-19, 17:58:48, 24.11, 47.03
2019-02-19, 17:58:50, 24.1, 47.0
2019-02-19, 17:58:51, 24.09, 46.99
2019-02-19, 17:58:52, 24.1, 47.03
2019-02-19, 17:58:54, 24.1, 47.0
2019-02-19, 17:58:55, 24.1, 47.0
2019-02-19, 17:58:56, 24.1, 47.0
2019-02-19, 17:58:58, 24.1, 47.0
2019-02-19, 17:58:59, 24.11, 47.0
2019-02-19, 17:59:01, 24.1, 47.0
2019-02-19, 17:59:02, 24.1, 47.0
2019-02-19, 17:59:03, 23.94, 47.04
2019-02-19, 17:59:05, 24.06, 47.09
2019-02-19, 17:59:06, 24.08, 47.12
2019-02-19, 17:59:07, 24.08, 47.09
2019-02-19, 17:59:09, 24.1, 47.09
2019-02-19, 17:59:10, 24.09, 47.06
2019-02-19, 17:59:11, 24.1, 47.06
2019-02-19, 17:59:13, 24.12, 47.03
2019-02-19, 17:59:14, 24.11, 47.0
2019-02-19, 17:59:15, 24.11, 47.0
2019-02-19, 17:59:17, 24.12, 47.0
2019-02-19, 17:59:18, 24.1, 47.0
2019-02-19, 17:59:19, 24.1, 47.0
2019-02-19, 17:59:21, 24.1, 47.03
2019-02-19, 17:59:22, 24.1, 47.03
2019-02-19, 17:59:24, 24.09, 47.03
2019-02-19, 17:59:25, 24.1, 47.03
2019-02-19, 17:59:26, 24.1, 47.03
2019-02-19, 17:59:28, 24.1, 47.03
2019-02-19, 17:59:29, 24.11, 47.03
2019-02-19, 17:59:30, 24.12, 47.0
2019-02-19, 17:59:32, 24.1, 47.03
2019-02-19, 17:59:33, 24.1, 47.0
2019-02-19, 17:59:34, 24.1, 47.03
2019-02-19, 17:59:36, 24.1, 47.0
2019-02-19, 17:59:37, 24.08, 47.03
2019-02-19, 17:59:38, 24.08, 46.99
2019-02-19, 17:59:40, 24.1, 47.03
2019-02-19, 17:59:41, 24.09, 47.03
2019-02-19, 17:59:42, 24.1, 47.03
2019-02-19, 17:59:44, 24.09, 47.03
2019-02-19, 17:59:45, 24.09, 47.03
2019-02-19, 17:59:47, 24.09, 47.03
2019-02-19, 17:59:48, 24.08, 47.03
2019-02-19, 17:59:49, 24.09, 47.03
2019-02-19, 17:59:51, 24.08, 47.03
2019-02-19, 17:59:52, 24.07, 47.02
2019-02-19, 17:59:53, 24.08, 47.03
2019-02-19, 17:59:55, 24.08, 46.99
2019-02-19, 17:59:56, 24.08, 46.99
2019-02-19, 17:59:57, 24.08, 47.03
2019-02-19, 17:59:59, 24.09, 46.99
2019-02-19, 18:00:00, 24.08, 46.99
2019-02-19, 18:00:01, 24.07, 47.02
2019-02-19, 18:00:03, 24.08, 47.03
2019-02-19, 18:00:04, 24.08, 47.03
2019-02-19, 18:00:05, 24.08, 47.03
2019-02-19, 18:00:07, 24.07, 47.06
2019-02-19, 18:00:08, 24.06, 47.05
2019-02-19, 18:00:10, 24.06, 47.05
2019-02-19, 18:00:11, 24.07, 47.06
2019-02-19, 18:00:12, 24.05, 47.05
2019-02-19, 18:00:14, 24.06, 47.09
2019-02-19, 18:00:15, 24.06, 47.05
2019-02-19, 18:00:16, 24.02, 47.08
2019-02-19, 18:00:18, 24.05, 47.09
2019-02-19, 18:00:19, 24.04, 47.08
2019-02-19, 18:00:20, 24.05, 47.12
2019-02-19, 18:00:22, 24.04, 47.12
2019-02-19, 18:00:23, 24.04, 47.12
2019-02-19, 18:00:24, 24.05, 47.12
2019-02-19, 18:00:26, 24.04, 47.15
2019-02-19, 18:00:27, 24.03, 47.12
2019-02-19, 18:00:29, 24.05, 47.12
2019-02-19, 18:00:30, 24.04, 47.12
2019-02-19, 18:00:31, 24.05, 47.15
2019-02-19, 18:00:33, 24.04, 47.12
2019-02-19, 18:00:34, 24.04, 47.15
2019-02-19, 18:00:35, 24.03, 47.12
2019-02-19, 18:00:37, 24.05, 47.12
2019-02-19, 18:00:38, 24.04, 47.12
2019-02-19, 18:00:39, 24.03, 47.15
2019-02-19, 18:00:41, 24.06, 47.15
2019-02-19, 18:00:42, 24.05, 47.15
2019-02-19, 18:00:43, 24.05, 47.15
2019-02-19, 18:00:45, 24.06, 47.15
2019-02-19, 18:00:46, 24.04, 47.15
2019-02-19, 18:00:47, 24.04, 47.15
2019-02-19, 18:00:49, 24.05, 47.15
2019-02-19, 18:00:50, 24.04, 47.15
2019-02-19, 18:00:51, 24.04, 47.15
2019-02-19, 18:00:53, 24.05, 47.18
2019-02-19, 18:00:54, 24.03, 47.15
2019-02-19, 18:00:56, 24.05, 47.18
2019-02-19, 18:00:57, 24.04, 47.18
2019-02-19, 18:00:58, 24.04, 47.15
2019-02-19, 18:01:00, 24.03, 47.15
2019-02-19, 18:01:01, 24.04, 47.18
2019-02-19, 18:01:02, 24.03, 47.15
2019-02-19, 18:01:04, 24.05, 47.18
2019-02-19, 18:01:05, 24.03, 47.18
2019-02-19, 18:01:06, 24.05, 47.18
2019-02-19, 18:01:08, 24.04, 47.15
2019-02-19, 18:01:09, 24.04, 47.15
2019-02-19, 18:01:10, 24.04, 47.18
2019-02-19, 18:01:12, 24.03, 47.18
2019-02-19, 18:01:13, 24.03, 47.18
2019-02-19, 18:01:15, 24.02, 47.18
2019-02-19, 18:01:16, 24.03, 47.18
2019-02-19, 18:01:17, 24.02, 47.18
2019-02-19, 18:01:19, 24.04, 47.21
2019-02-19, 18:01:20, 24.03, 47.18
2019-02-19, 18:01:21, 24.02, 47.18
2019-02-19, 18:01:23, 24.0, 47.21
2019-02-19, 18:01:24, 24.02, 47.21
2019-02-19, 18:01:25, 24.02, 47.18
2019-02-19, 18:01:27, 24.01, 47.21
2019-02-19, 18:01:28, 24.02, 47.21
2019-02-19, 18:01:29, 24.01, 47.21
2019-02-19, 18:01:31, 24.0, 47.21
2019-02-19, 18:01:32, 24.02, 47.21
2019-02-19, 18:01:33, 24.01, 47.21
2019-02-19, 18:01:35, 24.02, 47.21
2019-02-19, 18:01:36, 24.02, 47.21
2019-02-19, 18:01:38, 24.02, 47.21
2019-02-19, 18:01:39, 24.02, 47.21
2019-02-19, 18:01:40, 24.02, 47.21
2019-02-19, 18:01:42, 24.02, 47.24
2019-02-19, 18:01:43, 24.02, 47.24
2019-02-19, 18:01:44, 24.01, 47.18
2019-02-19, 18:01:46, 24.02, 47.21
2019-02-19, 18:01:47, 24.02, 47.24
2019-02-19, 18:01:48, 24.02, 47.21
2019-02-19, 18:01:50, 24.01, 47.21
2019-02-19, 18:01:51, 24.01, 47.21
2019-02-19, 18:01:52, 24.0, 47.21
2019-02-19, 18:01:54, 24.01, 47.21
2019-02-19, 18:01:55, 24.01, 47.21
2019-02-19, 18:01:56, 24.0, 47.24
2019-02-19, 18:01:58, 24.0, 47.24
2019-02-19, 18:01:59, 23.99, 47.21
2019-02-19, 18:02:01, 24.01, 47.24
2019-02-19, 18:02:02, 24.0, 47.24
2019-02-19, 18:02:03, 24.0, 47.24
2019-02-19, 18:02:05, 24.0, 47.21
2019-02-19, 18:02:06, 23.99, 47.24
2019-02-19, 18:02:07, 24.0, 47.24
2019-02-19, 18:02:09, 24.0, 47.24
2019-02-19, 18:02:10, 24.0, 47.24
2019-02-19, 18:02:11, 24.0, 47.24
2019-02-19, 18:02:13, 24.0, 47.24
2019-02-19, 18:02:14, 24.0, 47.24
2019-02-19, 18:02:15, 24.0, 47.24
2019-02-19, 18:02:17, 24.0, 47.24
2019-02-19, 18:02:18, 24.0, 47.24
2019-02-19, 18:02:20, 23.99, 47.24
2019-02-19, 18:02:21, 24.01, 47.24
2019-02-19, 18:02:22, 24.02, 47.24
2019-02-19, 18:02:24, 24.0, 47.27
2019-02-19, 18:02:25, 24.0, 47.24
2019-02-19, 18:02:26, 24.0, 47.27
2019-02-19, 18:02:28, 24.0, 47.3
2019-02-19, 18:02:29, 24.0, 47.24
2019-02-19, 18:02:30, 23.92, 47.26
2019-02-19, 18:02:32, 23.99, 47.3
2019-02-19, 18:02:33, 24.0, 47.27
2019-02-19, 18:02:34, 24.0, 47.3
2019-02-19, 18:02:36, 23.85, 47.28
2019-02-19, 18:02:37, 23.97, 47.36
2019-02-19, 18:02:38, 23.99, 47.33
2019-02-19, 18:02:40, 23.99, 47.3
2019-02-19, 18:02:41, 23.98, 47.3
2019-02-19, 18:02:43, 23.99, 47.3
2019-02-19, 18:02:44, 23.99, 47.3
2019-02-19, 18:02:45, 24.0, 47.3
2019-02-19, 18:02:47, 23.98, 47.3
2019-02-19, 18:02:48, 23.99, 47.3
2019-02-19, 18:02:49, 24.0, 47.3
2019-02-19, 18:02:51, 24.01, 47.27
2019-02-19, 18:02:52, 24.01, 47.3
2019-02-19, 18:02:53, 24.01, 47.27
2019-02-19, 18:02:55, 24.0, 47.27
2019-02-19, 18:02:56, 24.01, 47.27
2019-02-19, 18:02:57, 24.02, 47.24
2019-02-19, 18:02:59, 24.0, 47.24
2019-02-19, 18:03:00, 24.02, 47.27
2019-02-19, 18:03:01, 24.02, 47.24
2019-02-19, 18:03:03, 24.01, 47.24
2019-02-19, 18:03:04, 24.02, 47.24
2019-02-19, 18:03:06, 24.01, 47.24
2019-02-19, 18:03:07, 24.02, 47.24
2019-02-19, 18:03:08, 24.02, 47.24
2019-02-19, 18:03:10, 24.02, 47.24
2019-02-19, 18:03:11, 24.01, 47.24
2019-02-19, 18:03:12, 24.01, 47.24
2019-02-19, 18:03:14, 24.01, 47.27
2019-02-19, 18:03:15, 24.0, 47.27
2019-02-19, 18:03:16, 24.01, 47.3
2019-02-19, 18:03:18, 24.01, 47.3
2019-02-19, 18:03:19, 24.01, 47.3
2019-02-19, 18:03:20, 24.0, 47.3
2019-02-19, 18:03:22, 24.0, 47.3
2019-02-19, 18:03:23, 24.0, 47.3
2019-02-19, 18:03:25, 24.01, 47.3
2019-02-19, 18:03:26, 24.0, 47.34
2019-02-19, 18:03:27, 24.0, 47.37
2019-02-19, 18:03:29, 23.99, 47.33
2019-02-19, 18:03:30, 23.98, 47.37
2019-02-19, 18:03:31, 23.98, 47.37
2019-02-19, 18:03:33, 24.0, 47.37
2019-02-19, 18:03:34, 24.0, 47.37
2019-02-19, 18:03:35, 24.0, 47.37
2019-02-19, 18:03:37, 23.99, 47.37
2019-02-19, 18:03:38, 24.0, 47.4
2019-02-19, 18:03:39, 24.01, 47.37
2019-02-19, 18:03:41, 24.0, 47.37
2019-02-19, 18:03:42, 24.01, 47.4
2019-02-19, 18:03:43, 24.02, 47.37
2019-02-19, 18:03:45, 24.02, 47.37
2019-02-19, 18:03:46, 24.01, 47.37
2019-02-19, 18:03:48, 24.01, 47.37
2019-02-19, 18:03:49, 24.0, 47.37
2019-02-19, 18:03:50, 24.0, 47.37
2019-02-19, 18:03:52, 24.0, 47.34
2019-02-19, 18:03:53, 24.01, 47.37
2019-02-19, 18:03:54, 24.01, 47.37
2019-02-19, 18:03:56, 24.0, 47.37
2019-02-19, 18:03:57, 24.01, 47.37
2019-02-19, 18:03:58, 24.0, 47.37
2019-02-19, 18:04:00, 24.0, 47.37
2019-02-19, 18:04:01, 24.0, 47.37
2019-02-19, 18:04:02, 24.0, 47.37
2019-02-19, 18:04:04, 24.01, 47.37
2019-02-19, 18:04:05, 24.02, 47.37
2019-02-19, 18:04:06, 23.99, 47.4
2019-02-19, 18:04:08, 24.01, 47.37
2019-02-19, 18:04:09, 24.02, 47.37
2019-02-19, 18:04:11, 24.02, 47.37
2019-02-19, 18:04:12, 24.02, 47.37
2019-02-19, 18:04:13, 24.04, 47.37
2019-02-19, 18:04:15, 24.03, 47.34
2019-02-19, 18:04:16, 24.05, 47.31
2019-02-19, 18:04:17, 24.04, 47.34
2019-02-19, 18:04:19, 24.03, 47.31
2019-02-19, 18:04:20, 24.04, 47.31
2019-02-19, 18:04:21, 24.05, 47.31
2019-02-19, 18:04:23, 24.05, 47.31
2019-02-19, 18:04:24, 24.04, 47.31
2019-02-19, 18:04:25, 24.06, 47.28
2019-02-19, 18:04:27, 24.05, 47.28
2019-02-19, 18:04:28, 24.05, 47.28
2019-02-19, 18:04:29, 24.05, 47.25
2019-02-19, 18:04:31, 24.06, 47.28
2019-02-19, 18:04:32, 24.06, 47.25
2019-02-19, 18:04:34, 24.05, 47.25
2019-02-19, 18:04:35, 24.06, 47.25
2019-02-19, 18:04:36, 24.06, 47.25
2019-02-19, 18:04:38, 24.06, 47.25
2019-02-19, 18:04:39, 24.06, 47.25
2019-02-19, 18:04:40, 24.06, 47.25
2019-02-19, 18:04:42, 24.08, 47.25
2019-02-19, 18:04:43, 24.08, 47.25
2019-02-19, 18:04:44, 24.08, 47.22
2019-02-19, 18:04:46, 24.08, 47.19
2019-02-19, 18:04:47, 24.09, 47.19
2019-02-19, 18:04:48, 24.08, 47.19
2019-02-19, 18:04:50, 24.08, 47.19
2019-02-19, 18:04:51, 24.08, 47.15
2019-02-19, 18:04:52, 24.09, 47.19
2019-02-19, 18:04:54, 24.09, 47.19
2019-02-19, 18:04:55, 23.94, 47.2
2019-02-19, 18:04:57, 24.04, 47.24
2019-02-19, 18:04:58, 24.06, 47.25
2019-02-19, 18:04:59, 23.9, 47.26
2019-02-19, 18:05:01, 24.01, 47.34
2019-02-19, 18:05:02, 24.03, 47.34
2019-02-19, 18:05:03, 24.06, 47.31
2019-02-19, 18:05:05, 24.06, 47.28
2019-02-19, 18:05:06, 24.06, 47.31
2019-02-19, 18:05:07, 24.07, 47.28
2019-02-19, 18:05:09, 24.06, 47.25
2019-02-19, 18:05:10, 24.08, 47.25
2019-02-19, 18:05:11, 24.07, 47.25
2019-02-19, 18:05:13, 24.09, 47.25
2019-02-19, 18:05:14, 24.08, 47.22
2019-02-19, 18:05:15, 24.1, 47.22
2019-02-19, 18:05:17, 24.09, 47.22
2019-02-19, 18:05:18, 24.09, 47.22
2019-02-19, 18:05:20, 24.09, 47.22
2019-02-19, 18:05:21, 24.1, 47.19
2019-02-19, 18:05:22, 24.09, 47.19
2019-02-19, 18:05:24, 24.1, 47.19
2019-02-19, 18:05:25, 24.11, 47.19
2019-02-19, 18:05:26, 24.11, 47.16
2019-02-19, 18:05:28, 24.12, 47.16
2019-02-19, 18:05:29, 24.11, 47.16
2019-02-19, 18:05:30, 24.11, 47.16
2019-02-19, 18:05:32, 24.1, 47.16
2019-02-19, 18:05:33, 24.11, 47.12
2019-02-19, 18:05:34, 24.11, 47.12
2019-02-19, 18:05:36, 24.12, 47.13
2019-02-19, 18:05:37, 24.12, 47.13
2019-02-19, 18:05:38, 24.12, 47.13
2019-02-19, 18:05:40, 24.13, 47.13
2019-02-19, 18:05:41, 24.12, 47.13
2019-02-19, 18:05:43, 24.13, 47.13
2019-02-19, 18:05:44, 24.12, 47.09
2019-02-19, 18:05:45, 24.12, 47.09
2019-02-19, 18:05:47, 24.12, 47.09
2019-02-19, 18:05:48, 24.13, 47.1
2019-02-19, 18:05:49, 24.12, 47.09
2019-02-19, 18:05:51, 24.13, 47.1
2019-02-19, 18:05:52, 24.13, 47.06
2019-02-19, 18:05:53, 24.12, 47.06
2019-02-19, 18:05:55, 24.13, 47.06
2019-02-19, 18:05:56, 24.13, 47.06
2019-02-19, 18:05:57, 24.14, 47.06
2019-02-19, 18:05:59, 24.13, 47.06
2019-02-19, 18:06:00, 24.14, 47.06
2019-02-19, 18:06:02, 24.15, 47.07
2019-02-19, 18:06:03, 24.15, 47.07
2019-02-19, 18:06:04, 24.15, 47.07
2019-02-19, 18:06:06, 24.16, 47.07
2019-02-19, 18:06:07, 24.15, 47.07
2019-02-19, 18:06:08, 24.15, 47.03
2019-02-19, 18:06:10, 24.15, 47.07
2019-02-19, 18:06:11, 24.14, 47.06
2019-02-19, 18:06:12, 24.15, 47.07
2019-02-19, 18:06:14, 24.14, 47.06
2019-02-19, 18:06:15, 24.15, 47.07
2019-02-19, 18:06:16, 24.16, 47.07
2019-02-19, 18:06:18, 24.16, 47.07
2019-02-19, 18:06:19, 24.16, 47.07
2019-02-19, 18:06:21, 24.14, 47.03
2019-02-19, 18:06:22, 24.16, 47.03
2019-02-19, 18:06:23, 24.15, 47.03
2019-02-19, 18:06:25, 24.16, 47.07
2019-02-19, 18:06:26, 24.14, 47.03
2019-02-19, 18:06:27, 24.16, 47.03
2019-02-19, 18:06:29, 24.16, 47.03
2019-02-19, 18:06:30, 24.14, 47.0
2019-02-19, 18:06:31, 24.15, 47.0
2019-02-19, 18:06:33, 24.15, 47.0
2019-02-19, 18:06:34, 24.16, 47.0
2019-02-19, 18:06:35, 24.15, 47.0
2019-02-19, 18:06:37, 24.15, 47.0
2019-02-19, 18:06:38, 24.15, 47.0
2019-02-19, 18:06:40, 24.16, 47.0
2019-02-19, 18:06:41, 24.15, 47.0
2019-02-19, 18:06:42, 24.15, 47.0
2019-02-19, 18:06:44, 24.16, 47.0
2019-02-19, 18:06:45, 24.15, 47.0
2019-02-19, 18:06:46, 24.16, 47.0
2019-02-19, 18:06:48, 24.15, 47.0
2019-02-19, 18:06:49, 24.16, 47.0
2019-02-19, 18:06:50, 24.15, 47.0
2019-02-19, 18:06:52, 24.18, 47.01
2019-02-19, 18:06:53, 24.17, 47.0
2019-02-19, 18:06:54, 24.16, 47.0
2019-02-19, 18:06:56, 24.17, 47.0
2019-02-19, 18:06:57, 24.16, 47.0
2019-02-19, 18:06:58, 24.16, 47.0
2019-02-19, 18:07:00, 24.17, 46.97
2019-02-19, 18:07:01, 24.17, 46.97
2019-02-19, 18:07:03, 24.17, 47.0
2019-02-19, 18:07:04, 24.18, 46.97
2019-02-19, 18:07:05, 24.18, 46.97
2019-02-19, 18:07:07, 24.17, 46.94
2019-02-19, 18:07:08, 24.17, 46.94
2019-02-19, 18:07:09, 24.17, 46.94
2019-02-19, 18:07:11, 24.18, 46.94
2019-02-19, 18:07:12, 24.17, 46.94
2019-02-19, 18:07:13, 24.18, 46.94
2019-02-19, 18:07:15, 24.17, 46.94
2019-02-19, 18:07:16, 24.19, 46.94
2019-02-19, 18:07:17, 24.18, 46.94
2019-02-19, 18:07:19, 24.19, 46.91
2019-02-19, 18:07:20, 24.19, 46.91
2019-02-19, 18:07:22, 24.19, 46.91
2019-02-19, 18:07:23, 24.19, 46.91
2019-02-19, 18:07:24, 24.19, 46.88
2019-02-19, 18:07:26, 24.17, 46.91
2019-02-19, 18:07:27, 24.18, 46.91
2019-02-19, 18:07:28, 24.18, 46.91
2019-02-19, 18:07:30, 24.18, 46.91
2019-02-19, 18:07:31, 24.18, 46.91
2019-02-19, 18:07:32, 24.2, 46.91
2019-02-19, 18:07:34, 24.19, 46.91
2019-02-19, 18:07:35, 24.19, 46.91
2019-02-19, 18:07:36, 24.19, 46.91
2019-02-19, 18:07:38, 24.18, 46.91
2019-02-19, 18:07:39, 24.18, 46.88
2019-02-19, 18:07:40, 24.19, 46.88
2019-02-19, 18:07:42, 24.18, 46.88
2019-02-19, 18:07:43, 24.18, 46.88
2019-02-19, 18:07:45, 24.18, 46.91
2019-02-19, 18:07:46, 24.17, 46.88
2019-02-19, 18:07:47, 24.17, 46.91
2019-02-19, 18:07:49, 24.17, 46.91
2019-02-19, 18:07:50, 24.18, 46.91
2019-02-19, 18:07:51, 24.18, 46.91
2019-02-19, 18:07:53, 24.17, 46.91
2019-02-19, 18:07:54, 24.19, 46.94
2019-02-19, 18:07:55, 24.19, 46.94
2019-02-19, 18:07:57, 24.09, 46.9
2019-02-19, 18:07:58, 24.16, 46.97
2019-02-19, 18:07:59, 24.18, 46.97
2019-02-19, 18:08:01, 24.19, 46.97
2019-02-19, 18:08:02, 24.18, 46.97
2019-02-19, 18:08:04, 24.16, 46.94
2019-02-19, 18:08:05, 24.18, 46.94
2019-02-19, 18:08:06, 24.18, 46.97
2019-02-19, 18:08:08, 24.18, 46.97
2019-02-19, 18:08:09, 24.19, 46.94
2019-02-19, 18:08:10, 24.18, 46.94
2019-02-19, 18:08:12, 24.19, 46.97
2019-02-19, 18:08:13, 24.19, 46.94
2019-02-19, 18:08:14, 24.18, 46.97
2019-02-19, 18:08:16, 24.18, 46.94
2019-02-19, 18:08:17, 24.18, 46.94
2019-02-19, 18:08:18, 24.16, 46.97
2019-02-19, 18:08:20, 24.18, 46.97
2019-02-19, 18:08:21, 24.17, 47.0
2019-02-19, 18:08:22, 24.18, 46.97
2019-02-19, 18:08:24, 24.18, 47.01
2019-02-19, 18:08:25, 24.18, 46.97
2019-02-19, 18:08:27, 24.18, 46.97
2019-02-19, 18:08:28, 24.18, 46.94
2019-02-19, 18:08:29, 24.19, 46.94
2019-02-19, 18:08:31, 24.19, 46.94
2019-02-19, 18:08:32, 24.19, 46.94
2019-02-19, 18:08:33, 24.2, 46.94
2019-02-19, 18:08:35, 24.2, 46.94
2019-02-19, 18:08:36, 24.2, 46.94
2019-02-19, 18:08:37, 24.2, 46.94
2019-02-19, 18:08:39, 24.2, 46.94
2019-02-19, 18:08:40, 24.2, 46.94
2019-02-19, 18:08:41, 24.2, 46.94
2019-02-19, 18:08:43, 24.21, 46.94
2019-02-19, 18:08:44, 24.22, 46.95
2019-02-19, 18:08:45, 24.2, 46.94
2019-02-19, 18:08:47, 24.2, 46.94
2019-02-19, 18:08:48, 24.21, 46.91
2019-02-19, 18:08:50, 24.2, 46.91
2019-02-19, 18:08:51, 24.21, 46.91
2019-02-19, 18:08:52, 24.2, 46.91
2019-02-19, 18:08:54, 24.21, 46.94
2019-02-19, 18:08:55, 24.21, 46.94
2019-02-19, 18:08:56, 24.22, 46.95
2019-02-19, 18:08:58, 24.21, 46.94
2019-02-19, 18:08:59, 24.21, 46.94
2019-02-19, 18:09:00, 24.22, 46.95
2019-02-19, 18:09:02, 24.2, 46.94
2019-02-19, 18:09:03, 24.19, 46.94
2019-02-19, 18:09:04, 24.21, 46.94
2019-02-19, 18:09:06, 24.21, 46.94
2019-02-19, 18:09:07, 24.2, 46.94
2019-02-19, 18:09:09, 24.22, 46.95
2019-02-19, 18:09:10, 24.22, 46.95
2019-02-19, 18:09:11, 24.21, 46.94
2019-02-19, 18:09:13, 24.21, 46.94
2019-02-19, 18:09:14, 24.2, 46.94
2019-02-19, 18:09:15, 24.22, 46.91
2019-02-19, 18:09:17, 24.22, 46.95
2019-02-19, 18:09:18, 24.21, 46.91
2019-02-19, 18:09:19, 24.2, 46.94
2019-02-19, 18:09:21, 24.2, 46.91
2019-02-19, 18:09:22, 24.2, 46.94
2019-02-19, 18:09:23, 24.21, 46.91
2019-02-19, 18:09:25, 24.2, 46.91
2019-02-19, 18:09:26, 24.22, 46.88
2019-02-19, 18:09:27, 24.22, 46.91
2019-02-19, 18:09:29, 24.21, 46.94
2019-02-19, 18:09:30, 24.21, 46.94
2019-02-19, 18:09:32, 24.22, 46.95
2019-02-19, 18:09:33, 24.23, 46.95
2019-02-19, 18:09:34, 24.22, 46.95
2019-02-19, 18:09:36, 24.22, 46.95
2019-02-19, 18:09:37, 24.23, 46.95
2019-02-19, 18:09:38, 24.24, 46.92
2019-02-19, 18:09:40, 24.23, 46.95
2019-02-19, 18:09:41, 24.23, 46.95
2019-02-19, 18:09:42, 24.23, 46.92
2019-02-19, 18:09:44, 24.23, 46.92
2019-02-19, 18:09:45, 24.24, 46.92
2019-02-19, 18:09:46, 24.23, 46.88
2019-02-19, 18:09:48, 24.23, 46.92
2019-02-19, 18:09:49, 24.23, 46.88
2019-02-19, 18:09:51, 24.24, 46.88
2019-02-19, 18:09:52, 24.23, 46.88
2019-02-19, 18:09:53, 24.24, 46.88
2019-02-19, 18:09:55, 24.24, 46.88
2019-02-19, 18:09:56, 24.21, 46.88
2019-02-19, 18:09:57, 24.24, 46.88
2019-02-19, 18:09:59, 24.22, 46.88
2019-02-19, 18:10:00, 24.22, 46.88
2019-02-19, 18:10:01, 24.22, 46.88
2019-02-19, 18:10:03, 24.22, 46.88
2019-02-19, 18:10:04, 24.23, 46.88
2019-02-19, 18:10:05, 24.23, 46.88
2019-02-19, 18:10:07, 24.24, 46.85
2019-02-19, 18:10:08, 24.23, 46.85
2019-02-19, 18:10:09, 24.23, 46.85
2019-02-19, 18:10:11, 24.23, 46.85
2019-02-19, 18:10:12, 24.23, 46.85
2019-02-19, 18:10:14, 24.23, 46.85
2019-02-19, 18:10:15, 24.23, 46.85
2019-02-19, 18:10:16, 24.22, 46.85
2019-02-19, 18:10:18, 24.24, 46.85
2019-02-19, 18:10:19, 24.24, 46.85
2019-02-19, 18:10:20, 24.24, 46.85
2019-02-19, 18:10:22, 24.24, 46.88
2019-02-19, 18:10:23, 24.24, 46.85
2019-02-19, 18:10:24, 24.22, 46.85
2019-02-19, 18:10:26, 24.23, 46.85
2019-02-19, 18:10:27, 24.22, 46.85
2019-02-19, 18:10:28, 24.22, 46.85
2019-02-19, 18:10:30, 24.24, 46.88
2019-02-19, 18:10:31, 24.22, 46.88
2019-02-19, 18:10:32, 24.23, 46.88
2019-02-19, 18:10:34, 24.22, 46.88
2019-02-19, 18:10:35, 24.22, 46.88
2019-02-19, 18:10:37, 24.23, 46.88
2019-02-19, 18:10:38, 24.23, 46.88
2019-02-19, 18:10:39, 24.22, 46.88
2019-02-19, 18:10:41, 24.22, 46.88
2019-02-19, 18:10:42, 24.22, 46.88
2019-02-19, 18:10:43, 24.22, 46.88
2019-02-19, 18:10:45, 24.22, 46.88
2019-02-19, 18:10:46, 24.2, 46.88
2019-02-19, 18:10:47, 24.22, 46.88
2019-02-19, 18:10:49, 24.2, 46.88
2019-02-19, 18:10:50, 24.2, 46.88
2019-02-19, 18:10:51, 24.21, 46.88
2019-02-19, 18:10:53, 24.2, 46.88
2019-02-19, 18:10:54, 24.21, 46.88
2019-02-19, 18:10:55, 24.21, 46.88
2019-02-19, 18:10:57, 24.2, 46.88
2019-02-19, 18:10:58, 24.21, 46.88
2019-02-19, 18:11:00, 24.2, 46.88
2019-02-19, 18:11:01, 24.2, 46.88
2019-02-19, 18:11:02, 24.19, 46.88
2019-02-19, 18:11:04, 24.2, 46.88
2019-02-19, 18:11:05, 24.2, 46.91
2019-02-19, 18:11:06, 24.18, 46.88
2019-02-19, 18:11:08, 24.18, 46.88
2019-02-19, 18:11:09, 24.2, 46.88
2019-02-19, 18:11:10, 24.2, 46.88
2019-02-19, 18:11:12, 24.18, 46.91
2019-02-19, 18:11:13, 24.2, 46.88
2019-02-19, 18:11:14, 24.18, 46.91
2019-02-19, 18:11:16, 24.19, 46.91
2019-02-19, 18:11:17, 24.19, 46.94
2019-02-19, 18:11:18, 24.21, 46.94
2019-02-19, 18:11:20, 24.2, 46.94
2019-02-19, 18:11:21, 24.2, 46.94
2019-02-19, 18:11:23, 24.2, 46.94
2019-02-19, 18:11:24, 24.2, 46.94
2019-02-19, 18:11:25, 24.2, 46.94
2019-02-19, 18:11:27, 24.19, 46.94
2019-02-19, 18:11:28, 24.18, 46.94
2019-02-19, 18:11:29, 24.18, 46.94
2019-02-19, 18:11:31, 24.18, 46.94
2019-02-19, 18:11:32, 24.18, 46.94
2019-02-19, 18:11:33, 24.17, 46.94
2019-02-19, 18:11:35, 24.18, 46.94
2019-02-19, 18:11:36, 24.18, 46.94
2019-02-19, 18:11:37, 24.2, 46.94
2019-02-19, 18:11:39, 24.18, 46.94
2019-02-19, 18:11:40, 24.2, 46.94
2019-02-19, 18:11:41, 24.2, 46.94
2019-02-19, 18:11:43, 24.21, 46.91
2019-02-19, 18:11:44, 24.2, 46.94
2019-02-19, 18:11:46, 24.22, 46.95
2019-02-19, 18:11:47, 24.21, 46.94
2019-02-19, 18:11:48, 24.21, 46.94
2019-02-19, 18:11:50, 24.2, 46.94
2019-02-19, 18:11:51, 24.2, 46.94
2019-02-19, 18:11:52, 24.21, 46.94
2019-02-19, 18:11:54, 24.21, 46.94
2019-02-19, 18:11:55, 24.2, 46.94
2019-02-19, 18:11:56, 24.21, 46.98
2019-02-19, 18:11:58, 24.22, 46.98
2019-02-19, 18:11:59, 24.14, 47.0
2019-02-19, 18:12:00, 24.19, 47.01
2019-02-19, 18:12:02, 24.2, 47.01
2019-02-19, 18:12:03, 24.2, 47.01
2019-02-19, 18:12:05, 24.2, 47.01
2019-02-19, 18:12:06, 24.21, 46.98
2019-02-19, 18:12:07, 24.22, 47.01
2019-02-19, 18:12:09, 24.2, 47.01
2019-02-19, 18:12:10, 24.2, 47.01
2019-02-19, 18:12:11, 24.2, 47.01
2019-02-19, 18:12:13, 24.2, 47.01
2019-02-19, 18:12:14, 24.2, 47.01
2019-02-19, 18:12:15, 24.2, 47.01
2019-02-19, 18:12:17, 24.2, 47.01
2019-02-19, 18:12:18, 24.21, 47.01
2019-02-19, 18:12:19, 24.22, 47.01
2019-02-19, 18:12:21, 24.2, 47.01
2019-02-19, 18:12:22, 24.22, 47.01
2019-02-19, 18:12:23, 24.2, 47.01
2019-02-19, 18:12:25, 24.21, 47.01
2019-02-19, 18:12:26, 24.2, 47.01
2019-02-19, 18:12:28, 24.21, 47.01
2019-02-19, 18:12:29, 24.21, 47.01
2019-02-19, 18:12:30, 24.22, 47.01
2019-02-19, 18:12:32, 24.22, 46.98
2019-02-19, 18:12:33, 24.22, 46.98
2019-02-19, 18:12:34, 24.22, 47.01
2019-02-19, 18:12:36, 24.22, 46.98
2019-02-19, 18:12:37, 24.22, 46.98
2019-02-19, 18:12:38, 24.22, 46.98
2019-02-19, 18:12:40, 24.22, 46.98
2019-02-19, 18:12:41, 24.22, 46.98
2019-02-19, 18:12:42, 24.22, 46.98
2019-02-19, 18:12:44, 24.22, 46.98
2019-02-19, 18:12:45, 24.22, 46.98
2019-02-19, 18:12:46, 24.22, 46.95
2019-02-19, 18:12:48, 24.22, 46.95
2019-02-19, 18:12:49, 24.24, 46.95
2019-02-19, 18:12:51, 24.25, 46.95
2019-02-19, 18:12:52, 24.23, 46.95
2019-02-19, 18:12:53, 24.16, 46.94
2019-02-19, 18:12:55, 24.21, 46.94
2019-02-19, 18:12:56, 24.23, 46.95
2019-02-19, 18:12:57, 24.23, 46.95
2019-02-19, 18:12:59, 24.24, 46.95
2019-02-19, 18:13:00, 24.24, 46.95
2019-02-19, 18:13:01, 24.23, 46.95
2019-02-19, 18:13:03, 24.25, 46.95
2019-02-19, 18:13:04, 24.24, 46.92
2019-02-19, 18:13:05, 24.24, 46.92
2019-02-19, 18:13:07, 24.24, 46.95
2019-02-19, 18:13:08, 24.24, 46.92
2019-02-19, 18:13:09, 24.26, 46.95
2019-02-19, 18:13:11, 24.24, 46.92
2019-02-19, 18:13:12, 24.24, 46.88
2019-02-19, 18:13:14, 24.24, 46.92
2019-02-19, 18:13:15, 24.25, 46.89
2019-02-19, 18:13:16, 24.26, 46.92
2019-02-19, 18:13:18, 24.25, 46.92
2019-02-19, 18:13:19, 24.25, 46.92
2019-02-19, 18:13:20, 24.24, 46.92
2019-02-19, 18:13:22, 24.26, 46.92
2019-02-19, 18:13:23, 24.24, 46.88
2019-02-19, 18:13:24, 24.25, 46.89
2019-02-19, 18:13:26, 24.24, 46.92
2019-02-19, 18:13:27, 24.24, 46.92
2019-02-19, 18:13:28, 24.12, 46.93
2019-02-19, 18:13:30, 24.21, 46.98
2019-02-19, 18:13:31, 24.21, 47.01
2019-02-19, 18:13:33, 24.23, 47.01
2019-02-19, 18:13:34, 24.24, 46.95
2019-02-19, 18:13:35, 24.24, 46.98
2019-02-19, 18:13:37, 24.24, 46.95
2019-02-19, 18:13:38, 24.24, 46.95
2019-02-19, 18:13:39, 24.24, 46.95
2019-02-19, 18:13:41, 24.24, 46.95
2019-02-19, 18:13:42, 24.25, 46.95
2019-02-19, 18:13:43, 24.26, 46.95
2019-02-19, 18:13:45, 24.24, 46.95
2019-02-19, 18:13:46, 24.24, 46.95
2019-02-19, 18:13:47, 24.25, 46.95
2019-02-19, 18:13:49, 24.26, 46.95
2019-02-19, 18:13:50, 24.24, 46.95
2019-02-19, 18:13:51, 24.26, 46.95
2019-02-19, 18:13:53, 24.26, 46.92
2019-02-19, 18:13:54, 24.26, 46.95
2019-02-19, 18:13:56, 24.26, 46.89
2019-02-19, 18:13:57, 24.25, 46.89
2019-02-19, 18:13:58, 24.11, 46.9
2019-02-19, 18:14:00, 24.21, 46.94
2019-02-19, 18:14:01, 24.24, 46.98
2019-02-19, 18:14:02, 24.26, 46.98
2019-02-19, 18:14:04, 24.26, 46.95
2019-02-19, 18:14:05, 24.26, 46.95
2019-02-19, 18:14:06, 24.26, 46.95
2019-02-19, 18:14:08, 24.27, 46.92
2019-02-19, 18:14:09, 24.27, 46.92
2019-02-19, 18:14:10, 24.26, 46.89
2019-02-19, 18:14:12, 24.27, 46.89
2019-02-19, 18:14:13, 24.26, 46.89
2019-02-19, 18:14:14, 24.27, 46.89
2019-02-19, 18:14:16, 24.27, 46.89
2019-02-19, 18:14:17, 24.26, 46.89
2019-02-19, 18:14:19, 24.28, 46.89
2019-02-19, 18:14:20, 24.28, 46.89
2019-02-19, 18:14:21, 24.26, 46.89
2019-02-19, 18:14:23, 24.15, 46.87
2019-02-19, 18:14:24, 24.23, 46.95
2019-02-19, 18:14:25, 24.25, 46.95
2019-02-19, 18:14:27, 24.24, 46.92
2019-02-19, 18:14:28, 24.26, 46.92
2019-02-19, 18:14:29, 24.26, 46.92
2019-02-19, 18:14:31, 24.26, 46.92
2019-02-19, 18:14:32, 24.27, 46.92
2019-02-19, 18:14:33, 24.28, 46.89
2019-02-19, 18:14:35, 24.26, 46.89
2019-02-19, 18:14:36, 24.27, 46.89
2019-02-19, 18:14:37, 24.27, 46.89
2019-02-19, 18:14:39, 24.26, 46.89
2019-02-19, 18:14:40, 24.26, 46.89
2019-02-19, 18:14:42, 24.26, 46.89
2019-02-19, 18:14:43, 24.28, 46.89
2019-02-19, 18:14:44, 24.27, 46.89
2019-02-19, 18:14:46, 24.27, 46.86
2019-02-19, 18:14:47, 24.28, 46.89
2019-02-19, 18:14:48, 24.28, 46.86
2019-02-19, 18:14:50, 24.29, 46.86
2019-02-19, 18:14:51, 24.28, 46.83
2019-02-19, 18:14:52, 24.28, 46.86
2019-02-19, 18:14:54, 24.28, 46.83
2019-02-19, 18:14:55, 24.28, 46.83
2019-02-19, 18:14:56, 24.29, 46.83
2019-02-19, 18:14:58, 24.29, 46.83
2019-02-19, 18:14:59, 24.29, 46.83
2019-02-19, 18:15:00, 24.28, 46.83
2019-02-19, 18:15:02, 24.27, 46.82
2019-02-19, 18:15:03, 24.28, 46.83
2019-02-19, 18:15:05, 24.29, 46.79
2019-02-19, 18:15:06, 24.29, 46.83
2019-02-19, 18:15:07, 24.28, 46.79
2019-02-19, 18:15:09, 24.28, 46.83
2019-02-19, 18:15:10, 24.28, 46.83
2019-02-19, 18:15:11, 24.3, 46.83
2019-02-19, 18:15:13, 24.28, 46.83
2019-02-19, 18:15:14, 24.29, 46.83
2019-02-19, 18:15:15, 24.29, 46.83
2019-02-19, 18:15:17, 24.29, 46.83
2019-02-19, 18:15:18, 24.29, 46.83
2019-02-19, 18:15:19, 24.29, 46.83
2019-02-19, 18:15:21, 24.29, 46.83
2019-02-19, 18:15:22, 24.29, 46.83
2019-02-19, 18:15:24, 24.3, 46.83
2019-02-19, 18:15:25, 24.29, 46.83
2019-02-19, 18:15:26, 24.29, 46.83
2019-02-19, 18:15:28, 24.28, 46.83
2019-02-19, 18:15:29, 24.29, 46.83
2019-02-19, 18:15:30, 24.28, 46.83
2019-02-19, 18:15:32, 24.27, 46.82
2019-02-19, 18:15:33, 24.26, 46.82
2019-02-19, 18:15:34, 24.26, 46.82
2019-02-19, 18:15:36, 24.26, 46.82
2019-02-19, 18:15:37, 24.27, 46.82
2019-02-19, 18:15:38, 24.26, 46.82
2019-02-19, 18:15:40, 24.25, 46.85
2019-02-19, 18:15:41, 24.26, 46.85
2019-02-19, 18:15:42, 24.27, 46.86
2019-02-19, 18:15:44, 24.27, 46.86
2019-02-19, 18:15:45, 24.27, 46.86
2019-02-19, 18:15:47, 24.26, 46.85
2019-02-19, 18:15:48, 24.27, 46.86
2019-02-19, 18:15:49, 24.26, 46.85
2019-02-19, 18:15:51, 24.28, 46.86
2019-02-19, 18:15:52, 24.27, 46.82
2019-02-19, 18:15:53, 24.27, 46.86
2019-02-19, 18:15:55, 24.26, 46.82
2019-02-19, 18:15:56, 24.27, 46.86
2019-02-19, 18:15:57, 24.26, 46.85
2019-02-19, 18:15:59, 24.26, 46.82
2019-02-19, 18:16:00, 24.25, 46.85
2019-02-19, 18:16:01, 24.24, 46.85
2019-02-19, 18:16:03, 24.26, 46.85
2019-02-19, 18:16:04, 24.26, 46.85
2019-02-19, 18:16:05, 24.26, 46.85
2019-02-19, 18:16:07, 24.26, 46.85
2019-02-19, 18:16:08, 24.27, 46.86
2019-02-19, 18:16:10, 24.27, 46.86
2019-02-19, 18:16:11, 24.27, 46.82
2019-02-19, 18:16:12, 24.26, 46.82
2019-02-19, 18:16:14, 24.26, 46.82
2019-02-19, 18:16:15, 24.26, 46.82
2019-02-19, 18:16:16, 24.26, 46.85
2019-02-19, 18:16:18, 24.26, 46.82
2019-02-19, 18:16:19, 24.26, 46.82
2019-02-19, 18:16:20, 24.26, 46.85
2019-02-19, 18:16:22, 24.28, 46.86
2019-02-19, 18:16:23, 24.28, 46.83
2019-02-19, 18:16:24, 24.28, 46.83
2019-02-19, 18:16:26, 24.26, 46.82
2019-02-19, 18:16:27, 24.27, 46.79
2019-02-19, 18:16:29, 24.28, 46.83
2019-02-19, 18:16:30, 24.27, 46.79
2019-02-19, 18:16:31, 24.28, 46.83
2019-02-19, 18:16:33, 24.26, 46.82
2019-02-19, 18:16:34, 24.26, 46.82
2019-02-19, 18:16:35, 24.28, 46.83
2019-02-19, 18:16:37, 24.27, 46.82
2019-02-19, 18:16:38, 24.27, 46.82
2019-02-19, 18:16:39, 24.28, 46.83
2019-02-19, 18:16:41, 24.28, 46.83
2019-02-19, 18:16:42, 24.28, 46.83
2019-02-19, 18:16:43, 24.29, 46.83
2019-02-19, 18:16:45, 24.29, 46.83
2019-02-19, 18:16:46, 24.3, 46.83
2019-02-19, 18:16:47, 24.29, 46.79
2019-02-19, 18:16:49, 24.29, 46.79
2019-02-19, 18:16:50, 24.28, 46.83
2019-02-19, 18:16:52, 24.29, 46.79
2019-02-19, 18:16:53, 24.3, 46.83
2019-02-19, 18:16:54, 24.28, 46.79
2019-02-19, 18:16:56, 24.28, 46.76
2019-02-19, 18:16:57, 24.28, 46.79
2019-02-19, 18:16:58, 24.28, 46.83
2019-02-19, 18:17:00, 24.29, 46.79
2019-02-19, 18:17:01, 24.27, 46.82
2019-02-19, 18:17:02, 24.28, 46.79
2019-02-19, 18:17:04, 24.28, 46.83
2019-02-19, 18:17:05, 24.28, 46.83
2019-02-19, 18:17:07, 24.29, 46.79
2019-02-19, 18:17:08, 24.28, 46.79
2019-02-19, 18:17:09, 24.28, 46.83
2019-02-19, 18:17:11, 24.29, 46.83
2019-02-19, 18:17:12, 24.29, 46.79
2019-02-19, 18:17:13, 24.28, 46.83
2019-02-19, 18:17:15, 24.28, 46.79
2019-02-19, 18:17:16, 24.28, 46.83
2019-02-19, 18:17:17, 24.28, 46.79
2019-02-19, 18:17:19, 24.27, 46.79
2019-02-19, 18:17:20, 24.29, 46.79
2019-02-19, 18:17:21, 24.28, 46.83
2019-02-19, 18:17:23, 24.29, 46.79
2019-02-19, 18:17:24, 24.28, 46.79
2019-02-19, 18:17:26, 24.29, 46.79
2019-02-19, 18:17:27, 24.28, 46.79
2019-02-19, 18:17:28, 24.28, 46.79
2019-02-19, 18:17:30, 24.28, 46.79
2019-02-19, 18:17:31, 24.26, 46.79
2019-02-19, 18:17:32, 24.26, 46.79
2019-02-19, 18:17:34, 24.27, 46.82
2019-02-19, 18:17:35, 24.27, 46.76
2019-02-19, 18:17:36, 24.26, 46.79
2019-02-19, 18:17:38, 24.27, 46.76
2019-02-19, 18:17:39, 24.28, 46.79
2019-02-19, 18:17:40, 24.26, 46.76
2019-02-19, 18:17:42, 24.28, 46.76
2019-02-19, 18:17:43, 24.28, 46.76
2019-02-19, 18:17:44, 24.26, 46.76
2019-02-19, 18:17:46, 24.27, 46.76
2019-02-19, 18:17:47, 24.28, 46.76
2019-02-19, 18:17:49, 24.27, 46.76
2019-02-19, 18:17:50, 24.22, 46.79
2019-02-19, 18:17:51, 24.27, 46.79
2019-02-19, 18:17:53, 24.27, 46.79
2019-02-19, 18:17:54, 24.27, 46.79
2019-02-19, 18:17:55, 24.28, 46.79
2019-02-19, 18:17:57, 24.27, 46.79
2019-02-19, 18:17:58, 24.28, 46.79
2019-02-19, 18:17:59, 24.27, 46.82
2019-02-19, 18:18:01, 24.27, 46.79
2019-02-19, 18:18:02, 24.27, 46.79
2019-02-19, 18:18:03, 24.28, 46.79
2019-02-19, 18:18:05, 24.27, 46.79
2019-02-19, 18:18:06, 24.28, 46.79
2019-02-19, 18:18:07, 24.27, 46.79
2019-02-19, 18:18:09, 24.28, 46.79
2019-02-19, 18:18:10, 24.26, 46.79
2019-02-19, 18:18:12, 24.26, 46.82
2019-02-19, 18:18:13, 24.25, 46.82
2019-02-19, 18:18:14, 24.26, 46.79
2019-02-19, 18:18:16, 24.27, 46.82
2019-02-19, 18:18:17, 24.25, 46.82
2019-02-19, 18:18:18, 24.25, 46.79
2019-02-19, 18:18:20, 24.26, 46.82
2019-02-19, 18:18:21, 24.26, 46.82
2019-02-19, 18:18:22, 24.26, 46.82
2019-02-19, 18:18:24, 24.26, 46.82
2019-02-19, 18:18:25, 24.26, 46.82
2019-02-19, 18:18:26, 24.26, 46.82
2019-02-19, 18:18:28, 24.28, 46.79
2019-02-19, 18:18:29, 24.28, 46.83
2019-02-19, 18:18:30, 24.28, 46.83
2019-02-19, 18:18:32, 24.28, 46.79
2019-02-19, 18:18:33, 24.28, 46.79
2019-02-19, 18:18:35, 24.28, 46.79
2019-02-19, 18:18:36, 24.29, 46.79
2019-02-19, 18:18:37, 24.29, 46.79
2019-02-19, 18:18:39, 24.28, 46.79
2019-02-19, 18:18:40, 24.28, 46.76
2019-02-19, 18:18:41, 24.28, 46.76
2019-02-19, 18:18:43, 24.28, 46.79
2019-02-19, 18:18:44, 24.27, 46.79
2019-02-19, 18:18:45, 24.29, 46.76
2019-02-19, 18:18:47, 24.28, 46.76
2019-02-19, 18:18:48, 24.27, 46.79
2019-02-19, 18:18:49, 24.27, 46.79
2019-02-19, 18:18:51, 24.27, 46.79
2019-02-19, 18:18:52, 24.27, 46.82
2019-02-19, 18:18:54, 24.26, 46.82
2019-02-19, 18:18:55, 24.26, 46.82
2019-02-19, 18:18:56, 24.26, 46.82
2019-02-19, 18:18:58, 24.26, 46.85
2019-02-19, 18:18:59, 24.26, 46.85
2019-02-19, 18:19:00, 24.26, 46.85
2019-02-19, 18:19:02, 24.26, 46.85
2019-02-19, 18:19:03, 24.25, 46.89
2019-02-19, 18:19:04, 24.25, 46.85
2019-02-19, 18:19:06, 24.25, 46.85
2019-02-19, 18:19:07, 24.24, 46.88
2019-02-19, 18:19:08, 24.25, 46.89
2019-02-19, 18:19:10, 24.24, 46.88
2019-02-19, 18:19:11, 24.22, 46.88
2019-02-19, 18:19:12, 24.24, 46.88
2019-02-19, 18:19:14, 24.25, 46.92
2019-02-19, 18:19:15, 24.23, 46.92
2019-02-19, 18:19:17, 24.24, 46.88
2019-02-19, 18:19:18, 24.24, 46.92
2019-02-19, 18:19:19, 24.23, 46.92
2019-02-19, 18:19:21, 24.24, 46.88
2019-02-19, 18:19:22, 24.24, 46.92
2019-02-19, 18:19:23, 24.23, 46.92
2019-02-19, 18:19:25, 24.08, 46.93
2019-02-19, 18:19:26, 24.18, 47.01
2019-02-19, 18:19:27, 24.2, 47.01
2019-02-19, 18:19:29, 24.21, 47.04
2019-02-19, 18:19:30, 24.21, 47.01
2019-02-19, 18:19:31, 24.21, 47.01
2019-02-19, 18:19:33, 24.21, 46.98
2019-02-19, 18:19:34, 24.21, 46.98
2019-02-19, 18:19:36, 24.21, 47.01
2019-02-19, 18:19:37, 24.21, 47.01
2019-02-19, 18:19:38, 24.22, 46.98
2019-02-19, 18:19:40, 24.21, 46.98
2019-02-19, 18:19:41, 24.22, 46.98
2019-02-19, 18:19:42, 24.22, 47.01
2019-02-19, 18:19:44, 24.22, 46.98
2019-02-19, 18:19:45, 24.21, 46.98
2019-02-19, 18:19:46, 24.22, 47.01
2019-02-19, 18:19:48, 24.22, 46.98
2019-02-19, 18:19:49, 24.1, 47.0
2019-02-19, 18:19:50, 24.18, 47.04
2019-02-19, 18:19:52, 24.2, 47.07
2019-02-19, 18:19:53, 24.19, 47.07
2019-02-19, 18:19:54, 24.04, 47.08
2019-02-19, 18:19:56, 24.15, 47.13
2019-02-19, 18:19:57, 24.16, 47.13
2019-02-19, 18:19:59, 24.18, 47.13
2019-02-19, 18:20:00, 24.17, 47.13
2019-02-19, 18:20:01, 24.18, 47.13
2019-02-19, 18:20:03, 24.18, 47.1
2019-02-19, 18:20:04, 24.19, 47.1
2019-02-19, 18:20:05, 24.18, 47.1
2019-02-19, 18:20:07, 24.18, 47.1
2019-02-19, 18:20:08, 24.19, 47.1
2019-02-19, 18:20:09, 24.19, 47.1
2019-02-19, 18:20:11, 24.19, 47.1
2019-02-19, 18:20:12, 24.19, 47.07
2019-02-19, 18:20:13, 24.2, 47.07
2019-02-19, 18:20:15, 24.19, 47.07
2019-02-19, 18:20:16, 24.2, 47.07
2019-02-19, 18:20:17, 24.18, 47.1
2019-02-19, 18:20:19, 24.04, 47.08
2019-02-19, 18:20:20, 24.13, 47.13
2019-02-19, 18:20:22, 24.16, 47.13
2019-02-19, 18:20:23, 24.17, 47.13
2019-02-19, 18:20:24, 24.17, 47.13
2019-02-19, 18:20:26, 24.17, 47.1
2019-02-19, 18:20:27, 24.18, 47.13
2019-02-19, 18:20:28, 24.18, 47.1
2019-02-19, 18:20:30, 24.18, 47.1
2019-02-19, 18:20:31, 24.18, 47.1
2019-02-19, 18:20:32, 24.17, 47.1
2019-02-19, 18:20:34, 24.17, 47.13
2019-02-19, 18:20:35, 24.16, 47.13
2019-02-19, 18:20:36, 24.17, 47.13
2019-02-19, 18:20:38, 24.17, 47.13
2019-02-19, 18:20:39, 24.17, 47.13
2019-02-19, 18:20:41, 24.18, 47.13
2019-02-19, 18:20:42, 24.18, 47.13
2019-02-19, 18:20:43, 24.2, 47.14
2019-02-19, 18:20:45, 24.18, 47.13
2019-02-19, 18:20:46, 24.18, 47.13
2019-02-19, 18:20:47, 24.18, 47.13
2019-02-19, 18:20:49, 24.02, 47.15
2019-02-19, 18:20:50, 24.14, 47.19
2019-02-19, 18:20:51, 24.16, 47.2
2019-02-19, 18:20:53, 24.15, 47.16
2019-02-19, 18:20:54, 24.16, 47.16
2019-02-19, 18:20:55, 24.16, 47.16
2019-02-19, 18:20:57, 24.17, 47.13
2019-02-19, 18:20:58, 24.16, 47.13
2019-02-19, 18:20:59, 24.16, 47.13
2019-02-19, 18:21:01, 24.17, 47.13
2019-02-19, 18:21:02, 24.16, 47.13
2019-02-19, 18:21:04, 24.18, 47.13
2019-02-19, 18:21:05, 24.15, 47.13
2019-02-19, 18:21:06, 24.16, 47.13
2019-02-19, 18:21:08, 24.17, 47.13
2019-02-19, 18:21:09, 24.18, 47.13
2019-02-19, 18:21:10, 24.18, 47.13
2019-02-19, 18:21:12, 24.17, 47.13
2019-02-19, 18:21:13, 24.18, 47.13
2019-02-19, 18:21:14, 24.18, 47.13
2019-02-19, 18:21:16, 24.18, 47.13
2019-02-19, 18:21:17, 24.18, 47.13
2019-02-19, 18:21:18, 24.18, 47.13
2019-02-19, 18:21:20, 24.16, 47.13
2019-02-19, 18:21:21, 24.18, 47.13
2019-02-19, 18:21:22, 24.18, 47.17
2019-02-19, 18:21:24, 24.17, 47.13
2019-02-19, 18:21:25, 24.19, 47.13
2019-02-19, 18:21:27, 24.18, 47.13
2019-02-19, 18:21:28, 24.16, 47.16
2019-02-19, 18:21:29, 24.16, 47.13
2019-02-19, 18:21:31, 24.18, 47.13
2019-02-19, 18:21:32, 24.18, 47.13
2019-02-19, 18:21:33, 24.18, 47.13
2019-02-19, 18:21:35, 24.18, 47.13
2019-02-19, 18:21:36, 24.17, 47.13
2019-02-19, 18:21:37, 24.17, 47.13
2019-02-19, 18:21:39, 24.16, 47.13
2019-02-19, 18:21:40, 24.17, 47.13
2019-02-19, 18:21:41, 24.18, 47.13
2019-02-19, 18:21:43, 24.17, 47.13
2019-02-19, 18:21:44, 24.16, 47.13
2019-02-19, 18:21:46, 24.16, 47.13
2019-02-19, 18:21:47, 24.16, 47.13
2019-02-19, 18:21:48, 24.16, 47.13
2019-02-19, 18:21:50, 24.16, 47.13
2019-02-19, 18:21:51, 24.16, 47.13
2019-02-19, 18:21:52, 24.16, 47.16
2019-02-19, 18:21:54, 24.18, 47.13
2019-02-19, 18:21:55, 24.16, 47.16
2019-02-19, 18:21:56, 24.17, 47.16
2019-02-19, 18:21:58, 24.18, 47.17
2019-02-19, 18:21:59, 24.17, 47.13
2019-02-19, 18:22:00, 24.18, 47.13
2019-02-19, 18:22:02, 24.18, 47.13
2019-02-19, 18:22:03, 24.19, 47.1
2019-02-19, 18:22:04, 24.18, 47.13
2019-02-19, 18:22:06, 24.19, 47.1
2019-02-19, 18:22:07, 24.19, 47.13
2019-02-19, 18:22:09, 24.18, 47.1
2019-02-19, 18:22:10, 24.18, 47.1
2019-02-19, 18:22:11, 24.19, 47.07
2019-02-19, 18:22:13, 24.19, 47.07
2019-02-19, 18:22:14, 24.2, 47.07
2019-02-19, 18:22:15, 24.19, 47.1
2019-02-19, 18:22:17, 24.19, 47.1
2019-02-19, 18:22:18, 24.18, 47.1
2019-02-19, 18:22:19, 24.18, 47.07
2019-02-19, 18:22:21, 24.19, 47.1
2019-02-19, 18:22:22, 24.19, 47.1
2019-02-19, 18:22:23, 24.2, 47.07
2019-02-19, 18:22:25, 24.19, 47.1
2019-02-19, 18:22:26, 24.2, 47.07
2019-02-19, 18:22:28, 24.18, 47.07
2019-02-19, 18:22:29, 24.2, 47.07
2019-02-19, 18:22:30, 24.2, 47.07
2019-02-19, 18:22:32, 24.19, 47.07
2019-02-19, 18:22:33, 24.18, 47.04
2019-02-19, 18:22:34, 24.18, 47.04
2019-02-19, 18:22:36, 24.19, 47.04
2019-02-19, 18:22:37, 24.19, 47.01
2019-02-19, 18:22:38, 24.18, 47.04
2019-02-19, 18:22:40, 24.19, 47.01
2019-02-19, 18:22:41, 24.18, 47.01
2019-02-19, 18:22:42, 24.19, 47.01
2019-02-19, 18:22:44, 24.2, 47.01
2019-02-19, 18:22:45, 24.19, 47.04
2019-02-19, 18:22:46, 24.2, 47.04
2019-02-19, 18:22:48, 24.2, 47.04
2019-02-19, 18:22:49, 24.2, 47.04
2019-02-19, 18:22:51, 24.2, 47.01
2019-02-19, 18:22:52, 24.08, 47.06
2019-02-19, 18:22:53, 24.16, 47.07
2019-02-19, 18:22:55, 24.17, 47.07
2019-02-19, 18:22:56, 24.17, 47.07
2019-02-19, 18:22:57, 24.18, 47.07
2019-02-19, 18:22:59, 24.19, 47.07
2019-02-19, 18:23:00, 24.19, 47.07
2019-02-19, 18:23:01, 24.21, 47.07
2019-02-19, 18:23:03, 24.2, 47.07
2019-02-19, 18:23:04, 24.2, 47.04
2019-02-19, 18:23:05, 24.21, 47.04
2019-02-19, 18:23:07, 24.2, 47.04
2019-02-19, 18:23:08, 24.21, 47.01
2019-02-19, 18:23:10, 24.21, 47.01
2019-02-19, 18:23:11, 24.21, 47.04
2019-02-19, 18:23:12, 24.21, 47.04
2019-02-19, 18:23:14, 24.2, 47.01
2019-02-19, 18:23:15, 24.22, 47.01
2019-02-19, 18:23:16, 24.22, 47.01
2019-02-19, 18:23:18, 24.2, 47.01
2019-02-19, 18:23:19, 24.21, 47.01
2019-02-19, 18:23:20, 24.21, 47.01
2019-02-19, 18:23:22, 24.21, 47.01
2019-02-19, 18:23:23, 24.21, 47.01
2019-02-19, 18:23:24, 24.21, 47.01
2019-02-19, 18:23:26, 24.21, 47.01
2019-02-19, 18:23:27, 24.22, 47.01
2019-02-19, 18:23:28, 24.21, 47.01
2019-02-19, 18:23:30, 24.21, 46.98
2019-02-19, 18:23:31, 24.22, 47.01
2019-02-19, 18:23:33, 24.2, 47.01
2019-02-19, 18:23:34, 24.23, 46.98
2019-02-19, 18:23:35, 24.22, 47.01
2019-02-19, 18:23:37, 24.22, 47.01
2019-02-19, 18:23:38, 24.22, 47.01
2019-02-19, 18:23:39, 24.22, 47.01
2019-02-19, 18:23:41, 24.22, 47.01
2019-02-19, 18:23:42, 24.22, 47.01
2019-02-19, 18:23:43, 24.22, 47.01
2019-02-19, 18:23:45, 24.22, 47.01
2019-02-19, 18:23:46, 24.12, 47.0
2019-02-19, 18:23:47, 24.19, 47.01
2019-02-19, 18:23:49, 24.18, 47.04
2019-02-19, 18:23:50, 24.19, 47.01
2019-02-19, 18:23:52, 24.19, 47.01
2019-02-19, 18:23:53, 24.2, 47.01
2019-02-19, 18:23:54, 24.19, 47.01
2019-02-19, 18:23:56, 24.19, 47.01
2019-02-19, 18:23:57, 24.19, 47.01
2019-02-19, 18:23:58, 24.2, 47.01
2019-02-19, 18:24:00, 24.2, 47.01
2019-02-19, 18:24:01, 24.2, 47.01
2019-02-19, 18:24:02, 24.2, 47.01
2019-02-19, 18:24:04, 24.19, 47.01
2019-02-19, 18:24:05, 24.19, 47.01
2019-02-19, 18:24:06, 24.2, 47.01
2019-02-19, 18:24:08, 24.18, 47.01
2019-02-19, 18:24:09, 24.19, 47.01
2019-02-19, 18:24:11, 24.18, 47.01
2019-02-19, 18:24:12, 24.18, 47.01
2019-02-19, 18:24:13, 24.19, 47.01
2019-02-19, 18:24:15, 24.19, 47.01
2019-02-19, 18:24:16, 24.06, 46.99
2019-02-19, 18:24:17, 24.16, 47.07
2019-02-19, 18:24:19, 24.16, 47.07
2019-02-19, 18:24:20, 24.16, 47.07
2019-02-19, 18:24:21, 24.18, 47.07
2019-02-19, 18:24:23, 24.17, 47.04
2019-02-19, 18:24:24, 24.18, 47.04
2019-02-19, 18:24:25, 24.18, 47.04
2019-02-19, 18:24:27, 24.18, 47.04
2019-02-19, 18:24:28, 24.2, 47.01
2019-02-19, 18:24:30, 24.18, 47.01
2019-02-19, 18:24:31, 24.18, 47.01
2019-02-19, 18:24:32, 24.16, 47.03
2019-02-19, 18:24:34, 24.17, 47.0
2019-02-19, 18:24:35, 24.18, 47.01
2019-02-19, 18:24:36, 24.17, 47.0
2019-02-19, 18:24:38, 24.17, 47.0
2019-02-19, 18:24:39, 24.18, 47.04
2019-02-19, 18:24:40, 24.17, 47.04
2019-02-19, 18:24:42, 24.18, 47.01
2019-02-19, 18:24:43, 24.18, 47.04
2019-02-19, 18:24:44, 24.17, 47.0
2019-02-19, 18:24:46, 24.16, 47.03
2019-02-19, 18:24:47, 24.17, 47.04
2019-02-19, 18:24:48, 24.18, 47.04
2019-02-19, 18:24:50, 24.17, 47.04
2019-02-19, 18:24:51, 24.14, 47.06
2019-02-19, 18:24:53, 24.16, 47.07
2019-02-19, 18:24:54, 24.16, 47.07
2019-02-19, 18:24:55, 24.16, 47.03
2019-02-19, 18:24:57, 24.17, 47.07
2019-02-19, 18:24:58, 24.18, 47.07
2019-02-19, 18:24:59, 24.18, 47.04
2019-02-19, 18:25:01, 24.18, 47.04
2019-02-19, 18:25:02, 24.17, 47.04
2019-02-19, 18:25:03, 24.18, 47.04
2019-02-19, 18:25:05, 24.17, 47.04
2019-02-19, 18:25:06, 24.18, 47.07
2019-02-19, 18:25:07, 24.17, 47.04
2019-02-19, 18:25:09, 24.18, 47.07
2019-02-19, 18:25:10, 24.18, 47.07
2019-02-19, 18:25:12, 24.2, 47.04
2019-02-19, 18:25:13, 24.19, 47.04
2019-02-19, 18:25:14, 24.18, 47.04
2019-02-19, 18:25:16, 24.18, 47.07
2019-02-19, 18:25:17, 24.2, 47.07
2019-02-19, 18:25:18, 24.18, 47.04
2019-02-19, 18:25:20, 24.18, 47.04
2019-02-19, 18:25:21, 24.18, 47.04
2019-02-19, 18:25:22, 24.19, 47.07
2019-02-19, 18:25:24, 24.18, 47.04
2019-02-19, 18:25:25, 24.18, 47.07
2019-02-19, 18:25:26, 24.18, 47.04
2019-02-19, 18:25:28, 24.2, 47.04
2019-02-19, 18:25:29, 24.19, 47.07
2019-02-19, 18:25:30, 24.18, 47.04
2019-02-19, 18:25:32, 24.18, 47.04
2019-02-19, 18:25:33, 24.19, 47.04
2019-02-19, 18:25:35, 24.18, 47.04
2019-02-19, 18:25:36, 24.19, 47.04
2019-02-19, 18:25:37, 24.2, 47.04
2019-02-19, 18:25:39, 24.19, 47.04
2019-02-19, 18:25:40, 24.19, 47.04
2019-02-19, 18:25:41, 24.2, 47.04
2019-02-19, 18:25:43, 24.19, 47.01
2019-02-19, 18:25:44, 24.18, 47.01
2019-02-19, 18:25:45, 24.03, 47.05
2019-02-19, 18:25:47, 24.16, 47.13
2019-02-19, 18:25:48, 24.17, 47.13
2019-02-19, 18:25:49, 24.17, 47.13
2019-02-19, 18:25:51, 24.18, 47.13
2019-02-19, 18:25:52, 24.19, 47.1
2019-02-19, 18:25:54, 24.19, 47.1
2019-02-19, 18:25:55, 24.19, 47.07
2019-02-19, 18:25:56, 24.2, 47.07
2019-02-19, 18:25:58, 24.19, 47.07
2019-02-19, 18:25:59, 24.2, 47.07
2019-02-19, 18:26:00, 24.2, 47.07
2019-02-19, 18:26:02, 24.19, 47.07
2019-02-19, 18:26:03, 24.19, 47.07
2019-02-19, 18:26:04, 24.18, 47.07
2019-02-19, 18:26:06, 24.19, 47.07
2019-02-19, 18:26:07, 24.18, 47.07
2019-02-19, 18:26:08, 24.18, 47.04
2019-02-19, 18:26:10, 24.18, 47.07
2019-02-19, 18:26:11, 24.18, 47.07
2019-02-19, 18:26:13, 24.19, 47.07
2019-02-19, 18:26:14, 24.2, 47.07
2019-02-19, 18:26:15, 24.19, 47.04
2019-02-19, 18:26:17, 24.2, 47.07
2019-02-19, 18:26:18, 24.18, 47.07
2019-02-19, 18:26:19, 24.17, 47.07
2019-02-19, 18:26:21, 24.18, 47.07
2019-02-19, 18:26:22, 24.18, 47.07
2019-02-19, 18:26:23, 24.19, 47.07
2019-02-19, 18:26:25, 24.17, 47.07
2019-02-19, 18:26:26, 24.17, 47.07
2019-02-19, 18:26:27, 24.16, 47.07
2019-02-19, 18:26:29, 24.16, 47.03
2019-02-19, 18:26:30, 24.16, 47.03
2019-02-19, 18:26:32, 24.16, 47.03
2019-02-19, 18:26:33, 24.15, 47.07
2019-02-19, 18:26:34, 24.16, 47.07
2019-02-19, 18:26:36, 24.18, 47.07
2019-02-19, 18:26:37, 24.18, 47.07
2019-02-19, 18:26:38, 24.18, 47.04
2019-02-19, 18:26:40, 24.18, 47.07
2019-02-19, 18:26:41, 24.18, 47.04
2019-02-19, 18:26:42, 24.2, 47.04
2019-02-19, 18:26:44, 24.19, 47.01
2019-02-19, 18:26:45, 24.19, 47.04
2019-02-19, 18:26:46, 24.18, 47.04
2019-02-19, 18:26:48, 24.18, 47.01
2019-02-19, 18:26:49, 24.1, 47.03
2019-02-19, 18:26:51, 24.17, 47.07
2019-02-19, 18:26:52, 24.17, 47.07
2019-02-19, 18:26:53, 24.17, 47.07
2019-02-19, 18:26:55, 24.17, 47.07
2019-02-19, 18:26:56, 24.17, 47.07
2019-02-19, 18:26:57, 24.18, 47.04
2019-02-19, 18:26:59, 24.18, 47.07
2019-02-19, 18:27:00, 24.18, 47.04
2019-02-19, 18:27:01, 24.18, 47.04
2019-02-19, 18:27:03, 24.18, 47.04
2019-02-19, 18:27:04, 24.18, 47.04
2019-02-19, 18:27:05, 24.18, 47.04
2019-02-19, 18:27:07, 24.19, 47.04
2019-02-19, 18:27:08, 24.18, 47.01
2019-02-19, 18:27:09, 24.19, 47.01
2019-02-19, 18:27:11, 24.2, 47.04
2019-02-19, 18:27:12, 24.2, 47.04
2019-02-19, 18:27:14, 24.21, 47.01
2019-02-19, 18:27:15, 24.21, 47.01
2019-02-19, 18:27:16, 24.2, 47.01
2019-02-19, 18:27:18, 24.21, 47.01
2019-02-19, 18:27:19, 24.21, 47.01
2019-02-19, 18:27:20, 24.2, 46.98
2019-02-19, 18:27:22, 24.2, 47.01
2019-02-19, 18:27:23, 24.2, 47.01
2019-02-19, 18:27:24, 24.2, 47.01
2019-02-19, 18:27:26, 24.2, 47.01
2019-02-19, 18:27:27, 24.21, 47.01
2019-02-19, 18:27:28, 24.2, 47.01
2019-02-19, 18:27:30, 24.2, 47.01
2019-02-19, 18:27:31, 24.21, 47.01
2019-02-19, 18:27:33, 24.2, 47.01
2019-02-19, 18:27:34, 24.2, 47.01
2019-02-19, 18:27:35, 24.22, 47.01
2019-02-19, 18:27:37, 24.22, 47.01
2019-02-19, 18:27:38, 24.2, 47.01
2019-02-19, 18:27:39, 24.21, 47.01
2019-02-19, 18:27:41, 24.21, 47.01
2019-02-19, 18:27:42, 24.2, 47.01
2019-02-19, 18:27:43, 24.22, 47.01
2019-02-19, 18:27:45, 24.21, 47.01
2019-02-19, 18:27:46, 24.2, 47.01
2019-02-19, 18:27:47, 24.2, 47.04
2019-02-19, 18:27:49, 24.21, 47.04
2019-02-19, 18:27:50, 24.2, 47.04
2019-02-19, 18:27:51, 24.21, 47.04
2019-02-19, 18:27:53, 24.22, 47.07
2019-02-19, 18:27:54, 24.21, 47.01
2019-02-19, 18:27:56, 24.2, 47.04
2019-02-19, 18:27:57, 24.2, 47.04
2019-02-19, 18:27:58, 24.2, 47.07
2019-02-19, 18:28:00, 24.21, 47.04
2019-02-19, 18:28:01, 24.21, 47.04
2019-02-19, 18:28:02, 24.21, 47.07
2019-02-19, 18:28:04, 24.21, 47.07
2019-02-19, 18:28:05, 24.2, 47.07
2019-02-19, 18:28:06, 24.2, 47.07
2019-02-19, 18:28:08, 24.21, 47.07
2019-02-19, 18:28:09, 24.2, 47.1
2019-02-19, 18:28:10, 24.19, 47.07
2019-02-19, 18:28:12, 24.2, 47.1
2019-02-19, 18:28:13, 24.1, 47.09
2019-02-19, 18:28:14, 24.18, 47.13
2019-02-19, 18:28:16, 24.19, 47.13
2019-02-19, 18:28:17, 24.18, 47.13
2019-02-19, 18:28:19, 24.2, 47.14
2019-02-19, 18:28:20, 24.19, 47.13
2019-02-19, 18:28:21, 24.2, 47.14
2019-02-19, 18:28:23, 24.2, 47.14
2019-02-19, 18:28:24, 24.2, 47.1
2019-02-19, 18:28:25, 24.2, 47.14
2019-02-19, 18:28:27, 24.2, 47.1
2019-02-19, 18:28:28, 24.2, 47.14
2019-02-19, 18:28:29, 24.19, 47.13
2019-02-19, 18:28:31, 24.19, 47.13
2019-02-19, 18:28:32, 24.2, 47.14
2019-02-19, 18:28:33, 24.18, 47.13
2019-02-19, 18:28:35, 24.19, 47.13
2019-02-19, 18:28:36, 24.17, 47.13
2019-02-19, 18:28:37, 24.19, 47.13
2019-02-19, 18:28:39, 24.18, 47.13
2019-02-19, 18:28:40, 24.2, 47.14
2019-02-19, 18:28:42, 24.18, 47.13
2019-02-19, 18:28:43, 24.18, 47.17
2019-02-19, 18:28:44, 24.17, 47.13
2019-02-19, 18:28:46, 24.2, 47.17
2019-02-19, 18:28:47, 24.18, 47.17
2019-02-19, 18:28:48, 24.19, 47.13
2019-02-19, 18:28:50, 24.18, 47.2
2019-02-19, 18:28:51, 24.18, 47.17
2019-02-19, 18:28:52, 24.18, 47.17
2019-02-19, 18:28:54, 24.18, 47.13
2019-02-19, 18:28:55, 24.19, 47.13
2019-02-19, 18:28:56, 24.2, 47.14
2019-02-19, 18:28:58, 24.19, 47.13
2019-02-19, 18:28:59, 24.2, 47.14
2019-02-19, 18:29:01, 24.2, 47.14
2019-02-19, 18:29:02, 24.18, 47.13
2019-02-19, 18:29:03, 24.18, 47.13
2019-02-19, 18:29:05, 24.2, 47.14
2019-02-19, 18:29:06, 24.19, 47.1
2019-02-19, 18:29:07, 24.2, 47.14
2019-02-19, 18:29:09, 24.2, 47.1
2019-02-19, 18:29:10, 24.2, 47.1
2019-02-19, 18:29:11, 24.2, 47.07
2019-02-19, 18:29:13, 24.2, 47.1
2019-02-19, 18:29:14, 24.19, 47.1
2019-02-19, 18:29:15, 24.17, 47.13
2019-02-19, 18:29:17, 24.18, 47.13
2019-02-19, 18:29:18, 24.17, 47.13
2019-02-19, 18:29:19, 24.18, 47.13
2019-02-19, 18:29:21, 24.18, 47.13
2019-02-19, 18:29:22, 24.18, 47.1
2019-02-19, 18:29:24, 24.18, 47.13
2019-02-19, 18:29:25, 24.18, 47.13
2019-02-19, 18:29:26, 24.2, 47.14
2019-02-19, 18:29:28, 24.2, 47.1
2019-02-19, 18:29:29, 24.2, 47.14
2019-02-19, 18:29:30, 24.21, 47.14
2019-02-19, 18:29:32, 24.2, 47.14
2019-02-19, 18:29:33, 24.18, 47.13
2019-02-19, 18:29:34, 24.18, 47.13
2019-02-19, 18:29:36, 24.18, 47.13
2019-02-19, 18:29:37, 24.16, 47.13
2019-02-19, 18:29:38, 24.18, 47.13
2019-02-19, 18:29:40, 24.19, 47.13
2019-02-19, 18:29:41, 24.18, 47.13
2019-02-19, 18:29:42, 24.06, 47.15
2019-02-19, 18:29:44, 24.14, 47.19
2019-02-19, 18:29:45, 24.16, 47.23
2019-02-19, 18:29:47, 24.16, 47.23
2019-02-19, 18:29:48, 24.02, 47.24
2019-02-19, 18:29:49, 24.12, 47.29
2019-02-19, 18:29:51, 24.14, 47.29
2019-02-19, 18:29:52, 24.14, 47.29
2019-02-19, 18:29:53, 24.16, 47.26
2019-02-19, 18:29:55, 24.16, 47.26
2019-02-19, 18:29:56, 24.16, 47.23
2019-02-19, 18:29:57, 24.16, 47.2
2019-02-19, 18:29:59, 24.16, 47.23
2019-02-19, 18:30:00, 24.16, 47.2
2019-02-19, 18:30:01, 24.17, 47.2
2019-02-19, 18:30:03, 24.16, 47.2
2019-02-19, 18:30:04, 24.17, 47.2
2019-02-19, 18:30:06, 24.18, 47.2
2019-02-19, 18:30:07, 24.18, 47.2
2019-02-19, 18:30:08, 24.16, 47.2
2019-02-19, 18:30:10, 24.18, 47.2
2019-02-19, 18:30:11, 24.18, 47.2
2019-02-19, 18:30:12, 24.2, 47.17
2019-02-19, 18:30:14, 24.18, 47.2
2019-02-19, 18:30:15, 24.18, 47.2
2019-02-19, 18:30:16, 24.17, 47.16
2019-02-19, 18:30:18, 24.16, 47.16
2019-02-19, 18:30:19, 24.18, 47.2
2019-02-19, 18:30:20, 24.18, 47.17
2019-02-19, 18:30:22, 24.19, 47.17
2019-02-19, 18:30:23, 24.18, 47.17
2019-02-19, 18:30:25, 24.19, 47.17
2019-02-19, 18:30:26, 24.17, 47.13
2019-02-19, 18:30:27, 24.19, 47.17
2019-02-19, 18:30:29, 24.19, 47.17
2019-02-19, 18:30:30, 24.18, 47.17
2019-02-19, 18:30:31, 24.18, 47.17
2019-02-19, 18:30:33, 24.19, 47.17
2019-02-19, 18:30:34, 24.19, 47.13
2019-02-19, 18:30:35, 24.18, 47.13
2019-02-19, 18:30:37, 24.2, 47.14
2019-02-19, 18:30:38, 24.2, 47.14
2019-02-19, 18:30:39, 24.21, 47.14
2019-02-19, 18:30:41, 24.21, 47.14
2019-02-19, 18:30:42, 24.22, 47.11
2019-02-19, 18:30:43, 24.21, 47.11
2019-02-19, 18:30:45, 24.2, 47.1
2019-02-19, 18:30:46, 24.21, 47.11
2019-02-19, 18:30:48, 24.21, 47.11
2019-02-19, 18:30:49, 24.22, 47.11
2019-02-19, 18:30:50, 24.21, 47.07
2019-02-19, 18:30:52, 24.22, 47.07
2019-02-19, 18:30:53, 24.22, 47.07
2019-02-19, 18:30:54, 24.22, 47.07
2019-02-19, 18:30:56, 24.2, 47.04
2019-02-19, 18:30:57, 24.22, 47.07
2019-02-19, 18:30:58, 24.22, 47.07
2019-02-19, 18:31:00, 24.23, 47.08
2019-02-19, 18:31:01, 24.23, 47.08
2019-02-19, 18:31:02, 24.23, 47.08
2019-02-19, 18:31:04, 24.23, 47.08
2019-02-19, 18:31:05, 24.23, 47.08
2019-02-19, 18:31:07, 24.22, 47.07
2019-02-19, 18:31:08, 24.23, 47.04
2019-02-19, 18:31:09, 24.24, 47.04
2019-02-19, 18:31:11, 24.24, 47.04
2019-02-19, 18:31:12, 24.22, 47.04
2019-02-19, 18:31:13, 24.22, 47.01
2019-02-19, 18:31:15, 24.24, 47.01
2019-02-19, 18:31:16, 24.23, 47.01
2019-02-19, 18:31:17, 24.24, 47.01
2019-02-19, 18:31:19, 24.24, 47.01
2019-02-19, 18:31:20, 24.24, 47.01
2019-02-19, 18:31:21, 24.24, 47.01
2019-02-19, 18:31:23, 24.24, 47.01
2019-02-19, 18:31:24, 24.24, 47.01
2019-02-19, 18:31:25, 24.24, 47.01
2019-02-19, 18:31:27, 24.24, 47.01
2019-02-19, 18:31:28, 24.25, 47.01
2019-02-19, 18:31:30, 24.25, 47.01
2019-02-19, 18:31:31, 24.24, 47.01
2019-02-19, 18:31:32, 24.25, 47.01
2019-02-19, 18:31:34, 24.26, 47.02
2019-02-19, 18:31:35, 24.24, 47.01
2019-02-19, 18:31:36, 24.22, 47.01
2019-02-19, 18:31:38, 24.24, 46.98
2019-02-19, 18:31:39, 24.25, 46.98
2019-02-19, 18:31:40, 24.24, 46.98
2019-02-19, 18:31:42, 24.24, 46.98
2019-02-19, 18:31:43, 24.25, 46.98
2019-02-19, 18:31:44, 24.24, 47.01
2019-02-19, 18:31:46, 24.2, 46.98
2019-02-19, 18:31:47, 24.24, 46.98
2019-02-19, 18:31:49, 24.24, 46.98
2019-02-19, 18:31:50, 24.25, 47.01
2019-02-19, 18:31:51, 24.26, 46.98
2019-02-19, 18:31:53, 24.26, 46.98
2019-02-19, 18:31:54, 24.26, 46.98
2019-02-19, 18:31:55, 24.24, 46.95
2019-02-19, 18:31:57, 24.26, 46.95
2019-02-19, 18:31:58, 24.25, 46.95
2019-02-19, 18:31:59, 24.26, 46.95
2019-02-19, 18:32:01, 24.26, 46.95
2019-02-19, 18:32:02, 24.26, 46.95
2019-02-19, 18:32:03, 24.25, 46.95
2019-02-19, 18:32:05, 24.25, 46.95
2019-02-19, 18:32:06, 24.26, 46.95
2019-02-19, 18:32:08, 24.26, 46.95
2019-02-19, 18:32:09, 24.26, 46.92
2019-02-19, 18:32:10, 24.23, 46.95
2019-02-19, 18:32:12, 24.26, 46.95
2019-02-19, 18:32:13, 24.25, 46.92
2019-02-19, 18:32:14, 24.26, 46.95
2019-02-19, 18:32:16, 24.16, 46.94
2019-02-19, 18:32:17, 24.23, 46.95
2019-02-19, 18:32:18, 24.25, 46.98
2019-02-19, 18:32:20, 24.25, 46.98
2019-02-19, 18:32:21, 24.26, 46.95
2019-02-19, 18:32:22, 24.26, 46.95
2019-02-19, 18:32:24, 24.26, 46.95
2019-02-19, 18:32:25, 24.27, 46.95
2019-02-19, 18:32:26, 24.26, 46.92
2019-02-19, 18:32:28, 24.27, 46.92
2019-02-19, 18:32:29, 24.27, 46.92
2019-02-19, 18:32:31, 24.28, 46.92
2019-02-19, 18:32:32, 24.26, 46.89
2019-02-19, 18:32:33, 24.27, 46.89
2019-02-19, 18:32:35, 24.27, 46.89
2019-02-19, 18:32:36, 24.26, 46.89
2019-02-19, 18:32:37, 24.26, 46.89
2019-02-19, 18:32:39, 24.26, 46.89
2019-02-19, 18:32:40, 24.28, 46.89
2019-02-19, 18:32:41, 24.28, 46.89
2019-02-19, 18:32:43, 24.27, 46.89
2019-02-19, 18:32:44, 24.26, 46.92
2019-02-19, 18:32:45, 24.17, 46.94
2019-02-19, 18:32:47, 24.24, 46.95
2019-02-19, 18:32:48, 24.25, 46.95
2019-02-19, 18:32:49, 24.26, 46.95
2019-02-19, 18:32:51, 24.25, 46.95
2019-02-19, 18:32:52, 24.28, 46.95
2019-02-19, 18:32:54, 24.25, 46.95
2019-02-19, 18:32:55, 24.26, 46.92
2019-02-19, 18:32:56, 24.26, 46.92
2019-02-19, 18:32:58, 24.26, 46.92
2019-02-19, 18:32:59, 24.29, 46.89
2019-02-19, 18:33:00, 24.27, 46.89
2019-02-19, 18:33:02, 24.28, 46.89
2019-02-19, 18:33:03, 24.28, 46.89
2019-02-19, 18:33:04, 24.28, 46.89
2019-02-19, 18:33:06, 24.28, 46.89
2019-02-19, 18:33:07, 24.28, 46.89
2019-02-19, 18:33:08, 24.29, 46.89
2019-02-19, 18:33:10, 24.2, 46.88
2019-02-19, 18:33:11, 24.26, 46.89
2019-02-19, 18:33:12, 24.26, 46.89
2019-02-19, 18:33:14, 24.26, 46.92
2019-02-19, 18:33:15, 24.26, 46.89
2019-02-19, 18:33:17, 24.27, 46.92
2019-02-19, 18:33:18, 24.26, 46.89
2019-02-19, 18:33:19, 24.26, 46.92
2019-02-19, 18:33:21, 24.27, 46.92
2019-02-19, 18:33:22, 24.27, 46.89
2019-02-19, 18:33:23, 24.26, 46.92
2019-02-19, 18:33:25, 24.27, 46.92
2019-02-19, 18:33:26, 24.28, 46.89
2019-02-19, 18:33:27, 24.28, 46.89
2019-02-19, 18:33:29, 24.28, 46.89
2019-02-19, 18:33:30, 24.29, 46.89
2019-02-19, 18:33:31, 24.28, 46.89
2019-02-19, 18:33:33, 24.29, 46.89
2019-02-19, 18:33:34, 24.29, 46.89
2019-02-19, 18:33:35, 24.29, 46.89
2019-02-19, 18:33:37, 24.28, 46.89
2019-02-19, 18:33:38, 24.28, 46.89
2019-02-19, 18:33:40, 24.19, 46.91
2019-02-19, 18:33:41, 24.24, 46.95
2019-02-19, 18:33:42, 24.27, 46.95
2019-02-19, 18:33:44, 24.27, 46.95
2019-02-19, 18:33:45, 24.28, 46.95
2019-02-19, 18:33:46, 24.28, 46.95
2019-02-19, 18:33:48, 24.28, 46.95
2019-02-19, 18:33:49, 24.28, 46.92
2019-02-19, 18:33:50, 24.28, 46.95
2019-02-19, 18:33:52, 24.29, 46.95
2019-02-19, 18:33:53, 24.29, 46.92
2019-02-19, 18:33:54, 24.3, 46.92
2019-02-19, 18:33:56, 24.3, 46.89
2019-02-19, 18:33:57, 24.31, 46.89
2019-02-19, 18:33:59, 24.3, 46.89
2019-02-19, 18:34:00, 24.3, 46.89
2019-02-19, 18:34:01, 24.3, 46.86
2019-02-19, 18:34:03, 24.29, 46.89
2019-02-19, 18:34:04, 24.3, 46.89
2019-02-19, 18:34:05, 24.3, 46.89
2019-02-19, 18:34:07, 24.3, 46.89
2019-02-19, 18:34:08, 24.31, 46.89
2019-02-19, 18:34:09, 24.18, 46.91
2019-02-19, 18:34:11, 24.27, 46.92
2019-02-19, 18:34:12, 24.28, 46.92
2019-02-19, 18:34:13, 24.29, 46.95
2019-02-19, 18:34:15, 24.3, 46.92
2019-02-19, 18:34:16, 24.3, 46.92
2019-02-19, 18:34:17, 24.3, 46.92
2019-02-19, 18:34:19, 24.3, 46.92
2019-02-19, 18:34:20, 24.3, 46.89
2019-02-19, 18:34:22, 24.31, 46.89
2019-02-19, 18:34:23, 24.31, 46.89
2019-02-19, 18:34:24, 24.32, 46.89
2019-02-19, 18:34:26, 24.31, 46.89
2019-02-19, 18:34:27, 24.32, 46.89
2019-02-19, 18:34:28, 24.31, 46.86
2019-02-19, 18:34:30, 24.33, 46.9
2019-02-19, 18:34:31, 24.33, 46.9
2019-02-19, 18:34:32, 24.32, 46.86
2019-02-19, 18:34:34, 24.31, 46.83
2019-02-19, 18:34:35, 24.32, 46.83
2019-02-19, 18:34:36, 24.32, 46.83
2019-02-19, 18:34:38, 24.33, 46.83
2019-02-19, 18:34:39, 24.2, 46.85
2019-02-19, 18:34:40, 24.29, 46.89
2019-02-19, 18:34:42, 24.31, 46.89
2019-02-19, 18:34:43, 24.32, 46.89
2019-02-19, 18:34:45, 24.33, 46.9
2019-02-19, 18:34:46, 24.33, 46.86
2019-02-19, 18:34:47, 24.32, 46.86
2019-02-19, 18:34:49, 24.32, 46.86
2019-02-19, 18:34:50, 24.3, 46.83
2019-02-19, 18:34:51, 24.34, 46.86
2019-02-19, 18:34:53, 24.35, 46.83
2019-02-19, 18:34:54, 24.34, 46.83
2019-02-19, 18:34:55, 24.34, 46.83
2019-02-19, 18:34:57, 24.34, 46.83
2019-02-19, 18:34:58, 24.34, 46.83
2019-02-19, 18:34:59, 24.34, 46.83
2019-02-19, 18:35:01, 24.35, 46.83
2019-02-19, 18:35:02, 24.35, 46.83
2019-02-19, 18:35:04, 24.36, 46.8
2019-02-19, 18:35:05, 24.34, 46.83
2019-02-19, 18:35:06, 24.35, 46.83
2019-02-19, 18:35:08, 24.34, 46.8
2019-02-19, 18:35:09, 24.2, 46.82
2019-02-19, 18:35:10, 24.3, 46.89
2019-02-19, 18:35:12, 24.3, 46.89
2019-02-19, 18:35:13, 24.32, 46.89
2019-02-19, 18:35:14, 24.32, 46.89
2019-02-19, 18:35:16, 24.34, 46.9
2019-02-19, 18:35:17, 24.32, 46.86
2019-02-19, 18:35:18, 24.33, 46.86
2019-02-19, 18:35:20, 24.33, 46.86
2019-02-19, 18:35:21, 24.34, 46.83
2019-02-19, 18:35:22, 24.32, 46.86
2019-02-19, 18:35:24, 24.34, 46.83
2019-02-19, 18:35:25, 24.32, 46.86
2019-02-19, 18:35:27, 24.34, 46.83
2019-02-19, 18:35:28, 24.32, 46.83
2019-02-19, 18:35:29, 24.33, 46.83
2019-02-19, 18:35:31, 24.33, 46.86
2019-02-19, 18:35:32, 24.33, 46.86
2019-02-19, 18:35:33, 24.32, 46.83
2019-02-19, 18:35:35, 24.33, 46.83
2019-02-19, 18:35:36, 24.33, 46.83
2019-02-19, 18:35:37, 24.34, 46.86
2019-02-19, 18:35:39, 24.32, 46.83
2019-02-19, 18:35:40, 24.33, 46.83
2019-02-19, 18:35:42, 24.33, 46.86
2019-02-19, 18:35:43, 24.34, 46.86
2019-02-19, 18:35:44, 24.34, 46.83
2019-02-19, 18:35:46, 24.34, 46.86
2019-02-19, 18:35:47, 24.34, 46.86
2019-02-19, 18:35:48, 24.33, 46.86
2019-02-19, 18:35:50, 24.32, 46.86
2019-02-19, 18:35:51, 24.33, 46.86
2019-02-19, 18:35:52, 24.34, 46.83
2019-02-19, 18:35:54, 24.33, 46.86
2019-02-19, 18:35:55, 24.34, 46.83
2019-02-19, 18:35:56, 24.33, 46.86
2019-02-19, 18:35:58, 24.32, 46.86
2019-02-19, 18:35:59, 24.32, 46.86
2019-02-19, 18:36:01, 24.32, 46.86
2019-02-19, 18:36:02, 24.33, 46.86
2019-02-19, 18:36:03, 24.33, 46.86
2019-02-19, 18:36:05, 24.33, 46.86
2019-02-19, 18:36:06, 24.32, 46.86
2019-02-19, 18:36:07, 24.32, 46.86
2019-02-19, 18:36:09, 24.32, 46.83
2019-02-19, 18:36:10, 24.33, 46.86
2019-02-19, 18:36:11, 24.33, 46.86
2019-02-19, 18:36:13, 24.32, 46.89
2019-02-19, 18:36:14, 24.32, 46.89
2019-02-19, 18:36:15, 24.32, 46.89
2019-02-19, 18:36:17, 24.32, 46.89
2019-02-19, 18:36:18, 24.32, 46.89
2019-02-19, 18:36:19, 24.32, 46.89
2019-02-19, 18:36:21, 24.33, 46.9
2019-02-19, 18:36:22, 24.33, 46.9
2019-02-19, 18:36:24, 24.32, 46.89
2019-02-19, 18:36:25, 24.33, 46.9
2019-02-19, 18:36:26, 24.32, 46.89
2019-02-19, 18:36:28, 24.32, 46.89
2019-02-19, 18:36:29, 24.34, 46.9
2019-02-19, 18:36:30, 24.34, 46.9
2019-02-19, 18:36:32, 24.34, 46.9
2019-02-19, 18:36:33, 24.34, 46.9
2019-02-19, 18:36:34, 24.35, 46.9
2019-02-19, 18:36:36, 24.34, 46.86
2019-02-19, 18:36:37, 24.34, 46.86
2019-02-19, 18:36:38, 24.35, 46.87
2019-02-19, 18:36:40, 24.34, 46.83
2019-02-19, 18:36:41, 24.35, 46.87
2019-02-19, 18:36:43, 24.35, 46.87
2019-02-19, 18:36:44, 24.35, 46.9
2019-02-19, 18:36:45, 24.34, 46.86
2019-02-19, 18:36:47, 24.35, 46.83
2019-02-19, 18:36:48, 24.34, 46.86
2019-02-19, 18:36:49, 24.35, 46.87
2019-02-19, 18:36:51, 24.34, 46.86
2019-02-19, 18:36:52, 24.35, 46.87
2019-02-19, 18:36:53, 24.36, 46.84
2019-02-19, 18:36:55, 24.36, 46.84
2019-02-19, 18:36:56, 24.36, 46.84
2019-02-19, 18:36:57, 24.36, 46.84
2019-02-19, 18:36:59, 24.35, 46.83
2019-02-19, 18:37:00, 24.36, 46.84
2019-02-19, 18:37:01, 24.36, 46.84
2019-02-19, 18:37:03, 24.36, 46.84
2019-02-19, 18:37:04, 24.36, 46.84
2019-02-19, 18:37:06, 24.36, 46.84
2019-02-19, 18:37:07, 24.34, 46.83
2019-02-19, 18:37:08, 24.35, 46.83
2019-02-19, 18:37:10, 24.36, 46.84
2019-02-19, 18:37:11, 24.36, 46.84
2019-02-19, 18:37:12, 24.27, 46.82
2019-02-19, 18:37:14, 24.34, 46.86
2019-02-19, 18:37:15, 24.34, 46.9
2019-02-19, 18:37:16, 24.37, 46.87
2019-02-19, 18:37:18, 24.38, 46.87
2019-02-19, 18:37:19, 24.38, 46.84
2019-02-19, 18:37:20, 24.38, 46.84
2019-02-19, 18:37:22, 24.37, 46.84
2019-02-19, 18:37:23, 24.4, 46.84
2019-02-19, 18:37:24, 24.38, 46.81
2019-02-19, 18:37:26, 24.39, 46.81
2019-02-19, 18:37:27, 24.39, 46.81
2019-02-19, 18:37:29, 24.39, 46.81
2019-02-19, 18:37:30, 24.39, 46.81
2019-02-19, 18:37:31, 24.39, 46.81
2019-02-19, 18:37:33, 24.38, 46.84
2019-02-19, 18:37:34, 24.4, 46.81
2019-02-19, 18:37:35, 24.39, 46.77
2019-02-19, 18:37:37, 24.4, 46.81
2019-02-19, 18:37:38, 24.4, 46.81
2019-02-19, 18:37:39, 24.4, 46.81
2019-02-19, 18:37:41, 24.4, 46.81
2019-02-19, 18:37:42, 24.3, 46.8
2019-02-19, 18:37:43, 24.36, 46.84
2019-02-19, 18:37:45, 24.37, 46.84
2019-02-19, 18:37:46, 24.38, 46.84
2019-02-19, 18:37:47, 24.38, 46.84
2019-02-19, 18:37:49, 24.36, 46.84
2019-02-19, 18:37:50, 24.38, 46.84
2019-02-19, 18:37:52, 24.37, 46.84
2019-02-19, 18:37:53, 24.37, 46.84
2019-02-19, 18:37:54, 24.37, 46.84
2019-02-19, 18:37:56, 24.38, 46.84
2019-02-19, 18:37:57, 24.37, 46.84
2019-02-19, 18:37:58, 24.38, 46.84
2019-02-19, 18:38:00, 24.36, 46.84
2019-02-19, 18:38:01, 24.38, 46.84
2019-02-19, 18:38:02, 24.38, 46.81
2019-02-19, 18:38:04, 24.38, 46.81
2019-02-19, 18:38:05, 24.38, 46.81
2019-02-19, 18:38:06, 24.3, 46.83
2019-02-19, 18:38:08, 24.38, 46.84
2019-02-19, 18:38:09, 24.39, 46.84
2019-02-19, 18:38:11, 24.39, 46.84
2019-02-19, 18:38:12, 24.39, 46.84
2019-02-19, 18:38:13, 24.38, 46.84
2019-02-19, 18:38:15, 24.38, 46.84
2019-02-19, 18:38:16, 24.38, 46.84
2019-02-19, 18:38:17, 24.37, 46.84
2019-02-19, 18:38:19, 24.38, 46.84
2019-02-19, 18:38:20, 24.39, 46.84
2019-02-19, 18:38:21, 24.38, 46.84
2019-02-19, 18:38:23, 24.37, 46.8
2019-02-19, 18:38:24, 24.36, 46.8
2019-02-19, 18:38:25, 24.36, 46.84
2019-02-19, 18:38:27, 24.36, 46.84
2019-02-19, 18:38:28, 24.37, 46.84
2019-02-19, 18:38:29, 24.36, 46.84
2019-02-19, 18:38:31, 24.36, 46.84
2019-02-19, 18:38:32, 24.36, 46.8
2019-02-19, 18:38:34, 24.36, 46.84
2019-02-19, 18:38:35, 24.36, 46.84
2019-02-19, 18:38:36, 24.37, 46.84
2019-02-19, 18:38:38, 24.37, 46.84
2019-02-19, 18:38:39, 24.36, 46.84
2019-02-19, 18:38:40, 24.37, 46.84
2019-02-19, 18:38:42, 24.38, 46.84
2019-02-19, 18:38:43, 24.37, 46.84
2019-02-19, 18:38:44, 24.38, 46.84
2019-02-19, 18:38:46, 24.38, 46.84
2019-02-19, 18:38:47, 24.38, 46.84
2019-02-19, 18:38:48, 24.38, 46.81
2019-02-19, 18:38:50, 24.38, 46.81
2019-02-19, 18:38:51, 24.39, 46.81
2019-02-19, 18:38:53, 24.39, 46.77
2019-02-19, 18:38:54, 24.39, 46.77
2019-02-19, 18:38:55, 24.38, 46.81
2019-02-19, 18:38:57, 24.37, 46.8
2019-02-19, 18:38:58, 24.38, 46.81
2019-02-19, 18:38:59, 24.4, 46.81
2019-02-19, 18:39:01, 24.4, 46.78
2019-02-19, 18:39:02, 24.39, 46.81
2019-02-19, 18:39:03, 24.4, 46.78
2019-02-19, 18:39:05, 24.39, 46.81
2019-02-19, 18:39:06, 24.28, 46.83
2019-02-19, 18:39:07, 24.36, 46.87
2019-02-19, 18:39:09, 24.37, 46.9
2019-02-19, 18:39:10, 24.38, 46.9
2019-02-19, 18:39:12, 24.38, 46.9
2019-02-19, 18:39:13, 24.38, 46.9
2019-02-19, 18:39:14, 24.38, 46.9
2019-02-19, 18:39:16, 24.38, 46.9
2019-02-19, 18:39:17, 24.38, 46.87
2019-02-19, 18:39:18, 24.4, 46.87
2019-02-19, 18:39:20, 24.38, 46.84
2019-02-19, 18:39:21, 24.39, 46.87
2019-02-19, 18:39:22, 24.38, 46.87
2019-02-19, 18:39:24, 24.39, 46.87
2019-02-19, 18:39:25, 24.38, 46.87
2019-02-19, 18:39:26, 24.38, 46.84
2019-02-19, 18:39:28, 24.38, 46.84
2019-02-19, 18:39:29, 24.38, 46.84
2019-02-19, 18:39:30, 24.39, 46.84
2019-02-19, 18:39:32, 24.37, 46.84
2019-02-19, 18:39:33, 24.39, 46.84
2019-02-19, 18:39:35, 24.37, 46.84
2019-02-19, 18:39:36, 24.38, 46.84
2019-02-19, 18:39:37, 24.38, 46.84
2019-02-19, 18:39:39, 24.4, 46.84
2019-02-19, 18:39:40, 24.4, 46.84
2019-02-19, 18:39:41, 24.4, 46.81
2019-02-19, 18:39:43, 24.39, 46.84
2019-02-19, 18:39:44, 24.4, 46.84
2019-02-19, 18:39:45, 24.39, 46.81
2019-02-19, 18:39:47, 24.4, 46.84
2019-02-19, 18:39:48, 24.39, 46.81
2019-02-19, 18:39:49, 24.41, 46.81
2019-02-19, 18:39:51, 24.4, 46.81
2019-02-19, 18:39:52, 24.39, 46.81
2019-02-19, 18:39:54, 24.39, 46.81
2019-02-19, 18:39:55, 24.39, 46.81
2019-02-19, 18:39:56, 24.38, 46.81
2019-02-19, 18:39:58, 24.39, 46.81
2019-02-19, 18:39:59, 24.4, 46.84
2019-02-19, 18:40:00, 24.4, 46.84
2019-02-19, 18:40:02, 24.4, 46.81
2019-02-19, 18:40:03, 24.39, 46.81
2019-02-19, 18:40:04, 24.4, 46.84
2019-02-19, 18:40:06, 24.38, 46.84
2019-02-19, 18:40:07, 24.4, 46.84
2019-02-19, 18:40:08, 24.4, 46.84
2019-02-19, 18:40:10, 24.4, 46.84
2019-02-19, 18:40:11, 24.4, 46.81
2019-02-19, 18:40:12, 24.39, 46.84
2019-02-19, 18:40:14, 24.4, 46.81
2019-02-19, 18:40:15, 24.4, 46.81
2019-02-19, 18:40:17, 24.4, 46.81
2019-02-19, 18:40:18, 24.4, 46.81
2019-02-19, 18:40:19, 24.4, 46.81
2019-02-19, 18:40:21, 24.4, 46.81
2019-02-19, 18:40:22, 24.4, 46.84
2019-02-19, 18:40:23, 24.4, 46.81
2019-02-19, 18:40:25, 24.39, 46.84
2019-02-19, 18:40:26, 24.4, 46.81
2019-02-19, 18:40:27, 24.4, 46.84
2019-02-19, 18:40:29, 24.4, 46.81
2019-02-19, 18:40:30, 24.4, 46.84
2019-02-19, 18:40:31, 24.4, 46.81
2019-02-19, 18:40:33, 24.4, 46.81
2019-02-19, 18:40:34, 24.4, 46.81
2019-02-19, 18:40:35, 24.41, 46.81
2019-02-19, 18:40:37, 24.4, 46.84
2019-02-19, 18:40:38, 24.41, 46.81
2019-02-19, 18:40:40, 24.4, 46.81
2019-02-19, 18:40:41, 24.41, 46.81
2019-02-19, 18:40:42, 24.39, 46.81
2019-02-19, 18:40:44, 24.4, 46.81
2019-02-19, 18:40:45, 24.4, 46.81
2019-02-19, 18:40:46, 24.4, 46.84
2019-02-19, 18:40:48, 24.4, 46.84
2019-02-19, 18:40:49, 24.4, 46.81
2019-02-19, 18:40:50, 24.4, 46.81
2019-02-19, 18:40:52, 24.4, 46.81
2019-02-19, 18:40:53, 24.4, 46.84
2019-02-19, 18:40:54, 24.39, 46.81
2019-02-19, 18:40:56, 24.38, 46.77
2019-02-19, 18:40:57, 24.39, 46.84
2019-02-19, 18:40:59, 24.38, 46.81
2019-02-19, 18:41:00, 24.38, 46.81
2019-02-19, 18:41:01, 24.39, 46.77
2019-02-19, 18:41:03, 24.38, 46.81
2019-02-19, 18:41:04, 24.39, 46.77
2019-02-19, 18:41:05, 24.38, 46.77
2019-02-19, 18:41:07, 24.39, 46.81
2019-02-19, 18:41:08, 24.39, 46.81
2019-02-19, 18:41:09, 24.39, 46.77
2019-02-19, 18:41:11, 24.38, 46.81
2019-02-19, 18:41:12, 24.4, 46.78
2019-02-19, 18:41:13, 24.39, 46.77
2019-02-19, 18:41:15, 24.38, 46.77
2019-02-19, 18:41:16, 24.39, 46.81
2019-02-19, 18:41:17, 24.39, 46.77
2019-02-19, 18:41:19, 24.38, 46.81
2019-02-19, 18:41:20, 24.37, 46.8
2019-02-19, 18:41:22, 24.36, 46.8
2019-02-19, 18:41:23, 24.37, 46.8
2019-02-19, 18:41:24, 24.36, 46.84
2019-02-19, 18:41:26, 24.38, 46.84
2019-02-19, 18:41:27, 24.37, 46.84
2019-02-19, 18:41:28, 24.37, 46.84
2019-02-19, 18:41:30, 24.36, 46.84
2019-02-19, 18:41:31, 24.37, 46.84
2019-02-19, 18:41:32, 24.36, 46.84
2019-02-19, 18:41:34, 24.36, 46.87
2019-02-19, 18:41:35, 24.35, 46.83
2019-02-19, 18:41:36, 24.36, 46.84
2019-02-19, 18:41:38, 24.35, 46.83
2019-02-19, 18:41:39, 24.36, 46.84
2019-02-19, 18:41:41, 24.36, 46.84
2019-02-19, 18:41:42, 24.35, 46.87
2019-02-19, 18:41:43, 24.36, 46.87
2019-02-19, 18:41:45, 24.36, 46.87
2019-02-19, 18:41:46, 24.36, 46.9
2019-02-19, 18:41:47, 24.36, 46.87
2019-02-19, 18:41:49, 24.36, 46.84
2019-02-19, 18:41:50, 24.37, 46.84
2019-02-19, 18:41:51, 24.36, 46.84
2019-02-19, 18:41:53, 24.37, 46.84
2019-02-19, 18:41:54, 24.38, 46.84
2019-02-19, 18:41:55, 24.36, 46.84
2019-02-19, 18:41:57, 24.37, 46.84
2019-02-19, 18:41:58, 24.37, 46.84
2019-02-19, 18:42:00, 24.37, 46.84
2019-02-19, 18:42:01, 24.37, 46.84
2019-02-19, 18:42:02, 24.37, 46.84
2019-02-19, 18:42:04, 24.33, 46.83
2019-02-19, 18:42:05, 24.38, 46.84
2019-02-19, 18:42:06, 24.36, 46.84
2019-02-19, 18:42:08, 24.37, 46.84
2019-02-19, 18:42:09, 24.29, 46.83
2019-02-19, 18:42:10, 24.36, 46.9
2019-02-19, 18:42:12, 24.36, 46.9
2019-02-19, 18:42:13, 24.36, 46.87
2019-02-19, 18:42:14, 24.36, 46.84
2019-02-19, 18:42:16, 24.37, 46.87
2019-02-19, 18:42:17, 24.36, 46.87
2019-02-19, 18:42:19, 24.37, 46.87
2019-02-19, 18:42:20, 24.37, 46.87
2019-02-19, 18:42:21, 24.38, 46.84
2019-02-19, 18:42:23, 24.39, 46.84
2019-02-19, 18:42:24, 24.38, 46.84
2019-02-19, 18:42:25, 24.4, 46.84
2019-02-19, 18:42:27, 24.39, 46.84
2019-02-19, 18:42:28, 24.4, 46.87
2019-02-19, 18:42:29, 24.38, 46.84
2019-02-19, 18:42:31, 24.39, 46.87
2019-02-19, 18:42:32, 24.4, 46.84
2019-02-19, 18:42:33, 24.33, 46.86
2019-02-19, 18:42:35, 24.38, 46.87
2019-02-19, 18:42:36, 24.38, 46.9
2019-02-19, 18:42:37, 24.39, 46.87
2019-02-19, 18:42:39, 24.39, 46.84
2019-02-19, 18:42:40, 24.4, 46.84
2019-02-19, 18:42:42, 24.39, 46.84
2019-02-19, 18:42:43, 24.38, 46.84
2019-02-19, 18:42:44, 24.38, 46.84
2019-02-19, 18:42:46, 24.38, 46.84
2019-02-19, 18:42:47, 24.38, 46.84
2019-02-19, 18:42:48, 24.38, 46.84
2019-02-19, 18:42:50, 24.39, 46.84
2019-02-19, 18:42:51, 24.38, 46.84
2019-02-19, 18:42:52, 24.38, 46.84
2019-02-19, 18:42:54, 24.38, 46.84
2019-02-19, 18:42:55, 24.38, 46.84
2019-02-19, 18:42:56, 24.39, 46.87
2019-02-19, 18:42:58, 24.37, 46.87
2019-02-19, 18:42:59, 24.37, 46.87
2019-02-19, 18:43:01, 24.38, 46.84
2019-02-19, 18:43:02, 24.38, 46.84
2019-02-19, 18:43:03, 24.39, 46.84
2019-02-19, 18:43:05, 24.39, 46.84
2019-02-19, 18:43:06, 24.38, 46.84
2019-02-19, 18:43:07, 24.39, 46.84
2019-02-19, 18:43:09, 24.39, 46.84
2019-02-19, 18:43:10, 24.39, 46.84
2019-02-19, 18:43:11, 24.4, 46.84
2019-02-19, 18:43:13, 24.39, 46.84
2019-02-19, 18:43:14, 24.39, 46.84
2019-02-19, 18:43:15, 24.39, 46.84
2019-02-19, 18:43:17, 24.39, 46.87
2019-02-19, 18:43:18, 24.38, 46.87
2019-02-19, 18:43:20, 24.39, 46.87
2019-02-19, 18:43:21, 24.39, 46.87
2019-02-19, 18:43:22, 24.38, 46.87
2019-02-19, 18:43:24, 24.39, 46.87
2019-02-19, 18:43:25, 24.39, 46.87
2019-02-19, 18:43:26, 24.39, 46.87
2019-02-19, 18:43:28, 24.37, 46.87
2019-02-19, 18:43:29, 24.36, 46.87
2019-02-19, 18:43:30, 24.37, 46.9
2019-02-19, 18:43:32, 24.36, 46.9
2019-02-19, 18:43:33, 24.23, 46.88
2019-02-19, 18:43:35, 24.33, 46.96
2019-02-19, 18:43:36, 24.36, 46.96
2019-02-19, 18:43:37, 24.35, 46.96
2019-02-19, 18:43:39, 24.35, 46.96
2019-02-19, 18:43:40, 24.35, 46.96
2019-02-19, 18:43:41, 24.36, 46.96
2019-02-19, 18:43:43, 24.36, 46.96
2019-02-19, 18:43:44, 24.36, 46.9
2019-02-19, 18:43:45, 24.36, 46.96
2019-02-19, 18:43:47, 24.37, 46.93
2019-02-19, 18:43:48, 24.36, 46.96
2019-02-19, 18:43:49, 24.37, 46.96
2019-02-19, 18:43:51, 24.36, 46.96
2019-02-19, 18:43:52, 24.37, 46.96
2019-02-19, 18:43:53, 24.36, 46.96
2019-02-19, 18:43:55, 24.36, 46.93
2019-02-19, 18:43:56, 24.36, 46.96
2019-02-19, 18:43:58, 24.36, 46.96
2019-02-19, 18:43:59, 24.35, 46.96
2019-02-19, 18:44:00, 24.35, 46.96
2019-02-19, 18:44:02, 24.35, 46.96
2019-02-19, 18:44:03, 24.2, 46.98
2019-02-19, 18:44:04, 24.3, 47.05
2019-02-19, 18:44:06, 24.31, 47.05
2019-02-19, 18:44:07, 24.31, 47.05
2019-02-19, 18:44:08, 24.32, 47.05
2019-02-19, 18:44:10, 24.32, 47.05
2019-02-19, 18:44:11, 24.33, 47.02
2019-02-19, 18:44:12, 24.33, 47.06
2019-02-19, 18:44:14, 24.32, 47.05
2019-02-19, 18:44:15, 24.32, 47.05
2019-02-19, 18:44:17, 24.32, 47.02
2019-02-19, 18:44:18, 24.33, 47.02
2019-02-19, 18:44:19, 24.32, 47.02
2019-02-19, 18:44:21, 24.32, 47.02
2019-02-19, 18:44:22, 24.33, 47.02
2019-02-19, 18:44:23, 24.33, 47.02
2019-02-19, 18:44:25, 24.32, 47.02
2019-02-19, 18:44:26, 24.33, 47.02
2019-02-19, 18:44:27, 24.33, 47.06
2019-02-19, 18:44:29, 24.31, 47.02
2019-02-19, 18:44:30, 24.32, 47.05
2019-02-19, 18:44:31, 24.32, 47.02
2019-02-19, 18:44:33, 24.16, 47.07
2019-02-19, 18:44:34, 24.27, 47.14
2019-02-19, 18:44:35, 24.29, 47.15
2019-02-19, 18:44:37, 24.32, 47.15
2019-02-19, 18:44:38, 24.32, 47.12
2019-02-19, 18:44:40, 24.32, 47.09
2019-02-19, 18:44:41, 24.32, 47.09
2019-02-19, 18:44:42, 24.32, 47.09
2019-02-19, 18:44:44, 24.33, 47.09
2019-02-19, 18:44:45, 24.33, 47.06
2019-02-19, 18:44:46, 24.32, 47.05
2019-02-19, 18:44:48, 24.34, 47.09
2019-02-19, 18:44:49, 24.31, 47.09
2019-02-19, 18:44:50, 24.32, 47.05
2019-02-19, 18:44:52, 24.32, 47.05
2019-02-19, 18:44:53, 24.32, 47.05
2019-02-19, 18:44:54, 24.32, 47.05
2019-02-19, 18:44:56, 24.32, 47.09
2019-02-19, 18:44:57, 24.32, 47.05
2019-02-19, 18:44:59, 24.31, 47.05
2019-02-19, 18:45:00, 24.3, 47.08
2019-02-19, 18:45:01, 24.32, 47.05
2019-02-19, 18:45:03, 24.3, 47.08
2019-02-19, 18:45:04, 24.31, 47.09
2019-02-19, 18:45:05, 24.3, 47.08
2019-02-19, 18:45:07, 24.3, 47.08
2019-02-19, 18:45:08, 24.31, 47.09
2019-02-19, 18:45:09, 24.3, 47.08
2019-02-19, 18:45:11, 24.29, 47.08
2019-02-19, 18:45:12, 24.29, 47.12
2019-02-19, 18:45:13, 24.3, 47.12
2019-02-19, 18:45:15, 24.3, 47.08
2019-02-19, 18:45:16, 24.3, 47.08
2019-02-19, 18:45:17, 24.3, 47.08
2019-02-19, 18:45:19, 24.33, 47.09
2019-02-19, 18:45:20, 24.32, 47.09
2019-02-19, 18:45:22, 24.32, 47.09
2019-02-19, 18:45:23, 24.32, 47.09
2019-02-19, 18:45:24, 24.32, 47.09
2019-02-19, 18:45:26, 24.31, 47.09
2019-02-19, 18:45:27, 24.31, 47.09
2019-02-19, 18:45:28, 24.32, 47.09
2019-02-19, 18:45:30, 24.32, 47.09
2019-02-19, 18:45:31, 24.32, 47.09
2019-02-19, 18:45:32, 24.33, 47.09
2019-02-19, 18:45:34, 24.32, 47.09
2019-02-19, 18:45:35, 24.32, 47.09
2019-02-19, 18:45:36, 24.24, 47.14
2019-02-19, 18:45:38, 24.31, 47.15
2019-02-19, 18:45:39, 24.31, 47.15
2019-02-19, 18:45:41, 24.31, 47.12
2019-02-19, 18:45:42, 24.31, 47.09
2019-02-19, 18:45:43, 24.32, 47.12
2019-02-19, 18:45:45, 24.32, 47.09
2019-02-19, 18:45:46, 24.34, 47.09
2019-02-19, 18:45:47, 24.33, 47.09
2019-02-19, 18:45:49, 24.33, 47.12
2019-02-19, 18:45:50, 24.33, 47.09
2019-02-19, 18:45:51, 24.33, 47.09
2019-02-19, 18:45:53, 24.33, 47.09
2019-02-19, 18:45:54, 24.33, 47.09
2019-02-19, 18:45:55, 24.34, 47.09
2019-02-19, 18:45:57, 24.34, 47.09
2019-02-19, 18:45:58, 24.33, 47.09
2019-02-19, 18:45:59, 24.34, 47.09
2019-02-19, 18:46:01, 24.34, 47.09
2019-02-19, 18:46:02, 24.34, 47.09
2019-02-19, 18:46:04, 24.35, 47.09
2019-02-19, 18:46:05, 24.34, 47.09
2019-02-19, 18:46:06, 24.36, 47.06
2019-02-19, 18:46:08, 24.34, 47.06
2019-02-19, 18:46:09, 24.34, 47.06
2019-02-19, 18:46:10, 24.34, 47.06
2019-02-19, 18:46:12, 24.32, 47.05
2019-02-19, 18:46:13, 24.32, 47.05
2019-02-19, 18:46:14, 24.32, 47.05
2019-02-19, 18:46:16, 24.31, 47.09
2019-02-19, 18:46:17, 24.34, 47.09
2019-02-19, 18:46:18, 24.3, 47.08
2019-02-19, 18:46:20, 24.32, 47.09
2019-02-19, 18:46:21, 24.34, 47.09
2019-02-19, 18:46:23, 24.32, 47.09
2019-02-19, 18:46:24, 24.34, 47.09
2019-02-19, 18:46:25, 24.33, 47.09
2019-02-19, 18:46:27, 24.34, 47.09
2019-02-19, 18:46:28, 24.33, 47.09
2019-02-19, 18:46:29, 24.34, 47.09
2019-02-19, 18:46:31, 24.3, 47.08
2019-02-19, 18:46:32, 24.32, 47.09
2019-02-19, 18:46:33, 24.32, 47.12
2019-02-19, 18:46:35, 24.33, 47.12
2019-02-19, 18:46:36, 24.22, 47.11
2019-02-19, 18:46:37, 24.3, 47.15
2019-02-19, 18:46:39, 24.3, 47.15
2019-02-19, 18:46:40, 24.32, 47.15
2019-02-19, 18:46:42, 24.31, 47.15
2019-02-19, 18:46:43, 24.32, 47.15
2019-02-19, 18:46:44, 24.31, 47.15
2019-02-19, 18:46:46, 24.31, 47.12
2019-02-19, 18:46:47, 24.32, 47.12
2019-02-19, 18:46:48, 24.34, 47.12
2019-02-19, 18:46:50, 24.33, 47.12
2019-02-19, 18:46:51, 24.33, 47.09
2019-02-19, 18:46:52, 24.32, 47.09
2019-02-19, 18:46:54, 24.33, 47.09
2019-02-19, 18:46:55, 24.33, 47.09
2019-02-19, 18:46:56, 24.33, 47.09
2019-02-19, 18:46:58, 24.33, 47.09
2019-02-19, 18:46:59, 24.33, 47.09
2019-02-19, 18:47:00, 24.26, 47.08
2019-02-19, 18:47:02, 24.32, 47.09
2019-02-19, 18:47:03, 24.33, 47.12
2019-02-19, 18:47:05, 24.33, 47.12
2019-02-19, 18:47:06, 24.34, 47.09
2019-02-19, 18:47:07, 24.32, 47.09
2019-02-19, 18:47:09, 24.32, 47.09
2019-02-19, 18:47:10, 24.31, 47.09
2019-02-19, 18:47:11, 24.31, 47.09
2019-02-19, 18:47:13, 24.32, 47.09
2019-02-19, 18:47:14, 24.34, 47.06
2019-02-19, 18:47:15, 24.33, 47.09
2019-02-19, 18:47:17, 24.33, 47.06
2019-02-19, 18:47:18, 24.34, 47.06
2019-02-19, 18:47:19, 24.34, 47.06
2019-02-19, 18:47:21, 24.33, 47.06
2019-02-19, 18:47:22, 24.34, 47.03
2019-02-19, 18:47:23, 24.34, 47.03
2019-02-19, 18:47:25, 24.34, 47.03
2019-02-19, 18:47:26, 24.32, 47.02
2019-02-19, 18:47:28, 24.32, 47.02
2019-02-19, 18:47:29, 24.32, 47.02
2019-02-19, 18:47:30, 24.32, 47.02
2019-02-19, 18:47:32, 24.3, 47.02
2019-02-19, 18:47:33, 24.31, 47.02
2019-02-19, 18:47:34, 24.32, 47.02
2019-02-19, 18:47:36, 24.32, 47.02
2019-02-19, 18:47:37, 24.32, 47.02
2019-02-19, 18:47:38, 24.33, 47.02
2019-02-19, 18:47:40, 24.33, 47.02
2019-02-19, 18:47:41, 24.33, 47.02
2019-02-19, 18:47:42, 24.33, 47.02
2019-02-19, 18:47:44, 24.33, 47.02
2019-02-19, 18:47:45, 24.34, 47.03
2019-02-19, 18:47:47, 24.33, 47.02
2019-02-19, 18:47:48, 24.33, 47.02
2019-02-19, 18:47:49, 24.32, 47.02
2019-02-19, 18:47:51, 24.33, 47.02
2019-02-19, 18:47:52, 24.34, 47.03
2019-02-19, 18:47:53, 24.34, 47.03
2019-02-19, 18:47:55, 24.33, 47.02
2019-02-19, 18:47:56, 24.34, 47.03
2019-02-19, 18:47:57, 24.32, 47.02
2019-02-19, 18:47:59, 24.33, 47.02
2019-02-19, 18:48:00, 24.21, 47.01
2019-02-19, 18:48:01, 24.3, 47.08
2019-02-19, 18:48:03, 24.32, 47.05
2019-02-19, 18:48:04, 24.31, 47.09
2019-02-19, 18:48:05, 24.15, 47.1
2019-02-19, 18:48:07, 24.26, 47.14
2019-02-19, 18:48:08, 24.29, 47.15
2019-02-19, 18:48:10, 24.3, 47.15
2019-02-19, 18:48:11, 24.3, 47.12
2019-02-19, 18:48:12, 24.29, 47.12
2019-02-19, 18:48:14, 24.28, 47.08
2019-02-19, 18:48:15, 24.3, 47.08
2019-02-19, 18:48:16, 24.31, 47.09
2019-02-19, 18:48:18, 24.32, 47.09
2019-02-19, 18:48:19, 24.31, 47.05
2019-02-19, 18:48:20, 24.31, 47.05
2019-02-19, 18:48:22, 24.32, 47.05
2019-02-19, 18:48:23, 24.31, 47.05
2019-02-19, 18:48:24, 24.32, 47.05
2019-02-19, 18:48:26, 24.32, 47.05
2019-02-19, 18:48:27, 24.32, 47.02
2019-02-19, 18:48:29, 24.32, 47.05
2019-02-19, 18:48:30, 24.18, 47.07
2019-02-19, 18:48:31, 24.3, 47.12
2019-02-19, 18:48:33, 24.31, 47.09
2019-02-19, 18:48:34, 24.32, 47.09
2019-02-19, 18:48:35, 24.32, 47.09
2019-02-19, 18:48:37, 24.33, 47.09
2019-02-19, 18:48:38, 24.33, 47.06
2019-02-19, 18:48:39, 24.34, 47.06
2019-02-19, 18:48:41, 24.33, 47.06
2019-02-19, 18:48:42, 24.33, 47.02
2019-02-19, 18:48:43, 24.34, 47.03
2019-02-19, 18:48:45, 24.34, 47.03
2019-02-19, 18:48:46, 24.35, 47.03
2019-02-19, 18:48:47, 24.34, 47.03
2019-02-19, 18:48:49, 24.34, 47.03
2019-02-19, 18:48:50, 24.32, 47.02
2019-02-19, 18:48:52, 24.33, 47.02
2019-02-19, 18:48:53, 24.32, 47.02
2019-02-19, 18:48:54, 24.35, 47.03
2019-02-19, 18:48:56, 24.33, 47.02
2019-02-19, 18:48:57, 24.31, 47.02
2019-02-19, 18:48:58, 24.33, 47.02
2019-02-19, 18:49:00, 24.33, 47.02
2019-02-19, 18:49:01, 24.34, 46.99
2019-02-19, 18:49:02, 24.34, 47.03
2019-02-19, 18:49:04, 24.32, 46.99
2019-02-19, 18:49:05, 24.33, 46.99
2019-02-19, 18:49:06, 24.32, 47.02
2019-02-19, 18:49:08, 24.33, 47.02
2019-02-19, 18:49:09, 24.32, 47.02
2019-02-19, 18:49:11, 24.33, 47.02
2019-02-19, 18:49:12, 24.34, 47.03
2019-02-19, 18:49:13, 24.34, 47.03
2019-02-19, 18:49:15, 24.34, 47.03
2019-02-19, 18:49:16, 24.34, 47.03
2019-02-19, 18:49:17, 24.34, 47.03
2019-02-19, 18:49:19, 24.35, 47.03
2019-02-19, 18:49:20, 24.34, 47.03
2019-02-19, 18:49:21, 24.34, 47.03
2019-02-19, 18:49:23, 24.35, 47.03
2019-02-19, 18:49:24, 24.35, 47.03
2019-02-19, 18:49:25, 24.35, 47.03
2019-02-19, 18:49:27, 24.34, 47.03
2019-02-19, 18:49:28, 24.34, 47.03
2019-02-19, 18:49:29, 24.18, 47.04
2019-02-19, 18:49:31, 24.29, 47.08
2019-02-19, 18:49:32, 24.3, 47.12
2019-02-19, 18:49:34, 24.3, 47.12
2019-02-19, 18:49:35, 24.31, 47.09
2019-02-19, 18:49:36, 24.32, 47.12
2019-02-19, 18:49:38, 24.32, 47.09
2019-02-19, 18:49:39, 24.33, 47.09
2019-02-19, 18:49:40, 24.32, 47.09
2019-02-19, 18:49:42, 24.32, 47.05
2019-02-19, 18:49:43, 24.33, 47.06
2019-02-19, 18:49:44, 24.33, 47.06
2019-02-19, 18:49:46, 24.33, 47.06
2019-02-19, 18:49:47, 24.32, 47.05
2019-02-19, 18:49:48, 24.32, 47.09
2019-02-19, 18:49:50, 24.32, 47.09
2019-02-19, 18:49:51, 24.33, 47.06
2019-02-19, 18:49:53, 24.32, 47.05
2019-02-19, 18:49:54, 24.33, 47.06
2019-02-19, 18:49:55, 24.31, 47.05
2019-02-19, 18:49:57, 24.33, 47.06
2019-02-19, 18:49:58, 24.33, 47.06
2019-02-19, 18:49:59, 24.33, 47.06
2019-02-19, 18:50:01, 24.33, 47.06
2019-02-19, 18:50:02, 24.34, 47.03
2019-02-19, 18:50:03, 24.33, 47.02
2019-02-19, 18:50:05, 24.33, 47.06
2019-02-19, 18:50:06, 24.35, 47.06
2019-02-19, 18:50:07, 24.34, 47.03
2019-02-19, 18:50:09, 24.34, 47.03
2019-02-19, 18:50:10, 24.32, 47.02
2019-02-19, 18:50:11, 24.32, 47.02
2019-02-19, 18:50:13, 24.34, 47.03
2019-02-19, 18:50:14, 24.32, 47.05
2019-02-19, 18:50:16, 24.33, 47.02
2019-02-19, 18:50:17, 24.33, 47.02
2019-02-19, 18:50:18, 24.32, 47.02
2019-02-19, 18:50:20, 24.32, 47.05
2019-02-19, 18:50:21, 24.33, 47.06
2019-02-19, 18:50:22, 24.33, 47.06
2019-02-19, 18:50:24, 24.33, 47.02
2019-02-19, 18:50:25, 24.32, 47.02
2019-02-19, 18:50:26, 24.32, 47.05
2019-02-19, 18:50:28, 24.32, 47.02
2019-02-19, 18:50:29, 24.3, 47.02
2019-02-19, 18:50:30, 24.32, 47.02
2019-02-19, 18:50:32, 24.32, 47.02
2019-02-19, 18:50:33, 24.33, 47.02
2019-02-19, 18:50:35, 24.33, 47.02
2019-02-19, 18:50:36, 24.33, 47.02
2019-02-19, 18:50:37, 24.33, 46.99
2019-02-19, 18:50:39, 24.32, 47.02
2019-02-19, 18:50:40, 24.31, 46.99
2019-02-19, 18:50:41, 24.32, 47.02
2019-02-19, 18:50:43, 24.32, 47.02
2019-02-19, 18:50:44, 24.31, 47.02
2019-02-19, 18:50:45, 24.32, 47.02
2019-02-19, 18:50:47, 24.3, 47.02
2019-02-19, 18:50:48, 24.3, 47.02
2019-02-19, 18:50:49, 24.3, 47.05
2019-02-19, 18:50:51, 24.3, 47.02
2019-02-19, 18:50:52, 24.29, 47.05
2019-02-19, 18:50:54, 24.3, 47.05
2019-02-19, 18:50:55, 24.28, 47.05
2019-02-19, 18:50:56, 24.3, 47.08
2019-02-19, 18:50:58, 24.28, 47.08
2019-02-19, 18:50:59, 24.28, 47.08
2019-02-19, 18:51:00, 24.28, 47.08
2019-02-19, 18:51:02, 24.29, 47.12
2019-02-19, 18:51:03, 24.29, 47.08
2019-02-19, 18:51:04, 24.3, 47.08
2019-02-19, 18:51:06, 24.3, 47.08
2019-02-19, 18:51:07, 24.28, 47.08
2019-02-19, 18:51:08, 24.27, 47.11
2019-02-19, 18:51:10, 24.28, 47.11
2019-02-19, 18:51:11, 24.28, 47.11
2019-02-19, 18:51:12, 24.29, 47.15
2019-02-19, 18:51:14, 24.28, 47.15
2019-02-19, 18:51:15, 24.28, 47.15
2019-02-19, 18:51:17, 24.28, 47.15
2019-02-19, 18:51:18, 24.28, 47.15
2019-02-19, 18:51:19, 24.3, 47.15
2019-02-19, 18:51:21, 24.29, 47.15
2019-02-19, 18:51:22, 24.29, 47.15
2019-02-19, 18:51:23, 24.3, 47.15
2019-02-19, 18:51:25, 24.28, 47.15
2019-02-19, 18:51:26, 24.28, 47.15
2019-02-19, 18:51:27, 24.26, 47.14
2019-02-19, 18:51:29, 24.27, 47.14
2019-02-19, 18:51:30, 24.27, 47.14
2019-02-19, 18:51:31, 24.29, 47.15
2019-02-19, 18:51:33, 24.27, 47.14
2019-02-19, 18:51:34, 24.28, 47.18
2019-02-19, 18:51:35, 24.28, 47.18
2019-02-19, 18:51:37, 24.28, 47.18
2019-02-19, 18:51:38, 24.28, 47.18
2019-02-19, 18:51:40, 24.28, 47.21
2019-02-19, 18:51:41, 24.27, 47.18
2019-02-19, 18:51:42, 24.28, 47.21
2019-02-19, 18:51:44, 24.26, 47.18
2019-02-19, 18:51:45, 24.27, 47.21
2019-02-19, 18:51:46, 24.25, 47.21
2019-02-19, 18:51:48, 24.26, 47.21
2019-02-19, 18:51:49, 24.25, 47.21
2019-02-19, 18:51:50, 24.26, 47.21
2019-02-19, 18:51:52, 24.26, 47.21
2019-02-19, 18:51:53, 24.26, 47.21
2019-02-19, 18:51:54, 24.26, 47.21
2019-02-19, 18:51:56, 24.27, 47.21
2019-02-19, 18:51:57, 24.19, 47.2
2019-02-19, 18:51:59, 24.24, 47.21
2019-02-19, 18:52:00, 24.25, 47.24
2019-02-19, 18:52:01, 24.25, 47.24
2019-02-19, 18:52:03, 24.25, 47.21
2019-02-19, 18:52:04, 24.27, 47.21
2019-02-19, 18:52:05, 24.26, 47.21
2019-02-19, 18:52:07, 24.26, 47.24
2019-02-19, 18:52:08, 24.25, 47.24
2019-02-19, 18:52:09, 24.24, 47.27
2019-02-19, 18:52:11, 24.26, 47.24
2019-02-19, 18:52:12, 24.24, 47.24
2019-02-19, 18:52:13, 24.25, 47.24
2019-02-19, 18:52:15, 24.25, 47.24
2019-02-19, 18:52:16, 24.25, 47.24
2019-02-19, 18:52:18, 24.26, 47.21
2019-02-19, 18:52:19, 24.26, 47.21
2019-02-19, 18:52:20, 24.25, 47.24
2019-02-19, 18:52:22, 24.25, 47.24
2019-02-19, 18:52:23, 24.24, 47.24
2019-02-19, 18:52:24, 24.22, 47.23
2019-02-19, 18:52:26, 24.24, 47.24
2019-02-19, 18:52:27, 24.26, 47.24
2019-02-19, 18:52:28, 24.24, 47.27
2019-02-19, 18:52:30, 24.24, 47.27
2019-02-19, 18:52:31, 24.23, 47.27
2019-02-19, 18:52:33, 24.23, 47.27
2019-02-19, 18:52:34, 24.24, 47.27
2019-02-19, 18:52:35, 24.24, 47.27
2019-02-19, 18:52:37, 24.23, 47.27
2019-02-19, 18:52:38, 24.24, 47.27
2019-02-19, 18:52:39, 24.24, 47.27
2019-02-19, 18:52:41, 24.24, 47.3
2019-02-19, 18:52:42, 24.24, 47.27
2019-02-19, 18:52:43, 24.24, 47.27
2019-02-19, 18:52:45, 24.25, 47.27
2019-02-19, 18:52:46, 24.24, 47.27
2019-02-19, 18:52:47, 24.24, 47.27
2019-02-19, 18:52:49, 24.24, 47.27
2019-02-19, 18:52:50, 24.25, 47.24
2019-02-19, 18:52:52, 24.26, 47.24
2019-02-19, 18:52:53, 24.26, 47.24
2019-02-19, 18:52:54, 24.26, 47.24
2019-02-19, 18:52:56, 24.25, 47.21
2019-02-19, 18:52:57, 24.1, 47.25
2019-02-19, 18:52:58, 24.22, 47.3
2019-02-19, 18:53:00, 24.22, 47.3
2019-02-19, 18:53:01, 24.23, 47.3
2019-02-19, 18:53:02, 24.24, 47.27
2019-02-19, 18:53:04, 24.25, 47.3
2019-02-19, 18:53:05, 24.26, 47.27
2019-02-19, 18:53:06, 24.24, 47.27
2019-02-19, 18:53:08, 24.25, 47.3
2019-02-19, 18:53:09, 24.23, 47.27
2019-02-19, 18:53:11, 24.24, 47.3
2019-02-19, 18:53:12, 24.24, 47.27
2019-02-19, 18:53:13, 24.24, 47.27
2019-02-19, 18:53:15, 24.24, 47.27
2019-02-19, 18:53:16, 24.24, 47.27
2019-02-19, 18:53:17, 24.24, 47.3
2019-02-19, 18:53:19, 24.23, 47.3
2019-02-19, 18:53:20, 24.24, 47.33
2019-02-19, 18:53:21, 24.24, 47.33
2019-02-19, 18:53:23, 24.24, 47.3
2019-02-19, 18:53:24, 24.23, 47.3
2019-02-19, 18:53:25, 24.24, 47.3
2019-02-19, 18:53:27, 24.09, 47.31
2019-02-19, 18:53:28, 24.2, 47.36
2019-02-19, 18:53:30, 24.21, 47.39
2019-02-19, 18:53:31, 24.22, 47.4
2019-02-19, 18:53:32, 24.23, 47.36
2019-02-19, 18:53:34, 24.22, 47.33
2019-02-19, 18:53:35, 24.23, 47.33
2019-02-19, 18:53:36, 24.23, 47.33
2019-02-19, 18:53:38, 24.24, 47.33
2019-02-19, 18:53:39, 24.23, 47.33
2019-02-19, 18:53:40, 24.22, 47.33
2019-02-19, 18:53:42, 24.23, 47.33
2019-02-19, 18:53:43, 24.24, 47.33
2019-02-19, 18:53:45, 24.24, 47.33
2019-02-19, 18:53:46, 24.24, 47.3
2019-02-19, 18:53:47, 24.24, 47.3
2019-02-19, 18:53:49, 24.22, 47.3
2019-02-19, 18:53:50, 24.23, 47.3
2019-02-19, 18:53:51, 24.23, 47.33
2019-02-19, 18:53:53, 24.23, 47.33
2019-02-19, 18:53:54, 24.23, 47.3
2019-02-19, 18:53:55, 24.24, 47.33
2019-02-19, 18:53:57, 24.23, 47.3
2019-02-19, 18:53:58, 24.23, 47.3
2019-02-19, 18:53:59, 24.23, 47.3
2019-02-19, 18:54:01, 24.23, 47.33
2019-02-19, 18:54:02, 24.23, 47.3
2019-02-19, 18:54:03, 24.24, 47.3
2019-02-19, 18:54:05, 24.22, 47.3
2019-02-19, 18:54:06, 24.23, 47.3
2019-02-19, 18:54:08, 24.23, 47.3
2019-02-19, 18:54:09, 24.23, 47.33
2019-02-19, 18:54:10, 24.24, 47.33
2019-02-19, 18:54:12, 24.24, 47.3
2019-02-19, 18:54:13, 24.25, 47.3
2019-02-19, 18:54:14, 24.24, 47.33
2019-02-19, 18:54:16, 24.24, 47.33
2019-02-19, 18:54:17, 24.24, 47.33
2019-02-19, 18:54:18, 24.24, 47.33
2019-02-19, 18:54:20, 24.24, 47.33
2019-02-19, 18:54:21, 24.24, 47.33
2019-02-19, 18:54:22, 24.24, 47.33
2019-02-19, 18:54:24, 24.24, 47.3
2019-02-19, 18:54:25, 24.24, 47.33
2019-02-19, 18:54:27, 24.24, 47.33
2019-02-19, 18:54:28, 24.24, 47.33
2019-02-19, 18:54:29, 24.24, 47.33
2019-02-19, 18:54:31, 24.25, 47.33
2019-02-19, 18:54:32, 24.24, 47.3
2019-02-19, 18:54:33, 24.24, 47.33
2019-02-19, 18:54:35, 24.24, 47.3
2019-02-19, 18:54:36, 24.24, 47.3
2019-02-19, 18:54:37, 24.24, 47.3
2019-02-19, 18:54:39, 24.24, 47.3
2019-02-19, 18:54:40, 24.24, 47.3
2019-02-19, 18:54:41, 24.22, 47.3
2019-02-19, 18:54:43, 24.24, 47.27
2019-02-19, 18:54:44, 24.24, 47.3
2019-02-19, 18:54:45, 24.24, 47.3
2019-02-19, 18:54:47, 24.24, 47.3
2019-02-19, 18:54:48, 24.24, 47.3
2019-02-19, 18:54:50, 24.25, 47.3
2019-02-19, 18:54:51, 24.24, 47.27
2019-02-19, 18:54:52, 24.25, 47.27
2019-02-19, 18:54:54, 24.26, 47.27
2019-02-19, 18:54:55, 24.25, 47.27
2019-02-19, 18:54:56, 24.25, 47.27
2019-02-19, 18:54:58, 24.25, 47.27
2019-02-19, 18:54:59, 24.25, 47.27
2019-02-19, 18:55:00, 24.14, 47.29
2019-02-19, 18:55:02, 24.22, 47.3
2019-02-19, 18:55:03, 24.23, 47.33
2019-02-19, 18:55:04, 24.24, 47.3
2019-02-19, 18:55:06, 24.24, 47.3
2019-02-19, 18:55:07, 24.25, 47.3
2019-02-19, 18:55:08, 24.26, 47.27
2019-02-19, 18:55:10, 24.26, 47.27
2019-02-19, 18:55:11, 24.27, 47.27
2019-02-19, 18:55:13, 24.26, 47.27
2019-02-19, 18:55:14, 24.26, 47.24
2019-02-19, 18:55:15, 24.26, 47.24
2019-02-19, 18:55:17, 24.28, 47.27
2019-02-19, 18:55:18, 24.26, 47.24
2019-02-19, 18:55:19, 24.28, 47.24
2019-02-19, 18:55:21, 24.28, 47.27
2019-02-19, 18:55:22, 24.29, 47.28
2019-02-19, 18:55:23, 24.28, 47.21
2019-02-19, 18:55:25, 24.28, 47.21
2019-02-19, 18:55:26, 24.29, 47.21
2019-02-19, 18:55:27, 24.3, 47.21
2019-02-19, 18:55:29, 24.29, 47.21
2019-02-19, 18:55:30, 24.3, 47.21
2019-02-19, 18:55:31, 24.3, 47.21
2019-02-19, 18:55:33, 24.29, 47.21
2019-02-19, 18:55:34, 24.3, 47.21
2019-02-19, 18:55:36, 24.3, 47.21
2019-02-19, 18:55:37, 24.31, 47.21
2019-02-19, 18:55:38, 24.3, 47.18
2019-02-19, 18:55:40, 24.3, 47.21
2019-02-19, 18:55:41, 24.29, 47.18
2019-02-19, 18:55:42, 24.29, 47.18
2019-02-19, 18:55:44, 24.3, 47.21
2019-02-19, 18:55:45, 24.29, 47.18
2019-02-19, 18:55:46, 24.31, 47.15
2019-02-19, 18:55:48, 24.3, 47.18
2019-02-19, 18:55:49, 24.3, 47.15
2019-02-19, 18:55:50, 24.3, 47.15
2019-02-19, 18:55:52, 24.3, 47.15
2019-02-19, 18:55:53, 24.31, 47.15
2019-02-19, 18:55:55, 24.28, 47.15
2019-02-19, 18:55:56, 24.3, 47.15
2019-02-19, 18:55:57, 24.29, 47.15
2019-02-19, 18:55:59, 24.32, 47.15
2019-02-19, 18:56:00, 24.31, 47.15
2019-02-19, 18:56:01, 24.31, 47.12
2019-02-19, 18:56:03, 24.32, 47.12
2019-02-19, 18:56:04, 24.31, 47.12
2019-02-19, 18:56:05, 24.32, 47.09
2019-02-19, 18:56:07, 24.32, 47.09
2019-02-19, 18:56:08, 24.32, 47.09
2019-02-19, 18:56:09, 24.32, 47.09
2019-02-19, 18:56:11, 24.33, 47.06
2019-02-19, 18:56:12, 24.33, 47.06
2019-02-19, 18:56:13, 24.33, 47.02
2019-02-19, 18:56:15, 24.33, 47.02
2019-02-19, 18:56:16, 24.34, 47.03
2019-02-19, 18:56:18, 24.34, 47.03
2019-02-19, 18:56:19, 24.34, 47.03
2019-02-19, 18:56:20, 24.34, 47.03
2019-02-19, 18:56:22, 24.34, 46.99
2019-02-19, 18:56:23, 24.34, 46.99
2019-02-19, 18:56:24, 24.34, 46.99
2019-02-19, 18:56:26, 24.34, 46.99
2019-02-19, 18:56:27, 24.34, 46.99
2019-02-19, 18:56:28, 24.34, 46.99
2019-02-19, 18:56:30, 24.33, 46.99
2019-02-19, 18:56:31, 24.34, 46.99
2019-02-19, 18:56:32, 24.33, 46.96
2019-02-19, 18:56:34, 24.34, 46.99
2019-02-19, 18:56:35, 24.34, 46.96
2019-02-19, 18:56:36, 24.34, 46.99
2019-02-19, 18:56:38, 24.32, 46.99
2019-02-19, 18:56:39, 24.32, 46.99
2019-02-19, 18:56:41, 24.33, 46.99
2019-02-19, 18:56:42, 24.32, 47.02
2019-02-19, 18:56:43, 24.33, 46.99
2019-02-19, 18:56:45, 24.33, 46.99
2019-02-19, 18:56:46, 24.34, 46.99
2019-02-19, 18:56:47, 24.33, 47.02
2019-02-19, 18:56:49, 24.32, 46.99
2019-02-19, 18:56:50, 24.34, 46.99
2019-02-19, 18:56:51, 24.33, 46.96
2019-02-19, 18:56:53, 24.34, 46.99
2019-02-19, 18:56:54, 24.32, 46.99
2019-02-19, 18:56:55, 24.32, 46.99
2019-02-19, 18:56:57, 24.34, 46.99
2019-02-19, 18:56:58, 24.34, 46.99
2019-02-19, 18:56:59, 24.33, 46.99
2019-02-19, 18:57:01, 24.33, 46.96
2019-02-19, 18:57:02, 24.32, 46.96
2019-02-19, 18:57:04, 24.33, 46.96
2019-02-19, 18:57:05, 24.33, 46.96
2019-02-19, 18:57:06, 24.34, 46.96
2019-02-19, 18:57:08, 24.33, 46.96
2019-02-19, 18:57:09, 24.33, 46.96
2019-02-19, 18:57:10, 24.34, 46.96
2019-02-19, 18:57:12, 24.33, 46.96
2019-02-19, 18:57:13, 24.34, 46.96
2019-02-19, 18:57:14, 24.33, 46.96
2019-02-19, 18:57:16, 24.34, 46.96
2019-02-19, 18:57:17, 24.34, 46.96
2019-02-19, 18:57:18, 24.34, 46.96
2019-02-19, 18:57:20, 24.34, 46.96
2019-02-19, 18:57:21, 24.34, 46.96
2019-02-19, 18:57:23, 24.34, 46.96
2019-02-19, 18:57:24, 24.35, 46.96
2019-02-19, 18:57:25, 24.33, 46.96
2019-02-19, 18:57:27, 24.35, 46.96
2019-02-19, 18:57:28, 24.33, 46.96
2019-02-19, 18:57:29, 24.34, 46.96
2019-02-19, 18:57:31, 24.34, 46.96
2019-02-19, 18:57:32, 24.34, 46.93
2019-02-19, 18:57:33, 24.34, 46.96
2019-02-19, 18:57:35, 24.34, 46.96
2019-02-19, 18:57:36, 24.34, 46.96
2019-02-19, 18:57:37, 24.34, 46.96
2019-02-19, 18:57:39, 24.35, 46.93
2019-02-19, 18:57:40, 24.35, 46.96
2019-02-19, 18:57:42, 24.34, 46.93
2019-02-19, 18:57:43, 24.35, 46.93
2019-02-19, 18:57:44, 24.35, 46.93
2019-02-19, 18:57:46, 24.34, 46.93
2019-02-19, 18:57:47, 24.34, 46.9
2019-02-19, 18:57:48, 24.34, 46.9
2019-02-19, 18:57:50, 24.34, 46.9
2019-02-19, 18:57:51, 24.34, 46.93
2019-02-19, 18:57:52, 24.34, 46.93
2019-02-19, 18:57:54, 24.34, 46.9
2019-02-19, 18:57:55, 24.34, 46.9
2019-02-19, 18:57:56, 24.34, 46.93
2019-02-19, 18:57:58, 24.33, 46.9
2019-02-19, 18:57:59, 24.34, 46.9
2019-02-19, 18:58:01, 24.33, 46.9
2019-02-19, 18:58:02, 24.36, 46.9
2019-02-19, 18:58:03, 24.35, 46.9
2019-02-19, 18:58:05, 24.35, 46.9
2019-02-19, 18:58:06, 24.35, 46.9
2019-02-19, 18:58:07, 24.34, 46.9
2019-02-19, 18:58:09, 24.35, 46.9
2019-02-19, 18:58:10, 24.36, 46.9
2019-02-19, 18:58:11, 24.35, 46.9
2019-02-19, 18:58:13, 24.36, 46.9
2019-02-19, 18:58:14, 24.36, 46.9
2019-02-19, 18:58:15, 24.35, 46.9
2019-02-19, 18:58:17, 24.34, 46.9
2019-02-19, 18:58:18, 24.35, 46.9
2019-02-19, 18:58:19, 24.33, 46.9
2019-02-19, 18:58:21, 24.34, 46.9
2019-02-19, 18:58:22, 24.34, 46.9
2019-02-19, 18:58:24, 24.34, 46.9
2019-02-19, 18:58:25, 24.34, 46.9
2019-02-19, 18:58:26, 24.35, 46.9
2019-02-19, 18:58:28, 24.34, 46.9
2019-02-19, 18:58:29, 24.35, 46.9
2019-02-19, 18:58:30, 24.35, 46.9
2019-02-19, 18:58:32, 24.34, 46.93
2019-02-19, 18:58:33, 24.36, 46.9
2019-02-19, 18:58:34, 24.36, 46.9
2019-02-19, 18:58:36, 24.34, 46.9
2019-02-19, 18:58:37, 24.35, 46.9
2019-02-19, 18:58:38, 24.36, 46.9
2019-02-19, 18:58:40, 24.35, 46.9
2019-02-19, 18:58:41, 24.34, 46.9
2019-02-19, 18:58:43, 24.36, 46.9
2019-02-19, 18:58:44, 24.35, 46.9
2019-02-19, 18:58:45, 24.36, 46.9
2019-02-19, 18:58:47, 24.36, 46.9
2019-02-19, 18:58:48, 24.36, 46.9
2019-02-19, 18:58:49, 24.36, 46.9
2019-02-19, 18:58:51, 24.35, 46.9
2019-02-19, 18:58:52, 24.34, 46.9
2019-02-19, 18:58:53, 24.35, 46.9
2019-02-19, 18:58:55, 24.34, 46.9
2019-02-19, 18:58:56, 24.34, 46.86
2019-02-19, 18:58:57, 24.34, 46.9
2019-02-19, 18:58:59, 24.35, 46.9
2019-02-19, 18:59:00, 24.34, 46.9
2019-02-19, 18:59:01, 24.35, 46.9
2019-02-19, 18:59:03, 24.35, 46.9
2019-02-19, 18:59:04, 24.35, 46.9
2019-02-19, 18:59:06, 24.37, 46.9
2019-02-19, 18:59:07, 24.36, 46.87
2019-02-19, 18:59:08, 24.37, 46.9
2019-02-19, 18:59:10, 24.36, 46.9
2019-02-19, 18:59:11, 24.36, 46.9
2019-02-19, 18:59:12, 24.37, 46.9
2019-02-19, 18:59:14, 24.36, 46.9
2019-02-19, 18:59:15, 24.36, 46.9
2019-02-19, 18:59:16, 24.36, 46.9
2019-02-19, 18:59:18, 24.36, 46.9
2019-02-19, 18:59:19, 24.36, 46.9
2019-02-19, 18:59:20, 24.35, 46.9
2019-02-19, 18:59:22, 24.37, 46.9
2019-02-19, 18:59:23, 24.36, 46.9
2019-02-19, 18:59:24, 24.37, 46.9
2019-02-19, 18:59:26, 24.36, 46.9
2019-02-19, 18:59:27, 24.35, 46.9
2019-02-19, 18:59:29, 24.35, 46.9
2019-02-19, 18:59:30, 24.36, 46.9
2019-02-19, 18:59:31, 24.35, 46.9
2019-02-19, 18:59:33, 24.35, 46.9
2019-02-19, 18:59:34, 24.35, 46.9
2019-02-19, 18:59:35, 24.35, 46.9
2019-02-19, 18:59:37, 24.36, 46.9
2019-02-19, 18:59:38, 24.36, 46.9
2019-02-19, 18:59:39, 24.36, 46.9
2019-02-19, 18:59:41, 24.35, 46.87
2019-02-19, 18:59:42, 24.36, 46.9
2019-02-19, 18:59:43, 24.35, 46.9
2019-02-19, 18:59:45, 24.36, 46.9
2019-02-19, 18:59:46, 24.37, 46.9
2019-02-19, 18:59:48, 24.37, 46.9
2019-02-19, 18:59:49, 24.35, 46.9
2019-02-19, 18:59:50, 24.37, 46.9
2019-02-19, 18:59:52, 24.35, 46.9
2019-02-19, 18:59:53, 24.36, 46.9
2019-02-19, 18:59:54, 24.38, 46.9
2019-02-19, 18:59:56, 24.37, 46.9
2019-02-19, 18:59:57, 24.36, 46.9
2019-02-19, 18:59:58, 24.36, 46.9
2019-02-19, 19:00:00, 24.36, 46.9
2019-02-19, 19:00:01, 24.36, 46.9
2019-02-19, 19:00:02, 24.36, 46.9
2019-02-19, 19:00:04, 24.37, 46.9
2019-02-19, 19:00:05, 24.36, 46.9
2019-02-19, 19:00:07, 24.36, 46.9
2019-02-19, 19:00:08, 24.35, 46.9
2019-02-19, 19:00:09, 24.36, 46.9
2019-02-19, 19:00:11, 24.36, 46.9
2019-02-19, 19:00:12, 24.34, 46.86
2019-02-19, 19:00:13, 24.36, 46.9
2019-02-19, 19:00:15, 24.36, 46.87
2019-02-19, 19:00:16, 24.33, 46.9
2019-02-19, 19:00:17, 24.36, 46.9
2019-02-19, 19:00:19, 24.36, 46.9
2019-02-19, 19:00:20, 24.37, 46.9
2019-02-19, 19:00:21, 24.34, 46.9
2019-02-19, 19:00:23, 24.35, 46.9
2019-02-19, 19:00:24, 24.36, 46.9
2019-02-19, 19:00:25, 24.36, 46.9
2019-02-19, 19:00:27, 24.37, 46.87
2019-02-19, 19:00:28, 24.36, 46.9
2019-02-19, 19:00:30, 24.34, 46.9
2019-02-19, 19:00:31, 24.34, 46.86
2019-02-19, 19:00:32, 24.36, 46.87
2019-02-19, 19:00:34, 24.35, 46.87
2019-02-19, 19:00:35, 24.36, 46.87
2019-02-19, 19:00:36, 24.36, 46.9
2019-02-19, 19:00:38, 24.34, 46.83
2019-02-19, 19:00:39, 24.36, 46.87
2019-02-19, 19:00:40, 24.36, 46.87
2019-02-19, 19:00:42, 24.36, 46.87
2019-02-19, 19:00:43, 24.37, 46.87
2019-02-19, 19:00:44, 24.36, 46.87
2019-02-19, 19:00:46, 24.36, 46.9
2019-02-19, 19:00:47, 24.36, 46.87
2019-02-19, 19:00:49, 24.36, 46.84
2019-02-19, 19:00:50, 24.36, 46.84
2019-02-19, 19:00:51, 24.36, 46.87
2019-02-19, 19:00:53, 24.37, 46.84
2019-02-19, 19:00:54, 24.34, 46.86
2019-02-19, 19:00:55, 24.36, 46.87
2019-02-19, 19:00:57, 24.36, 46.87
2019-02-19, 19:00:58, 24.35, 46.87
2019-02-19, 19:00:59, 24.36, 46.87
2019-02-19, 19:01:01, 24.36, 46.87
2019-02-19, 19:01:02, 24.35, 46.87
2019-02-19, 19:01:03, 24.36, 46.84
2019-02-19, 19:01:05, 24.35, 46.83
2019-02-19, 19:01:06, 24.36, 46.84
2019-02-19, 19:01:07, 24.35, 46.9
2019-02-19, 19:01:09, 24.34, 46.83
2019-02-19, 19:01:10, 24.35, 46.87
2019-02-19, 19:01:12, 24.35, 46.87
2019-02-19, 19:01:13, 24.36, 46.87
2019-02-19, 19:01:14, 24.37, 46.87
2019-02-19, 19:01:16, 24.36, 46.87
2019-02-19, 19:01:17, 24.35, 46.87
2019-02-19, 19:01:18, 24.36, 46.87
2019-02-19, 19:01:20, 24.35, 46.87
2019-02-19, 19:01:21, 24.25, 46.89
2019-02-19, 19:01:22, 24.34, 46.93
2019-02-19, 19:01:24, 24.33, 46.93
2019-02-19, 19:01:25, 24.34, 46.9
2019-02-19, 19:01:27, 24.19, 46.97
2019-02-19, 19:01:28, 24.29, 47.02
2019-02-19, 19:01:29, 24.32, 47.02
2019-02-19, 19:01:31, 24.32, 47.02
2019-02-19, 19:01:32, 24.33, 46.99
2019-02-19, 19:01:33, 24.34, 46.96
2019-02-19, 19:01:35, 24.34, 46.96
2019-02-19, 19:01:36, 24.34, 46.96
2019-02-19, 19:01:37, 24.33, 46.96
2019-02-19, 19:01:39, 24.34, 46.96
2019-02-19, 19:01:40, 24.34, 46.93
2019-02-19, 19:01:41, 24.37, 46.9
2019-02-19, 19:01:43, 24.36, 46.9
2019-02-19, 19:01:44, 24.37, 46.9
2019-02-19, 19:01:45, 24.37, 46.9
2019-02-19, 19:01:47, 24.35, 46.9
2019-02-19, 19:01:48, 24.36, 46.9
2019-02-19, 19:01:50, 24.36, 46.9
2019-02-19, 19:01:51, 24.36, 46.9
2019-02-19, 19:01:52, 24.37, 46.9
2019-02-19, 19:01:54, 24.38, 46.9
2019-02-19, 19:01:55, 24.37, 46.9
2019-02-19, 19:01:56, 24.37, 46.87
2019-02-19, 19:01:58, 24.38, 46.87
2019-02-19, 19:01:59, 24.38, 46.87
2019-02-19, 19:02:00, 24.37, 46.87
2019-02-19, 19:02:02, 24.38, 46.9
2019-02-19, 19:02:03, 24.37, 46.9
2019-02-19, 19:02:04, 24.37, 46.87
2019-02-19, 19:02:06, 24.37, 46.87
2019-02-19, 19:02:07, 24.37, 46.87
2019-02-19, 19:02:08, 24.38, 46.87
2019-02-19, 19:02:10, 24.36, 46.87
2019-02-19, 19:02:11, 24.36, 46.87
2019-02-19, 19:02:13, 24.37, 46.87
2019-02-19, 19:02:14, 24.37, 46.87
2019-02-19, 19:02:15, 24.36, 46.87
2019-02-19, 19:02:17, 24.37, 46.87
2019-02-19, 19:02:18, 24.36, 46.84
2019-02-19, 19:02:19, 24.37, 46.87
2019-02-19, 19:02:21, 24.24, 46.88
2019-02-19, 19:02:22, 24.32, 46.93
2019-02-19, 19:02:23, 24.33, 46.96
2019-02-19, 19:02:25, 24.34, 46.96
2019-02-19, 19:02:26, 24.36, 46.93
2019-02-19, 19:02:27, 24.34, 46.9
2019-02-19, 19:02:29, 24.35, 46.9
2019-02-19, 19:02:30, 24.34, 46.9
2019-02-19, 19:02:32, 24.34, 46.9
2019-02-19, 19:02:33, 24.36, 46.9
2019-02-19, 19:02:34, 24.37, 46.9
2019-02-19, 19:02:36, 24.36, 46.9
2019-02-19, 19:02:37, 24.37, 46.87
2019-02-19, 19:02:38, 24.38, 46.84
2019-02-19, 19:02:40, 24.37, 46.84
2019-02-19, 19:02:41, 24.37, 46.84
2019-02-19, 19:02:42, 24.38, 46.84
2019-02-19, 19:02:44, 24.38, 46.84
2019-02-19, 19:02:45, 24.38, 46.84
2019-02-19, 19:02:46, 24.37, 46.8
2019-02-19, 19:02:48, 24.38, 46.84
2019-02-19, 19:02:49, 24.37, 46.84
2019-02-19, 19:02:50, 24.22, 46.85
2019-02-19, 19:02:52, 24.32, 46.89
2019-02-19, 19:02:53, 24.34, 46.9
2019-02-19, 19:02:55, 24.34, 46.9
2019-02-19, 19:02:56, 24.35, 46.9
2019-02-19, 19:02:57, 24.35, 46.9
2019-02-19, 19:02:59, 24.34, 46.9
2019-02-19, 19:03:00, 24.35, 46.9
2019-02-19, 19:03:01, 24.34, 46.9
2019-02-19, 19:03:03, 24.35, 46.87
2019-02-19, 19:03:04, 24.36, 46.87
2019-02-19, 19:03:05, 24.34, 46.86
2019-02-19, 19:03:07, 24.35, 46.87
2019-02-19, 19:03:08, 24.35, 46.87
2019-02-19, 19:03:09, 24.36, 46.87
2019-02-19, 19:03:11, 24.36, 46.87
2019-02-19, 19:03:12, 24.36, 46.84
2019-02-19, 19:03:14, 24.36, 46.84
2019-02-19, 19:03:15, 24.36, 46.84
2019-02-19, 19:03:16, 24.35, 46.83
2019-02-19, 19:03:18, 24.37, 46.84
2019-02-19, 19:03:19, 24.36, 46.84
2019-02-19, 19:03:20, 24.2, 46.85
2019-02-19, 19:03:22, 24.32, 46.93
2019-02-19, 19:03:23, 24.34, 46.96
2019-02-19, 19:03:24, 24.33, 46.9
2019-02-19, 19:03:26, 24.36, 46.9
2019-02-19, 19:03:27, 24.36, 46.9
2019-02-19, 19:03:28, 24.36, 46.9
2019-02-19, 19:03:30, 24.38, 46.87
2019-02-19, 19:03:31, 24.37, 46.84
2019-02-19, 19:03:32, 24.38, 46.84
2019-02-19, 19:03:34, 24.38, 46.84
2019-02-19, 19:03:35, 24.4, 46.81
2019-02-19, 19:03:37, 24.39, 46.81
2019-02-19, 19:03:38, 24.4, 46.81
2019-02-19, 19:03:39, 24.41, 46.81
2019-02-19, 19:03:41, 24.41, 46.81
2019-02-19, 19:03:42, 24.4, 46.78
2019-02-19, 19:03:43, 24.4, 46.78
2019-02-19, 19:03:45, 24.4, 46.78
2019-02-19, 19:03:46, 24.41, 46.78
2019-02-19, 19:03:47, 24.41, 46.74
2019-02-19, 19:03:49, 24.41, 46.74
2019-02-19, 19:03:50, 24.41, 46.74
2019-02-19, 19:03:51, 24.4, 46.74
2019-02-19, 19:03:53, 24.42, 46.75
2019-02-19, 19:03:54, 24.33, 46.7
2019-02-19, 19:03:55, 24.4, 46.78
2019-02-19, 19:03:57, 24.41, 46.78
2019-02-19, 19:03:58, 24.41, 46.74
2019-02-19, 19:04:00, 24.4, 46.74
2019-02-19, 19:04:01, 24.41, 46.74
2019-02-19, 19:04:02, 24.41, 46.74
2019-02-19, 19:04:04, 24.42, 46.71
2019-02-19, 19:04:05, 24.41, 46.71
2019-02-19, 19:04:06, 24.41, 46.71
2019-02-19, 19:04:08, 24.42, 46.71
2019-02-19, 19:04:09, 24.42, 46.71
2019-02-19, 19:04:10, 24.43, 46.68
2019-02-19, 19:04:12, 24.42, 46.68
2019-02-19, 19:04:13, 24.43, 46.68
2019-02-19, 19:04:14, 24.43, 46.65
2019-02-19, 19:04:16, 24.42, 46.65
2019-02-19, 19:04:17, 24.43, 46.65
2019-02-19, 19:04:18, 24.43, 46.65
2019-02-19, 19:04:20, 24.42, 46.65
2019-02-19, 19:04:21, 24.43, 46.65
2019-02-19, 19:04:23, 24.43, 46.65
2019-02-19, 19:04:24, 24.42, 46.65
2019-02-19, 19:04:25, 24.42, 46.65
2019-02-19, 19:04:27, 24.44, 46.65
2019-02-19, 19:04:28, 24.42, 46.65
2019-02-19, 19:04:29, 24.42, 46.65
2019-02-19, 19:04:31, 24.42, 46.65
2019-02-19, 19:04:32, 24.43, 46.65
2019-02-19, 19:04:33, 24.43, 46.65
2019-02-19, 19:04:35, 24.43, 46.65
2019-02-19, 19:04:36, 24.43, 46.65
2019-02-19, 19:04:37, 24.44, 46.65
2019-02-19, 19:04:39, 24.43, 46.65
2019-02-19, 19:04:40, 24.42, 46.62
2019-02-19, 19:04:42, 24.42, 46.65
2019-02-19, 19:04:43, 24.41, 46.62
2019-02-19, 19:04:44, 24.42, 46.62
2019-02-19, 19:04:46, 24.42, 46.62
2019-02-19, 19:04:47, 24.4, 46.65
2019-02-19, 19:04:48, 24.41, 46.65
2019-02-19, 19:04:50, 24.41, 46.65
2019-02-19, 19:04:51, 24.41, 46.65
2019-02-19, 19:04:52, 24.4, 46.65
2019-02-19, 19:04:54, 24.4, 46.65
2019-02-19, 19:04:55, 24.4, 46.65
2019-02-19, 19:04:56, 24.4, 46.65
2019-02-19, 19:04:58, 24.39, 46.65
2019-02-19, 19:04:59, 24.41, 46.65
2019-02-19, 19:05:01, 24.42, 46.65
2019-02-19, 19:05:02, 24.42, 46.65
2019-02-19, 19:05:03, 24.41, 46.65
2019-02-19, 19:05:05, 24.42, 46.65
2019-02-19, 19:05:06, 24.41, 46.65
2019-02-19, 19:05:07, 24.42, 46.65
2019-02-19, 19:05:09, 24.4, 46.65
2019-02-19, 19:05:10, 24.42, 46.65
2019-02-19, 19:05:11, 24.42, 46.65
2019-02-19, 19:05:13, 24.42, 46.65
2019-02-19, 19:05:14, 24.41, 46.62
2019-02-19, 19:05:15, 24.42, 46.65
2019-02-19, 19:05:17, 24.42, 46.62
2019-02-19, 19:05:18, 24.36, 46.64
2019-02-19, 19:05:20, 24.4, 46.65
2019-02-19, 19:05:21, 24.4, 46.65
2019-02-19, 19:05:22, 24.41, 46.65
2019-02-19, 19:05:24, 24.42, 46.65
2019-02-19, 19:05:25, 24.42, 46.65
2019-02-19, 19:05:26, 24.42, 46.65
2019-02-19, 19:05:28, 24.43, 46.65
2019-02-19, 19:05:29, 24.42, 46.65
2019-02-19, 19:05:30, 24.43, 46.62
2019-02-19, 19:05:32, 24.43, 46.65
2019-02-19, 19:05:33, 24.43, 46.65
2019-02-19, 19:05:34, 24.42, 46.62
2019-02-19, 19:05:36, 24.43, 46.62
2019-02-19, 19:05:37, 24.42, 46.62
2019-02-19, 19:05:38, 24.43, 46.62
2019-02-19, 19:05:40, 24.42, 46.59
2019-02-19, 19:05:41, 24.42, 46.62
2019-02-19, 19:05:43, 24.42, 46.62
2019-02-19, 19:05:44, 24.43, 46.62
2019-02-19, 19:05:45, 24.41, 46.62
2019-02-19, 19:05:47, 24.41, 46.62
2019-02-19, 19:05:48, 24.32, 46.64
2019-02-19, 19:05:49, 24.37, 46.64
2019-02-19, 19:05:51, 24.4, 46.65
2019-02-19, 19:05:52, 24.39, 46.68
2019-02-19, 19:05:53, 24.25, 46.66
2019-02-19, 19:05:55, 24.36, 46.71
2019-02-19, 19:05:56, 24.38, 46.74
2019-02-19, 19:05:57, 24.38, 46.71
2019-02-19, 19:05:59, 24.38, 46.71
2019-02-19, 19:06:00, 24.38, 46.71
2019-02-19, 19:06:02, 24.38, 46.68
2019-02-19, 19:06:03, 24.38, 46.68
2019-02-19, 19:06:04, 24.37, 46.68
2019-02-19, 19:06:06, 24.38, 46.68
2019-02-19, 19:06:07, 24.38, 46.71
2019-02-19, 19:06:08, 24.38, 46.68
2019-02-19, 19:06:10, 24.38, 46.68
2019-02-19, 19:06:11, 24.38, 46.71
2019-02-19, 19:06:12, 24.38, 46.71
2019-02-19, 19:06:14, 24.38, 46.71
2019-02-19, 19:06:15, 24.38, 46.71
2019-02-19, 19:06:16, 24.38, 46.71
2019-02-19, 19:06:18, 24.38, 46.71
2019-02-19, 19:06:19, 24.38, 46.71
2019-02-19, 19:06:20, 24.38, 46.68
2019-02-19, 19:06:22, 24.38, 46.68
2019-02-19, 19:06:23, 24.38, 46.68
2019-02-19, 19:06:25, 24.37, 46.71
2019-02-19, 19:06:26, 24.39, 46.71
2019-02-19, 19:06:27, 24.38, 46.71
2019-02-19, 19:06:29, 24.37, 46.71
2019-02-19, 19:06:30, 24.36, 46.71
2019-02-19, 19:06:31, 24.37, 46.71
2019-02-19, 19:06:33, 24.36, 46.71
2019-02-19, 19:06:34, 24.35, 46.74
2019-02-19, 19:06:35, 24.35, 46.71
2019-02-19, 19:06:37, 24.36, 46.71
2019-02-19, 19:06:38, 24.35, 46.71
2019-02-19, 19:06:39, 24.36, 46.71
2019-02-19, 19:06:41, 24.34, 46.7
2019-02-19, 19:06:42, 24.36, 46.74
2019-02-19, 19:06:44, 24.35, 46.74
2019-02-19, 19:06:45, 24.34, 46.74
2019-02-19, 19:06:46, 24.34, 46.74
2019-02-19, 19:06:48, 24.22, 46.75
2019-02-19, 19:06:49, 24.3, 46.83
2019-02-19, 19:06:50, 24.31, 46.83
2019-02-19, 19:06:52, 24.32, 46.83
2019-02-19, 19:06:53, 24.32, 46.83
2019-02-19, 19:06:54, 24.34, 46.83
2019-02-19, 19:06:56, 24.33, 46.83
2019-02-19, 19:06:57, 24.32, 46.8
2019-02-19, 19:06:58, 24.34, 46.8
2019-02-19, 19:07:00, 24.33, 46.83
2019-02-19, 19:07:01, 24.34, 46.77
2019-02-19, 19:07:03, 24.33, 46.77
2019-02-19, 19:07:04, 24.33, 46.77
2019-02-19, 19:07:05, 24.34, 46.77
2019-02-19, 19:07:07, 24.35, 46.77
2019-02-19, 19:07:08, 24.34, 46.77
2019-02-19, 19:07:09, 24.33, 46.77
2019-02-19, 19:07:11, 24.34, 46.77
2019-02-19, 19:07:12, 24.34, 46.77
2019-02-19, 19:07:13, 24.34, 46.77
2019-02-19, 19:07:15, 24.33, 46.74
2019-02-19, 19:07:16, 24.34, 46.74
2019-02-19, 19:07:17, 24.19, 46.75
2019-02-19, 19:07:19, 24.29, 46.83
2019-02-19, 19:07:20, 24.31, 46.83
2019-02-19, 19:07:21, 24.32, 46.83
2019-02-19, 19:07:23, 24.33, 46.83
2019-02-19, 19:07:24, 24.33, 46.83
2019-02-19, 19:07:26, 24.34, 46.83
2019-02-19, 19:07:27, 24.34, 46.77
2019-02-19, 19:07:28, 24.32, 46.8
2019-02-19, 19:07:30, 24.33, 46.83
2019-02-19, 19:07:31, 24.34, 46.77
2019-02-19, 19:07:32, 24.34, 46.77
2019-02-19, 19:07:34, 24.33, 46.77
2019-02-19, 19:07:35, 24.34, 46.77
2019-02-19, 19:07:36, 24.34, 46.8
2019-02-19, 19:07:38, 24.32, 46.77
2019-02-19, 19:07:39, 24.34, 46.77
2019-02-19, 19:07:40, 24.33, 46.77
2019-02-19, 19:07:42, 24.34, 46.77
2019-02-19, 19:07:43, 24.34, 46.77
2019-02-19, 19:07:44, 24.33, 46.77
2019-02-19, 19:07:46, 24.33, 46.77
2019-02-19, 19:07:47, 24.18, 46.81
2019-02-19, 19:07:49, 24.3, 46.83
2019-02-19, 19:07:50, 24.3, 46.86
2019-02-19, 19:07:51, 24.3, 46.86
2019-02-19, 19:07:53, 24.31, 46.86
2019-02-19, 19:07:54, 24.32, 46.83
2019-02-19, 19:07:55, 24.3, 46.83
2019-02-19, 19:07:57, 24.3, 46.83
2019-02-19, 19:07:58, 24.32, 46.8
2019-02-19, 19:07:59, 24.33, 46.83
2019-02-19, 19:08:01, 24.32, 46.8
2019-02-19, 19:08:02, 24.32, 46.83
2019-02-19, 19:08:03, 24.32, 46.8
2019-02-19, 19:08:05, 24.32, 46.8
2019-02-19, 19:08:06, 24.32, 46.77
2019-02-19, 19:08:07, 24.32, 46.77
2019-02-19, 19:08:09, 24.32, 46.77
2019-02-19, 19:08:10, 24.32, 46.77
2019-02-19, 19:08:12, 24.34, 46.77
2019-02-19, 19:08:13, 24.34, 46.77
2019-02-19, 19:08:14, 24.33, 46.77
2019-02-19, 19:08:16, 24.32, 46.8
2019-02-19, 19:08:17, 24.32, 46.77
2019-02-19, 19:08:18, 24.31, 46.76
2019-02-19, 19:08:20, 24.32, 46.77
2019-02-19, 19:08:21, 24.32, 46.77
2019-02-19, 19:08:22, 24.31, 46.76
2019-02-19, 19:08:24, 24.32, 46.77
2019-02-19, 19:08:25, 24.32, 46.77
2019-02-19, 19:08:26, 24.32, 46.77
2019-02-19, 19:08:28, 24.32, 46.77
2019-02-19, 19:08:29, 24.32, 46.77
2019-02-19, 19:08:30, 24.32, 46.77
2019-02-19, 19:08:32, 24.3, 46.76
2019-02-19, 19:08:33, 24.31, 46.76
2019-02-19, 19:08:35, 24.32, 46.8
2019-02-19, 19:08:36, 24.3, 46.8
2019-02-19, 19:08:37, 24.31, 46.8
2019-02-19, 19:08:39, 24.32, 46.8
2019-02-19, 19:08:40, 24.32, 46.83
2019-02-19, 19:08:41, 24.32, 46.8
2019-02-19, 19:08:43, 24.31, 46.76
2019-02-19, 19:08:44, 24.31, 46.76
2019-02-19, 19:08:45, 24.32, 46.8
2019-02-19, 19:08:47, 24.31, 46.76
2019-02-19, 19:08:48, 24.32, 46.8
2019-02-19, 19:08:49, 24.31, 46.76
2019-02-19, 19:08:51, 24.24, 46.76
2019-02-19, 19:08:52, 24.3, 46.8
2019-02-19, 19:08:53, 24.3, 46.8
2019-02-19, 19:08:55, 24.3, 46.83
2019-02-19, 19:08:56, 24.3, 46.83
2019-02-19, 19:08:58, 24.31, 46.8
2019-02-19, 19:08:59, 24.3, 46.8
2019-02-19, 19:09:00, 24.3, 46.8
2019-02-19, 19:09:02, 24.3, 46.8
2019-02-19, 19:09:03, 24.28, 46.79
2019-02-19, 19:09:04, 24.3, 46.83
2019-02-19, 19:09:06, 24.29, 46.83
2019-02-19, 19:09:07, 24.29, 46.83
2019-02-19, 19:09:08, 24.29, 46.83
2019-02-19, 19:09:10, 24.3, 46.83
2019-02-19, 19:09:11, 24.29, 46.83
2019-02-19, 19:09:12, 24.3, 46.83
2019-02-19, 19:09:14, 24.28, 46.86
2019-02-19, 19:09:15, 24.29, 46.86
2019-02-19, 19:09:16, 24.29, 46.86
2019-02-19, 19:09:18, 24.29, 46.89
2019-02-19, 19:09:19, 24.29, 46.89
2019-02-19, 19:09:21, 24.3, 46.89
2019-02-19, 19:09:22, 24.28, 46.89
2019-02-19, 19:09:23, 24.3, 46.89
2019-02-19, 19:09:25, 24.28, 46.86
2019-02-19, 19:09:26, 24.28, 46.89
2019-02-19, 19:09:27, 24.29, 46.89
2019-02-19, 19:09:29, 24.28, 46.89
2019-02-19, 19:09:30, 24.28, 46.89
2019-02-19, 19:09:31, 24.28, 46.89
2019-02-19, 19:09:33, 24.28, 46.89
2019-02-19, 19:09:34, 24.28, 46.89
2019-02-19, 19:09:35, 24.28, 46.89
2019-02-19, 19:09:37, 24.27, 46.89
2019-02-19, 19:09:38, 24.27, 46.89
2019-02-19, 19:09:40, 24.27, 46.89
2019-02-19, 19:09:41, 24.27, 46.89
2019-02-19, 19:09:42, 24.26, 46.92
2019-02-19, 19:09:44, 24.27, 46.89
2019-02-19, 19:09:45, 24.26, 46.95
2019-02-19, 19:09:46, 24.26, 46.89
2019-02-19, 19:09:48, 24.26, 46.92
2019-02-19, 19:09:49, 24.27, 46.92
2019-02-19, 19:09:50, 24.26, 46.95
2019-02-19, 19:09:52, 24.26, 46.92
2019-02-19, 19:09:53, 24.26, 46.89
2019-02-19, 19:09:54, 24.27, 46.92
2019-02-19, 19:09:56, 24.26, 46.92
2019-02-19, 19:09:57, 24.26, 46.92
2019-02-19, 19:09:58, 24.26, 46.92
2019-02-19, 19:10:00, 24.27, 46.89
2019-02-19, 19:10:01, 24.27, 46.92
2019-02-19, 19:10:03, 24.26, 46.95
2019-02-19, 19:10:04, 24.27, 46.89
2019-02-19, 19:10:05, 24.28, 46.92
2019-02-19, 19:10:07, 24.27, 46.92
2019-02-19, 19:10:08, 24.27, 46.89
2019-02-19, 19:10:09, 24.27, 46.89
2019-02-19, 19:10:11, 24.26, 46.89
2019-02-19, 19:10:12, 24.28, 46.89
2019-02-19, 19:10:13, 24.27, 46.89
2019-02-19, 19:10:15, 24.24, 46.88
2019-02-19, 19:10:16, 24.28, 46.89
2019-02-19, 19:10:17, 24.27, 46.89
2019-02-19, 19:10:19, 24.28, 46.89
2019-02-19, 19:10:20, 24.17, 46.88
2019-02-19, 19:10:21, 24.25, 46.89
2019-02-19, 19:10:23, 24.27, 46.89
2019-02-19, 19:10:24, 24.26, 46.92
2019-02-19, 19:10:26, 24.27, 46.89
2019-02-19, 19:10:27, 24.28, 46.89
2019-02-19, 19:10:28, 24.28, 46.89
2019-02-19, 19:10:30, 24.28, 46.86
2019-02-19, 19:10:31, 24.26, 46.89
2019-02-19, 19:10:32, 24.27, 46.86
2019-02-19, 19:10:34, 24.27, 46.86
2019-02-19, 19:10:35, 24.28, 46.86
2019-02-19, 19:10:36, 24.26, 46.85
2019-02-19, 19:10:38, 24.27, 46.86
2019-02-19, 19:10:39, 24.27, 46.82
2019-02-19, 19:10:40, 24.28, 46.83
2019-02-19, 19:10:42, 24.28, 46.86
2019-02-19, 19:10:43, 24.28, 46.86
2019-02-19, 19:10:44, 24.28, 46.83
2019-02-19, 19:10:46, 24.28, 46.83
2019-02-19, 19:10:47, 24.26, 46.82
2019-02-19, 19:10:49, 24.28, 46.83
2019-02-19, 19:10:50, 24.28, 46.83
2019-02-19, 19:10:51, 24.28, 46.83
2019-02-19, 19:10:53, 24.28, 46.83
2019-02-19, 19:10:54, 24.27, 46.82
2019-02-19, 19:10:55, 24.28, 46.83
2019-02-19, 19:10:57, 24.27, 46.82
2019-02-19, 19:10:58, 24.28, 46.83
2019-02-19, 19:10:59, 24.28, 46.83
2019-02-19, 19:11:01, 24.27, 46.82
2019-02-19, 19:11:02, 24.28, 46.83
2019-02-19, 19:11:03, 24.26, 46.82
2019-02-19, 19:11:05, 24.26, 46.82
2019-02-19, 19:11:06, 24.28, 46.83
2019-02-19, 19:11:08, 24.28, 46.83
2019-02-19, 19:11:09, 24.26, 46.82
2019-02-19, 19:11:10, 24.26, 46.82
2019-02-19, 19:11:12, 24.26, 46.82
2019-02-19, 19:11:13, 24.27, 46.82
2019-02-19, 19:11:14, 24.19, 46.81
2019-02-19, 19:11:16, 24.26, 46.85
2019-02-19, 19:11:17, 24.26, 46.89
2019-02-19, 19:11:18, 24.26, 46.89
2019-02-19, 19:11:20, 24.26, 46.85
2019-02-19, 19:11:21, 24.26, 46.85
2019-02-19, 19:11:22, 24.27, 46.86
2019-02-19, 19:11:24, 24.28, 46.83
2019-02-19, 19:11:25, 24.28, 46.86
2019-02-19, 19:11:26, 24.28, 46.83
2019-02-19, 19:11:28, 24.27, 46.82
2019-02-19, 19:11:29, 24.27, 46.82
2019-02-19, 19:11:31, 24.28, 46.83
2019-02-19, 19:11:32, 24.27, 46.82
2019-02-19, 19:11:33, 24.26, 46.82
2019-02-19, 19:11:35, 24.28, 46.83
2019-02-19, 19:11:36, 24.28, 46.83
2019-02-19, 19:11:37, 24.26, 46.82
2019-02-19, 19:11:39, 24.27, 46.82
2019-02-19, 19:11:40, 24.28, 46.83
2019-02-19, 19:11:41, 24.28, 46.83
2019-02-19, 19:11:43, 24.28, 46.83
2019-02-19, 19:11:44, 24.27, 46.82
2019-02-19, 19:11:45, 24.28, 46.83
2019-02-19, 19:11:47, 24.27, 46.82
2019-02-19, 19:11:48, 24.28, 46.83
2019-02-19, 19:11:49, 24.28, 46.83
2019-02-19, 19:11:51, 24.28, 46.83
2019-02-19, 19:11:52, 24.28, 46.83
2019-02-19, 19:11:53, 24.28, 46.83
2019-02-19, 19:11:55, 24.29, 46.83
2019-02-19, 19:11:56, 24.28, 46.83
2019-02-19, 19:11:58, 24.28, 46.83
2019-02-19, 19:11:59, 24.28, 46.83
2019-02-19, 19:12:00, 24.28, 46.83
2019-02-19, 19:12:02, 24.29, 46.79
2019-02-19, 19:12:03, 24.29, 46.79
2019-02-19, 19:12:04, 24.3, 46.83
2019-02-19, 19:12:06, 24.27, 46.79
2019-02-19, 19:12:07, 24.28, 46.83
2019-02-19, 19:12:08, 24.28, 46.79
2019-02-19, 19:12:10, 24.28, 46.79
2019-02-19, 19:12:11, 24.28, 46.79
2019-02-19, 19:12:12, 24.28, 46.83
2019-02-19, 19:12:14, 24.28, 46.79
2019-02-19, 19:12:15, 24.26, 46.76
2019-02-19, 19:12:17, 24.27, 46.76
2019-02-19, 19:12:18, 24.27, 46.76
2019-02-19, 19:12:19, 24.29, 46.76
2019-02-19, 19:12:21, 24.29, 46.73
2019-02-19, 19:12:22, 24.28, 46.73
2019-02-19, 19:12:23, 24.31, 46.73
2019-02-19, 19:12:25, 24.3, 46.73
2019-02-19, 19:12:26, 24.3, 46.73
2019-02-19, 19:12:27, 24.31, 46.73
2019-02-19, 19:12:29, 24.32, 46.73
2019-02-19, 19:12:30, 24.3, 46.73
2019-02-19, 19:12:31, 24.28, 46.7
2019-02-19, 19:12:33, 24.3, 46.73
2019-02-19, 19:12:34, 24.3, 46.7
2019-02-19, 19:12:35, 24.3, 46.7
2019-02-19, 19:12:37, 24.3, 46.7
2019-02-19, 19:12:38, 24.3, 46.67
2019-02-19, 19:12:40, 24.29, 46.67
2019-02-19, 19:12:41, 24.3, 46.67
2019-02-19, 19:12:42, 24.3, 46.67
2019-02-19, 19:12:44, 24.16, 46.68
2019-02-19, 19:12:45, 24.27, 46.7
2019-02-19, 19:12:46, 24.28, 46.73
2019-02-19, 19:12:48, 24.27, 46.7
2019-02-19, 19:12:49, 24.28, 46.73
2019-02-19, 19:12:50, 24.28, 46.7
2019-02-19, 19:12:52, 24.28, 46.7
2019-02-19, 19:12:53, 24.28, 46.7
2019-02-19, 19:12:54, 24.28, 46.7
2019-02-19, 19:12:56, 24.28, 46.7
2019-02-19, 19:12:57, 24.28, 46.7
2019-02-19, 19:12:58, 24.27, 46.7
2019-02-19, 19:13:00, 24.28, 46.7
2019-02-19, 19:13:01, 24.26, 46.69
2019-02-19, 19:13:03, 24.28, 46.7
2019-02-19, 19:13:04, 24.29, 46.7
2019-02-19, 19:13:05, 24.28, 46.7
2019-02-19, 19:13:07, 24.29, 46.7
2019-02-19, 19:13:08, 24.28, 46.7
2019-02-19, 19:13:09, 24.27, 46.7
2019-02-19, 19:13:11, 24.28, 46.7
2019-02-19, 19:13:12, 24.28, 46.73
2019-02-19, 19:13:13, 24.14, 46.74
2019-02-19, 19:13:15, 24.25, 46.76
2019-02-19, 19:13:16, 24.26, 46.79
2019-02-19, 19:13:17, 24.27, 46.76
2019-02-19, 19:13:19, 24.27, 46.79
2019-02-19, 19:13:20, 24.28, 46.76
2019-02-19, 19:13:21, 24.27, 46.76
2019-02-19, 19:13:23, 24.28, 46.76
2019-02-19, 19:13:24, 24.27, 46.73
2019-02-19, 19:13:26, 24.26, 46.73
2019-02-19, 19:13:27, 24.28, 46.73
2019-02-19, 19:13:28, 24.27, 46.73
2019-02-19, 19:13:30, 24.28, 46.73
2019-02-19, 19:13:31, 24.26, 46.73
2019-02-19, 19:13:32, 24.27, 46.73
2019-02-19, 19:13:34, 24.28, 46.73
2019-02-19, 19:13:35, 24.27, 46.76
2019-02-19, 19:13:36, 24.28, 46.7
2019-02-19, 19:13:38, 24.27, 46.73
2019-02-19, 19:13:39, 24.27, 46.73
2019-02-19, 19:13:40, 24.28, 46.73
2019-02-19, 19:13:42, 24.27, 46.73
2019-02-19, 19:13:43, 24.27, 46.73
2019-02-19, 19:13:45, 24.26, 46.73
2019-02-19, 19:13:46, 24.26, 46.73
2019-02-19, 19:13:47, 24.26, 46.73
2019-02-19, 19:13:49, 24.25, 46.76
2019-02-19, 19:13:50, 24.26, 46.76
2019-02-19, 19:13:51, 24.25, 46.76
2019-02-19, 19:13:53, 24.25, 46.73
2019-02-19, 19:13:54, 24.26, 46.73
2019-02-19, 19:13:55, 24.26, 46.73
2019-02-19, 19:13:57, 24.25, 46.76
2019-02-19, 19:13:58, 24.25, 46.73
2019-02-19, 19:13:59, 24.26, 46.76
2019-02-19, 19:14:01, 24.27, 46.73
2019-02-19, 19:14:02, 24.26, 46.73
2019-02-19, 19:14:03, 24.26, 46.73
2019-02-19, 19:14:05, 24.25, 46.73
2019-02-19, 19:14:06, 24.25, 46.73
2019-02-19, 19:14:08, 24.26, 46.69
2019-02-19, 19:14:09, 24.26, 46.73
2019-02-19, 19:14:10, 24.26, 46.73
2019-02-19, 19:14:12, 24.25, 46.69
2019-02-19, 19:14:13, 24.25, 46.73
2019-02-19, 19:14:14, 24.24, 46.76
2019-02-19, 19:14:16, 24.24, 46.76
2019-02-19, 19:14:17, 24.23, 46.75
2019-02-19, 19:14:18, 24.23, 46.75
2019-02-19, 19:14:20, 24.24, 46.76
2019-02-19, 19:14:21, 24.22, 46.75
2019-02-19, 19:14:22, 24.22, 46.75
2019-02-19, 19:14:24, 24.22, 46.79
2019-02-19, 19:14:25, 24.21, 46.75
2019-02-19, 19:14:26, 24.21, 46.78
2019-02-19, 19:14:28, 24.22, 46.79
2019-02-19, 19:14:29, 24.21, 46.78
2019-02-19, 19:14:31, 24.21, 46.78
2019-02-19, 19:14:32, 24.22, 46.79
2019-02-19, 19:14:33, 24.21, 46.75
2019-02-19, 19:14:35, 24.2, 46.82
2019-02-19, 19:14:36, 24.2, 46.82
2019-02-19, 19:14:37, 24.22, 46.82
2019-02-19, 19:14:39, 24.2, 46.82
2019-02-19, 19:14:40, 24.2, 46.82
2019-02-19, 19:14:41, 24.2, 46.78
2019-02-19, 19:14:43, 24.2, 46.82
2019-02-19, 19:14:44, 24.21, 46.78
2019-02-19, 19:14:45, 24.21, 46.82
2019-02-19, 19:14:47, 24.2, 46.82
2019-02-19, 19:14:48, 24.2, 46.82
2019-02-19, 19:14:50, 24.17, 46.81
2019-02-19, 19:14:51, 24.19, 46.81
2019-02-19, 19:14:52, 24.18, 46.84
2019-02-19, 19:14:54, 24.18, 46.84
2019-02-19, 19:14:55, 24.19, 46.81
2019-02-19, 19:14:56, 24.19, 46.85
2019-02-19, 19:14:58, 24.2, 46.85
2019-02-19, 19:14:59, 24.19, 46.85
2019-02-19, 19:15:00, 24.2, 46.85
2019-02-19, 19:15:02, 24.2, 46.85
2019-02-19, 19:15:03, 24.18, 46.88
2019-02-19, 19:15:04, 24.19, 46.88
2019-02-19, 19:15:06, 24.18, 46.88
2019-02-19, 19:15:07, 24.19, 46.88
2019-02-19, 19:15:08, 24.2, 46.88
2019-02-19, 19:15:10, 24.21, 46.88
2019-02-19, 19:15:11, 24.2, 46.88
2019-02-19, 19:15:13, 24.21, 46.88
2019-02-19, 19:15:14, 24.21, 46.88
2019-02-19, 19:15:15, 24.22, 46.88
2019-02-19, 19:15:17, 24.2, 46.85
2019-02-19, 19:15:18, 24.21, 46.88
2019-02-19, 19:15:19, 24.22, 46.88
2019-02-19, 19:15:21, 24.22, 46.88
2019-02-19, 19:15:22, 24.22, 46.85
2019-02-19, 19:15:23, 24.22, 46.88
2019-02-19, 19:15:25, 24.22, 46.88
2019-02-19, 19:15:26, 24.23, 46.88
2019-02-19, 19:15:27, 24.22, 46.88
2019-02-19, 19:15:29, 24.22, 46.88
2019-02-19, 19:15:30, 24.21, 46.85
2019-02-19, 19:15:31, 24.22, 46.85
2019-02-19, 19:15:33, 24.22, 46.85
2019-02-19, 19:15:34, 24.22, 46.88
2019-02-19, 19:15:36, 24.22, 46.85
2019-02-19, 19:15:37, 24.23, 46.85
2019-02-19, 19:15:38, 24.23, 46.85
2019-02-19, 19:15:40, 24.22, 46.82
2019-02-19, 19:15:41, 24.24, 46.85
2019-02-19, 19:15:42, 24.23, 46.82
2019-02-19, 19:15:44, 24.23, 46.82
2019-02-19, 19:15:45, 24.22, 46.82
2019-02-19, 19:15:46, 24.22, 46.82
2019-02-19, 19:15:48, 24.23, 46.82
2019-02-19, 19:15:49, 24.23, 46.82
2019-02-19, 19:15:50, 24.21, 46.82
2019-02-19, 19:15:52, 24.2, 46.78
2019-02-19, 19:15:53, 24.21, 46.82
2019-02-19, 19:15:54, 24.22, 46.82
2019-02-19, 19:15:56, 24.22, 46.82
2019-02-19, 19:15:57, 24.22, 46.82
2019-02-19, 19:15:59, 24.21, 46.82
2019-02-19, 19:16:00, 24.22, 46.82
2019-02-19, 19:16:01, 24.22, 46.82
2019-02-19, 19:16:03, 24.22, 46.82
2019-02-19, 19:16:04, 24.23, 46.82
2019-02-19, 19:16:05, 24.22, 46.82
2019-02-19, 19:16:07, 24.22, 46.82
2019-02-19, 19:16:08, 24.23, 46.82
2019-02-19, 19:16:09, 24.22, 46.82
2019-02-19, 19:16:11, 24.23, 46.79
2019-02-19, 19:16:12, 24.22, 46.82
2019-02-19, 19:16:13, 24.22, 46.79
2019-02-19, 19:16:15, 24.22, 46.79
2019-02-19, 19:16:16, 24.21, 46.82
2019-02-19, 19:16:17, 24.21, 46.78
2019-02-19, 19:16:19, 24.22, 46.79
2019-02-19, 19:16:20, 24.22, 46.79
2019-02-19, 19:16:22, 24.22, 46.82
2019-02-19, 19:16:23, 24.23, 46.82
2019-02-19, 19:16:24, 24.22, 46.79
2019-02-19, 19:16:26, 24.22, 46.75
2019-02-19, 19:16:27, 24.22, 46.75
2019-02-19, 19:16:28, 24.22, 46.75
2019-02-19, 19:16:30, 24.22, 46.75
2019-02-19, 19:16:31, 24.22, 46.79
2019-02-19, 19:16:32, 24.22, 46.75
2019-02-19, 19:16:34, 24.22, 46.79
2019-02-19, 19:16:35, 24.22, 46.79
2019-02-19, 19:16:36, 24.22, 46.79
2019-02-19, 19:16:38, 24.23, 46.79
2019-02-19, 19:16:39, 24.23, 46.75
2019-02-19, 19:16:41, 24.22, 46.75
2019-02-19, 19:16:42, 24.23, 46.75
2019-02-19, 19:16:43, 24.23, 46.75
2019-02-19, 19:16:45, 24.23, 46.75
2019-02-19, 19:16:46, 24.11, 46.77
2019-02-19, 19:16:47, 24.19, 46.81
2019-02-19, 19:16:49, 24.22, 46.82
2019-02-19, 19:16:50, 24.21, 46.78
2019-02-19, 19:16:51, 24.23, 46.79
2019-02-19, 19:16:53, 24.23, 46.79
2019-02-19, 19:16:54, 24.22, 46.79
2019-02-19, 19:16:55, 24.2, 46.75
2019-02-19, 19:16:57, 24.21, 46.75
2019-02-19, 19:16:58, 24.22, 46.75
2019-02-19, 19:16:59, 24.21, 46.75
2019-02-19, 19:17:01, 24.22, 46.75
2019-02-19, 19:17:02, 24.2, 46.75
2019-02-19, 19:17:04, 24.22, 46.75
2019-02-19, 19:17:05, 24.21, 46.75
2019-02-19, 19:17:06, 24.22, 46.75
2019-02-19, 19:17:08, 24.21, 46.75
2019-02-19, 19:17:09, 24.23, 46.75
2019-02-19, 19:17:10, 24.22, 46.75
2019-02-19, 19:17:12, 24.21, 46.75
2019-02-19, 19:17:13, 24.22, 46.75
2019-02-19, 19:17:14, 24.2, 46.75
2019-02-19, 19:17:16, 24.21, 46.75
2019-02-19, 19:17:17, 24.2, 46.78
2019-02-19, 19:17:18, 24.2, 46.78
2019-02-19, 19:17:20, 24.2, 46.78
2019-02-19, 19:17:21, 24.2, 46.75
2019-02-19, 19:17:23, 24.2, 46.78
2019-02-19, 19:17:24, 24.19, 46.78
2019-02-19, 19:17:25, 24.2, 46.78
2019-02-19, 19:17:27, 24.2, 46.78
2019-02-19, 19:17:28, 24.2, 46.82
2019-02-19, 19:17:29, 24.2, 46.82
2019-02-19, 19:17:31, 24.19, 46.81
2019-02-19, 19:17:32, 24.19, 46.81
2019-02-19, 19:17:33, 24.2, 46.82
2019-02-19, 19:17:35, 24.21, 46.82
2019-02-19, 19:17:36, 24.2, 46.82
2019-02-19, 19:17:37, 24.2, 46.82
2019-02-19, 19:17:39, 24.19, 46.81
2019-02-19, 19:17:40, 24.1, 46.8
2019-02-19, 19:17:41, 24.18, 46.84
2019-02-19, 19:17:43, 24.17, 46.88
2019-02-19, 19:17:44, 24.18, 46.88
2019-02-19, 19:17:46, 24.19, 46.88
2019-02-19, 19:17:47, 24.18, 46.84
2019-02-19, 19:17:48, 24.2, 46.85
2019-02-19, 19:17:50, 24.19, 46.81
2019-02-19, 19:17:51, 24.18, 46.81
2019-02-19, 19:17:52, 24.19, 46.81
2019-02-19, 19:17:54, 24.19, 46.81
2019-02-19, 19:17:55, 24.19, 46.81
2019-02-19, 19:17:56, 24.2, 46.82
2019-02-19, 19:17:58, 24.19, 46.81
2019-02-19, 19:17:59, 24.2, 46.85
2019-02-19, 19:18:00, 24.2, 46.82
2019-02-19, 19:18:02, 24.2, 46.82
2019-02-19, 19:18:03, 24.19, 46.85
2019-02-19, 19:18:04, 24.21, 46.82
2019-02-19, 19:18:06, 24.2, 46.85
2019-02-19, 19:18:07, 24.2, 46.85
2019-02-19, 19:18:09, 24.2, 46.85
2019-02-19, 19:18:10, 24.18, 46.81
2019-02-19, 19:18:11, 24.2, 46.82
2019-02-19, 19:18:13, 24.2, 46.85
2019-02-19, 19:18:14, 24.2, 46.85
2019-02-19, 19:18:15, 24.2, 46.85
2019-02-19, 19:18:17, 24.2, 46.82
2019-02-19, 19:18:18, 24.21, 46.85
2019-02-19, 19:18:19, 24.21, 46.82
2019-02-19, 19:18:21, 24.2, 46.82
2019-02-19, 19:18:22, 24.21, 46.82
2019-02-19, 19:18:23, 24.2, 46.82
2019-02-19, 19:18:25, 24.21, 46.82
2019-02-19, 19:18:26, 24.2, 46.82
2019-02-19, 19:18:28, 24.21, 46.82
2019-02-19, 19:18:29, 24.22, 46.82
2019-02-19, 19:18:30, 24.2, 46.78
2019-02-19, 19:18:32, 24.21, 46.78
2019-02-19, 19:18:33, 24.22, 46.79
2019-02-19, 19:18:34, 24.22, 46.75
2019-02-19, 19:18:36, 24.22, 46.79
2019-02-19, 19:18:37, 24.21, 46.78
2019-02-19, 19:18:38, 24.21, 46.75
2019-02-19, 19:18:40, 24.08, 46.77
2019-02-19, 19:18:41, 24.2, 46.85
2019-02-19, 19:18:42, 24.2, 46.85
2019-02-19, 19:18:44, 24.22, 46.82
2019-02-19, 19:18:45, 24.21, 46.82
2019-02-19, 19:18:47, 24.21, 46.82
2019-02-19, 19:18:48, 24.23, 46.79
2019-02-19, 19:18:49, 24.23, 46.79
2019-02-19, 19:18:51, 24.22, 46.75
2019-02-19, 19:18:52, 24.24, 46.79
2019-02-19, 19:18:53, 24.23, 46.75
2019-02-19, 19:18:55, 24.23, 46.75
2019-02-19, 19:18:56, 24.23, 46.75
2019-02-19, 19:18:57, 24.23, 46.75
2019-02-19, 19:18:59, 24.24, 46.76
2019-02-19, 19:19:00, 24.25, 46.76
2019-02-19, 19:19:01, 24.24, 46.76
2019-02-19, 19:19:03, 24.23, 46.75
2019-02-19, 19:19:04, 24.25, 46.76
2019-02-19, 19:19:05, 24.24, 46.76
2019-02-19, 19:19:07, 24.24, 46.76
2019-02-19, 19:19:08, 24.26, 46.73
2019-02-19, 19:19:10, 24.11, 46.74
2019-02-19, 19:19:11, 24.2, 46.82
2019-02-19, 19:19:12, 24.22, 46.82
2019-02-19, 19:19:14, 24.23, 46.79
2019-02-19, 19:19:15, 24.24, 46.79
2019-02-19, 19:19:16, 24.24, 46.76
2019-02-19, 19:19:18, 24.25, 46.76
2019-02-19, 19:19:19, 24.24, 46.76
2019-02-19, 19:19:20, 24.25, 46.73
2019-02-19, 19:19:22, 24.25, 46.73
2019-02-19, 19:19:23, 24.26, 46.73
2019-02-19, 19:19:24, 24.26, 46.73
2019-02-19, 19:19:26, 24.26, 46.69
2019-02-19, 19:19:27, 24.26, 46.69
2019-02-19, 19:19:29, 24.26, 46.69
2019-02-19, 19:19:30, 24.25, 46.66
2019-02-19, 19:19:31, 24.26, 46.66
2019-02-19, 19:19:33, 24.26, 46.63
2019-02-19, 19:19:34, 24.26, 46.66
2019-02-19, 19:19:35, 24.26, 46.66
2019-02-19, 19:19:37, 24.25, 46.66
2019-02-19, 19:19:38, 24.24, 46.66
2019-02-19, 19:19:39, 24.26, 46.63
2019-02-19, 19:19:41, 24.26, 46.63
2019-02-19, 19:19:42, 24.26, 46.63
2019-02-19, 19:19:43, 24.26, 46.63
2019-02-19, 19:19:45, 24.26, 46.63
2019-02-19, 19:19:46, 24.27, 46.63
2019-02-19, 19:19:48, 24.26, 46.63
2019-02-19, 19:19:49, 24.26, 46.63
2019-02-19, 19:19:50, 24.25, 46.63
2019-02-19, 19:19:52, 24.27, 46.66
2019-02-19, 19:19:53, 24.25, 46.63
2019-02-19, 19:19:54, 24.27, 46.63
2019-02-19, 19:19:56, 24.26, 46.63
2019-02-19, 19:19:57, 24.26, 46.63
2019-02-19, 19:19:58, 24.26, 46.63
2019-02-19, 19:20:00, 24.27, 46.63
2019-02-19, 19:20:01, 24.26, 46.63
2019-02-19, 19:20:03, 24.28, 46.6
2019-02-19, 19:20:04, 24.27, 46.63
2019-02-19, 19:20:05, 24.26, 46.63
2019-02-19, 19:20:07, 24.26, 46.63
2019-02-19, 19:20:08, 24.26, 46.6
2019-02-19, 19:20:09, 24.25, 46.6
2019-02-19, 19:20:11, 24.28, 46.6
2019-02-19, 19:20:12, 24.28, 46.6
2019-02-19, 19:20:13, 24.27, 46.57
2019-02-19, 19:20:15, 24.28, 46.57
2019-02-19, 19:20:16, 24.26, 46.6
2019-02-19, 19:20:17, 24.28, 46.57
2019-02-19, 19:20:19, 24.27, 46.6
2019-02-19, 19:20:20, 24.27, 46.6
2019-02-19, 19:20:22, 24.27, 46.57
2019-02-19, 19:20:23, 24.27, 46.6
2019-02-19, 19:20:24, 24.28, 46.57
2019-02-19, 19:20:26, 24.28, 46.57
2019-02-19, 19:20:27, 24.28, 46.57
2019-02-19, 19:20:28, 24.3, 46.57
2019-02-19, 19:20:30, 24.3, 46.57
2019-02-19, 19:20:31, 24.3, 46.54
2019-02-19, 19:20:32, 24.32, 46.57
2019-02-19, 19:20:34, 24.31, 46.54
2019-02-19, 19:20:35, 24.31, 46.54
2019-02-19, 19:20:36, 24.31, 46.51
2019-02-19, 19:20:38, 24.3, 46.51
2019-02-19, 19:20:39, 24.3, 46.51
2019-02-19, 19:20:41, 24.31, 46.51
2019-02-19, 19:20:42, 24.32, 46.51
2019-02-19, 19:20:43, 24.3, 46.51
2019-02-19, 19:20:45, 24.32, 46.51
2019-02-19, 19:20:46, 24.32, 46.51
2019-02-19, 19:20:47, 24.32, 46.51
2019-02-19, 19:20:49, 24.32, 46.51
2019-02-19, 19:20:50, 24.32, 46.51
2019-02-19, 19:20:51, 24.34, 46.45
2019-02-19, 19:20:53, 24.32, 46.44
2019-02-19, 19:20:54, 24.32, 46.44
2019-02-19, 19:20:55, 24.33, 46.45
2019-02-19, 19:20:57, 24.32, 46.44
2019-02-19, 19:20:58, 24.33, 46.48
2019-02-19, 19:20:59, 24.33, 46.45
2019-02-19, 19:21:01, 24.33, 46.45
2019-02-19, 19:21:02, 24.32, 46.44
2019-02-19, 19:21:04, 24.3, 46.44
2019-02-19, 19:21:05, 24.31, 46.44
2019-02-19, 19:21:06, 24.32, 46.48
2019-02-19, 19:21:08, 24.32, 46.48
2019-02-19, 19:21:09, 24.33, 46.45
2019-02-19, 19:21:10, 24.32, 46.44
2019-02-19, 19:21:12, 24.32, 46.44
2019-02-19, 19:21:13, 24.32, 46.44
2019-02-19, 19:21:14, 24.32, 46.44
2019-02-19, 19:21:16, 24.32, 46.44
2019-02-19, 19:21:17, 24.3, 46.44
2019-02-19, 19:21:18, 24.32, 46.44
2019-02-19, 19:21:20, 24.32, 46.44
2019-02-19, 19:21:21, 24.32, 46.44
2019-02-19, 19:21:22, 24.31, 46.44
2019-02-19, 19:21:24, 24.32, 46.44
2019-02-19, 19:21:25, 24.32, 46.44
2019-02-19, 19:21:27, 24.31, 46.44
2019-02-19, 19:21:28, 24.31, 46.48
2019-02-19, 19:21:29, 24.31, 46.48
2019-02-19, 19:21:31, 24.31, 46.48
2019-02-19, 19:21:32, 24.31, 46.44
2019-02-19, 19:21:33, 24.31, 46.51
2019-02-19, 19:21:35, 24.32, 46.44
2019-02-19, 19:21:36, 24.32, 46.44
2019-02-19, 19:21:37, 24.22, 46.46
2019-02-19, 19:21:39, 24.3, 46.51
2019-02-19, 19:21:40, 24.32, 46.48
2019-02-19, 19:21:41, 24.33, 46.45
2019-02-19, 19:21:43, 24.33, 46.48
2019-02-19, 19:21:44, 24.33, 46.45
2019-02-19, 19:21:46, 24.34, 46.45
2019-02-19, 19:21:47, 24.34, 46.45
2019-02-19, 19:21:48, 24.34, 46.45
2019-02-19, 19:21:50, 24.33, 46.45
2019-02-19, 19:21:51, 24.34, 46.45
2019-02-19, 19:21:52, 24.34, 46.45
2019-02-19, 19:21:54, 24.34, 46.45
2019-02-19, 19:21:55, 24.34, 46.45
2019-02-19, 19:21:56, 24.34, 46.45
2019-02-19, 19:21:58, 24.34, 46.45
2019-02-19, 19:21:59, 24.34, 46.41
2019-02-19, 19:22:00, 24.35, 46.42
2019-02-19, 19:22:02, 24.33, 46.41
2019-02-19, 19:22:03, 24.34, 46.41
2019-02-19, 19:22:04, 24.34, 46.41
2019-02-19, 19:22:06, 24.35, 46.38
2019-02-19, 19:22:07, 24.24, 46.4
2019-02-19, 19:22:09, 24.32, 46.44
2019-02-19, 19:22:10, 24.34, 46.41
2019-02-19, 19:22:11, 24.34, 46.41
2019-02-19, 19:22:13, 24.18, 46.43
2019-02-19, 19:22:14, 24.28, 46.5
2019-02-19, 19:22:15, 24.31, 46.51
2019-02-19, 19:22:17, 24.31, 46.51
2019-02-19, 19:22:18, 24.32, 46.51
2019-02-19, 19:22:19, 24.32, 46.48
2019-02-19, 19:22:21, 24.33, 46.45
2019-02-19, 19:22:22, 24.32, 46.48
2019-02-19, 19:22:23, 24.32, 46.44
2019-02-19, 19:22:25, 24.32, 46.44
2019-02-19, 19:22:26, 24.33, 46.45
2019-02-19, 19:22:28, 24.32, 46.44
2019-02-19, 19:22:29, 24.33, 46.45
2019-02-19, 19:22:30, 24.32, 46.44
2019-02-19, 19:22:32, 24.31, 46.44
2019-02-19, 19:22:33, 24.32, 46.41
2019-02-19, 19:22:34, 24.33, 46.45
2019-02-19, 19:22:36, 24.34, 46.41
2019-02-19, 19:22:37, 24.2, 46.43
2019-02-19, 19:22:38, 24.29, 46.47
2019-02-19, 19:22:40, 24.3, 46.51
2019-02-19, 19:22:41, 24.31, 46.48
2019-02-19, 19:22:42, 24.31, 46.44
2019-02-19, 19:22:44, 24.31, 46.48
2019-02-19, 19:22:45, 24.31, 46.44
2019-02-19, 19:22:46, 24.32, 46.44
2019-02-19, 19:22:48, 24.32, 46.44
2019-02-19, 19:22:49, 24.31, 46.44
2019-02-19, 19:22:51, 24.32, 46.44
2019-02-19, 19:22:52, 24.31, 46.44
2019-02-19, 19:22:53, 24.32, 46.41
2019-02-19, 19:22:55, 24.32, 46.44
2019-02-19, 19:22:56, 24.33, 46.45
2019-02-19, 19:22:57, 24.32, 46.41
2019-02-19, 19:22:59, 24.34, 46.45
2019-02-19, 19:23:00, 24.32, 46.41
2019-02-19, 19:23:01, 24.32, 46.41
2019-02-19, 19:23:03, 24.34, 46.38
2019-02-19, 19:23:04, 24.34, 46.41
2019-02-19, 19:23:05, 24.34, 46.41
2019-02-19, 19:23:07, 24.33, 46.38
2019-02-19, 19:23:08, 24.33, 46.38
2019-02-19, 19:23:10, 24.33, 46.38
2019-02-19, 19:23:11, 24.33, 46.38
2019-02-19, 19:23:12, 24.33, 46.41
2019-02-19, 19:23:14, 24.33, 46.38
2019-02-19, 19:23:15, 24.32, 46.38
2019-02-19, 19:23:16, 24.33, 46.38
2019-02-19, 19:23:18, 24.32, 46.38
2019-02-19, 19:23:19, 24.32, 46.38
2019-02-19, 19:23:20, 24.34, 46.38
2019-02-19, 19:23:22, 24.34, 46.38
2019-02-19, 19:23:23, 24.33, 46.38
2019-02-19, 19:23:24, 24.33, 46.38
2019-02-19, 19:23:26, 24.32, 46.38
2019-02-19, 19:23:27, 24.34, 46.38
2019-02-19, 19:23:28, 24.34, 46.38
2019-02-19, 19:23:30, 24.32, 46.38
2019-02-19, 19:23:31, 24.34, 46.35
2019-02-19, 19:23:33, 24.34, 46.38
2019-02-19, 19:23:34, 24.33, 46.35
2019-02-19, 19:23:35, 24.32, 46.35
2019-02-19, 19:23:37, 24.16, 46.36
2019-02-19, 19:23:38, 24.27, 46.41
2019-02-19, 19:23:39, 24.31, 46.44
2019-02-19, 19:23:41, 24.31, 46.41
2019-02-19, 19:23:42, 24.31, 46.41
2019-02-19, 19:23:43, 24.31, 46.38
2019-02-19, 19:23:45, 24.32, 46.38
2019-02-19, 19:23:46, 24.33, 46.38
2019-02-19, 19:23:47, 24.32, 46.38
2019-02-19, 19:23:49, 24.32, 46.38
2019-02-19, 19:23:50, 24.31, 46.38
2019-02-19, 19:23:52, 24.31, 46.35
2019-02-19, 19:23:53, 24.3, 46.38
2019-02-19, 19:23:54, 24.32, 46.38
2019-02-19, 19:23:56, 24.32, 46.38
2019-02-19, 19:23:57, 24.33, 46.38
2019-02-19, 19:23:58, 24.32, 46.38
2019-02-19, 19:24:00, 24.34, 46.38
2019-02-19, 19:24:01, 24.34, 46.38
2019-02-19, 19:24:02, 24.34, 46.38
2019-02-19, 19:24:04, 24.33, 46.38
2019-02-19, 19:24:05, 24.36, 46.39
2019-02-19, 19:24:06, 24.34, 46.35
2019-02-19, 19:24:08, 24.36, 46.35
2019-02-19, 19:24:09, 24.35, 46.32
2019-02-19, 19:24:10, 24.34, 46.32
2019-02-19, 19:24:12, 24.36, 46.32
2019-02-19, 19:24:13, 24.36, 46.32
2019-02-19, 19:24:15, 24.37, 46.29
2019-02-19, 19:24:16, 24.37, 46.32
2019-02-19, 19:24:17, 24.37, 46.29
2019-02-19, 19:24:19, 24.36, 46.29
2019-02-19, 19:24:20, 24.37, 46.29
2019-02-19, 19:24:21, 24.36, 46.29
2019-02-19, 19:24:23, 24.36, 46.26
2019-02-19, 19:24:24, 24.38, 46.29
2019-02-19, 19:24:25, 24.37, 46.26
2019-02-19, 19:24:27, 24.37, 46.26
2019-02-19, 19:24:28, 24.38, 46.26
2019-02-19, 19:24:29, 24.38, 46.26
2019-02-19, 19:24:31, 24.39, 46.26
2019-02-19, 19:24:32, 24.39, 46.26
2019-02-19, 19:24:34, 24.39, 46.26
2019-02-19, 19:24:35, 24.38, 46.26
2019-02-19, 19:24:36, 24.38, 46.26
2019-02-19, 19:24:38, 24.39, 46.26
2019-02-19, 19:24:39, 24.39, 46.26
2019-02-19, 19:24:40, 24.4, 46.26
2019-02-19, 19:24:42, 24.4, 46.26
2019-02-19, 19:24:43, 24.4, 46.26
2019-02-19, 19:24:44, 24.4, 46.26
2019-02-19, 19:24:46, 24.4, 46.26
2019-02-19, 19:24:47, 24.4, 46.23
2019-02-19, 19:24:48, 24.4, 46.2
2019-02-19, 19:24:50, 24.39, 46.2
2019-02-19, 19:24:51, 24.4, 46.2
2019-02-19, 19:24:52, 24.4, 46.2
2019-02-19, 19:24:54, 24.4, 46.2
2019-02-19, 19:24:55, 24.4, 46.2
2019-02-19, 19:24:57, 24.41, 46.2
2019-02-19, 19:24:58, 24.41, 46.2
2019-02-19, 19:24:59, 24.38, 46.19
2019-02-19, 19:25:01, 24.38, 46.19
2019-02-19, 19:25:02, 24.38, 46.19
2019-02-19, 19:25:03, 24.38, 46.19
2019-02-19, 19:25:05, 24.38, 46.19
2019-02-19, 19:25:06, 24.38, 46.19
2019-02-19, 19:25:07, 24.38, 46.19
2019-02-19, 19:25:09, 24.39, 46.2
2019-02-19, 19:25:10, 24.39, 46.2
2019-02-19, 19:25:11, 24.38, 46.19
2019-02-19, 19:25:13, 24.39, 46.2
2019-02-19, 19:25:14, 24.39, 46.2
2019-02-19, 19:25:15, 24.38, 46.19
2019-02-19, 19:25:17, 24.38, 46.19
2019-02-19, 19:25:18, 24.38, 46.19
2019-02-19, 19:25:20, 24.38, 46.19
2019-02-19, 19:25:21, 24.37, 46.23
2019-02-19, 19:25:22, 24.39, 46.2
2019-02-19, 19:25:24, 24.39, 46.2
2019-02-19, 19:25:25, 24.37, 46.19
2019-02-19, 19:25:26, 24.37, 46.23
2019-02-19, 19:25:28, 24.37, 46.23
2019-02-19, 19:25:29, 24.37, 46.23
2019-02-19, 19:25:30, 24.36, 46.22
2019-02-19, 19:25:32, 24.38, 46.19
2019-02-19, 19:25:33, 24.37, 46.19
2019-02-19, 19:25:34, 24.37, 46.19
2019-02-19, 19:25:36, 24.36, 46.22
2019-02-19, 19:25:37, 24.36, 46.26
2019-02-19, 19:25:39, 24.36, 46.22
2019-02-19, 19:25:40, 24.37, 46.23
2019-02-19, 19:25:41, 24.35, 46.26
2019-02-19, 19:25:43, 24.35, 46.22
2019-02-19, 19:25:44, 24.37, 46.26
2019-02-19, 19:25:45, 24.35, 46.22
2019-02-19, 19:25:47, 24.36, 46.26
2019-02-19, 19:25:48, 24.36, 46.26
2019-02-19, 19:25:49, 24.36, 46.26
2019-02-19, 19:25:51, 24.36, 46.26
2019-02-19, 19:25:52, 24.36, 46.26
2019-02-19, 19:25:53, 24.36, 46.26
2019-02-19, 19:25:55, 24.37, 46.26
2019-02-19, 19:25:56, 24.36, 46.26
2019-02-19, 19:25:58, 24.36, 46.26
2019-02-19, 19:25:59, 24.36, 46.26
2019-02-19, 19:26:00, 24.37, 46.26
2019-02-19, 19:26:02, 24.36, 46.26
2019-02-19, 19:26:03, 24.36, 46.26
2019-02-19, 19:26:04, 24.38, 46.26
2019-02-19, 19:26:06, 24.38, 46.26
2019-02-19, 19:26:07, 24.4, 46.23
2019-02-19, 19:26:08, 24.39, 46.23
2019-02-19, 19:26:10, 24.4, 46.23
2019-02-19, 19:26:11, 24.38, 46.23
2019-02-19, 19:26:12, 24.4, 46.2
2019-02-19, 19:26:14, 24.38, 46.23
2019-02-19, 19:26:15, 24.38, 46.23
2019-02-19, 19:26:16, 24.39, 46.23
2019-02-19, 19:26:18, 24.38, 46.23
2019-02-19, 19:26:19, 24.37, 46.26
2019-02-19, 19:26:21, 24.37, 46.26
2019-02-19, 19:26:22, 24.36, 46.26
2019-02-19, 19:26:23, 24.36, 46.26
2019-02-19, 19:26:25, 24.37, 46.26
2019-02-19, 19:26:26, 24.37, 46.26
2019-02-19, 19:26:27, 24.38, 46.26
2019-02-19, 19:26:29, 24.38, 46.26
2019-02-19, 19:26:30, 24.38, 46.26
2019-02-19, 19:26:31, 24.38, 46.26
2019-02-19, 19:26:33, 24.37, 46.26
2019-02-19, 19:26:34, 24.38, 46.26
2019-02-19, 19:26:35, 24.39, 46.29
2019-02-19, 19:26:37, 24.38, 46.29
2019-02-19, 19:26:38, 24.38, 46.26
2019-02-19, 19:26:40, 24.38, 46.29
2019-02-19, 19:26:41, 24.38, 46.26
2019-02-19, 19:26:42, 24.38, 46.26
2019-02-19, 19:26:44, 24.38, 46.26
2019-02-19, 19:26:45, 24.38, 46.26
2019-02-19, 19:26:46, 24.38, 46.26
2019-02-19, 19:26:48, 24.38, 46.26
2019-02-19, 19:26:49, 24.38, 46.26
2019-02-19, 19:26:50, 24.37, 46.26
2019-02-19, 19:26:52, 24.37, 46.23
2019-02-19, 19:26:53, 24.37, 46.26
2019-02-19, 19:26:54, 24.36, 46.26
2019-02-19, 19:26:56, 24.35, 46.22
2019-02-19, 19:26:57, 24.37, 46.23
2019-02-19, 19:26:59, 24.36, 46.26
2019-02-19, 19:27:00, 24.37, 46.26
2019-02-19, 19:27:01, 24.37, 46.23
2019-02-19, 19:27:03, 24.37, 46.23
2019-02-19, 19:27:04, 24.25, 46.21
2019-02-19, 19:27:05, 24.32, 46.25
2019-02-19, 19:27:07, 24.34, 46.29
2019-02-19, 19:27:08, 24.34, 46.25
2019-02-19, 19:27:09, 24.35, 46.26
2019-02-19, 19:27:11, 24.33, 46.25
2019-02-19, 19:27:12, 24.34, 46.22
2019-02-19, 19:27:13, 24.35, 46.26
2019-02-19, 19:27:15, 24.35, 46.22
2019-02-19, 19:27:16, 24.35, 46.22
2019-02-19, 19:27:17, 24.35, 46.22
2019-02-19, 19:27:19, 24.36, 46.22
2019-02-19, 19:27:20, 24.36, 46.22
2019-02-19, 19:27:22, 24.37, 46.23
2019-02-19, 19:27:23, 24.35, 46.22
2019-02-19, 19:27:24, 24.36, 46.19
2019-02-19, 19:27:26, 24.37, 46.19
2019-02-19, 19:27:27, 24.37, 46.23
2019-02-19, 19:27:28, 24.37, 46.23
2019-02-19, 19:27:30, 24.38, 46.19
2019-02-19, 19:27:31, 24.36, 46.19
2019-02-19, 19:27:32, 24.38, 46.19
2019-02-19, 19:27:34, 24.24, 46.21
2019-02-19, 19:27:35, 24.34, 46.29
2019-02-19, 19:27:36, 24.35, 46.26
2019-02-19, 19:27:38, 24.36, 46.26
2019-02-19, 19:27:39, 24.36, 46.26
2019-02-19, 19:27:42, 24.27, 46.37
2019-02-19, 19:27:43, 24.29, 46.38
2019-02-19, 19:27:47, 24.04, 46.51
2019-02-19, 19:27:48, 24.23, 46.59
2019-02-19, 19:27:49, 24.28, 46.57
2019-02-19, 19:27:51, 24.3, 46.54
2019-02-19, 19:27:52, 24.33, 46.48
2019-02-19, 19:27:53, 24.34, 46.48
2019-02-19, 19:27:55, 24.34, 46.41
2019-02-19, 19:27:56, 24.34, 46.38
2019-02-19, 19:27:57, 24.35, 46.35
2019-02-19, 19:27:59, 24.36, 46.32
2019-02-19, 19:28:00, 24.36, 46.32
2019-02-19, 19:28:02, 24.36, 46.32
2019-02-19, 19:28:03, 24.35, 46.29
2019-02-19, 19:28:04, 24.36, 46.32
2019-02-19, 19:28:06, 24.35, 46.29
2019-02-19, 19:28:07, 24.35, 46.26
2019-02-19, 19:28:08, 24.36, 46.26
2019-02-19, 19:28:10, 24.35, 46.26
2019-02-19, 19:28:11, 24.36, 46.29
2019-02-19, 19:28:12, 24.35, 46.26
2019-02-19, 19:28:14, 24.36, 46.26
2019-02-19, 19:28:15, 24.36, 46.26
2019-02-19, 19:28:16, 24.35, 46.26
2019-02-19, 19:28:18, 24.37, 46.29
2019-02-19, 19:28:19, 24.37, 46.26
2019-02-19, 19:28:21, 24.37, 46.26
2019-02-19, 19:28:22, 24.36, 46.26
2019-02-19, 19:28:23, 24.36, 46.26
2019-02-19, 19:28:25, 24.37, 46.26
2019-02-19, 19:28:26, 24.38, 46.26
2019-02-19, 19:28:27, 24.38, 46.23
2019-02-19, 19:28:29, 24.37, 46.23
2019-02-19, 19:28:30, 24.37, 46.26
2019-02-19, 19:28:31, 24.37, 46.23
2019-02-19, 19:28:33, 24.36, 46.22
2019-02-19, 19:28:34, 24.36, 46.19
2019-02-19, 19:28:35, 24.37, 46.19
2019-02-19, 19:28:37, 24.37, 46.23
2019-02-19, 19:28:38, 24.36, 46.22
2019-02-19, 19:28:39, 24.36, 46.19
2019-02-19, 19:28:41, 24.36, 46.19
2019-02-19, 19:28:42, 24.36, 46.19
2019-02-19, 19:28:44, 24.34, 46.19
2019-02-19, 19:28:45, 24.35, 46.19
2019-02-19, 19:28:46, 24.34, 46.19
2019-02-19, 19:28:48, 24.35, 46.19
2019-02-19, 19:28:49, 24.36, 46.19
2019-02-19, 19:28:50, 24.36, 46.19
2019-02-19, 19:28:52, 24.36, 46.19
2019-02-19, 19:28:53, 24.37, 46.19
2019-02-19, 19:28:54, 24.36, 46.19
2019-02-19, 19:28:56, 24.36, 46.19
2019-02-19, 19:28:57, 24.35, 46.19
2019-02-19, 19:28:58, 24.35, 46.19
2019-02-19, 19:29:00, 24.35, 46.19
2019-02-19, 19:29:01, 24.36, 46.19
2019-02-19, 19:29:03, 24.36, 46.19
2019-02-19, 19:29:04, 24.36, 46.19
2019-02-19, 19:29:05, 24.36, 46.19
2019-02-19, 19:29:07, 24.36, 46.22
2019-02-19, 19:29:08, 24.36, 46.22
2019-02-19, 19:29:09, 24.36, 46.19
2019-02-19, 19:29:11, 24.36, 46.19
2019-02-19, 19:29:12, 24.34, 46.22
2019-02-19, 19:29:13, 24.37, 46.19
2019-02-19, 19:29:15, 24.36, 46.22
2019-02-19, 19:29:16, 24.35, 46.19
2019-02-19, 19:29:17, 24.36, 46.19
2019-02-19, 19:29:19, 24.35, 46.22
2019-02-19, 19:29:20, 24.36, 46.19
2019-02-19, 19:29:21, 24.36, 46.19
2019-02-19, 19:29:23, 24.36, 46.19
2019-02-19, 19:29:24, 24.37, 46.19
2019-02-19, 19:29:26, 24.38, 46.19
2019-02-19, 19:29:27, 24.36, 46.19
2019-02-19, 19:29:28, 24.36, 46.19
2019-02-19, 19:29:30, 24.36, 46.16
2019-02-19, 19:29:31, 24.36, 46.16
2019-02-19, 19:29:32, 24.26, 46.15
2019-02-19, 19:29:34, 24.33, 46.19
2019-02-19, 19:29:35, 24.34, 46.19
2019-02-19, 19:29:36, 24.35, 46.19
2019-02-19, 19:29:38, 24.36, 46.19
2019-02-19, 19:29:39, 24.36, 46.19
2019-02-19, 19:29:40, 24.37, 46.19
2019-02-19, 19:29:42, 24.37, 46.16
2019-02-19, 19:29:43, 24.37, 46.16
2019-02-19, 19:29:44, 24.37, 46.13
2019-02-19, 19:29:46, 24.37, 46.13
2019-02-19, 19:29:47, 24.36, 46.16
2019-02-19, 19:29:49, 24.37, 46.13
2019-02-19, 19:29:50, 24.38, 46.16
2019-02-19, 19:29:51, 24.37, 46.16
2019-02-19, 19:29:53, 24.37, 46.13
2019-02-19, 19:29:54, 24.37, 46.13
2019-02-19, 19:29:55, 24.38, 46.13
2019-02-19, 19:29:57, 24.38, 46.13
2019-02-19, 19:29:58, 24.38, 46.16
2019-02-19, 19:29:59, 24.38, 46.13
2019-02-19, 19:30:01, 24.37, 46.13
2019-02-19, 19:30:02, 24.36, 46.13
2019-02-19, 19:30:03, 24.37, 46.13
2019-02-19, 19:30:05, 24.37, 46.13
2019-02-19, 19:30:06, 24.36, 46.13
2019-02-19, 19:30:08, 24.33, 46.12
2019-02-19, 19:30:09, 24.37, 46.13
2019-02-19, 19:30:10, 24.35, 46.13
2019-02-19, 19:30:12, 24.36, 46.13
2019-02-19, 19:30:13, 24.34, 46.16
2019-02-19, 19:30:14, 24.36, 46.16
2019-02-19, 19:30:16, 24.33, 46.16
2019-02-19, 19:30:17, 24.36, 46.19
2019-02-19, 19:30:18, 24.34, 46.19
2019-02-19, 19:30:20, 24.34, 46.19
2019-02-19, 19:30:21, 24.36, 46.19
2019-02-19, 19:30:22, 24.36, 46.19
2019-02-19, 19:30:24, 24.36, 46.16
2019-02-19, 19:30:25, 24.36, 46.19
2019-02-19, 19:30:27, 24.36, 46.19
2019-02-19, 19:30:29, 24.31, 46.25
2019-02-19, 19:30:30, 24.35, 46.26
2019-02-19, 19:30:31, 24.28, 46.25
2019-02-19, 19:30:33, 24.32, 46.25
2019-02-19, 19:30:34, 24.35, 46.26
2019-02-19, 19:30:35, 24.35, 46.22
2019-02-19, 19:30:37, 24.33, 46.19
2019-02-19, 19:30:38, 24.36, 46.19
2019-02-19, 19:30:40, 24.36, 46.16
2019-02-19, 19:30:41, 24.37, 46.13
2019-02-19, 19:30:42, 24.36, 46.13
2019-02-19, 19:30:44, 24.36, 46.13
2019-02-19, 19:30:45, 24.36, 46.13
2019-02-19, 19:30:46, 24.36, 46.13
2019-02-19, 19:30:48, 24.37, 46.13
2019-02-19, 19:30:49, 24.37, 46.13
2019-02-19, 19:30:50, 24.36, 46.13
2019-02-19, 19:30:52, 24.37, 46.13
2019-02-19, 19:30:53, 24.37, 46.13
2019-02-19, 19:30:54, 24.37, 46.13
2019-02-19, 19:30:56, 24.37, 46.13
2019-02-19, 19:30:57, 24.37, 46.16
2019-02-19, 19:30:59, 24.36, 46.13
2019-02-19, 19:31:00, 24.37, 46.16
2019-02-19, 19:31:01, 24.27, 46.15
2019-02-19, 19:31:03, 24.34, 46.16
2019-02-19, 19:31:04, 24.34, 46.19
2019-02-19, 19:31:05, 24.35, 46.16
2019-02-19, 19:31:07, 24.2, 46.17
2019-02-19, 19:31:08, 24.3, 46.25
2019-02-19, 19:31:09, 24.33, 46.25
2019-02-19, 19:31:11, 24.34, 46.25
2019-02-19, 19:31:12, 24.34, 46.25
2019-02-19, 19:31:13, 24.35, 46.22
2019-02-19, 19:31:15, 24.34, 46.19
2019-02-19, 19:31:16, 24.35, 46.22
2019-02-19, 19:31:18, 24.34, 46.22
2019-02-19, 19:31:19, 24.34, 46.22
2019-02-19, 19:31:20, 24.34, 46.19
2019-02-19, 19:31:22, 24.35, 46.22
2019-02-19, 19:31:23, 24.35, 46.22
2019-02-19, 19:31:24, 24.34, 46.19
2019-02-19, 19:31:26, 24.34, 46.19
2019-02-19, 19:31:27, 24.35, 46.19
2019-02-19, 19:31:28, 24.35, 46.19
2019-02-19, 19:31:30, 24.36, 46.19
2019-02-19, 19:31:31, 24.37, 46.19
2019-02-19, 19:31:32, 24.35, 46.19
2019-02-19, 19:31:34, 24.34, 46.19
2019-02-19, 19:31:35, 24.35, 46.22
2019-02-19, 19:31:36, 24.35, 46.22
2019-02-19, 19:31:38, 24.35, 46.22
2019-02-19, 19:31:39, 24.36, 46.22
2019-02-19, 19:31:41, 24.36, 46.26
2019-02-19, 19:31:42, 24.34, 46.22
2019-02-19, 19:31:43, 24.36, 46.19
2019-02-19, 19:31:45, 24.36, 46.19
2019-02-19, 19:31:46, 24.36, 46.22
2019-02-19, 19:31:47, 24.36, 46.19
2019-02-19, 19:31:49, 24.35, 46.19
2019-02-19, 19:31:50, 24.34, 46.19
2019-02-19, 19:31:51, 24.35, 46.19
2019-02-19, 19:31:53, 24.35, 46.19
2019-02-19, 19:31:54, 24.37, 46.19
2019-02-19, 19:31:55, 24.36, 46.19
2019-02-19, 19:31:57, 24.37, 46.19
2019-02-19, 19:31:58, 24.37, 46.19
2019-02-19, 19:31:59, 24.37, 46.16
2019-02-19, 19:32:01, 24.23, 46.18
2019-02-19, 19:32:02, 24.32, 46.22
2019-02-19, 19:32:04, 24.32, 46.22
2019-02-19, 19:32:05, 24.34, 46.25
2019-02-19, 19:32:06, 24.34, 46.22
2019-02-19, 19:32:08, 24.33, 46.22
2019-02-19, 19:32:09, 24.33, 46.22
2019-02-19, 19:32:10, 24.34, 46.22
2019-02-19, 19:32:12, 24.34, 46.19
2019-02-19, 19:32:13, 24.34, 46.22
2019-02-19, 19:32:14, 24.34, 46.19
2019-02-19, 19:32:16, 24.36, 46.19
2019-02-19, 19:32:17, 24.36, 46.19
2019-02-19, 19:32:18, 24.35, 46.19
2019-02-19, 19:32:20, 24.34, 46.13
2019-02-19, 19:32:21, 24.35, 46.13
2019-02-19, 19:32:23, 24.35, 46.13
2019-02-19, 19:32:24, 24.35, 46.13
2019-02-19, 19:32:25, 24.36, 46.13
2019-02-19, 19:32:27, 24.36, 46.16
2019-02-19, 19:32:28, 24.35, 46.13
2019-02-19, 19:32:29, 24.34, 46.16
2019-02-19, 19:32:31, 24.36, 46.16
2019-02-19, 19:32:32, 24.35, 46.16
2019-02-19, 19:32:33, 24.35, 46.16
2019-02-19, 19:32:35, 24.33, 46.19
2019-02-19, 19:32:36, 24.36, 46.16
2019-02-19, 19:32:37, 24.34, 46.16
2019-02-19, 19:32:39, 24.36, 46.16
2019-02-19, 19:32:40, 24.35, 46.16
2019-02-19, 19:32:41, 24.34, 46.16
2019-02-19, 19:32:43, 24.34, 46.16
2019-02-19, 19:32:44, 24.34, 46.16
2019-02-19, 19:32:46, 24.33, 46.12
2019-02-19, 19:32:47, 24.36, 46.16
2019-02-19, 19:32:48, 24.34, 46.13
2019-02-19, 19:32:50, 24.35, 46.13
2019-02-19, 19:32:51, 24.33, 46.12
2019-02-19, 19:32:52, 24.33, 46.12
2019-02-19, 19:32:54, 24.34, 46.13
2019-02-19, 19:32:55, 24.34, 46.09
2019-02-19, 19:32:56, 24.34, 46.13
2019-02-19, 19:32:58, 24.34, 46.13
2019-02-19, 19:32:59, 24.35, 46.13
2019-02-19, 19:33:00, 24.34, 46.13
2019-02-19, 19:33:02, 24.34, 46.13
2019-02-19, 19:33:03, 24.34, 46.13
2019-02-19, 19:33:05, 24.3, 46.12
2019-02-19, 19:33:06, 24.33, 46.12
2019-02-19, 19:33:07, 24.32, 46.12
2019-02-19, 19:33:09, 24.32, 46.12
2019-02-19, 19:33:10, 24.33, 46.16
2019-02-19, 19:33:11, 24.32, 46.16
2019-02-19, 19:33:13, 24.34, 46.13
2019-02-19, 19:33:14, 24.35, 46.16
2019-02-19, 19:33:15, 24.34, 46.16
2019-02-19, 19:33:17, 24.34, 46.16
2019-02-19, 19:33:18, 24.34, 46.19
2019-02-19, 19:33:19, 24.33, 46.16
2019-02-19, 19:33:21, 24.34, 46.16
2019-02-19, 19:33:22, 24.34, 46.16
2019-02-19, 19:33:23, 24.33, 46.16
2019-02-19, 19:33:25, 24.34, 46.19
2019-02-19, 19:33:26, 24.34, 46.19
2019-02-19, 19:33:28, 24.34, 46.19
2019-02-19, 19:33:29, 24.33, 46.16
2019-02-19, 19:33:30, 24.33, 46.19
2019-02-19, 19:33:32, 24.33, 46.19
2019-02-19, 19:33:33, 24.33, 46.19
2019-02-19, 19:33:34, 24.33, 46.19
2019-02-19, 19:33:36, 24.33, 46.19
2019-02-19, 19:33:37, 24.34, 46.19
2019-02-19, 19:33:38, 24.33, 46.19
2019-02-19, 19:33:40, 24.33, 46.19
2019-02-19, 19:33:41, 24.33, 46.19
2019-02-19, 19:33:43, 24.34, 46.19
2019-02-19, 19:33:44, 24.34, 46.19
2019-02-19, 19:33:45, 24.34, 46.19
2019-02-19, 19:33:47, 24.36, 46.19
2019-02-19, 19:33:48, 24.34, 46.19
2019-02-19, 19:33:49, 24.33, 46.22
2019-02-19, 19:33:51, 24.33, 46.22
2019-02-19, 19:33:52, 24.33, 46.22
2019-02-19, 19:33:53, 24.32, 46.22
2019-02-19, 19:33:55, 24.32, 46.25
2019-02-19, 19:33:56, 24.31, 46.25
2019-02-19, 19:33:57, 24.32, 46.25
2019-02-19, 19:33:59, 24.33, 46.25
2019-02-19, 19:34:00, 24.33, 46.25
2019-02-19, 19:34:01, 24.33, 46.25
2019-02-19, 19:34:03, 24.32, 46.25
2019-02-19, 19:34:04, 24.3, 46.25
2019-02-19, 19:34:06, 24.3, 46.28
2019-02-19, 19:34:07, 24.28, 46.28
2019-02-19, 19:34:08, 24.29, 46.25
2019-02-19, 19:34:10, 24.31, 46.28
2019-02-19, 19:34:11, 24.31, 46.31
2019-02-19, 19:34:12, 24.31, 46.31
2019-02-19, 19:34:14, 24.3, 46.31
2019-02-19, 19:34:15, 24.3, 46.31
2019-02-19, 19:34:16, 24.28, 46.31
2019-02-19, 19:34:18, 24.28, 46.31
2019-02-19, 19:34:19, 24.29, 46.31
2019-02-19, 19:34:20, 24.28, 46.34
2019-02-19, 19:34:22, 24.27, 46.31
2019-02-19, 19:34:23, 24.29, 46.34
2019-02-19, 19:34:25, 24.28, 46.34
2019-02-19, 19:34:26, 24.28, 46.34
2019-02-19, 19:34:27, 24.27, 46.37
2019-02-19, 19:34:29, 24.27, 46.34
2019-02-19, 19:34:30, 24.28, 46.38
2019-02-19, 19:34:31, 24.27, 46.37
2019-02-19, 19:34:33, 24.27, 46.34
2019-02-19, 19:34:34, 24.26, 46.37
2019-02-19, 19:34:35, 24.28, 46.38
2019-02-19, 19:34:37, 24.29, 46.38
2019-02-19, 19:34:38, 24.29, 46.38
2019-02-19, 19:34:39, 24.29, 46.38
2019-02-19, 19:34:41, 24.28, 46.38
2019-02-19, 19:34:42, 24.28, 46.34
2019-02-19, 19:34:43, 24.28, 46.38
2019-02-19, 19:34:45, 24.28, 46.34
2019-02-19, 19:34:46, 24.27, 46.34
2019-02-19, 19:34:48, 24.28, 46.34
2019-02-19, 19:34:49, 24.28, 46.38
2019-02-19, 19:34:50, 24.27, 46.37
2019-02-19, 19:34:52, 24.28, 46.38
2019-02-19, 19:34:53, 24.28, 46.38
2019-02-19, 19:34:54, 24.27, 46.37
2019-02-19, 19:34:56, 24.28, 46.38
2019-02-19, 19:34:57, 24.28, 46.38
2019-02-19, 19:34:58, 24.21, 46.37
2019-02-19, 19:35:00, 24.26, 46.37
2019-02-19, 19:35:01, 24.26, 46.37
2019-02-19, 19:35:02, 24.27, 46.41
2019-02-19, 19:35:04, 24.27, 46.37
2019-02-19, 19:35:05, 24.28, 46.38
2019-02-19, 19:35:06, 24.26, 46.37
2019-02-19, 19:35:08, 24.27, 46.37
2019-02-19, 19:35:09, 24.28, 46.38
2019-02-19, 19:35:11, 24.28, 46.38
2019-02-19, 19:35:12, 24.28, 46.38
2019-02-19, 19:35:13, 24.26, 46.41
2019-02-19, 19:35:15, 24.27, 46.37
2019-02-19, 19:35:16, 24.26, 46.37
2019-02-19, 19:35:17, 24.26, 46.37
2019-02-19, 19:35:19, 24.26, 46.37
2019-02-19, 19:35:20, 24.25, 46.37
2019-02-19, 19:35:21, 24.26, 46.41
2019-02-19, 19:35:23, 24.25, 46.44
2019-02-19, 19:35:24, 24.26, 46.44
2019-02-19, 19:35:25, 24.25, 46.4
2019-02-19, 19:35:27, 24.26, 46.44
2019-02-19, 19:35:28, 24.15, 46.42
2019-02-19, 19:35:30, 24.24, 46.43
2019-02-19, 19:35:31, 24.24, 46.43
2019-02-19, 19:35:32, 24.24, 46.43
2019-02-19, 19:35:34, 24.24, 46.43
2019-02-19, 19:35:35, 24.24, 46.43
2019-02-19, 19:35:36, 24.24, 46.43
2019-02-19, 19:35:38, 24.24, 46.43
2019-02-19, 19:35:39, 24.24, 46.43
2019-02-19, 19:35:40, 24.24, 46.43
2019-02-19, 19:35:42, 24.23, 46.43
2019-02-19, 19:35:43, 24.24, 46.43
2019-02-19, 19:35:44, 24.24, 46.43
2019-02-19, 19:35:46, 24.24, 46.43
2019-02-19, 19:35:47, 24.24, 46.43
2019-02-19, 19:35:48, 24.25, 46.44
2019-02-19, 19:35:50, 24.25, 46.44
2019-02-19, 19:35:51, 24.25, 46.44
2019-02-19, 19:35:53, 24.25, 46.44
2019-02-19, 19:35:54, 24.25, 46.44
2019-02-19, 19:35:55, 24.25, 46.44
2019-02-19, 19:35:57, 24.26, 46.44
2019-02-19, 19:35:58, 24.25, 46.4
2019-02-19, 19:35:59, 24.24, 46.4
2019-02-19, 19:36:01, 24.24, 46.43
2019-02-19, 19:36:02, 24.25, 46.44
2019-02-19, 19:36:03, 24.24, 46.43
2019-02-19, 19:36:05, 24.24, 46.43
2019-02-19, 19:36:06, 24.24, 46.4
2019-02-19, 19:36:07, 24.23, 46.43
2019-02-19, 19:36:09, 24.24, 46.43
2019-02-19, 19:36:10, 24.24, 46.43
2019-02-19, 19:36:12, 24.24, 46.43
2019-02-19, 19:36:13, 24.23, 46.4
2019-02-19, 19:36:14, 24.24, 46.43
2019-02-19, 19:36:16, 24.25, 46.4
2019-02-19, 19:36:17, 24.24, 46.4
2019-02-19, 19:36:18, 24.25, 46.4
2019-02-19, 19:36:20, 24.26, 46.41
2019-02-19, 19:36:21, 24.25, 46.4
2019-02-19, 19:36:22, 24.27, 46.37
2019-02-19, 19:36:24, 24.26, 46.41
2019-02-19, 19:36:25, 24.25, 46.37
2019-02-19, 19:36:26, 24.26, 46.37
2019-02-19, 19:36:28, 24.26, 46.37
2019-02-19, 19:36:29, 24.26, 46.37
2019-02-19, 19:36:31, 24.25, 46.37
2019-02-19, 19:36:32, 24.28, 46.38
2019-02-19, 19:36:33, 24.26, 46.37
2019-02-19, 19:36:35, 24.26, 46.37
2019-02-19, 19:36:36, 24.26, 46.37
2019-02-19, 19:36:37, 24.26, 46.37
2019-02-19, 19:36:39, 24.27, 46.37
2019-02-19, 19:36:40, 24.28, 46.38
2019-02-19, 19:36:41, 24.28, 46.34
2019-02-19, 19:36:43, 24.28, 46.38
2019-02-19, 19:36:44, 24.26, 46.37
2019-02-19, 19:36:45, 24.28, 46.38
2019-02-19, 19:36:47, 24.27, 46.34
2019-02-19, 19:36:48, 24.27, 46.37
2019-02-19, 19:36:49, 24.28, 46.34
2019-02-19, 19:36:51, 24.28, 46.38
2019-02-19, 19:36:52, 24.28, 46.38
2019-02-19, 19:36:54, 24.27, 46.37
2019-02-19, 19:36:55, 24.28, 46.38
2019-02-19, 19:36:56, 24.28, 46.38
2019-02-19, 19:36:58, 24.28, 46.38
2019-02-19, 19:36:59, 24.28, 46.38
2019-02-19, 19:37:00, 24.27, 46.37
2019-02-19, 19:37:02, 24.28, 46.34
2019-02-19, 19:37:03, 24.28, 46.34
2019-02-19, 19:37:04, 24.28, 46.34
2019-02-19, 19:37:06, 24.27, 46.34
2019-02-19, 19:37:07, 24.28, 46.34
2019-02-19, 19:37:08, 24.28, 46.34
2019-02-19, 19:37:10, 24.28, 46.38
2019-02-19, 19:37:11, 24.28, 46.34
2019-02-19, 19:37:13, 24.28, 46.34
2019-02-19, 19:37:14, 24.29, 46.34
2019-02-19, 19:37:15, 24.28, 46.34
2019-02-19, 19:37:17, 24.29, 46.31
2019-02-19, 19:37:18, 24.28, 46.31
2019-02-19, 19:37:19, 24.28, 46.34
2019-02-19, 19:37:21, 24.29, 46.34
2019-02-19, 19:37:22, 24.29, 46.31
2019-02-19, 19:37:23, 24.28, 46.34
2019-02-19, 19:37:25, 24.28, 46.31
2019-02-19, 19:37:26, 24.29, 46.31
2019-02-19, 19:37:27, 24.12, 46.32
2019-02-19, 19:37:29, 24.24, 46.4
2019-02-19, 19:37:30, 24.26, 46.41
2019-02-19, 19:37:31, 24.26, 46.37
2019-02-19, 19:37:33, 24.26, 46.37
2019-02-19, 19:37:34, 24.28, 46.38
2019-02-19, 19:37:36, 24.28, 46.34
2019-02-19, 19:37:37, 24.28, 46.34
2019-02-19, 19:37:38, 24.28, 46.31
2019-02-19, 19:37:40, 24.29, 46.31
2019-02-19, 19:37:41, 24.27, 46.31
2019-02-19, 19:37:42, 24.28, 46.31
2019-02-19, 19:37:44, 24.28, 46.31
2019-02-19, 19:37:45, 24.28, 46.31
2019-02-19, 19:37:46, 24.28, 46.31
2019-02-19, 19:37:48, 24.28, 46.28
2019-02-19, 19:37:49, 24.28, 46.31
2019-02-19, 19:37:50, 24.28, 46.25
2019-02-19, 19:37:52, 24.3, 46.28
2019-02-19, 19:37:53, 24.3, 46.28
2019-02-19, 19:37:54, 24.28, 46.28
2019-02-19, 19:37:56, 24.3, 46.25
2019-02-19, 19:37:57, 24.3, 46.25
2019-02-19, 19:37:59, 24.3, 46.25
2019-02-19, 19:38:00, 24.3, 46.25
2019-02-19, 19:38:01, 24.25, 46.24
2019-02-19, 19:38:03, 24.28, 46.28
2019-02-19, 19:38:04, 24.29, 46.25
2019-02-19, 19:38:05, 24.28, 46.25
2019-02-19, 19:38:07, 24.29, 46.25
2019-02-19, 19:38:08, 24.28, 46.25
2019-02-19, 19:38:09, 24.28, 46.25
2019-02-19, 19:38:11, 24.29, 46.25
2019-02-19, 19:38:12, 24.28, 46.25
2019-02-19, 19:38:13, 24.3, 46.25
2019-02-19, 19:38:15, 24.29, 46.22
2019-02-19, 19:38:16, 24.3, 46.22
2019-02-19, 19:38:18, 24.31, 46.25
2019-02-19, 19:38:19, 24.3, 46.22
2019-02-19, 19:38:20, 24.3, 46.22
2019-02-19, 19:38:22, 24.3, 46.22
2019-02-19, 19:38:23, 24.29, 46.22
2019-02-19, 19:38:24, 24.3, 46.22
2019-02-19, 19:38:26, 24.3, 46.18
2019-02-19, 19:38:27, 24.29, 46.18
2019-02-19, 19:38:28, 24.3, 46.18
2019-02-19, 19:38:30, 24.29, 46.22
2019-02-19, 19:38:31, 24.21, 46.24
2019-02-19, 19:38:32, 24.27, 46.25
2019-02-19, 19:38:34, 24.27, 46.25
2019-02-19, 19:38:35, 24.28, 46.25
2019-02-19, 19:38:36, 24.27, 46.25
2019-02-19, 19:38:38, 24.28, 46.25
2019-02-19, 19:38:39, 24.28, 46.25
2019-02-19, 19:38:41, 24.27, 46.25
2019-02-19, 19:38:42, 24.28, 46.25
2019-02-19, 19:38:43, 24.28, 46.25
2019-02-19, 19:38:45, 24.29, 46.25
2019-02-19, 19:38:46, 24.27, 46.25
2019-02-19, 19:38:47, 24.26, 46.24
2019-02-19, 19:38:49, 24.26, 46.24
2019-02-19, 19:38:50, 24.27, 46.25
2019-02-19, 19:38:51, 24.27, 46.25
2019-02-19, 19:38:53, 24.27, 46.28
2019-02-19, 19:38:54, 24.27, 46.28
2019-02-19, 19:38:55, 24.28, 46.28
2019-02-19, 19:38:57, 24.27, 46.31
2019-02-19, 19:38:58, 24.28, 46.28
2019-02-19, 19:39:00, 24.28, 46.28
2019-02-19, 19:39:01, 24.29, 46.25
2019-02-19, 19:39:02, 24.28, 46.25
2019-02-19, 19:39:04, 24.28, 46.25
2019-02-19, 19:39:05, 24.27, 46.25
2019-02-19, 19:39:06, 24.28, 46.25
2019-02-19, 19:39:08, 24.28, 46.28
2019-02-19, 19:39:09, 24.28, 46.25
2019-02-19, 19:39:10, 24.28, 46.28
2019-02-19, 19:39:12, 24.28, 46.28
2019-02-19, 19:39:13, 24.28, 46.28
2019-02-19, 19:39:14, 24.28, 46.28
2019-02-19, 19:39:16, 24.28, 46.31
2019-02-19, 19:39:17, 24.28, 46.31
2019-02-19, 19:39:19, 24.28, 46.31
2019-02-19, 19:39:20, 24.27, 46.31
2019-02-19, 19:39:21, 24.29, 46.31
2019-02-19, 19:39:23, 24.27, 46.31
2019-02-19, 19:39:24, 24.26, 46.31
2019-02-19, 19:39:25, 24.26, 46.31
2019-02-19, 19:39:27, 24.27, 46.31
2019-02-19, 19:39:28, 24.27, 46.31
2019-02-19, 19:39:29, 24.28, 46.31
2019-02-19, 19:39:31, 24.27, 46.31
2019-02-19, 19:39:32, 24.25, 46.31
2019-02-19, 19:39:33, 24.26, 46.31
2019-02-19, 19:39:35, 24.26, 46.34
2019-02-19, 19:39:36, 24.26, 46.31
2019-02-19, 19:39:37, 24.26, 46.31
2019-02-19, 19:39:39, 24.25, 46.34
2019-02-19, 19:39:40, 24.26, 46.31
2019-02-19, 19:39:42, 24.26, 46.31
2019-02-19, 19:39:43, 24.25, 46.34
2019-02-19, 19:39:44, 24.25, 46.34
2019-02-19, 19:39:46, 24.24, 46.34
2019-02-19, 19:39:47, 24.25, 46.34
2019-02-19, 19:39:48, 24.24, 46.37
2019-02-19, 19:39:50, 24.24, 46.34
2019-02-19, 19:39:51, 24.26, 46.34
2019-02-19, 19:39:52, 24.24, 46.34
2019-02-19, 19:39:54, 24.26, 46.37
2019-02-19, 19:39:55, 24.18, 46.33
2019-02-19, 19:39:56, 24.23, 46.37
2019-02-19, 19:39:58, 24.25, 46.37
2019-02-19, 19:39:59, 24.24, 46.37
2019-02-19, 19:40:00, 24.23, 46.37
2019-02-19, 19:40:02, 24.23, 46.34
2019-02-19, 19:40:03, 24.25, 46.34
2019-02-19, 19:40:05, 24.24, 46.34
2019-02-19, 19:40:06, 24.24, 46.34
2019-02-19, 19:40:07, 24.25, 46.34
2019-02-19, 19:40:09, 24.25, 46.31
2019-02-19, 19:40:10, 24.24, 46.31
2019-02-19, 19:40:11, 24.24, 46.34
2019-02-19, 19:40:13, 24.24, 46.31
2019-02-19, 19:40:14, 24.23, 46.34
2019-02-19, 19:40:15, 24.21, 46.33
2019-02-19, 19:40:17, 24.23, 46.34
2019-02-19, 19:40:18, 24.24, 46.34
2019-02-19, 19:40:19, 24.24, 46.34
2019-02-19, 19:40:21, 24.24, 46.34
2019-02-19, 19:40:22, 24.24, 46.34
2019-02-19, 19:40:24, 24.25, 46.34
2019-02-19, 19:40:25, 24.14, 46.33
2019-02-19, 19:40:26, 24.21, 46.37
2019-02-19, 19:40:28, 24.21, 46.37
2019-02-19, 19:40:29, 24.22, 46.37
2019-02-19, 19:40:30, 24.23, 46.37
2019-02-19, 19:40:32, 24.24, 46.37
2019-02-19, 19:40:33, 24.22, 46.37
2019-02-19, 19:40:34, 24.24, 46.37
2019-02-19, 19:40:36, 24.24, 46.37
2019-02-19, 19:40:37, 24.22, 46.37
2019-02-19, 19:40:38, 24.24, 46.37
2019-02-19, 19:40:40, 24.24, 46.34
2019-02-19, 19:40:41, 24.24, 46.34
2019-02-19, 19:40:43, 24.22, 46.37
2019-02-19, 19:40:44, 24.24, 46.37
2019-02-19, 19:40:45, 24.23, 46.37
2019-02-19, 19:40:47, 24.23, 46.37
2019-02-19, 19:40:48, 24.21, 46.37
2019-02-19, 19:40:49, 24.24, 46.37
2019-02-19, 19:40:51, 24.24, 46.37
2019-02-19, 19:40:52, 24.23, 46.37
2019-02-19, 19:40:53, 24.23, 46.37
2019-02-19, 19:40:55, 24.22, 46.37
2019-02-19, 19:40:56, 24.24, 46.37
2019-02-19, 19:40:57, 24.23, 46.37
2019-02-19, 19:40:59, 24.23, 46.37
2019-02-19, 19:41:00, 24.24, 46.37
2019-02-19, 19:41:02, 24.22, 46.37
2019-02-19, 19:41:03, 24.23, 46.37
2019-02-19, 19:41:04, 24.24, 46.37
2019-02-19, 19:41:06, 24.24, 46.37
2019-02-19, 19:41:07, 24.23, 46.37
2019-02-19, 19:41:08, 24.23, 46.37
2019-02-19, 19:41:10, 24.23, 46.37
2019-02-19, 19:41:11, 24.23, 46.37
2019-02-19, 19:41:12, 24.24, 46.37
2019-02-19, 19:41:14, 24.23, 46.37
2019-02-19, 19:41:15, 24.24, 46.37
2019-02-19, 19:41:16, 24.22, 46.37
2019-02-19, 19:41:18, 24.22, 46.37
2019-02-19, 19:41:19, 24.22, 46.37
2019-02-19, 19:41:20, 24.22, 46.4
2019-02-19, 19:41:22, 24.22, 46.37
2019-02-19, 19:41:23, 24.22, 46.37
2019-02-19, 19:41:25, 24.21, 46.37
2019-02-19, 19:41:26, 24.22, 46.37
2019-02-19, 19:41:27, 24.22, 46.37
2019-02-19, 19:41:29, 24.22, 46.37
2019-02-19, 19:41:30, 24.22, 46.37
2019-02-19, 19:41:31, 24.22, 46.37
2019-02-19, 19:41:33, 24.24, 46.37
2019-02-19, 19:41:34, 24.23, 46.37
2019-02-19, 19:41:35, 24.24, 46.37
2019-02-19, 19:41:37, 24.24, 46.37
2019-02-19, 19:41:38, 24.24, 46.37
2019-02-19, 19:41:39, 24.23, 46.37
2019-02-19, 19:41:41, 24.23, 46.37
2019-02-19, 19:41:42, 24.24, 46.34
2019-02-19, 19:41:44, 24.24, 46.34
2019-02-19, 19:41:45, 24.24, 46.34
2019-02-19, 19:41:46, 24.24, 46.34
2019-02-19, 19:41:48, 24.25, 46.34
2019-02-19, 19:41:49, 24.24, 46.31
2019-02-19, 19:41:50, 24.24, 46.31
2019-02-19, 19:41:52, 24.23, 46.31
2019-02-19, 19:41:53, 24.24, 46.31
2019-02-19, 19:41:54, 24.08, 46.35
2019-02-19, 19:41:56, 24.18, 46.4
2019-02-19, 19:41:57, 24.2, 46.4
2019-02-19, 19:41:58, 24.2, 46.4
2019-02-19, 19:42:00, 24.22, 46.4
2019-02-19, 19:42:01, 24.21, 46.4
2019-02-19, 19:42:03, 24.21, 46.4
2019-02-19, 19:42:04, 24.2, 46.4
2019-02-19, 19:42:05, 24.22, 46.4
2019-02-19, 19:42:07, 24.22, 46.37
2019-02-19, 19:42:08, 24.22, 46.37
2019-02-19, 19:42:09, 24.23, 46.37
2019-02-19, 19:42:11, 24.23, 46.37
2019-02-19, 19:42:12, 24.24, 46.37
2019-02-19, 19:42:13, 24.24, 46.37
2019-02-19, 19:42:15, 24.24, 46.37
2019-02-19, 19:42:16, 24.23, 46.37
2019-02-19, 19:42:17, 24.22, 46.37
2019-02-19, 19:42:19, 24.23, 46.37
2019-02-19, 19:42:20, 24.23, 46.37
2019-02-19, 19:42:21, 24.22, 46.37
2019-02-19, 19:42:23, 24.22, 46.37
2019-02-19, 19:42:24, 24.22, 46.37
2019-02-19, 19:42:26, 24.22, 46.37
2019-02-19, 19:42:27, 24.23, 46.37
2019-02-19, 19:42:28, 24.2, 46.37
2019-02-19, 19:42:30, 24.23, 46.4
2019-02-19, 19:42:31, 24.22, 46.37
2019-02-19, 19:42:32, 24.22, 46.4
2019-02-19, 19:42:34, 24.2, 46.4
2019-02-19, 19:42:35, 24.21, 46.43
2019-02-19, 19:42:36, 24.21, 46.43
2019-02-19, 19:42:38, 24.21, 46.43
2019-02-19, 19:42:39, 24.21, 46.43
2019-02-19, 19:42:40, 24.22, 46.43
2019-02-19, 19:42:42, 24.22, 46.43
2019-02-19, 19:42:43, 24.22, 46.43
2019-02-19, 19:42:44, 24.2, 46.4
2019-02-19, 19:42:46, 24.21, 46.4
2019-02-19, 19:42:47, 24.21, 46.4
2019-02-19, 19:42:49, 24.21, 46.4
2019-02-19, 19:42:50, 24.2, 46.43
2019-02-19, 19:42:51, 24.21, 46.4
2019-02-19, 19:42:53, 24.22, 46.37
2019-02-19, 19:42:54, 24.23, 46.4
2019-02-19, 19:42:55, 24.22, 46.4
2019-02-19, 19:42:57, 24.23, 46.4
2019-02-19, 19:42:58, 24.23, 46.37
2019-02-19, 19:42:59, 24.24, 46.37
2019-02-19, 19:43:01, 24.24, 46.37
2019-02-19, 19:43:02, 24.24, 46.37
2019-02-19, 19:43:03, 24.23, 46.37
2019-02-19, 19:43:05, 24.23, 46.37
2019-02-19, 19:43:06, 24.24, 46.34
2019-02-19, 19:43:08, 24.23, 46.37
2019-02-19, 19:43:09, 24.23, 46.37
2019-02-19, 19:43:10, 24.22, 46.37
2019-02-19, 19:43:12, 24.24, 46.37
2019-02-19, 19:43:13, 24.22, 46.37
2019-02-19, 19:43:14, 24.22, 46.37
2019-02-19, 19:43:16, 24.23, 46.37
2019-02-19, 19:43:17, 24.22, 46.37
2019-02-19, 19:43:18, 24.23, 46.37
2019-02-19, 19:43:20, 24.23, 46.37
2019-02-19, 19:43:21, 24.23, 46.37
2019-02-19, 19:43:22, 24.22, 46.37
2019-02-19, 19:43:24, 24.22, 46.37
2019-02-19, 19:43:25, 24.24, 46.37
2019-02-19, 19:43:26, 24.22, 46.37
2019-02-19, 19:43:28, 24.23, 46.4
2019-02-19, 19:43:29, 24.23, 46.37
2019-02-19, 19:43:31, 24.22, 46.37
2019-02-19, 19:43:32, 24.22, 46.37
2019-02-19, 19:43:33, 24.22, 46.37
2019-02-19, 19:43:35, 24.21, 46.37
2019-02-19, 19:43:36, 24.22, 46.37
2019-02-19, 19:43:37, 24.22, 46.37
2019-02-19, 19:43:39, 24.22, 46.37
2019-02-19, 19:43:40, 24.22, 46.37
2019-02-19, 19:43:41, 24.24, 46.37
2019-02-19, 19:43:43, 24.23, 46.37
2019-02-19, 19:43:44, 24.23, 46.37
2019-02-19, 19:43:45, 24.22, 46.37
2019-02-19, 19:43:47, 24.22, 46.37
2019-02-19, 19:43:48, 24.22, 46.37
2019-02-19, 19:43:50, 24.22, 46.37
2019-02-19, 19:43:51, 24.23, 46.37
2019-02-19, 19:43:52, 24.23, 46.37
2019-02-19, 19:43:54, 24.22, 46.37
2019-02-19, 19:43:55, 24.23, 46.34
2019-02-19, 19:43:56, 24.24, 46.34
2019-02-19, 19:43:58, 24.25, 46.34
2019-02-19, 19:43:59, 24.25, 46.37
2019-02-19, 19:44:00, 24.25, 46.34
2019-02-19, 19:44:02, 24.25, 46.31
2019-02-19, 19:44:03, 24.26, 46.31
2019-02-19, 19:44:04, 24.25, 46.31
2019-02-19, 19:44:06, 24.25, 46.31
2019-02-19, 19:44:07, 24.25, 46.31
2019-02-19, 19:44:09, 24.26, 46.31
2019-02-19, 19:44:10, 24.25, 46.31
2019-02-19, 19:44:11, 24.25, 46.31
2019-02-19, 19:44:13, 24.24, 46.27
2019-02-19, 19:44:14, 24.25, 46.31
2019-02-19, 19:44:15, 24.24, 46.31
2019-02-19, 19:44:17, 24.25, 46.31
2019-02-19, 19:44:18, 24.24, 46.31
2019-02-19, 19:44:19, 24.24, 46.27
2019-02-19, 19:44:21, 24.25, 46.31
2019-02-19, 19:44:22, 24.25, 46.31
2019-02-19, 19:44:23, 24.25, 46.31
2019-02-19, 19:44:25, 24.26, 46.31
2019-02-19, 19:44:26, 24.24, 46.31
2019-02-19, 19:44:28, 24.24, 46.27
2019-02-19, 19:44:29, 24.25, 46.28
2019-02-19, 19:44:30, 24.26, 46.28
2019-02-19, 19:44:32, 24.26, 46.28
2019-02-19, 19:44:33, 24.25, 46.28
2019-02-19, 19:44:34, 24.25, 46.28
2019-02-19, 19:44:36, 24.24, 46.27
2019-02-19, 19:44:37, 24.24, 46.24
2019-02-19, 19:44:38, 24.25, 46.28
2019-02-19, 19:44:40, 24.27, 46.28
2019-02-19, 19:44:41, 24.26, 46.24
2019-02-19, 19:44:42, 24.26, 46.28
2019-02-19, 19:44:44, 24.27, 46.28
2019-02-19, 19:44:45, 24.27, 46.28
2019-02-19, 19:44:47, 24.26, 46.24
2019-02-19, 19:44:48, 24.26, 46.28
2019-02-19, 19:44:49, 24.26, 46.24
2019-02-19, 19:44:51, 24.26, 46.24
2019-02-19, 19:44:52, 24.17, 46.27
2019-02-19, 19:44:53, 24.25, 46.31
2019-02-19, 19:44:55, 24.26, 46.31
2019-02-19, 19:44:56, 24.25, 46.28
2019-02-19, 19:44:57, 24.27, 46.28
2019-02-19, 19:44:59, 24.28, 46.28
2019-02-19, 19:45:00, 24.28, 46.25
2019-02-19, 19:45:01, 24.28, 46.25
2019-02-19, 19:45:03, 24.27, 46.25
2019-02-19, 19:45:04, 24.27, 46.21
2019-02-19, 19:45:06, 24.26, 46.21
2019-02-19, 19:45:07, 24.26, 46.21
2019-02-19, 19:45:08, 24.26, 46.21
2019-02-19, 19:45:10, 24.27, 46.18
2019-02-19, 19:45:11, 24.27, 46.21
2019-02-19, 19:45:12, 24.27, 46.18
2019-02-19, 19:45:14, 24.28, 46.18
2019-02-19, 19:45:15, 24.28, 46.18
2019-02-19, 19:45:16, 24.28, 46.18
2019-02-19, 19:45:18, 24.28, 46.18
2019-02-19, 19:45:19, 24.29, 46.18
2019-02-19, 19:45:20, 24.29, 46.18
2019-02-19, 19:45:22, 24.17, 46.17
2019-02-19, 19:45:23, 24.26, 46.24
2019-02-19, 19:45:25, 24.26, 46.21
2019-02-19, 19:45:26, 24.28, 46.21
2019-02-19, 19:45:27, 24.12, 46.23
2019-02-19, 19:45:29, 24.24, 46.27
2019-02-19, 19:45:30, 24.25, 46.31
2019-02-19, 19:45:31, 24.26, 46.24
2019-02-19, 19:45:33, 24.27, 46.25
2019-02-19, 19:45:34, 24.29, 46.22
2019-02-19, 19:45:35, 24.29, 46.22
2019-02-19, 19:45:37, 24.29, 46.18
2019-02-19, 19:45:38, 24.3, 46.18
2019-02-19, 19:45:39, 24.3, 46.15
2019-02-19, 19:45:41, 24.3, 46.15
2019-02-19, 19:45:42, 24.28, 46.12
2019-02-19, 19:45:43, 24.29, 46.12
2019-02-19, 19:45:45, 24.28, 46.12
2019-02-19, 19:45:46, 24.28, 46.12
2019-02-19, 19:45:48, 24.29, 46.12
2019-02-19, 19:45:49, 24.3, 46.12
2019-02-19, 19:45:50, 24.3, 46.12
2019-02-19, 19:45:52, 24.16, 46.1
2019-02-19, 19:45:53, 24.27, 46.15
2019-02-19, 19:45:54, 24.28, 46.15
2019-02-19, 19:45:56, 24.28, 46.12
2019-02-19, 19:45:57, 24.3, 46.12
2019-02-19, 19:45:58, 24.3, 46.12
2019-02-19, 19:46:00, 24.3, 46.12
2019-02-19, 19:46:01, 24.3, 46.12
2019-02-19, 19:46:02, 24.3, 46.12
2019-02-19, 19:46:04, 24.32, 46.12
2019-02-19, 19:46:05, 24.31, 46.12
2019-02-19, 19:46:07, 24.31, 46.12
2019-02-19, 19:46:08, 24.32, 46.12
2019-02-19, 19:46:09, 24.32, 46.09
2019-02-19, 19:46:11, 24.32, 46.06
2019-02-19, 19:46:12, 24.33, 46.09
2019-02-19, 19:46:13, 24.34, 46.06
2019-02-19, 19:46:15, 24.33, 46.06
2019-02-19, 19:46:16, 24.33, 46.06
2019-02-19, 19:46:17, 24.33, 46.06
2019-02-19, 19:46:19, 24.32, 46.06
2019-02-19, 19:46:20, 24.34, 46.06
2019-02-19, 19:46:21, 24.34, 46.06
2019-02-19, 19:46:23, 24.34, 46.03
2019-02-19, 19:46:24, 24.34, 46.06
2019-02-19, 19:46:26, 24.35, 46.06
2019-02-19, 19:46:27, 24.34, 46.06
2019-02-19, 19:46:28, 24.34, 46.03
2019-02-19, 19:46:30, 24.34, 46.03
2019-02-19, 19:46:31, 24.34, 46.03
2019-02-19, 19:46:32, 24.34, 46.03
2019-02-19, 19:46:34, 24.34, 46.03
2019-02-19, 19:46:35, 24.33, 46.03
2019-02-19, 19:46:36, 24.34, 46.06
2019-02-19, 19:46:38, 24.33, 46.06
2019-02-19, 19:46:39, 24.34, 46.06
2019-02-19, 19:46:41, 24.35, 46.03
2019-02-19, 19:46:42, 24.35, 46.03
2019-02-19, 19:46:43, 24.34, 46.06
2019-02-19, 19:46:45, 24.34, 46.03
2019-02-19, 19:46:46, 24.34, 46.06
2019-02-19, 19:46:47, 24.34, 46.06
2019-02-19, 19:46:49, 24.34, 46.03
2019-02-19, 19:46:50, 24.33, 46.06
2019-02-19, 19:46:51, 24.33, 46.06
2019-02-19, 19:46:53, 24.33, 46.03
2019-02-19, 19:46:54, 24.33, 46.0
2019-02-19, 19:46:55, 24.34, 46.03
2019-02-19, 19:46:57, 24.34, 46.03
2019-02-19, 19:46:58, 24.34, 46.03
2019-02-19, 19:47:00, 24.32, 46.03
2019-02-19, 19:47:01, 24.33, 46.03
2019-02-19, 19:47:02, 24.34, 46.0
2019-02-19, 19:47:04, 24.35, 46.0
2019-02-19, 19:47:05, 24.34, 46.0
2019-02-19, 19:47:06, 24.35, 46.0
2019-02-19, 19:47:08, 24.34, 46.0
2019-02-19, 19:47:09, 24.36, 46.0
2019-02-19, 19:47:10, 24.35, 46.0
2019-02-19, 19:47:12, 24.36, 46.0
2019-02-19, 19:47:13, 24.35, 46.0
2019-02-19, 19:47:14, 24.36, 46.0
2019-02-19, 19:47:16, 24.34, 46.0
2019-02-19, 19:47:17, 24.35, 46.0
2019-02-19, 19:47:18, 24.34, 46.0
2019-02-19, 19:47:20, 24.33, 46.0
2019-02-19, 19:47:21, 24.34, 46.0
2019-02-19, 19:47:23, 24.35, 46.03
2019-02-19, 19:47:24, 24.34, 46.03
2019-02-19, 19:47:25, 24.35, 46.03
2019-02-19, 19:47:27, 24.34, 46.03
2019-02-19, 19:47:28, 24.34, 46.0
2019-02-19, 19:47:29, 24.34, 46.03
2019-02-19, 19:47:31, 24.35, 46.06
2019-02-19, 19:47:32, 24.34, 46.03
2019-02-19, 19:47:33, 24.34, 46.03
2019-02-19, 19:47:35, 24.35, 46.03
2019-02-19, 19:47:36, 24.33, 46.06
2019-02-19, 19:47:37, 24.34, 46.03
2019-02-19, 19:47:39, 24.35, 46.06
2019-02-19, 19:47:40, 24.35, 46.03
2019-02-19, 19:47:42, 24.35, 46.03
2019-02-19, 19:47:43, 24.34, 46.06
2019-02-19, 19:47:44, 24.34, 46.06
2019-02-19, 19:47:46, 24.36, 46.03
2019-02-19, 19:47:47, 24.36, 46.03
2019-02-19, 19:47:48, 24.35, 46.0
2019-02-19, 19:47:50, 24.34, 46.03
2019-02-19, 19:47:51, 24.36, 46.06
2019-02-19, 19:47:52, 24.35, 46.03
2019-02-19, 19:47:54, 24.35, 46.06
2019-02-19, 19:47:55, 24.24, 46.05
2019-02-19, 19:47:56, 24.31, 46.09
2019-02-19, 19:47:58, 24.34, 46.13
2019-02-19, 19:47:59, 24.34, 46.09
2019-02-19, 19:48:00, 24.33, 46.09
2019-02-19, 19:48:02, 24.31, 46.09
2019-02-19, 19:48:03, 24.32, 46.09
2019-02-19, 19:48:05, 24.34, 46.09
2019-02-19, 19:48:06, 24.34, 46.09
2019-02-19, 19:48:07, 24.34, 46.06
2019-02-19, 19:48:09, 24.33, 46.06
2019-02-19, 19:48:10, 24.33, 46.06
2019-02-19, 19:48:11, 24.34, 46.06
2019-02-19, 19:48:13, 24.35, 46.06
2019-02-19, 19:48:14, 24.35, 46.06
2019-02-19, 19:48:15, 24.34, 46.06
2019-02-19, 19:48:17, 24.34, 46.03
2019-02-19, 19:48:18, 24.34, 46.06
2019-02-19, 19:48:19, 24.33, 46.06
2019-02-19, 19:48:21, 24.34, 46.06
2019-02-19, 19:48:22, 24.34, 46.06
2019-02-19, 19:48:23, 24.32, 46.06
2019-02-19, 19:48:25, 24.35, 46.06
2019-02-19, 19:48:26, 24.34, 46.06
2019-02-19, 19:48:28, 24.36, 46.06
2019-02-19, 19:48:29, 24.36, 46.03
2019-02-19, 19:48:30, 24.35, 46.03
2019-02-19, 19:48:32, 24.34, 46.03
2019-02-19, 19:48:33, 24.35, 46.03
2019-02-19, 19:48:34, 24.35, 46.03
2019-02-19, 19:48:36, 24.36, 46.03
2019-02-19, 19:48:37, 24.36, 46.0
2019-02-19, 19:48:38, 24.36, 46.03
2019-02-19, 19:48:40, 24.36, 46.0
2019-02-19, 19:48:41, 24.36, 46.03
2019-02-19, 19:48:42, 24.34, 46.0
2019-02-19, 19:48:44, 24.34, 46.03
2019-02-19, 19:48:45, 24.35, 46.03
2019-02-19, 19:48:47, 24.35, 46.06
2019-02-19, 19:48:48, 24.34, 46.03
2019-02-19, 19:48:49, 24.25, 46.05
2019-02-19, 19:48:51, 24.32, 46.06
2019-02-19, 19:48:52, 24.34, 46.09
2019-02-19, 19:48:53, 24.33, 46.12
2019-02-19, 19:48:55, 24.36, 46.1
2019-02-19, 19:48:56, 24.35, 46.13
2019-02-19, 19:48:57, 24.35, 46.09
2019-02-19, 19:48:59, 24.36, 46.06
2019-02-19, 19:49:00, 24.36, 46.06
2019-02-19, 19:49:01, 24.34, 46.09
2019-02-19, 19:49:03, 24.36, 46.06
2019-02-19, 19:49:04, 24.35, 46.06
2019-02-19, 19:49:05, 24.35, 46.06
2019-02-19, 19:49:07, 24.36, 46.06
2019-02-19, 19:49:08, 24.35, 46.06
2019-02-19, 19:49:10, 24.36, 46.06
2019-02-19, 19:49:11, 24.35, 46.06
2019-02-19, 19:49:12, 24.35, 46.06
2019-02-19, 19:49:14, 24.36, 46.06
2019-02-19, 19:49:15, 24.37, 46.06
2019-02-19, 19:49:16, 24.35, 46.09
2019-02-19, 19:49:18, 24.36, 46.06
2019-02-19, 19:49:19, 24.24, 46.05
2019-02-19, 19:49:20, 24.32, 46.12
2019-02-19, 19:49:22, 24.32, 46.12
2019-02-19, 19:49:23, 24.31, 46.09
2019-02-19, 19:49:24, 24.33, 46.09
2019-02-19, 19:49:26, 24.33, 46.09
2019-02-19, 19:49:27, 24.33, 46.09
2019-02-19, 19:49:29, 24.33, 46.06
2019-02-19, 19:49:30, 24.33, 46.06
2019-02-19, 19:49:31, 24.36, 46.06
2019-02-19, 19:49:33, 24.35, 46.06
2019-02-19, 19:49:34, 24.35, 46.06
2019-02-19, 19:49:35, 24.36, 46.06
2019-02-19, 19:49:37, 24.36, 46.0
2019-02-19, 19:49:38, 24.37, 46.03
2019-02-19, 19:49:39, 24.36, 46.0
2019-02-19, 19:49:41, 24.37, 46.0
2019-02-19, 19:49:42, 24.36, 46.0
2019-02-19, 19:49:43, 24.35, 46.0
2019-02-19, 19:49:45, 24.38, 46.0
2019-02-19, 19:49:46, 24.38, 45.97
2019-02-19, 19:49:47, 24.38, 45.97
2019-02-19, 19:49:49, 24.37, 45.97
2019-02-19, 19:49:50, 24.38, 46.0
2019-02-19, 19:49:52, 24.37, 46.0
2019-02-19, 19:49:53, 24.38, 46.0
2019-02-19, 19:49:54, 24.35, 46.0
2019-02-19, 19:49:56, 24.36, 46.0
2019-02-19, 19:49:57, 24.36, 46.0
2019-02-19, 19:49:58, 24.36, 46.0
2019-02-19, 19:50:00, 24.36, 46.0
2019-02-19, 19:50:01, 24.36, 46.0
2019-02-19, 19:50:02, 24.36, 46.0
2019-02-19, 19:50:04, 24.37, 46.0
2019-02-19, 19:50:05, 24.37, 46.0
2019-02-19, 19:50:06, 24.36, 46.0
2019-02-19, 19:50:08, 24.35, 46.0
2019-02-19, 19:50:09, 24.35, 46.0
2019-02-19, 19:50:10, 24.36, 46.0
2019-02-19, 19:50:12, 24.35, 46.0
2019-02-19, 19:50:13, 24.36, 46.0
2019-02-19, 19:50:15, 24.34, 46.0
2019-02-19, 19:50:16, 24.35, 46.0
2019-02-19, 19:50:17, 24.34, 46.0
2019-02-19, 19:50:19, 24.21, 46.01
2019-02-19, 19:50:20, 24.3, 46.09
2019-02-19, 19:50:21, 24.32, 46.09
2019-02-19, 19:50:23, 24.31, 46.09
2019-02-19, 19:50:24, 24.32, 46.09
2019-02-19, 19:50:25, 24.33, 46.06
2019-02-19, 19:50:27, 24.33, 46.09
2019-02-19, 19:50:28, 24.33, 46.09
2019-02-19, 19:50:29, 24.34, 46.09
2019-02-19, 19:50:31, 24.34, 46.06
2019-02-19, 19:50:32, 24.34, 46.06
2019-02-19, 19:50:34, 24.35, 46.06
2019-02-19, 19:50:35, 24.34, 46.06
2019-02-19, 19:50:36, 24.34, 46.06
2019-02-19, 19:50:38, 24.35, 46.06
2019-02-19, 19:50:39, 24.36, 46.06
2019-02-19, 19:50:40, 24.35, 46.06
2019-02-19, 19:50:42, 24.36, 46.06
2019-02-19, 19:50:43, 24.35, 46.03
2019-02-19, 19:50:44, 24.36, 46.03
2019-02-19, 19:50:46, 24.36, 46.03
2019-02-19, 19:50:47, 24.35, 46.03
2019-02-19, 19:50:48, 24.19, 46.04
2019-02-19, 19:50:50, 24.3, 46.09
2019-02-19, 19:50:51, 24.31, 46.12
2019-02-19, 19:50:53, 24.31, 46.09
2019-02-19, 19:50:54, 24.33, 46.09
2019-02-19, 19:50:55, 24.32, 46.09
2019-02-19, 19:50:57, 24.33, 46.09
2019-02-19, 19:50:58, 24.32, 46.06
2019-02-19, 19:50:59, 24.32, 46.06
2019-02-19, 19:51:01, 24.33, 46.06
2019-02-19, 19:51:02, 24.33, 46.06
2019-02-19, 19:51:03, 24.32, 46.06
2019-02-19, 19:51:05, 24.33, 46.06
2019-02-19, 19:51:06, 24.33, 46.06
2019-02-19, 19:51:07, 24.33, 46.06
2019-02-19, 19:51:09, 24.33, 46.06
2019-02-19, 19:51:10, 24.34, 46.06
2019-02-19, 19:51:11, 24.32, 46.06
2019-02-19, 19:51:13, 24.34, 46.06
2019-02-19, 19:51:14, 24.34, 46.06
2019-02-19, 19:51:16, 24.35, 46.06
2019-02-19, 19:51:17, 24.34, 46.06
2019-02-19, 19:51:18, 24.34, 46.06
2019-02-19, 19:51:20, 24.35, 46.03
2019-02-19, 19:51:21, 24.35, 46.06
2019-02-19, 19:51:22, 24.35, 46.03
2019-02-19, 19:51:24, 24.35, 46.03
2019-02-19, 19:51:25, 24.35, 46.06
2019-02-19, 19:51:26, 24.35, 46.06
2019-02-19, 19:51:28, 24.34, 46.06
2019-02-19, 19:51:29, 24.35, 46.06
2019-02-19, 19:51:30, 24.35, 46.06
2019-02-19, 19:51:32, 24.34, 46.06
2019-02-19, 19:51:33, 24.35, 46.06
2019-02-19, 19:51:35, 24.36, 46.03
2019-02-19, 19:51:36, 24.34, 46.06
2019-02-19, 19:51:37, 24.35, 46.06
2019-02-19, 19:51:39, 24.35, 46.03
2019-02-19, 19:51:40, 24.34, 46.03
2019-02-19, 19:51:41, 24.34, 46.03
2019-02-19, 19:51:43, 24.34, 46.06
2019-02-19, 19:51:44, 24.33, 46.06
2019-02-19, 19:51:45, 24.33, 46.03
2019-02-19, 19:51:47, 24.33, 46.03
2019-02-19, 19:51:48, 24.34, 46.03
2019-02-19, 19:51:49, 24.33, 46.06
2019-02-19, 19:51:51, 24.33, 46.03
2019-02-19, 19:51:52, 24.34, 46.06
2019-02-19, 19:51:54, 24.34, 46.03
2019-02-19, 19:51:55, 24.34, 46.03
2019-02-19, 19:51:56, 24.33, 46.06
2019-02-19, 19:51:58, 24.33, 46.06
2019-02-19, 19:51:59, 24.34, 46.06
2019-02-19, 19:52:00, 24.34, 46.06
2019-02-19, 19:52:02, 24.34, 46.03
2019-02-19, 19:52:03, 24.34, 46.03
2019-02-19, 19:52:04, 24.34, 46.03
2019-02-19, 19:52:06, 24.35, 46.0
2019-02-19, 19:52:07, 24.34, 46.0
2019-02-19, 19:52:08, 24.36, 46.0
2019-02-19, 19:52:10, 24.36, 46.03
2019-02-19, 19:52:11, 24.34, 46.03
2019-02-19, 19:52:12, 24.34, 46.0
2019-02-19, 19:52:14, 24.35, 46.03
2019-02-19, 19:52:15, 24.35, 46.03
2019-02-19, 19:52:17, 24.35, 46.0
2019-02-19, 19:52:18, 24.35, 46.03
2019-02-19, 19:52:19, 24.34, 46.0
2019-02-19, 19:52:21, 24.33, 46.03
2019-02-19, 19:52:22, 24.33, 46.0
2019-02-19, 19:52:23, 24.34, 46.03
2019-02-19, 19:52:25, 24.34, 46.03
2019-02-19, 19:52:26, 24.34, 46.06
2019-02-19, 19:52:27, 24.34, 46.03
2019-02-19, 19:52:29, 24.34, 46.03
2019-02-19, 19:52:30, 24.36, 46.06
2019-02-19, 19:52:31, 24.36, 46.03
2019-02-19, 19:52:33, 24.35, 46.03
2019-02-19, 19:52:34, 24.35, 46.03
2019-02-19, 19:52:35, 24.34, 46.0
2019-02-19, 19:52:37, 24.34, 46.0
2019-02-19, 19:52:38, 24.35, 46.0
2019-02-19, 19:52:40, 24.34, 46.0
2019-02-19, 19:52:41, 24.33, 46.03
2019-02-19, 19:52:42, 24.34, 46.0
2019-02-19, 19:52:44, 24.33, 46.03
2019-02-19, 19:52:45, 24.35, 46.03
2019-02-19, 19:52:46, 24.35, 46.03
2019-02-19, 19:52:48, 24.36, 46.03
2019-02-19, 19:52:49, 24.37, 46.03
2019-02-19, 19:52:50, 24.36, 46.03
2019-02-19, 19:52:52, 24.38, 46.0
2019-02-19, 19:52:53, 24.36, 46.0
2019-02-19, 19:52:54, 24.38, 46.0
2019-02-19, 19:52:56, 24.36, 46.0
2019-02-19, 19:52:57, 24.36, 45.97
2019-02-19, 19:52:59, 24.38, 45.94
2019-02-19, 19:53:00, 24.37, 45.94
2019-02-19, 19:53:01, 24.38, 45.97
2019-02-19, 19:53:03, 24.38, 45.97
2019-02-19, 19:53:04, 24.39, 46.0
2019-02-19, 19:53:05, 24.36, 45.97
2019-02-19, 19:53:07, 24.37, 46.0
2019-02-19, 19:53:08, 24.36, 46.0
2019-02-19, 19:53:09, 24.36, 45.97
2019-02-19, 19:53:11, 24.37, 46.0
2019-02-19, 19:53:12, 24.36, 45.97
2019-02-19, 19:53:13, 24.38, 46.0
2019-02-19, 19:53:15, 24.38, 45.97
2019-02-19, 19:53:16, 24.37, 45.97
2019-02-19, 19:53:17, 24.37, 45.97
2019-02-19, 19:53:19, 24.37, 45.97
2019-02-19, 19:53:20, 24.38, 45.94
2019-02-19, 19:53:22, 24.38, 45.97
2019-02-19, 19:53:23, 24.37, 45.94
2019-02-19, 19:53:24, 24.36, 45.93
2019-02-19, 19:53:26, 24.38, 45.94
2019-02-19, 19:53:27, 24.39, 45.97
2019-02-19, 19:53:28, 24.38, 45.94
2019-02-19, 19:53:30, 24.38, 45.94
2019-02-19, 19:53:31, 24.38, 45.94
2019-02-19, 19:53:32, 24.39, 45.91
2019-02-19, 19:53:34, 24.39, 45.91
2019-02-19, 19:53:35, 24.38, 45.91
2019-02-19, 19:53:36, 24.39, 45.91
2019-02-19, 19:53:38, 24.38, 45.91
2019-02-19, 19:53:39, 24.39, 45.91
2019-02-19, 19:53:41, 24.4, 45.91
2019-02-19, 19:53:42, 24.39, 45.91
2019-02-19, 19:53:43, 24.39, 45.91
2019-02-19, 19:53:45, 24.39, 45.91
2019-02-19, 19:53:46, 24.29, 45.93
2019-02-19, 19:53:47, 24.37, 45.94
2019-02-19, 19:53:49, 24.38, 45.94
2019-02-19, 19:53:50, 24.37, 45.94
2019-02-19, 19:53:51, 24.24, 45.92
2019-02-19, 19:53:53, 24.35, 46.0
2019-02-19, 19:53:54, 24.36, 46.0
2019-02-19, 19:53:55, 24.36, 46.0
2019-02-19, 19:53:57, 24.37, 45.97
2019-02-19, 19:53:58, 24.38, 45.97
2019-02-19, 19:53:59, 24.38, 45.94
2019-02-19, 19:54:01, 24.37, 45.94
2019-02-19, 19:54:02, 24.37, 45.94
2019-02-19, 19:54:04, 24.36, 45.93
2019-02-19, 19:54:05, 24.37, 45.94
2019-02-19, 19:54:06, 24.36, 45.93
2019-02-19, 19:54:08, 24.36, 45.93
2019-02-19, 19:54:09, 24.37, 45.94
2019-02-19, 19:54:10, 24.38, 45.94
2019-02-19, 19:54:12, 24.36, 45.93
2019-02-19, 19:54:13, 24.38, 45.91
2019-02-19, 19:54:14, 24.37, 45.94
2019-02-19, 19:54:16, 24.36, 45.93
2019-02-19, 19:54:17, 24.36, 45.93
2019-02-19, 19:54:18, 24.35, 45.93
2019-02-19, 19:54:20, 24.34, 45.93
2019-02-19, 19:54:21, 24.36, 45.93
2019-02-19, 19:54:23, 24.37, 45.94
2019-02-19, 19:54:24, 24.35, 45.93
2019-02-19, 19:54:25, 24.34, 45.93
2019-02-19, 19:54:27, 24.36, 45.93
2019-02-19, 19:54:28, 24.36, 45.93
2019-02-19, 19:54:29, 24.36, 45.93
2019-02-19, 19:54:31, 24.36, 45.93
2019-02-19, 19:54:32, 24.37, 45.94
2019-02-19, 19:54:33, 24.36, 45.93
2019-02-19, 19:54:35, 24.36, 45.93
2019-02-19, 19:54:36, 24.36, 45.93
2019-02-19, 19:54:37, 24.36, 45.9
2019-02-19, 19:54:39, 24.37, 45.9
2019-02-19, 19:54:40, 24.35, 45.93
2019-02-19, 19:54:42, 24.36, 45.93
2019-02-19, 19:54:43, 24.34, 45.93
2019-02-19, 19:54:44, 24.36, 45.93
2019-02-19, 19:54:46, 24.36, 45.9
2019-02-19, 19:54:47, 24.36, 45.93
2019-02-19, 19:54:48, 24.36, 45.9
2019-02-19, 19:54:50, 24.37, 45.87
2019-02-19, 19:54:51, 24.38, 45.91
2019-02-19, 19:54:52, 24.36, 45.87
2019-02-19, 19:54:54, 24.37, 45.9
2019-02-19, 19:54:55, 24.37, 45.9
2019-02-19, 19:54:56, 24.37, 45.9
2019-02-19, 19:54:58, 24.38, 45.91
2019-02-19, 19:54:59, 24.37, 45.9
2019-02-19, 19:55:00, 24.38, 45.91
2019-02-19, 19:55:02, 24.39, 45.87
2019-02-19, 19:55:03, 24.39, 45.91
2019-02-19, 19:55:05, 24.37, 45.87
2019-02-19, 19:55:06, 24.38, 45.87
2019-02-19, 19:55:07, 24.38, 45.87
2019-02-19, 19:55:09, 24.38, 45.87
2019-02-19, 19:55:10, 24.38, 45.87
2019-02-19, 19:55:11, 24.4, 45.88
2019-02-19, 19:55:13, 24.38, 45.87
2019-02-19, 19:55:14, 24.38, 45.87
2019-02-19, 19:55:15, 24.38, 45.87
2019-02-19, 19:55:17, 24.38, 45.87
2019-02-19, 19:55:18, 24.38, 45.87
2019-02-19, 19:55:19, 24.39, 45.87
2019-02-19, 19:55:21, 24.4, 45.88
2019-02-19, 19:55:22, 24.4, 45.88
2019-02-19, 19:55:23, 24.39, 45.87
2019-02-19, 19:55:25, 24.4, 45.88
2019-02-19, 19:55:26, 24.41, 45.88
2019-02-19, 19:55:28, 24.41, 45.84
2019-02-19, 19:55:29, 24.4, 45.84
2019-02-19, 19:55:30, 24.42, 45.85
2019-02-19, 19:55:32, 24.4, 45.84
2019-02-19, 19:55:33, 24.39, 45.87
2019-02-19, 19:55:34, 24.4, 45.84
2019-02-19, 19:55:36, 24.4, 45.88
2019-02-19, 19:55:37, 24.39, 45.84
2019-02-19, 19:55:38, 24.4, 45.84
2019-02-19, 19:55:40, 24.38, 45.87
2019-02-19, 19:55:41, 24.39, 45.84
2019-02-19, 19:55:42, 24.38, 45.84
2019-02-19, 19:55:44, 24.39, 45.84
2019-02-19, 19:55:45, 24.24, 45.86
2019-02-19, 19:55:47, 24.34, 45.9
2019-02-19, 19:55:48, 24.36, 45.93
2019-02-19, 19:55:49, 24.38, 45.94
2019-02-19, 19:55:51, 24.38, 45.94
2019-02-19, 19:55:52, 24.37, 45.9
2019-02-19, 19:55:53, 24.38, 45.87
2019-02-19, 19:55:55, 24.39, 45.87
2019-02-19, 19:55:56, 24.38, 45.87
2019-02-19, 19:55:57, 24.38, 45.87
2019-02-19, 19:55:59, 24.38, 45.87
2019-02-19, 19:56:00, 24.37, 45.87
2019-02-19, 19:56:01, 24.37, 45.87
2019-02-19, 19:56:03, 24.38, 45.87
2019-02-19, 19:56:04, 24.36, 45.87
2019-02-19, 19:56:05, 24.36, 45.9
2019-02-19, 19:56:07, 24.35, 45.87
2019-02-19, 19:56:08, 24.35, 45.87
2019-02-19, 19:56:10, 24.35, 45.87
2019-02-19, 19:56:11, 24.36, 45.9
2019-02-19, 19:56:12, 24.35, 45.87
2019-02-19, 19:56:14, 24.37, 45.9
2019-02-19, 19:56:15, 24.38, 45.91
2019-02-19, 19:56:16, 24.38, 45.91
2019-02-19, 19:56:18, 24.37, 45.87
2019-02-19, 19:56:19, 24.36, 45.9
2019-02-19, 19:56:20, 24.37, 45.87
2019-02-19, 19:56:22, 24.37, 45.9
2019-02-19, 19:56:23, 24.36, 45.87
2019-02-19, 19:56:24, 24.36, 45.87
2019-02-19, 19:56:26, 24.35, 45.9
2019-02-19, 19:56:27, 24.36, 45.9
2019-02-19, 19:56:28, 24.36, 45.9
2019-02-19, 19:56:30, 24.34, 45.9
2019-02-19, 19:56:31, 24.35, 45.93
2019-02-19, 19:56:33, 24.34, 45.9
2019-02-19, 19:56:34, 24.36, 45.9
2019-02-19, 19:56:35, 24.34, 45.93
2019-02-19, 19:56:37, 24.34, 45.93
2019-02-19, 19:56:38, 24.34, 45.93
2019-02-19, 19:56:39, 24.35, 45.93
2019-02-19, 19:56:41, 24.34, 45.93
2019-02-19, 19:56:42, 24.33, 45.93
2019-02-19, 19:56:43, 24.34, 45.93
2019-02-19, 19:56:45, 24.34, 45.93
2019-02-19, 19:56:46, 24.33, 45.93
2019-02-19, 19:56:48, 24.33, 45.96
2019-02-19, 19:56:49, 24.33, 45.96
2019-02-19, 19:56:50, 24.32, 45.96
2019-02-19, 19:56:52, 24.33, 45.96
2019-02-19, 19:56:53, 24.34, 45.93
2019-02-19, 19:56:54, 24.32, 45.93
2019-02-19, 19:56:56, 24.33, 45.93
2019-02-19, 19:56:57, 24.33, 45.96
2019-02-19, 19:56:58, 24.34, 45.96
2019-02-19, 19:57:00, 24.33, 45.96
2019-02-19, 19:57:01, 24.34, 45.93
2019-02-19, 19:57:02, 24.33, 45.96
2019-02-19, 19:57:04, 24.33, 45.93
2019-02-19, 19:57:05, 24.32, 45.93
2019-02-19, 19:57:06, 24.32, 45.96
2019-02-19, 19:57:08, 24.32, 45.96
2019-02-19, 19:57:09, 24.31, 45.93
2019-02-19, 19:57:11, 24.32, 45.96
2019-02-19, 19:57:12, 24.32, 45.96
2019-02-19, 19:57:13, 24.32, 45.93
2019-02-19, 19:57:15, 24.32, 45.93
2019-02-19, 19:57:16, 24.31, 45.93
2019-02-19, 19:57:17, 24.32, 45.96
2019-02-19, 19:57:19, 24.32, 45.96
2019-02-19, 19:57:20, 24.32, 45.99
2019-02-19, 19:57:21, 24.31, 45.99
2019-02-19, 19:57:23, 24.31, 45.99
2019-02-19, 19:57:24, 24.31, 45.99
2019-02-19, 19:57:25, 24.32, 45.99
2019-02-19, 19:57:27, 24.32, 46.03
2019-02-19, 19:57:28, 24.31, 46.03
2019-02-19, 19:57:29, 24.31, 46.03
2019-02-19, 19:57:31, 24.3, 46.02
2019-02-19, 19:57:32, 24.31, 46.03
2019-02-19, 19:57:34, 24.3, 46.02
2019-02-19, 19:57:35, 24.3, 46.02
2019-02-19, 19:57:36, 24.3, 46.02
2019-02-19, 19:57:38, 24.31, 46.03
2019-02-19, 19:57:39, 24.31, 46.06
2019-02-19, 19:57:40, 24.31, 46.03
2019-02-19, 19:57:42, 24.32, 45.99
2019-02-19, 19:57:43, 24.31, 45.99
2019-02-19, 19:57:44, 24.29, 46.02
2019-02-19, 19:57:46, 24.31, 46.03
2019-02-19, 19:57:47, 24.31, 45.99
2019-02-19, 19:57:48, 24.31, 45.99
2019-02-19, 19:57:50, 24.31, 46.03
2019-02-19, 19:57:51, 24.3, 45.99
2019-02-19, 19:57:52, 24.3, 46.02
2019-02-19, 19:57:54, 24.3, 46.02
2019-02-19, 19:57:55, 24.3, 46.06
2019-02-19, 19:57:57, 24.3, 46.02
2019-02-19, 19:57:58, 24.29, 46.06
2019-02-19, 19:57:59, 24.29, 46.02
2019-02-19, 19:58:01, 24.29, 46.06
2019-02-19, 19:58:02, 24.29, 46.06
2019-02-19, 19:58:03, 24.29, 46.06
2019-02-19, 19:58:05, 24.27, 46.02
2019-02-19, 19:58:06, 24.28, 46.05
2019-02-19, 19:58:07, 24.27, 46.05
2019-02-19, 19:58:09, 24.28, 46.05
2019-02-19, 19:58:10, 24.28, 46.05
2019-02-19, 19:58:11, 24.28, 46.05
2019-02-19, 19:58:13, 24.22, 46.05
2019-02-19, 19:58:14, 24.27, 46.05
2019-02-19, 19:58:16, 24.27, 46.05
2019-02-19, 19:58:17, 24.27, 46.05
2019-02-19, 19:58:18, 24.27, 46.08
2019-02-19, 19:58:20, 24.26, 46.08
2019-02-19, 19:58:21, 24.27, 46.08
2019-02-19, 19:58:22, 24.27, 46.08
2019-02-19, 19:58:24, 24.28, 46.09
2019-02-19, 19:58:25, 24.28, 46.09
2019-02-19, 19:58:26, 24.28, 46.09
2019-02-19, 19:58:28, 24.28, 46.05
2019-02-19, 19:58:29, 24.28, 46.09
2019-02-19, 19:58:30, 24.28, 46.05
2019-02-19, 19:58:32, 24.27, 46.08
2019-02-19, 19:58:33, 24.28, 46.09
2019-02-19, 19:58:34, 24.27, 46.05
2019-02-19, 19:58:36, 24.28, 46.05
2019-02-19, 19:58:37, 24.28, 46.09
2019-02-19, 19:58:39, 24.27, 46.12
2019-02-19, 19:58:40, 24.28, 46.09
2019-02-19, 19:58:41, 24.26, 46.08
2019-02-19, 19:58:43, 24.17, 46.1
2019-02-19, 19:58:44, 24.24, 46.15
2019-02-19, 19:58:45, 24.23, 46.14
2019-02-19, 19:58:47, 24.24, 46.18
2019-02-19, 19:58:48, 24.25, 46.18
2019-02-19, 19:58:49, 24.25, 46.15
2019-02-19, 19:58:51, 24.26, 46.15
2019-02-19, 19:58:52, 24.25, 46.15
2019-02-19, 19:58:53, 24.26, 46.12
2019-02-19, 19:58:55, 24.25, 46.15
2019-02-19, 19:58:56, 24.26, 46.12
2019-02-19, 19:58:58, 24.25, 46.15
2019-02-19, 19:58:59, 24.25, 46.15
2019-02-19, 19:59:00, 24.24, 46.15
2019-02-19, 19:59:02, 24.24, 46.18
2019-02-19, 19:59:03, 24.24, 46.18
2019-02-19, 19:59:04, 24.24, 46.18
2019-02-19, 19:59:06, 24.23, 46.18
2019-02-19, 19:59:07, 24.23, 46.18
2019-02-19, 19:59:08, 24.24, 46.18
2019-02-19, 19:59:10, 24.24, 46.18
2019-02-19, 19:59:11, 24.24, 46.18
2019-02-19, 19:59:12, 24.13, 46.16
2019-02-19, 19:59:14, 24.22, 46.24
2019-02-19, 19:59:15, 24.21, 46.24
2019-02-19, 19:59:16, 24.23, 46.24
2019-02-19, 19:59:18, 24.24, 46.24
2019-02-19, 19:59:19, 24.24, 46.24
2019-02-19, 19:59:21, 24.24, 46.21
2019-02-19, 19:59:22, 24.23, 46.21
2019-02-19, 19:59:23, 24.24, 46.21
2019-02-19, 19:59:25, 24.24, 46.21
2019-02-19, 19:59:26, 24.22, 46.21
2019-02-19, 19:59:27, 24.24, 46.21
2019-02-19, 19:59:29, 24.23, 46.24
2019-02-19, 19:59:30, 24.24, 46.21
2019-02-19, 19:59:31, 24.24, 46.18
2019-02-19, 19:59:33, 24.24, 46.21
2019-02-19, 19:59:34, 24.25, 46.18
2019-02-19, 19:59:35, 24.24, 46.18
2019-02-19, 19:59:37, 24.26, 46.18
2019-02-19, 19:59:38, 24.25, 46.18
2019-02-19, 19:59:40, 24.25, 46.18
2019-02-19, 19:59:41, 24.26, 46.18
2019-02-19, 19:59:42, 24.13, 46.16
2019-02-19, 19:59:44, 24.22, 46.21
2019-02-19, 19:59:45, 24.24, 46.21
2019-02-19, 19:59:46, 24.24, 46.21
2019-02-19, 19:59:48, 24.25, 46.21
2019-02-19, 19:59:49, 24.26, 46.18
2019-02-19, 19:59:50, 24.26, 46.18
2019-02-19, 19:59:52, 24.26, 46.18
2019-02-19, 19:59:53, 24.26, 46.18
2019-02-19, 19:59:54, 24.25, 46.18
2019-02-19, 19:59:56, 24.25, 46.18
2019-02-19, 19:59:57, 24.25, 46.18
2019-02-19, 19:59:58, 24.26, 46.15
2019-02-19, 20:00:00, 24.27, 46.15
2019-02-19, 20:00:01, 24.27, 46.18
2019-02-19, 20:00:03, 24.26, 46.18
2019-02-19, 20:00:04, 24.26, 46.15
2019-02-19, 20:00:05, 24.27, 46.15
2019-02-19, 20:00:07, 24.27, 46.15
2019-02-19, 20:00:08, 24.26, 46.15
2019-02-19, 20:00:09, 24.27, 46.12
2019-02-19, 20:00:11, 24.27, 46.12
2019-02-19, 20:00:12, 24.13, 46.16
2019-02-19, 20:00:13, 24.23, 46.21
2019-02-19, 20:00:15, 24.24, 46.18
2019-02-19, 20:00:16, 24.25, 46.21
2019-02-19, 20:00:17, 24.26, 46.18
2019-02-19, 20:00:19, 24.22, 46.24
2019-02-19, 20:00:21, 24.24, 46.24
2019-02-19, 20:00:22, 24.24, 46.24
2019-02-19, 20:00:24, 24.26, 46.21
2019-02-19, 20:00:25, 24.26, 46.18
2019-02-19, 20:00:26, 24.26, 46.18
2019-02-19, 20:00:28, 24.26, 46.18
2019-02-19, 20:00:29, 24.25, 46.15
2019-02-19, 20:00:30, 24.26, 46.15
2019-02-19, 20:00:32, 24.24, 46.15
2019-02-19, 20:00:33, 24.24, 46.11
2019-02-19, 20:00:34, 24.25, 46.11
2019-02-19, 20:00:36, 24.26, 46.12
2019-02-19, 20:00:37, 24.25, 46.11
2019-02-19, 20:00:39, 24.24, 46.11
2019-02-19, 20:00:40, 24.25, 46.11
2019-02-19, 20:00:41, 24.16, 46.1
2019-02-19, 20:00:43, 24.21, 46.14
2019-02-19, 20:00:44, 24.22, 46.14
2019-02-19, 20:00:45, 24.24, 46.18
2019-02-19, 20:00:47, 24.23, 46.14
2019-02-19, 20:00:48, 24.24, 46.15
2019-02-19, 20:00:49, 24.24, 46.15
2019-02-19, 20:00:51, 24.24, 46.11
2019-02-19, 20:00:52, 24.23, 46.11
2019-02-19, 20:00:53, 24.22, 46.14
2019-02-19, 20:00:55, 24.24, 46.11
2019-02-19, 20:00:56, 24.22, 46.14
2019-02-19, 20:00:58, 24.24, 46.18
2019-02-19, 20:00:59, 24.25, 46.15
2019-02-19, 20:01:00, 24.23, 46.14
2019-02-19, 20:01:02, 24.23, 46.14
2019-02-19, 20:01:03, 24.24, 46.15
2019-02-19, 20:01:04, 24.24, 46.15
2019-02-19, 20:01:06, 24.24, 46.15
2019-02-19, 20:01:07, 24.23, 46.11
2019-02-19, 20:01:08, 24.25, 46.15
2019-02-19, 20:01:10, 24.25, 46.15
2019-02-19, 20:01:11, 24.14, 46.13
2019-02-19, 20:01:12, 24.24, 46.18
2019-02-19, 20:01:14, 24.23, 46.18
2019-02-19, 20:01:15, 24.26, 46.18
2019-02-19, 20:01:17, 24.25, 46.18
2019-02-19, 20:01:18, 24.25, 46.15
2019-02-19, 20:01:19, 24.25, 46.15
2019-02-19, 20:01:21, 24.24, 46.15
2019-02-19, 20:01:22, 24.23, 46.11
2019-02-19, 20:01:23, 24.24, 46.11
2019-02-19, 20:01:25, 24.25, 46.11
2019-02-19, 20:01:26, 24.26, 46.12
2019-02-19, 20:01:27, 24.26, 46.12
2019-02-19, 20:01:29, 24.27, 46.12
2019-02-19, 20:01:30, 24.28, 46.09
2019-02-19, 20:01:31, 24.28, 46.09
2019-02-19, 20:01:33, 24.28, 46.05
2019-02-19, 20:01:34, 24.28, 46.05
2019-02-19, 20:01:36, 24.28, 46.09
2019-02-19, 20:01:37, 24.28, 46.05
2019-02-19, 20:01:38, 24.27, 46.05
2019-02-19, 20:01:40, 24.28, 46.05
2019-02-19, 20:01:41, 24.15, 46.07
2019-02-19, 20:01:42, 24.24, 46.11
2019-02-19, 20:01:44, 24.27, 46.12
2019-02-19, 20:01:45, 24.28, 46.12
2019-02-19, 20:01:46, 24.27, 46.12
2019-02-19, 20:01:48, 24.28, 46.09
2019-02-19, 20:01:49, 24.29, 46.06
2019-02-19, 20:01:50, 24.29, 46.06
2019-02-19, 20:01:52, 24.28, 46.05
2019-02-19, 20:01:53, 24.29, 46.06
2019-02-19, 20:01:54, 24.29, 46.06
2019-02-19, 20:01:56, 24.29, 46.02
2019-02-19, 20:01:57, 24.29, 45.99
2019-02-19, 20:01:59, 24.28, 45.99
2019-02-19, 20:02:00, 24.28, 45.99
2019-02-19, 20:02:01, 24.29, 45.99
2019-02-19, 20:02:03, 24.29, 45.99
2019-02-19, 20:02:04, 24.28, 45.99
2019-02-19, 20:02:05, 24.26, 45.99
2019-02-19, 20:02:07, 24.28, 45.99
2019-02-19, 20:02:08, 24.28, 45.99
2019-02-19, 20:02:09, 24.28, 45.99
2019-02-19, 20:02:11, 24.14, 46.0
2019-02-19, 20:02:12, 24.23, 46.05
2019-02-19, 20:02:13, 24.25, 46.05
2019-02-19, 20:02:15, 24.25, 46.05
2019-02-19, 20:02:16, 24.26, 46.08
2019-02-19, 20:02:18, 24.28, 46.05
2019-02-19, 20:02:19, 24.28, 46.05
2019-02-19, 20:02:20, 24.27, 46.05
2019-02-19, 20:02:22, 24.28, 46.05
2019-02-19, 20:02:23, 24.28, 46.05
2019-02-19, 20:02:24, 24.29, 46.02
2019-02-19, 20:02:26, 24.29, 46.06
2019-02-19, 20:02:27, 24.28, 46.02
2019-02-19, 20:02:28, 24.27, 46.02
2019-02-19, 20:02:30, 24.27, 46.02
2019-02-19, 20:02:31, 24.26, 46.02
2019-02-19, 20:02:32, 24.26, 45.99
2019-02-19, 20:02:34, 24.25, 46.02
2019-02-19, 20:02:35, 24.26, 46.05
2019-02-19, 20:02:37, 24.25, 46.05
2019-02-19, 20:02:38, 24.25, 46.05
2019-02-19, 20:02:39, 24.26, 46.05
2019-02-19, 20:02:41, 24.26, 46.05
2019-02-19, 20:02:42, 24.26, 46.05
2019-02-19, 20:02:43, 24.26, 46.05
2019-02-19, 20:02:45, 24.25, 46.05
2019-02-19, 20:02:46, 24.26, 46.05
2019-02-19, 20:02:47, 24.25, 46.05
2019-02-19, 20:02:49, 24.25, 46.05
2019-02-19, 20:02:50, 24.26, 46.05
2019-02-19, 20:02:51, 24.26, 46.05
2019-02-19, 20:02:53, 24.25, 46.05
2019-02-19, 20:02:54, 24.26, 46.05
2019-02-19, 20:02:56, 24.26, 46.05
2019-02-19, 20:02:57, 24.26, 46.05
2019-02-19, 20:02:58, 24.26, 46.05
2019-02-19, 20:03:00, 24.25, 46.05
2019-02-19, 20:03:01, 24.25, 46.05
2019-02-19, 20:03:02, 24.25, 46.05
2019-02-19, 20:03:04, 24.26, 46.05
2019-02-19, 20:03:05, 24.25, 46.05
2019-02-19, 20:03:06, 24.24, 46.02
2019-02-19, 20:03:08, 24.26, 46.05
2019-02-19, 20:03:09, 24.26, 46.05
2019-02-19, 20:03:10, 24.28, 46.05
2019-02-19, 20:03:12, 24.26, 46.05
2019-02-19, 20:03:13, 24.27, 46.05
2019-02-19, 20:03:14, 24.26, 46.05
2019-02-19, 20:03:16, 24.25, 46.05
2019-02-19, 20:03:17, 24.26, 46.05
2019-02-19, 20:03:19, 24.26, 46.05
2019-02-19, 20:03:20, 24.26, 46.05
2019-02-19, 20:03:21, 24.27, 46.05
2019-02-19, 20:03:23, 24.26, 46.08
2019-02-19, 20:03:24, 24.26, 46.05
2019-02-19, 20:03:25, 24.27, 46.05
2019-02-19, 20:03:27, 24.27, 46.05
2019-02-19, 20:03:28, 24.26, 46.05
2019-02-19, 20:03:29, 24.26, 46.05
2019-02-19, 20:03:31, 24.27, 46.05
2019-02-19, 20:03:32, 24.27, 46.05
2019-02-19, 20:03:33, 24.26, 46.02
2019-02-19, 20:03:35, 24.26, 46.02
2019-02-19, 20:03:36, 24.27, 46.02
2019-02-19, 20:03:37, 24.26, 46.02
2019-02-19, 20:03:39, 24.28, 46.02
2019-02-19, 20:03:40, 24.28, 45.99
2019-02-19, 20:03:42, 24.28, 45.99
2019-02-19, 20:03:43, 24.28, 45.99
2019-02-19, 20:03:44, 24.27, 45.99
2019-02-19, 20:03:46, 24.26, 45.99
2019-02-19, 20:03:47, 24.27, 45.99
2019-02-19, 20:03:48, 24.28, 45.99
2019-02-19, 20:03:50, 24.29, 45.99
2019-02-19, 20:03:51, 24.27, 45.99
2019-02-19, 20:03:52, 24.28, 45.99
2019-02-19, 20:03:54, 24.29, 45.99
2019-02-19, 20:03:55, 24.28, 45.99
2019-02-19, 20:03:56, 24.28, 45.99
2019-02-19, 20:03:58, 24.28, 45.99
2019-02-19, 20:03:59, 24.28, 45.99
2019-02-19, 20:04:01, 24.29, 45.99
2019-02-19, 20:04:02, 24.27, 45.99
2019-02-19, 20:04:03, 24.28, 45.99
2019-02-19, 20:04:05, 24.29, 45.99
2019-02-19, 20:04:06, 24.29, 45.99
2019-02-19, 20:04:07, 24.28, 45.96
2019-02-19, 20:04:09, 24.3, 45.99
2019-02-19, 20:04:10, 24.28, 45.99
2019-02-19, 20:04:11, 24.3, 45.99
2019-02-19, 20:04:13, 24.28, 45.96
2019-02-19, 20:04:14, 24.29, 45.96
2019-02-19, 20:04:15, 24.28, 45.93
2019-02-19, 20:04:17, 24.28, 45.96
2019-02-19, 20:04:18, 24.29, 45.99
2019-02-19, 20:04:19, 24.28, 45.99
2019-02-19, 20:04:21, 24.28, 45.99
2019-02-19, 20:04:22, 24.28, 45.96
2019-02-19, 20:04:24, 24.28, 45.93
2019-02-19, 20:04:25, 24.28, 45.96
2019-02-19, 20:04:26, 24.29, 45.93
2019-02-19, 20:04:28, 24.28, 45.93
2019-02-19, 20:04:29, 24.28, 45.93
2019-02-19, 20:04:30, 24.28, 45.93
2019-02-19, 20:04:32, 24.28, 45.93
2019-02-19, 20:04:33, 24.29, 45.93
2019-02-19, 20:04:34, 24.28, 45.93
2019-02-19, 20:04:36, 24.3, 45.93
2019-02-19, 20:04:37, 24.3, 45.93
2019-02-19, 20:04:38, 24.28, 45.93
2019-02-19, 20:04:40, 24.29, 45.93
2019-02-19, 20:04:41, 24.29, 45.93
2019-02-19, 20:04:42, 24.3, 45.93
2019-02-19, 20:04:44, 24.3, 45.93
2019-02-19, 20:04:45, 24.3, 45.9
2019-02-19, 20:04:47, 24.29, 45.93
2019-02-19, 20:04:48, 24.28, 45.93
2019-02-19, 20:04:49, 24.29, 45.93
2019-02-19, 20:04:51, 24.28, 45.93
2019-02-19, 20:04:52, 24.29, 45.93
2019-02-19, 20:04:53, 24.28, 45.93
2019-02-19, 20:04:55, 24.28, 45.93
2019-02-19, 20:04:56, 24.3, 45.99
2019-02-19, 20:04:57, 24.3, 45.99
2019-02-19, 20:04:59, 24.28, 45.99
2019-02-19, 20:05:00, 24.3, 45.96
2019-02-19, 20:05:01, 24.3, 45.96
2019-02-19, 20:05:03, 24.3, 45.96
2019-02-19, 20:05:04, 24.31, 45.96
2019-02-19, 20:05:06, 24.31, 45.96
2019-02-19, 20:05:07, 24.3, 45.96
2019-02-19, 20:05:08, 24.23, 45.95
2019-02-19, 20:05:10, 24.29, 45.99
2019-02-19, 20:05:11, 24.29, 45.99
2019-02-19, 20:05:12, 24.3, 45.99
2019-02-19, 20:05:14, 24.3, 45.99
2019-02-19, 20:05:15, 24.3, 45.96
2019-02-19, 20:05:16, 24.3, 45.96
2019-02-19, 20:05:18, 24.3, 45.93
2019-02-19, 20:05:19, 24.31, 45.93
2019-02-19, 20:05:20, 24.31, 45.93
2019-02-19, 20:05:22, 24.3, 45.93
2019-02-19, 20:05:23, 24.31, 45.93
2019-02-19, 20:05:25, 24.3, 45.93
2019-02-19, 20:05:26, 24.3, 45.93
2019-02-19, 20:05:27, 24.31, 45.93
2019-02-19, 20:05:29, 24.31, 45.93
2019-02-19, 20:05:30, 24.3, 45.93
2019-02-19, 20:05:31, 24.29, 45.93
2019-02-19, 20:05:33, 24.3, 45.93
2019-02-19, 20:05:34, 24.3, 45.93
2019-02-19, 20:05:35, 24.3, 45.93
2019-02-19, 20:05:37, 24.31, 45.93
2019-02-19, 20:05:38, 24.29, 45.93
2019-02-19, 20:05:39, 24.3, 45.93
2019-02-19, 20:05:41, 24.3, 45.9
2019-02-19, 20:05:42, 24.31, 45.9
2019-02-19, 20:05:43, 24.15, 45.91
2019-02-19, 20:05:45, 24.25, 45.99
2019-02-19, 20:05:46, 24.28, 45.99
2019-02-19, 20:05:48, 24.3, 45.99
2019-02-19, 20:05:49, 24.3, 45.99
2019-02-19, 20:05:50, 24.3, 45.96
2019-02-19, 20:05:52, 24.32, 45.96
2019-02-19, 20:05:53, 24.3, 45.93
2019-02-19, 20:05:54, 24.32, 45.96
2019-02-19, 20:05:56, 24.31, 45.93
2019-02-19, 20:05:57, 24.32, 45.93
2019-02-19, 20:05:58, 24.3, 45.9
2019-02-19, 20:06:00, 24.3, 45.9
2019-02-19, 20:06:01, 24.31, 45.86
2019-02-19, 20:06:02, 24.31, 45.86
2019-02-19, 20:06:04, 24.3, 45.86
2019-02-19, 20:06:05, 24.31, 45.86
2019-02-19, 20:06:07, 24.31, 45.86
2019-02-19, 20:06:08, 24.19, 45.88
2019-02-19, 20:06:09, 24.28, 45.93
2019-02-19, 20:06:11, 24.28, 45.93
2019-02-19, 20:06:12, 24.3, 45.93
2019-02-19, 20:06:13, 24.3, 45.93
2019-02-19, 20:06:15, 24.3, 45.9
2019-02-19, 20:06:16, 24.3, 45.9
2019-02-19, 20:06:17, 24.3, 45.86
2019-02-19, 20:06:19, 24.31, 45.86
2019-02-19, 20:06:20, 24.31, 45.86
2019-02-19, 20:06:21, 24.31, 45.86
2019-02-19, 20:06:23, 24.3, 45.86
2019-02-19, 20:06:24, 24.3, 45.83
2019-02-19, 20:06:25, 24.31, 45.86
2019-02-19, 20:06:27, 24.3, 45.86
2019-02-19, 20:06:28, 24.32, 45.83
2019-02-19, 20:06:30, 24.31, 45.86
2019-02-19, 20:06:31, 24.3, 45.8
2019-02-19, 20:06:32, 24.31, 45.86
2019-02-19, 20:06:34, 24.32, 45.83
2019-02-19, 20:06:35, 24.3, 45.83
2019-02-19, 20:06:36, 24.3, 45.83
2019-02-19, 20:06:38, 24.17, 45.88
2019-02-19, 20:06:39, 24.26, 45.92
2019-02-19, 20:06:40, 24.29, 45.93
2019-02-19, 20:06:42, 24.3, 45.93
2019-02-19, 20:06:43, 24.3, 45.93
2019-02-19, 20:06:44, 24.31, 45.93
2019-02-19, 20:06:46, 24.3, 45.93
2019-02-19, 20:06:47, 24.3, 45.93
2019-02-19, 20:06:49, 24.3, 45.93
2019-02-19, 20:06:50, 24.3, 45.93
2019-02-19, 20:06:51, 24.3, 45.93
2019-02-19, 20:06:53, 24.31, 45.93
2019-02-19, 20:06:54, 24.31, 45.93
2019-02-19, 20:06:55, 24.3, 45.93
2019-02-19, 20:06:57, 24.31, 45.93
2019-02-19, 20:06:58, 24.31, 45.93
2019-02-19, 20:06:59, 24.31, 45.93
2019-02-19, 20:07:01, 24.31, 45.93
2019-02-19, 20:07:02, 24.3, 45.93
2019-02-19, 20:07:03, 24.32, 45.93
2019-02-19, 20:07:05, 24.32, 45.93
2019-02-19, 20:07:06, 24.3, 45.93
2019-02-19, 20:07:07, 24.33, 45.93
2019-02-19, 20:07:09, 24.34, 45.93
2019-02-19, 20:07:10, 24.34, 45.96
2019-02-19, 20:07:12, 24.34, 46.0
2019-02-19, 20:07:13, 24.33, 46.0
2019-02-19, 20:07:14, 24.33, 46.03
2019-02-19, 20:07:16, 24.33, 46.03
2019-02-19, 20:07:17, 24.33, 46.06
2019-02-19, 20:07:18, 24.32, 46.06
2019-02-19, 20:07:20, 24.32, 46.06
2019-02-19, 20:07:21, 24.32, 46.06
2019-02-19, 20:07:22, 24.32, 46.06
2019-02-19, 20:07:24, 24.32, 46.06
2019-02-19, 20:07:25, 24.31, 46.06
2019-02-19, 20:07:26, 24.31, 46.06
2019-02-19, 20:07:28, 24.31, 46.06
2019-02-19, 20:07:29, 24.31, 46.09
2019-02-19, 20:07:31, 24.31, 46.09
2019-02-19, 20:07:32, 24.3, 46.09
2019-02-19, 20:07:33, 24.31, 46.09
2019-02-19, 20:07:35, 24.31, 46.09
2019-02-19, 20:07:36, 24.31, 46.09
2019-02-19, 20:07:37, 24.15, 46.1
2019-02-19, 20:07:39, 24.26, 46.18
2019-02-19, 20:07:40, 24.28, 46.18
2019-02-19, 20:07:41, 24.28, 46.18
2019-02-19, 20:07:43, 24.29, 46.18
2019-02-19, 20:07:44, 24.3, 46.18
2019-02-19, 20:07:45, 24.31, 46.15
2019-02-19, 20:07:47, 24.3, 46.15
2019-02-19, 20:07:48, 24.31, 46.15
2019-02-19, 20:07:49, 24.31, 46.12
2019-02-19, 20:07:51, 24.31, 46.12
2019-02-19, 20:07:52, 24.32, 46.12
2019-02-19, 20:07:54, 24.32, 46.12
2019-02-19, 20:07:55, 24.31, 46.12
2019-02-19, 20:07:56, 24.32, 46.12
2019-02-19, 20:07:58, 24.32, 46.09
2019-02-19, 20:07:59, 24.32, 46.09
2019-02-19, 20:08:00, 24.31, 46.12
2019-02-19, 20:08:02, 24.32, 46.12
2019-02-19, 20:08:03, 24.31, 46.09
2019-02-19, 20:08:04, 24.3, 46.09
2019-02-19, 20:08:06, 24.3, 46.09
2019-02-19, 20:08:07, 24.3, 46.09
2019-02-19, 20:08:08, 24.3, 46.09
2019-02-19, 20:08:10, 24.31, 46.09
2019-02-19, 20:08:11, 24.31, 46.09
2019-02-19, 20:08:12, 24.3, 46.06
2019-02-19, 20:08:14, 24.32, 46.09
2019-02-19, 20:08:15, 24.3, 46.09
2019-02-19, 20:08:17, 24.3, 46.09
2019-02-19, 20:08:18, 24.3, 46.09
2019-02-19, 20:08:19, 24.3, 46.12
2019-02-19, 20:08:21, 24.31, 46.09
2019-02-19, 20:08:22, 24.31, 46.09
2019-02-19, 20:08:23, 24.31, 46.09
2019-02-19, 20:08:25, 24.3, 46.09
2019-02-19, 20:08:26, 24.31, 46.09
2019-02-19, 20:08:27, 24.31, 46.06
2019-02-19, 20:08:29, 24.31, 46.09
2019-02-19, 20:08:30, 24.3, 46.09
2019-02-19, 20:08:31, 24.3, 46.09
2019-02-19, 20:08:33, 24.29, 46.09
2019-02-19, 20:08:34, 24.3, 46.06
2019-02-19, 20:08:35, 24.3, 46.06
2019-02-19, 20:08:37, 24.28, 46.05
2019-02-19, 20:08:38, 24.29, 46.06
2019-02-19, 20:08:40, 24.29, 46.06
2019-02-19, 20:08:41, 24.22, 46.05
2019-02-19, 20:08:42, 24.26, 46.05
2019-02-19, 20:08:44, 24.26, 46.05
2019-02-19, 20:08:45, 24.27, 46.05
2019-02-19, 20:08:46, 24.28, 46.05
2019-02-19, 20:08:48, 24.27, 46.05
2019-02-19, 20:08:49, 24.3, 46.06
2019-02-19, 20:08:50, 24.28, 46.05
2019-02-19, 20:08:52, 24.29, 46.06
2019-02-19, 20:08:53, 24.3, 46.06
2019-02-19, 20:08:54, 24.3, 46.06
2019-02-19, 20:08:56, 24.3, 46.06
2019-02-19, 20:08:57, 24.3, 46.06
2019-02-19, 20:08:59, 24.3, 46.02
2019-02-19, 20:09:00, 24.29, 46.06
2019-02-19, 20:09:01, 24.29, 45.99
2019-02-19, 20:09:03, 24.28, 45.99
2019-02-19, 20:09:04, 24.28, 45.99
2019-02-19, 20:09:05, 24.28, 45.99
2019-02-19, 20:09:07, 24.28, 45.99
2019-02-19, 20:09:08, 24.29, 45.99
2019-02-19, 20:09:09, 24.3, 45.99
2019-02-19, 20:09:11, 24.21, 45.98
2019-02-19, 20:09:12, 24.28, 45.99
2019-02-19, 20:09:13, 24.29, 46.02
2019-02-19, 20:09:15, 24.3, 45.99
2019-02-19, 20:09:16, 24.3, 45.99
2019-02-19, 20:09:17, 24.29, 45.99
2019-02-19, 20:09:19, 24.3, 45.99
2019-02-19, 20:09:20, 24.3, 45.99
2019-02-19, 20:09:22, 24.3, 45.96
2019-02-19, 20:09:23, 24.3, 45.99
2019-02-19, 20:09:24, 24.31, 45.99
2019-02-19, 20:09:26, 24.3, 45.96
2019-02-19, 20:09:27, 24.3, 45.96
2019-02-19, 20:09:28, 24.31, 45.96
2019-02-19, 20:09:30, 24.31, 45.96
2019-02-19, 20:09:31, 24.3, 45.96
2019-02-19, 20:09:32, 24.3, 45.96
2019-02-19, 20:09:34, 24.3, 45.96
2019-02-19, 20:09:35, 24.29, 45.99
2019-02-19, 20:09:36, 24.28, 45.99
2019-02-19, 20:09:38, 24.29, 45.99
2019-02-19, 20:09:39, 24.3, 45.99
2019-02-19, 20:09:40, 24.29, 46.02
2019-02-19, 20:09:42, 24.29, 45.99
2019-02-19, 20:09:43, 24.3, 45.99
2019-02-19, 20:09:45, 24.29, 45.99
2019-02-19, 20:09:46, 24.29, 46.02
2019-02-19, 20:09:47, 24.3, 45.99
2019-02-19, 20:09:49, 24.3, 45.99
2019-02-19, 20:09:50, 24.29, 45.99
2019-02-19, 20:09:51, 24.3, 46.02
2019-02-19, 20:09:53, 24.3, 46.02
2019-02-19, 20:09:54, 24.3, 46.02
2019-02-19, 20:09:55, 24.31, 45.99
2019-02-19, 20:09:57, 24.29, 45.99
2019-02-19, 20:09:58, 24.3, 46.02
2019-02-19, 20:09:59, 24.3, 46.02
2019-02-19, 20:10:01, 24.3, 45.99
2019-02-19, 20:10:02, 24.3, 45.99
2019-02-19, 20:10:04, 24.3, 45.99
2019-02-19, 20:10:05, 24.24, 45.98
2019-02-19, 20:10:06, 24.3, 45.99
2019-02-19, 20:10:08, 24.3, 46.02
2019-02-19, 20:10:09, 24.3, 46.02
2019-02-19, 20:10:10, 24.3, 45.99
2019-02-19, 20:10:12, 24.3, 45.99
2019-02-19, 20:10:13, 24.31, 45.99
2019-02-19, 20:10:14, 24.31, 45.99
2019-02-19, 20:10:16, 24.32, 45.99
2019-02-19, 20:10:17, 24.31, 45.99
2019-02-19, 20:10:18, 24.31, 45.99
2019-02-19, 20:10:20, 24.32, 45.99
2019-02-19, 20:10:21, 24.32, 45.99
2019-02-19, 20:10:22, 24.31, 45.99
2019-02-19, 20:10:24, 24.32, 45.99
2019-02-19, 20:10:25, 24.32, 45.99
2019-02-19, 20:10:27, 24.3, 45.99
2019-02-19, 20:10:28, 24.3, 45.99
2019-02-19, 20:10:29, 24.3, 46.02
2019-02-19, 20:10:31, 24.29, 46.06
2019-02-19, 20:10:32, 24.29, 46.02
2019-02-19, 20:10:33, 24.3, 46.02
2019-02-19, 20:10:35, 24.28, 46.05
2019-02-19, 20:10:36, 24.27, 46.05
2019-02-19, 20:10:37, 24.28, 46.02
2019-02-19, 20:10:39, 24.27, 46.05
2019-02-19, 20:10:40, 24.28, 46.05
2019-02-19, 20:10:41, 24.27, 46.05
2019-02-19, 20:10:43, 24.26, 46.08
2019-02-19, 20:10:44, 24.28, 46.12
2019-02-19, 20:10:45, 24.28, 46.09
2019-02-19, 20:10:47, 24.27, 46.12
2019-02-19, 20:10:48, 24.27, 46.12
2019-02-19, 20:10:50, 24.29, 46.12
2019-02-19, 20:10:51, 24.3, 46.12
2019-02-19, 20:10:52, 24.28, 46.09
2019-02-19, 20:10:54, 24.29, 46.09
2019-02-19, 20:10:55, 24.29, 46.09
2019-02-19, 20:10:56, 24.29, 46.06
2019-02-19, 20:10:58, 24.29, 46.06
2019-02-19, 20:10:59, 24.29, 46.06
2019-02-19, 20:11:00, 24.29, 46.06
2019-02-19, 20:11:02, 24.28, 46.05
2019-02-19, 20:11:03, 24.28, 46.05
2019-02-19, 20:11:04, 24.18, 46.07
2019-02-19, 20:11:06, 24.26, 46.12
2019-02-19, 20:11:07, 24.26, 46.12
2019-02-19, 20:11:09, 24.26, 46.12
2019-02-19, 20:11:10, 24.26, 46.12
2019-02-19, 20:11:11, 24.27, 46.12
2019-02-19, 20:11:13, 24.28, 46.12
2019-02-19, 20:11:14, 24.28, 46.12
2019-02-19, 20:11:15, 24.28, 46.12
2019-02-19, 20:11:17, 24.28, 46.12
2019-02-19, 20:11:18, 24.27, 46.08
2019-02-19, 20:11:19, 24.26, 46.12
2019-02-19, 20:11:21, 24.26, 46.12
2019-02-19, 20:11:22, 24.28, 46.12
2019-02-19, 20:11:23, 24.27, 46.12
2019-02-19, 20:11:25, 24.28, 46.12
2019-02-19, 20:11:26, 24.27, 46.12
2019-02-19, 20:11:27, 24.28, 46.12
2019-02-19, 20:11:29, 24.28, 46.12
2019-02-19, 20:11:30, 24.28, 46.12
2019-02-19, 20:11:32, 24.28, 46.12
2019-02-19, 20:11:33, 24.27, 46.08
2019-02-19, 20:11:34, 24.28, 46.09
2019-02-19, 20:11:36, 24.28, 46.09
2019-02-19, 20:11:37, 24.28, 46.12
2019-02-19, 20:11:38, 24.29, 46.12
2019-02-19, 20:11:40, 24.29, 46.12
2019-02-19, 20:11:41, 24.28, 46.12
2019-02-19, 20:11:42, 24.27, 46.12
2019-02-19, 20:11:44, 24.28, 46.12
2019-02-19, 20:11:45, 24.28, 46.12
2019-02-19, 20:11:46, 24.28, 46.12
2019-02-19, 20:11:48, 24.28, 46.09
2019-02-19, 20:11:49, 24.29, 46.06
2019-02-19, 20:11:50, 24.28, 46.09
2019-02-19, 20:11:52, 24.28, 46.05
2019-02-19, 20:11:53, 24.28, 46.05
2019-02-19, 20:11:55, 24.28, 46.05
2019-02-19, 20:11:56, 24.28, 46.05
2019-02-19, 20:11:57, 24.28, 46.05
2019-02-19, 20:11:59, 24.28, 46.05
2019-02-19, 20:12:00, 24.28, 46.09
2019-02-19, 20:12:01, 24.27, 46.08
2019-02-19, 20:12:03, 24.28, 46.09
2019-02-19, 20:12:04, 24.28, 46.12
2019-02-19, 20:12:05, 24.28, 46.12
2019-02-19, 20:12:07, 24.29, 46.12
2019-02-19, 20:12:08, 24.28, 46.12
2019-02-19, 20:12:09, 24.28, 46.12
2019-02-19, 20:12:11, 24.28, 46.12
2019-02-19, 20:12:12, 24.27, 46.12
2019-02-19, 20:12:13, 24.26, 46.12
2019-02-19, 20:12:15, 24.26, 46.12
2019-02-19, 20:12:16, 24.26, 46.12
2019-02-19, 20:12:18, 24.26, 46.12
2019-02-19, 20:12:19, 24.26, 46.15
2019-02-19, 20:12:20, 24.25, 46.15
2019-02-19, 20:12:22, 24.27, 46.15
2019-02-19, 20:12:23, 24.26, 46.15
2019-02-19, 20:12:24, 24.26, 46.18
2019-02-19, 20:12:26, 24.25, 46.18
2019-02-19, 20:12:27, 24.25, 46.15
2019-02-19, 20:12:28, 24.25, 46.18
2019-02-19, 20:12:30, 24.24, 46.18
2019-02-19, 20:12:31, 24.25, 46.18
2019-02-19, 20:12:32, 24.25, 46.18
2019-02-19, 20:12:34, 24.11, 46.16
2019-02-19, 20:12:35, 24.2, 46.24
2019-02-19, 20:12:36, 24.22, 46.24
2019-02-19, 20:12:38, 24.23, 46.24
2019-02-19, 20:12:39, 24.24, 46.24
2019-02-19, 20:12:41, 24.23, 46.24
2019-02-19, 20:12:42, 24.24, 46.24
2019-02-19, 20:12:43, 24.24, 46.21
2019-02-19, 20:12:45, 24.24, 46.21
2019-02-19, 20:12:46, 24.24, 46.21
2019-02-19, 20:12:47, 24.24, 46.18
2019-02-19, 20:12:49, 24.24, 46.18
2019-02-19, 20:12:50, 24.24, 46.18
2019-02-19, 20:12:51, 24.24, 46.18
2019-02-19, 20:12:53, 24.24, 46.18
2019-02-19, 20:12:54, 24.24, 46.18
2019-02-19, 20:12:55, 24.24, 46.18
2019-02-19, 20:12:57, 24.25, 46.18
2019-02-19, 20:12:58, 24.24, 46.18
2019-02-19, 20:12:59, 24.24, 46.18
2019-02-19, 20:13:01, 24.25, 46.15
2019-02-19, 20:13:02, 24.25, 46.15
2019-02-19, 20:13:04, 24.24, 46.15
2019-02-19, 20:13:05, 24.25, 46.18
2019-02-19, 20:13:06, 24.24, 46.18
2019-02-19, 20:13:08, 24.25, 46.18
2019-02-19, 20:13:09, 24.24, 46.18
2019-02-19, 20:13:10, 24.24, 46.18
2019-02-19, 20:13:12, 24.22, 46.18
2019-02-19, 20:13:13, 24.23, 46.18
2019-02-19, 20:13:14, 24.23, 46.18
2019-02-19, 20:13:16, 24.23, 46.14
2019-02-19, 20:13:17, 24.23, 46.18
2019-02-19, 20:13:18, 24.24, 46.18
2019-02-19, 20:13:20, 24.22, 46.18
2019-02-19, 20:13:21, 24.24, 46.18
2019-02-19, 20:13:22, 24.23, 46.18
2019-02-19, 20:13:24, 24.23, 46.18
2019-02-19, 20:13:25, 24.23, 46.18
2019-02-19, 20:13:27, 24.23, 46.18
2019-02-19, 20:13:28, 24.23, 46.18
2019-02-19, 20:13:29, 24.23, 46.18
2019-02-19, 20:13:31, 24.23, 46.18
2019-02-19, 20:13:32, 24.22, 46.21
2019-02-19, 20:13:33, 24.24, 46.21
2019-02-19, 20:13:35, 24.23, 46.18
2019-02-19, 20:13:36, 24.23, 46.18
2019-02-19, 20:13:37, 24.15, 46.23
2019-02-19, 20:13:39, 24.22, 46.24
2019-02-19, 20:13:40, 24.21, 46.24
2019-02-19, 20:13:41, 24.22, 46.24
2019-02-19, 20:13:43, 24.22, 46.24
2019-02-19, 20:13:44, 24.22, 46.24
2019-02-19, 20:13:46, 24.22, 46.24
2019-02-19, 20:13:47, 24.22, 46.24
2019-02-19, 20:13:48, 24.23, 46.21
2019-02-19, 20:13:50, 24.22, 46.18
2019-02-19, 20:13:51, 24.22, 46.21
2019-02-19, 20:13:52, 24.23, 46.18
2019-02-19, 20:13:54, 24.22, 46.18
2019-02-19, 20:13:55, 24.23, 46.21
2019-02-19, 20:13:56, 24.24, 46.18
2019-02-19, 20:13:58, 24.24, 46.21
2019-02-19, 20:13:59, 24.23, 46.21
2019-02-19, 20:14:00, 24.22, 46.21
2019-02-19, 20:14:02, 24.22, 46.21
2019-02-19, 20:14:03, 24.22, 46.24
2019-02-19, 20:14:04, 24.22, 46.21
2019-02-19, 20:14:06, 24.2, 46.2
2019-02-19, 20:14:07, 24.19, 46.2
2019-02-19, 20:14:09, 24.2, 46.2
2019-02-19, 20:14:10, 24.22, 46.21
2019-02-19, 20:14:11, 24.22, 46.18
2019-02-19, 20:14:13, 24.22, 46.21
2019-02-19, 20:14:14, 24.21, 46.24
2019-02-19, 20:14:15, 24.22, 46.21
2019-02-19, 20:14:17, 24.22, 46.21
2019-02-19, 20:14:18, 24.22, 46.21
2019-02-19, 20:14:19, 24.21, 46.21
2019-02-19, 20:14:21, 24.2, 46.2
2019-02-19, 20:14:22, 24.21, 46.21
2019-02-19, 20:14:23, 24.2, 46.2
2019-02-19, 20:14:25, 24.21, 46.24
2019-02-19, 20:14:26, 24.22, 46.24
2019-02-19, 20:14:27, 24.21, 46.24
2019-02-19, 20:14:29, 24.2, 46.2
2019-02-19, 20:14:30, 24.22, 46.24
2019-02-19, 20:14:32, 24.21, 46.24
2019-02-19, 20:14:33, 24.21, 46.21
2019-02-19, 20:14:34, 24.2, 46.2
2019-02-19, 20:14:36, 24.21, 46.21
2019-02-19, 20:14:37, 24.1, 46.22
2019-02-19, 20:14:38, 24.18, 46.23
2019-02-19, 20:14:40, 24.19, 46.24
2019-02-19, 20:14:41, 24.2, 46.24
2019-02-19, 20:14:42, 24.21, 46.24
2019-02-19, 20:14:44, 24.2, 46.24
2019-02-19, 20:14:45, 24.2, 46.24
2019-02-19, 20:14:46, 24.2, 46.24
2019-02-19, 20:14:48, 24.21, 46.24
2019-02-19, 20:14:49, 24.2, 46.24
2019-02-19, 20:14:50, 24.2, 46.2
2019-02-19, 20:14:52, 24.2, 46.2
2019-02-19, 20:14:53, 24.2, 46.2
2019-02-19, 20:14:55, 24.2, 46.2
2019-02-19, 20:14:56, 24.2, 46.24
2019-02-19, 20:14:57, 24.21, 46.21
2019-02-19, 20:14:59, 24.2, 46.2
2019-02-19, 20:15:00, 24.21, 46.21
2019-02-19, 20:15:01, 24.21, 46.21
2019-02-19, 20:15:03, 24.22, 46.18
2019-02-19, 20:15:04, 24.21, 46.21
2019-02-19, 20:15:05, 24.2, 46.17
2019-02-19, 20:15:07, 24.09, 46.19
2019-02-19, 20:15:08, 24.18, 46.23
2019-02-19, 20:15:09, 24.2, 46.27
2019-02-19, 20:15:11, 24.2, 46.27
2019-02-19, 20:15:12, 24.19, 46.24
2019-02-19, 20:15:13, 24.2, 46.27
2019-02-19, 20:15:15, 24.21, 46.24
2019-02-19, 20:15:16, 24.2, 46.24
2019-02-19, 20:15:18, 24.2, 46.24
2019-02-19, 20:15:19, 24.19, 46.24
2019-02-19, 20:15:20, 24.2, 46.24
2019-02-19, 20:15:22, 24.21, 46.24
2019-02-19, 20:15:23, 24.2, 46.24
2019-02-19, 20:15:24, 24.2, 46.24
2019-02-19, 20:15:26, 24.2, 46.24
2019-02-19, 20:15:27, 24.2, 46.24
2019-02-19, 20:15:28, 24.2, 46.24
2019-02-19, 20:15:30, 24.2, 46.24
2019-02-19, 20:15:31, 24.2, 46.2
2019-02-19, 20:15:32, 24.2, 46.24
2019-02-19, 20:15:34, 24.2, 46.24
2019-02-19, 20:15:35, 24.19, 46.24
2019-02-19, 20:15:36, 24.18, 46.23
2019-02-19, 20:15:38, 24.2, 46.24
2019-02-19, 20:15:39, 24.21, 46.21
2019-02-19, 20:15:41, 24.22, 46.21
2019-02-19, 20:15:42, 24.21, 46.21
2019-02-19, 20:15:43, 24.21, 46.21
2019-02-19, 20:15:45, 24.2, 46.17
2019-02-19, 20:15:46, 24.21, 46.17
2019-02-19, 20:15:47, 24.22, 46.18
2019-02-19, 20:15:49, 24.2, 46.17
2019-02-19, 20:15:50, 24.18, 46.17
2019-02-19, 20:15:51, 24.2, 46.2
2019-02-19, 20:15:53, 24.2, 46.2
2019-02-19, 20:15:54, 24.19, 46.2
2019-02-19, 20:15:56, 24.21, 46.21
2019-02-19, 20:15:57, 24.21, 46.21
2019-02-19, 20:15:58, 24.22, 46.21
2019-02-19, 20:16:00, 24.2, 46.17
2019-02-19, 20:16:01, 24.21, 46.17
2019-02-19, 20:16:02, 24.22, 46.18
2019-02-19, 20:16:04, 24.23, 46.18
2019-02-19, 20:16:05, 24.23, 46.18
2019-02-19, 20:16:06, 24.22, 46.18
2019-02-19, 20:16:08, 24.21, 46.14
2019-02-19, 20:16:09, 24.22, 46.18
2019-02-19, 20:16:10, 24.22, 46.18
2019-02-19, 20:16:12, 24.22, 46.18
2019-02-19, 20:16:13, 24.21, 46.17
2019-02-19, 20:16:14, 24.22, 46.18
2019-02-19, 20:16:16, 24.21, 46.17
2019-02-19, 20:16:17, 24.2, 46.2
2019-02-19, 20:16:19, 24.22, 46.18
2019-02-19, 20:16:20, 24.21, 46.21
2019-02-19, 20:16:21, 24.21, 46.21
2019-02-19, 20:16:23, 24.21, 46.21
2019-02-19, 20:16:24, 24.21, 46.21
2019-02-19, 20:16:25, 24.21, 46.21
2019-02-19, 20:16:27, 24.2, 46.24
2019-02-19, 20:16:28, 24.2, 46.2
2019-02-19, 20:16:29, 24.21, 46.21
2019-02-19, 20:16:31, 24.12, 46.23
2019-02-19, 20:16:32, 24.17, 46.23
2019-02-19, 20:16:33, 24.18, 46.23
2019-02-19, 20:16:35, 24.19, 46.24
2019-02-19, 20:16:36, 24.2, 46.24
2019-02-19, 20:16:38, 24.2, 46.24
2019-02-19, 20:16:39, 24.19, 46.24
2019-02-19, 20:16:40, 24.18, 46.2
2019-02-19, 20:16:42, 24.18, 46.2
2019-02-19, 20:16:43, 24.18, 46.2
2019-02-19, 20:16:44, 24.18, 46.17
2019-02-19, 20:16:46, 24.2, 46.2
2019-02-19, 20:16:47, 24.19, 46.17
2019-02-19, 20:16:48, 24.18, 46.2
2019-02-19, 20:16:50, 24.19, 46.2
2019-02-19, 20:16:51, 24.19, 46.2
2019-02-19, 20:16:52, 24.18, 46.2
2019-02-19, 20:16:54, 24.18, 46.2
2019-02-19, 20:16:55, 24.18, 46.2
2019-02-19, 20:16:56, 24.18, 46.23
2019-02-19, 20:16:58, 24.19, 46.2
2019-02-19, 20:16:59, 24.18, 46.23
2019-02-19, 20:17:01, 24.18, 46.2
2019-02-19, 20:17:02, 24.17, 46.2
2019-02-19, 20:17:03, 24.17, 46.2
2019-02-19, 20:17:05, 24.18, 46.2
2019-02-19, 20:17:06, 24.01, 46.25
2019-02-19, 20:17:07, 24.12, 46.29
2019-02-19, 20:17:09, 24.13, 46.32
2019-02-19, 20:17:10, 24.14, 46.33
2019-02-19, 20:17:11, 24.14, 46.33
2019-02-19, 20:17:13, 24.15, 46.3
2019-02-19, 20:17:14, 24.15, 46.3
2019-02-19, 20:17:15, 24.14, 46.29
2019-02-19, 20:17:17, 24.15, 46.3
2019-02-19, 20:17:18, 24.14, 46.29
2019-02-19, 20:17:19, 24.16, 46.3
2019-02-19, 20:17:21, 24.15, 46.26
2019-02-19, 20:17:22, 24.16, 46.3
2019-02-19, 20:17:24, 24.15, 46.3
2019-02-19, 20:17:25, 24.14, 46.29
2019-02-19, 20:17:26, 24.15, 46.3
2019-02-19, 20:17:28, 24.15, 46.3
2019-02-19, 20:17:29, 24.16, 46.33
2019-02-19, 20:17:30, 24.01, 46.31
2019-02-19, 20:17:32, 24.11, 46.39
2019-02-19, 20:17:33, 24.13, 46.39
2019-02-19, 20:17:34, 24.13, 46.36
2019-02-19, 20:17:36, 24.13, 46.36
2019-02-19, 20:17:37, 24.14, 46.36
2019-02-19, 20:17:38, 24.16, 46.33
2019-02-19, 20:17:40, 24.14, 46.36
2019-02-19, 20:17:41, 24.14, 46.33
2019-02-19, 20:17:43, 24.15, 46.33
2019-02-19, 20:17:44, 24.14, 46.33
2019-02-19, 20:17:45, 24.14, 46.29
2019-02-19, 20:17:47, 24.14, 46.33
2019-02-19, 20:17:48, 24.14, 46.33
2019-02-19, 20:17:49, 24.14, 46.29
2019-02-19, 20:17:51, 24.14, 46.33
2019-02-19, 20:17:52, 24.14, 46.33
2019-02-19, 20:17:53, 24.13, 46.32
2019-02-19, 20:17:55, 24.12, 46.32
2019-02-19, 20:17:56, 24.13, 46.32
2019-02-19, 20:17:57, 24.12, 46.32
2019-02-19, 20:17:59, 24.12, 46.29
2019-02-19, 20:18:00, 23.98, 46.34
2019-02-19, 20:18:01, 24.08, 46.42
2019-02-19, 20:18:03, 24.1, 46.42
2019-02-19, 20:18:04, 24.1, 46.42
2019-02-19, 20:18:06, 24.11, 46.42
2019-02-19, 20:18:07, 24.1, 46.39
2019-02-19, 20:18:08, 24.13, 46.39
2019-02-19, 20:18:10, 24.11, 46.39
2019-02-19, 20:18:11, 24.11, 46.39
2019-02-19, 20:18:12, 24.12, 46.36
2019-02-19, 20:18:14, 24.12, 46.36
2019-02-19, 20:18:15, 24.12, 46.36
2019-02-19, 20:18:16, 24.12, 46.36
2019-02-19, 20:18:18, 24.12, 46.36
2019-02-19, 20:18:19, 24.12, 46.36
2019-02-19, 20:18:20, 24.12, 46.36
2019-02-19, 20:18:22, 24.12, 46.36
2019-02-19, 20:18:23, 24.12, 46.36
2019-02-19, 20:18:24, 24.12, 46.36
2019-02-19, 20:18:26, 24.12, 46.36
2019-02-19, 20:18:27, 24.12, 46.36
2019-02-19, 20:18:29, 24.11, 46.35
2019-02-19, 20:18:30, 24.11, 46.35
2019-02-19, 20:18:31, 24.12, 46.36
2019-02-19, 20:18:33, 24.12, 46.39
2019-02-19, 20:18:34, 24.12, 46.39
2019-02-19, 20:18:35, 24.11, 46.35
2019-02-19, 20:18:37, 24.11, 46.35
2019-02-19, 20:18:38, 24.11, 46.39
2019-02-19, 20:18:39, 24.11, 46.39
2019-02-19, 20:18:41, 24.11, 46.39
2019-02-19, 20:18:42, 24.11, 46.35
2019-02-19, 20:18:43, 24.11, 46.42
2019-02-19, 20:18:45, 24.11, 46.39
2019-02-19, 20:18:46, 24.11, 46.42
2019-02-19, 20:18:48, 24.1, 46.35
2019-02-19, 20:18:49, 24.09, 46.42
2019-02-19, 20:18:50, 24.09, 46.38
2019-02-19, 20:18:52, 24.1, 46.42
2019-02-19, 20:18:53, 24.09, 46.42
2019-02-19, 20:18:54, 24.1, 46.42
2019-02-19, 20:18:56, 24.1, 46.42
2019-02-19, 20:18:57, 24.1, 46.42
2019-02-19, 20:18:58, 24.09, 46.42
2019-02-19, 20:19:00, 24.1, 46.42
2019-02-19, 20:19:01, 24.1, 46.39
2019-02-19, 20:19:02, 24.1, 46.39
2019-02-19, 20:19:04, 24.1, 46.39
2019-02-19, 20:19:05, 24.08, 46.42
2019-02-19, 20:19:06, 24.08, 46.38
2019-02-19, 20:19:08, 24.09, 46.42
2019-02-19, 20:19:09, 24.09, 46.38
2019-02-19, 20:19:11, 24.08, 46.42
2019-02-19, 20:19:12, 24.08, 46.42
2019-02-19, 20:19:13, 24.09, 46.42
2019-02-19, 20:19:15, 24.07, 46.41
2019-02-19, 20:19:16, 24.08, 46.42
2019-02-19, 20:19:17, 24.08, 46.38
2019-02-19, 20:19:19, 24.07, 46.41
2019-02-19, 20:19:20, 24.07, 46.41
2019-02-19, 20:19:21, 24.07, 46.41
2019-02-19, 20:19:23, 24.07, 46.41
2019-02-19, 20:19:24, 24.07, 46.41
2019-02-19, 20:19:25, 24.05, 46.41
2019-02-19, 20:19:27, 24.06, 46.44
2019-02-19, 20:19:28, 24.07, 46.45
2019-02-19, 20:19:30, 24.06, 46.48
2019-02-19, 20:19:31, 24.05, 46.44
2019-02-19, 20:19:32, 24.05, 46.48
2019-02-19, 20:19:34, 24.05, 46.48
2019-02-19, 20:19:35, 24.05, 46.44
2019-02-19, 20:19:36, 24.05, 46.48
2019-02-19, 20:19:38, 24.06, 46.48
2019-02-19, 20:19:39, 24.04, 46.47
2019-02-19, 20:19:40, 24.06, 46.48
2019-02-19, 20:19:42, 24.04, 46.47
2019-02-19, 20:19:43, 24.04, 46.51
2019-02-19, 20:19:44, 24.05, 46.51
2019-02-19, 20:19:46, 24.06, 46.51
2019-02-19, 20:19:47, 24.05, 46.51
2019-02-19, 20:19:48, 24.06, 46.51
2019-02-19, 20:19:50, 24.06, 46.51
2019-02-19, 20:19:51, 24.05, 46.51
2019-02-19, 20:19:53, 24.06, 46.51
2019-02-19, 20:19:54, 24.05, 46.51
2019-02-19, 20:19:55, 24.04, 46.47
2019-02-19, 20:19:57, 24.05, 46.48
2019-02-19, 20:19:58, 24.05, 46.48
2019-02-19, 20:19:59, 24.04, 46.51
2019-02-19, 20:20:01, 24.05, 46.51
2019-02-19, 20:20:02, 24.05, 46.51
2019-02-19, 20:20:03, 24.03, 46.47
2019-02-19, 20:20:05, 24.04, 46.51
2019-02-19, 20:20:06, 24.04, 46.51
2019-02-19, 20:20:07, 24.04, 46.51
2019-02-19, 20:20:09, 24.02, 46.5
2019-02-19, 20:20:10, 24.03, 46.51
2019-02-19, 20:20:12, 24.03, 46.47
2019-02-19, 20:20:13, 24.03, 46.51
2019-02-19, 20:20:14, 24.05, 46.51
2019-02-19, 20:20:16, 24.05, 46.54
2019-02-19, 20:20:17, 24.03, 46.51
2019-02-19, 20:20:18, 24.04, 46.51
2019-02-19, 20:20:20, 24.03, 46.47
2019-02-19, 20:20:21, 24.03, 46.51
2019-02-19, 20:20:22, 24.02, 46.5
2019-02-19, 20:20:24, 24.02, 46.54
2019-02-19, 20:20:25, 24.02, 46.54
2019-02-19, 20:20:26, 24.03, 46.54
2019-02-19, 20:20:28, 24.02, 46.54
2019-02-19, 20:20:29, 24.03, 46.51
2019-02-19, 20:20:30, 24.03, 46.51
2019-02-19, 20:20:32, 24.02, 46.5
2019-02-19, 20:20:33, 24.02, 46.54
2019-02-19, 20:20:35, 24.03, 46.54
2019-02-19, 20:20:36, 24.03, 46.54
2019-02-19, 20:20:37, 24.02, 46.5
2019-02-19, 20:20:39, 24.02, 46.54
2019-02-19, 20:20:40, 24.03, 46.54
2019-02-19, 20:20:41, 24.0, 46.53
2019-02-19, 20:20:43, 24.01, 46.57
2019-02-19, 20:20:44, 24.01, 46.57
2019-02-19, 20:20:45, 24.01, 46.57
2019-02-19, 20:20:47, 24.01, 46.6
2019-02-19, 20:20:48, 24.01, 46.57
2019-02-19, 20:20:49, 24.02, 46.57
2019-02-19, 20:20:51, 24.02, 46.57
2019-02-19, 20:20:52, 24.02, 46.57
2019-02-19, 20:20:53, 24.02, 46.57
2019-02-19, 20:20:55, 24.02, 46.54
2019-02-19, 20:20:56, 24.02, 46.57
2019-02-19, 20:20:58, 23.97, 46.56
2019-02-19, 20:20:59, 24.0, 46.57
2019-02-19, 20:21:00, 24.0, 46.57
2019-02-19, 20:21:02, 23.99, 46.53
2019-02-19, 20:21:03, 24.0, 46.57
2019-02-19, 20:21:04, 24.0, 46.57
2019-02-19, 20:21:06, 24.0, 46.57
2019-02-19, 20:21:07, 24.0, 46.6
2019-02-19, 20:21:08, 24.0, 46.57
2019-02-19, 20:21:10, 24.01, 46.6
2019-02-19, 20:21:11, 24.0, 46.6
2019-02-19, 20:21:12, 24.0, 46.6
2019-02-19, 20:21:14, 24.0, 46.6
2019-02-19, 20:21:15, 24.0, 46.6
2019-02-19, 20:21:17, 24.0, 46.6
2019-02-19, 20:21:18, 24.0, 46.6
2019-02-19, 20:21:19, 23.99, 46.6
2019-02-19, 20:21:21, 23.99, 46.63
2019-02-19, 20:21:22, 23.99, 46.63
2019-02-19, 20:21:23, 23.99, 46.6
2019-02-19, 20:21:25, 24.0, 46.63
2019-02-19, 20:21:26, 23.99, 46.63
2019-02-19, 20:21:27, 23.9, 46.62
2019-02-19, 20:21:29, 23.97, 46.66
2019-02-19, 20:21:30, 23.98, 46.66
2019-02-19, 20:21:31, 23.97, 46.66
2019-02-19, 20:21:33, 23.97, 46.66
2019-02-19, 20:21:34, 23.98, 46.63
2019-02-19, 20:21:36, 23.97, 46.63
2019-02-19, 20:21:37, 23.97, 46.63
2019-02-19, 20:21:38, 23.97, 46.66
2019-02-19, 20:21:40, 23.96, 46.66
2019-02-19, 20:21:41, 23.98, 46.66
2019-02-19, 20:21:42, 23.97, 46.66
2019-02-19, 20:21:44, 23.97, 46.66
2019-02-19, 20:21:45, 23.96, 46.66
2019-02-19, 20:21:46, 23.98, 46.66
2019-02-19, 20:21:48, 23.98, 46.63
2019-02-19, 20:21:49, 23.98, 46.66
2019-02-19, 20:21:50, 23.97, 46.63
2019-02-19, 20:21:52, 23.98, 46.63
2019-02-19, 20:21:53, 23.96, 46.63
2019-02-19, 20:21:55, 23.98, 46.63
2019-02-19, 20:21:56, 23.96, 46.63
2019-02-19, 20:21:57, 23.85, 46.64
2019-02-19, 20:21:59, 23.93, 46.69
2019-02-19, 20:22:00, 23.93, 46.69
2019-02-19, 20:22:01, 23.94, 46.72
2019-02-19, 20:22:03, 23.94, 46.72
2019-02-19, 20:22:04, 23.94, 46.72
2019-02-19, 20:22:05, 23.94, 46.69
2019-02-19, 20:22:07, 23.96, 46.69
2019-02-19, 20:22:08, 23.95, 46.69
2019-02-19, 20:22:09, 23.96, 46.69
2019-02-19, 20:22:11, 23.95, 46.69
2019-02-19, 20:22:12, 23.96, 46.69
2019-02-19, 20:22:13, 23.95, 46.66
2019-02-19, 20:22:15, 23.96, 46.66
2019-02-19, 20:22:16, 23.97, 46.66
2019-02-19, 20:22:18, 23.95, 46.66
2019-02-19, 20:22:19, 23.96, 46.66
2019-02-19, 20:22:20, 23.96, 46.66
2019-02-19, 20:22:22, 23.96, 46.66
2019-02-19, 20:22:23, 23.96, 46.66
2019-02-19, 20:22:24, 23.96, 46.66
2019-02-19, 20:22:26, 23.96, 46.69
2019-02-19, 20:22:27, 23.95, 46.66
2019-02-19, 20:22:28, 23.96, 46.66
2019-02-19, 20:22:30, 23.96, 46.66
2019-02-19, 20:22:31, 23.96, 46.69
2019-02-19, 20:22:32, 23.96, 46.66
2019-02-19, 20:22:34, 23.96, 46.69
2019-02-19, 20:22:35, 23.96, 46.69
2019-02-19, 20:22:37, 23.96, 46.69
2019-02-19, 20:22:38, 23.95, 46.72
2019-02-19, 20:22:39, 23.96, 46.69
2019-02-19, 20:22:41, 23.96, 46.72
2019-02-19, 20:22:42, 23.95, 46.69
2019-02-19, 20:22:43, 23.96, 46.72
2019-02-19, 20:22:45, 23.96, 46.72
2019-02-19, 20:22:46, 23.94, 46.69
2019-02-19, 20:22:47, 23.94, 46.72
2019-02-19, 20:22:49, 23.95, 46.72
2019-02-19, 20:22:50, 23.95, 46.72
2019-02-19, 20:22:51, 23.95, 46.72
2019-02-19, 20:22:53, 23.93, 46.72
2019-02-19, 20:22:54, 23.96, 46.72
2019-02-19, 20:22:55, 23.94, 46.72
2019-02-19, 20:22:57, 23.95, 46.72
2019-02-19, 20:22:58, 23.95, 46.72
2019-02-19, 20:23:00, 23.94, 46.69
2019-02-19, 20:23:01, 23.95, 46.72
2019-02-19, 20:23:02, 23.94, 46.72
2019-02-19, 20:23:04, 23.94, 46.72
2019-02-19, 20:23:05, 23.94, 46.72
2019-02-19, 20:23:06, 23.95, 46.72
2019-02-19, 20:23:08, 23.95, 46.72
2019-02-19, 20:23:09, 23.94, 46.72
2019-02-19, 20:23:10, 23.94, 46.69
2019-02-19, 20:23:12, 23.95, 46.72
2019-02-19, 20:23:13, 23.96, 46.69
2019-02-19, 20:23:14, 23.95, 46.69
2019-02-19, 20:23:16, 23.95, 46.69
2019-02-19, 20:23:17, 23.94, 46.72
2019-02-19, 20:23:19, 23.94, 46.69
2019-02-19, 20:23:20, 23.94, 46.69
2019-02-19, 20:23:21, 23.94, 46.72
2019-02-19, 20:23:23, 23.94, 46.72
2019-02-19, 20:23:24, 23.93, 46.72
2019-02-19, 20:23:25, 23.92, 46.72
2019-02-19, 20:23:27, 23.78, 46.73
2019-02-19, 20:23:28, 23.88, 46.81
2019-02-19, 20:23:29, 23.9, 46.81
2019-02-19, 20:23:31, 23.9, 46.84
2019-02-19, 20:23:32, 23.91, 46.78
2019-02-19, 20:23:33, 23.91, 46.78
2019-02-19, 20:23:35, 23.9, 46.81
2019-02-19, 20:23:36, 23.9, 46.78
2019-02-19, 20:23:37, 23.9, 46.78
2019-02-19, 20:23:39, 23.92, 46.78
2019-02-19, 20:23:40, 23.91, 46.78
2019-02-19, 20:23:42, 23.92, 46.78
2019-02-19, 20:23:43, 23.92, 46.78
2019-02-19, 20:23:44, 23.92, 46.78
2019-02-19, 20:23:46, 23.91, 46.78
2019-02-19, 20:23:47, 23.9, 46.78
2019-02-19, 20:23:48, 23.91, 46.78
2019-02-19, 20:23:50, 23.89, 46.78
2019-02-19, 20:23:51, 23.9, 46.78
2019-02-19, 20:23:52, 23.9, 46.81
2019-02-19, 20:23:54, 23.89, 46.78
2019-02-19, 20:23:55, 23.9, 46.78
2019-02-19, 20:23:56, 23.73, 46.82
2019-02-19, 20:23:58, 23.85, 46.9
2019-02-19, 20:23:59, 23.87, 46.9
2019-02-19, 20:24:00, 23.89, 46.91
2019-02-19, 20:24:02, 23.89, 46.87
2019-02-19, 20:24:03, 23.9, 46.84
2019-02-19, 20:24:05, 23.89, 46.87
2019-02-19, 20:24:06, 23.9, 46.84
2019-02-19, 20:24:07, 23.89, 46.84
2019-02-19, 20:24:09, 23.9, 46.81
2019-02-19, 20:24:10, 23.88, 46.84
2019-02-19, 20:24:11, 23.9, 46.81
2019-02-19, 20:24:13, 23.9, 46.81
2019-02-19, 20:24:14, 23.89, 46.81
2019-02-19, 20:24:15, 23.89, 46.84
2019-02-19, 20:24:17, 23.88, 46.84
2019-02-19, 20:24:18, 23.88, 46.81
2019-02-19, 20:24:19, 23.88, 46.84
2019-02-19, 20:24:21, 23.88, 46.84
2019-02-19, 20:24:22, 23.89, 46.84
2019-02-19, 20:24:24, 23.9, 46.81
2019-02-19, 20:24:25, 23.88, 46.84
2019-02-19, 20:24:26, 23.88, 46.84
2019-02-19, 20:24:28, 23.9, 46.84
2019-02-19, 20:24:29, 23.9, 46.81
2019-02-19, 20:24:30, 23.88, 46.84
2019-02-19, 20:24:32, 23.88, 46.81
2019-02-19, 20:24:33, 23.88, 46.81
2019-02-19, 20:24:34, 23.88, 46.81
2019-02-19, 20:24:36, 23.88, 46.84
2019-02-19, 20:24:37, 23.88, 46.84
2019-02-19, 20:24:38, 23.87, 46.84
2019-02-19, 20:24:40, 23.87, 46.84
2019-02-19, 20:24:41, 23.86, 46.84
2019-02-19, 20:24:42, 23.86, 46.87
2019-02-19, 20:24:44, 23.86, 46.87
2019-02-19, 20:24:45, 23.86, 46.9
2019-02-19, 20:24:47, 23.86, 46.9
2019-02-19, 20:24:48, 23.86, 46.87
2019-02-19, 20:24:49, 23.87, 46.87
2019-02-19, 20:24:51, 23.86, 46.87
2019-02-19, 20:24:52, 23.85, 46.87
2019-02-19, 20:24:53, 23.85, 46.87
2019-02-19, 20:24:55, 23.85, 46.87
2019-02-19, 20:24:56, 23.84, 46.9
2019-02-19, 20:24:57, 23.84, 46.9
2019-02-19, 20:24:59, 23.84, 46.9
2019-02-19, 20:25:00, 23.83, 46.9
2019-02-19, 20:25:01, 23.84, 46.9
2019-02-19, 20:25:03, 23.84, 46.9
2019-02-19, 20:25:04, 23.83, 46.9
2019-02-19, 20:25:05, 23.85, 46.9
2019-02-19, 20:25:07, 23.85, 46.93
2019-02-19, 20:25:08, 23.83, 46.93
2019-02-19, 20:25:10, 23.85, 46.93
2019-02-19, 20:25:11, 23.84, 46.93
2019-02-19, 20:25:12, 23.85, 46.93
2019-02-19, 20:25:14, 23.84, 46.9
2019-02-19, 20:25:15, 23.84, 46.9
2019-02-19, 20:25:16, 23.84, 46.93
2019-02-19, 20:25:18, 23.83, 46.9
2019-02-19, 20:25:19, 23.84, 46.9
2019-02-19, 20:25:20, 23.83, 46.9
2019-02-19, 20:25:22, 23.83, 46.9
2019-02-19, 20:25:23, 23.84, 46.9
2019-02-19, 20:25:24, 23.84, 46.9
2019-02-19, 20:25:26, 23.84, 46.9
2019-02-19, 20:25:27, 23.84, 46.9
2019-02-19, 20:25:29, 23.83, 46.9
2019-02-19, 20:25:30, 23.84, 46.9
2019-02-19, 20:25:31, 23.83, 46.9
2019-02-19, 20:25:33, 23.83, 46.9
2019-02-19, 20:25:34, 23.82, 46.93
2019-02-19, 20:25:35, 23.82, 46.93
2019-02-19, 20:25:37, 23.83, 46.96
2019-02-19, 20:25:38, 23.83, 46.93
2019-02-19, 20:25:39, 23.82, 46.93
2019-02-19, 20:25:41, 23.83, 46.96
2019-02-19, 20:25:42, 23.82, 46.93
2019-02-19, 20:25:43, 23.82, 46.96
2019-02-19, 20:25:45, 23.82, 46.96
2019-02-19, 20:25:46, 23.83, 46.96
2019-02-19, 20:25:47, 23.82, 46.96
2019-02-19, 20:25:49, 23.83, 46.96
2019-02-19, 20:25:50, 23.83, 46.96
2019-02-19, 20:25:52, 23.81, 46.96
2019-02-19, 20:25:53, 23.81, 46.99
2019-02-19, 20:25:54, 23.76, 46.95
2019-02-19, 20:25:56, 23.8, 46.99
2019-02-19, 20:25:57, 23.8, 47.02
2019-02-19, 20:25:58, 23.8, 47.02
2019-02-19, 20:26:00, 23.8, 46.99
2019-02-19, 20:26:01, 23.8, 47.02
2019-02-19, 20:26:02, 23.8, 47.02
2019-02-19, 20:26:04, 23.78, 47.02
2019-02-19, 20:26:05, 23.78, 47.02
2019-02-19, 20:26:06, 23.78, 47.05
2019-02-19, 20:26:08, 23.78, 47.02
2019-02-19, 20:26:09, 23.78, 47.05
2019-02-19, 20:26:10, 23.78, 47.05
2019-02-19, 20:26:12, 23.78, 47.08
2019-02-19, 20:26:13, 23.78, 47.08
2019-02-19, 20:26:15, 23.79, 47.09
2019-02-19, 20:26:16, 23.78, 47.05
2019-02-19, 20:26:17, 23.78, 47.05
2019-02-19, 20:26:19, 23.78, 47.05
2019-02-19, 20:26:20, 23.78, 47.08
2019-02-19, 20:26:21, 23.78, 47.05
2019-02-19, 20:26:23, 23.78, 47.08
2019-02-19, 20:26:24, 23.7, 47.04
2019-02-19, 20:26:25, 23.76, 47.08
2019-02-19, 20:26:27, 23.76, 47.08
2019-02-19, 20:26:28, 23.75, 47.08
2019-02-19, 20:26:29, 23.76, 47.08
2019-02-19, 20:26:31, 23.76, 47.08
2019-02-19, 20:26:32, 23.76, 47.08
2019-02-19, 20:26:34, 23.76, 47.08
2019-02-19, 20:26:35, 23.75, 47.08
2019-02-19, 20:26:36, 23.76, 47.05
2019-02-19, 20:26:38, 23.77, 47.08
2019-02-19, 20:26:39, 23.78, 47.05
2019-02-19, 20:26:40, 23.76, 47.05
2019-02-19, 20:26:42, 23.78, 47.05
2019-02-19, 20:26:43, 23.77, 47.05
2019-02-19, 20:26:44, 23.77, 47.05
2019-02-19, 20:26:46, 23.76, 47.02
2019-02-19, 20:26:47, 23.76, 47.02
2019-02-19, 20:26:48, 23.78, 47.05
2019-02-19, 20:26:50, 23.77, 47.05
2019-02-19, 20:26:51, 23.77, 47.05
2019-02-19, 20:26:52, 23.77, 47.02
2019-02-19, 20:26:54, 23.68, 47.04
2019-02-19, 20:26:55, 23.74, 47.05
2019-02-19, 20:26:57, 23.77, 47.08
2019-02-19, 20:26:58, 23.77, 47.08
2019-02-19, 20:26:59, 23.76, 47.08
2019-02-19, 20:27:01, 23.76, 47.05
2019-02-19, 20:27:02, 23.77, 47.08
2019-02-19, 20:27:03, 23.76, 47.05
2019-02-19, 20:27:05, 23.77, 47.05
2019-02-19, 20:27:06, 23.77, 47.05
2019-02-19, 20:27:07, 23.76, 47.08
2019-02-19, 20:27:09, 23.77, 47.05
2019-02-19, 20:27:10, 23.76, 47.08
2019-02-19, 20:27:11, 23.76, 47.05
2019-02-19, 20:27:13, 23.74, 47.05
2019-02-19, 20:27:14, 23.76, 47.05
2019-02-19, 20:27:15, 23.77, 47.05
2019-02-19, 20:27:17, 23.75, 47.08
2019-02-19, 20:27:18, 23.76, 47.05
2019-02-19, 20:27:20, 23.77, 47.08
2019-02-19, 20:27:21, 23.77, 47.08
2019-02-19, 20:27:22, 23.77, 47.05
2019-02-19, 20:27:24, 23.78, 47.08
2019-02-19, 20:27:25, 23.77, 47.05
2019-02-19, 20:27:26, 23.78, 47.08
2019-02-19, 20:27:28, 23.78, 47.08
2019-02-19, 20:27:29, 23.78, 47.05
2019-02-19, 20:27:30, 23.78, 47.08
2019-02-19, 20:27:32, 23.77, 47.05
2019-02-19, 20:27:33, 23.77, 47.05
2019-02-19, 20:27:34, 23.77, 47.05
2019-02-19, 20:27:36, 23.76, 47.08
2019-02-19, 20:27:37, 23.77, 47.05
2019-02-19, 20:27:38, 23.76, 47.05
2019-02-19, 20:27:40, 23.76, 47.05
2019-02-19, 20:27:41, 23.76, 47.05
2019-02-19, 20:27:43, 23.78, 47.05
2019-02-19, 20:27:44, 23.76, 47.08
2019-02-19, 20:27:45, 23.76, 47.05
2019-02-19, 20:27:47, 23.76, 47.08
2019-02-19, 20:27:48, 23.76, 47.08
2019-02-19, 20:27:49, 23.76, 47.08
2019-02-19, 20:27:51, 23.76, 47.08
2019-02-19, 20:27:52, 23.76, 47.08
2019-02-19, 20:27:53, 23.76, 47.08
2019-02-19, 20:27:55, 23.76, 47.08
2019-02-19, 20:27:56, 23.74, 47.08
2019-02-19, 20:27:57, 23.74, 47.08
2019-02-19, 20:27:59, 23.74, 47.08
2019-02-19, 20:28:00, 23.75, 47.08
2019-02-19, 20:28:01, 23.75, 47.08
2019-02-19, 20:28:03, 23.75, 47.08
2019-02-19, 20:28:04, 23.75, 47.08
2019-02-19, 20:28:06, 23.74, 47.11
2019-02-19, 20:28:07, 23.74, 47.11
2019-02-19, 20:28:08, 23.74, 47.11
2019-02-19, 20:28:10, 23.74, 47.11
2019-02-19, 20:28:11, 23.74, 47.11
2019-02-19, 20:28:12, 23.74, 47.08
2019-02-19, 20:28:14, 23.74, 47.11
2019-02-19, 20:28:15, 23.74, 47.08
2019-02-19, 20:28:16, 23.74, 47.11
2019-02-19, 20:28:18, 23.75, 47.14
2019-02-19, 20:28:19, 23.74, 47.11
2019-02-19, 20:28:20, 23.75, 47.11
2019-02-19, 20:28:22, 23.75, 47.11
2019-02-19, 20:28:23, 23.61, 47.13
2019-02-19, 20:28:24, 23.71, 47.17
2019-02-19, 20:28:26, 23.72, 47.2
2019-02-19, 20:28:27, 23.73, 47.14
2019-02-19, 20:28:29, 23.74, 47.17
2019-02-19, 20:28:30, 23.73, 47.17
2019-02-19, 20:28:31, 23.74, 47.14
2019-02-19, 20:28:33, 23.73, 47.14
2019-02-19, 20:28:34, 23.74, 47.14
2019-02-19, 20:28:35, 23.74, 47.14
2019-02-19, 20:28:37, 23.74, 47.14
2019-02-19, 20:28:38, 23.74, 47.14
2019-02-19, 20:28:39, 23.74, 47.14
2019-02-19, 20:28:41, 23.73, 47.14
2019-02-19, 20:28:42, 23.73, 47.14
2019-02-19, 20:28:43, 23.74, 47.14
2019-02-19, 20:28:45, 23.72, 47.14
2019-02-19, 20:28:46, 23.73, 47.11
2019-02-19, 20:28:48, 23.72, 47.14
2019-02-19, 20:28:49, 23.72, 47.11
2019-02-19, 20:28:50, 23.73, 47.14
2019-02-19, 20:28:52, 23.73, 47.14
2019-02-19, 20:28:53, 23.71, 47.14
2019-02-19, 20:28:54, 23.73, 47.14
2019-02-19, 20:28:56, 23.74, 47.14
2019-02-19, 20:28:57, 23.74, 47.14
2019-02-19, 20:28:58, 23.72, 47.14
2019-02-19, 20:29:00, 23.73, 47.14
2019-02-19, 20:29:01, 23.74, 47.11
2019-02-19, 20:29:02, 23.73, 47.14
2019-02-19, 20:29:04, 23.74, 47.14
2019-02-19, 20:29:05, 23.73, 47.11
2019-02-19, 20:29:07, 23.73, 47.11
2019-02-19, 20:29:08, 23.74, 47.08
2019-02-19, 20:29:09, 23.74, 47.08
2019-02-19, 20:29:11, 23.73, 47.11
2019-02-19, 20:29:12, 23.73, 47.11
2019-02-19, 20:29:13, 23.74, 47.08
2019-02-19, 20:29:15, 23.73, 47.08
2019-02-19, 20:29:16, 23.74, 47.08
2019-02-19, 20:29:17, 23.73, 47.08
2019-02-19, 20:29:19, 23.74, 47.08
2019-02-19, 20:29:20, 23.73, 47.08
2019-02-19, 20:29:21, 23.73, 47.08
2019-02-19, 20:29:23, 23.56, 47.12
2019-02-19, 20:29:24, 23.67, 47.17
2019-02-19, 20:29:25, 23.7, 47.2
2019-02-19, 20:29:27, 23.71, 47.2
2019-02-19, 20:29:28, 23.71, 47.2
2019-02-19, 20:29:30, 23.72, 47.14
2019-02-19, 20:29:31, 23.72, 47.17
2019-02-19, 20:29:32, 23.74, 47.14
2019-02-19, 20:29:34, 23.74, 47.14
2019-02-19, 20:29:35, 23.73, 47.14
2019-02-19, 20:29:36, 23.73, 47.11
2019-02-19, 20:29:38, 23.74, 47.11
2019-02-19, 20:29:39, 23.74, 47.11
2019-02-19, 20:29:40, 23.74, 47.11
2019-02-19, 20:29:42, 23.73, 47.14
2019-02-19, 20:29:43, 23.74, 47.11
2019-02-19, 20:29:44, 23.73, 47.14
2019-02-19, 20:29:46, 23.73, 47.11
2019-02-19, 20:29:47, 23.72, 47.11
2019-02-19, 20:29:49, 23.73, 47.11
2019-02-19, 20:29:50, 23.73, 47.11
2019-02-19, 20:29:51, 23.72, 47.11
2019-02-19, 20:29:53, 23.73, 47.11
2019-02-19, 20:29:54, 23.73, 47.11
2019-02-19, 20:29:55, 23.74, 47.11
2019-02-19, 20:29:57, 23.74, 47.11
2019-02-19, 20:29:58, 23.73, 47.08
2019-02-19, 20:29:59, 23.73, 47.08
2019-02-19, 20:30:01, 23.74, 47.08
2019-02-19, 20:30:02, 23.73, 47.08
2019-02-19, 20:30:04, 23.72, 47.08
2019-02-19, 20:30:05, 23.73, 47.11
2019-02-19, 20:30:06, 23.74, 47.08
2019-02-19, 20:30:08, 23.72, 47.08
2019-02-19, 20:30:09, 23.74, 47.11
2019-02-19, 20:30:10, 23.74, 47.11
2019-02-19, 20:30:12, 23.74, 47.11
2019-02-19, 20:30:13, 23.74, 47.11
2019-02-19, 20:30:15, 23.72, 47.08
2019-02-19, 20:30:16, 23.74, 47.08
2019-02-19, 20:30:17, 23.73, 47.08
2019-02-19, 20:30:19, 23.74, 47.08
2019-02-19, 20:30:20, 23.74, 47.08
2019-02-19, 20:30:21, 23.74, 47.08
2019-02-19, 20:30:23, 23.74, 47.08
2019-02-19, 20:30:24, 23.75, 47.08
2019-02-19, 20:30:25, 23.74, 47.08
2019-02-19, 20:30:27, 23.59, 47.06
2019-02-19, 20:30:28, 23.72, 47.14
2019-02-19, 20:30:29, 23.72, 47.17
2019-02-19, 20:30:31, 23.72, 47.14
2019-02-19, 20:30:32, 23.73, 47.14
2019-02-19, 20:30:34, 23.72, 47.11
2019-02-19, 20:30:35, 23.72, 47.11
2019-02-19, 20:30:36, 23.73, 47.11
2019-02-19, 20:30:38, 23.75, 47.08
2019-02-19, 20:30:39, 23.74, 47.11
2019-02-19, 20:30:40, 23.74, 47.08
2019-02-19, 20:30:42, 23.73, 47.08
2019-02-19, 20:30:43, 23.73, 47.08
2019-02-19, 20:30:44, 23.75, 47.08
2019-02-19, 20:30:46, 23.76, 47.08
2019-02-19, 20:30:47, 23.75, 47.08
2019-02-19, 20:30:48, 23.75, 47.08
2019-02-19, 20:30:50, 23.75, 47.08
2019-02-19, 20:30:51, 23.66, 47.04
2019-02-19, 20:30:53, 23.73, 47.08
2019-02-19, 20:30:54, 23.74, 47.08
2019-02-19, 20:30:55, 23.74, 47.08
2019-02-19, 20:30:57, 23.75, 47.08
2019-02-19, 20:30:58, 23.74, 47.05
2019-02-19, 20:30:59, 23.75, 47.05
2019-02-19, 20:31:01, 23.75, 47.05
2019-02-19, 20:31:02, 23.76, 47.05
2019-02-19, 20:31:03, 23.76, 47.05
2019-02-19, 20:31:05, 23.76, 47.02
2019-02-19, 20:31:06, 23.76, 47.02
2019-02-19, 20:31:07, 23.76, 47.05
2019-02-19, 20:31:09, 23.76, 47.05
2019-02-19, 20:31:10, 23.77, 47.02
2019-02-19, 20:31:12, 23.75, 47.02
2019-02-19, 20:31:13, 23.76, 47.02
2019-02-19, 20:31:14, 23.76, 47.02
2019-02-19, 20:31:16, 23.76, 46.99
2019-02-19, 20:31:17, 23.76, 47.02
2019-02-19, 20:31:18, 23.76, 47.02
2019-02-19, 20:31:20, 23.76, 47.02
2019-02-19, 20:31:21, 23.66, 47.0
2019-02-19, 20:31:22, 23.75, 47.05
2019-02-19, 20:31:24, 23.76, 47.02
2019-02-19, 20:31:25, 23.75, 47.05
2019-02-19, 20:31:26, 23.77, 47.05
2019-02-19, 20:31:28, 23.76, 47.05
2019-02-19, 20:31:29, 23.76, 47.02
2019-02-19, 20:31:31, 23.76, 47.02
2019-02-19, 20:31:32, 23.76, 47.02
2019-02-19, 20:31:33, 23.76, 47.02
2019-02-19, 20:31:35, 23.78, 47.02
2019-02-19, 20:31:36, 23.78, 47.02
2019-02-19, 20:31:37, 23.78, 46.99
2019-02-19, 20:31:39, 23.78, 46.99
2019-02-19, 20:31:40, 23.77, 46.99
2019-02-19, 20:31:41, 23.77, 47.02
2019-02-19, 20:31:43, 23.78, 46.99
2019-02-19, 20:31:44, 23.79, 46.99
2019-02-19, 20:31:45, 23.78, 46.99
2019-02-19, 20:31:47, 23.79, 46.96
2019-02-19, 20:31:48, 23.78, 46.96
2019-02-19, 20:31:49, 23.79, 46.96
2019-02-19, 20:31:51, 23.66, 46.97
2019-02-19, 20:31:52, 23.76, 47.02
2019-02-19, 20:31:54, 23.76, 47.05
2019-02-19, 20:31:55, 23.76, 47.02
2019-02-19, 20:31:56, 23.76, 47.02
2019-02-19, 20:31:58, 23.76, 47.02
2019-02-19, 20:31:59, 23.78, 47.02
2019-02-19, 20:32:00, 23.78, 47.02
2019-02-19, 20:32:02, 23.77, 47.02
2019-02-19, 20:32:03, 23.77, 46.99
2019-02-19, 20:32:04, 23.77, 47.02
2019-02-19, 20:32:06, 23.78, 46.99
2019-02-19, 20:32:07, 23.8, 47.02
2019-02-19, 20:32:08, 23.79, 46.96
2019-02-19, 20:32:10, 23.8, 47.02
2019-02-19, 20:32:11, 23.79, 46.99
2019-02-19, 20:32:13, 23.78, 46.99
2019-02-19, 20:32:14, 23.78, 46.99
2019-02-19, 20:32:15, 23.78, 46.96
2019-02-19, 20:32:17, 23.78, 46.96
2019-02-19, 20:32:18, 23.78, 46.96
2019-02-19, 20:32:19, 23.78, 46.96
2019-02-19, 20:32:21, 23.63, 47.0
2019-02-19, 20:32:22, 23.73, 47.01
2019-02-19, 20:32:23, 23.77, 47.05
2019-02-19, 20:32:25, 23.76, 47.02
2019-02-19, 20:32:26, 23.78, 47.02
2019-02-19, 20:32:27, 23.78, 47.02
2019-02-19, 20:32:29, 23.76, 47.02
2019-02-19, 20:32:30, 23.78, 46.99
2019-02-19, 20:32:31, 23.77, 46.99
2019-02-19, 20:32:33, 23.78, 46.96
2019-02-19, 20:32:34, 23.78, 46.96
2019-02-19, 20:32:36, 23.75, 46.95
2019-02-19, 20:32:37, 23.76, 46.95
2019-02-19, 20:32:38, 23.76, 46.95
2019-02-19, 20:32:40, 23.77, 46.95
2019-02-19, 20:32:41, 23.76, 46.99
2019-02-19, 20:32:42, 23.77, 46.95
2019-02-19, 20:32:44, 23.77, 46.95
2019-02-19, 20:32:45, 23.76, 46.95
2019-02-19, 20:32:46, 23.77, 46.95
2019-02-19, 20:32:48, 23.76, 46.95
2019-02-19, 20:32:49, 23.78, 46.96
2019-02-19, 20:32:50, 23.62, 46.97
2019-02-19, 20:32:52, 23.72, 47.04
2019-02-19, 20:32:53, 23.74, 47.05
2019-02-19, 20:32:55, 23.76, 47.02
2019-02-19, 20:32:56, 23.78, 47.05
2019-02-19, 20:32:57, 23.76, 47.02
2019-02-19, 20:32:59, 23.76, 47.02
2019-02-19, 20:33:00, 23.77, 46.99
2019-02-19, 20:33:01, 23.78, 46.99
2019-02-19, 20:33:03, 23.78, 46.99
2019-02-19, 20:33:04, 23.78, 46.96
2019-02-19, 20:33:05, 23.77, 46.95
2019-02-19, 20:33:07, 23.78, 46.96
2019-02-19, 20:33:08, 23.77, 46.92
2019-02-19, 20:33:09, 23.78, 46.96
2019-02-19, 20:33:11, 23.78, 46.92
2019-02-19, 20:33:12, 23.78, 46.89
2019-02-19, 20:33:14, 23.78, 46.92
2019-02-19, 20:33:15, 23.78, 46.92
2019-02-19, 20:33:16, 23.78, 46.92
2019-02-19, 20:33:18, 23.78, 46.92
2019-02-19, 20:33:19, 23.79, 46.89
2019-02-19, 20:33:20, 23.8, 46.93
2019-02-19, 20:33:22, 23.8, 46.89
2019-02-19, 20:33:23, 23.78, 46.92
2019-02-19, 20:33:24, 23.78, 46.89
2019-02-19, 20:33:26, 23.78, 46.92
2019-02-19, 20:33:27, 23.79, 46.89
2019-02-19, 20:33:28, 23.78, 46.89
2019-02-19, 20:33:30, 23.8, 46.89
2019-02-19, 20:33:31, 23.8, 46.89
2019-02-19, 20:33:32, 23.79, 46.89
2019-02-19, 20:33:34, 23.8, 46.89
2019-02-19, 20:33:35, 23.8, 46.89
2019-02-19, 20:33:37, 23.8, 46.89
2019-02-19, 20:33:38, 23.8, 46.89
2019-02-19, 20:33:39, 23.79, 46.89
2019-02-19, 20:33:41, 23.8, 46.89
2019-02-19, 20:33:42, 23.79, 46.89
2019-02-19, 20:33:43, 23.78, 46.89
2019-02-19, 20:33:45, 23.78, 46.89
2019-02-19, 20:33:46, 23.78, 46.89
2019-02-19, 20:33:47, 23.8, 46.89
2019-02-19, 20:33:49, 23.79, 46.89
2019-02-19, 20:33:50, 23.8, 46.86
2019-02-19, 20:33:51, 23.8, 46.86
2019-02-19, 20:33:53, 23.79, 46.86
2019-02-19, 20:33:54, 23.8, 46.89
2019-02-19, 20:33:56, 23.79, 46.86
2019-02-19, 20:33:57, 23.8, 46.86
2019-02-19, 20:33:58, 23.8, 46.86
2019-02-19, 20:34:00, 23.79, 46.89
2019-02-19, 20:34:01, 23.8, 46.86
2019-02-19, 20:34:02, 23.8, 46.89
2019-02-19, 20:34:04, 23.79, 46.86
2019-02-19, 20:34:05, 23.79, 46.86
2019-02-19, 20:34:06, 23.78, 46.86
2019-02-19, 20:34:08, 23.8, 46.86
2019-02-19, 20:34:09, 23.81, 46.83
2019-02-19, 20:34:10, 23.8, 46.86
2019-02-19, 20:34:12, 23.8, 46.86
2019-02-19, 20:34:13, 23.79, 46.83
2019-02-19, 20:34:14, 23.8, 46.83
2019-02-19, 20:34:16, 23.8, 46.83
2019-02-19, 20:34:17, 23.8, 46.86
2019-02-19, 20:34:19, 23.8, 46.86
2019-02-19, 20:34:20, 23.8, 46.83
2019-02-19, 20:34:21, 23.8, 46.83
2019-02-19, 20:34:23, 23.8, 46.83
2019-02-19, 20:34:24, 23.8, 46.83
2019-02-19, 20:34:25, 23.8, 46.83
2019-02-19, 20:34:27, 23.8, 46.83
2019-02-19, 20:34:28, 23.8, 46.83
2019-02-19, 20:34:29, 23.79, 46.86
2019-02-19, 20:34:31, 23.79, 46.86
2019-02-19, 20:34:32, 23.79, 46.86
2019-02-19, 20:34:33, 23.78, 46.83
2019-02-19, 20:34:35, 23.79, 46.86
2019-02-19, 20:34:36, 23.78, 46.86
2019-02-19, 20:34:38, 23.79, 46.86
2019-02-19, 20:34:39, 23.79, 46.86
2019-02-19, 20:34:40, 23.8, 46.89
2019-02-19, 20:34:42, 23.79, 46.86
2019-02-19, 20:34:43, 23.79, 46.83
2019-02-19, 20:34:44, 23.79, 46.83
2019-02-19, 20:34:46, 23.81, 46.86
2019-02-19, 20:34:47, 23.8, 46.83
2019-02-19, 20:34:48, 23.75, 46.86
2019-02-19, 20:34:50, 23.79, 46.86
2019-02-19, 20:34:51, 23.8, 46.86
2019-02-19, 20:34:52, 23.8, 46.86
2019-02-19, 20:34:54, 23.78, 46.86
2019-02-19, 20:34:55, 23.8, 46.83
2019-02-19, 20:34:56, 23.82, 46.86
2019-02-19, 20:34:58, 23.82, 46.83
2019-02-19, 20:34:59, 23.81, 46.83
2019-02-19, 20:35:01, 23.8, 46.83
2019-02-19, 20:35:02, 23.81, 46.83
2019-02-19, 20:35:03, 23.82, 46.83
2019-02-19, 20:35:05, 23.81, 46.83
2019-02-19, 20:35:06, 23.8, 46.83
2019-02-19, 20:35:07, 23.81, 46.83
2019-02-19, 20:35:09, 23.82, 46.83
2019-02-19, 20:35:10, 23.81, 46.8
2019-02-19, 20:35:11, 23.82, 46.8
2019-02-19, 20:35:13, 23.82, 46.8
2019-02-19, 20:35:14, 23.82, 46.8
2019-02-19, 20:35:15, 23.82, 46.8
2019-02-19, 20:35:17, 23.82, 46.8
2019-02-19, 20:35:18, 23.83, 46.77
2019-02-19, 20:35:19, 23.82, 46.77
2019-02-19, 20:35:21, 23.84, 46.77
2019-02-19, 20:35:22, 23.84, 46.77
2019-02-19, 20:35:24, 23.84, 46.77
2019-02-19, 20:35:25, 23.83, 46.77
2019-02-19, 20:35:26, 23.84, 46.77
2019-02-19, 20:35:28, 23.83, 46.77
2019-02-19, 20:35:29, 23.84, 46.77
2019-02-19, 20:35:30, 23.84, 46.77
2019-02-19, 20:35:32, 23.85, 46.77
2019-02-19, 20:35:33, 23.83, 46.77
2019-02-19, 20:35:34, 23.85, 46.77
2019-02-19, 20:35:36, 23.86, 46.77
2019-02-19, 20:35:37, 23.84, 46.77
2019-02-19, 20:35:38, 23.85, 46.77
2019-02-19, 20:35:40, 23.86, 46.74
2019-02-19, 20:35:41, 23.86, 46.74
2019-02-19, 20:35:42, 23.86, 46.74
2019-02-19, 20:35:44, 23.85, 46.74
2019-02-19, 20:35:45, 23.86, 46.71
2019-02-19, 20:35:47, 23.85, 46.74
2019-02-19, 20:35:48, 23.85, 46.71
2019-02-19, 20:35:49, 23.86, 46.71
2019-02-19, 20:35:51, 23.86, 46.71
2019-02-19, 20:35:52, 23.86, 46.68
2019-02-19, 20:35:53, 23.86, 46.71
2019-02-19, 20:35:55, 23.86, 46.68
2019-02-19, 20:35:56, 23.86, 46.68
2019-02-19, 20:35:57, 23.87, 46.68
2019-02-19, 20:35:59, 23.86, 46.68
2019-02-19, 20:36:00, 23.87, 46.71
2019-02-19, 20:36:01, 23.86, 46.68
2019-02-19, 20:36:03, 23.87, 46.68
2019-02-19, 20:36:04, 23.86, 46.68
2019-02-19, 20:36:06, 23.88, 46.68
2019-02-19, 20:36:07, 23.88, 46.68
2019-02-19, 20:36:08, 23.89, 46.68
2019-02-19, 20:36:10, 23.88, 46.68
2019-02-19, 20:36:11, 23.87, 46.65
2019-02-19, 20:36:12, 23.88, 46.65
2019-02-19, 20:36:14, 23.88, 46.65
2019-02-19, 20:36:15, 23.89, 46.65
2019-02-19, 20:36:16, 23.9, 46.65
2019-02-19, 20:36:18, 23.89, 46.65
2019-02-19, 20:36:19, 23.89, 46.65
2019-02-19, 20:36:20, 23.89, 46.65
2019-02-19, 20:36:22, 23.88, 46.65
2019-02-19, 20:36:23, 23.89, 46.65
2019-02-19, 20:36:24, 23.89, 46.65
2019-02-19, 20:36:26, 23.88, 46.62
2019-02-19, 20:36:27, 23.89, 46.65
2019-02-19, 20:36:29, 23.89, 46.65
2019-02-19, 20:36:30, 23.89, 46.62
2019-02-19, 20:36:31, 23.89, 46.62
2019-02-19, 20:36:33, 23.89, 46.65
2019-02-19, 20:36:34, 23.9, 46.62
2019-02-19, 20:36:35, 23.91, 46.62
2019-02-19, 20:36:37, 23.89, 46.62
2019-02-19, 20:36:38, 23.9, 46.62
2019-02-19, 20:36:39, 23.91, 46.62
2019-02-19, 20:36:41, 23.9, 46.62
2019-02-19, 20:36:42, 23.9, 46.62
2019-02-19, 20:36:43, 23.9, 46.59
2019-02-19, 20:36:45, 23.91, 46.62
2019-02-19, 20:36:46, 23.91, 46.59
2019-02-19, 20:36:48, 23.78, 46.6
2019-02-19, 20:36:49, 23.88, 46.65
2019-02-19, 20:36:50, 23.88, 46.65
2019-02-19, 20:36:52, 23.9, 46.65
2019-02-19, 20:36:53, 23.9, 46.65
2019-02-19, 20:36:54, 23.89, 46.65
2019-02-19, 20:36:56, 23.9, 46.62
2019-02-19, 20:36:57, 23.91, 46.59
2019-02-19, 20:36:58, 23.89, 46.62
2019-02-19, 20:37:00, 23.92, 46.62
2019-02-19, 20:37:01, 23.9, 46.59
2019-02-19, 20:37:02, 23.92, 46.59
2019-02-19, 20:37:04, 23.92, 46.59
2019-02-19, 20:37:05, 23.91, 46.59
2019-02-19, 20:37:06, 23.91, 46.59
2019-02-19, 20:37:08, 23.92, 46.59
2019-02-19, 20:37:09, 23.91, 46.55
2019-02-19, 20:37:10, 23.93, 46.56
2019-02-19, 20:37:12, 23.93, 46.56
2019-02-19, 20:37:13, 23.93, 46.56
2019-02-19, 20:37:15, 23.92, 46.56
2019-02-19, 20:37:16, 23.93, 46.53
2019-02-19, 20:37:17, 23.78, 46.57
2019-02-19, 20:37:19, 23.89, 46.62
2019-02-19, 20:37:20, 23.9, 46.59
2019-02-19, 20:37:21, 23.91, 46.59
2019-02-19, 20:37:23, 23.89, 46.58
2019-02-19, 20:37:24, 23.92, 46.59
2019-02-19, 20:37:25, 23.91, 46.59
2019-02-19, 20:37:27, 23.91, 46.55
2019-02-19, 20:37:28, 23.91, 46.55
2019-02-19, 20:37:29, 23.91, 46.55
2019-02-19, 20:37:31, 23.91, 46.52
2019-02-19, 20:37:32, 23.91, 46.52
2019-02-19, 20:37:33, 23.92, 46.52
2019-02-19, 20:37:35, 23.92, 46.52
2019-02-19, 20:37:36, 23.93, 46.53
2019-02-19, 20:37:38, 23.93, 46.53
2019-02-19, 20:37:39, 23.94, 46.53
2019-02-19, 20:37:40, 23.93, 46.53
2019-02-19, 20:37:42, 23.94, 46.49
2019-02-19, 20:37:43, 23.94, 46.49
2019-02-19, 20:37:44, 23.94, 46.49
2019-02-19, 20:37:46, 23.94, 46.49
2019-02-19, 20:37:47, 23.95, 46.5
2019-02-19, 20:37:48, 23.94, 46.46
2019-02-19, 20:37:50, 23.95, 46.5
2019-02-19, 20:37:51, 23.94, 46.46
2019-02-19, 20:37:52, 23.95, 46.5
2019-02-19, 20:37:54, 23.95, 46.5
2019-02-19, 20:37:55, 23.95, 46.46
2019-02-19, 20:37:56, 23.95, 46.5
2019-02-19, 20:37:58, 23.95, 46.46
2019-02-19, 20:37:59, 23.95, 46.46
2019-02-19, 20:38:01, 23.95, 46.46
2019-02-19, 20:38:02, 23.95, 46.46
2019-02-19, 20:38:03, 23.96, 46.46
2019-02-19, 20:38:05, 23.96, 46.46
2019-02-19, 20:38:06, 23.96, 46.46
2019-02-19, 20:38:07, 23.96, 46.46
2019-02-19, 20:38:09, 23.96, 46.46
2019-02-19, 20:38:10, 23.96, 46.46
2019-02-19, 20:38:11, 23.96, 46.43
2019-02-19, 20:38:13, 23.96, 46.46
2019-02-19, 20:38:14, 23.97, 46.47
2019-02-19, 20:38:15, 23.96, 46.46
2019-02-19, 20:38:17, 23.96, 46.43
2019-02-19, 20:38:18, 23.95, 46.46
2019-02-19, 20:38:19, 23.96, 46.43
2019-02-19, 20:38:21, 23.91, 46.46
2019-02-19, 20:38:22, 23.94, 46.43
2019-02-19, 20:38:24, 23.94, 46.43
2019-02-19, 20:38:25, 23.96, 46.43
2019-02-19, 20:38:26, 23.95, 46.43
2019-02-19, 20:38:28, 23.96, 46.43
2019-02-19, 20:38:29, 23.96, 46.43
2019-02-19, 20:38:30, 23.96, 46.43
2019-02-19, 20:38:32, 23.96, 46.4
2019-02-19, 20:38:33, 23.96, 46.4
2019-02-19, 20:38:34, 23.96, 46.4
2019-02-19, 20:38:36, 23.96, 46.4
2019-02-19, 20:38:37, 23.97, 46.4
2019-02-19, 20:38:38, 23.98, 46.4
2019-02-19, 20:38:40, 23.97, 46.4
2019-02-19, 20:38:41, 23.97, 46.4
2019-02-19, 20:38:43, 23.97, 46.37
2019-02-19, 20:38:44, 23.98, 46.37
2019-02-19, 20:38:45, 23.97, 46.37
2019-02-19, 20:38:47, 23.97, 46.37
2019-02-19, 20:38:48, 23.98, 46.37
2019-02-19, 20:38:49, 23.98, 46.37
2019-02-19, 20:38:51, 23.98, 46.37
2019-02-19, 20:38:52, 23.97, 46.37
2019-02-19, 20:38:53, 23.98, 46.4
2019-02-19, 20:38:55, 23.98, 46.34
2019-02-19, 20:38:56, 23.98, 46.37
2019-02-19, 20:38:57, 23.98, 46.37
2019-02-19, 20:38:59, 23.98, 46.37
2019-02-19, 20:39:00, 23.98, 46.37
2019-02-19, 20:39:01, 23.97, 46.4
2019-02-19, 20:39:03, 23.97, 46.37
2019-02-19, 20:39:04, 23.97, 46.4
2019-02-19, 20:39:06, 23.97, 46.37
2019-02-19, 20:39:07, 23.97, 46.34
2019-02-19, 20:39:08, 23.97, 46.37
2019-02-19, 20:39:10, 23.98, 46.37
2019-02-19, 20:39:11, 23.96, 46.34
2019-02-19, 20:39:12, 23.97, 46.34
2019-02-19, 20:39:14, 23.99, 46.34
2019-02-19, 20:39:15, 23.97, 46.34
2019-02-19, 20:39:16, 23.97, 46.34
2019-02-19, 20:39:18, 23.98, 46.34
2019-02-19, 20:39:19, 23.98, 46.34
2019-02-19, 20:39:20, 23.99, 46.34
2019-02-19, 20:39:22, 23.99, 46.34
2019-02-19, 20:39:23, 23.99, 46.34
2019-02-19, 20:39:25, 23.99, 46.34
2019-02-19, 20:39:26, 23.99, 46.34
2019-02-19, 20:39:27, 23.99, 46.34
2019-02-19, 20:39:29, 23.98, 46.34
2019-02-19, 20:39:30, 23.99, 46.34
2019-02-19, 20:39:31, 23.98, 46.34
2019-02-19, 20:39:33, 23.98, 46.34
2019-02-19, 20:39:34, 23.98, 46.31
2019-02-19, 20:39:35, 23.99, 46.34
2019-02-19, 20:39:37, 23.98, 46.34
2019-02-19, 20:39:38, 23.98, 46.31
2019-02-19, 20:39:39, 23.99, 46.34
2019-02-19, 20:39:41, 23.99, 46.31
2019-02-19, 20:39:42, 24.01, 46.34
2019-02-19, 20:39:43, 24.0, 46.31
2019-02-19, 20:39:45, 23.98, 46.31
2019-02-19, 20:39:46, 23.99, 46.31
2019-02-19, 20:39:48, 23.99, 46.31
2019-02-19, 20:39:49, 23.99, 46.31
2019-02-19, 20:39:50, 23.88, 46.33
2019-02-19, 20:39:52, 23.96, 46.34
2019-02-19, 20:39:53, 23.98, 46.34
2019-02-19, 20:39:54, 23.97, 46.37
2019-02-19, 20:39:56, 23.97, 46.34
2019-02-19, 20:39:57, 23.98, 46.34
2019-02-19, 20:39:58, 23.99, 46.34
2019-02-19, 20:40:00, 23.99, 46.34
2019-02-19, 20:40:01, 23.99, 46.34
2019-02-19, 20:40:02, 24.0, 46.34
2019-02-19, 20:40:04, 24.0, 46.34
2019-02-19, 20:40:05, 23.98, 46.31
2019-02-19, 20:40:06, 23.98, 46.31
2019-02-19, 20:40:08, 23.99, 46.31
2019-02-19, 20:40:09, 23.99, 46.31
2019-02-19, 20:40:11, 24.0, 46.31
2019-02-19, 20:40:12, 23.98, 46.31
2019-02-19, 20:40:13, 24.0, 46.31
2019-02-19, 20:40:15, 24.0, 46.31
2019-02-19, 20:40:16, 24.0, 46.28
2019-02-19, 20:40:17, 23.99, 46.31
2019-02-19, 20:40:19, 23.99, 46.31
2019-02-19, 20:40:20, 24.0, 46.31
2019-02-19, 20:40:21, 24.01, 46.31
2019-02-19, 20:40:23, 24.0, 46.28
2019-02-19, 20:40:24, 24.01, 46.31
2019-02-19, 20:40:25, 24.0, 46.31
2019-02-19, 20:40:27, 24.0, 46.28
2019-02-19, 20:40:28, 24.0, 46.28
2019-02-19, 20:40:30, 24.01, 46.28
2019-02-19, 20:40:31, 24.02, 46.28
2019-02-19, 20:40:32, 24.01, 46.28
2019-02-19, 20:40:34, 24.01, 46.28
2019-02-19, 20:40:35, 24.02, 46.28
2019-02-19, 20:40:36, 24.01, 46.28
2019-02-19, 20:40:38, 24.01, 46.28
2019-02-19, 20:40:39, 24.0, 46.28
2019-02-19, 20:40:40, 24.02, 46.28
2019-02-19, 20:40:42, 24.02, 46.28
2019-02-19, 20:40:43, 24.02, 46.25
2019-02-19, 20:40:44, 24.0, 46.28
2019-02-19, 20:40:46, 24.02, 46.28
2019-02-19, 20:40:47, 24.02, 46.25
2019-02-19, 20:40:49, 24.02, 46.25
2019-02-19, 20:40:50, 24.02, 46.25
2019-02-19, 20:40:51, 24.02, 46.25
2019-02-19, 20:40:53, 24.01, 46.25
2019-02-19, 20:40:54, 24.02, 46.25
2019-02-19, 20:40:55, 24.01, 46.25
2019-02-19, 20:40:57, 24.02, 46.25
2019-02-19, 20:40:58, 24.02, 46.22
2019-02-19, 20:40:59, 24.02, 46.22
2019-02-19, 20:41:01, 24.0, 46.21
2019-02-19, 20:41:02, 24.02, 46.22
2019-02-19, 20:41:03, 24.02, 46.22
2019-02-19, 20:41:05, 24.02, 46.28
2019-02-19, 20:41:06, 24.03, 46.25
2019-02-19, 20:41:07, 24.02, 46.25
2019-02-19, 20:41:09, 24.03, 46.25
2019-02-19, 20:41:10, 24.04, 46.22
2019-02-19, 20:41:12, 24.03, 46.22
2019-02-19, 20:41:13, 24.03, 46.22
2019-02-19, 20:41:14, 23.93, 46.2
2019-02-19, 20:41:16, 24.0, 46.24
2019-02-19, 20:41:17, 24.01, 46.28
2019-02-19, 20:41:18, 24.02, 46.25
2019-02-19, 20:41:20, 24.0, 46.28
2019-02-19, 20:41:21, 24.02, 46.25
2019-02-19, 20:41:22, 24.02, 46.22
2019-02-19, 20:41:24, 24.03, 46.22
2019-02-19, 20:41:25, 24.02, 46.22
2019-02-19, 20:41:26, 24.03, 46.22
2019-02-19, 20:41:28, 24.03, 46.22
2019-02-19, 20:41:29, 24.03, 46.22
2019-02-19, 20:41:30, 24.03, 46.22
2019-02-19, 20:41:32, 24.02, 46.22
2019-02-19, 20:41:33, 24.04, 46.22
2019-02-19, 20:41:35, 24.03, 46.18
2019-02-19, 20:41:36, 24.04, 46.19
2019-02-19, 20:41:37, 24.03, 46.18
2019-02-19, 20:41:39, 24.04, 46.19
2019-02-19, 20:41:40, 24.04, 46.19
2019-02-19, 20:41:41, 24.03, 46.18
2019-02-19, 20:41:43, 24.03, 46.15
2019-02-19, 20:41:44, 24.03, 46.18
2019-02-19, 20:41:45, 24.04, 46.19
2019-02-19, 20:41:47, 24.04, 46.19
2019-02-19, 20:41:48, 24.04, 46.15
2019-02-19, 20:41:49, 24.04, 46.19
2019-02-19, 20:41:51, 24.03, 46.18
2019-02-19, 20:41:52, 24.03, 46.18
2019-02-19, 20:41:53, 24.04, 46.19
2019-02-19, 20:41:55, 24.04, 46.15
2019-02-19, 20:41:56, 24.04, 46.19
2019-02-19, 20:41:58, 24.03, 46.15
2019-02-19, 20:41:59, 24.04, 46.19
2019-02-19, 20:42:00, 24.04, 46.15
2019-02-19, 20:42:02, 24.04, 46.15
2019-02-19, 20:42:03, 24.04, 46.15
2019-02-19, 20:42:04, 24.04, 46.22
2019-02-19, 20:42:06, 24.04, 46.19
2019-02-19, 20:42:07, 24.04, 46.19
2019-02-19, 20:42:08, 24.04, 46.22
2019-02-19, 20:42:10, 24.04, 46.15
2019-02-19, 20:42:11, 24.04, 46.19
2019-02-19, 20:42:12, 24.04, 46.19
2019-02-19, 20:42:14, 23.91, 46.2
2019-02-19, 20:42:15, 24.01, 46.21
2019-02-19, 20:42:16, 24.02, 46.22
2019-02-19, 20:42:18, 24.03, 46.22
2019-02-19, 20:42:19, 24.03, 46.22
2019-02-19, 20:42:21, 24.03, 46.22
2019-02-19, 20:42:22, 24.04, 46.22
2019-02-19, 20:42:23, 24.04, 46.15
2019-02-19, 20:42:25, 24.04, 46.19
2019-02-19, 20:42:26, 24.04, 46.19
2019-02-19, 20:42:27, 24.04, 46.19
2019-02-19, 20:42:29, 24.04, 46.19
2019-02-19, 20:42:30, 24.03, 46.15
2019-02-19, 20:42:31, 24.04, 46.19
2019-02-19, 20:42:33, 24.05, 46.15
2019-02-19, 20:42:34, 24.05, 46.15
2019-02-19, 20:42:35, 24.06, 46.16
2019-02-19, 20:42:37, 24.04, 46.15
2019-02-19, 20:42:38, 24.04, 46.15
2019-02-19, 20:42:39, 24.05, 46.15
2019-02-19, 20:42:41, 24.05, 46.15
2019-02-19, 20:42:42, 24.05, 46.15
2019-02-19, 20:42:44, 23.91, 46.17
2019-02-19, 20:42:45, 24.01, 46.18
2019-02-19, 20:42:46, 24.01, 46.21
2019-02-19, 20:42:48, 24.04, 46.22
2019-02-19, 20:42:49, 24.04, 46.19
2019-02-19, 20:42:50, 24.05, 46.19
2019-02-19, 20:42:52, 24.05, 46.19
2019-02-19, 20:42:53, 24.04, 46.15
2019-02-19, 20:42:54, 24.04, 46.15
2019-02-19, 20:42:56, 24.06, 46.16
2019-02-19, 20:42:57, 24.06, 46.16
2019-02-19, 20:42:58, 24.04, 46.15
2019-02-19, 20:43:00, 24.04, 46.15
2019-02-19, 20:43:01, 24.04, 46.15
2019-02-19, 20:43:02, 24.04, 46.15
2019-02-19, 20:43:04, 24.03, 46.12
2019-02-19, 20:43:05, 24.04, 46.12
2019-02-19, 20:43:07, 24.05, 46.12
2019-02-19, 20:43:08, 24.06, 46.12
2019-02-19, 20:43:09, 24.04, 46.12
2019-02-19, 20:43:11, 24.04, 46.12
2019-02-19, 20:43:12, 24.05, 46.09
2019-02-19, 20:43:13, 23.89, 46.13
2019-02-19, 20:43:15, 24.0, 46.21
2019-02-19, 20:43:16, 24.03, 46.22
2019-02-19, 20:43:17, 24.03, 46.22
2019-02-19, 20:43:19, 24.03, 46.15
2019-02-19, 20:43:20, 24.03, 46.15
2019-02-19, 20:43:21, 24.04, 46.15
2019-02-19, 20:43:23, 24.02, 46.15
2019-02-19, 20:43:24, 24.02, 46.15
2019-02-19, 20:43:25, 24.02, 46.12
2019-02-19, 20:43:27, 24.02, 46.15
2019-02-19, 20:43:28, 24.01, 46.12
2019-02-19, 20:43:30, 24.02, 46.12
2019-02-19, 20:43:31, 24.03, 46.12
2019-02-19, 20:43:32, 24.03, 46.12
2019-02-19, 20:43:34, 24.04, 46.15
2019-02-19, 20:43:35, 24.03, 46.15
2019-02-19, 20:43:36, 24.04, 46.12
2019-02-19, 20:43:38, 24.05, 46.15
2019-02-19, 20:43:39, 24.04, 46.15
2019-02-19, 20:43:40, 24.04, 46.15
2019-02-19, 20:43:42, 24.03, 46.12
2019-02-19, 20:43:43, 23.89, 46.13
2019-02-19, 20:43:44, 24.0, 46.21
2019-02-19, 20:43:46, 24.0, 46.21
2019-02-19, 20:43:47, 24.02, 46.22
2019-02-19, 20:43:49, 24.02, 46.22
2019-02-19, 20:43:50, 24.02, 46.18
2019-02-19, 20:43:51, 24.02, 46.18
2019-02-19, 20:43:53, 24.02, 46.18
2019-02-19, 20:43:54, 24.02, 46.18
2019-02-19, 20:43:55, 24.02, 46.15
2019-02-19, 20:43:57, 24.02, 46.15
2019-02-19, 20:43:58, 24.02, 46.15
2019-02-19, 20:43:59, 24.02, 46.15
2019-02-19, 20:44:01, 24.03, 46.15
2019-02-19, 20:44:02, 24.02, 46.15
2019-02-19, 20:44:03, 24.02, 46.12
2019-02-19, 20:44:05, 24.03, 46.12
2019-02-19, 20:44:06, 24.02, 46.12
2019-02-19, 20:44:07, 24.03, 46.12
2019-02-19, 20:44:09, 24.02, 46.12
2019-02-19, 20:44:10, 24.02, 46.12
2019-02-19, 20:44:12, 24.02, 46.12
2019-02-19, 20:44:13, 23.86, 46.13
2019-02-19, 20:44:14, 23.97, 46.21
2019-02-19, 20:44:16, 23.98, 46.21
2019-02-19, 20:44:17, 24.0, 46.21
2019-02-19, 20:44:18, 24.01, 46.21
2019-02-19, 20:44:20, 24.0, 46.18
2019-02-19, 20:44:21, 24.0, 46.15
2019-02-19, 20:44:22, 24.02, 46.15
2019-02-19, 20:44:24, 24.03, 46.18
2019-02-19, 20:44:25, 24.01, 46.18
2019-02-19, 20:44:26, 24.02, 46.15
2019-02-19, 20:44:28, 24.02, 46.15
2019-02-19, 20:44:29, 24.01, 46.15
2019-02-19, 20:44:30, 24.01, 46.15
2019-02-19, 20:44:32, 24.01, 46.15
2019-02-19, 20:44:33, 24.01, 46.15
2019-02-19, 20:44:35, 24.02, 46.15
2019-02-19, 20:44:36, 24.01, 46.18
2019-02-19, 20:44:37, 24.01, 46.18
2019-02-19, 20:44:39, 24.02, 46.15
2019-02-19, 20:44:40, 24.01, 46.15
2019-02-19, 20:44:41, 24.02, 46.15
2019-02-19, 20:44:43, 24.01, 46.15
2019-02-19, 20:44:44, 24.02, 46.15
2019-02-19, 20:44:45, 24.01, 46.15
2019-02-19, 20:44:47, 24.01, 46.15
2019-02-19, 20:44:48, 24.0, 46.15
2019-02-19, 20:44:49, 24.02, 46.15
2019-02-19, 20:44:51, 24.01, 46.15
2019-02-19, 20:44:52, 24.01, 46.15
2019-02-19, 20:44:53, 24.0, 46.15
2019-02-19, 20:44:55, 24.01, 46.15
2019-02-19, 20:44:56, 24.02, 46.15
2019-02-19, 20:44:58, 24.02, 46.15
2019-02-19, 20:44:59, 24.0, 46.15
2019-02-19, 20:45:00, 24.0, 46.15
2019-02-19, 20:45:02, 24.02, 46.15
2019-02-19, 20:45:03, 24.02, 46.15
2019-02-19, 20:45:04, 24.02, 46.12
2019-02-19, 20:45:06, 24.0, 46.12
2019-02-19, 20:45:07, 24.01, 46.12
2019-02-19, 20:45:08, 24.01, 46.15
2019-02-19, 20:45:10, 24.01, 46.15
2019-02-19, 20:45:11, 24.03, 46.12
2019-02-19, 20:45:12, 24.02, 46.15
2019-02-19, 20:45:14, 24.02, 46.12
2019-02-19, 20:45:15, 24.03, 46.12
2019-02-19, 20:45:16, 24.02, 46.15
2019-02-19, 20:45:18, 24.03, 46.15
2019-02-19, 20:45:19, 24.02, 46.12
2019-02-19, 20:45:21, 24.02, 46.12
2019-02-19, 20:45:22, 24.02, 46.12
2019-02-19, 20:45:23, 24.03, 46.12
2019-02-19, 20:45:25, 24.03, 46.12
2019-02-19, 20:45:26, 24.02, 46.12
2019-02-19, 20:45:27, 24.04, 46.15
2019-02-19, 20:45:29, 24.05, 46.15
2019-02-19, 20:45:30, 24.04, 46.15
2019-02-19, 20:45:31, 24.02, 46.15
2019-02-19, 20:45:33, 24.02, 46.15
2019-02-19, 20:45:34, 24.03, 46.15
2019-02-19, 20:45:35, 24.02, 46.12
2019-02-19, 20:45:37, 24.02, 46.12
2019-02-19, 20:45:38, 24.03, 46.12
2019-02-19, 20:45:40, 24.03, 46.09
2019-02-19, 20:45:41, 24.03, 46.12
2019-02-19, 20:45:42, 24.02, 46.09
2019-02-19, 20:45:44, 24.02, 46.12
2019-02-19, 20:45:45, 24.03, 46.12
2019-02-19, 20:45:46, 24.02, 46.12
2019-02-19, 20:45:48, 24.02, 46.12
2019-02-19, 20:45:49, 24.03, 46.09
2019-02-19, 20:45:50, 24.04, 46.12
2019-02-19, 20:45:52, 24.02, 46.09
2019-02-19, 20:45:53, 24.03, 46.12
2019-02-19, 20:45:54, 24.02, 46.09
2019-02-19, 20:45:56, 24.03, 46.09
2019-02-19, 20:45:57, 24.04, 46.09
2019-02-19, 20:45:58, 24.03, 46.09
2019-02-19, 20:46:00, 24.01, 46.09
2019-02-19, 20:46:01, 24.03, 46.09
2019-02-19, 20:46:03, 24.02, 46.09
2019-02-19, 20:46:04, 24.03, 46.09
2019-02-19, 20:46:05, 24.03, 46.09
2019-02-19, 20:46:07, 24.03, 46.09
2019-02-19, 20:46:08, 24.03, 46.09
2019-02-19, 20:46:09, 24.01, 46.09
2019-02-19, 20:46:11, 24.02, 46.09
2019-02-19, 20:46:12, 24.02, 46.09
2019-02-19, 20:46:13, 24.02, 46.09
2019-02-19, 20:46:15, 24.04, 46.09
2019-02-19, 20:46:16, 24.03, 46.09
2019-02-19, 20:46:17, 24.02, 46.09
2019-02-19, 20:46:19, 24.02, 46.09
2019-02-19, 20:46:20, 24.02, 46.09
2019-02-19, 20:46:22, 24.02, 46.09
2019-02-19, 20:46:23, 24.02, 46.09
2019-02-19, 20:46:24, 24.02, 46.09
2019-02-19, 20:46:26, 24.03, 46.12
2019-02-19, 20:46:27, 24.02, 46.09
2019-02-19, 20:46:28, 24.02, 46.09
2019-02-19, 20:46:30, 24.02, 46.09
2019-02-19, 20:46:31, 24.03, 46.09
2019-02-19, 20:46:32, 24.02, 46.09
2019-02-19, 20:46:34, 24.02, 46.09
2019-02-19, 20:46:35, 24.02, 46.09
2019-02-19, 20:46:36, 24.02, 46.09
2019-02-19, 20:46:38, 24.04, 46.09
2019-02-19, 20:46:39, 24.01, 46.09
2019-02-19, 20:46:40, 24.02, 46.09
2019-02-19, 20:46:42, 24.01, 46.09
2019-02-19, 20:46:43, 24.02, 46.09
2019-02-19, 20:46:45, 24.02, 46.09
2019-02-19, 20:46:46, 23.86, 46.1
2019-02-19, 20:46:47, 23.98, 46.15
2019-02-19, 20:46:49, 23.99, 46.18
2019-02-19, 20:46:50, 23.98, 46.15
2019-02-19, 20:46:51, 24.0, 46.18
2019-02-19, 20:46:53, 24.01, 46.15
2019-02-19, 20:46:54, 24.01, 46.15
2019-02-19, 20:46:55, 24.01, 46.15
2019-02-19, 20:46:57, 24.0, 46.15
2019-02-19, 20:46:58, 24.02, 46.15
2019-02-19, 20:46:59, 24.0, 46.15
2019-02-19, 20:47:01, 24.0, 46.15
2019-02-19, 20:47:02, 24.01, 46.15
2019-02-19, 20:47:04, 24.01, 46.12
2019-02-19, 20:47:05, 24.01, 46.15
2019-02-19, 20:47:06, 24.0, 46.15
2019-02-19, 20:47:08, 24.01, 46.15
2019-02-19, 20:47:09, 24.0, 46.15
2019-02-19, 20:47:10, 23.89, 46.13
2019-02-19, 20:47:12, 23.97, 46.14
2019-02-19, 20:47:13, 23.98, 46.18
2019-02-19, 20:47:14, 23.99, 46.15
2019-02-19, 20:47:16, 24.0, 46.15
2019-02-19, 20:47:17, 24.0, 46.15
2019-02-19, 20:47:19, 23.99, 46.15
2019-02-19, 20:47:20, 24.0, 46.15
2019-02-19, 20:47:21, 24.01, 46.15
2019-02-19, 20:47:23, 24.0, 46.12
2019-02-19, 20:47:24, 24.0, 46.12
2019-02-19, 20:47:25, 24.01, 46.12
2019-02-19, 20:47:27, 24.0, 46.12
2019-02-19, 20:47:28, 24.02, 46.12
2019-02-19, 20:47:29, 24.0, 46.12
2019-02-19, 20:47:31, 24.01, 46.12
2019-02-19, 20:47:32, 24.01, 46.12
2019-02-19, 20:47:33, 24.01, 46.09
2019-02-19, 20:47:35, 24.02, 46.15
2019-02-19, 20:47:36, 24.02, 46.12
2019-02-19, 20:47:38, 24.01, 46.09
2019-02-19, 20:47:39, 24.01, 46.12
2019-02-19, 20:47:40, 24.0, 46.08
2019-02-19, 20:47:42, 24.02, 46.12
2019-02-19, 20:47:43, 24.01, 46.09
2019-02-19, 20:47:44, 24.02, 46.12
2019-02-19, 20:47:46, 24.01, 46.12
2019-02-19, 20:47:47, 24.02, 46.12
2019-02-19, 20:47:48, 24.02, 46.09
2019-02-19, 20:47:50, 24.01, 46.12
2019-02-19, 20:47:51, 24.01, 46.09
2019-02-19, 20:47:52, 24.02, 46.09
2019-02-19, 20:47:54, 24.02, 46.12
2019-02-19, 20:47:55, 24.02, 46.12
2019-02-19, 20:47:57, 24.02, 46.12
2019-02-19, 20:47:58, 24.02, 46.12
2019-02-19, 20:47:59, 24.02, 46.12
2019-02-19, 20:48:01, 24.02, 46.12
2019-02-19, 20:48:02, 24.02, 46.12
2019-02-19, 20:48:03, 24.02, 46.09
2019-02-19, 20:48:05, 24.02, 46.12
2019-02-19, 20:48:06, 24.01, 46.12
2019-02-19, 20:48:07, 24.01, 46.12
2019-02-19, 20:48:09, 24.02, 46.12
2019-02-19, 20:48:10, 23.86, 46.13
2019-02-19, 20:48:11, 23.97, 46.21
2019-02-19, 20:48:13, 23.99, 46.21
2019-02-19, 20:48:14, 23.99, 46.21
2019-02-19, 20:48:15, 24.0, 46.18
2019-02-19, 20:48:17, 24.0, 46.18
2019-02-19, 20:48:18, 24.01, 46.15
2019-02-19, 20:48:20, 24.01, 46.15
2019-02-19, 20:48:21, 24.01, 46.15
2019-02-19, 20:48:22, 24.01, 46.15
2019-02-19, 20:48:24, 24.0, 46.15
2019-02-19, 20:48:25, 24.02, 46.15
2019-02-19, 20:48:26, 24.0, 46.15
2019-02-19, 20:48:28, 24.02, 46.15
2019-02-19, 20:48:29, 24.01, 46.15
2019-02-19, 20:48:30, 24.02, 46.15
2019-02-19, 20:48:32, 24.02, 46.15
2019-02-19, 20:48:33, 24.02, 46.15
2019-02-19, 20:48:34, 24.02, 46.15
2019-02-19, 20:48:36, 24.02, 46.15
2019-02-19, 20:48:37, 24.01, 46.15
2019-02-19, 20:48:38, 24.03, 46.15
2019-02-19, 20:48:40, 24.02, 46.15
2019-02-19, 20:48:41, 24.02, 46.15
2019-02-19, 20:48:43, 24.01, 46.15
2019-02-19, 20:48:44, 24.01, 46.15
2019-02-19, 20:48:45, 24.01, 46.15
2019-02-19, 20:48:47, 24.0, 46.15
2019-02-19, 20:48:48, 24.01, 46.15
2019-02-19, 20:48:49, 24.0, 46.15
2019-02-19, 20:48:51, 24.0, 46.15
2019-02-19, 20:48:52, 24.0, 46.15
2019-02-19, 20:48:53, 24.0, 46.15
2019-02-19, 20:48:55, 24.0, 46.15
2019-02-19, 20:48:56, 24.01, 46.15
2019-02-19, 20:48:57, 24.01, 46.15
2019-02-19, 20:48:59, 24.01, 46.15
2019-02-19, 20:49:00, 24.0, 46.15
2019-02-19, 20:49:02, 24.0, 46.15
2019-02-19, 20:49:03, 23.99, 46.15
2019-02-19, 20:49:04, 24.0, 46.12
2019-02-19, 20:49:06, 23.99, 46.11
2019-02-19, 20:49:07, 24.0, 46.12
2019-02-19, 20:49:08, 24.0, 46.12
2019-02-19, 20:49:10, 24.0, 46.12
2019-02-19, 20:49:11, 24.0, 46.12
2019-02-19, 20:49:12, 24.0, 46.15
2019-02-19, 20:49:14, 24.0, 46.15
2019-02-19, 20:49:15, 23.99, 46.11
2019-02-19, 20:49:16, 24.0, 46.15
2019-02-19, 20:49:18, 24.0, 46.15
2019-02-19, 20:49:19, 23.99, 46.11
2019-02-19, 20:49:20, 24.0, 46.12
2019-02-19, 20:49:22, 24.0, 46.15
2019-02-19, 20:49:23, 23.99, 46.11
2019-02-19, 20:49:25, 24.0, 46.12
2019-02-19, 20:49:26, 24.0, 46.12
2019-02-19, 20:49:27, 24.01, 46.12
2019-02-19, 20:49:29, 24.01, 46.15
2019-02-19, 20:49:30, 24.0, 46.12
2019-02-19, 20:49:31, 24.01, 46.12
2019-02-19, 20:49:33, 24.0, 46.12
2019-02-19, 20:49:34, 24.0, 46.12
2019-02-19, 20:49:35, 24.0, 46.12
2019-02-19, 20:49:37, 23.99, 46.11
2019-02-19, 20:49:38, 24.0, 46.12
2019-02-19, 20:49:39, 23.99, 46.15
2019-02-19, 20:49:41, 24.0, 46.12
2019-02-19, 20:49:42, 23.99, 46.08
2019-02-19, 20:49:44, 23.9, 46.14
2019-02-19, 20:49:45, 23.96, 46.18
2019-02-19, 20:49:46, 23.97, 46.14
2019-02-19, 20:49:48, 23.97, 46.14
2019-02-19, 20:49:49, 24.0, 46.15
2019-02-19, 20:49:50, 24.0, 46.15
2019-02-19, 20:49:52, 23.98, 46.15
2019-02-19, 20:49:53, 23.99, 46.15
2019-02-19, 20:49:54, 23.99, 46.15
2019-02-19, 20:49:56, 23.99, 46.15
2019-02-19, 20:49:57, 23.99, 46.11
2019-02-19, 20:49:58, 24.0, 46.12
2019-02-19, 20:50:00, 23.99, 46.11
2019-02-19, 20:50:01, 24.0, 46.12
2019-02-19, 20:50:02, 23.98, 46.11
2019-02-19, 20:50:04, 24.0, 46.15
2019-02-19, 20:50:05, 23.99, 46.15
2019-02-19, 20:50:07, 23.99, 46.15
2019-02-19, 20:50:08, 23.98, 46.15
2019-02-19, 20:50:09, 23.98, 46.15
2019-02-19, 20:50:11, 23.99, 46.15
2019-02-19, 20:50:12, 24.0, 46.15
2019-02-19, 20:50:13, 23.99, 46.15
2019-02-19, 20:50:15, 23.99, 46.15
2019-02-19, 20:50:16, 23.99, 46.15
2019-02-19, 20:50:17, 24.0, 46.15
2019-02-19, 20:50:19, 23.99, 46.15
2019-02-19, 20:50:20, 23.98, 46.15
2019-02-19, 20:50:21, 23.98, 46.15
2019-02-19, 20:50:23, 23.97, 46.11
2019-02-19, 20:50:24, 23.98, 46.15
2019-02-19, 20:50:25, 23.98, 46.15
2019-02-19, 20:50:27, 23.98, 46.11
2019-02-19, 20:50:28, 24.0, 46.12
2019-02-19, 20:50:30, 24.0, 46.15
2019-02-19, 20:50:31, 23.98, 46.15
2019-02-19, 20:50:32, 23.99, 46.11
2019-02-19, 20:50:34, 23.99, 46.15
2019-02-19, 20:50:35, 23.99, 46.15
2019-02-19, 20:50:36, 24.0, 46.15
2019-02-19, 20:50:38, 23.99, 46.15
2019-02-19, 20:50:39, 23.99, 46.15
2019-02-19, 20:50:40, 23.98, 46.15
2019-02-19, 20:50:42, 23.99, 46.15
2019-02-19, 20:50:43, 23.99, 46.15
2019-02-19, 20:50:44, 23.99, 46.15
2019-02-19, 20:50:46, 23.99, 46.15
2019-02-19, 20:50:47, 24.0, 46.15
2019-02-19, 20:50:49, 24.0, 46.15
2019-02-19, 20:50:50, 23.99, 46.15
2019-02-19, 20:50:51, 23.99, 46.15
2019-02-19, 20:50:53, 24.0, 46.15
2019-02-19, 20:50:54, 23.98, 46.15
2019-02-19, 20:50:55, 23.99, 46.15
2019-02-19, 20:50:57, 23.99, 46.15
2019-02-19, 20:50:58, 24.0, 46.15
2019-02-19, 20:50:59, 23.98, 46.15
2019-02-19, 20:51:01, 23.99, 46.15
2019-02-19, 20:51:02, 23.98, 46.15
2019-02-19, 20:51:03, 23.98, 46.15
2019-02-19, 20:51:05, 24.0, 46.15
2019-02-19, 20:51:06, 23.98, 46.15
2019-02-19, 20:51:07, 24.0, 46.15
2019-02-19, 20:51:09, 23.99, 46.15
2019-02-19, 20:51:10, 23.99, 46.15
2019-02-19, 20:51:12, 23.98, 46.15
2019-02-19, 20:51:13, 23.98, 46.15
2019-02-19, 20:51:14, 23.97, 46.14
2019-02-19, 20:51:16, 23.99, 46.11
2019-02-19, 20:51:17, 23.98, 46.11
2019-02-19, 20:51:18, 23.98, 46.11
2019-02-19, 20:51:20, 23.97, 46.11
2019-02-19, 20:51:21, 23.98, 46.11
2019-02-19, 20:51:22, 23.98, 46.15
2019-02-19, 20:51:24, 23.97, 46.14
2019-02-19, 20:51:25, 23.96, 46.14
2019-02-19, 20:51:26, 23.96, 46.14
2019-02-19, 20:51:28, 23.96, 46.14
2019-02-19, 20:51:29, 23.97, 46.14
2019-02-19, 20:51:31, 23.96, 46.14
2019-02-19, 20:51:32, 23.98, 46.11
2019-02-19, 20:51:33, 23.96, 46.14
2019-02-19, 20:51:35, 23.96, 46.14
2019-02-19, 20:51:36, 23.94, 46.14
2019-02-19, 20:51:37, 23.85, 46.13
2019-02-19, 20:51:39, 23.93, 46.17
2019-02-19, 20:51:40, 23.95, 46.17
2019-02-19, 20:51:41, 23.95, 46.21
2019-02-19, 20:51:43, 23.8, 46.19
2019-02-19, 20:51:44, 23.91, 46.27
2019-02-19, 20:51:45, 23.93, 46.27
2019-02-19, 20:51:47, 23.94, 46.27
2019-02-19, 20:51:48, 23.96, 46.27
2019-02-19, 20:51:50, 23.94, 46.24
2019-02-19, 20:51:51, 23.95, 46.21
2019-02-19, 20:51:52, 23.94, 46.24
2019-02-19, 20:51:54, 23.95, 46.24
2019-02-19, 20:51:55, 23.96, 46.21
2019-02-19, 20:51:56, 23.96, 46.21
2019-02-19, 20:51:58, 23.96, 46.21
2019-02-19, 20:51:59, 23.96, 46.21
2019-02-19, 20:52:00, 23.96, 46.21
2019-02-19, 20:52:02, 23.96, 46.18
2019-02-19, 20:52:03, 23.95, 46.21
2019-02-19, 20:52:04, 23.96, 46.21
2019-02-19, 20:52:06, 23.95, 46.21
2019-02-19, 20:52:07, 23.84, 46.19
2019-02-19, 20:52:08, 23.93, 46.24
2019-02-19, 20:52:10, 23.94, 46.27
2019-02-19, 20:52:11, 23.95, 46.24
2019-02-19, 20:52:13, 23.96, 46.24
2019-02-19, 20:52:14, 23.95, 46.24
2019-02-19, 20:52:15, 23.96, 46.21
2019-02-19, 20:52:17, 23.96, 46.21
2019-02-19, 20:52:18, 23.96, 46.21
2019-02-19, 20:52:19, 23.94, 46.21
2019-02-19, 20:52:21, 23.95, 46.21
2019-02-19, 20:52:22, 23.95, 46.21
2019-02-19, 20:52:23, 23.95, 46.21
2019-02-19, 20:52:25, 23.96, 46.21
2019-02-19, 20:52:26, 23.96, 46.21
2019-02-19, 20:52:27, 23.96, 46.18
2019-02-19, 20:52:29, 23.96, 46.18
2019-02-19, 20:52:30, 23.97, 46.18
2019-02-19, 20:52:32, 23.96, 46.18
2019-02-19, 20:52:33, 23.97, 46.18
2019-02-19, 20:52:34, 23.96, 46.14
2019-02-19, 20:52:36, 23.96, 46.14
2019-02-19, 20:52:37, 23.84, 46.19
2019-02-19, 20:52:38, 23.93, 46.24
2019-02-19, 20:52:40, 23.94, 46.21
2019-02-19, 20:52:41, 23.94, 46.24
2019-02-19, 20:52:42, 23.95, 46.24
2019-02-19, 20:52:44, 23.95, 46.21
2019-02-19, 20:52:45, 23.96, 46.21
2019-02-19, 20:52:46, 23.97, 46.18
2019-02-19, 20:52:48, 23.95, 46.21
2019-02-19, 20:52:49, 23.98, 46.21
2019-02-19, 20:52:50, 23.97, 46.21
2019-02-19, 20:52:52, 23.97, 46.18
2019-02-19, 20:52:53, 23.96, 46.21
2019-02-19, 20:52:55, 23.96, 46.21
2019-02-19, 20:52:56, 23.97, 46.21
2019-02-19, 20:52:57, 23.96, 46.21
2019-02-19, 20:52:59, 23.96, 46.18
2019-02-19, 20:53:00, 23.96, 46.21
2019-02-19, 20:53:01, 23.96, 46.21
2019-02-19, 20:53:03, 23.95, 46.17
2019-02-19, 20:53:04, 23.95, 46.17
2019-02-19, 20:53:05, 23.96, 46.18
2019-02-19, 20:53:07, 23.95, 46.17
2019-02-19, 20:53:08, 23.96, 46.21
2019-02-19, 20:53:09, 23.95, 46.17
2019-02-19, 20:53:11, 23.96, 46.18
2019-02-19, 20:53:12, 23.96, 46.21
2019-02-19, 20:53:14, 23.97, 46.14
2019-02-19, 20:53:15, 23.96, 46.18
2019-02-19, 20:53:16, 23.96, 46.21
2019-02-19, 20:53:18, 23.96, 46.18
2019-02-19, 20:53:19, 23.96, 46.18
2019-02-19, 20:53:20, 23.96, 46.18
2019-02-19, 20:53:22, 23.98, 46.18
2019-02-19, 20:53:23, 23.96, 46.18
2019-02-19, 20:53:24, 23.98, 46.18
2019-02-19, 20:53:26, 23.98, 46.18
2019-02-19, 20:53:27, 23.97, 46.21
2019-02-19, 20:53:28, 23.96, 46.14
2019-02-19, 20:53:30, 23.97, 46.18
2019-02-19, 20:53:31, 23.96, 46.18
2019-02-19, 20:53:33, 23.96, 46.18
2019-02-19, 20:53:34, 23.97, 46.18
2019-02-19, 20:53:35, 23.95, 46.17
2019-02-19, 20:53:37, 23.96, 46.14
2019-02-19, 20:53:38, 23.96, 46.18
2019-02-19, 20:53:39, 23.96, 46.18
2019-02-19, 20:53:41, 23.96, 46.14
2019-02-19, 20:53:42, 23.96, 46.14
2019-02-19, 20:53:43, 23.96, 46.14
2019-02-19, 20:53:45, 23.97, 46.18
2019-02-19, 20:53:46, 23.96, 46.18
2019-02-19, 20:53:47, 23.97, 46.18
2019-02-19, 20:53:49, 23.96, 46.18
2019-02-19, 20:53:50, 23.96, 46.18
2019-02-19, 20:53:51, 23.96, 46.14
2019-02-19, 20:53:53, 23.97, 46.18
2019-02-19, 20:53:54, 23.96, 46.18
2019-02-19, 20:53:56, 23.98, 46.18
2019-02-19, 20:53:57, 23.96, 46.14
2019-02-19, 20:53:58, 23.95, 46.14
2019-02-19, 20:54:00, 23.96, 46.14
2019-02-19, 20:54:01, 23.96, 46.14
2019-02-19, 20:54:02, 23.97, 46.14
2019-02-19, 20:54:04, 23.97, 46.14
2019-02-19, 20:54:05, 23.97, 46.14
2019-02-19, 20:54:06, 23.98, 46.15
2019-02-19, 20:54:08, 23.97, 46.14
2019-02-19, 20:54:09, 23.96, 46.14
2019-02-19, 20:54:10, 23.96, 46.14
2019-02-19, 20:54:12, 23.96, 46.18
2019-02-19, 20:54:13, 23.96, 46.14
2019-02-19, 20:54:14, 23.96, 46.14
2019-02-19, 20:54:16, 23.95, 46.14
2019-02-19, 20:54:17, 23.96, 46.14
2019-02-19, 20:54:19, 23.96, 46.14
2019-02-19, 20:54:20, 23.96, 46.14
2019-02-19, 20:54:21, 23.96, 46.14
2019-02-19, 20:54:23, 23.97, 46.14
2019-02-19, 20:54:24, 23.95, 46.14
2019-02-19, 20:54:25, 23.96, 46.14
2019-02-19, 20:54:27, 23.96, 46.14
2019-02-19, 20:54:28, 23.96, 46.14
2019-02-19, 20:54:29, 23.97, 46.14
2019-02-19, 20:54:31, 23.96, 46.14
2019-02-19, 20:54:32, 23.96, 46.14
2019-02-19, 20:54:33, 23.96, 46.14
2019-02-19, 20:54:35, 23.96, 46.14
2019-02-19, 20:54:36, 23.96, 46.14
2019-02-19, 20:54:37, 23.96, 46.14
2019-02-19, 20:54:39, 23.97, 46.11
2019-02-19, 20:54:40, 23.86, 46.13
2019-02-19, 20:54:42, 23.93, 46.17
2019-02-19, 20:54:43, 23.96, 46.21
2019-02-19, 20:54:44, 23.96, 46.21
2019-02-19, 20:54:46, 23.97, 46.18
2019-02-19, 20:54:47, 23.96, 46.21
2019-02-19, 20:54:48, 23.96, 46.18
2019-02-19, 20:54:50, 23.96, 46.14
2019-02-19, 20:54:51, 23.96, 46.14
2019-02-19, 20:54:52, 23.96, 46.14
2019-02-19, 20:54:54, 23.98, 46.15
2019-02-19, 20:54:55, 23.96, 46.14
2019-02-19, 20:54:56, 23.96, 46.14
2019-02-19, 20:54:58, 23.97, 46.14
2019-02-19, 20:54:59, 23.96, 46.14
2019-02-19, 20:55:01, 23.96, 46.14
2019-02-19, 20:55:02, 23.97, 46.14
2019-02-19, 20:55:03, 23.97, 46.14
2019-02-19, 20:55:05, 23.96, 46.14
2019-02-19, 20:55:06, 23.97, 46.14
2019-02-19, 20:55:07, 23.96, 46.14
2019-02-19, 20:55:09, 23.95, 46.14
2019-02-19, 20:55:10, 23.96, 46.14
2019-02-19, 20:55:11, 23.97, 46.14
2019-02-19, 20:55:13, 23.95, 46.14
2019-02-19, 20:55:14, 23.96, 46.14
2019-02-19, 20:55:15, 23.96, 46.14
2019-02-19, 20:55:17, 23.96, 46.14
2019-02-19, 20:55:18, 23.98, 46.15
2019-02-19, 20:55:19, 23.97, 46.14
2019-02-19, 20:55:21, 23.98, 46.15
2019-02-19, 20:55:22, 23.96, 46.14
2019-02-19, 20:55:24, 23.97, 46.14
2019-02-19, 20:55:25, 23.96, 46.14
2019-02-19, 20:55:26, 23.97, 46.14
2019-02-19, 20:55:28, 23.96, 46.14
2019-02-19, 20:55:29, 23.95, 46.14
2019-02-19, 20:55:30, 23.96, 46.14
2019-02-19, 20:55:32, 23.97, 46.14
2019-02-19, 20:55:33, 23.97, 46.14
2019-02-19, 20:55:34, 23.93, 46.14
2019-02-19, 20:55:36, 23.96, 46.14
2019-02-19, 20:55:37, 23.98, 46.15
2019-02-19, 20:55:38, 23.98, 46.15
2019-02-19, 20:55:40, 23.97, 46.11
2019-02-19, 20:55:41, 23.95, 46.14
2019-02-19, 20:55:43, 23.96, 46.14
2019-02-19, 20:55:44, 23.97, 46.11
2019-02-19, 20:55:45, 23.96, 46.14
2019-02-19, 20:55:47, 23.97, 46.14
2019-02-19, 20:55:48, 23.98, 46.11
2019-02-19, 20:55:49, 23.97, 46.11
2019-02-19, 20:55:51, 23.97, 46.11
2019-02-19, 20:55:52, 23.96, 46.08
2019-02-19, 20:55:53, 23.97, 46.11
2019-02-19, 20:55:55, 23.97, 46.08
2019-02-19, 20:55:56, 23.97, 46.11
2019-02-19, 20:55:57, 23.97, 46.11
2019-02-19, 20:55:59, 23.97, 46.11
2019-02-19, 20:56:00, 23.97, 46.11
2019-02-19, 20:56:02, 23.96, 46.08
2019-02-19, 20:56:03, 23.98, 46.15
2019-02-19, 20:56:04, 23.9, 46.1
2019-02-19, 20:56:06, 23.96, 46.14
2019-02-19, 20:56:07, 23.96, 46.14
2019-02-19, 20:56:08, 23.97, 46.14
2019-02-19, 20:56:10, 23.97, 46.14
2019-02-19, 20:56:11, 23.96, 46.14
2019-02-19, 20:56:12, 23.96, 46.14
2019-02-19, 20:56:14, 23.97, 46.14
2019-02-19, 20:56:15, 23.96, 46.14
2019-02-19, 20:56:16, 23.98, 46.15
2019-02-19, 20:56:18, 23.98, 46.15
2019-02-19, 20:56:19, 23.97, 46.14
2019-02-19, 20:56:20, 23.96, 46.14
2019-02-19, 20:56:22, 23.96, 46.14
2019-02-19, 20:56:23, 23.96, 46.14
2019-02-19, 20:56:25, 23.95, 46.14
2019-02-19, 20:56:26, 23.95, 46.14
2019-02-19, 20:56:27, 23.96, 46.14
2019-02-19, 20:56:29, 23.96, 46.14
2019-02-19, 20:56:30, 23.95, 46.11
2019-02-19, 20:56:31, 23.96, 46.14
2019-02-19, 20:56:33, 23.95, 46.14
2019-02-19, 20:56:34, 23.84, 46.13
2019-02-19, 20:56:35, 23.94, 46.17
2019-02-19, 20:56:37, 23.95, 46.21
2019-02-19, 20:56:38, 23.95, 46.21
2019-02-19, 20:56:39, 23.96, 46.21
2019-02-19, 20:56:41, 23.97, 46.21
2019-02-19, 20:56:42, 23.95, 46.17
2019-02-19, 20:56:44, 23.96, 46.14
2019-02-19, 20:56:45, 23.96, 46.14
2019-02-19, 20:56:46, 23.96, 46.14
2019-02-19, 20:56:48, 23.96, 46.14
2019-02-19, 20:56:49, 23.96, 46.14
2019-02-19, 20:56:50, 23.97, 46.14
2019-02-19, 20:56:52, 23.98, 46.15
2019-02-19, 20:56:53, 23.98, 46.15
2019-02-19, 20:56:54, 23.97, 46.14
2019-02-19, 20:56:56, 23.98, 46.11
2019-02-19, 20:56:57, 23.96, 46.14
2019-02-19, 20:56:58, 23.96, 46.11
2019-02-19, 20:57:00, 23.97, 46.11
2019-02-19, 20:57:01, 23.95, 46.11
2019-02-19, 20:57:03, 23.96, 46.11
2019-02-19, 20:57:04, 23.84, 46.1
2019-02-19, 20:57:05, 23.94, 46.14
2019-02-19, 20:57:07, 23.93, 46.14
2019-02-19, 20:57:08, 23.94, 46.17
2019-02-19, 20:57:09, 23.96, 46.18
2019-02-19, 20:57:11, 23.96, 46.18
2019-02-19, 20:57:12, 23.96, 46.18
2019-02-19, 20:57:13, 23.95, 46.14
2019-02-19, 20:57:15, 23.96, 46.14
2019-02-19, 20:57:16, 23.96, 46.14
2019-02-19, 20:57:17, 23.96, 46.14
2019-02-19, 20:57:19, 23.96, 46.14
2019-02-19, 20:57:20, 23.97, 46.11
2019-02-19, 20:57:21, 23.97, 46.14
2019-02-19, 20:57:23, 23.98, 46.11
2019-02-19, 20:57:24, 23.97, 46.14
2019-02-19, 20:57:26, 23.96, 46.11
2019-02-19, 20:57:27, 23.97, 46.14
2019-02-19, 20:57:28, 23.98, 46.15
2019-02-19, 20:57:30, 23.97, 46.11
2019-02-19, 20:57:31, 23.97, 46.14
2019-02-19, 20:57:32, 23.97, 46.11
2019-02-19, 20:57:34, 23.84, 46.13
2019-02-19, 20:57:35, 23.92, 46.2
2019-02-19, 20:57:36, 23.94, 46.21
2019-02-19, 20:57:38, 23.96, 46.21
2019-02-19, 20:57:39, 23.96, 46.18
2019-02-19, 20:57:40, 23.96, 46.21
2019-02-19, 20:57:42, 23.97, 46.18
2019-02-19, 20:57:43, 23.96, 46.14
2019-02-19, 20:57:44, 23.96, 46.14
2019-02-19, 20:57:46, 23.97, 46.14
2019-02-19, 20:57:47, 23.97, 46.14
2019-02-19, 20:57:49, 23.96, 46.14
2019-02-19, 20:57:50, 23.96, 46.14
2019-02-19, 20:57:51, 23.98, 46.15
2019-02-19, 20:57:53, 23.97, 46.14
2019-02-19, 20:57:54, 23.96, 46.14
2019-02-19, 20:57:55, 23.97, 46.14
2019-02-19, 20:57:57, 23.97, 46.11
2019-02-19, 20:57:58, 23.97, 46.11
2019-02-19, 20:57:59, 23.98, 46.11
2019-02-19, 20:58:01, 23.97, 46.11
2019-02-19, 20:58:02, 23.97, 46.11
2019-02-19, 20:58:03, 23.97, 46.11
2019-02-19, 20:58:05, 23.97, 46.11
2019-02-19, 20:58:06, 23.96, 46.11
2019-02-19, 20:58:07, 23.98, 46.11
2019-02-19, 20:58:09, 23.98, 46.11
2019-02-19, 20:58:10, 23.98, 46.11
2019-02-19, 20:58:12, 23.98, 46.08
2019-02-19, 20:58:13, 23.98, 46.08
2019-02-19, 20:58:14, 23.98, 46.11
2019-02-19, 20:58:16, 23.97, 46.11
2019-02-19, 20:58:17, 23.98, 46.08
2019-02-19, 20:58:18, 23.98, 46.11
2019-02-19, 20:58:20, 23.99, 46.08
2019-02-19, 20:58:21, 24.0, 46.08
2019-02-19, 20:58:22, 23.99, 46.11
2019-02-19, 20:58:24, 23.99, 46.08
2019-02-19, 20:58:25, 23.99, 46.08
2019-02-19, 20:58:26, 23.98, 46.08
2019-02-19, 20:58:28, 23.97, 46.08
2019-02-19, 20:58:29, 23.98, 46.08
2019-02-19, 20:58:31, 23.98, 46.08
2019-02-19, 20:58:32, 23.98, 46.08
2019-02-19, 20:58:33, 23.98, 46.08
2019-02-19, 20:58:35, 23.98, 46.11
2019-02-19, 20:58:36, 23.98, 46.08
2019-02-19, 20:58:37, 23.98, 46.08
2019-02-19, 20:58:39, 23.98, 46.08
2019-02-19, 20:58:40, 23.97, 46.08
2019-02-19, 20:58:41, 23.98, 46.05
2019-02-19, 20:58:43, 23.97, 46.08
2019-02-19, 20:58:44, 23.97, 46.08
2019-02-19, 20:58:45, 23.97, 46.08
2019-02-19, 20:58:47, 23.97, 46.08
2019-02-19, 20:58:48, 23.98, 46.08
2019-02-19, 20:58:49, 23.98, 46.08
2019-02-19, 20:58:51, 23.98, 46.08
2019-02-19, 20:58:52, 23.98, 46.08
2019-02-19, 20:58:54, 23.97, 46.08
2019-02-19, 20:58:55, 23.98, 46.08
2019-02-19, 20:58:56, 23.99, 46.08
2019-02-19, 20:58:58, 24.0, 46.08
2019-02-19, 20:58:59, 23.98, 46.08
2019-02-19, 20:59:00, 24.0, 46.08
2019-02-19, 20:59:02, 23.98, 46.08
2019-02-19, 20:59:03, 23.98, 46.08
2019-02-19, 20:59:04, 23.99, 46.08
2019-02-19, 20:59:06, 23.98, 46.08
2019-02-19, 20:59:07, 23.98, 46.08
2019-02-19, 20:59:08, 23.97, 46.08
2019-02-19, 20:59:10, 23.98, 46.08
2019-02-19, 20:59:11, 23.98, 46.08
2019-02-19, 20:59:13, 23.98, 46.05
2019-02-19, 20:59:14, 23.98, 46.08
2019-02-19, 20:59:15, 23.97, 46.08
2019-02-19, 20:59:17, 23.98, 46.08
2019-02-19, 20:59:18, 23.97, 46.08
2019-02-19, 20:59:19, 23.97, 46.08
2019-02-19, 20:59:21, 23.98, 46.08
2019-02-19, 20:59:22, 23.98, 46.05
2019-02-19, 20:59:23, 23.98, 46.08
2019-02-19, 20:59:25, 23.97, 46.05
2019-02-19, 20:59:26, 23.98, 46.08
2019-02-19, 20:59:27, 23.98, 46.08
2019-02-19, 20:59:29, 23.98, 46.05
2019-02-19, 20:59:30, 23.97, 46.08
2019-02-19, 20:59:32, 23.98, 46.05
2019-02-19, 20:59:33, 23.98, 46.08
2019-02-19, 20:59:34, 23.96, 46.05
2019-02-19, 20:59:36, 23.98, 46.05
2019-02-19, 20:59:37, 23.97, 46.05
2019-02-19, 20:59:38, 23.98, 46.05
2019-02-19, 20:59:40, 23.96, 46.05
2019-02-19, 20:59:41, 23.97, 46.08
2019-02-19, 20:59:42, 23.97, 46.05
2019-02-19, 20:59:44, 23.98, 46.08
2019-02-19, 20:59:45, 23.97, 46.08
2019-02-19, 20:59:46, 23.97, 46.08
2019-02-19, 20:59:48, 23.97, 46.05
2019-02-19, 20:59:49, 23.98, 46.05
2019-02-19, 20:59:51, 23.98, 46.08
2019-02-19, 20:59:52, 23.98, 46.05
2019-02-19, 20:59:53, 23.99, 46.05
2019-02-19, 20:59:55, 23.98, 46.05
2019-02-19, 20:59:56, 23.98, 46.08
2019-02-19, 20:59:57, 23.98, 46.05
2019-02-19, 20:59:59, 23.98, 46.05
2019-02-19, 21:00:00, 23.98, 46.05
2019-02-19, 21:00:01, 23.96, 46.05
2019-02-19, 21:00:03, 23.98, 46.05
2019-02-19, 21:00:04, 23.98, 46.08
2019-02-19, 21:00:05, 23.98, 46.08
2019-02-19, 21:00:07, 23.98, 46.05
2019-02-19, 21:00:08, 23.97, 46.05
2019-02-19, 21:00:10, 23.98, 46.08
2019-02-19, 21:00:11, 23.92, 46.14
2019-02-19, 21:00:13, 23.94, 46.14
2019-02-19, 21:00:14, 23.96, 46.14
2019-02-19, 21:00:16, 23.94, 46.11
2019-02-19, 21:00:17, 23.96, 46.14
2019-02-19, 21:00:18, 23.98, 46.08
2019-02-19, 21:00:20, 23.98, 46.08
2019-02-19, 21:00:21, 23.98, 46.08
2019-02-19, 21:00:22, 23.98, 46.08
2019-02-19, 21:00:24, 23.98, 46.05
2019-02-19, 21:00:25, 23.97, 46.05
2019-02-19, 21:00:26, 23.97, 46.05
2019-02-19, 21:00:28, 23.96, 46.01
2019-02-19, 21:00:29, 23.96, 46.01
2019-02-19, 21:00:30, 23.97, 46.02
2019-02-19, 21:00:32, 23.98, 46.05
2019-02-19, 21:00:33, 23.98, 46.02
2019-02-19, 21:00:35, 23.98, 46.02
2019-02-19, 21:00:36, 23.98, 46.05
2019-02-19, 21:00:37, 23.98, 46.02
2019-02-19, 21:00:39, 23.98, 46.05
2019-02-19, 21:00:40, 23.99, 46.05
2019-02-19, 21:00:41, 24.0, 46.02
2019-02-19, 21:00:43, 23.98, 46.02
2019-02-19, 21:00:44, 23.99, 46.05
2019-02-19, 21:00:45, 24.0, 46.05
2019-02-19, 21:00:47, 23.98, 46.02
2019-02-19, 21:00:48, 23.98, 46.02
2019-02-19, 21:00:49, 23.99, 46.02
2019-02-19, 21:00:51, 23.99, 46.05
2019-02-19, 21:00:52, 23.99, 46.05
2019-02-19, 21:00:54, 23.99, 46.05
2019-02-19, 21:00:55, 23.98, 46.02
2019-02-19, 21:00:56, 23.99, 46.05
2019-02-19, 21:00:58, 23.98, 46.02
2019-02-19, 21:00:59, 23.98, 46.02
2019-02-19, 21:01:00, 24.0, 46.05
2019-02-19, 21:01:02, 24.0, 46.05
2019-02-19, 21:01:03, 24.0, 46.05
2019-02-19, 21:01:04, 23.99, 46.05
2019-02-19, 21:01:06, 23.99, 46.02
2019-02-19, 21:01:07, 24.0, 46.02
2019-02-19, 21:01:08, 23.98, 46.02
2019-02-19, 21:01:10, 23.99, 46.02
2019-02-19, 21:01:11, 23.97, 46.02
2019-02-19, 21:01:13, 23.98, 46.02
2019-02-19, 21:01:14, 23.98, 46.05
2019-02-19, 21:01:15, 23.98, 46.02
2019-02-19, 21:01:17, 23.98, 46.05
2019-02-19, 21:01:18, 23.99, 46.05
2019-02-19, 21:01:19, 23.98, 46.05
2019-02-19, 21:01:21, 23.99, 46.05
2019-02-19, 21:01:22, 23.98, 46.05
2019-02-19, 21:01:23, 23.98, 46.05
2019-02-19, 21:01:25, 23.99, 46.05
2019-02-19, 21:01:26, 23.99, 46.05
2019-02-19, 21:01:27, 23.99, 46.05
2019-02-19, 21:01:29, 23.99, 46.05
2019-02-19, 21:01:30, 23.98, 46.08
2019-02-19, 21:01:32, 23.98, 46.05
2019-02-19, 21:01:33, 23.98, 46.08
2019-02-19, 21:01:34, 23.98, 46.05
2019-02-19, 21:01:36, 24.0, 46.05
2019-02-19, 21:01:37, 23.99, 46.05
2019-02-19, 21:01:38, 23.98, 46.02
2019-02-19, 21:01:40, 23.98, 46.02
2019-02-19, 21:01:41, 23.98, 46.05
2019-02-19, 21:01:42, 23.98, 46.05
2019-02-19, 21:01:44, 23.97, 46.05
2019-02-19, 21:01:45, 23.99, 46.05
2019-02-19, 21:01:46, 23.98, 46.02
2019-02-19, 21:01:48, 23.98, 46.02
2019-02-19, 21:01:49, 23.98, 46.02
2019-02-19, 21:01:51, 23.98, 46.02
2019-02-19, 21:01:52, 23.99, 46.02
2019-02-19, 21:01:53, 23.98, 46.02
2019-02-19, 21:01:55, 23.99, 46.02
2019-02-19, 21:01:56, 24.0, 46.02
2019-02-19, 21:01:57, 23.98, 46.02
2019-02-19, 21:01:59, 23.97, 46.02
2019-02-19, 21:02:00, 23.98, 46.02
2019-02-19, 21:02:01, 23.98, 46.02
2019-02-19, 21:02:03, 23.97, 46.02
2019-02-19, 21:02:04, 23.98, 46.02
2019-02-19, 21:02:05, 23.99, 46.02
2019-02-19, 21:02:07, 24.0, 45.99
2019-02-19, 21:02:08, 24.0, 46.02
2019-02-19, 21:02:09, 23.99, 46.02
2019-02-19, 21:02:11, 24.0, 46.02
2019-02-19, 21:02:12, 24.01, 46.02
2019-02-19, 21:02:14, 24.02, 46.02
2019-02-19, 21:02:15, 23.99, 46.02
2019-02-19, 21:02:16, 23.99, 46.02
2019-02-19, 21:02:18, 24.0, 46.02
2019-02-19, 21:02:19, 24.0, 46.02
2019-02-19, 21:02:20, 24.01, 46.02
2019-02-19, 21:02:22, 24.0, 46.02
2019-02-19, 21:02:23, 24.0, 46.02
2019-02-19, 21:02:24, 24.0, 46.02
2019-02-19, 21:02:26, 24.01, 46.02
2019-02-19, 21:02:27, 24.01, 46.02
2019-02-19, 21:02:28, 24.02, 46.02
2019-02-19, 21:02:30, 23.96, 45.98
2019-02-19, 21:02:31, 23.99, 46.02
2019-02-19, 21:02:33, 23.99, 46.02
2019-02-19, 21:02:34, 23.99, 46.02
2019-02-19, 21:02:35, 23.88, 46.01
2019-02-19, 21:02:37, 23.97, 46.05
2019-02-19, 21:02:38, 23.97, 46.08
2019-02-19, 21:02:39, 23.99, 46.05
2019-02-19, 21:02:41, 23.98, 46.05
2019-02-19, 21:02:42, 23.99, 46.05
2019-02-19, 21:02:43, 24.0, 46.02
2019-02-19, 21:02:45, 24.0, 46.02
2019-02-19, 21:02:46, 24.0, 46.02
2019-02-19, 21:02:47, 24.0, 46.02
2019-02-19, 21:02:49, 24.0, 46.02
2019-02-19, 21:02:50, 24.01, 46.02
2019-02-19, 21:02:51, 24.0, 46.02
2019-02-19, 21:02:53, 24.0, 46.02
2019-02-19, 21:02:54, 24.0, 46.02
2019-02-19, 21:02:56, 24.0, 46.02
2019-02-19, 21:02:57, 24.0, 46.02
2019-02-19, 21:02:58, 23.99, 46.02
2019-02-19, 21:03:00, 23.92, 46.01
2019-02-19, 21:03:01, 23.98, 46.02
2019-02-19, 21:03:02, 23.99, 46.05
2019-02-19, 21:03:04, 23.99, 46.05
2019-02-19, 21:03:05, 23.86, 46.07
2019-02-19, 21:03:06, 23.97, 46.08
2019-02-19, 21:03:08, 23.98, 46.08
2019-02-19, 21:03:09, 23.98, 46.08
2019-02-19, 21:03:11, 23.99, 46.08
2019-02-19, 21:03:12, 23.99, 46.05
2019-02-19, 21:03:13, 24.0, 46.08
2019-02-19, 21:03:15, 24.0, 46.05
2019-02-19, 21:03:16, 24.0, 46.02
2019-02-19, 21:03:17, 23.99, 46.02
2019-02-19, 21:03:19, 24.0, 46.02
2019-02-19, 21:03:20, 24.01, 46.02
2019-02-19, 21:03:21, 24.02, 46.02
2019-02-19, 21:03:23, 24.0, 46.02
2019-02-19, 21:03:24, 24.0, 46.02
2019-02-19, 21:03:25, 23.99, 45.99
2019-02-19, 21:03:27, 23.99, 46.02
2019-02-19, 21:03:28, 24.01, 46.02
2019-02-19, 21:03:30, 23.88, 46.01
2019-02-19, 21:03:31, 23.97, 46.05
2019-02-19, 21:03:32, 23.98, 46.05
2019-02-19, 21:03:34, 23.98, 46.05
2019-02-19, 21:03:35, 23.99, 46.02
2019-02-19, 21:03:36, 23.98, 46.02
2019-02-19, 21:03:38, 24.0, 46.02
2019-02-19, 21:03:39, 23.99, 46.02
2019-02-19, 21:03:40, 24.0, 46.02
2019-02-19, 21:03:42, 24.0, 46.02
2019-02-19, 21:03:43, 24.0, 46.02
2019-02-19, 21:03:44, 24.0, 45.99
2019-02-19, 21:03:46, 24.01, 45.99
2019-02-19, 21:03:47, 24.0, 46.02
2019-02-19, 21:03:49, 24.01, 45.99
2019-02-19, 21:03:50, 24.0, 45.99
2019-02-19, 21:03:51, 24.0, 45.99
2019-02-19, 21:03:53, 24.0, 45.99
2019-02-19, 21:03:54, 24.0, 45.99
2019-02-19, 21:03:55, 23.99, 45.95
2019-02-19, 21:03:57, 24.01, 45.96
2019-02-19, 21:03:58, 23.98, 45.99
2019-02-19, 21:03:59, 23.86, 46.0
2019-02-19, 21:04:01, 23.96, 46.05
2019-02-19, 21:04:02, 24.0, 46.08
2019-02-19, 21:04:04, 24.0, 46.08
2019-02-19, 21:04:05, 24.0, 46.05
2019-02-19, 21:04:06, 24.0, 46.02
2019-02-19, 21:04:08, 24.01, 46.05
2019-02-19, 21:04:09, 23.99, 46.02
2019-02-19, 21:04:10, 24.0, 46.02
2019-02-19, 21:04:12, 24.0, 46.02
2019-02-19, 21:04:13, 24.01, 46.02
2019-02-19, 21:04:14, 24.01, 46.02
2019-02-19, 21:04:16, 24.01, 46.02
2019-02-19, 21:04:17, 24.01, 46.02
2019-02-19, 21:04:18, 23.99, 46.02
2019-02-19, 21:04:20, 24.0, 46.02
2019-02-19, 21:04:21, 24.01, 46.02
2019-02-19, 21:04:23, 24.0, 45.99
2019-02-19, 21:04:24, 24.02, 45.99
2019-02-19, 21:04:25, 24.01, 46.02
2019-02-19, 21:04:27, 24.01, 45.99
2019-02-19, 21:04:28, 24.02, 45.96
2019-02-19, 21:04:29, 24.01, 45.96
2019-02-19, 21:04:31, 24.01, 45.99
2019-02-19, 21:04:32, 24.01, 45.99
2019-02-19, 21:04:33, 24.02, 45.99
2019-02-19, 21:04:35, 24.02, 45.96
2019-02-19, 21:04:36, 24.01, 45.96
2019-02-19, 21:04:37, 24.01, 45.96
2019-02-19, 21:04:39, 24.01, 45.96
2019-02-19, 21:04:40, 24.03, 45.96
2019-02-19, 21:04:41, 24.02, 45.99
2019-02-19, 21:04:43, 24.02, 45.96
2019-02-19, 21:04:44, 24.01, 45.96
2019-02-19, 21:04:46, 24.02, 45.96
2019-02-19, 21:04:47, 24.03, 45.96
2019-02-19, 21:04:48, 24.03, 45.96
2019-02-19, 21:04:50, 24.02, 45.96
2019-02-19, 21:04:51, 24.03, 45.96
2019-02-19, 21:04:52, 24.02, 45.96
2019-02-19, 21:04:54, 24.02, 45.96
2019-02-19, 21:04:55, 24.03, 45.96
2019-02-19, 21:04:56, 24.02, 45.96
2019-02-19, 21:04:58, 24.02, 45.96
2019-02-19, 21:04:59, 24.03, 45.93
2019-02-19, 21:05:00, 24.03, 45.93
2019-02-19, 21:05:02, 24.02, 45.93
2019-02-19, 21:05:03, 24.02, 45.96
2019-02-19, 21:05:05, 24.02, 45.96
2019-02-19, 21:05:06, 24.03, 45.96
2019-02-19, 21:05:07, 24.04, 45.96
2019-02-19, 21:05:09, 24.02, 45.96
2019-02-19, 21:05:10, 24.03, 45.96
2019-02-19, 21:05:11, 24.02, 45.93
2019-02-19, 21:05:13, 24.02, 45.96
2019-02-19, 21:05:14, 24.04, 45.96
2019-02-19, 21:05:15, 24.04, 45.96
2019-02-19, 21:05:17, 24.04, 45.93
2019-02-19, 21:05:18, 24.04, 45.93
2019-02-19, 21:05:19, 24.03, 45.96
2019-02-19, 21:05:21, 24.04, 45.96
2019-02-19, 21:05:22, 24.04, 45.93
2019-02-19, 21:05:23, 24.04, 45.93
2019-02-19, 21:05:25, 24.03, 45.93
2019-02-19, 21:05:26, 24.03, 45.93
2019-02-19, 21:05:28, 24.02, 45.93
2019-02-19, 21:05:29, 24.02, 45.89
2019-02-19, 21:05:30, 24.04, 45.9
2019-02-19, 21:05:32, 24.03, 45.89
2019-02-19, 21:05:33, 24.04, 45.9
2019-02-19, 21:05:34, 24.05, 45.9
2019-02-19, 21:05:36, 24.04, 45.9
2019-02-19, 21:05:37, 24.04, 45.9
2019-02-19, 21:05:38, 24.03, 45.89
2019-02-19, 21:05:40, 24.05, 45.9
2019-02-19, 21:05:41, 24.04, 45.9
2019-02-19, 21:05:42, 24.04, 45.9
2019-02-19, 21:05:44, 24.04, 45.9
2019-02-19, 21:05:45, 24.04, 45.9
2019-02-19, 21:05:46, 24.04, 45.9
2019-02-19, 21:05:48, 24.04, 45.9
2019-02-19, 21:05:49, 24.04, 45.9
2019-02-19, 21:05:51, 24.04, 45.9
2019-02-19, 21:05:52, 24.04, 45.86
2019-02-19, 21:05:53, 24.03, 45.86
2019-02-19, 21:05:55, 24.04, 45.9
2019-02-19, 21:05:56, 24.03, 45.86
2019-02-19, 21:05:57, 24.05, 45.86
2019-02-19, 21:05:59, 24.03, 45.89
2019-02-19, 21:06:00, 24.04, 45.86
2019-02-19, 21:06:01, 24.05, 45.9
2019-02-19, 21:06:03, 24.04, 45.9
2019-02-19, 21:06:04, 24.05, 45.9
2019-02-19, 21:06:05, 24.06, 45.9
2019-02-19, 21:06:07, 24.04, 45.9
2019-02-19, 21:06:08, 24.05, 45.9
2019-02-19, 21:06:09, 24.05, 45.9
2019-02-19, 21:06:11, 24.06, 45.9
2019-02-19, 21:06:12, 24.05, 45.9
2019-02-19, 21:06:14, 24.04, 45.9
2019-02-19, 21:06:15, 24.06, 45.9
2019-02-19, 21:06:16, 24.05, 45.93
2019-02-19, 21:06:18, 24.05, 45.9
2019-02-19, 21:06:19, 24.05, 45.9
2019-02-19, 21:06:20, 24.04, 45.9
2019-02-19, 21:06:22, 24.04, 45.9
2019-02-19, 21:06:23, 24.05, 45.9
2019-02-19, 21:06:24, 24.05, 45.9
2019-02-19, 21:06:26, 24.06, 45.9
2019-02-19, 21:06:27, 24.02, 45.89
2019-02-19, 21:06:28, 24.05, 45.9
2019-02-19, 21:06:30, 24.03, 45.86
2019-02-19, 21:06:31, 24.04, 45.9
2019-02-19, 21:06:33, 24.03, 45.86
2019-02-19, 21:06:34, 24.05, 45.86
2019-02-19, 21:06:35, 24.05, 45.9
2019-02-19, 21:06:37, 24.04, 45.9
2019-02-19, 21:06:38, 24.03, 45.86
2019-02-19, 21:06:39, 24.04, 45.9
2019-02-19, 21:06:41, 24.04, 45.9
2019-02-19, 21:06:42, 24.04, 45.9
2019-02-19, 21:06:43, 24.05, 45.9
2019-02-19, 21:06:45, 24.04, 45.9
2019-02-19, 21:06:46, 24.04, 45.9
2019-02-19, 21:06:47, 24.05, 45.9
2019-02-19, 21:06:49, 24.05, 45.9
2019-02-19, 21:06:50, 24.04, 45.9
2019-02-19, 21:06:51, 24.04, 45.9
2019-02-19, 21:06:53, 24.06, 45.9
2019-02-19, 21:06:54, 24.04, 45.9
2019-02-19, 21:06:56, 24.05, 45.9
2019-02-19, 21:06:57, 24.05, 45.86
2019-02-19, 21:06:58, 24.05, 45.86
2019-02-19, 21:07:00, 24.06, 45.87
2019-02-19, 21:07:01, 24.05, 45.83
2019-02-19, 21:07:02, 24.05, 45.83
2019-02-19, 21:07:04, 24.06, 45.83
2019-02-19, 21:07:05, 24.05, 45.83
2019-02-19, 21:07:06, 24.05, 45.83
2019-02-19, 21:07:08, 24.05, 45.86
2019-02-19, 21:07:09, 24.04, 45.83
2019-02-19, 21:07:10, 24.04, 45.83
2019-02-19, 21:07:12, 24.04, 45.83
2019-02-19, 21:07:13, 24.05, 45.86
2019-02-19, 21:07:14, 24.05, 45.86
2019-02-19, 21:07:16, 24.05, 45.83
2019-02-19, 21:07:17, 24.04, 45.83
2019-02-19, 21:07:19, 24.04, 45.83
2019-02-19, 21:07:20, 24.04, 45.83
2019-02-19, 21:07:21, 24.03, 45.83
2019-02-19, 21:07:23, 24.04, 45.83
2019-02-19, 21:07:24, 24.02, 45.83
2019-02-19, 21:07:25, 24.03, 45.86
2019-02-19, 21:07:27, 24.03, 45.86
2019-02-19, 21:07:28, 24.04, 45.86
2019-02-19, 21:07:29, 24.02, 45.86
2019-02-19, 21:07:31, 24.03, 45.86
2019-02-19, 21:07:32, 23.86, 45.87
2019-02-19, 21:07:33, 23.98, 45.95
2019-02-19, 21:07:35, 24.0, 45.96
2019-02-19, 21:07:36, 24.02, 45.96
2019-02-19, 21:07:38, 24.02, 45.96
2019-02-19, 21:07:39, 24.02, 45.93
2019-02-19, 21:07:40, 24.04, 45.93
2019-02-19, 21:07:42, 24.03, 45.93
2019-02-19, 21:07:43, 24.04, 45.9
2019-02-19, 21:07:44, 24.03, 45.89
2019-02-19, 21:07:46, 24.03, 45.89
2019-02-19, 21:07:47, 24.03, 45.89
2019-02-19, 21:07:48, 24.03, 45.89
2019-02-19, 21:07:50, 24.03, 45.89
2019-02-19, 21:07:51, 24.02, 45.86
2019-02-19, 21:07:52, 24.03, 45.86
2019-02-19, 21:07:54, 24.03, 45.89
2019-02-19, 21:07:55, 24.03, 45.86
2019-02-19, 21:07:56, 23.92, 45.88
2019-02-19, 21:07:58, 24.0, 45.89
2019-02-19, 21:07:59, 24.01, 45.92
2019-02-19, 21:08:01, 24.01, 45.92
2019-02-19, 21:08:02, 24.01, 45.89
2019-02-19, 21:08:03, 24.02, 45.93
2019-02-19, 21:08:05, 24.02, 45.93
2019-02-19, 21:08:06, 24.02, 45.89
2019-02-19, 21:08:07, 24.03, 45.89
2019-02-19, 21:08:09, 24.03, 45.89
2019-02-19, 21:08:10, 24.02, 45.89
2019-02-19, 21:08:11, 24.02, 45.89
2019-02-19, 21:08:13, 24.03, 45.89
2019-02-19, 21:08:14, 24.03, 45.89
2019-02-19, 21:08:15, 24.03, 45.89
2019-02-19, 21:08:17, 24.03, 45.89
2019-02-19, 21:08:18, 24.02, 45.89
2019-02-19, 21:08:20, 24.04, 45.86
2019-02-19, 21:08:21, 24.02, 45.89
2019-02-19, 21:08:22, 24.02, 45.86
2019-02-19, 21:08:24, 24.03, 45.86
2019-02-19, 21:08:25, 24.03, 45.86
2019-02-19, 21:08:26, 24.02, 45.86
2019-02-19, 21:08:28, 24.02, 45.86
2019-02-19, 21:08:29, 24.02, 45.86
2019-02-19, 21:08:30, 24.01, 45.86
2019-02-19, 21:08:32, 24.0, 45.86
2019-02-19, 21:08:33, 24.0, 45.86
2019-02-19, 21:08:34, 24.01, 45.86
2019-02-19, 21:08:36, 24.01, 45.89
2019-02-19, 21:08:37, 24.02, 45.86
2019-02-19, 21:08:39, 24.02, 45.86
2019-02-19, 21:08:40, 24.03, 45.86
2019-02-19, 21:08:41, 24.03, 45.86
2019-02-19, 21:08:43, 24.02, 45.86
2019-02-19, 21:08:44, 24.02, 45.83
2019-02-19, 21:08:45, 24.02, 45.86
2019-02-19, 21:08:47, 24.02, 45.86
2019-02-19, 21:08:48, 24.02, 45.89
2019-02-19, 21:08:49, 24.01, 45.86
2019-02-19, 21:08:51, 24.02, 45.86
2019-02-19, 21:08:52, 24.05, 45.9
2019-02-19, 21:08:53, 24.02, 45.89
2019-02-19, 21:08:55, 24.02, 45.89
2019-02-19, 21:08:56, 24.03, 45.89
2019-02-19, 21:08:58, 24.02, 45.86
2019-02-19, 21:08:59, 24.02, 45.89
2019-02-19, 21:09:00, 24.04, 45.86
2019-02-19, 21:09:02, 24.03, 45.89
2019-02-19, 21:09:03, 24.03, 45.89
2019-02-19, 21:09:04, 24.02, 45.89
2019-02-19, 21:09:06, 24.02, 45.89
2019-02-19, 21:09:07, 24.02, 45.89
2019-02-19, 21:09:08, 24.01, 45.86
2019-02-19, 21:09:10, 24.01, 45.86
2019-02-19, 21:09:11, 24.01, 45.86
2019-02-19, 21:09:12, 24.01, 45.86
2019-02-19, 21:09:14, 24.0, 45.86
2019-02-19, 21:09:15, 24.0, 45.86
2019-02-19, 21:09:16, 24.0, 45.89
2019-02-19, 21:09:18, 24.0, 45.86
2019-02-19, 21:09:19, 24.0, 45.86
2019-02-19, 21:09:21, 24.0, 45.86
2019-02-19, 21:09:22, 24.02, 45.86
2019-02-19, 21:09:23, 24.0, 45.86
2019-02-19, 21:09:25, 24.02, 45.83
2019-02-19, 21:09:26, 24.0, 45.83
2019-02-19, 21:09:27, 24.02, 45.86
2019-02-19, 21:09:29, 24.01, 45.89
2019-02-19, 21:09:30, 24.01, 45.89
2019-02-19, 21:09:31, 24.0, 45.89
2019-02-19, 21:09:33, 24.0, 45.89
2019-02-19, 21:09:34, 24.01, 45.89
2019-02-19, 21:09:35, 24.01, 45.89
2019-02-19, 21:09:37, 24.01, 45.89
2019-02-19, 21:09:38, 24.01, 45.89
2019-02-19, 21:09:40, 24.02, 45.89
2019-02-19, 21:09:41, 24.02, 45.89
2019-02-19, 21:09:42, 24.02, 45.89
2019-02-19, 21:09:44, 24.01, 45.89
2019-02-19, 21:09:45, 24.02, 45.86
2019-02-19, 21:09:46, 24.01, 45.89
2019-02-19, 21:09:48, 24.0, 45.89
2019-02-19, 21:09:49, 24.01, 45.86
2019-02-19, 21:09:50, 24.01, 45.86
2019-02-19, 21:09:52, 24.02, 45.86
2019-02-19, 21:09:53, 24.03, 45.86
2019-02-19, 21:09:54, 24.01, 45.89
2019-02-19, 21:09:56, 24.02, 45.86
2019-02-19, 21:09:57, 24.02, 45.86
2019-02-19, 21:09:58, 24.02, 45.86
2019-02-19, 21:10:00, 23.95, 45.85
2019-02-19, 21:10:01, 24.0, 45.89
2019-02-19, 21:10:03, 24.01, 45.89
2019-02-19, 21:10:04, 24.02, 45.89
2019-02-19, 21:10:05, 24.0, 45.89
2019-02-19, 21:10:07, 24.01, 45.89
2019-02-19, 21:10:08, 24.0, 45.89
2019-02-19, 21:10:09, 24.0, 45.89
2019-02-19, 21:10:11, 24.01, 45.89
2019-02-19, 21:10:12, 24.0, 45.89
2019-02-19, 21:10:13, 24.0, 45.89
2019-02-19, 21:10:15, 24.01, 45.89
2019-02-19, 21:10:16, 24.01, 45.89
2019-02-19, 21:10:17, 24.0, 45.89
2019-02-19, 21:10:19, 24.01, 45.89
2019-02-19, 21:10:20, 24.03, 45.89
2019-02-19, 21:10:21, 24.01, 45.89
2019-02-19, 21:10:23, 24.01, 45.89
2019-02-19, 21:10:24, 24.01, 45.89
2019-02-19, 21:10:26, 24.01, 45.89
2019-02-19, 21:10:27, 24.01, 45.89
2019-02-19, 21:10:28, 24.02, 45.89
2019-02-19, 21:10:30, 24.01, 45.89
2019-02-19, 21:10:31, 24.01, 45.89
2019-02-19, 21:10:32, 24.02, 45.89
2019-02-19, 21:10:34, 24.02, 45.89
2019-02-19, 21:10:35, 24.01, 45.89
2019-02-19, 21:10:36, 24.02, 45.89
2019-02-19, 21:10:38, 24.01, 45.89
2019-02-19, 21:10:39, 24.02, 45.89
2019-02-19, 21:10:40, 23.99, 45.89
2019-02-19, 21:10:42, 24.01, 45.89
2019-02-19, 21:10:43, 24.01, 45.89
2019-02-19, 21:10:44, 24.01, 45.89
2019-02-19, 21:10:46, 24.0, 45.89
2019-02-19, 21:10:47, 24.0, 45.89
2019-02-19, 21:10:49, 24.01, 45.89
2019-02-19, 21:10:50, 24.0, 45.89
2019-02-19, 21:10:51, 24.0, 45.89
2019-02-19, 21:10:53, 24.0, 45.89
2019-02-19, 21:10:54, 24.0, 45.89
2019-02-19, 21:10:55, 24.0, 45.89
2019-02-19, 21:10:57, 23.99, 45.89
2019-02-19, 21:10:58, 24.02, 45.93
2019-02-19, 21:10:59, 24.0, 45.92
2019-02-19, 21:11:01, 24.0, 45.89
2019-02-19, 21:11:02, 24.01, 45.89
2019-02-19, 21:11:03, 24.0, 45.89
2019-02-19, 21:11:05, 24.01, 45.89
2019-02-19, 21:11:06, 24.0, 45.92
2019-02-19, 21:11:08, 24.0, 45.92
2019-02-19, 21:11:09, 24.0, 45.89
2019-02-19, 21:11:10, 24.0, 45.92
2019-02-19, 21:11:12, 23.99, 45.89
2019-02-19, 21:11:13, 23.99, 45.92
2019-02-19, 21:11:14, 23.99, 45.92
2019-02-19, 21:11:16, 24.0, 45.92
2019-02-19, 21:11:17, 24.0, 45.92
2019-02-19, 21:11:18, 24.0, 45.92
2019-02-19, 21:11:20, 24.0, 45.92
2019-02-19, 21:11:21, 24.0, 45.92
2019-02-19, 21:11:22, 24.0, 45.92
2019-02-19, 21:11:24, 23.97, 45.95
2019-02-19, 21:11:25, 24.0, 45.92
2019-02-19, 21:11:26, 23.98, 45.92
2019-02-19, 21:11:28, 24.0, 45.92
2019-02-19, 21:11:29, 23.99, 45.89
2019-02-19, 21:11:31, 24.0, 45.92
2019-02-19, 21:11:32, 23.99, 45.89
2019-02-19, 21:11:33, 23.99, 45.89
2019-02-19, 21:11:35, 23.99, 45.89
2019-02-19, 21:11:36, 24.0, 45.89
2019-02-19, 21:11:37, 23.98, 45.89
2019-02-19, 21:11:39, 24.0, 45.89
2019-02-19, 21:11:40, 23.99, 45.89
2019-02-19, 21:11:41, 24.0, 45.89
2019-02-19, 21:11:43, 23.99, 45.89
2019-02-19, 21:11:44, 23.99, 45.89
2019-02-19, 21:11:45, 24.0, 45.89
2019-02-19, 21:11:47, 24.0, 45.89
2019-02-19, 21:11:48, 23.99, 45.89
2019-02-19, 21:11:49, 24.0, 45.89
2019-02-19, 21:11:51, 24.0, 45.89
2019-02-19, 21:11:52, 23.98, 45.89
2019-02-19, 21:11:54, 23.99, 45.89
2019-02-19, 21:11:55, 23.98, 45.89
2019-02-19, 21:11:56, 23.99, 45.89
2019-02-19, 21:11:58, 23.97, 45.89
2019-02-19, 21:11:59, 23.98, 45.89
2019-02-19, 21:12:00, 23.99, 45.92
2019-02-19, 21:12:02, 23.98, 45.92
2019-02-19, 21:12:03, 23.98, 45.89
2019-02-19, 21:12:04, 23.98, 45.89
2019-02-19, 21:12:06, 23.98, 45.89
2019-02-19, 21:12:07, 23.98, 45.92
2019-02-19, 21:12:08, 23.98, 45.89
2019-02-19, 21:12:10, 23.98, 45.92
2019-02-19, 21:12:11, 23.99, 45.92
2019-02-19, 21:12:12, 23.98, 45.95
2019-02-19, 21:12:14, 23.97, 45.92
2019-02-19, 21:12:15, 23.98, 45.92
2019-02-19, 21:12:17, 23.97, 45.92
2019-02-19, 21:12:18, 23.97, 45.95
2019-02-19, 21:12:19, 23.98, 45.95
2019-02-19, 21:12:21, 23.97, 45.95
2019-02-19, 21:12:22, 23.98, 45.95
2019-02-19, 21:12:23, 23.98, 45.95
2019-02-19, 21:12:25, 23.98, 45.95
2019-02-19, 21:12:26, 23.98, 45.95
2019-02-19, 21:12:27, 23.98, 45.95
2019-02-19, 21:12:29, 23.84, 45.97
2019-02-19, 21:12:30, 23.94, 46.01
2019-02-19, 21:12:31, 23.95, 46.01
2019-02-19, 21:12:33, 23.95, 46.01
2019-02-19, 21:12:34, 23.96, 46.01
2019-02-19, 21:12:35, 23.97, 46.02
2019-02-19, 21:12:37, 23.97, 46.02
2019-02-19, 21:12:38, 23.96, 45.98
2019-02-19, 21:12:40, 23.97, 46.02
2019-02-19, 21:12:41, 23.97, 46.02
2019-02-19, 21:12:42, 23.96, 45.98
2019-02-19, 21:12:44, 23.96, 45.98
2019-02-19, 21:12:45, 23.95, 45.98
2019-02-19, 21:12:46, 23.96, 45.98
2019-02-19, 21:12:48, 23.95, 45.98
2019-02-19, 21:12:49, 23.95, 45.98
2019-02-19, 21:12:50, 23.96, 45.98
2019-02-19, 21:12:52, 23.96, 46.01
2019-02-19, 21:12:53, 23.96, 46.01
2019-02-19, 21:12:54, 23.95, 45.95
2019-02-19, 21:12:56, 23.96, 45.98
2019-02-19, 21:12:57, 23.96, 45.98
2019-02-19, 21:12:59, 23.96, 46.01
2019-02-19, 21:13:00, 23.94, 45.98
2019-02-19, 21:13:01, 23.95, 45.98
2019-02-19, 21:13:03, 23.95, 45.98
2019-02-19, 21:13:04, 23.96, 45.98
2019-02-19, 21:13:05, 23.96, 45.98
2019-02-19, 21:13:07, 23.95, 46.01
2019-02-19, 21:13:08, 23.96, 45.98
2019-02-19, 21:13:09, 23.94, 45.98
2019-02-19, 21:13:11, 23.96, 46.01
2019-02-19, 21:13:12, 23.96, 46.01
2019-02-19, 21:13:13, 23.94, 45.98
2019-02-19, 21:13:15, 23.94, 45.98
2019-02-19, 21:13:16, 23.95, 46.01
2019-02-19, 21:13:18, 23.95, 45.98
2019-02-19, 21:13:19, 23.96, 45.98
2019-02-19, 21:13:20, 23.95, 45.98
2019-02-19, 21:13:22, 23.95, 46.01
2019-02-19, 21:13:23, 23.84, 45.97
2019-02-19, 21:13:24, 23.93, 46.04
2019-02-19, 21:13:26, 23.94, 46.01
2019-02-19, 21:13:27, 23.94, 46.01
2019-02-19, 21:13:28, 23.94, 46.01
2019-02-19, 21:13:30, 23.93, 46.04
2019-02-19, 21:13:31, 23.95, 46.01
2019-02-19, 21:13:32, 23.94, 46.04
2019-02-19, 21:13:34, 23.94, 46.01
2019-02-19, 21:13:35, 23.95, 46.01
2019-02-19, 21:13:36, 23.94, 46.01
2019-02-19, 21:13:38, 23.94, 46.01
2019-02-19, 21:13:39, 23.94, 46.01
2019-02-19, 21:13:41, 23.93, 46.01
2019-02-19, 21:13:42, 23.95, 46.01
2019-02-19, 21:13:43, 23.96, 46.01
2019-02-19, 21:13:45, 23.94, 46.01
2019-02-19, 21:13:46, 23.94, 46.01
2019-02-19, 21:13:47, 23.93, 46.01
2019-02-19, 21:13:49, 23.94, 46.01
2019-02-19, 21:13:50, 23.94, 46.01
2019-02-19, 21:13:51, 23.95, 46.01
2019-02-19, 21:13:53, 23.95, 46.01
2019-02-19, 21:13:54, 23.94, 46.01
2019-02-19, 21:13:55, 23.95, 46.01
2019-02-19, 21:13:57, 23.96, 46.01
2019-02-19, 21:13:58, 23.94, 46.01
2019-02-19, 21:13:59, 23.94, 45.98
2019-02-19, 21:14:01, 23.94, 45.98
2019-02-19, 21:14:02, 23.93, 46.01
2019-02-19, 21:14:04, 23.94, 46.01
2019-02-19, 21:14:05, 23.92, 46.01
2019-02-19, 21:14:06, 23.94, 45.98
2019-02-19, 21:14:08, 23.95, 46.01
2019-02-19, 21:14:09, 23.96, 46.01
2019-02-19, 21:14:10, 23.94, 46.01
2019-02-19, 21:14:12, 23.93, 46.01
2019-02-19, 21:14:13, 23.96, 46.01
2019-02-19, 21:14:14, 23.95, 46.01
2019-02-19, 21:14:16, 23.93, 46.04
2019-02-19, 21:14:17, 23.95, 46.01
2019-02-19, 21:14:19, 23.96, 46.01
2019-02-19, 21:14:20, 23.95, 46.01
2019-02-19, 21:14:21, 23.96, 46.01
2019-02-19, 21:14:23, 23.96, 46.01
2019-02-19, 21:14:24, 23.94, 46.01
2019-02-19, 21:14:25, 23.94, 46.01
2019-02-19, 21:14:27, 23.94, 46.04
2019-02-19, 21:14:28, 23.95, 46.01
2019-02-19, 21:14:29, 23.95, 46.01
2019-02-19, 21:14:31, 23.94, 46.04
2019-02-19, 21:14:32, 23.95, 46.05
2019-02-19, 21:14:33, 23.94, 46.04
2019-02-19, 21:14:35, 23.94, 46.01
2019-02-19, 21:14:36, 23.94, 46.04
2019-02-19, 21:14:38, 23.94, 46.01
2019-02-19, 21:14:39, 23.95, 46.05
2019-02-19, 21:14:40, 23.93, 46.01
2019-02-19, 21:14:42, 23.94, 46.01
2019-02-19, 21:14:43, 23.94, 46.01
2019-02-19, 21:14:44, 23.94, 46.01
2019-02-19, 21:14:46, 23.94, 46.01
2019-02-19, 21:14:47, 23.94, 46.01
2019-02-19, 21:14:48, 23.94, 46.01
2019-02-19, 21:14:50, 23.93, 46.01
2019-02-19, 21:14:51, 23.94, 46.01
2019-02-19, 21:14:52, 23.92, 46.01
2019-02-19, 21:14:54, 23.92, 46.01
2019-02-19, 21:14:55, 23.93, 46.01
2019-02-19, 21:14:56, 23.84, 46.0
2019-02-19, 21:14:58, 23.89, 46.04
2019-02-19, 21:14:59, 23.92, 46.07
2019-02-19, 21:15:01, 23.92, 46.04
2019-02-19, 21:15:02, 23.92, 46.07
2019-02-19, 21:15:03, 23.91, 46.04
2019-02-19, 21:15:05, 23.92, 46.07
2019-02-19, 21:15:06, 23.92, 46.04
2019-02-19, 21:15:07, 23.93, 46.04
2019-02-19, 21:15:09, 23.92, 46.04
2019-02-19, 21:15:10, 23.92, 46.07
2019-02-19, 21:15:11, 23.93, 46.04
2019-02-19, 21:15:13, 23.93, 46.04
2019-02-19, 21:15:14, 23.94, 46.04
2019-02-19, 21:15:15, 23.93, 46.04
2019-02-19, 21:15:17, 23.94, 46.01
2019-02-19, 21:15:18, 23.93, 46.04
2019-02-19, 21:15:19, 23.92, 46.01
2019-02-19, 21:15:21, 23.92, 46.01
2019-02-19, 21:15:22, 23.92, 46.01
2019-02-19, 21:15:24, 23.93, 46.04
2019-02-19, 21:15:25, 23.93, 46.04
2019-02-19, 21:15:26, 23.92, 46.04
2019-02-19, 21:15:28, 23.92, 46.01
2019-02-19, 21:15:29, 23.92, 46.04
2019-02-19, 21:15:30, 23.91, 46.07
2019-02-19, 21:15:32, 23.91, 46.04
2019-02-19, 21:15:33, 23.92, 46.04
2019-02-19, 21:15:34, 23.92, 46.04
2019-02-19, 21:15:36, 23.91, 46.04
2019-02-19, 21:15:37, 23.91, 46.04
2019-02-19, 21:15:38, 23.92, 46.04
2019-02-19, 21:15:40, 23.92, 46.01
2019-02-19, 21:15:41, 23.92, 46.01
2019-02-19, 21:15:43, 23.91, 46.01
2019-02-19, 21:15:44, 23.91, 46.01
2019-02-19, 21:15:45, 23.92, 46.01
2019-02-19, 21:15:47, 23.9, 46.04
2019-02-19, 21:15:48, 23.92, 46.01
2019-02-19, 21:15:49, 23.91, 46.04
2019-02-19, 21:15:51, 23.91, 46.01
2019-02-19, 21:15:52, 23.9, 46.01
2019-02-19, 21:15:53, 23.91, 46.04
2019-02-19, 21:15:55, 23.92, 46.04
2019-02-19, 21:15:56, 23.92, 46.04
2019-02-19, 21:15:57, 23.91, 46.01
2019-02-19, 21:15:59, 23.91, 46.04
2019-02-19, 21:16:00, 23.92, 46.01
2019-02-19, 21:16:01, 23.92, 46.07
2019-02-19, 21:16:03, 23.92, 46.04
2019-02-19, 21:16:04, 23.91, 46.04
2019-02-19, 21:16:06, 23.91, 46.04
2019-02-19, 21:16:07, 23.91, 46.04
2019-02-19, 21:16:08, 23.91, 46.04
2019-02-19, 21:16:10, 23.91, 46.04
2019-02-19, 21:16:11, 23.91, 46.07
2019-02-19, 21:16:12, 23.92, 46.04
2019-02-19, 21:16:14, 23.92, 46.07
2019-02-19, 21:16:15, 23.92, 46.07
2019-02-19, 21:16:16, 23.91, 46.07
2019-02-19, 21:16:18, 23.91, 46.07
2019-02-19, 21:16:19, 23.91, 46.07
2019-02-19, 21:16:20, 23.91, 46.07
2019-02-19, 21:16:22, 23.9, 46.04
2019-02-19, 21:16:23, 23.91, 46.07
2019-02-19, 21:16:25, 23.92, 46.04
2019-02-19, 21:16:26, 23.9, 46.07
2019-02-19, 21:16:27, 23.91, 46.01
2019-02-19, 21:16:29, 23.9, 46.04
2019-02-19, 21:16:30, 23.9, 46.04
2019-02-19, 21:16:31, 23.9, 46.07
2019-02-19, 21:16:33, 23.9, 46.07
2019-02-19, 21:16:34, 23.9, 46.07
2019-02-19, 21:16:35, 23.9, 46.07
2019-02-19, 21:16:37, 23.9, 46.07
2019-02-19, 21:16:38, 23.92, 46.07
2019-02-19, 21:16:39, 23.91, 46.04
2019-02-19, 21:16:41, 23.92, 46.04
2019-02-19, 21:16:42, 23.92, 46.07
2019-02-19, 21:16:44, 23.91, 46.04
2019-02-19, 21:16:45, 23.92, 46.07
2019-02-19, 21:16:46, 23.91, 46.07
2019-02-19, 21:16:48, 23.92, 46.04
2019-02-19, 21:16:49, 23.92, 46.07
2019-02-19, 21:16:50, 23.84, 46.03
2019-02-19, 21:16:52, 23.9, 46.07
2019-02-19, 21:16:53, 23.9, 46.07
2019-02-19, 21:16:54, 23.9, 46.07
2019-02-19, 21:16:56, 23.91, 46.07
2019-02-19, 21:16:57, 23.9, 46.07
2019-02-19, 21:16:58, 23.92, 46.07
2019-02-19, 21:17:00, 23.91, 46.07
2019-02-19, 21:17:01, 23.9, 46.07
2019-02-19, 21:17:03, 23.91, 46.07
2019-02-19, 21:17:04, 23.91, 46.04
2019-02-19, 21:17:05, 23.92, 46.04
2019-02-19, 21:17:07, 23.92, 46.04
2019-02-19, 21:17:08, 23.92, 46.01
2019-02-19, 21:17:09, 23.92, 46.04
2019-02-19, 21:17:11, 23.92, 46.04
2019-02-19, 21:17:12, 23.91, 46.04
2019-02-19, 21:17:13, 23.92, 46.04
2019-02-19, 21:17:15, 23.91, 46.01
2019-02-19, 21:17:16, 23.91, 46.01
2019-02-19, 21:17:17, 23.91, 46.01
2019-02-19, 21:17:19, 23.9, 46.01
2019-02-19, 21:17:20, 23.91, 46.01
2019-02-19, 21:17:22, 23.9, 46.01
2019-02-19, 21:17:23, 23.9, 46.01
2019-02-19, 21:17:24, 23.92, 46.01
2019-02-19, 21:17:26, 23.91, 46.01
2019-02-19, 21:17:27, 23.91, 46.01
2019-02-19, 21:17:28, 23.9, 46.01
2019-02-19, 21:17:30, 23.9, 46.01
2019-02-19, 21:17:31, 23.9, 46.01
2019-02-19, 21:17:32, 23.92, 46.01
2019-02-19, 21:17:34, 23.9, 46.01
2019-02-19, 21:17:35, 23.91, 46.01
2019-02-19, 21:17:36, 23.9, 46.01
2019-02-19, 21:17:38, 23.91, 46.01
2019-02-19, 21:17:39, 23.91, 46.01
2019-02-19, 21:17:41, 23.92, 46.01
2019-02-19, 21:17:42, 23.92, 45.98
2019-02-19, 21:17:43, 23.92, 46.01
2019-02-19, 21:17:45, 23.91, 46.01
2019-02-19, 21:17:46, 23.92, 46.01
2019-02-19, 21:17:47, 23.91, 46.01
2019-02-19, 21:17:49, 23.91, 46.01
2019-02-19, 21:17:50, 23.92, 46.01
2019-02-19, 21:17:51, 23.92, 46.01
2019-02-19, 21:17:53, 23.91, 46.01
2019-02-19, 21:17:54, 23.92, 45.98
2019-02-19, 21:17:55, 23.92, 45.98
2019-02-19, 21:17:57, 23.92, 45.98
2019-02-19, 21:17:58, 23.92, 46.01
2019-02-19, 21:18:00, 23.91, 45.98
2019-02-19, 21:18:01, 23.92, 46.01
2019-02-19, 21:18:02, 23.92, 46.01
2019-02-19, 21:18:04, 23.91, 46.01
2019-02-19, 21:18:05, 23.91, 46.01
2019-02-19, 21:18:06, 23.9, 46.01
2019-02-19, 21:18:08, 23.9, 46.01
2019-02-19, 21:18:09, 23.91, 46.01
2019-02-19, 21:18:10, 23.91, 46.01
2019-02-19, 21:18:12, 23.92, 46.04
2019-02-19, 21:18:13, 23.91, 46.01
2019-02-19, 21:18:14, 23.92, 46.04
2019-02-19, 21:18:16, 23.91, 46.01
2019-02-19, 21:18:17, 23.91, 46.01
2019-02-19, 21:18:18, 23.91, 46.04
2019-02-19, 21:18:20, 23.92, 46.04
2019-02-19, 21:18:21, 23.92, 46.01
2019-02-19, 21:18:23, 23.91, 46.01
2019-02-19, 21:18:24, 23.91, 46.01
2019-02-19, 21:18:25, 23.92, 46.01
2019-02-19, 21:18:27, 23.91, 46.01
2019-02-19, 21:18:28, 23.9, 46.01
2019-02-19, 21:18:29, 23.91, 46.01
2019-02-19, 21:18:31, 23.92, 45.98
2019-02-19, 21:18:32, 23.91, 46.01
2019-02-19, 21:18:33, 23.92, 45.98
2019-02-19, 21:18:35, 23.91, 46.01
2019-02-19, 21:18:36, 23.91, 46.01
2019-02-19, 21:18:37, 23.92, 45.98
2019-02-19, 21:18:39, 23.92, 45.98
2019-02-19, 21:18:40, 23.92, 45.98
2019-02-19, 21:18:41, 23.92, 45.98
2019-02-19, 21:18:43, 23.92, 45.98
2019-02-19, 21:18:44, 23.93, 45.98
2019-02-19, 21:18:46, 23.92, 45.98
2019-02-19, 21:18:47, 23.92, 45.98
2019-02-19, 21:18:48, 23.92, 45.98
2019-02-19, 21:18:50, 23.77, 45.99
2019-02-19, 21:18:51, 23.87, 46.07
2019-02-19, 21:18:52, 23.89, 46.07
2019-02-19, 21:18:54, 23.91, 46.07
2019-02-19, 21:18:55, 23.9, 46.07
2019-02-19, 21:18:56, 23.89, 46.07
2019-02-19, 21:18:58, 23.9, 46.04
2019-02-19, 21:18:59, 23.92, 46.07
2019-02-19, 21:19:00, 23.91, 46.04
2019-02-19, 21:19:02, 23.92, 46.04
2019-02-19, 21:19:03, 23.91, 46.01
2019-02-19, 21:19:04, 23.9, 46.01
2019-02-19, 21:19:06, 23.92, 46.01
2019-02-19, 21:19:07, 23.92, 46.01
2019-02-19, 21:19:09, 23.91, 46.01
2019-02-19, 21:19:10, 23.92, 46.01
2019-02-19, 21:19:11, 23.92, 46.01
2019-02-19, 21:19:13, 23.94, 46.01
2019-02-19, 21:19:14, 23.93, 46.01
2019-02-19, 21:19:15, 23.92, 46.01
2019-02-19, 21:19:17, 23.92, 46.01
2019-02-19, 21:19:18, 23.92, 46.01
2019-02-19, 21:19:19, 23.77, 46.06
2019-02-19, 21:19:21, 23.87, 46.1
2019-02-19, 21:19:22, 23.9, 46.1
2019-02-19, 21:19:23, 23.91, 46.11
2019-02-19, 21:19:25, 23.89, 46.1
2019-02-19, 21:19:26, 23.9, 46.07
2019-02-19, 21:19:27, 23.92, 46.07
2019-02-19, 21:19:29, 23.91, 46.07
2019-02-19, 21:19:30, 23.91, 46.07
2019-02-19, 21:19:32, 23.93, 46.08
2019-02-19, 21:19:33, 23.92, 46.04
2019-02-19, 21:19:34, 23.92, 46.07
2019-02-19, 21:19:36, 23.92, 46.07
2019-02-19, 21:19:37, 23.91, 46.04
2019-02-19, 21:19:38, 23.91, 46.04
2019-02-19, 21:19:40, 23.92, 46.04
2019-02-19, 21:19:41, 23.91, 46.04
2019-02-19, 21:19:42, 23.92, 46.04
2019-02-19, 21:19:44, 23.92, 46.04
2019-02-19, 21:19:45, 23.92, 46.01
2019-02-19, 21:19:46, 23.92, 46.01
2019-02-19, 21:19:48, 23.92, 46.01
2019-02-19, 21:19:49, 23.93, 46.04
2019-02-19, 21:19:50, 23.92, 46.01
2019-02-19, 21:19:52, 23.93, 46.01
2019-02-19, 21:19:53, 23.93, 46.01
2019-02-19, 21:19:55, 23.92, 46.01
2019-02-19, 21:19:56, 23.92, 46.01
2019-02-19, 21:19:57, 23.93, 46.01
2019-02-19, 21:19:59, 23.92, 46.01
2019-02-19, 21:20:00, 23.92, 46.04
2019-02-19, 21:20:01, 23.92, 46.04
2019-02-19, 21:20:03, 23.92, 46.04
2019-02-19, 21:20:04, 23.93, 46.01
2019-02-19, 21:20:05, 23.92, 46.01
2019-02-19, 21:20:07, 23.93, 46.01
2019-02-19, 21:20:08, 23.94, 46.01
2019-02-19, 21:20:09, 23.92, 46.01
2019-02-19, 21:20:11, 23.93, 46.01
2019-02-19, 21:20:12, 23.93, 46.01
2019-02-19, 21:20:14, 23.92, 46.01
2019-02-19, 21:20:15, 23.92, 46.01
2019-02-19, 21:20:16, 23.91, 46.01
2019-02-19, 21:20:18, 23.92, 46.01
2019-02-19, 21:20:19, 23.93, 46.01
2019-02-19, 21:20:20, 23.92, 46.01
2019-02-19, 21:20:22, 23.92, 46.01
2019-02-19, 21:20:23, 23.86, 46.0
2019-02-19, 21:20:24, 23.91, 46.01
2019-02-19, 21:20:26, 23.92, 46.01
2019-02-19, 21:20:27, 23.92, 46.01
2019-02-19, 21:20:28, 23.92, 46.04
2019-02-19, 21:20:30, 23.92, 46.01
2019-02-19, 21:20:31, 23.92, 46.01
2019-02-19, 21:20:32, 23.92, 46.01
2019-02-19, 21:20:34, 23.92, 46.01
2019-02-19, 21:20:35, 23.92, 46.01
2019-02-19, 21:20:37, 23.93, 46.01
2019-02-19, 21:20:38, 23.92, 46.01
2019-02-19, 21:20:39, 23.92, 46.01
2019-02-19, 21:20:41, 23.93, 46.01
2019-02-19, 21:20:42, 23.93, 46.01
2019-02-19, 21:20:43, 23.93, 46.01
2019-02-19, 21:20:45, 23.93, 46.01
2019-02-19, 21:20:46, 23.92, 46.01
2019-02-19, 21:20:47, 23.92, 46.01
2019-02-19, 21:20:49, 23.94, 46.01
2019-02-19, 21:20:50, 23.92, 45.98
2019-02-19, 21:20:51, 23.92, 46.01
2019-02-19, 21:20:53, 23.85, 46.0
2019-02-19, 21:20:54, 23.89, 46.01
2019-02-19, 21:20:55, 23.91, 46.01
2019-02-19, 21:20:57, 23.92, 46.01
2019-02-19, 21:20:58, 23.92, 46.01
2019-02-19, 21:21:00, 23.93, 46.01
2019-02-19, 21:21:01, 23.92, 46.01
2019-02-19, 21:21:02, 23.92, 46.01
2019-02-19, 21:21:04, 23.93, 46.01
2019-02-19, 21:21:05, 23.92, 46.01
2019-02-19, 21:21:06, 23.93, 46.01
2019-02-19, 21:21:08, 23.92, 46.01
2019-02-19, 21:21:09, 23.91, 46.01
2019-02-19, 21:21:10, 23.91, 46.01
2019-02-19, 21:21:12, 23.92, 45.98
2019-02-19, 21:21:13, 23.92, 45.98
2019-02-19, 21:21:14, 23.92, 45.98
2019-02-19, 21:21:16, 23.93, 46.01
2019-02-19, 21:21:17, 23.92, 45.98
2019-02-19, 21:21:18, 23.93, 46.01
2019-02-19, 21:21:20, 23.93, 46.01
2019-02-19, 21:21:21, 23.92, 45.98
2019-02-19, 21:21:23, 23.92, 45.98
2019-02-19, 21:21:24, 23.92, 45.98
2019-02-19, 21:21:25, 23.91, 45.94
2019-02-19, 21:21:27, 23.92, 45.98
2019-02-19, 21:21:28, 23.9, 45.98
2019-02-19, 21:21:29, 23.9, 45.94
2019-02-19, 21:21:31, 23.92, 45.95
2019-02-19, 21:21:32, 23.92, 45.95
2019-02-19, 21:21:33, 23.92, 45.95
2019-02-19, 21:21:35, 23.92, 45.95
2019-02-19, 21:21:36, 23.92, 45.95
2019-02-19, 21:21:37, 23.92, 45.95
2019-02-19, 21:21:39, 23.92, 45.95
2019-02-19, 21:21:40, 23.92, 45.95
2019-02-19, 21:21:42, 23.92, 45.95
2019-02-19, 21:21:43, 23.93, 45.95
2019-02-19, 21:21:44, 23.92, 45.95
2019-02-19, 21:21:46, 23.93, 45.95
2019-02-19, 21:21:47, 23.93, 45.95
2019-02-19, 21:21:48, 23.93, 45.95
2019-02-19, 21:21:50, 23.93, 45.95
2019-02-19, 21:21:51, 23.92, 45.95
2019-02-19, 21:21:52, 23.92, 45.95
2019-02-19, 21:21:54, 23.92, 45.95
2019-02-19, 21:21:55, 23.92, 45.95
2019-02-19, 21:21:56, 23.93, 45.95
2019-02-19, 21:21:58, 23.93, 45.95
2019-02-19, 21:21:59, 23.94, 45.95
2019-02-19, 21:22:01, 23.94, 45.95
2019-02-19, 21:22:02, 23.93, 45.95
2019-02-19, 21:22:03, 23.94, 45.95
2019-02-19, 21:22:05, 23.92, 45.95
2019-02-19, 21:22:06, 23.95, 45.95
2019-02-19, 21:22:07, 23.93, 45.95
2019-02-19, 21:22:09, 23.94, 45.95
2019-02-19, 21:22:10, 23.94, 45.95
2019-02-19, 21:22:11, 23.94, 45.95
2019-02-19, 21:22:13, 23.95, 45.95
2019-02-19, 21:22:14, 23.94, 45.95
2019-02-19, 21:22:16, 23.95, 45.95
2019-02-19, 21:22:17, 23.84, 45.94
2019-02-19, 21:22:18, 23.91, 45.94
2019-02-19, 21:22:20, 23.91, 45.98
2019-02-19, 21:22:21, 23.91, 45.94
2019-02-19, 21:22:22, 23.92, 45.98
2019-02-19, 21:22:24, 23.93, 45.98
2019-02-19, 21:22:25, 23.94, 45.95
2019-02-19, 21:22:26, 23.94, 45.95
2019-02-19, 21:22:28, 23.93, 45.95
2019-02-19, 21:22:29, 23.94, 45.95
2019-02-19, 21:22:30, 23.94, 45.98
2019-02-19, 21:22:32, 23.94, 45.98
2019-02-19, 21:22:33, 23.94, 45.95
2019-02-19, 21:22:35, 23.94, 45.95
2019-02-19, 21:22:36, 23.94, 45.95
2019-02-19, 21:22:37, 23.94, 45.95
2019-02-19, 21:22:39, 23.95, 45.95
2019-02-19, 21:22:40, 23.94, 45.95
2019-02-19, 21:22:41, 23.94, 45.95
2019-02-19, 21:22:43, 23.94, 45.95
2019-02-19, 21:22:44, 23.93, 45.95
2019-02-19, 21:22:45, 23.93, 45.95
2019-02-19, 21:22:47, 23.93, 45.95
2019-02-19, 21:22:48, 23.92, 45.95
2019-02-19, 21:22:49, 23.94, 45.95
2019-02-19, 21:22:51, 23.94, 45.95
2019-02-19, 21:22:52, 23.95, 45.95
2019-02-19, 21:22:53, 23.96, 45.95
2019-02-19, 21:22:55, 23.95, 45.95
2019-02-19, 21:22:56, 23.95, 45.92
2019-02-19, 21:22:58, 23.94, 45.92
2019-02-19, 21:22:59, 23.94, 45.92
2019-02-19, 21:23:00, 23.94, 45.95
2019-02-19, 21:23:02, 23.94, 45.92
2019-02-19, 21:23:03, 23.94, 45.95
2019-02-19, 21:23:04, 23.94, 45.95
2019-02-19, 21:23:06, 23.94, 45.95
2019-02-19, 21:23:07, 23.94, 45.95
2019-02-19, 21:23:08, 23.93, 45.95
2019-02-19, 21:23:10, 23.94, 45.95
2019-02-19, 21:23:11, 23.94, 45.95
2019-02-19, 21:23:12, 23.95, 45.95
2019-02-19, 21:23:14, 23.94, 45.92
2019-02-19, 21:23:15, 23.94, 45.92
2019-02-19, 21:23:17, 23.79, 45.93
2019-02-19, 21:23:18, 23.89, 46.01
2019-02-19, 21:23:19, 23.91, 45.98
2019-02-19, 21:23:21, 23.92, 46.01
2019-02-19, 21:23:22, 23.92, 45.98
2019-02-19, 21:23:23, 23.94, 45.98
2019-02-19, 21:23:25, 23.93, 45.95
2019-02-19, 21:23:26, 23.94, 45.92
2019-02-19, 21:23:27, 23.94, 45.95
2019-02-19, 21:23:29, 23.92, 45.91
2019-02-19, 21:23:30, 23.93, 45.91
2019-02-19, 21:23:31, 23.94, 45.95
2019-02-19, 21:23:33, 23.94, 45.92
2019-02-19, 21:23:34, 23.93, 45.88
2019-02-19, 21:23:36, 23.93, 45.91
2019-02-19, 21:23:37, 23.93, 45.91
2019-02-19, 21:23:38, 23.94, 45.88
2019-02-19, 21:23:40, 23.94, 45.92
2019-02-19, 21:23:41, 23.94, 45.92
2019-02-19, 21:23:42, 23.92, 45.88
2019-02-19, 21:23:44, 23.94, 45.92
2019-02-19, 21:23:45, 23.94, 45.92
2019-02-19, 21:23:46, 23.94, 45.92
2019-02-19, 21:23:48, 23.94, 45.92
2019-02-19, 21:23:49, 23.94, 45.92
2019-02-19, 21:23:50, 23.95, 45.92
2019-02-19, 21:23:52, 23.94, 45.92
2019-02-19, 21:23:53, 23.94, 45.92
2019-02-19, 21:23:54, 23.94, 45.92
2019-02-19, 21:23:56, 23.95, 45.92
2019-02-19, 21:23:57, 23.93, 45.91
2019-02-19, 21:23:58, 23.94, 45.92
2019-02-19, 21:24:00, 23.93, 45.91
2019-02-19, 21:24:01, 23.94, 45.92
2019-02-19, 21:24:03, 23.94, 45.95
2019-02-19, 21:24:04, 23.94, 45.95
2019-02-19, 21:24:05, 23.94, 45.92
2019-02-19, 21:24:07, 23.94, 45.92
2019-02-19, 21:24:08, 23.94, 45.92
2019-02-19, 21:24:09, 23.95, 45.92
2019-02-19, 21:24:11, 23.95, 45.92
2019-02-19, 21:24:12, 23.94, 45.92
2019-02-19, 21:24:13, 23.94, 45.92
2019-02-19, 21:24:15, 23.94, 45.92
2019-02-19, 21:24:16, 23.94, 45.92
2019-02-19, 21:24:17, 23.94, 45.92
2019-02-19, 21:24:19, 23.94, 45.92
2019-02-19, 21:24:20, 23.95, 45.92
2019-02-19, 21:24:22, 23.95, 45.88
2019-02-19, 21:24:23, 23.94, 45.92
2019-02-19, 21:24:24, 23.95, 45.92
2019-02-19, 21:24:26, 23.95, 45.92
2019-02-19, 21:24:27, 23.95, 45.92
2019-02-19, 21:24:28, 23.95, 45.92
2019-02-19, 21:24:30, 23.95, 45.92
2019-02-19, 21:24:31, 23.95, 45.88
2019-02-19, 21:24:32, 23.94, 45.88
2019-02-19, 21:24:34, 23.95, 45.88
2019-02-19, 21:24:35, 23.95, 45.88
2019-02-19, 21:24:36, 23.96, 45.89
2019-02-19, 21:24:38, 23.95, 45.88
2019-02-19, 21:24:39, 23.95, 45.88
2019-02-19, 21:24:40, 23.96, 45.89
2019-02-19, 21:24:42, 23.95, 45.88
2019-02-19, 21:24:43, 23.95, 45.88
2019-02-19, 21:24:45, 23.95, 45.88
2019-02-19, 21:24:46, 23.94, 45.88
2019-02-19, 21:24:47, 23.94, 45.88
2019-02-19, 21:24:49, 23.95, 45.88
2019-02-19, 21:24:50, 23.94, 45.92
2019-02-19, 21:24:51, 23.96, 45.92
2019-02-19, 21:24:53, 23.94, 45.92
2019-02-19, 21:24:54, 23.95, 45.88
2019-02-19, 21:24:55, 23.95, 45.92
2019-02-19, 21:24:57, 23.94, 45.95
2019-02-19, 21:24:58, 23.95, 45.95
2019-02-19, 21:24:59, 23.95, 45.88
2019-02-19, 21:25:01, 23.94, 45.92
2019-02-19, 21:25:02, 23.94, 45.92
2019-02-19, 21:25:03, 23.94, 45.88
2019-02-19, 21:25:05, 23.95, 45.92
2019-02-19, 21:25:06, 23.96, 45.92
2019-02-19, 21:25:08, 23.95, 45.88
2019-02-19, 21:25:09, 23.96, 45.92
2019-02-19, 21:25:10, 23.96, 45.89
2019-02-19, 21:25:12, 23.95, 45.92
2019-02-19, 21:25:13, 23.95, 45.88
2019-02-19, 21:25:14, 23.95, 45.88
2019-02-19, 21:25:16, 23.94, 45.88
2019-02-19, 21:25:17, 23.94, 45.88
2019-02-19, 21:25:18, 23.94, 45.88
2019-02-19, 21:25:20, 23.95, 45.88
2019-02-19, 21:25:21, 23.96, 45.89
2019-02-19, 21:25:22, 23.95, 45.88
2019-02-19, 21:25:24, 23.95, 45.88
2019-02-19, 21:25:25, 23.94, 45.88
2019-02-19, 21:25:26, 23.93, 45.88
2019-02-19, 21:25:28, 23.93, 45.88
2019-02-19, 21:25:29, 23.94, 45.88
2019-02-19, 21:25:31, 23.94, 45.85
2019-02-19, 21:25:32, 23.94, 45.85
2019-02-19, 21:25:33, 23.94, 45.85
2019-02-19, 21:25:35, 23.94, 45.85
2019-02-19, 21:25:36, 23.94, 45.85
2019-02-19, 21:25:37, 23.96, 45.89
2019-02-19, 21:25:39, 23.95, 45.88
2019-02-19, 21:25:40, 23.95, 45.88
2019-02-19, 21:25:41, 23.96, 45.89
2019-02-19, 21:25:43, 23.94, 45.88
2019-02-19, 21:25:44, 23.96, 45.89
2019-02-19, 21:25:45, 23.95, 45.88
2019-02-19, 21:25:47, 23.95, 45.88
2019-02-19, 21:25:48, 23.96, 45.89
2019-02-19, 21:25:49, 23.86, 45.87
2019-02-19, 21:25:51, 23.94, 45.92
2019-02-19, 21:25:52, 23.95, 45.95
2019-02-19, 21:25:54, 23.94, 45.92
2019-02-19, 21:25:55, 23.95, 45.92
2019-02-19, 21:25:56, 23.95, 45.92
2019-02-19, 21:25:58, 23.96, 45.92
2019-02-19, 21:25:59, 23.95, 45.88
2019-02-19, 21:26:00, 23.96, 45.92
2019-02-19, 21:26:02, 23.95, 45.88
2019-02-19, 21:26:03, 23.96, 45.89
2019-02-19, 21:26:04, 23.95, 45.88
2019-02-19, 21:26:06, 23.95, 45.88
2019-02-19, 21:26:07, 23.95, 45.85
2019-02-19, 21:26:08, 23.96, 45.85
2019-02-19, 21:26:10, 23.96, 45.85
2019-02-19, 21:26:11, 23.94, 45.85
2019-02-19, 21:26:12, 23.95, 45.85
2019-02-19, 21:26:14, 23.94, 45.85
2019-02-19, 21:26:15, 23.94, 45.88
2019-02-19, 21:26:17, 23.94, 45.85
2019-02-19, 21:26:18, 23.95, 45.85
2019-02-19, 21:26:19, 23.94, 45.85
2019-02-19, 21:26:21, 23.95, 45.88
2019-02-19, 21:26:22, 23.95, 45.88
2019-02-19, 21:26:23, 23.96, 45.89
2019-02-19, 21:26:25, 23.95, 45.88
2019-02-19, 21:26:26, 23.94, 45.85
2019-02-19, 21:26:27, 23.94, 45.85
2019-02-19, 21:26:29, 23.95, 45.85
2019-02-19, 21:26:30, 23.96, 45.89
2019-02-19, 21:26:31, 23.95, 45.88
2019-02-19, 21:26:33, 23.97, 45.86
2019-02-19, 21:26:34, 23.96, 45.89
2019-02-19, 21:26:36, 23.97, 45.86
2019-02-19, 21:26:37, 23.96, 45.85
2019-02-19, 21:26:38, 23.96, 45.85
2019-02-19, 21:26:40, 23.96, 45.89
2019-02-19, 21:26:41, 23.96, 45.85
2019-02-19, 21:26:42, 23.96, 45.89
2019-02-19, 21:26:44, 23.96, 45.89
2019-02-19, 21:26:45, 23.97, 45.89
2019-02-19, 21:26:46, 23.97, 45.89
2019-02-19, 21:26:48, 23.96, 45.89
2019-02-19, 21:26:49, 23.81, 45.87
2019-02-19, 21:26:50, 23.92, 45.95
2019-02-19, 21:26:52, 23.94, 45.95
2019-02-19, 21:26:53, 23.94, 45.95
2019-02-19, 21:26:54, 23.96, 45.95
2019-02-19, 21:26:56, 23.96, 45.92
2019-02-19, 21:26:57, 23.94, 45.92
2019-02-19, 21:26:59, 23.93, 45.88
2019-02-19, 21:27:00, 23.94, 45.88
2019-02-19, 21:27:01, 23.94, 45.88
2019-02-19, 21:27:03, 23.96, 45.89
2019-02-19, 21:27:04, 23.95, 45.88
2019-02-19, 21:27:05, 23.96, 45.89
2019-02-19, 21:27:07, 23.94, 45.88
2019-02-19, 21:27:08, 23.93, 45.88
2019-02-19, 21:27:09, 23.95, 45.88
2019-02-19, 21:27:11, 23.96, 45.89
2019-02-19, 21:27:12, 23.95, 45.88
2019-02-19, 21:27:13, 23.95, 45.88
2019-02-19, 21:27:15, 23.96, 45.89
2019-02-19, 21:27:16, 23.96, 45.89
2019-02-19, 21:27:18, 23.96, 45.89
2019-02-19, 21:27:19, 23.96, 45.89
2019-02-19, 21:27:20, 23.97, 45.89
2019-02-19, 21:27:22, 23.96, 45.89
2019-02-19, 21:27:23, 23.96, 45.89
2019-02-19, 21:27:24, 23.96, 45.89
2019-02-19, 21:27:26, 23.96, 45.89
2019-02-19, 21:27:27, 23.96, 45.89
2019-02-19, 21:27:28, 23.95, 45.88
2019-02-19, 21:27:30, 23.96, 45.89
2019-02-19, 21:27:31, 23.96, 45.89
2019-02-19, 21:27:32, 23.96, 45.89
2019-02-19, 21:27:34, 23.95, 45.88
2019-02-19, 21:27:35, 23.96, 45.89
2019-02-19, 21:27:37, 23.96, 45.89
2019-02-19, 21:27:38, 23.96, 45.89
2019-02-19, 21:27:39, 23.96, 45.89
2019-02-19, 21:27:41, 23.97, 45.89
2019-02-19, 21:27:42, 23.96, 45.89
2019-02-19, 21:27:43, 23.85, 45.87
2019-02-19, 21:27:45, 23.93, 45.88
2019-02-19, 21:27:46, 23.94, 45.92
2019-02-19, 21:27:47, 23.94, 45.92
2019-02-19, 21:27:49, 23.94, 45.92
2019-02-19, 21:27:50, 23.95, 45.88
2019-02-19, 21:27:51, 23.95, 45.88
2019-02-19, 21:27:53, 23.95, 45.88
2019-02-19, 21:27:54, 23.95, 45.88
2019-02-19, 21:27:55, 23.94, 45.88
2019-02-19, 21:27:57, 23.94, 45.88
2019-02-19, 21:27:58, 23.95, 45.88
2019-02-19, 21:28:00, 23.95, 45.88
2019-02-19, 21:28:01, 23.95, 45.88
2019-02-19, 21:28:02, 23.95, 45.88
2019-02-19, 21:28:04, 23.95, 45.88
2019-02-19, 21:28:05, 23.96, 45.89
2019-02-19, 21:28:06, 23.95, 45.85
2019-02-19, 21:28:08, 23.96, 45.89
2019-02-19, 21:28:09, 23.97, 45.86
2019-02-19, 21:28:10, 23.97, 45.86
2019-02-19, 21:28:12, 23.95, 45.88
2019-02-19, 21:28:13, 23.83, 45.87
2019-02-19, 21:28:14, 23.92, 45.91
2019-02-19, 21:28:16, 23.94, 45.88
2019-02-19, 21:28:17, 23.95, 45.88
2019-02-19, 21:28:18, 23.94, 45.88
2019-02-19, 21:28:20, 23.95, 45.88
2019-02-19, 21:28:21, 23.94, 45.85
2019-02-19, 21:28:23, 23.96, 45.89
2019-02-19, 21:28:24, 23.96, 45.85
2019-02-19, 21:28:25, 23.97, 45.82
2019-02-19, 21:28:27, 23.95, 45.82
2019-02-19, 21:28:28, 23.96, 45.82
2019-02-19, 21:28:29, 23.96, 45.82
2019-02-19, 21:28:31, 23.96, 45.79
2019-02-19, 21:28:32, 23.96, 45.79
2019-02-19, 21:28:33, 23.98, 45.79
2019-02-19, 21:28:35, 23.97, 45.79
2019-02-19, 21:28:36, 23.96, 45.79
2019-02-19, 21:28:37, 23.95, 45.79
2019-02-19, 21:28:39, 23.96, 45.79
2019-02-19, 21:28:40, 23.96, 45.82
2019-02-19, 21:28:42, 23.96, 45.82
2019-02-19, 21:28:43, 23.96, 45.82
2019-02-19, 21:28:44, 23.96, 45.82
2019-02-19, 21:28:46, 23.97, 45.82
2019-02-19, 21:28:47, 23.97, 45.82
2019-02-19, 21:28:48, 23.97, 45.82
2019-02-19, 21:28:50, 23.98, 45.82
2019-02-19, 21:28:51, 23.95, 45.82
2019-02-19, 21:28:52, 23.97, 45.79
2019-02-19, 21:28:54, 23.98, 45.82
2019-02-19, 21:28:55, 23.96, 45.79
2019-02-19, 21:28:56, 23.97, 45.76
2019-02-19, 21:28:58, 23.96, 45.79
2019-02-19, 21:28:59, 23.96, 45.79
2019-02-19, 21:29:00, 23.98, 45.79
2019-02-19, 21:29:02, 23.96, 45.79
2019-02-19, 21:29:03, 23.99, 45.76
2019-02-19, 21:29:05, 23.98, 45.76
2019-02-19, 21:29:06, 23.97, 45.76
2019-02-19, 21:29:07, 23.98, 45.76
2019-02-19, 21:29:09, 23.98, 45.76
2019-02-19, 21:29:10, 23.98, 45.76
2019-02-19, 21:29:11, 23.97, 45.79
2019-02-19, 21:29:13, 23.98, 45.76
2019-02-19, 21:29:14, 23.97, 45.76
2019-02-19, 21:29:15, 23.98, 45.76
2019-02-19, 21:29:17, 23.98, 45.76
2019-02-19, 21:29:18, 23.98, 45.76
2019-02-19, 21:29:19, 23.97, 45.76
2019-02-19, 21:29:21, 23.98, 45.79
2019-02-19, 21:29:22, 23.98, 45.76
2019-02-19, 21:29:24, 23.97, 45.76
2019-02-19, 21:29:25, 23.98, 45.76
2019-02-19, 21:29:26, 23.99, 45.79
2019-02-19, 21:29:28, 23.98, 45.76
2019-02-19, 21:29:29, 23.98, 45.76
2019-02-19, 21:29:30, 23.98, 45.76
2019-02-19, 21:29:32, 23.99, 45.76
2019-02-19, 21:29:33, 24.0, 45.76
2019-02-19, 21:29:34, 23.98, 45.76
2019-02-19, 21:29:36, 23.98, 45.76
2019-02-19, 21:29:37, 23.98, 45.79
2019-02-19, 21:29:38, 23.98, 45.79
2019-02-19, 21:29:40, 23.98, 45.76
2019-02-19, 21:29:41, 23.98, 45.76
2019-02-19, 21:29:42, 23.98, 45.79
2019-02-19, 21:29:44, 23.98, 45.76
2019-02-19, 21:29:45, 23.97, 45.76
2019-02-19, 21:29:47, 23.98, 45.76
2019-02-19, 21:29:48, 23.98, 45.76
2019-02-19, 21:29:49, 23.97, 45.76
2019-02-19, 21:29:51, 23.97, 45.76
2019-02-19, 21:29:52, 23.98, 45.76
2019-02-19, 21:29:53, 23.98, 45.76
2019-02-19, 21:29:55, 23.98, 45.76
2019-02-19, 21:29:56, 23.98, 45.76
2019-02-19, 21:29:57, 23.99, 45.76
2019-02-19, 21:29:59, 23.98, 45.76
2019-02-19, 21:30:00, 23.99, 45.76
2019-02-19, 21:30:01, 23.97, 45.76
2019-02-19, 21:30:03, 23.98, 45.76
2019-02-19, 21:30:04, 23.98, 45.79
2019-02-19, 21:30:05, 23.98, 45.79
2019-02-19, 21:30:07, 23.98, 45.79
2019-02-19, 21:30:08, 23.97, 45.76
2019-02-19, 21:30:10, 23.98, 45.79
2019-02-19, 21:30:11, 23.99, 45.76
2019-02-19, 21:30:12, 23.96, 45.79
2019-02-19, 21:30:14, 23.97, 45.76
2019-02-19, 21:30:15, 23.98, 45.79
2019-02-19, 21:30:16, 23.98, 45.79
2019-02-19, 21:30:18, 23.98, 45.76
2019-02-19, 21:30:19, 23.97, 45.79
2019-02-19, 21:30:20, 23.99, 45.79
2019-02-19, 21:30:22, 23.98, 45.79
2019-02-19, 21:30:23, 23.98, 45.79
2019-02-19, 21:30:24, 23.99, 45.79
2019-02-19, 21:30:26, 23.98, 45.79
2019-02-19, 21:30:27, 23.99, 45.76
2019-02-19, 21:30:29, 23.97, 45.76
2019-02-19, 21:30:30, 24.0, 45.76
2019-02-19, 21:30:31, 23.98, 45.76
2019-02-19, 21:30:33, 23.98, 45.76
2019-02-19, 21:30:34, 23.98, 45.76
2019-02-19, 21:30:35, 23.98, 45.76
2019-02-19, 21:30:37, 23.98, 45.76
2019-02-19, 21:30:38, 23.98, 45.76
2019-02-19, 21:30:39, 23.98, 45.76
2019-02-19, 21:30:41, 23.98, 45.76
2019-02-19, 21:30:42, 23.98, 45.76
2019-02-19, 21:30:43, 23.98, 45.76
2019-02-19, 21:30:45, 23.98, 45.76
2019-02-19, 21:30:46, 23.99, 45.76
2019-02-19, 21:30:48, 23.99, 45.76
2019-02-19, 21:30:49, 23.97, 45.76
2019-02-19, 21:30:50, 23.99, 45.76
2019-02-19, 21:30:52, 23.99, 45.76
2019-02-19, 21:30:53, 23.98, 45.76
2019-02-19, 21:30:54, 23.99, 45.76
2019-02-19, 21:30:56, 23.99, 45.76
2019-02-19, 21:30:57, 23.98, 45.76
2019-02-19, 21:30:58, 23.99, 45.76
2019-02-19, 21:31:00, 23.99, 45.76
2019-02-19, 21:31:01, 24.0, 45.76
2019-02-19, 21:31:02, 23.98, 45.76
2019-02-19, 21:31:04, 23.99, 45.76
2019-02-19, 21:31:05, 23.97, 45.76
2019-02-19, 21:31:06, 23.99, 45.76
2019-02-19, 21:31:08, 23.98, 45.76
2019-02-19, 21:31:09, 24.0, 45.76
2019-02-19, 21:31:11, 23.96, 45.76
2019-02-19, 21:31:12, 23.98, 45.76
2019-02-19, 21:31:13, 24.0, 45.79
2019-02-19, 21:31:15, 24.0, 45.79
2019-02-19, 21:31:16, 23.86, 45.81
2019-02-19, 21:31:17, 23.96, 45.82
2019-02-19, 21:31:19, 23.96, 45.82
2019-02-19, 21:31:20, 23.98, 45.82
2019-02-19, 21:31:21, 23.98, 45.82
2019-02-19, 21:31:23, 23.98, 45.82
2019-02-19, 21:31:24, 23.98, 45.82
2019-02-19, 21:31:25, 23.99, 45.83
2019-02-19, 21:31:27, 23.98, 45.79
2019-02-19, 21:31:28, 23.99, 45.79
2019-02-19, 21:31:30, 24.0, 45.79
2019-02-19, 21:31:31, 23.99, 45.79
2019-02-19, 21:31:32, 23.99, 45.79
2019-02-19, 21:31:34, 23.99, 45.79
2019-02-19, 21:31:35, 23.99, 45.76
2019-02-19, 21:31:36, 24.0, 45.79
2019-02-19, 21:31:38, 23.99, 45.76
2019-02-19, 21:31:39, 23.98, 45.76
2019-02-19, 21:31:40, 23.93, 45.79
2019-02-19, 21:31:42, 23.98, 45.82
2019-02-19, 21:31:43, 23.98, 45.82
2019-02-19, 21:31:44, 23.96, 45.82
2019-02-19, 21:31:46, 23.97, 45.82
2019-02-19, 21:31:47, 23.97, 45.82
2019-02-19, 21:31:48, 23.98, 45.82
2019-02-19, 21:31:50, 23.98, 45.82
2019-02-19, 21:31:51, 23.98, 45.82
2019-02-19, 21:31:53, 23.98, 45.82
2019-02-19, 21:31:54, 23.99, 45.79
2019-02-19, 21:31:55, 23.99, 45.83
2019-02-19, 21:31:57, 23.98, 45.82
2019-02-19, 21:31:58, 23.99, 45.83
2019-02-19, 21:31:59, 24.0, 45.83
2019-02-19, 21:32:01, 24.0, 45.79
2019-02-19, 21:32:02, 23.98, 45.82
2019-02-19, 21:32:03, 23.98, 45.82
2019-02-19, 21:32:05, 23.97, 45.79
2019-02-19, 21:32:06, 23.98, 45.82
2019-02-19, 21:32:07, 23.98, 45.79
2019-02-19, 21:32:09, 24.0, 45.79
2019-02-19, 21:32:10, 23.98, 45.79
2019-02-19, 21:32:11, 23.98, 45.79
2019-02-19, 21:32:13, 23.98, 45.79
2019-02-19, 21:32:14, 23.98, 45.79
2019-02-19, 21:32:16, 23.99, 45.79
2019-02-19, 21:32:17, 24.0, 45.79
2019-02-19, 21:32:18, 23.97, 45.79
2019-02-19, 21:32:20, 23.98, 45.79
2019-02-19, 21:32:21, 23.99, 45.79
2019-02-19, 21:32:22, 23.98, 45.76
2019-02-19, 21:32:24, 23.98, 45.76
2019-02-19, 21:32:25, 23.99, 45.76
2019-02-19, 21:32:26, 23.96, 45.76
2019-02-19, 21:32:28, 23.99, 45.76
2019-02-19, 21:32:29, 23.98, 45.76
2019-02-19, 21:32:30, 23.99, 45.76
2019-02-19, 21:32:32, 23.99, 45.76
2019-02-19, 21:32:33, 23.96, 45.76
2019-02-19, 21:32:34, 23.97, 45.76
2019-02-19, 21:32:36, 23.98, 45.76
2019-02-19, 21:32:37, 23.98, 45.76
2019-02-19, 21:32:39, 23.98, 45.76
2019-02-19, 21:32:40, 23.99, 45.76
2019-02-19, 21:32:41, 23.98, 45.76
2019-02-19, 21:32:43, 23.97, 45.76
2019-02-19, 21:32:44, 23.97, 45.76
2019-02-19, 21:32:45, 23.97, 45.76
2019-02-19, 21:32:47, 23.97, 45.76
2019-02-19, 21:32:48, 23.97, 45.76
2019-02-19, 21:32:49, 23.98, 45.76
2019-02-19, 21:32:51, 23.98, 45.76
2019-02-19, 21:32:52, 23.98, 45.76
2019-02-19, 21:32:53, 23.98, 45.76
2019-02-19, 21:32:55, 23.98, 45.76
2019-02-19, 21:32:56, 23.97, 45.76
2019-02-19, 21:32:58, 23.97, 45.76
2019-02-19, 21:32:59, 23.98, 45.76
2019-02-19, 21:33:00, 23.97, 45.76
2019-02-19, 21:33:02, 23.97, 45.76
2019-02-19, 21:33:03, 23.98, 45.73
2019-02-19, 21:33:04, 23.99, 45.76
2019-02-19, 21:33:06, 23.98, 45.76
2019-02-19, 21:33:07, 23.98, 45.73
2019-02-19, 21:33:08, 23.98, 45.76
2019-02-19, 21:33:10, 23.86, 45.75
2019-02-19, 21:33:11, 23.95, 45.79
2019-02-19, 21:33:12, 23.96, 45.82
2019-02-19, 21:33:14, 23.96, 45.79
2019-02-19, 21:33:15, 23.96, 45.79
2019-02-19, 21:33:16, 23.96, 45.76
2019-02-19, 21:33:18, 23.97, 45.76
2019-02-19, 21:33:19, 23.98, 45.76
2019-02-19, 21:33:21, 23.98, 45.76
2019-02-19, 21:33:22, 23.98, 45.76
2019-02-19, 21:33:23, 23.99, 45.73
2019-02-19, 21:33:25, 23.99, 45.73
2019-02-19, 21:33:26, 23.98, 45.73
2019-02-19, 21:33:27, 23.98, 45.73
2019-02-19, 21:33:29, 23.98, 45.76
2019-02-19, 21:33:30, 23.99, 45.7
2019-02-19, 21:33:31, 23.98, 45.73
2019-02-19, 21:33:33, 23.99, 45.73
2019-02-19, 21:33:34, 23.99, 45.73
2019-02-19, 21:33:35, 23.99, 45.73
2019-02-19, 21:33:37, 23.98, 45.73
2019-02-19, 21:33:38, 23.99, 45.73
2019-02-19, 21:33:39, 23.85, 45.74
2019-02-19, 21:33:41, 23.94, 45.76
2019-02-19, 21:33:42, 23.95, 45.79
2019-02-19, 21:33:44, 23.96, 45.76
2019-02-19, 21:33:45, 23.97, 45.76
2019-02-19, 21:33:46, 23.98, 45.76
2019-02-19, 21:33:48, 23.96, 45.76
2019-02-19, 21:33:49, 23.98, 45.76
2019-02-19, 21:33:50, 23.96, 45.73
2019-02-19, 21:33:52, 23.98, 45.76
2019-02-19, 21:33:53, 23.97, 45.76
2019-02-19, 21:33:54, 23.98, 45.76
2019-02-19, 21:33:56, 23.98, 45.73
2019-02-19, 21:33:57, 23.98, 45.76
2019-02-19, 21:33:58, 23.97, 45.76
2019-02-19, 21:34:00, 23.98, 45.76
2019-02-19, 21:34:01, 23.98, 45.73
2019-02-19, 21:34:03, 23.98, 45.76
2019-02-19, 21:34:04, 23.94, 45.72
2019-02-19, 21:34:05, 23.96, 45.73
2019-02-19, 21:34:07, 23.97, 45.73
2019-02-19, 21:34:08, 23.97, 45.73
2019-02-19, 21:34:09, 23.98, 45.73
2019-02-19, 21:34:11, 23.98, 45.76
2019-02-19, 21:34:12, 23.97, 45.76
2019-02-19, 21:34:13, 23.98, 45.76
2019-02-19, 21:34:15, 23.97, 45.73
2019-02-19, 21:34:16, 23.98, 45.73
2019-02-19, 21:34:17, 23.97, 45.73
2019-02-19, 21:34:19, 23.98, 45.73
2019-02-19, 21:34:20, 23.98, 45.7
2019-02-19, 21:34:21, 23.98, 45.73
2019-02-19, 21:34:23, 23.99, 45.7
2019-02-19, 21:34:24, 23.98, 45.7
2019-02-19, 21:34:26, 23.98, 45.73
2019-02-19, 21:34:27, 23.96, 45.69
2019-02-19, 21:34:28, 23.98, 45.73
2019-02-19, 21:34:30, 23.97, 45.73
2019-02-19, 21:34:31, 23.97, 45.69
2019-02-19, 21:34:32, 23.98, 45.73
2019-02-19, 21:34:34, 23.98, 45.73
2019-02-19, 21:34:35, 23.99, 45.76
2019-02-19, 21:34:36, 23.97, 45.76
2019-02-19, 21:34:38, 23.98, 45.73
2019-02-19, 21:34:39, 23.81, 45.77
2019-02-19, 21:34:40, 23.92, 45.82
2019-02-19, 21:34:42, 23.94, 45.82
2019-02-19, 21:34:43, 23.88, 45.84
2019-02-19, 21:34:45, 23.95, 45.85
2019-02-19, 21:34:46, 23.96, 45.82
2019-02-19, 21:34:47, 23.97, 45.82
2019-02-19, 21:34:49, 23.97, 45.82
2019-02-19, 21:34:50, 23.95, 45.82
2019-02-19, 21:34:51, 23.96, 45.79
2019-02-19, 21:34:53, 23.96, 45.79
2019-02-19, 21:34:54, 23.97, 45.76
2019-02-19, 21:34:55, 23.95, 45.79
2019-02-19, 21:34:57, 23.96, 45.79
2019-02-19, 21:34:58, 23.98, 45.76
2019-02-19, 21:34:59, 23.96, 45.76
2019-02-19, 21:35:01, 23.98, 45.76
2019-02-19, 21:35:02, 23.98, 45.79
2019-02-19, 21:35:03, 23.97, 45.76
2019-02-19, 21:35:05, 23.97, 45.76
2019-02-19, 21:35:06, 23.97, 45.76
2019-02-19, 21:35:08, 23.96, 45.76
2019-02-19, 21:35:09, 23.97, 45.76
2019-02-19, 21:35:10, 23.96, 45.76
2019-02-19, 21:35:12, 23.96, 45.76
2019-02-19, 21:35:13, 23.96, 45.76
2019-02-19, 21:35:14, 23.97, 45.76
2019-02-19, 21:35:16, 23.97, 45.76
2019-02-19, 21:35:17, 23.96, 45.76
2019-02-19, 21:35:18, 23.96, 45.76
2019-02-19, 21:35:20, 23.96, 45.76
2019-02-19, 21:35:21, 23.97, 45.76
2019-02-19, 21:35:22, 23.97, 45.76
2019-02-19, 21:35:24, 23.96, 45.76
2019-02-19, 21:35:25, 23.96, 45.76
2019-02-19, 21:35:26, 23.97, 45.76
2019-02-19, 21:35:28, 23.98, 45.76
2019-02-19, 21:35:29, 23.98, 45.76
2019-02-19, 21:35:31, 23.96, 45.76
2019-02-19, 21:35:32, 23.97, 45.76
2019-02-19, 21:35:33, 23.97, 45.76
2019-02-19, 21:35:35, 23.96, 45.76
2019-02-19, 21:35:36, 23.95, 45.76
2019-02-19, 21:35:37, 23.97, 45.76
2019-02-19, 21:35:39, 23.96, 45.76
2019-02-19, 21:35:40, 23.96, 45.76
2019-02-19, 21:35:41, 23.96, 45.76
2019-02-19, 21:35:43, 23.87, 45.75
2019-02-19, 21:35:44, 23.93, 45.79
2019-02-19, 21:35:45, 23.94, 45.79
2019-02-19, 21:35:47, 23.94, 45.79
2019-02-19, 21:35:48, 23.95, 45.79
2019-02-19, 21:35:49, 23.94, 45.76
2019-02-19, 21:35:51, 23.95, 45.79
2019-02-19, 21:35:52, 23.94, 45.79
2019-02-19, 21:35:54, 23.94, 45.76
2019-02-19, 21:35:55, 23.94, 45.79
2019-02-19, 21:35:56, 23.95, 45.79
2019-02-19, 21:35:58, 23.95, 45.76
2019-02-19, 21:35:59, 23.95, 45.76
2019-02-19, 21:36:00, 23.96, 45.79
2019-02-19, 21:36:02, 23.95, 45.76
2019-02-19, 21:36:03, 23.94, 45.79
2019-02-19, 21:36:04, 23.95, 45.82
2019-02-19, 21:36:06, 23.95, 45.76
2019-02-19, 21:36:07, 23.96, 45.79
2019-02-19, 21:36:08, 23.96, 45.76
2019-02-19, 21:36:10, 23.94, 45.79
2019-02-19, 21:36:11, 23.96, 45.79
2019-02-19, 21:36:12, 23.95, 45.79
2019-02-19, 21:36:14, 23.95, 45.79
2019-02-19, 21:36:15, 23.94, 45.76
2019-02-19, 21:36:17, 23.94, 45.79
2019-02-19, 21:36:18, 23.94, 45.79
2019-02-19, 21:36:19, 23.94, 45.79
2019-02-19, 21:36:21, 23.94, 45.79
2019-02-19, 21:36:22, 23.94, 45.79
2019-02-19, 21:36:23, 23.93, 45.75
2019-02-19, 21:36:25, 23.94, 45.82
2019-02-19, 21:36:26, 23.94, 45.79
2019-02-19, 21:36:27, 23.93, 45.79
2019-02-19, 21:36:29, 23.93, 45.82
2019-02-19, 21:36:30, 23.94, 45.79
2019-02-19, 21:36:31, 23.93, 45.79
2019-02-19, 21:36:33, 23.93, 45.79
2019-02-19, 21:36:34, 23.94, 45.79
2019-02-19, 21:36:36, 23.94, 45.76
2019-02-19, 21:36:37, 23.93, 45.75
2019-02-19, 21:36:38, 23.93, 45.75
2019-02-19, 21:36:40, 23.94, 45.76
2019-02-19, 21:36:41, 23.93, 45.79
2019-02-19, 21:36:42, 23.93, 45.79
2019-02-19, 21:36:44, 23.94, 45.76
2019-02-19, 21:36:45, 23.94, 45.79
2019-02-19, 21:36:46, 23.94, 45.76
2019-02-19, 21:36:48, 23.94, 45.79
2019-02-19, 21:36:49, 23.94, 45.82
2019-02-19, 21:36:50, 23.93, 45.79
2019-02-19, 21:36:52, 23.94, 45.79
2019-02-19, 21:36:53, 23.94, 45.82
2019-02-19, 21:36:54, 23.95, 45.82
2019-02-19, 21:36:56, 23.94, 45.79
2019-02-19, 21:36:57, 23.94, 45.79
2019-02-19, 21:36:59, 23.94, 45.76
2019-02-19, 21:37:00, 23.94, 45.76
2019-02-19, 21:37:01, 23.94, 45.76
2019-02-19, 21:37:03, 23.94, 45.79
2019-02-19, 21:37:04, 23.94, 45.79
2019-02-19, 21:37:05, 23.95, 45.76
2019-02-19, 21:37:07, 23.91, 45.78
2019-02-19, 21:37:08, 23.94, 45.79
2019-02-19, 21:37:09, 23.93, 45.75
2019-02-19, 21:37:11, 23.95, 45.82
2019-02-19, 21:37:12, 23.94, 45.79
2019-02-19, 21:37:13, 23.93, 45.82
2019-02-19, 21:37:15, 23.92, 45.78
2019-02-19, 21:37:16, 23.91, 45.75
2019-02-19, 21:37:17, 23.92, 45.78
2019-02-19, 21:37:19, 23.92, 45.78
2019-02-19, 21:37:20, 23.9, 45.78
2019-02-19, 21:37:22, 23.93, 45.82
2019-02-19, 21:37:23, 23.91, 45.78
2019-02-19, 21:37:24, 23.93, 45.82
2019-02-19, 21:37:26, 23.92, 45.82
2019-02-19, 21:37:27, 23.92, 45.78
2019-02-19, 21:37:28, 23.92, 45.82
2019-02-19, 21:37:30, 23.93, 45.82
2019-02-19, 21:37:31, 23.93, 45.82
2019-02-19, 21:37:32, 23.92, 45.78
2019-02-19, 21:37:34, 23.92, 45.78
2019-02-19, 21:37:35, 23.92, 45.78
2019-02-19, 21:37:36, 23.85, 45.78
2019-02-19, 21:37:38, 23.91, 45.82
2019-02-19, 21:37:39, 23.92, 45.82
2019-02-19, 21:37:40, 23.92, 45.82
2019-02-19, 21:37:42, 23.76, 45.83
2019-02-19, 21:37:43, 23.88, 45.88
2019-02-19, 21:37:45, 23.89, 45.88
2019-02-19, 21:37:46, 23.9, 45.88
2019-02-19, 21:37:47, 23.91, 45.88
2019-02-19, 21:37:49, 23.92, 45.82
2019-02-19, 21:37:50, 23.91, 45.82
2019-02-19, 21:37:51, 23.92, 45.82
2019-02-19, 21:37:53, 23.91, 45.82
2019-02-19, 21:37:54, 23.92, 45.82
2019-02-19, 21:37:55, 23.92, 45.82
2019-02-19, 21:37:57, 23.91, 45.82
2019-02-19, 21:37:58, 23.91, 45.82
2019-02-19, 21:37:59, 23.92, 45.78
2019-02-19, 21:38:01, 23.9, 45.81
2019-02-19, 21:38:02, 23.91, 45.78
2019-02-19, 21:38:04, 23.92, 45.78
2019-02-19, 21:38:05, 23.92, 45.82
2019-02-19, 21:38:06, 23.82, 45.77
2019-02-19, 21:38:08, 23.9, 45.81
2019-02-19, 21:38:09, 23.9, 45.81
2019-02-19, 21:38:10, 23.92, 45.82
2019-02-19, 21:38:12, 23.9, 45.85
2019-02-19, 21:38:13, 23.91, 45.82
2019-02-19, 21:38:14, 23.91, 45.82
2019-02-19, 21:38:16, 23.92, 45.82
2019-02-19, 21:38:17, 23.91, 45.82
2019-02-19, 21:38:18, 23.9, 45.81
2019-02-19, 21:38:20, 23.92, 45.82
2019-02-19, 21:38:21, 23.9, 45.85
2019-02-19, 21:38:22, 23.9, 45.81
2019-02-19, 21:38:24, 23.91, 45.85
2019-02-19, 21:38:25, 23.9, 45.85
2019-02-19, 21:38:27, 23.9, 45.85
2019-02-19, 21:38:28, 23.9, 45.85
2019-02-19, 21:38:29, 23.9, 45.85
2019-02-19, 21:38:31, 23.9, 45.88
2019-02-19, 21:38:32, 23.91, 45.85
2019-02-19, 21:38:33, 23.9, 45.81
2019-02-19, 21:38:35, 23.9, 45.85
2019-02-19, 21:38:36, 23.91, 45.85
2019-02-19, 21:38:37, 23.91, 45.85
2019-02-19, 21:38:39, 23.9, 45.85
2019-02-19, 21:38:40, 23.9, 45.85
2019-02-19, 21:38:41, 23.92, 45.85
2019-02-19, 21:38:43, 23.91, 45.82
2019-02-19, 21:38:44, 23.9, 45.85
2019-02-19, 21:38:45, 23.9, 45.85
2019-02-19, 21:38:47, 23.9, 45.85
2019-02-19, 21:38:48, 23.9, 45.85
2019-02-19, 21:38:50, 23.88, 45.84
2019-02-19, 21:38:51, 23.9, 45.85
2019-02-19, 21:38:52, 23.89, 45.85
2019-02-19, 21:38:54, 23.9, 45.81
2019-02-19, 21:38:55, 23.9, 45.85
2019-02-19, 21:38:56, 23.89, 45.85
2019-02-19, 21:38:58, 23.9, 45.85
2019-02-19, 21:38:59, 23.9, 45.81
2019-02-19, 21:39:00, 23.9, 45.81
2019-02-19, 21:39:02, 23.9, 45.81
2019-02-19, 21:39:03, 23.91, 45.82
2019-02-19, 21:39:04, 23.9, 45.81
2019-02-19, 21:39:06, 23.78, 45.83
2019-02-19, 21:39:07, 23.85, 45.87
2019-02-19, 21:39:08, 23.87, 45.88
2019-02-19, 21:39:10, 23.88, 45.88
2019-02-19, 21:39:11, 23.9, 45.88
2019-02-19, 21:39:13, 23.9, 45.85
2019-02-19, 21:39:14, 23.89, 45.85
2019-02-19, 21:39:15, 23.89, 45.85
2019-02-19, 21:39:17, 23.89, 45.81
2019-02-19, 21:39:18, 23.9, 45.81
2019-02-19, 21:39:19, 23.88, 45.84
2019-02-19, 21:39:21, 23.9, 45.85
2019-02-19, 21:39:22, 23.9, 45.81
2019-02-19, 21:39:23, 23.9, 45.85
2019-02-19, 21:39:25, 23.9, 45.81
2019-02-19, 21:39:26, 23.89, 45.85
2019-02-19, 21:39:27, 23.9, 45.81
2019-02-19, 21:39:29, 23.9, 45.81
2019-02-19, 21:39:30, 23.9, 45.81
2019-02-19, 21:39:31, 23.9, 45.81
2019-02-19, 21:39:33, 23.9, 45.81
2019-02-19, 21:39:34, 23.9, 45.81
2019-02-19, 21:39:36, 23.91, 45.82
2019-02-19, 21:39:37, 23.91, 45.82
2019-02-19, 21:39:38, 23.89, 45.81
2019-02-19, 21:39:40, 23.9, 45.81
2019-02-19, 21:39:41, 23.9, 45.81
2019-02-19, 21:39:42, 23.9, 45.81
2019-02-19, 21:39:44, 23.88, 45.81
2019-02-19, 21:39:45, 23.88, 45.81
2019-02-19, 21:39:46, 23.89, 45.85
2019-02-19, 21:39:48, 23.89, 45.85
2019-02-19, 21:39:49, 23.88, 45.84
2019-02-19, 21:39:50, 23.89, 45.85
2019-02-19, 21:39:52, 23.89, 45.85
2019-02-19, 21:39:53, 23.89, 45.85
2019-02-19, 21:39:55, 23.88, 45.84
2019-02-19, 21:39:56, 23.89, 45.85
2019-02-19, 21:39:57, 23.89, 45.85
2019-02-19, 21:39:59, 23.89, 45.81
2019-02-19, 21:40:00, 23.87, 45.84
2019-02-19, 21:40:01, 23.88, 45.88
2019-02-19, 21:40:03, 23.89, 45.88
2019-02-19, 21:40:04, 23.88, 45.88
2019-02-19, 21:40:05, 23.74, 45.89
2019-02-19, 21:40:07, 23.85, 45.94
2019-02-19, 21:40:08, 23.86, 45.97
2019-02-19, 21:40:09, 23.87, 45.97
2019-02-19, 21:40:11, 23.87, 45.94
2019-02-19, 21:40:12, 23.88, 45.94
2019-02-19, 21:40:14, 23.88, 45.94
2019-02-19, 21:40:15, 23.88, 45.94
2019-02-19, 21:40:16, 23.88, 45.94
2019-02-19, 21:40:18, 23.89, 45.91
2019-02-19, 21:40:19, 23.89, 45.91
2019-02-19, 21:40:20, 23.88, 45.94
2019-02-19, 21:40:22, 23.88, 45.91
2019-02-19, 21:40:23, 23.89, 45.91
2019-02-19, 21:40:24, 23.88, 45.91
2019-02-19, 21:40:26, 23.88, 45.91
2019-02-19, 21:40:27, 23.88, 45.91
2019-02-19, 21:40:28, 23.88, 45.94
2019-02-19, 21:40:30, 23.88, 45.91
2019-02-19, 21:40:31, 23.88, 45.91
2019-02-19, 21:40:32, 23.88, 45.88
2019-02-19, 21:40:34, 23.88, 45.88
2019-02-19, 21:40:35, 23.7, 45.92
2019-02-19, 21:40:37, 23.81, 46.0
2019-02-19, 21:40:38, 23.84, 46.0
2019-02-19, 21:40:39, 23.83, 46.0
2019-02-19, 21:40:41, 23.84, 46.0
2019-02-19, 21:40:42, 23.86, 45.97
2019-02-19, 21:40:43, 23.86, 45.97
2019-02-19, 21:40:45, 23.86, 45.97
2019-02-19, 21:40:46, 23.86, 45.97
2019-02-19, 21:40:47, 23.87, 45.94
2019-02-19, 21:40:49, 23.86, 45.94
2019-02-19, 21:40:50, 23.86, 45.94
2019-02-19, 21:40:51, 23.87, 45.94
2019-02-19, 21:40:53, 23.87, 45.94
2019-02-19, 21:40:54, 23.88, 45.94
2019-02-19, 21:40:55, 23.88, 45.94
2019-02-19, 21:40:57, 23.87, 45.94
2019-02-19, 21:40:58, 23.87, 45.94
2019-02-19, 21:41:00, 23.87, 45.94
2019-02-19, 21:41:01, 23.88, 45.91
2019-02-19, 21:41:02, 23.88, 45.94
2019-02-19, 21:41:04, 23.88, 45.94
2019-02-19, 21:41:05, 23.87, 45.94
2019-02-19, 21:41:06, 23.88, 45.94
2019-02-19, 21:41:08, 23.88, 45.94
2019-02-19, 21:41:09, 23.87, 45.94
2019-02-19, 21:41:10, 23.88, 45.91
2019-02-19, 21:41:12, 23.87, 45.91
2019-02-19, 21:41:13, 23.86, 45.94
2019-02-19, 21:41:14, 23.88, 45.91
2019-02-19, 21:41:16, 23.88, 45.94
2019-02-19, 21:41:17, 23.88, 45.91
2019-02-19, 21:41:18, 23.88, 45.91
2019-02-19, 21:41:20, 23.88, 45.94
2019-02-19, 21:41:21, 23.88, 45.94
2019-02-19, 21:41:23, 23.87, 45.94
2019-02-19, 21:41:24, 23.87, 45.94
2019-02-19, 21:41:25, 23.87, 45.94
2019-02-19, 21:41:27, 23.88, 45.94
2019-02-19, 21:41:28, 23.87, 45.94
2019-02-19, 21:41:29, 23.88, 45.94
2019-02-19, 21:41:31, 23.88, 45.94
2019-02-19, 21:41:32, 23.88, 45.94
2019-02-19, 21:41:33, 23.88, 45.94
2019-02-19, 21:41:35, 23.87, 45.94
2019-02-19, 21:41:36, 23.88, 45.94
2019-02-19, 21:41:37, 23.88, 45.94
2019-02-19, 21:41:39, 23.87, 45.94
2019-02-19, 21:41:40, 23.88, 45.94
2019-02-19, 21:41:41, 23.88, 45.94
2019-02-19, 21:41:43, 23.86, 45.94
2019-02-19, 21:41:44, 23.87, 45.94
2019-02-19, 21:41:46, 23.86, 45.94
2019-02-19, 21:41:47, 23.87, 45.94
2019-02-19, 21:41:48, 23.86, 45.91
2019-02-19, 21:41:50, 23.86, 45.94
2019-02-19, 21:41:51, 23.87, 45.91
2019-02-19, 21:41:52, 23.87, 45.91
2019-02-19, 21:41:54, 23.88, 45.91
2019-02-19, 21:41:55, 23.88, 45.91
2019-02-19, 21:41:56, 23.86, 45.91
2019-02-19, 21:41:58, 23.87, 45.91
2019-02-19, 21:41:59, 23.86, 45.87
2019-02-19, 21:42:00, 23.86, 45.87
2019-02-19, 21:42:02, 23.86, 45.87
2019-02-19, 21:42:03, 23.87, 45.91
2019-02-19, 21:42:04, 23.87, 45.91
2019-02-19, 21:42:06, 23.87, 45.91
2019-02-19, 21:42:07, 23.87, 45.91
2019-02-19, 21:42:09, 23.87, 45.94
2019-02-19, 21:42:10, 23.86, 45.91
2019-02-19, 21:42:11, 23.87, 45.94
2019-02-19, 21:42:13, 23.88, 45.94
2019-02-19, 21:42:14, 23.88, 45.94
2019-02-19, 21:42:15, 23.88, 45.94
2019-02-19, 21:42:17, 23.86, 45.94
2019-02-19, 21:42:18, 23.86, 45.94
2019-02-19, 21:42:19, 23.87, 45.94
2019-02-19, 21:42:21, 23.86, 45.94
2019-02-19, 21:42:22, 23.87, 45.94
2019-02-19, 21:42:23, 23.87, 45.94
2019-02-19, 21:42:25, 23.87, 45.91
2019-02-19, 21:42:26, 23.88, 45.94
2019-02-19, 21:42:28, 23.87, 45.94
2019-02-19, 21:42:29, 23.86, 45.94
2019-02-19, 21:42:30, 23.86, 45.94
2019-02-19, 21:42:32, 23.86, 45.94
2019-02-19, 21:42:33, 23.84, 45.94
2019-02-19, 21:42:34, 23.86, 45.94
2019-02-19, 21:42:36, 23.86, 45.94
2019-02-19, 21:42:37, 23.86, 45.94
2019-02-19, 21:42:38, 23.87, 45.94
2019-02-19, 21:42:40, 23.86, 45.94
2019-02-19, 21:42:41, 23.87, 45.94
2019-02-19, 21:42:42, 23.87, 45.94
2019-02-19, 21:42:44, 23.88, 45.94
2019-02-19, 21:42:45, 23.87, 45.94
2019-02-19, 21:42:46, 23.87, 45.94
2019-02-19, 21:42:48, 23.86, 45.94
2019-02-19, 21:42:49, 23.86, 45.94
2019-02-19, 21:42:51, 23.86, 45.94
2019-02-19, 21:42:52, 23.86, 45.94
2019-02-19, 21:42:53, 23.86, 45.94
2019-02-19, 21:42:55, 23.85, 45.94
2019-02-19, 21:42:56, 23.86, 45.91
2019-02-19, 21:42:57, 23.87, 45.91
2019-02-19, 21:42:59, 23.88, 45.94
2019-02-19, 21:43:00, 23.86, 45.94
2019-02-19, 21:43:01, 23.87, 45.94
2019-02-19, 21:43:03, 23.86, 45.94
2019-02-19, 21:43:04, 23.87, 45.94
2019-02-19, 21:43:05, 23.87, 45.94
2019-02-19, 21:43:07, 23.87, 45.91
2019-02-19, 21:43:08, 23.87, 45.94
2019-02-19, 21:43:10, 23.87, 45.94
2019-02-19, 21:43:11, 23.87, 45.94
2019-02-19, 21:43:12, 23.88, 45.94
2019-02-19, 21:43:14, 23.87, 45.91
2019-02-19, 21:43:15, 23.87, 45.91
2019-02-19, 21:43:16, 23.87, 45.91
2019-02-19, 21:43:18, 23.87, 45.94
2019-02-19, 21:43:19, 23.86, 45.94
2019-02-19, 21:43:20, 23.87, 45.91
2019-02-19, 21:43:22, 23.87, 45.91
2019-02-19, 21:43:23, 23.86, 45.94
2019-02-19, 21:43:25, 23.86, 45.91
2019-02-19, 21:43:26, 23.87, 45.91
2019-02-19, 21:43:27, 23.88, 45.94
2019-02-19, 21:43:29, 23.88, 45.91
2019-02-19, 21:43:30, 23.86, 45.94
2019-02-19, 21:43:31, 23.86, 45.91
2019-02-19, 21:43:33, 23.86, 45.87
2019-02-19, 21:43:34, 23.86, 45.91
2019-02-19, 21:43:35, 23.86, 45.91
2019-02-19, 21:43:37, 23.87, 45.91
2019-02-19, 21:43:38, 23.86, 45.91
2019-02-19, 21:43:39, 23.86, 45.91
2019-02-19, 21:43:41, 23.86, 45.94
2019-02-19, 21:43:42, 23.88, 45.91
2019-02-19, 21:43:44, 23.88, 45.94
2019-02-19, 21:43:45, 23.88, 45.91
2019-02-19, 21:43:46, 23.87, 45.91
2019-02-19, 21:43:48, 23.86, 45.91
2019-02-19, 21:43:49, 23.88, 45.91
2019-02-19, 21:43:50, 23.87, 45.91
2019-02-19, 21:43:52, 23.88, 45.94
2019-02-19, 21:43:53, 23.86, 45.91
2019-02-19, 21:43:54, 23.88, 45.91
2019-02-19, 21:43:56, 23.88, 45.91
2019-02-19, 21:43:57, 23.86, 45.94
2019-02-19, 21:43:58, 23.87, 45.91
2019-02-19, 21:44:00, 23.88, 45.94
2019-02-19, 21:44:01, 23.88, 45.94
2019-02-19, 21:44:03, 23.74, 45.92
2019-02-19, 21:44:04, 23.83, 46.0
2019-02-19, 21:44:05, 23.86, 46.0
2019-02-19, 21:44:07, 23.84, 46.0
2019-02-19, 21:44:08, 23.86, 46.0
2019-02-19, 21:44:09, 23.87, 45.97
2019-02-19, 21:44:11, 23.87, 45.94
2019-02-19, 21:44:12, 23.86, 45.94
2019-02-19, 21:44:13, 23.88, 45.94
2019-02-19, 21:44:15, 23.88, 45.94
2019-02-19, 21:44:16, 23.87, 45.94
2019-02-19, 21:44:18, 23.88, 45.94
2019-02-19, 21:44:19, 23.88, 45.94
2019-02-19, 21:44:20, 23.87, 45.91
2019-02-19, 21:44:22, 23.88, 45.91
2019-02-19, 21:44:23, 23.86, 45.91
2019-02-19, 21:44:24, 23.87, 45.91
2019-02-19, 21:44:26, 23.86, 45.87
2019-02-19, 21:44:27, 23.88, 45.88
2019-02-19, 21:44:28, 23.87, 45.88
2019-02-19, 21:44:30, 23.88, 45.88
2019-02-19, 21:44:31, 23.88, 45.88
2019-02-19, 21:44:32, 23.88, 45.91
2019-02-19, 21:44:34, 23.88, 45.91
2019-02-19, 21:44:35, 23.89, 45.88
2019-02-19, 21:44:36, 23.89, 45.88
2019-02-19, 21:44:38, 23.88, 45.88
2019-02-19, 21:44:39, 23.9, 45.88
2019-02-19, 21:44:41, 23.9, 45.88
2019-02-19, 21:44:42, 23.88, 45.88
2019-02-19, 21:44:43, 23.89, 45.88
2019-02-19, 21:44:45, 23.9, 45.88
2019-02-19, 21:44:46, 23.89, 45.88
2019-02-19, 21:44:47, 23.88, 45.88
2019-02-19, 21:44:49, 23.89, 45.91
2019-02-19, 21:44:50, 23.88, 45.88
2019-02-19, 21:44:51, 23.9, 45.88
2019-02-19, 21:44:53, 23.89, 45.88
2019-02-19, 21:44:54, 23.88, 45.91
2019-02-19, 21:44:55, 23.89, 45.88
2019-02-19, 21:44:57, 23.89, 45.91
2019-02-19, 21:44:58, 23.88, 45.88
2019-02-19, 21:44:59, 23.88, 45.88
2019-02-19, 21:45:01, 23.9, 45.88
2019-02-19, 21:45:02, 23.73, 45.92
2019-02-19, 21:45:04, 23.83, 45.97
2019-02-19, 21:45:05, 23.85, 46.0
2019-02-19, 21:45:06, 23.87, 45.97
2019-02-19, 21:45:08, 23.88, 45.94
2019-02-19, 21:45:09, 23.88, 45.94
2019-02-19, 21:45:10, 23.88, 45.94
2019-02-19, 21:45:12, 23.87, 45.94
2019-02-19, 21:45:13, 23.88, 45.94
2019-02-19, 21:45:14, 23.87, 45.91
2019-02-19, 21:45:16, 23.88, 45.91
2019-02-19, 21:45:17, 23.88, 45.88
2019-02-19, 21:45:18, 23.87, 45.88
2019-02-19, 21:45:20, 23.89, 45.88
2019-02-19, 21:45:21, 23.88, 45.88
2019-02-19, 21:45:22, 23.89, 45.88
2019-02-19, 21:45:24, 23.88, 45.88
2019-02-19, 21:45:25, 23.89, 45.88
2019-02-19, 21:45:27, 23.88, 45.88
2019-02-19, 21:45:28, 23.88, 45.88
2019-02-19, 21:45:29, 23.88, 45.88
2019-02-19, 21:45:31, 23.89, 45.88
2019-02-19, 21:45:32, 23.89, 45.88
2019-02-19, 21:45:33, 23.88, 45.88
2019-02-19, 21:45:35, 23.88, 45.88
2019-02-19, 21:45:36, 23.89, 45.88
2019-02-19, 21:45:37, 23.89, 45.88
2019-02-19, 21:45:39, 23.89, 45.88
2019-02-19, 21:45:40, 23.88, 45.88
2019-02-19, 21:45:41, 23.88, 45.88
2019-02-19, 21:45:43, 23.88, 45.88
2019-02-19, 21:45:44, 23.88, 45.88
2019-02-19, 21:45:46, 23.88, 45.88
2019-02-19, 21:45:47, 23.86, 45.87
2019-02-19, 21:45:48, 23.88, 45.88
2019-02-19, 21:45:50, 23.88, 45.88
2019-02-19, 21:45:51, 23.87, 45.88
2019-02-19, 21:45:52, 23.88, 45.88
2019-02-19, 21:45:54, 23.87, 45.88
2019-02-19, 21:45:55, 23.88, 45.91
2019-02-19, 21:45:56, 23.9, 45.88
2019-02-19, 21:45:58, 23.9, 45.88
2019-02-19, 21:45:59, 23.87, 45.88
2019-02-19, 21:46:00, 23.88, 45.88
2019-02-19, 21:46:02, 23.88, 45.88
2019-02-19, 21:46:03, 23.87, 45.88
2019-02-19, 21:46:05, 23.88, 45.88
2019-02-19, 21:46:06, 23.89, 45.88
2019-02-19, 21:46:07, 23.9, 45.88
2019-02-19, 21:46:09, 23.88, 45.88
2019-02-19, 21:46:10, 23.89, 45.88
2019-02-19, 21:46:11, 23.87, 45.88
2019-02-19, 21:46:13, 23.88, 45.88
2019-02-19, 21:46:14, 23.88, 45.88
2019-02-19, 21:46:15, 23.9, 45.88
2019-02-19, 21:46:17, 23.9, 45.88
2019-02-19, 21:46:18, 23.9, 45.88
2019-02-19, 21:46:19, 23.89, 45.88
2019-02-19, 21:46:21, 23.89, 45.88
2019-02-19, 21:46:22, 23.88, 45.88
2019-02-19, 21:46:24, 23.89, 45.88
2019-02-19, 21:46:25, 23.89, 45.88
2019-02-19, 21:46:26, 23.89, 45.88
2019-02-19, 21:46:28, 23.9, 45.88
2019-02-19, 21:46:29, 23.9, 45.88
2019-02-19, 21:46:30, 23.86, 45.87
2019-02-19, 21:46:32, 23.88, 45.88
2019-02-19, 21:46:33, 23.9, 45.88
2019-02-19, 21:46:34, 23.89, 45.88
2019-02-19, 21:46:36, 23.88, 45.88
2019-02-19, 21:46:37, 23.9, 45.88
2019-02-19, 21:46:38, 23.9, 45.88
2019-02-19, 21:46:40, 23.9, 45.88
2019-02-19, 21:46:41, 23.89, 45.88
2019-02-19, 21:46:42, 23.88, 45.84
2019-02-19, 21:46:44, 23.89, 45.88
2019-02-19, 21:46:45, 23.89, 45.88
2019-02-19, 21:46:47, 23.89, 45.88
2019-02-19, 21:46:48, 23.9, 45.88
2019-02-19, 21:46:49, 23.89, 45.88
2019-02-19, 21:46:51, 23.9, 45.88
2019-02-19, 21:46:52, 23.88, 45.88
2019-02-19, 21:46:53, 23.89, 45.88
2019-02-19, 21:46:55, 23.9, 45.88
2019-02-19, 21:46:56, 23.9, 45.88
2019-02-19, 21:46:57, 23.9, 45.88
2019-02-19, 21:46:59, 23.89, 45.88
2019-02-19, 21:47:00, 23.84, 45.87
2019-02-19, 21:47:01, 23.88, 45.88
2019-02-19, 21:47:03, 23.88, 45.88
2019-02-19, 21:47:04, 23.89, 45.88
2019-02-19, 21:47:05, 23.74, 45.86
2019-02-19, 21:47:07, 23.85, 45.94
2019-02-19, 21:47:08, 23.86, 45.94
2019-02-19, 21:47:10, 23.86, 45.94
2019-02-19, 21:47:11, 23.88, 45.94
2019-02-19, 21:47:12, 23.88, 45.91
2019-02-19, 21:47:14, 23.88, 45.91
2019-02-19, 21:47:15, 23.89, 45.88
2019-02-19, 21:47:16, 23.9, 45.88
2019-02-19, 21:47:18, 23.88, 45.88
2019-02-19, 21:47:19, 23.88, 45.88
2019-02-19, 21:47:20, 23.88, 45.88
2019-02-19, 21:47:22, 23.88, 45.88
2019-02-19, 21:47:23, 23.9, 45.88
2019-02-19, 21:47:24, 23.89, 45.88
2019-02-19, 21:47:26, 23.88, 45.88
2019-02-19, 21:47:27, 23.88, 45.88
2019-02-19, 21:47:29, 23.89, 45.88
2019-02-19, 21:47:30, 23.81, 45.87
2019-02-19, 21:47:31, 23.87, 45.91
2019-02-19, 21:47:33, 23.88, 45.91
2019-02-19, 21:47:34, 23.88, 45.88
2019-02-19, 21:47:35, 23.88, 45.88
2019-02-19, 21:47:37, 23.89, 45.88
2019-02-19, 21:47:38, 23.89, 45.88
2019-02-19, 21:47:39, 23.9, 45.88
2019-02-19, 21:47:41, 23.88, 45.88
2019-02-19, 21:47:42, 23.9, 45.88
2019-02-19, 21:47:43, 23.9, 45.88
2019-02-19, 21:47:45, 23.9, 45.88
2019-02-19, 21:47:46, 23.9, 45.88
2019-02-19, 21:47:47, 23.9, 45.88
2019-02-19, 21:47:49, 23.9, 45.88
2019-02-19, 21:47:50, 23.9, 45.88
2019-02-19, 21:47:52, 23.88, 45.88
2019-02-19, 21:47:53, 23.88, 45.88
2019-02-19, 21:47:54, 23.89, 45.88
2019-02-19, 21:47:56, 23.89, 45.88
2019-02-19, 21:47:57, 23.89, 45.88
2019-02-19, 21:47:58, 23.9, 45.88
2019-02-19, 21:48:00, 23.79, 45.87
2019-02-19, 21:48:01, 23.86, 45.91
2019-02-19, 21:48:02, 23.88, 45.94
2019-02-19, 21:48:04, 23.88, 45.94
2019-02-19, 21:48:05, 23.89, 45.91
2019-02-19, 21:48:06, 23.89, 45.88
2019-02-19, 21:48:08, 23.88, 45.88
2019-02-19, 21:48:09, 23.87, 45.88
2019-02-19, 21:48:11, 23.89, 45.85
2019-02-19, 21:48:12, 23.9, 45.88
2019-02-19, 21:48:13, 23.89, 45.88
2019-02-19, 21:48:15, 23.9, 45.85
2019-02-19, 21:48:16, 23.9, 45.85
2019-02-19, 21:48:17, 23.9, 45.85
2019-02-19, 21:48:19, 23.9, 45.81
2019-02-19, 21:48:20, 23.9, 45.81
2019-02-19, 21:48:21, 23.89, 45.85
2019-02-19, 21:48:23, 23.89, 45.85
2019-02-19, 21:48:24, 23.9, 45.85
2019-02-19, 21:48:25, 23.9, 45.81
2019-02-19, 21:48:27, 23.88, 45.81
2019-02-19, 21:48:28, 23.89, 45.85
2019-02-19, 21:48:29, 23.76, 45.83
2019-02-19, 21:48:31, 23.84, 45.9
2019-02-19, 21:48:32, 23.86, 45.87
2019-02-19, 21:48:34, 23.86, 45.91
2019-02-19, 21:48:35, 23.87, 45.88
2019-02-19, 21:48:36, 23.88, 45.91
2019-02-19, 21:48:38, 23.86, 45.87
2019-02-19, 21:48:39, 23.88, 45.88
2019-02-19, 21:48:40, 23.86, 45.87
2019-02-19, 21:48:42, 23.87, 45.88
2019-02-19, 21:48:43, 23.87, 45.88
2019-02-19, 21:48:44, 23.87, 45.88
2019-02-19, 21:48:46, 23.86, 45.87
2019-02-19, 21:48:47, 23.89, 45.88
2019-02-19, 21:48:49, 23.88, 45.88
2019-02-19, 21:48:50, 23.88, 45.88
2019-02-19, 21:48:51, 23.87, 45.84
2019-02-19, 21:48:53, 23.89, 45.88
2019-02-19, 21:48:54, 23.89, 45.85
2019-02-19, 21:48:55, 23.88, 45.88
2019-02-19, 21:48:57, 23.88, 45.84
2019-02-19, 21:48:58, 23.88, 45.84
2019-02-19, 21:48:59, 23.88, 45.84
2019-02-19, 21:49:01, 23.88, 45.84
2019-02-19, 21:49:02, 23.88, 45.84
2019-02-19, 21:49:03, 23.88, 45.84
2019-02-19, 21:49:05, 23.88, 45.84
2019-02-19, 21:49:06, 23.89, 45.88
2019-02-19, 21:49:08, 23.88, 45.84
2019-02-19, 21:49:09, 23.88, 45.84
2019-02-19, 21:49:10, 23.88, 45.84
2019-02-19, 21:49:12, 23.88, 45.88
2019-02-19, 21:49:13, 23.89, 45.88
2019-02-19, 21:49:14, 23.89, 45.88
2019-02-19, 21:49:16, 23.89, 45.88
2019-02-19, 21:49:17, 23.89, 45.88
2019-02-19, 21:49:18, 23.88, 45.88
2019-02-19, 21:49:20, 23.89, 45.88
2019-02-19, 21:49:21, 23.9, 45.88
2019-02-19, 21:49:22, 23.9, 45.88
2019-02-19, 21:49:24, 23.89, 45.88
2019-02-19, 21:49:25, 23.89, 45.88
2019-02-19, 21:49:27, 23.9, 45.88
2019-02-19, 21:49:28, 23.9, 45.85
2019-02-19, 21:49:29, 23.73, 45.89
2019-02-19, 21:49:31, 23.84, 45.94
2019-02-19, 21:49:32, 23.86, 45.94
2019-02-19, 21:49:33, 23.88, 45.94
2019-02-19, 21:49:35, 23.87, 45.91
2019-02-19, 21:49:36, 23.87, 45.94
2019-02-19, 21:49:37, 23.88, 45.91
2019-02-19, 21:49:39, 23.87, 45.91
2019-02-19, 21:49:40, 23.86, 45.87
2019-02-19, 21:49:41, 23.89, 45.91
2019-02-19, 21:49:43, 23.88, 45.88
2019-02-19, 21:49:44, 23.88, 45.88
2019-02-19, 21:49:46, 23.89, 45.88
2019-02-19, 21:49:47, 23.87, 45.88
2019-02-19, 21:49:48, 23.89, 45.88
2019-02-19, 21:49:50, 23.9, 45.88
2019-02-19, 21:49:51, 23.89, 45.88
2019-02-19, 21:49:52, 23.89, 45.88
2019-02-19, 21:49:54, 23.9, 45.88
2019-02-19, 21:49:55, 23.9, 45.88
2019-02-19, 21:49:56, 23.88, 45.88
2019-02-19, 21:49:58, 23.89, 45.88
2019-02-19, 21:49:59, 23.89, 45.85
2019-02-19, 21:50:00, 23.9, 45.88
2019-02-19, 21:50:02, 23.9, 45.88
2019-02-19, 21:50:03, 23.89, 45.85
2019-02-19, 21:50:05, 23.9, 45.85
2019-02-19, 21:50:06, 23.9, 45.88
2019-02-19, 21:50:07, 23.9, 45.81
2019-02-19, 21:50:09, 23.91, 45.85
2019-02-19, 21:50:10, 23.9, 45.81
2019-02-19, 21:50:11, 23.91, 45.82
2019-02-19, 21:50:13, 23.91, 45.85
2019-02-19, 21:50:14, 23.9, 45.81
2019-02-19, 21:50:15, 23.9, 45.81
2019-02-19, 21:50:17, 23.91, 45.82
2019-02-19, 21:50:18, 23.9, 45.81
2019-02-19, 21:50:19, 23.89, 45.81
2019-02-19, 21:50:21, 23.9, 45.81
2019-02-19, 21:50:22, 23.89, 45.81
2019-02-19, 21:50:23, 23.9, 45.81
2019-02-19, 21:50:25, 23.91, 45.82
2019-02-19, 21:50:26, 23.9, 45.81
2019-02-19, 21:50:28, 23.9, 45.81
2019-02-19, 21:50:29, 23.9, 45.78
2019-02-19, 21:50:30, 23.9, 45.81
2019-02-19, 21:50:32, 23.89, 45.78
2019-02-19, 21:50:33, 23.9, 45.78
2019-02-19, 21:50:34, 23.91, 45.78
2019-02-19, 21:50:36, 23.91, 45.78
2019-02-19, 21:50:37, 23.9, 45.81
2019-02-19, 21:50:38, 23.9, 45.75
2019-02-19, 21:50:40, 23.89, 45.78
2019-02-19, 21:50:41, 23.9, 45.81
2019-02-19, 21:50:42, 23.91, 45.78
2019-02-19, 21:50:44, 23.9, 45.81
2019-02-19, 21:50:45, 23.91, 45.78
2019-02-19, 21:50:47, 23.9, 45.78
2019-02-19, 21:50:48, 23.92, 45.82
2019-02-19, 21:50:49, 23.92, 45.78
2019-02-19, 21:50:51, 23.9, 45.81
2019-02-19, 21:50:52, 23.91, 45.82
2019-02-19, 21:50:53, 23.91, 45.78
2019-02-19, 21:50:55, 23.9, 45.81
2019-02-19, 21:50:56, 23.9, 45.78
2019-02-19, 21:50:57, 23.86, 45.78
2019-02-19, 21:50:59, 23.9, 45.81
2019-02-19, 21:51:00, 23.9, 45.81
2019-02-19, 21:51:01, 23.89, 45.81
2019-02-19, 21:51:03, 23.9, 45.81
2019-02-19, 21:51:04, 23.9, 45.81
2019-02-19, 21:51:06, 23.92, 45.82
2019-02-19, 21:51:07, 23.9, 45.78
2019-02-19, 21:51:08, 23.91, 45.78
2019-02-19, 21:51:10, 23.91, 45.82
2019-02-19, 21:51:11, 23.9, 45.78
2019-02-19, 21:51:12, 23.9, 45.78
2019-02-19, 21:51:14, 23.91, 45.78
2019-02-19, 21:51:15, 23.91, 45.78
2019-02-19, 21:51:16, 23.9, 45.78
2019-02-19, 21:51:18, 23.91, 45.78
2019-02-19, 21:51:19, 23.92, 45.78
2019-02-19, 21:51:20, 23.92, 45.78
2019-02-19, 21:51:22, 23.92, 45.78
2019-02-19, 21:51:23, 23.92, 45.78
2019-02-19, 21:51:25, 23.93, 45.79
2019-02-19, 21:51:26, 23.92, 45.78
2019-02-19, 21:51:27, 23.93, 45.79
2019-02-19, 21:51:29, 23.92, 45.78
2019-02-19, 21:51:30, 23.92, 45.78
2019-02-19, 21:51:31, 23.92, 45.78
2019-02-19, 21:51:33, 23.92, 45.78
2019-02-19, 21:51:34, 23.92, 45.78
2019-02-19, 21:51:35, 23.92, 45.78
2019-02-19, 21:51:37, 23.92, 45.75
2019-02-19, 21:51:38, 23.92, 45.78
2019-02-19, 21:51:39, 23.92, 45.78
2019-02-19, 21:51:41, 23.92, 45.78
2019-02-19, 21:51:42, 23.92, 45.82
2019-02-19, 21:51:44, 23.92, 45.78
2019-02-19, 21:51:45, 23.91, 45.82
2019-02-19, 21:51:46, 23.92, 45.82
2019-02-19, 21:51:48, 23.92, 45.78
2019-02-19, 21:51:49, 23.92, 45.78
2019-02-19, 21:51:50, 23.93, 45.82
2019-02-19, 21:51:52, 23.93, 45.79
2019-02-19, 21:51:53, 23.92, 45.75
2019-02-19, 21:51:54, 23.92, 45.78
2019-02-19, 21:51:56, 23.92, 45.78
2019-02-19, 21:51:57, 23.93, 45.79
2019-02-19, 21:51:58, 23.93, 45.75
2019-02-19, 21:52:00, 23.92, 45.75
2019-02-19, 21:52:01, 23.92, 45.75
2019-02-19, 21:52:02, 23.92, 45.75
2019-02-19, 21:52:04, 23.91, 45.78
2019-02-19, 21:52:05, 23.92, 45.75
2019-02-19, 21:52:07, 23.93, 45.75
2019-02-19, 21:52:08, 23.92, 45.78
2019-02-19, 21:52:09, 23.92, 45.75
2019-02-19, 21:52:11, 23.92, 45.75
2019-02-19, 21:52:12, 23.92, 45.78
2019-02-19, 21:52:13, 23.92, 45.75
2019-02-19, 21:52:15, 23.93, 45.79
2019-02-19, 21:52:16, 23.93, 45.75
2019-02-19, 21:52:17, 23.92, 45.75
2019-02-19, 21:52:19, 23.93, 45.75
2019-02-19, 21:52:20, 23.93, 45.75
2019-02-19, 21:52:21, 23.94, 45.76
2019-02-19, 21:52:23, 23.93, 45.75
2019-02-19, 21:52:24, 23.93, 45.75
2019-02-19, 21:52:25, 23.93, 45.75
2019-02-19, 21:52:27, 23.94, 45.76
2019-02-19, 21:52:28, 23.94, 45.76
2019-02-19, 21:52:30, 23.93, 45.72
2019-02-19, 21:52:31, 23.93, 45.72
2019-02-19, 21:52:32, 23.93, 45.75
2019-02-19, 21:52:34, 23.93, 45.75
2019-02-19, 21:52:35, 23.92, 45.75
2019-02-19, 21:52:36, 23.91, 45.75
2019-02-19, 21:52:38, 23.92, 45.72
2019-02-19, 21:52:39, 23.92, 45.75
2019-02-19, 21:52:40, 23.92, 45.75
2019-02-19, 21:52:42, 23.91, 45.75
2019-02-19, 21:52:43, 23.9, 45.75
2019-02-19, 21:52:44, 23.92, 45.75
2019-02-19, 21:52:46, 23.93, 45.75
2019-02-19, 21:52:47, 23.92, 45.75
2019-02-19, 21:52:49, 23.9, 45.75
2019-02-19, 21:52:50, 23.91, 45.75
2019-02-19, 21:52:51, 23.9, 45.72
2019-02-19, 21:52:53, 23.92, 45.75
2019-02-19, 21:52:54, 23.91, 45.75
2019-02-19, 21:52:55, 23.93, 45.75
2019-02-19, 21:52:57, 23.93, 45.75
2019-02-19, 21:52:58, 23.92, 45.75
2019-02-19, 21:52:59, 23.92, 45.75
2019-02-19, 21:53:01, 23.93, 45.75
2019-02-19, 21:53:02, 23.94, 45.76
2019-02-19, 21:53:03, 23.93, 45.75
2019-02-19, 21:53:05, 23.92, 45.75
2019-02-19, 21:53:06, 23.92, 45.75
2019-02-19, 21:53:08, 23.94, 45.76
2019-02-19, 21:53:09, 23.92, 45.75
2019-02-19, 21:53:10, 23.91, 45.75
2019-02-19, 21:53:12, 23.94, 45.76
2019-02-19, 21:53:13, 23.92, 45.75
2019-02-19, 21:53:14, 23.91, 45.75
2019-02-19, 21:53:16, 23.91, 45.75
2019-02-19, 21:53:17, 23.92, 45.75
2019-02-19, 21:53:18, 23.92, 45.75
2019-02-19, 21:53:20, 23.92, 45.75
2019-02-19, 21:53:21, 23.92, 45.75
2019-02-19, 21:53:22, 23.92, 45.75
2019-02-19, 21:53:24, 23.92, 45.75
2019-02-19, 21:53:25, 23.92, 45.72
2019-02-19, 21:53:26, 23.92, 45.72
2019-02-19, 21:53:28, 23.92, 45.72
2019-02-19, 21:53:29, 23.91, 45.72
2019-02-19, 21:53:31, 23.92, 45.72
2019-02-19, 21:53:32, 23.92, 45.72
2019-02-19, 21:53:33, 23.93, 45.72
2019-02-19, 21:53:35, 23.92, 45.69
2019-02-19, 21:53:36, 23.92, 45.69
2019-02-19, 21:53:37, 23.92, 45.72
2019-02-19, 21:53:39, 23.92, 45.69
2019-02-19, 21:53:40, 23.92, 45.72
2019-02-19, 21:53:41, 23.92, 45.72
2019-02-19, 21:53:43, 23.92, 45.72
2019-02-19, 21:53:44, 23.94, 45.69
2019-02-19, 21:53:45, 23.92, 45.72
2019-02-19, 21:53:47, 23.92, 45.72
2019-02-19, 21:53:48, 23.92, 45.72
2019-02-19, 21:53:50, 23.92, 45.72
2019-02-19, 21:53:51, 23.92, 45.69
2019-02-19, 21:53:52, 23.92, 45.72
2019-02-19, 21:53:54, 23.92, 45.72
2019-02-19, 21:53:55, 23.92, 45.69
2019-02-19, 21:53:56, 23.93, 45.69
2019-02-19, 21:53:58, 23.92, 45.69
2019-02-19, 21:53:59, 23.93, 45.69
2019-02-19, 21:54:00, 23.87, 45.68
2019-02-19, 21:54:02, 23.92, 45.72
2019-02-19, 21:54:03, 23.92, 45.75
2019-02-19, 21:54:04, 23.93, 45.72
2019-02-19, 21:54:06, 23.93, 45.75
2019-02-19, 21:54:07, 23.92, 45.72
2019-02-19, 21:54:09, 23.92, 45.72
2019-02-19, 21:54:10, 23.93, 45.75
2019-02-19, 21:54:11, 23.94, 45.72
2019-02-19, 21:54:13, 23.94, 45.72
2019-02-19, 21:54:14, 23.94, 45.72
2019-02-19, 21:54:15, 23.94, 45.72
2019-02-19, 21:54:17, 23.93, 45.72
2019-02-19, 21:54:18, 23.94, 45.76
2019-02-19, 21:54:19, 23.94, 45.72
2019-02-19, 21:54:21, 23.93, 45.72
2019-02-19, 21:54:22, 23.94, 45.72
2019-02-19, 21:54:23, 23.93, 45.72
2019-02-19, 21:54:25, 23.94, 45.72
2019-02-19, 21:54:26, 23.93, 45.72
2019-02-19, 21:54:27, 23.94, 45.72
2019-02-19, 21:54:29, 23.94, 45.72
2019-02-19, 21:54:30, 23.94, 45.72
2019-02-19, 21:54:32, 23.93, 45.69
2019-02-19, 21:54:33, 23.94, 45.69
2019-02-19, 21:54:34, 23.94, 45.72
2019-02-19, 21:54:36, 23.94, 45.72
2019-02-19, 21:54:37, 23.93, 45.72
2019-02-19, 21:54:38, 23.94, 45.69
2019-02-19, 21:54:40, 23.92, 45.72
2019-02-19, 21:54:41, 23.92, 45.69
2019-02-19, 21:54:42, 23.93, 45.69
2019-02-19, 21:54:44, 23.93, 45.69
2019-02-19, 21:54:45, 23.92, 45.72
2019-02-19, 21:54:46, 23.94, 45.69
2019-02-19, 21:54:48, 23.94, 45.69
2019-02-19, 21:54:49, 23.93, 45.69
2019-02-19, 21:54:50, 23.94, 45.69
2019-02-19, 21:54:52, 23.94, 45.69
2019-02-19, 21:54:53, 23.94, 45.69
2019-02-19, 21:54:55, 23.94, 45.69
2019-02-19, 21:54:56, 23.94, 45.69
2019-02-19, 21:54:57, 23.94, 45.69
2019-02-19, 21:54:59, 23.94, 45.69
2019-02-19, 21:55:00, 23.82, 45.68
2019-02-19, 21:55:01, 23.9, 45.72
2019-02-19, 21:55:03, 23.91, 45.72
2019-02-19, 21:55:04, 23.92, 45.72
2019-02-19, 21:55:05, 23.92, 45.69
2019-02-19, 21:55:07, 23.93, 45.72
2019-02-19, 21:55:08, 23.93, 45.69
2019-02-19, 21:55:09, 23.94, 45.69
2019-02-19, 21:55:11, 23.94, 45.69
2019-02-19, 21:55:12, 23.94, 45.69
2019-02-19, 21:55:14, 23.95, 45.69
2019-02-19, 21:55:15, 23.94, 45.69
2019-02-19, 21:55:16, 23.93, 45.66
2019-02-19, 21:55:18, 23.93, 45.66
2019-02-19, 21:55:19, 23.93, 45.66
2019-02-19, 21:55:20, 23.93, 45.66
2019-02-19, 21:55:22, 23.93, 45.69
2019-02-19, 21:55:23, 23.92, 45.69
2019-02-19, 21:55:24, 23.9, 45.69
2019-02-19, 21:55:26, 23.92, 45.69
2019-02-19, 21:55:27, 23.92, 45.69
2019-02-19, 21:55:28, 23.94, 45.72
2019-02-19, 21:55:30, 23.78, 45.74
2019-02-19, 21:55:31, 23.9, 45.78
2019-02-19, 21:55:32, 23.91, 45.78
2019-02-19, 21:55:34, 23.92, 45.75
2019-02-19, 21:55:35, 23.91, 45.78
2019-02-19, 21:55:37, 23.91, 45.75
2019-02-19, 21:55:38, 23.91, 45.75
2019-02-19, 21:55:39, 23.92, 45.75
2019-02-19, 21:55:41, 23.92, 45.72
2019-02-19, 21:55:42, 23.93, 45.69
2019-02-19, 21:55:43, 23.94, 45.69
2019-02-19, 21:55:45, 23.93, 45.69
2019-02-19, 21:55:46, 23.92, 45.69
2019-02-19, 21:55:47, 23.92, 45.69
2019-02-19, 21:55:49, 23.92, 45.72
2019-02-19, 21:55:50, 23.93, 45.69
2019-02-19, 21:55:51, 23.92, 45.69
2019-02-19, 21:55:53, 23.92, 45.69
2019-02-19, 21:55:54, 23.88, 45.68
2019-02-19, 21:55:55, 23.91, 45.72
2019-02-19, 21:55:57, 23.91, 45.72
2019-02-19, 21:55:58, 23.92, 45.69
2019-02-19, 21:56:00, 23.93, 45.72
2019-02-19, 21:56:01, 23.93, 45.69
2019-02-19, 21:56:02, 23.92, 45.69
2019-02-19, 21:56:04, 23.93, 45.69
2019-02-19, 21:56:05, 23.94, 45.69
2019-02-19, 21:56:06, 23.93, 45.69
2019-02-19, 21:56:08, 23.95, 45.69
2019-02-19, 21:56:09, 23.93, 45.69
2019-02-19, 21:56:10, 23.93, 45.69
2019-02-19, 21:56:12, 23.92, 45.69
2019-02-19, 21:56:13, 23.94, 45.69
2019-02-19, 21:56:14, 23.94, 45.69
2019-02-19, 21:56:16, 23.95, 45.66
2019-02-19, 21:56:17, 23.94, 45.69
2019-02-19, 21:56:18, 23.94, 45.69
2019-02-19, 21:56:20, 23.96, 45.69
2019-02-19, 21:56:21, 23.94, 45.69
2019-02-19, 21:56:23, 23.95, 45.69
2019-02-19, 21:56:24, 23.94, 45.69
2019-02-19, 21:56:25, 23.95, 45.69
2019-02-19, 21:56:27, 23.95, 45.66
2019-02-19, 21:56:28, 23.94, 45.66
2019-02-19, 21:56:29, 23.79, 45.67
2019-02-19, 21:56:31, 23.89, 45.72
2019-02-19, 21:56:32, 23.9, 45.75
2019-02-19, 21:56:33, 23.91, 45.75
2019-02-19, 21:56:35, 23.94, 45.72
2019-02-19, 21:56:36, 23.94, 45.72
2019-02-19, 21:56:37, 23.94, 45.69
2019-02-19, 21:56:39, 23.93, 45.69
2019-02-19, 21:56:40, 23.93, 45.69
2019-02-19, 21:56:42, 23.93, 45.69
2019-02-19, 21:56:43, 23.94, 45.69
2019-02-19, 21:56:44, 23.93, 45.69
2019-02-19, 21:56:46, 23.93, 45.69
2019-02-19, 21:56:47, 23.94, 45.69
2019-02-19, 21:56:48, 23.94, 45.69
2019-02-19, 21:56:50, 23.93, 45.69
2019-02-19, 21:56:51, 23.94, 45.69
2019-02-19, 21:56:52, 23.94, 45.69
2019-02-19, 21:56:54, 23.84, 45.68
2019-02-19, 21:56:55, 23.92, 45.69
2019-02-19, 21:56:56, 23.92, 45.69
2019-02-19, 21:56:58, 23.93, 45.69
2019-02-19, 21:56:59, 23.77, 45.7
2019-02-19, 21:57:00, 23.88, 45.75
2019-02-19, 21:57:02, 23.89, 45.78
2019-02-19, 21:57:03, 23.9, 45.75
2019-02-19, 21:57:05, 23.9, 45.75
2019-02-19, 21:57:06, 23.91, 45.72
2019-02-19, 21:57:07, 23.92, 45.69
2019-02-19, 21:57:09, 23.92, 45.69
2019-02-19, 21:57:10, 23.92, 45.69
2019-02-19, 21:57:11, 23.94, 45.69
2019-02-19, 21:57:13, 23.94, 45.69
2019-02-19, 21:57:14, 23.93, 45.69
2019-02-19, 21:57:15, 23.92, 45.69
2019-02-19, 21:57:17, 23.93, 45.69
2019-02-19, 21:57:18, 23.93, 45.69
2019-02-19, 21:57:19, 23.94, 45.69
2019-02-19, 21:57:21, 23.94, 45.69
2019-02-19, 21:57:22, 23.93, 45.69
2019-02-19, 21:57:24, 23.93, 45.69
2019-02-19, 21:57:25, 23.94, 45.69
2019-02-19, 21:57:26, 23.92, 45.69
2019-02-19, 21:57:28, 23.93, 45.69
2019-02-19, 21:57:29, 23.92, 45.69
2019-02-19, 21:57:30, 23.92, 45.69
2019-02-19, 21:57:32, 23.94, 45.69
2019-02-19, 21:57:33, 23.93, 45.66
2019-02-19, 21:57:34, 23.93, 45.66
2019-02-19, 21:57:36, 23.94, 45.66
2019-02-19, 21:57:37, 23.92, 45.66
2019-02-19, 21:57:38, 23.92, 45.66
2019-02-19, 21:57:40, 23.93, 45.66
2019-02-19, 21:57:41, 23.92, 45.66
2019-02-19, 21:57:42, 23.93, 45.66
2019-02-19, 21:57:44, 23.92, 45.66
2019-02-19, 21:57:45, 23.94, 45.66
2019-02-19, 21:57:47, 23.93, 45.66
2019-02-19, 21:57:48, 23.94, 45.66
2019-02-19, 21:57:49, 23.93, 45.66
2019-02-19, 21:57:51, 23.92, 45.62
2019-02-19, 21:57:52, 23.92, 45.66
2019-02-19, 21:57:53, 23.94, 45.66
2019-02-19, 21:57:55, 23.93, 45.66
2019-02-19, 21:57:56, 23.92, 45.62
2019-02-19, 21:57:57, 23.92, 45.66
2019-02-19, 21:57:59, 23.94, 45.66
2019-02-19, 21:58:00, 23.92, 45.62
2019-02-19, 21:58:01, 23.94, 45.66
2019-02-19, 21:58:03, 23.94, 45.66
2019-02-19, 21:58:04, 23.92, 45.66
2019-02-19, 21:58:05, 23.93, 45.66
2019-02-19, 21:58:07, 23.94, 45.66
2019-02-19, 21:58:08, 23.94, 45.66
2019-02-19, 21:58:10, 23.94, 45.66
2019-02-19, 21:58:11, 23.93, 45.66
2019-02-19, 21:58:12, 23.93, 45.66
2019-02-19, 21:58:14, 23.94, 45.66
2019-02-19, 21:58:15, 23.94, 45.66
2019-02-19, 21:58:16, 23.94, 45.63
2019-02-19, 21:58:18, 23.92, 45.66
2019-02-19, 21:58:19, 23.94, 45.66
2019-02-19, 21:58:20, 23.94, 45.63
2019-02-19, 21:58:22, 23.94, 45.63
2019-02-19, 21:58:23, 23.79, 45.67
2019-02-19, 21:58:24, 23.9, 45.69
2019-02-19, 21:58:26, 23.91, 45.72
2019-02-19, 21:58:27, 23.92, 45.72
2019-02-19, 21:58:28, 23.92, 45.72
2019-02-19, 21:58:30, 23.93, 45.69
2019-02-19, 21:58:31, 23.93, 45.69
2019-02-19, 21:58:33, 23.92, 45.69
2019-02-19, 21:58:34, 23.94, 45.69
2019-02-19, 21:58:35, 23.94, 45.69
2019-02-19, 21:58:37, 23.93, 45.69
2019-02-19, 21:58:38, 23.94, 45.69
2019-02-19, 21:58:39, 23.93, 45.66
2019-02-19, 21:58:41, 23.94, 45.66
2019-02-19, 21:58:42, 23.93, 45.66
2019-02-19, 21:58:43, 23.93, 45.66
2019-02-19, 21:58:45, 23.92, 45.62
2019-02-19, 21:58:46, 23.92, 45.66
2019-02-19, 21:58:47, 23.92, 45.66
2019-02-19, 21:58:49, 23.92, 45.62
2019-02-19, 21:58:50, 23.92, 45.66
2019-02-19, 21:58:51, 23.93, 45.63
2019-02-19, 21:58:53, 23.93, 45.66
2019-02-19, 21:58:54, 23.93, 45.63
2019-02-19, 21:58:56, 23.93, 45.63
2019-02-19, 21:58:57, 23.93, 45.63
2019-02-19, 21:58:58, 23.94, 45.66
2019-02-19, 21:59:00, 23.92, 45.62
2019-02-19, 21:59:01, 23.93, 45.63
2019-02-19, 21:59:02, 23.93, 45.63
2019-02-19, 21:59:04, 23.92, 45.62
2019-02-19, 21:59:05, 23.92, 45.62
2019-02-19, 21:59:06, 23.91, 45.65
2019-02-19, 21:59:08, 23.91, 45.65
2019-02-19, 21:59:09, 23.92, 45.62
2019-02-19, 21:59:10, 23.93, 45.63
2019-02-19, 21:59:12, 23.92, 45.62
2019-02-19, 21:59:13, 23.92, 45.66
2019-02-19, 21:59:14, 23.92, 45.66
2019-02-19, 21:59:16, 23.91, 45.65
2019-02-19, 21:59:17, 23.93, 45.69
2019-02-19, 21:59:19, 23.92, 45.66
2019-02-19, 21:59:20, 23.94, 45.66
2019-02-19, 21:59:21, 23.91, 45.65
2019-02-19, 21:59:23, 23.76, 45.7
2019-02-19, 21:59:24, 23.87, 45.75
2019-02-19, 21:59:25, 23.89, 45.75
2019-02-19, 21:59:27, 23.9, 45.75
2019-02-19, 21:59:28, 23.91, 45.75
2019-02-19, 21:59:29, 23.9, 45.72
2019-02-19, 21:59:31, 23.9, 45.69
2019-02-19, 21:59:32, 23.92, 45.69
2019-02-19, 21:59:33, 23.92, 45.69
2019-02-19, 21:59:35, 23.9, 45.65
2019-02-19, 21:59:36, 23.91, 45.62
2019-02-19, 21:59:38, 23.89, 45.65
2019-02-19, 21:59:39, 23.9, 45.62
2019-02-19, 21:59:40, 23.88, 45.65
2019-02-19, 21:59:42, 23.92, 45.66
2019-02-19, 21:59:43, 23.91, 45.62
2019-02-19, 21:59:44, 23.9, 45.65
2019-02-19, 21:59:46, 23.91, 45.62
2019-02-19, 21:59:47, 23.91, 45.65
2019-02-19, 21:59:48, 23.92, 45.66
2019-02-19, 21:59:50, 23.92, 45.66
2019-02-19, 21:59:51, 23.91, 45.69
2019-02-19, 21:59:52, 23.9, 45.69
2019-02-19, 21:59:54, 23.91, 45.69
2019-02-19, 21:59:55, 23.92, 45.69
2019-02-19, 21:59:56, 23.91, 45.69
2019-02-19, 21:59:58, 23.9, 45.69
2019-02-19, 21:59:59, 23.91, 45.69
2019-02-19, 22:00:01, 23.92, 45.69
2019-02-19, 22:00:02, 23.89, 45.68
2019-02-19, 22:00:03, 23.91, 45.69
2019-02-19, 22:00:05, 23.91, 45.69
2019-02-19, 22:00:06, 23.92, 45.69
2019-02-19, 22:00:07, 23.92, 45.69
2019-02-19, 22:00:09, 23.9, 45.69
2019-02-19, 22:00:10, 23.92, 45.69
2019-02-19, 22:00:11, 23.92, 45.69
2019-02-19, 22:00:13, 23.91, 45.69
2019-02-19, 22:00:14, 23.89, 45.68
2019-02-19, 22:00:16, 23.92, 45.69
2019-02-19, 22:00:17, 23.91, 45.69
2019-02-19, 22:00:18, 23.91, 45.69
2019-02-19, 22:00:20, 23.9, 45.69
2019-02-19, 22:00:21, 23.91, 45.69
2019-02-19, 22:00:22, 23.91, 45.69
2019-02-19, 22:00:24, 23.9, 45.69
2019-02-19, 22:00:25, 23.9, 45.69
2019-02-19, 22:00:26, 23.78, 45.7
2019-02-19, 22:00:28, 23.88, 45.75
2019-02-19, 22:00:29, 23.89, 45.75
2019-02-19, 22:00:30, 23.9, 45.75
2019-02-19, 22:00:32, 23.9, 45.75
2019-02-19, 22:00:33, 23.91, 45.75
2019-02-19, 22:00:35, 23.91, 45.75
2019-02-19, 22:00:36, 23.92, 45.75
2019-02-19, 22:00:37, 23.9, 45.72
2019-02-19, 22:00:39, 23.91, 45.75
2019-02-19, 22:00:40, 23.91, 45.72
2019-02-19, 22:00:41, 23.91, 45.69
2019-02-19, 22:00:43, 23.92, 45.72
2019-02-19, 22:00:44, 23.9, 45.72
2019-02-19, 22:00:45, 23.9, 45.72
2019-02-19, 22:00:47, 23.91, 45.72
2019-02-19, 22:00:48, 23.9, 45.69
2019-02-19, 22:00:49, 23.9, 45.69
2019-02-19, 22:00:51, 23.92, 45.69
2019-02-19, 22:00:52, 23.89, 45.68
2019-02-19, 22:00:53, 23.9, 45.69
2019-02-19, 22:00:55, 23.9, 45.69
2019-02-19, 22:00:56, 23.77, 45.7
2019-02-19, 22:00:58, 23.86, 45.75
2019-02-19, 22:00:59, 23.88, 45.78
2019-02-19, 22:01:00, 23.89, 45.75
2019-02-19, 22:01:02, 23.9, 45.75
2019-02-19, 22:01:03, 23.9, 45.75
2019-02-19, 22:01:04, 23.89, 45.75
2019-02-19, 22:01:06, 23.9, 45.75
2019-02-19, 22:01:07, 23.91, 45.75
2019-02-19, 22:01:08, 23.89, 45.72
2019-02-19, 22:01:10, 23.9, 45.72
2019-02-19, 22:01:11, 23.9, 45.75
2019-02-19, 22:01:12, 23.9, 45.75
2019-02-19, 22:01:14, 23.89, 45.75
2019-02-19, 22:01:15, 23.89, 45.75
2019-02-19, 22:01:17, 23.9, 45.72
2019-02-19, 22:01:18, 23.9, 45.75
2019-02-19, 22:01:19, 23.9, 45.72
2019-02-19, 22:01:21, 23.83, 45.74
2019-02-19, 22:01:22, 23.88, 45.75
2019-02-19, 22:01:23, 23.88, 45.78
2019-02-19, 22:01:25, 23.88, 45.75
2019-02-19, 22:01:26, 23.89, 45.75
2019-02-19, 22:01:27, 23.88, 45.78
2019-02-19, 22:01:29, 23.9, 45.75
2019-02-19, 22:01:30, 23.88, 45.75
2019-02-19, 22:01:31, 23.89, 45.75
2019-02-19, 22:01:33, 23.89, 45.75
2019-02-19, 22:01:34, 23.88, 45.75
2019-02-19, 22:01:35, 23.88, 45.75
2019-02-19, 22:01:37, 23.89, 45.75
2019-02-19, 22:01:38, 23.89, 45.75
2019-02-19, 22:01:40, 23.89, 45.75
2019-02-19, 22:01:41, 23.89, 45.75
2019-02-19, 22:01:42, 23.9, 45.75
2019-02-19, 22:01:44, 23.9, 45.75
2019-02-19, 22:01:45, 23.89, 45.75
2019-02-19, 22:01:46, 23.9, 45.75
2019-02-19, 22:01:48, 23.89, 45.75
2019-02-19, 22:01:49, 23.89, 45.75
2019-02-19, 22:01:50, 23.8, 45.77
2019-02-19, 22:01:52, 23.88, 45.78
2019-02-19, 22:01:53, 23.88, 45.81
2019-02-19, 22:01:54, 23.88, 45.78
2019-02-19, 22:01:56, 23.9, 45.78
2019-02-19, 22:01:57, 23.89, 45.78
2019-02-19, 22:01:58, 23.88, 45.75
2019-02-19, 22:02:00, 23.89, 45.75
2019-02-19, 22:02:01, 23.88, 45.75
2019-02-19, 22:02:03, 23.88, 45.75
2019-02-19, 22:02:04, 23.88, 45.75
2019-02-19, 22:02:05, 23.89, 45.75
2019-02-19, 22:02:07, 23.88, 45.75
2019-02-19, 22:02:08, 23.88, 45.72
2019-02-19, 22:02:09, 23.87, 45.75
2019-02-19, 22:02:11, 23.87, 45.75
2019-02-19, 22:02:12, 23.87, 45.75
2019-02-19, 22:02:13, 23.88, 45.75
2019-02-19, 22:02:15, 23.88, 45.75
2019-02-19, 22:02:16, 23.88, 45.75
2019-02-19, 22:02:17, 23.88, 45.75
2019-02-19, 22:02:19, 23.86, 45.75
2019-02-19, 22:02:20, 23.77, 45.73
2019-02-19, 22:02:22, 23.82, 45.8
2019-02-19, 22:02:23, 23.84, 45.81
2019-02-19, 22:02:24, 23.84, 45.81
2019-02-19, 22:02:26, 23.85, 45.81
2019-02-19, 22:02:27, 23.85, 45.81
2019-02-19, 22:02:28, 23.85, 45.74
2019-02-19, 22:02:30, 23.85, 45.78
2019-02-19, 22:02:31, 23.86, 45.78
2019-02-19, 22:02:32, 23.86, 45.75
2019-02-19, 22:02:34, 23.86, 45.78
2019-02-19, 22:02:35, 23.87, 45.75
2019-02-19, 22:02:36, 23.85, 45.78
2019-02-19, 22:02:38, 23.86, 45.75
2019-02-19, 22:02:39, 23.87, 45.78
2019-02-19, 22:02:40, 23.86, 45.75
2019-02-19, 22:02:42, 23.86, 45.75
2019-02-19, 22:02:43, 23.87, 45.75
2019-02-19, 22:02:45, 23.86, 45.78
2019-02-19, 22:02:46, 23.87, 45.75
2019-02-19, 22:02:47, 23.87, 45.75
2019-02-19, 22:02:49, 23.87, 45.78
2019-02-19, 22:02:50, 23.74, 45.76
2019-02-19, 22:02:51, 23.82, 45.8
2019-02-19, 22:02:53, 23.82, 45.84
2019-02-19, 22:02:54, 23.84, 45.81
2019-02-19, 22:02:55, 23.85, 45.81
2019-02-19, 22:02:57, 23.85, 45.78
2019-02-19, 22:02:58, 23.86, 45.78
2019-02-19, 22:02:59, 23.86, 45.78
2019-02-19, 22:03:01, 23.85, 45.74
2019-02-19, 22:03:02, 23.85, 45.74
2019-02-19, 22:03:03, 23.85, 45.74
2019-02-19, 22:03:05, 23.85, 45.74
2019-02-19, 22:03:06, 23.85, 45.74
2019-02-19, 22:03:08, 23.85, 45.74
2019-02-19, 22:03:09, 23.85, 45.78
2019-02-19, 22:03:10, 23.86, 45.75
2019-02-19, 22:03:12, 23.86, 45.75
2019-02-19, 22:03:13, 23.85, 45.74
2019-02-19, 22:03:14, 23.85, 45.74
2019-02-19, 22:03:16, 23.85, 45.74
2019-02-19, 22:03:17, 23.84, 45.74
2019-02-19, 22:03:18, 23.85, 45.74
2019-02-19, 22:03:20, 23.7, 45.76
2019-02-19, 22:03:21, 23.8, 45.83
2019-02-19, 22:03:22, 23.82, 45.87
2019-02-19, 22:03:24, 23.81, 45.8
2019-02-19, 22:03:25, 23.82, 45.87
2019-02-19, 22:03:27, 23.82, 45.8
2019-02-19, 22:03:28, 23.82, 45.84
2019-02-19, 22:03:29, 23.83, 45.81
2019-02-19, 22:03:31, 23.84, 45.81
2019-02-19, 22:03:32, 23.84, 45.81
2019-02-19, 22:03:33, 23.84, 45.81
2019-02-19, 22:03:35, 23.82, 45.8
2019-02-19, 22:03:36, 23.84, 45.81
2019-02-19, 22:03:37, 23.84, 45.81
2019-02-19, 22:03:39, 23.84, 45.81
2019-02-19, 22:03:40, 23.82, 45.8
2019-02-19, 22:03:41, 23.82, 45.8
2019-02-19, 22:03:43, 23.84, 45.81
2019-02-19, 22:03:44, 23.83, 45.81
2019-02-19, 22:03:45, 23.84, 45.81
2019-02-19, 22:03:47, 23.84, 45.78
2019-02-19, 22:03:48, 23.83, 45.77
2019-02-19, 22:03:50, 23.68, 45.82
2019-02-19, 22:03:51, 23.79, 45.9
2019-02-19, 22:03:52, 23.81, 45.87
2019-02-19, 22:03:54, 23.8, 45.87
2019-02-19, 22:03:55, 23.82, 45.87
2019-02-19, 22:03:56, 23.82, 45.87
2019-02-19, 22:03:58, 23.84, 45.87
2019-02-19, 22:03:59, 23.83, 45.87
2019-02-19, 22:04:00, 23.82, 45.87
2019-02-19, 22:04:02, 23.82, 45.84
2019-02-19, 22:04:03, 23.83, 45.81
2019-02-19, 22:04:04, 23.83, 45.81
2019-02-19, 22:04:06, 23.83, 45.81
2019-02-19, 22:04:07, 23.82, 45.8
2019-02-19, 22:04:08, 23.83, 45.81
2019-02-19, 22:04:10, 23.84, 45.81
2019-02-19, 22:04:11, 23.83, 45.81
2019-02-19, 22:04:13, 23.83, 45.81
2019-02-19, 22:04:14, 23.83, 45.81
2019-02-19, 22:04:15, 23.84, 45.81
2019-02-19, 22:04:17, 23.84, 45.81
2019-02-19, 22:04:18, 23.83, 45.81
2019-02-19, 22:04:19, 23.84, 45.81
2019-02-19, 22:04:21, 23.84, 45.81
2019-02-19, 22:04:22, 23.84, 45.81
2019-02-19, 22:04:23, 23.84, 45.81
2019-02-19, 22:04:25, 23.83, 45.81
2019-02-19, 22:04:26, 23.84, 45.81
2019-02-19, 22:04:27, 23.84, 45.81
2019-02-19, 22:04:29, 23.85, 45.81
2019-02-19, 22:04:30, 23.85, 45.81
2019-02-19, 22:04:32, 23.85, 45.81
2019-02-19, 22:04:33, 23.85, 45.81
2019-02-19, 22:04:34, 23.85, 45.81
2019-02-19, 22:04:36, 23.85, 45.81
2019-02-19, 22:04:37, 23.85, 45.81
2019-02-19, 22:04:38, 23.83, 45.81
2019-02-19, 22:04:40, 23.83, 45.77
2019-02-19, 22:04:41, 23.83, 45.81
2019-02-19, 22:04:42, 23.84, 45.81
2019-02-19, 22:04:44, 23.84, 45.81
2019-02-19, 22:04:45, 23.82, 45.8
2019-02-19, 22:04:46, 23.84, 45.81
2019-02-19, 22:04:48, 23.84, 45.81
2019-02-19, 22:04:49, 23.84, 45.81
2019-02-19, 22:04:50, 23.83, 45.81
2019-02-19, 22:04:52, 23.83, 45.81
2019-02-19, 22:04:53, 23.83, 45.81
2019-02-19, 22:04:55, 23.84, 45.81
2019-02-19, 22:04:56, 23.82, 45.8
2019-02-19, 22:04:57, 23.84, 45.81
2019-02-19, 22:04:59, 23.84, 45.84
2019-02-19, 22:05:00, 23.83, 45.84
2019-02-19, 22:05:01, 23.84, 45.84
2019-02-19, 22:05:03, 23.84, 45.84
2019-02-19, 22:05:04, 23.85, 45.81
2019-02-19, 22:05:05, 23.83, 45.84
2019-02-19, 22:05:07, 23.82, 45.8
2019-02-19, 22:05:08, 23.82, 45.8
2019-02-19, 22:05:09, 23.83, 45.81
2019-02-19, 22:05:11, 23.83, 45.84
2019-02-19, 22:05:12, 23.83, 45.81
2019-02-19, 22:05:14, 23.83, 45.84
2019-02-19, 22:05:15, 23.83, 45.81
2019-02-19, 22:05:16, 23.83, 45.84
2019-02-19, 22:05:18, 23.82, 45.84
2019-02-19, 22:05:19, 23.83, 45.84
2019-02-19, 22:05:20, 23.84, 45.81
2019-02-19, 22:05:22, 23.82, 45.8
2019-02-19, 22:05:23, 23.82, 45.8
2019-02-19, 22:05:24, 23.83, 45.81
2019-02-19, 22:05:26, 23.84, 45.81
2019-02-19, 22:05:27, 23.84, 45.81
2019-02-19, 22:05:28, 23.82, 45.8
2019-02-19, 22:05:30, 23.83, 45.81
2019-02-19, 22:05:31, 23.82, 45.8
2019-02-19, 22:05:33, 23.83, 45.81
2019-02-19, 22:05:34, 23.84, 45.81
2019-02-19, 22:05:35, 23.82, 45.8
2019-02-19, 22:05:37, 23.83, 45.81
2019-02-19, 22:05:38, 23.82, 45.8
2019-02-19, 22:05:39, 23.82, 45.8
2019-02-19, 22:05:41, 23.83, 45.81
2019-02-19, 22:05:42, 23.83, 45.81
2019-02-19, 22:05:43, 23.83, 45.81
2019-02-19, 22:05:45, 23.82, 45.8
2019-02-19, 22:05:46, 23.83, 45.81
2019-02-19, 22:05:47, 23.83, 45.84
2019-02-19, 22:05:49, 23.82, 45.8
2019-02-19, 22:05:50, 23.82, 45.84
2019-02-19, 22:05:51, 23.81, 45.8
2019-02-19, 22:05:53, 23.83, 45.81
2019-02-19, 22:05:54, 23.82, 45.8
2019-02-19, 22:05:56, 23.81, 45.84
2019-02-19, 22:05:57, 23.82, 45.84
2019-02-19, 22:05:58, 23.82, 45.84
2019-02-19, 22:06:00, 23.83, 45.81
2019-02-19, 22:06:01, 23.82, 45.84
2019-02-19, 22:06:02, 23.83, 45.81
2019-02-19, 22:06:04, 23.82, 45.8
2019-02-19, 22:06:05, 23.82, 45.84
2019-02-19, 22:06:06, 23.83, 45.84
2019-02-19, 22:06:08, 23.82, 45.84
2019-02-19, 22:06:09, 23.82, 45.8
2019-02-19, 22:06:11, 23.83, 45.81
2019-02-19, 22:06:12, 23.82, 45.8
2019-02-19, 22:06:13, 23.83, 45.81
2019-02-19, 22:06:15, 23.83, 45.81
2019-02-19, 22:06:16, 23.83, 45.81
2019-02-19, 22:06:17, 23.74, 45.83
2019-02-19, 22:06:19, 23.81, 45.84
2019-02-19, 22:06:20, 23.82, 45.87
2019-02-19, 22:06:21, 23.82, 45.87
2019-02-19, 22:06:23, 23.81, 45.87
2019-02-19, 22:06:24, 23.82, 45.84
2019-02-19, 22:06:25, 23.82, 45.87
2019-02-19, 22:06:27, 23.81, 45.84
2019-02-19, 22:06:28, 23.82, 45.84
2019-02-19, 22:06:30, 23.82, 45.87
2019-02-19, 22:06:31, 23.82, 45.87
2019-02-19, 22:06:32, 23.81, 45.84
2019-02-19, 22:06:34, 23.81, 45.87
2019-02-19, 22:06:35, 23.82, 45.87
2019-02-19, 22:06:36, 23.81, 45.87
2019-02-19, 22:06:38, 23.81, 45.87
2019-02-19, 22:06:39, 23.81, 45.84
2019-02-19, 22:06:40, 23.82, 45.87
2019-02-19, 22:06:42, 23.81, 45.84
2019-02-19, 22:06:43, 23.82, 45.84
2019-02-19, 22:06:44, 23.82, 45.84
2019-02-19, 22:06:46, 23.81, 45.84
2019-02-19, 22:06:47, 23.82, 45.87
2019-02-19, 22:06:49, 23.81, 45.84
2019-02-19, 22:06:50, 23.81, 45.84
2019-02-19, 22:06:51, 23.81, 45.84
2019-02-19, 22:06:53, 23.81, 45.84
2019-02-19, 22:06:54, 23.82, 45.84
2019-02-19, 22:06:55, 23.82, 45.87
2019-02-19, 22:06:57, 23.82, 45.84
2019-02-19, 22:06:58, 23.81, 45.87
2019-02-19, 22:06:59, 23.81, 45.87
2019-02-19, 22:07:01, 23.81, 45.84
2019-02-19, 22:07:02, 23.82, 45.87
2019-02-19, 22:07:03, 23.81, 45.87
2019-02-19, 22:07:05, 23.82, 45.84
2019-02-19, 22:07:06, 23.81, 45.84
2019-02-19, 22:07:07, 23.8, 45.83
2019-02-19, 22:07:09, 23.8, 45.87
2019-02-19, 22:07:10, 23.8, 45.87
2019-02-19, 22:07:12, 23.8, 45.83
2019-02-19, 22:07:13, 23.81, 45.87
2019-02-19, 22:07:14, 23.81, 45.84
2019-02-19, 22:07:16, 23.8, 45.83
2019-02-19, 22:07:17, 23.68, 45.85
2019-02-19, 22:07:18, 23.76, 45.93
2019-02-19, 22:07:20, 23.78, 45.9
2019-02-19, 22:07:21, 23.77, 45.93
2019-02-19, 22:07:22, 23.79, 45.93
2019-02-19, 22:07:24, 23.78, 45.9
2019-02-19, 22:07:25, 23.8, 45.9
2019-02-19, 22:07:26, 23.8, 45.9
2019-02-19, 22:07:28, 23.81, 45.9
2019-02-19, 22:07:29, 23.81, 45.87
2019-02-19, 22:07:31, 23.82, 45.87
2019-02-19, 22:07:32, 23.8, 45.87
2019-02-19, 22:07:33, 23.8, 45.87
2019-02-19, 22:07:35, 23.81, 45.87
2019-02-19, 22:07:36, 23.81, 45.87
2019-02-19, 22:07:37, 23.8, 45.87
2019-02-19, 22:07:39, 23.82, 45.87
2019-02-19, 22:07:40, 23.8, 45.87
2019-02-19, 22:07:41, 23.81, 45.87
2019-02-19, 22:07:43, 23.8, 45.87
2019-02-19, 22:07:44, 23.81, 45.87
2019-02-19, 22:07:45, 23.81, 45.87
2019-02-19, 22:07:47, 23.66, 45.91
2019-02-19, 22:07:48, 23.76, 45.93
2019-02-19, 22:07:50, 23.77, 45.93
2019-02-19, 22:07:51, 23.78, 45.93
2019-02-19, 22:07:52, 23.78, 45.93
2019-02-19, 22:07:54, 23.78, 45.93
2019-02-19, 22:07:55, 23.8, 45.93
2019-02-19, 22:07:56, 23.8, 45.93
2019-02-19, 22:07:58, 23.79, 45.93
2019-02-19, 22:07:59, 23.79, 45.9
2019-02-19, 22:08:00, 23.8, 45.9
2019-02-19, 22:08:02, 23.8, 45.93
2019-02-19, 22:08:03, 23.81, 45.9
2019-02-19, 22:08:05, 23.8, 45.9
2019-02-19, 22:08:06, 23.8, 45.9
2019-02-19, 22:08:07, 23.81, 45.9
2019-02-19, 22:08:09, 23.8, 45.9
2019-02-19, 22:08:10, 23.81, 45.87
2019-02-19, 22:08:11, 23.79, 45.87
2019-02-19, 22:08:13, 23.8, 45.87
2019-02-19, 22:08:14, 23.82, 45.87
2019-02-19, 22:08:15, 23.8, 45.87
2019-02-19, 22:08:17, 23.81, 45.87
2019-02-19, 22:08:18, 23.82, 45.87
2019-02-19, 22:08:19, 23.81, 45.87
2019-02-19, 22:08:21, 23.81, 45.87
2019-02-19, 22:08:22, 23.82, 45.87
2019-02-19, 22:08:23, 23.8, 45.87
2019-02-19, 22:08:25, 23.8, 45.87
2019-02-19, 22:08:26, 23.8, 45.87
2019-02-19, 22:08:28, 23.81, 45.87
2019-02-19, 22:08:29, 23.8, 45.87
2019-02-19, 22:08:30, 23.8, 45.87
2019-02-19, 22:08:32, 23.8, 45.83
2019-02-19, 22:08:33, 23.8, 45.83
2019-02-19, 22:08:34, 23.81, 45.87
2019-02-19, 22:08:36, 23.82, 45.87
2019-02-19, 22:08:37, 23.81, 45.87
2019-02-19, 22:08:38, 23.8, 45.87
2019-02-19, 22:08:40, 23.82, 45.84
2019-02-19, 22:08:41, 23.82, 45.87
2019-02-19, 22:08:42, 23.82, 45.87
2019-02-19, 22:08:44, 23.81, 45.84
2019-02-19, 22:08:45, 23.81, 45.84
2019-02-19, 22:08:47, 23.82, 45.84
2019-02-19, 22:08:48, 23.81, 45.87
2019-02-19, 22:08:49, 23.82, 45.87
2019-02-19, 22:08:51, 23.82, 45.84
2019-02-19, 22:08:52, 23.82, 45.84
2019-02-19, 22:08:53, 23.8, 45.83
2019-02-19, 22:08:55, 23.81, 45.84
2019-02-19, 22:08:56, 23.81, 45.84
2019-02-19, 22:08:57, 23.82, 45.84
2019-02-19, 22:08:59, 23.81, 45.84
2019-02-19, 22:09:00, 23.82, 45.8
2019-02-19, 22:09:01, 23.8, 45.83
2019-02-19, 22:09:03, 23.81, 45.8
2019-02-19, 22:09:04, 23.82, 45.84
2019-02-19, 22:09:06, 23.82, 45.84
2019-02-19, 22:09:07, 23.82, 45.8
2019-02-19, 22:09:08, 23.82, 45.84
2019-02-19, 22:09:10, 23.81, 45.84
2019-02-19, 22:09:11, 23.82, 45.84
2019-02-19, 22:09:12, 23.81, 45.84
2019-02-19, 22:09:14, 23.8, 45.8
2019-02-19, 22:09:15, 23.8, 45.8
2019-02-19, 22:09:16, 23.81, 45.8
2019-02-19, 22:09:18, 23.8, 45.83
2019-02-19, 22:09:19, 23.81, 45.8
2019-02-19, 22:09:20, 23.81, 45.84
2019-02-19, 22:09:22, 23.8, 45.83
2019-02-19, 22:09:23, 23.81, 45.87
2019-02-19, 22:09:25, 23.81, 45.84
2019-02-19, 22:09:26, 23.81, 45.84
2019-02-19, 22:09:27, 23.82, 45.84
2019-02-19, 22:09:29, 23.81, 45.84
2019-02-19, 22:09:30, 23.81, 45.84
2019-02-19, 22:09:31, 23.8, 45.83
2019-02-19, 22:09:33, 23.81, 45.87
2019-02-19, 22:09:34, 23.81, 45.84
2019-02-19, 22:09:35, 23.81, 45.87
2019-02-19, 22:09:37, 23.81, 45.84
2019-02-19, 22:09:38, 23.82, 45.87
2019-02-19, 22:09:39, 23.8, 45.87
2019-02-19, 22:09:41, 23.82, 45.87
2019-02-19, 22:09:42, 23.82, 45.87
2019-02-19, 22:09:44, 23.81, 45.87
2019-02-19, 22:09:45, 23.79, 45.87
2019-02-19, 22:09:46, 23.8, 45.87
2019-02-19, 22:09:48, 23.82, 45.84
2019-02-19, 22:09:49, 23.8, 45.87
2019-02-19, 22:09:50, 23.82, 45.87
2019-02-19, 22:09:52, 23.82, 45.84
2019-02-19, 22:09:53, 23.8, 45.83
2019-02-19, 22:09:54, 23.81, 45.87
2019-02-19, 22:09:56, 23.81, 45.84
2019-02-19, 22:09:57, 23.8, 45.87
2019-02-19, 22:09:58, 23.82, 45.87
2019-02-19, 22:10:00, 23.81, 45.87
2019-02-19, 22:10:01, 23.81, 45.84
2019-02-19, 22:10:02, 23.8, 45.83
2019-02-19, 22:10:04, 23.81, 45.87
2019-02-19, 22:10:05, 23.81, 45.84
2019-02-19, 22:10:07, 23.82, 45.87
2019-02-19, 22:10:08, 23.82, 45.87
2019-02-19, 22:10:09, 23.82, 45.87
2019-02-19, 22:10:11, 23.8, 45.87
2019-02-19, 22:10:12, 23.81, 45.87
2019-02-19, 22:10:13, 23.82, 45.87
2019-02-19, 22:10:15, 23.81, 45.87
2019-02-19, 22:10:16, 23.8, 45.87
2019-02-19, 22:10:17, 23.81, 45.87
2019-02-19, 22:10:19, 23.82, 45.87
2019-02-19, 22:10:20, 23.81, 45.87
2019-02-19, 22:10:21, 23.82, 45.87
2019-02-19, 22:10:23, 23.82, 45.87
2019-02-19, 22:10:24, 23.82, 45.87
2019-02-19, 22:10:26, 23.81, 45.87
2019-02-19, 22:10:27, 23.8, 45.83
2019-02-19, 22:10:28, 23.81, 45.84
2019-02-19, 22:10:30, 23.81, 45.84
2019-02-19, 22:10:31, 23.81, 45.84
2019-02-19, 22:10:32, 23.81, 45.84
2019-02-19, 22:10:34, 23.8, 45.8
2019-02-19, 22:10:35, 23.81, 45.8
2019-02-19, 22:10:36, 23.8, 45.8
2019-02-19, 22:10:38, 23.8, 45.8
2019-02-19, 22:10:39, 23.81, 45.8
2019-02-19, 22:10:40, 23.81, 45.8
2019-02-19, 22:10:42, 23.81, 45.8
2019-02-19, 22:10:43, 23.8, 45.8
2019-02-19, 22:10:44, 23.7, 45.79
2019-02-19, 22:10:46, 23.77, 45.83
2019-02-19, 22:10:47, 23.79, 45.87
2019-02-19, 22:10:49, 23.79, 45.83
2019-02-19, 22:10:50, 23.78, 45.83
2019-02-19, 22:10:51, 23.79, 45.83
2019-02-19, 22:10:53, 23.79, 45.8
2019-02-19, 22:10:54, 23.8, 45.87
2019-02-19, 22:10:55, 23.8, 45.83
2019-02-19, 22:10:57, 23.8, 45.83
2019-02-19, 22:10:58, 23.81, 45.84
2019-02-19, 22:10:59, 23.82, 45.87
2019-02-19, 22:11:01, 23.8, 45.87
2019-02-19, 22:11:02, 23.8, 45.83
2019-02-19, 22:11:04, 23.8, 45.83
2019-02-19, 22:11:05, 23.8, 45.83
2019-02-19, 22:11:06, 23.8, 45.83
2019-02-19, 22:11:08, 23.8, 45.83
2019-02-19, 22:11:09, 23.79, 45.8
2019-02-19, 22:11:10, 23.8, 45.8
2019-02-19, 22:11:12, 23.8, 45.8
2019-02-19, 22:11:13, 23.81, 45.8
2019-02-19, 22:11:14, 23.68, 45.82
2019-02-19, 22:11:16, 23.76, 45.86
2019-02-19, 22:11:17, 23.78, 45.9
2019-02-19, 22:11:18, 23.79, 45.87
2019-02-19, 22:11:20, 23.8, 45.87
2019-02-19, 22:11:21, 23.8, 45.87
2019-02-19, 22:11:23, 23.8, 45.87
2019-02-19, 22:11:24, 23.82, 45.84
2019-02-19, 22:11:25, 23.8, 45.83
2019-02-19, 22:11:27, 23.82, 45.84
2019-02-19, 22:11:28, 23.8, 45.83
2019-02-19, 22:11:29, 23.81, 45.8
2019-02-19, 22:11:31, 23.81, 45.87
2019-02-19, 22:11:32, 23.82, 45.84
2019-02-19, 22:11:33, 23.8, 45.8
2019-02-19, 22:11:35, 23.8, 45.8
2019-02-19, 22:11:36, 23.8, 45.8
2019-02-19, 22:11:37, 23.81, 45.84
2019-02-19, 22:11:39, 23.8, 45.83
2019-02-19, 22:11:40, 23.81, 45.8
2019-02-19, 22:11:42, 23.82, 45.8
2019-02-19, 22:11:43, 23.82, 45.84
2019-02-19, 22:11:44, 23.83, 45.84
2019-02-19, 22:11:46, 23.82, 45.8
2019-02-19, 22:11:47, 23.82, 45.8
2019-02-19, 22:11:48, 23.82, 45.8
2019-02-19, 22:11:50, 23.83, 45.84
2019-02-19, 22:11:51, 23.82, 45.84
2019-02-19, 22:11:52, 23.82, 45.8
2019-02-19, 22:11:54, 23.83, 45.84
2019-02-19, 22:11:55, 23.82, 45.8
2019-02-19, 22:11:56, 23.84, 45.84
2019-02-19, 22:11:58, 23.83, 45.84
2019-02-19, 22:11:59, 23.83, 45.81
2019-02-19, 22:12:01, 23.82, 45.8
2019-02-19, 22:12:02, 23.83, 45.81
2019-02-19, 22:12:03, 23.83, 45.81
2019-02-19, 22:12:05, 23.83, 45.81
2019-02-19, 22:12:06, 23.84, 45.81
2019-02-19, 22:12:07, 23.82, 45.8
2019-02-19, 22:12:09, 23.83, 45.81
2019-02-19, 22:12:10, 23.84, 45.81
2019-02-19, 22:12:11, 23.83, 45.81
2019-02-19, 22:12:13, 23.83, 45.81
2019-02-19, 22:12:14, 23.83, 45.81
2019-02-19, 22:12:15, 23.84, 45.81
2019-02-19, 22:12:17, 23.83, 45.81
2019-02-19, 22:12:18, 23.84, 45.81
2019-02-19, 22:12:20, 23.83, 45.81
2019-02-19, 22:12:21, 23.83, 45.81
2019-02-19, 22:12:22, 23.83, 45.81
2019-02-19, 22:12:24, 23.82, 45.8
2019-02-19, 22:12:25, 23.83, 45.81
2019-02-19, 22:12:26, 23.82, 45.8
2019-02-19, 22:12:28, 23.84, 45.81
2019-02-19, 22:12:29, 23.82, 45.8
2019-02-19, 22:12:30, 23.83, 45.81
2019-02-19, 22:12:32, 23.82, 45.8
2019-02-19, 22:12:33, 23.82, 45.77
2019-02-19, 22:12:34, 23.8, 45.74
2019-02-19, 22:12:36, 23.82, 45.77
2019-02-19, 22:12:37, 23.82, 45.77
2019-02-19, 22:12:39, 23.81, 45.77
2019-02-19, 22:12:40, 23.79, 45.77
2019-02-19, 22:12:41, 23.8, 45.8
2019-02-19, 22:12:43, 23.82, 45.8
2019-02-19, 22:12:44, 23.82, 45.77
2019-02-19, 22:12:45, 23.82, 45.77
2019-02-19, 22:12:47, 23.82, 45.77
2019-02-19, 22:12:48, 23.82, 45.8
2019-02-19, 22:12:49, 23.83, 45.77
2019-02-19, 22:12:51, 23.83, 45.81
2019-02-19, 22:12:52, 23.83, 45.81
2019-02-19, 22:12:53, 23.82, 45.8
2019-02-19, 22:12:55, 23.82, 45.8
2019-02-19, 22:12:56, 23.83, 45.81
2019-02-19, 22:12:58, 23.83, 45.77
2019-02-19, 22:12:59, 23.83, 45.77
2019-02-19, 22:13:00, 23.83, 45.77
2019-02-19, 22:13:02, 23.82, 45.77
2019-02-19, 22:13:03, 23.82, 45.8
2019-02-19, 22:13:04, 23.83, 45.81
2019-02-19, 22:13:06, 23.83, 45.77
2019-02-19, 22:13:07, 23.84, 45.78
2019-02-19, 22:13:08, 23.82, 45.8
2019-02-19, 22:13:10, 23.81, 45.8
2019-02-19, 22:13:11, 23.8, 45.77
2019-02-19, 22:13:12, 23.8, 45.77
2019-02-19, 22:13:14, 23.82, 45.8
2019-02-19, 22:13:15, 23.82, 45.8
2019-02-19, 22:13:16, 23.83, 45.81
2019-02-19, 22:13:18, 23.7, 45.79
2019-02-19, 22:13:19, 23.78, 45.83
2019-02-19, 22:13:21, 23.8, 45.87
2019-02-19, 22:13:22, 23.8, 45.87
2019-02-19, 22:13:23, 23.8, 45.87
2019-02-19, 22:13:25, 23.8, 45.83
2019-02-19, 22:13:26, 23.82, 45.84
2019-02-19, 22:13:27, 23.82, 45.8
2019-02-19, 22:13:29, 23.82, 45.8
2019-02-19, 22:13:30, 23.82, 45.8
2019-02-19, 22:13:31, 23.82, 45.8
2019-02-19, 22:13:33, 23.82, 45.77
2019-02-19, 22:13:34, 23.82, 45.77
2019-02-19, 22:13:35, 23.82, 45.77
2019-02-19, 22:13:37, 23.82, 45.8
2019-02-19, 22:13:38, 23.82, 45.8
2019-02-19, 22:13:39, 23.84, 45.78
2019-02-19, 22:13:41, 23.82, 45.74
2019-02-19, 22:13:42, 23.82, 45.77
2019-02-19, 22:13:44, 23.82, 45.77
2019-02-19, 22:13:45, 23.82, 45.74
2019-02-19, 22:13:46, 23.82, 45.74
2019-02-19, 22:13:48, 23.69, 45.76
2019-02-19, 22:13:49, 23.8, 45.8
2019-02-19, 22:13:50, 23.8, 45.83
2019-02-19, 22:13:52, 23.8, 45.8
2019-02-19, 22:13:53, 23.8, 45.8
2019-02-19, 22:13:54, 23.81, 45.8
2019-02-19, 22:13:56, 23.83, 45.81
2019-02-19, 22:13:57, 23.82, 45.77
2019-02-19, 22:13:58, 23.82, 45.8
2019-02-19, 22:14:00, 23.82, 45.77
2019-02-19, 22:14:01, 23.83, 45.77
2019-02-19, 22:14:03, 23.83, 45.77
2019-02-19, 22:14:04, 23.82, 45.77
2019-02-19, 22:14:05, 23.82, 45.8
2019-02-19, 22:14:07, 23.84, 45.81
2019-02-19, 22:14:08, 23.83, 45.77
2019-02-19, 22:14:09, 23.81, 45.77
2019-02-19, 22:14:11, 23.82, 45.77
2019-02-19, 22:14:12, 23.74, 45.8
2019-02-19, 22:14:13, 23.81, 45.8
2019-02-19, 22:14:15, 23.8, 45.8
2019-02-19, 22:14:16, 23.83, 45.81
2019-02-19, 22:14:17, 23.67, 45.82
2019-02-19, 22:14:19, 23.77, 45.86
2019-02-19, 22:14:20, 23.8, 45.87
2019-02-19, 22:14:21, 23.8, 45.87
2019-02-19, 22:14:23, 23.81, 45.87
2019-02-19, 22:14:24, 23.81, 45.84
2019-02-19, 22:14:26, 23.81, 45.84
2019-02-19, 22:14:27, 23.82, 45.84
2019-02-19, 22:14:28, 23.82, 45.8
2019-02-19, 22:14:30, 23.8, 45.8
2019-02-19, 22:14:31, 23.81, 45.8
2019-02-19, 22:14:32, 23.81, 45.8
2019-02-19, 22:14:34, 23.81, 45.8
2019-02-19, 22:14:35, 23.82, 45.77
2019-02-19, 22:14:36, 23.81, 45.8
2019-02-19, 22:14:38, 23.82, 45.77
2019-02-19, 22:14:39, 23.82, 45.8
2019-02-19, 22:14:40, 23.83, 45.77
2019-02-19, 22:14:42, 23.72, 45.79
2019-02-19, 22:14:43, 23.79, 45.8
2019-02-19, 22:14:45, 23.82, 45.8
2019-02-19, 22:14:46, 23.82, 45.8
2019-02-19, 22:14:47, 23.83, 45.81
2019-02-19, 22:14:49, 23.82, 45.8
2019-02-19, 22:14:50, 23.8, 45.77
2019-02-19, 22:14:51, 23.82, 45.77
2019-02-19, 22:14:53, 23.81, 45.77
2019-02-19, 22:14:54, 23.82, 45.77
2019-02-19, 22:14:55, 23.84, 45.78
2019-02-19, 22:14:57, 23.82, 45.77
2019-02-19, 22:14:58, 23.82, 45.77
2019-02-19, 22:14:59, 23.82, 45.77
2019-02-19, 22:15:01, 23.82, 45.77
2019-02-19, 22:15:02, 23.82, 45.74
2019-02-19, 22:15:04, 23.83, 45.74
2019-02-19, 22:15:05, 23.84, 45.74
2019-02-19, 22:15:06, 23.83, 45.74
2019-02-19, 22:15:08, 23.83, 45.74
2019-02-19, 22:15:09, 23.84, 45.74
2019-02-19, 22:15:10, 23.84, 45.74
2019-02-19, 22:15:12, 23.84, 45.78
2019-02-19, 22:15:13, 23.84, 45.74
2019-02-19, 22:15:14, 23.82, 45.77
2019-02-19, 22:15:16, 23.84, 45.74
2019-02-19, 22:15:17, 23.84, 45.74
2019-02-19, 22:15:18, 23.84, 45.74
2019-02-19, 22:15:20, 23.83, 45.74
2019-02-19, 22:15:21, 23.85, 45.74
2019-02-19, 22:15:22, 23.84, 45.74
2019-02-19, 22:15:24, 23.82, 45.74
2019-02-19, 22:15:25, 23.82, 45.74
2019-02-19, 22:15:27, 23.83, 45.74
2019-02-19, 22:15:28, 23.83, 45.74
2019-02-19, 22:15:29, 23.84, 45.74
2019-02-19, 22:15:31, 23.84, 45.74
2019-02-19, 22:15:32, 23.84, 45.74
2019-02-19, 22:15:33, 23.84, 45.74
2019-02-19, 22:15:35, 23.86, 45.75
2019-02-19, 22:15:36, 23.84, 45.74
2019-02-19, 22:15:37, 23.85, 45.74
2019-02-19, 22:15:39, 23.84, 45.74
2019-02-19, 22:15:40, 23.84, 45.74
2019-02-19, 22:15:41, 23.84, 45.74
2019-02-19, 22:15:43, 23.84, 45.74
2019-02-19, 22:15:44, 23.85, 45.74
2019-02-19, 22:15:45, 23.85, 45.74
2019-02-19, 22:15:47, 23.85, 45.74
2019-02-19, 22:15:48, 23.84, 45.74
2019-02-19, 22:15:50, 23.83, 45.71
2019-02-19, 22:15:51, 23.84, 45.71
2019-02-19, 22:15:52, 23.85, 45.68
2019-02-19, 22:15:54, 23.85, 45.74
2019-02-19, 22:15:55, 23.84, 45.71
2019-02-19, 22:15:56, 23.84, 45.71
2019-02-19, 22:15:58, 23.86, 45.71
2019-02-19, 22:15:59, 23.86, 45.71
2019-02-19, 22:16:00, 23.86, 45.71
2019-02-19, 22:16:02, 23.85, 45.68
2019-02-19, 22:16:03, 23.85, 45.71
2019-02-19, 22:16:04, 23.86, 45.68
2019-02-19, 22:16:06, 23.86, 45.68
2019-02-19, 22:16:07, 23.84, 45.71
2019-02-19, 22:16:09, 23.86, 45.71
2019-02-19, 22:16:10, 23.86, 45.68
2019-02-19, 22:16:11, 23.7, 45.69
2019-02-19, 22:16:13, 23.82, 45.77
2019-02-19, 22:16:14, 23.83, 45.77
2019-02-19, 22:16:15, 23.83, 45.81
2019-02-19, 22:16:17, 23.84, 45.78
2019-02-19, 22:16:18, 23.84, 45.74
2019-02-19, 22:16:19, 23.84, 45.74
2019-02-19, 22:16:21, 23.85, 45.74
2019-02-19, 22:16:22, 23.86, 45.75
2019-02-19, 22:16:23, 23.87, 45.75
2019-02-19, 22:16:25, 23.86, 45.75
2019-02-19, 22:16:26, 23.86, 45.75
2019-02-19, 22:16:28, 23.87, 45.71
2019-02-19, 22:16:29, 23.86, 45.68
2019-02-19, 22:16:30, 23.86, 45.68
2019-02-19, 22:16:32, 23.86, 45.68
2019-02-19, 22:16:33, 23.87, 45.68
2019-02-19, 22:16:34, 23.86, 45.68
2019-02-19, 22:16:36, 23.86, 45.68
2019-02-19, 22:16:37, 23.87, 45.68
2019-02-19, 22:16:38, 23.87, 45.68
2019-02-19, 22:16:40, 23.87, 45.68
2019-02-19, 22:16:41, 23.86, 45.68
2019-02-19, 22:16:42, 23.86, 45.68
2019-02-19, 22:16:44, 23.87, 45.68
2019-02-19, 22:16:45, 23.87, 45.68
2019-02-19, 22:16:47, 23.88, 45.68
2019-02-19, 22:16:48, 23.88, 45.68
2019-02-19, 22:16:49, 23.88, 45.68
2019-02-19, 22:16:51, 23.88, 45.68
2019-02-19, 22:16:52, 23.86, 45.68
2019-02-19, 22:16:53, 23.88, 45.68
2019-02-19, 22:16:55, 23.88, 45.68
2019-02-19, 22:16:56, 23.87, 45.68
2019-02-19, 22:16:57, 23.88, 45.68
2019-02-19, 22:16:59, 23.87, 45.68
2019-02-19, 22:17:00, 23.88, 45.68
2019-02-19, 22:17:01, 23.86, 45.68
2019-02-19, 22:17:03, 23.87, 45.68
2019-02-19, 22:17:04, 23.88, 45.65
2019-02-19, 22:17:05, 23.87, 45.65
2019-02-19, 22:17:07, 23.87, 45.65
2019-02-19, 22:17:08, 23.86, 45.65
2019-02-19, 22:17:10, 23.88, 45.65
2019-02-19, 22:17:11, 23.88, 45.65
2019-02-19, 22:17:12, 23.87, 45.68
2019-02-19, 22:17:14, 23.87, 45.65
2019-02-19, 22:17:15, 23.87, 45.65
2019-02-19, 22:17:16, 23.88, 45.65
2019-02-19, 22:17:18, 23.87, 45.65
2019-02-19, 22:17:19, 23.87, 45.65
2019-02-19, 22:17:20, 23.87, 45.65
2019-02-19, 22:17:22, 23.88, 45.65
2019-02-19, 22:17:23, 23.86, 45.65
2019-02-19, 22:17:24, 23.88, 45.65
2019-02-19, 22:17:26, 23.88, 45.65
2019-02-19, 22:17:27, 23.88, 45.68
2019-02-19, 22:17:29, 23.88, 45.62
2019-02-19, 22:17:30, 23.88, 45.65
2019-02-19, 22:17:31, 23.88, 45.62
2019-02-19, 22:17:33, 23.87, 45.62
2019-02-19, 22:17:34, 23.87, 45.65
2019-02-19, 22:17:35, 23.87, 45.68
2019-02-19, 22:17:37, 23.88, 45.68
2019-02-19, 22:17:38, 23.88, 45.68
2019-02-19, 22:17:39, 23.88, 45.65
2019-02-19, 22:17:41, 23.87, 45.68
2019-02-19, 22:17:42, 23.88, 45.68
2019-02-19, 22:17:43, 23.88, 45.68
2019-02-19, 22:17:45, 23.76, 45.67
2019-02-19, 22:17:46, 23.84, 45.71
2019-02-19, 22:17:48, 23.85, 45.71
2019-02-19, 22:17:49, 23.88, 45.72
2019-02-19, 22:17:50, 23.88, 45.72
2019-02-19, 22:17:52, 23.87, 45.71
2019-02-19, 22:17:53, 23.87, 45.68
2019-02-19, 22:17:54, 23.88, 45.68
2019-02-19, 22:17:56, 23.87, 45.68
2019-02-19, 22:17:57, 23.88, 45.68
2019-02-19, 22:17:58, 23.87, 45.68
2019-02-19, 22:18:00, 23.87, 45.68
2019-02-19, 22:18:01, 23.87, 45.65
2019-02-19, 22:18:02, 23.88, 45.68
2019-02-19, 22:18:04, 23.88, 45.65
2019-02-19, 22:18:05, 23.87, 45.65
2019-02-19, 22:18:07, 23.88, 45.68
2019-02-19, 22:18:08, 23.88, 45.65
2019-02-19, 22:18:09, 23.88, 45.65
2019-02-19, 22:18:11, 23.87, 45.65
2019-02-19, 22:18:12, 23.89, 45.62
2019-02-19, 22:18:13, 23.89, 45.65
2019-02-19, 22:18:15, 23.74, 45.63
2019-02-19, 22:18:16, 23.84, 45.68
2019-02-19, 22:18:17, 23.83, 45.71
2019-02-19, 22:18:19, 23.88, 45.68
2019-02-19, 22:18:20, 23.87, 45.68
2019-02-19, 22:18:21, 23.86, 45.68
2019-02-19, 22:18:23, 23.86, 45.71
2019-02-19, 22:18:24, 23.87, 45.68
2019-02-19, 22:18:25, 23.88, 45.68
2019-02-19, 22:18:27, 23.86, 45.68
2019-02-19, 22:18:28, 23.87, 45.65
2019-02-19, 22:18:30, 23.88, 45.65
2019-02-19, 22:18:31, 23.88, 45.65
2019-02-19, 22:18:32, 23.89, 45.65
2019-02-19, 22:18:34, 23.88, 45.65
2019-02-19, 22:18:35, 23.89, 45.62
2019-02-19, 22:18:36, 23.89, 45.62
2019-02-19, 22:18:38, 23.89, 45.62
2019-02-19, 22:18:39, 23.82, 45.61
2019-02-19, 22:18:40, 23.86, 45.65
2019-02-19, 22:18:42, 23.86, 45.68
2019-02-19, 22:18:43, 23.88, 45.65
2019-02-19, 22:18:44, 23.87, 45.65
2019-02-19, 22:18:46, 23.89, 45.62
2019-02-19, 22:18:47, 23.87, 45.65
2019-02-19, 22:18:48, 23.88, 45.62
2019-02-19, 22:18:50, 23.87, 45.62
2019-02-19, 22:18:51, 23.87, 45.62
2019-02-19, 22:18:53, 23.87, 45.62
2019-02-19, 22:18:54, 23.88, 45.65
2019-02-19, 22:18:55, 23.86, 45.62
2019-02-19, 22:18:57, 23.88, 45.62
2019-02-19, 22:18:58, 23.88, 45.62
2019-02-19, 22:18:59, 23.87, 45.62
2019-02-19, 22:19:01, 23.87, 45.65
2019-02-19, 22:19:02, 23.87, 45.62
2019-02-19, 22:19:03, 23.87, 45.62
2019-02-19, 22:19:05, 23.88, 45.62
2019-02-19, 22:19:06, 23.88, 45.62
2019-02-19, 22:19:07, 23.88, 45.62
2019-02-19, 22:19:09, 23.88, 45.62
2019-02-19, 22:19:10, 23.88, 45.62
2019-02-19, 22:19:12, 23.86, 45.62
2019-02-19, 22:19:13, 23.87, 45.62
2019-02-19, 22:19:14, 23.87, 45.62
2019-02-19, 22:19:16, 23.86, 45.62
2019-02-19, 22:19:17, 23.86, 45.62
2019-02-19, 22:19:18, 23.87, 45.62
2019-02-19, 22:19:20, 23.88, 45.62
2019-02-19, 22:19:21, 23.86, 45.62
2019-02-19, 22:19:22, 23.84, 45.61
2019-02-19, 22:19:24, 23.86, 45.65
2019-02-19, 22:19:25, 23.87, 45.65
2019-02-19, 22:19:26, 23.88, 45.65
2019-02-19, 22:19:28, 23.88, 45.65
2019-02-19, 22:19:29, 23.88, 45.65
2019-02-19, 22:19:30, 23.88, 45.65
2019-02-19, 22:19:32, 23.87, 45.65
2019-02-19, 22:19:33, 23.87, 45.65
2019-02-19, 22:19:35, 23.88, 45.62
2019-02-19, 22:19:36, 23.87, 45.62
2019-02-19, 22:19:37, 23.88, 45.62
2019-02-19, 22:19:39, 23.87, 45.62
2019-02-19, 22:19:40, 23.87, 45.65
2019-02-19, 22:19:41, 23.88, 45.62
2019-02-19, 22:19:43, 23.88, 45.62
2019-02-19, 22:19:44, 23.88, 45.62
2019-02-19, 22:19:45, 23.88, 45.62
2019-02-19, 22:19:47, 23.87, 45.62
2019-02-19, 22:19:48, 23.86, 45.62
2019-02-19, 22:19:49, 23.88, 45.62
2019-02-19, 22:19:51, 23.85, 45.62
2019-02-19, 22:19:52, 23.88, 45.62
2019-02-19, 22:19:53, 23.87, 45.62
2019-02-19, 22:19:55, 23.88, 45.62
2019-02-19, 22:19:56, 23.88, 45.62
2019-02-19, 22:19:58, 23.88, 45.62
2019-02-19, 22:19:59, 23.88, 45.62
2019-02-19, 22:20:00, 23.89, 45.62
2019-02-19, 22:20:02, 23.87, 45.65
2019-02-19, 22:20:03, 23.88, 45.62
2019-02-19, 22:20:04, 23.89, 45.65
2019-02-19, 22:20:06, 23.88, 45.62
2019-02-19, 22:20:07, 23.89, 45.62
2019-02-19, 22:20:08, 23.77, 45.64
2019-02-19, 22:20:10, 23.84, 45.68
2019-02-19, 22:20:11, 23.86, 45.68
2019-02-19, 22:20:12, 23.87, 45.71
2019-02-19, 22:20:14, 23.87, 45.68
2019-02-19, 22:20:15, 23.88, 45.68
2019-02-19, 22:20:16, 23.88, 45.65
2019-02-19, 22:20:18, 23.88, 45.68
2019-02-19, 22:20:19, 23.89, 45.68
2019-02-19, 22:20:21, 23.9, 45.65
2019-02-19, 22:20:22, 23.89, 45.62
2019-02-19, 22:20:23, 23.89, 45.62
2019-02-19, 22:20:25, 23.88, 45.62
2019-02-19, 22:20:26, 23.89, 45.62
2019-02-19, 22:20:27, 23.9, 45.62
2019-02-19, 22:20:29, 23.89, 45.59
2019-02-19, 22:20:30, 23.89, 45.59
2019-02-19, 22:20:31, 23.88, 45.59
2019-02-19, 22:20:33, 23.9, 45.59
2019-02-19, 22:20:34, 23.89, 45.59
2019-02-19, 22:20:35, 23.89, 45.59
2019-02-19, 22:20:37, 23.9, 45.56
2019-02-19, 22:20:38, 23.75, 45.57
2019-02-19, 22:20:39, 23.84, 45.61
2019-02-19, 22:20:41, 23.87, 45.62
2019-02-19, 22:20:42, 23.87, 45.65
2019-02-19, 22:20:44, 23.88, 45.62
2019-02-19, 22:20:45, 23.89, 45.62
2019-02-19, 22:20:46, 23.88, 45.62
2019-02-19, 22:20:48, 23.88, 45.62
2019-02-19, 22:20:49, 23.88, 45.62
2019-02-19, 22:20:50, 23.88, 45.62
2019-02-19, 22:20:52, 23.88, 45.62
2019-02-19, 22:20:53, 23.88, 45.62
2019-02-19, 22:20:54, 23.88, 45.62
2019-02-19, 22:20:56, 23.9, 45.59
2019-02-19, 22:20:57, 23.89, 45.56
2019-02-19, 22:20:58, 23.89, 45.59
2019-02-19, 22:21:00, 23.89, 45.59
2019-02-19, 22:21:01, 23.88, 45.59
2019-02-19, 22:21:02, 23.89, 45.59
2019-02-19, 22:21:04, 23.88, 45.59
2019-02-19, 22:21:05, 23.88, 45.55
2019-02-19, 22:21:07, 23.88, 45.59
2019-02-19, 22:21:08, 23.73, 45.6
2019-02-19, 22:21:09, 23.84, 45.65
2019-02-19, 22:21:11, 23.84, 45.65
2019-02-19, 22:21:12, 23.86, 45.65
2019-02-19, 22:21:13, 23.86, 45.62
2019-02-19, 22:21:15, 23.87, 45.65
2019-02-19, 22:21:16, 23.88, 45.65
2019-02-19, 22:21:17, 23.88, 45.62
2019-02-19, 22:21:19, 23.88, 45.62
2019-02-19, 22:21:20, 23.88, 45.62
2019-02-19, 22:21:21, 23.88, 45.62
2019-02-19, 22:21:23, 23.88, 45.62
2019-02-19, 22:21:24, 23.88, 45.62
2019-02-19, 22:21:26, 23.88, 45.59
2019-02-19, 22:21:27, 23.87, 45.59
2019-02-19, 22:21:28, 23.88, 45.62
2019-02-19, 22:21:30, 23.88, 45.62
2019-02-19, 22:21:31, 23.86, 45.58
2019-02-19, 22:21:32, 23.88, 45.59
2019-02-19, 22:21:34, 23.9, 45.56
2019-02-19, 22:21:35, 23.9, 45.59
2019-02-19, 22:21:36, 23.89, 45.56
2019-02-19, 22:21:38, 23.73, 45.6
2019-02-19, 22:21:39, 23.84, 45.65
2019-02-19, 22:21:40, 23.86, 45.68
2019-02-19, 22:21:42, 23.86, 45.68
2019-02-19, 22:21:43, 23.86, 45.68
2019-02-19, 22:21:44, 23.87, 45.68
2019-02-19, 22:21:46, 23.87, 45.65
2019-02-19, 22:21:47, 23.88, 45.65
2019-02-19, 22:21:49, 23.86, 45.65
2019-02-19, 22:21:50, 23.87, 45.65
2019-02-19, 22:21:51, 23.87, 45.65
2019-02-19, 22:21:53, 23.88, 45.68
2019-02-19, 22:21:54, 23.88, 45.65
2019-02-19, 22:21:55, 23.88, 45.62
2019-02-19, 22:21:57, 23.88, 45.62
2019-02-19, 22:21:58, 23.88, 45.62
2019-02-19, 22:21:59, 23.88, 45.65
2019-02-19, 22:22:01, 23.88, 45.62
2019-02-19, 22:22:02, 23.88, 45.62
2019-02-19, 22:22:03, 23.88, 45.62
2019-02-19, 22:22:05, 23.88, 45.62
2019-02-19, 22:22:06, 23.87, 45.62
2019-02-19, 22:22:07, 23.88, 45.62
2019-02-19, 22:22:09, 23.9, 45.62
2019-02-19, 22:22:10, 23.88, 45.62
2019-02-19, 22:22:12, 23.88, 45.62
2019-02-19, 22:22:13, 23.87, 45.62
2019-02-19, 22:22:14, 23.88, 45.62
2019-02-19, 22:22:16, 23.89, 45.59
2019-02-19, 22:22:17, 23.89, 45.62
2019-02-19, 22:22:18, 23.88, 45.62
2019-02-19, 22:22:20, 23.88, 45.62
2019-02-19, 22:22:21, 23.89, 45.62
2019-02-19, 22:22:22, 23.88, 45.62
2019-02-19, 22:22:24, 23.88, 45.59
2019-02-19, 22:22:25, 23.88, 45.62
2019-02-19, 22:22:26, 23.89, 45.62
2019-02-19, 22:22:28, 23.9, 45.62
2019-02-19, 22:22:29, 23.88, 45.62
2019-02-19, 22:22:30, 23.88, 45.62
2019-02-19, 22:22:32, 23.88, 45.62
2019-02-19, 22:22:33, 23.88, 45.62
2019-02-19, 22:22:35, 23.88, 45.62
2019-02-19, 22:22:36, 23.88, 45.62
2019-02-19, 22:22:37, 23.89, 45.62
2019-02-19, 22:22:39, 23.88, 45.62
2019-02-19, 22:22:40, 23.88, 45.62
2019-02-19, 22:22:41, 23.88, 45.62
2019-02-19, 22:22:43, 23.88, 45.59
2019-02-19, 22:22:44, 23.88, 45.62
2019-02-19, 22:22:45, 23.88, 45.62
2019-02-19, 22:22:47, 23.88, 45.62
2019-02-19, 22:22:48, 23.89, 45.62
2019-02-19, 22:22:49, 23.88, 45.62
2019-02-19, 22:22:51, 23.88, 45.62
2019-02-19, 22:22:52, 23.88, 45.62
2019-02-19, 22:22:54, 23.88, 45.62
2019-02-19, 22:22:55, 23.88, 45.62
2019-02-19, 22:22:56, 23.88, 45.62
2019-02-19, 22:22:58, 23.86, 45.62
2019-02-19, 22:22:59, 23.88, 45.62
2019-02-19, 22:23:00, 23.87, 45.62
2019-02-19, 22:23:02, 23.88, 45.62
2019-02-19, 22:23:03, 23.87, 45.65
2019-02-19, 22:23:04, 23.88, 45.62
2019-02-19, 22:23:06, 23.88, 45.62
2019-02-19, 22:23:07, 23.87, 45.62
2019-02-19, 22:23:08, 23.86, 45.58
2019-02-19, 22:23:10, 23.86, 45.62
2019-02-19, 22:23:11, 23.87, 45.59
2019-02-19, 22:23:12, 23.88, 45.62
2019-02-19, 22:23:14, 23.88, 45.62
2019-02-19, 22:23:15, 23.87, 45.62
2019-02-19, 22:23:17, 23.88, 45.62
2019-02-19, 22:23:18, 23.87, 45.62
2019-02-19, 22:23:19, 23.87, 45.62
2019-02-19, 22:23:21, 23.88, 45.62
2019-02-19, 22:23:22, 23.87, 45.62
2019-02-19, 22:23:23, 23.88, 45.62
2019-02-19, 22:23:25, 23.87, 45.62
2019-02-19, 22:23:26, 23.87, 45.62
2019-02-19, 22:23:27, 23.88, 45.62
2019-02-19, 22:23:29, 23.86, 45.62
2019-02-19, 22:23:30, 23.88, 45.59
2019-02-19, 22:23:31, 23.88, 45.59
2019-02-19, 22:23:33, 23.87, 45.62
2019-02-19, 22:23:34, 23.87, 45.59
2019-02-19, 22:23:35, 23.88, 45.59
2019-02-19, 22:23:37, 23.87, 45.59
2019-02-19, 22:23:38, 23.87, 45.59
2019-02-19, 22:23:40, 23.89, 45.62
2019-02-19, 22:23:41, 23.76, 45.6
2019-02-19, 22:23:42, 23.85, 45.65
2019-02-19, 22:23:44, 23.86, 45.65
2019-02-19, 22:23:45, 23.87, 45.62
2019-02-19, 22:23:46, 23.87, 45.62
2019-02-19, 22:23:48, 23.86, 45.62
2019-02-19, 22:23:49, 23.88, 45.65
2019-02-19, 22:23:50, 23.88, 45.62
2019-02-19, 22:23:52, 23.86, 45.62
2019-02-19, 22:23:53, 23.87, 45.62
2019-02-19, 22:23:54, 23.88, 45.62
2019-02-19, 22:23:56, 23.88, 45.62
2019-02-19, 22:23:57, 23.86, 45.62
2019-02-19, 22:23:59, 23.86, 45.62
2019-02-19, 22:24:00, 23.86, 45.62
2019-02-19, 22:24:01, 23.87, 45.62
2019-02-19, 22:24:03, 23.86, 45.62
2019-02-19, 22:24:04, 23.86, 45.62
2019-02-19, 22:24:05, 23.86, 45.65
2019-02-19, 22:24:07, 23.86, 45.62
2019-02-19, 22:24:08, 23.87, 45.62
2019-02-19, 22:24:09, 23.88, 45.62
2019-02-19, 22:24:11, 23.86, 45.62
2019-02-19, 22:24:12, 23.88, 45.62
2019-02-19, 22:24:13, 23.87, 45.62
2019-02-19, 22:24:15, 23.88, 45.65
2019-02-19, 22:24:16, 23.87, 45.65
2019-02-19, 22:24:18, 23.87, 45.62
2019-02-19, 22:24:19, 23.89, 45.65
2019-02-19, 22:24:20, 23.87, 45.62
2019-02-19, 22:24:22, 23.89, 45.65
2019-02-19, 22:24:23, 23.87, 45.65
2019-02-19, 22:24:24, 23.87, 45.65
2019-02-19, 22:24:26, 23.87, 45.65
2019-02-19, 22:24:27, 23.88, 45.65
2019-02-19, 22:24:28, 23.88, 45.65
2019-02-19, 22:24:30, 23.88, 45.68
2019-02-19, 22:24:31, 23.87, 45.68
2019-02-19, 22:24:32, 23.88, 45.68
2019-02-19, 22:24:34, 23.87, 45.65
2019-02-19, 22:24:35, 23.78, 45.67
2019-02-19, 22:24:36, 23.85, 45.68
2019-02-19, 22:24:38, 23.84, 45.68
2019-02-19, 22:24:39, 23.85, 45.68
2019-02-19, 22:24:40, 23.87, 45.68
2019-02-19, 22:24:42, 23.87, 45.68
2019-02-19, 22:24:43, 23.87, 45.68
2019-02-19, 22:24:45, 23.88, 45.68
2019-02-19, 22:24:46, 23.88, 45.68
2019-02-19, 22:24:47, 23.88, 45.68
2019-02-19, 22:24:49, 23.88, 45.68
2019-02-19, 22:24:50, 23.87, 45.68
2019-02-19, 22:24:51, 23.88, 45.68
2019-02-19, 22:24:53, 23.87, 45.65
2019-02-19, 22:24:54, 23.87, 45.65
2019-02-19, 22:24:55, 23.86, 45.65
2019-02-19, 22:24:57, 23.87, 45.65
2019-02-19, 22:24:58, 23.88, 45.62
2019-02-19, 22:24:59, 23.86, 45.65
2019-02-19, 22:25:01, 23.87, 45.65
2019-02-19, 22:25:02, 23.86, 45.65
2019-02-19, 22:25:04, 23.86, 45.65
2019-02-19, 22:25:05, 23.87, 45.65
2019-02-19, 22:25:06, 23.87, 45.65
2019-02-19, 22:25:08, 23.87, 45.62
2019-02-19, 22:25:09, 23.86, 45.65
2019-02-19, 22:25:10, 23.88, 45.62
2019-02-19, 22:25:12, 23.86, 45.62
2019-02-19, 22:25:13, 23.86, 45.62
2019-02-19, 22:25:14, 23.87, 45.65
2019-02-19, 22:25:16, 23.87, 45.62
2019-02-19, 22:25:17, 23.86, 45.65
2019-02-19, 22:25:19, 23.87, 45.62
2019-02-19, 22:25:20, 23.86, 45.68
2019-02-19, 22:25:21, 23.86, 45.65
2019-02-19, 22:25:23, 23.87, 45.65
2019-02-19, 22:25:24, 23.87, 45.65
2019-02-19, 22:25:25, 23.86, 45.65
2019-02-19, 22:25:27, 23.88, 45.68
2019-02-19, 22:25:28, 23.87, 45.65
2019-02-19, 22:25:29, 23.87, 45.65
2019-02-19, 22:25:31, 23.86, 45.65
2019-02-19, 22:25:32, 23.86, 45.65
2019-02-19, 22:25:33, 23.86, 45.65
2019-02-19, 22:25:35, 23.86, 45.65
2019-02-19, 22:25:36, 23.86, 45.65
2019-02-19, 22:25:37, 23.87, 45.65
2019-02-19, 22:25:39, 23.86, 45.65
2019-02-19, 22:25:40, 23.86, 45.68
2019-02-19, 22:25:42, 23.86, 45.65
2019-02-19, 22:25:43, 23.87, 45.62
2019-02-19, 22:25:44, 23.87, 45.65
2019-02-19, 22:25:46, 23.86, 45.65
2019-02-19, 22:25:47, 23.86, 45.65
2019-02-19, 22:25:48, 23.86, 45.65
2019-02-19, 22:25:50, 23.85, 45.68
2019-02-19, 22:25:51, 23.86, 45.65
2019-02-19, 22:25:52, 23.86, 45.68
2019-02-19, 22:25:54, 23.85, 45.65
2019-02-19, 22:25:55, 23.85, 45.68
2019-02-19, 22:25:56, 23.85, 45.68
2019-02-19, 22:25:58, 23.86, 45.68
2019-02-19, 22:25:59, 23.85, 45.68
2019-02-19, 22:26:00, 23.85, 45.68
2019-02-19, 22:26:02, 23.85, 45.68
2019-02-19, 22:26:03, 23.86, 45.68
2019-02-19, 22:26:05, 23.86, 45.68
2019-02-19, 22:26:06, 23.85, 45.68
2019-02-19, 22:26:07, 23.85, 45.68
2019-02-19, 22:26:09, 23.86, 45.68
2019-02-19, 22:26:10, 23.86, 45.68
2019-02-19, 22:26:11, 23.85, 45.68
2019-02-19, 22:26:13, 23.86, 45.68
2019-02-19, 22:26:14, 23.86, 45.68
2019-02-19, 22:26:15, 23.86, 45.68
2019-02-19, 22:26:17, 23.86, 45.68
2019-02-19, 22:26:18, 23.86, 45.68
2019-02-19, 22:26:19, 23.86, 45.68
2019-02-19, 22:26:21, 23.86, 45.68
2019-02-19, 22:26:22, 23.85, 45.68
2019-02-19, 22:26:24, 23.85, 45.68
2019-02-19, 22:26:25, 23.86, 45.68
2019-02-19, 22:26:26, 23.83, 45.65
2019-02-19, 22:26:28, 23.84, 45.68
2019-02-19, 22:26:29, 23.84, 45.68
2019-02-19, 22:26:30, 23.82, 45.68
2019-02-19, 22:26:32, 23.83, 45.68
2019-02-19, 22:26:33, 23.82, 45.71
2019-02-19, 22:26:34, 23.67, 45.72
2019-02-19, 22:26:36, 23.79, 45.8
2019-02-19, 22:26:37, 23.8, 45.77
2019-02-19, 22:26:38, 23.81, 45.8
2019-02-19, 22:26:40, 23.82, 45.77
2019-02-19, 22:26:41, 23.81, 45.77
2019-02-19, 22:26:42, 23.82, 45.74
2019-02-19, 22:26:44, 23.83, 45.74
2019-02-19, 22:26:45, 23.83, 45.74
2019-02-19, 22:26:47, 23.83, 45.71
2019-02-19, 22:26:48, 23.83, 45.71
2019-02-19, 22:26:49, 23.82, 45.71
2019-02-19, 22:26:51, 23.83, 45.74
2019-02-19, 22:26:52, 23.83, 45.74
2019-02-19, 22:26:53, 23.83, 45.71
2019-02-19, 22:26:55, 23.82, 45.74
2019-02-19, 22:26:56, 23.84, 45.74
2019-02-19, 22:26:57, 23.83, 45.71
2019-02-19, 22:26:59, 23.83, 45.74
2019-02-19, 22:27:00, 23.83, 45.74
2019-02-19, 22:27:01, 23.82, 45.74
2019-02-19, 22:27:03, 23.83, 45.71
2019-02-19, 22:27:04, 23.82, 45.71
2019-02-19, 22:27:06, 23.81, 45.67
2019-02-19, 22:27:07, 23.82, 45.71
2019-02-19, 22:27:08, 23.81, 45.71
2019-02-19, 22:27:10, 23.83, 45.71
2019-02-19, 22:27:11, 23.82, 45.71
2019-02-19, 22:27:12, 23.83, 45.71
2019-02-19, 22:27:14, 23.82, 45.68
2019-02-19, 22:27:15, 23.82, 45.74
2019-02-19, 22:27:16, 23.82, 45.74
2019-02-19, 22:27:18, 23.82, 45.74
2019-02-19, 22:27:19, 23.82, 45.74
2019-02-19, 22:27:20, 23.84, 45.74
2019-02-19, 22:27:22, 23.81, 45.74
2019-02-19, 22:27:23, 23.82, 45.74
2019-02-19, 22:27:24, 23.81, 45.74
2019-02-19, 22:27:26, 23.82, 45.74
2019-02-19, 22:27:27, 23.82, 45.74
2019-02-19, 22:27:29, 23.82, 45.74
2019-02-19, 22:27:30, 23.82, 45.74
2019-02-19, 22:27:31, 23.8, 45.74
2019-02-19, 22:27:33, 23.82, 45.74
2019-02-19, 22:27:34, 23.81, 45.74
2019-02-19, 22:27:35, 23.82, 45.74
2019-02-19, 22:27:37, 23.82, 45.74
2019-02-19, 22:27:38, 23.72, 45.73
2019-02-19, 22:27:39, 23.8, 45.77
2019-02-19, 22:27:41, 23.8, 45.8
2019-02-19, 22:27:42, 23.82, 45.77
2019-02-19, 22:27:43, 23.8, 45.74
2019-02-19, 22:27:45, 23.82, 45.77
2019-02-19, 22:27:46, 23.81, 45.77
2019-02-19, 22:27:48, 23.82, 45.77
2019-02-19, 22:27:49, 23.8, 45.74
2019-02-19, 22:27:50, 23.81, 45.74
2019-02-19, 22:27:52, 23.8, 45.77
2019-02-19, 22:27:53, 23.8, 45.74
2019-02-19, 22:27:54, 23.81, 45.74
2019-02-19, 22:27:56, 23.8, 45.74
2019-02-19, 22:27:57, 23.8, 45.74
2019-02-19, 22:27:58, 23.81, 45.74
2019-02-19, 22:28:00, 23.81, 45.77
2019-02-19, 22:28:01, 23.8, 45.74
2019-02-19, 22:28:02, 23.82, 45.74
2019-02-19, 22:28:04, 23.82, 45.74
2019-02-19, 22:28:05, 23.81, 45.74
2019-02-19, 22:28:07, 23.81, 45.74
2019-02-19, 22:28:08, 23.8, 45.74
2019-02-19, 22:28:09, 23.8, 45.77
2019-02-19, 22:28:11, 23.81, 45.74
2019-02-19, 22:28:12, 23.8, 45.77
2019-02-19, 22:28:13, 23.8, 45.77
2019-02-19, 22:28:15, 23.81, 45.74
2019-02-19, 22:28:16, 23.81, 45.74
2019-02-19, 22:28:17, 23.8, 45.77
2019-02-19, 22:28:19, 23.81, 45.74
2019-02-19, 22:28:20, 23.8, 45.74
2019-02-19, 22:28:22, 23.81, 45.74
2019-02-19, 22:28:23, 23.8, 45.74
2019-02-19, 22:28:24, 23.8, 45.74
2019-02-19, 22:28:26, 23.81, 45.74
2019-02-19, 22:28:27, 23.81, 45.77
2019-02-19, 22:28:28, 23.8, 45.74
2019-02-19, 22:28:30, 23.81, 45.74
2019-02-19, 22:28:31, 23.8, 45.74
2019-02-19, 22:28:32, 23.81, 45.77
2019-02-19, 22:28:34, 23.81, 45.74
2019-02-19, 22:28:35, 23.81, 45.74
2019-02-19, 22:28:36, 23.8, 45.77
2019-02-19, 22:28:38, 23.8, 45.77
2019-02-19, 22:28:39, 23.81, 45.74
2019-02-19, 22:28:41, 23.8, 45.77
2019-02-19, 22:28:42, 23.8, 45.77
2019-02-19, 22:28:43, 23.82, 45.77
2019-02-19, 22:28:45, 23.79, 45.8
2019-02-19, 22:28:46, 23.79, 45.77
2019-02-19, 22:28:47, 23.8, 45.77
2019-02-19, 22:28:49, 23.8, 45.8
2019-02-19, 22:28:50, 23.79, 45.77
2019-02-19, 22:28:51, 23.79, 45.77
2019-02-19, 22:28:53, 23.8, 45.77
2019-02-19, 22:28:54, 23.8, 45.8
2019-02-19, 22:28:55, 23.8, 45.8
2019-02-19, 22:28:57, 23.81, 45.8
2019-02-19, 22:28:58, 23.8, 45.8
2019-02-19, 22:29:00, 23.8, 45.8
2019-02-19, 22:29:01, 23.81, 45.77
2019-02-19, 22:29:02, 23.7, 45.79
2019-02-19, 22:29:04, 23.77, 45.83
2019-02-19, 22:29:05, 23.79, 45.83
2019-02-19, 22:29:06, 23.78, 45.83
2019-02-19, 22:29:08, 23.79, 45.83
2019-02-19, 22:29:09, 23.8, 45.83
2019-02-19, 22:29:10, 23.78, 45.8
2019-02-19, 22:29:12, 23.79, 45.8
2019-02-19, 22:29:13, 23.78, 45.8
2019-02-19, 22:29:14, 23.81, 45.8
2019-02-19, 22:29:16, 23.8, 45.8
2019-02-19, 22:29:17, 23.79, 45.8
2019-02-19, 22:29:18, 23.8, 45.8
2019-02-19, 22:29:20, 23.8, 45.83
2019-02-19, 22:29:21, 23.79, 45.8
2019-02-19, 22:29:23, 23.79, 45.8
2019-02-19, 22:29:24, 23.79, 45.8
2019-02-19, 22:29:25, 23.8, 45.8
2019-02-19, 22:29:27, 23.78, 45.8
2019-02-19, 22:29:28, 23.79, 45.8
2019-02-19, 22:29:29, 23.78, 45.8
2019-02-19, 22:29:31, 23.8, 45.8
2019-02-19, 22:29:32, 23.66, 45.82
2019-02-19, 22:29:33, 23.75, 45.86
2019-02-19, 22:29:35, 23.77, 45.86
2019-02-19, 22:29:36, 23.77, 45.86
2019-02-19, 22:29:37, 23.77, 45.86
2019-02-19, 22:29:39, 23.77, 45.86
2019-02-19, 22:29:40, 23.78, 45.86
2019-02-19, 22:29:42, 23.78, 45.86
2019-02-19, 22:29:43, 23.78, 45.83
2019-02-19, 22:29:44, 23.78, 45.83
2019-02-19, 22:29:46, 23.78, 45.83
2019-02-19, 22:29:47, 23.79, 45.87
2019-02-19, 22:29:48, 23.79, 45.83
2019-02-19, 22:29:50, 23.79, 45.8
2019-02-19, 22:29:51, 23.79, 45.83
2019-02-19, 22:29:52, 23.79, 45.8
2019-02-19, 22:29:54, 23.79, 45.83
2019-02-19, 22:29:55, 23.79, 45.83
2019-02-19, 22:29:56, 23.8, 45.83
2019-02-19, 22:29:58, 23.78, 45.83
2019-02-19, 22:29:59, 23.78, 45.8
2019-02-19, 22:30:01, 23.79, 45.8
2019-02-19, 22:30:02, 23.78, 45.83
2019-02-19, 22:30:03, 23.79, 45.8
2019-02-19, 22:30:05, 23.8, 45.8
2019-02-19, 22:30:06, 23.78, 45.8
2019-02-19, 22:30:07, 23.8, 45.8
2019-02-19, 22:30:09, 23.79, 45.8
2019-02-19, 22:30:10, 23.79, 45.8
2019-02-19, 22:30:11, 23.79, 45.8
2019-02-19, 22:30:13, 23.79, 45.8
2019-02-19, 22:30:14, 23.77, 45.8
2019-02-19, 22:30:15, 23.78, 45.8
2019-02-19, 22:30:17, 23.76, 45.8
2019-02-19, 22:30:18, 23.77, 45.83
2019-02-19, 22:30:19, 23.78, 45.8
2019-02-19, 22:30:21, 23.78, 45.8
2019-02-19, 22:30:22, 23.78, 45.8
2019-02-19, 22:30:24, 23.78, 45.8
2019-02-19, 22:30:25, 23.78, 45.8
2019-02-19, 22:30:26, 23.78, 45.8
2019-02-19, 22:30:28, 23.79, 45.8
2019-02-19, 22:30:29, 23.78, 45.8
2019-02-19, 22:30:30, 23.78, 45.8
2019-02-19, 22:30:32, 23.64, 45.85
2019-02-19, 22:30:33, 23.71, 45.89
2019-02-19, 22:30:34, 23.76, 45.93
2019-02-19, 22:30:36, 23.76, 45.93
2019-02-19, 22:30:37, 23.76, 45.89
2019-02-19, 22:30:39, 23.76, 45.89
2019-02-19, 22:30:40, 23.77, 45.86
2019-02-19, 22:30:41, 23.78, 45.86
2019-02-19, 22:30:43, 23.78, 45.86
2019-02-19, 22:30:44, 23.78, 45.86
2019-02-19, 22:30:45, 23.78, 45.86
2019-02-19, 22:30:47, 23.78, 45.86
2019-02-19, 22:30:48, 23.79, 45.87
2019-02-19, 22:30:49, 23.78, 45.86
2019-02-19, 22:30:51, 23.78, 45.86
2019-02-19, 22:30:52, 23.79, 45.87
2019-02-19, 22:30:53, 23.78, 45.86
2019-02-19, 22:30:55, 23.79, 45.87
2019-02-19, 22:30:56, 23.79, 45.87
2019-02-19, 22:30:57, 23.79, 45.87
2019-02-19, 22:30:59, 23.78, 45.86
2019-02-19, 22:31:00, 23.79, 45.87
2019-02-19, 22:31:02, 23.78, 45.83
2019-02-19, 22:31:03, 23.78, 45.86
2019-02-19, 22:31:04, 23.78, 45.86
2019-02-19, 22:31:06, 23.78, 45.86
2019-02-19, 22:31:07, 23.78, 45.86
2019-02-19, 22:31:08, 23.78, 45.86
2019-02-19, 22:31:10, 23.78, 45.86
2019-02-19, 22:31:11, 23.77, 45.83
2019-02-19, 22:31:12, 23.78, 45.86
2019-02-19, 22:31:14, 23.78, 45.86
2019-02-19, 22:31:15, 23.78, 45.86
2019-02-19, 22:31:16, 23.78, 45.86
2019-02-19, 22:31:18, 23.77, 45.86
2019-02-19, 22:31:19, 23.78, 45.86
2019-02-19, 22:31:20, 23.78, 45.86
2019-02-19, 22:31:22, 23.78, 45.86
2019-02-19, 22:31:23, 23.78, 45.83
2019-02-19, 22:31:25, 23.77, 45.86
2019-02-19, 22:31:26, 23.78, 45.83
2019-02-19, 22:31:27, 23.78, 45.83
2019-02-19, 22:31:29, 23.77, 45.83
2019-02-19, 22:31:30, 23.78, 45.83
2019-02-19, 22:31:31, 23.78, 45.83
2019-02-19, 22:31:33, 23.77, 45.83
2019-02-19, 22:31:34, 23.77, 45.83
2019-02-19, 22:31:35, 23.67, 45.85
2019-02-19, 22:31:37, 23.76, 45.86
2019-02-19, 22:31:38, 23.76, 45.86
2019-02-19, 22:31:39, 23.77, 45.86
2019-02-19, 22:31:41, 23.76, 45.86
2019-02-19, 22:31:42, 23.76, 45.86
2019-02-19, 22:31:43, 23.75, 45.86
2019-02-19, 22:31:45, 23.77, 45.86
2019-02-19, 22:31:46, 23.77, 45.86
2019-02-19, 22:31:48, 23.77, 45.83
2019-02-19, 22:31:49, 23.77, 45.8
2019-02-19, 22:31:50, 23.77, 45.83
2019-02-19, 22:31:52, 23.77, 45.8
2019-02-19, 22:31:53, 23.78, 45.8
2019-02-19, 22:31:54, 23.79, 45.8
2019-02-19, 22:31:56, 23.78, 45.8
2019-02-19, 22:31:57, 23.78, 45.8
2019-02-19, 22:31:58, 23.77, 45.8
2019-02-19, 22:32:00, 23.77, 45.8
2019-02-19, 22:32:01, 23.77, 45.8
2019-02-19, 22:32:02, 23.78, 45.8
2019-02-19, 22:32:04, 23.79, 45.8
2019-02-19, 22:32:05, 23.79, 45.8
2019-02-19, 22:32:06, 23.78, 45.8
2019-02-19, 22:32:08, 23.78, 45.8
2019-02-19, 22:32:09, 23.78, 45.77
2019-02-19, 22:32:11, 23.77, 45.8
2019-02-19, 22:32:12, 23.77, 45.8
2019-02-19, 22:32:13, 23.77, 45.8
2019-02-19, 22:32:15, 23.77, 45.8
2019-02-19, 22:32:16, 23.78, 45.8
2019-02-19, 22:32:17, 23.78, 45.8
2019-02-19, 22:32:19, 23.79, 45.8
2019-02-19, 22:32:20, 23.78, 45.8
2019-02-19, 22:32:21, 23.78, 45.8
2019-02-19, 22:32:23, 23.78, 45.8
2019-02-19, 22:32:24, 23.78, 45.8
2019-02-19, 22:32:25, 23.78, 45.8
2019-02-19, 22:32:27, 23.78, 45.8
2019-02-19, 22:32:28, 23.79, 45.77
2019-02-19, 22:32:30, 23.76, 45.8
2019-02-19, 22:32:31, 23.77, 45.8
2019-02-19, 22:32:32, 23.76, 45.8
2019-02-19, 22:32:34, 23.78, 45.8
2019-02-19, 22:32:35, 23.77, 45.77
2019-02-19, 22:32:36, 23.76, 45.8
2019-02-19, 22:32:38, 23.76, 45.8
2019-02-19, 22:32:39, 23.78, 45.8
2019-02-19, 22:32:40, 23.76, 45.8
2019-02-19, 22:32:42, 23.75, 45.8
2019-02-19, 22:32:43, 23.76, 45.8
2019-02-19, 22:32:44, 23.76, 45.8
2019-02-19, 22:32:46, 23.78, 45.8
2019-02-19, 22:32:47, 23.78, 45.8
2019-02-19, 22:32:49, 23.79, 45.8
2019-02-19, 22:32:50, 23.79, 45.8
2019-02-19, 22:32:51, 23.79, 45.77
2019-02-19, 22:32:53, 23.78, 45.8
2019-02-19, 22:32:54, 23.78, 45.8
2019-02-19, 22:32:55, 23.79, 45.8
2019-02-19, 22:32:57, 23.79, 45.77
2019-02-19, 22:32:58, 23.79, 45.8
2019-02-19, 22:32:59, 23.74, 45.8
2019-02-19, 22:33:01, 23.78, 45.8
2019-02-19, 22:33:02, 23.78, 45.8
2019-02-19, 22:33:03, 23.78, 45.8
2019-02-19, 22:33:05, 23.65, 45.85
2019-02-19, 22:33:06, 23.74, 45.89
2019-02-19, 22:33:07, 23.75, 45.89
2019-02-19, 22:33:09, 23.76, 45.89
2019-02-19, 22:33:10, 23.77, 45.9
2019-02-19, 22:33:12, 23.77, 45.9
2019-02-19, 22:33:13, 23.78, 45.9
2019-02-19, 22:33:14, 23.77, 45.86
2019-02-19, 22:33:16, 23.77, 45.86
2019-02-19, 22:33:17, 23.77, 45.86
2019-02-19, 22:33:18, 23.76, 45.86
2019-02-19, 22:33:20, 23.78, 45.86
2019-02-19, 22:33:21, 23.77, 45.83
2019-02-19, 22:33:22, 23.78, 45.86
2019-02-19, 22:33:24, 23.77, 45.83
2019-02-19, 22:33:25, 23.78, 45.86
2019-02-19, 22:33:26, 23.78, 45.83
2019-02-19, 22:33:28, 23.78, 45.83
2019-02-19, 22:33:29, 23.71, 45.82
2019-02-19, 22:33:30, 23.77, 45.86
2019-02-19, 22:33:32, 23.77, 45.86
2019-02-19, 22:33:33, 23.78, 45.86
2019-02-19, 22:33:35, 23.78, 45.83
2019-02-19, 22:33:36, 23.8, 45.87
2019-02-19, 22:33:37, 23.79, 45.83
2019-02-19, 22:33:39, 23.8, 45.83
2019-02-19, 22:33:40, 23.79, 45.83
2019-02-19, 22:33:41, 23.8, 45.83
2019-02-19, 22:33:43, 23.8, 45.83
2019-02-19, 22:33:44, 23.8, 45.8
2019-02-19, 22:33:45, 23.8, 45.83
2019-02-19, 22:33:47, 23.79, 45.83
2019-02-19, 22:33:48, 23.79, 45.87
2019-02-19, 22:33:49, 23.8, 45.83
2019-02-19, 22:33:51, 23.8, 45.83
2019-02-19, 22:33:52, 23.8, 45.87
2019-02-19, 22:33:53, 23.8, 45.83
2019-02-19, 22:33:55, 23.81, 45.84
2019-02-19, 22:33:56, 23.8, 45.83
2019-02-19, 22:33:58, 23.8, 45.83
2019-02-19, 22:33:59, 23.69, 45.85
2019-02-19, 22:34:00, 23.77, 45.86
2019-02-19, 22:34:02, 23.78, 45.86
2019-02-19, 22:34:03, 23.79, 45.87
2019-02-19, 22:34:04, 23.78, 45.86
2019-02-19, 22:34:06, 23.79, 45.87
2019-02-19, 22:34:07, 23.78, 45.86
2019-02-19, 22:34:08, 23.78, 45.83
2019-02-19, 22:34:10, 23.78, 45.86
2019-02-19, 22:34:11, 23.78, 45.83
2019-02-19, 22:34:12, 23.77, 45.83
2019-02-19, 22:34:14, 23.79, 45.83
2019-02-19, 22:34:15, 23.79, 45.83
2019-02-19, 22:34:16, 23.8, 45.83
2019-02-19, 22:34:18, 23.81, 45.84
2019-02-19, 22:34:19, 23.78, 45.83
2019-02-19, 22:34:21, 23.77, 45.8
2019-02-19, 22:34:22, 23.79, 45.8
2019-02-19, 22:34:23, 23.78, 45.83
2019-02-19, 22:34:25, 23.78, 45.83
2019-02-19, 22:34:26, 23.78, 45.8
2019-02-19, 22:34:27, 23.79, 45.83
2019-02-19, 22:34:29, 23.68, 45.85
2019-02-19, 22:34:30, 23.76, 45.86
2019-02-19, 22:34:31, 23.78, 45.9
2019-02-19, 22:34:33, 23.78, 45.9
2019-02-19, 22:34:34, 23.77, 45.86
2019-02-19, 22:34:35, 23.77, 45.86
2019-02-19, 22:34:37, 23.78, 45.86
2019-02-19, 22:34:38, 23.77, 45.86
2019-02-19, 22:34:39, 23.77, 45.86
2019-02-19, 22:34:41, 23.79, 45.87
2019-02-19, 22:34:42, 23.78, 45.86
2019-02-19, 22:34:44, 23.78, 45.86
2019-02-19, 22:34:45, 23.78, 45.86
2019-02-19, 22:34:46, 23.77, 45.86
2019-02-19, 22:34:48, 23.78, 45.83
2019-02-19, 22:34:49, 23.78, 45.86
2019-02-19, 22:34:50, 23.77, 45.83
2019-02-19, 22:34:52, 23.78, 45.8
2019-02-19, 22:34:53, 23.78, 45.83
2019-02-19, 22:34:54, 23.78, 45.83
2019-02-19, 22:34:56, 23.78, 45.86
2019-02-19, 22:34:57, 23.77, 45.83
2019-02-19, 22:34:58, 23.78, 45.83
2019-02-19, 22:35:00, 23.78, 45.83
2019-02-19, 22:35:01, 23.78, 45.83
2019-02-19, 22:35:03, 23.78, 45.83
2019-02-19, 22:35:04, 23.78, 45.83
2019-02-19, 22:35:05, 23.79, 45.83
2019-02-19, 22:35:07, 23.79, 45.83
2019-02-19, 22:35:08, 23.79, 45.83
2019-02-19, 22:35:09, 23.78, 45.8
2019-02-19, 22:35:11, 23.78, 45.8
2019-02-19, 22:35:12, 23.8, 45.8
2019-02-19, 22:35:13, 23.79, 45.8
2019-02-19, 22:35:15, 23.79, 45.83
2019-02-19, 22:35:16, 23.8, 45.8
2019-02-19, 22:35:17, 23.8, 45.8
2019-02-19, 22:35:19, 23.8, 45.83
2019-02-19, 22:35:20, 23.8, 45.8
2019-02-19, 22:35:21, 23.78, 45.8
2019-02-19, 22:35:23, 23.8, 45.8
2019-02-19, 22:35:24, 23.78, 45.83
2019-02-19, 22:35:26, 23.8, 45.8
2019-02-19, 22:35:27, 23.8, 45.8
2019-02-19, 22:35:28, 23.79, 45.8
2019-02-19, 22:35:30, 23.8, 45.8
2019-02-19, 22:35:31, 23.8, 45.8
2019-02-19, 22:35:32, 23.79, 45.8
2019-02-19, 22:35:34, 23.79, 45.8
2019-02-19, 22:35:35, 23.8, 45.8
2019-02-19, 22:35:36, 23.79, 45.8
2019-02-19, 22:35:38, 23.8, 45.8
2019-02-19, 22:35:39, 23.81, 45.8
2019-02-19, 22:35:40, 23.8, 45.8
2019-02-19, 22:35:42, 23.8, 45.8
2019-02-19, 22:35:43, 23.8, 45.83
2019-02-19, 22:35:45, 23.8, 45.8
2019-02-19, 22:35:46, 23.79, 45.8
2019-02-19, 22:35:47, 23.8, 45.8
2019-02-19, 22:35:49, 23.8, 45.83
2019-02-19, 22:35:50, 23.79, 45.8
2019-02-19, 22:35:51, 23.79, 45.8
2019-02-19, 22:35:53, 23.8, 45.8
2019-02-19, 22:35:54, 23.8, 45.8
2019-02-19, 22:35:55, 23.8, 45.8
2019-02-19, 22:35:57, 23.8, 45.8
2019-02-19, 22:35:58, 23.8, 45.8
2019-02-19, 22:35:59, 23.79, 45.8
2019-02-19, 22:36:01, 23.8, 45.8
2019-02-19, 22:36:02, 23.78, 45.8
2019-02-19, 22:36:04, 23.79, 45.8
2019-02-19, 22:36:05, 23.79, 45.8
2019-02-19, 22:36:06, 23.8, 45.8
2019-02-19, 22:36:08, 23.79, 45.8
2019-02-19, 22:36:09, 23.8, 45.8
2019-02-19, 22:36:10, 23.81, 45.8
2019-02-19, 22:36:12, 23.8, 45.8
2019-02-19, 22:36:13, 23.8, 45.8
2019-02-19, 22:36:14, 23.81, 45.8
2019-02-19, 22:36:16, 23.81, 45.8
2019-02-19, 22:36:17, 23.8, 45.8
2019-02-19, 22:36:19, 23.8, 45.8
2019-02-19, 22:36:20, 23.8, 45.8
2019-02-19, 22:36:21, 23.81, 45.8
2019-02-19, 22:36:23, 23.8, 45.8
2019-02-19, 22:36:24, 23.78, 45.8
2019-02-19, 22:36:25, 23.8, 45.8
2019-02-19, 22:36:27, 23.81, 45.8
2019-02-19, 22:36:28, 23.8, 45.8
2019-02-19, 22:36:29, 23.81, 45.8
2019-02-19, 22:36:31, 23.81, 45.8
2019-02-19, 22:36:32, 23.8, 45.8
2019-02-19, 22:36:33, 23.8, 45.8
2019-02-19, 22:36:35, 23.78, 45.83
2019-02-19, 22:36:36, 23.8, 45.8
2019-02-19, 22:36:37, 23.79, 45.8
2019-02-19, 22:36:39, 23.79, 45.83
2019-02-19, 22:36:40, 23.8, 45.8
2019-02-19, 22:36:42, 23.8, 45.8
2019-02-19, 22:36:43, 23.8, 45.8
2019-02-19, 22:36:44, 23.74, 45.83
2019-02-19, 22:36:46, 23.78, 45.8
2019-02-19, 22:36:47, 23.79, 45.8
2019-02-19, 22:36:48, 23.8, 45.83
2019-02-19, 22:36:50, 23.81, 45.8
2019-02-19, 22:36:51, 23.79, 45.8
2019-02-19, 22:36:53, 23.79, 45.8
2019-02-19, 22:36:54, 23.79, 45.8
2019-02-19, 22:36:55, 23.79, 45.8
2019-02-19, 22:36:57, 23.78, 45.8
2019-02-19, 22:36:58, 23.8, 45.8
2019-02-19, 22:36:59, 23.8, 45.8
2019-02-19, 22:37:01, 23.8, 45.8
2019-02-19, 22:37:02, 23.8, 45.8
2019-02-19, 22:37:03, 23.8, 45.8
2019-02-19, 22:37:05, 23.8, 45.8
2019-02-19, 22:37:06, 23.8, 45.8
2019-02-19, 22:37:07, 23.8, 45.8
2019-02-19, 22:37:09, 23.8, 45.8
2019-02-19, 22:37:10, 23.8, 45.8
2019-02-19, 22:37:11, 23.8, 45.8
2019-02-19, 22:37:13, 23.8, 45.8
2019-02-19, 22:37:14, 23.82, 45.8
2019-02-19, 22:37:16, 23.82, 45.8
2019-02-19, 22:37:17, 23.81, 45.8
2019-02-19, 22:37:18, 23.81, 45.8
2019-02-19, 22:37:20, 23.8, 45.8
2019-02-19, 22:37:21, 23.8, 45.8
2019-02-19, 22:37:22, 23.8, 45.8
2019-02-19, 22:37:24, 23.81, 45.8
2019-02-19, 22:37:25, 23.82, 45.8
2019-02-19, 22:37:26, 23.82, 45.77
2019-02-19, 22:37:28, 23.81, 45.8
2019-02-19, 22:37:29, 23.81, 45.8
2019-02-19, 22:37:30, 23.81, 45.8
2019-02-19, 22:37:32, 23.8, 45.8
2019-02-19, 22:37:33, 23.82, 45.8
2019-02-19, 22:37:34, 23.81, 45.8
2019-02-19, 22:37:36, 23.82, 45.77
2019-02-19, 22:37:37, 23.8, 45.77
2019-02-19, 22:37:39, 23.8, 45.77
2019-02-19, 22:37:40, 23.82, 45.77
2019-02-19, 22:37:41, 23.8, 45.8
2019-02-19, 22:37:43, 23.8, 45.77
2019-02-19, 22:37:44, 23.8, 45.77
2019-02-19, 22:37:45, 23.8, 45.8
2019-02-19, 22:37:47, 23.78, 45.8
2019-02-19, 22:37:48, 23.8, 45.8
2019-02-19, 22:37:50, 23.8, 45.8
2019-02-19, 22:37:51, 23.8, 45.8
2019-02-19, 22:37:52, 23.79, 45.8
2019-02-19, 22:37:54, 23.8, 45.8
2019-02-19, 22:37:55, 23.81, 45.8
2019-02-19, 22:37:56, 23.8, 45.8
2019-02-19, 22:37:58, 23.8, 45.8
2019-02-19, 22:37:59, 23.79, 45.8
2019-02-19, 22:38:00, 23.78, 45.77
2019-02-19, 22:38:02, 23.63, 45.78
2019-02-19, 22:38:03, 23.74, 45.83
2019-02-19, 22:38:04, 23.76, 45.86
2019-02-19, 22:38:06, 23.76, 45.86
2019-02-19, 22:38:07, 23.77, 45.86
2019-02-19, 22:38:08, 23.77, 45.86
2019-02-19, 22:38:10, 23.77, 45.83
2019-02-19, 22:38:11, 23.78, 45.83
2019-02-19, 22:38:13, 23.78, 45.83
2019-02-19, 22:38:14, 23.78, 45.83
2019-02-19, 22:38:15, 23.77, 45.83
2019-02-19, 22:38:17, 23.78, 45.83
2019-02-19, 22:38:18, 23.78, 45.83
2019-02-19, 22:38:19, 23.78, 45.8
2019-02-19, 22:38:21, 23.79, 45.8
2019-02-19, 22:38:22, 23.78, 45.8
2019-02-19, 22:38:23, 23.79, 45.8
2019-02-19, 22:38:25, 23.8, 45.8
2019-02-19, 22:38:26, 23.66, 45.79
2019-02-19, 22:38:27, 23.75, 45.86
2019-02-19, 22:38:29, 23.78, 45.86
2019-02-19, 22:38:30, 23.78, 45.86
2019-02-19, 22:38:32, 23.76, 45.86
2019-02-19, 22:38:33, 23.75, 45.83
2019-02-19, 22:38:34, 23.76, 45.83
2019-02-19, 22:38:36, 23.78, 45.8
2019-02-19, 22:38:37, 23.78, 45.8
2019-02-19, 22:38:38, 23.78, 45.8
2019-02-19, 22:38:40, 23.78, 45.8
2019-02-19, 22:38:41, 23.8, 45.8
2019-02-19, 22:38:42, 23.78, 45.8
2019-02-19, 22:38:44, 23.78, 45.8
2019-02-19, 22:38:45, 23.8, 45.8
2019-02-19, 22:38:47, 23.78, 45.8
2019-02-19, 22:38:48, 23.78, 45.8
2019-02-19, 22:38:49, 23.78, 45.8
2019-02-19, 22:38:51, 23.79, 45.8
2019-02-19, 22:38:52, 23.79, 45.8
2019-02-19, 22:38:53, 23.79, 45.8
2019-02-19, 22:38:55, 23.79, 45.8
2019-02-19, 22:38:56, 23.64, 45.82
2019-02-19, 22:38:57, 23.74, 45.86
2019-02-19, 22:38:59, 23.77, 45.86
2019-02-19, 22:39:00, 23.77, 45.86
2019-02-19, 22:39:01, 23.78, 45.83
2019-02-19, 22:39:03, 23.78, 45.86
2019-02-19, 22:39:04, 23.78, 45.83
2019-02-19, 22:39:05, 23.8, 45.8
2019-02-19, 22:39:07, 23.79, 45.8
2019-02-19, 22:39:08, 23.8, 45.8
2019-02-19, 22:39:10, 23.8, 45.8
2019-02-19, 22:39:11, 23.8, 45.8
2019-02-19, 22:39:12, 23.79, 45.8
2019-02-19, 22:39:14, 23.79, 45.8
2019-02-19, 22:39:15, 23.8, 45.8
2019-02-19, 22:39:16, 23.81, 45.77
2019-02-19, 22:39:18, 23.8, 45.8
2019-02-19, 22:39:19, 23.79, 45.8
2019-02-19, 22:39:20, 23.8, 45.8
2019-02-19, 22:39:22, 23.81, 45.8
2019-02-19, 22:39:23, 23.8, 45.8
2019-02-19, 22:39:24, 23.81, 45.77
2019-02-19, 22:39:26, 23.8, 45.8
2019-02-19, 22:39:27, 23.81, 45.8
2019-02-19, 22:39:28, 23.81, 45.8
2019-02-19, 22:39:30, 23.81, 45.8
2019-02-19, 22:39:31, 23.81, 45.77
2019-02-19, 22:39:33, 23.82, 45.77
2019-02-19, 22:39:34, 23.81, 45.77
2019-02-19, 22:39:35, 23.81, 45.77
2019-02-19, 22:39:37, 23.81, 45.77
2019-02-19, 22:39:38, 23.8, 45.77
2019-02-19, 22:39:39, 23.79, 45.74
2019-02-19, 22:39:41, 23.79, 45.77
2019-02-19, 22:39:42, 23.8, 45.74
2019-02-19, 22:39:43, 23.8, 45.77
2019-02-19, 22:39:45, 23.81, 45.74
2019-02-19, 22:39:46, 23.8, 45.77
2019-02-19, 22:39:47, 23.79, 45.74
2019-02-19, 22:39:49, 23.79, 45.77
2019-02-19, 22:39:50, 23.79, 45.77
2019-02-19, 22:39:52, 23.8, 45.77
2019-02-19, 22:39:53, 23.82, 45.74
2019-02-19, 22:39:54, 23.8, 45.8
2019-02-19, 22:39:56, 23.81, 45.77
2019-02-19, 22:39:57, 23.79, 45.77
2019-02-19, 22:39:58, 23.82, 45.74
2019-02-19, 22:40:00, 23.8, 45.74
2019-02-19, 22:40:01, 23.8, 45.74
2019-02-19, 22:40:02, 23.8, 45.74
2019-02-19, 22:40:04, 23.81, 45.74
2019-02-19, 22:40:05, 23.8, 45.74
2019-02-19, 22:40:06, 23.8, 45.74
2019-02-19, 22:40:08, 23.8, 45.74
2019-02-19, 22:40:09, 23.8, 45.74
2019-02-19, 22:40:11, 23.81, 45.74
2019-02-19, 22:40:12, 23.8, 45.74
2019-02-19, 22:40:13, 23.81, 45.74
2019-02-19, 22:40:15, 23.81, 45.74
2019-02-19, 22:40:16, 23.8, 45.74
2019-02-19, 22:40:17, 23.82, 45.74
2019-02-19, 22:40:19, 23.81, 45.74
2019-02-19, 22:40:20, 23.82, 45.74
2019-02-19, 22:40:21, 23.82, 45.74
2019-02-19, 22:40:23, 23.81, 45.74
2019-02-19, 22:40:24, 23.82, 45.74
2019-02-19, 22:40:25, 23.82, 45.74
2019-02-19, 22:40:27, 23.81, 45.74
2019-02-19, 22:40:28, 23.8, 45.74
2019-02-19, 22:40:29, 23.73, 45.73
2019-02-19, 22:40:31, 23.78, 45.77
2019-02-19, 22:40:32, 23.8, 45.77
2019-02-19, 22:40:34, 23.8, 45.77
2019-02-19, 22:40:35, 23.82, 45.77
2019-02-19, 22:40:36, 23.81, 45.74
2019-02-19, 22:40:38, 23.82, 45.74
2019-02-19, 22:40:39, 23.81, 45.74
2019-02-19, 22:40:40, 23.81, 45.74
2019-02-19, 22:40:42, 23.81, 45.74
2019-02-19, 22:40:43, 23.8, 45.74
2019-02-19, 22:40:44, 23.82, 45.74
2019-02-19, 22:40:46, 23.81, 45.74
2019-02-19, 22:40:47, 23.81, 45.74
2019-02-19, 22:40:48, 23.82, 45.71
2019-02-19, 22:40:50, 23.8, 45.71
2019-02-19, 22:40:51, 23.83, 45.71
2019-02-19, 22:40:52, 23.81, 45.71
2019-02-19, 22:40:54, 23.81, 45.74
2019-02-19, 22:40:55, 23.82, 45.74
2019-02-19, 22:40:57, 23.81, 45.71
2019-02-19, 22:40:58, 23.8, 45.74
2019-02-19, 22:40:59, 23.81, 45.74
2019-02-19, 22:41:01, 23.81, 45.71
2019-02-19, 22:41:02, 23.81, 45.71
2019-02-19, 22:41:03, 23.81, 45.74
2019-02-19, 22:41:05, 23.82, 45.71
2019-02-19, 22:41:06, 23.82, 45.71
2019-02-19, 22:41:07, 23.8, 45.71
2019-02-19, 22:41:09, 23.8, 45.74
2019-02-19, 22:41:10, 23.81, 45.71
2019-02-19, 22:41:11, 23.8, 45.71
2019-02-19, 22:41:13, 23.8, 45.71
2019-02-19, 22:41:14, 23.8, 45.71
2019-02-19, 22:41:16, 23.81, 45.74
2019-02-19, 22:41:17, 23.81, 45.71
2019-02-19, 22:41:18, 23.81, 45.74
2019-02-19, 22:41:20, 23.81, 45.67
2019-02-19, 22:41:21, 23.8, 45.71
2019-02-19, 22:41:22, 23.83, 45.71
2019-02-19, 22:41:24, 23.81, 45.74
2019-02-19, 22:41:25, 23.82, 45.68
2019-02-19, 22:41:26, 23.82, 45.71
2019-02-19, 22:41:28, 23.82, 45.71
2019-02-19, 22:41:29, 23.82, 45.71
2019-02-19, 22:41:30, 23.8, 45.71
2019-02-19, 22:41:32, 23.8, 45.74
2019-02-19, 22:41:33, 23.81, 45.71
2019-02-19, 22:41:35, 23.82, 45.74
2019-02-19, 22:41:36, 23.82, 45.71
2019-02-19, 22:41:37, 23.82, 45.74
2019-02-19, 22:41:39, 23.82, 45.74
2019-02-19, 22:41:40, 23.83, 45.71
2019-02-19, 22:41:41, 23.82, 45.71
2019-02-19, 22:41:43, 23.82, 45.74
2019-02-19, 22:41:44, 23.82, 45.74
2019-02-19, 22:41:45, 23.82, 45.71
2019-02-19, 22:41:47, 23.83, 45.74
2019-02-19, 22:41:48, 23.83, 45.71
2019-02-19, 22:41:49, 23.83, 45.71
2019-02-19, 22:41:51, 23.83, 45.71
2019-02-19, 22:41:52, 23.83, 45.68
2019-02-19, 22:41:54, 23.83, 45.71
2019-02-19, 22:41:55, 23.83, 45.68
2019-02-19, 22:41:56, 23.83, 45.68
2019-02-19, 22:41:58, 23.84, 45.68
2019-02-19, 22:41:59, 23.69, 45.72
2019-02-19, 22:42:00, 23.78, 45.77
2019-02-19, 22:42:02, 23.8, 45.77
2019-02-19, 22:42:03, 23.79, 45.74
2019-02-19, 22:42:04, 23.82, 45.74
2019-02-19, 22:42:06, 23.82, 45.77
2019-02-19, 22:42:07, 23.82, 45.74
2019-02-19, 22:42:08, 23.82, 45.74
2019-02-19, 22:42:10, 23.82, 45.74
2019-02-19, 22:42:11, 23.82, 45.74
2019-02-19, 22:42:13, 23.82, 45.71
2019-02-19, 22:42:14, 23.81, 45.71
2019-02-19, 22:42:15, 23.83, 45.71
2019-02-19, 22:42:17, 23.82, 45.71
2019-02-19, 22:42:18, 23.82, 45.74
2019-02-19, 22:42:19, 23.82, 45.74
2019-02-19, 22:42:21, 23.84, 45.74
2019-02-19, 22:42:22, 23.83, 45.71
2019-02-19, 22:42:23, 23.82, 45.74
2019-02-19, 22:42:25, 23.81, 45.71
2019-02-19, 22:42:26, 23.82, 45.68
2019-02-19, 22:42:27, 23.84, 45.71
2019-02-19, 22:42:29, 23.84, 45.68
2019-02-19, 22:42:30, 23.83, 45.71
2019-02-19, 22:42:32, 23.82, 45.68
2019-02-19, 22:42:33, 23.84, 45.68
2019-02-19, 22:42:34, 23.82, 45.71
2019-02-19, 22:42:36, 23.83, 45.71
2019-02-19, 22:42:37, 23.83, 45.68
2019-02-19, 22:42:38, 23.83, 45.68
2019-02-19, 22:42:40, 23.82, 45.71
2019-02-19, 22:42:41, 23.82, 45.68
2019-02-19, 22:42:42, 23.83, 45.71
2019-02-19, 22:42:44, 23.83, 45.68
2019-02-19, 22:42:45, 23.83, 45.68
2019-02-19, 22:42:47, 23.84, 45.68
2019-02-19, 22:42:48, 23.83, 45.68
2019-02-19, 22:42:49, 23.84, 45.68
2019-02-19, 22:42:51, 23.84, 45.68
2019-02-19, 22:42:52, 23.84, 45.68
2019-02-19, 22:42:53, 23.68, 45.66
2019-02-19, 22:42:55, 23.78, 45.74
2019-02-19, 22:42:56, 23.8, 45.74
2019-02-19, 22:42:57, 23.81, 45.74
2019-02-19, 22:42:59, 23.81, 45.74
2019-02-19, 22:43:00, 23.83, 45.74
2019-02-19, 22:43:01, 23.82, 45.74
2019-02-19, 22:43:03, 23.81, 45.71
2019-02-19, 22:43:04, 23.82, 45.71
2019-02-19, 22:43:06, 23.82, 45.74
2019-02-19, 22:43:07, 23.84, 45.71
2019-02-19, 22:43:08, 23.84, 45.71
2019-02-19, 22:43:10, 23.83, 45.71
2019-02-19, 22:43:11, 23.84, 45.68
2019-02-19, 22:43:12, 23.84, 45.68
2019-02-19, 22:43:14, 23.83, 45.68
2019-02-19, 22:43:15, 23.85, 45.68
2019-02-19, 22:43:16, 23.85, 45.68
2019-02-19, 22:43:18, 23.86, 45.68
2019-02-19, 22:43:19, 23.85, 45.68
2019-02-19, 22:43:20, 23.85, 45.68
2019-02-19, 22:43:22, 23.85, 45.68
2019-02-19, 22:43:23, 23.85, 45.65
2019-02-19, 22:43:25, 23.85, 45.68
2019-02-19, 22:43:26, 23.85, 45.65
2019-02-19, 22:43:27, 23.84, 45.65
2019-02-19, 22:43:29, 23.84, 45.65
2019-02-19, 22:43:30, 23.83, 45.65
2019-02-19, 22:43:31, 23.85, 45.62
2019-02-19, 22:43:33, 23.84, 45.61
2019-02-19, 22:43:34, 23.85, 45.62
2019-02-19, 22:43:35, 23.85, 45.65
2019-02-19, 22:43:37, 23.85, 45.62
2019-02-19, 22:43:38, 23.85, 45.62
2019-02-19, 22:43:39, 23.87, 45.62
2019-02-19, 22:43:41, 23.86, 45.62
2019-02-19, 22:43:42, 23.86, 45.62
2019-02-19, 22:43:43, 23.86, 45.62
2019-02-19, 22:43:45, 23.86, 45.62
2019-02-19, 22:43:46, 23.87, 45.62
2019-02-19, 22:43:48, 23.86, 45.62
2019-02-19, 22:43:49, 23.85, 45.62
2019-02-19, 22:43:50, 23.86, 45.62
2019-02-19, 22:43:52, 23.86, 45.62
2019-02-19, 22:43:53, 23.86, 45.62
2019-02-19, 22:43:54, 23.86, 45.62
2019-02-19, 22:43:56, 23.86, 45.62
2019-02-19, 22:43:57, 23.86, 45.62
2019-02-19, 22:43:58, 23.86, 45.62
2019-02-19, 22:44:00, 23.86, 45.62
2019-02-19, 22:44:01, 23.86, 45.62
2019-02-19, 22:44:02, 23.86, 45.58
2019-02-19, 22:44:04, 23.86, 45.58
2019-02-19, 22:44:05, 23.85, 45.58
2019-02-19, 22:44:07, 23.86, 45.58
2019-02-19, 22:44:08, 23.86, 45.58
2019-02-19, 22:44:09, 23.86, 45.62
2019-02-19, 22:44:11, 23.86, 45.62
2019-02-19, 22:44:12, 23.86, 45.62
2019-02-19, 22:44:13, 23.86, 45.62
2019-02-19, 22:44:15, 23.86, 45.58
2019-02-19, 22:44:16, 23.86, 45.58
2019-02-19, 22:44:17, 23.86, 45.58
2019-02-19, 22:44:19, 23.86, 45.58
2019-02-19, 22:44:20, 23.86, 45.58
2019-02-19, 22:44:21, 23.86, 45.58
2019-02-19, 22:44:23, 23.86, 45.55
2019-02-19, 22:44:24, 23.86, 45.55
2019-02-19, 22:44:25, 23.86, 45.58
2019-02-19, 22:44:27, 23.8, 45.58
2019-02-19, 22:44:28, 23.86, 45.62
2019-02-19, 22:44:30, 23.86, 45.62
2019-02-19, 22:44:31, 23.84, 45.61
2019-02-19, 22:44:32, 23.86, 45.62
2019-02-19, 22:44:34, 23.86, 45.58
2019-02-19, 22:44:35, 23.86, 45.58
2019-02-19, 22:44:36, 23.86, 45.62
2019-02-19, 22:44:38, 23.86, 45.58
2019-02-19, 22:44:39, 23.86, 45.58
2019-02-19, 22:44:40, 23.86, 45.58
2019-02-19, 22:44:42, 23.88, 45.59
2019-02-19, 22:44:43, 23.87, 45.59
2019-02-19, 22:44:44, 23.87, 45.55
2019-02-19, 22:44:46, 23.86, 45.55
2019-02-19, 22:44:47, 23.87, 45.59
2019-02-19, 22:44:49, 23.86, 45.58
2019-02-19, 22:44:50, 23.86, 45.58
2019-02-19, 22:44:51, 23.86, 45.58
2019-02-19, 22:44:53, 23.87, 45.59
2019-02-19, 22:44:54, 23.88, 45.62
2019-02-19, 22:44:55, 23.88, 45.62
2019-02-19, 22:44:57, 23.86, 45.62
2019-02-19, 22:44:58, 23.87, 45.62
2019-02-19, 22:44:59, 23.88, 45.62
2019-02-19, 22:45:01, 23.86, 45.58
2019-02-19, 22:45:02, 23.87, 45.59
2019-02-19, 22:45:03, 23.88, 45.59
2019-02-19, 22:45:05, 23.86, 45.62
2019-02-19, 22:45:06, 23.88, 45.62
2019-02-19, 22:45:07, 23.86, 45.58
2019-02-19, 22:45:09, 23.88, 45.62
2019-02-19, 22:45:10, 23.88, 45.59
2019-02-19, 22:45:12, 23.87, 45.59
2019-02-19, 22:45:13, 23.88, 45.62
2019-02-19, 22:45:14, 23.88, 45.59
2019-02-19, 22:45:16, 23.87, 45.59
2019-02-19, 22:45:17, 23.87, 45.59
2019-02-19, 22:45:18, 23.87, 45.59
2019-02-19, 22:45:20, 23.88, 45.59
2019-02-19, 22:45:21, 23.82, 45.58
2019-02-19, 22:45:22, 23.85, 45.58
2019-02-19, 22:45:24, 23.87, 45.62
2019-02-19, 22:45:25, 23.86, 45.62
2019-02-19, 22:45:26, 23.87, 45.59
2019-02-19, 22:45:28, 23.88, 45.62
2019-02-19, 22:45:29, 23.87, 45.62
2019-02-19, 22:45:31, 23.88, 45.62
2019-02-19, 22:45:32, 23.86, 45.62
2019-02-19, 22:45:33, 23.85, 45.62
2019-02-19, 22:45:35, 23.87, 45.62
2019-02-19, 22:45:36, 23.85, 45.62
2019-02-19, 22:45:37, 23.85, 45.62
2019-02-19, 22:45:39, 23.86, 45.62
2019-02-19, 22:45:40, 23.86, 45.62
2019-02-19, 22:45:41, 23.86, 45.62
2019-02-19, 22:45:43, 23.86, 45.62
2019-02-19, 22:45:44, 23.86, 45.58
2019-02-19, 22:45:45, 23.87, 45.59
2019-02-19, 22:45:47, 23.86, 45.58
2019-02-19, 22:45:48, 23.86, 45.58
2019-02-19, 22:45:50, 23.86, 45.58
2019-02-19, 22:45:51, 23.78, 45.57
2019-02-19, 22:45:52, 23.83, 45.58
2019-02-19, 22:45:54, 23.85, 45.62
2019-02-19, 22:45:55, 23.85, 45.62
2019-02-19, 22:45:56, 23.84, 45.58
2019-02-19, 22:45:58, 23.85, 45.58
2019-02-19, 22:45:59, 23.86, 45.58
2019-02-19, 22:46:00, 23.84, 45.58
2019-02-19, 22:46:02, 23.85, 45.58
2019-02-19, 22:46:03, 23.86, 45.55
2019-02-19, 22:46:05, 23.86, 45.58
2019-02-19, 22:46:06, 23.86, 45.58
2019-02-19, 22:46:07, 23.86, 45.58
2019-02-19, 22:46:09, 23.87, 45.59
2019-02-19, 22:46:10, 23.86, 45.58
2019-02-19, 22:46:11, 23.87, 45.59
2019-02-19, 22:46:13, 23.88, 45.59
2019-02-19, 22:46:14, 23.87, 45.55
2019-02-19, 22:46:15, 23.86, 45.58
2019-02-19, 22:46:17, 23.86, 45.58
2019-02-19, 22:46:18, 23.87, 45.59
2019-02-19, 22:46:19, 23.88, 45.59
2019-02-19, 22:46:21, 23.76, 45.6
2019-02-19, 22:46:22, 23.84, 45.61
2019-02-19, 22:46:23, 23.86, 45.65
2019-02-19, 22:46:25, 23.86, 45.65
2019-02-19, 22:46:26, 23.85, 45.62
2019-02-19, 22:46:28, 23.86, 45.62
2019-02-19, 22:46:29, 23.85, 45.62
2019-02-19, 22:46:30, 23.85, 45.62
2019-02-19, 22:46:32, 23.86, 45.62
2019-02-19, 22:46:33, 23.86, 45.62
2019-02-19, 22:46:34, 23.86, 45.62
2019-02-19, 22:46:36, 23.88, 45.62
2019-02-19, 22:46:37, 23.87, 45.62
2019-02-19, 22:46:38, 23.87, 45.59
2019-02-19, 22:46:40, 23.87, 45.59
2019-02-19, 22:46:41, 23.87, 45.62
2019-02-19, 22:46:42, 23.88, 45.62
2019-02-19, 22:46:44, 23.86, 45.62
2019-02-19, 22:46:45, 23.87, 45.59
2019-02-19, 22:46:47, 23.88, 45.59
2019-02-19, 22:46:48, 23.86, 45.58
2019-02-19, 22:46:49, 23.86, 45.58
2019-02-19, 22:46:51, 23.73, 45.6
2019-02-19, 22:46:52, 23.82, 45.68
2019-02-19, 22:46:53, 23.84, 45.68
2019-02-19, 22:46:55, 23.86, 45.68
2019-02-19, 22:46:56, 23.86, 45.68
2019-02-19, 22:46:57, 23.86, 45.65
2019-02-19, 22:46:59, 23.86, 45.65
2019-02-19, 22:47:00, 23.87, 45.65
2019-02-19, 22:47:01, 23.88, 45.62
2019-02-19, 22:47:03, 23.87, 45.62
2019-02-19, 22:47:04, 23.87, 45.62
2019-02-19, 22:47:06, 23.87, 45.59
2019-02-19, 22:47:07, 23.88, 45.62
2019-02-19, 22:47:08, 23.86, 45.62
2019-02-19, 22:47:10, 23.86, 45.62
2019-02-19, 22:47:11, 23.85, 45.62
2019-02-19, 22:47:12, 23.86, 45.62
2019-02-19, 22:47:14, 23.87, 45.59
2019-02-19, 22:47:15, 23.87, 45.59
2019-02-19, 22:47:16, 23.86, 45.58
2019-02-19, 22:47:18, 23.86, 45.58
2019-02-19, 22:47:19, 23.86, 45.58
2019-02-19, 22:47:20, 23.71, 45.63
2019-02-19, 22:47:22, 23.8, 45.67
2019-02-19, 22:47:23, 23.83, 45.68
2019-02-19, 22:47:25, 23.85, 45.68
2019-02-19, 22:47:26, 23.85, 45.68
2019-02-19, 22:47:27, 23.84, 45.65
2019-02-19, 22:47:29, 23.86, 45.65
2019-02-19, 22:47:30, 23.86, 45.62
2019-02-19, 22:47:31, 23.86, 45.62
2019-02-19, 22:47:33, 23.85, 45.62
2019-02-19, 22:47:34, 23.86, 45.62
2019-02-19, 22:47:35, 23.86, 45.62
2019-02-19, 22:47:37, 23.87, 45.62
2019-02-19, 22:47:38, 23.86, 45.58
2019-02-19, 22:47:39, 23.86, 45.58
2019-02-19, 22:47:41, 23.88, 45.59
2019-02-19, 22:47:42, 23.86, 45.58
2019-02-19, 22:47:43, 23.86, 45.58
2019-02-19, 22:47:45, 23.86, 45.58
2019-02-19, 22:47:46, 23.86, 45.58
2019-02-19, 22:47:48, 23.86, 45.62
2019-02-19, 22:47:49, 23.86, 45.62
2019-02-19, 22:47:50, 23.85, 45.62
2019-02-19, 22:47:52, 23.85, 45.58
2019-02-19, 22:47:53, 23.87, 45.59
2019-02-19, 22:47:54, 23.81, 45.58
2019-02-19, 22:47:56, 23.85, 45.62
2019-02-19, 22:47:57, 23.86, 45.62
2019-02-19, 22:47:58, 23.86, 45.62
2019-02-19, 22:48:00, 23.86, 45.62
2019-02-19, 22:48:01, 23.85, 45.62
2019-02-19, 22:48:02, 23.85, 45.62
2019-02-19, 22:48:04, 23.86, 45.62
2019-02-19, 22:48:05, 23.87, 45.62
2019-02-19, 22:48:06, 23.87, 45.62
2019-02-19, 22:48:08, 23.86, 45.58
2019-02-19, 22:48:09, 23.87, 45.59
2019-02-19, 22:48:11, 23.87, 45.59
2019-02-19, 22:48:12, 23.86, 45.58
2019-02-19, 22:48:13, 23.86, 45.58
2019-02-19, 22:48:15, 23.85, 45.58
2019-02-19, 22:48:16, 23.86, 45.58
2019-02-19, 22:48:17, 23.88, 45.59
2019-02-19, 22:48:19, 23.87, 45.59
2019-02-19, 22:48:20, 23.86, 45.58
2019-02-19, 22:48:21, 23.87, 45.55
2019-02-19, 22:48:23, 23.86, 45.58
2019-02-19, 22:48:24, 23.77, 45.54
2019-02-19, 22:48:25, 23.84, 45.61
2019-02-19, 22:48:27, 23.83, 45.61
2019-02-19, 22:48:28, 23.84, 45.61
2019-02-19, 22:48:30, 23.85, 45.62
2019-02-19, 22:48:31, 23.85, 45.62
2019-02-19, 22:48:32, 23.85, 45.62
2019-02-19, 22:48:34, 23.84, 45.61
2019-02-19, 22:48:35, 23.86, 45.62
2019-02-19, 22:48:36, 23.85, 45.62
2019-02-19, 22:48:38, 23.85, 45.62
2019-02-19, 22:48:39, 23.84, 45.61
2019-02-19, 22:48:40, 23.85, 45.62
2019-02-19, 22:48:42, 23.84, 45.61
2019-02-19, 22:48:43, 23.86, 45.62
2019-02-19, 22:48:44, 23.85, 45.62
2019-02-19, 22:48:46, 23.85, 45.62
2019-02-19, 22:48:47, 23.84, 45.61
2019-02-19, 22:48:48, 23.83, 45.61
2019-02-19, 22:48:50, 23.84, 45.61
2019-02-19, 22:48:51, 23.84, 45.61
2019-02-19, 22:48:53, 23.84, 45.61
2019-02-19, 22:48:54, 23.76, 45.6
2019-02-19, 22:48:55, 23.83, 45.61
2019-02-19, 22:48:57, 23.84, 45.65
2019-02-19, 22:48:58, 23.84, 45.61
2019-02-19, 22:48:59, 23.84, 45.65
2019-02-19, 22:49:01, 23.85, 45.65
2019-02-19, 22:49:02, 23.85, 45.62
2019-02-19, 22:49:03, 23.84, 45.65
2019-02-19, 22:49:05, 23.84, 45.61
2019-02-19, 22:49:06, 23.85, 45.65
2019-02-19, 22:49:07, 23.84, 45.61
2019-02-19, 22:49:09, 23.85, 45.65
2019-02-19, 22:49:10, 23.85, 45.62
2019-02-19, 22:49:12, 23.84, 45.65
2019-02-19, 22:49:13, 23.84, 45.65
2019-02-19, 22:49:14, 23.84, 45.61
2019-02-19, 22:49:16, 23.84, 45.61
2019-02-19, 22:49:17, 23.84, 45.65
2019-02-19, 22:49:18, 23.83, 45.61
2019-02-19, 22:49:20, 23.84, 45.61
2019-02-19, 22:49:21, 23.83, 45.65
2019-02-19, 22:49:22, 23.84, 45.61
2019-02-19, 22:49:24, 23.84, 45.65
2019-02-19, 22:49:25, 23.84, 45.65
2019-02-19, 22:49:26, 23.84, 45.65
2019-02-19, 22:49:28, 23.85, 45.65
2019-02-19, 22:49:29, 23.85, 45.68
2019-02-19, 22:49:31, 23.85, 45.68
2019-02-19, 22:49:32, 23.83, 45.68
2019-02-19, 22:49:33, 23.85, 45.65
2019-02-19, 22:49:35, 23.84, 45.68
2019-02-19, 22:49:36, 23.82, 45.64
2019-02-19, 22:49:37, 23.85, 45.65
2019-02-19, 22:49:39, 23.83, 45.65
2019-02-19, 22:49:40, 23.83, 45.65
2019-02-19, 22:49:41, 23.84, 45.68
2019-02-19, 22:49:43, 23.84, 45.61
2019-02-19, 22:49:44, 23.84, 45.65
2019-02-19, 22:49:45, 23.82, 45.61
2019-02-19, 22:49:47, 23.83, 45.65
2019-02-19, 22:49:48, 23.83, 45.61
2019-02-19, 22:49:49, 23.84, 45.65
2019-02-19, 22:49:51, 23.83, 45.65
2019-02-19, 22:49:52, 23.84, 45.65
2019-02-19, 22:49:54, 23.82, 45.64
2019-02-19, 22:49:55, 23.82, 45.64
2019-02-19, 22:49:56, 23.84, 45.65
2019-02-19, 22:49:58, 23.83, 45.65
2019-02-19, 22:49:59, 23.84, 45.65
2019-02-19, 22:50:00, 23.84, 45.65
2019-02-19, 22:50:02, 23.83, 45.68
2019-02-19, 22:50:03, 23.82, 45.61
2019-02-19, 22:50:04, 23.82, 45.64
2019-02-19, 22:50:06, 23.82, 45.64
2019-02-19, 22:50:07, 23.83, 45.65
2019-02-19, 22:50:08, 23.82, 45.68
2019-02-19, 22:50:10, 23.83, 45.65
2019-02-19, 22:50:11, 23.82, 45.68
2019-02-19, 22:50:12, 23.83, 45.68
2019-02-19, 22:50:14, 23.83, 45.68
2019-02-19, 22:50:15, 23.82, 45.68
2019-02-19, 22:50:17, 23.83, 45.68
2019-02-19, 22:50:18, 23.81, 45.67
2019-02-19, 22:50:19, 23.84, 45.68
2019-02-19, 22:50:21, 23.82, 45.68
2019-02-19, 22:50:22, 23.83, 45.68
2019-02-19, 22:50:23, 23.83, 45.68
2019-02-19, 22:50:25, 23.83, 45.68
2019-02-19, 22:50:26, 23.84, 45.68
2019-02-19, 22:50:27, 23.84, 45.68
2019-02-19, 22:50:29, 23.83, 45.68
2019-02-19, 22:50:30, 23.83, 45.68
2019-02-19, 22:50:31, 23.82, 45.68
2019-02-19, 22:50:33, 23.82, 45.71
2019-02-19, 22:50:34, 23.84, 45.68
2019-02-19, 22:50:35, 23.83, 45.68
2019-02-19, 22:50:37, 23.84, 45.68
2019-02-19, 22:50:38, 23.83, 45.68
2019-02-19, 22:50:40, 23.84, 45.68
2019-02-19, 22:50:41, 23.83, 45.68
2019-02-19, 22:50:42, 23.83, 45.68
2019-02-19, 22:50:44, 23.83, 45.68
2019-02-19, 22:50:45, 23.82, 45.68
2019-02-19, 22:50:46, 23.82, 45.71
2019-02-19, 22:50:48, 23.72, 45.66
2019-02-19, 22:50:49, 23.78, 45.7
2019-02-19, 22:50:50, 23.8, 45.74
2019-02-19, 22:50:52, 23.8, 45.74
2019-02-19, 22:50:53, 23.65, 45.72
2019-02-19, 22:50:54, 23.76, 45.8
2019-02-19, 22:50:56, 23.77, 45.8
2019-02-19, 22:50:57, 23.78, 45.8
2019-02-19, 22:50:58, 23.8, 45.77
2019-02-19, 22:51:00, 23.8, 45.74
2019-02-19, 22:51:01, 23.8, 45.74
2019-02-19, 22:51:03, 23.8, 45.74
2019-02-19, 22:51:04, 23.79, 45.7
2019-02-19, 22:51:05, 23.81, 45.71
2019-02-19, 22:51:07, 23.81, 45.74
2019-02-19, 22:51:08, 23.8, 45.67
2019-02-19, 22:51:09, 23.81, 45.71
2019-02-19, 22:51:11, 23.81, 45.71
2019-02-19, 22:51:12, 23.81, 45.71
2019-02-19, 22:51:13, 23.8, 45.71
2019-02-19, 22:51:15, 23.82, 45.71
2019-02-19, 22:51:16, 23.82, 45.71
2019-02-19, 22:51:17, 23.7, 45.66
2019-02-19, 22:51:19, 23.76, 45.73
2019-02-19, 22:51:20, 23.79, 45.74
2019-02-19, 22:51:22, 23.8, 45.74
2019-02-19, 22:51:23, 23.8, 45.74
2019-02-19, 22:51:24, 23.8, 45.74
2019-02-19, 22:51:26, 23.81, 45.74
2019-02-19, 22:51:27, 23.81, 45.71
2019-02-19, 22:51:28, 23.8, 45.71
2019-02-19, 22:51:30, 23.8, 45.71
2019-02-19, 22:51:31, 23.8, 45.67
2019-02-19, 22:51:32, 23.81, 45.67
2019-02-19, 22:51:34, 23.8, 45.71
2019-02-19, 22:51:35, 23.8, 45.71
2019-02-19, 22:51:36, 23.8, 45.71
2019-02-19, 22:51:38, 23.8, 45.71
2019-02-19, 22:51:39, 23.8, 45.71
2019-02-19, 22:51:40, 23.81, 45.71
2019-02-19, 22:51:42, 23.8, 45.71
2019-02-19, 22:51:43, 23.8, 45.67
2019-02-19, 22:51:45, 23.8, 45.71
2019-02-19, 22:51:46, 23.82, 45.71
2019-02-19, 22:51:47, 23.81, 45.71
2019-02-19, 22:51:49, 23.82, 45.71
2019-02-19, 22:51:50, 23.8, 45.71
2019-02-19, 22:51:51, 23.81, 45.67
2019-02-19, 22:51:53, 23.81, 45.71
2019-02-19, 22:51:54, 23.8, 45.71
2019-02-19, 22:51:55, 23.8, 45.71
2019-02-19, 22:51:57, 23.8, 45.71
2019-02-19, 22:51:58, 23.8, 45.71
2019-02-19, 22:51:59, 23.8, 45.71
2019-02-19, 22:52:01, 23.79, 45.7
2019-02-19, 22:52:02, 23.79, 45.7
2019-02-19, 22:52:03, 23.81, 45.67
2019-02-19, 22:52:05, 23.8, 45.71
2019-02-19, 22:52:06, 23.81, 45.67
2019-02-19, 22:52:08, 23.8, 45.71
2019-02-19, 22:52:09, 23.8, 45.67
2019-02-19, 22:52:10, 23.81, 45.71
2019-02-19, 22:52:12, 23.8, 45.71
2019-02-19, 22:52:13, 23.8, 45.67
2019-02-19, 22:52:14, 23.79, 45.7
2019-02-19, 22:52:16, 23.8, 45.71
2019-02-19, 22:52:17, 23.66, 45.72
2019-02-19, 22:52:18, 23.75, 45.8
2019-02-19, 22:52:20, 23.78, 45.8
2019-02-19, 22:52:21, 23.75, 45.8
2019-02-19, 22:52:22, 23.78, 45.8
2019-02-19, 22:52:24, 23.78, 45.8
2019-02-19, 22:52:25, 23.8, 45.77
2019-02-19, 22:52:26, 23.79, 45.77
2019-02-19, 22:52:28, 23.78, 45.77
2019-02-19, 22:52:29, 23.79, 45.74
2019-02-19, 22:52:31, 23.79, 45.77
2019-02-19, 22:52:32, 23.78, 45.74
2019-02-19, 22:52:33, 23.78, 45.74
2019-02-19, 22:52:35, 23.78, 45.74
2019-02-19, 22:52:36, 23.79, 45.74
2019-02-19, 22:52:37, 23.79, 45.74
2019-02-19, 22:52:39, 23.8, 45.74
2019-02-19, 22:52:40, 23.8, 45.74
2019-02-19, 22:52:41, 23.8, 45.74
2019-02-19, 22:52:43, 23.8, 45.74
2019-02-19, 22:52:44, 23.8, 45.74
2019-02-19, 22:52:45, 23.8, 45.74
2019-02-19, 22:52:47, 23.8, 45.74
2019-02-19, 22:52:48, 23.79, 45.74
2019-02-19, 22:52:49, 23.77, 45.73
2019-02-19, 22:52:51, 23.76, 45.73
2019-02-19, 22:52:52, 23.78, 45.74
2019-02-19, 22:52:54, 23.78, 45.74
2019-02-19, 22:52:55, 23.78, 45.74
2019-02-19, 22:52:56, 23.78, 45.74
2019-02-19, 22:52:58, 23.78, 45.74
2019-02-19, 22:52:59, 23.77, 45.73
2019-02-19, 22:53:00, 23.78, 45.74
2019-02-19, 22:53:02, 23.78, 45.77
2019-02-19, 22:53:03, 23.78, 45.77
2019-02-19, 22:53:04, 23.78, 45.77
2019-02-19, 22:53:06, 23.79, 45.74
2019-02-19, 22:53:07, 23.78, 45.74
2019-02-19, 22:53:08, 23.78, 45.74
2019-02-19, 22:53:10, 23.78, 45.77
2019-02-19, 22:53:11, 23.79, 45.74
2019-02-19, 22:53:13, 23.78, 45.77
2019-02-19, 22:53:14, 23.78, 45.74
2019-02-19, 22:53:15, 23.78, 45.74
2019-02-19, 22:53:17, 23.61, 45.78
2019-02-19, 22:53:18, 23.72, 45.86
2019-02-19, 22:53:19, 23.74, 45.86
2019-02-19, 22:53:21, 23.75, 45.83
2019-02-19, 22:53:22, 23.76, 45.83
2019-02-19, 22:53:23, 23.75, 45.83
2019-02-19, 22:53:25, 23.77, 45.83
2019-02-19, 22:53:26, 23.76, 45.83
2019-02-19, 22:53:27, 23.76, 45.8
2019-02-19, 22:53:29, 23.76, 45.8
2019-02-19, 22:53:30, 23.76, 45.8
2019-02-19, 22:53:31, 23.76, 45.8
2019-02-19, 22:53:33, 23.76, 45.8
2019-02-19, 22:53:34, 23.76, 45.8
2019-02-19, 22:53:36, 23.77, 45.8
2019-02-19, 22:53:37, 23.76, 45.8
2019-02-19, 22:53:38, 23.78, 45.8
2019-02-19, 22:53:40, 23.77, 45.8
2019-02-19, 22:53:41, 23.77, 45.8
2019-02-19, 22:53:42, 23.78, 45.8
2019-02-19, 22:53:44, 23.76, 45.8
2019-02-19, 22:53:45, 23.76, 45.8
2019-02-19, 22:53:46, 23.77, 45.8
2019-02-19, 22:53:48, 23.77, 45.8
2019-02-19, 22:53:49, 23.77, 45.8
2019-02-19, 22:53:50, 23.77, 45.8
2019-02-19, 22:53:52, 23.76, 45.8
2019-02-19, 22:53:53, 23.76, 45.8
2019-02-19, 22:53:54, 23.76, 45.8
2019-02-19, 22:53:56, 23.76, 45.77
2019-02-19, 22:53:57, 23.76, 45.8
2019-02-19, 22:53:59, 23.76, 45.8
2019-02-19, 22:54:00, 23.77, 45.8
2019-02-19, 22:54:01, 23.76, 45.8
2019-02-19, 22:54:03, 23.76, 45.8
2019-02-19, 22:54:04, 23.75, 45.76
2019-02-19, 22:54:05, 23.74, 45.76
2019-02-19, 22:54:07, 23.76, 45.8
2019-02-19, 22:54:08, 23.76, 45.77
2019-02-19, 22:54:09, 23.77, 45.77
2019-02-19, 22:54:11, 23.76, 45.77
2019-02-19, 22:54:12, 23.76, 45.77
2019-02-19, 22:54:13, 23.76, 45.77
2019-02-19, 22:54:15, 23.77, 45.77
2019-02-19, 22:54:16, 23.76, 45.77
2019-02-19, 22:54:18, 23.76, 45.77
2019-02-19, 22:54:19, 23.76, 45.8
2019-02-19, 22:54:20, 23.66, 45.79
2019-02-19, 22:54:22, 23.74, 45.8
2019-02-19, 22:54:23, 23.74, 45.83
2019-02-19, 22:54:24, 23.75, 45.8
2019-02-19, 22:54:26, 23.74, 45.8
2019-02-19, 22:54:27, 23.75, 45.83
2019-02-19, 22:54:28, 23.75, 45.8
2019-02-19, 22:54:30, 23.75, 45.8
2019-02-19, 22:54:31, 23.74, 45.8
2019-02-19, 22:54:32, 23.75, 45.8
2019-02-19, 22:54:34, 23.74, 45.8
2019-02-19, 22:54:35, 23.74, 45.8
2019-02-19, 22:54:37, 23.76, 45.8
2019-02-19, 22:54:38, 23.75, 45.8
2019-02-19, 22:54:39, 23.75, 45.8
2019-02-19, 22:54:41, 23.76, 45.8
2019-02-19, 22:54:42, 23.75, 45.8
2019-02-19, 22:54:43, 23.74, 45.8
2019-02-19, 22:54:45, 23.73, 45.76
2019-02-19, 22:54:46, 23.74, 45.76
2019-02-19, 22:54:47, 23.74, 45.76
2019-02-19, 22:54:49, 23.76, 45.8
2019-02-19, 22:54:50, 23.75, 45.8
2019-02-19, 22:54:51, 23.74, 45.8
2019-02-19, 22:54:53, 23.74, 45.8
2019-02-19, 22:54:54, 23.74, 45.8
2019-02-19, 22:54:55, 23.76, 45.8
2019-02-19, 22:54:57, 23.76, 45.8
2019-02-19, 22:54:58, 23.75, 45.8
2019-02-19, 22:55:00, 23.76, 45.8
2019-02-19, 22:55:01, 23.77, 45.8
2019-02-19, 22:55:02, 23.76, 45.8
2019-02-19, 22:55:04, 23.76, 45.8
2019-02-19, 22:55:05, 23.75, 45.8
2019-02-19, 22:55:06, 23.76, 45.8
2019-02-19, 22:55:08, 23.77, 45.8
2019-02-19, 22:55:09, 23.76, 45.8
2019-02-19, 22:55:10, 23.76, 45.8
2019-02-19, 22:55:12, 23.74, 45.8
2019-02-19, 22:55:13, 23.76, 45.8
2019-02-19, 22:55:14, 23.76, 45.8
2019-02-19, 22:55:16, 23.77, 45.8
2019-02-19, 22:55:17, 23.76, 45.8
2019-02-19, 22:55:18, 23.76, 45.8
2019-02-19, 22:55:20, 23.76, 45.8
2019-02-19, 22:55:21, 23.76, 45.8
2019-02-19, 22:55:23, 23.76, 45.8
2019-02-19, 22:55:24, 23.74, 45.8
2019-02-19, 22:55:25, 23.76, 45.8
2019-02-19, 22:55:27, 23.76, 45.8
2019-02-19, 22:55:28, 23.76, 45.8
2019-02-19, 22:55:29, 23.77, 45.77
2019-02-19, 22:55:31, 23.75, 45.8
2019-02-19, 22:55:32, 23.76, 45.8
2019-02-19, 22:55:33, 23.75, 45.8
2019-02-19, 22:55:35, 23.76, 45.8
2019-02-19, 22:55:36, 23.76, 45.77
2019-02-19, 22:55:37, 23.76, 45.8
2019-02-19, 22:55:39, 23.76, 45.8
2019-02-19, 22:55:40, 23.76, 45.8
2019-02-19, 22:55:42, 23.77, 45.8
2019-02-19, 22:55:43, 23.77, 45.77
2019-02-19, 22:55:44, 23.69, 45.79
2019-02-19, 22:55:46, 23.75, 45.8
2019-02-19, 22:55:47, 23.74, 45.8
2019-02-19, 22:55:48, 23.76, 45.8
2019-02-19, 22:55:50, 23.62, 45.81
2019-02-19, 22:55:51, 23.71, 45.86
2019-02-19, 22:55:52, 23.73, 45.86
2019-02-19, 22:55:54, 23.73, 45.86
2019-02-19, 22:55:55, 23.73, 45.86
2019-02-19, 22:55:56, 23.72, 45.86
2019-02-19, 22:55:58, 23.74, 45.86
2019-02-19, 22:55:59, 23.73, 45.83
2019-02-19, 22:56:00, 23.74, 45.83
2019-02-19, 22:56:02, 23.75, 45.83
2019-02-19, 22:56:03, 23.74, 45.8
2019-02-19, 22:56:05, 23.76, 45.83
2019-02-19, 22:56:06, 23.76, 45.83
2019-02-19, 22:56:07, 23.75, 45.83
2019-02-19, 22:56:09, 23.76, 45.8
2019-02-19, 22:56:10, 23.75, 45.8
2019-02-19, 22:56:11, 23.76, 45.8
2019-02-19, 22:56:13, 23.76, 45.83
2019-02-19, 22:56:14, 23.66, 45.79
2019-02-19, 22:56:15, 23.73, 45.83
2019-02-19, 22:56:17, 23.74, 45.86
2019-02-19, 22:56:18, 23.75, 45.86
2019-02-19, 22:56:19, 23.74, 45.83
2019-02-19, 22:56:21, 23.75, 45.83
2019-02-19, 22:56:22, 23.75, 45.8
2019-02-19, 22:56:24, 23.75, 45.8
2019-02-19, 22:56:25, 23.74, 45.8
2019-02-19, 22:56:26, 23.74, 45.8
2019-02-19, 22:56:28, 23.76, 45.77
2019-02-19, 22:56:29, 23.74, 45.76
2019-02-19, 22:56:30, 23.76, 45.77
2019-02-19, 22:56:32, 23.75, 45.8
2019-02-19, 22:56:33, 23.75, 45.76
2019-02-19, 22:56:34, 23.75, 45.76
2019-02-19, 22:56:36, 23.75, 45.8
2019-02-19, 22:56:37, 23.74, 45.76
2019-02-19, 22:56:38, 23.73, 45.79
2019-02-19, 22:56:40, 23.74, 45.8
2019-02-19, 22:56:41, 23.75, 45.8
2019-02-19, 22:56:42, 23.76, 45.8
2019-02-19, 22:56:44, 23.64, 45.78
2019-02-19, 22:56:45, 23.72, 45.86
2019-02-19, 22:56:47, 23.73, 45.86
2019-02-19, 22:56:48, 23.74, 45.86
2019-02-19, 22:56:49, 23.75, 45.83
2019-02-19, 22:56:51, 23.74, 45.83
2019-02-19, 22:56:52, 23.76, 45.83
2019-02-19, 22:56:53, 23.76, 45.83
2019-02-19, 22:56:55, 23.75, 45.83
2019-02-19, 22:56:56, 23.76, 45.83
2019-02-19, 22:56:57, 23.75, 45.83
2019-02-19, 22:56:59, 23.77, 45.83
2019-02-19, 22:57:00, 23.76, 45.86
2019-02-19, 22:57:01, 23.74, 45.83
2019-02-19, 22:57:03, 23.74, 45.83
2019-02-19, 22:57:04, 23.76, 45.83
2019-02-19, 22:57:06, 23.74, 45.83
2019-02-19, 22:57:07, 23.76, 45.83
2019-02-19, 22:57:08, 23.75, 45.8
2019-02-19, 22:57:10, 23.75, 45.83
2019-02-19, 22:57:11, 23.75, 45.83
2019-02-19, 22:57:12, 23.76, 45.83
2019-02-19, 22:57:14, 23.76, 45.8
2019-02-19, 22:57:15, 23.76, 45.8
2019-02-19, 22:57:16, 23.77, 45.8
2019-02-19, 22:57:18, 23.76, 45.8
2019-02-19, 22:57:19, 23.77, 45.8
2019-02-19, 22:57:20, 23.76, 45.8
2019-02-19, 22:57:22, 23.76, 45.8
2019-02-19, 22:57:23, 23.76, 45.8
2019-02-19, 22:57:24, 23.76, 45.83
2019-02-19, 22:57:26, 23.76, 45.8
2019-02-19, 22:57:27, 23.76, 45.8
2019-02-19, 22:57:29, 23.77, 45.8
2019-02-19, 22:57:30, 23.75, 45.83
2019-02-19, 22:57:31, 23.76, 45.8
2019-02-19, 22:57:33, 23.76, 45.83
2019-02-19, 22:57:34, 23.76, 45.83
2019-02-19, 22:57:35, 23.76, 45.83
2019-02-19, 22:57:37, 23.75, 45.83
2019-02-19, 22:57:38, 23.74, 45.83
2019-02-19, 22:57:39, 23.76, 45.83
2019-02-19, 22:57:41, 23.74, 45.83
2019-02-19, 22:57:42, 23.77, 45.8
2019-02-19, 22:57:43, 23.6, 45.84
2019-02-19, 22:57:45, 23.72, 45.89
2019-02-19, 22:57:46, 23.73, 45.89
2019-02-19, 22:57:48, 23.74, 45.89
2019-02-19, 22:57:49, 23.75, 45.89
2019-02-19, 22:57:50, 23.74, 45.86
2019-02-19, 22:57:52, 23.74, 45.86
2019-02-19, 22:57:53, 23.75, 45.86
2019-02-19, 22:57:54, 23.75, 45.86
2019-02-19, 22:57:56, 23.76, 45.86
2019-02-19, 22:57:57, 23.76, 45.86
2019-02-19, 22:57:58, 23.76, 45.86
2019-02-19, 22:58:00, 23.76, 45.86
2019-02-19, 22:58:01, 23.75, 45.86
2019-02-19, 22:58:02, 23.75, 45.83
2019-02-19, 22:58:04, 23.75, 45.83
2019-02-19, 22:58:05, 23.75, 45.83
2019-02-19, 22:58:06, 23.76, 45.83
2019-02-19, 22:58:08, 23.76, 45.83
2019-02-19, 22:58:09, 23.76, 45.83
2019-02-19, 22:58:11, 23.76, 45.8
2019-02-19, 22:58:12, 23.76, 45.83
2019-02-19, 22:58:13, 23.59, 45.84
2019-02-19, 22:58:15, 23.7, 45.92
2019-02-19, 22:58:16, 23.72, 45.92
2019-02-19, 22:58:17, 23.74, 45.92
2019-02-19, 22:58:19, 23.75, 45.92
2019-02-19, 22:58:20, 23.73, 45.92
2019-02-19, 22:58:21, 23.74, 45.89
2019-02-19, 22:58:23, 23.74, 45.86
2019-02-19, 22:58:24, 23.76, 45.89
2019-02-19, 22:58:25, 23.75, 45.86
2019-02-19, 22:58:27, 23.75, 45.86
2019-02-19, 22:58:28, 23.74, 45.86
2019-02-19, 22:58:29, 23.74, 45.86
2019-02-19, 22:58:31, 23.75, 45.86
2019-02-19, 22:58:32, 23.74, 45.86
2019-02-19, 22:58:34, 23.75, 45.86
2019-02-19, 22:58:35, 23.74, 45.86
2019-02-19, 22:58:36, 23.74, 45.83
2019-02-19, 22:58:38, 23.74, 45.83
2019-02-19, 22:58:39, 23.73, 45.86
2019-02-19, 22:58:40, 23.73, 45.83
2019-02-19, 22:58:42, 23.73, 45.83
2019-02-19, 22:58:43, 23.74, 45.83
2019-02-19, 22:58:44, 23.74, 45.83
2019-02-19, 22:58:46, 23.74, 45.83
2019-02-19, 22:58:47, 23.74, 45.83
2019-02-19, 22:58:48, 23.74, 45.83
2019-02-19, 22:58:50, 23.74, 45.83
2019-02-19, 22:58:51, 23.73, 45.83
2019-02-19, 22:58:52, 23.73, 45.83
2019-02-19, 22:58:54, 23.74, 45.83
2019-02-19, 22:58:55, 23.75, 45.83
2019-02-19, 22:58:57, 23.74, 45.83
2019-02-19, 22:58:58, 23.74, 45.86
2019-02-19, 22:58:59, 23.75, 45.86
2019-02-19, 22:59:01, 23.74, 45.86
2019-02-19, 22:59:02, 23.75, 45.86
2019-02-19, 22:59:03, 23.74, 45.83
2019-02-19, 22:59:05, 23.75, 45.86
2019-02-19, 22:59:06, 23.74, 45.86
2019-02-19, 22:59:07, 23.74, 45.83
2019-02-19, 22:59:09, 23.75, 45.86
2019-02-19, 22:59:10, 23.74, 45.83
2019-02-19, 22:59:11, 23.74, 45.83
2019-02-19, 22:59:13, 23.74, 45.83
2019-02-19, 22:59:14, 23.75, 45.86
2019-02-19, 22:59:16, 23.76, 45.86
2019-02-19, 22:59:17, 23.75, 45.83
2019-02-19, 22:59:18, 23.74, 45.83
2019-02-19, 22:59:20, 23.75, 45.86
2019-02-19, 22:59:21, 23.74, 45.86
2019-02-19, 22:59:22, 23.74, 45.86
2019-02-19, 22:59:24, 23.74, 45.86
2019-02-19, 22:59:25, 23.75, 45.86
2019-02-19, 22:59:26, 23.74, 45.86
2019-02-19, 22:59:28, 23.74, 45.86
2019-02-19, 22:59:29, 23.74, 45.83
2019-02-19, 22:59:30, 23.74, 45.86
2019-02-19, 22:59:32, 23.74, 45.83
2019-02-19, 22:59:33, 23.76, 45.86
2019-02-19, 22:59:34, 23.74, 45.83
2019-02-19, 22:59:36, 23.74, 45.83
2019-02-19, 22:59:37, 23.74, 45.86
2019-02-19, 22:59:39, 23.74, 45.83
2019-02-19, 22:59:40, 23.75, 45.86
2019-02-19, 22:59:41, 23.75, 45.86
2019-02-19, 22:59:43, 23.74, 45.86
2019-02-19, 22:59:44, 23.74, 45.83
2019-02-19, 22:59:45, 23.74, 45.86
2019-02-19, 22:59:47, 23.74, 45.83
2019-02-19, 22:59:48, 23.76, 45.86
2019-02-19, 22:59:49, 23.74, 45.83
2019-02-19, 22:59:51, 23.74, 45.83
2019-02-19, 22:59:52, 23.75, 45.83
2019-02-19, 22:59:53, 23.75, 45.83
2019-02-19, 22:59:55, 23.74, 45.83
2019-02-19, 22:59:56, 23.74, 45.83
2019-02-19, 22:59:57, 23.74, 45.83
2019-02-19, 22:59:59, 23.75, 45.86
2019-02-19, 23:00:00, 23.75, 45.83
2019-02-19, 23:00:02, 23.73, 45.83
2019-02-19, 23:00:03, 23.74, 45.83
2019-02-19, 23:00:04, 23.74, 45.86
2019-02-19, 23:00:06, 23.74, 45.83
2019-02-19, 23:00:07, 23.75, 45.86
2019-02-19, 23:00:08, 23.75, 45.83
2019-02-19, 23:00:10, 23.74, 45.83
2019-02-19, 23:00:11, 23.75, 45.8
2019-02-19, 23:00:12, 23.76, 45.83
2019-02-19, 23:00:14, 23.75, 45.86
2019-02-19, 23:00:15, 23.76, 45.83
2019-02-19, 23:00:16, 23.72, 45.86
2019-02-19, 23:00:18, 23.74, 45.83
2019-02-19, 23:00:19, 23.73, 45.83
2019-02-19, 23:00:21, 23.72, 45.82
2019-02-19, 23:00:22, 23.73, 45.83
2019-02-19, 23:00:23, 23.73, 45.83
2019-02-19, 23:00:25, 23.74, 45.86
2019-02-19, 23:00:26, 23.74, 45.83
2019-02-19, 23:00:27, 23.74, 45.86
2019-02-19, 23:00:29, 23.74, 45.83
2019-02-19, 23:00:30, 23.73, 45.86
2019-02-19, 23:00:31, 23.74, 45.86
2019-02-19, 23:00:33, 23.74, 45.86
2019-02-19, 23:00:34, 23.74, 45.86
2019-02-19, 23:00:35, 23.74, 45.86
2019-02-19, 23:00:37, 23.75, 45.86
2019-02-19, 23:00:38, 23.74, 45.86
2019-02-19, 23:00:39, 23.76, 45.86
2019-02-19, 23:00:41, 23.74, 45.86
2019-02-19, 23:00:42, 23.74, 45.86
2019-02-19, 23:00:44, 23.75, 45.86
2019-02-19, 23:00:45, 23.76, 45.83
2019-02-19, 23:00:46, 23.75, 45.83
2019-02-19, 23:00:48, 23.75, 45.83
2019-02-19, 23:00:49, 23.75, 45.83
2019-02-19, 23:00:50, 23.74, 45.83
2019-02-19, 23:00:52, 23.75, 45.8
2019-02-19, 23:00:53, 23.74, 45.83
2019-02-19, 23:00:54, 23.74, 45.8
2019-02-19, 23:00:56, 23.75, 45.83
2019-02-19, 23:00:57, 23.74, 45.8
2019-02-19, 23:00:58, 23.74, 45.83
2019-02-19, 23:01:00, 23.74, 45.83
2019-02-19, 23:01:01, 23.75, 45.83
2019-02-19, 23:01:02, 23.75, 45.83
2019-02-19, 23:01:04, 23.75, 45.8
2019-02-19, 23:01:05, 23.76, 45.83
2019-02-19, 23:01:07, 23.76, 45.83
2019-02-19, 23:01:08, 23.74, 45.83
2019-02-19, 23:01:09, 23.74, 45.83
2019-02-19, 23:01:11, 23.74, 45.8
2019-02-19, 23:01:12, 23.75, 45.8
2019-02-19, 23:01:13, 23.75, 45.83
2019-02-19, 23:01:15, 23.75, 45.8
2019-02-19, 23:01:16, 23.62, 45.84
2019-02-19, 23:01:17, 23.7, 45.85
2019-02-19, 23:01:19, 23.72, 45.86
2019-02-19, 23:01:20, 23.74, 45.86
2019-02-19, 23:01:21, 23.73, 45.86
2019-02-19, 23:01:23, 23.73, 45.86
2019-02-19, 23:01:24, 23.73, 45.86
2019-02-19, 23:01:25, 23.74, 45.86
2019-02-19, 23:01:27, 23.75, 45.86
2019-02-19, 23:01:28, 23.75, 45.83
2019-02-19, 23:01:30, 23.75, 45.83
2019-02-19, 23:01:31, 23.75, 45.86
2019-02-19, 23:01:32, 23.76, 45.83
2019-02-19, 23:01:34, 23.76, 45.83
2019-02-19, 23:01:35, 23.75, 45.8
2019-02-19, 23:01:36, 23.76, 45.8
2019-02-19, 23:01:38, 23.75, 45.8
2019-02-19, 23:01:39, 23.76, 45.8
2019-02-19, 23:01:40, 23.66, 45.79
2019-02-19, 23:01:42, 23.74, 45.83
2019-02-19, 23:01:43, 23.75, 45.8
2019-02-19, 23:01:44, 23.75, 45.83
2019-02-19, 23:01:46, 23.76, 45.8
2019-02-19, 23:01:47, 23.76, 45.83
2019-02-19, 23:01:48, 23.75, 45.8
2019-02-19, 23:01:50, 23.75, 45.8
2019-02-19, 23:01:51, 23.76, 45.8
2019-02-19, 23:01:53, 23.76, 45.8
2019-02-19, 23:01:54, 23.76, 45.8
2019-02-19, 23:01:55, 23.76, 45.8
2019-02-19, 23:01:57, 23.77, 45.8
2019-02-19, 23:01:58, 23.76, 45.8
2019-02-19, 23:01:59, 23.76, 45.8
2019-02-19, 23:02:01, 23.76, 45.8
2019-02-19, 23:02:02, 23.75, 45.8
2019-02-19, 23:02:03, 23.76, 45.8
2019-02-19, 23:02:05, 23.77, 45.8
2019-02-19, 23:02:06, 23.76, 45.8
2019-02-19, 23:02:07, 23.77, 45.83
2019-02-19, 23:02:09, 23.77, 45.83
2019-02-19, 23:02:10, 23.76, 45.8
2019-02-19, 23:02:11, 23.77, 45.8
2019-02-19, 23:02:13, 23.76, 45.8
2019-02-19, 23:02:14, 23.74, 45.8
2019-02-19, 23:02:16, 23.75, 45.8
2019-02-19, 23:02:17, 23.76, 45.8
2019-02-19, 23:02:18, 23.76, 45.8
2019-02-19, 23:02:20, 23.76, 45.8
2019-02-19, 23:02:21, 23.76, 45.8
2019-02-19, 23:02:22, 23.75, 45.8
2019-02-19, 23:02:24, 23.76, 45.8
2019-02-19, 23:02:25, 23.76, 45.8
2019-02-19, 23:02:26, 23.76, 45.8
2019-02-19, 23:02:28, 23.76, 45.8
2019-02-19, 23:02:29, 23.77, 45.8
2019-02-19, 23:02:30, 23.76, 45.8
2019-02-19, 23:02:32, 23.76, 45.8
2019-02-19, 23:02:33, 23.77, 45.8
2019-02-19, 23:02:35, 23.76, 45.8
2019-02-19, 23:02:36, 23.78, 45.8
2019-02-19, 23:02:37, 23.76, 45.8
2019-02-19, 23:02:39, 23.76, 45.8
2019-02-19, 23:02:40, 23.77, 45.8
2019-02-19, 23:02:41, 23.77, 45.8
2019-02-19, 23:02:43, 23.77, 45.8
2019-02-19, 23:02:44, 23.77, 45.8
2019-02-19, 23:02:45, 23.76, 45.8
2019-02-19, 23:02:47, 23.77, 45.77
2019-02-19, 23:02:48, 23.76, 45.8
2019-02-19, 23:02:49, 23.76, 45.77
2019-02-19, 23:02:51, 23.76, 45.8
2019-02-19, 23:02:52, 23.76, 45.8
2019-02-19, 23:02:53, 23.76, 45.8
2019-02-19, 23:02:55, 23.77, 45.8
2019-02-19, 23:02:56, 23.75, 45.76
2019-02-19, 23:02:58, 23.75, 45.8
2019-02-19, 23:02:59, 23.75, 45.76
2019-02-19, 23:03:00, 23.75, 45.8
2019-02-19, 23:03:02, 23.76, 45.77
2019-02-19, 23:03:03, 23.75, 45.8
2019-02-19, 23:03:04, 23.75, 45.76
2019-02-19, 23:03:06, 23.76, 45.77
2019-02-19, 23:03:07, 23.76, 45.77
2019-02-19, 23:03:08, 23.76, 45.77
2019-02-19, 23:03:10, 23.76, 45.77
2019-02-19, 23:03:11, 23.76, 45.8
2019-02-19, 23:03:12, 23.75, 45.8
2019-02-19, 23:03:14, 23.76, 45.77
2019-02-19, 23:03:15, 23.75, 45.8
2019-02-19, 23:03:17, 23.75, 45.76
2019-02-19, 23:03:18, 23.75, 45.8
2019-02-19, 23:03:19, 23.74, 45.8
2019-02-19, 23:03:21, 23.76, 45.8
2019-02-19, 23:03:22, 23.75, 45.8
2019-02-19, 23:03:23, 23.75, 45.8
2019-02-19, 23:03:25, 23.76, 45.8
2019-02-19, 23:03:26, 23.76, 45.8
2019-02-19, 23:03:27, 23.76, 45.8
2019-02-19, 23:03:29, 23.75, 45.8
2019-02-19, 23:03:30, 23.77, 45.8
2019-02-19, 23:03:31, 23.76, 45.8
2019-02-19, 23:03:33, 23.76, 45.8
2019-02-19, 23:03:34, 23.77, 45.8
2019-02-19, 23:03:35, 23.75, 45.8
2019-02-19, 23:03:37, 23.75, 45.8
2019-02-19, 23:03:38, 23.76, 45.8
2019-02-19, 23:03:40, 23.62, 45.81
2019-02-19, 23:03:41, 23.71, 45.86
2019-02-19, 23:03:42, 23.74, 45.86
2019-02-19, 23:03:44, 23.75, 45.86
2019-02-19, 23:03:45, 23.75, 45.86
2019-02-19, 23:03:46, 23.77, 45.86
2019-02-19, 23:03:48, 23.74, 45.86
2019-02-19, 23:03:49, 23.76, 45.83
2019-02-19, 23:03:50, 23.76, 45.83
2019-02-19, 23:03:52, 23.76, 45.8
2019-02-19, 23:03:53, 23.77, 45.83
2019-02-19, 23:03:54, 23.76, 45.83
2019-02-19, 23:03:56, 23.76, 45.8
2019-02-19, 23:03:57, 23.76, 45.8
2019-02-19, 23:03:58, 23.75, 45.8
2019-02-19, 23:04:00, 23.76, 45.8
2019-02-19, 23:04:01, 23.75, 45.8
2019-02-19, 23:04:03, 23.75, 45.8
2019-02-19, 23:04:04, 23.75, 45.8
2019-02-19, 23:04:05, 23.77, 45.8
2019-02-19, 23:04:07, 23.76, 45.8
2019-02-19, 23:04:08, 23.77, 45.8
2019-02-19, 23:04:09, 23.6, 45.84
2019-02-19, 23:04:11, 23.72, 45.89
2019-02-19, 23:04:12, 23.73, 45.89
2019-02-19, 23:04:13, 23.73, 45.86
2019-02-19, 23:04:15, 23.74, 45.89
2019-02-19, 23:04:16, 23.75, 45.86
2019-02-19, 23:04:17, 23.75, 45.86
2019-02-19, 23:04:19, 23.74, 45.83
2019-02-19, 23:04:20, 23.76, 45.83
2019-02-19, 23:04:21, 23.75, 45.83
2019-02-19, 23:04:23, 23.76, 45.83
2019-02-19, 23:04:24, 23.76, 45.8
2019-02-19, 23:04:26, 23.78, 45.8
2019-02-19, 23:04:27, 23.77, 45.8
2019-02-19, 23:04:28, 23.78, 45.8
2019-02-19, 23:04:30, 23.78, 45.8
2019-02-19, 23:04:31, 23.77, 45.8
2019-02-19, 23:04:32, 23.78, 45.8
2019-02-19, 23:04:34, 23.78, 45.8
2019-02-19, 23:04:35, 23.78, 45.8
2019-02-19, 23:04:36, 23.78, 45.77
2019-02-19, 23:04:38, 23.78, 45.77
2019-02-19, 23:04:39, 23.78, 45.77
2019-02-19, 23:04:40, 23.78, 45.74
2019-02-19, 23:04:42, 23.79, 45.77
2019-02-19, 23:04:43, 23.78, 45.77
2019-02-19, 23:04:45, 23.77, 45.77
2019-02-19, 23:04:46, 23.78, 45.74
2019-02-19, 23:04:47, 23.78, 45.74
2019-02-19, 23:04:49, 23.77, 45.73
2019-02-19, 23:04:50, 23.77, 45.73
2019-02-19, 23:04:51, 23.77, 45.73
2019-02-19, 23:04:53, 23.77, 45.73
2019-02-19, 23:04:54, 23.76, 45.73
2019-02-19, 23:04:55, 23.78, 45.74
2019-02-19, 23:04:57, 23.76, 45.73
2019-02-19, 23:04:58, 23.77, 45.73
2019-02-19, 23:04:59, 23.78, 45.74
2019-02-19, 23:05:01, 23.77, 45.73
2019-02-19, 23:05:02, 23.77, 45.73
2019-02-19, 23:05:03, 23.76, 45.73
2019-02-19, 23:05:05, 23.77, 45.73
2019-02-19, 23:05:06, 23.79, 45.74
2019-02-19, 23:05:08, 23.78, 45.74
2019-02-19, 23:05:09, 23.78, 45.74
2019-02-19, 23:05:10, 23.78, 45.74
2019-02-19, 23:05:12, 23.78, 45.74
2019-02-19, 23:05:13, 23.78, 45.74
2019-02-19, 23:05:14, 23.79, 45.74
2019-02-19, 23:05:16, 23.78, 45.74
2019-02-19, 23:05:17, 23.78, 45.74
2019-02-19, 23:05:18, 23.79, 45.74
2019-02-19, 23:05:20, 23.78, 45.74
2019-02-19, 23:05:21, 23.78, 45.74
2019-02-19, 23:05:22, 23.78, 45.74
2019-02-19, 23:05:24, 23.78, 45.74
2019-02-19, 23:05:25, 23.79, 45.74
2019-02-19, 23:05:27, 23.78, 45.74
2019-02-19, 23:05:28, 23.77, 45.73
2019-02-19, 23:05:29, 23.78, 45.74
2019-02-19, 23:05:31, 23.76, 45.73
2019-02-19, 23:05:32, 23.78, 45.74
2019-02-19, 23:05:33, 23.78, 45.74
2019-02-19, 23:05:35, 23.78, 45.74
2019-02-19, 23:05:36, 23.79, 45.74
2019-02-19, 23:05:37, 23.78, 45.74
2019-02-19, 23:05:39, 23.79, 45.74
2019-02-19, 23:05:40, 23.79, 45.74
2019-02-19, 23:05:41, 23.78, 45.74
2019-02-19, 23:05:43, 23.78, 45.74
2019-02-19, 23:05:44, 23.78, 45.74
2019-02-19, 23:05:45, 23.78, 45.74
2019-02-19, 23:05:47, 23.78, 45.74
2019-02-19, 23:05:48, 23.78, 45.74
2019-02-19, 23:05:50, 23.79, 45.7
2019-02-19, 23:05:51, 23.78, 45.74
2019-02-19, 23:05:52, 23.78, 45.7
2019-02-19, 23:05:54, 23.78, 45.74
2019-02-19, 23:05:55, 23.78, 45.7
2019-02-19, 23:05:56, 23.76, 45.7
2019-02-19, 23:05:58, 23.76, 45.73
2019-02-19, 23:05:59, 23.78, 45.74
2019-02-19, 23:06:00, 23.79, 45.74
2019-02-19, 23:06:02, 23.79, 45.74
2019-02-19, 23:06:03, 23.8, 45.74
2019-02-19, 23:06:04, 23.79, 45.74
2019-02-19, 23:06:06, 23.78, 45.74
2019-02-19, 23:06:07, 23.79, 45.74
2019-02-19, 23:06:09, 23.8, 45.74
2019-02-19, 23:06:10, 23.8, 45.71
2019-02-19, 23:06:11, 23.8, 45.71
2019-02-19, 23:06:13, 23.8, 45.71
2019-02-19, 23:06:14, 23.8, 45.74
2019-02-19, 23:06:15, 23.8, 45.74
2019-02-19, 23:06:17, 23.8, 45.74
2019-02-19, 23:06:18, 23.8, 45.74
2019-02-19, 23:06:19, 23.8, 45.74
2019-02-19, 23:06:21, 23.8, 45.74
2019-02-19, 23:06:22, 23.81, 45.74
2019-02-19, 23:06:23, 23.78, 45.74
2019-02-19, 23:06:25, 23.79, 45.74
2019-02-19, 23:06:26, 23.8, 45.74
2019-02-19, 23:06:27, 23.8, 45.74
2019-02-19, 23:06:29, 23.8, 45.74
2019-02-19, 23:06:30, 23.8, 45.74
2019-02-19, 23:06:32, 23.8, 45.74
2019-02-19, 23:06:33, 23.8, 45.74
2019-02-19, 23:06:34, 23.8, 45.74
2019-02-19, 23:06:36, 23.79, 45.74
2019-02-19, 23:06:37, 23.8, 45.74
2019-02-19, 23:06:38, 23.8, 45.74
2019-02-19, 23:06:40, 23.81, 45.74
2019-02-19, 23:06:41, 23.79, 45.74
2019-02-19, 23:06:42, 23.8, 45.74
2019-02-19, 23:06:44, 23.8, 45.74
2019-02-19, 23:06:45, 23.8, 45.74
2019-02-19, 23:06:46, 23.79, 45.74
2019-02-19, 23:06:48, 23.79, 45.74
2019-02-19, 23:06:49, 23.79, 45.74
2019-02-19, 23:06:50, 23.79, 45.74
2019-02-19, 23:06:52, 23.78, 45.74
2019-02-19, 23:06:53, 23.8, 45.74
2019-02-19, 23:06:55, 23.79, 45.74
2019-02-19, 23:06:56, 23.8, 45.74
2019-02-19, 23:06:57, 23.8, 45.77
2019-02-19, 23:06:59, 23.79, 45.74
2019-02-19, 23:07:00, 23.8, 45.74
2019-02-19, 23:07:01, 23.78, 45.74
2019-02-19, 23:07:03, 23.8, 45.74
2019-02-19, 23:07:04, 23.8, 45.74
2019-02-19, 23:07:05, 23.8, 45.74
2019-02-19, 23:07:07, 23.7, 45.73
2019-02-19, 23:07:08, 23.78, 45.74
2019-02-19, 23:07:09, 23.78, 45.77
2019-02-19, 23:07:11, 23.79, 45.77
2019-02-19, 23:07:12, 23.8, 45.77
2019-02-19, 23:07:13, 23.8, 45.74
2019-02-19, 23:07:15, 23.8, 45.74
2019-02-19, 23:07:16, 23.78, 45.77
2019-02-19, 23:07:18, 23.8, 45.74
2019-02-19, 23:07:19, 23.79, 45.74
2019-02-19, 23:07:20, 23.8, 45.74
2019-02-19, 23:07:22, 23.8, 45.74
2019-02-19, 23:07:23, 23.79, 45.7
2019-02-19, 23:07:24, 23.79, 45.74
2019-02-19, 23:07:26, 23.8, 45.74
2019-02-19, 23:07:27, 23.8, 45.71
2019-02-19, 23:07:28, 23.81, 45.71
2019-02-19, 23:07:30, 23.8, 45.71
2019-02-19, 23:07:31, 23.8, 45.71
2019-02-19, 23:07:32, 23.8, 45.71
2019-02-19, 23:07:34, 23.79, 45.74
2019-02-19, 23:07:35, 23.79, 45.7
2019-02-19, 23:07:37, 23.79, 45.74
2019-02-19, 23:07:38, 23.78, 45.67
2019-02-19, 23:07:39, 23.79, 45.7
2019-02-19, 23:07:41, 23.8, 45.71
2019-02-19, 23:07:42, 23.8, 45.67
2019-02-19, 23:07:43, 23.8, 45.67
2019-02-19, 23:07:45, 23.8, 45.67
2019-02-19, 23:07:46, 23.8, 45.67
2019-02-19, 23:07:47, 23.8, 45.67
2019-02-19, 23:07:49, 23.8, 45.71
2019-02-19, 23:07:50, 23.8, 45.67
2019-02-19, 23:07:51, 23.81, 45.71
2019-02-19, 23:07:53, 23.81, 45.71
2019-02-19, 23:07:54, 23.8, 45.71
2019-02-19, 23:07:55, 23.8, 45.71
2019-02-19, 23:07:57, 23.8, 45.71
2019-02-19, 23:07:58, 23.8, 45.71
2019-02-19, 23:08:00, 23.8, 45.67
2019-02-19, 23:08:01, 23.8, 45.71
2019-02-19, 23:08:02, 23.8, 45.71
2019-02-19, 23:08:04, 23.79, 45.7
2019-02-19, 23:08:05, 23.79, 45.7
2019-02-19, 23:08:06, 23.79, 45.67
2019-02-19, 23:08:08, 23.8, 45.67
2019-02-19, 23:08:09, 23.8, 45.71
2019-02-19, 23:08:10, 23.81, 45.67
2019-02-19, 23:08:12, 23.64, 45.72
2019-02-19, 23:08:13, 23.75, 45.8
2019-02-19, 23:08:14, 23.77, 45.8
2019-02-19, 23:08:16, 23.77, 45.8
2019-02-19, 23:08:17, 23.77, 45.77
2019-02-19, 23:08:19, 23.78, 45.77
2019-02-19, 23:08:20, 23.79, 45.74
2019-02-19, 23:08:21, 23.8, 45.74
2019-02-19, 23:08:23, 23.8, 45.74
2019-02-19, 23:08:24, 23.8, 45.71
2019-02-19, 23:08:25, 23.8, 45.71
2019-02-19, 23:08:27, 23.8, 45.71
2019-02-19, 23:08:28, 23.81, 45.67
2019-02-19, 23:08:29, 23.8, 45.67
2019-02-19, 23:08:31, 23.78, 45.67
2019-02-19, 23:08:32, 23.8, 45.67
2019-02-19, 23:08:33, 23.81, 45.67
2019-02-19, 23:08:35, 23.8, 45.67
2019-02-19, 23:08:36, 23.79, 45.67
2019-02-19, 23:08:37, 23.8, 45.67
2019-02-19, 23:08:39, 23.8, 45.67
2019-02-19, 23:08:40, 23.81, 45.67
2019-02-19, 23:08:42, 23.8, 45.67
2019-02-19, 23:08:43, 23.8, 45.67
2019-02-19, 23:08:44, 23.81, 45.67
2019-02-19, 23:08:46, 23.8, 45.67
2019-02-19, 23:08:47, 23.81, 45.67
2019-02-19, 23:08:48, 23.81, 45.67
2019-02-19, 23:08:50, 23.8, 45.67
2019-02-19, 23:08:51, 23.8, 45.67
2019-02-19, 23:08:52, 23.8, 45.67
2019-02-19, 23:08:54, 23.8, 45.67
2019-02-19, 23:08:55, 23.81, 45.67
2019-02-19, 23:08:56, 23.81, 45.67
2019-02-19, 23:08:58, 23.8, 45.67
2019-02-19, 23:08:59, 23.82, 45.68
2019-02-19, 23:09:00, 23.8, 45.67
2019-02-19, 23:09:02, 23.81, 45.67
2019-02-19, 23:09:03, 23.81, 45.67
2019-02-19, 23:09:05, 23.8, 45.67
2019-02-19, 23:09:06, 23.64, 45.72
2019-02-19, 23:09:07, 23.74, 45.76
2019-02-19, 23:09:09, 23.77, 45.77
2019-02-19, 23:09:10, 23.78, 45.74
2019-02-19, 23:09:11, 23.8, 45.77
2019-02-19, 23:09:13, 23.78, 45.74
2019-02-19, 23:09:14, 23.78, 45.74
2019-02-19, 23:09:15, 23.8, 45.74
2019-02-19, 23:09:17, 23.8, 45.74
2019-02-19, 23:09:18, 23.79, 45.7
2019-02-19, 23:09:19, 23.79, 45.7
2019-02-19, 23:09:21, 23.8, 45.71
2019-02-19, 23:09:22, 23.8, 45.67
2019-02-19, 23:09:23, 23.82, 45.68
2019-02-19, 23:09:25, 23.8, 45.71
2019-02-19, 23:09:26, 23.81, 45.67
2019-02-19, 23:09:28, 23.81, 45.71
2019-02-19, 23:09:29, 23.79, 45.67
2019-02-19, 23:09:30, 23.8, 45.67
2019-02-19, 23:09:32, 23.81, 45.67
2019-02-19, 23:09:33, 23.8, 45.67
2019-02-19, 23:09:34, 23.8, 45.67
2019-02-19, 23:09:36, 23.8, 45.67
2019-02-19, 23:09:37, 23.8, 45.67
2019-02-19, 23:09:38, 23.81, 45.67
2019-02-19, 23:09:40, 23.8, 45.67
2019-02-19, 23:09:41, 23.81, 45.67
2019-02-19, 23:09:42, 23.8, 45.67
2019-02-19, 23:09:44, 23.8, 45.67
2019-02-19, 23:09:45, 23.81, 45.67
2019-02-19, 23:09:46, 23.81, 45.67
2019-02-19, 23:09:48, 23.81, 45.67
2019-02-19, 23:09:49, 23.8, 45.67
2019-02-19, 23:09:51, 23.82, 45.68
2019-02-19, 23:09:52, 23.82, 45.68
2019-02-19, 23:09:53, 23.81, 45.67
2019-02-19, 23:09:55, 23.81, 45.67
2019-02-19, 23:09:56, 23.81, 45.67
2019-02-19, 23:09:57, 23.82, 45.64
2019-02-19, 23:09:59, 23.81, 45.64
2019-02-19, 23:10:00, 23.81, 45.64
2019-02-19, 23:10:01, 23.8, 45.67
2019-02-19, 23:10:03, 23.81, 45.64
2019-02-19, 23:10:04, 23.81, 45.67
2019-02-19, 23:10:05, 23.81, 45.67
2019-02-19, 23:10:07, 23.82, 45.68
2019-02-19, 23:10:08, 23.82, 45.68
2019-02-19, 23:10:09, 23.82, 45.64
2019-02-19, 23:10:11, 23.82, 45.68
2019-02-19, 23:10:12, 23.82, 45.68
2019-02-19, 23:10:14, 23.81, 45.67
2019-02-19, 23:10:15, 23.82, 45.68
2019-02-19, 23:10:16, 23.83, 45.68
2019-02-19, 23:10:18, 23.83, 45.68
2019-02-19, 23:10:19, 23.83, 45.68
2019-02-19, 23:10:20, 23.83, 45.68
2019-02-19, 23:10:22, 23.83, 45.68
2019-02-19, 23:10:23, 23.84, 45.68
2019-02-19, 23:10:24, 23.81, 45.67
2019-02-19, 23:10:26, 23.84, 45.68
2019-02-19, 23:10:27, 23.83, 45.68
2019-02-19, 23:10:28, 23.83, 45.68
2019-02-19, 23:10:30, 23.84, 45.65
2019-02-19, 23:10:31, 23.82, 45.68
2019-02-19, 23:10:33, 23.83, 45.68
2019-02-19, 23:10:34, 23.83, 45.65
2019-02-19, 23:10:35, 23.82, 45.64
2019-02-19, 23:10:37, 23.82, 45.64
2019-02-19, 23:10:38, 23.83, 45.65
2019-02-19, 23:10:39, 23.82, 45.68
2019-02-19, 23:10:41, 23.82, 45.68
2019-02-19, 23:10:42, 23.81, 45.67
2019-02-19, 23:10:43, 23.82, 45.68
2019-02-19, 23:10:45, 23.83, 45.68
2019-02-19, 23:10:46, 23.82, 45.68
2019-02-19, 23:10:47, 23.81, 45.67
2019-02-19, 23:10:49, 23.81, 45.67
2019-02-19, 23:10:50, 23.82, 45.64
2019-02-19, 23:10:51, 23.82, 45.68
2019-02-19, 23:10:53, 23.82, 45.68
2019-02-19, 23:10:54, 23.81, 45.67
2019-02-19, 23:10:56, 23.82, 45.68
2019-02-19, 23:10:57, 23.83, 45.68
2019-02-19, 23:10:58, 23.81, 45.67
2019-02-19, 23:11:00, 23.82, 45.68
2019-02-19, 23:11:01, 23.82, 45.68
2019-02-19, 23:11:02, 23.82, 45.68
2019-02-19, 23:11:04, 23.83, 45.65
2019-02-19, 23:11:05, 23.82, 45.68
2019-02-19, 23:11:06, 23.82, 45.64
2019-02-19, 23:11:08, 23.82, 45.68
2019-02-19, 23:11:09, 23.82, 45.68
2019-02-19, 23:11:10, 23.84, 45.65
2019-02-19, 23:11:12, 23.82, 45.64
2019-02-19, 23:11:13, 23.82, 45.64
2019-02-19, 23:11:15, 23.82, 45.68
2019-02-19, 23:11:16, 23.82, 45.68
2019-02-19, 23:11:17, 23.82, 45.68
2019-02-19, 23:11:19, 23.82, 45.68
2019-02-19, 23:11:20, 23.82, 45.64
2019-02-19, 23:11:21, 23.82, 45.64
2019-02-19, 23:11:23, 23.82, 45.61
2019-02-19, 23:11:24, 23.82, 45.64
2019-02-19, 23:11:25, 23.82, 45.64
2019-02-19, 23:11:27, 23.82, 45.64
2019-02-19, 23:11:28, 23.82, 45.64
2019-02-19, 23:11:29, 23.82, 45.64
2019-02-19, 23:11:31, 23.82, 45.64
2019-02-19, 23:11:32, 23.81, 45.64
2019-02-19, 23:11:33, 23.82, 45.64
2019-02-19, 23:11:35, 23.82, 45.64
2019-02-19, 23:11:36, 23.82, 45.64
2019-02-19, 23:11:38, 23.82, 45.68
2019-02-19, 23:11:39, 23.82, 45.64
2019-02-19, 23:11:40, 23.82, 45.64
2019-02-19, 23:11:42, 23.83, 45.65
2019-02-19, 23:11:43, 23.82, 45.64
2019-02-19, 23:11:44, 23.83, 45.68
2019-02-19, 23:11:46, 23.84, 45.65
2019-02-19, 23:11:47, 23.83, 45.65
2019-02-19, 23:11:48, 23.84, 45.65
2019-02-19, 23:11:50, 23.84, 45.68
2019-02-19, 23:11:51, 23.84, 45.65
2019-02-19, 23:11:52, 23.83, 45.65
2019-02-19, 23:11:54, 23.84, 45.65
2019-02-19, 23:11:55, 23.83, 45.65
2019-02-19, 23:11:57, 23.83, 45.65
2019-02-19, 23:11:58, 23.82, 45.64
2019-02-19, 23:11:59, 23.82, 45.68
2019-02-19, 23:12:01, 23.83, 45.68
2019-02-19, 23:12:02, 23.84, 45.68
2019-02-19, 23:12:03, 23.82, 45.68
2019-02-19, 23:12:05, 23.82, 45.68
2019-02-19, 23:12:06, 23.83, 45.68
2019-02-19, 23:12:07, 23.82, 45.68
2019-02-19, 23:12:09, 23.81, 45.67
2019-02-19, 23:12:10, 23.82, 45.68
2019-02-19, 23:12:11, 23.82, 45.68
2019-02-19, 23:12:13, 23.83, 45.68
2019-02-19, 23:12:14, 23.84, 45.68
2019-02-19, 23:12:15, 23.85, 45.68
2019-02-19, 23:12:17, 23.83, 45.65
2019-02-19, 23:12:18, 23.84, 45.68
2019-02-19, 23:12:20, 23.84, 45.68
2019-02-19, 23:12:21, 23.82, 45.68
2019-02-19, 23:12:22, 23.82, 45.68
2019-02-19, 23:12:24, 23.82, 45.68
2019-02-19, 23:12:25, 23.83, 45.68
2019-02-19, 23:12:26, 23.82, 45.64
2019-02-19, 23:12:28, 23.83, 45.68
2019-02-19, 23:12:29, 23.82, 45.64
2019-02-19, 23:12:30, 23.83, 45.65
2019-02-19, 23:12:32, 23.84, 45.65
2019-02-19, 23:12:33, 23.73, 45.67
2019-02-19, 23:12:34, 23.79, 45.67
2019-02-19, 23:12:36, 23.8, 45.67
2019-02-19, 23:12:37, 23.8, 45.67
2019-02-19, 23:12:39, 23.8, 45.67
2019-02-19, 23:12:40, 23.8, 45.67
2019-02-19, 23:12:41, 23.82, 45.68
2019-02-19, 23:12:43, 23.8, 45.67
2019-02-19, 23:12:44, 23.81, 45.67
2019-02-19, 23:12:45, 23.8, 45.67
2019-02-19, 23:12:47, 23.8, 45.67
2019-02-19, 23:12:48, 23.82, 45.68
2019-02-19, 23:12:49, 23.8, 45.67
2019-02-19, 23:12:51, 23.8, 45.67
2019-02-19, 23:12:52, 23.8, 45.64
2019-02-19, 23:12:53, 23.81, 45.67
2019-02-19, 23:12:55, 23.81, 45.64
2019-02-19, 23:12:56, 23.82, 45.64
2019-02-19, 23:12:57, 23.81, 45.64
2019-02-19, 23:12:59, 23.82, 45.64
2019-02-19, 23:13:00, 23.81, 45.64
2019-02-19, 23:13:02, 23.82, 45.68
2019-02-19, 23:13:03, 23.7, 45.66
2019-02-19, 23:13:04, 23.78, 45.74
2019-02-19, 23:13:06, 23.81, 45.71
2019-02-19, 23:13:07, 23.8, 45.71
2019-02-19, 23:13:08, 23.81, 45.71
2019-02-19, 23:13:10, 23.81, 45.71
2019-02-19, 23:13:11, 23.81, 45.67
2019-02-19, 23:13:12, 23.8, 45.71
2019-02-19, 23:13:14, 23.8, 45.67
2019-02-19, 23:13:15, 23.8, 45.67
2019-02-19, 23:13:16, 23.82, 45.68
2019-02-19, 23:13:18, 23.81, 45.67
2019-02-19, 23:13:19, 23.81, 45.67
2019-02-19, 23:13:21, 23.82, 45.68
2019-02-19, 23:13:22, 23.82, 45.68
2019-02-19, 23:13:23, 23.83, 45.68
2019-02-19, 23:13:25, 23.82, 45.68
2019-02-19, 23:13:26, 23.82, 45.68
2019-02-19, 23:13:27, 23.8, 45.67
2019-02-19, 23:13:29, 23.82, 45.68
2019-02-19, 23:13:30, 23.82, 45.68
2019-02-19, 23:13:31, 23.81, 45.64
2019-02-19, 23:13:33, 23.81, 45.67
2019-02-19, 23:13:34, 23.82, 45.68
2019-02-19, 23:13:35, 23.81, 45.67
2019-02-19, 23:13:37, 23.82, 45.68
2019-02-19, 23:13:38, 23.82, 45.68
2019-02-19, 23:13:40, 23.8, 45.64
2019-02-19, 23:13:41, 23.81, 45.64
2019-02-19, 23:13:42, 23.82, 45.64
2019-02-19, 23:13:44, 23.82, 45.68
2019-02-19, 23:13:45, 23.82, 45.64
2019-02-19, 23:13:46, 23.81, 45.67
2019-02-19, 23:13:48, 23.81, 45.67
2019-02-19, 23:13:49, 23.82, 45.68
2019-02-19, 23:13:50, 23.82, 45.68
2019-02-19, 23:13:52, 23.8, 45.67
2019-02-19, 23:13:53, 23.82, 45.64
2019-02-19, 23:13:54, 23.82, 45.64
2019-02-19, 23:13:56, 23.83, 45.65
2019-02-19, 23:13:57, 23.83, 45.65
2019-02-19, 23:13:58, 23.82, 45.64
2019-02-19, 23:14:00, 23.82, 45.68
2019-02-19, 23:14:01, 23.82, 45.64
2019-02-19, 23:14:03, 23.68, 45.66
2019-02-19, 23:14:04, 23.77, 45.73
2019-02-19, 23:14:05, 23.79, 45.74
2019-02-19, 23:14:07, 23.79, 45.74
2019-02-19, 23:14:08, 23.8, 45.74
2019-02-19, 23:14:09, 23.81, 45.71
2019-02-19, 23:14:11, 23.8, 45.71
2019-02-19, 23:14:12, 23.8, 45.71
2019-02-19, 23:14:13, 23.8, 45.67
2019-02-19, 23:14:15, 23.8, 45.67
2019-02-19, 23:14:16, 23.82, 45.68
2019-02-19, 23:14:17, 23.81, 45.64
2019-02-19, 23:14:19, 23.82, 45.64
2019-02-19, 23:14:20, 23.82, 45.64
2019-02-19, 23:14:22, 23.82, 45.64
2019-02-19, 23:14:23, 23.81, 45.67
2019-02-19, 23:14:24, 23.82, 45.61
2019-02-19, 23:14:26, 23.81, 45.64
2019-02-19, 23:14:27, 23.82, 45.64
2019-02-19, 23:14:28, 23.81, 45.61
2019-02-19, 23:14:30, 23.8, 45.64
2019-02-19, 23:14:31, 23.8, 45.64
2019-02-19, 23:14:32, 23.82, 45.64
2019-02-19, 23:14:34, 23.81, 45.64
2019-02-19, 23:14:35, 23.81, 45.61
2019-02-19, 23:14:36, 23.8, 45.64
2019-02-19, 23:14:38, 23.8, 45.67
2019-02-19, 23:14:39, 23.82, 45.64
2019-02-19, 23:14:40, 23.83, 45.65
2019-02-19, 23:14:42, 23.81, 45.67
2019-02-19, 23:14:43, 23.81, 45.64
2019-02-19, 23:14:45, 23.82, 45.68
2019-02-19, 23:14:46, 23.81, 45.67
2019-02-19, 23:14:47, 23.81, 45.67
2019-02-19, 23:14:49, 23.82, 45.68
2019-02-19, 23:14:50, 23.81, 45.67
2019-02-19, 23:14:51, 23.81, 45.67
2019-02-19, 23:14:53, 23.82, 45.68
2019-02-19, 23:14:54, 23.8, 45.67
2019-02-19, 23:14:55, 23.82, 45.68
2019-02-19, 23:14:57, 23.82, 45.68
2019-02-19, 23:14:58, 23.83, 45.68
2019-02-19, 23:14:59, 23.81, 45.67
2019-02-19, 23:15:01, 23.8, 45.67
2019-02-19, 23:15:02, 23.82, 45.68
2019-02-19, 23:15:03, 23.81, 45.67
2019-02-19, 23:15:05, 23.8, 45.67
2019-02-19, 23:15:06, 23.8, 45.67
2019-02-19, 23:15:08, 23.8, 45.67
2019-02-19, 23:15:09, 23.8, 45.67
2019-02-19, 23:15:10, 23.8, 45.67
2019-02-19, 23:15:12, 23.81, 45.71
2019-02-19, 23:15:13, 23.82, 45.71
2019-02-19, 23:15:14, 23.8, 45.71
2019-02-19, 23:15:16, 23.81, 45.71
2019-02-19, 23:15:17, 23.81, 45.71
2019-02-19, 23:15:18, 23.81, 45.71
2019-02-19, 23:15:20, 23.81, 45.67
2019-02-19, 23:15:21, 23.82, 45.71
2019-02-19, 23:15:22, 23.8, 45.71
2019-02-19, 23:15:24, 23.8, 45.67
2019-02-19, 23:15:25, 23.8, 45.71
2019-02-19, 23:15:27, 23.78, 45.7
2019-02-19, 23:15:28, 23.8, 45.74
2019-02-19, 23:15:29, 23.79, 45.67
2019-02-19, 23:15:31, 23.8, 45.71
2019-02-19, 23:15:32, 23.8, 45.71
2019-02-19, 23:15:33, 23.79, 45.7
2019-02-19, 23:15:35, 23.8, 45.67
2019-02-19, 23:15:36, 23.79, 45.67
2019-02-19, 23:15:37, 23.8, 45.67
2019-02-19, 23:15:39, 23.8, 45.67
2019-02-19, 23:15:40, 23.81, 45.67
2019-02-19, 23:15:42, 23.8, 45.67
2019-02-19, 23:15:43, 23.81, 45.67
2019-02-19, 23:15:44, 23.8, 45.67
2019-02-19, 23:15:46, 23.78, 45.67
2019-02-19, 23:15:47, 23.78, 45.67
2019-02-19, 23:15:48, 23.8, 45.67
2019-02-19, 23:15:50, 23.79, 45.67
2019-02-19, 23:15:51, 23.78, 45.67
2019-02-19, 23:15:52, 23.79, 45.67
2019-02-19, 23:15:54, 23.79, 45.67
2019-02-19, 23:15:55, 23.8, 45.67
2019-02-19, 23:15:56, 23.8, 45.67
2019-02-19, 23:15:58, 23.8, 45.67
2019-02-19, 23:15:59, 23.81, 45.67
2019-02-19, 23:16:00, 23.76, 45.67
2019-02-19, 23:16:02, 23.78, 45.67
2019-02-19, 23:16:03, 23.79, 45.67
2019-02-19, 23:16:05, 23.78, 45.67
2019-02-19, 23:16:06, 23.78, 45.67
2019-02-19, 23:16:07, 23.79, 45.67
2019-02-19, 23:16:09, 23.78, 45.67
2019-02-19, 23:16:10, 23.78, 45.67
2019-02-19, 23:16:11, 23.78, 45.67
2019-02-19, 23:16:13, 23.78, 45.67
2019-02-19, 23:16:14, 23.78, 45.67
2019-02-19, 23:16:15, 23.78, 45.67
2019-02-19, 23:16:17, 23.79, 45.67
2019-02-19, 23:16:18, 23.78, 45.67
2019-02-19, 23:16:19, 23.78, 45.7
2019-02-19, 23:16:21, 23.78, 45.7
2019-02-19, 23:16:22, 23.78, 45.7
2019-02-19, 23:16:24, 23.78, 45.7
2019-02-19, 23:16:25, 23.78, 45.7
2019-02-19, 23:16:26, 23.78, 45.67
2019-02-19, 23:16:28, 23.78, 45.74
2019-02-19, 23:16:29, 23.79, 45.7
2019-02-19, 23:16:30, 23.72, 45.7
2019-02-19, 23:16:32, 23.78, 45.74
2019-02-19, 23:16:33, 23.78, 45.77
2019-02-19, 23:16:34, 23.78, 45.74
2019-02-19, 23:16:36, 23.77, 45.73
2019-02-19, 23:16:37, 23.78, 45.74
2019-02-19, 23:16:38, 23.78, 45.74
2019-02-19, 23:16:40, 23.78, 45.74
2019-02-19, 23:16:41, 23.77, 45.73
2019-02-19, 23:16:42, 23.78, 45.74
2019-02-19, 23:16:44, 23.77, 45.73
2019-02-19, 23:16:45, 23.79, 45.74
2019-02-19, 23:16:47, 23.77, 45.73
2019-02-19, 23:16:48, 23.78, 45.74
2019-02-19, 23:16:49, 23.76, 45.73
2019-02-19, 23:16:51, 23.76, 45.73
2019-02-19, 23:16:52, 23.76, 45.73
2019-02-19, 23:16:53, 23.77, 45.73
2019-02-19, 23:16:55, 23.77, 45.73
2019-02-19, 23:16:56, 23.77, 45.73
2019-02-19, 23:16:57, 23.76, 45.73
2019-02-19, 23:16:59, 23.76, 45.73
2019-02-19, 23:17:00, 23.78, 45.74
2019-02-19, 23:17:01, 23.76, 45.73
2019-02-19, 23:17:03, 23.76, 45.73
2019-02-19, 23:17:04, 23.77, 45.73
2019-02-19, 23:17:06, 23.76, 45.73
2019-02-19, 23:17:07, 23.76, 45.73
2019-02-19, 23:17:08, 23.78, 45.74
2019-02-19, 23:17:10, 23.77, 45.77
2019-02-19, 23:17:11, 23.76, 45.73
2019-02-19, 23:17:12, 23.77, 45.77
2019-02-19, 23:17:14, 23.76, 45.77
2019-02-19, 23:17:15, 23.76, 45.77
2019-02-19, 23:17:16, 23.76, 45.73
2019-02-19, 23:17:18, 23.75, 45.73
2019-02-19, 23:17:19, 23.76, 45.77
2019-02-19, 23:17:20, 23.76, 45.77
2019-02-19, 23:17:22, 23.76, 45.8
2019-02-19, 23:17:23, 23.77, 45.8
2019-02-19, 23:17:24, 23.76, 45.77
2019-02-19, 23:17:26, 23.75, 45.8
2019-02-19, 23:17:27, 23.76, 45.77
2019-02-19, 23:17:29, 23.75, 45.76
2019-02-19, 23:17:30, 23.63, 45.75
2019-02-19, 23:17:31, 23.7, 45.79
2019-02-19, 23:17:33, 23.72, 45.82
2019-02-19, 23:17:34, 23.73, 45.83
2019-02-19, 23:17:35, 23.74, 45.83
2019-02-19, 23:17:37, 23.74, 45.8
2019-02-19, 23:17:38, 23.73, 45.79
2019-02-19, 23:17:39, 23.72, 45.79
2019-02-19, 23:17:41, 23.73, 45.83
2019-02-19, 23:17:42, 23.75, 45.8
2019-02-19, 23:17:43, 23.73, 45.79
2019-02-19, 23:17:45, 23.73, 45.79
2019-02-19, 23:17:46, 23.75, 45.8
2019-02-19, 23:17:47, 23.74, 45.8
2019-02-19, 23:17:49, 23.74, 45.8
2019-02-19, 23:17:50, 23.74, 45.8
2019-02-19, 23:17:52, 23.74, 45.8
2019-02-19, 23:17:53, 23.74, 45.8
2019-02-19, 23:17:54, 23.73, 45.79
2019-02-19, 23:17:56, 23.73, 45.79
2019-02-19, 23:17:57, 23.74, 45.8
2019-02-19, 23:17:58, 23.73, 45.79
2019-02-19, 23:18:00, 23.74, 45.8
2019-02-19, 23:18:01, 23.74, 45.8
2019-02-19, 23:18:02, 23.73, 45.79
2019-02-19, 23:18:04, 23.73, 45.83
2019-02-19, 23:18:05, 23.72, 45.79
2019-02-19, 23:18:06, 23.74, 45.8
2019-02-19, 23:18:08, 23.74, 45.83
2019-02-19, 23:18:09, 23.72, 45.82
2019-02-19, 23:18:11, 23.72, 45.82
2019-02-19, 23:18:12, 23.73, 45.83
2019-02-19, 23:18:13, 23.72, 45.82
2019-02-19, 23:18:15, 23.75, 45.83
2019-02-19, 23:18:16, 23.74, 45.83
2019-02-19, 23:18:17, 23.73, 45.83
2019-02-19, 23:18:19, 23.73, 45.83
2019-02-19, 23:18:20, 23.72, 45.86
2019-02-19, 23:18:21, 23.72, 45.86
2019-02-19, 23:18:23, 23.73, 45.86
2019-02-19, 23:18:24, 23.73, 45.86
2019-02-19, 23:18:25, 23.72, 45.82
2019-02-19, 23:18:27, 23.72, 45.86
2019-02-19, 23:18:28, 23.72, 45.86
2019-02-19, 23:18:29, 23.58, 45.84
2019-02-19, 23:18:31, 23.68, 45.92
2019-02-19, 23:18:32, 23.7, 45.92
2019-02-19, 23:18:34, 23.7, 45.92
2019-02-19, 23:18:35, 23.71, 45.92
2019-02-19, 23:18:36, 23.72, 45.92
2019-02-19, 23:18:38, 23.72, 45.92
2019-02-19, 23:18:39, 23.72, 45.92
2019-02-19, 23:18:40, 23.72, 45.89
2019-02-19, 23:18:42, 23.72, 45.89
2019-02-19, 23:18:43, 23.72, 45.89
2019-02-19, 23:18:44, 23.72, 45.86
2019-02-19, 23:18:46, 23.71, 45.89
2019-02-19, 23:18:47, 23.73, 45.89
2019-02-19, 23:18:48, 23.72, 45.92
2019-02-19, 23:18:50, 23.73, 45.89
2019-02-19, 23:18:51, 23.72, 45.86
2019-02-19, 23:18:52, 23.72, 45.86
2019-02-19, 23:18:54, 23.72, 45.86
2019-02-19, 23:18:55, 23.72, 45.86
2019-02-19, 23:18:57, 23.72, 45.86
2019-02-19, 23:18:58, 23.71, 45.86
2019-02-19, 23:18:59, 23.55, 45.9
2019-02-19, 23:19:01, 23.67, 45.92
2019-02-19, 23:19:02, 23.68, 45.95
2019-02-19, 23:19:03, 23.7, 45.92
2019-02-19, 23:19:05, 23.68, 45.92
2019-02-19, 23:19:06, 23.7, 45.92
2019-02-19, 23:19:07, 23.71, 45.92
2019-02-19, 23:19:09, 23.72, 45.92
2019-02-19, 23:19:10, 23.71, 45.89
2019-02-19, 23:19:11, 23.72, 45.89
2019-02-19, 23:19:13, 23.71, 45.89
2019-02-19, 23:19:14, 23.71, 45.89
2019-02-19, 23:19:15, 23.72, 45.86
2019-02-19, 23:19:17, 23.72, 45.89
2019-02-19, 23:19:18, 23.73, 45.89
2019-02-19, 23:19:20, 23.73, 45.86
2019-02-19, 23:19:21, 23.72, 45.86
2019-02-19, 23:19:22, 23.72, 45.86
2019-02-19, 23:19:24, 23.73, 45.86
2019-02-19, 23:19:25, 23.72, 45.86
2019-02-19, 23:19:26, 23.73, 45.86
2019-02-19, 23:19:28, 23.72, 45.86
2019-02-19, 23:19:29, 23.72, 45.86
2019-02-19, 23:19:30, 23.73, 45.86
2019-02-19, 23:19:32, 23.72, 45.86
2019-02-19, 23:19:33, 23.72, 45.86
2019-02-19, 23:19:34, 23.72, 45.86
2019-02-19, 23:19:36, 23.73, 45.86
2019-02-19, 23:19:37, 23.73, 45.86
2019-02-19, 23:19:39, 23.72, 45.86
2019-02-19, 23:19:40, 23.72, 45.86
2019-02-19, 23:19:41, 23.72, 45.86
2019-02-19, 23:19:43, 23.73, 45.86
2019-02-19, 23:19:44, 23.73, 45.86
2019-02-19, 23:19:45, 23.72, 45.82
2019-02-19, 23:19:47, 23.72, 45.86
2019-02-19, 23:19:48, 23.72, 45.86
2019-02-19, 23:19:49, 23.72, 45.86
2019-02-19, 23:19:51, 23.74, 45.86
2019-02-19, 23:19:52, 23.72, 45.86
2019-02-19, 23:19:53, 23.73, 45.86
2019-02-19, 23:19:55, 23.72, 45.86
2019-02-19, 23:19:56, 23.72, 45.86
2019-02-19, 23:19:57, 23.73, 45.86
2019-02-19, 23:19:59, 23.72, 45.89
2019-02-19, 23:20:00, 23.72, 45.86
2019-02-19, 23:20:02, 23.72, 45.86
2019-02-19, 23:20:03, 23.72, 45.86
2019-02-19, 23:20:04, 23.72, 45.86
2019-02-19, 23:20:06, 23.72, 45.86
2019-02-19, 23:20:07, 23.73, 45.86
2019-02-19, 23:20:08, 23.74, 45.86
2019-02-19, 23:20:10, 23.74, 45.86
2019-02-19, 23:20:11, 23.72, 45.86
2019-02-19, 23:20:12, 23.72, 45.86
2019-02-19, 23:20:14, 23.72, 45.86
2019-02-19, 23:20:15, 23.72, 45.86
2019-02-19, 23:20:16, 23.72, 45.86
2019-02-19, 23:20:18, 23.72, 45.86
2019-02-19, 23:20:19, 23.72, 45.86
2019-02-19, 23:20:20, 23.73, 45.86
2019-02-19, 23:20:22, 23.71, 45.89
2019-02-19, 23:20:23, 23.72, 45.89
2019-02-19, 23:20:25, 23.72, 45.89
2019-02-19, 23:20:26, 23.72, 45.89
2019-02-19, 23:20:27, 23.72, 45.89
2019-02-19, 23:20:29, 23.72, 45.86
2019-02-19, 23:20:30, 23.72, 45.86
2019-02-19, 23:20:31, 23.72, 45.89
2019-02-19, 23:20:33, 23.72, 45.89
2019-02-19, 23:20:34, 23.72, 45.92
2019-02-19, 23:20:35, 23.72, 45.89
2019-02-19, 23:20:37, 23.73, 45.89
2019-02-19, 23:20:38, 23.72, 45.89
2019-02-19, 23:20:39, 23.73, 45.89
2019-02-19, 23:20:41, 23.73, 45.89
2019-02-19, 23:20:42, 23.72, 45.89
2019-02-19, 23:20:44, 23.74, 45.89
2019-02-19, 23:20:45, 23.72, 45.89
2019-02-19, 23:20:46, 23.71, 45.89
2019-02-19, 23:20:48, 23.72, 45.89
2019-02-19, 23:20:49, 23.71, 45.89
2019-02-19, 23:20:50, 23.74, 45.89
2019-02-19, 23:20:52, 23.74, 45.89
2019-02-19, 23:20:53, 23.74, 45.89
2019-02-19, 23:20:54, 23.73, 45.89
2019-02-19, 23:20:56, 23.73, 45.89
2019-02-19, 23:20:57, 23.74, 45.89
2019-02-19, 23:20:58, 23.74, 45.86
2019-02-19, 23:21:00, 23.73, 45.89
2019-02-19, 23:21:01, 23.74, 45.92
2019-02-19, 23:21:02, 23.73, 45.89
2019-02-19, 23:21:04, 23.72, 45.89
2019-02-19, 23:21:05, 23.73, 45.89
2019-02-19, 23:21:07, 23.74, 45.89
2019-02-19, 23:21:08, 23.73, 45.89
2019-02-19, 23:21:09, 23.73, 45.89
2019-02-19, 23:21:11, 23.73, 45.89
2019-02-19, 23:21:12, 23.72, 45.89
2019-02-19, 23:21:13, 23.72, 45.89
2019-02-19, 23:21:15, 23.73, 45.89
2019-02-19, 23:21:16, 23.72, 45.89
2019-02-19, 23:21:17, 23.73, 45.92
2019-02-19, 23:21:19, 23.72, 45.86
2019-02-19, 23:21:20, 23.72, 45.92
2019-02-19, 23:21:21, 23.72, 45.89
2019-02-19, 23:21:23, 23.73, 45.89
2019-02-19, 23:21:24, 23.72, 45.89
2019-02-19, 23:21:25, 23.73, 45.89
2019-02-19, 23:21:27, 23.7, 45.89
2019-02-19, 23:21:28, 23.72, 45.92
2019-02-19, 23:21:30, 23.72, 45.92
2019-02-19, 23:21:31, 23.73, 45.89
2019-02-19, 23:21:32, 23.73, 45.89
2019-02-19, 23:21:34, 23.72, 45.89
2019-02-19, 23:21:35, 23.72, 45.89
2019-02-19, 23:21:36, 23.73, 45.89
2019-02-19, 23:21:38, 23.74, 45.86
2019-02-19, 23:21:39, 23.72, 45.89
2019-02-19, 23:21:40, 23.73, 45.89
2019-02-19, 23:21:42, 23.72, 45.89
2019-02-19, 23:21:43, 23.73, 45.89
2019-02-19, 23:21:44, 23.71, 45.89
2019-02-19, 23:21:46, 23.73, 45.92
2019-02-19, 23:21:47, 23.73, 45.92
2019-02-19, 23:21:48, 23.72, 45.89
2019-02-19, 23:21:50, 23.73, 45.92
2019-02-19, 23:21:51, 23.7, 45.89
2019-02-19, 23:21:53, 23.72, 45.89
2019-02-19, 23:21:54, 23.72, 45.92
2019-02-19, 23:21:55, 23.73, 45.89
2019-02-19, 23:21:57, 23.65, 45.91
2019-02-19, 23:21:58, 23.71, 45.92
2019-02-19, 23:21:59, 23.71, 45.92
2019-02-19, 23:22:01, 23.72, 45.92
2019-02-19, 23:22:02, 23.72, 45.92
2019-02-19, 23:22:03, 23.73, 45.89
2019-02-19, 23:22:05, 23.72, 45.89
2019-02-19, 23:22:06, 23.73, 45.89
2019-02-19, 23:22:07, 23.72, 45.89
2019-02-19, 23:22:09, 23.73, 45.89
2019-02-19, 23:22:10, 23.72, 45.89
2019-02-19, 23:22:12, 23.72, 45.86
2019-02-19, 23:22:13, 23.74, 45.86
2019-02-19, 23:22:14, 23.74, 45.89
2019-02-19, 23:22:16, 23.73, 45.89
2019-02-19, 23:22:17, 23.73, 45.89
2019-02-19, 23:22:18, 23.73, 45.86
2019-02-19, 23:22:20, 23.73, 45.89
2019-02-19, 23:22:21, 23.72, 45.89
2019-02-19, 23:22:22, 23.71, 45.89
2019-02-19, 23:22:24, 23.72, 45.89
2019-02-19, 23:22:25, 23.72, 45.92
2019-02-19, 23:22:26, 23.72, 45.89
2019-02-19, 23:22:28, 23.73, 45.89
2019-02-19, 23:22:29, 23.73, 45.92
2019-02-19, 23:22:30, 23.72, 45.89
2019-02-19, 23:22:32, 23.56, 45.9
2019-02-19, 23:22:33, 23.68, 45.95
2019-02-19, 23:22:35, 23.69, 45.98
2019-02-19, 23:22:36, 23.7, 45.98
2019-02-19, 23:22:37, 23.71, 45.95
2019-02-19, 23:22:39, 23.72, 45.95
2019-02-19, 23:22:40, 23.72, 45.92
2019-02-19, 23:22:41, 23.7, 45.92
2019-02-19, 23:22:43, 23.71, 45.95
2019-02-19, 23:22:44, 23.71, 45.95
2019-02-19, 23:22:45, 23.71, 45.92
2019-02-19, 23:22:47, 23.7, 45.92
2019-02-19, 23:22:48, 23.7, 45.92
2019-02-19, 23:22:49, 23.72, 45.92
2019-02-19, 23:22:51, 23.7, 45.89
2019-02-19, 23:22:52, 23.71, 45.89
2019-02-19, 23:22:53, 23.7, 45.89
2019-02-19, 23:22:55, 23.7, 45.89
2019-02-19, 23:22:56, 23.6, 45.87
2019-02-19, 23:22:58, 23.68, 45.92
2019-02-19, 23:22:59, 23.7, 45.92
2019-02-19, 23:23:00, 23.7, 45.92
2019-02-19, 23:23:02, 23.7, 45.92
2019-02-19, 23:23:03, 23.71, 45.92
2019-02-19, 23:23:04, 23.72, 45.92
2019-02-19, 23:23:06, 23.71, 45.92
2019-02-19, 23:23:07, 23.72, 45.92
2019-02-19, 23:23:08, 23.71, 45.92
2019-02-19, 23:23:10, 23.72, 45.92
2019-02-19, 23:23:11, 23.72, 45.89
2019-02-19, 23:23:12, 23.72, 45.92
2019-02-19, 23:23:14, 23.72, 45.92
2019-02-19, 23:23:15, 23.73, 45.89
2019-02-19, 23:23:17, 23.72, 45.89
2019-02-19, 23:23:18, 23.72, 45.92
2019-02-19, 23:23:19, 23.74, 45.92
2019-02-19, 23:23:21, 23.73, 45.89
2019-02-19, 23:23:22, 23.72, 45.92
2019-02-19, 23:23:23, 23.73, 45.92
2019-02-19, 23:23:25, 23.72, 45.89
2019-02-19, 23:23:26, 23.72, 45.89
2019-02-19, 23:23:27, 23.73, 45.89
2019-02-19, 23:23:29, 23.72, 45.89
2019-02-19, 23:23:30, 23.72, 45.89
2019-02-19, 23:23:31, 23.73, 45.86
2019-02-19, 23:23:33, 23.73, 45.89
2019-02-19, 23:23:34, 23.73, 45.89
2019-02-19, 23:23:35, 23.72, 45.89
2019-02-19, 23:23:37, 23.72, 45.92
2019-02-19, 23:23:38, 23.72, 45.89
2019-02-19, 23:23:40, 23.72, 45.92
2019-02-19, 23:23:41, 23.72, 45.92
2019-02-19, 23:23:42, 23.71, 45.89
2019-02-19, 23:23:44, 23.72, 45.92
2019-02-19, 23:23:45, 23.72, 45.86
2019-02-19, 23:23:46, 23.71, 45.89
2019-02-19, 23:23:48, 23.71, 45.86
2019-02-19, 23:23:49, 23.72, 45.86
2019-02-19, 23:23:50, 23.71, 45.86
2019-02-19, 23:23:52, 23.72, 45.86
2019-02-19, 23:23:53, 23.71, 45.86
2019-02-19, 23:23:54, 23.71, 45.86
2019-02-19, 23:23:56, 23.72, 45.86
2019-02-19, 23:23:57, 23.72, 45.86
2019-02-19, 23:23:58, 23.72, 45.86
2019-02-19, 23:24:00, 23.72, 45.89
2019-02-19, 23:24:01, 23.73, 45.86
2019-02-19, 23:24:03, 23.72, 45.86
2019-02-19, 23:24:04, 23.72, 45.89
2019-02-19, 23:24:05, 23.71, 45.86
2019-02-19, 23:24:07, 23.72, 45.86
2019-02-19, 23:24:08, 23.72, 45.86
2019-02-19, 23:24:09, 23.71, 45.86
2019-02-19, 23:24:11, 23.72, 45.86
2019-02-19, 23:24:12, 23.72, 45.86
2019-02-19, 23:24:13, 23.71, 45.86
2019-02-19, 23:24:15, 23.72, 45.86
2019-02-19, 23:24:16, 23.73, 45.86
2019-02-19, 23:24:17, 23.72, 45.86
2019-02-19, 23:24:19, 23.72, 45.86
2019-02-19, 23:24:20, 23.72, 45.86
2019-02-19, 23:24:21, 23.71, 45.86
2019-02-19, 23:24:23, 23.73, 45.89
2019-02-19, 23:24:24, 23.72, 45.86
2019-02-19, 23:24:26, 23.72, 45.86
2019-02-19, 23:24:27, 23.71, 45.86
2019-02-19, 23:24:28, 23.71, 45.86
2019-02-19, 23:24:30, 23.71, 45.86
2019-02-19, 23:24:31, 23.71, 45.89
2019-02-19, 23:24:32, 23.7, 45.85
2019-02-19, 23:24:34, 23.71, 45.89
2019-02-19, 23:24:35, 23.71, 45.89
2019-02-19, 23:24:36, 23.72, 45.89
2019-02-19, 23:24:38, 23.72, 45.89
2019-02-19, 23:24:39, 23.71, 45.89
2019-02-19, 23:24:40, 23.7, 45.85
2019-02-19, 23:24:42, 23.72, 45.89
2019-02-19, 23:24:43, 23.71, 45.89
2019-02-19, 23:24:45, 23.71, 45.89
2019-02-19, 23:24:46, 23.72, 45.86
2019-02-19, 23:24:47, 23.72, 45.89
2019-02-19, 23:24:49, 23.73, 45.86
2019-02-19, 23:24:50, 23.7, 45.85
2019-02-19, 23:24:51, 23.7, 45.85
2019-02-19, 23:24:53, 23.72, 45.89
2019-02-19, 23:24:54, 23.72, 45.89
2019-02-19, 23:24:55, 23.72, 45.89
2019-02-19, 23:24:57, 23.72, 45.89
2019-02-19, 23:24:58, 23.71, 45.89
2019-02-19, 23:24:59, 23.72, 45.89
2019-02-19, 23:25:01, 23.72, 45.86
2019-02-19, 23:25:02, 23.71, 45.86
2019-02-19, 23:25:03, 23.72, 45.89
2019-02-19, 23:25:05, 23.71, 45.89
2019-02-19, 23:25:06, 23.72, 45.89
2019-02-19, 23:25:08, 23.72, 45.89
2019-02-19, 23:25:09, 23.73, 45.89
2019-02-19, 23:25:10, 23.72, 45.89
2019-02-19, 23:25:12, 23.72, 45.86
2019-02-19, 23:25:13, 23.72, 45.89
2019-02-19, 23:25:14, 23.71, 45.89
2019-02-19, 23:25:16, 23.72, 45.89
2019-02-19, 23:25:17, 23.71, 45.86
2019-02-19, 23:25:18, 23.72, 45.89
2019-02-19, 23:25:20, 23.73, 45.89
2019-02-19, 23:25:21, 23.72, 45.86
2019-02-19, 23:25:22, 23.72, 45.86
2019-02-19, 23:25:24, 23.72, 45.86
2019-02-19, 23:25:25, 23.73, 45.86
2019-02-19, 23:25:26, 23.73, 45.89
2019-02-19, 23:25:28, 23.74, 45.89
2019-02-19, 23:25:29, 23.73, 45.86
2019-02-19, 23:25:31, 23.73, 45.86
2019-02-19, 23:25:32, 23.73, 45.86
2019-02-19, 23:25:33, 23.72, 45.86
2019-02-19, 23:25:35, 23.72, 45.86
2019-02-19, 23:25:36, 23.72, 45.86
2019-02-19, 23:25:37, 23.71, 45.86
2019-02-19, 23:25:39, 23.72, 45.86
2019-02-19, 23:25:40, 23.72, 45.86
2019-02-19, 23:25:41, 23.72, 45.86
2019-02-19, 23:25:43, 23.73, 45.89
2019-02-19, 23:25:44, 23.71, 45.86
2019-02-19, 23:25:45, 23.72, 45.89
2019-02-19, 23:25:47, 23.72, 45.86
2019-02-19, 23:25:48, 23.72, 45.86
2019-02-19, 23:25:49, 23.72, 45.89
2019-02-19, 23:25:51, 23.73, 45.86
2019-02-19, 23:25:52, 23.73, 45.86
2019-02-19, 23:25:54, 23.73, 45.86
2019-02-19, 23:25:55, 23.73, 45.89
2019-02-19, 23:25:56, 23.73, 45.86
2019-02-19, 23:25:58, 23.73, 45.86
2019-02-19, 23:25:59, 23.74, 45.86
2019-02-19, 23:26:00, 23.73, 45.86
2019-02-19, 23:26:02, 23.74, 45.86
2019-02-19, 23:26:03, 23.73, 45.86
2019-02-19, 23:26:04, 23.72, 45.86
2019-02-19, 23:26:06, 23.72, 45.86
2019-02-19, 23:26:07, 23.73, 45.83
2019-02-19, 23:26:08, 23.74, 45.86
2019-02-19, 23:26:10, 23.73, 45.83
2019-02-19, 23:26:11, 23.73, 45.83
2019-02-19, 23:26:13, 23.73, 45.83
2019-02-19, 23:26:14, 23.73, 45.86
2019-02-19, 23:26:15, 23.74, 45.86
2019-02-19, 23:26:17, 23.74, 45.86
2019-02-19, 23:26:18, 23.74, 45.83
2019-02-19, 23:26:19, 23.74, 45.83
2019-02-19, 23:26:21, 23.74, 45.83
2019-02-19, 23:26:22, 23.75, 45.83
2019-02-19, 23:26:23, 23.74, 45.86
2019-02-19, 23:26:25, 23.74, 45.86
2019-02-19, 23:26:26, 23.73, 45.86
2019-02-19, 23:26:27, 23.74, 45.86
2019-02-19, 23:26:29, 23.75, 45.86
2019-02-19, 23:26:30, 23.73, 45.86
2019-02-19, 23:26:31, 23.73, 45.86
2019-02-19, 23:26:33, 23.74, 45.86
2019-02-19, 23:26:34, 23.74, 45.86
2019-02-19, 23:26:36, 23.74, 45.86
2019-02-19, 23:26:37, 23.73, 45.86
2019-02-19, 23:26:38, 23.73, 45.86
2019-02-19, 23:26:40, 23.72, 45.86
2019-02-19, 23:26:41, 23.73, 45.86
2019-02-19, 23:26:42, 23.74, 45.86
2019-02-19, 23:26:44, 23.73, 45.86
2019-02-19, 23:26:45, 23.75, 45.86
2019-02-19, 23:26:46, 23.74, 45.86
2019-02-19, 23:26:48, 23.73, 45.86
2019-02-19, 23:26:49, 23.73, 45.86
2019-02-19, 23:26:50, 23.74, 45.86
2019-02-19, 23:26:52, 23.74, 45.86
2019-02-19, 23:26:53, 23.73, 45.86
2019-02-19, 23:26:54, 23.74, 45.86
2019-02-19, 23:26:56, 23.74, 45.86
2019-02-19, 23:26:57, 23.72, 45.86
2019-02-19, 23:26:59, 23.74, 45.86
2019-02-19, 23:27:00, 23.74, 45.86
2019-02-19, 23:27:01, 23.74, 45.86
2019-02-19, 23:27:03, 23.74, 45.86
2019-02-19, 23:27:04, 23.74, 45.86
2019-02-19, 23:27:05, 23.74, 45.86
2019-02-19, 23:27:07, 23.74, 45.86
2019-02-19, 23:27:08, 23.73, 45.86
2019-02-19, 23:27:09, 23.74, 45.86
2019-02-19, 23:27:11, 23.75, 45.86
2019-02-19, 23:27:12, 23.75, 45.86
2019-02-19, 23:27:13, 23.74, 45.86
2019-02-19, 23:27:15, 23.75, 45.86
2019-02-19, 23:27:16, 23.74, 45.86
2019-02-19, 23:27:17, 23.76, 45.86
2019-02-19, 23:27:19, 23.75, 45.86
2019-02-19, 23:27:20, 23.75, 45.86
2019-02-19, 23:27:22, 23.74, 45.83
2019-02-19, 23:27:23, 23.75, 45.86
2019-02-19, 23:27:24, 23.74, 45.86
2019-02-19, 23:27:26, 23.75, 45.83
2019-02-19, 23:27:27, 23.75, 45.83
2019-02-19, 23:27:28, 23.74, 45.83
2019-02-19, 23:27:30, 23.73, 45.83
2019-02-19, 23:27:31, 23.74, 45.83
2019-02-19, 23:27:32, 23.74, 45.8
2019-02-19, 23:27:34, 23.74, 45.83
2019-02-19, 23:27:35, 23.74, 45.8
2019-02-19, 23:27:36, 23.74, 45.8
2019-02-19, 23:27:38, 23.75, 45.83
2019-02-19, 23:27:39, 23.75, 45.83
2019-02-19, 23:27:40, 23.75, 45.8
2019-02-19, 23:27:42, 23.75, 45.8
2019-02-19, 23:27:43, 23.74, 45.8
2019-02-19, 23:27:45, 23.76, 45.8
2019-02-19, 23:27:46, 23.75, 45.8
2019-02-19, 23:27:47, 23.74, 45.83
2019-02-19, 23:27:49, 23.74, 45.8
2019-02-19, 23:27:50, 23.74, 45.8
2019-02-19, 23:27:51, 23.74, 45.8
2019-02-19, 23:27:53, 23.7, 45.82
2019-02-19, 23:27:54, 23.73, 45.83
2019-02-19, 23:27:55, 23.74, 45.83
2019-02-19, 23:27:57, 23.73, 45.83
2019-02-19, 23:27:58, 23.74, 45.83
2019-02-19, 23:27:59, 23.74, 45.83
2019-02-19, 23:28:01, 23.74, 45.83
2019-02-19, 23:28:02, 23.74, 45.83
2019-02-19, 23:28:03, 23.74, 45.8
2019-02-19, 23:28:05, 23.75, 45.8
2019-02-19, 23:28:06, 23.75, 45.83
2019-02-19, 23:28:08, 23.75, 45.83
2019-02-19, 23:28:09, 23.74, 45.8
2019-02-19, 23:28:10, 23.74, 45.8
2019-02-19, 23:28:12, 23.74, 45.83
2019-02-19, 23:28:13, 23.75, 45.8
2019-02-19, 23:28:14, 23.75, 45.8
2019-02-19, 23:28:16, 23.75, 45.8
2019-02-19, 23:28:17, 23.75, 45.83
2019-02-19, 23:28:18, 23.77, 45.83
2019-02-19, 23:28:20, 23.76, 45.83
2019-02-19, 23:28:21, 23.74, 45.8
2019-02-19, 23:28:22, 23.66, 45.82
2019-02-19, 23:28:24, 23.73, 45.83
2019-02-19, 23:28:25, 23.74, 45.83
2019-02-19, 23:28:26, 23.73, 45.83
2019-02-19, 23:28:28, 23.72, 45.82
2019-02-19, 23:28:29, 23.74, 45.83
2019-02-19, 23:28:31, 23.72, 45.82
2019-02-19, 23:28:32, 23.73, 45.83
2019-02-19, 23:28:33, 23.74, 45.83
2019-02-19, 23:28:35, 23.74, 45.83
2019-02-19, 23:28:36, 23.74, 45.83
2019-02-19, 23:28:37, 23.74, 45.8
2019-02-19, 23:28:39, 23.74, 45.83
2019-02-19, 23:28:40, 23.74, 45.83
2019-02-19, 23:28:41, 23.74, 45.83
2019-02-19, 23:28:43, 23.74, 45.83
2019-02-19, 23:28:44, 23.74, 45.83
2019-02-19, 23:28:45, 23.73, 45.83
2019-02-19, 23:28:47, 23.74, 45.83
2019-02-19, 23:28:48, 23.72, 45.82
2019-02-19, 23:28:49, 23.72, 45.82
2019-02-19, 23:28:51, 23.72, 45.79
2019-02-19, 23:28:52, 23.62, 45.81
2019-02-19, 23:28:54, 23.69, 45.85
2019-02-19, 23:28:55, 23.7, 45.85
2019-02-19, 23:28:56, 23.71, 45.86
2019-02-19, 23:28:58, 23.71, 45.86
2019-02-19, 23:28:59, 23.7, 45.85
2019-02-19, 23:29:00, 23.7, 45.85
2019-02-19, 23:29:02, 23.72, 45.86
2019-02-19, 23:29:03, 23.73, 45.86
2019-02-19, 23:29:04, 23.72, 45.86
2019-02-19, 23:29:06, 23.72, 45.86
2019-02-19, 23:29:07, 23.72, 45.86
2019-02-19, 23:29:08, 23.73, 45.86
2019-02-19, 23:29:10, 23.73, 45.83
2019-02-19, 23:29:11, 23.74, 45.83
2019-02-19, 23:29:13, 23.73, 45.83
2019-02-19, 23:29:14, 23.73, 45.79
2019-02-19, 23:29:15, 23.73, 45.79
2019-02-19, 23:29:17, 23.73, 45.79
2019-02-19, 23:29:18, 23.74, 45.83
2019-02-19, 23:29:19, 23.74, 45.83
2019-02-19, 23:29:21, 23.74, 45.8
2019-02-19, 23:29:22, 23.73, 45.83
2019-02-19, 23:29:23, 23.74, 45.8
2019-02-19, 23:29:25, 23.74, 45.83
2019-02-19, 23:29:26, 23.74, 45.83
2019-02-19, 23:29:27, 23.74, 45.83
2019-02-19, 23:29:29, 23.73, 45.83
2019-02-19, 23:29:30, 23.73, 45.83
2019-02-19, 23:29:31, 23.74, 45.83
2019-02-19, 23:29:33, 23.74, 45.83
2019-02-19, 23:29:34, 23.74, 45.8
2019-02-19, 23:29:36, 23.75, 45.83
2019-02-19, 23:29:37, 23.74, 45.83
2019-02-19, 23:29:38, 23.75, 45.83
2019-02-19, 23:29:40, 23.75, 45.8
2019-02-19, 23:29:41, 23.75, 45.8
2019-02-19, 23:29:42, 23.74, 45.8
2019-02-19, 23:29:44, 23.75, 45.8
2019-02-19, 23:29:45, 23.75, 45.8
2019-02-19, 23:29:46, 23.74, 45.8
2019-02-19, 23:29:48, 23.74, 45.8
2019-02-19, 23:29:49, 23.74, 45.8
2019-02-19, 23:29:50, 23.75, 45.8
2019-02-19, 23:29:52, 23.62, 45.81
2019-02-19, 23:29:53, 23.72, 45.86
2019-02-19, 23:29:54, 23.73, 45.86
2019-02-19, 23:29:56, 23.74, 45.86
2019-02-19, 23:29:57, 23.75, 45.86
2019-02-19, 23:29:59, 23.74, 45.86
2019-02-19, 23:30:00, 23.73, 45.86
2019-02-19, 23:30:01, 23.73, 45.83
2019-02-19, 23:30:03, 23.75, 45.83
2019-02-19, 23:30:04, 23.73, 45.83
2019-02-19, 23:30:05, 23.75, 45.83
2019-02-19, 23:30:07, 23.75, 45.8
2019-02-19, 23:30:08, 23.73, 45.79
2019-02-19, 23:30:09, 23.75, 45.8
2019-02-19, 23:30:11, 23.74, 45.8
2019-02-19, 23:30:12, 23.75, 45.8
2019-02-19, 23:30:13, 23.73, 45.79
2019-02-19, 23:30:15, 23.74, 45.8
2019-02-19, 23:30:16, 23.75, 45.8
2019-02-19, 23:30:18, 23.75, 45.8
2019-02-19, 23:30:19, 23.75, 45.8
2019-02-19, 23:30:20, 23.75, 45.8
2019-02-19, 23:30:22, 23.75, 45.8
2019-02-19, 23:30:23, 23.75, 45.8
2019-02-19, 23:30:24, 23.76, 45.77
2019-02-19, 23:30:26, 23.76, 45.8
2019-02-19, 23:30:27, 23.76, 45.8
2019-02-19, 23:30:28, 23.76, 45.8
2019-02-19, 23:30:30, 23.76, 45.8
2019-02-19, 23:30:31, 23.76, 45.8
2019-02-19, 23:30:32, 23.76, 45.77
2019-02-19, 23:30:34, 23.77, 45.8
2019-02-19, 23:30:35, 23.77, 45.8
2019-02-19, 23:30:36, 23.77, 45.8
2019-02-19, 23:30:38, 23.76, 45.8
2019-02-19, 23:30:39, 23.77, 45.8
2019-02-19, 23:30:41, 23.76, 45.8
2019-02-19, 23:30:42, 23.76, 45.8
2019-02-19, 23:30:43, 23.77, 45.8
2019-02-19, 23:30:45, 23.75, 45.8
2019-02-19, 23:30:46, 23.74, 45.8
2019-02-19, 23:30:47, 23.76, 45.8
2019-02-19, 23:30:49, 23.75, 45.8
2019-02-19, 23:30:50, 23.76, 45.8
2019-02-19, 23:30:51, 23.6, 45.81
2019-02-19, 23:30:53, 23.7, 45.85
2019-02-19, 23:30:54, 23.73, 45.86
2019-02-19, 23:30:55, 23.73, 45.86
2019-02-19, 23:30:57, 23.74, 45.86
2019-02-19, 23:30:58, 23.73, 45.86
2019-02-19, 23:31:00, 23.74, 45.83
2019-02-19, 23:31:01, 23.75, 45.8
2019-02-19, 23:31:02, 23.75, 45.8
2019-02-19, 23:31:04, 23.75, 45.8
2019-02-19, 23:31:05, 23.74, 45.8
2019-02-19, 23:31:06, 23.75, 45.8
2019-02-19, 23:31:08, 23.74, 45.8
2019-02-19, 23:31:09, 23.76, 45.8
2019-02-19, 23:31:10, 23.76, 45.8
2019-02-19, 23:31:12, 23.76, 45.8
2019-02-19, 23:31:13, 23.75, 45.8
2019-02-19, 23:31:14, 23.76, 45.8
2019-02-19, 23:31:16, 23.76, 45.8
2019-02-19, 23:31:17, 23.76, 45.8
2019-02-19, 23:31:18, 23.76, 45.8
2019-02-19, 23:31:20, 23.77, 45.77
2019-02-19, 23:31:21, 23.76, 45.8
2019-02-19, 23:31:23, 23.76, 45.8
2019-02-19, 23:31:24, 23.76, 45.8
2019-02-19, 23:31:25, 23.77, 45.8
2019-02-19, 23:31:27, 23.77, 45.8
2019-02-19, 23:31:28, 23.77, 45.8
2019-02-19, 23:31:29, 23.76, 45.8
2019-02-19, 23:31:31, 23.76, 45.77
2019-02-19, 23:31:32, 23.77, 45.8
2019-02-19, 23:31:33, 23.77, 45.77
2019-02-19, 23:31:35, 23.76, 45.77
2019-02-19, 23:31:36, 23.76, 45.77
2019-02-19, 23:31:37, 23.76, 45.77
2019-02-19, 23:31:39, 23.77, 45.77
2019-02-19, 23:31:40, 23.76, 45.77
2019-02-19, 23:31:41, 23.76, 45.77
2019-02-19, 23:31:43, 23.75, 45.8
2019-02-19, 23:31:44, 23.77, 45.77
2019-02-19, 23:31:46, 23.75, 45.8
2019-02-19, 23:31:47, 23.76, 45.77
2019-02-19, 23:31:48, 23.76, 45.8
2019-02-19, 23:31:50, 23.76, 45.8
2019-02-19, 23:31:51, 23.75, 45.8
2019-02-19, 23:31:52, 23.76, 45.77
2019-02-19, 23:31:54, 23.76, 45.8
2019-02-19, 23:31:55, 23.77, 45.8
2019-02-19, 23:31:56, 23.76, 45.77
2019-02-19, 23:31:58, 23.77, 45.8
2019-02-19, 23:31:59, 23.77, 45.8
2019-02-19, 23:32:00, 23.77, 45.77
2019-02-19, 23:32:02, 23.77, 45.77
2019-02-19, 23:32:03, 23.77, 45.8
2019-02-19, 23:32:05, 23.77, 45.77
2019-02-19, 23:32:06, 23.76, 45.8
2019-02-19, 23:32:07, 23.77, 45.77
2019-02-19, 23:32:09, 23.77, 45.77
2019-02-19, 23:32:10, 23.78, 45.8
2019-02-19, 23:32:11, 23.76, 45.77
2019-02-19, 23:32:13, 23.76, 45.77
2019-02-19, 23:32:14, 23.78, 45.77
2019-02-19, 23:32:15, 23.77, 45.77
2019-02-19, 23:32:17, 23.77, 45.77
2019-02-19, 23:32:18, 23.78, 45.77
2019-02-19, 23:32:19, 23.77, 45.77
2019-02-19, 23:32:21, 23.78, 45.77
2019-02-19, 23:32:22, 23.78, 45.74
2019-02-19, 23:32:23, 23.76, 45.77
2019-02-19, 23:32:25, 23.77, 45.77
2019-02-19, 23:32:26, 23.78, 45.77
2019-02-19, 23:32:28, 23.77, 45.8
2019-02-19, 23:32:29, 23.77, 45.77
2019-02-19, 23:32:30, 23.78, 45.77
2019-02-19, 23:32:32, 23.77, 45.77
2019-02-19, 23:32:33, 23.78, 45.77
2019-02-19, 23:32:34, 23.78, 45.77
2019-02-19, 23:32:36, 23.78, 45.77
2019-02-19, 23:32:37, 23.78, 45.77
2019-02-19, 23:32:38, 23.78, 45.74
2019-02-19, 23:32:40, 23.78, 45.74
2019-02-19, 23:32:41, 23.78, 45.74
2019-02-19, 23:32:42, 23.78, 45.74
2019-02-19, 23:32:44, 23.78, 45.74
2019-02-19, 23:32:45, 23.77, 45.73
2019-02-19, 23:32:47, 23.79, 45.74
2019-02-19, 23:32:48, 23.78, 45.74
2019-02-19, 23:32:49, 23.77, 45.73
2019-02-19, 23:32:51, 23.77, 45.73
2019-02-19, 23:32:52, 23.78, 45.74
2019-02-19, 23:32:53, 23.78, 45.74
2019-02-19, 23:32:55, 23.79, 45.74
2019-02-19, 23:32:56, 23.78, 45.74
2019-02-19, 23:32:57, 23.78, 45.74
2019-02-19, 23:32:59, 23.76, 45.73
2019-02-19, 23:33:00, 23.79, 45.74
2019-02-19, 23:33:01, 23.79, 45.74
2019-02-19, 23:33:03, 23.77, 45.73
2019-02-19, 23:33:04, 23.78, 45.74
2019-02-19, 23:33:05, 23.79, 45.74
2019-02-19, 23:33:07, 23.78, 45.7
2019-02-19, 23:33:08, 23.78, 45.7
2019-02-19, 23:33:10, 23.78, 45.7
2019-02-19, 23:33:11, 23.78, 45.7
2019-02-19, 23:33:12, 23.78, 45.7
2019-02-19, 23:33:14, 23.79, 45.7
2019-02-19, 23:33:15, 23.78, 45.7
2019-02-19, 23:33:16, 23.78, 45.7
2019-02-19, 23:33:18, 23.79, 45.7
2019-02-19, 23:33:19, 23.8, 45.74
2019-02-19, 23:33:20, 23.79, 45.74
2019-02-19, 23:33:22, 23.79, 45.7
2019-02-19, 23:33:23, 23.79, 45.74
2019-02-19, 23:33:24, 23.64, 45.72
2019-02-19, 23:33:26, 23.74, 45.8
2019-02-19, 23:33:27, 23.76, 45.8
2019-02-19, 23:33:29, 23.77, 45.8
2019-02-19, 23:33:30, 23.78, 45.8
2019-02-19, 23:33:31, 23.77, 45.8
2019-02-19, 23:33:33, 23.77, 45.77
2019-02-19, 23:33:34, 23.77, 45.77
2019-02-19, 23:33:35, 23.79, 45.74
2019-02-19, 23:33:37, 23.77, 45.73
2019-02-19, 23:33:38, 23.79, 45.77
2019-02-19, 23:33:39, 23.79, 45.74
2019-02-19, 23:33:41, 23.79, 45.74
2019-02-19, 23:33:42, 23.78, 45.74
2019-02-19, 23:33:43, 23.79, 45.74
2019-02-19, 23:33:45, 23.78, 45.74
2019-02-19, 23:33:46, 23.78, 45.74
2019-02-19, 23:33:48, 23.76, 45.73
2019-02-19, 23:33:49, 23.68, 45.72
2019-02-19, 23:33:50, 23.76, 45.73
2019-02-19, 23:33:52, 23.75, 45.73
2019-02-19, 23:33:53, 23.77, 45.73
2019-02-19, 23:33:54, 23.77, 45.73
2019-02-19, 23:33:56, 23.78, 45.74
2019-02-19, 23:33:57, 23.78, 45.74
2019-02-19, 23:33:58, 23.78, 45.74
2019-02-19, 23:34:00, 23.78, 45.74
2019-02-19, 23:34:01, 23.77, 45.73
2019-02-19, 23:34:02, 23.78, 45.74
2019-02-19, 23:34:04, 23.78, 45.7
2019-02-19, 23:34:05, 23.79, 45.7
2019-02-19, 23:34:07, 23.79, 45.74
2019-02-19, 23:34:08, 23.78, 45.7
2019-02-19, 23:34:09, 23.77, 45.73
2019-02-19, 23:34:11, 23.79, 45.74
2019-02-19, 23:34:12, 23.78, 45.74
2019-02-19, 23:34:13, 23.79, 45.7
2019-02-19, 23:34:15, 23.78, 45.74
2019-02-19, 23:34:16, 23.78, 45.74
2019-02-19, 23:34:17, 23.78, 45.74
2019-02-19, 23:34:19, 23.78, 45.74
2019-02-19, 23:34:20, 23.78, 45.74
2019-02-19, 23:34:21, 23.78, 45.74
2019-02-19, 23:34:23, 23.77, 45.73
2019-02-19, 23:34:24, 23.63, 45.72
2019-02-19, 23:34:26, 23.72, 45.79
2019-02-19, 23:34:27, 23.76, 45.8
2019-02-19, 23:34:28, 23.76, 45.8
2019-02-19, 23:34:30, 23.76, 45.77
2019-02-19, 23:34:31, 23.76, 45.8
2019-02-19, 23:34:32, 23.76, 45.77
2019-02-19, 23:34:34, 23.77, 45.73
2019-02-19, 23:34:35, 23.76, 45.77
2019-02-19, 23:34:36, 23.76, 45.73
2019-02-19, 23:34:38, 23.77, 45.73
2019-02-19, 23:34:39, 23.77, 45.73
2019-02-19, 23:34:40, 23.77, 45.73
2019-02-19, 23:34:42, 23.77, 45.73
2019-02-19, 23:34:43, 23.78, 45.74
2019-02-19, 23:34:44, 23.78, 45.74
2019-02-19, 23:34:46, 23.78, 45.74
2019-02-19, 23:34:47, 23.78, 45.74
2019-02-19, 23:34:49, 23.78, 45.74
2019-02-19, 23:34:50, 23.78, 45.74
2019-02-19, 23:34:51, 23.78, 45.74
2019-02-19, 23:34:53, 23.78, 45.7
2019-02-19, 23:34:54, 23.78, 45.74
2019-02-19, 23:34:55, 23.78, 45.7
2019-02-19, 23:34:57, 23.76, 45.7
2019-02-19, 23:34:58, 23.78, 45.7
2019-02-19, 23:34:59, 23.78, 45.7
2019-02-19, 23:35:01, 23.78, 45.7
2019-02-19, 23:35:02, 23.76, 45.67
2019-02-19, 23:35:03, 23.78, 45.7
2019-02-19, 23:35:05, 23.79, 45.7
2019-02-19, 23:35:06, 23.78, 45.74
2019-02-19, 23:35:07, 23.79, 45.7
2019-02-19, 23:35:09, 23.78, 45.7
2019-02-19, 23:35:10, 23.78, 45.7
2019-02-19, 23:35:12, 23.78, 45.7
2019-02-19, 23:35:13, 23.8, 45.71
2019-02-19, 23:35:14, 23.79, 45.7
2019-02-19, 23:35:16, 23.8, 45.74
2019-02-19, 23:35:17, 23.78, 45.7
2019-02-19, 23:35:18, 23.78, 45.7
2019-02-19, 23:35:20, 23.78, 45.7
2019-02-19, 23:35:21, 23.78, 45.67
2019-02-19, 23:35:22, 23.8, 45.71
2019-02-19, 23:35:24, 23.8, 45.67
2019-02-19, 23:35:25, 23.8, 45.67
2019-02-19, 23:35:26, 23.8, 45.67
2019-02-19, 23:35:28, 23.79, 45.67
2019-02-19, 23:35:29, 23.79, 45.67
2019-02-19, 23:35:31, 23.79, 45.67
2019-02-19, 23:35:32, 23.8, 45.67
2019-02-19, 23:35:33, 23.8, 45.67
2019-02-19, 23:35:35, 23.78, 45.67
2019-02-19, 23:35:36, 23.79, 45.7
2019-02-19, 23:35:37, 23.79, 45.7
2019-02-19, 23:35:39, 23.8, 45.67
2019-02-19, 23:35:40, 23.79, 45.67
2019-02-19, 23:35:41, 23.8, 45.71
2019-02-19, 23:35:43, 23.79, 45.67
2019-02-19, 23:35:44, 23.79, 45.67
2019-02-19, 23:35:45, 23.8, 45.67
2019-02-19, 23:35:47, 23.8, 45.67
2019-02-19, 23:35:48, 23.64, 45.69
2019-02-19, 23:35:49, 23.75, 45.76
2019-02-19, 23:35:51, 23.77, 45.77
2019-02-19, 23:35:52, 23.78, 45.77
2019-02-19, 23:35:54, 23.78, 45.74
2019-02-19, 23:35:55, 23.8, 45.77
2019-02-19, 23:35:56, 23.79, 45.74
2019-02-19, 23:35:58, 23.78, 45.74
2019-02-19, 23:35:59, 23.78, 45.74
2019-02-19, 23:36:00, 23.8, 45.74
2019-02-19, 23:36:02, 23.79, 45.7
2019-02-19, 23:36:03, 23.79, 45.74
2019-02-19, 23:36:04, 23.8, 45.71
2019-02-19, 23:36:06, 23.8, 45.71
2019-02-19, 23:36:07, 23.78, 45.67
2019-02-19, 23:36:08, 23.8, 45.67
2019-02-19, 23:36:10, 23.8, 45.71
2019-02-19, 23:36:11, 23.78, 45.7
2019-02-19, 23:36:12, 23.79, 45.67
2019-02-19, 23:36:14, 23.8, 45.71
2019-02-19, 23:36:15, 23.8, 45.67
2019-02-19, 23:36:17, 23.79, 45.67
2019-02-19, 23:36:18, 23.8, 45.67
2019-02-19, 23:36:19, 23.8, 45.67
2019-02-19, 23:36:21, 23.8, 45.67
2019-02-19, 23:36:22, 23.8, 45.67
2019-02-19, 23:36:23, 23.8, 45.67
2019-02-19, 23:36:25, 23.8, 45.64
2019-02-19, 23:36:26, 23.8, 45.67
2019-02-19, 23:36:27, 23.8, 45.64
2019-02-19, 23:36:29, 23.8, 45.67
2019-02-19, 23:36:30, 23.8, 45.67
2019-02-19, 23:36:31, 23.8, 45.64
2019-02-19, 23:36:33, 23.81, 45.67
2019-02-19, 23:36:34, 23.81, 45.64
2019-02-19, 23:36:35, 23.8, 45.64
2019-02-19, 23:36:37, 23.81, 45.67
2019-02-19, 23:36:38, 23.81, 45.67
2019-02-19, 23:36:40, 23.79, 45.67
2019-02-19, 23:36:41, 23.8, 45.67
2019-02-19, 23:36:42, 23.8, 45.67
2019-02-19, 23:36:44, 23.8, 45.67
2019-02-19, 23:36:45, 23.79, 45.67
2019-02-19, 23:36:46, 23.8, 45.67
2019-02-19, 23:36:48, 23.8, 45.67
2019-02-19, 23:36:49, 23.81, 45.67
2019-02-19, 23:36:50, 23.81, 45.67
2019-02-19, 23:36:52, 23.81, 45.67
2019-02-19, 23:36:53, 23.81, 45.67
2019-02-19, 23:36:54, 23.81, 45.67
2019-02-19, 23:36:56, 23.81, 45.67
2019-02-19, 23:36:57, 23.82, 45.68
2019-02-19, 23:36:58, 23.8, 45.67
2019-02-19, 23:37:00, 23.8, 45.67
2019-02-19, 23:37:01, 23.8, 45.67
2019-02-19, 23:37:03, 23.8, 45.67
2019-02-19, 23:37:04, 23.8, 45.67
2019-02-19, 23:37:05, 23.81, 45.67
2019-02-19, 23:37:07, 23.81, 45.67
2019-02-19, 23:37:08, 23.79, 45.67
2019-02-19, 23:37:09, 23.8, 45.67
2019-02-19, 23:37:11, 23.8, 45.67
2019-02-19, 23:37:12, 23.79, 45.67
2019-02-19, 23:37:13, 23.8, 45.67
2019-02-19, 23:37:15, 23.81, 45.67
2019-02-19, 23:37:16, 23.8, 45.64
2019-02-19, 23:37:17, 23.81, 45.67
2019-02-19, 23:37:19, 23.8, 45.67
2019-02-19, 23:37:20, 23.8, 45.67
2019-02-19, 23:37:21, 23.81, 45.67
2019-02-19, 23:37:23, 23.8, 45.67
2019-02-19, 23:37:24, 23.8, 45.64
2019-02-19, 23:37:26, 23.8, 45.67
2019-02-19, 23:37:27, 23.8, 45.64
2019-02-19, 23:37:28, 23.8, 45.64
2019-02-19, 23:37:30, 23.8, 45.64
2019-02-19, 23:37:31, 23.79, 45.64
2019-02-19, 23:37:32, 23.8, 45.64
2019-02-19, 23:37:34, 23.8, 45.64
2019-02-19, 23:37:35, 23.8, 45.64
2019-02-19, 23:37:36, 23.8, 45.67
2019-02-19, 23:37:38, 23.8, 45.64
2019-02-19, 23:37:39, 23.81, 45.64
2019-02-19, 23:37:40, 23.81, 45.64
2019-02-19, 23:37:42, 23.8, 45.61
2019-02-19, 23:37:43, 23.8, 45.61
2019-02-19, 23:37:44, 23.79, 45.64
2019-02-19, 23:37:46, 23.81, 45.64
2019-02-19, 23:37:47, 23.8, 45.61
2019-02-19, 23:37:49, 23.8, 45.64
2019-02-19, 23:37:50, 23.8, 45.64
2019-02-19, 23:37:51, 23.8, 45.61
2019-02-19, 23:37:53, 23.8, 45.64
2019-02-19, 23:37:54, 23.82, 45.64
2019-02-19, 23:37:55, 23.8, 45.64
2019-02-19, 23:37:57, 23.8, 45.64
2019-02-19, 23:37:58, 23.79, 45.64
2019-02-19, 23:37:59, 23.8, 45.67
2019-02-19, 23:38:01, 23.81, 45.64
2019-02-19, 23:38:02, 23.79, 45.67
2019-02-19, 23:38:03, 23.81, 45.67
2019-02-19, 23:38:05, 23.8, 45.67
2019-02-19, 23:38:06, 23.81, 45.67
2019-02-19, 23:38:07, 23.8, 45.67
2019-02-19, 23:38:09, 23.8, 45.67
2019-02-19, 23:38:10, 23.8, 45.67
2019-02-19, 23:38:12, 23.79, 45.67
2019-02-19, 23:38:13, 23.79, 45.67
2019-02-19, 23:38:14, 23.79, 45.67
2019-02-19, 23:38:16, 23.76, 45.67
2019-02-19, 23:38:17, 23.79, 45.67
2019-02-19, 23:38:18, 23.8, 45.67
2019-02-19, 23:38:20, 23.8, 45.67
2019-02-19, 23:38:21, 23.66, 45.69
2019-02-19, 23:38:22, 23.75, 45.73
2019-02-19, 23:38:24, 23.77, 45.73
2019-02-19, 23:38:25, 23.77, 45.73
2019-02-19, 23:38:26, 23.78, 45.74
2019-02-19, 23:38:28, 23.78, 45.7
2019-02-19, 23:38:29, 23.79, 45.7
2019-02-19, 23:38:30, 23.79, 45.7
2019-02-19, 23:38:32, 23.79, 45.67
2019-02-19, 23:38:33, 23.8, 45.67
2019-02-19, 23:38:35, 23.79, 45.67
2019-02-19, 23:38:36, 23.79, 45.67
2019-02-19, 23:38:37, 23.79, 45.67
2019-02-19, 23:38:39, 23.79, 45.67
2019-02-19, 23:38:40, 23.79, 45.67
2019-02-19, 23:38:41, 23.78, 45.67
2019-02-19, 23:38:43, 23.78, 45.67
2019-02-19, 23:38:44, 23.78, 45.67
2019-02-19, 23:38:45, 23.78, 45.67
2019-02-19, 23:38:47, 23.77, 45.67
2019-02-19, 23:38:48, 23.78, 45.67
2019-02-19, 23:38:49, 23.78, 45.67
2019-02-19, 23:38:51, 23.76, 45.67
2019-02-19, 23:38:52, 23.78, 45.67
2019-02-19, 23:38:54, 23.78, 45.7
2019-02-19, 23:38:55, 23.78, 45.67
2019-02-19, 23:38:56, 23.78, 45.7
2019-02-19, 23:38:58, 23.8, 45.67
2019-02-19, 23:38:59, 23.8, 45.67
2019-02-19, 23:39:00, 23.8, 45.67
2019-02-19, 23:39:02, 23.78, 45.67
2019-02-19, 23:39:03, 23.78, 45.7
2019-02-19, 23:39:04, 23.77, 45.7
2019-02-19, 23:39:06, 23.77, 45.7
2019-02-19, 23:39:07, 23.76, 45.7
2019-02-19, 23:39:08, 23.78, 45.7
2019-02-19, 23:39:10, 23.78, 45.7
2019-02-19, 23:39:11, 23.79, 45.7
2019-02-19, 23:39:12, 23.79, 45.74
2019-02-19, 23:39:14, 23.8, 45.67
2019-02-19, 23:39:15, 23.7, 45.69
2019-02-19, 23:39:17, 23.76, 45.7
2019-02-19, 23:39:18, 23.77, 45.73
2019-02-19, 23:39:19, 23.76, 45.73
2019-02-19, 23:39:21, 23.76, 45.7
2019-02-19, 23:39:22, 23.77, 45.7
2019-02-19, 23:39:23, 23.78, 45.7
2019-02-19, 23:39:25, 23.78, 45.67
2019-02-19, 23:39:26, 23.78, 45.7
2019-02-19, 23:39:27, 23.77, 45.7
2019-02-19, 23:39:29, 23.78, 45.67
2019-02-19, 23:39:30, 23.77, 45.7
2019-02-19, 23:39:31, 23.79, 45.7
2019-02-19, 23:39:33, 23.78, 45.7
2019-02-19, 23:39:34, 23.78, 45.7
2019-02-19, 23:39:35, 23.78, 45.7
2019-02-19, 23:39:37, 23.78, 45.7
2019-02-19, 23:39:38, 23.77, 45.73
2019-02-19, 23:39:40, 23.78, 45.74
2019-02-19, 23:39:41, 23.78, 45.7
2019-02-19, 23:39:42, 23.78, 45.7
2019-02-19, 23:39:44, 23.79, 45.7
2019-02-19, 23:39:45, 23.77, 45.67
2019-02-19, 23:39:46, 23.79, 45.7
2019-02-19, 23:39:48, 23.77, 45.7
2019-02-19, 23:39:49, 23.77, 45.67
2019-02-19, 23:39:50, 23.78, 45.7
2019-02-19, 23:39:52, 23.78, 45.7
2019-02-19, 23:39:53, 23.78, 45.67
2019-02-19, 23:39:54, 23.78, 45.67
2019-02-19, 23:39:56, 23.78, 45.67
2019-02-19, 23:39:57, 23.78, 45.67
2019-02-19, 23:39:59, 23.76, 45.7
2019-02-19, 23:40:00, 23.77, 45.7
2019-02-19, 23:40:01, 23.78, 45.67
2019-02-19, 23:40:03, 23.78, 45.67
2019-02-19, 23:40:04, 23.78, 45.67
2019-02-19, 23:40:05, 23.78, 45.67
2019-02-19, 23:40:07, 23.78, 45.67
2019-02-19, 23:40:08, 23.78, 45.67
2019-02-19, 23:40:09, 23.78, 45.67
2019-02-19, 23:40:11, 23.78, 45.67
2019-02-19, 23:40:12, 23.78, 45.67
2019-02-19, 23:40:13, 23.79, 45.67
2019-02-19, 23:40:15, 23.65, 45.69
2019-02-19, 23:40:16, 23.74, 45.73
2019-02-19, 23:40:17, 23.75, 45.73
2019-02-19, 23:40:19, 23.76, 45.73
2019-02-19, 23:40:20, 23.76, 45.73
2019-02-19, 23:40:22, 23.76, 45.73
2019-02-19, 23:40:23, 23.77, 45.73
2019-02-19, 23:40:24, 23.77, 45.73
2019-02-19, 23:40:26, 23.76, 45.73
2019-02-19, 23:40:27, 23.76, 45.73
2019-02-19, 23:40:28, 23.76, 45.73
2019-02-19, 23:40:30, 23.77, 45.73
2019-02-19, 23:40:31, 23.78, 45.74
2019-02-19, 23:40:32, 23.76, 45.73
2019-02-19, 23:40:34, 23.76, 45.73
2019-02-19, 23:40:35, 23.76, 45.73
2019-02-19, 23:40:36, 23.76, 45.73
2019-02-19, 23:40:38, 23.76, 45.7
2019-02-19, 23:40:39, 23.76, 45.73
2019-02-19, 23:40:41, 23.77, 45.73
2019-02-19, 23:40:42, 23.76, 45.73
2019-02-19, 23:40:43, 23.74, 45.73
2019-02-19, 23:40:45, 23.62, 45.72
2019-02-19, 23:40:46, 23.72, 45.79
2019-02-19, 23:40:47, 23.73, 45.79
2019-02-19, 23:40:49, 23.73, 45.79
2019-02-19, 23:40:50, 23.75, 45.8
2019-02-19, 23:40:51, 23.76, 45.8
2019-02-19, 23:40:53, 23.75, 45.8
2019-02-19, 23:40:54, 23.75, 45.8
2019-02-19, 23:40:55, 23.75, 45.8
2019-02-19, 23:40:57, 23.76, 45.8
2019-02-19, 23:40:58, 23.76, 45.8
2019-02-19, 23:40:59, 23.76, 45.77
2019-02-19, 23:41:01, 23.76, 45.77
2019-02-19, 23:41:02, 23.77, 45.77
2019-02-19, 23:41:04, 23.76, 45.77
2019-02-19, 23:41:05, 23.76, 45.77
2019-02-19, 23:41:06, 23.76, 45.77
2019-02-19, 23:41:08, 23.76, 45.77
2019-02-19, 23:41:09, 23.76, 45.77
2019-02-19, 23:41:10, 23.75, 45.76
2019-02-19, 23:41:12, 23.76, 45.77
2019-02-19, 23:41:13, 23.75, 45.76
2019-02-19, 23:41:14, 23.6, 45.78
2019-02-19, 23:41:16, 23.7, 45.85
2019-02-19, 23:41:17, 23.73, 45.86
2019-02-19, 23:41:18, 23.74, 45.86
2019-02-19, 23:41:20, 23.75, 45.86
2019-02-19, 23:41:21, 23.75, 45.86
2019-02-19, 23:41:22, 23.74, 45.86
2019-02-19, 23:41:24, 23.75, 45.83
2019-02-19, 23:41:25, 23.74, 45.83
2019-02-19, 23:41:27, 23.76, 45.83
2019-02-19, 23:41:28, 23.75, 45.8
2019-02-19, 23:41:29, 23.76, 45.83
2019-02-19, 23:41:31, 23.76, 45.8
2019-02-19, 23:41:32, 23.75, 45.8
2019-02-19, 23:41:33, 23.75, 45.8
2019-02-19, 23:41:35, 23.76, 45.8
2019-02-19, 23:41:36, 23.76, 45.8
2019-02-19, 23:41:37, 23.76, 45.83
2019-02-19, 23:41:39, 23.75, 45.8
2019-02-19, 23:41:40, 23.76, 45.8
2019-02-19, 23:41:41, 23.75, 45.8
2019-02-19, 23:41:43, 23.76, 45.8
2019-02-19, 23:41:44, 23.76, 45.8
2019-02-19, 23:41:46, 23.75, 45.76
2019-02-19, 23:41:47, 23.76, 45.77
2019-02-19, 23:41:48, 23.75, 45.76
2019-02-19, 23:41:50, 23.74, 45.76
2019-02-19, 23:41:51, 23.76, 45.77
2019-02-19, 23:41:52, 23.74, 45.76
2019-02-19, 23:41:54, 23.75, 45.76
2019-02-19, 23:41:55, 23.76, 45.77
2019-02-19, 23:41:56, 23.76, 45.77
2019-02-19, 23:41:58, 23.75, 45.76
2019-02-19, 23:41:59, 23.75, 45.8
2019-02-19, 23:42:00, 23.76, 45.8
2019-02-19, 23:42:02, 23.76, 45.8
2019-02-19, 23:42:03, 23.77, 45.8
2019-02-19, 23:42:04, 23.75, 45.8
2019-02-19, 23:42:06, 23.75, 45.76
2019-02-19, 23:42:07, 23.75, 45.8
2019-02-19, 23:42:09, 23.76, 45.77
2019-02-19, 23:42:10, 23.76, 45.77
2019-02-19, 23:42:11, 23.76, 45.77
2019-02-19, 23:42:13, 23.75, 45.76
2019-02-19, 23:42:14, 23.74, 45.76
2019-02-19, 23:42:15, 23.75, 45.76
2019-02-19, 23:42:17, 23.75, 45.76
2019-02-19, 23:42:18, 23.74, 45.76
2019-02-19, 23:42:19, 23.76, 45.77
2019-02-19, 23:42:21, 23.74, 45.76
2019-02-19, 23:42:22, 23.75, 45.8
2019-02-19, 23:42:23, 23.74, 45.76
2019-02-19, 23:42:25, 23.74, 45.8
2019-02-19, 23:42:26, 23.75, 45.8
2019-02-19, 23:42:27, 23.75, 45.8
2019-02-19, 23:42:29, 23.74, 45.76
2019-02-19, 23:42:30, 23.74, 45.76
2019-02-19, 23:42:32, 23.74, 45.8
2019-02-19, 23:42:33, 23.74, 45.8
2019-02-19, 23:42:34, 23.75, 45.8
2019-02-19, 23:42:36, 23.75, 45.76
2019-02-19, 23:42:37, 23.75, 45.8
2019-02-19, 23:42:38, 23.74, 45.76
2019-02-19, 23:42:40, 23.75, 45.8
2019-02-19, 23:42:41, 23.75, 45.76
2019-02-19, 23:42:42, 23.74, 45.76
2019-02-19, 23:42:44, 23.74, 45.76
2019-02-19, 23:42:45, 23.74, 45.76
2019-02-19, 23:42:46, 23.74, 45.8
2019-02-19, 23:42:48, 23.75, 45.8
2019-02-19, 23:42:49, 23.75, 45.8
2019-02-19, 23:42:50, 23.74, 45.76
2019-02-19, 23:42:52, 23.74, 45.76
2019-02-19, 23:42:53, 23.74, 45.76
2019-02-19, 23:42:55, 23.75, 45.76
2019-02-19, 23:42:56, 23.74, 45.76
2019-02-19, 23:42:57, 23.75, 45.76
2019-02-19, 23:42:59, 23.75, 45.76
2019-02-19, 23:43:00, 23.73, 45.73
2019-02-19, 23:43:01, 23.74, 45.73
2019-02-19, 23:43:03, 23.74, 45.73
2019-02-19, 23:43:04, 23.74, 45.73
2019-02-19, 23:43:05, 23.73, 45.76
2019-02-19, 23:43:07, 23.74, 45.76
2019-02-19, 23:43:08, 23.74, 45.73
2019-02-19, 23:43:09, 23.75, 45.73
2019-02-19, 23:43:11, 23.74, 45.76
2019-02-19, 23:43:12, 23.74, 45.76
2019-02-19, 23:43:14, 23.75, 45.73
2019-02-19, 23:43:15, 23.74, 45.76
2019-02-19, 23:43:16, 23.74, 45.8
2019-02-19, 23:43:18, 23.65, 45.78
2019-02-19, 23:43:19, 23.7, 45.79
2019-02-19, 23:43:20, 23.72, 45.79
2019-02-19, 23:43:22, 23.73, 45.79
2019-02-19, 23:43:23, 23.74, 45.8
2019-02-19, 23:43:24, 23.73, 45.79
2019-02-19, 23:43:26, 23.73, 45.79
2019-02-19, 23:43:27, 23.74, 45.8
2019-02-19, 23:43:28, 23.74, 45.8
2019-02-19, 23:43:30, 23.74, 45.76
2019-02-19, 23:43:31, 23.72, 45.79
2019-02-19, 23:43:32, 23.73, 45.76
2019-02-19, 23:43:34, 23.74, 45.8
2019-02-19, 23:43:35, 23.73, 45.79
2019-02-19, 23:43:37, 23.74, 45.76
2019-02-19, 23:43:38, 23.74, 45.8
2019-02-19, 23:43:39, 23.74, 45.8
2019-02-19, 23:43:41, 23.73, 45.79
2019-02-19, 23:43:42, 23.73, 45.79
2019-02-19, 23:43:43, 23.73, 45.79
2019-02-19, 23:43:45, 23.73, 45.79
2019-02-19, 23:43:46, 23.72, 45.76
2019-02-19, 23:43:47, 23.72, 45.79
2019-02-19, 23:43:49, 23.74, 45.8
2019-02-19, 23:43:50, 23.72, 45.76
2019-02-19, 23:43:51, 23.73, 45.76
2019-02-19, 23:43:53, 23.72, 45.79
2019-02-19, 23:43:54, 23.74, 45.8
2019-02-19, 23:43:56, 23.74, 45.8
2019-02-19, 23:43:57, 23.73, 45.79
2019-02-19, 23:43:58, 23.72, 45.79
2019-02-19, 23:44:00, 23.73, 45.79
2019-02-19, 23:44:01, 23.73, 45.79
2019-02-19, 23:44:02, 23.72, 45.79
2019-02-19, 23:44:04, 23.73, 45.79
2019-02-19, 23:44:05, 23.73, 45.79
2019-02-19, 23:44:06, 23.73, 45.79
2019-02-19, 23:44:08, 23.72, 45.79
2019-02-19, 23:44:09, 23.73, 45.79
2019-02-19, 23:44:11, 23.72, 45.82
2019-02-19, 23:44:12, 23.64, 45.82
2019-02-19, 23:44:13, 23.7, 45.85
2019-02-19, 23:44:15, 23.72, 45.86
2019-02-19, 23:44:16, 23.72, 45.86
2019-02-19, 23:44:17, 23.71, 45.86
2019-02-19, 23:44:19, 23.72, 45.86
2019-02-19, 23:44:20, 23.71, 45.82
2019-02-19, 23:44:21, 23.7, 45.82
2019-02-19, 23:44:23, 23.71, 45.86
2019-02-19, 23:44:24, 23.7, 45.82
2019-02-19, 23:44:25, 23.72, 45.82
2019-02-19, 23:44:27, 23.71, 45.86
2019-02-19, 23:44:28, 23.71, 45.86
2019-02-19, 23:44:29, 23.72, 45.82
2019-02-19, 23:44:31, 23.72, 45.86
2019-02-19, 23:44:32, 23.72, 45.86
2019-02-19, 23:44:34, 23.72, 45.82
2019-02-19, 23:44:35, 23.7, 45.85
2019-02-19, 23:44:36, 23.71, 45.86
2019-02-19, 23:44:38, 23.72, 45.86
2019-02-19, 23:44:39, 23.72, 45.86
2019-02-19, 23:44:40, 23.71, 45.82
2019-02-19, 23:44:42, 23.61, 45.84
2019-02-19, 23:44:43, 23.68, 45.88
2019-02-19, 23:44:44, 23.7, 45.89
2019-02-19, 23:44:46, 23.7, 45.89
2019-02-19, 23:44:47, 23.7, 45.85
2019-02-19, 23:44:48, 23.72, 45.86
2019-02-19, 23:44:50, 23.7, 45.85
2019-02-19, 23:44:51, 23.71, 45.86
2019-02-19, 23:44:53, 23.71, 45.89
2019-02-19, 23:44:54, 23.7, 45.85
2019-02-19, 23:44:55, 23.71, 45.86
2019-02-19, 23:44:57, 23.72, 45.86
2019-02-19, 23:44:58, 23.71, 45.86
2019-02-19, 23:44:59, 23.71, 45.86
2019-02-19, 23:45:01, 23.71, 45.86
2019-02-19, 23:45:02, 23.72, 45.86
2019-02-19, 23:45:03, 23.7, 45.85
2019-02-19, 23:45:05, 23.71, 45.86
2019-02-19, 23:45:06, 23.71, 45.86
2019-02-19, 23:45:07, 23.7, 45.85
2019-02-19, 23:45:09, 23.71, 45.86
2019-02-19, 23:45:10, 23.69, 45.85
2019-02-19, 23:45:11, 23.71, 45.86
2019-02-19, 23:45:13, 23.71, 45.86
2019-02-19, 23:45:14, 23.7, 45.89
2019-02-19, 23:45:16, 23.71, 45.89
2019-02-19, 23:45:17, 23.7, 45.89
2019-02-19, 23:45:18, 23.7, 45.85
2019-02-19, 23:45:20, 23.72, 45.86
2019-02-19, 23:45:21, 23.7, 45.89
2019-02-19, 23:45:22, 23.7, 45.85
2019-02-19, 23:45:24, 23.7, 45.89
2019-02-19, 23:45:25, 23.7, 45.89
2019-02-19, 23:45:26, 23.69, 45.89
2019-02-19, 23:45:28, 23.7, 45.89
2019-02-19, 23:45:29, 23.69, 45.89
2019-02-19, 23:45:30, 23.69, 45.89
2019-02-19, 23:45:32, 23.71, 45.89
2019-02-19, 23:45:33, 23.7, 45.89
2019-02-19, 23:45:35, 23.7, 45.89
2019-02-19, 23:45:36, 23.71, 45.92
2019-02-19, 23:45:37, 23.7, 45.85
2019-02-19, 23:45:39, 23.7, 45.85
2019-02-19, 23:45:40, 23.7, 45.89
2019-02-19, 23:45:41, 23.55, 45.9
2019-02-19, 23:45:43, 23.66, 45.95
2019-02-19, 23:45:44, 23.68, 45.95
2019-02-19, 23:45:45, 23.68, 45.95
2019-02-19, 23:45:47, 23.69, 45.92
2019-02-19, 23:45:48, 23.68, 45.92
2019-02-19, 23:45:49, 23.7, 45.95
2019-02-19, 23:45:51, 23.69, 45.92
2019-02-19, 23:45:52, 23.7, 45.92
2019-02-19, 23:45:53, 23.7, 45.92
2019-02-19, 23:45:55, 23.69, 45.92
2019-02-19, 23:45:56, 23.68, 45.92
2019-02-19, 23:45:58, 23.68, 45.92
2019-02-19, 23:45:59, 23.69, 45.92
2019-02-19, 23:46:00, 23.7, 45.92
2019-02-19, 23:46:02, 23.68, 45.92
2019-02-19, 23:46:03, 23.68, 45.92
2019-02-19, 23:46:04, 23.69, 45.92
2019-02-19, 23:46:06, 23.69, 45.92
2019-02-19, 23:46:07, 23.7, 45.92
2019-02-19, 23:46:08, 23.7, 45.92
2019-02-19, 23:46:10, 23.7, 45.92
2019-02-19, 23:46:11, 23.55, 45.9
2019-02-19, 23:46:13, 23.64, 45.98
2019-02-19, 23:46:14, 23.67, 46.01
2019-02-19, 23:46:15, 23.68, 46.01
2019-02-19, 23:46:17, 23.68, 45.98
2019-02-19, 23:46:18, 23.67, 45.98
2019-02-19, 23:46:19, 23.68, 45.98
2019-02-19, 23:46:21, 23.69, 45.95
2019-02-19, 23:46:22, 23.69, 45.95
2019-02-19, 23:46:23, 23.68, 45.95
2019-02-19, 23:46:25, 23.68, 45.95
2019-02-19, 23:46:26, 23.69, 45.95
2019-02-19, 23:46:27, 23.7, 45.92
2019-02-19, 23:46:29, 23.7, 45.95
2019-02-19, 23:46:30, 23.7, 45.92
2019-02-19, 23:46:32, 23.7, 45.92
2019-02-19, 23:46:33, 23.7, 45.92
2019-02-19, 23:46:34, 23.7, 45.92
2019-02-19, 23:46:36, 23.69, 45.92
2019-02-19, 23:46:37, 23.68, 45.92
2019-02-19, 23:46:38, 23.69, 45.92
2019-02-19, 23:46:40, 23.69, 45.92
2019-02-19, 23:46:41, 23.69, 45.92
2019-02-19, 23:46:42, 23.7, 45.92
2019-02-19, 23:46:44, 23.7, 45.92
2019-02-19, 23:46:45, 23.69, 45.95
2019-02-19, 23:46:46, 23.7, 45.95
2019-02-19, 23:46:48, 23.69, 45.92
2019-02-19, 23:46:49, 23.68, 45.95
2019-02-19, 23:46:50, 23.69, 45.98
2019-02-19, 23:46:52, 23.7, 45.92
2019-02-19, 23:46:53, 23.7, 45.92
2019-02-19, 23:46:55, 23.69, 45.95
2019-02-19, 23:46:56, 23.68, 45.98
2019-02-19, 23:46:57, 23.68, 45.92
2019-02-19, 23:46:59, 23.68, 45.95
2019-02-19, 23:47:00, 23.68, 45.95
2019-02-19, 23:47:01, 23.67, 45.95
2019-02-19, 23:47:03, 23.68, 45.95
2019-02-19, 23:47:04, 23.68, 45.95
2019-02-19, 23:47:05, 23.69, 45.95
2019-02-19, 23:47:07, 23.69, 45.92
2019-02-19, 23:47:08, 23.7, 45.92
2019-02-19, 23:47:09, 23.7, 45.95
2019-02-19, 23:47:11, 23.7, 45.92
2019-02-19, 23:47:12, 23.7, 45.92
2019-02-19, 23:47:14, 23.69, 45.95
2019-02-19, 23:47:15, 23.7, 45.92
2019-02-19, 23:47:16, 23.69, 45.95
2019-02-19, 23:47:18, 23.68, 45.92
2019-02-19, 23:47:19, 23.7, 45.92
2019-02-19, 23:47:20, 23.7, 45.92
2019-02-19, 23:47:22, 23.69, 45.92
2019-02-19, 23:47:23, 23.7, 45.92
2019-02-19, 23:47:24, 23.69, 45.92
2019-02-19, 23:47:26, 23.7, 45.92
2019-02-19, 23:47:27, 23.68, 45.92
2019-02-19, 23:47:28, 23.69, 45.92
2019-02-19, 23:47:30, 23.7, 45.92
2019-02-19, 23:47:31, 23.71, 45.92
2019-02-19, 23:47:32, 23.69, 45.95
2019-02-19, 23:47:34, 23.68, 45.92
2019-02-19, 23:47:35, 23.7, 45.92
2019-02-19, 23:47:37, 23.7, 45.92
2019-02-19, 23:47:38, 23.7, 45.92
2019-02-19, 23:47:39, 23.7, 45.92
2019-02-19, 23:47:41, 23.69, 45.92
2019-02-19, 23:47:42, 23.69, 45.92
2019-02-19, 23:47:43, 23.69, 45.92
2019-02-19, 23:47:45, 23.7, 45.92
2019-02-19, 23:47:46, 23.71, 45.92
2019-02-19, 23:47:47, 23.69, 45.92
2019-02-19, 23:47:49, 23.69, 45.92
2019-02-19, 23:47:50, 23.69, 45.92
2019-02-19, 23:47:51, 23.7, 45.92
2019-02-19, 23:47:53, 23.7, 45.92
2019-02-19, 23:47:54, 23.69, 45.92
2019-02-19, 23:47:55, 23.7, 45.92
2019-02-19, 23:47:57, 23.7, 45.92
2019-02-19, 23:47:58, 23.71, 45.92
2019-02-19, 23:48:00, 23.7, 45.92
2019-02-19, 23:48:01, 23.7, 45.92
2019-02-19, 23:48:02, 23.69, 45.89
2019-02-19, 23:48:04, 23.7, 45.92
2019-02-19, 23:48:05, 23.69, 45.89
2019-02-19, 23:48:06, 23.7, 45.92
2019-02-19, 23:48:08, 23.69, 45.89
2019-02-19, 23:48:09, 23.66, 45.91
2019-02-19, 23:48:10, 23.69, 45.92
2019-02-19, 23:48:12, 23.7, 45.92
2019-02-19, 23:48:13, 23.68, 45.92
2019-02-19, 23:48:14, 23.56, 45.9
2019-02-19, 23:48:16, 23.66, 45.95
2019-02-19, 23:48:17, 23.67, 45.95
2019-02-19, 23:48:19, 23.68, 45.95
2019-02-19, 23:48:20, 23.68, 45.92
2019-02-19, 23:48:21, 23.68, 45.92
2019-02-19, 23:48:23, 23.69, 45.92
2019-02-19, 23:48:24, 23.7, 45.92
2019-02-19, 23:48:25, 23.69, 45.92
2019-02-19, 23:48:27, 23.69, 45.92
2019-02-19, 23:48:28, 23.68, 45.92
2019-02-19, 23:48:29, 23.69, 45.92
2019-02-19, 23:48:31, 23.68, 45.92
2019-02-19, 23:48:32, 23.69, 45.92
2019-02-19, 23:48:33, 23.69, 45.92
2019-02-19, 23:48:35, 23.68, 45.88
2019-02-19, 23:48:36, 23.69, 45.92
2019-02-19, 23:48:37, 23.68, 45.88
2019-02-19, 23:48:39, 23.62, 45.91
2019-02-19, 23:48:40, 23.67, 45.92
2019-02-19, 23:48:42, 23.68, 45.92
2019-02-19, 23:48:43, 23.68, 45.92
2019-02-19, 23:48:44, 23.7, 45.92
2019-02-19, 23:48:46, 23.68, 45.92
2019-02-19, 23:48:47, 23.68, 45.88
2019-02-19, 23:48:48, 23.69, 45.89
2019-02-19, 23:48:50, 23.68, 45.92
2019-02-19, 23:48:51, 23.68, 45.88
2019-02-19, 23:48:52, 23.69, 45.92
2019-02-19, 23:48:54, 23.7, 45.92
2019-02-19, 23:48:55, 23.69, 45.89
2019-02-19, 23:48:56, 23.67, 45.88
2019-02-19, 23:48:58, 23.68, 45.92
2019-02-19, 23:48:59, 23.69, 45.92
2019-02-19, 23:49:01, 23.7, 45.92
2019-02-19, 23:49:02, 23.68, 45.88
2019-02-19, 23:49:03, 23.69, 45.92
2019-02-19, 23:49:05, 23.69, 45.92
2019-02-19, 23:49:06, 23.68, 45.88
2019-02-19, 23:49:07, 23.67, 45.92
2019-02-19, 23:49:09, 23.58, 45.9
2019-02-19, 23:49:10, 23.65, 45.91
2019-02-19, 23:49:11, 23.66, 45.91
2019-02-19, 23:49:13, 23.66, 45.95
2019-02-19, 23:49:14, 23.68, 45.92
2019-02-19, 23:49:15, 23.7, 45.92
2019-02-19, 23:49:17, 23.68, 45.92
2019-02-19, 23:49:18, 23.68, 45.92
2019-02-19, 23:49:19, 23.67, 45.92
2019-02-19, 23:49:21, 23.68, 45.92
2019-02-19, 23:49:22, 23.68, 45.92
2019-02-19, 23:49:24, 23.67, 45.92
2019-02-19, 23:49:25, 23.7, 45.92
2019-02-19, 23:49:26, 23.68, 45.92
2019-02-19, 23:49:28, 23.69, 45.92
2019-02-19, 23:49:29, 23.69, 45.92
2019-02-19, 23:49:30, 23.69, 45.92
2019-02-19, 23:49:32, 23.7, 45.92
2019-02-19, 23:49:33, 23.68, 45.92
2019-02-19, 23:49:34, 23.69, 45.92
2019-02-19, 23:49:36, 23.68, 45.92
2019-02-19, 23:49:37, 23.7, 45.92
2019-02-19, 23:49:38, 23.58, 45.9
2019-02-19, 23:49:40, 23.66, 45.98
2019-02-19, 23:49:41, 23.68, 45.98
2019-02-19, 23:49:43, 23.67, 45.98
2019-02-19, 23:49:44, 23.68, 45.98
2019-02-19, 23:49:45, 23.67, 45.98
2019-02-19, 23:49:47, 23.68, 45.98
2019-02-19, 23:49:48, 23.67, 45.98
2019-02-19, 23:49:49, 23.68, 45.95
2019-02-19, 23:49:51, 23.69, 45.98
2019-02-19, 23:49:52, 23.68, 45.95
2019-02-19, 23:49:53, 23.68, 45.95
2019-02-19, 23:49:55, 23.7, 45.95
2019-02-19, 23:49:56, 23.69, 45.95
2019-02-19, 23:49:57, 23.68, 45.92
2019-02-19, 23:49:59, 23.69, 45.92
2019-02-19, 23:50:00, 23.7, 45.92
2019-02-19, 23:50:02, 23.7, 45.92
2019-02-19, 23:50:03, 23.7, 45.92
2019-02-19, 23:50:04, 23.68, 45.92
2019-02-19, 23:50:06, 23.7, 45.92
2019-02-19, 23:50:07, 23.69, 45.92
2019-02-19, 23:50:08, 23.68, 45.92
2019-02-19, 23:50:10, 23.67, 45.92
2019-02-19, 23:50:11, 23.68, 45.92
2019-02-19, 23:50:12, 23.68, 45.92
2019-02-19, 23:50:14, 23.68, 45.92
2019-02-19, 23:50:15, 23.68, 45.92
2019-02-19, 23:50:17, 23.67, 45.92
2019-02-19, 23:50:18, 23.68, 45.92
2019-02-19, 23:50:19, 23.69, 45.92
2019-02-19, 23:50:21, 23.67, 45.92
2019-02-19, 23:50:22, 23.68, 45.95
2019-02-19, 23:50:23, 23.69, 45.92
2019-02-19, 23:50:25, 23.7, 45.92
2019-02-19, 23:50:26, 23.7, 45.92
2019-02-19, 23:50:27, 23.7, 45.92
2019-02-19, 23:50:29, 23.69, 45.92
2019-02-19, 23:50:30, 23.69, 45.95
2019-02-19, 23:50:31, 23.69, 45.92
2019-02-19, 23:50:33, 23.69, 45.95
2019-02-19, 23:50:34, 23.7, 45.95
2019-02-19, 23:50:36, 23.7, 45.95
2019-02-19, 23:50:37, 23.69, 45.92
2019-02-19, 23:50:38, 23.7, 45.95
2019-02-19, 23:50:40, 23.7, 45.92
2019-02-19, 23:50:41, 23.7, 45.92
2019-02-19, 23:50:42, 23.7, 45.92
2019-02-19, 23:50:44, 23.7, 45.92
2019-02-19, 23:50:45, 23.7, 45.92
2019-02-19, 23:50:46, 23.7, 45.92
2019-02-19, 23:50:48, 23.7, 45.92
2019-02-19, 23:50:49, 23.69, 45.92
2019-02-19, 23:50:50, 23.71, 45.92
2019-02-19, 23:50:52, 23.7, 45.92
2019-02-19, 23:50:53, 23.7, 45.92
2019-02-19, 23:50:54, 23.69, 45.92
2019-02-19, 23:50:56, 23.7, 45.92
2019-02-19, 23:50:57, 23.69, 45.92
2019-02-19, 23:50:59, 23.7, 45.92
2019-02-19, 23:51:00, 23.7, 45.92
2019-02-19, 23:51:01, 23.69, 45.92
2019-02-19, 23:51:03, 23.69, 45.92
2019-02-19, 23:51:04, 23.7, 45.92
2019-02-19, 23:51:05, 23.69, 45.92
2019-02-19, 23:51:07, 23.69, 45.92
2019-02-19, 23:51:08, 23.7, 45.92
2019-02-19, 23:51:09, 23.68, 45.92
2019-02-19, 23:51:11, 23.7, 45.92
2019-02-19, 23:51:12, 23.69, 45.92
2019-02-19, 23:51:13, 23.7, 45.92
2019-02-19, 23:51:15, 23.7, 45.89
2019-02-19, 23:51:16, 23.71, 45.92
2019-02-19, 23:51:18, 23.7, 45.92
2019-02-19, 23:51:19, 23.7, 45.89
2019-02-19, 23:51:20, 23.7, 45.92
2019-02-19, 23:51:22, 23.72, 45.92
2019-02-19, 23:51:23, 23.7, 45.92
2019-02-19, 23:51:24, 23.71, 45.92
2019-02-19, 23:51:26, 23.7, 45.92
2019-02-19, 23:51:27, 23.71, 45.92
2019-02-19, 23:51:28, 23.71, 45.89
2019-02-19, 23:51:30, 23.71, 45.89
2019-02-19, 23:51:31, 23.71, 45.89
2019-02-19, 23:51:33, 23.71, 45.92
2019-02-19, 23:51:34, 23.71, 45.89
2019-02-19, 23:51:35, 23.72, 45.89
2019-02-19, 23:51:37, 23.72, 45.89
2019-02-19, 23:51:38, 23.72, 45.89
2019-02-19, 23:51:39, 23.7, 45.89
2019-02-19, 23:51:41, 23.72, 45.89
2019-02-19, 23:51:42, 23.72, 45.89
2019-02-19, 23:51:43, 23.71, 45.89
2019-02-19, 23:51:45, 23.72, 45.89
2019-02-19, 23:51:46, 23.7, 45.89
2019-02-19, 23:51:47, 23.7, 45.85
2019-02-19, 23:51:49, 23.71, 45.86
2019-02-19, 23:51:50, 23.71, 45.89
2019-02-19, 23:51:51, 23.7, 45.89
2019-02-19, 23:51:53, 23.72, 45.89
2019-02-19, 23:51:54, 23.72, 45.89
2019-02-19, 23:51:56, 23.72, 45.86
2019-02-19, 23:51:57, 23.72, 45.89
2019-02-19, 23:51:58, 23.72, 45.89
2019-02-19, 23:52:00, 23.71, 45.89
2019-02-19, 23:52:01, 23.7, 45.89
2019-02-19, 23:52:02, 23.71, 45.86
2019-02-19, 23:52:04, 23.7, 45.89
2019-02-19, 23:52:05, 23.72, 45.89
2019-02-19, 23:52:06, 23.71, 45.89
2019-02-19, 23:52:08, 23.71, 45.89
2019-02-19, 23:52:09, 23.71, 45.86
2019-02-19, 23:52:11, 23.72, 45.86
2019-02-19, 23:52:12, 23.7, 45.89
2019-02-19, 23:52:13, 23.71, 45.86
2019-02-19, 23:52:15, 23.72, 45.86
2019-02-19, 23:52:16, 23.7, 45.89
2019-02-19, 23:52:17, 23.71, 45.89
2019-02-19, 23:52:19, 23.72, 45.86
2019-02-19, 23:52:20, 23.71, 45.89
2019-02-19, 23:52:21, 23.7, 45.89
2019-02-19, 23:52:23, 23.71, 45.89
2019-02-19, 23:52:24, 23.71, 45.86
2019-02-19, 23:52:25, 23.71, 45.89
2019-02-19, 23:52:27, 23.71, 45.86
2019-02-19, 23:52:28, 23.71, 45.89
2019-02-19, 23:52:29, 23.71, 45.86
2019-02-19, 23:52:31, 23.71, 45.89
2019-02-19, 23:52:32, 23.71, 45.86
2019-02-19, 23:52:34, 23.71, 45.89
2019-02-19, 23:52:35, 23.7, 45.85
2019-02-19, 23:52:36, 23.63, 45.91
2019-02-19, 23:52:38, 23.7, 45.92
2019-02-19, 23:52:39, 23.72, 45.92
2019-02-19, 23:52:40, 23.71, 45.92
2019-02-19, 23:52:42, 23.71, 45.92
2019-02-19, 23:52:43, 23.71, 45.92
2019-02-19, 23:52:44, 23.71, 45.89
2019-02-19, 23:52:46, 23.72, 45.89
2019-02-19, 23:52:47, 23.7, 45.89
2019-02-19, 23:52:48, 23.71, 45.86
2019-02-19, 23:52:50, 23.71, 45.86
2019-02-19, 23:52:51, 23.72, 45.86
2019-02-19, 23:52:53, 23.72, 45.86
2019-02-19, 23:52:54, 23.72, 45.86
2019-02-19, 23:52:55, 23.72, 45.86
2019-02-19, 23:52:57, 23.72, 45.86
2019-02-19, 23:52:58, 23.71, 45.86
2019-02-19, 23:52:59, 23.73, 45.86
2019-02-19, 23:53:01, 23.72, 45.86
2019-02-19, 23:53:02, 23.72, 45.86
2019-02-19, 23:53:03, 23.72, 45.86
2019-02-19, 23:53:05, 23.73, 45.86
2019-02-19, 23:53:06, 23.72, 45.82
2019-02-19, 23:53:07, 23.72, 45.86
2019-02-19, 23:53:09, 23.73, 45.86
2019-02-19, 23:53:10, 23.73, 45.86
2019-02-19, 23:53:12, 23.73, 45.86
2019-02-19, 23:53:13, 23.72, 45.82
2019-02-19, 23:53:14, 23.72, 45.86
2019-02-19, 23:53:16, 23.71, 45.86
2019-02-19, 23:53:17, 23.7, 45.85
2019-02-19, 23:53:18, 23.72, 45.86
2019-02-19, 23:53:20, 23.72, 45.86
2019-02-19, 23:53:21, 23.71, 45.86
2019-02-19, 23:53:22, 23.72, 45.86
2019-02-19, 23:53:24, 23.71, 45.86
2019-02-19, 23:53:25, 23.72, 45.86
2019-02-19, 23:53:26, 23.72, 45.86
2019-02-19, 23:53:28, 23.73, 45.86
2019-02-19, 23:53:29, 23.72, 45.86
2019-02-19, 23:53:30, 23.73, 45.83
2019-02-19, 23:53:32, 23.73, 45.86
2019-02-19, 23:53:33, 23.72, 45.86
2019-02-19, 23:53:35, 23.72, 45.86
2019-02-19, 23:53:36, 23.72, 45.86
2019-02-19, 23:53:37, 23.73, 45.86
2019-02-19, 23:53:39, 23.71, 45.86
2019-02-19, 23:53:40, 23.73, 45.86
2019-02-19, 23:53:41, 23.56, 45.87
2019-02-19, 23:53:43, 23.68, 45.92
2019-02-19, 23:53:44, 23.7, 45.92
2019-02-19, 23:53:45, 23.7, 45.92
2019-02-19, 23:53:47, 23.72, 45.92
2019-02-19, 23:53:48, 23.72, 45.92
2019-02-19, 23:53:49, 23.73, 45.89
2019-02-19, 23:53:51, 23.71, 45.89
2019-02-19, 23:53:52, 23.72, 45.89
2019-02-19, 23:53:53, 23.74, 45.86
2019-02-19, 23:53:55, 23.73, 45.89
2019-02-19, 23:53:56, 23.72, 45.86
2019-02-19, 23:53:58, 23.71, 45.86
2019-02-19, 23:53:59, 23.72, 45.86
2019-02-19, 23:54:00, 23.74, 45.86
2019-02-19, 23:54:02, 23.73, 45.86
2019-02-19, 23:54:03, 23.71, 45.86
2019-02-19, 23:54:04, 23.72, 45.86
2019-02-19, 23:54:06, 23.71, 45.86
2019-02-19, 23:54:07, 23.73, 45.86
2019-02-19, 23:54:08, 23.72, 45.86
2019-02-19, 23:54:10, 23.72, 45.86
2019-02-19, 23:54:11, 23.73, 45.86
2019-02-19, 23:54:12, 23.72, 45.86
2019-02-19, 23:54:14, 23.72, 45.82
2019-02-19, 23:54:15, 23.73, 45.86
2019-02-19, 23:54:17, 23.72, 45.86
2019-02-19, 23:54:18, 23.74, 45.86
2019-02-19, 23:54:19, 23.7, 45.82
2019-02-19, 23:54:21, 23.72, 45.86
2019-02-19, 23:54:22, 23.71, 45.82
2019-02-19, 23:54:23, 23.72, 45.86
2019-02-19, 23:54:25, 23.71, 45.86
2019-02-19, 23:54:26, 23.72, 45.82
2019-02-19, 23:54:27, 23.72, 45.86
2019-02-19, 23:54:29, 23.72, 45.86
2019-02-19, 23:54:30, 23.71, 45.86
2019-02-19, 23:54:31, 23.73, 45.86
2019-02-19, 23:54:33, 23.74, 45.83
2019-02-19, 23:54:34, 23.73, 45.86
2019-02-19, 23:54:36, 23.56, 45.84
2019-02-19, 23:54:37, 23.68, 45.92
2019-02-19, 23:54:38, 23.7, 45.92
2019-02-19, 23:54:40, 23.71, 45.92
2019-02-19, 23:54:41, 23.71, 45.92
2019-02-19, 23:54:42, 23.72, 45.92
2019-02-19, 23:54:44, 23.71, 45.89
2019-02-19, 23:54:45, 23.72, 45.89
2019-02-19, 23:54:46, 23.73, 45.86
2019-02-19, 23:54:48, 23.73, 45.86
2019-02-19, 23:54:49, 23.73, 45.86
2019-02-19, 23:54:50, 23.73, 45.86
2019-02-19, 23:54:52, 23.72, 45.86
2019-02-19, 23:54:53, 23.72, 45.86
2019-02-19, 23:54:55, 23.72, 45.86
2019-02-19, 23:54:56, 23.73, 45.86
2019-02-19, 23:54:57, 23.71, 45.86
2019-02-19, 23:54:59, 23.72, 45.82
2019-02-19, 23:55:00, 23.72, 45.82
2019-02-19, 23:55:01, 23.71, 45.79
2019-02-19, 23:55:03, 23.7, 45.82
2019-02-19, 23:55:04, 23.71, 45.82
2019-02-19, 23:55:05, 23.7, 45.85
2019-02-19, 23:55:07, 23.71, 45.82
2019-02-19, 23:55:08, 23.72, 45.82
2019-02-19, 23:55:09, 23.72, 45.82
2019-02-19, 23:55:11, 23.72, 45.82
2019-02-19, 23:55:12, 23.72, 45.86
2019-02-19, 23:55:13, 23.72, 45.82
2019-02-19, 23:55:15, 23.72, 45.82
2019-02-19, 23:55:16, 23.72, 45.82
2019-02-19, 23:55:18, 23.74, 45.83
2019-02-19, 23:55:19, 23.72, 45.82
2019-02-19, 23:55:20, 23.72, 45.79
2019-02-19, 23:55:22, 23.72, 45.86
2019-02-19, 23:55:23, 23.73, 45.83
2019-02-19, 23:55:24, 23.72, 45.82
2019-02-19, 23:55:26, 23.73, 45.83
2019-02-19, 23:55:27, 23.73, 45.83
2019-02-19, 23:55:28, 23.73, 45.79
2019-02-19, 23:55:30, 23.72, 45.82
2019-02-19, 23:55:31, 23.72, 45.79
2019-02-19, 23:55:32, 23.72, 45.86
2019-02-19, 23:55:34, 23.72, 45.82
2019-02-19, 23:55:35, 23.72, 45.82
2019-02-19, 23:55:37, 23.72, 45.79
2019-02-19, 23:55:38, 23.73, 45.83
2019-02-19, 23:55:39, 23.72, 45.82
2019-02-19, 23:55:41, 23.74, 45.8
2019-02-19, 23:55:42, 23.72, 45.79
2019-02-19, 23:55:43, 23.73, 45.79
2019-02-19, 23:55:45, 23.72, 45.79
2019-02-19, 23:55:46, 23.71, 45.79
2019-02-19, 23:55:47, 23.72, 45.79
2019-02-19, 23:55:49, 23.72, 45.79
2019-02-19, 23:55:50, 23.72, 45.79
2019-02-19, 23:55:51, 23.73, 45.79
2019-02-19, 23:55:53, 23.73, 45.79
2019-02-19, 23:55:54, 23.73, 45.79
2019-02-19, 23:55:55, 23.73, 45.79
2019-02-19, 23:55:57, 23.72, 45.79
2019-02-19, 23:55:58, 23.73, 45.79
2019-02-19, 23:56:00, 23.72, 45.79
2019-02-19, 23:56:01, 23.73, 45.79
2019-02-19, 23:56:02, 23.73, 45.79
2019-02-19, 23:56:04, 23.72, 45.79
2019-02-19, 23:56:05, 23.73, 45.79
2019-02-19, 23:56:06, 23.72, 45.82
2019-02-19, 23:56:08, 23.74, 45.8
2019-02-19, 23:56:09, 23.74, 45.8
2019-02-19, 23:56:10, 23.73, 45.79
2019-02-19, 23:56:12, 23.73, 45.79
2019-02-19, 23:56:13, 23.73, 45.79
2019-02-19, 23:56:14, 23.74, 45.8
2019-02-19, 23:56:16, 23.73, 45.79
2019-02-19, 23:56:17, 23.74, 45.83
2019-02-19, 23:56:18, 23.74, 45.83
2019-02-19, 23:56:20, 23.74, 45.83
2019-02-19, 23:56:21, 23.74, 45.8
2019-02-19, 23:56:23, 23.74, 45.83
2019-02-19, 23:56:24, 23.73, 45.86
2019-02-19, 23:56:25, 23.74, 45.83
2019-02-19, 23:56:27, 23.74, 45.83
2019-02-19, 23:56:28, 23.74, 45.83
2019-02-19, 23:56:29, 23.75, 45.83
2019-02-19, 23:56:31, 23.75, 45.8
2019-02-19, 23:56:32, 23.73, 45.79
2019-02-19, 23:56:33, 23.74, 45.8
2019-02-19, 23:56:35, 23.75, 45.83
2019-02-19, 23:56:36, 23.76, 45.83
2019-02-19, 23:56:37, 23.74, 45.83
2019-02-19, 23:56:39, 23.74, 45.8
2019-02-19, 23:56:40, 23.74, 45.83
2019-02-19, 23:56:42, 23.73, 45.79
2019-02-19, 23:56:43, 23.75, 45.83
2019-02-19, 23:56:44, 23.74, 45.83
2019-02-19, 23:56:46, 23.75, 45.8
2019-02-19, 23:56:47, 23.74, 45.8
2019-02-19, 23:56:48, 23.76, 45.8
2019-02-19, 23:56:50, 23.76, 45.83
2019-02-19, 23:56:51, 23.75, 45.83
2019-02-19, 23:56:52, 23.74, 45.8
2019-02-19, 23:56:54, 23.76, 45.8
2019-02-19, 23:56:55, 23.76, 45.8
2019-02-19, 23:56:56, 23.74, 45.8
2019-02-19, 23:56:58, 23.74, 45.8
2019-02-19, 23:56:59, 23.74, 45.8
2019-02-19, 23:57:00, 23.74, 45.83
2019-02-19, 23:57:02, 23.75, 45.8
2019-02-19, 23:57:03, 23.68, 45.82
2019-02-19, 23:57:05, 23.72, 45.82
2019-02-19, 23:57:06, 23.72, 45.86
2019-02-19, 23:57:07, 23.73, 45.83
2019-02-19, 23:57:09, 23.74, 45.83
2019-02-19, 23:57:10, 23.74, 45.83
2019-02-19, 23:57:11, 23.73, 45.83
2019-02-19, 23:57:13, 23.75, 45.8
2019-02-19, 23:57:14, 23.75, 45.83
2019-02-19, 23:57:15, 23.74, 45.8
2019-02-19, 23:57:17, 23.74, 45.83
2019-02-19, 23:57:18, 23.75, 45.83
2019-02-19, 23:57:19, 23.75, 45.8
2019-02-19, 23:57:21, 23.75, 45.8
2019-02-19, 23:57:22, 23.75, 45.8
2019-02-19, 23:57:24, 23.74, 45.8
2019-02-19, 23:57:25, 23.75, 45.83
2019-02-19, 23:57:26, 23.75, 45.8
2019-02-19, 23:57:28, 23.75, 45.8
2019-02-19, 23:57:29, 23.74, 45.8
2019-02-19, 23:57:30, 23.75, 45.8
2019-02-19, 23:57:32, 23.74, 45.8
2019-02-19, 23:57:33, 23.65, 45.82
2019-02-19, 23:57:34, 23.74, 45.86
2019-02-19, 23:57:36, 23.74, 45.86
2019-02-19, 23:57:37, 23.75, 45.86
2019-02-19, 23:57:38, 23.6, 45.84
2019-02-19, 23:57:40, 23.71, 45.92
2019-02-19, 23:57:41, 23.71, 45.92
2019-02-19, 23:57:43, 23.74, 45.92
2019-02-19, 23:57:44, 23.73, 45.89
2019-02-19, 23:57:45, 23.74, 45.86
2019-02-19, 23:57:47, 23.74, 45.86
2019-02-19, 23:57:48, 23.74, 45.86
2019-02-19, 23:57:49, 23.76, 45.86
2019-02-19, 23:57:51, 23.73, 45.86
2019-02-19, 23:57:52, 23.74, 45.86
2019-02-19, 23:57:53, 23.74, 45.86
2019-02-19, 23:57:55, 23.75, 45.83
2019-02-19, 23:57:56, 23.75, 45.83
2019-02-19, 23:57:57, 23.76, 45.83
2019-02-19, 23:57:59, 23.78, 45.83
2019-02-19, 23:58:00, 23.77, 45.8
2019-02-19, 23:58:02, 23.76, 45.83
2019-02-19, 23:58:03, 23.64, 45.85
2019-02-19, 23:58:04, 23.74, 45.86
2019-02-19, 23:58:06, 23.74, 45.86
2019-02-19, 23:58:07, 23.75, 45.86
2019-02-19, 23:58:08, 23.76, 45.86
2019-02-19, 23:58:10, 23.75, 45.83
2019-02-19, 23:58:11, 23.75, 45.86
2019-02-19, 23:58:12, 23.76, 45.8
2019-02-19, 23:58:14, 23.74, 45.8
2019-02-19, 23:58:15, 23.75, 45.8
2019-02-19, 23:58:16, 23.76, 45.8
2019-02-19, 23:58:18, 23.76, 45.8
2019-02-19, 23:58:19, 23.74, 45.8
2019-02-19, 23:58:20, 23.76, 45.8
2019-02-19, 23:58:22, 23.76, 45.8
2019-02-19, 23:58:23, 23.76, 45.8
2019-02-19, 23:58:25, 23.77, 45.8
2019-02-19, 23:58:26, 23.76, 45.8
2019-02-19, 23:58:27, 23.76, 45.8
2019-02-19, 23:58:29, 23.77, 45.8
2019-02-19, 23:58:30, 23.76, 45.8
2019-02-19, 23:58:31, 23.75, 45.8
2019-02-19, 23:58:33, 23.76, 45.8
2019-02-19, 23:58:34, 23.75, 45.8
2019-02-19, 23:58:35, 23.77, 45.8
2019-02-19, 23:58:37, 23.77, 45.8
2019-02-19, 23:58:38, 23.77, 45.8
2019-02-19, 23:58:39, 23.76, 45.8
2019-02-19, 23:58:41, 23.76, 45.8
2019-02-19, 23:58:42, 23.77, 45.8
2019-02-19, 23:58:43, 23.77, 45.8
2019-02-19, 23:58:45, 23.77, 45.8
2019-02-19, 23:58:46, 23.77, 45.8
2019-02-19, 23:58:48, 23.77, 45.77
2019-02-19, 23:58:49, 23.77, 45.77
2019-02-19, 23:58:50, 23.76, 45.8
2019-02-19, 23:58:52, 23.77, 45.77
2019-02-19, 23:58:53, 23.77, 45.8
2019-02-19, 23:58:54, 23.78, 45.77
2019-02-19, 23:58:56, 23.77, 45.77
2019-02-19, 23:58:57, 23.77, 45.77
2019-02-19, 23:58:58, 23.78, 45.77
2019-02-19, 23:59:00, 23.77, 45.8
2019-02-19, 23:59:01, 23.77, 45.77
2019-02-19, 23:59:02, 23.62, 45.78
2019-02-19, 23:59:04, 23.72, 45.82
2019-02-19, 23:59:05, 23.74, 45.86
2019-02-19, 23:59:07, 23.75, 45.86
2019-02-19, 23:59:08, 23.76, 45.83
2019-02-19, 23:59:09, 23.76, 45.83
2019-02-19, 23:59:11, 23.74, 45.83
2019-02-19, 23:59:12, 23.76, 45.8
2019-02-19, 23:59:13, 23.76, 45.8
2019-02-19, 23:59:15, 23.76, 45.8
2019-02-19, 23:59:16, 23.76, 45.8
2019-02-19, 23:59:17, 23.76, 45.8
2019-02-19, 23:59:19, 23.76, 45.8
2019-02-19, 23:59:20, 23.76, 45.8
2019-02-19, 23:59:21, 23.75, 45.76
2019-02-19, 23:59:23, 23.75, 45.8
2019-02-19, 23:59:24, 23.75, 45.76
2019-02-19, 23:59:25, 23.75, 45.8
2019-02-19, 23:59:27, 23.75, 45.8
2019-02-19, 23:59:28, 23.76, 45.8
2019-02-19, 23:59:30, 23.76, 45.8
2019-02-19, 23:59:31, 23.74, 45.8
2019-02-19, 23:59:32, 23.59, 45.78
2019-02-19, 23:59:34, 23.71, 45.86
2019-02-19, 23:59:35, 23.72, 45.86
2019-02-19, 23:59:36, 23.74, 45.86
2019-02-19, 23:59:38, 23.74, 45.86
2019-02-19, 23:59:39, 23.73, 45.83
2019-02-19, 23:59:40, 23.74, 45.83
2019-02-19, 23:59:42, 23.74, 45.8
2019-02-19, 23:59:43, 23.74, 45.8
2019-02-19, 23:59:44, 23.75, 45.8
2019-02-19, 23:59:46, 23.74, 45.8
2019-02-19, 23:59:47, 23.76, 45.8
2019-02-19, 23:59:48, 23.75, 45.8
2019-02-19, 23:59:50, 23.75, 45.8
2019-02-19, 23:59:51, 23.76, 45.8
2019-02-19, 23:59:53, 23.76, 45.8
2019-02-19, 23:59:54, 23.75, 45.8
2019-02-19, 23:59:55, 23.76, 45.8
2019-02-19, 23:59:57, 23.75, 45.76
2019-02-19, 23:59:58, 23.76, 45.8
2019-02-19, 23:59:59, 23.75, 45.8
