2022-12-10, 00:00:05, with, /
2022-12-10, 00:00:17, with, /
2022-12-10, 00:00:29, with, /
2022-12-10, 00:00:41, with, /
2022-12-10, 00:00:53, with, /
2022-12-10, 00:01:05, with, /
2022-12-10, 00:01:17, with, /
2022-12-10, 00:01:29, with, /
2022-12-10, 00:01:41, with, /
2022-12-10, 00:01:53, with, /
2022-12-10, 00:02:05, with, /
2022-12-10, 00:02:17, with, /
2022-12-10, 00:02:29, with, /
2022-12-10, 00:02:41, with, /
2022-12-10, 00:02:53, with, /
2022-12-10, 00:03:05, with, /
2022-12-10, 00:03:17, with, /
2022-12-10, 00:03:29, with, /
2022-12-10, 00:03:41, with, /
2022-12-10, 00:03:53, with, /
2022-12-10, 00:04:05, with, /
2022-12-10, 00:04:17, with, /
2022-12-10, 00:04:29, with, /
2022-12-10, 00:04:42, with, /
2022-12-10, 00:04:54, with, /
2022-12-10, 00:05:06, with, /
2022-12-10, 00:05:18, with, /
2022-12-10, 00:05:30, with, /
2022-12-10, 00:05:42, with, /
2022-12-10, 00:05:54, with, /
2022-12-10, 00:06:06, with, /
2022-12-10, 00:06:18, with, /
2022-12-10, 00:06:30, with, /
2022-12-10, 00:06:42, with, /
2022-12-10, 00:06:54, with, /
2022-12-10, 00:07:06, with, /
2022-12-10, 00:07:18, with, /
2022-12-10, 00:07:30, with, /
2022-12-10, 00:07:42, with, /
2022-12-10, 00:07:54, with, /
2022-12-10, 00:08:06, with, /
2022-12-10, 00:08:18, with, /
2022-12-10, 00:08:30, with, /
2022-12-10, 00:08:42, with, /
2022-12-10, 00:08:54, with, /
2022-12-10, 00:09:06, with, /
2022-12-10, 00:09:18, with, /
2022-12-10, 00:09:30, with, /
2022-12-10, 00:09:42, with, /
2022-12-10, 00:09:54, with, /
2022-12-10, 00:10:06, with, /
2022-12-10, 00:10:18, with, /
2022-12-10, 00:10:30, with, /
2022-12-10, 00:10:42, with, /
2022-12-10, 00:10:54, with, /
2022-12-10, 00:11:06, with, /
2022-12-10, 00:11:18, with, /
2022-12-10, 00:11:30, with, /
2022-12-10, 00:11:42, with, /
2022-12-10, 00:11:54, with, /
2022-12-10, 00:12:06, with, /
2022-12-10, 00:12:19, with, /
2022-12-10, 00:12:31, with, /
2022-12-10, 00:12:43, with, /
2022-12-10, 00:12:55, with, /
2022-12-10, 00:13:07, with, /
2022-12-10, 00:13:19, with, /
2022-12-10, 00:13:31, with, /
2022-12-10, 00:13:43, with, /
2022-12-10, 00:13:55, with, /
2022-12-10, 00:14:07, with, /
2022-12-10, 00:14:19, with, /
2022-12-10, 00:14:31, with, /
2022-12-10, 00:14:43, with, /
2022-12-10, 00:14:55, with, /
2022-12-10, 00:15:07, with, /
2022-12-10, 00:15:19, with, /
2022-12-10, 00:15:31, with, /
2022-12-10, 00:15:43, with, /
2022-12-10, 00:15:55, with, /
2022-12-10, 00:16:07, with, /
2022-12-10, 00:16:19, with, /
2022-12-10, 00:16:31, with, /
2022-12-10, 00:16:43, with, /
2022-12-10, 00:16:55, with, /
2022-12-10, 00:17:07, with, /
2022-12-10, 00:17:19, with, /
2022-12-10, 00:17:31, with, /
2022-12-10, 00:17:43, with, /
2022-12-10, 00:17:55, with, /
2022-12-10, 00:18:07, with, /
2022-12-10, 00:18:19, with, /
2022-12-10, 00:18:31, with, /
2022-12-10, 00:18:43, with, /
2022-12-10, 00:18:55, with, /
2022-12-10, 00:19:07, with, /
2022-12-10, 00:19:19, with, /
2022-12-10, 00:19:31, with, /
2022-12-10, 00:19:43, with, /
2022-12-10, 00:19:56, with, /
2022-12-10, 00:20:08, with, /
2022-12-10, 00:20:20, with, /
2022-12-10, 00:20:32, with, /
2022-12-10, 00:20:44, with, /
2022-12-10, 00:20:56, with, /
2022-12-10, 00:21:08, with, /
2022-12-10, 00:21:20, with, /
2022-12-10, 00:21:32, with, /
2022-12-10, 00:21:44, with, /
2022-12-10, 00:21:56, with, /
2022-12-10, 00:22:08, with, /
2022-12-10, 00:22:20, with, /
2022-12-10, 00:22:32, with, /
2022-12-10, 00:22:44, with, /
2022-12-10, 00:22:56, with, /
2022-12-10, 00:23:08, with, /
2022-12-10, 00:23:20, with, /
2022-12-10, 00:23:32, with, /
2022-12-10, 00:23:44, with, /
2022-12-10, 00:23:56, with, /
2022-12-10, 00:24:08, with, /
2022-12-10, 00:24:20, with, /
2022-12-10, 00:24:32, with, /
2022-12-10, 00:24:44, with, /
2022-12-10, 00:24:56, with, /
2022-12-10, 00:25:08, with, /
2022-12-10, 00:25:20, with, /
2022-12-10, 00:25:32, with, /
2022-12-10, 00:25:44, with, /
2022-12-10, 00:25:56, with, /
2022-12-10, 00:26:08, with, /
2022-12-10, 00:26:20, with, /
2022-12-10, 00:26:32, with, /
2022-12-10, 00:26:44, with, /
2022-12-10, 00:26:56, with, /
2022-12-10, 00:27:08, with, /
2022-12-10, 00:27:21, with, /
2022-12-10, 00:27:33, with, /
2022-12-10, 00:27:45, with, /
2022-12-10, 00:27:57, with, /
2022-12-10, 00:28:09, with, /
2022-12-10, 00:28:21, with, /
2022-12-10, 00:28:33, with, /
2022-12-10, 00:28:45, with, /
2022-12-10, 00:28:57, with, /
2022-12-10, 00:29:09, with, /
2022-12-10, 00:29:21, with, /
2022-12-10, 00:29:33, with, /
2022-12-10, 00:29:45, with, /
2022-12-10, 00:29:57, with, /
2022-12-10, 00:30:09, with, /
2022-12-10, 00:30:21, with, /
2022-12-10, 00:30:33, with, /
2022-12-10, 00:30:45, with, /
2022-12-10, 00:30:57, with, /
2022-12-10, 00:31:09, with, /
2022-12-10, 00:31:21, with, /
2022-12-10, 00:31:33, with, /
2022-12-10, 00:31:45, with, /
2022-12-10, 00:31:57, with, /
2022-12-10, 00:32:09, with, /
2022-12-10, 00:32:21, with, /
2022-12-10, 00:32:33, with, /
2022-12-10, 00:32:45, with, /
2022-12-10, 00:32:57, with, /
2022-12-10, 00:33:09, with, /
2022-12-10, 00:33:21, with, /
2022-12-10, 00:33:33, with, /
2022-12-10, 00:33:45, with, /
2022-12-10, 00:33:57, with, /
2022-12-10, 00:34:09, with, /
2022-12-10, 00:34:21, with, /
2022-12-10, 00:34:33, with, /
2022-12-10, 00:34:46, with, /
2022-12-10, 00:34:58, with, /
2022-12-10, 00:35:10, with, /
2022-12-10, 00:35:22, with, /
2022-12-10, 00:35:34, with, /
2022-12-10, 00:35:46, with, /
2022-12-10, 00:35:58, with, /
2022-12-10, 00:36:10, with, /
2022-12-10, 00:36:22, with, /
2022-12-10, 00:36:34, with, /
2022-12-10, 00:36:46, with, /
2022-12-10, 00:36:58, with, /
2022-12-10, 00:37:10, with, /
2022-12-10, 00:37:22, with, /
2022-12-10, 00:37:34, with, /
2022-12-10, 00:37:46, with, /
2022-12-10, 00:37:58, with, /
2022-12-10, 00:38:10, with, /
2022-12-10, 00:38:22, with, /
2022-12-10, 00:38:34, with, /
2022-12-10, 00:38:46, with, /
2022-12-10, 00:38:58, with, /
2022-12-10, 00:39:10, with, /
2022-12-10, 00:39:22, with, /
2022-12-10, 00:39:34, with, /
2022-12-10, 00:39:46, with, /
2022-12-10, 00:39:58, with, /
2022-12-10, 00:40:10, with, /
2022-12-10, 00:40:22, with, /
2022-12-10, 00:40:34, with, /
2022-12-10, 00:40:46, with, /
2022-12-10, 00:40:58, with, /
2022-12-10, 00:41:10, with, /
2022-12-10, 00:41:22, with, /
2022-12-10, 00:41:34, with, /
2022-12-10, 00:41:46, with, /
2022-12-10, 00:41:59, with, /
2022-12-10, 00:42:11, with, /
2022-12-10, 00:42:23, with, /
2022-12-10, 00:42:35, with, /
2022-12-10, 00:42:47, with, /
2022-12-10, 00:42:59, with, /
2022-12-10, 00:43:11, with, /
2022-12-10, 00:43:23, with, /
2022-12-10, 00:43:35, with, /
2022-12-10, 00:43:47, with, /
2022-12-10, 00:43:59, with, /
2022-12-10, 00:44:11, with, /
2022-12-10, 00:44:23, with, /
2022-12-10, 00:44:35, with, /
2022-12-10, 00:44:47, with, /
2022-12-10, 00:44:59, with, /
2022-12-10, 00:45:11, with, /
2022-12-10, 00:45:23, with, /
2022-12-10, 00:45:35, with, /
2022-12-10, 00:45:47, with, /
2022-12-10, 00:45:59, with, /
2022-12-10, 00:46:11, with, /
2022-12-10, 00:46:23, with, /
2022-12-10, 00:46:35, with, /
2022-12-10, 00:46:47, with, /
2022-12-10, 00:46:59, with, /
2022-12-10, 00:47:11, with, /
2022-12-10, 00:47:23, with, /
2022-12-10, 00:47:35, with, /
2022-12-10, 00:47:47, with, /
2022-12-10, 00:47:59, with, /
2022-12-10, 00:48:11, with, /
2022-12-10, 00:48:23, with, /
2022-12-10, 00:48:35, with, /
2022-12-10, 00:48:47, with, /
2022-12-10, 00:48:59, with, /
2022-12-10, 00:49:12, with, /
2022-12-10, 00:49:24, with, /
2022-12-10, 00:49:36, with, /
2022-12-10, 00:49:48, with, /
2022-12-10, 00:50:00, with, /
2022-12-10, 00:50:12, with, /
2022-12-10, 00:50:24, with, /
2022-12-10, 00:50:36, with, /
2022-12-10, 00:50:48, with, /
2022-12-10, 00:51:00, with, /
2022-12-10, 00:51:12, with, /
2022-12-10, 00:51:24, with, /
2022-12-10, 00:51:36, with, /
2022-12-10, 00:51:48, with, /
2022-12-10, 00:52:00, with, /
2022-12-10, 00:52:12, with, /
2022-12-10, 00:52:24, with, /
2022-12-10, 00:52:36, with, /
2022-12-10, 00:52:48, with, /
2022-12-10, 00:53:00, with, /
2022-12-10, 00:53:12, with, /
2022-12-10, 00:53:24, with, /
2022-12-10, 00:53:36, with, /
2022-12-10, 00:53:48, with, /
2022-12-10, 00:54:00, with, /
2022-12-10, 00:54:12, with, /
2022-12-10, 00:54:24, with, /
2022-12-10, 00:54:36, with, /
2022-12-10, 00:54:48, with, /
2022-12-10, 00:55:00, with, /
2022-12-10, 00:55:12, with, /
2022-12-10, 00:55:24, with, /
2022-12-10, 00:55:36, with, /
2022-12-10, 00:55:48, with, /
2022-12-10, 00:56:00, with, /
2022-12-10, 00:56:12, with, /
2022-12-10, 00:56:24, with, /
2022-12-10, 00:56:37, with, /
2022-12-10, 00:56:49, with, /
2022-12-10, 00:57:01, with, /
2022-12-10, 00:57:13, with, /
2022-12-10, 00:57:25, with, /
2022-12-10, 00:57:37, with, /
2022-12-10, 00:57:49, with, /
2022-12-10, 00:58:01, with, /
2022-12-10, 00:58:13, with, /
2022-12-10, 00:58:25, with, /
2022-12-10, 00:58:37, with, /
2022-12-10, 00:58:49, with, /
2022-12-10, 00:59:01, with, /
2022-12-10, 00:59:13, with, /
2022-12-10, 00:59:25, with, /
2022-12-10, 00:59:37, with, /
2022-12-10, 00:59:49, with, /
2022-12-10, 01:00:01, with, /
2022-12-10, 01:00:13, with, /
2022-12-10, 01:00:25, with, /
2022-12-10, 01:00:37, with, /
2022-12-10, 01:00:49, with, /
2022-12-10, 01:01:01, with, /
2022-12-10, 01:01:13, with, /
2022-12-10, 01:01:25, with, /
2022-12-10, 01:01:37, with, /
2022-12-10, 01:01:49, with, /
2022-12-10, 01:02:01, with, /
2022-12-10, 01:02:13, with, /
2022-12-10, 01:02:25, with, /
2022-12-10, 01:02:37, with, /
2022-12-10, 01:02:49, with, /
2022-12-10, 01:03:01, with, /
2022-12-10, 01:03:13, with, /
2022-12-10, 01:03:25, with, /
2022-12-10, 01:03:37, with, /
2022-12-10, 01:03:49, with, /
2022-12-10, 01:04:02, with, /
2022-12-10, 01:04:14, with, /
2022-12-10, 01:04:26, with, /
2022-12-10, 01:04:38, with, /
2022-12-10, 01:04:50, with, /
2022-12-10, 01:05:02, with, /
2022-12-10, 01:05:14, with, /
2022-12-10, 01:05:26, with, /
2022-12-10, 01:05:38, with, /
2022-12-10, 01:05:50, with, /
2022-12-10, 01:06:02, with, /
2022-12-10, 01:06:14, with, /
2022-12-10, 01:06:26, with, /
2022-12-10, 01:06:38, with, /
2022-12-10, 01:06:50, with, /
2022-12-10, 01:07:02, with, /
2022-12-10, 01:07:14, with, /
2022-12-10, 01:07:26, with, /
2022-12-10, 01:07:38, with, /
2022-12-10, 01:07:50, with, /
2022-12-10, 01:08:02, with, /
2022-12-10, 01:08:14, with, /
2022-12-10, 01:08:26, with, /
2022-12-10, 01:08:38, with, /
2022-12-10, 01:08:50, with, /
2022-12-10, 01:09:02, with, /
2022-12-10, 01:09:14, with, /
2022-12-10, 01:09:26, with, /
2022-12-10, 01:09:38, with, /
2022-12-10, 01:09:50, with, /
2022-12-10, 01:10:02, with, /
2022-12-10, 01:10:14, with, /
2022-12-10, 01:10:26, with, /
2022-12-10, 01:10:38, with, /
2022-12-10, 01:10:50, with, /
2022-12-10, 01:11:02, with, /
2022-12-10, 01:11:14, with, /
2022-12-10, 01:11:27, with, /
2022-12-10, 01:11:39, with, /
2022-12-10, 01:11:51, with, /
2022-12-10, 01:12:03, with, /
2022-12-10, 01:12:15, with, /
2022-12-10, 01:12:27, with, /
2022-12-10, 01:12:39, with, /
2022-12-10, 01:12:51, with, /
2022-12-10, 01:13:03, with, /
2022-12-10, 01:13:15, with, /
2022-12-10, 01:13:27, with, /
2022-12-10, 01:13:39, with, /
2022-12-10, 01:13:51, with, /
2022-12-10, 01:14:03, with, /
2022-12-10, 01:14:15, with, /
2022-12-10, 01:14:27, with, /
2022-12-10, 01:14:39, with, /
2022-12-10, 01:14:51, with, /
2022-12-10, 01:15:03, with, /
2022-12-10, 01:15:15, with, /
2022-12-10, 01:15:27, with, /
2022-12-10, 01:15:39, with, /
2022-12-10, 01:15:51, with, /
2022-12-10, 01:16:03, with, /
2022-12-10, 01:16:15, with, /
2022-12-10, 01:16:27, with, /
2022-12-10, 01:16:39, with, /
2022-12-10, 01:16:51, with, /
2022-12-10, 01:17:03, with, /
2022-12-10, 01:17:15, with, /
2022-12-10, 01:17:27, with, /
2022-12-10, 01:17:39, with, /
2022-12-10, 01:17:51, with, /
2022-12-10, 01:18:03, with, /
2022-12-10, 01:18:15, with, /
2022-12-10, 01:18:27, with, /
2022-12-10, 01:18:39, with, /
2022-12-10, 01:18:52, with, /
2022-12-10, 01:19:04, with, /
2022-12-10, 01:19:16, with, /
2022-12-10, 01:19:28, with, /
2022-12-10, 01:19:40, with, /
2022-12-10, 01:19:52, with, /
2022-12-10, 01:20:04, with, /
2022-12-10, 01:20:16, with, /
2022-12-10, 01:20:28, with, /
2022-12-10, 01:20:40, with, /
2022-12-10, 01:20:52, with, /
2022-12-10, 01:21:04, with, /
2022-12-10, 01:21:16, with, /
2022-12-10, 01:21:28, with, /
2022-12-10, 01:21:40, with, /
2022-12-10, 01:21:52, with, /
2022-12-10, 01:22:04, with, /
2022-12-10, 01:22:16, with, /
2022-12-10, 01:22:28, with, /
2022-12-10, 01:22:40, with, /
2022-12-10, 01:22:52, with, /
2022-12-10, 01:23:04, with, /
2022-12-10, 01:23:16, with, /
2022-12-10, 01:23:28, with, /
2022-12-10, 01:23:40, with, /
2022-12-10, 01:23:52, with, /
2022-12-10, 01:24:04, with, /
2022-12-10, 01:24:16, with, /
2022-12-10, 01:24:28, with, /
2022-12-10, 01:24:40, with, /
2022-12-10, 01:24:52, with, /
2022-12-10, 01:25:04, with, /
2022-12-10, 01:25:16, with, /
2022-12-10, 01:25:28, with, /
2022-12-10, 01:25:40, with, /
2022-12-10, 01:25:52, with, /
2022-12-10, 01:26:04, with, /
2022-12-10, 01:26:17, with, /
2022-12-10, 01:26:29, with, /
2022-12-10, 01:26:41, with, /
2022-12-10, 01:26:53, with, /
2022-12-10, 01:27:05, with, /
2022-12-10, 01:27:17, with, /
2022-12-10, 01:27:29, with, /
2022-12-10, 01:27:41, with, /
2022-12-10, 01:27:53, with, /
2022-12-10, 01:28:05, with, /
2022-12-10, 01:28:17, with, /
2022-12-10, 01:28:29, with, /
2022-12-10, 01:28:41, with, /
2022-12-10, 01:28:53, with, /
2022-12-10, 01:29:05, with, /
2022-12-10, 01:29:17, with, /
2022-12-10, 01:29:29, with, /
2022-12-10, 01:29:41, with, /
2022-12-10, 01:29:53, with, /
2022-12-10, 01:30:05, with, /
2022-12-10, 01:30:17, with, /
2022-12-10, 01:30:29, with, /
2022-12-10, 01:30:41, with, /
2022-12-10, 01:30:53, with, /
2022-12-10, 01:31:05, with, /
2022-12-10, 01:31:17, with, /
2022-12-10, 01:31:29, with, /
2022-12-10, 01:31:41, with, /
2022-12-10, 01:31:53, with, /
2022-12-10, 01:32:05, with, /
2022-12-10, 01:32:17, with, /
2022-12-10, 01:32:29, with, /
2022-12-10, 01:32:41, with, /
2022-12-10, 01:32:53, with, /
2022-12-10, 01:33:05, with, /
2022-12-10, 01:33:17, with, /
2022-12-10, 01:33:29, with, /
2022-12-10, 01:33:42, with, /
2022-12-10, 01:33:54, with, /
2022-12-10, 01:34:06, with, /
2022-12-10, 01:34:18, with, /
2022-12-10, 01:34:30, with, /
2022-12-10, 01:34:42, with, /
2022-12-10, 01:34:54, with, /
2022-12-10, 01:35:06, with, /
2022-12-10, 01:35:18, with, /
2022-12-10, 01:35:30, with, /
2022-12-10, 01:35:42, with, /
2022-12-10, 01:35:54, with, /
2022-12-10, 01:36:06, with, /
2022-12-10, 01:36:18, with, /
2022-12-10, 01:36:30, with, /
2022-12-10, 01:36:42, with, /
2022-12-10, 01:36:54, with, /
2022-12-10, 01:37:06, with, /
2022-12-10, 01:37:18, with, /
2022-12-10, 01:37:30, with, /
2022-12-10, 01:37:42, with, /
2022-12-10, 01:37:54, with, /
2022-12-10, 01:38:06, with, /
2022-12-10, 01:38:18, with, /
2022-12-10, 01:38:30, with, /
2022-12-10, 01:38:42, with, /
2022-12-10, 01:38:54, with, /
2022-12-10, 01:39:06, with, /
2022-12-10, 01:39:18, with, /
2022-12-10, 01:39:30, with, /
2022-12-10, 01:39:42, with, /
2022-12-10, 01:39:54, with, /
2022-12-10, 01:40:06, with, /
2022-12-10, 01:40:18, with, /
2022-12-10, 01:40:30, with, /
2022-12-10, 01:40:42, with, /
2022-12-10, 01:40:54, with, /
2022-12-10, 01:41:06, with, /
2022-12-10, 01:41:19, with, /
2022-12-10, 01:41:31, with, /
2022-12-10, 01:41:43, with, /
2022-12-10, 01:41:55, with, /
2022-12-10, 01:42:07, with, /
2022-12-10, 01:42:19, with, /
2022-12-10, 01:42:31, with, /
2022-12-10, 01:42:43, with, /
2022-12-10, 01:42:55, with, /
2022-12-10, 01:43:07, with, /
2022-12-10, 01:43:19, with, /
2022-12-10, 01:43:31, with, /
2022-12-10, 01:43:43, with, /
2022-12-10, 01:43:55, with, /
2022-12-10, 01:44:07, with, /
2022-12-10, 01:44:19, with, /
2022-12-10, 01:44:31, with, /
2022-12-10, 01:44:43, with, /
2022-12-10, 01:44:55, with, /
2022-12-10, 01:45:07, with, /
2022-12-10, 01:45:19, with, /
2022-12-10, 01:45:31, with, /
2022-12-10, 01:45:43, with, /
2022-12-10, 01:45:55, with, /
2022-12-10, 01:46:07, with, /
2022-12-10, 01:46:19, with, /
2022-12-10, 01:46:31, with, /
2022-12-10, 01:46:43, with, /
2022-12-10, 01:46:55, with, /
2022-12-10, 01:47:07, with, /
2022-12-10, 01:47:19, with, /
2022-12-10, 01:47:31, with, /
2022-12-10, 01:47:43, with, /
2022-12-10, 01:47:55, with, /
2022-12-10, 01:48:07, with, /
2022-12-10, 01:48:19, with, /
2022-12-10, 01:48:31, with, /
2022-12-10, 01:48:43, with, /
2022-12-10, 01:48:56, with, /
2022-12-10, 01:49:08, with, /
2022-12-10, 01:49:20, with, /
2022-12-10, 01:49:32, with, /
2022-12-10, 01:49:44, with, /
2022-12-10, 01:49:56, with, /
2022-12-10, 01:50:08, with, /
2022-12-10, 01:50:20, with, /
2022-12-10, 01:50:32, with, /
2022-12-10, 01:50:44, with, /
2022-12-10, 01:50:56, with, /
2022-12-10, 01:51:08, with, /
2022-12-10, 01:51:20, with, /
2022-12-10, 01:51:32, with, /
2022-12-10, 01:51:44, with, /
2022-12-10, 01:51:56, with, /
2022-12-10, 01:52:08, with, /
2022-12-10, 01:52:20, with, /
2022-12-10, 01:52:32, with, /
2022-12-10, 01:52:44, with, /
2022-12-10, 01:52:56, with, /
2022-12-10, 01:53:08, with, /
2022-12-10, 01:53:20, with, /
2022-12-10, 01:53:32, with, /
2022-12-10, 01:53:44, with, /
2022-12-10, 01:53:56, with, /
2022-12-10, 01:54:08, with, /
2022-12-10, 01:54:20, with, /
2022-12-10, 01:54:32, with, /
2022-12-10, 01:54:44, with, /
2022-12-10, 01:54:56, with, /
2022-12-10, 01:55:08, with, /
2022-12-10, 01:55:20, with, /
2022-12-10, 01:55:32, with, /
2022-12-10, 01:55:44, with, /
2022-12-10, 01:55:56, with, /
2022-12-10, 01:56:08, with, /
2022-12-10, 01:56:21, with, /
2022-12-10, 01:56:33, with, /
2022-12-10, 01:56:45, with, /
2022-12-10, 01:56:57, with, /
2022-12-10, 01:57:09, with, /
2022-12-10, 01:57:21, with, /
2022-12-10, 01:57:33, with, /
2022-12-10, 01:57:45, with, /
2022-12-10, 01:57:57, with, /
2022-12-10, 01:58:09, with, /
2022-12-10, 01:58:21, with, /
2022-12-10, 01:58:33, with, /
2022-12-10, 01:58:45, with, /
2022-12-10, 01:58:57, with, /
2022-12-10, 01:59:09, with, /
2022-12-10, 01:59:21, with, /
2022-12-10, 01:59:33, with, /
2022-12-10, 01:59:45, with, /
2022-12-10, 01:59:57, with, /
2022-12-10, 02:00:09, with, /
2022-12-10, 02:00:21, with, /
2022-12-10, 02:00:33, with, /
2022-12-10, 02:00:45, with, /
2022-12-10, 02:00:57, with, /
2022-12-10, 02:01:09, with, /
2022-12-10, 02:01:21, with, /
2022-12-10, 02:01:33, with, /
2022-12-10, 02:01:45, with, /
2022-12-10, 02:01:57, with, /
2022-12-10, 02:02:09, with, /
2022-12-10, 02:02:21, with, /
2022-12-10, 02:02:33, with, /
2022-12-10, 02:02:45, with, /
2022-12-10, 02:02:57, with, /
2022-12-10, 02:03:09, with, /
2022-12-10, 02:03:21, with, /
2022-12-10, 02:03:33, with, /
2022-12-10, 02:03:45, with, /
2022-12-10, 02:03:58, with, /
2022-12-10, 02:04:10, with, /
2022-12-10, 02:04:22, with, /
2022-12-10, 02:04:34, with, /
2022-12-10, 02:04:46, with, /
2022-12-10, 02:04:58, with, /
2022-12-10, 02:05:10, with, /
2022-12-10, 02:05:22, with, /
2022-12-10, 02:05:34, with, /
2022-12-10, 02:05:46, with, /
2022-12-10, 02:05:58, with, /
2022-12-10, 02:06:10, with, /
2022-12-10, 02:06:22, with, /
2022-12-10, 02:06:34, with, /
2022-12-10, 02:06:46, with, /
2022-12-10, 02:06:58, with, /
2022-12-10, 02:07:10, with, /
2022-12-10, 02:07:22, with, /
2022-12-10, 02:07:34, with, /
2022-12-10, 02:07:46, with, /
2022-12-10, 02:07:58, with, /
2022-12-10, 02:08:10, with, /
2022-12-10, 02:08:22, with, /
2022-12-10, 02:08:34, with, /
2022-12-10, 02:08:46, with, /
2022-12-10, 02:08:58, with, /
2022-12-10, 02:09:10, with, /
2022-12-10, 02:09:22, with, /
2022-12-10, 02:09:34, with, /
2022-12-10, 02:09:46, with, /
2022-12-10, 02:09:58, with, /
2022-12-10, 02:10:10, with, /
2022-12-10, 02:10:22, with, /
2022-12-10, 02:10:34, with, /
2022-12-10, 02:10:46, with, /
2022-12-10, 02:10:58, with, /
2022-12-10, 02:11:11, with, /
2022-12-10, 02:11:23, with, /
2022-12-10, 02:11:35, with, /
2022-12-10, 02:11:47, with, /
2022-12-10, 02:11:59, with, /
2022-12-10, 02:12:11, with, /
2022-12-10, 02:12:23, with, /
2022-12-10, 02:12:35, with, /
2022-12-10, 02:12:47, with, /
2022-12-10, 02:12:59, with, /
2022-12-10, 02:13:11, with, /
2022-12-10, 02:13:23, with, /
2022-12-10, 02:13:35, with, /
2022-12-10, 02:13:47, with, /
2022-12-10, 02:13:59, with, /
2022-12-10, 02:14:11, with, /
2022-12-10, 02:14:23, with, /
2022-12-10, 02:14:35, with, /
2022-12-10, 02:14:47, with, /
2022-12-10, 02:14:59, with, /
2022-12-10, 02:15:11, with, /
2022-12-10, 02:15:23, with, /
2022-12-10, 02:15:35, with, /
2022-12-10, 02:15:47, with, /
2022-12-10, 02:15:59, with, /
2022-12-10, 02:16:11, with, /
2022-12-10, 02:16:23, with, /
2022-12-10, 02:16:35, with, /
2022-12-10, 02:16:47, with, /
2022-12-10, 02:16:59, with, /
2022-12-10, 02:17:11, with, /
2022-12-10, 02:17:23, with, /
2022-12-10, 02:17:35, with, /
2022-12-10, 02:17:47, with, /
2022-12-10, 02:17:59, with, /
2022-12-10, 02:18:11, with, /
2022-12-10, 02:18:23, with, /
2022-12-10, 02:18:35, with, /
2022-12-10, 02:18:47, with, /
2022-12-10, 02:19:00, with, /
2022-12-10, 02:19:12, with, /
2022-12-10, 02:19:24, with, /
2022-12-10, 02:19:36, with, /
2022-12-10, 02:19:48, with, /
2022-12-10, 02:20:00, with, /
2022-12-10, 02:20:12, with, /
2022-12-10, 02:20:24, with, /
2022-12-10, 02:20:36, with, /
2022-12-10, 02:20:48, with, /
2022-12-10, 02:21:00, with, /
2022-12-10, 02:21:12, with, /
2022-12-10, 02:21:24, with, /
2022-12-10, 02:21:36, with, /
2022-12-10, 02:21:48, with, /
2022-12-10, 02:22:00, with, /
2022-12-10, 02:22:12, with, /
2022-12-10, 02:22:24, with, /
2022-12-10, 02:22:36, with, /
2022-12-10, 02:22:48, with, /
2022-12-10, 02:23:00, with, /
2022-12-10, 02:23:12, with, /
2022-12-10, 02:23:24, with, /
2022-12-10, 02:23:36, with, /
2022-12-10, 02:23:48, with, /
2022-12-10, 02:24:00, with, /
2022-12-10, 02:24:12, with, /
2022-12-10, 02:24:24, with, /
2022-12-10, 02:24:36, with, /
2022-12-10, 02:24:48, with, /
2022-12-10, 02:25:00, with, /
2022-12-10, 02:25:12, with, /
2022-12-10, 02:25:24, with, /
2022-12-10, 02:25:36, with, /
2022-12-10, 02:25:48, with, /
2022-12-10, 02:26:00, with, /
2022-12-10, 02:26:13, with, /
2022-12-10, 02:26:25, with, /
2022-12-10, 02:26:37, with, /
2022-12-10, 02:26:49, with, /
2022-12-10, 02:27:01, with, /
2022-12-10, 02:27:13, with, /
2022-12-10, 02:27:25, with, /
2022-12-10, 02:27:37, with, /
2022-12-10, 02:27:49, with, /
2022-12-10, 02:28:01, with, /
2022-12-10, 02:28:13, with, /
2022-12-10, 02:28:25, with, /
2022-12-10, 02:28:37, with, /
2022-12-10, 02:28:49, with, /
2022-12-10, 02:29:01, with, /
2022-12-10, 02:29:13, with, /
2022-12-10, 02:29:25, with, /
2022-12-10, 02:29:37, with, /
2022-12-10, 02:29:49, with, /
2022-12-10, 02:30:01, with, /
2022-12-10, 02:30:13, with, /
2022-12-10, 02:30:25, with, /
2022-12-10, 02:30:37, with, /
2022-12-10, 02:30:49, with, /
2022-12-10, 02:31:01, with, /
2022-12-10, 02:31:13, with, /
2022-12-10, 02:31:25, with, /
2022-12-10, 02:31:37, with, /
2022-12-10, 02:31:49, with, /
2022-12-10, 02:32:01, with, /
2022-12-10, 02:32:13, with, /
2022-12-10, 02:32:25, with, /
2022-12-10, 02:32:37, with, /
2022-12-10, 02:32:49, with, /
2022-12-10, 02:33:01, with, /
2022-12-10, 02:33:13, with, /
2022-12-10, 02:33:25, with, /
2022-12-10, 02:33:38, with, /
2022-12-10, 02:33:50, with, /
2022-12-10, 02:34:02, with, /
2022-12-10, 02:34:14, with, /
2022-12-10, 02:34:26, with, /
2022-12-10, 02:34:38, with, /
2022-12-10, 02:34:50, with, /
2022-12-10, 02:35:02, with, /
2022-12-10, 02:35:14, with, /
2022-12-10, 02:35:26, with, /
2022-12-10, 02:35:38, with, /
2022-12-10, 02:35:50, with, /
2022-12-10, 02:36:02, with, /
2022-12-10, 02:36:14, with, /
2022-12-10, 02:36:26, with, /
2022-12-10, 02:36:38, with, /
2022-12-10, 02:36:50, with, /
2022-12-10, 02:37:02, with, /
2022-12-10, 02:37:14, with, /
2022-12-10, 02:37:26, with, /
2022-12-10, 02:37:38, with, /
2022-12-10, 02:37:50, with, /
2022-12-10, 02:38:02, with, /
2022-12-10, 02:38:14, with, /
2022-12-10, 02:38:26, with, /
2022-12-10, 02:38:38, with, /
2022-12-10, 02:38:50, with, /
2022-12-10, 02:39:02, with, /
2022-12-10, 02:39:14, with, /
2022-12-10, 02:39:26, with, /
2022-12-10, 02:39:38, with, /
2022-12-10, 02:39:50, with, /
2022-12-10, 02:40:02, with, /
2022-12-10, 02:40:14, with, /
2022-12-10, 02:40:26, with, /
2022-12-10, 02:40:38, with, /
2022-12-10, 02:40:51, with, /
2022-12-10, 02:41:03, with, /
2022-12-10, 02:41:15, with, /
2022-12-10, 02:41:27, with, /
2022-12-10, 02:41:39, with, /
2022-12-10, 02:41:51, with, /
2022-12-10, 02:42:03, with, /
2022-12-10, 02:42:15, with, /
2022-12-10, 02:42:27, with, /
2022-12-10, 02:42:39, with, /
2022-12-10, 02:42:51, with, /
2022-12-10, 02:43:03, with, /
2022-12-10, 02:43:15, with, /
2022-12-10, 02:43:27, with, /
2022-12-10, 02:43:39, with, /
2022-12-10, 02:43:51, with, /
2022-12-10, 02:44:03, with, /
2022-12-10, 02:44:15, with, /
2022-12-10, 02:44:27, with, /
2022-12-10, 02:44:39, with, /
2022-12-10, 02:44:51, with, /
2022-12-10, 02:45:03, with, /
2022-12-10, 02:45:15, with, /
2022-12-10, 02:45:27, with, /
2022-12-10, 02:45:39, with, /
2022-12-10, 02:45:51, with, /
2022-12-10, 02:46:03, with, /
2022-12-10, 02:46:15, with, /
2022-12-10, 02:46:27, with, /
2022-12-10, 02:46:39, with, /
2022-12-10, 02:46:51, with, /
2022-12-10, 02:47:03, with, /
2022-12-10, 02:47:15, with, /
2022-12-10, 02:47:27, with, /
2022-12-10, 02:47:39, with, /
2022-12-10, 02:47:51, with, /
2022-12-10, 02:48:03, with, /
2022-12-10, 02:48:16, with, /
2022-12-10, 02:48:28, with, /
2022-12-10, 02:48:40, with, /
2022-12-10, 02:48:52, with, /
2022-12-10, 02:49:04, with, /
2022-12-10, 02:49:16, with, /
2022-12-10, 02:49:28, with, /
2022-12-10, 02:49:40, with, /
2022-12-10, 02:49:52, with, /
2022-12-10, 02:50:04, with, /
2022-12-10, 02:50:16, with, /
2022-12-10, 02:50:28, with, /
2022-12-10, 02:50:40, with, /
2022-12-10, 02:50:52, with, /
2022-12-10, 02:51:04, with, /
2022-12-10, 02:51:16, with, /
2022-12-10, 02:51:28, with, /
2022-12-10, 02:51:40, with, /
2022-12-10, 02:51:52, with, /
2022-12-10, 02:52:04, with, /
2022-12-10, 02:52:16, with, /
2022-12-10, 02:52:28, with, /
2022-12-10, 02:52:40, with, /
2022-12-10, 02:52:52, with, /
2022-12-10, 02:53:04, with, /
2022-12-10, 02:53:16, with, /
2022-12-10, 02:53:28, with, /
2022-12-10, 02:53:40, with, /
2022-12-10, 02:53:52, with, /
2022-12-10, 02:54:04, with, /
2022-12-10, 02:54:16, with, /
2022-12-10, 02:54:28, with, /
2022-12-10, 02:54:40, with, /
2022-12-10, 02:54:52, with, /
2022-12-10, 02:55:04, with, /
2022-12-10, 02:55:16, with, /
2022-12-10, 02:55:28, with, /
2022-12-10, 02:55:40, with, /
2022-12-10, 02:55:53, with, /
2022-12-10, 02:56:05, with, /
2022-12-10, 02:56:17, with, /
2022-12-10, 02:56:29, with, /
2022-12-10, 02:56:41, with, /
2022-12-10, 02:56:53, with, /
2022-12-10, 02:57:05, with, /
2022-12-10, 02:57:17, with, /
2022-12-10, 02:57:29, with, /
2022-12-10, 02:57:41, with, /
2022-12-10, 02:57:53, with, /
2022-12-10, 02:58:05, with, /
2022-12-10, 02:58:17, with, /
2022-12-10, 02:58:29, with, /
2022-12-10, 02:58:41, with, /
2022-12-10, 02:58:53, with, /
2022-12-10, 02:59:05, with, /
2022-12-10, 02:59:17, with, /
2022-12-10, 02:59:29, with, /
2022-12-10, 02:59:41, with, /
2022-12-10, 02:59:53, with, /
2022-12-10, 03:00:05, with, /
2022-12-10, 03:00:17, with, /
2022-12-10, 03:00:29, with, /
2022-12-10, 03:00:41, with, /
2022-12-10, 03:00:53, with, /
2022-12-10, 03:01:05, with, /
2022-12-10, 03:01:17, with, /
2022-12-10, 03:01:29, with, /
2022-12-10, 03:01:41, with, /
2022-12-10, 03:01:53, with, /
2022-12-10, 03:02:05, with, /
2022-12-10, 03:02:17, with, /
2022-12-10, 03:02:29, with, /
2022-12-10, 03:02:41, with, /
2022-12-10, 03:02:53, with, /
2022-12-10, 03:03:06, with, /
2022-12-10, 03:03:18, with, /
2022-12-10, 03:03:30, with, /
2022-12-10, 03:03:42, with, /
2022-12-10, 03:03:54, with, /
2022-12-10, 03:04:06, with, /
2022-12-10, 03:04:18, with, /
2022-12-10, 03:04:30, with, /
2022-12-10, 03:04:42, with, /
2022-12-10, 03:04:54, with, /
2022-12-10, 03:05:06, with, /
2022-12-10, 03:05:18, with, /
2022-12-10, 03:05:30, with, /
2022-12-10, 03:05:42, with, /
2022-12-10, 03:05:54, with, /
2022-12-10, 03:06:06, with, /
2022-12-10, 03:06:18, with, /
2022-12-10, 03:06:30, with, /
2022-12-10, 03:06:42, with, /
2022-12-10, 03:06:54, with, /
2022-12-10, 03:07:06, with, /
2022-12-10, 03:07:18, with, /
2022-12-10, 03:07:30, with, /
2022-12-10, 03:07:42, with, /
2022-12-10, 03:07:54, with, /
2022-12-10, 03:08:06, with, /
2022-12-10, 03:08:18, with, /
2022-12-10, 03:08:30, with, /
2022-12-10, 03:08:42, with, /
2022-12-10, 03:08:54, with, /
2022-12-10, 03:09:06, with, /
2022-12-10, 03:09:18, with, /
2022-12-10, 03:09:30, with, /
2022-12-10, 03:09:42, with, /
2022-12-10, 03:09:54, with, /
2022-12-10, 03:10:06, with, /
2022-12-10, 03:10:19, with, /
2022-12-10, 03:10:31, with, /
2022-12-10, 03:10:43, with, /
2022-12-10, 03:10:55, with, /
2022-12-10, 03:11:07, with, /
2022-12-10, 03:11:19, with, /
2022-12-10, 03:11:31, with, /
2022-12-10, 03:11:43, with, /
2022-12-10, 03:11:55, with, /
2022-12-10, 03:12:07, with, /
2022-12-10, 03:12:19, with, /
2022-12-10, 03:12:31, with, /
2022-12-10, 03:12:43, with, /
2022-12-10, 03:12:55, with, /
2022-12-10, 03:13:07, with, /
2022-12-10, 03:13:19, with, /
2022-12-10, 03:13:31, with, /
2022-12-10, 03:13:43, with, /
2022-12-10, 03:13:55, with, /
2022-12-10, 03:14:07, with, /
2022-12-10, 03:14:19, with, /
2022-12-10, 03:14:31, with, /
2022-12-10, 03:14:43, with, /
2022-12-10, 03:14:55, with, /
2022-12-10, 03:15:07, with, /
2022-12-10, 03:15:19, with, /
2022-12-10, 03:15:31, with, /
2022-12-10, 03:15:43, with, /
2022-12-10, 03:15:55, with, /
2022-12-10, 03:16:07, with, /
2022-12-10, 03:16:19, with, /
2022-12-10, 03:16:31, with, /
2022-12-10, 03:16:43, with, /
2022-12-10, 03:16:55, with, /
2022-12-10, 03:17:07, with, /
2022-12-10, 03:17:19, with, /
2022-12-10, 03:17:31, with, /
2022-12-10, 03:17:44, with, /
2022-12-10, 03:17:56, with, /
2022-12-10, 03:18:08, with, /
2022-12-10, 03:18:20, with, /
2022-12-10, 03:18:32, with, /
2022-12-10, 03:18:44, with, /
2022-12-10, 03:18:56, with, /
2022-12-10, 03:19:08, with, /
2022-12-10, 03:19:20, with, /
2022-12-10, 03:19:32, with, /
2022-12-10, 03:19:44, with, /
2022-12-10, 03:19:56, with, /
2022-12-10, 03:20:08, with, /
2022-12-10, 03:20:20, with, /
2022-12-10, 03:20:32, with, /
2022-12-10, 03:20:44, with, /
2022-12-10, 03:20:56, with, /
2022-12-10, 03:21:08, with, /
2022-12-10, 03:21:20, with, /
2022-12-10, 03:21:32, with, /
2022-12-10, 03:21:44, with, /
2022-12-10, 03:21:56, with, /
2022-12-10, 03:22:08, with, /
2022-12-10, 03:22:20, with, /
2022-12-10, 03:22:32, with, /
2022-12-10, 03:22:44, with, /
2022-12-10, 03:22:56, with, /
2022-12-10, 03:23:08, with, /
2022-12-10, 03:23:20, with, /
2022-12-10, 03:23:32, with, /
2022-12-10, 03:23:44, with, /
2022-12-10, 03:23:56, with, /
2022-12-10, 03:24:08, with, /
2022-12-10, 03:24:20, with, /
2022-12-10, 03:24:32, with, /
2022-12-10, 03:24:44, with, /
2022-12-10, 03:24:57, with, /
2022-12-10, 03:25:09, with, /
2022-12-10, 03:25:21, with, /
2022-12-10, 03:25:33, with, /
2022-12-10, 03:25:45, with, /
2022-12-10, 03:25:57, with, /
2022-12-10, 03:26:09, with, /
2022-12-10, 03:26:21, with, /
2022-12-10, 03:26:33, with, /
2022-12-10, 03:26:45, with, /
2022-12-10, 03:26:57, with, /
2022-12-10, 03:27:09, with, /
2022-12-10, 03:27:21, with, /
2022-12-10, 03:27:33, with, /
2022-12-10, 03:27:45, with, /
2022-12-10, 03:27:57, with, /
2022-12-10, 03:28:09, with, /
2022-12-10, 03:28:21, with, /
2022-12-10, 03:28:33, with, /
2022-12-10, 03:28:45, with, /
2022-12-10, 03:28:57, with, /
2022-12-10, 03:29:09, with, /
2022-12-10, 03:29:21, with, /
2022-12-10, 03:29:33, with, /
2022-12-10, 03:29:45, with, /
2022-12-10, 03:29:57, with, /
2022-12-10, 03:30:09, with, /
2022-12-10, 03:30:21, with, /
2022-12-10, 03:30:33, with, /
2022-12-10, 03:30:45, with, /
2022-12-10, 03:30:57, with, /
2022-12-10, 03:31:09, with, /
2022-12-10, 03:31:21, with, /
2022-12-10, 03:31:33, with, /
2022-12-10, 03:31:45, with, /
2022-12-10, 03:31:57, with, /
2022-12-10, 03:32:10, with, /
2022-12-10, 03:32:22, with, /
2022-12-10, 03:32:34, with, /
2022-12-10, 03:32:46, with, /
2022-12-10, 03:32:58, with, /
2022-12-10, 03:33:10, with, /
2022-12-10, 03:33:22, with, /
2022-12-10, 03:33:34, with, /
2022-12-10, 03:33:46, with, /
2022-12-10, 03:33:58, with, /
2022-12-10, 03:34:10, with, /
2022-12-10, 03:34:22, with, /
2022-12-10, 03:34:34, with, /
2022-12-10, 03:34:46, with, /
2022-12-10, 03:34:58, with, /
2022-12-10, 03:35:10, with, /
2022-12-10, 03:35:22, with, /
2022-12-10, 03:35:34, with, /
2022-12-10, 03:35:46, with, /
2022-12-10, 03:35:58, with, /
2022-12-10, 03:36:10, with, /
2022-12-10, 03:36:22, with, /
2022-12-10, 03:36:34, with, /
2022-12-10, 03:36:46, with, /
2022-12-10, 03:36:58, with, /
2022-12-10, 03:37:10, with, /
2022-12-10, 03:37:22, with, /
2022-12-10, 03:37:34, with, /
2022-12-10, 03:37:46, with, /
2022-12-10, 03:37:58, with, /
2022-12-10, 03:38:10, with, /
2022-12-10, 03:38:22, with, /
2022-12-10, 03:38:34, with, /
2022-12-10, 03:38:46, with, /
2022-12-10, 03:38:58, with, /
2022-12-10, 03:39:10, with, /
2022-12-10, 03:39:22, with, /
2022-12-10, 03:39:35, with, /
2022-12-10, 03:39:47, with, /
2022-12-10, 03:39:59, with, /
2022-12-10, 03:40:11, with, /
2022-12-10, 03:40:23, with, /
2022-12-10, 03:40:35, with, /
2022-12-10, 03:40:47, with, /
2022-12-10, 03:40:59, with, /
2022-12-10, 03:41:11, with, /
2022-12-10, 03:41:23, with, /
2022-12-10, 03:41:35, with, /
2022-12-10, 03:41:47, with, /
2022-12-10, 03:41:59, with, /
2022-12-10, 03:42:11, with, /
2022-12-10, 03:42:23, with, /
2022-12-10, 03:42:35, with, /
2022-12-10, 03:42:47, with, /
2022-12-10, 03:42:59, with, /
2022-12-10, 03:43:11, with, /
2022-12-10, 03:43:23, with, /
2022-12-10, 03:43:35, with, /
2022-12-10, 03:43:47, with, /
2022-12-10, 03:43:59, with, /
2022-12-10, 03:44:11, with, /
2022-12-10, 03:44:23, with, /
2022-12-10, 03:44:35, with, /
2022-12-10, 03:44:47, with, /
2022-12-10, 03:44:59, with, /
2022-12-10, 03:45:11, with, /
2022-12-10, 03:45:23, with, /
2022-12-10, 03:45:35, with, /
2022-12-10, 03:45:47, with, /
2022-12-10, 03:45:59, with, /
2022-12-10, 03:46:11, with, /
2022-12-10, 03:46:23, with, /
2022-12-10, 03:46:35, with, /
2022-12-10, 03:46:47, with, /
2022-12-10, 03:47:00, with, /
2022-12-10, 03:47:12, with, /
2022-12-10, 03:47:24, with, /
2022-12-10, 03:47:36, with, /
2022-12-10, 03:47:48, with, /
2022-12-10, 03:48:00, with, /
2022-12-10, 03:48:12, with, /
2022-12-10, 03:48:24, with, /
2022-12-10, 03:48:36, with, /
2022-12-10, 03:48:48, with, /
2022-12-10, 03:49:00, with, /
2022-12-10, 03:49:12, with, /
2022-12-10, 03:49:24, with, /
2022-12-10, 03:49:36, with, /
2022-12-10, 03:49:48, with, /
2022-12-10, 03:50:00, with, /
2022-12-10, 03:50:12, with, /
2022-12-10, 03:50:24, with, /
2022-12-10, 03:50:36, with, /
2022-12-10, 03:50:48, with, /
2022-12-10, 03:51:00, with, /
2022-12-10, 03:51:12, with, /
2022-12-10, 03:51:24, with, /
2022-12-10, 03:51:36, with, /
2022-12-10, 03:51:48, with, /
2022-12-10, 03:52:00, with, /
2022-12-10, 03:52:12, with, /
2022-12-10, 03:52:24, with, /
2022-12-10, 03:52:36, with, /
2022-12-10, 03:52:48, with, /
2022-12-10, 03:53:00, with, /
2022-12-10, 03:53:12, with, /
2022-12-10, 03:53:24, with, /
2022-12-10, 03:53:36, with, /
2022-12-10, 03:53:48, with, /
2022-12-10, 03:54:00, with, /
2022-12-10, 03:54:12, with, /
2022-12-10, 03:54:24, with, /
2022-12-10, 03:54:37, with, /
2022-12-10, 03:54:49, with, /
2022-12-10, 03:55:01, with, /
2022-12-10, 03:55:13, with, /
2022-12-10, 03:55:25, with, /
2022-12-10, 03:55:37, with, /
2022-12-10, 03:55:49, with, /
2022-12-10, 03:56:01, with, /
2022-12-10, 03:56:13, with, /
2022-12-10, 03:56:25, with, /
2022-12-10, 03:56:37, with, /
2022-12-10, 03:56:49, with, /
2022-12-10, 03:57:01, with, /
2022-12-10, 03:57:13, with, /
2022-12-10, 03:57:25, with, /
2022-12-10, 03:57:37, with, /
2022-12-10, 03:57:49, with, /
2022-12-10, 03:58:01, with, /
2022-12-10, 03:58:13, with, /
2022-12-10, 03:58:25, with, /
2022-12-10, 03:58:37, with, /
2022-12-10, 03:58:49, with, /
2022-12-10, 03:59:01, with, /
2022-12-10, 03:59:13, with, /
2022-12-10, 03:59:25, with, /
2022-12-10, 03:59:37, with, /
2022-12-10, 03:59:49, with, /
2022-12-10, 04:00:01, with, /
2022-12-10, 04:00:13, with, /
2022-12-10, 04:00:25, with, /
2022-12-10, 04:00:37, with, /
2022-12-10, 04:00:49, with, /
2022-12-10, 04:01:01, with, /
2022-12-10, 04:01:13, with, /
2022-12-10, 04:01:25, with, /
2022-12-10, 04:01:38, with, /
2022-12-10, 04:01:50, with, /
2022-12-10, 04:02:02, with, /
2022-12-10, 04:02:14, with, /
2022-12-10, 04:02:26, with, /
2022-12-10, 04:02:38, with, /
2022-12-10, 04:02:50, with, /
2022-12-10, 04:03:02, with, /
2022-12-10, 04:03:14, with, /
2022-12-10, 04:03:26, with, /
2022-12-10, 04:03:38, with, /
2022-12-10, 04:03:50, with, /
2022-12-10, 04:04:02, with, /
2022-12-10, 04:04:14, with, /
2022-12-10, 04:04:26, with, /
2022-12-10, 04:04:38, with, /
2022-12-10, 04:04:50, with, /
2022-12-10, 04:05:02, with, /
2022-12-10, 04:05:14, with, /
2022-12-10, 04:05:26, with, /
2022-12-10, 04:05:38, with, /
2022-12-10, 04:05:50, with, /
2022-12-10, 04:06:02, with, /
2022-12-10, 04:06:14, with, /
2022-12-10, 04:06:26, with, /
2022-12-10, 04:06:38, with, /
2022-12-10, 04:06:50, with, /
2022-12-10, 04:07:02, with, /
2022-12-10, 04:07:14, with, /
2022-12-10, 04:07:26, with, /
2022-12-10, 04:07:38, with, /
2022-12-10, 04:07:50, with, /
2022-12-10, 04:08:02, with, /
2022-12-10, 04:08:14, with, /
2022-12-10, 04:08:26, with, /
2022-12-10, 04:08:38, with, /
2022-12-10, 04:08:50, with, /
2022-12-10, 04:09:03, with, /
2022-12-10, 04:09:15, with, /
2022-12-10, 04:09:27, with, /
2022-12-10, 04:09:39, with, /
2022-12-10, 04:09:51, with, /
2022-12-10, 04:10:03, with, /
2022-12-10, 04:10:15, with, /
2022-12-10, 04:10:27, with, /
2022-12-10, 04:10:39, with, /
2022-12-10, 04:10:51, with, /
2022-12-10, 04:11:03, with, /
2022-12-10, 04:11:15, with, /
2022-12-10, 04:11:27, with, /
2022-12-10, 04:11:39, with, /
2022-12-10, 04:11:51, with, /
2022-12-10, 04:12:03, with, /
2022-12-10, 04:12:15, with, /
2022-12-10, 04:12:27, with, /
2022-12-10, 04:12:39, with, /
2022-12-10, 04:12:51, with, /
2022-12-10, 04:13:03, with, /
2022-12-10, 04:13:15, with, /
2022-12-10, 04:13:27, with, /
2022-12-10, 04:13:39, with, /
2022-12-10, 04:13:51, with, /
2022-12-10, 04:14:03, with, /
2022-12-10, 04:14:15, with, /
2022-12-10, 04:14:27, with, /
2022-12-10, 04:14:39, with, /
2022-12-10, 04:14:51, with, /
2022-12-10, 04:15:03, with, /
2022-12-10, 04:15:15, with, /
2022-12-10, 04:15:27, with, /
2022-12-10, 04:15:39, with, /
2022-12-10, 04:15:51, with, /
2022-12-10, 04:16:03, with, /
2022-12-10, 04:16:15, with, /
2022-12-10, 04:16:27, with, /
2022-12-10, 04:16:39, with, /
2022-12-10, 04:16:52, with, /
2022-12-10, 04:17:04, with, /
2022-12-10, 04:17:16, with, /
2022-12-10, 04:17:28, with, /
2022-12-10, 04:17:40, with, /
2022-12-10, 04:17:52, with, /
2022-12-10, 04:18:04, with, /
2022-12-10, 04:18:16, with, /
2022-12-10, 04:18:28, with, /
2022-12-10, 04:18:40, with, /
2022-12-10, 04:18:52, with, /
2022-12-10, 04:19:04, with, /
2022-12-10, 04:19:16, with, /
2022-12-10, 04:19:28, with, /
2022-12-10, 04:19:40, with, /
2022-12-10, 04:19:52, with, /
2022-12-10, 04:20:04, with, /
2022-12-10, 04:20:16, with, /
2022-12-10, 04:20:28, with, /
2022-12-10, 04:20:40, with, /
2022-12-10, 04:20:52, with, /
2022-12-10, 04:21:04, with, /
2022-12-10, 04:21:16, with, /
2022-12-10, 04:21:28, with, /
2022-12-10, 04:21:40, with, /
2022-12-10, 04:21:52, with, /
2022-12-10, 04:22:04, with, /
2022-12-10, 04:22:16, with, /
2022-12-10, 04:22:28, with, /
2022-12-10, 04:22:40, with, /
2022-12-10, 04:22:52, with, /
2022-12-10, 04:23:04, with, /
2022-12-10, 04:23:16, with, /
2022-12-10, 04:23:28, with, /
2022-12-10, 04:23:40, with, /
2022-12-10, 04:23:52, with, /
2022-12-10, 04:24:04, with, /
2022-12-10, 04:24:16, with, /
2022-12-10, 04:24:29, with, /
2022-12-10, 04:24:41, with, /
2022-12-10, 04:24:53, with, /
2022-12-10, 04:25:05, with, /
2022-12-10, 04:25:17, with, /
2022-12-10, 04:25:29, with, /
2022-12-10, 04:25:41, with, /
2022-12-10, 04:25:53, with, /
2022-12-10, 04:26:05, with, /
2022-12-10, 04:26:17, with, /
2022-12-10, 04:26:29, with, /
2022-12-10, 04:26:41, with, /
2022-12-10, 04:26:53, with, /
2022-12-10, 04:27:05, with, /
2022-12-10, 04:27:17, with, /
2022-12-10, 04:27:29, with, /
2022-12-10, 04:27:41, with, /
2022-12-10, 04:27:53, with, /
2022-12-10, 04:28:05, with, /
2022-12-10, 04:28:17, with, /
2022-12-10, 04:28:29, with, /
2022-12-10, 04:28:41, with, /
2022-12-10, 04:28:53, with, /
2022-12-10, 04:29:05, with, /
2022-12-10, 04:29:17, with, /
2022-12-10, 04:29:29, with, /
2022-12-10, 04:29:41, with, /
2022-12-10, 04:29:53, with, /
2022-12-10, 04:30:05, with, /
2022-12-10, 04:30:17, with, /
2022-12-10, 04:30:29, with, /
2022-12-10, 04:30:41, with, /
2022-12-10, 04:30:53, with, /
2022-12-10, 04:31:05, with, /
2022-12-10, 04:31:17, with, /
2022-12-10, 04:31:29, with, /
2022-12-10, 04:31:41, with, /
2022-12-10, 04:31:53, with, /
2022-12-10, 04:32:06, with, /
2022-12-10, 04:32:18, with, /
2022-12-10, 04:32:30, with, /
2022-12-10, 04:32:42, with, /
2022-12-10, 04:32:54, with, /
2022-12-10, 04:33:06, with, /
2022-12-10, 04:33:18, with, /
2022-12-10, 04:33:30, with, /
2022-12-10, 04:33:42, with, /
2022-12-10, 04:33:54, with, /
2022-12-10, 04:34:06, with, /
2022-12-10, 04:34:18, with, /
2022-12-10, 04:34:30, with, /
2022-12-10, 04:34:42, with, /
2022-12-10, 04:34:54, with, /
2022-12-10, 04:35:06, with, /
2022-12-10, 04:35:18, with, /
2022-12-10, 04:35:30, with, /
2022-12-10, 04:35:42, with, /
2022-12-10, 04:35:54, with, /
2022-12-10, 04:36:06, with, /
2022-12-10, 04:36:18, with, /
2022-12-10, 04:36:30, with, /
2022-12-10, 04:36:42, with, /
2022-12-10, 04:36:54, with, /
2022-12-10, 04:37:06, with, /
2022-12-10, 04:37:18, with, /
2022-12-10, 04:37:30, with, /
2022-12-10, 04:37:42, with, /
2022-12-10, 04:37:54, with, /
2022-12-10, 04:38:06, with, /
2022-12-10, 04:38:18, with, /
2022-12-10, 04:38:30, with, /
2022-12-10, 04:38:42, with, /
2022-12-10, 04:38:54, with, /
2022-12-10, 04:39:06, with, /
2022-12-10, 04:39:18, with, /
2022-12-10, 04:39:31, with, /
2022-12-10, 04:39:43, with, /
2022-12-10, 04:39:55, with, /
2022-12-10, 04:40:07, with, /
2022-12-10, 04:40:19, with, /
2022-12-10, 04:40:31, with, /
2022-12-10, 04:40:43, with, /
2022-12-10, 04:40:55, with, /
2022-12-10, 04:41:07, with, /
2022-12-10, 04:41:19, with, /
2022-12-10, 04:41:31, with, /
2022-12-10, 04:41:43, with, /
2022-12-10, 04:41:55, with, /
2022-12-10, 04:42:07, with, /
2022-12-10, 04:42:19, with, /
2022-12-10, 04:42:31, with, /
2022-12-10, 04:42:43, with, /
2022-12-10, 04:42:55, with, /
2022-12-10, 04:43:07, with, /
2022-12-10, 04:43:19, with, /
2022-12-10, 04:43:31, with, /
2022-12-10, 04:43:43, with, /
2022-12-10, 04:43:55, with, /
2022-12-10, 04:44:07, with, /
2022-12-10, 04:44:19, with, /
2022-12-10, 04:44:31, with, /
2022-12-10, 04:44:43, with, /
2022-12-10, 04:44:55, with, /
2022-12-10, 04:45:07, with, /
2022-12-10, 04:45:19, with, /
2022-12-10, 04:45:31, with, /
2022-12-10, 04:45:43, with, /
2022-12-10, 04:45:55, with, /
2022-12-10, 04:46:07, with, /
2022-12-10, 04:46:19, with, /
2022-12-10, 04:46:32, with, /
2022-12-10, 04:46:44, with, /
2022-12-10, 04:46:56, with, /
2022-12-10, 04:47:08, with, /
2022-12-10, 04:47:20, with, /
2022-12-10, 04:47:32, with, /
2022-12-10, 04:47:44, with, /
2022-12-10, 04:47:56, with, /
2022-12-10, 04:48:08, with, /
2022-12-10, 04:48:20, with, /
2022-12-10, 04:48:32, with, /
2022-12-10, 04:48:44, with, /
2022-12-10, 04:48:56, with, /
2022-12-10, 04:49:08, with, /
2022-12-10, 04:49:20, with, /
2022-12-10, 04:49:32, with, /
2022-12-10, 04:49:44, with, /
2022-12-10, 04:49:56, with, /
2022-12-10, 04:50:08, with, /
2022-12-10, 04:50:20, with, /
2022-12-10, 04:50:32, with, /
2022-12-10, 04:50:44, with, /
2022-12-10, 04:50:56, with, /
2022-12-10, 04:51:08, with, /
2022-12-10, 04:51:20, with, /
2022-12-10, 04:51:32, with, /
2022-12-10, 04:51:44, with, /
2022-12-10, 04:51:56, with, /
2022-12-10, 04:52:08, with, /
2022-12-10, 04:52:20, with, /
2022-12-10, 04:52:32, with, /
2022-12-10, 04:52:44, with, /
2022-12-10, 04:52:56, with, /
2022-12-10, 04:53:08, with, /
2022-12-10, 04:53:20, with, /
2022-12-10, 04:53:32, with, /
2022-12-10, 04:53:44, with, /
2022-12-10, 04:53:57, with, /
2022-12-10, 04:54:09, with, /
2022-12-10, 04:54:21, with, /
2022-12-10, 04:54:33, with, /
2022-12-10, 04:54:45, with, /
2022-12-10, 04:54:57, with, /
2022-12-10, 04:55:09, with, /
2022-12-10, 04:55:21, with, /
2022-12-10, 04:55:33, with, /
2022-12-10, 04:55:45, with, /
2022-12-10, 04:55:57, with, /
2022-12-10, 04:56:09, with, /
2022-12-10, 04:56:21, with, /
2022-12-10, 04:56:33, with, /
2022-12-10, 04:56:45, with, /
2022-12-10, 04:56:57, with, /
2022-12-10, 04:57:09, with, /
2022-12-10, 04:57:21, with, /
2022-12-10, 04:57:33, with, /
2022-12-10, 04:57:45, with, /
2022-12-10, 04:57:57, with, /
2022-12-10, 04:58:09, with, /
2022-12-10, 04:58:21, with, /
2022-12-10, 04:58:33, with, /
2022-12-10, 04:58:45, with, /
2022-12-10, 04:58:57, with, /
2022-12-10, 04:59:09, with, /
2022-12-10, 04:59:21, with, /
2022-12-10, 04:59:33, with, /
2022-12-10, 04:59:45, with, /
2022-12-10, 04:59:57, with, /
2022-12-10, 05:00:09, with, /
2022-12-10, 05:00:21, with, /
2022-12-10, 05:00:33, with, /
2022-12-10, 05:00:45, with, /
2022-12-10, 05:00:57, with, /
2022-12-10, 05:01:09, with, /
2022-12-10, 05:01:21, with, /
2022-12-10, 05:01:34, with, /
2022-12-10, 05:01:46, with, /
2022-12-10, 05:01:58, with, /
2022-12-10, 05:02:10, with, /
2022-12-10, 05:02:22, with, /
2022-12-10, 05:02:34, with, /
2022-12-10, 05:02:46, with, /
2022-12-10, 05:02:58, with, /
2022-12-10, 05:03:10, with, /
2022-12-10, 05:03:22, with, /
2022-12-10, 05:03:34, with, /
2022-12-10, 05:03:46, with, /
2022-12-10, 05:03:58, with, /
2022-12-10, 05:04:10, with, /
2022-12-10, 05:04:22, with, /
2022-12-10, 05:04:34, with, /
2022-12-10, 05:04:46, with, /
2022-12-10, 05:04:58, with, /
2022-12-10, 05:05:10, with, /
2022-12-10, 05:05:22, with, /
2022-12-10, 05:05:34, with, /
2022-12-10, 05:05:46, with, /
2022-12-10, 05:05:58, with, /
2022-12-10, 05:06:10, with, /
2022-12-10, 05:06:22, with, /
2022-12-10, 05:06:34, with, /
2022-12-10, 05:06:46, with, /
2022-12-10, 05:06:58, with, /
2022-12-10, 05:07:10, with, /
2022-12-10, 05:07:22, with, /
2022-12-10, 05:07:34, with, /
2022-12-10, 05:07:46, with, /
2022-12-10, 05:07:58, with, /
2022-12-10, 05:08:10, with, /
2022-12-10, 05:08:22, with, /
2022-12-10, 05:08:34, with, /
2022-12-10, 05:08:46, with, /
2022-12-10, 05:08:59, with, /
2022-12-10, 05:09:11, with, /
2022-12-10, 05:09:23, with, /
2022-12-10, 05:09:35, with, /
2022-12-10, 05:09:47, with, /
2022-12-10, 05:09:59, with, /
2022-12-10, 05:10:11, with, /
2022-12-10, 05:10:23, with, /
2022-12-10, 05:10:35, with, /
2022-12-10, 05:10:47, with, /
2022-12-10, 05:10:59, with, /
2022-12-10, 05:11:11, with, /
2022-12-10, 05:11:23, with, /
2022-12-10, 05:11:35, with, /
2022-12-10, 05:11:47, with, /
2022-12-10, 05:11:59, with, /
2022-12-10, 05:12:11, with, /
2022-12-10, 05:12:23, with, /
2022-12-10, 05:12:35, with, /
2022-12-10, 05:12:47, with, /
2022-12-10, 05:12:59, with, /
2022-12-10, 05:13:11, with, /
2022-12-10, 05:13:23, with, /
2022-12-10, 05:13:35, with, /
2022-12-10, 05:13:47, with, /
2022-12-10, 05:13:59, with, /
2022-12-10, 05:14:11, with, /
2022-12-10, 05:14:23, with, /
2022-12-10, 05:14:35, with, /
2022-12-10, 05:14:47, with, /
2022-12-10, 05:14:59, with, /
2022-12-10, 05:15:11, with, /
2022-12-10, 05:15:23, with, /
2022-12-10, 05:15:35, with, /
2022-12-10, 05:15:47, with, /
2022-12-10, 05:15:59, with, /
2022-12-10, 05:16:12, with, /
2022-12-10, 05:16:24, with, /
2022-12-10, 05:16:36, with, /
2022-12-10, 05:16:48, with, /
2022-12-10, 05:17:00, with, /
2022-12-10, 05:17:12, with, /
2022-12-10, 05:17:24, with, /
2022-12-10, 05:17:36, with, /
2022-12-10, 05:17:48, with, /
2022-12-10, 05:18:00, with, /
2022-12-10, 05:18:12, with, /
2022-12-10, 05:18:24, with, /
2022-12-10, 05:18:36, with, /
2022-12-10, 05:18:48, with, /
2022-12-10, 05:19:00, with, /
2022-12-10, 05:19:12, with, /
2022-12-10, 05:19:24, with, /
2022-12-10, 05:19:36, with, /
2022-12-10, 05:19:48, with, /
2022-12-10, 05:20:00, with, /
2022-12-10, 05:20:12, with, /
2022-12-10, 05:20:24, with, /
2022-12-10, 05:20:36, with, /
2022-12-10, 05:20:48, with, /
2022-12-10, 05:21:00, with, /
2022-12-10, 05:21:12, with, /
2022-12-10, 05:21:24, with, /
2022-12-10, 05:21:36, with, /
2022-12-10, 05:21:48, with, /
2022-12-10, 05:22:00, with, /
2022-12-10, 05:22:12, with, /
2022-12-10, 05:22:24, with, /
2022-12-10, 05:22:36, with, /
2022-12-10, 05:22:48, with, /
2022-12-10, 05:23:00, with, /
2022-12-10, 05:23:12, with, /
2022-12-10, 05:23:24, with, /
2022-12-10, 05:23:36, with, /
2022-12-10, 05:23:49, with, /
2022-12-10, 05:24:01, with, /
2022-12-10, 05:24:13, with, /
2022-12-10, 05:24:25, with, /
2022-12-10, 05:24:37, with, /
2022-12-10, 05:24:49, with, /
2022-12-10, 05:25:01, with, /
2022-12-10, 05:25:13, with, /
2022-12-10, 05:25:25, with, /
2022-12-10, 05:25:37, with, /
2022-12-10, 05:25:49, with, /
2022-12-10, 05:26:01, with, /
2022-12-10, 05:26:13, with, /
2022-12-10, 05:26:25, with, /
2022-12-10, 05:26:37, with, /
2022-12-10, 05:26:49, with, /
2022-12-10, 05:27:01, with, /
2022-12-10, 05:27:13, with, /
2022-12-10, 05:27:25, with, /
2022-12-10, 05:27:37, with, /
2022-12-10, 05:27:49, with, /
2022-12-10, 05:28:01, with, /
2022-12-10, 05:28:13, with, /
2022-12-10, 05:28:25, with, /
2022-12-10, 05:28:37, with, /
2022-12-10, 05:28:49, with, /
2022-12-10, 05:29:01, with, /
2022-12-10, 05:29:13, with, /
2022-12-10, 05:29:25, with, /
2022-12-10, 05:29:37, with, /
2022-12-10, 05:29:49, with, /
2022-12-10, 05:30:01, with, /
2022-12-10, 05:30:13, with, /
2022-12-10, 05:30:25, with, /
2022-12-10, 05:30:37, with, /
2022-12-10, 05:30:49, with, /
2022-12-10, 05:31:01, with, /
2022-12-10, 05:31:14, with, /
2022-12-10, 05:31:26, with, /
2022-12-10, 05:31:38, with, /
2022-12-10, 05:31:50, with, /
2022-12-10, 05:32:02, with, /
2022-12-10, 05:32:14, with, /
2022-12-10, 05:32:26, with, /
2022-12-10, 05:32:38, with, /
2022-12-10, 05:32:50, with, /
2022-12-10, 05:33:02, with, /
2022-12-10, 05:33:14, with, /
2022-12-10, 05:33:26, with, /
2022-12-10, 05:33:38, with, /
2022-12-10, 05:33:50, with, /
2022-12-10, 05:34:02, with, /
2022-12-10, 05:34:14, with, /
2022-12-10, 05:34:26, with, /
2022-12-10, 05:34:38, with, /
2022-12-10, 05:34:50, with, /
2022-12-10, 05:35:02, with, /
2022-12-10, 05:35:14, with, /
2022-12-10, 05:35:26, with, /
2022-12-10, 05:35:38, with, /
2022-12-10, 05:35:50, with, /
2022-12-10, 05:36:02, with, /
2022-12-10, 05:36:14, with, /
2022-12-10, 05:36:26, with, /
2022-12-10, 05:36:38, with, /
2022-12-10, 05:36:50, with, /
2022-12-10, 05:37:02, with, /
2022-12-10, 05:37:14, with, /
2022-12-10, 05:37:26, with, /
2022-12-10, 05:37:38, with, /
2022-12-10, 05:37:50, with, /
2022-12-10, 05:38:02, with, /
2022-12-10, 05:38:14, with, /
2022-12-10, 05:38:26, with, /
2022-12-10, 05:38:39, with, /
2022-12-10, 05:38:51, with, /
2022-12-10, 05:39:03, with, /
2022-12-10, 05:39:15, with, /
2022-12-10, 05:39:27, with, /
2022-12-10, 05:39:39, with, /
2022-12-10, 05:39:51, with, /
2022-12-10, 05:40:03, with, /
2022-12-10, 05:40:15, with, /
2022-12-10, 05:40:27, with, /
2022-12-10, 05:40:39, with, /
2022-12-10, 05:40:51, with, /
2022-12-10, 05:41:03, with, /
2022-12-10, 05:41:15, with, /
2022-12-10, 05:41:27, with, /
2022-12-10, 05:41:39, with, /
2022-12-10, 05:41:51, with, /
2022-12-10, 05:42:03, with, /
2022-12-10, 05:42:15, with, /
2022-12-10, 05:42:27, with, /
2022-12-10, 05:42:39, with, /
2022-12-10, 05:42:51, with, /
2022-12-10, 05:43:03, with, /
2022-12-10, 05:43:15, with, /
2022-12-10, 05:43:27, with, /
2022-12-10, 05:43:39, with, /
2022-12-10, 05:43:51, with, /
2022-12-10, 05:44:03, with, /
2022-12-10, 05:44:15, with, /
2022-12-10, 05:44:27, with, /
2022-12-10, 05:44:39, with, /
2022-12-10, 05:44:51, with, /
2022-12-10, 05:45:03, with, /
2022-12-10, 05:45:15, with, /
2022-12-10, 05:45:27, with, /
2022-12-10, 05:45:39, with, /
2022-12-10, 05:45:51, with, /
2022-12-10, 05:46:04, with, /
2022-12-10, 05:46:16, with, /
2022-12-10, 05:46:28, with, /
2022-12-10, 05:46:40, with, /
2022-12-10, 05:46:52, with, /
2022-12-10, 05:47:04, with, /
2022-12-10, 05:47:16, with, /
2022-12-10, 05:47:28, with, /
2022-12-10, 05:47:40, with, /
2022-12-10, 05:47:52, with, /
2022-12-10, 05:48:04, with, /
2022-12-10, 05:48:16, with, /
2022-12-10, 05:48:28, with, /
2022-12-10, 05:48:40, with, /
2022-12-10, 05:48:52, with, /
2022-12-10, 05:49:04, with, /
2022-12-10, 05:49:16, with, /
2022-12-10, 05:49:28, with, /
2022-12-10, 05:49:40, with, /
2022-12-10, 05:49:52, with, /
2022-12-10, 05:50:04, with, /
2022-12-10, 05:50:16, with, /
2022-12-10, 05:50:28, with, /
2022-12-10, 05:50:40, with, /
2022-12-10, 05:50:52, with, /
2022-12-10, 05:51:04, with, /
2022-12-10, 05:51:16, with, /
2022-12-10, 05:51:28, with, /
2022-12-10, 05:51:40, with, /
2022-12-10, 05:51:52, with, /
2022-12-10, 05:52:04, with, /
2022-12-10, 05:52:16, with, /
2022-12-10, 05:52:28, with, /
2022-12-10, 05:52:40, with, /
2022-12-10, 05:52:52, with, /
2022-12-10, 05:53:04, with, /
2022-12-10, 05:53:17, with, /
2022-12-10, 05:53:29, with, /
2022-12-10, 05:53:41, with, /
2022-12-10, 05:53:53, with, /
2022-12-10, 05:54:05, with, /
2022-12-10, 05:54:17, with, /
2022-12-10, 05:54:29, with, /
2022-12-10, 05:54:41, with, /
2022-12-10, 05:54:53, with, /
2022-12-10, 05:55:05, with, /
2022-12-10, 05:55:17, with, /
2022-12-10, 05:55:29, with, /
2022-12-10, 05:55:41, with, /
2022-12-10, 05:55:53, with, /
2022-12-10, 05:56:05, with, /
2022-12-10, 05:56:17, with, /
2022-12-10, 05:56:29, with, /
2022-12-10, 05:56:41, with, /
2022-12-10, 05:56:53, with, /
2022-12-10, 05:57:05, with, /
2022-12-10, 05:57:17, with, /
2022-12-10, 05:57:29, with, /
2022-12-10, 05:57:41, with, /
2022-12-10, 05:57:53, with, /
2022-12-10, 05:58:05, with, /
2022-12-10, 05:58:17, with, /
2022-12-10, 05:58:29, with, /
2022-12-10, 05:58:41, with, /
2022-12-10, 05:58:53, with, /
2022-12-10, 05:59:05, with, /
2022-12-10, 05:59:17, with, /
2022-12-10, 05:59:29, with, /
2022-12-10, 05:59:41, with, /
2022-12-10, 05:59:53, with, /
2022-12-10, 06:00:05, with, /
2022-12-10, 06:00:17, with, /
2022-12-10, 06:00:29, with, /
2022-12-10, 06:00:42, with, /
2022-12-10, 06:00:54, with, /
2022-12-10, 06:01:06, with, /
2022-12-10, 06:01:18, with, /
2022-12-10, 06:01:30, with, /
2022-12-10, 06:01:42, with, /
2022-12-10, 06:01:54, with, /
2022-12-10, 06:02:06, with, /
2022-12-10, 06:02:18, with, /
2022-12-10, 06:02:30, with, /
2022-12-10, 06:02:42, with, /
2022-12-10, 06:02:54, with, /
2022-12-10, 06:03:06, with, /
2022-12-10, 06:03:18, with, /
2022-12-10, 06:03:30, with, /
2022-12-10, 06:03:42, with, /
2022-12-10, 06:03:54, with, /
2022-12-10, 06:04:06, with, /
2022-12-10, 06:04:18, with, /
2022-12-10, 06:04:30, with, /
2022-12-10, 06:04:42, with, /
2022-12-10, 06:04:54, with, /
2022-12-10, 06:05:06, with, /
2022-12-10, 06:05:18, with, /
2022-12-10, 06:05:30, with, /
2022-12-10, 06:05:42, with, /
2022-12-10, 06:05:54, with, /
2022-12-10, 06:06:06, with, /
2022-12-10, 06:06:18, with, /
2022-12-10, 06:06:30, with, /
2022-12-10, 06:06:42, with, /
2022-12-10, 06:06:54, with, /
2022-12-10, 06:07:06, with, /
2022-12-10, 06:07:18, with, /
2022-12-10, 06:07:30, with, /
2022-12-10, 06:07:42, with, /
2022-12-10, 06:07:55, with, /
2022-12-10, 06:08:07, with, /
2022-12-10, 06:08:19, with, /
2022-12-10, 06:08:31, with, /
2022-12-10, 06:08:43, with, /
2022-12-10, 06:08:55, with, /
2022-12-10, 06:09:07, with, /
2022-12-10, 06:09:19, with, /
2022-12-10, 06:09:31, with, /
2022-12-10, 06:09:43, with, /
2022-12-10, 06:09:55, with, /
2022-12-10, 06:10:07, with, /
2022-12-10, 06:10:19, with, /
2022-12-10, 06:10:31, with, /
2022-12-10, 06:10:43, with, /
2022-12-10, 06:10:55, with, /
2022-12-10, 06:11:07, with, /
2022-12-10, 06:11:19, with, /
2022-12-10, 06:11:31, with, /
2022-12-10, 06:11:43, with, /
2022-12-10, 06:11:55, with, /
2022-12-10, 06:12:07, with, /
2022-12-10, 06:12:19, with, /
2022-12-10, 06:12:31, with, /
2022-12-10, 06:12:43, with, /
2022-12-10, 06:12:55, with, /
2022-12-10, 06:13:07, with, /
2022-12-10, 06:13:19, with, /
2022-12-10, 06:13:31, with, /
2022-12-10, 06:13:43, with, /
2022-12-10, 06:13:55, with, /
2022-12-10, 06:14:07, with, /
2022-12-10, 06:14:19, with, /
2022-12-10, 06:14:31, with, /
2022-12-10, 06:14:43, with, /
2022-12-10, 06:14:55, with, /
2022-12-10, 06:15:07, with, /
2022-12-10, 06:15:20, with, /
2022-12-10, 06:15:32, with, /
2022-12-10, 06:15:44, with, /
2022-12-10, 06:15:56, with, /
2022-12-10, 06:16:08, with, /
2022-12-10, 06:16:20, with, /
2022-12-10, 06:16:32, with, /
2022-12-10, 06:16:44, with, /
2022-12-10, 06:16:56, with, /
2022-12-10, 06:17:08, with, /
2022-12-10, 06:17:20, with, /
2022-12-10, 06:17:32, with, /
2022-12-10, 06:17:44, with, /
2022-12-10, 06:17:56, with, /
2022-12-10, 06:18:08, with, /
2022-12-10, 06:18:20, with, /
2022-12-10, 06:18:32, with, /
2022-12-10, 06:18:44, with, /
2022-12-10, 06:18:56, with, /
2022-12-10, 06:19:08, with, /
2022-12-10, 06:19:20, with, /
2022-12-10, 06:19:32, with, /
2022-12-10, 06:19:44, with, /
2022-12-10, 06:19:56, with, /
2022-12-10, 06:20:08, with, /
2022-12-10, 06:20:20, with, /
2022-12-10, 06:20:32, with, /
2022-12-10, 06:20:44, with, /
2022-12-10, 06:20:56, with, /
2022-12-10, 06:21:08, with, /
2022-12-10, 06:21:20, with, /
2022-12-10, 06:21:32, with, /
2022-12-10, 06:21:44, with, /
2022-12-10, 06:21:56, with, /
2022-12-10, 06:22:08, with, /
2022-12-10, 06:22:20, with, /
2022-12-10, 06:22:32, with, /
2022-12-10, 06:22:44, with, /
2022-12-10, 06:22:57, with, /
2022-12-10, 06:23:09, with, /
2022-12-10, 06:23:21, with, /
2022-12-10, 06:23:33, with, /
2022-12-10, 06:23:45, with, /
2022-12-10, 06:23:57, with, /
2022-12-10, 06:24:09, with, /
2022-12-10, 06:24:21, with, /
2022-12-10, 06:24:33, with, /
2022-12-10, 06:24:45, with, /
2022-12-10, 06:24:57, with, /
2022-12-10, 06:25:09, with, /
2022-12-10, 06:25:21, with, /
2022-12-10, 06:25:33, with, /
2022-12-10, 06:25:45, with, /
2022-12-10, 06:25:57, with, /
2022-12-10, 06:26:09, with, /
2022-12-10, 06:26:21, with, /
2022-12-10, 06:26:33, with, /
2022-12-10, 06:26:45, with, /
2022-12-10, 06:26:57, with, /
2022-12-10, 06:27:09, with, /
2022-12-10, 06:27:21, with, /
2022-12-10, 06:27:33, with, /
2022-12-10, 06:27:45, with, /
2022-12-10, 06:27:57, with, /
2022-12-10, 06:28:09, with, /
2022-12-10, 06:28:21, with, /
2022-12-10, 06:28:33, with, /
2022-12-10, 06:28:45, with, /
2022-12-10, 06:28:57, with, /
2022-12-10, 06:29:09, with, /
2022-12-10, 06:29:21, with, /
2022-12-10, 06:29:33, with, /
2022-12-10, 06:29:45, with, /
2022-12-10, 06:29:57, with, /
2022-12-10, 06:30:09, with, /
2022-12-10, 06:30:22, with, /
2022-12-10, 06:30:34, with, /
2022-12-10, 06:30:46, with, /
2022-12-10, 06:30:58, with, /
2022-12-10, 06:31:11, with, /
2022-12-10, 06:31:23, with, /
2022-12-10, 06:31:35, with, /
2022-12-10, 06:31:47, with, /
2022-12-10, 06:31:59, with, /
2022-12-10, 06:32:11, with, /
2022-12-10, 06:32:23, with, /
2022-12-10, 06:32:35, with, /
2022-12-10, 06:32:47, with, /
2022-12-10, 06:32:59, with, /
2022-12-10, 06:33:11, with, /
2022-12-10, 06:33:23, with, /
2022-12-10, 06:33:35, with, /
2022-12-10, 06:33:47, with, /
2022-12-10, 06:33:59, with, /
2022-12-10, 06:34:11, with, /
2022-12-10, 06:34:23, with, /
2022-12-10, 06:34:35, with, /
2022-12-10, 06:34:47, with, /
2022-12-10, 06:34:59, with, /
2022-12-10, 06:35:11, with, /
2022-12-10, 06:35:23, with, /
2022-12-10, 06:35:35, with, /
2022-12-10, 06:35:47, with, /
2022-12-10, 06:35:59, with, /
2022-12-10, 06:36:11, with, /
2022-12-10, 06:36:23, with, /
2022-12-10, 06:36:35, with, /
2022-12-10, 06:36:47, with, /
2022-12-10, 06:36:59, with, /
2022-12-10, 06:37:11, with, /
2022-12-10, 06:37:23, with, /
2022-12-10, 06:37:35, with, /
2022-12-10, 06:37:47, with, /
2022-12-10, 06:37:59, with, /
2022-12-10, 06:38:11, with, /
2022-12-10, 06:38:23, with, /
2022-12-10, 06:38:35, with, /
2022-12-10, 06:38:48, with, /
2022-12-10, 06:39:00, with, /
2022-12-10, 06:39:12, with, /
2022-12-10, 06:39:24, with, /
2022-12-10, 06:39:36, with, /
2022-12-10, 06:39:48, with, /
2022-12-10, 06:40:00, with, /
2022-12-10, 06:40:12, with, /
2022-12-10, 06:40:24, with, /
2022-12-10, 06:40:36, with, /
2022-12-10, 06:40:48, with, /
2022-12-10, 06:41:00, with, /
2022-12-10, 06:41:12, with, /
2022-12-10, 06:41:24, with, /
2022-12-10, 06:41:36, with, /
2022-12-10, 06:41:48, with, /
2022-12-10, 06:42:00, with, /
2022-12-10, 06:42:12, with, /
2022-12-10, 06:42:24, with, /
2022-12-10, 06:42:36, with, /
2022-12-10, 06:42:48, with, /
2022-12-10, 06:43:00, with, /
2022-12-10, 06:43:12, with, /
2022-12-10, 06:43:24, with, /
2022-12-10, 06:43:36, with, /
2022-12-10, 06:43:48, with, /
2022-12-10, 06:44:00, with, /
2022-12-10, 06:44:12, with, /
2022-12-10, 06:44:24, with, /
2022-12-10, 06:44:36, with, /
2022-12-10, 06:44:48, with, /
2022-12-10, 06:45:00, with, /
2022-12-10, 06:45:12, with, /
2022-12-10, 06:45:24, with, /
2022-12-10, 06:45:36, with, /
2022-12-10, 06:45:48, with, /
2022-12-10, 06:46:01, with, /
2022-12-10, 06:46:13, with, /
2022-12-10, 06:46:25, with, /
2022-12-10, 06:46:37, with, /
2022-12-10, 06:46:49, with, /
2022-12-10, 06:47:01, with, /
2022-12-10, 06:47:13, with, /
2022-12-10, 06:47:25, with, /
2022-12-10, 06:47:37, with, /
2022-12-10, 06:47:49, with, /
2022-12-10, 06:48:01, with, /
2022-12-10, 06:48:13, with, /
2022-12-10, 06:48:25, with, /
2022-12-10, 06:48:37, with, /
2022-12-10, 06:48:49, with, /
2022-12-10, 06:49:01, with, /
2022-12-10, 06:49:13, with, /
2022-12-10, 06:49:25, with, /
2022-12-10, 06:49:37, with, /
2022-12-10, 06:49:49, with, /
2022-12-10, 06:50:01, with, /
2022-12-10, 06:50:13, with, /
2022-12-10, 06:50:25, with, /
2022-12-10, 06:50:37, with, /
2022-12-10, 06:50:49, with, /
2022-12-10, 06:51:01, with, /
2022-12-10, 06:51:13, with, /
2022-12-10, 06:51:25, with, /
2022-12-10, 06:51:37, with, /
2022-12-10, 06:51:49, with, /
2022-12-10, 06:52:01, with, /
2022-12-10, 06:52:13, with, /
2022-12-10, 06:52:25, with, /
2022-12-10, 06:52:37, with, /
2022-12-10, 06:52:49, with, /
2022-12-10, 06:53:01, with, /
2022-12-10, 06:53:13, with, /
2022-12-10, 06:53:26, with, /
2022-12-10, 06:53:38, with, /
2022-12-10, 06:53:50, with, /
2022-12-10, 06:54:02, with, /
2022-12-10, 06:54:14, with, /
2022-12-10, 06:54:26, with, /
2022-12-10, 06:54:38, with, /
2022-12-10, 06:54:50, with, /
2022-12-10, 06:55:02, with, /
2022-12-10, 06:55:14, with, /
2022-12-10, 06:55:26, with, /
2022-12-10, 06:55:38, with, /
2022-12-10, 06:55:50, with, /
2022-12-10, 06:56:02, with, /
2022-12-10, 06:56:14, with, /
2022-12-10, 06:56:26, with, /
2022-12-10, 06:56:38, with, /
2022-12-10, 06:56:50, with, /
2022-12-10, 06:57:02, with, /
2022-12-10, 06:57:14, with, /
2022-12-10, 06:57:26, with, /
2022-12-10, 06:57:38, with, /
2022-12-10, 06:57:50, with, /
2022-12-10, 06:58:02, with, /
2022-12-10, 06:58:14, with, /
2022-12-10, 06:58:26, with, /
2022-12-10, 06:58:38, with, /
2022-12-10, 06:58:50, with, /
2022-12-10, 06:59:02, with, /
2022-12-10, 06:59:14, with, /
2022-12-10, 06:59:26, with, /
2022-12-10, 06:59:38, with, /
2022-12-10, 06:59:50, with, /
2022-12-10, 07:00:02, with, /
2022-12-10, 07:00:14, with, /
2022-12-10, 07:00:26, with, /
2022-12-10, 07:00:39, with, /
2022-12-10, 07:00:51, with, /
2022-12-10, 07:01:03, with, /
2022-12-10, 07:01:15, with, /
2022-12-10, 07:01:27, with, /
2022-12-10, 07:01:39, with, /
2022-12-10, 07:01:51, with, /
2022-12-10, 07:02:03, with, /
2022-12-10, 07:02:15, with, /
2022-12-10, 07:02:27, with, /
2022-12-10, 07:02:39, with, /
2022-12-10, 07:02:51, with, /
2022-12-10, 07:03:03, with, /
2022-12-10, 07:03:15, with, /
2022-12-10, 07:03:27, with, /
2022-12-10, 07:03:39, with, /
2022-12-10, 07:03:51, with, /
2022-12-10, 07:04:03, with, /
2022-12-10, 07:04:15, with, /
2022-12-10, 07:04:27, with, /
2022-12-10, 07:04:39, with, /
2022-12-10, 07:04:51, with, /
2022-12-10, 07:05:03, with, /
2022-12-10, 07:05:15, with, /
2022-12-10, 07:05:27, with, /
2022-12-10, 07:05:39, with, /
2022-12-10, 07:05:51, with, /
2022-12-10, 07:06:03, with, /
2022-12-10, 07:06:15, with, /
2022-12-10, 07:06:27, with, /
2022-12-10, 07:06:39, with, /
2022-12-10, 07:06:51, with, /
2022-12-10, 07:07:03, with, /
2022-12-10, 07:07:15, with, /
2022-12-10, 07:07:27, with, /
2022-12-10, 07:07:39, with, /
2022-12-10, 07:07:51, with, /
2022-12-10, 07:08:04, with, /
2022-12-10, 07:08:16, with, /
2022-12-10, 07:08:28, with, /
2022-12-10, 07:08:40, with, /
2022-12-10, 07:08:52, with, /
2022-12-10, 07:09:04, with, /
2022-12-10, 07:09:16, with, /
2022-12-10, 07:09:28, with, /
2022-12-10, 07:09:40, with, /
2022-12-10, 07:09:52, with, /
2022-12-10, 07:10:04, with, /
2022-12-10, 07:10:16, with, /
2022-12-10, 07:10:28, with, /
2022-12-10, 07:10:40, with, /
2022-12-10, 07:10:52, with, /
2022-12-10, 07:11:04, with, /
2022-12-10, 07:11:16, with, /
2022-12-10, 07:11:28, with, /
2022-12-10, 07:11:40, with, /
2022-12-10, 07:11:52, with, /
2022-12-10, 07:12:04, with, /
2022-12-10, 07:12:16, with, /
2022-12-10, 07:12:28, with, /
2022-12-10, 07:12:40, with, /
2022-12-10, 07:12:52, with, /
2022-12-10, 07:13:04, with, /
2022-12-10, 07:13:16, with, /
2022-12-10, 07:13:28, with, /
2022-12-10, 07:13:40, with, /
2022-12-10, 07:13:52, with, /
2022-12-10, 07:14:04, with, /
2022-12-10, 07:14:16, with, /
2022-12-10, 07:14:28, with, /
2022-12-10, 07:14:40, with, /
2022-12-10, 07:14:52, with, /
2022-12-10, 07:15:04, with, /
2022-12-10, 07:15:16, with, /
2022-12-10, 07:15:29, with, /
2022-12-10, 07:15:41, with, /
2022-12-10, 07:15:53, with, /
2022-12-10, 07:16:05, with, /
2022-12-10, 07:16:17, with, /
2022-12-10, 07:16:29, with, /
2022-12-10, 07:16:41, with, /
2022-12-10, 07:16:53, with, /
2022-12-10, 07:17:05, with, /
2022-12-10, 07:17:17, with, /
2022-12-10, 07:17:29, with, /
2022-12-10, 07:17:41, with, /
2022-12-10, 07:17:53, with, /
2022-12-10, 07:18:05, with, /
2022-12-10, 07:18:17, with, /
2022-12-10, 07:18:29, with, /
2022-12-10, 07:18:41, with, /
2022-12-10, 07:18:53, with, /
2022-12-10, 07:19:05, with, /
2022-12-10, 07:19:17, with, /
2022-12-10, 07:19:29, with, /
2022-12-10, 07:19:41, with, /
2022-12-10, 07:19:53, with, /
2022-12-10, 07:20:05, with, /
2022-12-10, 07:20:17, with, /
2022-12-10, 07:20:29, with, /
2022-12-10, 07:20:41, with, /
2022-12-10, 07:20:53, with, /
2022-12-10, 07:21:05, with, /
2022-12-10, 07:21:17, with, /
2022-12-10, 07:21:29, with, /
2022-12-10, 07:21:41, with, /
2022-12-10, 07:21:53, with, /
2022-12-10, 07:22:05, with, /
2022-12-10, 07:22:17, with, /
2022-12-10, 07:22:29, with, /
2022-12-10, 07:22:41, with, /
2022-12-10, 07:22:54, with, /
2022-12-10, 07:23:06, with, /
2022-12-10, 07:23:18, with, /
2022-12-10, 07:23:30, with, /
2022-12-10, 07:23:42, with, /
2022-12-10, 07:23:54, with, /
2022-12-10, 07:24:06, with, /
2022-12-10, 07:24:18, with, /
2022-12-10, 07:24:30, with, /
2022-12-10, 07:24:42, with, /
2022-12-10, 07:24:54, with, /
2022-12-10, 07:25:06, with, /
2022-12-10, 07:25:18, with, /
2022-12-10, 07:25:30, with, /
2022-12-10, 07:25:42, with, /
2022-12-10, 07:25:54, with, /
2022-12-10, 07:26:06, with, /
2022-12-10, 07:26:18, with, /
2022-12-10, 07:26:30, with, /
2022-12-10, 07:26:42, with, /
2022-12-10, 07:26:54, with, /
2022-12-10, 07:27:06, with, /
2022-12-10, 07:27:18, with, /
2022-12-10, 07:27:30, with, /
2022-12-10, 07:27:42, with, /
2022-12-10, 07:27:54, with, /
2022-12-10, 07:28:06, with, /
2022-12-10, 07:28:18, with, /
2022-12-10, 07:28:30, with, /
2022-12-10, 07:28:42, with, /
2022-12-10, 07:28:54, with, /
2022-12-10, 07:29:06, with, /
2022-12-10, 07:29:18, with, /
2022-12-10, 07:29:30, with, /
2022-12-10, 07:29:42, with, /
2022-12-10, 07:29:54, with, /
2022-12-10, 07:30:07, with, /
2022-12-10, 07:30:19, with, /
2022-12-10, 07:30:31, with, /
2022-12-10, 07:30:43, with, /
2022-12-10, 07:30:55, with, /
2022-12-10, 07:31:07, with, /
2022-12-10, 07:31:19, with, /
2022-12-10, 07:31:31, with, /
2022-12-10, 07:31:43, with, /
2022-12-10, 07:31:55, with, /
2022-12-10, 07:32:07, with, /
2022-12-10, 07:32:19, with, /
2022-12-10, 07:32:31, with, /
2022-12-10, 07:32:43, with, /
2022-12-10, 07:32:55, with, /
2022-12-10, 07:33:07, with, /
2022-12-10, 07:33:19, with, /
2022-12-10, 07:33:31, with, /
2022-12-10, 07:33:43, with, /
2022-12-10, 07:33:55, with, /
2022-12-10, 07:34:07, with, /
2022-12-10, 07:34:19, with, /
2022-12-10, 07:34:31, with, /
2022-12-10, 07:34:43, with, /
2022-12-10, 07:34:55, with, /
2022-12-10, 07:35:07, with, /
2022-12-10, 07:35:19, with, /
2022-12-10, 07:35:31, with, /
2022-12-10, 07:35:43, with, /
2022-12-10, 07:35:55, with, /
2022-12-10, 07:36:07, with, /
2022-12-10, 07:36:19, with, /
2022-12-10, 07:36:31, with, /
2022-12-10, 07:36:43, with, /
2022-12-10, 07:36:55, with, /
2022-12-10, 07:37:07, with, /
2022-12-10, 07:37:19, with, /
2022-12-10, 07:37:32, with, /
2022-12-10, 07:37:44, with, /
2022-12-10, 07:37:56, with, /
2022-12-10, 07:38:08, with, /
2022-12-10, 07:38:20, with, /
2022-12-10, 07:38:32, with, /
2022-12-10, 07:38:44, with, /
2022-12-10, 07:38:56, with, /
2022-12-10, 07:39:08, with, /
2022-12-10, 07:39:20, with, /
2022-12-10, 07:39:32, with, /
2022-12-10, 07:39:44, with, /
2022-12-10, 07:39:56, with, /
2022-12-10, 07:40:08, with, /
2022-12-10, 07:40:20, with, /
2022-12-10, 07:40:32, with, /
2022-12-10, 07:40:44, with, /
2022-12-10, 07:40:56, with, /
2022-12-10, 07:41:08, with, /
2022-12-10, 07:41:20, with, /
2022-12-10, 07:41:32, with, /
2022-12-10, 07:41:44, with, /
2022-12-10, 07:41:56, with, /
2022-12-10, 07:42:08, with, /
2022-12-10, 07:42:20, with, /
2022-12-10, 07:42:32, with, /
2022-12-10, 07:42:44, with, /
2022-12-10, 07:42:56, with, /
2022-12-10, 07:43:08, with, /
2022-12-10, 07:43:20, with, /
2022-12-10, 07:43:32, with, /
2022-12-10, 07:43:44, with, /
2022-12-10, 07:43:56, with, /
2022-12-10, 07:44:08, with, /
2022-12-10, 07:44:20, with, /
2022-12-10, 07:44:33, with, /
2022-12-10, 07:44:45, with, /
2022-12-10, 07:44:57, with, /
2022-12-10, 07:45:09, with, /
2022-12-10, 07:45:21, with, /
2022-12-10, 07:45:33, with, /
2022-12-10, 07:45:45, with, /
2022-12-10, 07:45:57, with, /
2022-12-10, 07:46:09, with, /
2022-12-10, 07:46:21, with, /
2022-12-10, 07:46:33, with, /
2022-12-10, 07:46:45, with, /
2022-12-10, 07:46:57, with, /
2022-12-10, 07:47:09, with, /
2022-12-10, 07:47:21, with, /
2022-12-10, 07:47:33, with, /
2022-12-10, 07:47:45, with, /
2022-12-10, 07:47:57, with, /
2022-12-10, 07:48:09, with, /
2022-12-10, 07:48:21, with, /
2022-12-10, 07:48:33, with, /
2022-12-10, 07:48:45, with, /
2022-12-10, 07:48:57, with, /
2022-12-10, 07:49:09, with, /
2022-12-10, 07:49:21, with, /
2022-12-10, 07:49:33, with, /
2022-12-10, 07:49:45, with, /
2022-12-10, 07:49:57, with, /
2022-12-10, 07:50:09, with, /
2022-12-10, 07:50:21, with, /
2022-12-10, 07:50:33, with, /
2022-12-10, 07:50:45, with, /
2022-12-10, 07:50:57, with, /
2022-12-10, 07:51:09, with, /
2022-12-10, 07:51:21, with, /
2022-12-10, 07:51:33, with, /
2022-12-10, 07:51:45, with, /
2022-12-10, 07:51:57, with, /
2022-12-10, 07:52:10, with, /
2022-12-10, 07:52:22, with, /
2022-12-10, 07:52:34, with, /
2022-12-10, 07:52:46, with, /
2022-12-10, 07:52:58, with, /
2022-12-10, 07:53:10, with, /
2022-12-10, 07:53:22, with, /
2022-12-10, 07:53:34, with, /
2022-12-10, 07:53:46, with, /
2022-12-10, 07:53:58, with, /
2022-12-10, 07:54:10, with, /
2022-12-10, 07:54:22, with, /
2022-12-10, 07:54:34, with, /
2022-12-10, 07:54:46, with, /
2022-12-10, 07:54:58, with, /
2022-12-10, 07:55:10, with, /
2022-12-10, 07:55:22, with, /
2022-12-10, 07:55:34, with, /
2022-12-10, 07:55:46, with, /
2022-12-10, 07:55:58, with, /
2022-12-10, 07:56:10, with, /
2022-12-10, 07:56:22, with, /
2022-12-10, 07:56:34, with, /
2022-12-10, 07:56:46, with, /
2022-12-10, 07:56:58, with, /
2022-12-10, 07:57:10, with, /
2022-12-10, 07:57:22, with, /
2022-12-10, 07:57:34, with, /
2022-12-10, 07:57:46, with, /
2022-12-10, 07:57:58, with, /
2022-12-10, 07:58:10, with, /
2022-12-10, 07:58:22, with, /
2022-12-10, 07:58:34, with, /
2022-12-10, 07:58:46, with, /
2022-12-10, 07:58:58, with, /
2022-12-10, 07:59:10, with, /
2022-12-10, 07:59:23, with, /
2022-12-10, 07:59:35, with, /
2022-12-10, 07:59:47, with, /
2022-12-10, 07:59:59, with, /
2022-12-10, 08:00:11, with, /
2022-12-10, 08:00:23, with, /
2022-12-10, 08:00:35, with, /
2022-12-10, 08:00:47, with, /
2022-12-10, 08:00:59, with, /
2022-12-10, 08:01:11, with, /
2022-12-10, 08:01:23, with, /
2022-12-10, 08:01:35, with, /
2022-12-10, 08:01:47, with, /
2022-12-10, 08:01:59, with, /
2022-12-10, 08:02:11, with, /
2022-12-10, 08:02:23, with, /
2022-12-10, 08:02:35, with, /
2022-12-10, 08:02:47, with, /
2022-12-10, 08:02:59, with, /
2022-12-10, 08:03:11, with, /
2022-12-10, 08:03:23, with, /
2022-12-10, 08:03:35, with, /
2022-12-10, 08:03:47, with, /
2022-12-10, 08:03:59, with, /
2022-12-10, 08:04:11, with, /
2022-12-10, 08:04:23, with, /
2022-12-10, 08:04:35, with, /
2022-12-10, 08:04:47, with, /
2022-12-10, 08:04:59, with, /
2022-12-10, 08:05:11, with, /
2022-12-10, 08:05:23, with, /
2022-12-10, 08:05:35, with, /
2022-12-10, 08:05:47, with, /
2022-12-10, 08:05:59, with, /
2022-12-10, 08:06:11, with, /
2022-12-10, 08:06:23, with, /
2022-12-10, 08:06:35, with, /
2022-12-10, 08:06:47, with, /
2022-12-10, 08:07:00, with, /
2022-12-10, 08:07:12, with, /
2022-12-10, 08:07:24, with, /
2022-12-10, 08:07:36, with, /
2022-12-10, 08:07:48, with, /
2022-12-10, 08:08:00, with, /
2022-12-10, 08:08:12, with, /
2022-12-10, 08:08:24, with, /
2022-12-10, 08:08:36, with, /
2022-12-10, 08:08:48, with, /
2022-12-10, 08:09:00, with, /
2022-12-10, 08:09:12, with, /
2022-12-10, 08:09:24, with, /
2022-12-10, 08:09:36, with, /
2022-12-10, 08:09:48, with, /
2022-12-10, 08:10:00, with, /
2022-12-10, 08:10:12, with, /
2022-12-10, 08:10:24, with, /
2022-12-10, 08:10:36, with, /
2022-12-10, 08:10:48, with, /
2022-12-10, 08:11:00, with, /
2022-12-10, 08:11:12, with, /
2022-12-10, 08:11:24, with, /
2022-12-10, 08:11:36, with, /
2022-12-10, 08:11:48, with, /
2022-12-10, 08:12:00, with, /
2022-12-10, 08:12:12, with, /
2022-12-10, 08:12:24, with, /
2022-12-10, 08:12:36, with, /
2022-12-10, 08:12:48, with, /
2022-12-10, 08:13:00, with, /
2022-12-10, 08:13:12, with, /
2022-12-10, 08:13:24, with, /
2022-12-10, 08:13:36, with, /
2022-12-10, 08:13:48, with, /
2022-12-10, 08:14:00, with, /
2022-12-10, 08:14:13, with, /
2022-12-10, 08:14:25, with, /
2022-12-10, 08:14:37, with, /
2022-12-10, 08:14:49, with, /
2022-12-10, 08:15:01, with, /
2022-12-10, 08:15:13, with, /
2022-12-10, 08:15:25, with, /
2022-12-10, 08:15:37, with, /
2022-12-10, 08:15:49, with, /
2022-12-10, 08:16:01, with, /
2022-12-10, 08:16:13, with, /
2022-12-10, 08:16:25, with, /
2022-12-10, 08:16:37, with, /
2022-12-10, 08:16:49, with, /
2022-12-10, 08:17:01, with, /
2022-12-10, 08:17:13, with, /
2022-12-10, 08:17:25, with, /
2022-12-10, 08:17:37, with, /
2022-12-10, 08:17:49, with, /
2022-12-10, 08:18:01, with, /
2022-12-10, 08:18:13, with, /
2022-12-10, 08:18:25, with, /
2022-12-10, 08:18:37, with, /
2022-12-10, 08:18:49, with, /
2022-12-10, 08:19:01, with, /
2022-12-10, 08:19:13, with, /
2022-12-10, 08:19:25, with, /
2022-12-10, 08:19:37, with, /
2022-12-10, 08:19:49, with, /
2022-12-10, 08:20:01, with, /
2022-12-10, 08:20:13, with, /
2022-12-10, 08:20:25, with, /
2022-12-10, 08:20:37, with, /
2022-12-10, 08:20:49, with, /
2022-12-10, 08:21:01, with, /
2022-12-10, 08:21:13, with, /
2022-12-10, 08:21:25, with, /
2022-12-10, 08:21:37, with, /
2022-12-10, 08:21:49, with, /
2022-12-10, 08:22:02, with, /
2022-12-10, 08:22:14, with, /
2022-12-10, 08:22:26, with, /
2022-12-10, 08:22:38, with, /
2022-12-10, 08:22:50, with, /
2022-12-10, 08:23:02, with, /
2022-12-10, 08:23:14, with, /
2022-12-10, 08:23:26, with, /
2022-12-10, 08:23:38, with, /
2022-12-10, 08:23:50, with, /
2022-12-10, 08:24:02, with, /
2022-12-10, 08:24:14, with, /
2022-12-10, 08:24:26, with, /
2022-12-10, 08:24:38, with, /
2022-12-10, 08:24:50, with, /
2022-12-10, 08:25:02, with, /
2022-12-10, 08:25:14, with, /
2022-12-10, 08:25:26, with, /
2022-12-10, 08:25:38, with, /
2022-12-10, 08:25:50, with, /
2022-12-10, 08:26:02, with, /
2022-12-10, 08:26:14, with, /
2022-12-10, 08:26:26, with, /
2022-12-10, 08:26:38, with, /
2022-12-10, 08:26:50, with, /
2022-12-10, 08:27:02, with, /
2022-12-10, 08:27:14, with, /
2022-12-10, 08:27:26, with, /
2022-12-10, 08:27:38, with, /
2022-12-10, 08:27:50, with, /
2022-12-10, 08:28:02, with, /
2022-12-10, 08:28:14, with, /
2022-12-10, 08:28:26, with, /
2022-12-10, 08:28:38, with, /
2022-12-10, 08:28:50, with, /
2022-12-10, 08:29:02, with, /
2022-12-10, 08:29:14, with, /
2022-12-10, 08:29:27, with, /
2022-12-10, 08:29:39, with, /
2022-12-10, 08:29:51, with, /
2022-12-10, 08:30:03, with, /
2022-12-10, 08:30:15, with, /
2022-12-10, 08:30:27, with, /
2022-12-10, 08:30:39, with, /
2022-12-10, 08:30:51, with, /
2022-12-10, 08:31:03, with, /
2022-12-10, 08:31:15, with, /
2022-12-10, 08:31:27, with, /
2022-12-10, 08:31:39, with, /
2022-12-10, 08:31:51, with, /
2022-12-10, 08:32:03, with, /
2022-12-10, 08:32:15, with, /
2022-12-10, 08:32:27, with, /
2022-12-10, 08:32:39, with, /
2022-12-10, 08:32:51, with, /
2022-12-10, 08:33:03, with, /
2022-12-10, 08:33:15, with, /
2022-12-10, 08:33:27, with, /
2022-12-10, 08:33:39, with, /
2022-12-10, 08:33:51, with, /
2022-12-10, 08:34:03, with, /
2022-12-10, 08:34:15, with, /
2022-12-10, 08:34:27, with, /
2022-12-10, 08:34:39, with, /
2022-12-10, 08:34:51, with, /
2022-12-10, 08:35:03, with, /
2022-12-10, 08:35:15, with, /
2022-12-10, 08:35:27, with, /
2022-12-10, 08:35:39, with, /
2022-12-10, 08:35:51, with, /
2022-12-10, 08:36:03, with, /
2022-12-10, 08:36:15, with, /
2022-12-10, 08:36:27, with, /
2022-12-10, 08:36:40, with, /
2022-12-10, 08:36:52, with, /
2022-12-10, 08:37:04, with, /
2022-12-10, 08:37:16, with, /
2022-12-10, 08:37:28, with, /
2022-12-10, 08:37:40, with, /
2022-12-10, 08:37:52, with, /
2022-12-10, 08:38:04, with, /
2022-12-10, 08:38:16, with, /
2022-12-10, 08:38:28, with, /
2022-12-10, 08:38:40, with, /
2022-12-10, 08:38:52, with, /
2022-12-10, 08:39:04, with, /
2022-12-10, 08:39:16, with, /
2022-12-10, 08:39:28, with, /
2022-12-10, 08:39:40, with, /
2022-12-10, 08:39:52, with, /
2022-12-10, 08:40:04, with, /
2022-12-10, 08:40:16, with, /
2022-12-10, 08:40:28, with, /
2022-12-10, 08:40:40, with, /
2022-12-10, 08:40:52, with, /
2022-12-10, 08:41:04, with, /
2022-12-10, 08:41:16, with, /
2022-12-10, 08:41:28, with, /
2022-12-10, 08:41:40, with, /
2022-12-10, 08:41:52, with, /
2022-12-10, 08:42:04, with, /
2022-12-10, 08:42:16, with, /
2022-12-10, 08:42:28, with, /
2022-12-10, 08:42:40, with, /
2022-12-10, 08:42:52, with, /
2022-12-10, 08:43:04, with, /
2022-12-10, 08:43:16, with, /
2022-12-10, 08:43:28, with, /
2022-12-10, 08:43:40, with, /
2022-12-10, 08:43:53, with, /
2022-12-10, 08:44:05, with, /
2022-12-10, 08:44:17, with, /
2022-12-10, 08:44:29, with, /
2022-12-10, 08:44:41, with, /
2022-12-10, 08:44:53, with, /
2022-12-10, 08:45:05, with, /
2022-12-10, 08:45:17, with, /
2022-12-10, 08:45:29, with, /
2022-12-10, 08:45:41, with, /
2022-12-10, 08:45:53, with, /
2022-12-10, 08:46:05, with, /
2022-12-10, 08:46:17, with, /
2022-12-10, 08:46:29, with, /
2022-12-10, 08:46:41, with, /
2022-12-10, 08:46:53, with, /
2022-12-10, 08:47:05, with, /
2022-12-10, 08:47:17, with, /
2022-12-10, 08:47:29, with, /
2022-12-10, 08:47:41, with, /
2022-12-10, 08:47:53, with, /
2022-12-10, 08:48:05, with, /
2022-12-10, 08:48:17, with, /
2022-12-10, 08:48:29, with, /
2022-12-10, 08:48:41, with, /
2022-12-10, 08:48:53, with, /
2022-12-10, 08:49:05, with, /
2022-12-10, 08:49:17, with, /
2022-12-10, 08:49:29, with, /
2022-12-10, 08:49:41, with, /
2022-12-10, 08:49:53, with, /
2022-12-10, 08:50:05, with, /
2022-12-10, 08:50:17, with, /
2022-12-10, 08:50:29, with, /
2022-12-10, 08:50:41, with, /
2022-12-10, 08:50:53, with, /
2022-12-10, 08:51:06, with, /
2022-12-10, 08:51:18, with, /
2022-12-10, 08:51:30, with, /
2022-12-10, 08:51:42, with, /
2022-12-10, 08:51:54, with, /
2022-12-10, 08:52:06, with, /
2022-12-10, 08:52:18, with, /
2022-12-10, 08:52:30, with, /
2022-12-10, 08:52:42, with, /
2022-12-10, 08:52:54, with, /
2022-12-10, 08:53:06, with, /
2022-12-10, 08:53:18, with, /
2022-12-10, 08:53:30, with, /
2022-12-10, 08:53:42, with, /
2022-12-10, 08:53:54, with, /
2022-12-10, 08:54:06, with, /
2022-12-10, 08:54:18, with, /
2022-12-10, 08:54:30, with, /
2022-12-10, 08:54:42, with, /
2022-12-10, 08:54:54, with, /
2022-12-10, 08:55:06, with, /
2022-12-10, 08:55:18, with, /
2022-12-10, 08:55:30, with, /
2022-12-10, 08:55:42, with, /
2022-12-10, 08:55:54, with, /
2022-12-10, 08:56:06, with, /
2022-12-10, 08:56:18, with, /
2022-12-10, 08:56:30, with, /
2022-12-10, 08:56:42, with, /
2022-12-10, 08:56:54, with, /
2022-12-10, 08:57:06, with, /
2022-12-10, 08:57:18, with, /
2022-12-10, 08:57:30, with, /
2022-12-10, 08:57:42, with, /
2022-12-10, 08:57:54, with, /
2022-12-10, 08:58:06, with, /
2022-12-10, 08:58:19, with, /
2022-12-10, 08:58:31, with, /
2022-12-10, 08:58:43, with, /
2022-12-10, 08:58:55, with, /
2022-12-10, 08:59:07, with, /
2022-12-10, 08:59:19, with, /
2022-12-10, 08:59:31, with, /
2022-12-10, 08:59:43, with, /
2022-12-10, 08:59:55, with, /
2022-12-10, 09:00:07, with, /
2022-12-10, 09:00:19, with, /
2022-12-10, 09:00:31, with, /
2022-12-10, 09:00:43, with, /
2022-12-10, 09:00:55, with, /
2022-12-10, 09:01:07, with, /
2022-12-10, 09:01:19, with, /
2022-12-10, 09:01:31, with, /
2022-12-10, 09:01:43, with, /
2022-12-10, 09:01:55, with, /
2022-12-10, 09:02:07, with, /
2022-12-10, 09:02:19, with, /
2022-12-10, 09:02:31, with, /
2022-12-10, 09:02:43, with, /
2022-12-10, 09:02:55, with, /
2022-12-10, 09:03:07, with, /
2022-12-10, 09:03:19, with, /
2022-12-10, 09:03:31, with, /
2022-12-10, 09:03:43, with, /
2022-12-10, 09:03:55, with, /
2022-12-10, 09:04:07, with, /
2022-12-10, 09:04:19, with, /
2022-12-10, 09:04:31, with, /
2022-12-10, 09:04:43, with, /
2022-12-10, 09:04:55, with, /
2022-12-10, 09:05:07, with, /
2022-12-10, 09:05:19, with, /
2022-12-10, 09:05:32, with, /
2022-12-10, 09:05:44, with, /
2022-12-10, 09:05:56, with, /
2022-12-10, 09:06:08, with, /
2022-12-10, 09:06:20, with, /
2022-12-10, 09:06:32, with, /
2022-12-10, 09:06:44, with, /
2022-12-10, 09:06:56, with, /
2022-12-10, 09:07:08, with, /
2022-12-10, 09:07:20, with, /
2022-12-10, 09:07:32, with, /
2022-12-10, 09:07:44, with, /
2022-12-10, 09:07:56, with, /
2022-12-10, 09:08:08, with, /
2022-12-10, 09:08:20, with, /
2022-12-10, 09:08:32, with, /
2022-12-10, 09:08:44, with, /
2022-12-10, 09:08:56, with, /
2022-12-10, 09:09:08, with, /
2022-12-10, 09:09:20, with, /
2022-12-10, 09:09:32, with, /
2022-12-10, 09:09:44, with, /
2022-12-10, 09:09:56, with, /
2022-12-10, 09:10:08, with, /
2022-12-10, 09:10:20, with, /
2022-12-10, 09:10:32, with, /
2022-12-10, 09:10:44, with, /
2022-12-10, 09:10:56, with, /
2022-12-10, 09:11:08, with, /
2022-12-10, 09:11:20, with, /
2022-12-10, 09:11:32, with, /
2022-12-10, 09:11:44, with, /
2022-12-10, 09:11:56, with, /
2022-12-10, 09:12:08, with, /
2022-12-10, 09:12:20, with, /
2022-12-10, 09:12:32, with, /
2022-12-10, 09:12:45, with, /
2022-12-10, 09:12:57, with, /
2022-12-10, 09:13:09, with, /
2022-12-10, 09:13:21, with, /
2022-12-10, 09:13:33, with, /
2022-12-10, 09:13:45, with, /
2022-12-10, 09:13:57, with, /
2022-12-10, 09:14:09, with, /
2022-12-10, 09:14:21, with, /
2022-12-10, 09:14:33, with, /
2022-12-10, 09:14:45, with, /
2022-12-10, 09:14:57, with, /
2022-12-10, 09:15:09, with, /
2022-12-10, 09:15:21, with, /
2022-12-10, 09:15:33, with, /
2022-12-10, 09:15:45, with, /
2022-12-10, 09:15:57, with, /
2022-12-10, 09:16:09, with, /
2022-12-10, 09:16:21, with, /
2022-12-10, 09:16:33, with, /
2022-12-10, 09:16:45, with, /
2022-12-10, 09:16:57, with, /
2022-12-10, 09:17:09, with, /
2022-12-10, 09:17:21, with, /
2022-12-10, 09:17:33, with, /
2022-12-10, 09:17:45, with, /
2022-12-10, 09:17:57, with, /
2022-12-10, 09:18:09, with, /
2022-12-10, 09:18:21, with, /
2022-12-10, 09:18:33, with, /
2022-12-10, 09:18:45, with, /
2022-12-10, 09:18:57, with, /
2022-12-10, 09:19:09, with, /
2022-12-10, 09:19:21, with, /
2022-12-10, 09:19:33, with, /
2022-12-10, 09:19:45, with, /
2022-12-10, 09:19:57, with, /
2022-12-10, 09:20:10, with, /
2022-12-10, 09:20:22, with, /
2022-12-10, 09:20:34, with, /
2022-12-10, 09:20:46, with, /
2022-12-10, 09:20:58, with, /
2022-12-10, 09:21:10, with, /
2022-12-10, 09:21:22, with, /
2022-12-10, 09:21:34, with, /
2022-12-10, 09:21:46, with, /
2022-12-10, 09:21:58, with, /
2022-12-10, 09:22:10, with, /
2022-12-10, 09:22:22, with, /
2022-12-10, 09:22:34, with, /
2022-12-10, 09:22:46, with, /
2022-12-10, 09:22:58, with, /
2022-12-10, 09:23:10, with, /
2022-12-10, 09:23:22, with, /
2022-12-10, 09:23:34, with, /
2022-12-10, 09:23:46, with, /
2022-12-10, 09:23:58, with, /
2022-12-10, 09:24:10, with, /
2022-12-10, 09:24:22, with, /
2022-12-10, 09:24:34, with, /
2022-12-10, 09:24:46, with, /
2022-12-10, 09:24:58, with, /
2022-12-10, 09:25:10, with, /
2022-12-10, 09:25:22, with, /
2022-12-10, 09:25:34, with, /
2022-12-10, 09:25:46, with, /
2022-12-10, 09:25:58, with, /
2022-12-10, 09:26:10, with, /
2022-12-10, 09:26:22, with, /
2022-12-10, 09:26:34, with, /
2022-12-10, 09:26:46, with, /
2022-12-10, 09:26:58, with, /
2022-12-10, 09:27:10, with, /
2022-12-10, 09:27:22, with, /
2022-12-10, 09:27:35, with, /
2022-12-10, 09:27:47, with, /
2022-12-10, 09:27:59, with, /
2022-12-10, 09:28:11, with, /
2022-12-10, 09:28:23, with, /
2022-12-10, 09:28:35, with, /
2022-12-10, 09:28:47, with, /
2022-12-10, 09:28:59, with, /
2022-12-10, 09:29:11, with, /
2022-12-10, 09:29:23, with, /
2022-12-10, 09:29:35, with, /
2022-12-10, 09:29:47, with, /
2022-12-10, 09:29:59, with, /
2022-12-10, 09:30:11, with, /
2022-12-10, 09:30:23, with, /
2022-12-10, 09:30:35, with, /
2022-12-10, 09:30:47, with, /
2022-12-10, 09:30:59, with, /
2022-12-10, 09:31:11, with, /
2022-12-10, 09:31:23, with, /
2022-12-10, 09:31:35, with, /
2022-12-10, 09:31:47, with, /
2022-12-10, 09:31:59, with, /
2022-12-10, 09:32:11, with, /
2022-12-10, 09:32:23, with, /
2022-12-10, 09:32:35, with, /
2022-12-10, 09:32:47, with, /
2022-12-10, 09:32:59, with, /
2022-12-10, 09:33:11, with, /
2022-12-10, 09:33:23, with, /
2022-12-10, 09:33:35, with, /
2022-12-10, 09:33:47, with, /
2022-12-10, 09:33:59, with, /
2022-12-10, 09:34:11, with, /
2022-12-10, 09:34:23, with, /
2022-12-10, 09:34:35, with, /
2022-12-10, 09:34:47, with, /
2022-12-10, 09:34:59, with, /
2022-12-10, 09:35:12, with, /
2022-12-10, 09:35:24, with, /
2022-12-10, 09:35:36, with, /
2022-12-10, 09:35:48, with, /
2022-12-10, 09:36:00, with, /
2022-12-10, 09:36:12, with, /
2022-12-10, 09:36:24, with, /
2022-12-10, 09:36:36, with, /
2022-12-10, 09:36:48, with, /
2022-12-10, 09:37:00, with, /
2022-12-10, 09:37:12, with, /
2022-12-10, 09:37:24, with, /
2022-12-10, 09:37:36, with, /
2022-12-10, 09:37:48, with, /
2022-12-10, 09:38:00, with, /
2022-12-10, 09:38:12, with, /
2022-12-10, 09:38:24, with, /
2022-12-10, 09:38:36, with, /
2022-12-10, 09:38:48, with, /
2022-12-10, 09:39:00, with, /
2022-12-10, 09:39:12, with, /
2022-12-10, 09:39:24, with, /
2022-12-10, 09:39:36, with, /
2022-12-10, 09:39:48, with, /
2022-12-10, 09:40:00, with, /
2022-12-10, 09:40:12, with, /
2022-12-10, 09:40:24, with, /
2022-12-10, 09:40:36, with, /
2022-12-10, 09:40:48, with, /
2022-12-10, 09:41:00, with, /
2022-12-10, 09:41:12, with, /
2022-12-10, 09:41:24, with, /
2022-12-10, 09:41:36, with, /
2022-12-10, 09:41:48, with, /
2022-12-10, 09:42:00, with, /
2022-12-10, 09:42:12, with, /
2022-12-10, 09:42:24, with, /
2022-12-10, 09:42:36, with, /
2022-12-10, 09:42:49, with, /
2022-12-10, 09:43:01, with, /
2022-12-10, 09:43:13, with, /
2022-12-10, 09:43:25, with, /
2022-12-10, 09:43:37, with, /
2022-12-10, 09:43:49, with, /
2022-12-10, 09:44:01, with, /
2022-12-10, 09:44:13, with, /
2022-12-10, 09:44:25, with, /
2022-12-10, 09:44:37, with, /
2022-12-10, 09:44:49, with, /
2022-12-10, 09:45:01, with, /
2022-12-10, 09:45:13, with, /
2022-12-10, 09:45:25, with, /
2022-12-10, 09:45:37, with, /
2022-12-10, 09:45:49, with, /
2022-12-10, 09:46:01, with, /
2022-12-10, 09:46:13, with, /
2022-12-10, 09:46:25, with, /
2022-12-10, 09:46:37, with, /
2022-12-10, 09:46:49, with, /
2022-12-10, 09:47:01, with, /
2022-12-10, 09:47:13, with, /
2022-12-10, 09:47:25, with, /
2022-12-10, 09:47:37, with, /
2022-12-10, 09:47:49, with, /
2022-12-10, 09:48:01, with, /
2022-12-10, 09:48:13, with, /
2022-12-10, 09:48:25, with, /
2022-12-10, 09:48:37, with, /
2022-12-10, 09:48:49, with, /
2022-12-10, 09:49:01, with, /
2022-12-10, 09:49:13, with, /
2022-12-10, 09:49:25, with, /
2022-12-10, 09:49:37, with, /
2022-12-10, 09:49:49, with, /
2022-12-10, 09:50:02, with, /
2022-12-10, 09:50:14, with, /
2022-12-10, 09:50:26, with, /
2022-12-10, 09:50:38, with, /
2022-12-10, 09:50:50, with, /
2022-12-10, 09:51:02, with, /
2022-12-10, 09:51:14, with, /
2022-12-10, 09:51:26, with, /
2022-12-10, 09:51:38, with, /
2022-12-10, 09:51:50, with, /
2022-12-10, 09:52:02, with, /
2022-12-10, 09:52:14, with, /
2022-12-10, 09:52:26, with, /
2022-12-10, 09:52:38, with, /
2022-12-10, 09:52:50, with, /
2022-12-10, 09:53:02, with, /
2022-12-10, 09:53:14, with, /
2022-12-10, 09:53:26, with, /
2022-12-10, 09:53:38, with, /
2022-12-10, 09:53:50, with, /
2022-12-10, 09:54:02, with, /
2022-12-10, 09:54:14, with, /
2022-12-10, 09:54:26, with, /
2022-12-10, 09:54:38, with, /
2022-12-10, 09:54:50, with, /
2022-12-10, 09:55:02, with, /
2022-12-10, 09:55:14, with, /
2022-12-10, 09:55:26, with, /
2022-12-10, 09:55:38, with, /
2022-12-10, 09:55:50, with, /
2022-12-10, 09:56:02, with, /
2022-12-10, 09:56:14, with, /
2022-12-10, 09:56:26, with, /
2022-12-10, 09:56:38, with, /
2022-12-10, 09:56:50, with, /
2022-12-10, 09:57:02, with, /
2022-12-10, 09:57:14, with, /
2022-12-10, 09:57:27, with, /
2022-12-10, 09:57:39, with, /
2022-12-10, 09:57:51, with, /
2022-12-10, 09:58:03, with, /
2022-12-10, 09:58:15, with, /
2022-12-10, 09:58:27, with, /
2022-12-10, 09:58:39, with, /
2022-12-10, 09:58:51, with, /
2022-12-10, 09:59:03, with, /
2022-12-10, 09:59:15, with, /
2022-12-10, 09:59:27, with, /
2022-12-10, 09:59:39, with, /
2022-12-10, 09:59:51, with, /
2022-12-10, 10:00:03, with, /
2022-12-10, 10:00:15, with, /
2022-12-10, 10:00:27, with, /
2022-12-10, 10:00:39, with, /
2022-12-10, 10:00:51, with, /
2022-12-10, 10:01:03, with, /
2022-12-10, 10:01:15, with, /
2022-12-10, 10:01:27, with, /
2022-12-10, 10:01:39, with, /
2022-12-10, 10:01:51, with, /
2022-12-10, 10:02:03, with, /
2022-12-10, 10:02:15, with, /
2022-12-10, 10:02:27, with, /
2022-12-10, 10:02:39, with, /
2022-12-10, 10:02:51, with, /
2022-12-10, 10:03:03, with, /
2022-12-10, 10:03:15, with, /
2022-12-10, 10:03:27, with, /
2022-12-10, 10:03:39, with, /
2022-12-10, 10:03:51, with, /
2022-12-10, 10:04:03, with, /
2022-12-10, 10:04:15, with, /
2022-12-10, 10:04:28, with, /
2022-12-10, 10:04:40, with, /
2022-12-10, 10:04:52, with, /
2022-12-10, 10:05:04, with, /
2022-12-10, 10:05:16, with, /
2022-12-10, 10:05:28, with, /
2022-12-10, 10:05:40, with, /
2022-12-10, 10:05:52, with, /
2022-12-10, 10:06:04, with, /
2022-12-10, 10:06:16, with, /
2022-12-10, 10:06:28, with, /
2022-12-10, 10:06:40, with, /
2022-12-10, 10:06:52, with, /
2022-12-10, 10:07:04, with, /
2022-12-10, 10:07:16, with, /
2022-12-10, 10:07:28, with, /
2022-12-10, 10:07:40, with, /
2022-12-10, 10:07:52, with, /
2022-12-10, 10:08:04, with, /
2022-12-10, 10:08:16, with, /
2022-12-10, 10:08:28, with, /
2022-12-10, 10:08:40, with, /
2022-12-10, 10:08:52, with, /
2022-12-10, 10:09:04, with, /
2022-12-10, 10:09:16, with, /
2022-12-10, 10:09:28, with, /
2022-12-10, 10:09:40, with, /
2022-12-10, 10:09:52, with, /
2022-12-10, 10:10:04, with, /
2022-12-10, 10:10:16, with, /
2022-12-10, 10:10:28, with, /
2022-12-10, 10:10:40, with, /
2022-12-10, 10:10:52, with, /
2022-12-10, 10:11:04, with, /
2022-12-10, 10:11:16, with, /
2022-12-10, 10:11:28, with, /
2022-12-10, 10:11:40, with, /
2022-12-10, 10:11:52, with, /
2022-12-10, 10:12:05, with, /
2022-12-10, 10:12:17, with, /
2022-12-10, 10:12:29, with, /
2022-12-10, 10:12:41, with, /
2022-12-10, 10:12:53, with, /
2022-12-10, 10:13:05, with, /
2022-12-10, 10:13:17, with, /
2022-12-10, 10:13:29, with, /
2022-12-10, 10:13:41, with, /
2022-12-10, 10:13:53, with, /
2022-12-10, 10:14:05, with, /
2022-12-10, 10:14:17, with, /
2022-12-10, 10:14:29, with, /
2022-12-10, 10:14:41, with, /
2022-12-10, 10:14:53, with, /
2022-12-10, 10:15:05, with, /
2022-12-10, 10:15:17, with, /
2022-12-10, 10:15:29, with, /
2022-12-10, 10:15:41, with, /
2022-12-10, 10:15:53, with, /
2022-12-10, 10:16:05, with, /
2022-12-10, 10:16:17, with, /
2022-12-10, 10:16:29, with, /
2022-12-10, 10:16:41, with, /
2022-12-10, 10:16:53, with, /
2022-12-10, 10:17:05, with, /
2022-12-10, 10:17:17, with, /
2022-12-10, 10:17:29, with, /
2022-12-10, 10:17:41, with, /
2022-12-10, 10:17:53, with, /
2022-12-10, 10:18:05, with, /
2022-12-10, 10:18:17, with, /
2022-12-10, 10:18:29, with, /
2022-12-10, 10:18:41, with, /
2022-12-10, 10:18:53, with, /
2022-12-10, 10:19:05, with, /
2022-12-10, 10:19:17, with, /
2022-12-10, 10:19:29, with, /
2022-12-10, 10:19:41, with, /
2022-12-10, 10:19:54, with, /
2022-12-10, 10:20:06, with, /
2022-12-10, 10:20:18, with, /
2022-12-10, 10:20:30, with, /
2022-12-10, 10:20:42, with, /
2022-12-10, 10:20:54, with, /
2022-12-10, 10:21:06, with, /
2022-12-10, 10:21:18, with, /
2022-12-10, 10:21:30, with, /
2022-12-10, 10:21:42, with, /
2022-12-10, 10:21:54, with, /
2022-12-10, 10:22:06, with, /
2022-12-10, 10:22:18, with, /
2022-12-10, 10:22:30, with, /
2022-12-10, 10:22:42, with, /
2022-12-10, 10:22:54, with, /
2022-12-10, 10:23:06, with, /
2022-12-10, 10:23:18, with, /
2022-12-10, 10:23:30, with, /
2022-12-10, 10:23:42, with, /
2022-12-10, 10:23:54, with, /
2022-12-10, 10:24:06, with, /
2022-12-10, 10:24:18, with, /
2022-12-10, 10:24:30, with, /
2022-12-10, 10:24:42, with, /
2022-12-10, 10:24:54, with, /
2022-12-10, 10:25:06, with, /
2022-12-10, 10:25:18, with, /
2022-12-10, 10:25:30, with, /
2022-12-10, 10:25:42, with, /
2022-12-10, 10:25:54, with, /
2022-12-10, 10:26:06, with, /
2022-12-10, 10:26:18, with, /
2022-12-10, 10:26:30, with, /
2022-12-10, 10:26:42, with, /
2022-12-10, 10:26:54, with, /
2022-12-10, 10:27:06, with, /
2022-12-10, 10:27:18, with, /
2022-12-10, 10:27:30, with, /
2022-12-10, 10:27:43, with, /
2022-12-10, 10:27:55, with, /
2022-12-10, 10:28:07, with, /
2022-12-10, 10:28:19, with, /
2022-12-10, 10:28:31, with, /
2022-12-10, 10:28:43, with, /
2022-12-10, 10:28:55, with, /
2022-12-10, 10:29:07, with, /
2022-12-10, 10:29:19, with, /
2022-12-10, 10:29:31, with, /
2022-12-10, 10:29:43, with, /
2022-12-10, 10:29:55, with, /
2022-12-10, 10:30:07, with, /
2022-12-10, 10:30:19, with, /
2022-12-10, 10:30:31, with, /
2022-12-10, 10:30:43, with, /
2022-12-10, 10:30:55, with, /
2022-12-10, 10:31:07, with, /
2022-12-10, 10:31:19, with, /
2022-12-10, 10:31:31, with, /
2022-12-10, 10:31:43, with, /
2022-12-10, 10:31:55, with, /
2022-12-10, 10:32:07, with, /
2022-12-10, 10:32:19, with, /
2022-12-10, 10:32:31, with, /
2022-12-10, 10:32:43, with, /
2022-12-10, 10:32:55, with, /
2022-12-10, 10:33:07, with, /
2022-12-10, 10:33:19, with, /
2022-12-10, 10:33:31, with, /
2022-12-10, 10:33:43, with, /
2022-12-10, 10:33:55, with, /
2022-12-10, 10:34:07, with, /
2022-12-10, 10:34:19, with, /
2022-12-10, 10:34:31, with, /
2022-12-10, 10:34:44, with, /
2022-12-10, 10:34:56, with, /
2022-12-10, 10:35:08, with, /
2022-12-10, 10:35:20, with, /
2022-12-10, 10:35:32, with, /
2022-12-10, 10:35:44, with, /
2022-12-10, 10:35:56, with, /
2022-12-10, 10:36:08, with, /
2022-12-10, 10:36:20, with, /
2022-12-10, 10:36:32, with, /
2022-12-10, 10:36:44, with, /
2022-12-10, 10:36:56, with, /
2022-12-10, 10:37:08, with, /
2022-12-10, 10:37:20, with, /
2022-12-10, 10:37:32, with, /
2022-12-10, 10:37:44, with, /
2022-12-10, 10:37:56, with, /
2022-12-10, 10:38:08, with, /
2022-12-10, 10:38:20, with, /
2022-12-10, 10:38:32, with, /
2022-12-10, 10:38:44, with, /
2022-12-10, 10:38:56, with, /
2022-12-10, 10:39:08, with, /
2022-12-10, 10:39:20, with, /
2022-12-10, 10:39:32, with, /
2022-12-10, 10:39:44, with, /
2022-12-10, 10:39:56, with, /
2022-12-10, 10:40:08, with, /
2022-12-10, 10:40:20, with, /
2022-12-10, 10:40:32, with, /
2022-12-10, 10:40:44, with, /
2022-12-10, 10:40:56, with, /
2022-12-10, 10:41:08, with, /
2022-12-10, 10:41:20, with, /
2022-12-10, 10:41:32, with, /
2022-12-10, 10:41:44, with, /
2022-12-10, 10:41:56, with, /
2022-12-10, 10:42:09, with, /
2022-12-10, 10:42:21, with, /
2022-12-10, 10:42:33, with, /
2022-12-10, 10:42:45, with, /
2022-12-10, 10:42:57, with, /
2022-12-10, 10:43:09, with, /
2022-12-10, 10:43:21, with, /
2022-12-10, 10:43:33, with, /
2022-12-10, 10:43:45, with, /
2022-12-10, 10:43:57, with, /
2022-12-10, 10:44:09, with, /
2022-12-10, 10:44:21, with, /
2022-12-10, 10:44:33, with, /
2022-12-10, 10:44:45, with, /
2022-12-10, 10:44:57, with, /
2022-12-10, 10:45:09, with, /
2022-12-10, 10:45:21, with, /
2022-12-10, 10:45:33, with, /
2022-12-10, 10:45:45, with, /
2022-12-10, 10:45:57, with, /
2022-12-10, 10:46:09, with, /
2022-12-10, 10:46:21, with, /
2022-12-10, 10:46:33, with, /
2022-12-10, 10:46:45, with, /
2022-12-10, 10:46:57, with, /
2022-12-10, 10:47:09, with, /
2022-12-10, 10:47:21, with, /
2022-12-10, 10:47:33, with, /
2022-12-10, 10:47:45, with, /
2022-12-10, 10:47:57, with, /
2022-12-10, 10:48:09, with, /
2022-12-10, 10:48:21, with, /
2022-12-10, 10:48:33, with, /
2022-12-10, 10:48:45, with, /
2022-12-10, 10:48:57, with, /
2022-12-10, 10:49:09, with, /
2022-12-10, 10:49:22, with, /
2022-12-10, 10:49:34, with, /
2022-12-10, 10:49:46, with, /
2022-12-10, 10:49:58, with, /
2022-12-10, 10:50:10, with, /
2022-12-10, 10:50:22, with, /
2022-12-10, 10:50:34, with, /
2022-12-10, 10:50:46, with, /
2022-12-10, 10:50:58, with, /
2022-12-10, 10:51:10, with, /
2022-12-10, 10:51:22, with, /
2022-12-10, 10:51:34, with, /
2022-12-10, 10:51:46, with, /
2022-12-10, 10:51:58, with, /
2022-12-10, 10:52:10, with, /
2022-12-10, 10:52:22, with, /
2022-12-10, 10:52:34, with, /
2022-12-10, 10:52:46, with, /
2022-12-10, 10:52:58, with, /
2022-12-10, 10:53:10, with, /
2022-12-10, 10:53:22, with, /
2022-12-10, 10:53:34, with, /
2022-12-10, 10:53:46, with, /
2022-12-10, 10:53:58, with, /
2022-12-10, 10:54:10, with, /
2022-12-10, 10:54:22, with, /
2022-12-10, 10:54:34, with, /
2022-12-10, 10:54:46, with, /
2022-12-10, 10:54:58, with, /
2022-12-10, 10:55:10, with, /
2022-12-10, 10:55:22, with, /
2022-12-10, 10:55:34, with, /
2022-12-10, 10:55:46, with, /
2022-12-10, 10:55:58, with, /
2022-12-10, 10:56:10, with, /
2022-12-10, 10:56:22, with, /
2022-12-10, 10:56:34, with, /
2022-12-10, 10:56:47, with, /
2022-12-10, 10:56:59, with, /
2022-12-10, 10:57:11, with, /
2022-12-10, 10:57:23, with, /
2022-12-10, 10:57:35, with, /
2022-12-10, 10:57:47, with, /
2022-12-10, 10:57:59, with, /
2022-12-10, 10:58:11, with, /
2022-12-10, 10:58:23, with, /
2022-12-10, 10:58:35, with, /
2022-12-10, 10:58:47, with, /
2022-12-10, 10:58:59, with, /
2022-12-10, 10:59:11, with, /
2022-12-10, 10:59:23, with, /
2022-12-10, 10:59:35, with, /
2022-12-10, 10:59:47, with, /
2022-12-10, 10:59:59, with, /
2022-12-10, 11:00:11, with, /
2022-12-10, 11:00:23, with, /
2022-12-10, 11:00:35, with, /
2022-12-10, 11:00:47, with, /
2022-12-10, 11:00:59, with, /
2022-12-10, 11:01:11, with, /
2022-12-10, 11:01:23, with, /
2022-12-10, 11:01:35, with, /
2022-12-10, 11:01:47, with, /
2022-12-10, 11:01:59, with, /
2022-12-10, 11:02:11, with, /
2022-12-10, 11:02:23, with, /
2022-12-10, 11:02:35, with, /
2022-12-10, 11:02:47, with, /
2022-12-10, 11:02:59, with, /
2022-12-10, 11:03:11, with, /
2022-12-10, 11:03:23, with, /
2022-12-10, 11:03:35, with, /
2022-12-10, 11:03:47, with, /
2022-12-10, 11:04:00, with, /
2022-12-10, 11:04:12, with, /
2022-12-10, 11:04:24, with, /
2022-12-10, 11:04:36, with, /
2022-12-10, 11:04:48, with, /
2022-12-10, 11:05:00, with, /
2022-12-10, 11:05:12, with, /
2022-12-10, 11:05:24, with, /
2022-12-10, 11:05:36, with, /
2022-12-10, 11:05:48, with, /
2022-12-10, 11:06:00, with, /
2022-12-10, 11:06:12, with, /
2022-12-10, 11:06:24, with, /
2022-12-10, 11:06:36, with, /
2022-12-10, 11:06:48, with, /
2022-12-10, 11:07:00, with, /
2022-12-10, 11:07:12, with, /
2022-12-10, 11:07:24, with, /
2022-12-10, 11:07:36, with, /
2022-12-10, 11:07:48, with, /
2022-12-10, 11:08:00, with, /
2022-12-10, 11:08:12, with, /
2022-12-10, 11:08:24, with, /
2022-12-10, 11:08:36, with, /
2022-12-10, 11:08:48, with, /
2022-12-10, 11:09:00, with, /
2022-12-10, 11:09:12, with, /
2022-12-10, 11:09:24, with, /
2022-12-10, 11:09:36, with, /
2022-12-10, 11:09:48, with, /
2022-12-10, 11:10:00, with, /
2022-12-10, 11:10:12, with, /
2022-12-10, 11:10:24, with, /
2022-12-10, 11:10:36, with, /
2022-12-10, 11:10:48, with, /
2022-12-10, 11:11:00, with, /
2022-12-10, 11:11:12, with, /
2022-12-10, 11:11:25, with, /
2022-12-10, 11:11:37, with, /
2022-12-10, 11:11:49, with, /
2022-12-10, 11:12:01, with, /
2022-12-10, 11:12:13, with, /
2022-12-10, 11:12:25, with, /
2022-12-10, 11:12:37, with, /
2022-12-10, 11:12:49, with, /
2022-12-10, 11:13:01, with, /
2022-12-10, 11:13:13, with, /
2022-12-10, 11:13:25, with, /
2022-12-10, 11:13:37, with, /
2022-12-10, 11:13:49, with, /
2022-12-10, 11:14:01, with, /
2022-12-10, 11:14:13, with, /
2022-12-10, 11:14:25, with, /
2022-12-10, 11:14:37, with, /
2022-12-10, 11:14:49, with, /
2022-12-10, 11:15:01, with, /
2022-12-10, 11:15:13, with, /
2022-12-10, 11:15:25, with, /
2022-12-10, 11:15:37, with, /
2022-12-10, 11:15:49, with, /
2022-12-10, 11:16:01, with, /
2022-12-10, 11:16:13, with, /
2022-12-10, 11:16:25, with, /
2022-12-10, 11:16:37, with, /
2022-12-10, 11:16:49, with, /
2022-12-10, 11:17:01, with, /
2022-12-10, 11:17:13, with, /
2022-12-10, 11:17:25, with, /
2022-12-10, 11:17:37, with, /
2022-12-10, 11:17:49, with, /
2022-12-10, 11:18:01, with, /
2022-12-10, 11:18:13, with, /
2022-12-10, 11:18:25, with, /
2022-12-10, 11:18:37, with, /
2022-12-10, 11:18:50, with, /
2022-12-10, 11:19:02, with, /
2022-12-10, 11:19:14, with, /
2022-12-10, 11:19:26, with, /
2022-12-10, 11:19:38, with, /
2022-12-10, 11:19:50, with, /
2022-12-10, 11:20:02, with, /
2022-12-10, 11:20:14, with, /
2022-12-10, 11:20:26, with, /
2022-12-10, 11:20:38, with, /
2022-12-10, 11:20:50, with, /
2022-12-10, 11:21:02, with, /
2022-12-10, 11:21:14, with, /
2022-12-10, 11:21:26, with, /
2022-12-10, 11:21:38, with, /
2022-12-10, 11:21:50, with, /
2022-12-10, 11:22:02, with, /
2022-12-10, 11:22:14, with, /
2022-12-10, 11:22:26, with, /
2022-12-10, 11:22:38, with, /
2022-12-10, 11:22:50, with, /
2022-12-10, 11:23:02, with, /
2022-12-10, 11:23:14, with, /
2022-12-10, 11:23:26, with, /
2022-12-10, 11:23:38, with, /
2022-12-10, 11:23:50, with, /
2022-12-10, 11:24:02, with, /
2022-12-10, 11:24:14, with, /
2022-12-10, 11:24:26, with, /
2022-12-10, 11:24:38, with, /
2022-12-10, 11:24:50, with, /
2022-12-10, 11:25:02, with, /
2022-12-10, 11:25:14, with, /
2022-12-10, 11:25:26, with, /
2022-12-10, 11:25:38, with, /
2022-12-10, 11:25:50, with, /
2022-12-10, 11:26:02, with, /
2022-12-10, 11:26:15, with, /
2022-12-10, 11:26:27, with, /
2022-12-10, 11:26:39, with, /
2022-12-10, 11:26:51, with, /
2022-12-10, 11:27:03, with, /
2022-12-10, 11:27:15, with, /
2022-12-10, 11:27:27, with, /
2022-12-10, 11:27:39, with, /
2022-12-10, 11:27:51, with, /
2022-12-10, 11:28:03, with, /
2022-12-10, 11:28:15, with, /
2022-12-10, 11:28:27, with, /
2022-12-10, 11:28:39, with, /
2022-12-10, 11:28:51, with, /
2022-12-10, 11:29:03, with, /
2022-12-10, 11:29:15, with, /
2022-12-10, 11:29:27, with, /
2022-12-10, 11:29:39, with, /
2022-12-10, 11:29:51, with, /
2022-12-10, 11:30:03, with, /
2022-12-10, 11:30:15, with, /
2022-12-10, 11:30:27, with, /
2022-12-10, 11:30:39, with, /
2022-12-10, 11:30:51, with, /
2022-12-10, 11:31:03, with, /
2022-12-10, 11:31:15, with, /
2022-12-10, 11:31:27, with, /
2022-12-10, 11:31:39, with, /
2022-12-10, 11:31:51, with, /
2022-12-10, 11:32:03, with, /
2022-12-10, 11:32:15, with, /
2022-12-10, 11:32:27, with, /
2022-12-10, 11:32:39, with, /
2022-12-10, 11:32:51, with, /
2022-12-10, 11:33:03, with, /
2022-12-10, 11:33:15, with, /
2022-12-10, 11:33:27, with, /
2022-12-10, 11:33:40, with, /
2022-12-10, 11:33:52, with, /
2022-12-10, 11:34:04, with, /
2022-12-10, 11:34:16, with, /
2022-12-10, 11:34:28, with, /
2022-12-10, 11:34:40, with, /
2022-12-10, 11:34:52, with, /
2022-12-10, 11:35:04, with, /
2022-12-10, 11:35:16, with, /
2022-12-10, 11:35:28, with, /
2022-12-10, 11:35:40, with, /
2022-12-10, 11:35:52, with, /
2022-12-10, 11:36:04, with, /
2022-12-10, 11:36:16, with, /
2022-12-10, 11:36:28, with, /
2022-12-10, 11:36:40, with, /
2022-12-10, 11:36:52, with, /
2022-12-10, 11:37:04, with, /
2022-12-10, 11:37:16, with, /
2022-12-10, 11:37:28, with, /
2022-12-10, 11:37:40, with, /
2022-12-10, 11:37:52, with, /
2022-12-10, 11:38:04, with, /
2022-12-10, 11:38:16, with, /
2022-12-10, 11:38:28, with, /
2022-12-10, 11:38:40, with, /
2022-12-10, 11:38:52, with, /
2022-12-10, 11:39:04, with, /
2022-12-10, 11:39:16, with, /
2022-12-10, 11:39:28, with, /
2022-12-10, 11:39:40, with, /
2022-12-10, 11:39:52, with, /
2022-12-10, 11:40:04, with, /
2022-12-10, 11:40:16, with, /
2022-12-10, 11:40:28, with, /
2022-12-10, 11:40:40, with, /
2022-12-10, 11:40:52, with, /
2022-12-10, 11:41:04, with, /
2022-12-10, 11:41:17, with, /
2022-12-10, 11:41:29, with, /
2022-12-10, 11:41:41, with, /
2022-12-10, 11:41:53, with, /
2022-12-10, 11:42:05, with, /
2022-12-10, 11:42:17, with, /
2022-12-10, 11:42:29, with, /
2022-12-10, 11:42:41, with, /
2022-12-10, 11:42:53, with, /
2022-12-10, 11:43:05, with, /
2022-12-10, 11:43:17, with, /
2022-12-10, 11:43:29, with, /
2022-12-10, 11:43:41, with, /
2022-12-10, 11:43:53, with, /
2022-12-10, 11:44:05, with, /
2022-12-10, 11:44:17, with, /
2022-12-10, 11:44:29, with, /
2022-12-10, 11:44:41, with, /
2022-12-10, 11:44:53, with, /
2022-12-10, 11:45:05, with, /
2022-12-10, 11:45:17, with, /
2022-12-10, 11:45:29, with, /
2022-12-10, 11:45:41, with, /
2022-12-10, 11:45:53, with, /
2022-12-10, 11:46:05, with, /
2022-12-10, 11:46:17, with, /
2022-12-10, 11:46:29, with, /
2022-12-10, 11:46:41, with, /
2022-12-10, 11:46:53, with, /
2022-12-10, 11:47:05, with, /
2022-12-10, 11:47:17, with, /
2022-12-10, 11:47:29, with, /
2022-12-10, 11:47:41, with, /
2022-12-10, 11:47:53, with, /
2022-12-10, 11:48:05, with, /
2022-12-10, 11:48:17, with, /
2022-12-10, 11:48:29, with, /
2022-12-10, 11:48:42, with, /
2022-12-10, 11:48:54, with, /
2022-12-10, 11:49:06, with, /
2022-12-10, 11:49:18, with, /
2022-12-10, 11:49:30, with, /
2022-12-10, 11:49:42, with, /
2022-12-10, 11:49:54, with, /
2022-12-10, 11:50:06, with, /
2022-12-10, 11:50:18, with, /
2022-12-10, 11:50:30, with, /
2022-12-10, 11:50:42, with, /
2022-12-10, 11:50:54, with, /
2022-12-10, 11:51:06, with, /
2022-12-10, 11:51:18, with, /
2022-12-10, 11:51:30, with, /
2022-12-10, 11:51:42, with, /
2022-12-10, 11:51:54, with, /
2022-12-10, 11:52:06, with, /
2022-12-10, 11:52:18, with, /
2022-12-10, 11:52:30, with, /
2022-12-10, 11:52:42, with, /
2022-12-10, 11:52:54, with, /
2022-12-10, 11:53:06, with, /
2022-12-10, 11:53:18, with, /
2022-12-10, 11:53:30, with, /
2022-12-10, 11:53:42, with, /
2022-12-10, 11:53:54, with, /
2022-12-10, 11:54:06, with, /
2022-12-10, 11:54:18, with, /
2022-12-10, 11:54:30, with, /
2022-12-10, 11:54:42, with, /
2022-12-10, 11:54:54, with, /
2022-12-10, 11:55:06, with, /
2022-12-10, 11:55:18, with, /
2022-12-10, 11:55:30, with, /
2022-12-10, 11:55:42, with, /
2022-12-10, 11:55:55, with, /
2022-12-10, 11:56:07, with, /
2022-12-10, 11:56:19, with, /
2022-12-10, 11:56:31, with, /
2022-12-10, 11:56:43, with, /
2022-12-10, 11:56:55, with, /
2022-12-10, 11:57:07, with, /
2022-12-10, 11:57:19, with, /
2022-12-10, 11:57:31, with, /
2022-12-10, 11:57:43, with, /
2022-12-10, 11:57:55, with, /
2022-12-10, 11:58:07, with, /
2022-12-10, 11:58:19, with, /
2022-12-10, 11:58:31, with, /
2022-12-10, 11:58:43, with, /
2022-12-10, 11:58:55, with, /
2022-12-10, 11:59:07, with, /
2022-12-10, 11:59:19, with, /
2022-12-10, 11:59:31, with, /
2022-12-10, 11:59:43, with, /
2022-12-10, 11:59:55, with, /
2022-12-10, 12:00:07, with, /
2022-12-10, 12:00:19, with, /
2022-12-10, 12:00:31, with, /
2022-12-10, 12:00:43, with, /
2022-12-10, 12:00:55, with, /
2022-12-10, 12:01:07, with, /
2022-12-10, 12:01:19, with, /
2022-12-10, 12:01:31, with, /
2022-12-10, 12:01:43, with, /
2022-12-10, 12:01:55, with, /
2022-12-10, 12:02:07, with, /
2022-12-10, 12:02:19, with, /
2022-12-10, 12:02:31, with, /
2022-12-10, 12:02:43, with, /
2022-12-10, 12:02:55, with, /
2022-12-10, 12:03:07, with, /
2022-12-10, 12:03:19, with, /
2022-12-10, 12:03:32, with, /
2022-12-10, 12:03:44, with, /
2022-12-10, 12:03:56, with, /
2022-12-10, 12:04:08, with, /
2022-12-10, 12:04:20, with, /
2022-12-10, 12:04:32, with, /
2022-12-10, 12:04:44, with, /
2022-12-10, 12:04:56, with, /
2022-12-10, 12:05:08, with, /
2022-12-10, 12:05:20, with, /
2022-12-10, 12:05:32, with, /
2022-12-10, 12:05:44, with, /
2022-12-10, 12:05:56, with, /
2022-12-10, 12:06:08, with, /
2022-12-10, 12:06:20, with, /
2022-12-10, 12:06:32, with, /
2022-12-10, 12:06:44, with, /
2022-12-10, 12:06:56, with, /
2022-12-10, 12:07:08, with, /
2022-12-10, 12:07:20, with, /
2022-12-10, 12:07:32, with, /
2022-12-10, 12:07:44, with, /
2022-12-10, 12:07:56, with, /
2022-12-10, 12:08:08, with, /
2022-12-10, 12:08:20, with, /
2022-12-10, 12:08:32, with, /
2022-12-10, 12:08:44, with, /
2022-12-10, 12:08:56, with, /
2022-12-10, 12:09:08, with, /
2022-12-10, 12:09:20, with, /
2022-12-10, 12:09:32, with, /
2022-12-10, 12:09:44, with, /
2022-12-10, 12:09:56, with, /
2022-12-10, 12:10:08, with, /
2022-12-10, 12:10:20, with, /
2022-12-10, 12:10:32, with, /
2022-12-10, 12:10:45, with, /
2022-12-10, 12:10:57, with, /
2022-12-10, 12:11:09, with, /
2022-12-10, 12:11:21, with, /
2022-12-10, 12:11:33, with, /
2022-12-10, 12:11:45, with, /
2022-12-10, 12:11:57, with, /
2022-12-10, 12:12:09, with, /
2022-12-10, 12:12:21, with, /
2022-12-10, 12:12:33, with, /
2022-12-10, 12:12:45, with, /
2022-12-10, 12:12:57, with, /
2022-12-10, 12:13:09, with, /
2022-12-10, 12:13:21, with, /
2022-12-10, 12:13:33, with, /
2022-12-10, 12:13:45, with, /
2022-12-10, 12:13:57, with, /
2022-12-10, 12:14:09, with, /
2022-12-10, 12:14:21, with, /
2022-12-10, 12:14:33, with, /
2022-12-10, 12:14:45, with, /
2022-12-10, 12:14:57, with, /
2022-12-10, 12:15:09, with, /
2022-12-10, 12:15:21, with, /
2022-12-10, 12:15:33, with, /
2022-12-10, 12:15:45, with, /
2022-12-10, 12:15:57, with, /
2022-12-10, 12:16:09, with, /
2022-12-10, 12:16:21, with, /
2022-12-10, 12:16:33, with, /
2022-12-10, 12:16:45, with, /
2022-12-10, 12:16:57, with, /
2022-12-10, 12:17:09, with, /
2022-12-10, 12:17:21, with, /
2022-12-10, 12:17:33, with, /
2022-12-10, 12:17:45, with, /
2022-12-10, 12:17:57, with, /
2022-12-10, 12:18:10, with, /
2022-12-10, 12:18:22, with, /
2022-12-10, 12:18:34, with, /
2022-12-10, 12:18:46, with, /
2022-12-10, 12:18:58, with, /
2022-12-10, 12:19:10, with, /
2022-12-10, 12:19:22, with, /
2022-12-10, 12:19:34, with, /
2022-12-10, 12:19:46, with, /
2022-12-10, 12:19:58, with, /
2022-12-10, 12:20:10, with, /
2022-12-10, 12:20:22, with, /
2022-12-10, 12:20:34, with, /
2022-12-10, 12:20:46, with, /
2022-12-10, 12:20:58, with, /
2022-12-10, 12:21:10, with, /
2022-12-10, 12:21:22, with, /
2022-12-10, 12:21:34, with, /
2022-12-10, 12:21:46, with, /
2022-12-10, 12:21:58, with, /
2022-12-10, 12:22:10, with, /
2022-12-10, 12:22:22, with, /
2022-12-10, 12:22:34, with, /
2022-12-10, 12:22:46, with, /
2022-12-10, 12:22:58, with, /
2022-12-10, 12:23:10, with, /
2022-12-10, 12:23:22, with, /
2022-12-10, 12:23:34, with, /
2022-12-10, 12:23:46, with, /
2022-12-10, 12:23:58, with, /
2022-12-10, 12:24:10, with, /
2022-12-10, 12:24:22, with, /
2022-12-10, 12:24:34, with, /
2022-12-10, 12:24:46, with, /
2022-12-10, 12:24:58, with, /
2022-12-10, 12:25:10, with, /
2022-12-10, 12:25:23, with, /
2022-12-10, 12:25:35, with, /
2022-12-10, 12:25:47, with, /
2022-12-10, 12:25:59, with, /
2022-12-10, 12:26:11, with, /
2022-12-10, 12:26:23, with, /
2022-12-10, 12:26:35, with, /
2022-12-10, 12:26:47, with, /
2022-12-10, 12:26:59, with, /
2022-12-10, 12:27:11, with, /
2022-12-10, 12:27:23, with, /
2022-12-10, 12:27:35, with, /
2022-12-10, 12:27:47, with, /
2022-12-10, 12:27:59, with, /
2022-12-10, 12:28:11, with, /
2022-12-10, 12:28:23, with, /
2022-12-10, 12:28:35, with, /
2022-12-10, 12:28:47, with, /
2022-12-10, 12:28:59, with, /
2022-12-10, 12:29:11, with, /
2022-12-10, 12:29:23, with, /
2022-12-10, 12:29:35, with, /
2022-12-10, 12:29:47, with, /
2022-12-10, 12:29:59, with, /
2022-12-10, 12:30:11, with, /
2022-12-10, 12:30:23, with, /
2022-12-10, 12:30:35, with, /
2022-12-10, 12:30:47, with, /
2022-12-10, 12:30:59, with, /
2022-12-10, 12:31:11, with, /
2022-12-10, 12:31:23, with, /
2022-12-10, 12:31:35, with, /
2022-12-10, 12:31:47, with, /
2022-12-10, 12:31:59, with, /
2022-12-10, 12:32:11, with, /
2022-12-10, 12:32:23, with, /
2022-12-10, 12:32:35, with, /
2022-12-10, 12:32:48, with, /
2022-12-10, 12:33:00, with, /
2022-12-10, 12:33:12, with, /
2022-12-10, 12:33:24, with, /
2022-12-10, 12:33:36, with, /
2022-12-10, 12:33:48, with, /
2022-12-10, 12:34:00, with, /
2022-12-10, 12:34:12, with, /
2022-12-10, 12:34:24, with, /
2022-12-10, 12:34:36, with, /
2022-12-10, 12:34:48, with, /
2022-12-10, 12:35:00, with, /
2022-12-10, 12:35:12, with, /
2022-12-10, 12:35:24, with, /
2022-12-10, 12:35:36, with, /
2022-12-10, 12:35:48, with, /
2022-12-10, 12:36:00, with, /
2022-12-10, 12:36:12, with, /
2022-12-10, 12:36:24, with, /
2022-12-10, 12:36:36, with, /
2022-12-10, 12:36:48, with, /
2022-12-10, 12:37:00, with, /
2022-12-10, 12:37:12, with, /
2022-12-10, 12:37:24, with, /
2022-12-10, 12:37:36, with, /
2022-12-10, 12:37:48, with, /
2022-12-10, 12:38:00, with, /
2022-12-10, 12:38:12, with, /
2022-12-10, 12:38:24, with, /
2022-12-10, 12:38:36, with, /
2022-12-10, 12:38:48, with, /
2022-12-10, 12:39:00, with, /
2022-12-10, 12:39:12, with, /
2022-12-10, 12:39:24, with, /
2022-12-10, 12:39:36, with, /
2022-12-10, 12:39:48, with, /
2022-12-10, 12:40:00, with, /
2022-12-10, 12:40:13, with, /
2022-12-10, 12:40:25, with, /
2022-12-10, 12:40:37, with, /
2022-12-10, 12:40:49, with, /
2022-12-10, 12:41:01, with, /
2022-12-10, 12:41:13, with, /
2022-12-10, 12:41:25, with, /
2022-12-10, 12:41:37, with, /
2022-12-10, 12:41:49, with, /
2022-12-10, 12:42:01, with, /
2022-12-10, 12:42:13, with, /
2022-12-10, 12:42:25, with, /
2022-12-10, 12:42:37, with, /
2022-12-10, 12:42:49, with, /
2022-12-10, 12:43:01, with, /
2022-12-10, 12:43:13, with, /
2022-12-10, 12:43:25, with, /
2022-12-10, 12:43:37, with, /
2022-12-10, 12:43:49, with, /
2022-12-10, 12:44:01, with, /
2022-12-10, 12:44:13, with, /
2022-12-10, 12:44:25, with, /
2022-12-10, 12:44:37, with, /
2022-12-10, 12:44:49, with, /
2022-12-10, 12:45:01, with, /
2022-12-10, 12:45:13, with, /
2022-12-10, 12:45:25, with, /
2022-12-10, 12:45:37, with, /
2022-12-10, 12:45:49, with, /
2022-12-10, 12:46:01, with, /
2022-12-10, 12:46:13, with, /
2022-12-10, 12:46:25, with, /
2022-12-10, 12:46:37, with, /
2022-12-10, 12:46:49, with, /
2022-12-10, 12:47:01, with, /
2022-12-10, 12:47:13, with, /
2022-12-10, 12:47:26, with, /
2022-12-10, 12:47:38, with, /
2022-12-10, 12:47:50, with, /
2022-12-10, 12:48:02, with, /
2022-12-10, 12:48:14, with, /
2022-12-10, 12:48:26, with, /
2022-12-10, 12:48:38, with, /
2022-12-10, 12:48:50, with, /
2022-12-10, 12:49:02, with, /
2022-12-10, 12:49:14, with, /
2022-12-10, 12:49:26, with, /
2022-12-10, 12:49:38, with, /
2022-12-10, 12:49:50, with, /
2022-12-10, 12:50:02, with, /
2022-12-10, 12:50:14, with, /
2022-12-10, 12:50:26, with, /
2022-12-10, 12:50:38, with, /
2022-12-10, 12:50:50, with, /
2022-12-10, 12:51:02, with, /
2022-12-10, 12:51:14, with, /
2022-12-10, 12:51:26, with, /
2022-12-10, 12:51:38, with, /
2022-12-10, 12:51:50, with, /
2022-12-10, 12:52:02, with, /
2022-12-10, 12:52:14, with, /
2022-12-10, 12:52:26, with, /
2022-12-10, 12:52:38, with, /
2022-12-10, 12:52:50, with, /
2022-12-10, 12:53:02, with, /
2022-12-10, 12:53:14, with, /
2022-12-10, 12:53:26, with, /
2022-12-10, 12:53:38, with, /
2022-12-10, 12:53:50, with, /
2022-12-10, 12:54:02, with, /
2022-12-10, 12:54:14, with, /
2022-12-10, 12:54:26, with, /
2022-12-10, 12:54:39, with, /
2022-12-10, 12:54:51, with, /
2022-12-10, 12:55:03, with, /
2022-12-10, 12:55:15, with, /
2022-12-10, 12:55:27, with, /
2022-12-10, 12:55:39, with, /
2022-12-10, 12:55:51, with, /
2022-12-10, 12:56:03, with, /
2022-12-10, 12:56:15, with, /
2022-12-10, 12:56:27, with, /
2022-12-10, 12:56:39, with, /
2022-12-10, 12:56:51, with, /
2022-12-10, 12:57:03, with, /
2022-12-10, 12:57:15, with, /
2022-12-10, 12:57:27, with, /
2022-12-10, 12:57:39, with, /
2022-12-10, 12:57:51, with, /
2022-12-10, 12:58:03, with, /
2022-12-10, 12:58:15, with, /
2022-12-10, 12:58:27, with, /
2022-12-10, 12:58:39, with, /
2022-12-10, 12:58:51, with, /
2022-12-10, 12:59:03, with, /
2022-12-10, 12:59:15, with, /
2022-12-10, 12:59:27, with, /
2022-12-10, 12:59:39, with, /
2022-12-10, 12:59:51, with, /
2022-12-10, 13:00:03, with, /
2022-12-10, 13:00:15, with, /
2022-12-10, 13:00:27, with, /
2022-12-10, 13:00:39, with, /
2022-12-10, 13:00:51, with, /
2022-12-10, 13:01:03, with, /
2022-12-10, 13:01:15, with, /
2022-12-10, 13:01:27, with, /
2022-12-10, 13:01:39, with, /
2022-12-10, 13:01:51, with, /
2022-12-10, 13:02:04, with, /
2022-12-10, 13:02:16, with, /
2022-12-10, 13:02:28, with, /
2022-12-10, 13:02:40, with, /
2022-12-10, 13:02:52, with, /
2022-12-10, 13:03:04, with, /
2022-12-10, 13:03:16, with, /
2022-12-10, 13:03:28, with, /
2022-12-10, 13:03:40, with, /
2022-12-10, 13:03:52, with, /
2022-12-10, 13:04:04, with, /
2022-12-10, 13:04:16, with, /
2022-12-10, 13:04:28, with, /
2022-12-10, 13:04:40, with, /
2022-12-10, 13:04:52, with, /
2022-12-10, 13:05:04, with, /
2022-12-10, 13:05:16, with, /
2022-12-10, 13:05:28, with, /
2022-12-10, 13:05:40, with, /
2022-12-10, 13:05:52, with, /
2022-12-10, 13:06:04, with, /
2022-12-10, 13:06:16, with, /
2022-12-10, 13:06:28, with, /
2022-12-10, 13:06:40, with, /
2022-12-10, 13:06:52, with, /
2022-12-10, 13:07:04, with, /
2022-12-10, 13:07:16, with, /
2022-12-10, 13:07:28, with, /
2022-12-10, 13:07:40, with, /
2022-12-10, 13:07:52, with, /
2022-12-10, 13:08:04, with, /
2022-12-10, 13:08:16, with, /
2022-12-10, 13:08:28, with, /
2022-12-10, 13:08:40, with, /
2022-12-10, 13:08:52, with, /
2022-12-10, 13:09:04, with, /
2022-12-10, 13:09:16, with, /
2022-12-10, 13:09:28, with, /
2022-12-10, 13:09:41, with, /
2022-12-10, 13:09:53, with, /
2022-12-10, 13:10:05, with, /
2022-12-10, 13:10:17, with, /
2022-12-10, 13:10:29, with, /
2022-12-10, 13:10:41, with, /
2022-12-10, 13:10:53, with, /
2022-12-10, 13:11:05, with, /
2022-12-10, 13:11:17, with, /
2022-12-10, 13:11:29, with, /
2022-12-10, 13:11:41, with, /
2022-12-10, 13:11:53, with, /
2022-12-10, 13:12:05, with, /
2022-12-10, 13:12:17, with, /
2022-12-10, 13:12:29, with, /
2022-12-10, 13:12:41, with, /
2022-12-10, 13:12:53, with, /
2022-12-10, 13:13:05, with, /
2022-12-10, 13:13:17, with, /
2022-12-10, 13:13:29, with, /
2022-12-10, 13:13:41, with, /
2022-12-10, 13:13:53, with, /
2022-12-10, 13:14:05, with, /
2022-12-10, 13:14:17, with, /
2022-12-10, 13:14:29, with, /
2022-12-10, 13:14:41, with, /
2022-12-10, 13:14:53, with, /
2022-12-10, 13:15:05, with, /
2022-12-10, 13:15:17, with, /
2022-12-10, 13:15:29, with, /
2022-12-10, 13:15:41, with, /
2022-12-10, 13:15:53, with, /
2022-12-10, 13:16:05, with, /
2022-12-10, 13:16:17, with, /
2022-12-10, 13:16:29, with, /
2022-12-10, 13:16:41, with, /
2022-12-10, 13:16:53, with, /
2022-12-10, 13:17:05, with, /
2022-12-10, 13:17:18, with, /
2022-12-10, 13:17:30, with, /
2022-12-10, 13:17:42, with, /
2022-12-10, 13:17:54, with, /
2022-12-10, 13:18:06, with, /
2022-12-10, 13:18:18, with, /
2022-12-10, 13:18:30, with, /
2022-12-10, 13:18:42, with, /
2022-12-10, 13:18:54, with, /
2022-12-10, 13:19:06, with, /
2022-12-10, 13:19:18, with, /
2022-12-10, 13:19:30, with, /
2022-12-10, 13:19:42, with, /
2022-12-10, 13:19:54, with, /
2022-12-10, 13:20:06, with, /
2022-12-10, 13:20:18, with, /
2022-12-10, 13:20:30, with, /
2022-12-10, 13:20:42, with, /
2022-12-10, 13:20:54, with, /
2022-12-10, 13:21:06, with, /
2022-12-10, 13:21:18, with, /
2022-12-10, 13:21:30, with, /
2022-12-10, 13:21:42, with, /
2022-12-10, 13:21:54, with, /
2022-12-10, 13:22:06, with, /
2022-12-10, 13:22:18, with, /
2022-12-10, 13:22:30, with, /
2022-12-10, 13:22:42, with, /
2022-12-10, 13:22:54, with, /
2022-12-10, 13:23:06, with, /
2022-12-10, 13:23:18, with, /
2022-12-10, 13:23:30, with, /
2022-12-10, 13:23:42, with, /
2022-12-10, 13:23:54, with, /
2022-12-10, 13:24:06, with, /
2022-12-10, 13:24:18, with, /
2022-12-10, 13:24:30, with, /
2022-12-10, 13:24:43, with, /
2022-12-10, 13:24:55, with, /
2022-12-10, 13:25:07, with, /
2022-12-10, 13:25:19, with, /
2022-12-10, 13:25:31, with, /
2022-12-10, 13:25:43, with, /
2022-12-10, 13:25:55, with, /
2022-12-10, 13:26:07, with, /
2022-12-10, 13:26:19, with, /
2022-12-10, 13:26:31, with, /
2022-12-10, 13:26:43, with, /
2022-12-10, 13:26:55, with, /
2022-12-10, 13:27:07, with, /
2022-12-10, 13:27:19, with, /
2022-12-10, 13:27:31, with, /
2022-12-10, 13:27:43, with, /
2022-12-10, 13:27:55, with, /
2022-12-10, 13:28:07, with, /
2022-12-10, 13:28:19, with, /
2022-12-10, 13:28:31, with, /
2022-12-10, 13:28:43, with, /
2022-12-10, 13:28:55, with, /
2022-12-10, 13:29:07, with, /
2022-12-10, 13:29:19, with, /
2022-12-10, 13:29:31, with, /
2022-12-10, 13:29:43, with, /
2022-12-10, 13:29:55, with, /
2022-12-10, 13:30:07, with, /
2022-12-10, 13:30:19, with, /
2022-12-10, 13:30:39, with, /
2022-12-10, 13:30:51, with, /
2022-12-10, 13:31:03, with, /
2022-12-10, 13:31:15, with, /
2022-12-10, 13:31:27, with, /
2022-12-10, 13:31:39, with, /
2022-12-10, 13:31:51, with, /
2022-12-10, 13:32:03, with, /
2022-12-10, 13:32:15, with, /
2022-12-10, 13:32:27, with, /
2022-12-10, 13:32:39, with, /
2022-12-10, 13:32:51, with, /
2022-12-10, 13:33:03, with, /
2022-12-10, 13:33:15, with, /
2022-12-10, 13:33:27, with, /
2022-12-10, 13:33:39, with, /
2022-12-10, 13:33:51, with, /
2022-12-10, 13:34:03, with, /
2022-12-10, 13:34:15, with, /
2022-12-10, 13:34:27, with, /
2022-12-10, 13:34:39, with, /
2022-12-10, 13:34:51, with, /
2022-12-10, 13:35:03, with, /
2022-12-10, 13:35:15, with, /
2022-12-10, 13:35:27, with, /
2022-12-10, 13:35:39, with, /
2022-12-10, 13:35:51, with, /
2022-12-10, 13:36:03, with, /
2022-12-10, 13:36:15, with, /
2022-12-10, 13:36:28, with, /
2022-12-10, 13:36:40, with, /
2022-12-10, 13:36:52, with, /
2022-12-10, 13:37:04, with, /
2022-12-10, 13:37:16, with, /
2022-12-10, 13:37:28, with, /
2022-12-10, 13:37:40, with, /
2022-12-10, 13:37:52, with, /
2022-12-10, 13:38:04, with, /
2022-12-10, 13:38:16, with, /
2022-12-10, 13:38:28, with, /
2022-12-10, 13:38:40, with, /
2022-12-10, 13:38:52, with, /
2022-12-10, 13:39:04, with, /
2022-12-10, 13:39:16, with, /
2022-12-10, 13:39:28, with, /
2022-12-10, 13:39:40, with, /
2022-12-10, 13:39:52, with, /
2022-12-10, 13:40:04, with, /
2022-12-10, 13:40:16, with, /
2022-12-10, 13:40:28, with, /
2022-12-10, 13:40:40, with, /
2022-12-10, 13:40:52, with, /
2022-12-10, 13:41:04, with, /
2022-12-10, 13:41:16, with, /
2022-12-10, 13:41:28, with, /
2022-12-10, 13:41:40, with, /
2022-12-10, 13:41:52, with, /
2022-12-10, 13:42:04, with, /
2022-12-10, 13:42:16, with, /
2022-12-10, 13:42:28, with, /
2022-12-10, 13:42:40, with, /
2022-12-10, 13:42:52, with, /
2022-12-10, 13:43:04, with, /
2022-12-10, 13:43:16, with, /
2022-12-10, 13:43:29, with, /
2022-12-10, 13:43:41, with, /
2022-12-10, 13:43:53, with, /
2022-12-10, 13:44:05, with, /
2022-12-10, 13:44:17, with, /
2022-12-10, 13:44:29, with, /
2022-12-10, 13:44:41, with, /
2022-12-10, 13:44:53, with, /
2022-12-10, 13:45:05, with, /
2022-12-10, 13:45:17, with, /
2022-12-10, 13:45:29, with, /
2022-12-10, 13:45:41, with, /
2022-12-10, 13:45:53, with, /
2022-12-10, 13:46:05, with, /
2022-12-10, 13:46:17, with, /
2022-12-10, 13:46:29, with, /
2022-12-10, 13:46:41, with, /
2022-12-10, 13:46:53, with, /
2022-12-10, 13:47:05, with, /
2022-12-10, 13:47:17, with, /
2022-12-10, 13:47:29, with, /
2022-12-10, 13:47:41, with, /
2022-12-10, 13:47:53, with, /
2022-12-10, 13:48:05, with, /
2022-12-10, 13:48:17, with, /
2022-12-10, 13:48:29, with, /
2022-12-10, 13:48:41, with, /
2022-12-10, 13:48:53, with, /
2022-12-10, 13:49:05, with, /
2022-12-10, 13:49:17, with, /
2022-12-10, 13:49:29, with, /
2022-12-10, 13:49:41, with, /
2022-12-10, 13:49:53, with, /
2022-12-10, 13:50:05, with, /
2022-12-10, 13:50:17, with, /
2022-12-10, 13:50:29, with, /
2022-12-10, 13:50:41, with, /
2022-12-10, 13:50:54, with, /
2022-12-10, 13:51:06, with, /
2022-12-10, 13:51:18, with, /
2022-12-10, 13:51:30, with, /
2022-12-10, 13:51:42, with, /
2022-12-10, 13:51:54, with, /
2022-12-10, 13:52:06, with, /
2022-12-10, 13:52:18, with, /
2022-12-10, 13:52:30, with, /
2022-12-10, 13:52:42, with, /
2022-12-10, 13:52:54, with, /
2022-12-10, 13:53:06, with, /
2022-12-10, 13:53:18, with, /
2022-12-10, 13:53:30, with, /
2022-12-10, 13:53:42, with, /
2022-12-10, 13:53:54, with, /
2022-12-10, 13:54:06, with, /
2022-12-10, 13:54:18, with, /
2022-12-10, 13:54:30, with, /
2022-12-10, 13:54:42, with, /
2022-12-10, 13:54:54, with, /
2022-12-10, 13:55:06, with, /
2022-12-10, 13:55:18, with, /
2022-12-10, 13:55:30, with, /
2022-12-10, 13:55:42, with, /
2022-12-10, 13:55:54, with, /
2022-12-10, 13:56:06, with, /
2022-12-10, 13:56:18, with, /
2022-12-10, 13:56:30, with, /
2022-12-10, 13:56:42, with, /
2022-12-10, 13:56:54, with, /
2022-12-10, 13:57:06, with, /
2022-12-10, 13:57:18, with, /
2022-12-10, 13:57:30, with, /
2022-12-10, 13:57:42, with, /
2022-12-10, 13:57:54, with, /
2022-12-10, 13:58:06, with, /
2022-12-10, 13:58:19, with, /
2022-12-10, 13:58:31, with, /
2022-12-10, 13:58:43, with, /
2022-12-10, 13:58:55, with, /
2022-12-10, 13:59:07, with, /
2022-12-10, 13:59:19, with, /
2022-12-10, 13:59:31, with, /
2022-12-10, 13:59:43, with, /
2022-12-10, 13:59:55, with, /
2022-12-10, 14:00:07, with, /
2022-12-10, 14:00:19, with, /
2022-12-10, 14:00:31, with, /
2022-12-10, 14:00:43, with, /
2022-12-10, 14:00:55, with, /
2022-12-10, 14:01:07, with, /
2022-12-10, 14:01:19, with, /
2022-12-10, 14:01:31, with, /
2022-12-10, 14:01:43, with, /
2022-12-10, 14:01:55, with, /
2022-12-10, 14:02:07, with, /
2022-12-10, 14:02:19, with, /
2022-12-10, 14:02:31, with, /
2022-12-10, 14:02:43, with, /
2022-12-10, 14:02:55, with, /
2022-12-10, 14:03:07, with, /
2022-12-10, 14:03:19, with, /
2022-12-10, 14:03:31, with, /
2022-12-10, 14:03:43, with, /
2022-12-10, 14:03:55, with, /
2022-12-10, 14:04:07, with, /
2022-12-10, 14:04:19, with, /
2022-12-10, 14:04:31, with, /
2022-12-10, 14:04:43, with, /
2022-12-10, 14:04:55, with, /
2022-12-10, 14:05:07, with, /
2022-12-10, 14:05:19, with, /
2022-12-10, 14:05:32, with, /
2022-12-10, 14:05:44, with, /
2022-12-10, 14:05:56, with, /
2022-12-10, 14:06:08, with, /
2022-12-10, 14:06:20, with, /
2022-12-10, 14:06:32, with, /
2022-12-10, 14:06:44, with, /
2022-12-10, 14:06:56, with, /
2022-12-10, 14:07:08, with, /
2022-12-10, 14:07:20, with, /
2022-12-10, 14:07:32, with, /
2022-12-10, 14:07:44, with, /
2022-12-10, 14:07:56, with, /
2022-12-10, 14:08:08, with, /
2022-12-10, 14:08:20, with, /
2022-12-10, 14:08:32, with, /
2022-12-10, 14:08:44, with, /
2022-12-10, 14:08:56, with, /
2022-12-10, 14:09:08, with, /
2022-12-10, 14:09:20, with, /
2022-12-10, 14:09:32, with, /
2022-12-10, 14:09:44, with, /
2022-12-10, 14:09:56, with, /
2022-12-10, 14:10:08, with, /
2022-12-10, 14:10:20, with, /
2022-12-10, 14:10:32, with, /
2022-12-10, 14:10:44, with, /
2022-12-10, 14:10:56, with, /
2022-12-10, 14:11:08, with, /
2022-12-10, 14:11:20, with, /
2022-12-10, 14:11:32, with, /
2022-12-10, 14:11:44, with, /
2022-12-10, 14:11:56, with, /
2022-12-10, 14:12:08, with, /
2022-12-10, 14:12:20, with, /
2022-12-10, 14:12:32, with, /
2022-12-10, 14:12:44, with, /
2022-12-10, 14:12:57, with, /
2022-12-10, 14:13:09, with, /
2022-12-10, 14:13:21, with, /
2022-12-10, 14:13:33, with, /
2022-12-10, 14:13:45, with, /
2022-12-10, 14:13:57, with, /
2022-12-10, 14:14:09, with, /
2022-12-10, 14:14:21, with, /
2022-12-10, 14:14:33, with, /
2022-12-10, 14:14:45, with, /
2022-12-10, 14:14:57, with, /
2022-12-10, 14:15:09, with, /
2022-12-10, 14:15:21, with, /
2022-12-10, 14:15:33, with, /
2022-12-10, 14:15:45, with, /
2022-12-10, 14:15:57, with, /
2022-12-10, 14:16:09, with, /
2022-12-10, 14:16:21, with, /
2022-12-10, 14:16:33, with, /
2022-12-10, 14:16:45, with, /
2022-12-10, 14:16:57, with, /
2022-12-10, 14:17:09, with, /
2022-12-10, 14:17:21, with, /
2022-12-10, 14:17:33, with, /
2022-12-10, 14:17:45, with, /
2022-12-10, 14:17:57, with, /
2022-12-10, 14:18:09, with, /
2022-12-10, 14:18:21, with, /
2022-12-10, 14:18:33, with, /
2022-12-10, 14:18:45, with, /
2022-12-10, 14:18:57, with, /
2022-12-10, 14:19:09, with, /
2022-12-10, 14:19:21, with, /
2022-12-10, 14:19:33, with, /
2022-12-10, 14:19:45, with, /
2022-12-10, 14:19:57, with, /
2022-12-10, 14:20:09, with, /
2022-12-10, 14:20:22, with, /
2022-12-10, 14:20:34, with, /
2022-12-10, 14:20:46, with, /
2022-12-10, 14:20:58, with, /
2022-12-10, 14:21:10, with, /
2022-12-10, 14:21:22, with, /
2022-12-10, 14:21:34, with, /
2022-12-10, 14:21:46, with, /
2022-12-10, 14:21:58, with, /
2022-12-10, 14:22:10, with, /
2022-12-10, 14:22:22, with, /
2022-12-10, 14:22:34, with, /
2022-12-10, 14:22:46, with, /
2022-12-10, 14:22:58, with, /
2022-12-10, 14:23:10, with, /
2022-12-10, 14:23:22, with, /
2022-12-10, 14:23:34, with, /
2022-12-10, 14:23:46, with, /
2022-12-10, 14:23:58, with, /
2022-12-10, 14:24:10, with, /
2022-12-10, 14:24:22, with, /
2022-12-10, 14:24:34, with, /
2022-12-10, 14:24:46, with, /
2022-12-10, 14:24:58, with, /
2022-12-10, 14:25:10, with, /
2022-12-10, 14:25:22, with, /
2022-12-10, 14:25:34, with, /
2022-12-10, 14:25:46, with, /
2022-12-10, 14:25:58, with, /
2022-12-10, 14:26:10, with, /
2022-12-10, 14:26:22, with, /
2022-12-10, 14:26:34, with, /
2022-12-10, 14:26:46, with, /
2022-12-10, 14:26:58, with, /
2022-12-10, 14:27:10, with, /
2022-12-10, 14:27:22, with, /
2022-12-10, 14:27:34, with, /
2022-12-10, 14:27:47, with, /
2022-12-10, 14:27:59, with, /
2022-12-10, 14:28:11, with, /
2022-12-10, 14:28:23, with, /
2022-12-10, 14:28:35, with, /
2022-12-10, 14:28:47, with, /
2022-12-10, 14:28:59, with, /
2022-12-10, 14:29:11, with, /
2022-12-10, 14:29:23, with, /
2022-12-10, 14:29:35, with, /
2022-12-10, 14:29:47, with, /
2022-12-10, 14:29:59, with, /
2022-12-10, 14:30:11, with, /
2022-12-10, 14:30:23, with, /
2022-12-10, 14:30:35, with, /
2022-12-10, 14:30:47, with, /
2022-12-10, 14:30:59, with, /
2022-12-10, 14:31:11, with, /
2022-12-10, 14:31:23, with, /
2022-12-10, 14:31:35, with, /
2022-12-10, 14:31:47, with, /
2022-12-10, 14:31:59, with, /
2022-12-10, 14:32:11, with, /
2022-12-10, 14:32:23, with, /
2022-12-10, 14:32:35, with, /
2022-12-10, 14:32:47, with, /
2022-12-10, 14:32:59, with, /
2022-12-10, 14:33:11, with, /
2022-12-10, 14:33:23, with, /
2022-12-10, 14:33:35, with, /
2022-12-10, 14:33:47, with, /
2022-12-10, 14:33:59, with, /
2022-12-10, 14:34:11, with, /
2022-12-10, 14:34:23, with, /
2022-12-10, 14:34:35, with, /
2022-12-10, 14:34:47, with, /
2022-12-10, 14:35:00, with, /
2022-12-10, 14:35:12, with, /
2022-12-10, 14:35:24, with, /
2022-12-10, 14:35:36, with, /
2022-12-10, 14:35:48, with, /
2022-12-10, 14:36:00, with, /
2022-12-10, 14:36:12, with, /
2022-12-10, 14:36:24, with, /
2022-12-10, 14:36:36, with, /
2022-12-10, 14:36:48, with, /
2022-12-10, 14:37:00, with, /
2022-12-10, 14:37:12, with, /
2022-12-10, 14:37:24, with, /
2022-12-10, 14:37:36, with, /
2022-12-10, 14:37:48, with, /
2022-12-10, 14:38:00, with, /
2022-12-10, 14:38:12, with, /
2022-12-10, 14:38:24, with, /
2022-12-10, 14:38:36, with, /
2022-12-10, 14:38:48, with, /
2022-12-10, 14:39:00, with, /
2022-12-10, 14:39:12, with, /
2022-12-10, 14:39:24, with, /
2022-12-10, 14:39:36, with, /
2022-12-10, 14:39:48, with, /
2022-12-10, 14:40:00, with, /
2022-12-10, 14:40:12, with, /
2022-12-10, 14:40:24, with, /
2022-12-10, 14:40:36, with, /
2022-12-10, 14:40:48, with, /
2022-12-10, 14:41:00, with, /
2022-12-10, 14:41:12, with, /
2022-12-10, 14:41:24, with, /
2022-12-10, 14:41:36, with, /
2022-12-10, 14:41:48, with, /
2022-12-10, 14:42:00, with, /
2022-12-10, 14:42:12, with, /
2022-12-10, 14:42:24, with, /
2022-12-10, 14:42:37, with, /
2022-12-10, 14:42:49, with, /
2022-12-10, 14:43:01, with, /
2022-12-10, 14:43:13, with, /
2022-12-10, 14:43:25, with, /
2022-12-10, 14:43:37, with, /
2022-12-10, 14:43:49, with, /
2022-12-10, 14:44:01, with, /
2022-12-10, 14:44:13, with, /
2022-12-10, 14:44:25, with, /
2022-12-10, 14:44:37, with, /
2022-12-10, 14:44:49, with, /
2022-12-10, 14:45:01, with, /
2022-12-10, 14:45:13, with, /
2022-12-10, 14:45:25, with, /
2022-12-10, 14:45:37, with, /
2022-12-10, 14:45:49, with, /
2022-12-10, 14:46:01, with, /
2022-12-10, 14:46:13, with, /
2022-12-10, 14:46:25, with, /
2022-12-10, 14:46:37, with, /
2022-12-10, 14:46:49, with, /
2022-12-10, 14:47:01, with, /
2022-12-10, 14:47:13, with, /
2022-12-10, 14:47:25, with, /
2022-12-10, 14:47:37, with, /
2022-12-10, 14:47:49, with, /
2022-12-10, 14:48:01, with, /
2022-12-10, 14:48:13, with, /
2022-12-10, 14:48:25, with, /
2022-12-10, 14:48:38, with, /
2022-12-10, 14:48:50, with, /
2022-12-10, 14:49:02, with, /
2022-12-10, 14:49:14, with, /
2022-12-10, 14:49:26, with, /
2022-12-10, 14:49:38, with, /
2022-12-10, 14:49:50, with, /
2022-12-10, 14:50:02, with, /
2022-12-10, 14:50:14, with, /
2022-12-10, 14:50:26, with, /
2022-12-10, 14:50:38, with, /
2022-12-10, 14:50:50, with, /
2022-12-10, 14:51:02, with, /
2022-12-10, 14:51:14, with, /
2022-12-10, 14:51:26, with, /
2022-12-10, 14:51:38, with, /
2022-12-10, 14:51:50, with, /
2022-12-10, 14:52:02, with, /
2022-12-10, 14:52:14, with, /
2022-12-10, 14:52:26, with, /
2022-12-10, 14:52:38, with, /
2022-12-10, 14:52:50, with, /
2022-12-10, 14:53:03, with, /
2022-12-10, 14:53:15, with, /
2022-12-10, 14:53:27, with, /
2022-12-10, 14:53:39, with, /
2022-12-10, 14:53:51, with, /
2022-12-10, 14:54:03, with, /
2022-12-10, 14:54:15, with, /
2022-12-10, 14:54:27, with, /
2022-12-10, 14:54:39, with, /
2022-12-10, 14:54:51, with, /
2022-12-10, 14:55:03, with, /
2022-12-10, 14:55:15, with, /
2022-12-10, 14:55:27, with, /
2022-12-10, 14:55:39, with, /
2022-12-10, 14:55:51, with, /
2022-12-10, 14:56:03, with, /
2022-12-10, 14:56:15, with, /
2022-12-10, 14:56:27, with, /
2022-12-10, 14:56:39, with, /
2022-12-10, 14:56:51, with, /
2022-12-10, 14:57:03, with, /
2022-12-10, 14:57:15, with, /
2022-12-10, 14:57:27, with, /
2022-12-10, 14:57:39, with, /
2022-12-10, 14:57:51, with, /
2022-12-10, 14:58:03, with, /
2022-12-10, 14:58:15, with, /
2022-12-10, 14:58:27, with, /
2022-12-10, 14:58:39, with, /
2022-12-10, 14:58:51, with, /
2022-12-10, 14:59:03, with, /
2022-12-10, 14:59:15, with, /
2022-12-10, 14:59:27, with, /
2022-12-10, 14:59:39, with, /
2022-12-10, 14:59:51, with, /
2022-12-10, 15:00:03, with, /
2022-12-10, 15:00:16, with, /
2022-12-10, 15:00:28, with, /
2022-12-10, 15:00:40, with, /
2022-12-10, 15:00:52, with, /
2022-12-10, 15:01:04, with, /
2022-12-10, 15:01:16, with, /
2022-12-10, 15:01:28, with, /
2022-12-10, 15:01:40, with, /
2022-12-10, 15:01:52, with, /
2022-12-10, 15:02:04, with, /
2022-12-10, 15:02:16, with, /
2022-12-10, 15:02:28, with, /
2022-12-10, 15:02:40, with, /
2022-12-10, 15:02:52, with, /
2022-12-10, 15:03:04, with, /
2022-12-10, 15:03:16, with, /
2022-12-10, 15:03:28, with, /
2022-12-10, 15:03:40, with, /
2022-12-10, 15:03:52, with, /
2022-12-10, 15:04:04, with, /
2022-12-10, 15:04:16, with, /
2022-12-10, 15:04:28, with, /
2022-12-10, 15:04:40, with, /
2022-12-10, 15:04:52, with, /
2022-12-10, 15:05:04, with, /
2022-12-10, 15:05:16, with, /
2022-12-10, 15:05:28, with, /
2022-12-10, 15:05:40, with, /
2022-12-10, 15:05:52, with, /
2022-12-10, 15:06:04, with, /
2022-12-10, 15:06:16, with, /
2022-12-10, 15:06:28, with, /
2022-12-10, 15:06:40, with, /
2022-12-10, 15:06:52, with, /
2022-12-10, 15:07:04, with, /
2022-12-10, 15:07:16, with, /
2022-12-10, 15:07:28, with, /
2022-12-10, 15:07:41, with, /
2022-12-10, 15:07:53, with, /
2022-12-10, 15:08:05, with, /
2022-12-10, 15:08:17, with, /
2022-12-10, 15:08:29, with, /
2022-12-10, 15:08:41, with, /
2022-12-10, 15:08:53, with, /
2022-12-10, 15:09:05, with, /
2022-12-10, 15:09:17, with, /
2022-12-10, 15:09:29, with, /
2022-12-10, 15:09:41, with, /
2022-12-10, 15:09:53, with, /
2022-12-10, 15:10:05, with, /
2022-12-10, 15:10:17, with, /
2022-12-10, 15:10:29, with, /
2022-12-10, 15:10:41, with, /
2022-12-10, 15:10:53, with, /
2022-12-10, 15:11:05, with, /
2022-12-10, 15:11:17, with, /
2022-12-10, 15:11:29, with, /
2022-12-10, 15:11:41, with, /
2022-12-10, 15:11:53, with, /
2022-12-10, 15:12:05, with, /
2022-12-10, 15:12:17, with, /
2022-12-10, 15:12:29, with, /
2022-12-10, 15:12:41, with, /
2022-12-10, 15:12:53, with, /
2022-12-10, 15:13:05, with, /
2022-12-10, 15:13:17, with, /
2022-12-10, 15:13:29, with, /
2022-12-10, 15:13:41, with, /
2022-12-10, 15:13:53, with, /
2022-12-10, 15:14:05, with, /
2022-12-10, 15:14:17, with, /
2022-12-10, 15:14:29, with, /
2022-12-10, 15:14:41, with, /
2022-12-10, 15:14:53, with, /
2022-12-10, 15:15:06, with, /
2022-12-10, 15:15:18, with, /
2022-12-10, 15:15:30, with, /
2022-12-10, 15:15:42, with, /
2022-12-10, 15:15:54, with, /
2022-12-10, 15:16:06, with, /
2022-12-10, 15:16:18, with, /
2022-12-10, 15:16:30, with, /
2022-12-10, 15:16:42, with, /
2022-12-10, 15:16:54, with, /
2022-12-10, 15:17:06, with, /
2022-12-10, 15:17:18, with, /
2022-12-10, 15:17:30, with, /
2022-12-10, 15:17:42, with, /
2022-12-10, 15:17:54, with, /
2022-12-10, 15:18:06, with, /
2022-12-10, 15:18:18, with, /
2022-12-10, 15:18:30, with, /
2022-12-10, 15:18:42, with, /
2022-12-10, 15:18:54, with, /
2022-12-10, 15:19:06, with, /
2022-12-10, 15:19:18, with, /
2022-12-10, 15:19:30, with, /
2022-12-10, 15:19:42, with, /
2022-12-10, 15:19:54, with, /
2022-12-10, 15:20:06, with, /
2022-12-10, 15:20:18, with, /
2022-12-10, 15:20:30, with, /
2022-12-10, 15:20:42, with, /
2022-12-10, 15:20:54, with, /
2022-12-10, 15:21:06, with, /
2022-12-10, 15:21:18, with, /
2022-12-10, 15:21:30, with, /
2022-12-10, 15:21:42, with, /
2022-12-10, 15:21:54, with, /
2022-12-10, 15:22:06, with, /
2022-12-10, 15:22:19, with, /
2022-12-10, 15:22:31, with, /
2022-12-10, 15:22:43, with, /
2022-12-10, 15:22:55, with, /
2022-12-10, 15:23:07, with, /
2022-12-10, 15:23:19, with, /
2022-12-10, 15:23:31, with, /
2022-12-10, 15:23:43, with, /
2022-12-10, 15:23:55, with, /
2022-12-10, 15:24:07, with, /
2022-12-10, 15:24:19, with, /
2022-12-10, 15:24:31, with, /
2022-12-10, 15:24:43, with, /
2022-12-10, 15:24:55, with, /
2022-12-10, 15:25:07, with, /
2022-12-10, 15:25:19, with, /
2022-12-10, 15:25:31, with, /
2022-12-10, 15:25:43, with, /
2022-12-10, 15:25:55, with, /
2022-12-10, 15:26:07, with, /
2022-12-10, 15:26:19, with, /
2022-12-10, 15:26:31, with, /
2022-12-10, 15:26:43, with, /
2022-12-10, 15:26:55, with, /
2022-12-10, 15:27:07, with, /
2022-12-10, 15:27:19, with, /
2022-12-10, 15:27:31, with, /
2022-12-10, 15:27:43, with, /
2022-12-10, 15:27:55, with, /
2022-12-10, 15:28:07, with, /
2022-12-10, 15:28:19, with, /
2022-12-10, 15:28:31, with, /
2022-12-10, 15:28:43, with, /
2022-12-10, 15:28:55, with, /
2022-12-10, 15:29:07, with, /
2022-12-10, 15:29:19, with, /
2022-12-10, 15:29:31, with, /
2022-12-10, 15:29:43, with, /
2022-12-10, 15:29:56, with, /
2022-12-10, 15:30:08, with, /
2022-12-10, 15:30:20, with, /
2022-12-10, 15:30:32, with, /
2022-12-10, 15:30:44, with, /
2022-12-10, 15:30:56, with, /
2022-12-10, 15:31:08, with, /
2022-12-10, 15:31:20, with, /
2022-12-10, 15:31:32, with, /
2022-12-10, 15:31:44, with, /
2022-12-10, 15:31:56, with, /
2022-12-10, 15:32:08, with, /
2022-12-10, 15:32:20, with, /
2022-12-10, 15:32:32, with, /
2022-12-10, 15:32:44, with, /
2022-12-10, 15:32:56, with, /
2022-12-10, 15:33:08, with, /
2022-12-10, 15:33:20, with, /
2022-12-10, 15:33:32, with, /
2022-12-10, 15:33:44, with, /
2022-12-10, 15:33:56, with, /
2022-12-10, 15:34:08, with, /
2022-12-10, 15:34:20, with, /
2022-12-10, 15:34:32, with, /
2022-12-10, 15:34:44, with, /
2022-12-10, 15:34:56, with, /
2022-12-10, 15:35:08, with, /
2022-12-10, 15:35:20, with, /
2022-12-10, 15:35:32, with, /
2022-12-10, 15:35:44, with, /
2022-12-10, 15:35:56, with, /
2022-12-10, 15:36:08, with, /
2022-12-10, 15:36:20, with, /
2022-12-10, 15:36:32, with, /
2022-12-10, 15:36:44, with, /
2022-12-10, 15:36:56, with, /
2022-12-10, 15:37:09, with, /
2022-12-10, 15:37:21, with, /
2022-12-10, 15:37:33, with, /
2022-12-10, 15:37:45, with, /
2022-12-10, 15:37:57, with, /
2022-12-10, 15:38:09, with, /
2022-12-10, 15:38:21, with, /
2022-12-10, 15:38:33, with, /
2022-12-10, 15:38:45, with, /
2022-12-10, 15:38:57, with, /
2022-12-10, 15:39:09, with, /
2022-12-10, 15:39:21, with, /
2022-12-10, 15:39:33, with, /
2022-12-10, 15:39:45, with, /
2022-12-10, 15:39:57, with, /
2022-12-10, 15:40:09, with, /
2022-12-10, 15:40:21, with, /
2022-12-10, 15:40:33, with, /
2022-12-10, 15:40:45, with, /
2022-12-10, 15:40:57, with, /
2022-12-10, 15:41:09, with, /
2022-12-10, 15:41:21, with, /
2022-12-10, 15:41:33, with, /
2022-12-10, 15:41:45, with, /
2022-12-10, 15:41:57, with, /
2022-12-10, 15:42:09, with, /
2022-12-10, 15:42:21, with, /
2022-12-10, 15:42:33, with, /
2022-12-10, 15:42:45, with, /
2022-12-10, 15:42:57, with, /
2022-12-10, 15:43:09, with, /
2022-12-10, 15:43:21, with, /
2022-12-10, 15:43:33, with, /
2022-12-10, 15:43:45, with, /
2022-12-10, 15:43:57, with, /
2022-12-10, 15:44:09, with, /
2022-12-10, 15:44:22, with, /
2022-12-10, 15:44:34, with, /
2022-12-10, 15:44:46, with, /
2022-12-10, 15:44:58, with, /
2022-12-10, 15:45:10, with, /
2022-12-10, 15:45:22, with, /
2022-12-10, 15:45:34, with, /
2022-12-10, 15:45:46, with, /
2022-12-10, 15:45:58, with, /
2022-12-10, 15:46:10, with, /
2022-12-10, 15:46:22, with, /
2022-12-10, 15:46:34, with, /
2022-12-10, 15:46:46, with, /
2022-12-10, 15:46:58, with, /
2022-12-10, 15:47:10, with, /
2022-12-10, 15:47:22, with, /
2022-12-10, 15:47:34, with, /
2022-12-10, 15:47:46, with, /
2022-12-10, 15:47:58, with, /
2022-12-10, 15:48:10, with, /
2022-12-10, 15:48:22, with, /
2022-12-10, 15:48:34, with, /
2022-12-10, 15:48:46, with, /
2022-12-10, 15:48:58, with, /
2022-12-10, 15:49:10, with, /
2022-12-10, 15:49:22, with, /
2022-12-10, 15:49:34, with, /
2022-12-10, 15:49:46, with, /
2022-12-10, 15:49:58, with, /
2022-12-10, 15:50:10, with, /
2022-12-10, 15:50:22, with, /
2022-12-10, 15:50:34, with, /
2022-12-10, 15:50:46, with, /
2022-12-10, 15:50:58, with, /
2022-12-10, 15:51:10, with, /
2022-12-10, 15:51:22, with, /
2022-12-10, 15:51:34, with, /
2022-12-10, 15:51:47, with, /
2022-12-10, 15:51:59, with, /
2022-12-10, 15:52:11, with, /
2022-12-10, 15:52:23, with, /
2022-12-10, 15:52:35, with, /
2022-12-10, 15:52:47, with, /
2022-12-10, 15:52:59, with, /
2022-12-10, 15:53:11, with, /
2022-12-10, 15:53:23, with, /
2022-12-10, 15:53:35, with, /
2022-12-10, 15:53:47, with, /
2022-12-10, 15:53:59, with, /
2022-12-10, 15:54:11, with, /
2022-12-10, 15:54:23, with, /
2022-12-10, 15:54:35, with, /
2022-12-10, 15:54:47, with, /
2022-12-10, 15:54:59, with, /
2022-12-10, 15:55:11, with, /
2022-12-10, 15:55:23, with, /
2022-12-10, 15:55:35, with, /
2022-12-10, 15:55:47, with, /
2022-12-10, 15:55:59, with, /
2022-12-10, 15:56:11, with, /
2022-12-10, 15:56:23, with, /
2022-12-10, 15:56:35, with, /
2022-12-10, 15:56:47, with, /
2022-12-10, 15:56:59, with, /
2022-12-10, 15:57:11, with, /
2022-12-10, 15:57:23, with, /
2022-12-10, 15:57:35, with, /
2022-12-10, 15:57:47, with, /
2022-12-10, 15:57:59, with, /
2022-12-10, 15:58:11, with, /
2022-12-10, 15:58:23, with, /
2022-12-10, 15:58:35, with, /
2022-12-10, 15:58:47, with, /
2022-12-10, 15:58:59, with, /
2022-12-10, 15:59:12, with, /
2022-12-10, 15:59:24, with, /
2022-12-10, 15:59:36, with, /
2022-12-10, 15:59:48, with, /
2022-12-10, 16:00:00, with, /
2022-12-10, 16:00:12, with, /
2022-12-10, 16:00:24, with, /
2022-12-10, 16:00:36, with, /
2022-12-10, 16:00:48, with, /
2022-12-10, 16:01:00, with, /
2022-12-10, 16:01:12, with, /
2022-12-10, 16:01:24, with, /
2022-12-10, 16:01:36, with, /
2022-12-10, 16:01:48, with, /
2022-12-10, 16:02:00, with, /
2022-12-10, 16:02:12, with, /
2022-12-10, 16:02:24, with, /
2022-12-10, 16:02:36, with, /
2022-12-10, 16:02:48, with, /
2022-12-10, 16:03:00, with, /
2022-12-10, 16:03:12, with, /
2022-12-10, 16:03:24, with, /
2022-12-10, 16:03:36, with, /
2022-12-10, 16:03:48, with, /
2022-12-10, 16:04:00, with, /
2022-12-10, 16:04:12, with, /
2022-12-10, 16:04:24, with, /
2022-12-10, 16:04:36, with, /
2022-12-10, 16:04:48, with, /
2022-12-10, 16:05:00, with, /
2022-12-10, 16:05:12, with, /
2022-12-10, 16:05:24, with, /
2022-12-10, 16:05:36, with, /
2022-12-10, 16:05:48, with, /
2022-12-10, 16:06:00, with, /
2022-12-10, 16:06:12, with, /
2022-12-10, 16:06:24, with, /
2022-12-10, 16:06:37, with, /
2022-12-10, 16:06:49, with, /
2022-12-10, 16:07:01, with, /
2022-12-10, 16:07:13, with, /
2022-12-10, 16:07:25, with, /
2022-12-10, 16:07:37, with, /
2022-12-10, 16:07:49, with, /
2022-12-10, 16:08:01, with, /
2022-12-10, 16:08:13, with, /
2022-12-10, 16:08:25, with, /
2022-12-10, 16:08:37, with, /
2022-12-10, 16:08:49, with, /
2022-12-10, 16:09:01, with, /
2022-12-10, 16:09:13, with, /
2022-12-10, 16:09:25, with, /
2022-12-10, 16:09:37, with, /
2022-12-10, 16:09:49, with, /
2022-12-10, 16:10:01, with, /
2022-12-10, 16:10:13, with, /
2022-12-10, 16:10:25, with, /
2022-12-10, 16:10:37, with, /
2022-12-10, 16:10:49, with, /
2022-12-10, 16:11:01, with, /
2022-12-10, 16:11:13, with, /
2022-12-10, 16:11:25, with, /
2022-12-10, 16:11:37, with, /
2022-12-10, 16:11:49, with, /
2022-12-10, 16:12:01, with, /
2022-12-10, 16:12:13, with, /
2022-12-10, 16:12:25, with, /
2022-12-10, 16:12:37, with, /
2022-12-10, 16:12:49, with, /
2022-12-10, 16:13:01, with, /
2022-12-10, 16:13:13, with, /
2022-12-10, 16:13:25, with, /
2022-12-10, 16:13:37, with, /
2022-12-10, 16:13:49, with, /
2022-12-10, 16:14:01, with, /
2022-12-10, 16:14:14, with, /
2022-12-10, 16:14:26, with, /
2022-12-10, 16:14:38, with, /
2022-12-10, 16:14:50, with, /
2022-12-10, 16:15:02, with, /
2022-12-10, 16:15:14, with, /
2022-12-10, 16:15:26, with, /
2022-12-10, 16:15:38, with, /
2022-12-10, 16:15:50, with, /
2022-12-10, 16:16:02, with, /
2022-12-10, 16:16:14, with, /
2022-12-10, 16:16:26, with, /
2022-12-10, 16:16:38, with, /
2022-12-10, 16:16:50, with, /
2022-12-10, 16:17:02, with, /
2022-12-10, 16:17:14, with, /
2022-12-10, 16:17:26, with, /
2022-12-10, 16:17:38, with, /
2022-12-10, 16:17:50, with, /
2022-12-10, 16:18:02, with, /
2022-12-10, 16:18:14, with, /
2022-12-10, 16:18:26, with, /
2022-12-10, 16:18:38, with, /
2022-12-10, 16:18:50, with, /
2022-12-10, 16:19:02, with, /
2022-12-10, 16:19:14, with, /
2022-12-10, 16:19:26, with, /
2022-12-10, 16:19:38, with, /
2022-12-10, 16:19:50, with, /
2022-12-10, 16:20:02, with, /
2022-12-10, 16:20:14, with, /
2022-12-10, 16:20:26, with, /
2022-12-10, 16:20:38, with, /
2022-12-10, 16:20:50, with, /
2022-12-10, 16:21:02, with, /
2022-12-10, 16:21:14, with, /
2022-12-10, 16:21:26, with, /
2022-12-10, 16:21:39, with, /
2022-12-10, 16:21:51, with, /
2022-12-10, 16:22:03, with, /
2022-12-10, 16:22:15, with, /
2022-12-10, 16:22:27, with, /
2022-12-10, 16:22:39, with, /
2022-12-10, 16:22:51, with, /
2022-12-10, 16:23:03, with, /
2022-12-10, 16:23:15, with, /
2022-12-10, 16:23:27, with, /
2022-12-10, 16:23:39, with, /
2022-12-10, 16:23:51, with, /
2022-12-10, 16:24:03, with, /
2022-12-10, 16:24:15, with, /
2022-12-10, 16:24:27, with, /
2022-12-10, 16:24:39, with, /
2022-12-10, 16:24:51, with, /
2022-12-10, 16:25:03, with, /
2022-12-10, 16:25:15, with, /
2022-12-10, 16:25:27, with, /
2022-12-10, 16:25:39, with, /
2022-12-10, 16:25:51, with, /
2022-12-10, 16:26:03, with, /
2022-12-10, 16:26:15, with, /
2022-12-10, 16:26:27, with, /
2022-12-10, 16:26:39, with, /
2022-12-10, 16:26:51, with, /
2022-12-10, 16:27:03, with, /
2022-12-10, 16:27:15, with, /
2022-12-10, 16:27:27, with, /
2022-12-10, 16:27:39, with, /
2022-12-10, 16:27:51, with, /
2022-12-10, 16:28:03, with, /
2022-12-10, 16:28:15, with, /
2022-12-10, 16:28:27, with, /
2022-12-10, 16:28:39, with, /
2022-12-10, 16:28:51, with, /
2022-12-10, 16:29:03, with, /
2022-12-10, 16:29:16, with, /
2022-12-10, 16:29:28, with, /
2022-12-10, 16:29:40, with, /
2022-12-10, 16:29:52, with, /
2022-12-10, 16:30:04, with, /
2022-12-10, 16:30:16, with, /
2022-12-10, 16:30:28, with, /
2022-12-10, 16:30:40, with, /
2022-12-10, 16:30:52, with, /
2022-12-10, 16:31:04, with, /
2022-12-10, 16:31:16, with, /
2022-12-10, 16:31:28, with, /
2022-12-10, 16:31:40, with, /
2022-12-10, 16:31:52, with, /
2022-12-10, 16:32:04, with, /
2022-12-10, 16:32:16, with, /
2022-12-10, 16:32:28, with, /
2022-12-10, 16:32:40, with, /
2022-12-10, 16:32:52, with, /
2022-12-10, 16:33:04, with, /
2022-12-10, 16:33:16, with, /
2022-12-10, 16:33:28, with, /
2022-12-10, 16:33:40, with, /
2022-12-10, 16:33:52, with, /
2022-12-10, 16:34:04, with, /
2022-12-10, 16:34:16, with, /
2022-12-10, 16:34:28, with, /
2022-12-10, 16:34:40, with, /
2022-12-10, 16:34:52, with, /
2022-12-10, 16:35:04, with, /
2022-12-10, 16:35:16, with, /
2022-12-10, 16:35:28, with, /
2022-12-10, 16:35:40, with, /
2022-12-10, 16:35:52, with, /
2022-12-10, 16:36:04, with, /
2022-12-10, 16:36:16, with, /
2022-12-10, 16:36:29, with, /
2022-12-10, 16:36:41, with, /
2022-12-10, 16:36:53, with, /
2022-12-10, 16:37:05, with, /
2022-12-10, 16:37:17, with, /
2022-12-10, 16:37:29, with, /
2022-12-10, 16:37:41, with, /
2022-12-10, 16:37:53, with, /
2022-12-10, 16:38:05, with, /
2022-12-10, 16:38:17, with, /
2022-12-10, 16:38:29, with, /
2022-12-10, 16:38:41, with, /
2022-12-10, 16:38:53, with, /
2022-12-10, 16:39:05, with, /
2022-12-10, 16:39:17, with, /
2022-12-10, 16:39:29, with, /
2022-12-10, 16:39:41, with, /
2022-12-10, 16:39:53, with, /
2022-12-10, 16:40:05, with, /
2022-12-10, 16:40:17, with, /
2022-12-10, 16:40:29, with, /
2022-12-10, 16:40:41, with, /
2022-12-10, 16:40:53, with, /
2022-12-10, 16:41:05, with, /
2022-12-10, 16:41:17, with, /
2022-12-10, 16:41:29, with, /
2022-12-10, 16:41:41, with, /
2022-12-10, 16:41:53, with, /
2022-12-10, 16:42:05, with, /
2022-12-10, 16:42:17, with, /
2022-12-10, 16:42:29, with, /
2022-12-10, 16:42:41, with, /
2022-12-10, 16:42:53, with, /
2022-12-10, 16:43:05, with, /
2022-12-10, 16:43:17, with, /
2022-12-10, 16:43:29, with, /
2022-12-10, 16:43:41, with, /
2022-12-10, 16:43:54, with, /
2022-12-10, 16:44:06, with, /
2022-12-10, 16:44:18, with, /
2022-12-10, 16:44:30, with, /
2022-12-10, 16:44:42, with, /
2022-12-10, 16:44:54, with, /
2022-12-10, 16:45:06, with, /
2022-12-10, 16:45:18, with, /
2022-12-10, 16:45:30, with, /
2022-12-10, 16:45:42, with, /
2022-12-10, 16:45:54, with, /
2022-12-10, 16:46:06, with, /
2022-12-10, 16:46:18, with, /
2022-12-10, 16:46:30, with, /
2022-12-10, 16:46:42, with, /
2022-12-10, 16:46:54, with, /
2022-12-10, 16:47:06, with, /
2022-12-10, 16:47:18, with, /
2022-12-10, 16:47:30, with, /
2022-12-10, 16:47:42, with, /
2022-12-10, 16:47:54, with, /
2022-12-10, 16:48:06, with, /
2022-12-10, 16:48:18, with, /
2022-12-10, 16:48:30, with, /
2022-12-10, 16:48:42, with, /
2022-12-10, 16:48:54, with, /
2022-12-10, 16:49:06, with, /
2022-12-10, 16:49:18, with, /
2022-12-10, 16:49:30, with, /
2022-12-10, 16:49:42, with, /
2022-12-10, 16:49:54, with, /
2022-12-10, 16:50:06, with, /
2022-12-10, 16:50:18, with, /
2022-12-10, 16:50:30, with, /
2022-12-10, 16:50:42, with, /
2022-12-10, 16:50:54, with, /
2022-12-10, 16:51:06, with, /
2022-12-10, 16:51:18, with, /
2022-12-10, 16:51:31, with, /
2022-12-10, 16:51:43, with, /
2022-12-10, 16:51:55, with, /
2022-12-10, 16:52:07, with, /
2022-12-10, 16:52:19, with, /
2022-12-10, 16:52:31, with, /
2022-12-10, 16:52:43, with, /
2022-12-10, 16:52:55, with, /
2022-12-10, 16:53:07, with, /
2022-12-10, 16:53:19, with, /
2022-12-10, 16:53:31, with, /
2022-12-10, 16:53:43, with, /
2022-12-10, 16:53:55, with, /
2022-12-10, 16:54:07, with, /
2022-12-10, 16:54:19, with, /
2022-12-10, 16:54:31, with, /
2022-12-10, 16:54:43, with, /
2022-12-10, 16:54:55, with, /
2022-12-10, 16:55:07, with, /
2022-12-10, 16:55:19, with, /
2022-12-10, 16:55:31, with, /
2022-12-10, 16:55:43, with, /
2022-12-10, 16:55:55, with, /
2022-12-10, 16:56:07, with, /
2022-12-10, 16:56:19, with, /
2022-12-10, 16:56:31, with, /
2022-12-10, 16:56:43, with, /
2022-12-10, 16:56:55, with, /
2022-12-10, 16:57:07, with, /
2022-12-10, 16:57:19, with, /
2022-12-10, 16:57:31, with, /
2022-12-10, 16:57:43, with, /
2022-12-10, 16:57:55, with, /
2022-12-10, 16:58:07, with, /
2022-12-10, 16:58:19, with, /
2022-12-10, 16:58:31, with, /
2022-12-10, 16:58:43, with, /
2022-12-10, 16:58:56, with, /
2022-12-10, 16:59:08, with, /
2022-12-10, 16:59:20, with, /
2022-12-10, 16:59:32, with, /
2022-12-10, 16:59:44, with, /
2022-12-10, 16:59:56, with, /
2022-12-10, 17:00:08, with, /
2022-12-10, 17:00:20, with, /
2022-12-10, 17:00:32, with, /
2022-12-10, 17:00:44, with, /
2022-12-10, 17:00:56, with, /
2022-12-10, 17:01:08, with, /
2022-12-10, 17:01:20, with, /
2022-12-10, 17:01:32, with, /
2022-12-10, 17:01:44, with, /
2022-12-10, 17:01:56, with, /
2022-12-10, 17:02:08, with, /
2022-12-10, 17:02:20, with, /
2022-12-10, 17:02:32, with, /
2022-12-10, 17:02:44, with, /
2022-12-10, 17:02:56, with, /
2022-12-10, 17:03:08, with, /
2022-12-10, 17:03:20, with, /
2022-12-10, 17:03:32, with, /
2022-12-10, 17:03:44, with, /
2022-12-10, 17:03:56, with, /
2022-12-10, 17:04:08, with, /
2022-12-10, 17:04:20, with, /
2022-12-10, 17:04:32, with, /
2022-12-10, 17:04:44, with, /
2022-12-10, 17:04:56, with, /
2022-12-10, 17:05:08, with, /
2022-12-10, 17:05:20, with, /
2022-12-10, 17:05:32, with, /
2022-12-10, 17:05:44, with, /
2022-12-10, 17:05:56, with, /
2022-12-10, 17:06:08, with, /
2022-12-10, 17:06:20, with, /
2022-12-10, 17:06:33, with, /
2022-12-10, 17:06:45, with, /
2022-12-10, 17:06:57, with, /
2022-12-10, 17:07:09, with, /
2022-12-10, 17:07:21, with, /
2022-12-10, 17:07:33, with, /
2022-12-10, 17:07:45, with, /
2022-12-10, 17:07:57, with, /
2022-12-10, 17:08:09, with, /
2022-12-10, 17:08:21, with, /
2022-12-10, 17:08:33, with, /
2022-12-10, 17:08:45, with, /
2022-12-10, 17:08:57, with, /
2022-12-10, 17:09:09, with, /
2022-12-10, 17:09:21, with, /
2022-12-10, 17:09:33, with, /
2022-12-10, 17:09:45, with, /
2022-12-10, 17:09:57, with, /
2022-12-10, 17:10:09, with, /
2022-12-10, 17:10:21, with, /
2022-12-10, 17:10:33, with, /
2022-12-10, 17:10:45, with, /
2022-12-10, 17:10:57, with, /
2022-12-10, 17:11:09, with, /
2022-12-10, 17:11:21, with, /
2022-12-10, 17:11:33, with, /
2022-12-10, 17:11:45, with, /
2022-12-10, 17:11:57, with, /
2022-12-10, 17:12:09, with, /
2022-12-10, 17:12:21, with, /
2022-12-10, 17:12:33, with, /
2022-12-10, 17:12:45, with, /
2022-12-10, 17:12:57, with, /
2022-12-10, 17:13:09, with, /
2022-12-10, 17:13:21, with, /
2022-12-10, 17:13:33, with, /
2022-12-10, 17:13:46, with, /
2022-12-10, 17:13:58, with, /
2022-12-10, 17:14:10, with, /
2022-12-10, 17:14:22, with, /
2022-12-10, 17:14:34, with, /
2022-12-10, 17:14:46, with, /
2022-12-10, 17:14:58, with, /
2022-12-10, 17:15:10, with, /
2022-12-10, 17:15:22, with, /
2022-12-10, 17:15:34, with, /
2022-12-10, 17:15:46, with, /
2022-12-10, 17:15:58, with, /
2022-12-10, 17:16:10, with, /
2022-12-10, 17:16:22, with, /
2022-12-10, 17:16:34, with, /
2022-12-10, 17:16:46, with, /
2022-12-10, 17:16:58, with, /
2022-12-10, 17:17:10, with, /
2022-12-10, 17:17:22, with, /
2022-12-10, 17:17:34, with, /
2022-12-10, 17:17:46, with, /
2022-12-10, 17:17:58, with, /
2022-12-10, 17:18:10, with, /
2022-12-10, 17:18:22, with, /
2022-12-10, 17:18:34, with, /
2022-12-10, 17:18:46, with, /
2022-12-10, 17:18:58, with, /
2022-12-10, 17:19:10, with, /
2022-12-10, 17:19:22, with, /
2022-12-10, 17:19:34, with, /
2022-12-10, 17:19:46, with, /
2022-12-10, 17:19:58, with, /
2022-12-10, 17:20:10, with, /
2022-12-10, 17:20:22, with, /
2022-12-10, 17:20:34, with, /
2022-12-10, 17:20:46, with, /
2022-12-10, 17:20:58, with, /
2022-12-10, 17:21:11, with, /
2022-12-10, 17:21:23, with, /
2022-12-10, 17:21:35, with, /
2022-12-10, 17:21:47, with, /
2022-12-10, 17:21:59, with, /
2022-12-10, 17:22:11, with, /
2022-12-10, 17:22:23, with, /
2022-12-10, 17:22:35, with, /
2022-12-10, 17:22:47, with, /
2022-12-10, 17:22:59, with, /
2022-12-10, 17:23:11, with, /
2022-12-10, 17:23:23, with, /
2022-12-10, 17:23:35, with, /
2022-12-10, 17:23:47, with, /
2022-12-10, 17:23:59, with, /
2022-12-10, 17:24:11, with, /
2022-12-10, 17:24:23, with, /
2022-12-10, 17:24:35, with, /
2022-12-10, 17:24:47, with, /
2022-12-10, 17:24:59, with, /
2022-12-10, 17:25:11, with, /
2022-12-10, 17:25:23, with, /
2022-12-10, 17:25:35, with, /
2022-12-10, 17:25:47, with, /
2022-12-10, 17:25:59, with, /
2022-12-10, 17:26:11, with, /
2022-12-10, 17:26:23, with, /
2022-12-10, 17:26:35, with, /
2022-12-10, 17:26:47, with, /
2022-12-10, 17:26:59, with, /
2022-12-10, 17:27:11, with, /
2022-12-10, 17:27:23, with, /
2022-12-10, 17:27:35, with, /
2022-12-10, 17:27:47, with, /
2022-12-10, 17:27:59, with, /
2022-12-10, 17:28:11, with, /
2022-12-10, 17:28:24, with, /
2022-12-10, 17:28:36, with, /
2022-12-10, 17:28:48, with, /
2022-12-10, 17:29:00, with, /
2022-12-10, 17:29:12, with, /
2022-12-10, 17:29:24, with, /
2022-12-10, 17:29:36, with, /
2022-12-10, 17:29:48, with, /
2022-12-10, 17:30:00, with, /
2022-12-10, 17:30:12, with, /
2022-12-10, 17:30:24, with, /
2022-12-10, 17:30:36, with, /
2022-12-10, 17:30:48, with, /
2022-12-10, 17:31:00, with, /
2022-12-10, 17:31:12, with, /
2022-12-10, 17:31:24, with, /
2022-12-10, 17:31:36, with, /
2022-12-10, 17:31:48, with, /
2022-12-10, 17:32:00, with, /
2022-12-10, 17:32:12, with, /
2022-12-10, 17:32:24, with, /
2022-12-10, 17:32:36, with, /
2022-12-10, 17:32:48, with, /
2022-12-10, 17:33:00, with, /
2022-12-10, 17:33:12, with, /
2022-12-10, 17:33:24, with, /
2022-12-10, 17:33:36, with, /
2022-12-10, 17:33:48, with, /
2022-12-10, 17:34:00, with, /
2022-12-10, 17:34:12, with, /
2022-12-10, 17:34:24, with, /
2022-12-10, 17:34:36, with, /
2022-12-10, 17:34:48, with, /
2022-12-10, 17:35:00, with, /
2022-12-10, 17:35:12, with, /
2022-12-10, 17:35:24, with, /
2022-12-10, 17:35:36, with, /
2022-12-10, 17:35:49, with, /
2022-12-10, 17:36:01, with, /
2022-12-10, 17:36:13, with, /
2022-12-10, 17:36:25, with, /
2022-12-10, 17:36:37, with, /
2022-12-10, 17:36:49, with, /
2022-12-10, 17:37:01, with, /
2022-12-10, 17:37:13, with, /
2022-12-10, 17:37:25, with, /
2022-12-10, 17:37:37, with, /
2022-12-10, 17:37:49, with, /
2022-12-10, 17:38:01, with, /
2022-12-10, 17:38:13, with, /
2022-12-10, 17:38:25, with, /
2022-12-10, 17:38:37, with, /
2022-12-10, 17:38:49, with, /
2022-12-10, 17:39:01, with, /
2022-12-10, 17:39:13, with, /
2022-12-10, 17:39:25, with, /
2022-12-10, 17:39:37, with, /
2022-12-10, 17:39:49, with, /
2022-12-10, 17:40:01, with, /
2022-12-10, 17:40:13, with, /
2022-12-10, 17:40:25, with, /
2022-12-10, 17:40:37, with, /
2022-12-10, 17:40:49, with, /
2022-12-10, 17:41:01, with, /
2022-12-10, 17:41:13, with, /
2022-12-10, 17:41:25, with, /
2022-12-10, 17:41:37, with, /
2022-12-10, 17:41:49, with, /
2022-12-10, 17:42:01, with, /
2022-12-10, 17:42:13, with, /
2022-12-10, 17:42:25, with, /
2022-12-10, 17:42:37, with, /
2022-12-10, 17:42:49, with, /
2022-12-10, 17:43:01, with, /
2022-12-10, 17:43:13, with, /
2022-12-10, 17:43:26, with, /
2022-12-10, 17:43:38, with, /
2022-12-10, 17:43:50, with, /
2022-12-10, 17:44:02, with, /
2022-12-10, 17:44:14, with, /
2022-12-10, 17:44:26, with, /
2022-12-10, 17:44:38, with, /
2022-12-10, 17:44:50, with, /
2022-12-10, 17:45:02, with, /
2022-12-10, 17:45:14, with, /
2022-12-10, 17:45:26, with, /
2022-12-10, 17:45:38, with, /
2022-12-10, 17:45:50, with, /
2022-12-10, 17:46:02, with, /
2022-12-10, 17:46:14, with, /
2022-12-10, 17:46:26, with, /
2022-12-10, 17:46:38, with, /
2022-12-10, 17:46:50, with, /
2022-12-10, 17:47:02, with, /
2022-12-10, 17:47:14, with, /
2022-12-10, 17:47:26, with, /
2022-12-10, 17:47:38, with, /
2022-12-10, 17:47:50, with, /
2022-12-10, 17:48:02, with, /
2022-12-10, 17:48:14, with, /
2022-12-10, 17:48:26, with, /
2022-12-10, 17:48:38, with, /
2022-12-10, 17:48:50, with, /
2022-12-10, 17:49:02, with, /
2022-12-10, 17:49:14, with, /
2022-12-10, 17:49:26, with, /
2022-12-10, 17:49:38, with, /
2022-12-10, 17:49:50, with, /
2022-12-10, 17:50:02, with, /
2022-12-10, 17:50:14, with, /
2022-12-10, 17:50:26, with, /
2022-12-10, 17:50:38, with, /
2022-12-10, 17:50:51, with, /
2022-12-10, 17:51:03, with, /
2022-12-10, 17:51:15, with, /
2022-12-10, 17:51:27, with, /
2022-12-10, 17:51:39, with, /
2022-12-10, 17:51:51, with, /
2022-12-10, 17:52:03, with, /
2022-12-10, 17:52:15, with, /
2022-12-10, 17:52:27, with, /
2022-12-10, 17:52:39, with, /
2022-12-10, 17:52:51, with, /
2022-12-10, 17:53:03, with, /
2022-12-10, 17:53:15, with, /
2022-12-10, 17:53:27, with, /
2022-12-10, 17:53:39, with, /
2022-12-10, 17:53:51, with, /
2022-12-10, 17:54:03, with, /
2022-12-10, 17:54:15, with, /
2022-12-10, 17:54:27, with, /
2022-12-10, 17:54:39, with, /
2022-12-10, 17:54:51, with, /
2022-12-10, 17:55:03, with, /
2022-12-10, 17:55:15, with, /
2022-12-10, 17:55:27, with, /
2022-12-10, 17:55:39, with, /
2022-12-10, 17:55:51, with, /
2022-12-10, 17:56:03, with, /
2022-12-10, 17:56:15, with, /
2022-12-10, 17:56:27, with, /
2022-12-10, 17:56:39, with, /
2022-12-10, 17:56:51, with, /
2022-12-10, 17:57:03, with, /
2022-12-10, 17:57:15, with, /
2022-12-10, 17:57:27, with, /
2022-12-10, 17:57:39, with, /
2022-12-10, 17:57:51, with, /
2022-12-10, 17:58:03, with, /
2022-12-10, 17:58:16, with, /
2022-12-10, 17:58:28, with, /
2022-12-10, 17:58:40, with, /
2022-12-10, 17:58:52, with, /
2022-12-10, 17:59:04, with, /
2022-12-10, 17:59:16, with, /
2022-12-10, 17:59:28, with, /
2022-12-10, 17:59:40, with, /
2022-12-10, 17:59:52, with, /
2022-12-10, 18:00:04, with, /
2022-12-10, 18:00:16, with, /
2022-12-10, 18:00:28, with, /
2022-12-10, 18:00:40, with, /
2022-12-10, 18:00:52, with, /
2022-12-10, 18:01:04, with, /
2022-12-10, 18:01:16, with, /
2022-12-10, 18:01:28, with, /
2022-12-10, 18:01:40, with, /
2022-12-10, 18:01:52, with, /
2022-12-10, 18:02:04, with, /
2022-12-10, 18:02:16, with, /
2022-12-10, 18:02:28, with, /
2022-12-10, 18:02:40, with, /
2022-12-10, 18:02:52, with, /
2022-12-10, 18:03:04, with, /
2022-12-10, 18:03:16, with, /
2022-12-10, 18:03:28, with, /
2022-12-10, 18:03:40, with, /
2022-12-10, 18:03:52, with, /
2022-12-10, 18:04:04, with, /
2022-12-10, 18:04:16, with, /
2022-12-10, 18:04:28, with, /
2022-12-10, 18:04:40, with, /
2022-12-10, 18:04:52, with, /
2022-12-10, 18:05:04, with, /
2022-12-10, 18:05:16, with, /
2022-12-10, 18:05:28, with, /
2022-12-10, 18:05:41, with, /
2022-12-10, 18:05:53, with, /
2022-12-10, 18:06:05, with, /
2022-12-10, 18:06:17, with, /
2022-12-10, 18:06:29, with, /
2022-12-10, 18:06:41, with, /
2022-12-10, 18:06:53, with, /
2022-12-10, 18:07:05, with, /
2022-12-10, 18:07:17, with, /
2022-12-10, 18:07:29, with, /
2022-12-10, 18:07:41, with, /
2022-12-10, 18:07:53, with, /
2022-12-10, 18:08:05, with, /
2022-12-10, 18:08:17, with, /
2022-12-10, 18:08:29, with, /
2022-12-10, 18:08:41, with, /
2022-12-10, 18:08:53, with, /
2022-12-10, 18:09:05, with, /
2022-12-10, 18:09:17, with, /
2022-12-10, 18:09:29, with, /
2022-12-10, 18:09:41, with, /
2022-12-10, 18:09:53, with, /
2022-12-10, 18:10:05, with, /
2022-12-10, 18:10:17, with, /
2022-12-10, 18:10:29, with, /
2022-12-10, 18:10:41, with, /
2022-12-10, 18:10:53, with, /
2022-12-10, 18:11:05, with, /
2022-12-10, 18:11:17, with, /
2022-12-10, 18:11:29, with, /
2022-12-10, 18:11:41, with, /
2022-12-10, 18:11:53, with, /
2022-12-10, 18:12:05, with, /
2022-12-10, 18:12:17, with, /
2022-12-10, 18:12:29, with, /
2022-12-10, 18:12:41, with, /
2022-12-10, 18:12:53, with, /
2022-12-10, 18:13:06, with, /
2022-12-10, 18:13:18, with, /
2022-12-10, 18:13:30, with, /
2022-12-10, 18:13:42, with, /
2022-12-10, 18:13:54, with, /
2022-12-10, 18:14:06, with, /
2022-12-10, 18:14:18, with, /
2022-12-10, 18:14:30, with, /
2022-12-10, 18:14:42, with, /
2022-12-10, 18:14:54, with, /
2022-12-10, 18:15:06, with, /
2022-12-10, 18:15:18, with, /
2022-12-10, 18:15:30, with, /
2022-12-10, 18:15:42, with, /
2022-12-10, 18:15:54, with, /
2022-12-10, 18:16:06, with, /
2022-12-10, 18:16:18, with, /
2022-12-10, 18:16:30, with, /
2022-12-10, 18:16:42, with, /
2022-12-10, 18:16:54, with, /
2022-12-10, 18:17:06, with, /
2022-12-10, 18:17:18, with, /
2022-12-10, 18:17:30, with, /
2022-12-10, 18:17:42, with, /
2022-12-10, 18:17:54, with, /
2022-12-10, 18:18:06, with, /
2022-12-10, 18:18:18, with, /
2022-12-10, 18:18:30, with, /
2022-12-10, 18:18:42, with, /
2022-12-10, 18:18:54, with, /
2022-12-10, 18:19:06, with, /
2022-12-10, 18:19:18, with, /
2022-12-10, 18:19:30, with, /
2022-12-10, 18:19:42, with, /
2022-12-10, 18:19:54, with, /
2022-12-10, 18:20:06, with, /
2022-12-10, 18:20:18, with, /
2022-12-10, 18:20:31, with, /
2022-12-10, 18:20:43, with, /
2022-12-10, 18:20:55, with, /
2022-12-10, 18:21:07, with, /
2022-12-10, 18:21:19, with, /
2022-12-10, 18:21:31, with, /
2022-12-10, 18:21:43, with, /
2022-12-10, 18:21:55, with, /
2022-12-10, 18:22:07, with, /
2022-12-10, 18:22:19, with, /
2022-12-10, 18:22:31, with, /
2022-12-10, 18:22:43, with, /
2022-12-10, 18:22:55, with, /
2022-12-10, 18:23:07, with, /
2022-12-10, 18:23:19, with, /
2022-12-10, 18:23:31, with, /
2022-12-10, 18:23:43, with, /
2022-12-10, 18:23:55, with, /
2022-12-10, 18:24:07, with, /
2022-12-10, 18:24:19, with, /
2022-12-10, 18:24:31, with, /
2022-12-10, 18:24:43, with, /
2022-12-10, 18:24:55, with, /
2022-12-10, 18:25:07, with, /
2022-12-10, 18:25:19, with, /
2022-12-10, 18:25:31, with, /
2022-12-10, 18:25:43, with, /
2022-12-10, 18:25:55, with, /
2022-12-10, 18:26:07, with, /
2022-12-10, 18:26:19, with, /
2022-12-10, 18:26:31, with, /
2022-12-10, 18:26:43, with, /
2022-12-10, 18:26:55, with, /
2022-12-10, 18:27:07, with, /
2022-12-10, 18:27:19, with, /
2022-12-10, 18:27:31, with, /
2022-12-10, 18:27:43, with, /
2022-12-10, 18:27:56, with, /
2022-12-10, 18:28:08, with, /
2022-12-10, 18:28:20, with, /
2022-12-10, 18:28:32, with, /
2022-12-10, 18:28:44, with, /
2022-12-10, 18:28:56, with, /
2022-12-10, 18:29:08, with, /
2022-12-10, 18:29:20, with, /
2022-12-10, 18:29:32, with, /
2022-12-10, 18:29:44, with, /
2022-12-10, 18:29:56, with, /
2022-12-10, 18:30:08, with, /
2022-12-10, 18:30:20, with, /
2022-12-10, 18:30:32, with, /
2022-12-10, 18:30:44, with, /
2022-12-10, 18:30:56, with, /
2022-12-10, 18:31:08, with, /
2022-12-10, 18:31:20, with, /
2022-12-10, 18:31:32, with, /
2022-12-10, 18:31:44, with, /
2022-12-10, 18:31:56, with, /
2022-12-10, 18:32:08, with, /
2022-12-10, 18:32:20, with, /
2022-12-10, 18:32:32, with, /
2022-12-10, 18:32:44, with, /
2022-12-10, 18:32:56, with, /
2022-12-10, 18:33:08, with, /
2022-12-10, 18:33:20, with, /
2022-12-10, 18:33:32, with, /
2022-12-10, 18:33:44, with, /
2022-12-10, 18:33:56, with, /
2022-12-10, 18:34:08, with, /
2022-12-10, 18:34:20, with, /
2022-12-10, 18:34:32, with, /
2022-12-10, 18:34:44, with, /
2022-12-10, 18:34:56, with, /
2022-12-10, 18:35:08, with, /
2022-12-10, 18:35:21, with, /
2022-12-10, 18:35:33, with, /
2022-12-10, 18:35:45, with, /
2022-12-10, 18:35:57, with, /
2022-12-10, 18:36:09, with, /
2022-12-10, 18:36:21, with, /
2022-12-10, 18:36:33, with, /
2022-12-10, 18:36:45, with, /
2022-12-10, 18:36:57, with, /
2022-12-10, 18:37:09, with, /
2022-12-10, 18:37:21, with, /
2022-12-10, 18:37:33, with, /
2022-12-10, 18:37:45, with, /
2022-12-10, 18:37:57, with, /
2022-12-10, 18:38:09, with, /
2022-12-10, 18:38:21, with, /
2022-12-10, 18:38:33, with, /
2022-12-10, 18:38:45, with, /
2022-12-10, 18:38:57, with, /
2022-12-10, 18:39:09, with, /
2022-12-10, 18:39:21, with, /
2022-12-10, 18:39:33, with, /
2022-12-10, 18:39:45, with, /
2022-12-10, 18:39:57, with, /
2022-12-10, 18:40:09, with, /
2022-12-10, 18:40:21, with, /
2022-12-10, 18:40:33, with, /
2022-12-10, 18:40:45, with, /
2022-12-10, 18:40:57, with, /
2022-12-10, 18:41:09, with, /
2022-12-10, 18:41:21, with, /
2022-12-10, 18:41:33, with, /
2022-12-10, 18:41:45, with, /
2022-12-10, 18:41:57, with, /
2022-12-10, 18:42:09, with, /
2022-12-10, 18:42:21, with, /
2022-12-10, 18:42:33, with, /
2022-12-10, 18:42:46, with, /
2022-12-10, 18:42:58, with, /
2022-12-10, 18:43:10, with, /
2022-12-10, 18:43:22, with, /
2022-12-10, 18:43:34, with, /
2022-12-10, 18:43:46, with, /
2022-12-10, 18:43:58, with, /
2022-12-10, 18:44:10, with, /
2022-12-10, 18:44:22, with, /
2022-12-10, 18:44:34, with, /
2022-12-10, 18:44:46, with, /
2022-12-10, 18:44:58, with, /
2022-12-10, 18:45:10, with, /
2022-12-10, 18:45:22, with, /
2022-12-10, 18:45:34, with, /
2022-12-10, 18:45:46, with, /
2022-12-10, 18:45:58, with, /
2022-12-10, 18:46:10, with, /
2022-12-10, 18:46:22, with, /
2022-12-10, 18:46:34, with, /
2022-12-10, 18:46:46, with, /
2022-12-10, 18:46:58, with, /
2022-12-10, 18:47:10, with, /
2022-12-10, 18:47:22, with, /
2022-12-10, 18:47:34, with, /
2022-12-10, 18:47:46, with, /
2022-12-10, 18:47:58, with, /
2022-12-10, 18:48:10, with, /
2022-12-10, 18:48:22, with, /
2022-12-10, 18:48:34, with, /
2022-12-10, 18:48:46, with, /
2022-12-10, 18:48:58, with, /
2022-12-10, 18:49:10, with, /
2022-12-10, 18:49:22, with, /
2022-12-10, 18:49:34, with, /
2022-12-10, 18:49:46, with, /
2022-12-10, 18:49:59, with, /
2022-12-10, 18:50:11, with, /
2022-12-10, 18:50:23, with, /
2022-12-10, 18:50:35, with, /
2022-12-10, 18:50:47, with, /
2022-12-10, 18:50:59, with, /
2022-12-10, 18:51:11, with, /
2022-12-10, 18:51:23, with, /
2022-12-10, 18:51:35, with, /
2022-12-10, 18:51:47, with, /
2022-12-10, 18:51:59, with, /
2022-12-10, 18:52:11, with, /
2022-12-10, 18:52:23, with, /
2022-12-10, 18:52:35, with, /
2022-12-10, 18:52:47, with, /
2022-12-10, 18:52:59, with, /
2022-12-10, 18:53:11, with, /
2022-12-10, 18:53:23, with, /
2022-12-10, 18:53:35, with, /
2022-12-10, 18:53:47, with, /
2022-12-10, 18:53:59, with, /
2022-12-10, 18:54:11, with, /
2022-12-10, 18:54:23, with, /
2022-12-10, 18:54:35, with, /
2022-12-10, 18:54:47, with, /
2022-12-10, 18:54:59, with, /
2022-12-10, 18:55:11, with, /
2022-12-10, 18:55:23, with, /
2022-12-10, 18:55:35, with, /
2022-12-10, 18:55:47, with, /
2022-12-10, 18:55:59, with, /
2022-12-10, 18:56:11, with, /
2022-12-10, 18:56:23, with, /
2022-12-10, 18:56:35, with, /
2022-12-10, 18:56:47, with, /
2022-12-10, 18:56:59, with, /
2022-12-10, 18:57:11, with, /
2022-12-10, 18:57:24, with, /
2022-12-10, 18:57:36, with, /
2022-12-10, 18:57:48, with, /
2022-12-10, 18:58:00, with, /
2022-12-10, 18:58:12, with, /
2022-12-10, 18:58:24, with, /
2022-12-10, 18:58:36, with, /
2022-12-10, 18:58:48, with, /
2022-12-10, 18:59:00, with, /
2022-12-10, 18:59:12, with, /
2022-12-10, 18:59:24, with, /
2022-12-10, 18:59:36, with, /
2022-12-10, 18:59:48, with, /
2022-12-10, 19:00:00, with, /
2022-12-10, 19:00:12, with, /
2022-12-10, 19:00:24, with, /
2022-12-10, 19:00:36, with, /
2022-12-10, 19:00:48, with, /
2022-12-10, 19:01:00, with, /
2022-12-10, 19:01:12, with, /
2022-12-10, 19:01:24, with, /
2022-12-10, 19:01:36, with, /
2022-12-10, 19:01:48, with, /
2022-12-10, 19:02:00, with, /
2022-12-10, 19:02:12, with, /
2022-12-10, 19:02:24, with, /
2022-12-10, 19:02:36, with, /
2022-12-10, 19:02:48, with, /
2022-12-10, 19:03:00, with, /
2022-12-10, 19:03:12, with, /
2022-12-10, 19:03:24, with, /
2022-12-10, 19:03:36, with, /
2022-12-10, 19:03:48, with, /
2022-12-10, 19:04:00, with, /
2022-12-10, 19:04:12, with, /
2022-12-10, 19:04:24, with, /
2022-12-10, 19:04:36, with, /
2022-12-10, 19:04:48, with, /
2022-12-10, 19:05:01, with, /
2022-12-10, 19:05:13, with, /
2022-12-10, 19:05:25, with, /
2022-12-10, 19:05:37, with, /
2022-12-10, 19:05:49, with, /
2022-12-10, 19:06:01, with, /
2022-12-10, 19:06:13, with, /
2022-12-10, 19:06:25, with, /
2022-12-10, 19:06:37, with, /
2022-12-10, 19:06:49, with, /
2022-12-10, 19:07:01, with, /
2022-12-10, 19:07:13, with, /
2022-12-10, 19:07:25, with, /
2022-12-10, 19:07:37, with, /
2022-12-10, 19:07:49, with, /
2022-12-10, 19:08:01, with, /
2022-12-10, 19:08:13, with, /
2022-12-10, 19:08:25, with, /
2022-12-10, 19:08:37, with, /
2022-12-10, 19:08:49, with, /
2022-12-10, 19:09:01, with, /
2022-12-10, 19:09:13, with, /
2022-12-10, 19:09:25, with, /
2022-12-10, 19:09:37, with, /
2022-12-10, 19:09:49, with, /
2022-12-10, 19:10:01, with, /
2022-12-10, 19:10:13, with, /
2022-12-10, 19:10:25, with, /
2022-12-10, 19:10:37, with, /
2022-12-10, 19:10:49, with, /
2022-12-10, 19:11:01, with, /
2022-12-10, 19:11:13, with, /
2022-12-10, 19:11:25, with, /
2022-12-10, 19:11:37, with, /
2022-12-10, 19:11:49, with, /
2022-12-10, 19:12:01, with, /
2022-12-10, 19:12:13, with, /
2022-12-10, 19:12:25, with, /
2022-12-10, 19:12:37, with, /
2022-12-10, 19:12:50, with, /
2022-12-10, 19:13:02, with, /
2022-12-10, 19:13:14, with, /
2022-12-10, 19:13:26, with, /
2022-12-10, 19:13:38, with, /
2022-12-10, 19:13:50, with, /
2022-12-10, 19:14:02, with, /
2022-12-10, 19:14:14, with, /
2022-12-10, 19:14:26, with, /
2022-12-10, 19:14:38, with, /
2022-12-10, 19:14:50, with, /
2022-12-10, 19:15:02, with, /
2022-12-10, 19:15:14, with, /
2022-12-10, 19:15:26, with, /
2022-12-10, 19:15:38, with, /
2022-12-10, 19:15:50, with, /
2022-12-10, 19:16:02, with, /
2022-12-10, 19:16:14, with, /
2022-12-10, 19:16:26, with, /
2022-12-10, 19:16:38, with, /
2022-12-10, 19:16:50, with, /
2022-12-10, 19:17:02, with, /
2022-12-10, 19:17:14, with, /
2022-12-10, 19:17:26, with, /
2022-12-10, 19:17:38, with, /
2022-12-10, 19:17:50, with, /
2022-12-10, 19:18:02, with, /
2022-12-10, 19:18:14, with, /
2022-12-10, 19:18:26, with, /
2022-12-10, 19:18:38, with, /
2022-12-10, 19:18:50, with, /
2022-12-10, 19:19:02, with, /
2022-12-10, 19:19:14, with, /
2022-12-10, 19:19:26, with, /
2022-12-10, 19:19:38, with, /
2022-12-10, 19:19:50, with, /
2022-12-10, 19:20:02, with, /
2022-12-10, 19:20:15, with, /
2022-12-10, 19:20:27, with, /
2022-12-10, 19:20:39, with, /
2022-12-10, 19:20:51, with, /
2022-12-10, 19:21:03, with, /
2022-12-10, 19:21:15, with, /
2022-12-10, 19:21:27, with, /
2022-12-10, 19:21:39, with, /
2022-12-10, 19:21:51, with, /
2022-12-10, 19:22:03, with, /
2022-12-10, 19:22:15, with, /
2022-12-10, 19:22:27, with, /
2022-12-10, 19:22:39, with, /
2022-12-10, 19:22:51, with, /
2022-12-10, 19:23:03, with, /
2022-12-10, 19:23:15, with, /
2022-12-10, 19:23:27, with, /
2022-12-10, 19:23:39, with, /
2022-12-10, 19:23:51, with, /
2022-12-10, 19:24:03, with, /
2022-12-10, 19:24:15, with, /
2022-12-10, 19:24:27, with, /
2022-12-10, 19:24:39, with, /
2022-12-10, 19:24:51, with, /
2022-12-10, 19:25:03, with, /
2022-12-10, 19:25:15, with, /
2022-12-10, 19:25:27, with, /
2022-12-10, 19:25:39, with, /
2022-12-10, 19:25:51, with, /
2022-12-10, 19:26:03, with, /
2022-12-10, 19:26:15, with, /
2022-12-10, 19:26:27, with, /
2022-12-10, 19:26:39, with, /
2022-12-10, 19:26:51, with, /
2022-12-10, 19:27:03, with, /
2022-12-10, 19:27:15, with, /
2022-12-10, 19:27:27, with, /
2022-12-10, 19:27:40, with, /
2022-12-10, 19:27:52, with, /
2022-12-10, 19:28:04, with, /
2022-12-10, 19:28:16, with, /
2022-12-10, 19:28:28, with, /
2022-12-10, 19:28:40, with, /
2022-12-10, 19:28:52, with, /
2022-12-10, 19:29:04, with, /
2022-12-10, 19:29:16, with, /
2022-12-10, 19:29:28, with, /
2022-12-10, 19:29:40, with, /
2022-12-10, 19:29:52, with, /
2022-12-10, 19:30:04, with, /
2022-12-10, 19:30:16, with, /
2022-12-10, 19:30:28, with, /
2022-12-10, 19:30:40, with, /
2022-12-10, 19:30:52, with, /
2022-12-10, 19:31:04, with, /
2022-12-10, 19:31:16, with, /
2022-12-10, 19:31:28, with, /
2022-12-10, 19:31:40, with, /
2022-12-10, 19:31:52, with, /
2022-12-10, 19:32:04, with, /
2022-12-10, 19:32:16, with, /
2022-12-10, 19:32:28, with, /
2022-12-10, 19:32:40, with, /
2022-12-10, 19:32:52, with, /
2022-12-10, 19:33:04, with, /
2022-12-10, 19:33:16, with, /
2022-12-10, 19:33:28, with, /
2022-12-10, 19:33:40, with, /
2022-12-10, 19:33:52, with, /
2022-12-10, 19:34:04, with, /
2022-12-10, 19:34:16, with, /
2022-12-10, 19:34:28, with, /
2022-12-10, 19:34:40, with, /
2022-12-10, 19:34:52, with, /
2022-12-10, 19:35:05, with, /
2022-12-10, 19:35:17, with, /
2022-12-10, 19:35:29, with, /
2022-12-10, 19:35:41, with, /
2022-12-10, 19:35:53, with, /
2022-12-10, 19:36:05, with, /
2022-12-10, 19:36:17, with, /
2022-12-10, 19:36:29, with, /
2022-12-10, 19:36:41, with, /
2022-12-10, 19:36:53, with, /
2022-12-10, 19:37:05, with, /
2022-12-10, 19:37:17, with, /
2022-12-10, 19:37:29, with, /
2022-12-10, 19:37:41, with, /
2022-12-10, 19:37:53, with, /
2022-12-10, 19:38:05, with, /
2022-12-10, 19:38:17, with, /
2022-12-10, 19:38:29, with, /
2022-12-10, 19:38:41, with, /
2022-12-10, 19:38:53, with, /
2022-12-10, 19:39:05, with, /
2022-12-10, 19:39:17, with, /
2022-12-10, 19:39:29, with, /
2022-12-10, 19:39:41, with, /
2022-12-10, 19:39:53, with, /
2022-12-10, 19:40:05, with, /
2022-12-10, 19:40:17, with, /
2022-12-10, 19:40:29, with, /
2022-12-10, 19:40:41, with, /
2022-12-10, 19:40:53, with, /
2022-12-10, 19:41:05, with, /
2022-12-10, 19:41:17, with, /
2022-12-10, 19:41:29, with, /
2022-12-10, 19:41:41, with, /
2022-12-10, 19:41:53, with, /
2022-12-10, 19:42:05, with, /
2022-12-10, 19:42:17, with, /
2022-12-10, 19:42:29, with, /
2022-12-10, 19:42:42, with, /
2022-12-10, 19:42:54, with, /
2022-12-10, 19:43:06, with, /
2022-12-10, 19:43:18, with, /
2022-12-10, 19:43:30, with, /
2022-12-10, 19:43:42, with, /
2022-12-10, 19:43:54, with, /
2022-12-10, 19:44:06, with, /
2022-12-10, 19:44:18, with, /
2022-12-10, 19:44:30, with, /
2022-12-10, 19:44:42, with, /
2022-12-10, 19:44:54, with, /
2022-12-10, 19:45:06, with, /
2022-12-10, 19:45:18, with, /
2022-12-10, 19:45:30, with, /
2022-12-10, 19:45:42, with, /
2022-12-10, 19:45:54, with, /
2022-12-10, 19:46:06, with, /
2022-12-10, 19:46:18, with, /
2022-12-10, 19:46:30, with, /
2022-12-10, 19:46:42, with, /
2022-12-10, 19:46:54, with, /
2022-12-10, 19:47:06, with, /
2022-12-10, 19:47:18, with, /
2022-12-10, 19:47:30, with, /
2022-12-10, 19:47:42, with, /
2022-12-10, 19:47:54, with, /
2022-12-10, 19:48:06, with, /
2022-12-10, 19:48:18, with, /
2022-12-10, 19:48:30, with, /
2022-12-10, 19:48:42, with, /
2022-12-10, 19:48:54, with, /
2022-12-10, 19:49:06, with, /
2022-12-10, 19:49:18, with, /
2022-12-10, 19:49:30, with, /
2022-12-10, 19:49:42, with, /
2022-12-10, 19:49:54, with, /
2022-12-10, 19:50:06, with, /
2022-12-10, 19:50:19, with, /
2022-12-10, 19:50:31, with, /
2022-12-10, 19:50:43, with, /
2022-12-10, 19:50:55, with, /
2022-12-10, 19:51:07, with, /
2022-12-10, 19:51:19, with, /
2022-12-10, 19:51:31, with, /
2022-12-10, 19:51:43, with, /
2022-12-10, 19:51:55, with, /
2022-12-10, 19:52:07, with, /
2022-12-10, 19:52:19, with, /
2022-12-10, 19:52:31, with, /
2022-12-10, 19:52:43, with, /
2022-12-10, 19:52:55, with, /
2022-12-10, 19:53:07, with, /
2022-12-10, 19:53:19, with, /
2022-12-10, 19:53:31, with, /
2022-12-10, 19:53:43, with, /
2022-12-10, 19:53:55, with, /
2022-12-10, 19:54:07, with, /
2022-12-10, 19:54:19, with, /
2022-12-10, 19:54:31, with, /
2022-12-10, 19:54:43, with, /
2022-12-10, 19:54:55, with, /
2022-12-10, 19:55:07, with, /
2022-12-10, 19:55:19, with, /
2022-12-10, 19:55:31, with, /
2022-12-10, 19:55:43, with, /
2022-12-10, 19:55:55, with, /
2022-12-10, 19:56:07, with, /
2022-12-10, 19:56:19, with, /
2022-12-10, 19:56:31, with, /
2022-12-10, 19:56:43, with, /
2022-12-10, 19:56:55, with, /
2022-12-10, 19:57:07, with, /
2022-12-10, 19:57:19, with, /
2022-12-10, 19:57:31, with, /
2022-12-10, 19:57:44, with, /
2022-12-10, 19:57:56, with, /
2022-12-10, 19:58:08, with, /
2022-12-10, 19:58:20, with, /
2022-12-10, 19:58:32, with, /
2022-12-10, 19:58:44, with, /
2022-12-10, 19:58:56, with, /
2022-12-10, 19:59:08, with, /
2022-12-10, 19:59:20, with, /
2022-12-10, 19:59:32, with, /
2022-12-10, 19:59:44, with, /
2022-12-10, 19:59:56, with, /
2022-12-10, 20:00:08, with, /
2022-12-10, 20:00:20, with, /
2022-12-10, 20:00:32, with, /
2022-12-10, 20:00:44, with, /
2022-12-10, 20:00:56, with, /
2022-12-10, 20:01:08, with, /
2022-12-10, 20:01:20, with, /
2022-12-10, 20:01:32, with, /
2022-12-10, 20:01:44, with, /
2022-12-10, 20:01:56, with, /
2022-12-10, 20:02:08, with, /
2022-12-10, 20:02:20, with, /
2022-12-10, 20:02:32, with, /
2022-12-10, 20:02:44, with, /
2022-12-10, 20:02:56, with, /
2022-12-10, 20:03:08, with, /
2022-12-10, 20:03:20, with, /
2022-12-10, 20:03:32, with, /
2022-12-10, 20:03:44, with, /
2022-12-10, 20:03:56, with, /
2022-12-10, 20:04:08, with, /
2022-12-10, 20:04:20, with, /
2022-12-10, 20:04:32, with, /
2022-12-10, 20:04:44, with, /
2022-12-10, 20:04:56, with, /
2022-12-10, 20:05:09, with, /
2022-12-10, 20:05:21, with, /
2022-12-10, 20:05:33, with, /
2022-12-10, 20:05:45, with, /
2022-12-10, 20:05:57, with, /
2022-12-10, 20:06:09, with, /
2022-12-10, 20:06:21, with, /
2022-12-10, 20:06:33, with, /
2022-12-10, 20:06:45, with, /
2022-12-10, 20:06:57, with, /
2022-12-10, 20:07:09, with, /
2022-12-10, 20:07:21, with, /
2022-12-10, 20:07:33, with, /
2022-12-10, 20:07:45, with, /
2022-12-10, 20:07:57, with, /
2022-12-10, 20:08:09, with, /
2022-12-10, 20:08:21, with, /
2022-12-10, 20:08:33, with, /
2022-12-10, 20:08:45, with, /
2022-12-10, 20:08:57, with, /
2022-12-10, 20:09:09, with, /
2022-12-10, 20:09:21, with, /
2022-12-10, 20:09:33, with, /
2022-12-10, 20:09:45, with, /
2022-12-10, 20:09:57, with, /
2022-12-10, 20:10:09, with, /
2022-12-10, 20:10:21, with, /
2022-12-10, 20:10:33, with, /
2022-12-10, 20:10:45, with, /
2022-12-10, 20:10:57, with, /
2022-12-10, 20:11:09, with, /
2022-12-10, 20:11:21, with, /
2022-12-10, 20:11:33, with, /
2022-12-10, 20:11:45, with, /
2022-12-10, 20:11:57, with, /
2022-12-10, 20:12:09, with, /
2022-12-10, 20:12:21, with, /
2022-12-10, 20:12:34, with, /
2022-12-10, 20:12:46, with, /
2022-12-10, 20:12:58, with, /
2022-12-10, 20:13:10, with, /
2022-12-10, 20:13:22, with, /
2022-12-10, 20:13:34, with, /
2022-12-10, 20:13:46, with, /
2022-12-10, 20:13:58, with, /
2022-12-10, 20:14:10, with, /
2022-12-10, 20:14:22, with, /
2022-12-10, 20:14:34, with, /
2022-12-10, 20:14:46, with, /
2022-12-10, 20:14:58, with, /
2022-12-10, 20:15:10, with, /
2022-12-10, 20:15:22, with, /
2022-12-10, 20:15:34, with, /
2022-12-10, 20:15:46, with, /
2022-12-10, 20:15:58, with, /
2022-12-10, 20:16:10, with, /
2022-12-10, 20:16:22, with, /
2022-12-10, 20:16:34, with, /
2022-12-10, 20:16:46, with, /
2022-12-10, 20:16:58, with, /
2022-12-10, 20:17:10, with, /
2022-12-10, 20:17:22, with, /
2022-12-10, 20:17:34, with, /
2022-12-10, 20:17:46, with, /
2022-12-10, 20:17:58, with, /
2022-12-10, 20:18:10, with, /
2022-12-10, 20:18:22, with, /
2022-12-10, 20:18:34, with, /
2022-12-10, 20:18:46, with, /
2022-12-10, 20:18:58, with, /
2022-12-10, 20:19:10, with, /
2022-12-10, 20:19:22, with, /
2022-12-10, 20:19:34, with, /
2022-12-10, 20:19:47, with, /
2022-12-10, 20:19:59, with, /
2022-12-10, 20:20:11, with, /
2022-12-10, 20:20:23, with, /
2022-12-10, 20:20:35, with, /
2022-12-10, 20:20:47, with, /
2022-12-10, 20:20:59, with, /
2022-12-10, 20:21:11, with, /
2022-12-10, 20:21:23, with, /
2022-12-10, 20:21:35, with, /
2022-12-10, 20:21:47, with, /
2022-12-10, 20:21:59, with, /
2022-12-10, 20:22:11, with, /
2022-12-10, 20:22:23, with, /
2022-12-10, 20:22:35, with, /
2022-12-10, 20:22:47, with, /
2022-12-10, 20:22:59, with, /
2022-12-10, 20:23:11, with, /
2022-12-10, 20:23:23, with, /
2022-12-10, 20:23:35, with, /
2022-12-10, 20:23:47, with, /
2022-12-10, 20:23:59, with, /
2022-12-10, 20:24:11, with, /
2022-12-10, 20:24:23, with, /
2022-12-10, 20:24:35, with, /
2022-12-10, 20:24:47, with, /
2022-12-10, 20:24:59, with, /
2022-12-10, 20:25:11, with, /
2022-12-10, 20:25:23, with, /
2022-12-10, 20:25:35, with, /
2022-12-10, 20:25:47, with, /
2022-12-10, 20:25:59, with, /
2022-12-10, 20:26:11, with, /
2022-12-10, 20:26:23, with, /
2022-12-10, 20:26:35, with, /
2022-12-10, 20:26:47, with, /
2022-12-10, 20:26:59, with, /
2022-12-10, 20:27:12, with, /
2022-12-10, 20:27:24, with, /
2022-12-10, 20:27:36, with, /
2022-12-10, 20:27:48, with, /
2022-12-10, 20:28:00, with, /
2022-12-10, 20:28:12, with, /
2022-12-10, 20:28:24, with, /
2022-12-10, 20:28:36, with, /
2022-12-10, 20:28:48, with, /
2022-12-10, 20:29:00, with, /
2022-12-10, 20:29:12, with, /
2022-12-10, 20:29:24, with, /
2022-12-10, 20:29:36, with, /
2022-12-10, 20:29:48, with, /
2022-12-10, 20:30:00, with, /
2022-12-10, 20:30:12, with, /
2022-12-10, 20:30:24, with, /
2022-12-10, 20:30:36, with, /
2022-12-10, 20:30:48, with, /
2022-12-10, 20:31:00, with, /
2022-12-10, 20:31:12, with, /
2022-12-10, 20:31:24, with, /
2022-12-10, 20:31:36, with, /
2022-12-10, 20:31:48, with, /
2022-12-10, 20:32:00, with, /
2022-12-10, 20:32:12, with, /
2022-12-10, 20:32:24, with, /
2022-12-10, 20:32:36, with, /
2022-12-10, 20:32:48, with, /
2022-12-10, 20:33:00, with, /
2022-12-10, 20:33:12, with, /
2022-12-10, 20:33:24, with, /
2022-12-10, 20:33:36, with, /
2022-12-10, 20:33:48, with, /
2022-12-10, 20:34:00, with, /
2022-12-10, 20:34:12, with, /
2022-12-10, 20:34:24, with, /
2022-12-10, 20:34:37, with, /
2022-12-10, 20:34:49, with, /
2022-12-10, 20:35:01, with, /
2022-12-10, 20:35:13, with, /
2022-12-10, 20:35:25, with, /
2022-12-10, 20:35:37, with, /
2022-12-10, 20:35:49, with, /
2022-12-10, 20:36:01, with, /
2022-12-10, 20:36:13, with, /
2022-12-10, 20:36:25, with, /
2022-12-10, 20:36:37, with, /
2022-12-10, 20:36:49, with, /
2022-12-10, 20:37:01, with, /
2022-12-10, 20:37:13, with, /
2022-12-10, 20:37:25, with, /
2022-12-10, 20:37:37, with, /
2022-12-10, 20:37:49, with, /
2022-12-10, 20:38:01, with, /
2022-12-10, 20:38:13, with, /
2022-12-10, 20:38:25, with, /
2022-12-10, 20:38:37, with, /
2022-12-10, 20:38:49, with, /
2022-12-10, 20:39:01, with, /
2022-12-10, 20:39:13, with, /
2022-12-10, 20:39:25, with, /
2022-12-10, 20:39:37, with, /
2022-12-10, 20:39:49, with, /
2022-12-10, 20:40:01, with, /
2022-12-10, 20:40:13, with, /
2022-12-10, 20:40:25, with, /
2022-12-10, 20:40:37, with, /
2022-12-10, 20:40:49, with, /
2022-12-10, 20:41:01, with, /
2022-12-10, 20:41:13, with, /
2022-12-10, 20:41:25, with, /
2022-12-10, 20:41:37, with, /
2022-12-10, 20:41:50, with, /
2022-12-10, 20:42:02, with, /
2022-12-10, 20:42:14, with, /
2022-12-10, 20:42:26, with, /
2022-12-10, 20:42:38, with, /
2022-12-10, 20:42:50, with, /
2022-12-10, 20:43:02, with, /
2022-12-10, 20:43:14, with, /
2022-12-10, 20:43:26, with, /
2022-12-10, 20:43:38, with, /
2022-12-10, 20:43:50, with, /
2022-12-10, 20:44:02, with, /
2022-12-10, 20:44:14, with, /
2022-12-10, 20:44:26, with, /
2022-12-10, 20:44:38, with, /
2022-12-10, 20:44:50, with, /
2022-12-10, 20:45:02, with, /
2022-12-10, 20:45:14, with, /
2022-12-10, 20:45:26, with, /
2022-12-10, 20:45:38, with, /
2022-12-10, 20:45:50, with, /
2022-12-10, 20:46:02, with, /
2022-12-10, 20:46:14, with, /
2022-12-10, 20:46:26, with, /
2022-12-10, 20:46:38, with, /
2022-12-10, 20:46:50, with, /
2022-12-10, 20:47:02, with, /
2022-12-10, 20:47:14, with, /
2022-12-10, 20:47:26, with, /
2022-12-10, 20:47:38, with, /
2022-12-10, 20:47:50, with, /
2022-12-10, 20:48:02, with, /
2022-12-10, 20:48:14, with, /
2022-12-10, 20:48:26, with, /
2022-12-10, 20:48:38, with, /
2022-12-10, 20:48:50, with, /
2022-12-10, 20:49:02, with, /
2022-12-10, 20:49:15, with, /
2022-12-10, 20:49:27, with, /
2022-12-10, 20:49:39, with, /
2022-12-10, 20:49:51, with, /
2022-12-10, 20:50:03, with, /
2022-12-10, 20:50:15, with, /
2022-12-10, 20:50:27, with, /
2022-12-10, 20:50:39, with, /
2022-12-10, 20:50:51, with, /
2022-12-10, 20:51:03, with, /
2022-12-10, 20:51:15, with, /
2022-12-10, 20:51:27, with, /
2022-12-10, 20:51:39, with, /
2022-12-10, 20:51:51, with, /
2022-12-10, 20:52:03, with, /
2022-12-10, 20:52:15, with, /
2022-12-10, 20:52:27, with, /
2022-12-10, 20:52:39, with, /
2022-12-10, 20:52:51, with, /
2022-12-10, 20:53:03, with, /
2022-12-10, 20:53:15, with, /
2022-12-10, 20:53:27, with, /
2022-12-10, 20:53:39, with, /
2022-12-10, 20:53:51, with, /
2022-12-10, 20:54:03, with, /
2022-12-10, 20:54:15, with, /
2022-12-10, 20:54:27, with, /
2022-12-10, 20:54:39, with, /
2022-12-10, 20:54:51, with, /
2022-12-10, 20:55:03, with, /
2022-12-10, 20:55:15, with, /
2022-12-10, 20:55:27, with, /
2022-12-10, 20:55:39, with, /
2022-12-10, 20:55:51, with, /
2022-12-10, 20:56:03, with, /
2022-12-10, 20:56:15, with, /
2022-12-10, 20:56:27, with, /
2022-12-10, 20:56:40, with, /
2022-12-10, 20:56:52, with, /
2022-12-10, 20:57:04, with, /
2022-12-10, 20:57:16, with, /
2022-12-10, 20:57:28, with, /
2022-12-10, 20:57:40, with, /
2022-12-10, 20:57:52, with, /
2022-12-10, 20:58:04, with, /
2022-12-10, 20:58:16, with, /
2022-12-10, 20:58:28, with, /
2022-12-10, 20:58:40, with, /
2022-12-10, 20:58:52, with, /
2022-12-10, 20:59:04, with, /
2022-12-10, 20:59:16, with, /
2022-12-10, 20:59:28, with, /
2022-12-10, 20:59:40, with, /
2022-12-10, 20:59:52, with, /
2022-12-10, 21:00:04, with, /
2022-12-10, 21:00:16, with, /
2022-12-10, 21:00:28, with, /
2022-12-10, 21:00:40, with, /
2022-12-10, 21:00:52, with, /
2022-12-10, 21:01:04, with, /
2022-12-10, 21:01:16, with, /
2022-12-10, 21:01:28, with, /
2022-12-10, 21:01:40, with, /
2022-12-10, 21:01:52, with, /
2022-12-10, 21:02:04, with, /
2022-12-10, 21:02:16, with, /
2022-12-10, 21:02:28, with, /
2022-12-10, 21:02:40, with, /
2022-12-10, 21:02:52, with, /
2022-12-10, 21:03:04, with, /
2022-12-10, 21:03:16, with, /
2022-12-10, 21:03:28, with, /
2022-12-10, 21:03:40, with, /
2022-12-10, 21:03:52, with, /
2022-12-10, 21:04:05, with, /
2022-12-10, 21:04:17, with, /
2022-12-10, 21:04:29, with, /
2022-12-10, 21:04:41, with, /
2022-12-10, 21:04:53, with, /
2022-12-10, 21:05:05, with, /
2022-12-10, 21:05:17, with, /
2022-12-10, 21:05:29, with, /
2022-12-10, 21:05:41, with, /
2022-12-10, 21:05:53, with, /
2022-12-10, 21:06:05, with, /
2022-12-10, 21:06:17, with, /
2022-12-10, 21:06:29, with, /
2022-12-10, 21:06:41, with, /
2022-12-10, 21:06:53, with, /
2022-12-10, 21:07:05, with, /
2022-12-10, 21:07:17, with, /
2022-12-10, 21:07:29, with, /
2022-12-10, 21:07:41, with, /
2022-12-10, 21:07:53, with, /
2022-12-10, 21:08:05, with, /
2022-12-10, 21:08:17, with, /
2022-12-10, 21:08:29, with, /
2022-12-10, 21:08:41, with, /
2022-12-10, 21:08:53, with, /
2022-12-10, 21:09:05, with, /
2022-12-10, 21:09:17, with, /
2022-12-10, 21:09:29, with, /
2022-12-10, 21:09:41, with, /
2022-12-10, 21:09:53, with, /
2022-12-10, 21:10:05, with, /
2022-12-10, 21:10:17, with, /
2022-12-10, 21:10:29, with, /
2022-12-10, 21:10:41, with, /
2022-12-10, 21:10:53, with, /
2022-12-10, 21:11:05, with, /
2022-12-10, 21:11:18, with, /
2022-12-10, 21:11:30, with, /
2022-12-10, 21:11:42, with, /
2022-12-10, 21:11:54, with, /
2022-12-10, 21:12:06, with, /
2022-12-10, 21:12:18, with, /
2022-12-10, 21:12:30, with, /
2022-12-10, 21:12:42, with, /
2022-12-10, 21:12:54, with, /
2022-12-10, 21:13:06, with, /
2022-12-10, 21:13:18, with, /
2022-12-10, 21:13:30, with, /
2022-12-10, 21:13:42, with, /
2022-12-10, 21:13:54, with, /
2022-12-10, 21:14:06, with, /
2022-12-10, 21:14:18, with, /
2022-12-10, 21:14:30, with, /
2022-12-10, 21:14:42, with, /
2022-12-10, 21:14:54, with, /
2022-12-10, 21:15:06, with, /
2022-12-10, 21:15:18, with, /
2022-12-10, 21:15:30, with, /
2022-12-10, 21:15:42, with, /
2022-12-10, 21:15:54, with, /
2022-12-10, 21:16:06, with, /
2022-12-10, 21:16:18, with, /
2022-12-10, 21:16:30, with, /
2022-12-10, 21:16:42, with, /
2022-12-10, 21:16:54, with, /
2022-12-10, 21:17:06, with, /
2022-12-10, 21:17:18, with, /
2022-12-10, 21:17:30, with, /
2022-12-10, 21:17:42, with, /
2022-12-10, 21:17:54, with, /
2022-12-10, 21:18:06, with, /
2022-12-10, 21:18:18, with, /
2022-12-10, 21:18:30, with, /
2022-12-10, 21:18:43, with, /
2022-12-10, 21:18:55, with, /
2022-12-10, 21:19:07, with, /
2022-12-10, 21:19:19, with, /
2022-12-10, 21:19:31, with, /
2022-12-10, 21:19:43, with, /
2022-12-10, 21:19:55, with, /
2022-12-10, 21:20:07, with, /
2022-12-10, 21:20:19, with, /
2022-12-10, 21:20:31, with, /
2022-12-10, 21:20:43, with, /
2022-12-10, 21:20:55, with, /
2022-12-10, 21:21:07, with, /
2022-12-10, 21:21:19, with, /
2022-12-10, 21:21:31, with, /
2022-12-10, 21:21:43, with, /
2022-12-10, 21:21:55, with, /
2022-12-10, 21:22:07, with, /
2022-12-10, 21:22:19, with, /
2022-12-10, 21:22:31, with, /
2022-12-10, 21:22:43, with, /
2022-12-10, 21:22:55, with, /
2022-12-10, 21:23:07, with, /
2022-12-10, 21:23:19, with, /
2022-12-10, 21:23:31, with, /
2022-12-10, 21:23:43, with, /
2022-12-10, 21:23:55, with, /
2022-12-10, 21:24:07, with, /
2022-12-10, 21:24:19, with, /
2022-12-10, 21:24:31, with, /
2022-12-10, 21:24:43, with, /
2022-12-10, 21:24:55, with, /
2022-12-10, 21:25:07, with, /
2022-12-10, 21:25:19, with, /
2022-12-10, 21:25:31, with, /
2022-12-10, 21:25:43, with, /
2022-12-10, 21:25:56, with, /
2022-12-10, 21:26:08, with, /
2022-12-10, 21:26:20, with, /
2022-12-10, 21:26:32, with, /
2022-12-10, 21:26:44, with, /
2022-12-10, 21:26:56, with, /
2022-12-10, 21:27:08, with, /
2022-12-10, 21:27:20, with, /
2022-12-10, 21:27:32, with, /
2022-12-10, 21:27:44, with, /
2022-12-10, 21:27:56, with, /
2022-12-10, 21:28:08, with, /
2022-12-10, 21:28:20, with, /
2022-12-10, 21:28:32, with, /
2022-12-10, 21:28:44, with, /
2022-12-10, 21:28:56, with, /
2022-12-10, 21:29:08, with, /
2022-12-10, 21:29:20, with, /
2022-12-10, 21:29:32, with, /
2022-12-10, 21:29:44, with, /
2022-12-10, 21:29:56, with, /
2022-12-10, 21:30:08, with, /
2022-12-10, 21:30:20, with, /
2022-12-10, 21:30:32, with, /
2022-12-10, 21:30:44, with, /
2022-12-10, 21:30:56, with, /
2022-12-10, 21:31:08, with, /
2022-12-10, 21:31:20, with, /
2022-12-10, 21:31:32, with, /
2022-12-10, 21:31:44, with, /
2022-12-10, 21:31:56, with, /
2022-12-10, 21:32:08, with, /
2022-12-10, 21:32:20, with, /
2022-12-10, 21:32:32, with, /
2022-12-10, 21:32:44, with, /
2022-12-10, 21:32:56, with, /
2022-12-10, 21:33:08, with, /
2022-12-10, 21:33:21, with, /
2022-12-10, 21:33:33, with, /
2022-12-10, 21:33:45, with, /
2022-12-10, 21:33:57, with, /
2022-12-10, 21:34:09, with, /
2022-12-10, 21:34:21, with, /
2022-12-10, 21:34:33, with, /
2022-12-10, 21:34:45, with, /
2022-12-10, 21:34:57, with, /
2022-12-10, 21:35:09, with, /
2022-12-10, 21:35:21, with, /
2022-12-10, 21:35:33, with, /
2022-12-10, 21:35:45, with, /
2022-12-10, 21:35:57, with, /
2022-12-10, 21:36:09, with, /
2022-12-10, 21:36:21, with, /
2022-12-10, 21:36:33, with, /
2022-12-10, 21:36:45, with, /
2022-12-10, 21:36:57, with, /
2022-12-10, 21:37:09, with, /
2022-12-10, 21:37:21, with, /
2022-12-10, 21:37:33, with, /
2022-12-10, 21:37:45, with, /
2022-12-10, 21:37:57, with, /
2022-12-10, 21:38:09, with, /
2022-12-10, 21:38:21, with, /
2022-12-10, 21:38:33, with, /
2022-12-10, 21:38:45, with, /
2022-12-10, 21:38:57, with, /
2022-12-10, 21:39:09, with, /
2022-12-10, 21:39:21, with, /
2022-12-10, 21:39:33, with, /
2022-12-10, 21:39:45, with, /
2022-12-10, 21:39:57, with, /
2022-12-10, 21:40:09, with, /
2022-12-10, 21:40:21, with, /
2022-12-10, 21:40:33, with, /
2022-12-10, 21:40:46, with, /
2022-12-10, 21:40:58, with, /
2022-12-10, 21:41:10, with, /
2022-12-10, 21:41:22, with, /
2022-12-10, 21:41:34, with, /
2022-12-10, 21:41:46, with, /
2022-12-10, 21:41:58, with, /
2022-12-10, 21:42:10, with, /
2022-12-10, 21:42:22, with, /
2022-12-10, 21:42:34, with, /
2022-12-10, 21:42:46, with, /
2022-12-10, 21:42:58, with, /
2022-12-10, 21:43:10, with, /
2022-12-10, 21:43:22, with, /
2022-12-10, 21:43:34, with, /
2022-12-10, 21:43:46, with, /
2022-12-10, 21:43:58, with, /
2022-12-10, 21:44:10, with, /
2022-12-10, 21:44:22, with, /
2022-12-10, 21:44:34, with, /
2022-12-10, 21:44:46, with, /
2022-12-10, 21:44:58, with, /
2022-12-10, 21:45:10, with, /
2022-12-10, 21:45:22, with, /
2022-12-10, 21:45:34, with, /
2022-12-10, 21:45:46, with, /
2022-12-10, 21:45:58, with, /
2022-12-10, 21:46:10, with, /
2022-12-10, 21:46:22, with, /
2022-12-10, 21:46:34, with, /
2022-12-10, 21:46:46, with, /
2022-12-10, 21:46:58, with, /
2022-12-10, 21:47:10, with, /
2022-12-10, 21:47:22, with, /
2022-12-10, 21:47:34, with, /
2022-12-10, 21:47:46, with, /
2022-12-10, 21:47:58, with, /
2022-12-10, 21:48:11, with, /
2022-12-10, 21:48:23, with, /
2022-12-10, 21:48:35, with, /
2022-12-10, 21:48:47, with, /
2022-12-10, 21:48:59, with, /
2022-12-10, 21:49:11, with, /
2022-12-10, 21:49:23, with, /
2022-12-10, 21:49:35, with, /
2022-12-10, 21:49:47, with, /
2022-12-10, 21:49:59, with, /
2022-12-10, 21:50:11, with, /
2022-12-10, 21:50:23, with, /
2022-12-10, 21:50:35, with, /
2022-12-10, 21:50:47, with, /
2022-12-10, 21:50:59, with, /
2022-12-10, 21:51:11, with, /
2022-12-10, 21:51:23, with, /
2022-12-10, 21:51:35, with, /
2022-12-10, 21:51:47, with, /
2022-12-10, 21:51:59, with, /
2022-12-10, 21:52:11, with, /
2022-12-10, 21:52:23, with, /
2022-12-10, 21:52:35, with, /
2022-12-10, 21:52:47, with, /
2022-12-10, 21:52:59, with, /
2022-12-10, 21:53:11, with, /
2022-12-10, 21:53:23, with, /
2022-12-10, 21:53:35, with, /
2022-12-10, 21:53:47, with, /
2022-12-10, 21:53:59, with, /
2022-12-10, 21:54:11, with, /
2022-12-10, 21:54:23, with, /
2022-12-10, 21:54:35, with, /
2022-12-10, 21:54:47, with, /
2022-12-10, 21:54:59, with, /
2022-12-10, 21:55:11, with, /
2022-12-10, 21:55:24, with, /
2022-12-10, 21:55:36, with, /
2022-12-10, 21:55:48, with, /
2022-12-10, 21:56:00, with, /
2022-12-10, 21:56:12, with, /
2022-12-10, 21:56:24, with, /
2022-12-10, 21:56:36, with, /
2022-12-10, 21:56:48, with, /
2022-12-10, 21:57:00, with, /
2022-12-10, 21:57:12, with, /
2022-12-10, 21:57:24, with, /
2022-12-10, 21:57:36, with, /
2022-12-10, 21:57:48, with, /
2022-12-10, 21:58:00, with, /
2022-12-10, 21:58:12, with, /
2022-12-10, 21:58:24, with, /
2022-12-10, 21:58:36, with, /
2022-12-10, 21:58:48, with, /
2022-12-10, 21:59:00, with, /
2022-12-10, 21:59:12, with, /
2022-12-10, 21:59:24, with, /
2022-12-10, 21:59:36, with, /
2022-12-10, 21:59:48, with, /
2022-12-10, 22:00:00, with, /
2022-12-10, 22:00:12, with, /
2022-12-10, 22:00:24, with, /
2022-12-10, 22:00:36, with, /
2022-12-10, 22:00:48, with, /
2022-12-10, 22:01:00, with, /
2022-12-10, 22:01:12, with, /
2022-12-10, 22:01:24, with, /
2022-12-10, 22:01:36, with, /
2022-12-10, 22:01:48, with, /
2022-12-10, 22:02:00, with, /
2022-12-10, 22:02:12, with, /
2022-12-10, 22:02:24, with, /
2022-12-10, 22:02:36, with, /
2022-12-10, 22:02:49, with, /
2022-12-10, 22:03:01, with, /
2022-12-10, 22:03:13, with, /
2022-12-10, 22:03:25, with, /
2022-12-10, 22:03:37, with, /
2022-12-10, 22:03:49, with, /
2022-12-10, 22:04:01, with, /
2022-12-10, 22:04:13, with, /
2022-12-10, 22:04:25, with, /
2022-12-10, 22:04:37, with, /
2022-12-10, 22:04:49, with, /
2022-12-10, 22:05:01, with, /
2022-12-10, 22:05:13, with, /
2022-12-10, 22:05:25, with, /
2022-12-10, 22:05:37, with, /
2022-12-10, 22:05:49, with, /
2022-12-10, 22:06:01, with, /
2022-12-10, 22:06:13, with, /
2022-12-10, 22:06:25, with, /
2022-12-10, 22:06:37, with, /
2022-12-10, 22:06:49, with, /
2022-12-10, 22:07:01, with, /
2022-12-10, 22:07:13, with, /
2022-12-10, 22:07:25, with, /
2022-12-10, 22:07:37, with, /
2022-12-10, 22:07:49, with, /
2022-12-10, 22:08:01, with, /
2022-12-10, 22:08:13, with, /
2022-12-10, 22:08:25, with, /
2022-12-10, 22:08:37, with, /
2022-12-10, 22:08:49, with, /
2022-12-10, 22:09:01, with, /
2022-12-10, 22:09:13, with, /
2022-12-10, 22:09:25, with, /
2022-12-10, 22:09:37, with, /
2022-12-10, 22:09:49, with, /
2022-12-10, 22:10:01, with, /
2022-12-10, 22:10:14, with, /
2022-12-10, 22:10:26, with, /
2022-12-10, 22:10:38, with, /
2022-12-10, 22:10:50, with, /
2022-12-10, 22:11:02, with, /
2022-12-10, 22:11:14, with, /
2022-12-10, 22:11:26, with, /
2022-12-10, 22:11:38, with, /
2022-12-10, 22:11:50, with, /
2022-12-10, 22:12:02, with, /
2022-12-10, 22:12:14, with, /
2022-12-10, 22:12:26, with, /
2022-12-10, 22:12:38, with, /
2022-12-10, 22:12:50, with, /
2022-12-10, 22:13:02, with, /
2022-12-10, 22:13:14, with, /
2022-12-10, 22:13:26, with, /
2022-12-10, 22:13:38, with, /
2022-12-10, 22:13:50, with, /
2022-12-10, 22:14:02, with, /
2022-12-10, 22:14:14, with, /
2022-12-10, 22:14:26, with, /
2022-12-10, 22:14:38, with, /
2022-12-10, 22:14:50, with, /
2022-12-10, 22:15:02, with, /
2022-12-10, 22:15:14, with, /
2022-12-10, 22:15:26, with, /
2022-12-10, 22:15:38, with, /
2022-12-10, 22:15:50, with, /
2022-12-10, 22:16:02, with, /
2022-12-10, 22:16:14, with, /
2022-12-10, 22:16:26, with, /
2022-12-10, 22:16:38, with, /
2022-12-10, 22:16:50, with, /
2022-12-10, 22:17:02, with, /
2022-12-10, 22:17:14, with, /
2022-12-10, 22:17:27, with, /
2022-12-10, 22:17:39, with, /
2022-12-10, 22:17:51, with, /
2022-12-10, 22:18:03, with, /
2022-12-10, 22:18:15, with, /
2022-12-10, 22:18:27, with, /
2022-12-10, 22:18:39, with, /
2022-12-10, 22:18:51, with, /
2022-12-10, 22:19:03, with, /
2022-12-10, 22:19:15, with, /
2022-12-10, 22:19:27, with, /
2022-12-10, 22:19:39, with, /
2022-12-10, 22:19:51, with, /
2022-12-10, 22:20:03, with, /
2022-12-10, 22:20:15, with, /
2022-12-10, 22:20:27, with, /
2022-12-10, 22:20:39, with, /
2022-12-10, 22:20:51, with, /
2022-12-10, 22:21:03, with, /
2022-12-10, 22:21:15, with, /
2022-12-10, 22:21:27, with, /
2022-12-10, 22:21:39, with, /
2022-12-10, 22:21:51, with, /
2022-12-10, 22:22:03, with, /
2022-12-10, 22:22:15, with, /
2022-12-10, 22:22:27, with, /
2022-12-10, 22:22:39, with, /
2022-12-10, 22:22:51, with, /
2022-12-10, 22:23:03, with, /
2022-12-10, 22:23:15, with, /
2022-12-10, 22:23:27, with, /
2022-12-10, 22:23:39, with, /
2022-12-10, 22:23:51, with, /
2022-12-10, 22:24:03, with, /
2022-12-10, 22:24:15, with, /
2022-12-10, 22:24:27, with, /
2022-12-10, 22:24:39, with, /
2022-12-10, 22:24:51, with, /
2022-12-10, 22:25:04, with, /
2022-12-10, 22:25:16, with, /
2022-12-10, 22:25:28, with, /
2022-12-10, 22:25:40, with, /
2022-12-10, 22:25:52, with, /
2022-12-10, 22:26:04, with, /
2022-12-10, 22:26:16, with, /
2022-12-10, 22:26:28, with, /
2022-12-10, 22:26:40, with, /
2022-12-10, 22:26:52, with, /
2022-12-10, 22:27:04, with, /
2022-12-10, 22:27:16, with, /
2022-12-10, 22:27:28, with, /
2022-12-10, 22:27:40, with, /
2022-12-10, 22:27:52, with, /
2022-12-10, 22:28:04, with, /
2022-12-10, 22:28:16, with, /
2022-12-10, 22:28:28, with, /
2022-12-10, 22:28:40, with, /
2022-12-10, 22:28:52, with, /
2022-12-10, 22:29:04, with, /
2022-12-10, 22:29:16, with, /
2022-12-10, 22:29:28, with, /
2022-12-10, 22:29:40, with, /
2022-12-10, 22:29:52, with, /
2022-12-10, 22:30:04, with, /
2022-12-10, 22:30:16, with, /
2022-12-10, 22:30:28, with, /
2022-12-10, 22:30:40, with, /
2022-12-10, 22:30:52, with, /
2022-12-10, 22:31:04, with, /
2022-12-10, 22:31:16, with, /
2022-12-10, 22:31:28, with, /
2022-12-10, 22:31:40, with, /
2022-12-10, 22:31:52, with, /
2022-12-10, 22:32:04, with, /
2022-12-10, 22:32:16, with, /
2022-12-10, 22:32:28, with, /
2022-12-10, 22:32:40, with, /
2022-12-10, 22:32:53, with, /
2022-12-10, 22:33:05, with, /
2022-12-10, 22:33:17, with, /
2022-12-10, 22:33:29, with, /
2022-12-10, 22:33:41, with, /
2022-12-10, 22:33:53, with, /
2022-12-10, 22:34:05, with, /
2022-12-10, 22:34:17, with, /
2022-12-10, 22:34:29, with, /
2022-12-10, 22:34:41, with, /
2022-12-10, 22:34:53, with, /
2022-12-10, 22:35:05, with, /
2022-12-10, 22:35:17, with, /
2022-12-10, 22:35:29, with, /
2022-12-10, 22:35:41, with, /
2022-12-10, 22:35:53, with, /
2022-12-10, 22:36:05, with, /
2022-12-10, 22:36:17, with, /
2022-12-10, 22:36:29, with, /
2022-12-10, 22:36:41, with, /
2022-12-10, 22:36:53, with, /
2022-12-10, 22:37:05, with, /
2022-12-10, 22:37:17, with, /
2022-12-10, 22:37:29, with, /
2022-12-10, 22:37:41, with, /
2022-12-10, 22:37:53, with, /
2022-12-10, 22:38:05, with, /
2022-12-10, 22:38:17, with, /
2022-12-10, 22:38:29, with, /
2022-12-10, 22:38:41, with, /
2022-12-10, 22:38:53, with, /
2022-12-10, 22:39:05, with, /
2022-12-10, 22:39:17, with, /
2022-12-10, 22:39:29, with, /
2022-12-10, 22:39:41, with, /
2022-12-10, 22:39:53, with, /
2022-12-10, 22:40:05, with, /
2022-12-10, 22:40:18, with, /
2022-12-10, 22:40:30, with, /
2022-12-10, 22:40:42, with, /
2022-12-10, 22:40:54, with, /
2022-12-10, 22:41:06, with, /
2022-12-10, 22:41:18, with, /
2022-12-10, 22:41:30, with, /
2022-12-10, 22:41:42, with, /
2022-12-10, 22:41:54, with, /
2022-12-10, 22:42:06, with, /
2022-12-10, 22:42:18, with, /
2022-12-10, 22:42:30, with, /
2022-12-10, 22:42:42, with, /
2022-12-10, 22:42:54, with, /
2022-12-10, 22:43:06, with, /
2022-12-10, 22:43:18, with, /
2022-12-10, 22:43:30, with, /
2022-12-10, 22:43:42, with, /
2022-12-10, 22:43:54, with, /
2022-12-10, 22:44:06, with, /
2022-12-10, 22:44:18, with, /
2022-12-10, 22:44:30, with, /
2022-12-10, 22:44:42, with, /
2022-12-10, 22:44:54, with, /
2022-12-10, 22:45:06, with, /
2022-12-10, 22:45:18, with, /
2022-12-10, 22:45:30, with, /
2022-12-10, 22:45:42, with, /
2022-12-10, 22:45:54, with, /
2022-12-10, 22:46:06, with, /
2022-12-10, 22:46:18, with, /
2022-12-10, 22:46:30, with, /
2022-12-10, 22:46:42, with, /
2022-12-10, 22:46:54, with, /
2022-12-10, 22:47:06, with, /
2022-12-10, 22:47:18, with, /
2022-12-10, 22:47:30, with, /
2022-12-10, 22:47:43, with, /
2022-12-10, 22:47:55, with, /
2022-12-10, 22:48:07, with, /
2022-12-10, 22:48:19, with, /
2022-12-10, 22:48:31, with, /
2022-12-10, 22:48:43, with, /
2022-12-10, 22:48:55, with, /
2022-12-10, 22:49:07, with, /
2022-12-10, 22:49:19, with, /
2022-12-10, 22:49:31, with, /
2022-12-10, 22:49:43, with, /
2022-12-10, 22:49:55, with, /
2022-12-10, 22:50:07, with, /
2022-12-10, 22:50:19, with, /
2022-12-10, 22:50:31, with, /
2022-12-10, 22:50:43, with, /
2022-12-10, 22:50:55, with, /
2022-12-10, 22:51:07, with, /
2022-12-10, 22:51:19, with, /
2022-12-10, 22:51:31, with, /
2022-12-10, 22:51:43, with, /
2022-12-10, 22:51:55, with, /
2022-12-10, 22:52:07, with, /
2022-12-10, 22:52:19, with, /
2022-12-10, 22:52:31, with, /
2022-12-10, 22:52:43, with, /
2022-12-10, 22:52:55, with, /
2022-12-10, 22:53:07, with, /
2022-12-10, 22:53:19, with, /
2022-12-10, 22:53:31, with, /
2022-12-10, 22:53:43, with, /
2022-12-10, 22:53:55, with, /
2022-12-10, 22:54:07, with, /
2022-12-10, 22:54:19, with, /
2022-12-10, 22:54:31, with, /
2022-12-10, 22:54:43, with, /
2022-12-10, 22:54:55, with, /
2022-12-10, 22:55:08, with, /
2022-12-10, 22:55:20, with, /
2022-12-10, 22:55:32, with, /
2022-12-10, 22:55:44, with, /
2022-12-10, 22:55:56, with, /
2022-12-10, 22:56:08, with, /
2022-12-10, 22:56:20, with, /
2022-12-10, 22:56:32, with, /
2022-12-10, 22:56:44, with, /
2022-12-10, 22:56:56, with, /
2022-12-10, 22:57:08, with, /
2022-12-10, 22:57:20, with, /
2022-12-10, 22:57:32, with, /
2022-12-10, 22:57:44, with, /
2022-12-10, 22:57:56, with, /
2022-12-10, 22:58:08, with, /
2022-12-10, 22:58:20, with, /
2022-12-10, 22:58:32, with, /
2022-12-10, 22:58:44, with, /
2022-12-10, 22:58:56, with, /
2022-12-10, 22:59:08, with, /
2022-12-10, 22:59:20, with, /
2022-12-10, 22:59:32, with, /
2022-12-10, 22:59:44, with, /
2022-12-10, 22:59:56, with, /
2022-12-10, 23:00:08, with, /
2022-12-10, 23:00:20, with, /
2022-12-10, 23:00:32, with, /
2022-12-10, 23:00:44, with, /
2022-12-10, 23:00:56, with, /
2022-12-10, 23:01:08, with, /
2022-12-10, 23:01:20, with, /
2022-12-10, 23:01:32, with, /
2022-12-10, 23:01:44, with, /
2022-12-10, 23:01:56, with, /
2022-12-10, 23:02:08, with, /
2022-12-10, 23:02:20, with, /
2022-12-10, 23:02:33, with, /
2022-12-10, 23:02:45, with, /
2022-12-10, 23:02:57, with, /
2022-12-10, 23:03:09, with, /
2022-12-10, 23:03:21, with, /
2022-12-10, 23:03:33, with, /
2022-12-10, 23:03:45, with, /
2022-12-10, 23:03:57, with, /
2022-12-10, 23:04:09, with, /
2022-12-10, 23:04:21, with, /
2022-12-10, 23:04:33, with, /
2022-12-10, 23:04:45, with, /
2022-12-10, 23:04:57, with, /
2022-12-10, 23:05:09, with, /
2022-12-10, 23:05:21, with, /
2022-12-10, 23:05:33, with, /
2022-12-10, 23:05:45, with, /
2022-12-10, 23:05:57, with, /
2022-12-10, 23:06:09, with, /
2022-12-10, 23:06:21, with, /
2022-12-10, 23:06:33, with, /
2022-12-10, 23:06:45, with, /
2022-12-10, 23:06:57, with, /
2022-12-10, 23:07:09, with, /
2022-12-10, 23:07:21, with, /
2022-12-10, 23:07:33, with, /
2022-12-10, 23:07:45, with, /
2022-12-10, 23:07:57, with, /
2022-12-10, 23:08:09, with, /
2022-12-10, 23:08:21, with, /
2022-12-10, 23:08:33, with, /
2022-12-10, 23:08:45, with, /
2022-12-10, 23:08:57, with, /
2022-12-10, 23:09:09, with, /
2022-12-10, 23:09:21, with, /
2022-12-10, 23:09:33, with, /
2022-12-10, 23:09:45, with, /
2022-12-10, 23:09:57, with, /
2022-12-10, 23:10:10, with, /
2022-12-10, 23:10:22, with, /
2022-12-10, 23:10:34, with, /
2022-12-10, 23:10:46, with, /
2022-12-10, 23:10:58, with, /
2022-12-10, 23:11:10, with, /
2022-12-10, 23:11:22, with, /
2022-12-10, 23:11:34, with, /
2022-12-10, 23:11:46, with, /
2022-12-10, 23:11:58, with, /
2022-12-10, 23:12:10, with, /
2022-12-10, 23:12:22, with, /
2022-12-10, 23:12:34, with, /
2022-12-10, 23:12:46, with, /
2022-12-10, 23:12:58, with, /
2022-12-10, 23:13:10, with, /
2022-12-10, 23:13:22, with, /
2022-12-10, 23:13:34, with, /
2022-12-10, 23:13:46, with, /
2022-12-10, 23:13:58, with, /
2022-12-10, 23:14:10, with, /
2022-12-10, 23:14:22, with, /
2022-12-10, 23:14:34, with, /
2022-12-10, 23:14:46, with, /
2022-12-10, 23:14:58, with, /
2022-12-10, 23:15:10, with, /
2022-12-10, 23:15:22, with, /
2022-12-10, 23:15:34, with, /
2022-12-10, 23:15:46, with, /
2022-12-10, 23:15:58, with, /
2022-12-10, 23:16:10, with, /
2022-12-10, 23:16:22, with, /
2022-12-10, 23:16:34, with, /
2022-12-10, 23:16:46, with, /
2022-12-10, 23:16:58, with, /
2022-12-10, 23:17:10, with, /
2022-12-10, 23:17:22, with, /
2022-12-10, 23:17:35, with, /
2022-12-10, 23:17:47, with, /
2022-12-10, 23:17:59, with, /
2022-12-10, 23:18:11, with, /
2022-12-10, 23:18:23, with, /
2022-12-10, 23:18:35, with, /
2022-12-10, 23:18:47, with, /
2022-12-10, 23:18:59, with, /
2022-12-10, 23:19:11, with, /
2022-12-10, 23:19:23, with, /
2022-12-10, 23:19:35, with, /
2022-12-10, 23:19:47, with, /
2022-12-10, 23:19:59, with, /
2022-12-10, 23:20:11, with, /
2022-12-10, 23:20:23, with, /
2022-12-10, 23:20:35, with, /
2022-12-10, 23:20:47, with, /
2022-12-10, 23:20:59, with, /
2022-12-10, 23:21:11, with, /
2022-12-10, 23:21:23, with, /
2022-12-10, 23:21:35, with, /
2022-12-10, 23:21:47, with, /
2022-12-10, 23:21:59, with, /
2022-12-10, 23:22:11, with, /
2022-12-10, 23:22:23, with, /
2022-12-10, 23:22:35, with, /
2022-12-10, 23:22:47, with, /
2022-12-10, 23:22:59, with, /
2022-12-10, 23:23:11, with, /
2022-12-10, 23:23:23, with, /
2022-12-10, 23:23:35, with, /
2022-12-10, 23:23:47, with, /
2022-12-10, 23:23:59, with, /
2022-12-10, 23:24:11, with, /
2022-12-10, 23:24:23, with, /
2022-12-10, 23:24:35, with, /
2022-12-10, 23:24:47, with, /
2022-12-10, 23:24:59, with, /
2022-12-10, 23:25:12, with, /
2022-12-10, 23:25:24, with, /
2022-12-10, 23:25:36, with, /
2022-12-10, 23:25:48, with, /
2022-12-10, 23:26:00, with, /
2022-12-10, 23:26:12, with, /
2022-12-10, 23:26:24, with, /
2022-12-10, 23:26:36, with, /
2022-12-10, 23:26:48, with, /
2022-12-10, 23:27:00, with, /
2022-12-10, 23:27:12, with, /
2022-12-10, 23:27:24, with, /
2022-12-10, 23:27:36, with, /
2022-12-10, 23:27:48, with, /
2022-12-10, 23:28:00, with, /
2022-12-10, 23:28:12, with, /
2022-12-10, 23:28:24, with, /
2022-12-10, 23:28:36, with, /
2022-12-10, 23:28:48, with, /
2022-12-10, 23:29:00, with, /
2022-12-10, 23:29:12, with, /
2022-12-10, 23:29:24, with, /
2022-12-10, 23:29:36, with, /
2022-12-10, 23:29:48, with, /
2022-12-10, 23:30:00, with, /
2022-12-10, 23:30:12, with, /
2022-12-10, 23:30:24, with, /
2022-12-10, 23:30:36, with, /
2022-12-10, 23:30:48, with, /
2022-12-10, 23:31:00, with, /
2022-12-10, 23:31:12, with, /
2022-12-10, 23:31:24, with, /
2022-12-10, 23:31:36, with, /
2022-12-10, 23:31:48, with, /
2022-12-10, 23:32:00, with, /
2022-12-10, 23:32:12, with, /
2022-12-10, 23:32:24, with, /
2022-12-10, 23:32:37, with, /
2022-12-10, 23:32:49, with, /
2022-12-10, 23:33:01, with, /
2022-12-10, 23:33:13, with, /
2022-12-10, 23:33:25, with, /
2022-12-10, 23:33:37, with, /
2022-12-10, 23:33:49, with, /
2022-12-10, 23:34:01, with, /
2022-12-10, 23:34:13, with, /
2022-12-10, 23:34:25, with, /
2022-12-10, 23:34:37, with, /
2022-12-10, 23:34:49, with, /
2022-12-10, 23:35:01, with, /
2022-12-10, 23:35:13, with, /
2022-12-10, 23:35:25, with, /
2022-12-10, 23:35:37, with, /
2022-12-10, 23:35:49, with, /
2022-12-10, 23:36:01, with, /
2022-12-10, 23:36:13, with, /
2022-12-10, 23:36:25, with, /
2022-12-10, 23:36:37, with, /
2022-12-10, 23:36:49, with, /
2022-12-10, 23:37:01, with, /
2022-12-10, 23:37:13, with, /
2022-12-10, 23:37:25, with, /
2022-12-10, 23:37:37, with, /
2022-12-10, 23:37:49, with, /
2022-12-10, 23:38:01, with, /
2022-12-10, 23:38:13, with, /
2022-12-10, 23:38:25, with, /
2022-12-10, 23:38:37, with, /
2022-12-10, 23:38:49, with, /
2022-12-10, 23:39:01, with, /
2022-12-10, 23:39:13, with, /
2022-12-10, 23:39:25, with, /
2022-12-10, 23:39:37, with, /
2022-12-10, 23:39:49, with, /
2022-12-10, 23:40:02, with, /
2022-12-10, 23:40:14, with, /
2022-12-10, 23:40:26, with, /
2022-12-10, 23:40:38, with, /
2022-12-10, 23:40:50, with, /
2022-12-10, 23:41:02, with, /
2022-12-10, 23:41:14, with, /
2022-12-10, 23:41:26, with, /
2022-12-10, 23:41:38, with, /
2022-12-10, 23:41:50, with, /
2022-12-10, 23:42:02, with, /
2022-12-10, 23:42:14, with, /
2022-12-10, 23:42:26, with, /
2022-12-10, 23:42:38, with, /
2022-12-10, 23:42:50, with, /
2022-12-10, 23:43:02, with, /
2022-12-10, 23:43:14, with, /
2022-12-10, 23:43:26, with, /
2022-12-10, 23:43:38, with, /
2022-12-10, 23:43:50, with, /
2022-12-10, 23:44:02, with, /
2022-12-10, 23:44:14, with, /
2022-12-10, 23:44:26, with, /
2022-12-10, 23:44:38, with, /
2022-12-10, 23:44:50, with, /
2022-12-10, 23:45:02, with, /
2022-12-10, 23:45:14, with, /
2022-12-10, 23:45:26, with, /
2022-12-10, 23:45:38, with, /
2022-12-10, 23:45:50, with, /
2022-12-10, 23:46:02, with, /
2022-12-10, 23:46:14, with, /
2022-12-10, 23:46:26, with, /
2022-12-10, 23:46:38, with, /
2022-12-10, 23:46:50, with, /
2022-12-10, 23:47:02, with, /
2022-12-10, 23:47:14, with, /
2022-12-10, 23:47:27, with, /
2022-12-10, 23:47:39, with, /
2022-12-10, 23:47:51, with, /
2022-12-10, 23:48:03, with, /
2022-12-10, 23:48:15, with, /
2022-12-10, 23:48:27, with, /
2022-12-10, 23:48:39, with, /
2022-12-10, 23:48:51, with, /
2022-12-10, 23:49:03, with, /
2022-12-10, 23:49:15, with, /
2022-12-10, 23:49:27, with, /
2022-12-10, 23:49:39, with, /
2022-12-10, 23:49:51, with, /
2022-12-10, 23:50:03, with, /
2022-12-10, 23:50:15, with, /
2022-12-10, 23:50:27, with, /
2022-12-10, 23:50:39, with, /
2022-12-10, 23:50:51, with, /
2022-12-10, 23:51:03, with, /
2022-12-10, 23:51:15, with, /
2022-12-10, 23:51:27, with, /
2022-12-10, 23:51:39, with, /
2022-12-10, 23:51:51, with, /
2022-12-10, 23:52:03, with, /
2022-12-10, 23:52:15, with, /
2022-12-10, 23:52:27, with, /
2022-12-10, 23:52:39, with, /
2022-12-10, 23:52:51, with, /
2022-12-10, 23:53:03, with, /
2022-12-10, 23:53:15, with, /
2022-12-10, 23:53:27, with, /
2022-12-10, 23:53:39, with, /
2022-12-10, 23:53:51, with, /
2022-12-10, 23:54:03, with, /
2022-12-10, 23:54:15, with, /
2022-12-10, 23:54:27, with, /
2022-12-10, 23:54:39, with, /
2022-12-10, 23:54:52, with, /
2022-12-10, 23:55:04, with, /
2022-12-10, 23:55:16, with, /
2022-12-10, 23:55:28, with, /
2022-12-10, 23:55:40, with, /
2022-12-10, 23:55:52, with, /
2022-12-10, 23:56:04, with, /
2022-12-10, 23:56:16, with, /
2022-12-10, 23:56:28, with, /
2022-12-10, 23:56:40, with, /
2022-12-10, 23:56:52, with, /
2022-12-10, 23:57:04, with, /
2022-12-10, 23:57:16, with, /
2022-12-10, 23:57:28, with, /
2022-12-10, 23:57:40, with, /
2022-12-10, 23:57:52, with, /
2022-12-10, 23:58:04, with, /
2022-12-10, 23:58:16, with, /
2022-12-10, 23:58:28, with, /
2022-12-10, 23:58:40, with, /
2022-12-10, 23:58:52, with, /
2022-12-10, 23:59:04, with, /
2022-12-10, 23:59:16, with, /
2022-12-10, 23:59:28, with, /
2022-12-10, 23:59:40, with, /
2022-12-10, 23:59:52, with, /
