2019-10-02, 00:00:04, 25.8, 51.4
2019-10-02, 00:00:14, 25.8, 51.4
2019-10-02, 00:00:24, 25.8, 51.4
2019-10-02, 00:00:42, 25.8, 51.4
2019-10-02, 00:00:52, 25.8, 51.4
2019-10-02, 00:01:03, 25.8, 51.4
2019-10-02, 00:01:13, 25.8, 51.4
2019-10-02, 00:01:23, 25.8, 51.4
2019-10-02, 00:01:33, 25.8, 51.4
2019-10-02, 00:01:43, 25.8, 51.4
2019-10-02, 00:01:53, 25.8, 51.4
2019-10-02, 00:02:03, 25.8, 51.4
2019-10-02, 00:02:13, 25.8, 51.4
2019-10-02, 00:02:24, 25.8, 51.4
2019-10-02, 00:02:34, 25.8, 51.4
2019-10-02, 00:02:44, 25.8, 51.4
2019-10-02, 00:02:54, 25.8, 51.4
2019-10-02, 00:03:04, 25.8, 51.4
2019-10-02, 00:03:14, 25.8, 51.4
2019-10-02, 00:03:24, 25.8, 51.4
2019-10-02, 00:03:35, 25.8, 51.4
2019-10-02, 00:03:45, 25.8, 51.4
2019-10-02, 00:03:55, 25.8, 51.4
2019-10-02, 00:04:05, 25.8, 51.4
2019-10-02, 00:04:15, 25.8, 51.4
2019-10-02, 00:04:25, 25.8, 51.4
2019-10-02, 00:04:36, 25.8, 51.4
2019-10-02, 00:04:46, 25.8, 51.4
2019-10-02, 00:04:56, 25.8, 51.4
2019-10-02, 00:05:06, 25.8, 51.4
2019-10-02, 00:05:16, 25.8, 51.4
2019-10-02, 00:05:26, 25.8, 51.4
2019-10-02, 00:05:36, 25.8, 51.4
2019-10-02, 00:05:47, 25.8, 51.4
2019-10-02, 00:05:57, 25.8, 51.4
2019-10-02, 00:06:07, 25.8, 51.4
2019-10-02, 00:06:17, 25.8, 51.4
2019-10-02, 00:06:27, 25.8, 51.4
2019-10-02, 00:06:37, 25.8, 51.4
2019-10-02, 00:06:47, 25.8, 51.4
2019-10-02, 00:06:58, 25.8, 51.4
2019-10-02, 00:07:08, 25.8, 51.4
2019-10-02, 00:07:18, 25.8, 51.4
2019-10-02, 00:07:28, 25.8, 51.4
2019-10-02, 00:07:38, 25.8, 51.4
2019-10-02, 00:07:48, 25.8, 51.4
2019-10-02, 00:07:58, 25.8, 51.4
2019-10-02, 00:08:09, 25.8, 51.4
2019-10-02, 00:08:19, 25.8, 51.4
2019-10-02, 00:08:29, 25.8, 51.4
2019-10-02, 00:08:39, 25.8, 51.4
2019-10-02, 00:08:49, 25.8, 51.4
2019-10-02, 00:08:59, 25.8, 51.4
2019-10-02, 00:09:09, 25.8, 51.4
2019-10-02, 00:09:19, 25.8, 51.4
2019-10-02, 00:09:30, 25.8, 51.4
2019-10-02, 00:09:40, 25.8, 51.4
2019-10-02, 00:09:50, 25.8, 51.4
2019-10-02, 00:10:00, 25.8, 51.4
2019-10-02, 00:10:10, 25.8, 51.4
2019-10-02, 00:10:20, 25.8, 51.4
2019-10-02, 00:10:30, 25.8, 51.4
2019-10-02, 00:10:41, 25.8, 51.4
2019-10-02, 00:10:51, 25.8, 51.4
2019-10-02, 00:11:01, 25.8, 51.4
2019-10-02, 00:11:11, 25.8, 51.4
2019-10-02, 00:11:21, 25.8, 51.4
2019-10-02, 00:11:31, 25.8, 51.4
2019-10-02, 00:11:41, 25.8, 51.4
2019-10-02, 00:11:52, 25.8, 51.4
2019-10-02, 00:12:02, 25.8, 51.4
2019-10-02, 00:12:12, 25.8, 51.4
2019-10-02, 00:12:22, 25.8, 51.4
2019-10-02, 00:12:32, 25.8, 51.4
2019-10-02, 00:12:42, 25.8, 51.4
2019-10-02, 00:12:52, 25.8, 51.4
2019-10-02, 00:13:03, 25.8, 51.4
2019-10-02, 00:13:13, 25.8, 51.4
2019-10-02, 00:13:23, 25.8, 51.4
2019-10-02, 00:13:33, 25.8, 51.4
2019-10-02, 00:13:43, 25.8, 51.4
2019-10-02, 00:13:53, 25.8, 51.4
2019-10-02, 00:14:03, 25.8, 51.4
2019-10-02, 00:14:14, 25.8, 51.4
2019-10-02, 00:14:24, 25.8, 51.4
2019-10-02, 00:14:34, 25.8, 51.4
2019-10-02, 00:14:44, 25.8, 51.4
2019-10-02, 00:14:54, 25.8, 51.4
2019-10-02, 00:15:04, 25.8, 51.4
2019-10-02, 00:15:14, 25.8, 51.4
2019-10-02, 00:15:24, 25.8, 51.4
2019-10-02, 00:15:35, 25.8, 51.4
2019-10-02, 00:15:45, 25.8, 51.4
2019-10-02, 00:15:55, 25.8, 51.4
2019-10-02, 00:16:05, 25.8, 51.4
2019-10-02, 00:16:15, 25.8, 51.4
2019-10-02, 00:16:25, 25.8, 51.4
2019-10-02, 00:16:35, 25.8, 51.4
2019-10-02, 00:16:46, 25.8, 51.4
2019-10-02, 00:16:56, 25.8, 51.4
2019-10-02, 00:17:06, 25.8, 51.4
2019-10-02, 00:17:16, 25.8, 51.4
2019-10-02, 00:17:26, 25.8, 51.4
2019-10-02, 00:17:36, 25.8, 51.4
2019-10-02, 00:17:47, 25.8, 51.4
2019-10-02, 00:17:57, 25.8, 51.4
2019-10-02, 00:18:08, 25.8, 51.4
2019-10-02, 00:18:18, 25.8, 51.4
2019-10-02, 00:18:28, 25.8, 51.4
2019-10-02, 00:18:38, 25.8, 51.4
2019-10-02, 00:18:48, 25.8, 51.4
2019-10-02, 00:18:59, 25.8, 51.4
2019-10-02, 00:19:09, 25.8, 51.4
2019-10-02, 00:19:19, 25.8, 51.4
2019-10-02, 00:19:29, 25.8, 51.4
2019-10-02, 00:19:39, 25.8, 51.4
2019-10-02, 00:19:49, 25.8, 51.4
2019-10-02, 00:19:59, 25.8, 51.4
2019-10-02, 00:20:10, 25.8, 51.4
2019-10-02, 00:20:20, 25.8, 51.4
2019-10-02, 00:20:30, 25.8, 51.4
2019-10-02, 00:20:40, 25.8, 51.4
2019-10-02, 00:20:50, 25.8, 51.4
2019-10-02, 00:21:00, 25.8, 51.4
2019-10-02, 00:21:10, 25.8, 51.4
2019-10-02, 00:21:21, 25.8, 51.4
2019-10-02, 00:21:31, 25.8, 51.4
2019-10-02, 00:21:41, 25.8, 51.4
2019-10-02, 00:21:51, 25.8, 51.4
2019-10-02, 00:22:01, 25.8, 51.4
2019-10-02, 00:22:11, 25.8, 51.4
2019-10-02, 00:22:22, 25.8, 51.4
2019-10-02, 00:22:32, 25.8, 51.4
2019-10-02, 00:22:42, 25.8, 51.4
2019-10-02, 00:22:52, 25.8, 51.4
2019-10-02, 00:23:02, 25.8, 51.4
2019-10-02, 00:23:12, 25.8, 51.4
2019-10-02, 00:23:22, 25.8, 51.4
2019-10-02, 00:23:33, 25.8, 51.4
2019-10-02, 00:23:43, 25.8, 51.4
2019-10-02, 00:23:53, 25.8, 51.4
2019-10-02, 00:24:03, 25.8, 51.4
2019-10-02, 00:24:13, 25.8, 51.4
2019-10-02, 00:24:23, 25.8, 51.4
2019-10-02, 00:24:33, 25.8, 51.4
2019-10-02, 00:24:43, 25.8, 51.4
2019-10-02, 00:24:54, 25.8, 51.4
2019-10-02, 00:25:04, 25.8, 51.4
2019-10-02, 00:25:14, 25.8, 51.4
2019-10-02, 00:25:24, 25.8, 51.4
2019-10-02, 00:25:34, 25.8, 51.4
2019-10-02, 00:25:44, 25.8, 51.4
2019-10-02, 00:25:54, 25.8, 51.4
2019-10-02, 00:26:05, 25.8, 51.4
2019-10-02, 00:26:15, 25.8, 51.4
2019-10-02, 00:26:25, 25.8, 51.4
2019-10-02, 00:26:35, 25.8, 51.4
2019-10-02, 00:26:45, 25.8, 51.4
2019-10-02, 00:26:55, 25.8, 51.4
2019-10-02, 00:27:05, 25.8, 51.4
2019-10-02, 00:27:16, 25.8, 51.4
2019-10-02, 00:27:26, 25.8, 51.4
2019-10-02, 00:27:36, 25.8, 51.4
2019-10-02, 00:27:46, 25.8, 51.4
2019-10-02, 00:27:56, 25.8, 51.4
2019-10-02, 00:28:06, 25.8, 51.4
2019-10-02, 00:28:16, 25.8, 51.4
2019-10-02, 00:28:27, 25.8, 51.4
2019-10-02, 00:28:37, 25.8, 51.4
2019-10-02, 00:28:47, 25.8, 51.4
2019-10-02, 00:28:57, 25.8, 51.4
2019-10-02, 00:29:07, 25.8, 51.4
2019-10-02, 00:29:17, 25.8, 51.4
2019-10-02, 00:29:27, 25.8, 51.4
2019-10-02, 00:29:38, 25.8, 51.4
2019-10-02, 00:29:48, 25.8, 51.4
2019-10-02, 00:29:58, 25.8, 51.4
2019-10-02, 00:30:08, 25.8, 51.4
2019-10-02, 00:30:18, 25.8, 51.4
2019-10-02, 00:30:28, 25.8, 51.4
2019-10-02, 00:30:38, 25.8, 51.4
2019-10-02, 00:30:48, 25.8, 51.4
2019-10-02, 00:30:59, 25.8, 51.4
2019-10-02, 00:31:09, 25.8, 51.4
2019-10-02, 00:31:19, 25.8, 51.4
2019-10-02, 00:31:29, 25.8, 51.4
2019-10-02, 00:31:39, 25.8, 51.4
2019-10-02, 00:31:49, 25.8, 51.4
2019-10-02, 00:31:59, 25.8, 51.4
2019-10-02, 00:32:10, 25.8, 51.4
2019-10-02, 00:32:20, 25.8, 51.4
2019-10-02, 00:32:30, 25.8, 51.4
2019-10-02, 00:32:40, 25.8, 51.4
2019-10-02, 00:32:50, 25.8, 51.4
2019-10-02, 00:33:00, 25.8, 51.4
2019-10-02, 00:33:10, 25.8, 51.4
2019-10-02, 00:33:21, 25.8, 51.4
2019-10-02, 00:33:31, 25.8, 51.4
2019-10-02, 00:33:41, 25.8, 51.4
2019-10-02, 00:33:51, 25.8, 51.4
2019-10-02, 00:34:01, 25.8, 51.4
2019-10-02, 00:34:11, 25.8, 51.4
2019-10-02, 00:34:21, 25.8, 51.4
2019-10-02, 00:34:31, 25.8, 51.4
2019-10-02, 00:34:42, 25.8, 51.4
2019-10-02, 00:34:52, 25.8, 51.4
2019-10-02, 00:35:02, 25.8, 51.4
2019-10-02, 00:35:12, 25.8, 51.4
2019-10-02, 00:35:22, 25.8, 51.4
2019-10-02, 00:35:32, 25.8, 51.4
2019-10-02, 00:35:42, 25.8, 51.4
2019-10-02, 00:35:53, 25.8, 51.4
2019-10-02, 00:36:03, 25.8, 51.4
2019-10-02, 00:36:13, 25.8, 51.4
2019-10-02, 00:36:23, 25.8, 51.4
2019-10-02, 00:36:33, 25.8, 51.4
2019-10-02, 00:36:43, 25.8, 51.4
2019-10-02, 00:36:54, 25.8, 51.4
2019-10-02, 00:37:04, 25.8, 51.4
2019-10-02, 00:37:14, 25.8, 51.4
2019-10-02, 00:37:24, 25.8, 51.4
2019-10-02, 00:37:34, 25.8, 51.4
2019-10-02, 00:37:44, 25.8, 51.4
2019-10-02, 00:37:54, 25.8, 51.4
2019-10-02, 00:38:05, 25.8, 51.4
2019-10-02, 00:38:15, 25.8, 51.4
2019-10-02, 00:38:25, 25.8, 51.4
2019-10-02, 00:38:35, 25.8, 51.4
2019-10-02, 00:38:45, 25.8, 51.4
2019-10-02, 00:38:55, 25.8, 51.4
2019-10-02, 00:39:05, 25.8, 51.4
2019-10-02, 00:39:16, 25.8, 51.4
2019-10-02, 00:39:26, 25.8, 51.4
2019-10-02, 00:39:36, 25.8, 51.4
2019-10-02, 00:39:46, 25.8, 51.4
2019-10-02, 00:39:56, 25.8, 51.4
2019-10-02, 00:40:06, 25.8, 51.4
2019-10-02, 00:40:16, 25.8, 51.4
2019-10-02, 00:40:27, 25.8, 51.4
2019-10-02, 00:40:37, 25.8, 51.4
2019-10-02, 00:40:47, 25.8, 51.4
2019-10-02, 00:40:57, 25.8, 51.4
2019-10-02, 00:41:07, 25.8, 51.4
2019-10-02, 00:41:17, 25.8, 51.4
2019-10-02, 00:41:27, 25.8, 51.4
2019-10-02, 00:41:37, 25.8, 51.4
2019-10-02, 00:41:48, 25.8, 51.4
2019-10-02, 00:41:58, 25.8, 51.4
2019-10-02, 00:42:08, 25.8, 51.4
2019-10-02, 00:42:18, 25.8, 51.4
2019-10-02, 00:42:28, 25.8, 51.4
2019-10-02, 00:42:38, 25.8, 51.4
2019-10-02, 00:42:48, 25.8, 51.4
2019-10-02, 00:42:59, 25.8, 51.4
2019-10-02, 00:43:09, 25.8, 51.4
2019-10-02, 00:43:19, 25.8, 51.4
2019-10-02, 00:43:29, 25.8, 51.4
2019-10-02, 00:43:39, 25.8, 51.4
2019-10-02, 00:43:49, 25.8, 51.4
2019-10-02, 00:43:59, 25.8, 51.4
2019-10-02, 00:44:10, 25.8, 51.4
2019-10-02, 00:44:20, 25.8, 51.4
2019-10-02, 00:44:30, 25.8, 51.4
2019-10-02, 00:44:40, 25.8, 51.4
2019-10-02, 00:44:50, 25.8, 51.4
2019-10-02, 00:45:00, 25.8, 51.4
2019-10-02, 00:45:10, 25.8, 51.4
2019-10-02, 00:45:21, 25.8, 51.4
2019-10-02, 00:45:31, 25.8, 51.4
2019-10-02, 00:45:41, 25.8, 51.4
2019-10-02, 00:45:51, 25.8, 51.4
2019-10-02, 00:46:01, 25.8, 51.4
2019-10-02, 00:46:11, 25.8, 51.4
2019-10-02, 00:46:22, 25.8, 51.4
2019-10-02, 00:46:32, 25.8, 51.4
2019-10-02, 00:46:42, 25.8, 51.4
2019-10-02, 00:46:52, 25.8, 51.4
2019-10-02, 00:47:02, 25.8, 51.4
2019-10-02, 00:47:12, 25.8, 51.4
2019-10-02, 00:47:22, 25.8, 51.4
2019-10-02, 00:47:33, 25.8, 51.4
2019-10-02, 00:47:43, 25.8, 51.4
2019-10-02, 00:47:53, 25.8, 51.4
2019-10-02, 00:48:03, 25.8, 51.4
2019-10-02, 00:48:13, 25.8, 51.4
2019-10-02, 00:48:23, 25.8, 51.4
2019-10-02, 00:48:33, 25.8, 51.4
2019-10-02, 00:48:43, 25.8, 51.4
2019-10-02, 00:48:54, 25.8, 51.4
2019-10-02, 00:49:04, 25.8, 51.4
2019-10-02, 00:49:14, 25.8, 51.4
2019-10-02, 00:49:24, 25.8, 51.4
2019-10-02, 00:49:34, 25.8, 51.4
2019-10-02, 00:49:44, 25.8, 51.4
2019-10-02, 00:49:54, 25.8, 51.4
2019-10-02, 00:50:05, 25.8, 51.4
2019-10-02, 00:50:15, 25.8, 51.4
2019-10-02, 00:50:25, 25.8, 51.4
2019-10-02, 00:50:35, 25.8, 51.4
2019-10-02, 00:50:45, 25.8, 51.4
2019-10-02, 00:50:55, 25.8, 51.4
2019-10-02, 00:51:05, 25.8, 51.4
2019-10-02, 00:51:16, 25.8, 51.4
2019-10-02, 00:51:26, 25.8, 51.4
2019-10-02, 00:51:36, 25.8, 51.4
2019-10-02, 00:51:46, 25.8, 51.4
2019-10-02, 00:51:56, 25.8, 51.4
2019-10-02, 00:52:06, 25.8, 51.4
2019-10-02, 00:52:16, 25.8, 51.4
2019-10-02, 00:52:26, 25.8, 51.4
2019-10-02, 00:52:37, 25.8, 51.4
2019-10-02, 00:52:47, 25.8, 51.4
2019-10-02, 00:52:57, 25.8, 51.4
2019-10-02, 00:53:07, 25.8, 51.4
2019-10-02, 00:53:17, 25.8, 51.4
2019-10-02, 00:53:27, 25.8, 51.4
2019-10-02, 00:53:37, 25.8, 51.4
2019-10-02, 00:53:48, 25.8, 51.4
2019-10-02, 00:53:58, 25.8, 51.4
2019-10-02, 00:54:08, 25.8, 51.4
2019-10-02, 00:54:18, 25.8, 51.4
2019-10-02, 00:54:28, 25.8, 51.4
2019-10-02, 00:54:38, 25.8, 51.4
2019-10-02, 00:54:48, 25.8, 51.4
2019-10-02, 00:54:58, 25.8, 51.4
2019-10-02, 00:55:09, 25.8, 51.4
2019-10-02, 00:55:19, 25.8, 51.4
2019-10-02, 00:55:29, 25.8, 51.4
2019-10-02, 00:55:39, 25.8, 51.4
2019-10-02, 00:55:49, 25.8, 51.4
2019-10-02, 00:55:59, 25.8, 51.4
2019-10-02, 00:56:09, 25.8, 51.4
2019-10-02, 00:56:20, 25.8, 51.4
2019-10-02, 00:56:30, 25.8, 51.4
2019-10-02, 00:56:40, 25.8, 51.4
2019-10-02, 00:56:50, 25.8, 51.4
2019-10-02, 00:57:00, 25.8, 51.4
2019-10-02, 00:57:10, 25.8, 51.4
2019-10-02, 00:57:20, 25.8, 51.4
2019-10-02, 00:57:30, 25.8, 51.4
2019-10-02, 00:57:41, 25.8, 51.4
2019-10-02, 00:57:51, 25.8, 51.4
2019-10-02, 00:58:01, 25.8, 51.4
2019-10-02, 00:58:11, 25.8, 51.4
2019-10-02, 00:58:21, 25.8, 51.4
2019-10-02, 00:58:31, 25.8, 51.4
2019-10-02, 00:58:41, 25.8, 51.4
2019-10-02, 00:58:52, 25.8, 51.4
2019-10-02, 00:59:02, 25.8, 51.4
2019-10-02, 00:59:12, 25.8, 51.4
2019-10-02, 00:59:22, 25.8, 51.4
2019-10-02, 00:59:32, 25.8, 51.4
2019-10-02, 00:59:42, 25.8, 51.4
2019-10-02, 00:59:53, 25.8, 51.4
2019-10-02, 01:00:03, 25.8, 51.4
2019-10-02, 01:00:13, 25.8, 51.4
2019-10-02, 01:00:23, 25.8, 51.4
2019-10-02, 01:00:33, 25.8, 51.4
2019-10-02, 01:00:43, 25.8, 51.4
2019-10-02, 01:00:53, 25.8, 51.4
2019-10-02, 01:01:04, 25.8, 51.4
2019-10-02, 01:01:14, 25.8, 51.4
2019-10-02, 01:01:24, 25.8, 51.4
2019-10-02, 01:01:34, 25.8, 51.4
2019-10-02, 01:01:44, 25.8, 51.4
2019-10-02, 01:01:54, 25.8, 51.4
2019-10-02, 01:02:04, 25.8, 51.4
2019-10-02, 01:02:15, 25.8, 51.4
2019-10-02, 01:02:25, 25.8, 51.4
2019-10-02, 01:02:35, 25.8, 51.4
2019-10-02, 01:02:45, 25.8, 51.4
2019-10-02, 01:02:55, 25.8, 51.4
2019-10-02, 01:03:05, 25.8, 51.4
2019-10-02, 01:03:15, 25.8, 51.4
2019-10-02, 01:03:26, 25.8, 51.4
2019-10-02, 01:03:36, 25.8, 51.4
2019-10-02, 01:03:46, 25.8, 51.4
2019-10-02, 01:03:56, 25.8, 51.4
2019-10-02, 01:04:06, 25.8, 51.4
2019-10-02, 01:04:16, 25.8, 51.4
2019-10-02, 01:04:26, 25.8, 51.4
2019-10-02, 01:04:36, 25.8, 51.4
2019-10-02, 01:04:47, 25.8, 51.4
2019-10-02, 01:04:57, 25.8, 51.4
2019-10-02, 01:05:07, 25.8, 51.4
2019-10-02, 01:05:17, 25.8, 51.4
2019-10-02, 01:05:27, 25.8, 51.4
2019-10-02, 01:05:37, 25.8, 51.4
2019-10-02, 01:05:47, 25.8, 51.4
2019-10-02, 01:05:58, 25.8, 51.4
2019-10-02, 01:06:08, 25.8, 51.4
2019-10-02, 01:06:18, 25.8, 51.4
2019-10-02, 01:06:28, 25.8, 51.4
2019-10-02, 01:06:38, 25.8, 51.4
2019-10-02, 01:06:48, 25.8, 51.4
2019-10-02, 01:06:58, 25.8, 51.4
2019-10-02, 01:07:09, 25.8, 51.4
2019-10-02, 01:07:19, 25.8, 51.4
2019-10-02, 01:07:29, 25.8, 51.4
2019-10-02, 01:07:39, 25.8, 51.4
2019-10-02, 01:07:49, 25.8, 51.4
2019-10-02, 01:07:59, 25.8, 51.4
2019-10-02, 01:08:09, 25.8, 51.4
2019-10-02, 01:08:20, 25.8, 51.4
2019-10-02, 01:08:30, 25.8, 51.4
2019-10-02, 01:08:40, 25.8, 51.4
2019-10-02, 01:08:50, 25.8, 51.4
2019-10-02, 01:09:00, 25.8, 51.4
2019-10-02, 01:09:10, 25.8, 51.4
2019-10-02, 01:09:20, 25.8, 51.4
2019-10-02, 01:09:30, 25.8, 51.4
2019-10-02, 01:09:41, 25.8, 51.4
2019-10-02, 01:09:51, 25.8, 51.4
2019-10-02, 01:10:01, 25.8, 51.4
2019-10-02, 01:10:11, 25.8, 51.4
2019-10-02, 01:10:21, 25.8, 51.4
2019-10-02, 01:10:31, 25.8, 51.4
2019-10-02, 01:10:41, 25.8, 51.4
2019-10-02, 01:10:52, 25.8, 51.4
2019-10-02, 01:11:02, 25.8, 51.4
2019-10-02, 01:11:12, 25.8, 51.4
2019-10-02, 01:11:22, 25.8, 51.4
2019-10-02, 01:11:32, 25.8, 51.4
2019-10-02, 01:11:42, 25.8, 51.4
2019-10-02, 01:11:52, 25.8, 51.4
2019-10-02, 01:12:03, 25.8, 51.4
2019-10-02, 01:12:13, 25.8, 51.4
2019-10-02, 01:12:23, 25.8, 51.4
2019-10-02, 01:12:33, 25.8, 51.4
2019-10-02, 01:12:43, 25.8, 51.4
2019-10-02, 01:12:53, 25.8, 51.4
2019-10-02, 01:13:04, 25.8, 51.4
2019-10-02, 01:13:14, 25.8, 51.4
2019-10-02, 01:13:24, 25.8, 51.4
2019-10-02, 01:13:34, 25.8, 51.4
2019-10-02, 01:13:44, 25.8, 51.4
2019-10-02, 01:13:54, 25.8, 51.4
2019-10-02, 01:14:05, 25.8, 51.4
2019-10-02, 01:14:15, 25.8, 51.4
2019-10-02, 01:14:25, 25.8, 51.4
2019-10-02, 01:14:35, 25.8, 51.4
2019-10-02, 01:14:45, 25.8, 51.4
2019-10-02, 01:14:55, 25.8, 51.4
2019-10-02, 01:15:05, 25.8, 51.4
2019-10-02, 01:15:16, 25.8, 51.4
2019-10-02, 01:15:26, 25.8, 51.4
2019-10-02, 01:15:36, 25.8, 51.4
2019-10-02, 01:15:46, 25.8, 51.4
2019-10-02, 01:15:56, 25.8, 51.4
2019-10-02, 01:16:06, 25.8, 51.4
2019-10-02, 01:16:16, 25.8, 51.4
2019-10-02, 01:16:26, 25.8, 51.4
2019-10-02, 01:16:37, 25.8, 51.4
2019-10-02, 01:16:47, 25.8, 51.4
2019-10-02, 01:16:57, 25.8, 51.4
2019-10-02, 01:17:07, 25.8, 51.4
2019-10-02, 01:17:17, 25.8, 51.4
2019-10-02, 01:17:27, 25.8, 51.4
2019-10-02, 01:17:37, 25.8, 51.4
2019-10-02, 01:17:48, 25.8, 51.4
2019-10-02, 01:17:58, 25.8, 51.4
2019-10-02, 01:18:08, 25.8, 51.4
2019-10-02, 01:18:18, 25.8, 51.4
2019-10-02, 01:18:28, 25.8, 51.4
2019-10-02, 01:18:38, 25.8, 51.4
2019-10-02, 01:18:49, 25.8, 51.4
2019-10-02, 01:18:59, 25.8, 51.4
2019-10-02, 01:19:09, 25.8, 51.4
2019-10-02, 01:19:19, 25.8, 51.4
2019-10-02, 01:19:29, 25.8, 51.4
2019-10-02, 01:19:39, 25.8, 51.4
2019-10-02, 01:19:49, 25.8, 51.4
2019-10-02, 01:19:59, 25.8, 51.4
2019-10-02, 01:20:10, 25.8, 51.4
2019-10-02, 01:20:20, 25.8, 51.4
2019-10-02, 01:20:30, 25.8, 51.4
2019-10-02, 01:20:40, 25.8, 51.4
2019-10-02, 01:20:50, 25.8, 51.4
2019-10-02, 01:21:00, 25.8, 51.4
2019-10-02, 01:21:10, 25.8, 51.4
2019-10-02, 01:21:21, 25.8, 51.4
2019-10-02, 01:21:31, 25.8, 51.4
2019-10-02, 01:21:41, 25.8, 51.4
2019-10-02, 01:21:51, 25.8, 51.4
2019-10-02, 01:22:01, 25.8, 51.4
2019-10-02, 01:22:11, 25.8, 51.4
2019-10-02, 01:22:22, 25.8, 51.4
2019-10-02, 01:22:32, 25.8, 51.4
2019-10-02, 01:22:42, 25.8, 51.4
2019-10-02, 01:22:52, 25.8, 51.4
2019-10-02, 01:23:02, 25.8, 51.4
2019-10-02, 01:23:12, 25.8, 51.4
2019-10-02, 01:23:22, 25.8, 51.4
2019-10-02, 01:23:32, 25.8, 51.4
2019-10-02, 01:23:43, 25.8, 51.4
2019-10-02, 01:23:53, 25.8, 51.4
2019-10-02, 01:24:03, 25.8, 51.4
2019-10-02, 01:24:13, 25.8, 51.4
2019-10-02, 01:24:23, 25.8, 51.4
2019-10-02, 01:24:33, 25.8, 51.4
2019-10-02, 01:24:43, 25.8, 51.4
2019-10-02, 01:24:54, 25.8, 51.4
2019-10-02, 01:25:04, 25.8, 51.4
2019-10-02, 01:25:14, 25.8, 51.4
2019-10-02, 01:25:24, 25.8, 51.4
2019-10-02, 01:25:34, 25.8, 51.4
2019-10-02, 01:25:44, 25.8, 51.4
2019-10-02, 01:25:54, 25.8, 51.4
2019-10-02, 01:26:05, 25.8, 51.4
2019-10-02, 01:26:15, 25.8, 51.4
2019-10-02, 01:26:25, 25.8, 51.4
2019-10-02, 01:26:35, 25.8, 51.4
2019-10-02, 01:26:45, 25.8, 51.4
2019-10-02, 01:26:55, 25.8, 51.4
2019-10-02, 01:27:05, 25.8, 51.4
2019-10-02, 01:27:16, 25.8, 51.4
2019-10-02, 01:27:26, 25.8, 51.4
2019-10-02, 01:27:36, 25.8, 51.4
2019-10-02, 01:27:46, 25.8, 51.4
2019-10-02, 01:27:56, 25.8, 51.4
2019-10-02, 01:28:06, 25.8, 51.4
2019-10-02, 01:28:16, 25.8, 51.4
2019-10-02, 01:28:26, 25.8, 51.4
2019-10-02, 01:28:37, 25.8, 51.4
2019-10-02, 01:28:47, 25.8, 51.4
2019-10-02, 01:28:57, 25.8, 51.4
2019-10-02, 01:29:07, 25.8, 51.4
2019-10-02, 01:29:17, 25.8, 51.4
2019-10-02, 01:29:27, 25.8, 51.4
2019-10-02, 01:29:37, 25.8, 51.4
2019-10-02, 01:29:48, 25.8, 51.4
2019-10-02, 01:29:58, 25.8, 51.4
2019-10-02, 01:30:08, 25.8, 51.4
2019-10-02, 01:30:18, 25.8, 51.4
2019-10-02, 01:30:28, 25.8, 51.4
2019-10-02, 01:30:38, 25.8, 51.4
2019-10-02, 01:30:48, 25.8, 51.4
2019-10-02, 01:30:59, 25.8, 51.4
2019-10-02, 01:31:09, 25.8, 51.4
2019-10-02, 01:31:19, 25.8, 51.4
2019-10-02, 01:31:29, 25.8, 51.4
2019-10-02, 01:31:39, 25.8, 51.4
2019-10-02, 01:31:49, 25.8, 51.4
2019-10-02, 01:31:59, 25.8, 51.4
2019-10-02, 01:32:10, 25.8, 51.4
2019-10-02, 01:32:20, 25.8, 51.4
2019-10-02, 01:32:30, 25.8, 51.4
2019-10-02, 01:32:40, 25.8, 51.4
2019-10-02, 01:32:50, 25.8, 51.4
2019-10-02, 01:33:00, 25.8, 51.4
2019-10-02, 01:33:10, 25.8, 51.4
2019-10-02, 01:33:20, 25.8, 51.4
2019-10-02, 01:33:31, 25.8, 51.4
2019-10-02, 01:33:41, 25.8, 51.4
2019-10-02, 01:33:51, 25.8, 51.4
2019-10-02, 01:34:01, 25.8, 51.4
2019-10-02, 01:34:11, 25.8, 51.4
2019-10-02, 01:34:22, 25.8, 51.4
2019-10-02, 01:34:32, 25.8, 51.4
2019-10-02, 01:34:42, 25.8, 51.4
2019-10-02, 01:34:52, 25.8, 51.4
2019-10-02, 01:35:02, 25.8, 51.4
2019-10-02, 01:35:12, 25.8, 51.4
2019-10-02, 01:35:22, 25.8, 51.4
2019-10-02, 01:35:32, 25.8, 51.4
2019-10-02, 01:35:43, 25.8, 51.4
2019-10-02, 01:35:53, 25.8, 51.4
2019-10-02, 01:36:03, 25.8, 51.4
2019-10-02, 01:36:13, 25.8, 51.4
2019-10-02, 01:36:23, 25.8, 51.4
2019-10-02, 01:36:33, 25.8, 51.4
2019-10-02, 01:36:43, 25.8, 51.4
2019-10-02, 01:36:54, 25.8, 51.4
2019-10-02, 01:37:04, 25.8, 51.4
2019-10-02, 01:37:14, 25.8, 51.4
2019-10-02, 01:37:24, 25.8, 51.4
2019-10-02, 01:37:34, 25.8, 51.4
2019-10-02, 01:37:44, 25.8, 51.4
2019-10-02, 01:37:55, 25.8, 51.4
2019-10-02, 01:38:05, 25.8, 51.4
2019-10-02, 01:38:15, 25.8, 51.4
2019-10-02, 01:38:25, 25.8, 51.4
2019-10-02, 01:38:35, 25.8, 51.4
2019-10-02, 01:38:45, 25.8, 51.4
2019-10-02, 01:38:56, 25.8, 51.4
2019-10-02, 01:39:06, 25.8, 51.4
2019-10-02, 01:39:16, 25.8, 51.4
2019-10-02, 01:39:26, 25.8, 51.4
2019-10-02, 01:39:36, 25.8, 51.4
2019-10-02, 01:39:46, 25.8, 51.4
2019-10-02, 01:39:56, 25.8, 51.4
2019-10-02, 01:40:06, 25.8, 51.4
2019-10-02, 01:40:17, 25.8, 51.4
2019-10-02, 01:40:27, 25.8, 51.4
2019-10-02, 01:40:37, 25.8, 51.4
2019-10-02, 01:40:47, 25.8, 51.4
2019-10-02, 01:40:57, 25.8, 51.4
2019-10-02, 01:41:07, 25.8, 51.4
2019-10-02, 01:41:17, 25.8, 51.4
2019-10-02, 01:41:28, 25.8, 51.4
2019-10-02, 01:41:38, 25.8, 51.4
2019-10-02, 01:41:48, 25.8, 51.4
2019-10-02, 01:41:58, 25.8, 51.4
2019-10-02, 01:42:08, 25.8, 51.4
2019-10-02, 01:42:18, 25.8, 51.4
2019-10-02, 01:42:28, 25.8, 51.4
2019-10-02, 01:42:38, 25.8, 51.4
2019-10-02, 01:42:49, 25.8, 51.4
2019-10-02, 01:42:59, 25.8, 51.4
2019-10-02, 01:43:09, 25.8, 51.4
2019-10-02, 01:43:19, 25.8, 51.4
2019-10-02, 01:43:29, 25.8, 51.4
2019-10-02, 01:43:39, 25.8, 51.4
2019-10-02, 01:43:49, 25.8, 51.4
2019-10-02, 01:44:00, 25.8, 51.4
2019-10-02, 01:44:10, 25.8, 51.4
2019-10-02, 01:44:20, 25.8, 51.4
2019-10-02, 01:44:30, 25.8, 51.4
2019-10-02, 01:44:40, 25.8, 51.4
2019-10-02, 01:44:50, 25.8, 51.4
2019-10-02, 01:45:01, 25.8, 51.4
2019-10-02, 01:45:11, 25.8, 51.4
2019-10-02, 01:45:21, 25.8, 51.4
2019-10-02, 01:45:31, 25.8, 51.4
2019-10-02, 01:45:41, 25.8, 51.4
2019-10-02, 01:45:51, 25.8, 51.4
2019-10-02, 01:46:01, 25.8, 51.4
2019-10-02, 01:46:12, 25.8, 51.4
2019-10-02, 01:46:22, 25.8, 51.4
2019-10-02, 01:46:32, 25.8, 51.4
2019-10-02, 01:46:42, 25.8, 51.4
2019-10-02, 01:46:52, 25.8, 51.4
2019-10-02, 01:47:02, 25.8, 51.4
2019-10-02, 01:47:12, 25.8, 51.4
2019-10-02, 01:47:22, 25.8, 51.4
2019-10-02, 01:47:33, 25.8, 51.4
2019-10-02, 01:47:43, 25.8, 51.4
2019-10-02, 01:47:53, 25.8, 51.4
2019-10-02, 01:48:03, 25.8, 51.4
2019-10-02, 01:48:13, 25.8, 51.4
2019-10-02, 01:48:23, 25.8, 51.4
2019-10-02, 01:48:33, 25.8, 51.4
2019-10-02, 01:48:44, 25.8, 51.4
2019-10-02, 01:48:54, 25.8, 51.4
2019-10-02, 01:49:04, 25.8, 51.4
2019-10-02, 01:49:14, 25.8, 51.4
2019-10-02, 01:49:24, 25.8, 51.4
2019-10-02, 01:49:34, 25.8, 51.4
2019-10-02, 01:49:45, 25.8, 51.4
2019-10-02, 01:49:55, 25.8, 51.4
2019-10-02, 01:50:05, 25.8, 51.4
2019-10-02, 01:50:15, 25.8, 51.4
2019-10-02, 01:50:25, 25.8, 51.4
2019-10-02, 01:50:35, 25.8, 51.4
2019-10-02, 01:50:45, 25.8, 51.4
2019-10-02, 01:50:56, 25.8, 51.4
2019-10-02, 01:51:06, 25.8, 51.4
2019-10-02, 01:51:16, 25.8, 51.4
2019-10-02, 01:51:26, 25.8, 51.4
2019-10-02, 01:51:36, 25.8, 51.4
2019-10-02, 01:51:46, 25.8, 51.4
2019-10-02, 01:51:56, 25.8, 51.4
2019-10-02, 01:52:07, 25.8, 51.4
2019-10-02, 01:52:17, 25.8, 51.4
2019-10-02, 01:52:27, 25.8, 51.4
2019-10-02, 01:52:37, 25.8, 51.4
2019-10-02, 01:52:47, 25.8, 51.4
2019-10-02, 01:52:57, 25.8, 51.4
2019-10-02, 01:53:07, 25.8, 51.4
2019-10-02, 01:53:17, 25.8, 51.4
2019-10-02, 01:53:28, 25.8, 51.4
2019-10-02, 01:53:38, 25.8, 51.4
2019-10-02, 01:53:48, 25.8, 51.4
2019-10-02, 01:53:58, 25.8, 51.4
2019-10-02, 01:54:08, 25.8, 51.4
2019-10-02, 01:54:18, 25.8, 51.4
2019-10-02, 01:54:28, 25.8, 51.4
2019-10-02, 01:54:39, 25.8, 51.4
2019-10-02, 01:54:49, 25.8, 51.4
2019-10-02, 01:54:59, 25.8, 51.4
2019-10-02, 01:55:09, 25.8, 51.4
2019-10-02, 01:55:20, 25.8, 51.4
2019-10-02, 01:55:30, 25.8, 51.4
2019-10-02, 01:55:40, 25.8, 51.4
2019-10-02, 01:55:50, 25.8, 51.4
2019-10-02, 01:56:00, 25.8, 51.4
2019-10-02, 01:56:10, 25.8, 51.4
2019-10-02, 01:56:21, 25.8, 51.4
2019-10-02, 01:56:31, 25.8, 51.4
2019-10-02, 01:56:41, 25.8, 51.4
2019-10-02, 01:56:51, 25.8, 51.4
2019-10-02, 01:57:01, 25.8, 51.4
2019-10-02, 01:57:11, 25.8, 51.4
2019-10-02, 01:57:21, 25.8, 51.4
2019-10-02, 01:57:32, 25.8, 51.4
2019-10-02, 01:57:42, 25.8, 51.4
2019-10-02, 01:57:52, 25.8, 51.4
2019-10-02, 01:58:02, 25.8, 51.4
2019-10-02, 01:58:12, 25.8, 51.4
2019-10-02, 01:58:22, 25.8, 51.4
2019-10-02, 01:58:33, 25.8, 51.4
2019-10-02, 01:58:43, 25.8, 51.4
2019-10-02, 01:58:53, 25.8, 51.4
2019-10-02, 01:59:03, 25.8, 51.4
2019-10-02, 01:59:13, 25.8, 51.4
2019-10-02, 01:59:23, 25.8, 51.4
2019-10-02, 01:59:33, 25.8, 51.4
2019-10-02, 01:59:44, 25.8, 51.4
2019-10-02, 01:59:54, 25.8, 51.4
2019-10-02, 02:00:04, 25.8, 51.4
2019-10-02, 02:00:14, 25.8, 51.4
2019-10-02, 02:00:24, 25.8, 51.4
2019-10-02, 02:00:34, 25.8, 51.4
2019-10-02, 02:00:44, 25.8, 51.4
2019-10-02, 02:00:55, 25.8, 51.4
2019-10-02, 02:01:05, 25.8, 51.4
2019-10-02, 02:01:15, 25.8, 51.4
2019-10-02, 02:01:25, 25.8, 51.4
2019-10-02, 02:01:35, 25.8, 51.4
2019-10-02, 02:01:45, 25.8, 51.4
2019-10-02, 02:01:55, 25.8, 51.4
2019-10-02, 02:02:06, 25.8, 51.4
2019-10-02, 02:02:16, 25.8, 51.4
2019-10-02, 02:02:26, 25.8, 51.4
2019-10-02, 02:02:36, 25.8, 51.4
2019-10-02, 02:02:46, 25.8, 51.4
2019-10-02, 02:02:56, 25.8, 51.4
2019-10-02, 02:03:07, 25.8, 51.4
2019-10-02, 02:03:17, 25.8, 51.4
2019-10-02, 02:03:27, 25.8, 51.4
2019-10-02, 02:03:37, 25.8, 51.4
2019-10-02, 02:03:47, 25.8, 51.4
2019-10-02, 02:03:57, 25.8, 51.4
2019-10-02, 02:04:07, 25.8, 51.4
2019-10-02, 02:04:18, 25.8, 51.4
2019-10-02, 02:04:28, 25.8, 51.4
2019-10-02, 02:04:38, 25.8, 51.4
2019-10-02, 02:04:48, 25.8, 51.4
2019-10-02, 02:04:58, 25.8, 51.4
2019-10-02, 02:05:08, 25.8, 51.4
2019-10-02, 02:05:18, 25.8, 51.4
2019-10-02, 02:05:28, 25.8, 51.4
2019-10-02, 02:05:39, 25.8, 51.4
2019-10-02, 02:05:49, 25.8, 51.4
2019-10-02, 02:05:59, 25.8, 51.4
2019-10-02, 02:06:09, 25.8, 51.4
2019-10-02, 02:06:19, 25.8, 51.4
2019-10-02, 02:06:29, 25.8, 51.4
2019-10-02, 02:06:40, 25.8, 51.4
2019-10-02, 02:06:50, 25.8, 51.4
2019-10-02, 02:07:00, 25.8, 51.4
2019-10-02, 02:07:10, 25.8, 51.4
2019-10-02, 02:07:20, 25.8, 51.4
2019-10-02, 02:07:30, 25.8, 51.4
2019-10-02, 02:07:40, 25.8, 51.4
2019-10-02, 02:07:51, 25.8, 51.4
2019-10-02, 02:08:01, 25.8, 51.4
2019-10-02, 02:08:11, 25.8, 51.4
2019-10-02, 02:08:21, 25.8, 51.4
2019-10-02, 02:08:31, 25.8, 51.4
2019-10-02, 02:08:41, 25.8, 51.4
2019-10-02, 02:08:51, 25.8, 51.4
2019-10-02, 02:09:02, 25.8, 51.4
2019-10-02, 02:09:12, 25.8, 51.4
2019-10-02, 02:09:22, 25.8, 51.4
2019-10-02, 02:09:32, 25.8, 51.4
2019-10-02, 02:09:42, 25.8, 51.4
2019-10-02, 02:09:52, 25.8, 51.4
2019-10-02, 02:10:03, 25.8, 51.4
2019-10-02, 02:10:13, 25.8, 51.4
2019-10-02, 02:10:23, 25.8, 51.4
2019-10-02, 02:10:33, 25.8, 51.4
2019-10-02, 02:10:43, 25.8, 51.4
2019-10-02, 02:10:53, 25.8, 51.4
2019-10-02, 02:11:03, 25.8, 51.4
2019-10-02, 02:11:13, 25.8, 51.4
2019-10-02, 02:11:24, 25.8, 51.4
2019-10-02, 02:11:34, 25.8, 51.4
2019-10-02, 02:11:44, 25.8, 51.4
2019-10-02, 02:11:54, 25.8, 51.4
2019-10-02, 02:12:04, 25.8, 51.4
2019-10-02, 02:12:14, 25.8, 51.4
2019-10-02, 02:12:24, 25.8, 51.4
2019-10-02, 02:12:35, 25.8, 51.4
2019-10-02, 02:12:45, 25.8, 51.4
2019-10-02, 02:12:55, 25.8, 51.4
2019-10-02, 02:13:05, 25.8, 51.4
2019-10-02, 02:13:15, 25.8, 51.4
2019-10-02, 02:13:25, 25.8, 51.4
2019-10-02, 02:13:35, 25.8, 51.4
2019-10-02, 02:13:45, 25.8, 51.4
2019-10-02, 02:13:56, 25.8, 51.4
2019-10-02, 02:14:06, 25.8, 51.4
2019-10-02, 02:14:16, 25.8, 51.4
2019-10-02, 02:14:26, 25.8, 51.4
2019-10-02, 02:14:36, 25.8, 51.4
2019-10-02, 02:14:46, 25.8, 51.4
2019-10-02, 02:14:56, 25.8, 51.4
2019-10-02, 02:15:07, 25.8, 51.4
2019-10-02, 02:15:17, 25.8, 51.4
2019-10-02, 02:15:27, 25.8, 51.4
2019-10-02, 02:15:37, 25.8, 51.4
2019-10-02, 02:15:47, 25.8, 51.4
2019-10-02, 02:15:57, 25.8, 51.4
2019-10-02, 02:16:07, 25.8, 51.4
2019-10-02, 02:16:17, 25.8, 51.4
2019-10-02, 02:16:28, 25.8, 51.4
2019-10-02, 02:16:38, 25.8, 51.4
2019-10-02, 02:16:48, 25.8, 51.4
2019-10-02, 02:16:58, 25.8, 51.4
2019-10-02, 02:17:08, 25.8, 51.4
2019-10-02, 02:17:18, 25.8, 51.4
2019-10-02, 02:17:28, 25.8, 51.4
2019-10-02, 02:17:39, 25.8, 51.4
2019-10-02, 02:17:49, 25.8, 51.4
2019-10-02, 02:17:59, 25.8, 51.4
2019-10-02, 02:18:09, 25.8, 51.4
2019-10-02, 02:18:19, 25.8, 51.4
2019-10-02, 02:18:29, 25.8, 51.4
2019-10-02, 02:18:39, 25.8, 51.4
2019-10-02, 02:18:49, 25.8, 51.4
2019-10-02, 02:19:00, 25.8, 51.4
2019-10-02, 02:19:10, 25.8, 51.4
2019-10-02, 02:19:20, 25.8, 51.4
2019-10-02, 02:19:30, 25.8, 51.4
2019-10-02, 02:19:40, 25.8, 51.4
2019-10-02, 02:19:51, 25.8, 51.4
2019-10-02, 02:20:01, 25.8, 51.4
2019-10-02, 02:20:11, 25.8, 51.4
2019-10-02, 02:20:21, 25.8, 51.4
2019-10-02, 02:20:31, 25.8, 51.4
2019-10-02, 02:20:41, 25.8, 51.4
2019-10-02, 02:20:51, 25.8, 51.4
2019-10-02, 02:21:01, 25.8, 51.4
2019-10-02, 02:21:12, 25.8, 51.4
2019-10-02, 02:21:22, 25.8, 51.4
2019-10-02, 02:21:32, 25.8, 51.4
2019-10-02, 02:21:42, 25.8, 51.4
2019-10-02, 02:21:52, 25.8, 51.4
2019-10-02, 02:22:02, 25.8, 51.4
2019-10-02, 02:22:12, 25.8, 51.4
2019-10-02, 02:22:23, 25.8, 51.4
2019-10-02, 02:22:33, 25.8, 51.4
2019-10-02, 02:22:43, 25.8, 51.4
2019-10-02, 02:22:53, 25.8, 51.4
2019-10-02, 02:23:03, 25.8, 51.4
2019-10-02, 02:23:13, 25.8, 51.4
2019-10-02, 02:23:23, 25.8, 51.4
2019-10-02, 02:23:34, 25.8, 51.4
2019-10-02, 02:23:44, 25.8, 51.4
2019-10-02, 02:23:54, 25.8, 51.4
2019-10-02, 02:24:04, 25.8, 51.4
2019-10-02, 02:24:14, 25.8, 51.4
2019-10-02, 02:24:24, 25.8, 51.4
2019-10-02, 02:24:34, 25.8, 51.4
2019-10-02, 02:24:44, 25.8, 51.4
2019-10-02, 02:24:55, 25.8, 51.4
2019-10-02, 02:25:05, 25.8, 51.4
2019-10-02, 02:25:15, 25.8, 51.4
2019-10-02, 02:25:25, 25.8, 51.4
2019-10-02, 02:25:35, 25.8, 51.4
2019-10-02, 02:25:45, 25.8, 51.4
2019-10-02, 02:25:55, 25.8, 51.4
2019-10-02, 02:26:06, 25.8, 51.4
2019-10-02, 02:26:16, 25.8, 51.4
2019-10-02, 02:26:26, 25.8, 51.4
2019-10-02, 02:26:36, 25.8, 51.4
2019-10-02, 02:26:46, 25.8, 51.4
2019-10-02, 02:26:56, 25.8, 51.4
2019-10-02, 02:27:06, 25.8, 51.4
2019-10-02, 02:27:17, 25.8, 51.4
2019-10-02, 02:27:27, 25.8, 51.4
2019-10-02, 02:27:37, 25.8, 51.4
2019-10-02, 02:27:47, 25.8, 51.4
2019-10-02, 02:27:57, 25.8, 51.4
2019-10-02, 02:28:07, 25.8, 51.4
2019-10-02, 02:28:17, 25.8, 51.4
2019-10-02, 02:28:27, 25.8, 51.4
2019-10-02, 02:28:38, 25.8, 51.4
2019-10-02, 02:28:48, 25.8, 51.4
2019-10-02, 02:28:58, 25.8, 51.4
2019-10-02, 02:29:08, 25.8, 51.4
2019-10-02, 02:29:18, 25.8, 51.4
2019-10-02, 02:29:28, 25.8, 51.4
2019-10-02, 02:29:38, 25.8, 51.4
2019-10-02, 02:29:49, 25.8, 51.4
2019-10-02, 02:29:59, 25.8, 51.4
2019-10-02, 02:30:09, 25.8, 51.4
2019-10-02, 02:30:19, 25.8, 51.4
2019-10-02, 02:30:29, 25.8, 51.4
2019-10-02, 02:30:40, 25.8, 51.4
2019-10-02, 02:30:50, 25.8, 51.4
2019-10-02, 02:31:00, 25.8, 51.4
2019-10-02, 02:31:10, 25.8, 51.4
2019-10-02, 02:31:20, 25.8, 51.4
2019-10-02, 02:31:30, 25.8, 51.4
2019-10-02, 02:31:41, 25.8, 51.4
2019-10-02, 02:31:51, 25.8, 51.4
2019-10-02, 02:32:01, 25.8, 51.4
2019-10-02, 02:32:11, 25.8, 51.4
2019-10-02, 02:32:21, 25.8, 51.4
2019-10-02, 02:32:31, 25.8, 51.4
2019-10-02, 02:32:41, 25.8, 51.4
2019-10-02, 02:32:51, 25.8, 51.4
2019-10-02, 02:33:02, 25.8, 51.4
2019-10-02, 02:33:12, 25.8, 51.4
2019-10-02, 02:33:22, 25.8, 51.4
2019-10-02, 02:33:32, 25.8, 51.4
2019-10-02, 02:33:42, 25.8, 51.4
2019-10-02, 02:33:52, 25.8, 51.4
2019-10-02, 02:34:02, 25.8, 51.4
2019-10-02, 02:34:13, 25.8, 51.4
2019-10-02, 02:34:23, 25.8, 51.4
2019-10-02, 02:34:33, 25.8, 51.4
2019-10-02, 02:34:43, 25.8, 51.4
2019-10-02, 02:34:53, 25.8, 51.4
2019-10-02, 02:35:03, 25.8, 51.4
2019-10-02, 02:35:14, 25.8, 51.4
2019-10-02, 02:35:24, 25.8, 51.4
2019-10-02, 02:35:34, 25.8, 51.4
2019-10-02, 02:35:44, 25.8, 51.4
2019-10-02, 02:35:54, 25.8, 51.4
2019-10-02, 02:36:04, 25.8, 51.4
2019-10-02, 02:36:14, 25.8, 51.4
2019-10-02, 02:36:25, 25.8, 51.4
2019-10-02, 02:36:35, 25.8, 51.4
2019-10-02, 02:36:45, 25.8, 51.4
2019-10-02, 02:36:55, 25.8, 51.4
2019-10-02, 02:37:05, 25.8, 51.4
2019-10-02, 02:37:15, 25.8, 51.4
2019-10-02, 02:37:25, 25.8, 51.4
2019-10-02, 02:37:36, 25.8, 51.4
2019-10-02, 02:37:46, 25.8, 51.4
2019-10-02, 02:37:56, 25.8, 51.4
2019-10-02, 02:38:06, 25.8, 51.4
2019-10-02, 02:38:16, 25.8, 51.4
2019-10-02, 02:38:26, 25.8, 51.4
2019-10-02, 02:38:37, 25.8, 51.4
2019-10-02, 02:38:47, 25.8, 51.4
2019-10-02, 02:38:57, 25.8, 51.4
2019-10-02, 02:39:07, 25.8, 51.4
2019-10-02, 02:39:17, 25.8, 51.4
2019-10-02, 02:39:27, 25.8, 51.4
2019-10-02, 02:39:37, 25.8, 51.4
2019-10-02, 02:39:47, 25.8, 51.4
2019-10-02, 02:39:58, 25.8, 51.4
2019-10-02, 02:40:08, 25.8, 51.4
2019-10-02, 02:40:18, 25.8, 51.4
2019-10-02, 02:40:28, 25.8, 51.4
2019-10-02, 02:40:38, 25.8, 51.4
2019-10-02, 02:40:48, 25.8, 51.4
2019-10-02, 02:40:58, 25.8, 51.4
2019-10-02, 02:41:09, 25.8, 51.4
2019-10-02, 02:41:19, 25.8, 51.4
2019-10-02, 02:41:29, 25.8, 51.4
2019-10-02, 02:41:39, 25.8, 51.4
2019-10-02, 02:41:49, 25.8, 51.4
2019-10-02, 02:41:59, 25.8, 51.4
2019-10-02, 02:42:09, 25.8, 51.4
2019-10-02, 02:42:20, 25.8, 51.4
2019-10-02, 02:42:30, 25.8, 51.4
2019-10-02, 02:42:40, 25.8, 51.4
2019-10-02, 02:42:50, 25.8, 51.4
2019-10-02, 02:43:00, 25.8, 51.4
2019-10-02, 02:43:10, 25.8, 51.4
2019-10-02, 02:43:20, 25.8, 51.4
2019-10-02, 02:43:30, 25.8, 51.4
2019-10-02, 02:43:41, 25.8, 51.4
2019-10-02, 02:43:51, 25.8, 51.4
2019-10-02, 02:44:01, 25.8, 51.4
2019-10-02, 02:44:11, 25.8, 51.4
2019-10-02, 02:44:21, 25.8, 51.4
2019-10-02, 02:44:31, 25.8, 51.4
2019-10-02, 02:44:41, 25.8, 51.4
2019-10-02, 02:44:52, 25.8, 51.4
2019-10-02, 02:45:02, 25.8, 51.4
2019-10-02, 02:45:12, 25.8, 51.4
2019-10-02, 02:45:22, 25.8, 51.4
2019-10-02, 02:45:32, 25.8, 51.4
2019-10-02, 02:45:42, 25.8, 51.4
2019-10-02, 02:45:52, 25.8, 51.4
2019-10-02, 02:46:03, 25.8, 51.4
2019-10-02, 02:46:13, 25.8, 51.4
2019-10-02, 02:46:23, 25.8, 51.4
2019-10-02, 02:46:33, 25.8, 51.4
2019-10-02, 02:46:43, 25.8, 51.4
2019-10-02, 02:46:53, 25.8, 51.4
2019-10-02, 02:47:04, 25.8, 51.4
2019-10-02, 02:47:14, 25.8, 51.4
2019-10-02, 02:47:24, 25.8, 51.4
2019-10-02, 02:47:34, 25.8, 51.4
2019-10-02, 02:47:44, 25.8, 51.4
2019-10-02, 02:47:54, 25.8, 51.4
2019-10-02, 02:48:04, 25.8, 51.4
2019-10-02, 02:48:15, 25.8, 51.4
2019-10-02, 02:48:25, 25.8, 51.4
2019-10-02, 02:48:35, 25.8, 51.4
2019-10-02, 02:48:45, 25.8, 51.4
2019-10-02, 02:48:55, 25.8, 51.4
2019-10-02, 02:49:05, 25.8, 51.4
2019-10-02, 02:49:15, 25.8, 51.4
2019-10-02, 02:49:25, 25.8, 51.4
2019-10-02, 02:49:36, 25.8, 51.4
2019-10-02, 02:49:46, 25.8, 51.4
2019-10-02, 02:49:56, 25.8, 51.4
2019-10-02, 02:50:06, 25.8, 51.4
2019-10-02, 02:50:16, 25.8, 51.4
2019-10-02, 02:50:26, 25.8, 51.4
2019-10-02, 02:50:36, 25.8, 51.4
2019-10-02, 02:50:47, 25.8, 51.4
2019-10-02, 02:50:57, 25.8, 51.4
2019-10-02, 02:51:07, 25.8, 51.4
2019-10-02, 02:51:17, 25.8, 51.4
2019-10-02, 02:51:27, 25.8, 51.4
2019-10-02, 02:51:37, 25.8, 51.4
2019-10-02, 02:51:47, 25.8, 51.4
2019-10-02, 02:51:58, 25.8, 51.4
2019-10-02, 02:52:08, 25.8, 51.4
2019-10-02, 02:52:18, 25.8, 51.4
2019-10-02, 02:52:28, 25.8, 51.4
2019-10-02, 02:52:38, 25.8, 51.4
2019-10-02, 02:52:48, 25.8, 51.4
2019-10-02, 02:52:58, 25.8, 51.4
2019-10-02, 02:53:09, 25.8, 51.4
2019-10-02, 02:53:19, 25.8, 51.4
2019-10-02, 02:53:29, 25.8, 51.4
2019-10-02, 02:53:39, 25.8, 51.4
2019-10-02, 02:53:49, 25.8, 51.4
2019-10-02, 02:53:59, 25.8, 51.4
2019-10-02, 02:54:09, 25.8, 51.4
2019-10-02, 02:54:20, 25.8, 51.4
2019-10-02, 02:54:30, 25.8, 51.4
2019-10-02, 02:54:40, 25.8, 51.4
2019-10-02, 02:54:50, 25.8, 51.4
2019-10-02, 02:55:00, 25.8, 51.4
2019-10-02, 02:55:11, 25.8, 51.4
2019-10-02, 02:55:21, 25.8, 51.4
2019-10-02, 02:55:31, 25.8, 51.4
2019-10-02, 02:55:41, 25.8, 51.4
2019-10-02, 02:55:51, 25.8, 51.4
2019-10-02, 02:56:02, 25.8, 51.4
2019-10-02, 02:56:12, 25.8, 51.4
2019-10-02, 02:56:22, 25.8, 51.4
2019-10-02, 02:56:32, 25.8, 51.4
2019-10-02, 02:56:42, 25.8, 51.4
2019-10-02, 02:56:52, 25.8, 51.4
2019-10-02, 02:57:02, 25.8, 51.4
2019-10-02, 02:57:13, 25.8, 51.4
2019-10-02, 02:57:23, 25.8, 51.4
2019-10-02, 02:57:33, 25.8, 51.4
2019-10-02, 02:57:43, 25.8, 51.4
2019-10-02, 02:57:53, 25.8, 51.4
2019-10-02, 02:58:03, 25.8, 51.4
2019-10-02, 02:58:13, 25.8, 51.4
2019-10-02, 02:58:23, 25.8, 51.4
2019-10-02, 02:58:34, 25.8, 51.4
2019-10-02, 02:58:44, 25.8, 51.4
2019-10-02, 02:58:54, 25.8, 51.4
2019-10-02, 02:59:04, 25.8, 51.4
2019-10-02, 02:59:14, 25.8, 51.4
2019-10-02, 02:59:24, 25.8, 51.4
2019-10-02, 02:59:34, 25.8, 51.4
2019-10-02, 02:59:45, 25.8, 51.4
2019-10-02, 02:59:55, 25.8, 51.4
2019-10-02, 03:00:05, 25.8, 51.4
2019-10-02, 03:00:15, 25.8, 51.4
2019-10-02, 03:00:25, 25.8, 51.4
2019-10-02, 03:00:35, 25.8, 51.4
2019-10-02, 03:00:45, 25.8, 51.4
2019-10-02, 03:00:56, 25.8, 51.4
2019-10-02, 03:01:06, 25.8, 51.4
2019-10-02, 03:01:16, 25.8, 51.4
2019-10-02, 03:01:26, 25.8, 51.4
2019-10-02, 03:01:36, 25.8, 51.4
2019-10-02, 03:01:46, 25.8, 51.4
2019-10-02, 03:01:56, 25.8, 51.4
2019-10-02, 03:02:06, 25.8, 51.4
2019-10-02, 03:02:17, 25.8, 51.4
2019-10-02, 03:02:27, 25.8, 51.4
2019-10-02, 03:02:37, 25.8, 51.4
2019-10-02, 03:02:47, 25.8, 51.4
2019-10-02, 03:02:57, 25.8, 51.4
2019-10-02, 03:03:07, 25.8, 51.4
2019-10-02, 03:03:17, 25.8, 51.4
2019-10-02, 03:03:28, 25.8, 51.4
2019-10-02, 03:03:38, 25.8, 51.4
2019-10-02, 03:03:48, 25.8, 51.4
2019-10-02, 03:03:58, 25.8, 51.4
2019-10-02, 03:04:08, 25.8, 51.4
2019-10-02, 03:04:18, 25.8, 51.4
2019-10-02, 03:04:28, 25.8, 51.4
2019-10-02, 03:04:39, 25.8, 51.4
2019-10-02, 03:04:49, 25.8, 51.4
2019-10-02, 03:04:59, 25.8, 51.4
2019-10-02, 03:05:09, 25.8, 51.4
2019-10-02, 03:05:19, 25.8, 51.4
2019-10-02, 03:05:29, 25.8, 51.4
2019-10-02, 03:05:39, 25.8, 51.4
2019-10-02, 03:05:49, 25.8, 51.4
2019-10-02, 03:06:00, 25.8, 51.4
2019-10-02, 03:06:10, 25.8, 51.4
2019-10-02, 03:06:20, 25.8, 51.4
2019-10-02, 03:06:30, 25.8, 51.4
2019-10-02, 03:06:40, 25.8, 51.4
2019-10-02, 03:06:50, 25.8, 51.4
2019-10-02, 03:07:00, 25.8, 51.4
2019-10-02, 03:07:11, 25.8, 51.4
2019-10-02, 03:07:21, 25.8, 51.4
2019-10-02, 03:07:31, 25.8, 51.4
2019-10-02, 03:07:41, 25.8, 51.4
2019-10-02, 03:07:51, 25.8, 51.4
2019-10-02, 03:08:01, 25.8, 51.4
2019-10-02, 03:08:11, 25.8, 51.4
2019-10-02, 03:08:22, 25.8, 51.4
2019-10-02, 03:08:32, 25.8, 51.4
2019-10-02, 03:08:42, 25.8, 51.4
2019-10-02, 03:08:52, 25.8, 51.4
2019-10-02, 03:09:02, 25.8, 51.4
2019-10-02, 03:09:12, 25.8, 51.4
2019-10-02, 03:09:22, 25.8, 51.4
2019-10-02, 03:09:33, 25.8, 51.4
2019-10-02, 03:09:43, 25.8, 51.4
2019-10-02, 03:09:53, 25.8, 51.4
2019-10-02, 03:10:03, 25.8, 51.4
2019-10-02, 03:10:13, 25.8, 51.4
2019-10-02, 03:10:23, 25.8, 51.4
2019-10-02, 03:10:34, 25.8, 51.4
2019-10-02, 03:10:44, 25.8, 51.4
2019-10-02, 03:10:54, 25.8, 51.4
2019-10-02, 03:11:04, 25.8, 51.4
2019-10-02, 03:11:14, 25.8, 51.4
2019-10-02, 03:11:24, 25.8, 51.4
2019-10-02, 03:11:34, 25.8, 51.4
2019-10-02, 03:11:45, 25.8, 51.4
2019-10-02, 03:11:55, 25.8, 51.4
2019-10-02, 03:12:05, 25.8, 51.4
2019-10-02, 03:12:15, 25.8, 51.4
2019-10-02, 03:12:25, 25.8, 51.4
2019-10-02, 03:12:35, 25.8, 51.4
2019-10-02, 03:12:45, 25.8, 51.4
2019-10-02, 03:12:55, 25.8, 51.4
2019-10-02, 03:13:06, 25.8, 51.4
2019-10-02, 03:13:16, 25.8, 51.4
2019-10-02, 03:13:26, 25.8, 51.4
2019-10-02, 03:13:36, 25.8, 51.4
2019-10-02, 03:13:46, 25.8, 51.4
2019-10-02, 03:13:56, 25.8, 51.4
2019-10-02, 03:14:06, 25.8, 51.4
2019-10-02, 03:14:17, 25.8, 51.4
2019-10-02, 03:14:27, 25.8, 51.4
2019-10-02, 03:14:37, 25.8, 51.4
2019-10-02, 03:14:47, 25.8, 51.4
2019-10-02, 03:14:57, 25.8, 51.4
2019-10-02, 03:15:07, 25.8, 51.4
2019-10-02, 03:15:17, 25.8, 51.4
2019-10-02, 03:15:28, 25.8, 51.4
2019-10-02, 03:15:38, 25.8, 51.4
2019-10-02, 03:15:48, 25.8, 51.4
2019-10-02, 03:15:58, 25.8, 51.4
2019-10-02, 03:16:08, 25.8, 51.4
2019-10-02, 03:16:18, 25.8, 51.4
2019-10-02, 03:16:28, 25.8, 51.4
2019-10-02, 03:16:38, 25.8, 51.4
2019-10-02, 03:16:49, 25.8, 51.4
2019-10-02, 03:16:59, 25.8, 51.4
2019-10-02, 03:17:09, 25.8, 51.4
2019-10-02, 03:17:19, 25.8, 51.4
2019-10-02, 03:17:29, 25.8, 51.4
2019-10-02, 03:17:39, 25.8, 51.4
2019-10-02, 03:17:49, 25.8, 51.4
2019-10-02, 03:18:00, 25.8, 51.4
2019-10-02, 03:18:10, 25.8, 51.4
2019-10-02, 03:18:20, 25.8, 51.4
2019-10-02, 03:18:30, 25.8, 51.4
2019-10-02, 03:18:40, 25.8, 51.4
2019-10-02, 03:18:50, 25.8, 51.4
2019-10-02, 03:19:00, 25.8, 51.4
2019-10-02, 03:19:11, 25.8, 51.4
2019-10-02, 03:19:21, 25.8, 51.4
2019-10-02, 03:19:31, 25.8, 51.4
2019-10-02, 03:19:41, 25.8, 51.4
2019-10-02, 03:19:51, 25.8, 51.4
2019-10-02, 03:20:01, 25.8, 51.4
2019-10-02, 03:20:11, 25.8, 51.4
2019-10-02, 03:20:22, 25.8, 51.4
2019-10-02, 03:20:32, 25.8, 51.4
2019-10-02, 03:20:42, 25.8, 51.4
2019-10-02, 03:20:52, 25.8, 51.4
2019-10-02, 03:21:02, 25.8, 51.4
2019-10-02, 03:21:12, 25.8, 51.4
2019-10-02, 03:21:22, 25.8, 51.4
2019-10-02, 03:21:32, 25.8, 51.4
2019-10-02, 03:21:43, 25.8, 51.4
2019-10-02, 03:21:53, 25.8, 51.4
2019-10-02, 03:22:03, 25.8, 51.4
2019-10-02, 03:22:13, 25.8, 51.4
2019-10-02, 03:22:23, 25.8, 51.4
2019-10-02, 03:22:33, 25.8, 51.4
2019-10-02, 03:22:43, 25.8, 51.4
2019-10-02, 03:22:54, 25.8, 51.4
2019-10-02, 03:23:04, 25.8, 51.4
2019-10-02, 03:23:14, 25.8, 51.4
2019-10-02, 03:23:24, 25.8, 51.4
2019-10-02, 03:23:34, 25.8, 51.4
2019-10-02, 03:23:44, 25.8, 51.4
2019-10-02, 03:23:54, 25.8, 51.4
2019-10-02, 03:24:05, 25.8, 51.4
2019-10-02, 03:24:15, 25.8, 51.4
2019-10-02, 03:24:25, 25.8, 51.4
2019-10-02, 03:24:35, 25.8, 51.4
2019-10-02, 03:24:45, 25.8, 51.4
2019-10-02, 03:24:55, 25.8, 51.4
2019-10-02, 03:25:05, 25.8, 51.4
2019-10-02, 03:25:16, 25.8, 51.4
2019-10-02, 03:25:26, 25.8, 51.4
2019-10-02, 03:25:36, 25.8, 51.4
2019-10-02, 03:25:46, 25.8, 51.4
2019-10-02, 03:25:56, 25.8, 51.4
2019-10-02, 03:26:06, 25.8, 51.4
2019-10-02, 03:26:16, 25.8, 51.4
2019-10-02, 03:26:26, 25.8, 51.4
2019-10-02, 03:26:37, 25.8, 51.4
2019-10-02, 03:26:47, 25.8, 51.4
2019-10-02, 03:26:57, 25.8, 51.4
2019-10-02, 03:27:07, 25.8, 51.4
2019-10-02, 03:27:17, 25.8, 51.4
2019-10-02, 03:27:27, 25.8, 51.4
2019-10-02, 03:27:38, 25.8, 51.4
2019-10-02, 03:27:48, 25.8, 51.4
2019-10-02, 03:27:58, 25.8, 51.4
2019-10-02, 03:28:08, 25.8, 51.4
2019-10-02, 03:28:18, 25.8, 51.4
2019-10-02, 03:28:28, 25.8, 51.4
2019-10-02, 03:28:38, 25.8, 51.4
2019-10-02, 03:28:49, 25.8, 51.4
2019-10-02, 03:28:59, 25.8, 51.4
2019-10-02, 03:29:09, 25.8, 51.4
2019-10-02, 03:29:19, 25.8, 51.4
2019-10-02, 03:29:29, 25.8, 51.4
2019-10-02, 03:29:39, 25.8, 51.4
2019-10-02, 03:29:49, 25.8, 51.4
2019-10-02, 03:30:00, 25.8, 51.4
2019-10-02, 03:30:10, 25.8, 51.4
2019-10-02, 03:30:20, 25.8, 51.4
2019-10-02, 03:30:30, 25.8, 51.4
2019-10-02, 03:30:40, 25.8, 51.4
2019-10-02, 03:30:50, 25.8, 51.4
2019-10-02, 03:31:00, 25.8, 51.4
2019-10-02, 03:31:11, 25.8, 51.4
2019-10-02, 03:31:21, 25.8, 51.4
2019-10-02, 03:31:31, 25.8, 51.4
2019-10-02, 03:31:41, 25.8, 51.4
2019-10-02, 03:31:51, 25.8, 51.4
2019-10-02, 03:32:01, 25.8, 51.4
2019-10-02, 03:32:11, 25.8, 51.4
2019-10-02, 03:32:21, 25.8, 51.4
2019-10-02, 03:32:32, 25.8, 51.4
2019-10-02, 03:32:42, 25.8, 51.4
2019-10-02, 03:32:52, 25.8, 51.4
2019-10-02, 03:33:02, 25.8, 51.4
2019-10-02, 03:33:12, 25.8, 51.4
2019-10-02, 03:33:22, 25.8, 51.4
2019-10-02, 03:33:32, 25.8, 51.4
2019-10-02, 03:33:43, 25.8, 51.4
2019-10-02, 03:33:53, 25.8, 51.4
2019-10-02, 03:34:03, 25.8, 51.4
2019-10-02, 03:34:13, 25.8, 51.4
2019-10-02, 03:34:23, 25.8, 51.4
2019-10-02, 03:34:34, 25.8, 51.4
2019-10-02, 03:34:44, 25.8, 51.4
2019-10-02, 03:34:54, 25.8, 51.4
2019-10-02, 03:35:04, 25.8, 51.4
2019-10-02, 03:35:14, 25.8, 51.4
2019-10-02, 03:35:24, 25.8, 51.4
2019-10-02, 03:35:34, 25.8, 51.4
2019-10-02, 03:35:44, 25.8, 51.4
2019-10-02, 03:35:55, 25.8, 51.4
2019-10-02, 03:36:05, 25.8, 51.4
2019-10-02, 03:36:15, 25.8, 51.4
2019-10-02, 03:36:25, 25.8, 51.4
2019-10-02, 03:36:35, 25.8, 51.4
2019-10-02, 03:36:45, 25.8, 51.4
2019-10-02, 03:36:55, 25.8, 51.4
2019-10-02, 03:37:06, 25.8, 51.4
2019-10-02, 03:37:16, 25.8, 51.4
2019-10-02, 03:37:26, 25.8, 51.4
2019-10-02, 03:37:36, 25.8, 51.4
2019-10-02, 03:37:46, 25.8, 51.4
2019-10-02, 03:37:56, 25.8, 51.4
2019-10-02, 03:38:06, 25.8, 51.4
2019-10-02, 03:38:17, 25.8, 51.4
2019-10-02, 03:38:27, 25.8, 51.4
2019-10-02, 03:38:37, 25.8, 51.4
2019-10-02, 03:38:47, 25.8, 51.4
2019-10-02, 03:38:57, 25.8, 51.4
2019-10-02, 03:39:07, 25.8, 51.4
2019-10-02, 03:39:17, 25.8, 51.4
2019-10-02, 03:39:27, 25.8, 51.4
2019-10-02, 03:39:38, 25.8, 51.4
2019-10-02, 03:39:48, 25.8, 51.4
2019-10-02, 03:39:58, 25.8, 51.4
2019-10-02, 03:40:08, 25.8, 51.4
2019-10-02, 03:40:19, 25.8, 51.4
2019-10-02, 03:40:29, 25.8, 51.4
2019-10-02, 03:40:39, 25.8, 51.4
2019-10-02, 03:40:50, 25.8, 51.4
2019-10-02, 03:41:00, 25.8, 51.4
2019-10-02, 03:41:10, 25.8, 51.4
2019-10-02, 03:41:20, 25.8, 51.4
2019-10-02, 03:41:30, 25.8, 51.4
2019-10-02, 03:41:41, 25.8, 51.4
2019-10-02, 03:41:51, 25.8, 51.4
2019-10-02, 03:42:01, 25.8, 51.4
2019-10-02, 03:42:11, 25.8, 51.4
2019-10-02, 03:42:21, 25.8, 51.4
2019-10-02, 03:42:31, 25.8, 51.4
2019-10-02, 03:42:41, 25.8, 51.4
2019-10-02, 03:42:51, 25.8, 51.4
2019-10-02, 03:43:02, 25.8, 51.4
2019-10-02, 03:43:12, 25.8, 51.4
2019-10-02, 03:43:22, 25.8, 51.4
2019-10-02, 03:43:32, 25.8, 51.4
2019-10-02, 03:43:42, 25.8, 51.4
2019-10-02, 03:43:52, 25.8, 51.4
2019-10-02, 03:44:02, 25.8, 51.4
2019-10-02, 03:44:13, 25.8, 51.4
2019-10-02, 03:44:23, 25.8, 51.4
2019-10-02, 03:44:33, 25.8, 51.4
2019-10-02, 03:44:43, 25.8, 51.4
2019-10-02, 03:44:53, 25.8, 51.4
2019-10-02, 03:45:03, 25.8, 51.4
2019-10-02, 03:45:13, 25.8, 51.4
2019-10-02, 03:45:24, 25.8, 51.4
2019-10-02, 03:45:34, 25.8, 51.4
2019-10-02, 03:45:44, 25.8, 51.4
2019-10-02, 03:45:54, 25.8, 51.4
2019-10-02, 03:46:04, 25.8, 51.4
2019-10-02, 03:46:14, 25.8, 51.4
2019-10-02, 03:46:24, 25.8, 51.4
2019-10-02, 03:46:35, 25.8, 51.4
2019-10-02, 03:46:45, 25.8, 51.4
2019-10-02, 03:46:55, 25.8, 51.4
2019-10-02, 03:47:05, 25.8, 51.4
2019-10-02, 03:47:15, 25.8, 51.4
2019-10-02, 03:47:25, 25.8, 51.4
2019-10-02, 03:47:35, 25.8, 51.4
2019-10-02, 03:47:45, 25.8, 51.4
2019-10-02, 03:47:56, 25.8, 51.4
2019-10-02, 03:48:06, 25.8, 51.4
2019-10-02, 03:48:16, 25.8, 51.4
2019-10-02, 03:48:26, 25.8, 51.4
2019-10-02, 03:48:36, 25.8, 51.4
2019-10-02, 03:48:46, 25.8, 51.4
2019-10-02, 03:48:56, 25.8, 51.4
2019-10-02, 03:49:07, 25.8, 51.4
2019-10-02, 03:49:17, 25.8, 51.4
2019-10-02, 03:49:27, 25.8, 51.4
2019-10-02, 03:49:37, 25.8, 51.4
2019-10-02, 03:49:47, 25.8, 51.4
2019-10-02, 03:49:57, 25.8, 51.4
2019-10-02, 03:50:07, 25.8, 51.4
2019-10-02, 03:50:18, 25.8, 51.4
2019-10-02, 03:50:28, 25.8, 51.4
2019-10-02, 03:50:38, 25.8, 51.4
2019-10-02, 03:50:48, 25.8, 51.4
2019-10-02, 03:50:58, 25.8, 51.4
2019-10-02, 03:51:08, 25.8, 51.4
2019-10-02, 03:51:18, 25.8, 51.4
2019-10-02, 03:51:28, 25.8, 51.4
2019-10-02, 03:51:39, 25.8, 51.4
2019-10-02, 03:51:49, 25.8, 51.4
2019-10-02, 03:51:59, 25.8, 51.4
2019-10-02, 03:52:09, 25.8, 51.4
2019-10-02, 03:52:19, 25.8, 51.4
2019-10-02, 03:52:29, 25.8, 51.4
2019-10-02, 03:52:39, 25.8, 51.4
2019-10-02, 03:52:50, 25.8, 51.4
2019-10-02, 03:53:00, 25.8, 51.4
2019-10-02, 03:53:10, 25.8, 51.4
2019-10-02, 03:53:20, 25.8, 51.4
2019-10-02, 03:53:30, 25.8, 51.4
2019-10-02, 03:53:40, 25.8, 51.4
2019-10-02, 03:53:50, 25.8, 51.4
2019-10-02, 03:54:00, 25.8, 51.4
2019-10-02, 03:54:11, 25.8, 51.4
2019-10-02, 03:54:21, 25.8, 51.4
2019-10-02, 03:54:31, 25.8, 51.4
2019-10-02, 03:54:41, 25.8, 51.4
2019-10-02, 03:54:51, 25.8, 51.4
2019-10-02, 03:55:01, 25.8, 51.4
2019-10-02, 03:55:11, 25.8, 51.4
2019-10-02, 03:55:22, 25.8, 51.4
2019-10-02, 03:55:32, 25.8, 51.4
2019-10-02, 03:55:42, 25.8, 51.4
2019-10-02, 03:55:52, 25.8, 51.4
2019-10-02, 03:56:02, 25.8, 51.4
2019-10-02, 03:56:12, 25.8, 51.4
2019-10-02, 03:56:22, 25.8, 51.4
2019-10-02, 03:56:33, 25.8, 51.4
2019-10-02, 03:56:43, 25.8, 51.4
2019-10-02, 03:56:53, 25.8, 51.4
2019-10-02, 03:57:03, 25.8, 51.4
2019-10-02, 03:57:13, 25.8, 51.4
2019-10-02, 03:57:23, 25.8, 51.4
2019-10-02, 03:57:33, 25.8, 51.4
2019-10-02, 03:57:43, 25.8, 51.4
2019-10-02, 03:57:54, 25.8, 51.4
2019-10-02, 03:58:04, 25.8, 51.4
2019-10-02, 03:58:14, 25.8, 51.4
2019-10-02, 03:58:24, 25.8, 51.4
2019-10-02, 03:58:34, 25.8, 51.4
2019-10-02, 03:58:44, 25.8, 51.4
2019-10-02, 03:58:54, 25.8, 51.4
2019-10-02, 03:59:05, 25.8, 51.4
2019-10-02, 03:59:15, 25.8, 51.4
2019-10-02, 03:59:25, 25.8, 51.4
2019-10-02, 03:59:35, 25.8, 51.4
2019-10-02, 03:59:45, 25.8, 51.4
2019-10-02, 03:59:55, 25.8, 51.4
2019-10-02, 04:00:05, 25.8, 51.4
2019-10-02, 04:00:16, 25.8, 51.4
2019-10-02, 04:00:26, 25.8, 51.4
2019-10-02, 04:00:36, 25.8, 51.4
2019-10-02, 04:00:46, 25.8, 51.4
2019-10-02, 04:00:56, 25.8, 51.4
2019-10-02, 04:01:06, 25.8, 51.4
2019-10-02, 04:01:16, 25.8, 51.4
2019-10-02, 04:01:26, 25.8, 51.4
2019-10-02, 04:01:37, 25.8, 51.4
2019-10-02, 04:01:47, 25.8, 51.4
2019-10-02, 04:01:57, 25.8, 51.4
2019-10-02, 04:02:07, 25.8, 51.4
2019-10-02, 04:02:17, 25.8, 51.4
2019-10-02, 04:02:27, 25.8, 51.4
2019-10-02, 04:02:37, 25.8, 51.4
2019-10-02, 04:02:48, 25.8, 51.4
2019-10-02, 04:02:58, 25.8, 51.4
2019-10-02, 04:03:08, 25.8, 51.4
2019-10-02, 04:03:18, 25.8, 51.4
2019-10-02, 04:03:28, 25.8, 51.4
2019-10-02, 04:03:38, 25.8, 51.4
2019-10-02, 04:03:48, 25.8, 51.4
2019-10-02, 04:03:59, 25.8, 51.4
2019-10-02, 04:04:09, 25.8, 51.4
2019-10-02, 04:04:19, 25.8, 51.4
2019-10-02, 04:04:29, 25.8, 51.4
2019-10-02, 04:04:39, 25.8, 51.4
2019-10-02, 04:04:49, 25.8, 51.4
2019-10-02, 04:04:59, 25.8, 51.4
2019-10-02, 04:05:10, 25.8, 51.4
2019-10-02, 04:05:20, 25.8, 51.4
2019-10-02, 04:05:30, 25.8, 51.4
2019-10-02, 04:05:40, 25.8, 51.4
2019-10-02, 04:05:50, 25.8, 51.4
2019-10-02, 04:06:00, 25.8, 51.4
2019-10-02, 04:06:10, 25.8, 51.4
2019-10-02, 04:06:20, 25.8, 51.4
2019-10-02, 04:06:31, 25.8, 51.4
2019-10-02, 04:06:41, 25.8, 51.4
2019-10-02, 04:06:51, 25.8, 51.4
2019-10-02, 04:07:04, 25.8, 51.4
2019-10-02, 04:07:14, 25.8, 51.4
2019-10-02, 04:07:24, 25.8, 51.4
2019-10-02, 04:07:34, 25.8, 51.4
2019-10-02, 04:07:44, 25.8, 51.4
2019-10-02, 04:07:55, 25.8, 51.4
2019-10-02, 04:08:05, 25.8, 51.4
2019-10-02, 04:08:15, 25.8, 51.4
2019-10-02, 04:08:25, 25.8, 51.4
2019-10-02, 04:08:35, 25.8, 51.4
2019-10-02, 04:08:45, 25.8, 51.4
2019-10-02, 04:08:56, 25.8, 51.4
2019-10-02, 04:09:06, 25.8, 51.4
2019-10-02, 04:09:16, 25.8, 51.4
2019-10-02, 04:09:26, 25.8, 51.4
2019-10-02, 04:09:36, 25.8, 51.4
2019-10-02, 04:09:46, 25.8, 51.4
2019-10-02, 04:09:56, 25.8, 51.4
2019-10-02, 04:10:06, 25.8, 51.4
2019-10-02, 04:10:17, 25.8, 51.4
2019-10-02, 04:10:27, 25.8, 51.4
2019-10-02, 04:10:37, 25.8, 51.4
2019-10-02, 04:10:47, 25.8, 51.4
2019-10-02, 04:10:57, 25.8, 51.4
2019-10-02, 04:11:07, 25.8, 51.4
2019-10-02, 04:11:17, 25.8, 51.4
2019-10-02, 04:11:28, 25.8, 51.4
2019-10-02, 04:11:38, 25.8, 51.4
2019-10-02, 04:11:48, 25.8, 51.4
2019-10-02, 04:11:58, 25.8, 51.4
2019-10-02, 04:12:08, 25.8, 51.4
2019-10-02, 04:12:18, 25.8, 51.4
2019-10-02, 04:12:28, 25.8, 51.4
2019-10-02, 04:12:38, 25.8, 51.4
2019-10-02, 04:12:49, 25.8, 51.4
2019-10-02, 04:12:59, 25.8, 51.4
2019-10-02, 04:13:09, 25.8, 51.4
2019-10-02, 04:13:19, 25.8, 51.4
2019-10-02, 04:13:29, 25.8, 51.4
2019-10-02, 04:13:39, 25.8, 51.4
2019-10-02, 04:13:49, 25.8, 51.4
2019-10-02, 04:13:59, 25.8, 51.4
2019-10-02, 04:14:10, 25.8, 51.4
2019-10-02, 04:14:20, 25.8, 51.4
2019-10-02, 04:14:30, 25.8, 51.4
2019-10-02, 04:14:40, 25.8, 51.4
2019-10-02, 04:14:50, 25.8, 51.4
2019-10-02, 04:15:00, 25.8, 51.4
2019-10-02, 04:15:10, 25.8, 51.4
2019-10-02, 04:15:21, 25.8, 51.4
2019-10-02, 04:15:31, 25.8, 51.4
2019-10-02, 04:15:41, 25.8, 51.4
2019-10-02, 04:15:51, 25.8, 51.4
2019-10-02, 04:16:01, 25.8, 51.4
2019-10-02, 04:16:11, 25.8, 51.4
2019-10-02, 04:16:21, 25.8, 51.4
2019-10-02, 04:16:32, 25.8, 51.4
2019-10-02, 04:16:42, 25.8, 51.4
2019-10-02, 04:16:52, 25.8, 51.4
2019-10-02, 04:17:02, 25.8, 51.4
2019-10-02, 04:17:12, 25.8, 51.4
2019-10-02, 04:17:22, 25.8, 51.4
2019-10-02, 04:17:32, 25.8, 51.4
2019-10-02, 04:17:43, 25.8, 51.4
2019-10-02, 04:17:53, 25.8, 51.4
2019-10-02, 04:18:03, 25.8, 51.4
2019-10-02, 04:18:13, 25.8, 51.4
2019-10-02, 04:18:23, 25.8, 51.4
2019-10-02, 04:18:33, 25.8, 51.4
2019-10-02, 04:18:43, 25.8, 51.4
2019-10-02, 04:18:53, 25.8, 51.4
2019-10-02, 04:19:04, 25.8, 51.4
2019-10-02, 04:19:14, 25.8, 51.4
2019-10-02, 04:19:24, 25.8, 51.4
2019-10-02, 04:19:34, 25.8, 51.4
2019-10-02, 04:19:44, 25.8, 51.4
2019-10-02, 04:19:54, 25.8, 51.4
2019-10-02, 04:20:04, 25.8, 51.4
2019-10-02, 04:20:15, 25.8, 51.4
2019-10-02, 04:20:25, 25.8, 51.4
2019-10-02, 04:20:35, 25.8, 51.4
2019-10-02, 04:20:45, 25.8, 51.4
2019-10-02, 04:20:55, 25.8, 51.4
2019-10-02, 04:21:05, 25.8, 51.4
2019-10-02, 04:21:15, 25.8, 51.4
2019-10-02, 04:21:26, 25.8, 51.4
2019-10-02, 04:21:36, 25.8, 51.4
2019-10-02, 04:21:46, 25.8, 51.4
2019-10-02, 04:21:56, 25.8, 51.4
2019-10-02, 04:22:06, 25.8, 51.4
2019-10-02, 04:22:16, 25.8, 51.4
2019-10-02, 04:22:27, 25.8, 51.4
2019-10-02, 04:22:37, 25.8, 51.4
2019-10-02, 04:22:47, 25.8, 51.4
2019-10-02, 04:22:57, 25.8, 51.4
2019-10-02, 04:23:07, 25.8, 51.4
2019-10-02, 04:23:17, 25.8, 51.4
2019-10-02, 04:23:27, 25.8, 51.4
2019-10-02, 04:23:38, 25.8, 51.4
2019-10-02, 04:23:48, 25.8, 51.4
2019-10-02, 04:23:58, 25.8, 51.4
2019-10-02, 04:24:08, 25.8, 51.4
2019-10-02, 04:24:18, 25.8, 51.4
2019-10-02, 04:24:28, 25.8, 51.4
2019-10-02, 04:24:38, 25.8, 51.4
2019-10-02, 04:24:48, 25.8, 51.4
2019-10-02, 04:24:59, 25.8, 51.4
2019-10-02, 04:25:09, 25.8, 51.4
2019-10-02, 04:25:19, 25.8, 51.4
2019-10-02, 04:25:29, 25.8, 51.4
2019-10-02, 04:25:39, 25.8, 51.4
2019-10-02, 04:25:49, 25.8, 51.4
2019-10-02, 04:25:59, 25.8, 51.4
2019-10-02, 04:26:10, 25.8, 51.4
2019-10-02, 04:26:20, 25.8, 51.4
2019-10-02, 04:26:30, 25.8, 51.4
2019-10-02, 04:26:40, 25.8, 51.4
2019-10-02, 04:26:50, 25.8, 51.4
2019-10-02, 04:27:00, 25.8, 51.4
2019-10-02, 04:27:10, 25.8, 51.4
2019-10-02, 04:27:21, 25.8, 51.4
2019-10-02, 04:27:31, 25.8, 51.4
2019-10-02, 04:27:41, 25.8, 51.4
2019-10-02, 04:27:51, 25.8, 51.4
2019-10-02, 04:28:01, 25.8, 51.4
2019-10-02, 04:28:11, 25.8, 51.4
2019-10-02, 04:28:21, 25.8, 51.4
2019-10-02, 04:28:31, 25.8, 51.4
2019-10-02, 04:28:42, 25.8, 51.4
2019-10-02, 04:28:52, 25.8, 51.4
2019-10-02, 04:29:02, 25.8, 51.4
2019-10-02, 04:29:12, 25.8, 51.4
2019-10-02, 04:29:22, 25.8, 51.4
2019-10-02, 04:29:32, 25.8, 51.4
2019-10-02, 04:29:42, 25.8, 51.4
2019-10-02, 04:29:53, 25.8, 51.4
2019-10-02, 04:30:03, 25.8, 51.4
2019-10-02, 04:30:14, 25.8, 51.4
2019-10-02, 04:30:24, 25.8, 51.4
2019-10-02, 04:30:34, 25.8, 51.4
2019-10-02, 04:30:44, 25.8, 51.4
2019-10-02, 04:30:54, 25.8, 51.4
2019-10-02, 04:31:04, 25.8, 51.4
2019-10-02, 04:31:14, 25.8, 51.4
2019-10-02, 04:31:25, 25.8, 51.4
2019-10-02, 04:31:35, 25.8, 51.4
2019-10-02, 04:31:45, 25.8, 51.4
2019-10-02, 04:31:55, 25.8, 51.4
2019-10-02, 04:32:05, 25.8, 51.4
2019-10-02, 04:32:15, 25.8, 51.4
2019-10-02, 04:32:25, 25.8, 51.4
2019-10-02, 04:32:35, 25.8, 51.4
2019-10-02, 04:32:46, 25.8, 51.4
2019-10-02, 04:32:56, 25.8, 51.4
2019-10-02, 04:33:06, 25.8, 51.4
2019-10-02, 04:33:16, 25.8, 51.4
2019-10-02, 04:33:26, 25.8, 51.4
2019-10-02, 04:33:36, 25.8, 51.4
2019-10-02, 04:33:46, 25.8, 51.4
2019-10-02, 04:33:57, 25.8, 51.4
2019-10-02, 04:34:07, 25.8, 51.4
2019-10-02, 04:34:17, 25.8, 51.4
2019-10-02, 04:34:27, 25.8, 51.4
2019-10-02, 04:34:37, 25.8, 51.4
2019-10-02, 04:34:47, 25.8, 51.4
2019-10-02, 04:34:57, 25.8, 51.4
2019-10-02, 04:35:08, 25.8, 51.4
2019-10-02, 04:35:18, 25.8, 51.4
2019-10-02, 04:35:28, 25.8, 51.4
2019-10-02, 04:35:38, 25.8, 51.4
2019-10-02, 04:35:48, 25.8, 51.4
2019-10-02, 04:35:58, 25.8, 51.4
2019-10-02, 04:36:08, 25.8, 51.4
2019-10-02, 04:36:19, 25.8, 51.4
2019-10-02, 04:36:29, 25.8, 51.4
2019-10-02, 04:36:39, 25.8, 51.4
2019-10-02, 04:36:49, 25.8, 51.4
2019-10-02, 04:36:59, 25.8, 51.4
2019-10-02, 04:37:09, 25.8, 51.4
2019-10-02, 04:37:19, 25.8, 51.4
2019-10-02, 04:37:29, 25.8, 51.4
2019-10-02, 04:37:40, 25.8, 51.4
2019-10-02, 04:37:50, 25.8, 51.4
2019-10-02, 04:38:00, 25.8, 51.4
2019-10-02, 04:38:10, 25.8, 51.4
2019-10-02, 04:38:20, 25.8, 51.4
2019-10-02, 04:38:30, 25.8, 51.4
2019-10-02, 04:38:40, 25.8, 51.4
2019-10-02, 04:38:51, 25.8, 51.4
2019-10-02, 04:39:01, 25.8, 51.4
2019-10-02, 04:39:11, 25.8, 51.4
2019-10-02, 04:39:21, 25.8, 51.4
2019-10-02, 04:39:31, 25.8, 51.4
2019-10-02, 04:39:41, 25.8, 51.4
2019-10-02, 04:39:52, 25.8, 51.4
2019-10-02, 04:40:02, 25.8, 51.4
2019-10-02, 04:40:12, 25.8, 51.4
2019-10-02, 04:40:22, 25.8, 51.4
2019-10-02, 04:40:32, 25.8, 51.4
2019-10-02, 04:40:42, 25.8, 51.4
2019-10-02, 04:40:52, 25.8, 51.4
2019-10-02, 04:41:03, 25.8, 51.4
2019-10-02, 04:41:13, 25.8, 51.4
2019-10-02, 04:41:23, 25.8, 51.4
2019-10-02, 04:41:33, 25.8, 51.4
2019-10-02, 04:41:43, 25.8, 51.4
2019-10-02, 04:41:53, 25.8, 51.4
2019-10-02, 04:42:03, 25.8, 51.4
2019-10-02, 04:42:14, 25.8, 51.4
2019-10-02, 04:42:24, 25.8, 51.4
2019-10-02, 04:42:34, 25.8, 51.4
2019-10-02, 04:42:44, 25.8, 51.4
2019-10-02, 04:42:54, 25.8, 51.4
2019-10-02, 04:43:04, 25.8, 51.4
2019-10-02, 04:43:14, 25.8, 51.4
2019-10-02, 04:43:25, 25.8, 51.4
2019-10-02, 04:43:35, 25.8, 51.4
2019-10-02, 04:43:45, 25.8, 51.4
2019-10-02, 04:43:55, 25.8, 51.4
2019-10-02, 04:44:05, 25.8, 51.4
2019-10-02, 04:44:15, 25.8, 51.4
2019-10-02, 04:44:25, 25.8, 51.4
2019-10-02, 04:44:35, 25.8, 51.4
2019-10-02, 04:44:46, 25.8, 51.4
2019-10-02, 04:44:56, 25.8, 51.4
2019-10-02, 04:45:06, 25.8, 51.4
2019-10-02, 04:45:16, 25.8, 51.4
2019-10-02, 04:45:26, 25.8, 51.4
2019-10-02, 04:45:36, 25.8, 51.4
2019-10-02, 04:45:46, 25.8, 51.4
2019-10-02, 04:45:57, 25.8, 51.4
2019-10-02, 04:46:07, 25.8, 51.4
2019-10-02, 04:46:17, 25.8, 51.4
2019-10-02, 04:46:27, 25.8, 51.4
2019-10-02, 04:46:37, 25.8, 51.4
2019-10-02, 04:46:47, 25.8, 51.4
2019-10-02, 04:46:57, 25.8, 51.4
2019-10-02, 04:47:08, 25.8, 51.4
2019-10-02, 04:47:18, 25.8, 51.4
2019-10-02, 04:47:28, 25.8, 51.4
2019-10-02, 04:47:38, 25.8, 51.4
2019-10-02, 04:47:48, 25.8, 51.4
2019-10-02, 04:47:58, 25.8, 51.4
2019-10-02, 04:48:08, 25.8, 51.4
2019-10-02, 04:48:18, 25.8, 51.4
2019-10-02, 04:48:29, 25.8, 51.4
2019-10-02, 04:48:39, 25.8, 51.4
2019-10-02, 04:48:49, 25.8, 51.4
2019-10-02, 04:48:59, 25.8, 51.4
2019-10-02, 04:49:09, 25.8, 51.4
2019-10-02, 04:49:19, 25.8, 51.4
2019-10-02, 04:49:29, 25.8, 51.4
2019-10-02, 04:49:40, 25.8, 51.4
2019-10-02, 04:49:50, 25.8, 51.4
2019-10-02, 04:50:00, 25.8, 51.4
2019-10-02, 04:50:10, 25.8, 51.4
2019-10-02, 04:50:20, 25.8, 51.4
2019-10-02, 04:50:30, 25.8, 51.4
2019-10-02, 04:50:40, 25.8, 51.4
2019-10-02, 04:50:51, 25.8, 51.4
2019-10-02, 04:51:01, 25.8, 51.4
2019-10-02, 04:51:11, 25.8, 51.4
2019-10-02, 04:51:21, 25.8, 51.4
2019-10-02, 04:51:31, 25.8, 51.4
2019-10-02, 04:51:41, 25.8, 51.4
2019-10-02, 04:51:51, 25.8, 51.4
2019-10-02, 04:52:02, 25.8, 51.4
2019-10-02, 04:52:12, 25.8, 51.4
2019-10-02, 04:52:22, 25.8, 51.4
2019-10-02, 04:52:32, 25.8, 51.4
2019-10-02, 04:52:42, 25.8, 51.4
2019-10-02, 04:52:52, 25.8, 51.4
2019-10-02, 04:53:02, 25.8, 51.4
2019-10-02, 04:53:13, 25.8, 51.4
2019-10-02, 04:53:23, 25.8, 51.4
2019-10-02, 04:53:33, 25.8, 51.4
2019-10-02, 04:53:43, 25.8, 51.4
2019-10-02, 04:53:53, 25.8, 51.4
2019-10-02, 04:54:03, 25.8, 51.4
2019-10-02, 04:54:13, 25.8, 51.4
2019-10-02, 04:54:23, 25.8, 51.4
2019-10-02, 04:54:34, 25.8, 51.4
2019-10-02, 04:54:44, 25.8, 51.4
2019-10-02, 04:54:54, 25.8, 51.4
2019-10-02, 04:55:04, 25.8, 51.4
2019-10-02, 04:55:14, 25.8, 51.4
2019-10-02, 04:55:24, 25.8, 51.4
2019-10-02, 04:55:34, 25.8, 51.4
2019-10-02, 04:55:45, 25.8, 51.4
2019-10-02, 04:55:55, 25.8, 51.4
2019-10-02, 04:56:05, 25.8, 51.4
2019-10-02, 04:56:15, 25.8, 51.4
2019-10-02, 04:56:25, 25.8, 51.4
2019-10-02, 04:56:35, 25.8, 51.4
2019-10-02, 04:56:45, 25.8, 51.4
2019-10-02, 04:56:56, 25.8, 51.4
2019-10-02, 04:57:06, 25.8, 51.4
2019-10-02, 04:57:16, 25.8, 51.4
2019-10-02, 04:57:26, 25.8, 51.4
2019-10-02, 04:57:36, 25.8, 51.4
2019-10-02, 04:57:46, 25.8, 51.4
2019-10-02, 04:57:56, 25.8, 51.4
2019-10-02, 04:58:06, 25.8, 51.4
2019-10-02, 04:58:17, 25.8, 51.4
2019-10-02, 04:58:27, 25.8, 51.4
2019-10-02, 04:58:37, 25.8, 51.4
2019-10-02, 04:58:47, 25.8, 51.4
2019-10-02, 04:58:57, 25.8, 51.4
2019-10-02, 04:59:07, 25.8, 51.4
2019-10-02, 04:59:17, 25.8, 51.4
2019-10-02, 04:59:28, 25.8, 51.4
2019-10-02, 04:59:38, 25.8, 51.4
2019-10-02, 04:59:48, 25.8, 51.4
2019-10-02, 04:59:58, 25.8, 51.4
2019-10-02, 05:00:08, 25.8, 51.4
2019-10-02, 05:00:18, 25.8, 51.4
2019-10-02, 05:00:28, 25.8, 51.4
2019-10-02, 05:00:39, 25.8, 51.4
2019-10-02, 05:00:49, 25.8, 51.4
2019-10-02, 05:00:59, 25.8, 51.4
2019-10-02, 05:01:10, 25.8, 51.4
2019-10-02, 05:01:20, 25.8, 51.4
2019-10-02, 05:01:30, 25.8, 51.4
2019-10-02, 05:01:40, 25.8, 51.4
2019-10-02, 05:01:50, 25.8, 51.4
2019-10-02, 05:02:00, 25.8, 51.4
2019-10-02, 05:02:10, 25.8, 51.4
2019-10-02, 05:02:21, 25.8, 51.4
2019-10-02, 05:02:31, 25.8, 51.4
2019-10-02, 05:02:41, 25.8, 51.4
2019-10-02, 05:02:51, 25.8, 51.4
2019-10-02, 05:03:01, 25.8, 51.4
2019-10-02, 05:03:11, 25.8, 51.4
2019-10-02, 05:03:22, 25.8, 51.4
2019-10-02, 05:03:32, 25.8, 51.4
2019-10-02, 05:03:42, 25.8, 51.4
2019-10-02, 05:03:52, 25.8, 51.4
2019-10-02, 05:04:02, 25.8, 51.4
2019-10-02, 05:04:12, 25.8, 51.4
2019-10-02, 05:04:22, 25.8, 51.4
2019-10-02, 05:04:33, 25.8, 51.4
2019-10-02, 05:04:43, 25.8, 51.4
2019-10-02, 05:04:53, 25.8, 51.4
2019-10-02, 05:05:03, 25.8, 51.4
2019-10-02, 05:05:13, 25.8, 51.4
2019-10-02, 05:05:23, 25.8, 51.4
2019-10-02, 05:05:33, 25.8, 51.4
2019-10-02, 05:05:44, 25.8, 51.4
2019-10-02, 05:05:54, 25.8, 51.4
2019-10-02, 05:06:04, 25.8, 51.4
2019-10-02, 05:06:14, 25.8, 51.4
2019-10-02, 05:06:24, 25.8, 51.4
2019-10-02, 05:06:34, 25.8, 51.4
2019-10-02, 05:06:44, 25.8, 51.4
2019-10-02, 05:06:54, 25.8, 51.4
2019-10-02, 05:07:05, 25.8, 51.4
2019-10-02, 05:07:15, 25.8, 51.4
2019-10-02, 05:07:25, 25.8, 51.4
2019-10-02, 05:07:35, 25.8, 51.4
2019-10-02, 05:07:45, 25.8, 51.4
2019-10-02, 05:07:55, 25.8, 51.4
2019-10-02, 05:08:05, 25.8, 51.4
2019-10-02, 05:08:16, 25.8, 51.4
2019-10-02, 05:08:26, 25.8, 51.4
2019-10-02, 05:08:36, 25.8, 51.4
2019-10-02, 05:08:47, 25.8, 51.4
2019-10-02, 05:08:57, 25.8, 51.4
2019-10-02, 05:09:07, 25.8, 51.4
2019-10-02, 05:09:17, 25.8, 51.4
2019-10-02, 05:09:27, 25.8, 51.4
2019-10-02, 05:09:37, 25.8, 51.4
2019-10-02, 05:09:47, 25.8, 51.4
2019-10-02, 05:09:58, 25.8, 51.4
2019-10-02, 05:10:08, 25.8, 51.4
2019-10-02, 05:10:18, 25.8, 51.4
2019-10-02, 05:10:28, 25.8, 51.4
2019-10-02, 05:10:38, 25.8, 51.4
2019-10-02, 05:10:48, 25.8, 51.4
2019-10-02, 05:10:58, 25.8, 51.4
2019-10-02, 05:11:08, 25.8, 51.4
2019-10-02, 05:11:19, 25.8, 51.4
2019-10-02, 05:11:29, 25.8, 51.4
2019-10-02, 05:11:39, 25.8, 51.4
2019-10-02, 05:11:49, 25.8, 51.4
2019-10-02, 05:11:59, 25.8, 51.4
2019-10-02, 05:12:09, 25.8, 51.4
2019-10-02, 05:12:19, 25.8, 51.4
2019-10-02, 05:12:29, 25.8, 51.4
2019-10-02, 05:12:40, 25.8, 51.4
2019-10-02, 05:12:50, 25.8, 51.4
2019-10-02, 05:13:00, 25.8, 51.4
2019-10-02, 05:13:10, 25.8, 51.4
2019-10-02, 05:13:20, 25.8, 51.4
2019-10-02, 05:13:30, 25.8, 51.4
2019-10-02, 05:13:40, 25.8, 51.4
2019-10-02, 05:13:51, 25.8, 51.4
2019-10-02, 05:14:01, 25.8, 51.4
2019-10-02, 05:14:11, 25.8, 51.4
2019-10-02, 05:14:21, 25.8, 51.4
2019-10-02, 05:14:31, 25.8, 51.4
2019-10-02, 05:14:41, 25.8, 51.4
2019-10-02, 05:14:51, 25.8, 51.4
2019-10-02, 05:15:01, 25.8, 51.4
2019-10-02, 05:15:12, 25.8, 51.4
2019-10-02, 05:15:22, 25.8, 51.4
2019-10-02, 05:15:32, 25.8, 51.4
2019-10-02, 05:15:42, 25.8, 51.4
2019-10-02, 05:15:52, 25.8, 51.4
2019-10-02, 05:16:02, 25.8, 51.4
2019-10-02, 05:16:12, 25.8, 51.4
2019-10-02, 05:16:23, 25.8, 51.4
2019-10-02, 05:16:33, 25.8, 51.4
2019-10-02, 05:16:43, 25.8, 51.4
2019-10-02, 05:16:53, 25.8, 51.4
2019-10-02, 05:17:03, 25.8, 51.4
2019-10-02, 05:17:13, 25.8, 51.4
2019-10-02, 05:17:23, 25.8, 51.4
2019-10-02, 05:17:33, 25.8, 51.4
2019-10-02, 05:17:44, 25.8, 51.4
2019-10-02, 05:17:54, 25.8, 51.4
2019-10-02, 05:18:04, 25.8, 51.4
2019-10-02, 05:18:14, 25.8, 51.4
2019-10-02, 05:18:24, 25.8, 51.4
2019-10-02, 05:18:34, 25.8, 51.4
2019-10-02, 05:18:44, 25.8, 51.4
2019-10-02, 05:18:55, 25.8, 51.4
2019-10-02, 05:19:05, 25.8, 51.4
2019-10-02, 05:19:15, 25.8, 51.4
2019-10-02, 05:19:25, 25.8, 51.4
2019-10-02, 05:19:35, 25.8, 51.4
2019-10-02, 05:19:45, 25.8, 51.4
2019-10-02, 05:19:55, 25.8, 51.4
2019-10-02, 05:20:05, 25.8, 51.4
2019-10-02, 05:20:16, 25.8, 51.4
2019-10-02, 05:20:26, 25.8, 51.4
2019-10-02, 05:20:36, 25.8, 51.4
2019-10-02, 05:20:46, 25.8, 51.4
2019-10-02, 05:20:56, 25.8, 51.4
2019-10-02, 05:21:06, 25.8, 51.4
2019-10-02, 05:21:16, 25.8, 51.4
2019-10-02, 05:21:26, 25.8, 51.4
2019-10-02, 05:21:37, 25.8, 51.4
2019-10-02, 05:21:47, 25.8, 51.4
2019-10-02, 05:21:57, 25.8, 51.4
2019-10-02, 05:22:07, 25.8, 51.4
2019-10-02, 05:22:17, 25.8, 51.4
2019-10-02, 05:22:27, 25.8, 51.4
2019-10-02, 05:22:37, 25.8, 51.4
2019-10-02, 05:22:48, 25.8, 51.4
2019-10-02, 05:22:58, 25.8, 51.4
2019-10-02, 05:23:08, 25.8, 51.4
2019-10-02, 05:23:18, 25.8, 51.4
2019-10-02, 05:23:28, 25.8, 51.4
2019-10-02, 05:23:38, 25.8, 51.4
2019-10-02, 05:23:48, 25.8, 51.4
2019-10-02, 05:23:59, 25.8, 51.4
2019-10-02, 05:24:09, 25.8, 51.4
2019-10-02, 05:24:19, 25.8, 51.4
2019-10-02, 05:24:29, 25.8, 51.4
2019-10-02, 05:24:39, 25.8, 51.4
2019-10-02, 05:24:49, 25.8, 51.4
2019-10-02, 05:24:59, 25.8, 51.4
2019-10-02, 05:25:09, 25.8, 51.4
2019-10-02, 05:25:20, 25.8, 51.4
2019-10-02, 05:25:30, 25.8, 51.4
2019-10-02, 05:25:40, 25.8, 51.4
2019-10-02, 05:25:50, 25.8, 51.4
2019-10-02, 05:26:00, 25.8, 51.4
2019-10-02, 05:26:10, 25.8, 51.4
2019-10-02, 05:26:20, 25.8, 51.4
2019-10-02, 05:26:30, 25.8, 51.4
2019-10-02, 05:26:41, 25.8, 51.4
2019-10-02, 05:26:51, 25.8, 51.4
2019-10-02, 05:27:01, 25.8, 51.4
2019-10-02, 05:27:11, 25.8, 51.4
2019-10-02, 05:27:21, 25.8, 51.4
2019-10-02, 05:27:31, 25.8, 51.4
2019-10-02, 05:27:41, 25.8, 51.4
2019-10-02, 05:27:52, 25.8, 51.4
2019-10-02, 05:28:04, 25.8, 51.4
2019-10-02, 05:28:14, 25.8, 51.4
2019-10-02, 05:28:24, 25.8, 51.4
2019-10-02, 05:28:35, 25.8, 51.4
2019-10-02, 05:28:45, 25.8, 51.4
2019-10-02, 05:28:55, 25.8, 51.4
2019-10-02, 05:29:05, 25.8, 51.4
2019-10-02, 05:29:15, 25.8, 51.4
2019-10-02, 05:29:25, 25.8, 51.4
2019-10-02, 05:29:35, 25.8, 51.4
2019-10-02, 05:29:46, 25.8, 51.4
2019-10-02, 05:29:56, 25.8, 51.4
2019-10-02, 05:30:06, 25.8, 51.4
2019-10-02, 05:30:16, 25.8, 51.4
2019-10-02, 05:30:26, 25.8, 51.4
2019-10-02, 05:30:36, 25.8, 51.4
2019-10-02, 05:30:46, 25.8, 51.4
2019-10-02, 05:30:56, 25.8, 51.4
2019-10-02, 05:31:07, 25.8, 51.4
2019-10-02, 05:31:17, 25.8, 51.4
2019-10-02, 05:31:27, 25.8, 51.4
2019-10-02, 05:31:37, 25.8, 51.4
2019-10-02, 05:31:47, 25.8, 51.4
2019-10-02, 05:31:57, 25.8, 51.4
2019-10-02, 05:32:07, 25.8, 51.4
2019-10-02, 05:32:18, 25.8, 51.4
2019-10-02, 05:32:28, 25.8, 51.4
2019-10-02, 05:32:38, 25.8, 51.4
2019-10-02, 05:32:48, 25.8, 51.4
2019-10-02, 05:32:58, 25.8, 51.4
2019-10-02, 05:33:08, 25.8, 51.4
2019-10-02, 05:33:18, 25.8, 51.4
2019-10-02, 05:33:28, 25.8, 51.4
2019-10-02, 05:33:39, 25.8, 51.4
2019-10-02, 05:33:49, 25.8, 51.4
2019-10-02, 05:33:59, 25.8, 51.4
2019-10-02, 05:34:09, 25.8, 51.4
2019-10-02, 05:34:19, 25.8, 51.4
2019-10-02, 05:34:29, 25.8, 51.4
2019-10-02, 05:34:39, 25.8, 51.4
2019-10-02, 05:34:50, 25.8, 51.4
2019-10-02, 05:35:00, 25.8, 51.4
2019-10-02, 05:35:10, 25.8, 51.4
2019-10-02, 05:35:20, 25.8, 51.4
2019-10-02, 05:35:30, 25.8, 51.4
2019-10-02, 05:35:40, 25.8, 51.4
2019-10-02, 05:35:50, 25.8, 51.4
2019-10-02, 05:36:00, 25.8, 51.4
2019-10-02, 05:36:11, 25.8, 51.4
2019-10-02, 05:36:21, 25.8, 51.4
2019-10-02, 05:36:31, 25.8, 51.4
2019-10-02, 05:36:41, 25.8, 51.4
2019-10-02, 05:36:51, 25.8, 51.4
2019-10-02, 05:37:01, 25.8, 51.4
2019-10-02, 05:37:11, 25.8, 51.4
2019-10-02, 05:37:21, 25.8, 51.4
2019-10-02, 05:37:32, 25.8, 51.4
2019-10-02, 05:37:42, 25.8, 51.4
2019-10-02, 05:37:52, 25.8, 51.4
2019-10-02, 05:38:02, 25.8, 51.4
2019-10-02, 05:38:12, 25.8, 51.4
2019-10-02, 05:38:22, 25.8, 51.4
2019-10-02, 05:38:32, 25.8, 51.4
2019-10-02, 05:38:43, 25.8, 51.4
2019-10-02, 05:38:53, 25.8, 51.4
2019-10-02, 05:39:03, 25.8, 51.4
2019-10-02, 05:39:13, 25.8, 51.4
2019-10-02, 05:39:23, 25.8, 51.4
2019-10-02, 05:39:33, 25.8, 51.4
2019-10-02, 05:39:43, 25.8, 51.4
2019-10-02, 05:39:55, 25.8, 51.4
2019-10-02, 05:40:05, 25.8, 51.4
2019-10-02, 05:40:15, 25.8, 51.4
2019-10-02, 05:40:25, 25.8, 51.4
2019-10-02, 05:40:35, 25.8, 51.4
2019-10-02, 05:40:45, 25.8, 51.4
2019-10-02, 05:40:55, 25.8, 51.4
2019-10-02, 05:41:06, 25.8, 51.4
2019-10-02, 05:41:16, 25.8, 51.4
2019-10-02, 05:41:26, 25.8, 51.4
2019-10-02, 05:41:36, 25.8, 51.4
2019-10-02, 05:41:46, 25.8, 51.4
2019-10-02, 05:41:56, 25.8, 51.4
2019-10-02, 05:42:06, 25.8, 51.4
2019-10-02, 05:42:16, 25.8, 51.4
2019-10-02, 05:42:27, 25.8, 51.4
2019-10-02, 05:42:37, 25.8, 51.4
2019-10-02, 05:42:47, 25.8, 51.4
2019-10-02, 05:42:57, 25.8, 51.4
2019-10-02, 05:43:07, 25.8, 51.4
2019-10-02, 05:43:17, 25.8, 51.4
2019-10-02, 05:43:27, 25.8, 51.4
2019-10-02, 05:43:38, 25.8, 51.4
2019-10-02, 05:43:48, 25.8, 51.4
2019-10-02, 05:43:58, 25.8, 51.4
2019-10-02, 05:44:08, 25.8, 51.4
2019-10-02, 05:44:18, 25.8, 51.4
2019-10-02, 05:44:28, 25.8, 51.4
2019-10-02, 05:44:38, 25.8, 51.4
2019-10-02, 05:44:48, 25.8, 51.4
2019-10-02, 05:44:59, 25.8, 51.4
2019-10-02, 05:45:09, 25.8, 51.4
2019-10-02, 05:45:19, 25.8, 51.4
2019-10-02, 05:45:29, 25.8, 51.4
2019-10-02, 05:45:39, 25.8, 51.4
2019-10-02, 05:45:49, 25.8, 51.4
2019-10-02, 05:45:59, 25.8, 51.4
2019-10-02, 05:46:10, 25.8, 51.4
2019-10-02, 05:46:20, 25.8, 51.4
2019-10-02, 05:46:30, 25.8, 51.4
2019-10-02, 05:46:40, 25.8, 51.4
2019-10-02, 05:46:50, 25.8, 51.4
2019-10-02, 05:47:00, 25.8, 51.4
2019-10-02, 05:47:10, 25.8, 51.4
2019-10-02, 05:47:20, 25.8, 51.4
2019-10-02, 05:47:31, 25.8, 51.4
2019-10-02, 05:47:41, 25.8, 51.4
2019-10-02, 05:47:51, 25.8, 51.4
2019-10-02, 05:48:01, 25.8, 51.4
2019-10-02, 05:48:11, 25.8, 51.4
2019-10-02, 05:48:22, 25.8, 51.4
2019-10-02, 05:48:32, 25.8, 51.4
2019-10-02, 05:48:42, 25.8, 51.4
2019-10-02, 05:48:52, 25.8, 51.4
2019-10-02, 05:49:02, 25.8, 51.4
2019-10-02, 05:49:12, 25.8, 51.4
2019-10-02, 05:49:22, 25.8, 51.4
2019-10-02, 05:49:33, 25.8, 51.4
2019-10-02, 05:49:43, 25.8, 51.4
2019-10-02, 05:49:53, 25.8, 51.4
2019-10-02, 05:50:03, 25.8, 51.4
2019-10-02, 05:50:13, 25.8, 51.4
2019-10-02, 05:50:23, 25.8, 51.4
2019-10-02, 05:50:33, 25.8, 51.4
2019-10-02, 05:50:44, 25.8, 51.4
2019-10-02, 05:50:54, 25.8, 51.4
2019-10-02, 05:51:04, 25.8, 51.4
2019-10-02, 05:51:14, 25.8, 51.4
2019-10-02, 05:51:24, 25.8, 51.4
2019-10-02, 05:51:34, 25.8, 51.4
2019-10-02, 05:51:44, 25.8, 51.4
2019-10-02, 05:51:54, 25.8, 51.4
2019-10-02, 05:52:05, 25.8, 51.4
2019-10-02, 05:52:15, 25.8, 51.4
2019-10-02, 05:52:25, 25.8, 51.4
2019-10-02, 05:52:35, 25.8, 51.4
2019-10-02, 05:52:45, 25.8, 51.4
2019-10-02, 05:52:55, 25.8, 51.4
2019-10-02, 05:53:05, 25.8, 51.4
2019-10-02, 05:53:16, 25.8, 51.4
2019-10-02, 05:53:26, 25.8, 51.4
2019-10-02, 05:53:36, 25.8, 51.4
2019-10-02, 05:53:46, 25.8, 51.4
2019-10-02, 05:53:56, 25.8, 51.4
2019-10-02, 05:54:06, 25.8, 51.4
2019-10-02, 05:54:16, 25.8, 51.4
2019-10-02, 05:54:27, 25.8, 51.4
2019-10-02, 05:54:37, 25.8, 51.4
2019-10-02, 05:54:47, 25.8, 51.4
2019-10-02, 05:54:57, 25.8, 51.4
2019-10-02, 05:55:07, 25.8, 51.4
2019-10-02, 05:55:17, 25.8, 51.4
2019-10-02, 05:55:27, 25.8, 51.4
2019-10-02, 05:55:37, 25.8, 51.4
2019-10-02, 05:55:48, 25.8, 51.4
2019-10-02, 05:55:58, 25.8, 51.4
2019-10-02, 05:56:08, 25.8, 51.4
2019-10-02, 05:56:18, 25.8, 51.4
2019-10-02, 05:56:28, 25.8, 51.4
2019-10-02, 05:56:38, 25.8, 51.4
2019-10-02, 05:56:48, 25.8, 51.4
2019-10-02, 05:56:59, 25.8, 51.4
2019-10-02, 05:57:09, 25.8, 51.4
2019-10-02, 05:57:19, 25.8, 51.4
2019-10-02, 05:57:29, 25.8, 51.4
2019-10-02, 05:57:39, 25.8, 51.4
2019-10-02, 05:57:49, 25.8, 51.4
2019-10-02, 05:57:59, 25.8, 51.4
2019-10-02, 05:58:09, 25.8, 51.4
2019-10-02, 05:58:20, 25.8, 51.4
2019-10-02, 05:58:30, 25.8, 51.4
2019-10-02, 05:58:40, 25.8, 51.4
2019-10-02, 05:58:50, 25.8, 51.4
2019-10-02, 05:59:00, 25.8, 51.4
2019-10-02, 05:59:10, 25.8, 51.4
2019-10-02, 05:59:21, 25.8, 51.4
2019-10-02, 05:59:31, 25.8, 51.4
2019-10-02, 05:59:41, 25.8, 51.4
2019-10-02, 05:59:51, 25.8, 51.4
2019-10-02, 06:00:01, 25.8, 51.4
2019-10-02, 06:00:11, 25.8, 51.4
2019-10-02, 06:00:21, 25.8, 51.4
2019-10-02, 06:00:32, 25.8, 51.4
2019-10-02, 06:00:42, 25.8, 51.4
2019-10-02, 06:00:52, 25.8, 51.4
2019-10-02, 06:01:02, 25.8, 51.4
2019-10-02, 06:01:12, 25.8, 51.4
2019-10-02, 06:01:22, 25.8, 51.4
2019-10-02, 06:01:32, 25.8, 51.4
2019-10-02, 06:01:43, 25.8, 51.4
2019-10-02, 06:01:53, 25.8, 51.4
2019-10-02, 06:02:03, 25.8, 51.4
2019-10-02, 06:02:13, 25.8, 51.4
2019-10-02, 06:02:23, 25.8, 51.4
2019-10-02, 06:02:33, 25.8, 51.4
2019-10-02, 06:02:43, 25.8, 51.4
2019-10-02, 06:02:53, 25.8, 51.4
2019-10-02, 06:03:04, 25.8, 51.4
2019-10-02, 06:03:14, 25.8, 51.4
2019-10-02, 06:03:24, 25.8, 51.4
2019-10-02, 06:03:34, 25.8, 51.4
2019-10-02, 06:03:44, 25.8, 51.4
2019-10-02, 06:03:54, 25.8, 51.4
2019-10-02, 06:04:05, 25.8, 51.4
2019-10-02, 06:04:15, 25.8, 51.4
2019-10-02, 06:04:25, 25.8, 51.4
2019-10-02, 06:04:35, 25.8, 51.4
2019-10-02, 06:04:45, 25.8, 51.4
2019-10-02, 06:04:55, 25.8, 51.4
2019-10-02, 06:05:06, 25.8, 51.4
2019-10-02, 06:05:16, 25.8, 51.4
2019-10-02, 06:05:26, 25.8, 51.4
2019-10-02, 06:05:36, 25.8, 51.4
2019-10-02, 06:05:46, 25.8, 51.4
2019-10-02, 06:05:56, 25.8, 51.4
2019-10-02, 06:06:06, 25.8, 51.4
2019-10-02, 06:06:16, 25.8, 51.4
2019-10-02, 06:06:27, 25.8, 51.4
2019-10-02, 06:06:37, 25.8, 51.4
2019-10-02, 06:06:47, 25.8, 51.4
2019-10-02, 06:06:57, 25.8, 51.4
2019-10-02, 06:07:07, 25.8, 51.4
2019-10-02, 06:07:17, 25.8, 51.4
2019-10-02, 06:07:27, 25.8, 51.4
2019-10-02, 06:07:38, 25.8, 51.4
2019-10-02, 06:07:48, 25.8, 51.4
2019-10-02, 06:07:58, 25.8, 51.4
2019-10-02, 06:08:08, 25.8, 51.4
2019-10-02, 06:08:18, 25.8, 51.4
2019-10-02, 06:08:28, 25.8, 51.4
2019-10-02, 06:08:38, 25.8, 51.4
2019-10-02, 06:08:49, 25.8, 51.4
2019-10-02, 06:08:59, 25.8, 51.4
2019-10-02, 06:09:09, 25.8, 51.4
2019-10-02, 06:09:19, 25.8, 51.4
2019-10-02, 06:09:29, 25.8, 51.4
2019-10-02, 06:09:39, 25.8, 51.4
2019-10-02, 06:09:49, 25.8, 51.4
2019-10-02, 06:09:59, 25.8, 51.4
2019-10-02, 06:10:10, 25.8, 51.4
2019-10-02, 06:10:20, 25.8, 51.4
2019-10-02, 06:10:30, 25.8, 51.4
2019-10-02, 06:10:40, 25.8, 51.4
2019-10-02, 06:10:50, 25.8, 51.4
2019-10-02, 06:11:00, 25.8, 51.4
2019-10-02, 06:11:10, 25.8, 51.4
2019-10-02, 06:11:21, 25.8, 51.4
2019-10-02, 06:11:31, 25.8, 51.4
2019-10-02, 06:11:41, 25.8, 51.4
2019-10-02, 06:11:51, 25.8, 51.4
2019-10-02, 06:12:01, 25.8, 51.4
2019-10-02, 06:12:11, 25.8, 51.4
2019-10-02, 06:12:21, 25.8, 51.4
2019-10-02, 06:12:32, 25.8, 51.4
2019-10-02, 06:12:42, 25.8, 51.4
2019-10-02, 06:12:52, 25.8, 51.4
2019-10-02, 06:13:02, 25.8, 51.4
2019-10-02, 06:13:12, 25.8, 51.4
2019-10-02, 06:13:22, 25.8, 51.4
2019-10-02, 06:13:32, 25.8, 51.4
2019-10-02, 06:13:42, 25.8, 51.4
2019-10-02, 06:13:53, 25.8, 51.4
2019-10-02, 06:14:03, 25.8, 51.4
2019-10-02, 06:14:13, 25.8, 51.4
2019-10-02, 06:14:23, 25.8, 51.4
2019-10-02, 06:14:33, 25.8, 51.4
2019-10-02, 06:14:43, 25.8, 51.4
2019-10-02, 06:14:53, 25.8, 51.4
2019-10-02, 06:15:04, 25.8, 51.4
2019-10-02, 06:15:14, 25.8, 51.4
2019-10-02, 06:15:24, 25.8, 51.4
2019-10-02, 06:15:34, 25.8, 51.4
2019-10-02, 06:15:44, 25.8, 51.4
2019-10-02, 06:15:55, 25.8, 51.4
2019-10-02, 06:16:05, 25.8, 51.4
2019-10-02, 06:16:15, 25.8, 51.4
2019-10-02, 06:16:25, 25.8, 51.4
2019-10-02, 06:16:35, 25.8, 51.4
2019-10-02, 06:16:45, 25.8, 51.4
2019-10-02, 06:16:55, 25.8, 51.4
2019-10-02, 06:17:06, 25.8, 51.4
2019-10-02, 06:17:16, 25.8, 51.4
2019-10-02, 06:17:26, 25.8, 51.4
2019-10-02, 06:17:36, 25.8, 51.4
2019-10-02, 06:17:46, 25.8, 51.4
2019-10-02, 06:17:56, 25.8, 51.4
2019-10-02, 06:18:07, 25.8, 51.4
2019-10-02, 06:18:17, 25.8, 51.4
2019-10-02, 06:18:27, 25.8, 51.4
2019-10-02, 06:18:37, 25.8, 51.4
2019-10-02, 06:18:47, 25.8, 51.4
2019-10-02, 06:18:57, 25.8, 51.4
2019-10-02, 06:19:07, 25.8, 51.4
2019-10-02, 06:19:18, 25.8, 51.4
2019-10-02, 06:19:28, 25.8, 51.4
2019-10-02, 06:19:38, 25.8, 51.4
2019-10-02, 06:19:48, 25.8, 51.4
2019-10-02, 06:19:58, 25.8, 51.4
2019-10-02, 06:20:08, 25.8, 51.4
2019-10-02, 06:20:18, 25.8, 51.4
2019-10-02, 06:20:28, 25.8, 51.4
2019-10-02, 06:20:39, 25.8, 51.4
2019-10-02, 06:20:49, 25.8, 51.4
2019-10-02, 06:20:59, 25.8, 51.4
2019-10-02, 06:21:09, 25.8, 51.4
2019-10-02, 06:21:19, 25.8, 51.4
2019-10-02, 06:21:29, 25.8, 51.4
2019-10-02, 06:21:39, 25.8, 51.4
2019-10-02, 06:21:50, 25.8, 51.4
2019-10-02, 06:22:00, 25.8, 51.4
2019-10-02, 06:22:10, 25.8, 51.4
2019-10-02, 06:22:20, 25.8, 51.4
2019-10-02, 06:22:30, 25.8, 51.4
2019-10-02, 06:22:40, 25.8, 51.4
2019-10-02, 06:22:50, 25.8, 51.4
2019-10-02, 06:23:01, 25.8, 51.4
2019-10-02, 06:23:11, 25.8, 51.4
2019-10-02, 06:23:21, 25.8, 51.4
2019-10-02, 06:23:31, 25.8, 51.4
2019-10-02, 06:23:41, 25.8, 51.4
2019-10-02, 06:23:51, 25.8, 51.4
2019-10-02, 06:24:01, 25.8, 51.4
2019-10-02, 06:24:12, 25.8, 51.4
2019-10-02, 06:24:22, 25.8, 51.4
2019-10-02, 06:24:32, 25.8, 51.4
2019-10-02, 06:24:42, 25.8, 51.4
2019-10-02, 06:24:52, 25.8, 51.4
2019-10-02, 06:25:02, 25.8, 51.4
2019-10-02, 06:25:13, 25.8, 51.4
2019-10-02, 06:25:23, 25.8, 51.4
2019-10-02, 06:25:33, 25.8, 51.4
2019-10-02, 06:25:43, 25.8, 51.4
2019-10-02, 06:25:53, 25.8, 51.4
2019-10-02, 06:26:03, 25.8, 51.4
2019-10-02, 06:26:13, 25.8, 51.4
2019-10-02, 06:26:23, 25.8, 51.4
2019-10-02, 06:26:34, 25.8, 51.4
2019-10-02, 06:26:44, 25.8, 51.4
2019-10-02, 06:26:54, 25.8, 51.4
2019-10-02, 06:27:04, 25.8, 51.4
2019-10-02, 06:27:14, 25.8, 51.4
2019-10-02, 06:27:24, 25.8, 51.4
2019-10-02, 06:27:34, 25.8, 51.4
2019-10-02, 06:27:45, 25.8, 51.4
2019-10-02, 06:27:55, 25.8, 51.4
2019-10-02, 06:28:05, 25.8, 51.4
2019-10-02, 06:28:15, 25.8, 51.4
2019-10-02, 06:28:25, 25.8, 51.4
2019-10-02, 06:28:35, 25.8, 51.4
2019-10-02, 06:28:45, 25.8, 51.4
2019-10-02, 06:28:55, 25.8, 51.4
2019-10-02, 06:29:06, 25.8, 51.4
2019-10-02, 06:29:16, 25.8, 51.4
2019-10-02, 06:29:26, 25.8, 51.4
2019-10-02, 06:29:36, 25.8, 51.4
2019-10-02, 06:29:46, 25.8, 51.4
2019-10-02, 06:29:56, 25.8, 51.4
2019-10-02, 06:30:06, 25.8, 51.4
2019-10-02, 06:30:17, 25.8, 51.4
2019-10-02, 06:30:27, 25.8, 51.4
2019-10-02, 06:30:37, 25.8, 51.4
2019-10-02, 06:30:47, 25.8, 51.4
2019-10-02, 06:30:57, 25.8, 51.4
2019-10-02, 06:31:07, 25.8, 51.4
2019-10-02, 06:31:17, 25.8, 51.4
2019-10-02, 06:31:27, 25.8, 51.4
2019-10-02, 06:31:38, 25.8, 51.4
2019-10-02, 06:31:48, 25.8, 51.4
2019-10-02, 06:31:58, 25.8, 51.4
2019-10-02, 06:32:08, 25.8, 51.4
2019-10-02, 06:32:18, 25.8, 51.4
2019-10-02, 06:32:28, 25.8, 51.4
2019-10-02, 06:32:38, 25.8, 51.4
2019-10-02, 06:32:49, 25.8, 51.4
2019-10-02, 06:32:59, 25.8, 51.4
2019-10-02, 06:33:09, 25.8, 51.4
2019-10-02, 06:33:19, 25.8, 51.4
2019-10-02, 06:33:29, 25.8, 51.4
2019-10-02, 06:33:39, 25.8, 51.4
2019-10-02, 06:33:49, 25.8, 51.4
2019-10-02, 06:33:59, 25.8, 51.4
2019-10-02, 06:34:10, 25.8, 51.4
2019-10-02, 06:34:20, 25.8, 51.4
2019-10-02, 06:34:30, 25.8, 51.4
2019-10-02, 06:34:40, 25.8, 51.4
2019-10-02, 06:34:50, 25.8, 51.4
2019-10-02, 06:35:00, 25.8, 51.4
2019-10-02, 06:35:11, 25.8, 51.4
2019-10-02, 06:35:21, 25.8, 51.4
2019-10-02, 06:35:31, 25.8, 51.4
2019-10-02, 06:35:41, 25.8, 51.4
2019-10-02, 06:35:51, 25.8, 51.4
2019-10-02, 06:36:01, 25.8, 51.4
2019-10-02, 06:36:11, 25.8, 51.4
2019-10-02, 06:36:22, 25.8, 51.4
2019-10-02, 06:36:32, 25.8, 51.4
2019-10-02, 06:36:43, 25.8, 51.4
2019-10-02, 06:36:53, 25.8, 51.4
2019-10-02, 06:37:03, 25.8, 51.4
2019-10-02, 06:37:13, 25.8, 51.4
2019-10-02, 06:37:23, 25.8, 51.4
2019-10-02, 06:37:34, 25.8, 51.4
2019-10-02, 06:37:44, 25.8, 51.4
2019-10-02, 06:37:54, 25.8, 51.4
2019-10-02, 06:38:04, 25.8, 51.4
2019-10-02, 06:38:14, 25.8, 51.4
2019-10-02, 06:38:24, 25.8, 51.4
2019-10-02, 06:38:34, 25.8, 51.4
2019-10-02, 06:38:44, 25.8, 51.4
2019-10-02, 06:38:55, 25.8, 51.4
2019-10-02, 06:39:05, 25.8, 51.4
2019-10-02, 06:39:16, 25.8, 51.4
2019-10-02, 06:39:26, 25.8, 51.4
2019-10-02, 06:39:36, 25.8, 51.4
2019-10-02, 06:39:46, 25.8, 51.4
2019-10-02, 06:39:56, 25.8, 51.4
2019-10-02, 06:40:07, 25.8, 51.4
2019-10-02, 06:40:17, 25.8, 51.4
2019-10-02, 06:40:27, 25.8, 51.4
2019-10-02, 06:40:37, 25.8, 51.4
2019-10-02, 06:40:47, 25.8, 51.4
2019-10-02, 06:40:57, 25.8, 51.4
2019-10-02, 06:41:08, 25.8, 51.4
2019-10-02, 06:41:18, 25.8, 51.4
2019-10-02, 06:41:28, 25.8, 51.4
2019-10-02, 06:41:38, 25.8, 51.4
2019-10-02, 06:41:48, 25.8, 51.4
2019-10-02, 06:41:58, 25.8, 51.4
2019-10-02, 06:42:08, 25.8, 51.4
2019-10-02, 06:42:19, 25.8, 51.4
2019-10-02, 06:42:29, 25.8, 51.4
2019-10-02, 06:42:39, 25.8, 51.4
2019-10-02, 06:42:49, 25.8, 51.4
2019-10-02, 06:42:59, 25.8, 51.4
2019-10-02, 06:43:09, 25.8, 51.4
2019-10-02, 06:43:19, 25.8, 51.4
2019-10-02, 06:43:29, 25.8, 51.4
2019-10-02, 06:43:40, 25.8, 51.4
2019-10-02, 06:43:50, 25.8, 51.4
2019-10-02, 06:44:00, 25.8, 51.4
2019-10-02, 06:44:10, 25.8, 51.4
2019-10-02, 06:44:20, 25.8, 51.4
2019-10-02, 06:44:30, 25.8, 51.4
2019-10-02, 06:44:40, 25.8, 51.4
2019-10-02, 06:44:51, 25.8, 51.4
2019-10-02, 06:45:01, 25.8, 51.4
2019-10-02, 06:45:11, 25.8, 51.4
2019-10-02, 06:45:21, 25.8, 51.4
2019-10-02, 06:45:31, 25.8, 51.4
2019-10-02, 06:45:41, 25.8, 51.4
2019-10-02, 06:45:51, 25.8, 51.4
2019-10-02, 06:46:04, 25.8, 51.4
2019-10-02, 06:46:14, 25.8, 51.4
2019-10-02, 06:46:25, 25.8, 51.4
2019-10-02, 06:46:35, 25.8, 51.4
2019-10-02, 06:46:45, 25.8, 51.4
2019-10-02, 06:46:55, 25.8, 51.4
2019-10-02, 06:47:05, 25.8, 51.4
2019-10-02, 06:47:15, 25.8, 51.4
2019-10-02, 06:47:25, 25.8, 51.4
2019-10-02, 06:47:35, 25.8, 51.4
2019-10-02, 06:47:46, 25.8, 51.4
2019-10-02, 06:47:56, 25.8, 51.4
2019-10-02, 06:48:06, 25.8, 51.4
2019-10-02, 06:48:16, 25.8, 51.4
2019-10-02, 06:48:26, 25.8, 51.4
2019-10-02, 06:48:36, 25.8, 51.4
2019-10-02, 06:48:46, 25.8, 51.4
2019-10-02, 06:48:57, 25.8, 51.4
2019-10-02, 06:49:07, 25.8, 51.4
2019-10-02, 06:49:17, 25.8, 51.4
2019-10-02, 06:49:27, 25.8, 51.4
2019-10-02, 06:49:37, 25.8, 51.4
2019-10-02, 06:49:47, 25.8, 51.4
2019-10-02, 06:49:57, 25.8, 51.4
2019-10-02, 06:50:07, 25.8, 51.4
2019-10-02, 06:50:18, 25.8, 51.4
2019-10-02, 06:50:28, 25.8, 51.4
2019-10-02, 06:50:38, 25.8, 51.4
2019-10-02, 06:50:48, 25.8, 51.4
2019-10-02, 06:50:58, 25.8, 51.4
2019-10-02, 06:51:08, 25.8, 51.4
2019-10-02, 06:51:18, 25.8, 51.4
2019-10-02, 06:51:29, 25.8, 51.4
2019-10-02, 06:51:39, 25.8, 51.4
2019-10-02, 06:51:49, 25.8, 51.4
2019-10-02, 06:51:59, 25.8, 51.4
2019-10-02, 06:52:09, 25.8, 51.4
2019-10-02, 06:52:19, 25.8, 51.4
2019-10-02, 06:52:29, 25.8, 51.4
2019-10-02, 06:52:40, 25.8, 51.4
2019-10-02, 06:52:50, 25.8, 51.4
2019-10-02, 06:53:00, 25.8, 51.4
2019-10-02, 06:53:10, 25.8, 51.4
2019-10-02, 06:53:20, 25.8, 51.4
2019-10-02, 06:53:30, 25.8, 51.4
2019-10-02, 06:53:40, 25.8, 51.4
2019-10-02, 06:53:50, 25.8, 51.4
2019-10-02, 06:54:01, 25.8, 51.4
2019-10-02, 06:54:11, 25.8, 51.4
2019-10-02, 06:54:21, 25.8, 51.4
2019-10-02, 06:54:31, 25.8, 51.4
2019-10-02, 06:54:41, 25.8, 51.4
2019-10-02, 06:54:51, 25.8, 51.4
2019-10-02, 06:55:01, 25.8, 51.4
2019-10-02, 06:55:12, 25.8, 51.4
2019-10-02, 06:55:22, 25.8, 51.4
2019-10-02, 06:55:32, 25.8, 51.4
2019-10-02, 06:55:42, 25.8, 51.4
2019-10-02, 06:55:52, 25.8, 51.4
2019-10-02, 06:56:02, 25.8, 51.4
2019-10-02, 06:56:12, 25.8, 51.4
2019-10-02, 06:56:23, 25.8, 51.4
2019-10-02, 06:56:33, 25.8, 51.4
2019-10-02, 06:56:43, 25.8, 51.4
2019-10-02, 06:56:53, 25.8, 51.4
2019-10-02, 06:57:03, 25.8, 51.4
2019-10-02, 06:57:13, 25.8, 51.4
2019-10-02, 06:57:23, 25.8, 51.4
2019-10-02, 06:57:33, 25.8, 51.4
2019-10-02, 06:57:44, 25.8, 51.4
2019-10-02, 06:57:54, 25.8, 51.4
2019-10-02, 06:58:04, 25.8, 51.4
2019-10-02, 06:58:14, 25.8, 51.4
2019-10-02, 06:58:24, 25.8, 51.4
2019-10-02, 06:58:34, 25.8, 51.4
2019-10-02, 06:58:44, 25.8, 51.4
2019-10-02, 06:58:55, 25.8, 51.4
2019-10-02, 06:59:05, 25.8, 51.4
2019-10-02, 06:59:15, 25.8, 51.4
2019-10-02, 06:59:25, 25.8, 51.4
2019-10-02, 06:59:35, 25.8, 51.4
2019-10-02, 06:59:45, 25.8, 51.4
2019-10-02, 06:59:55, 25.8, 51.4
2019-10-02, 07:00:07, with, /
2019-10-02, 07:00:18, 25.8, 51.4
2019-10-02, 07:00:28, 25.8, 51.4
2019-10-02, 07:00:38, 25.8, 51.4
2019-10-02, 07:00:48, 25.8, 51.4
2019-10-02, 07:00:58, 25.8, 51.4
2019-10-02, 07:01:08, 25.8, 51.4
2019-10-02, 07:01:18, 25.8, 51.4
2019-10-02, 07:01:29, 25.8, 51.4
2019-10-02, 07:01:39, 25.8, 51.4
2019-10-02, 07:01:49, 25.8, 51.4
2019-10-02, 07:01:59, 25.8, 51.4
2019-10-02, 07:02:09, 25.8, 51.4
2019-10-02, 07:02:19, 25.8, 51.4
2019-10-02, 07:02:30, 25.8, 51.4
2019-10-02, 07:02:40, 25.8, 51.4
2019-10-02, 07:02:50, 25.8, 51.4
2019-10-02, 07:03:00, 25.8, 51.4
2019-10-02, 07:03:10, 25.8, 51.4
2019-10-02, 07:03:20, 25.8, 51.4
2019-10-02, 07:03:30, 25.8, 51.4
2019-10-02, 07:03:41, 25.8, 51.4
2019-10-02, 07:03:51, 25.8, 51.4
2019-10-02, 07:04:01, 25.8, 51.4
2019-10-02, 07:04:11, 25.8, 51.4
2019-10-02, 07:04:21, 25.8, 51.4
2019-10-02, 07:04:31, 25.8, 51.4
2019-10-02, 07:04:41, 25.8, 51.4
2019-10-02, 07:04:51, 25.8, 51.4
2019-10-02, 07:05:02, 25.8, 51.4
2019-10-02, 07:05:12, 25.8, 51.4
2019-10-02, 07:05:22, 25.8, 51.4
2019-10-02, 07:05:32, 25.8, 51.4
2019-10-02, 07:05:42, 25.8, 51.4
2019-10-02, 07:05:52, 25.8, 51.4
2019-10-02, 07:06:02, 25.8, 51.4
2019-10-02, 07:06:12, 25.8, 51.4
2019-10-02, 07:06:23, 25.8, 51.4
2019-10-02, 07:06:33, 25.8, 51.4
2019-10-02, 07:06:43, 25.8, 51.4
2019-10-02, 07:06:53, 25.8, 51.4
2019-10-02, 07:07:03, 25.8, 51.4
2019-10-02, 07:07:13, 25.8, 51.4
2019-10-02, 07:07:23, 25.8, 51.4
2019-10-02, 07:07:34, 25.8, 51.4
2019-10-02, 07:07:44, 25.8, 51.4
2019-10-02, 07:07:54, 25.8, 51.4
2019-10-02, 07:08:04, 25.8, 51.4
2019-10-02, 07:08:14, 25.8, 51.4
2019-10-02, 07:08:24, 25.8, 51.4
2019-10-02, 07:08:34, 25.8, 51.4
2019-10-02, 07:08:44, 25.8, 51.4
2019-10-02, 07:08:55, 25.8, 51.4
2019-10-02, 07:09:05, 25.8, 51.4
2019-10-02, 07:09:15, 25.8, 51.4
2019-10-02, 07:09:25, 25.8, 51.4
2019-10-02, 07:09:35, 25.8, 51.4
2019-10-02, 07:09:45, 25.8, 51.4
2019-10-02, 07:09:55, 25.8, 51.4
2019-10-02, 07:10:05, 25.8, 51.4
2019-10-02, 07:10:16, 25.8, 51.4
2019-10-02, 07:10:26, 25.8, 51.4
2019-10-02, 07:10:36, 25.8, 51.4
2019-10-02, 07:10:46, 25.8, 51.4
2019-10-02, 07:10:56, 25.8, 51.4
2019-10-02, 07:11:06, 25.8, 51.4
2019-10-02, 07:11:16, 25.8, 51.4
2019-10-02, 07:11:27, 25.8, 51.4
2019-10-02, 07:11:37, 25.8, 51.4
2019-10-02, 07:11:47, 25.8, 51.4
2019-10-02, 07:11:57, 25.8, 51.4
2019-10-02, 07:12:07, 25.8, 51.4
2019-10-02, 07:12:17, 25.8, 51.4
2019-10-02, 07:12:27, 25.8, 51.4
2019-10-02, 07:12:38, 25.8, 51.4
2019-10-02, 07:12:48, 25.8, 51.4
2019-10-02, 07:12:58, 25.8, 51.4
2019-10-02, 07:13:08, 25.8, 51.4
2019-10-02, 07:13:18, 25.8, 51.4
2019-10-02, 07:13:28, 25.8, 51.4
2019-10-02, 07:13:38, 25.8, 51.4
2019-10-02, 07:13:49, 25.8, 51.4
2019-10-02, 07:13:59, 25.8, 51.4
2019-10-02, 07:14:09, 25.8, 51.4
2019-10-02, 07:14:19, 25.8, 51.4
2019-10-02, 07:14:29, 25.8, 51.4
2019-10-02, 07:14:39, 25.8, 51.4
2019-10-02, 07:14:49, 25.8, 51.4
2019-10-02, 07:15:00, 25.8, 51.4
2019-10-02, 07:15:10, 25.8, 51.4
2019-10-02, 07:15:20, 25.8, 51.4
2019-10-02, 07:15:30, 25.8, 51.4
2019-10-02, 07:15:40, 25.8, 51.4
2019-10-02, 07:15:50, 25.8, 51.4
2019-10-02, 07:16:00, 25.8, 51.4
2019-10-02, 07:16:10, 25.8, 51.4
2019-10-02, 07:16:22, 25.8, 51.4
2019-10-02, 07:16:32, 25.8, 51.4
2019-10-02, 07:16:42, 25.8, 51.4
2019-10-02, 07:16:52, 25.8, 51.4
2019-10-02, 07:17:02, 25.8, 51.4
2019-10-02, 07:17:12, 25.8, 51.4
2019-10-02, 07:17:23, 25.8, 51.4
2019-10-02, 07:17:33, 25.8, 51.4
2019-10-02, 07:17:43, 25.8, 51.4
2019-10-02, 07:17:53, 25.8, 51.4
2019-10-02, 07:18:03, 25.8, 51.4
2019-10-02, 07:18:13, 25.8, 51.4
2019-10-02, 07:18:23, 25.8, 51.4
2019-10-02, 07:18:33, 25.8, 51.4
2019-10-02, 07:18:44, 25.8, 51.4
2019-10-02, 07:18:54, 25.8, 51.4
2019-10-02, 07:19:04, 25.8, 51.4
2019-10-02, 07:19:14, 25.8, 51.4
2019-10-02, 07:19:24, 25.8, 51.4
2019-10-02, 07:19:34, 25.8, 51.4
2019-10-02, 07:19:44, 25.8, 51.4
2019-10-02, 07:19:55, 25.8, 51.4
2019-10-02, 07:20:05, 25.8, 51.4
2019-10-02, 07:20:15, 25.8, 51.4
2019-10-02, 07:20:25, 25.8, 51.4
2019-10-02, 07:20:35, 25.8, 51.4
2019-10-02, 07:20:45, 25.8, 51.4
2019-10-02, 07:20:55, 25.8, 51.4
2019-10-02, 07:21:06, 25.8, 51.4
2019-10-02, 07:21:16, 25.8, 51.4
2019-10-02, 07:21:26, 25.8, 51.4
2019-10-02, 07:21:36, 25.8, 51.4
2019-10-02, 07:21:46, 25.8, 51.4
2019-10-02, 07:21:56, 25.8, 51.4
2019-10-02, 07:22:06, 25.8, 51.4
2019-10-02, 07:22:16, 25.8, 51.4
2019-10-02, 07:22:27, 25.8, 51.4
2019-10-02, 07:22:37, 25.8, 51.4
2019-10-02, 07:22:47, 25.8, 51.4
2019-10-02, 07:22:57, 25.8, 51.4
2019-10-02, 07:23:07, 25.8, 51.4
2019-10-02, 07:23:17, 25.8, 51.4
2019-10-02, 07:23:27, 25.8, 51.4
2019-10-02, 07:23:38, 25.8, 51.4
2019-10-02, 07:23:48, 25.8, 51.4
2019-10-02, 07:23:58, 25.8, 51.4
2019-10-02, 07:24:08, 25.8, 51.4
2019-10-02, 07:24:18, 25.8, 51.4
2019-10-02, 07:24:29, 25.8, 51.4
2019-10-02, 07:24:39, 25.8, 51.4
2019-10-02, 07:24:49, 25.8, 51.4
2019-10-02, 07:24:59, 25.8, 51.4
2019-10-02, 07:25:09, 25.8, 51.4
2019-10-02, 07:25:19, 25.8, 51.4
2019-10-02, 07:25:29, 25.8, 51.4
2019-10-02, 07:25:39, 25.8, 51.4
2019-10-02, 07:25:50, 25.8, 51.4
2019-10-02, 07:26:00, 25.8, 51.4
2019-10-02, 07:26:10, 25.8, 51.4
2019-10-02, 07:26:20, 25.8, 51.4
2019-10-02, 07:26:30, 25.8, 51.4
2019-10-02, 07:26:40, 25.8, 51.4
2019-10-02, 07:26:50, 25.8, 51.4
2019-10-02, 07:27:01, 25.8, 51.4
2019-10-02, 07:27:11, 25.8, 51.4
2019-10-02, 07:27:21, 25.8, 51.4
2019-10-02, 07:27:31, 25.8, 51.4
2019-10-02, 07:27:41, 25.8, 51.4
2019-10-02, 07:27:51, 25.8, 51.4
2019-10-02, 07:28:01, 25.8, 51.4
2019-10-02, 07:28:12, 25.8, 51.4
2019-10-02, 07:28:22, 25.8, 51.4
2019-10-02, 07:28:32, 25.8, 51.4
2019-10-02, 07:28:42, 25.8, 51.4
2019-10-02, 07:28:52, 25.8, 51.4
2019-10-02, 07:29:02, 25.8, 51.4
2019-10-02, 07:29:12, 25.8, 51.4
2019-10-02, 07:29:23, 25.8, 51.4
2019-10-02, 07:29:33, 25.8, 51.4
2019-10-02, 07:29:43, 25.8, 51.4
2019-10-02, 07:29:53, 25.8, 51.4
2019-10-02, 07:30:03, 25.8, 51.4
2019-10-02, 07:30:13, 25.8, 51.4
2019-10-02, 07:30:23, 25.8, 51.4
2019-10-02, 07:30:34, 25.8, 51.4
2019-10-02, 07:30:44, 25.8, 51.4
2019-10-02, 07:30:54, 25.8, 51.4
2019-10-02, 07:31:04, 25.8, 51.4
2019-10-02, 07:31:14, 25.8, 51.4
2019-10-02, 07:31:24, 25.8, 51.4
2019-10-02, 07:31:35, 25.8, 51.4
2019-10-02, 07:31:45, 25.8, 51.4
2019-10-02, 07:31:55, 25.8, 51.4
2019-10-02, 07:32:05, 25.8, 51.4
2019-10-02, 07:32:15, 25.8, 51.4
2019-10-02, 07:32:25, 25.8, 51.4
2019-10-02, 07:32:35, 25.8, 51.4
2019-10-02, 07:32:46, 25.8, 51.4
2019-10-02, 07:32:56, 25.8, 51.4
2019-10-02, 07:33:06, 25.8, 51.4
2019-10-02, 07:33:16, 25.8, 51.4
2019-10-02, 07:33:26, 25.8, 51.4
2019-10-02, 07:33:36, 25.8, 51.4
2019-10-02, 07:33:46, 25.8, 51.4
2019-10-02, 07:33:57, 25.8, 51.4
2019-10-02, 07:34:07, 25.8, 51.4
2019-10-02, 07:34:17, 25.8, 51.4
2019-10-02, 07:34:27, 25.8, 51.4
2019-10-02, 07:34:37, 25.8, 51.4
2019-10-02, 07:34:47, 25.8, 51.4
2019-10-02, 07:34:57, 25.8, 51.4
2019-10-02, 07:35:07, 25.8, 51.4
2019-10-02, 07:35:18, 25.8, 51.4
2019-10-02, 07:35:28, 25.8, 51.4
2019-10-02, 07:35:38, 25.8, 51.4
2019-10-02, 07:35:48, 25.8, 51.4
2019-10-02, 07:35:58, 25.8, 51.4
2019-10-02, 07:36:09, 25.8, 51.4
2019-10-02, 07:36:19, 25.8, 51.4
2019-10-02, 07:36:29, 25.8, 51.4
2019-10-02, 07:36:39, 25.8, 51.4
2019-10-02, 07:36:49, 25.8, 51.4
2019-10-02, 07:36:59, 25.8, 51.4
2019-10-02, 07:37:09, 25.8, 51.4
2019-10-02, 07:37:19, 25.8, 51.4
2019-10-02, 07:37:30, 25.8, 51.4
2019-10-02, 07:37:40, 25.8, 51.4
2019-10-02, 07:37:50, 25.8, 51.4
2019-10-02, 07:38:00, 25.8, 51.4
2019-10-02, 07:38:10, 25.8, 51.4
2019-10-02, 07:38:20, 25.8, 51.4
2019-10-02, 07:38:31, 25.8, 51.4
2019-10-02, 07:38:41, 25.8, 51.4
2019-10-02, 07:38:51, 25.8, 51.4
2019-10-02, 07:39:01, 25.8, 51.4
2019-10-02, 07:39:11, 25.8, 51.4
2019-10-02, 07:39:21, 25.8, 51.4
2019-10-02, 07:39:31, 25.8, 51.4
2019-10-02, 07:39:42, 25.8, 51.4
2019-10-02, 07:39:52, 25.8, 51.4
2019-10-02, 07:40:02, 25.8, 51.4
2019-10-02, 07:40:12, 25.8, 51.4
2019-10-02, 07:40:22, 25.8, 51.4
2019-10-02, 07:40:32, 25.8, 51.4
2019-10-02, 07:40:42, 25.8, 51.4
2019-10-02, 07:40:53, 25.8, 51.4
2019-10-02, 07:41:03, 25.8, 51.4
2019-10-02, 07:41:13, 25.8, 51.4
2019-10-02, 07:41:23, 25.8, 51.4
2019-10-02, 07:41:33, 25.8, 51.4
2019-10-02, 07:41:43, 25.8, 51.4
2019-10-02, 07:41:53, 25.8, 51.4
2019-10-02, 07:42:04, 25.8, 51.4
2019-10-02, 07:42:14, 25.8, 51.4
2019-10-02, 07:42:24, 25.8, 51.4
2019-10-02, 07:42:34, 25.8, 51.4
2019-10-02, 07:42:44, 25.8, 51.4
2019-10-02, 07:42:54, 25.8, 51.4
2019-10-02, 07:43:04, 25.8, 51.4
2019-10-02, 07:43:15, 25.8, 51.4
2019-10-02, 07:43:25, 25.8, 51.4
2019-10-02, 07:43:35, 25.8, 51.4
2019-10-02, 07:43:45, 25.8, 51.4
2019-10-02, 07:43:55, 25.8, 51.4
2019-10-02, 07:44:05, 25.8, 51.4
2019-10-02, 07:44:15, 25.8, 51.4
2019-10-02, 07:44:26, 25.8, 51.4
2019-10-02, 07:44:36, 25.8, 51.4
2019-10-02, 07:44:46, 25.8, 51.4
2019-10-02, 07:44:56, 25.8, 51.4
2019-10-02, 07:45:06, 25.8, 51.4
2019-10-02, 07:45:16, 25.8, 51.4
2019-10-02, 07:45:27, 25.8, 51.4
2019-10-02, 07:45:37, 25.8, 51.4
2019-10-02, 07:45:47, 25.8, 51.4
2019-10-02, 07:45:57, 25.8, 51.4
2019-10-02, 07:46:07, 25.8, 51.4
2019-10-02, 07:46:17, 25.8, 51.4
2019-10-02, 07:46:27, 25.8, 51.4
2019-10-02, 07:46:38, 25.8, 51.4
2019-10-02, 07:46:48, 25.8, 51.4
2019-10-02, 07:46:58, 25.8, 51.4
2019-10-02, 07:47:08, 25.8, 51.4
2019-10-02, 07:47:18, 25.8, 51.4
2019-10-02, 07:47:28, 25.8, 51.4
2019-10-02, 07:47:39, 25.8, 51.4
2019-10-02, 07:47:49, 25.8, 51.4
2019-10-02, 07:47:59, 25.8, 51.4
2019-10-02, 07:48:09, 25.8, 51.4
2019-10-02, 07:48:19, 25.8, 51.4
2019-10-02, 07:48:29, 25.8, 51.4
2019-10-02, 07:48:39, 25.8, 51.4
2019-10-02, 07:48:50, 25.8, 51.4
2019-10-02, 07:49:00, 25.8, 51.4
2019-10-02, 07:49:10, 25.8, 51.4
2019-10-02, 07:49:20, 25.8, 51.4
2019-10-02, 07:49:30, 25.8, 51.4
2019-10-02, 07:49:40, 25.8, 51.4
2019-10-02, 07:49:50, 25.8, 51.4
2019-10-02, 07:50:01, 25.8, 51.4
2019-10-02, 07:50:11, 25.8, 51.4
2019-10-02, 07:50:21, 25.8, 51.4
2019-10-02, 07:50:31, 25.8, 51.4
2019-10-02, 07:50:41, 25.8, 51.4
2019-10-02, 07:50:51, 25.8, 51.4
2019-10-02, 07:51:01, 25.8, 51.4
2019-10-02, 07:51:12, 25.8, 51.4
2019-10-02, 07:51:22, 25.8, 51.4
2019-10-02, 07:51:32, 25.8, 51.4
2019-10-02, 07:51:42, 25.8, 51.4
2019-10-02, 07:51:52, 25.8, 51.4
2019-10-02, 07:52:02, 25.8, 51.4
2019-10-02, 07:52:13, 25.8, 51.4
2019-10-02, 07:52:23, 25.8, 51.4
2019-10-02, 07:52:33, 25.8, 51.4
2019-10-02, 07:52:43, 25.8, 51.4
2019-10-02, 07:52:53, 25.8, 51.4
2019-10-02, 07:53:03, 25.8, 51.4
2019-10-02, 07:53:13, 25.8, 51.4
2019-10-02, 07:53:24, 25.8, 51.4
2019-10-02, 07:53:34, 25.8, 51.4
2019-10-02, 07:53:44, 25.8, 51.4
2019-10-02, 07:53:54, 25.8, 51.4
2019-10-02, 07:54:04, 25.8, 51.4
2019-10-02, 07:54:14, 25.8, 51.4
2019-10-02, 07:54:24, 25.8, 51.4
2019-10-02, 07:54:34, 25.8, 51.4
2019-10-02, 07:54:45, 25.8, 51.4
2019-10-02, 07:54:55, 25.8, 51.4
2019-10-02, 07:55:05, 25.8, 51.4
2019-10-02, 07:55:15, 25.8, 51.4
2019-10-02, 07:55:25, 25.8, 51.4
2019-10-02, 07:55:35, 25.8, 51.4
2019-10-02, 07:55:45, 25.8, 51.4
2019-10-02, 07:55:56, 25.8, 51.4
2019-10-02, 07:56:06, 25.8, 51.4
2019-10-02, 07:56:16, 25.8, 51.4
2019-10-02, 07:56:26, 25.8, 51.4
2019-10-02, 07:56:36, 25.8, 51.4
2019-10-02, 07:56:46, 25.8, 51.4
2019-10-02, 07:56:56, 25.8, 51.4
2019-10-02, 07:57:07, 25.8, 51.4
2019-10-02, 07:57:17, 25.8, 51.4
2019-10-02, 07:57:27, 25.8, 51.4
2019-10-02, 07:57:37, 25.8, 51.4
2019-10-02, 07:57:47, 25.8, 51.4
2019-10-02, 07:57:57, 25.8, 51.4
2019-10-02, 07:58:07, 25.8, 51.4
2019-10-02, 07:58:18, 25.8, 51.4
2019-10-02, 07:58:28, 25.8, 51.4
2019-10-02, 07:58:38, 25.8, 51.4
2019-10-02, 07:58:48, 25.8, 51.4
2019-10-02, 07:58:58, 25.8, 51.4
2019-10-02, 07:59:08, 25.8, 51.4
2019-10-02, 07:59:18, 25.8, 51.4
2019-10-02, 07:59:28, 25.8, 51.4
2019-10-02, 07:59:39, 25.8, 51.4
2019-10-02, 07:59:49, 25.8, 51.4
2019-10-02, 07:59:59, 25.8, 51.4
2019-10-02, 08:00:09, 25.8, 51.4
2019-10-02, 08:00:19, 25.8, 51.4
2019-10-02, 08:00:29, 25.8, 51.4
2019-10-02, 08:00:45, 25.8, 51.4
2019-10-02, 08:00:55, 25.8, 51.4
2019-10-02, 08:01:05, 25.8, 51.4
2019-10-02, 08:01:15, 25.8, 51.4
2019-10-02, 08:01:25, 25.8, 51.4
2019-10-02, 08:01:36, 25.8, 51.4
2019-10-02, 08:01:46, 25.8, 51.4
2019-10-02, 08:01:56, 25.8, 51.4
2019-10-02, 08:02:06, 25.8, 51.4
2019-10-02, 08:02:16, 25.8, 51.4
2019-10-02, 08:02:26, 25.8, 51.4
2019-10-02, 08:02:36, 25.8, 51.4
2019-10-02, 08:02:46, 25.8, 51.4
2019-10-02, 08:02:57, 25.8, 51.4
2019-10-02, 08:03:07, 25.8, 51.4
2019-10-02, 08:03:17, 25.8, 51.4
2019-10-02, 08:03:27, 25.8, 51.4
2019-10-02, 08:03:37, 25.8, 51.4
2019-10-02, 08:03:47, 25.8, 51.4
2019-10-02, 08:03:57, 25.8, 51.4
2019-10-02, 08:04:08, 25.8, 51.4
2019-10-02, 08:04:18, 25.8, 51.4
2019-10-02, 08:04:28, 25.8, 51.4
2019-10-02, 08:04:38, 25.8, 51.4
2019-10-02, 08:04:48, 25.8, 51.4
2019-10-02, 08:04:58, 25.8, 51.4
2019-10-02, 08:05:08, 25.8, 51.4
2019-10-02, 08:05:19, 25.8, 51.4
2019-10-02, 08:05:29, 25.8, 51.4
2019-10-02, 08:05:39, 25.8, 51.4
2019-10-02, 08:05:49, 25.8, 51.4
2019-10-02, 08:05:59, 25.8, 51.4
2019-10-02, 08:06:09, 25.8, 51.4
2019-10-02, 08:06:19, 25.8, 51.4
2019-10-02, 08:06:29, 25.8, 51.4
2019-10-02, 08:06:40, 25.8, 51.4
2019-10-02, 08:06:50, 25.8, 51.4
2019-10-02, 08:07:00, 25.8, 51.4
2019-10-02, 08:07:10, 25.8, 51.4
2019-10-02, 08:07:20, 25.8, 51.4
2019-10-02, 08:07:30, 25.8, 51.4
2019-10-02, 08:07:40, 25.8, 51.4
2019-10-02, 08:07:51, 25.8, 51.4
2019-10-02, 08:08:01, 25.8, 51.4
2019-10-02, 08:08:11, 25.8, 51.4
2019-10-02, 08:08:21, 25.8, 51.4
2019-10-02, 08:08:31, 25.8, 51.4
2019-10-02, 08:08:41, 25.8, 51.4
2019-10-02, 08:08:51, 25.8, 51.4
2019-10-02, 08:09:02, 25.8, 51.4
2019-10-02, 08:09:12, 25.8, 51.4
2019-10-02, 08:09:22, 25.8, 51.4
2019-10-02, 08:09:32, 25.8, 51.4
2019-10-02, 08:09:42, 25.8, 51.4
2019-10-02, 08:09:52, 25.8, 51.4
2019-10-02, 08:10:02, 25.8, 51.4
2019-10-02, 08:10:13, 25.8, 51.4
2019-10-02, 08:10:23, 25.8, 51.4
2019-10-02, 08:10:33, 25.8, 51.4
2019-10-02, 08:10:43, 25.8, 51.4
2019-10-02, 08:10:53, 25.8, 51.4
2019-10-02, 08:11:03, 25.8, 51.4
2019-10-02, 08:11:13, 25.8, 51.4
2019-10-02, 08:11:23, 25.8, 51.4
2019-10-02, 08:11:34, 25.8, 51.4
2019-10-02, 08:11:44, 25.8, 51.4
2019-10-02, 08:11:54, 25.8, 51.4
2019-10-02, 08:12:04, 25.8, 51.4
2019-10-02, 08:12:14, 25.8, 51.4
2019-10-02, 08:12:24, 25.8, 51.4
2019-10-02, 08:12:34, 25.8, 51.4
2019-10-02, 08:12:45, 25.8, 51.4
2019-10-02, 08:12:55, 25.8, 51.4
2019-10-02, 08:13:05, 25.8, 51.4
2019-10-02, 08:13:15, 25.8, 51.4
2019-10-02, 08:13:25, 25.8, 51.4
2019-10-02, 08:13:35, 25.8, 51.4
2019-10-02, 08:13:45, 25.8, 51.4
2019-10-02, 08:13:56, 25.8, 51.4
2019-10-02, 08:14:06, 25.8, 51.4
2019-10-02, 08:14:16, 25.8, 51.4
2019-10-02, 08:14:26, 25.8, 51.4
2019-10-02, 08:14:36, 25.8, 51.4
2019-10-02, 08:14:46, 25.8, 51.4
2019-10-02, 08:14:57, 25.8, 51.4
2019-10-02, 08:15:07, 25.8, 51.4
2019-10-02, 08:15:17, 25.8, 51.4
2019-10-02, 08:15:27, 25.8, 51.4
2019-10-02, 08:15:37, 25.8, 51.4
2019-10-02, 08:15:47, 25.8, 51.4
2019-10-02, 08:15:57, 25.8, 51.4
2019-10-02, 08:16:07, 25.8, 51.4
2019-10-02, 08:16:18, 25.8, 51.4
2019-10-02, 08:16:28, 25.8, 51.4
2019-10-02, 08:16:38, 25.8, 51.4
2019-10-02, 08:16:48, 25.8, 51.4
2019-10-02, 08:16:58, 25.8, 51.4
2019-10-02, 08:17:08, 25.8, 51.4
2019-10-02, 08:17:18, 25.8, 51.4
2019-10-02, 08:17:29, 25.8, 51.4
2019-10-02, 08:17:39, 25.8, 51.4
2019-10-02, 08:17:49, 25.8, 51.4
2019-10-02, 08:17:59, 25.8, 51.4
2019-10-02, 08:18:09, 25.8, 51.4
2019-10-02, 08:18:19, 25.8, 51.4
2019-10-02, 08:18:29, 25.8, 51.4
2019-10-02, 08:18:40, 25.8, 51.4
2019-10-02, 08:18:50, 25.8, 51.4
2019-10-02, 08:19:00, 25.8, 51.4
2019-10-02, 08:19:10, 25.8, 51.4
2019-10-02, 08:19:20, 25.8, 51.4
2019-10-02, 08:19:30, 25.8, 51.4
2019-10-02, 08:19:40, 25.8, 51.4
2019-10-02, 08:19:50, 25.8, 51.4
2019-10-02, 08:20:01, 25.8, 51.4
2019-10-02, 08:20:11, 25.8, 51.4
2019-10-02, 08:20:21, 25.8, 51.4
2019-10-02, 08:20:31, 25.8, 51.4
2019-10-02, 08:20:41, 25.8, 51.4
2019-10-02, 08:20:51, 25.8, 51.4
2019-10-02, 08:21:01, 25.8, 51.4
2019-10-02, 08:21:12, 25.8, 51.4
2019-10-02, 08:21:22, 25.8, 51.4
2019-10-02, 08:21:32, 25.8, 51.4
2019-10-02, 08:21:42, 25.8, 51.4
2019-10-02, 08:21:52, 25.8, 51.4
2019-10-02, 08:22:02, 25.8, 51.4
2019-10-02, 08:22:12, 25.8, 51.4
2019-10-02, 08:22:23, 25.8, 51.4
2019-10-02, 08:22:33, 25.8, 51.4
2019-10-02, 08:22:43, 25.8, 51.4
2019-10-02, 08:22:53, 25.8, 51.4
2019-10-02, 08:23:03, 25.8, 51.4
2019-10-02, 08:23:13, 25.8, 51.4
2019-10-02, 08:23:23, 25.8, 51.4
2019-10-02, 08:23:34, 25.8, 51.4
2019-10-02, 08:23:44, 25.8, 51.4
2019-10-02, 08:23:54, 25.8, 51.4
2019-10-02, 08:24:04, 25.8, 51.4
2019-10-02, 08:24:14, 25.8, 51.4
2019-10-02, 08:24:24, 25.8, 51.4
2019-10-02, 08:24:34, 25.8, 51.4
2019-10-02, 08:24:44, 25.8, 51.4
2019-10-02, 08:24:55, 25.8, 51.4
2019-10-02, 08:25:05, 25.8, 51.4
2019-10-02, 08:25:15, 25.8, 51.4
2019-10-02, 08:25:25, 25.8, 51.4
2019-10-02, 08:25:35, 25.8, 51.4
2019-10-02, 08:25:45, 25.8, 51.4
2019-10-02, 08:25:55, 25.8, 51.4
2019-10-02, 08:26:06, 25.8, 51.4
2019-10-02, 08:26:16, 25.8, 51.4
2019-10-02, 08:26:26, 25.8, 51.4
2019-10-02, 08:26:36, 25.8, 51.4
2019-10-02, 08:26:46, 25.8, 51.4
2019-10-02, 08:26:56, 25.8, 51.4
2019-10-02, 08:27:06, 25.8, 51.4
2019-10-02, 08:27:17, 25.8, 51.4
2019-10-02, 08:27:27, 25.8, 51.4
2019-10-02, 08:27:37, 25.8, 51.4
2019-10-02, 08:27:47, 25.8, 51.4
2019-10-02, 08:27:57, 25.8, 51.4
2019-10-02, 08:28:07, 25.8, 51.4
2019-10-02, 08:28:17, 25.8, 51.4
2019-10-02, 08:28:28, 25.8, 51.4
2019-10-02, 08:28:38, 25.8, 51.4
2019-10-02, 08:28:48, 25.8, 51.4
2019-10-02, 08:28:58, 25.8, 51.4
2019-10-02, 08:29:08, 25.8, 51.4
2019-10-02, 08:29:18, 25.8, 51.4
2019-10-02, 08:29:29, 25.8, 51.4
2019-10-02, 08:29:39, 25.8, 51.4
2019-10-02, 08:29:49, 25.8, 51.4
2019-10-02, 08:29:59, 25.8, 51.4
2019-10-02, 08:30:09, 25.8, 51.4
2019-10-02, 08:30:19, 25.8, 51.4
2019-10-02, 08:30:29, 25.8, 51.4
2019-10-02, 08:30:40, 25.8, 51.4
2019-10-02, 08:30:50, 25.8, 51.4
2019-10-02, 08:31:00, 25.8, 51.4
2019-10-02, 08:31:10, 25.8, 51.4
2019-10-02, 08:31:20, 25.8, 51.4
2019-10-02, 08:31:30, 25.8, 51.4
2019-10-02, 08:31:40, 25.8, 51.4
2019-10-02, 08:31:50, 25.8, 51.4
2019-10-02, 08:32:01, 25.8, 51.4
2019-10-02, 08:32:11, 25.8, 51.4
2019-10-02, 08:32:21, 25.8, 51.4
2019-10-02, 08:32:31, 25.8, 51.4
2019-10-02, 08:32:41, 25.8, 51.4
2019-10-02, 08:32:51, 25.8, 51.4
2019-10-02, 08:33:01, 25.8, 51.4
2019-10-02, 08:33:12, 25.8, 51.4
2019-10-02, 08:33:22, 25.8, 51.4
2019-10-02, 08:33:32, 25.8, 51.4
2019-10-02, 08:33:42, 25.8, 51.4
2019-10-02, 08:33:52, 25.8, 51.4
2019-10-02, 08:34:02, 25.8, 51.4
2019-10-02, 08:34:12, 25.8, 51.4
2019-10-02, 08:34:23, 25.8, 51.4
2019-10-02, 08:34:33, 25.8, 51.4
2019-10-02, 08:34:43, 25.8, 51.4
2019-10-02, 08:34:53, 25.8, 51.4
2019-10-02, 08:35:03, 25.8, 51.4
2019-10-02, 08:35:13, 25.8, 51.4
2019-10-02, 08:35:23, 25.8, 51.4
2019-10-02, 08:35:34, 25.8, 51.4
2019-10-02, 08:35:44, 25.8, 51.4
2019-10-02, 08:35:54, 25.8, 51.4
2019-10-02, 08:36:04, 25.8, 51.4
2019-10-02, 08:36:14, 25.8, 51.4
2019-10-02, 08:36:24, 25.8, 51.4
2019-10-02, 08:36:34, 25.8, 51.4
2019-10-02, 08:36:44, 25.8, 51.4
2019-10-02, 08:36:55, 25.8, 51.4
2019-10-02, 08:37:05, 25.8, 51.4
2019-10-02, 08:37:15, 25.8, 51.4
2019-10-02, 08:37:25, 25.8, 51.4
2019-10-02, 08:37:35, 25.8, 51.4
2019-10-02, 08:37:45, 25.8, 51.4
2019-10-02, 08:37:55, 25.8, 51.4
2019-10-02, 08:38:06, 25.8, 51.4
2019-10-02, 08:38:16, 25.8, 51.4
2019-10-02, 08:38:26, 25.8, 51.4
2019-10-02, 08:38:36, 25.8, 51.4
2019-10-02, 08:38:46, 25.8, 51.4
2019-10-02, 08:38:56, 25.8, 51.4
2019-10-02, 08:39:06, 25.8, 51.4
2019-10-02, 08:39:17, 25.8, 51.4
2019-10-02, 08:39:27, 25.8, 51.4
2019-10-02, 08:39:37, 25.8, 51.4
2019-10-02, 08:39:47, 25.8, 51.4
2019-10-02, 08:39:57, 25.8, 51.4
2019-10-02, 08:40:07, 25.8, 51.4
2019-10-02, 08:40:17, 25.8, 51.4
2019-10-02, 08:40:28, 25.8, 51.4
2019-10-02, 08:40:38, 25.8, 51.4
2019-10-02, 08:40:48, 25.8, 51.4
2019-10-02, 08:40:58, 25.8, 51.4
2019-10-02, 08:41:08, 25.8, 51.4
2019-10-02, 08:41:18, 25.8, 51.4
2019-10-02, 08:41:28, 25.8, 51.4
2019-10-02, 08:41:38, 25.8, 51.4
2019-10-02, 08:41:49, 25.8, 51.4
2019-10-02, 08:41:59, 25.8, 51.4
2019-10-02, 08:42:09, 25.8, 51.4
2019-10-02, 08:42:19, 25.8, 51.4
2019-10-02, 08:42:29, 25.8, 51.4
2019-10-02, 08:42:40, 25.8, 51.4
2019-10-02, 08:42:50, 25.8, 51.4
2019-10-02, 08:43:00, 25.8, 51.4
2019-10-02, 08:43:10, 25.8, 51.4
2019-10-02, 08:43:20, 25.8, 51.4
2019-10-02, 08:43:30, 25.8, 51.4
2019-10-02, 08:43:40, 25.8, 51.4
2019-10-02, 08:43:51, 25.8, 51.4
2019-10-02, 08:44:01, 25.8, 51.4
2019-10-02, 08:44:11, 25.8, 51.4
2019-10-02, 08:44:21, 25.8, 51.4
2019-10-02, 08:44:31, 25.8, 51.4
2019-10-02, 08:44:41, 25.8, 51.4
2019-10-02, 08:44:52, 25.8, 51.4
2019-10-02, 08:45:02, 25.8, 51.4
2019-10-02, 08:45:12, 25.8, 51.4
2019-10-02, 08:45:22, 25.8, 51.4
2019-10-02, 08:45:32, 25.8, 51.4
2019-10-02, 08:45:42, 25.8, 51.4
2019-10-02, 08:45:52, 25.8, 51.4
2019-10-02, 08:46:03, 25.8, 51.4
2019-10-02, 08:46:13, 25.8, 51.4
2019-10-02, 08:46:23, 25.8, 51.4
2019-10-02, 08:46:33, 25.8, 51.4
2019-10-02, 08:46:43, 25.8, 51.4
2019-10-02, 08:46:53, 25.8, 51.4
2019-10-02, 08:47:03, 25.8, 51.4
2019-10-02, 08:47:13, 25.8, 51.4
2019-10-02, 08:47:24, 25.8, 51.4
2019-10-02, 08:47:34, 25.8, 51.4
2019-10-02, 08:47:44, 25.8, 51.4
2019-10-02, 08:47:54, 25.8, 51.4
2019-10-02, 08:48:04, 25.8, 51.4
2019-10-02, 08:48:14, 25.8, 51.4
2019-10-02, 08:48:24, 25.8, 51.4
2019-10-02, 08:48:35, 25.8, 51.4
2019-10-02, 08:48:45, 25.8, 51.4
2019-10-02, 08:48:55, 25.8, 51.4
2019-10-02, 08:49:05, 25.8, 51.4
2019-10-02, 08:49:15, 25.8, 51.4
2019-10-02, 08:49:25, 25.8, 51.4
2019-10-02, 08:49:36, 25.8, 51.4
2019-10-02, 08:49:46, 25.8, 51.4
2019-10-02, 08:49:56, 25.8, 51.4
2019-10-02, 08:50:06, 25.8, 51.4
2019-10-02, 08:50:17, 25.8, 51.4
2019-10-02, 08:50:27, 25.8, 51.4
2019-10-02, 08:50:37, 25.8, 51.4
2019-10-02, 08:50:47, 25.8, 51.4
2019-10-02, 08:50:57, 25.8, 51.4
2019-10-02, 08:51:07, 25.8, 51.4
2019-10-02, 08:51:17, 25.8, 51.4
2019-10-02, 08:51:28, 25.8, 51.4
2019-10-02, 08:51:38, 25.8, 51.4
2019-10-02, 08:51:48, 25.8, 51.4
2019-10-02, 08:51:58, 25.8, 51.4
2019-10-02, 08:52:08, 25.8, 51.4
2019-10-02, 08:52:18, 25.8, 51.4
2019-10-02, 08:52:28, 25.8, 51.4
2019-10-02, 08:52:39, 25.8, 51.4
2019-10-02, 08:52:49, 25.8, 51.4
2019-10-02, 08:52:59, 25.8, 51.4
2019-10-02, 08:53:09, 25.8, 51.4
2019-10-02, 08:53:19, 25.8, 51.4
2019-10-02, 08:53:29, 25.8, 51.4
2019-10-02, 08:53:39, 25.8, 51.4
2019-10-02, 08:53:49, 25.8, 51.4
2019-10-02, 08:54:00, 25.8, 51.4
2019-10-02, 08:54:10, 25.8, 51.4
2019-10-02, 08:54:20, 25.8, 51.4
2019-10-02, 08:54:30, 25.8, 51.4
2019-10-02, 08:54:40, 25.8, 51.4
2019-10-02, 08:54:50, 25.8, 51.4
2019-10-02, 08:55:00, 25.8, 51.4
2019-10-02, 08:55:11, 25.8, 51.4
2019-10-02, 08:55:21, 25.8, 51.4
2019-10-02, 08:55:31, 25.8, 51.4
2019-10-02, 08:55:41, 25.8, 51.4
2019-10-02, 08:55:51, 25.8, 51.4
2019-10-02, 08:56:01, 25.8, 51.4
2019-10-02, 08:56:11, 25.8, 51.4
2019-10-02, 08:56:22, 25.8, 51.4
2019-10-02, 08:56:32, 25.8, 51.4
2019-10-02, 08:56:42, 25.8, 51.4
2019-10-02, 08:56:52, 25.8, 51.4
2019-10-02, 08:57:02, 25.8, 51.4
2019-10-02, 08:57:12, 25.8, 51.4
2019-10-02, 08:57:22, 25.8, 51.4
2019-10-02, 08:57:33, 25.8, 51.4
2019-10-02, 08:57:43, 25.8, 51.4
2019-10-02, 08:57:53, 25.8, 51.4
2019-10-02, 08:58:03, 25.8, 51.4
2019-10-02, 08:58:13, 25.8, 51.4
2019-10-02, 08:58:23, 25.8, 51.4
2019-10-02, 08:58:33, 25.8, 51.4
2019-10-02, 08:58:43, 25.8, 51.4
2019-10-02, 08:58:54, 25.8, 51.4
2019-10-02, 08:59:04, 25.8, 51.4
2019-10-02, 08:59:14, 25.8, 51.4
2019-10-02, 08:59:24, 25.8, 51.4
2019-10-02, 08:59:34, 25.8, 51.4
2019-10-02, 08:59:44, 25.8, 51.4
2019-10-02, 08:59:54, 25.8, 51.4
2019-10-02, 09:00:04, 25.8, 51.4
2019-10-02, 09:00:15, 25.8, 51.4
2019-10-02, 09:00:25, 25.8, 51.4
2019-10-02, 09:00:35, 25.8, 51.4
2019-10-02, 09:00:45, 25.8, 51.4
2019-10-02, 09:00:55, 25.8, 51.4
2019-10-02, 09:01:06, 25.8, 51.4
2019-10-02, 09:01:16, 25.8, 51.4
2019-10-02, 09:01:26, 25.8, 51.4
2019-10-02, 09:01:36, 25.8, 51.4
2019-10-02, 09:01:47, 25.8, 51.4
2019-10-02, 09:01:57, 25.8, 51.4
2019-10-02, 09:02:07, 25.8, 51.4
2019-10-02, 09:02:17, 25.8, 51.4
2019-10-02, 09:02:27, 25.8, 51.4
2019-10-02, 09:02:37, 25.8, 51.4
2019-10-02, 09:02:47, 25.8, 51.4
2019-10-02, 09:02:57, 25.8, 51.4
2019-10-02, 09:03:08, 25.8, 51.4
2019-10-02, 09:03:18, 25.8, 51.4
2019-10-02, 09:03:28, 25.8, 51.4
2019-10-02, 09:03:38, 25.8, 51.4
2019-10-02, 09:03:48, 25.8, 51.4
2019-10-02, 09:03:58, 25.8, 51.4
2019-10-02, 09:04:08, 25.8, 51.4
2019-10-02, 09:04:19, 25.8, 51.4
2019-10-02, 09:04:29, 25.8, 51.4
2019-10-02, 09:04:39, 25.8, 51.4
2019-10-02, 09:04:49, 25.8, 51.4
2019-10-02, 09:04:59, 25.8, 51.4
2019-10-02, 09:05:09, 25.8, 51.4
2019-10-02, 09:05:19, 25.8, 51.4
2019-10-02, 09:05:30, 25.8, 51.4
2019-10-02, 09:05:40, 25.8, 51.4
2019-10-02, 09:05:50, 25.8, 51.4
2019-10-02, 09:06:00, 25.8, 51.4
2019-10-02, 09:06:10, 25.8, 51.4
2019-10-02, 09:06:20, 25.8, 51.4
2019-10-02, 09:06:30, 25.8, 51.4
2019-10-02, 09:06:40, 25.8, 51.4
2019-10-02, 09:06:51, 25.8, 51.4
2019-10-02, 09:07:01, 25.8, 51.4
2019-10-02, 09:07:11, 25.8, 51.4
2019-10-02, 09:07:21, 25.8, 51.4
2019-10-02, 09:07:31, 25.8, 51.4
2019-10-02, 09:07:41, 25.8, 51.4
2019-10-02, 09:07:52, 25.8, 51.4
2019-10-02, 09:08:02, 25.8, 51.4
2019-10-02, 09:08:12, 25.8, 51.4
2019-10-02, 09:08:22, 25.8, 51.4
2019-10-02, 09:08:32, 25.8, 51.4
2019-10-02, 09:08:42, 25.8, 51.4
2019-10-02, 09:08:52, 25.8, 51.4
2019-10-02, 09:09:02, 25.8, 51.4
2019-10-02, 09:09:13, 25.8, 51.4
2019-10-02, 09:09:23, 25.8, 51.4
2019-10-02, 09:09:33, 25.8, 51.4
2019-10-02, 09:09:43, 25.8, 51.4
2019-10-02, 09:09:53, 25.8, 51.4
2019-10-02, 09:10:03, 25.8, 51.4
2019-10-02, 09:10:13, 25.8, 51.4
2019-10-02, 09:10:24, 25.8, 51.4
2019-10-02, 09:10:34, 25.8, 51.4
2019-10-02, 09:10:44, 25.8, 51.4
2019-10-02, 09:10:54, 25.8, 51.4
2019-10-02, 09:11:04, 25.8, 51.4
2019-10-02, 09:11:14, 25.8, 51.4
2019-10-02, 09:11:24, 25.8, 51.4
2019-10-02, 09:11:34, 25.8, 51.4
2019-10-02, 09:11:45, 25.8, 51.4
2019-10-02, 09:11:55, 25.8, 51.4
2019-10-02, 09:12:05, 25.8, 51.4
2019-10-02, 09:12:15, 25.8, 51.4
2019-10-02, 09:12:25, 25.8, 51.4
2019-10-02, 09:12:35, 25.8, 51.4
2019-10-02, 09:12:45, 25.8, 51.4
2019-10-02, 09:12:56, 25.8, 51.4
2019-10-02, 09:13:06, 25.8, 51.4
2019-10-02, 09:13:16, 25.8, 51.4
2019-10-02, 09:13:26, 25.8, 51.4
2019-10-02, 09:13:36, 25.8, 51.4
2019-10-02, 09:13:46, 25.8, 51.4
2019-10-02, 09:13:57, 25.8, 51.4
2019-10-02, 09:14:07, 25.8, 51.4
2019-10-02, 09:14:17, 25.8, 51.4
2019-10-02, 09:14:27, 25.8, 51.4
2019-10-02, 09:14:37, 25.8, 51.4
2019-10-02, 09:14:47, 25.8, 51.4
2019-10-02, 09:14:57, 25.8, 51.4
2019-10-02, 09:15:08, 25.8, 51.4
2019-10-02, 09:15:18, 25.8, 51.4
2019-10-02, 09:15:28, 25.8, 51.4
2019-10-02, 09:15:38, 25.8, 51.4
2019-10-02, 09:15:48, 25.8, 51.4
2019-10-02, 09:15:58, 25.8, 51.4
2019-10-02, 09:16:08, 25.8, 51.4
2019-10-02, 09:16:18, 25.8, 51.4
2019-10-02, 09:16:29, 25.8, 51.4
2019-10-02, 09:16:39, 25.8, 51.4
2019-10-02, 09:16:49, 25.8, 51.4
2019-10-02, 09:16:59, 25.8, 51.4
2019-10-02, 09:17:09, 25.8, 51.4
2019-10-02, 09:17:19, 25.8, 51.4
2019-10-02, 09:17:29, 25.8, 51.4
2019-10-02, 09:17:40, 25.8, 51.4
2019-10-02, 09:17:50, 25.8, 51.4
2019-10-02, 09:18:00, 25.8, 51.4
2019-10-02, 09:18:10, 25.8, 51.4
2019-10-02, 09:18:20, 25.8, 51.4
2019-10-02, 09:18:30, 25.8, 51.4
2019-10-02, 09:18:40, 25.8, 51.4
2019-10-02, 09:18:51, 25.8, 51.4
2019-10-02, 09:19:01, 25.8, 51.4
2019-10-02, 09:19:11, 25.8, 51.4
2019-10-02, 09:19:21, 25.8, 51.4
2019-10-02, 09:19:31, 25.8, 51.4
2019-10-02, 09:19:41, 25.8, 51.4
2019-10-02, 09:19:51, 25.8, 51.4
2019-10-02, 09:20:02, 25.8, 51.4
2019-10-02, 09:20:12, 25.8, 51.4
2019-10-02, 09:20:22, 25.8, 51.4
2019-10-02, 09:20:32, 25.8, 51.4
2019-10-02, 09:20:42, 25.8, 51.4
2019-10-02, 09:20:52, 25.8, 51.4
2019-10-02, 09:21:02, 25.8, 51.4
2019-10-02, 09:21:12, 25.8, 51.4
2019-10-02, 09:21:23, 25.8, 51.4
2019-10-02, 09:21:33, 25.8, 51.4
2019-10-02, 09:21:43, 25.8, 51.4
2019-10-02, 09:21:53, 25.8, 51.4
2019-10-02, 09:22:03, 25.8, 51.4
2019-10-02, 09:22:13, 25.8, 51.4
2019-10-02, 09:22:23, 25.8, 51.4
2019-10-02, 09:22:34, 25.8, 51.4
2019-10-02, 09:22:44, 25.8, 51.4
2019-10-02, 09:22:54, 25.8, 51.4
2019-10-02, 09:23:04, 25.8, 51.4
2019-10-02, 09:23:14, 25.8, 51.4
2019-10-02, 09:23:24, 25.8, 51.4
2019-10-02, 09:23:34, 25.8, 51.4
2019-10-02, 09:23:45, 25.8, 51.4
2019-10-02, 09:23:55, 25.8, 51.4
2019-10-02, 09:24:05, 25.8, 51.4
2019-10-02, 09:24:15, 25.8, 51.4
2019-10-02, 09:24:25, 25.8, 51.4
2019-10-02, 09:24:35, 25.8, 51.4
2019-10-02, 09:24:45, 25.8, 51.4
2019-10-02, 09:24:56, 25.8, 51.4
2019-10-02, 09:25:06, 25.8, 51.4
2019-10-02, 09:25:16, 25.8, 51.4
2019-10-02, 09:25:26, 25.8, 51.4
2019-10-02, 09:25:36, 25.8, 51.4
2019-10-02, 09:25:46, 25.8, 51.4
2019-10-02, 09:25:56, 25.8, 51.4
2019-10-02, 09:26:06, 25.8, 51.4
2019-10-02, 09:26:17, 25.8, 51.4
2019-10-02, 09:26:27, 25.8, 51.4
2019-10-02, 09:26:38, 25.8, 51.4
2019-10-02, 09:26:48, 25.8, 51.4
2019-10-02, 09:26:58, 25.8, 51.4
2019-10-02, 09:27:08, 25.8, 51.4
2019-10-02, 09:27:18, 25.8, 51.4
2019-10-02, 09:27:29, 25.8, 51.4
2019-10-02, 09:27:39, 25.8, 51.4
2019-10-02, 09:27:49, 25.8, 51.4
2019-10-02, 09:27:59, 25.8, 51.4
2019-10-02, 09:28:09, 25.8, 51.4
2019-10-02, 09:28:19, 25.8, 51.4
2019-10-02, 09:28:29, 25.8, 51.4
2019-10-02, 09:28:40, 25.8, 51.4
2019-10-02, 09:28:50, 25.8, 51.4
2019-10-02, 09:29:00, 25.8, 51.4
2019-10-02, 09:29:10, 25.8, 51.4
2019-10-02, 09:29:20, 25.8, 51.4
2019-10-02, 09:29:30, 25.8, 51.4
2019-10-02, 09:29:40, 25.8, 51.4
2019-10-02, 09:29:51, 25.8, 51.4
2019-10-02, 09:30:01, 25.8, 51.4
2019-10-02, 09:30:11, 25.8, 51.4
2019-10-02, 09:30:21, 25.8, 51.4
2019-10-02, 09:30:31, 25.8, 51.4
2019-10-02, 09:30:41, 25.8, 51.4
2019-10-02, 09:30:51, 25.8, 51.4
2019-10-02, 09:31:02, 25.8, 51.4
2019-10-02, 09:31:12, 25.8, 51.4
2019-10-02, 09:31:22, 25.8, 51.4
2019-10-02, 09:31:32, 25.8, 51.4
2019-10-02, 09:31:42, 25.8, 51.4
2019-10-02, 09:31:52, 25.8, 51.4
2019-10-02, 09:32:02, 25.8, 51.4
2019-10-02, 09:32:12, 25.8, 51.4
2019-10-02, 09:32:23, 25.8, 51.4
2019-10-02, 09:32:33, 25.8, 51.4
2019-10-02, 09:32:43, 25.8, 51.4
2019-10-02, 09:32:53, 25.8, 51.4
2019-10-02, 09:33:03, 25.8, 51.4
2019-10-02, 09:33:13, 25.8, 51.4
2019-10-02, 09:33:23, 25.8, 51.4
2019-10-02, 09:33:33, 25.8, 51.4
2019-10-02, 09:33:44, 25.8, 51.4
2019-10-02, 09:33:54, 25.8, 51.4
2019-10-02, 09:34:04, 25.8, 51.4
2019-10-02, 09:34:14, 25.8, 51.4
2019-10-02, 09:34:24, 25.8, 51.4
2019-10-02, 09:34:34, 25.8, 51.4
2019-10-02, 09:34:44, 25.8, 51.4
2019-10-02, 09:34:55, 25.8, 51.4
2019-10-02, 09:35:05, 25.8, 51.4
2019-10-02, 09:35:15, 25.8, 51.4
2019-10-02, 09:35:25, 25.8, 51.4
2019-10-02, 09:35:35, 25.8, 51.4
2019-10-02, 09:35:45, 25.8, 51.4
2019-10-02, 09:35:55, 25.8, 51.4
2019-10-02, 09:36:06, 25.8, 51.4
2019-10-02, 09:36:16, 25.8, 51.4
2019-10-02, 09:36:26, 25.8, 51.4
2019-10-02, 09:36:36, 25.8, 51.4
2019-10-02, 09:36:46, 25.8, 51.4
2019-10-02, 09:36:56, 25.8, 51.4
2019-10-02, 09:37:06, 25.8, 51.4
2019-10-02, 09:37:16, 25.8, 51.4
2019-10-02, 09:37:27, 25.8, 51.4
2019-10-02, 09:37:37, 25.8, 51.4
2019-10-02, 09:37:47, 25.8, 51.4
2019-10-02, 09:37:57, 25.8, 51.4
2019-10-02, 09:38:07, 25.8, 51.4
2019-10-02, 09:38:17, 25.8, 51.4
2019-10-02, 09:38:27, 25.8, 51.4
2019-10-02, 09:38:38, 25.8, 51.4
2019-10-02, 09:38:48, 25.8, 51.4
2019-10-02, 09:38:58, 25.8, 51.4
2019-10-02, 09:39:08, 25.8, 51.4
2019-10-02, 09:39:18, 25.8, 51.4
2019-10-02, 09:39:28, 25.8, 51.4
2019-10-02, 09:39:38, 25.8, 51.4
2019-10-02, 09:39:49, 25.8, 51.4
2019-10-02, 09:39:59, 25.8, 51.4
2019-10-02, 09:40:09, 25.8, 51.4
2019-10-02, 09:40:19, 25.8, 51.4
2019-10-02, 09:40:29, 25.8, 51.4
2019-10-02, 09:40:39, 25.8, 51.4
2019-10-02, 09:40:49, 25.8, 51.4
2019-10-02, 09:40:59, 25.8, 51.4
2019-10-02, 09:41:10, 25.8, 51.4
2019-10-02, 09:41:20, 25.8, 51.4
2019-10-02, 09:41:30, 25.8, 51.4
2019-10-02, 09:41:40, 25.8, 51.4
2019-10-02, 09:41:50, 25.8, 51.4
2019-10-02, 09:42:00, 25.8, 51.4
2019-10-02, 09:42:10, 25.8, 51.4
2019-10-02, 09:42:21, 25.8, 51.4
2019-10-02, 09:42:31, 25.8, 51.4
2019-10-02, 09:42:41, 25.8, 51.4
2019-10-02, 09:42:51, 25.8, 51.4
2019-10-02, 09:43:01, 25.8, 51.4
2019-10-02, 09:43:11, 25.8, 51.4
2019-10-02, 09:43:21, 25.8, 51.4
2019-10-02, 09:43:31, 25.8, 51.4
2019-10-02, 09:43:42, 25.8, 51.4
2019-10-02, 09:43:52, 25.8, 51.4
2019-10-02, 09:44:02, 25.8, 51.4
2019-10-02, 09:44:12, 25.8, 51.4
2019-10-02, 09:44:22, 25.8, 51.4
2019-10-02, 09:44:32, 25.8, 51.4
2019-10-02, 09:44:42, 25.8, 51.4
2019-10-02, 09:44:53, 25.8, 51.4
2019-10-02, 09:45:03, 25.8, 51.4
2019-10-02, 09:45:13, 25.8, 51.4
2019-10-02, 09:45:23, 25.8, 51.4
2019-10-02, 09:45:33, 25.8, 51.4
2019-10-02, 09:45:43, 25.8, 51.4
2019-10-02, 09:45:53, 25.8, 51.4
2019-10-02, 09:46:04, 25.8, 51.4
2019-10-02, 09:46:14, 25.8, 51.4
2019-10-02, 09:46:24, 25.8, 51.4
2019-10-02, 09:46:34, 25.8, 51.4
2019-10-02, 09:46:44, 25.8, 51.4
2019-10-02, 09:46:54, 25.8, 51.4
2019-10-02, 09:47:04, 25.8, 51.4
2019-10-02, 09:47:15, 25.8, 51.4
2019-10-02, 09:47:25, 25.8, 51.4
2019-10-02, 09:47:35, 25.8, 51.4
2019-10-02, 09:47:45, 25.8, 51.4
2019-10-02, 09:47:55, 25.8, 51.4
2019-10-02, 09:48:05, 25.8, 51.4
2019-10-02, 09:48:16, 25.8, 51.4
2019-10-02, 09:48:26, 25.8, 51.4
2019-10-02, 09:48:36, 25.8, 51.4
2019-10-02, 09:48:46, 25.8, 51.4
2019-10-02, 09:48:56, 25.8, 51.4
2019-10-02, 09:49:06, 25.8, 51.4
2019-10-02, 09:49:16, 25.8, 51.4
2019-10-02, 09:49:27, 25.8, 51.4
2019-10-02, 09:49:37, 25.8, 51.4
2019-10-02, 09:49:47, 25.8, 51.4
2019-10-02, 09:49:57, 25.8, 51.4
2019-10-02, 09:50:07, 25.8, 51.4
2019-10-02, 09:50:17, 25.8, 51.4
2019-10-02, 09:50:27, 25.8, 51.4
2019-10-02, 09:50:37, 25.8, 51.4
2019-10-02, 09:50:48, 25.8, 51.4
2019-10-02, 09:50:58, 25.8, 51.4
2019-10-02, 09:51:08, 25.8, 51.4
2019-10-02, 09:51:18, 25.8, 51.4
2019-10-02, 09:51:28, 25.8, 51.4
2019-10-02, 09:51:38, 25.8, 51.4
2019-10-02, 09:51:48, 25.8, 51.4
2019-10-02, 09:51:59, 25.8, 51.4
2019-10-02, 09:52:09, 25.8, 51.4
2019-10-02, 09:52:19, 25.8, 51.4
2019-10-02, 09:52:29, 25.8, 51.4
2019-10-02, 09:52:39, 25.8, 51.4
2019-10-02, 09:52:49, 25.8, 51.4
2019-10-02, 09:53:00, 25.8, 51.4
2019-10-02, 09:53:10, 25.8, 51.4
2019-10-02, 09:53:20, 25.8, 51.4
2019-10-02, 09:53:30, 25.8, 51.4
2019-10-02, 09:53:40, 25.8, 51.4
2019-10-02, 09:53:51, 25.8, 51.4
2019-10-02, 09:54:01, 25.8, 51.4
2019-10-02, 09:54:11, 25.8, 51.4
2019-10-02, 09:54:21, 25.8, 51.4
2019-10-02, 09:54:31, 25.8, 51.4
2019-10-02, 09:54:41, 25.8, 51.4
2019-10-02, 09:54:52, 25.8, 51.4
2019-10-02, 09:55:02, 25.8, 51.4
2019-10-02, 09:55:12, 25.8, 51.4
2019-10-02, 09:55:22, 25.8, 51.4
2019-10-02, 09:55:32, 25.8, 51.4
2019-10-02, 09:55:42, 25.8, 51.4
2019-10-02, 09:55:52, 25.8, 51.4
2019-10-02, 09:56:03, 25.8, 51.4
2019-10-02, 09:56:13, 25.8, 51.4
2019-10-02, 09:56:23, 25.8, 51.4
2019-10-02, 09:56:33, 25.8, 51.4
2019-10-02, 09:56:43, 25.8, 51.4
2019-10-02, 09:56:53, 25.8, 51.4
2019-10-02, 09:57:03, 25.8, 51.4
2019-10-02, 09:57:13, 25.8, 51.4
2019-10-02, 09:57:24, 25.8, 51.4
2019-10-02, 09:57:34, 25.8, 51.4
2019-10-02, 09:57:44, 25.8, 51.4
2019-10-02, 09:57:54, 25.8, 51.4
2019-10-02, 09:58:04, 25.8, 51.4
2019-10-02, 09:58:14, 25.8, 51.4
2019-10-02, 09:58:24, 25.8, 51.4
2019-10-02, 09:58:35, 25.8, 51.4
2019-10-02, 09:58:45, 25.8, 51.4
2019-10-02, 09:58:55, 25.8, 51.4
2019-10-02, 09:59:05, 25.8, 51.4
2019-10-02, 09:59:15, 25.8, 51.4
2019-10-02, 09:59:25, 25.8, 51.4
2019-10-02, 09:59:35, 25.8, 51.4
2019-10-02, 09:59:46, 25.8, 51.4
2019-10-02, 09:59:56, 25.8, 51.4
2019-10-02, 10:00:06, 25.8, 51.4
2019-10-02, 10:00:16, 25.8, 51.4
2019-10-02, 10:00:26, 25.8, 51.4
2019-10-02, 10:00:36, 25.8, 51.4
2019-10-02, 10:00:46, 25.8, 51.4
2019-10-02, 10:00:57, 25.8, 51.4
2019-10-02, 10:01:07, 25.8, 51.4
2019-10-02, 10:01:17, 25.8, 51.4
2019-10-02, 10:01:27, 25.8, 51.4
2019-10-02, 10:01:37, 25.8, 51.4
2019-10-02, 10:01:47, 25.8, 51.4
2019-10-02, 10:01:57, 25.8, 51.4
2019-10-02, 10:02:07, 25.8, 51.4
2019-10-02, 10:02:18, 25.8, 51.4
2019-10-02, 10:02:28, 25.8, 51.4
2019-10-02, 10:02:38, 25.8, 51.4
2019-10-02, 10:02:48, 25.8, 51.4
2019-10-02, 10:02:58, 25.8, 51.4
2019-10-02, 10:03:08, 25.8, 51.4
2019-10-02, 10:03:18, 25.8, 51.4
2019-10-02, 10:03:29, 25.8, 51.4
2019-10-02, 10:03:39, 25.8, 51.4
2019-10-02, 10:03:49, 25.8, 51.4
2019-10-02, 10:03:59, 25.8, 51.4
2019-10-02, 10:04:09, 25.8, 51.4
2019-10-02, 10:04:20, 25.8, 51.4
2019-10-02, 10:04:30, 25.8, 51.4
2019-10-02, 10:04:40, 25.8, 51.4
2019-10-02, 10:04:50, 25.8, 51.4
2019-10-02, 10:05:00, 25.8, 51.4
2019-10-02, 10:05:10, 25.8, 51.4
2019-10-02, 10:05:20, 25.8, 51.4
2019-10-02, 10:05:30, 25.8, 51.4
2019-10-02, 10:05:41, 25.8, 51.4
2019-10-02, 10:05:51, 25.8, 51.4
2019-10-02, 10:06:01, 25.8, 51.4
2019-10-02, 10:06:11, 25.8, 51.4
2019-10-02, 10:06:21, 25.8, 51.4
2019-10-02, 10:06:31, 25.8, 51.4
2019-10-02, 10:06:41, 25.8, 51.4
2019-10-02, 10:06:52, 25.8, 51.4
2019-10-02, 10:07:02, 25.8, 51.4
2019-10-02, 10:07:12, 25.8, 51.4
2019-10-02, 10:07:22, 25.8, 51.4
2019-10-02, 10:07:32, 25.8, 51.4
2019-10-02, 10:07:42, 25.8, 51.4
2019-10-02, 10:07:52, 25.8, 51.4
2019-10-02, 10:08:03, 25.8, 51.4
2019-10-02, 10:08:13, 25.8, 51.4
2019-10-02, 10:08:23, 25.8, 51.4
2019-10-02, 10:08:33, 25.8, 51.4
2019-10-02, 10:08:43, 25.8, 51.4
2019-10-02, 10:08:53, 25.8, 51.4
2019-10-02, 10:09:03, 25.8, 51.4
2019-10-02, 10:09:13, 25.8, 51.4
2019-10-02, 10:09:24, 25.8, 51.4
2019-10-02, 10:09:34, 25.8, 51.4
2019-10-02, 10:09:44, 25.8, 51.4
2019-10-02, 10:09:54, 25.8, 51.4
2019-10-02, 10:10:04, 25.8, 51.4
2019-10-02, 10:10:14, 25.8, 51.4
2019-10-02, 10:10:24, 25.8, 51.4
2019-10-02, 10:10:35, 25.8, 51.4
2019-10-02, 10:10:45, 25.8, 51.4
2019-10-02, 10:10:55, 25.8, 51.4
2019-10-02, 10:11:05, 25.8, 51.4
2019-10-02, 10:11:15, 25.8, 51.4
2019-10-02, 10:11:25, 25.8, 51.4
2019-10-02, 10:11:35, 25.8, 51.4
2019-10-02, 10:11:46, 25.8, 51.4
2019-10-02, 10:11:56, 25.8, 51.4
2019-10-02, 10:12:06, 25.8, 51.4
2019-10-02, 10:12:16, 25.8, 51.4
2019-10-02, 10:12:26, 25.8, 51.4
2019-10-02, 10:12:36, 25.8, 51.4
2019-10-02, 10:12:46, 25.8, 51.4
2019-10-02, 10:12:56, 25.8, 51.4
2019-10-02, 10:13:07, 25.8, 51.4
2019-10-02, 10:13:17, 25.8, 51.4
2019-10-02, 10:13:27, 25.8, 51.4
2019-10-02, 10:13:37, 25.8, 51.4
2019-10-02, 10:13:47, 25.8, 51.4
2019-10-02, 10:13:57, 25.8, 51.4
2019-10-02, 10:14:07, 25.8, 51.4
2019-10-02, 10:14:18, 25.8, 51.4
2019-10-02, 10:14:28, 25.8, 51.4
2019-10-02, 10:14:38, 25.8, 51.4
2019-10-02, 10:14:48, 25.8, 51.4
2019-10-02, 10:14:58, 25.8, 51.4
2019-10-02, 10:15:09, 25.8, 51.4
2019-10-02, 10:15:19, 25.8, 51.4
2019-10-02, 10:15:29, 25.8, 51.4
2019-10-02, 10:15:39, 25.8, 51.4
2019-10-02, 10:15:49, 25.8, 51.4
2019-10-02, 10:15:59, 25.8, 51.4
2019-10-02, 10:16:09, 25.8, 51.4
2019-10-02, 10:16:19, 25.8, 51.4
2019-10-02, 10:16:30, 25.8, 51.4
2019-10-02, 10:16:40, 25.8, 51.4
2019-10-02, 10:16:50, 25.8, 51.4
2019-10-02, 10:17:00, 25.8, 51.4
2019-10-02, 10:17:10, 25.8, 51.4
2019-10-02, 10:17:20, 25.8, 51.4
2019-10-02, 10:17:31, 25.8, 51.4
2019-10-02, 10:17:41, 25.8, 51.4
2019-10-02, 10:17:51, 25.8, 51.4
2019-10-02, 10:18:01, 25.8, 51.4
2019-10-02, 10:18:11, 25.8, 51.4
2019-10-02, 10:18:21, 25.8, 51.4
2019-10-02, 10:18:31, 25.8, 51.4
2019-10-02, 10:18:42, 25.8, 51.4
2019-10-02, 10:18:52, 25.8, 51.4
2019-10-02, 10:19:02, 25.8, 51.4
2019-10-02, 10:19:12, 25.8, 51.4
2019-10-02, 10:19:22, 25.8, 51.4
2019-10-02, 10:19:32, 25.8, 51.4
2019-10-02, 10:19:42, 25.8, 51.4
2019-10-02, 10:19:53, 25.8, 51.4
2019-10-02, 10:20:03, 25.8, 51.4
2019-10-02, 10:20:13, 25.8, 51.4
2019-10-02, 10:20:23, 25.8, 51.4
2019-10-02, 10:20:33, 25.8, 51.4
2019-10-02, 10:20:43, 25.8, 51.4
2019-10-02, 10:20:53, 25.8, 51.4
2019-10-02, 10:21:03, 25.8, 51.4
2019-10-02, 10:21:14, 25.8, 51.4
2019-10-02, 10:21:24, 25.8, 51.4
2019-10-02, 10:21:34, 25.8, 51.4
2019-10-02, 10:21:44, 25.8, 51.4
2019-10-02, 10:21:54, 25.8, 51.4
2019-10-02, 10:22:04, 25.8, 51.4
2019-10-02, 10:22:14, 25.8, 51.4
2019-10-02, 10:22:25, 25.8, 51.4
2019-10-02, 10:22:35, 25.8, 51.4
2019-10-02, 10:22:45, 25.8, 51.4
2019-10-02, 10:22:55, 25.8, 51.4
2019-10-02, 10:23:05, 25.8, 51.4
2019-10-02, 10:23:15, 25.8, 51.4
2019-10-02, 10:23:25, 25.8, 51.4
2019-10-02, 10:23:36, 25.8, 51.4
2019-10-02, 10:23:46, 25.8, 51.4
2019-10-02, 10:23:56, 25.8, 51.4
2019-10-02, 10:24:06, 25.8, 51.4
2019-10-02, 10:24:16, 25.8, 51.4
2019-10-02, 10:24:26, 25.8, 51.4
2019-10-02, 10:24:36, 25.8, 51.4
2019-10-02, 10:24:46, 25.8, 51.4
2019-10-02, 10:24:57, 25.8, 51.4
2019-10-02, 10:25:07, 25.8, 51.4
2019-10-02, 10:25:17, 25.8, 51.4
2019-10-02, 10:25:27, 25.8, 51.4
2019-10-02, 10:25:37, 25.8, 51.4
2019-10-02, 10:25:47, 25.8, 51.4
2019-10-02, 10:25:57, 25.8, 51.4
2019-10-02, 10:26:08, 25.8, 51.4
2019-10-02, 10:26:18, 25.8, 51.4
2019-10-02, 10:26:28, 25.8, 51.4
2019-10-02, 10:26:38, 25.8, 51.4
2019-10-02, 10:26:48, 25.8, 51.4
2019-10-02, 10:26:58, 25.8, 51.4
2019-10-02, 10:27:08, 25.8, 51.4
2019-10-02, 10:27:19, 25.8, 51.4
2019-10-02, 10:27:29, 25.8, 51.4
2019-10-02, 10:27:39, 25.8, 51.4
2019-10-02, 10:27:49, 25.8, 51.4
2019-10-02, 10:27:59, 25.8, 51.4
2019-10-02, 10:28:09, 25.8, 51.4
2019-10-02, 10:28:19, 25.8, 51.4
2019-10-02, 10:28:30, 25.8, 51.4
2019-10-02, 10:28:40, 25.8, 51.4
2019-10-02, 10:28:50, 25.8, 51.4
2019-10-02, 10:29:00, 25.8, 51.4
2019-10-02, 10:29:10, 25.8, 51.4
2019-10-02, 10:29:20, 25.8, 51.4
2019-10-02, 10:29:30, 25.8, 51.4
2019-10-02, 10:29:40, 25.8, 51.4
2019-10-02, 10:29:51, 25.8, 51.4
2019-10-02, 10:30:01, 25.8, 51.4
2019-10-02, 10:30:11, 25.8, 51.4
2019-10-02, 10:30:21, 25.8, 51.4
2019-10-02, 10:30:31, 25.8, 51.4
2019-10-02, 10:30:41, 25.8, 51.4
2019-10-02, 10:30:51, 25.8, 51.4
2019-10-02, 10:31:02, 25.8, 51.4
2019-10-02, 10:31:12, 25.8, 51.4
2019-10-02, 10:31:22, 25.8, 51.4
2019-10-02, 10:31:32, 25.8, 51.4
2019-10-02, 10:31:42, 25.8, 51.4
2019-10-02, 10:31:52, 25.8, 51.4
2019-10-02, 10:32:02, 25.8, 51.4
2019-10-02, 10:32:13, 25.8, 51.4
2019-10-02, 10:32:23, 25.8, 51.4
2019-10-02, 10:32:33, 25.8, 51.4
2019-10-02, 10:32:43, 25.8, 51.4
2019-10-02, 10:32:53, 25.8, 51.4
2019-10-02, 10:33:03, 25.8, 51.4
2019-10-02, 10:33:13, 25.8, 51.4
2019-10-02, 10:33:24, 25.8, 51.4
2019-10-02, 10:33:34, 25.8, 51.4
2019-10-02, 10:33:44, 25.8, 51.4
2019-10-02, 10:33:54, 25.8, 51.4
2019-10-02, 10:34:04, 25.8, 51.4
2019-10-02, 10:34:14, 25.8, 51.4
2019-10-02, 10:34:24, 25.8, 51.4
2019-10-02, 10:34:34, 25.8, 51.4
2019-10-02, 10:34:45, 25.8, 51.4
2019-10-02, 10:34:55, 25.8, 51.4
2019-10-02, 10:35:05, 25.8, 51.4
2019-10-02, 10:35:15, 25.8, 51.4
2019-10-02, 10:35:25, 25.8, 51.4
2019-10-02, 10:35:35, 25.8, 51.4
2019-10-02, 10:35:45, 25.8, 51.4
2019-10-02, 10:35:56, 25.8, 51.4
2019-10-02, 10:36:06, 25.8, 51.4
2019-10-02, 10:36:16, 25.8, 51.4
2019-10-02, 10:36:26, 25.8, 51.4
2019-10-02, 10:36:36, 25.8, 51.4
2019-10-02, 10:36:46, 25.8, 51.4
2019-10-02, 10:36:56, 25.8, 51.4
2019-10-02, 10:37:07, 25.8, 51.4
2019-10-02, 10:37:17, 25.8, 51.4
2019-10-02, 10:37:27, 25.8, 51.4
2019-10-02, 10:37:37, 25.8, 51.4
2019-10-02, 10:37:47, 25.8, 51.4
2019-10-02, 10:37:57, 25.8, 51.4
2019-10-02, 10:38:07, 25.8, 51.4
2019-10-02, 10:38:17, 25.8, 51.4
2019-10-02, 10:38:28, 25.8, 51.4
2019-10-02, 10:38:38, 25.8, 51.4
2019-10-02, 10:38:48, 25.8, 51.4
2019-10-02, 10:38:58, 25.8, 51.4
2019-10-02, 10:39:08, 25.8, 51.4
2019-10-02, 10:39:18, 25.8, 51.4
2019-10-02, 10:39:28, 25.8, 51.4
2019-10-02, 10:39:39, 25.8, 51.4
2019-10-02, 10:39:49, 25.8, 51.4
2019-10-02, 10:39:59, 25.8, 51.4
2019-10-02, 10:40:09, 25.8, 51.4
2019-10-02, 10:40:19, 25.8, 51.4
2019-10-02, 10:40:29, 25.8, 51.4
2019-10-02, 10:40:39, 25.8, 51.4
2019-10-02, 10:40:50, 25.8, 51.4
2019-10-02, 10:41:00, 25.8, 51.4
2019-10-02, 10:41:10, 25.8, 51.4
2019-10-02, 10:41:20, 25.8, 51.4
2019-10-02, 10:41:30, 25.8, 51.4
2019-10-02, 10:41:40, 25.8, 51.4
2019-10-02, 10:41:50, 25.8, 51.4
2019-10-02, 10:42:01, 25.8, 51.4
2019-10-02, 10:42:11, 25.8, 51.4
2019-10-02, 10:42:21, 25.8, 51.4
2019-10-02, 10:42:31, 25.8, 51.4
2019-10-02, 10:42:41, 25.8, 51.4
2019-10-02, 10:42:51, 25.8, 51.4
2019-10-02, 10:43:02, 25.8, 51.4
2019-10-02, 10:43:12, 25.8, 51.4
2019-10-02, 10:43:22, 25.8, 51.4
2019-10-02, 10:43:32, 25.8, 51.4
2019-10-02, 10:43:42, 25.8, 51.4
2019-10-02, 10:43:52, 25.8, 51.4
2019-10-02, 10:44:02, 25.8, 51.4
2019-10-02, 10:44:13, 25.8, 51.4
2019-10-02, 10:44:23, 25.8, 51.4
2019-10-02, 10:44:33, 25.8, 51.4
2019-10-02, 10:44:43, 25.8, 51.4
2019-10-02, 10:44:53, 25.8, 51.4
2019-10-02, 10:45:03, 25.8, 51.4
2019-10-02, 10:45:13, 25.8, 51.4
2019-10-02, 10:45:23, 25.8, 51.4
2019-10-02, 10:45:34, 25.8, 51.4
2019-10-02, 10:45:44, 25.8, 51.4
2019-10-02, 10:45:54, 25.8, 51.4
2019-10-02, 10:46:04, 25.8, 51.4
2019-10-02, 10:46:14, 25.8, 51.4
2019-10-02, 10:46:25, 25.8, 51.4
2019-10-02, 10:46:35, 25.8, 51.4
2019-10-02, 10:46:45, 25.8, 51.4
2019-10-02, 10:46:55, 25.8, 51.4
2019-10-02, 10:47:05, 25.8, 51.4
2019-10-02, 10:47:15, 25.8, 51.4
2019-10-02, 10:47:25, 25.8, 51.4
2019-10-02, 10:47:35, 25.8, 51.4
2019-10-02, 10:47:46, 25.8, 51.4
2019-10-02, 10:47:56, 25.8, 51.4
2019-10-02, 10:48:06, 25.8, 51.4
2019-10-02, 10:48:16, 25.8, 51.4
2019-10-02, 10:48:26, 25.8, 51.4
2019-10-02, 10:48:36, 25.8, 51.4
2019-10-02, 10:48:46, 25.8, 51.4
2019-10-02, 10:48:57, 25.8, 51.4
2019-10-02, 10:49:07, 25.8, 51.4
2019-10-02, 10:49:17, 25.8, 51.4
2019-10-02, 10:49:27, 25.8, 51.4
2019-10-02, 10:49:37, 25.8, 51.4
2019-10-02, 10:49:47, 25.8, 51.4
2019-10-02, 10:49:58, 25.8, 51.4
2019-10-02, 10:50:08, 25.8, 51.4
2019-10-02, 10:50:18, 25.8, 51.4
2019-10-02, 10:50:28, 25.8, 51.4
2019-10-02, 10:50:38, 25.8, 51.4
2019-10-02, 10:50:48, 25.8, 51.4
2019-10-02, 10:50:58, 25.8, 51.4
2019-10-02, 10:51:09, 25.8, 51.4
2019-10-02, 10:51:19, 25.8, 51.4
2019-10-02, 10:51:29, 25.8, 51.4
2019-10-02, 10:51:39, 25.8, 51.4
2019-10-02, 10:51:49, 25.8, 51.4
2019-10-02, 10:51:59, 25.8, 51.4
2019-10-02, 10:52:09, 25.8, 51.4
2019-10-02, 10:52:20, 25.8, 51.4
2019-10-02, 10:52:30, 25.8, 51.4
2019-10-02, 10:52:40, 25.8, 51.4
2019-10-02, 10:52:50, 25.8, 51.4
2019-10-02, 10:53:00, 25.8, 51.4
2019-10-02, 10:53:10, 25.8, 51.4
2019-10-02, 10:53:20, 25.8, 51.4
2019-10-02, 10:53:31, 25.8, 51.4
2019-10-02, 10:53:41, 25.8, 51.4
2019-10-02, 10:53:51, 25.8, 51.4
2019-10-02, 10:54:01, 25.8, 51.4
2019-10-02, 10:54:11, 25.8, 51.4
2019-10-02, 10:54:21, 25.8, 51.4
2019-10-02, 10:54:31, 25.8, 51.4
2019-10-02, 10:54:41, 25.8, 51.4
2019-10-02, 10:54:52, 25.8, 51.4
2019-10-02, 10:55:02, 25.8, 51.4
2019-10-02, 10:55:12, 25.8, 51.4
2019-10-02, 10:55:22, 25.8, 51.4
2019-10-02, 10:55:32, 25.8, 51.4
2019-10-02, 10:55:42, 25.8, 51.4
2019-10-02, 10:55:52, 25.8, 51.4
2019-10-02, 10:56:03, 25.8, 51.4
2019-10-02, 10:56:13, 25.8, 51.4
2019-10-02, 10:56:23, 25.8, 51.4
2019-10-02, 10:56:33, 25.8, 51.4
2019-10-02, 10:56:43, 25.8, 51.4
2019-10-02, 10:56:53, 25.8, 51.4
2019-10-02, 10:57:03, 25.8, 51.4
2019-10-02, 10:57:14, 25.8, 51.4
2019-10-02, 10:57:24, 25.8, 51.4
2019-10-02, 10:57:34, 25.8, 51.4
2019-10-02, 10:57:44, 25.8, 51.4
2019-10-02, 10:57:54, 25.8, 51.4
2019-10-02, 10:58:04, 25.8, 51.4
2019-10-02, 10:58:14, 25.8, 51.4
2019-10-02, 10:58:24, 25.8, 51.4
2019-10-02, 10:58:35, 25.8, 51.4
2019-10-02, 10:58:45, 25.8, 51.4
2019-10-02, 10:58:55, 25.8, 51.4
2019-10-02, 10:59:05, 25.8, 51.4
2019-10-02, 10:59:15, 25.8, 51.4
2019-10-02, 10:59:25, 25.8, 51.4
2019-10-02, 10:59:35, 25.8, 51.4
2019-10-02, 10:59:46, 25.8, 51.4
2019-10-02, 10:59:56, 25.8, 51.4
2019-10-02, 11:00:06, 25.8, 51.4
2019-10-02, 11:00:16, 25.8, 51.4
2019-10-02, 11:00:26, 25.8, 51.4
2019-10-02, 11:00:36, 25.8, 51.4
2019-10-02, 11:00:46, 25.8, 51.4
2019-10-02, 11:00:57, 25.8, 51.4
2019-10-02, 11:01:07, 25.8, 51.4
2019-10-02, 11:01:17, 25.8, 51.4
2019-10-02, 11:01:27, 25.8, 51.4
2019-10-02, 11:01:37, 25.8, 51.4
2019-10-02, 11:01:47, 25.8, 51.4
2019-10-02, 11:01:57, 25.8, 51.4
2019-10-02, 11:02:08, 25.8, 51.4
2019-10-02, 11:02:18, 25.8, 51.4
2019-10-02, 11:02:28, 25.8, 51.4
2019-10-02, 11:02:38, 25.8, 51.4
2019-10-02, 11:02:48, 25.8, 51.4
2019-10-02, 11:02:58, 25.8, 51.4
2019-10-02, 11:03:08, 25.8, 51.4
2019-10-02, 11:03:18, 25.8, 51.4
2019-10-02, 11:03:29, 25.8, 51.4
2019-10-02, 11:03:39, 25.8, 51.4
2019-10-02, 11:03:49, 25.8, 51.4
2019-10-02, 11:03:59, 25.8, 51.4
2019-10-02, 11:04:09, 25.8, 51.4
2019-10-02, 11:04:19, 25.8, 51.4
2019-10-02, 11:04:29, 25.8, 51.4
2019-10-02, 11:04:40, 25.8, 51.4
2019-10-02, 11:04:50, 25.8, 51.4
2019-10-02, 11:05:00, 25.8, 51.4
2019-10-02, 11:05:10, 25.8, 51.4
2019-10-02, 11:05:20, 25.8, 51.4
2019-10-02, 11:05:30, 25.8, 51.4
2019-10-02, 11:05:40, 25.8, 51.4
2019-10-02, 11:05:51, 25.8, 51.4
2019-10-02, 11:06:01, 25.8, 51.4
2019-10-02, 11:06:11, 25.8, 51.4
2019-10-02, 11:06:21, 25.8, 51.4
2019-10-02, 11:06:31, 25.8, 51.4
2019-10-02, 11:06:41, 25.8, 51.4
2019-10-02, 11:06:52, 25.8, 51.4
2019-10-02, 11:07:02, 25.8, 51.4
2019-10-02, 11:07:12, 25.8, 51.4
2019-10-02, 11:07:22, 25.8, 51.4
2019-10-02, 11:07:32, 25.8, 51.4
2019-10-02, 11:07:42, 25.8, 51.4
2019-10-02, 11:07:52, 25.8, 51.4
2019-10-02, 11:08:03, 25.8, 51.4
2019-10-02, 11:08:13, 25.8, 51.4
2019-10-02, 11:08:23, 25.8, 51.4
2019-10-02, 11:08:33, 25.8, 51.4
2019-10-02, 11:08:43, 25.8, 51.4
2019-10-02, 11:08:53, 25.8, 51.4
2019-10-02, 11:09:03, 25.8, 51.4
2019-10-02, 11:09:14, 25.8, 51.4
2019-10-02, 11:09:24, 25.8, 51.4
2019-10-02, 11:09:34, 25.8, 51.4
2019-10-02, 11:09:44, 25.8, 51.4
2019-10-02, 11:09:54, 25.8, 51.4
2019-10-02, 11:10:04, 25.8, 51.4
2019-10-02, 11:10:14, 25.8, 51.4
2019-10-02, 11:10:25, 25.8, 51.4
2019-10-02, 11:10:35, 25.8, 51.4
2019-10-02, 11:10:45, 25.8, 51.4
2019-10-02, 11:10:55, 25.8, 51.4
2019-10-02, 11:11:05, 25.8, 51.4
2019-10-02, 11:11:15, 25.8, 51.4
2019-10-02, 11:11:25, 25.8, 51.4
2019-10-02, 11:11:36, 25.8, 51.4
2019-10-02, 11:11:46, 25.8, 51.4
2019-10-02, 11:11:56, 25.8, 51.4
2019-10-02, 11:12:06, 25.8, 51.4
2019-10-02, 11:12:16, 25.8, 51.4
2019-10-02, 11:12:26, 25.8, 51.4
2019-10-02, 11:12:36, 25.8, 51.4
2019-10-02, 11:12:46, 25.8, 51.4
2019-10-02, 11:12:57, 25.8, 51.4
2019-10-02, 11:13:07, 25.8, 51.4
2019-10-02, 11:13:17, 25.8, 51.4
2019-10-02, 11:13:27, 25.8, 51.4
2019-10-02, 11:13:37, 25.8, 51.4
2019-10-02, 11:13:47, 25.8, 51.4
2019-10-02, 11:13:57, 25.8, 51.4
2019-10-02, 11:14:08, 25.8, 51.4
2019-10-02, 11:14:18, 25.8, 51.4
2019-10-02, 11:14:28, 25.8, 51.4
2019-10-02, 11:14:38, 25.8, 51.4
2019-10-02, 11:14:48, 25.8, 51.4
2019-10-02, 11:14:58, 25.8, 51.4
2019-10-02, 11:15:08, 25.8, 51.4
2019-10-02, 11:15:18, 25.8, 51.4
2019-10-02, 11:15:29, 25.8, 51.4
2019-10-02, 11:15:39, 25.8, 51.4
2019-10-02, 11:15:49, 25.8, 51.4
2019-10-02, 11:15:59, 25.8, 51.4
2019-10-02, 11:16:09, 25.8, 51.4
2019-10-02, 11:16:19, 25.8, 51.4
2019-10-02, 11:16:29, 25.8, 51.4
2019-10-02, 11:16:39, 25.8, 51.4
2019-10-02, 11:16:50, 25.8, 51.4
2019-10-02, 11:17:00, 25.8, 51.4
2019-10-02, 11:17:10, 25.8, 51.4
2019-10-02, 11:17:20, 25.8, 51.4
2019-10-02, 11:17:30, 25.8, 51.4
2019-10-02, 11:17:40, 25.8, 51.4
2019-10-02, 11:17:50, 25.8, 51.4
2019-10-02, 11:18:01, 25.8, 51.4
2019-10-02, 11:18:11, 25.8, 51.4
2019-10-02, 11:18:21, 25.8, 51.4
2019-10-02, 11:18:31, 25.8, 51.4
2019-10-02, 11:18:41, 25.8, 51.4
2019-10-02, 11:18:51, 25.8, 51.4
2019-10-02, 11:19:01, 25.8, 51.4
2019-10-02, 11:19:12, 25.8, 51.4
2019-10-02, 11:19:22, 25.8, 51.4
2019-10-02, 11:19:32, 25.8, 51.4
2019-10-02, 11:19:42, 25.8, 51.4
2019-10-02, 11:19:52, 25.8, 51.4
2019-10-02, 11:20:02, 25.8, 51.4
2019-10-02, 11:20:13, 25.8, 51.4
2019-10-02, 11:20:23, 25.8, 51.4
2019-10-02, 11:20:33, 25.8, 51.4
2019-10-02, 11:20:43, 25.8, 51.4
2019-10-02, 11:20:53, 25.8, 51.4
2019-10-02, 11:21:03, 25.8, 51.4
2019-10-02, 11:21:13, 25.8, 51.4
2019-10-02, 11:21:23, 25.8, 51.4
2019-10-02, 11:21:34, 25.8, 51.4
2019-10-02, 11:21:44, 25.8, 51.4
2019-10-02, 11:21:54, 25.8, 51.4
2019-10-02, 11:22:04, 25.8, 51.4
2019-10-02, 11:22:14, 25.8, 51.4
2019-10-02, 11:22:24, 25.8, 51.4
2019-10-02, 11:22:34, 25.8, 51.4
2019-10-02, 11:22:44, 25.8, 51.4
2019-10-02, 11:22:55, 25.8, 51.4
2019-10-02, 11:23:05, 25.8, 51.4
2019-10-02, 11:23:15, 25.8, 51.4
2019-10-02, 11:23:25, 25.8, 51.4
2019-10-02, 11:23:35, 25.8, 51.4
2019-10-02, 11:23:45, 25.8, 51.4
2019-10-02, 11:23:55, 25.8, 51.4
2019-10-02, 11:24:06, 25.8, 51.4
2019-10-02, 11:24:16, 25.8, 51.4
2019-10-02, 11:24:26, 25.8, 51.4
2019-10-02, 11:24:36, 25.8, 51.4
2019-10-02, 11:24:46, 25.8, 51.4
2019-10-02, 11:24:56, 25.8, 51.4
2019-10-02, 11:25:06, 25.8, 51.4
2019-10-02, 11:25:16, 25.8, 51.4
2019-10-02, 11:25:27, 25.8, 51.4
2019-10-02, 11:25:37, 25.8, 51.4
2019-10-02, 11:25:47, 25.8, 51.4
2019-10-02, 11:25:57, 25.8, 51.4
2019-10-02, 11:26:07, 25.8, 51.4
2019-10-02, 11:26:17, 25.8, 51.4
2019-10-02, 11:26:27, 25.8, 51.4
2019-10-02, 11:26:38, 25.8, 51.4
2019-10-02, 11:26:48, 25.8, 51.4
2019-10-02, 11:26:58, 25.8, 51.4
2019-10-02, 11:27:08, 25.8, 51.4
2019-10-02, 11:27:18, 25.8, 51.4
2019-10-02, 11:27:28, 25.8, 51.4
2019-10-02, 11:27:38, 25.8, 51.4
2019-10-02, 11:27:48, 25.8, 51.4
2019-10-02, 11:27:59, 25.8, 51.4
2019-10-02, 11:28:09, 25.8, 51.4
2019-10-02, 11:28:19, 25.8, 51.4
2019-10-02, 11:28:29, 25.8, 51.4
2019-10-02, 11:28:39, 25.8, 51.4
2019-10-02, 11:28:49, 25.8, 51.4
2019-10-02, 11:29:00, 25.8, 51.4
2019-10-02, 11:29:10, 25.8, 51.4
2019-10-02, 11:29:20, 25.8, 51.4
2019-10-02, 11:29:30, 25.8, 51.4
2019-10-02, 11:29:40, 25.8, 51.4
2019-10-02, 11:29:50, 25.8, 51.4
2019-10-02, 11:30:00, 25.8, 51.4
2019-10-02, 11:30:11, 25.8, 51.4
2019-10-02, 11:30:21, 25.8, 51.4
2019-10-02, 11:30:31, 25.8, 51.4
2019-10-02, 11:30:41, 25.8, 51.4
2019-10-02, 11:30:51, 25.8, 51.4
2019-10-02, 11:31:01, 25.8, 51.4
2019-10-02, 11:31:11, 25.8, 51.4
2019-10-02, 11:31:22, 25.8, 51.4
2019-10-02, 11:31:32, 25.8, 51.4
2019-10-02, 11:31:42, 25.8, 51.4
2019-10-02, 11:31:52, 25.8, 51.4
2019-10-02, 11:32:02, 25.8, 51.4
2019-10-02, 11:32:12, 25.8, 51.4
2019-10-02, 11:32:22, 25.8, 51.4
2019-10-02, 11:32:33, 25.8, 51.4
2019-10-02, 11:32:43, 25.8, 51.4
2019-10-02, 11:32:53, 25.8, 51.4
2019-10-02, 11:33:03, 25.8, 51.4
2019-10-02, 11:33:13, 25.8, 51.4
2019-10-02, 11:33:23, 25.8, 51.4
2019-10-02, 11:33:33, 25.8, 51.4
2019-10-02, 11:33:43, 25.8, 51.4
2019-10-02, 11:33:54, 25.8, 51.4
2019-10-02, 11:34:04, 25.8, 51.4
2019-10-02, 11:34:14, 25.8, 51.4
2019-10-02, 11:34:24, 25.8, 51.4
2019-10-02, 11:34:34, 25.8, 51.4
2019-10-02, 11:34:45, 25.8, 51.4
2019-10-02, 11:34:55, 25.8, 51.4
2019-10-02, 11:35:05, 25.8, 51.4
2019-10-02, 11:35:15, 25.8, 51.4
2019-10-02, 11:35:25, 25.8, 51.4
2019-10-02, 11:35:35, 25.8, 51.4
2019-10-02, 11:35:45, 25.8, 51.4
2019-10-02, 11:35:55, 25.8, 51.4
2019-10-02, 11:36:06, 25.8, 51.4
2019-10-02, 11:36:16, 25.8, 51.4
2019-10-02, 11:36:26, 25.8, 51.4
2019-10-02, 11:36:36, 25.8, 51.4
2019-10-02, 11:36:46, 25.8, 51.4
2019-10-02, 11:36:56, 25.8, 51.4
2019-10-02, 11:37:06, 25.8, 51.4
2019-10-02, 11:37:17, 25.8, 51.4
2019-10-02, 11:37:27, 25.8, 51.4
2019-10-02, 11:37:37, 25.8, 51.4
2019-10-02, 11:37:47, 25.8, 51.4
2019-10-02, 11:37:57, 25.8, 51.4
2019-10-02, 11:38:07, 25.8, 51.4
2019-10-02, 11:38:17, 25.8, 51.4
2019-10-02, 11:38:28, 25.8, 51.4
2019-10-02, 11:38:38, 25.8, 51.4
2019-10-02, 11:38:48, 25.8, 51.4
2019-10-02, 11:38:58, 25.8, 51.4
2019-10-02, 11:39:08, 25.8, 51.4
2019-10-02, 11:39:18, 25.8, 51.4
2019-10-02, 11:39:29, 25.8, 51.4
2019-10-02, 11:39:39, 25.8, 51.4
2019-10-02, 11:39:49, 25.8, 51.4
2019-10-02, 11:39:59, 25.8, 51.4
2019-10-02, 11:40:09, 25.8, 51.4
2019-10-02, 11:40:19, 25.8, 51.4
2019-10-02, 11:40:29, 25.8, 51.4
2019-10-02, 11:40:40, 25.8, 51.4
2019-10-02, 11:40:50, 25.8, 51.4
2019-10-02, 11:41:00, 25.8, 51.4
2019-10-02, 11:41:10, 25.8, 51.4
2019-10-02, 11:41:20, 25.8, 51.4
2019-10-02, 11:41:30, 25.8, 51.4
2019-10-02, 11:41:40, 25.8, 51.4
2019-10-02, 11:41:50, 25.8, 51.4
2019-10-02, 11:42:01, 25.8, 51.4
2019-10-02, 11:42:11, 25.8, 51.4
2019-10-02, 11:42:21, 25.8, 51.4
2019-10-02, 11:42:31, 25.8, 51.4
2019-10-02, 11:42:41, 25.8, 51.4
2019-10-02, 11:42:51, 25.8, 51.4
2019-10-02, 11:43:01, 25.8, 51.4
2019-10-02, 11:43:11, 25.8, 51.4
2019-10-02, 11:43:22, 25.8, 51.4
2019-10-02, 11:43:32, 25.8, 51.4
2019-10-02, 11:43:42, 25.8, 51.4
2019-10-02, 11:43:52, 25.8, 51.4
2019-10-02, 11:44:02, 25.8, 51.4
2019-10-02, 11:44:12, 25.8, 51.4
2019-10-02, 11:44:22, 25.8, 51.4
2019-10-02, 11:44:33, 25.8, 51.4
2019-10-02, 11:44:43, 25.8, 51.4
2019-10-02, 11:44:53, 25.8, 51.4
2019-10-02, 11:45:03, 25.8, 51.4
2019-10-02, 11:45:13, 25.8, 51.4
2019-10-02, 11:45:23, 25.8, 51.4
2019-10-02, 11:45:33, 25.8, 51.4
2019-10-02, 11:45:43, 25.8, 51.4
2019-10-02, 11:45:54, 25.8, 51.4
2019-10-02, 11:46:04, 25.8, 51.4
2019-10-02, 11:46:14, 25.8, 51.4
2019-10-02, 11:46:24, 25.8, 51.4
2019-10-02, 11:46:34, 25.8, 51.4
2019-10-02, 11:46:44, 25.8, 51.4
2019-10-02, 11:46:54, 25.8, 51.4
2019-10-02, 11:47:05, 25.8, 51.4
2019-10-02, 11:47:15, 25.8, 51.4
2019-10-02, 11:47:25, 25.8, 51.4
2019-10-02, 11:47:35, 25.8, 51.4
2019-10-02, 11:47:45, 25.8, 51.4
2019-10-02, 11:47:55, 25.8, 51.4
2019-10-02, 11:48:05, 25.8, 51.4
2019-10-02, 11:48:16, 25.8, 51.4
2019-10-02, 11:48:26, 25.8, 51.4
2019-10-02, 11:48:36, 25.8, 51.4
2019-10-02, 11:48:46, 25.8, 51.4
2019-10-02, 11:48:56, 25.8, 51.4
2019-10-02, 11:49:06, 25.8, 51.4
2019-10-02, 11:49:16, 25.8, 51.4
2019-10-02, 11:49:26, 25.8, 51.4
2019-10-02, 11:49:37, 25.8, 51.4
2019-10-02, 11:49:47, 25.8, 51.4
2019-10-02, 11:49:57, 25.8, 51.4
2019-10-02, 11:50:07, 25.8, 51.4
2019-10-02, 11:50:17, 25.8, 51.4
2019-10-02, 11:50:27, 25.8, 51.4
2019-10-02, 11:50:37, 25.8, 51.4
2019-10-02, 11:50:48, 25.8, 51.4
2019-10-02, 11:50:58, 25.8, 51.4
2019-10-02, 11:51:08, 25.8, 51.4
2019-10-02, 11:51:18, 25.8, 51.4
2019-10-02, 11:51:28, 25.8, 51.4
2019-10-02, 11:51:38, 25.8, 51.4
2019-10-02, 11:51:48, 25.8, 51.4
2019-10-02, 11:51:58, 25.8, 51.4
2019-10-02, 11:52:09, 25.8, 51.4
2019-10-02, 11:52:19, 25.8, 51.4
2019-10-02, 11:52:29, 25.8, 51.4
2019-10-02, 11:52:39, 25.8, 51.4
2019-10-02, 11:52:49, 25.8, 51.4
2019-10-02, 11:52:59, 25.8, 51.4
2019-10-02, 11:53:09, 25.8, 51.4
2019-10-02, 11:53:20, 25.8, 51.4
2019-10-02, 11:53:30, 25.8, 51.4
2019-10-02, 11:53:40, 25.8, 51.4
2019-10-02, 11:53:50, 25.8, 51.4
2019-10-02, 11:54:00, 25.8, 51.4
2019-10-02, 11:54:10, 25.8, 51.4
2019-10-02, 11:54:20, 25.8, 51.4
2019-10-02, 11:54:30, 25.8, 51.4
2019-10-02, 11:54:41, 25.8, 51.4
2019-10-02, 11:54:51, 25.8, 51.4
2019-10-02, 11:55:01, 25.8, 51.4
2019-10-02, 11:55:11, 25.8, 51.4
2019-10-02, 11:55:21, 25.8, 51.4
2019-10-02, 11:55:31, 25.8, 51.4
2019-10-02, 11:55:41, 25.8, 51.4
2019-10-02, 11:55:52, 25.8, 51.4
2019-10-02, 11:56:02, 25.8, 51.4
2019-10-02, 11:56:12, 25.8, 51.4
2019-10-02, 11:56:22, 25.8, 51.4
2019-10-02, 11:56:32, 25.8, 51.4
2019-10-02, 11:56:42, 25.8, 51.4
2019-10-02, 11:56:52, 25.8, 51.4
2019-10-02, 11:57:03, 25.8, 51.4
2019-10-02, 11:57:13, 25.8, 51.4
2019-10-02, 11:57:23, 25.8, 51.4
2019-10-02, 11:57:33, 25.8, 51.4
2019-10-02, 11:57:43, 25.8, 51.4
2019-10-02, 11:57:53, 25.8, 51.4
2019-10-02, 11:58:03, 25.8, 51.4
2019-10-02, 11:58:14, 25.8, 51.4
2019-10-02, 11:58:24, 25.8, 51.4
2019-10-02, 11:58:34, 25.8, 51.4
2019-10-02, 11:58:44, 25.8, 51.4
2019-10-02, 11:58:54, 25.8, 51.4
2019-10-02, 11:59:04, 25.8, 51.4
2019-10-02, 11:59:14, 25.8, 51.4
2019-10-02, 11:59:24, 25.8, 51.4
2019-10-02, 11:59:35, 25.8, 51.4
2019-10-02, 11:59:45, 25.8, 51.4
2019-10-02, 11:59:55, 25.8, 51.4
2019-10-02, 12:00:05, 25.8, 51.4
2019-10-02, 12:00:15, 25.8, 51.4
2019-10-02, 12:00:26, 25.8, 51.4
2019-10-02, 12:00:36, 25.8, 51.4
2019-10-02, 12:00:46, 25.8, 51.4
2019-10-02, 12:00:56, 25.8, 51.4
2019-10-02, 12:01:06, 25.8, 51.4
2019-10-02, 12:01:16, 25.8, 51.4
2019-10-02, 12:01:26, 25.8, 51.4
2019-10-02, 12:01:36, 25.8, 51.4
2019-10-02, 12:01:47, 25.8, 51.4
2019-10-02, 12:01:57, 25.8, 51.4
2019-10-02, 12:02:07, 25.8, 51.4
2019-10-02, 12:02:17, 25.8, 51.4
2019-10-02, 12:02:27, 25.8, 51.4
2019-10-02, 12:02:37, 25.8, 51.4
2019-10-02, 12:02:47, 25.8, 51.4
2019-10-02, 12:02:58, 25.8, 51.4
2019-10-02, 12:03:08, 25.8, 51.4
2019-10-02, 12:03:18, 25.8, 51.4
2019-10-02, 12:03:28, 25.8, 51.4
2019-10-02, 12:03:38, 25.8, 51.4
2019-10-02, 12:03:48, 25.8, 51.4
2019-10-02, 12:03:58, 25.8, 51.4
2019-10-02, 12:04:09, 25.8, 51.4
2019-10-02, 12:04:19, 25.8, 51.4
2019-10-02, 12:04:29, 25.8, 51.4
2019-10-02, 12:04:39, 25.8, 51.4
2019-10-02, 12:04:49, 25.8, 51.4
2019-10-02, 12:04:59, 25.8, 51.4
2019-10-02, 12:05:09, 25.8, 51.4
2019-10-02, 12:05:20, 25.8, 51.4
2019-10-02, 12:05:30, 25.8, 51.4
2019-10-02, 12:05:40, 25.8, 51.4
2019-10-02, 12:05:50, 25.8, 51.4
2019-10-02, 12:06:00, 25.8, 51.4
2019-10-02, 12:06:10, 25.8, 51.4
2019-10-02, 12:06:20, 25.8, 51.4
2019-10-02, 12:06:30, 25.8, 51.4
2019-10-02, 12:06:41, 25.8, 51.4
2019-10-02, 12:06:51, 25.8, 51.4
2019-10-02, 12:07:01, 25.8, 51.4
2019-10-02, 12:07:11, 25.8, 51.4
2019-10-02, 12:07:21, 25.8, 51.4
2019-10-02, 12:07:31, 25.8, 51.4
2019-10-02, 12:07:41, 25.8, 51.4
2019-10-02, 12:07:52, 25.8, 51.4
2019-10-02, 12:08:02, 25.8, 51.4
2019-10-02, 12:08:12, 25.8, 51.4
2019-10-02, 12:08:22, 25.8, 51.4
2019-10-02, 12:08:32, 25.8, 51.4
2019-10-02, 12:08:42, 25.8, 51.4
2019-10-02, 12:08:52, 25.8, 51.4
2019-10-02, 12:09:03, 25.8, 51.4
2019-10-02, 12:09:13, 25.8, 51.4
2019-10-02, 12:09:23, 25.8, 51.4
2019-10-02, 12:09:33, 25.8, 51.4
2019-10-02, 12:09:43, 25.8, 51.4
2019-10-02, 12:09:53, 25.8, 51.4
2019-10-02, 12:10:03, 25.8, 51.4
2019-10-02, 12:10:14, 25.8, 51.4
2019-10-02, 12:10:24, 25.8, 51.4
2019-10-02, 12:10:34, 25.8, 51.4
2019-10-02, 12:10:44, 25.8, 51.4
2019-10-02, 12:10:54, 25.8, 51.4
2019-10-02, 12:11:04, 25.8, 51.4
2019-10-02, 12:11:14, 25.8, 51.4
2019-10-02, 12:11:25, 25.8, 51.4
2019-10-02, 12:11:35, 25.8, 51.4
2019-10-02, 12:11:45, 25.8, 51.4
2019-10-02, 12:11:55, 25.8, 51.4
2019-10-02, 12:12:05, 25.8, 51.4
2019-10-02, 12:12:15, 25.8, 51.4
2019-10-02, 12:12:25, 25.8, 51.4
2019-10-02, 12:12:35, 25.8, 51.4
2019-10-02, 12:12:46, 25.8, 51.4
2019-10-02, 12:12:56, 25.8, 51.4
2019-10-02, 12:13:06, 25.8, 51.4
2019-10-02, 12:13:16, 25.8, 51.4
2019-10-02, 12:13:26, 25.8, 51.4
2019-10-02, 12:13:37, 25.8, 51.4
2019-10-02, 12:13:47, 25.8, 51.4
2019-10-02, 12:13:57, 25.8, 51.4
2019-10-02, 12:14:07, 25.8, 51.4
2019-10-02, 12:14:17, 25.8, 51.4
2019-10-02, 12:14:27, 25.8, 51.4
2019-10-02, 12:14:37, 25.8, 51.4
2019-10-02, 12:14:47, 25.8, 51.4
2019-10-02, 12:14:58, 25.8, 51.4
2019-10-02, 12:15:08, 25.8, 51.4
2019-10-02, 12:15:18, 25.8, 51.4
2019-10-02, 12:15:28, 25.8, 51.4
2019-10-02, 12:15:38, 25.8, 51.4
2019-10-02, 12:15:48, 25.8, 51.4
2019-10-02, 12:15:58, 25.8, 51.4
2019-10-02, 12:16:09, 25.8, 51.4
2019-10-02, 12:16:19, 25.8, 51.4
2019-10-02, 12:16:29, 25.8, 51.4
2019-10-02, 12:16:39, 25.8, 51.4
2019-10-02, 12:16:49, 25.8, 51.4
2019-10-02, 12:16:59, 25.8, 51.4
2019-10-02, 12:17:09, 25.8, 51.4
2019-10-02, 12:17:20, 25.8, 51.4
2019-10-02, 12:17:30, 25.8, 51.4
2019-10-02, 12:17:40, 25.8, 51.4
2019-10-02, 12:17:50, 25.8, 51.4
2019-10-02, 12:18:00, 25.8, 51.4
2019-10-02, 12:18:10, 25.8, 51.4
2019-10-02, 12:18:20, 25.8, 51.4
2019-10-02, 12:18:31, 25.8, 51.4
2019-10-02, 12:18:41, 25.8, 51.4
2019-10-02, 12:18:51, 25.8, 51.4
2019-10-02, 12:19:01, 25.8, 51.4
2019-10-02, 12:19:11, 25.8, 51.4
2019-10-02, 12:19:21, 25.8, 51.4
2019-10-02, 12:19:31, 25.8, 51.4
2019-10-02, 12:19:42, 25.8, 51.4
2019-10-02, 12:19:52, 25.8, 51.4
2019-10-02, 12:20:02, 25.8, 51.4
2019-10-02, 12:20:12, 25.8, 51.4
2019-10-02, 12:20:22, 25.8, 51.4
2019-10-02, 12:20:32, 25.8, 51.4
2019-10-02, 12:20:42, 25.8, 51.4
2019-10-02, 12:20:53, 25.8, 51.4
2019-10-02, 12:21:03, 25.8, 51.4
2019-10-02, 12:21:13, 25.8, 51.4
2019-10-02, 12:21:23, 25.8, 51.4
2019-10-02, 12:21:33, 25.8, 51.4
2019-10-02, 12:21:43, 25.8, 51.4
2019-10-02, 12:21:53, 25.8, 51.4
2019-10-02, 12:22:03, 25.8, 51.4
2019-10-02, 12:22:15, 25.8, 51.4
2019-10-02, 12:22:25, 25.8, 51.4
2019-10-02, 12:22:35, 25.8, 51.4
2019-10-02, 12:22:45, 25.8, 51.4
2019-10-02, 12:22:55, 25.8, 51.4
2019-10-02, 12:23:05, 25.8, 51.4
2019-10-02, 12:23:15, 25.8, 51.4
2019-10-02, 12:23:26, 25.8, 51.4
2019-10-02, 12:23:36, 25.8, 51.4
2019-10-02, 12:23:46, 25.8, 51.4
2019-10-02, 12:23:56, 25.8, 51.4
2019-10-02, 12:24:06, 25.8, 51.4
2019-10-02, 12:24:16, 25.8, 51.4
2019-10-02, 12:24:26, 25.8, 51.4
2019-10-02, 12:24:37, 25.8, 51.4
2019-10-02, 12:24:47, 25.8, 51.4
2019-10-02, 12:24:57, 25.8, 51.4
2019-10-02, 12:25:07, 25.8, 51.4
2019-10-02, 12:25:17, 25.8, 51.4
2019-10-02, 12:25:27, 25.8, 51.4
2019-10-02, 12:25:37, 25.8, 51.4
2019-10-02, 12:25:48, 25.8, 51.4
2019-10-02, 12:25:58, 25.8, 51.4
2019-10-02, 12:26:08, 25.8, 51.4
2019-10-02, 12:26:18, 25.8, 51.4
2019-10-02, 12:26:28, 25.8, 51.4
2019-10-02, 12:26:38, 25.8, 51.4
2019-10-02, 12:26:48, 25.8, 51.4
2019-10-02, 12:26:59, 25.8, 51.4
2019-10-02, 12:27:09, 25.8, 51.4
2019-10-02, 12:27:19, 25.8, 51.4
2019-10-02, 12:27:29, 25.8, 51.4
2019-10-02, 12:27:39, 25.8, 51.4
2019-10-02, 12:27:49, 25.8, 51.4
2019-10-02, 12:28:00, 25.8, 51.4
2019-10-02, 12:28:10, 25.8, 51.4
2019-10-02, 12:28:20, 25.8, 51.4
2019-10-02, 12:28:30, 25.8, 51.4
2019-10-02, 12:28:40, 25.8, 51.4
2019-10-02, 12:28:50, 25.8, 51.4
2019-10-02, 12:29:00, 25.8, 51.4
2019-10-02, 12:29:10, 25.8, 51.4
2019-10-02, 12:29:21, 25.8, 51.4
2019-10-02, 12:29:31, 25.8, 51.4
2019-10-02, 12:29:41, 25.8, 51.4
2019-10-02, 12:29:51, 25.8, 51.4
2019-10-02, 12:30:01, 25.8, 51.4
2019-10-02, 12:30:11, 25.8, 51.4
2019-10-02, 12:30:21, 25.8, 51.4
2019-10-02, 12:30:32, 25.8, 51.4
2019-10-02, 12:30:42, 25.8, 51.4
2019-10-02, 12:30:52, 25.8, 51.4
2019-10-02, 12:31:02, 25.8, 51.4
2019-10-02, 12:31:12, 25.8, 51.4
2019-10-02, 12:31:22, 25.8, 51.4
2019-10-02, 12:31:32, 25.8, 51.4
2019-10-02, 12:31:42, 25.8, 51.4
2019-10-02, 12:31:53, 25.8, 51.4
2019-10-02, 12:32:03, 25.8, 51.4
2019-10-02, 12:32:13, 25.8, 51.4
2019-10-02, 12:32:23, 25.8, 51.4
2019-10-02, 12:32:33, 25.8, 51.4
2019-10-02, 12:32:43, 25.8, 51.4
2019-10-02, 12:32:53, 25.8, 51.4
2019-10-02, 12:33:03, 25.8, 51.4
2019-10-02, 12:33:14, 25.8, 51.4
2019-10-02, 12:33:24, 25.8, 51.4
2019-10-02, 12:33:34, 25.8, 51.4
2019-10-02, 12:33:44, 25.8, 51.4
2019-10-02, 12:33:54, 25.8, 51.4
2019-10-02, 12:34:04, 25.8, 51.4
2019-10-02, 12:34:14, 25.8, 51.4
2019-10-02, 12:34:25, 25.8, 51.4
2019-10-02, 12:34:35, 25.8, 51.4
2019-10-02, 12:34:45, 25.8, 51.4
2019-10-02, 12:34:55, 25.8, 51.4
2019-10-02, 12:35:05, 25.8, 51.4
2019-10-02, 12:35:15, 25.8, 51.4
2019-10-02, 12:35:25, 25.8, 51.4
2019-10-02, 12:35:36, 25.8, 51.4
2019-10-02, 12:35:46, 25.8, 51.4
2019-10-02, 12:35:56, 25.8, 51.4
2019-10-02, 12:36:06, 25.8, 51.4
2019-10-02, 12:36:16, 25.8, 51.4
2019-10-02, 12:36:26, 25.8, 51.4
2019-10-02, 12:36:36, 25.8, 51.4
2019-10-02, 12:36:46, 25.8, 51.4
2019-10-02, 12:36:57, 25.8, 51.4
2019-10-02, 12:37:07, 25.8, 51.4
2019-10-02, 12:37:17, 25.8, 51.4
2019-10-02, 12:37:27, 25.8, 51.4
2019-10-02, 12:37:37, 25.8, 51.4
2019-10-02, 12:37:47, 25.8, 51.4
2019-10-02, 12:37:57, 25.8, 51.4
2019-10-02, 12:38:08, 25.8, 51.4
2019-10-02, 12:38:18, 25.8, 51.4
2019-10-02, 12:38:28, 25.8, 51.4
2019-10-02, 12:38:38, 25.8, 51.4
2019-10-02, 12:38:48, 25.8, 51.4
2019-10-02, 12:38:58, 25.8, 51.4
2019-10-02, 12:39:08, 25.8, 51.4
2019-10-02, 12:39:19, 25.8, 51.4
2019-10-02, 12:39:29, 25.8, 51.4
2019-10-02, 12:39:39, 25.8, 51.4
2019-10-02, 12:39:49, 25.8, 51.4
2019-10-02, 12:39:59, 25.8, 51.4
2019-10-02, 12:40:09, 25.8, 51.4
2019-10-02, 12:40:19, 25.8, 51.4
2019-10-02, 12:40:30, 25.8, 51.4
2019-10-02, 12:40:40, 25.8, 51.4
2019-10-02, 12:40:50, 25.8, 51.4
2019-10-02, 12:41:00, 25.8, 51.4
2019-10-02, 12:41:10, 25.8, 51.4
2019-10-02, 12:41:20, 25.8, 51.4
2019-10-02, 12:41:30, 25.8, 51.4
2019-10-02, 12:41:41, 25.8, 51.4
2019-10-02, 12:41:51, 25.8, 51.4
2019-10-02, 12:42:01, 25.8, 51.4
2019-10-02, 12:42:11, 25.8, 51.4
2019-10-02, 12:42:21, 25.8, 51.4
2019-10-02, 12:42:31, 25.8, 51.4
2019-10-02, 12:42:41, 25.8, 51.4
2019-10-02, 12:42:51, 25.8, 51.4
2019-10-02, 12:43:02, 25.8, 51.4
2019-10-02, 12:43:12, 25.8, 51.4
2019-10-02, 12:43:22, 25.8, 51.4
2019-10-02, 12:43:32, 25.8, 51.4
2019-10-02, 12:43:42, 25.8, 51.4
2019-10-02, 12:43:52, 25.8, 51.4
2019-10-02, 12:44:02, 25.8, 51.4
2019-10-02, 12:44:13, 25.8, 51.4
2019-10-02, 12:44:23, 25.8, 51.4
2019-10-02, 12:44:33, 25.8, 51.4
2019-10-02, 12:44:43, 25.8, 51.4
2019-10-02, 12:44:53, 25.8, 51.4
2019-10-02, 12:45:03, 25.8, 51.4
2019-10-02, 12:45:13, 25.8, 51.4
2019-10-02, 12:45:24, 25.8, 51.4
2019-10-02, 12:45:34, 25.8, 51.4
2019-10-02, 12:45:44, 25.8, 51.4
2019-10-02, 12:45:54, 25.8, 51.4
2019-10-02, 12:46:04, 25.8, 51.4
2019-10-02, 12:46:15, 25.8, 51.4
2019-10-02, 12:46:25, 25.8, 51.4
2019-10-02, 12:46:36, 25.8, 51.4
2019-10-02, 12:46:46, 25.8, 51.4
2019-10-02, 12:46:56, 25.8, 51.4
2019-10-02, 12:47:06, 25.8, 51.4
2019-10-02, 12:47:16, 25.8, 51.4
2019-10-02, 12:47:26, 25.8, 51.4
2019-10-02, 12:47:36, 25.8, 51.4
2019-10-02, 12:47:47, 25.8, 51.4
2019-10-02, 12:47:57, 25.8, 51.4
2019-10-02, 12:48:07, 25.8, 51.4
2019-10-02, 12:48:17, 25.8, 51.4
2019-10-02, 12:48:27, 25.8, 51.4
2019-10-02, 12:48:37, 25.8, 51.4
2019-10-02, 12:48:48, 25.8, 51.4
2019-10-02, 12:48:58, 25.8, 51.4
2019-10-02, 12:49:08, 25.8, 51.4
2019-10-02, 12:49:18, 25.8, 51.4
2019-10-02, 12:49:28, 25.8, 51.4
2019-10-02, 12:49:38, 25.8, 51.4
2019-10-02, 12:49:48, 25.8, 51.4
2019-10-02, 12:49:59, 25.8, 51.4
2019-10-02, 12:50:09, 25.8, 51.4
2019-10-02, 12:50:19, 25.8, 51.4
2019-10-02, 12:50:29, 25.8, 51.4
2019-10-02, 12:50:39, 25.8, 51.4
2019-10-02, 12:50:49, 25.8, 51.4
2019-10-02, 12:50:59, 25.8, 51.4
2019-10-02, 12:51:10, 25.8, 51.4
2019-10-02, 12:51:20, 25.8, 51.4
2019-10-02, 12:51:30, 25.8, 51.4
2019-10-02, 12:51:40, 25.8, 51.4
2019-10-02, 12:51:50, 25.8, 51.4
2019-10-02, 12:52:00, 25.8, 51.4
2019-10-02, 12:52:10, 25.8, 51.4
2019-10-02, 12:52:21, 25.8, 51.4
2019-10-02, 12:52:31, 25.8, 51.4
2019-10-02, 12:52:41, 25.8, 51.4
2019-10-02, 12:52:51, 25.8, 51.4
2019-10-02, 12:53:01, 25.8, 51.4
2019-10-02, 12:53:11, 25.8, 51.4
2019-10-02, 12:53:21, 25.8, 51.4
2019-10-02, 12:53:31, 25.8, 51.4
2019-10-02, 12:53:42, 25.8, 51.4
2019-10-02, 12:53:52, 25.8, 51.4
2019-10-02, 12:54:02, 25.8, 51.4
2019-10-02, 12:54:12, 25.8, 51.4
2019-10-02, 12:54:22, 25.8, 51.4
2019-10-02, 12:54:32, 25.8, 51.4
2019-10-02, 12:54:42, 25.8, 51.4
2019-10-02, 12:54:53, 25.8, 51.4
2019-10-02, 12:55:03, 25.8, 51.4
2019-10-02, 12:55:13, 25.8, 51.4
2019-10-02, 12:55:23, 25.8, 51.4
2019-10-02, 12:55:33, 25.8, 51.4
2019-10-02, 12:55:43, 25.8, 51.4
2019-10-02, 12:55:53, 25.8, 51.4
2019-10-02, 12:56:04, 25.8, 51.4
2019-10-02, 12:56:14, 25.8, 51.4
2019-10-02, 12:56:24, 25.8, 51.4
2019-10-02, 12:56:34, 25.8, 51.4
2019-10-02, 12:56:44, 25.8, 51.4
2019-10-02, 12:56:54, 25.8, 51.4
2019-10-02, 12:57:04, 25.8, 51.4
2019-10-02, 12:57:15, 25.8, 51.4
2019-10-02, 12:57:25, 25.8, 51.4
2019-10-02, 12:57:35, 25.8, 51.4
2019-10-02, 12:57:45, 25.8, 51.4
2019-10-02, 12:57:55, 25.8, 51.4
2019-10-02, 12:58:05, 25.8, 51.4
2019-10-02, 12:58:15, 25.8, 51.4
2019-10-02, 12:58:25, 25.8, 51.4
2019-10-02, 12:58:36, 25.8, 51.4
2019-10-02, 12:58:46, 25.8, 51.4
2019-10-02, 12:58:56, 25.8, 51.4
2019-10-02, 12:59:06, 25.8, 51.4
2019-10-02, 12:59:16, 25.8, 51.4
2019-10-02, 12:59:26, 25.8, 51.4
2019-10-02, 12:59:36, 25.8, 51.4
2019-10-02, 12:59:47, 25.8, 51.4
2019-10-02, 12:59:57, 25.8, 51.4
2019-10-02, 13:00:07, 25.8, 51.4
2019-10-02, 13:00:17, 25.8, 51.4
2019-10-02, 13:00:27, 25.8, 51.4
2019-10-02, 13:00:37, 25.8, 51.4
2019-10-02, 13:00:48, 25.8, 51.4
2019-10-02, 13:00:58, 25.8, 51.4
2019-10-02, 13:01:08, 25.8, 51.4
2019-10-02, 13:01:18, 25.8, 51.4
2019-10-02, 13:01:28, 25.8, 51.4
2019-10-02, 13:01:38, 25.8, 51.4
2019-10-02, 13:01:48, 25.8, 51.4
2019-10-02, 13:01:59, 25.8, 51.4
2019-10-02, 13:02:09, 25.8, 51.4
2019-10-02, 13:02:19, 25.8, 51.4
2019-10-02, 13:02:29, 25.8, 51.4
2019-10-02, 13:02:39, 25.8, 51.4
2019-10-02, 13:02:49, 25.8, 51.4
2019-10-02, 13:02:59, 25.8, 51.4
2019-10-02, 13:03:10, 25.8, 51.4
2019-10-02, 13:03:20, 25.8, 51.4
2019-10-02, 13:03:30, 25.8, 51.4
2019-10-02, 13:03:40, 25.8, 51.4
2019-10-02, 13:03:50, 25.8, 51.4
2019-10-02, 13:04:00, 25.8, 51.4
2019-10-02, 13:04:10, 25.8, 51.4
2019-10-02, 13:04:21, 25.8, 51.4
2019-10-02, 13:04:31, 25.8, 51.4
2019-10-02, 13:04:41, 25.8, 51.4
2019-10-02, 13:04:51, 25.8, 51.4
2019-10-02, 13:05:04, 25.8, 51.4
2019-10-02, 13:05:14, 25.8, 51.4
2019-10-02, 13:05:24, 25.8, 51.4
2019-10-02, 13:05:34, 25.8, 51.4
2019-10-02, 13:05:45, 25.8, 51.4
2019-10-02, 13:05:55, 25.8, 51.4
2019-10-02, 13:06:05, 25.8, 51.4
2019-10-02, 13:06:15, 25.8, 51.4
2019-10-02, 13:06:25, 25.8, 51.4
2019-10-02, 13:06:35, 25.8, 51.4
2019-10-02, 13:06:45, 25.8, 51.4
2019-10-02, 13:06:56, 25.8, 51.4
2019-10-02, 13:07:06, 25.8, 51.4
2019-10-02, 13:07:16, 25.8, 51.4
2019-10-02, 13:07:26, 25.8, 51.4
2019-10-02, 13:07:36, 25.8, 51.4
2019-10-02, 13:07:46, 25.8, 51.4
2019-10-02, 13:07:56, 25.8, 51.4
2019-10-02, 13:08:07, 25.8, 51.4
2019-10-02, 13:08:17, 25.8, 51.4
2019-10-02, 13:08:27, 25.8, 51.4
2019-10-02, 13:08:37, 25.8, 51.4
2019-10-02, 13:08:47, 25.8, 51.4
2019-10-02, 13:08:57, 25.8, 51.4
2019-10-02, 13:09:07, 25.8, 51.4
2019-10-02, 13:09:18, 25.8, 51.4
2019-10-02, 13:09:28, 25.8, 51.4
2019-10-02, 13:09:38, 25.8, 51.4
2019-10-02, 13:09:48, 25.8, 51.4
2019-10-02, 13:09:58, 25.8, 51.4
2019-10-02, 13:10:08, 25.8, 51.4
2019-10-02, 13:10:18, 25.8, 51.4
2019-10-02, 13:10:28, 25.8, 51.4
2019-10-02, 13:10:39, 25.8, 51.4
2019-10-02, 13:10:49, 25.8, 51.4
2019-10-02, 13:10:59, 25.8, 51.4
2019-10-02, 13:11:09, 25.8, 51.4
2019-10-02, 13:11:19, 25.8, 51.4
2019-10-02, 13:11:29, 25.8, 51.4
2019-10-02, 13:11:39, 25.8, 51.4
2019-10-02, 13:11:50, 25.8, 51.4
2019-10-02, 13:12:00, 25.8, 51.4
2019-10-02, 13:12:10, 25.8, 51.4
2019-10-02, 13:12:20, 25.8, 51.4
2019-10-02, 13:12:30, 25.8, 51.4
2019-10-02, 13:12:40, 25.8, 51.4
2019-10-02, 13:12:50, 25.8, 51.4
2019-10-02, 13:13:01, 25.8, 51.4
2019-10-02, 13:13:11, 25.8, 51.4
2019-10-02, 13:13:21, 25.8, 51.4
2019-10-02, 13:13:31, 25.8, 51.4
2019-10-02, 13:13:41, 25.8, 51.4
2019-10-02, 13:13:51, 25.8, 51.4
2019-10-02, 13:14:01, 25.8, 51.4
2019-10-02, 13:14:12, 25.8, 51.4
2019-10-02, 13:14:22, 25.8, 51.4
2019-10-02, 13:14:32, 25.8, 51.4
2019-10-02, 13:14:42, 25.8, 51.4
2019-10-02, 13:14:52, 25.8, 51.4
2019-10-02, 13:15:02, 25.8, 51.4
2019-10-02, 13:15:12, 25.8, 51.4
2019-10-02, 13:15:23, 25.8, 51.4
2019-10-02, 13:15:33, 25.8, 51.4
2019-10-02, 13:15:43, 25.8, 51.4
2019-10-02, 13:15:53, 25.8, 51.4
2019-10-02, 13:16:03, 25.8, 51.4
2019-10-02, 13:16:13, 25.8, 51.4
2019-10-02, 13:16:23, 25.8, 51.4
2019-10-02, 13:16:34, 25.8, 51.4
2019-10-02, 13:16:44, 25.8, 51.4
2019-10-02, 13:16:54, 25.8, 51.4
2019-10-02, 13:17:04, 25.8, 51.4
2019-10-02, 13:17:14, 25.8, 51.4
2019-10-02, 13:17:24, 25.8, 51.4
2019-10-02, 13:17:35, 25.8, 51.4
2019-10-02, 13:17:45, 25.8, 51.4
2019-10-02, 13:17:55, 25.8, 51.4
2019-10-02, 13:18:05, 25.8, 51.4
2019-10-02, 13:18:15, 25.8, 51.4
2019-10-02, 13:18:25, 25.8, 51.4
2019-10-02, 13:18:35, 25.8, 51.4
2019-10-02, 13:18:46, 25.8, 51.4
2019-10-02, 13:18:56, 25.8, 51.4
2019-10-02, 13:19:06, 25.8, 51.4
2019-10-02, 13:19:16, 25.8, 51.4
2019-10-02, 13:19:26, 25.8, 51.4
2019-10-02, 13:19:36, 25.8, 51.4
2019-10-02, 13:19:46, 25.8, 51.4
2019-10-02, 13:19:57, 25.8, 51.4
2019-10-02, 13:20:07, 25.8, 51.4
2019-10-02, 13:20:17, 25.8, 51.4
2019-10-02, 13:20:27, 25.8, 51.4
2019-10-02, 13:20:37, 25.8, 51.4
2019-10-02, 13:20:47, 25.8, 51.4
2019-10-02, 13:20:57, 25.8, 51.4
2019-10-02, 13:21:07, 25.8, 51.4
2019-10-02, 13:21:18, 25.8, 51.4
2019-10-02, 13:21:28, 25.8, 51.4
2019-10-02, 13:21:38, 25.8, 51.4
2019-10-02, 13:21:48, 25.8, 51.4
2019-10-02, 13:21:58, 25.8, 51.4
2019-10-02, 13:22:08, 25.8, 51.4
2019-10-02, 13:22:18, 25.8, 51.4
2019-10-02, 13:22:29, 25.8, 51.4
2019-10-02, 13:22:39, 25.8, 51.4
2019-10-02, 13:22:49, 25.8, 51.4
2019-10-02, 13:22:59, 25.8, 51.4
2019-10-02, 13:23:09, 25.8, 51.4
2019-10-02, 13:23:19, 25.8, 51.4
2019-10-02, 13:23:29, 25.8, 51.4
2019-10-02, 13:23:40, 25.8, 51.4
2019-10-02, 13:23:50, 25.8, 51.4
2019-10-02, 13:24:00, 25.8, 51.4
2019-10-02, 13:24:10, 25.8, 51.4
2019-10-02, 13:24:20, 25.8, 51.4
2019-10-02, 13:24:30, 25.8, 51.4
2019-10-02, 13:24:40, 25.8, 51.4
2019-10-02, 13:24:51, 25.8, 51.4
2019-10-02, 13:25:01, 25.8, 51.4
2019-10-02, 13:25:11, 25.8, 51.4
2019-10-02, 13:25:21, 25.8, 51.4
2019-10-02, 13:25:31, 25.8, 51.4
2019-10-02, 13:25:41, 25.8, 51.4
2019-10-02, 13:25:51, 25.8, 51.4
2019-10-02, 13:26:01, 25.8, 51.4
2019-10-02, 13:26:12, 25.8, 51.4
2019-10-02, 13:26:22, 25.8, 51.4
2019-10-02, 13:26:32, 25.8, 51.4
2019-10-02, 13:26:42, 25.8, 51.4
2019-10-02, 13:26:52, 25.8, 51.4
2019-10-02, 13:27:02, 25.8, 51.4
2019-10-02, 13:27:12, 25.8, 51.4
2019-10-02, 13:27:23, 25.8, 51.4
2019-10-02, 13:27:33, 25.8, 51.4
2019-10-02, 13:27:43, 25.8, 51.4
2019-10-02, 13:27:53, 25.8, 51.4
2019-10-02, 13:28:03, 25.8, 51.4
2019-10-02, 13:28:13, 25.8, 51.4
2019-10-02, 13:28:23, 25.8, 51.4
2019-10-02, 13:28:33, 25.8, 51.4
2019-10-02, 13:28:44, 25.8, 51.4
2019-10-02, 13:28:54, 25.8, 51.4
2019-10-02, 13:29:04, 25.8, 51.4
2019-10-02, 13:29:14, 25.8, 51.4
2019-10-02, 13:29:24, 25.8, 51.4
2019-10-02, 13:29:34, 25.8, 51.4
2019-10-02, 13:29:44, 25.8, 51.4
2019-10-02, 13:29:55, 25.8, 51.4
2019-10-02, 13:30:05, 25.8, 51.4
2019-10-02, 13:30:15, 25.8, 51.4
2019-10-02, 13:30:25, 25.8, 51.4
2019-10-02, 13:30:35, 25.8, 51.4
2019-10-02, 13:30:45, 25.8, 51.4
2019-10-02, 13:30:56, 25.8, 51.4
2019-10-02, 13:31:06, 25.8, 51.4
2019-10-02, 13:31:16, 25.8, 51.4
2019-10-02, 13:31:26, 25.8, 51.4
2019-10-02, 13:31:36, 25.8, 51.4
2019-10-02, 13:31:46, 25.8, 51.4
2019-10-02, 13:31:57, 25.8, 51.4
2019-10-02, 13:32:07, 25.8, 51.4
2019-10-02, 13:32:17, 25.8, 51.4
2019-10-02, 13:32:27, 25.8, 51.4
2019-10-02, 13:32:37, 25.8, 51.4
2019-10-02, 13:32:47, 25.8, 51.4
2019-10-02, 13:32:57, 25.8, 51.4
2019-10-02, 13:33:08, 25.8, 51.4
2019-10-02, 13:33:18, 25.8, 51.4
2019-10-02, 13:33:28, 25.8, 51.4
2019-10-02, 13:33:38, 25.8, 51.4
2019-10-02, 13:33:48, 25.8, 51.4
2019-10-02, 13:33:58, 25.8, 51.4
2019-10-02, 13:34:08, 25.8, 51.4
2019-10-02, 13:34:18, 25.8, 51.4
2019-10-02, 13:34:29, 25.8, 51.4
2019-10-02, 13:34:39, 25.8, 51.4
2019-10-02, 13:34:49, 25.8, 51.4
2019-10-02, 13:34:59, 25.8, 51.4
2019-10-02, 13:35:09, 25.8, 51.4
2019-10-02, 13:35:19, 25.8, 51.4
2019-10-02, 13:35:29, 25.8, 51.4
2019-10-02, 13:35:40, 25.8, 51.4
2019-10-02, 13:35:50, 25.8, 51.4
2019-10-02, 13:36:00, 25.8, 51.4
2019-10-02, 13:36:10, 25.8, 51.4
2019-10-02, 13:36:20, 25.8, 51.4
2019-10-02, 13:36:30, 25.8, 51.4
2019-10-02, 13:36:40, 25.8, 51.4
2019-10-02, 13:36:50, 25.8, 51.4
2019-10-02, 13:37:01, 25.8, 51.4
2019-10-02, 13:37:11, 25.8, 51.4
2019-10-02, 13:37:21, 25.8, 51.4
2019-10-02, 13:37:31, 25.8, 51.4
2019-10-02, 13:37:41, 25.8, 51.4
2019-10-02, 13:37:51, 25.8, 51.4
2019-10-02, 13:38:01, 25.8, 51.4
2019-10-02, 13:38:12, 25.8, 51.4
2019-10-02, 13:38:22, 25.8, 51.4
2019-10-02, 13:38:32, 25.8, 51.4
2019-10-02, 13:38:42, 25.8, 51.4
2019-10-02, 13:38:52, 25.8, 51.4
2019-10-02, 13:39:02, 25.8, 51.4
2019-10-02, 13:39:12, 25.8, 51.4
2019-10-02, 13:39:22, 25.8, 51.4
2019-10-02, 13:39:33, 25.8, 51.4
2019-10-02, 13:39:43, 25.8, 51.4
2019-10-02, 13:39:53, 25.8, 51.4
2019-10-02, 13:40:03, 25.8, 51.4
2019-10-02, 13:40:13, 25.8, 51.4
2019-10-02, 13:40:23, 25.8, 51.4
2019-10-02, 13:40:33, 25.8, 51.4
2019-10-02, 13:40:44, 25.8, 51.4
2019-10-02, 13:40:54, 25.8, 51.4
2019-10-02, 13:41:04, 25.8, 51.4
2019-10-02, 13:41:14, 25.8, 51.4
2019-10-02, 13:41:24, 25.8, 51.4
2019-10-02, 13:41:34, 25.8, 51.4
2019-10-02, 13:41:45, 25.8, 51.4
2019-10-02, 13:41:55, 25.8, 51.4
2019-10-02, 13:42:05, 25.8, 51.4
2019-10-02, 13:42:15, 25.8, 51.4
2019-10-02, 13:42:25, 25.8, 51.4
2019-10-02, 13:42:35, 25.8, 51.4
2019-10-02, 13:42:45, 25.8, 51.4
2019-10-02, 13:42:56, 25.8, 51.4
2019-10-02, 13:43:06, 25.8, 51.4
2019-10-02, 13:43:16, 25.8, 51.4
2019-10-02, 13:43:26, 25.8, 51.4
2019-10-02, 13:43:36, 25.8, 51.4
2019-10-02, 13:43:46, 25.8, 51.4
2019-10-02, 13:43:56, 25.8, 51.4
2019-10-02, 13:44:07, 25.8, 51.4
2019-10-02, 13:44:17, 25.8, 51.4
2019-10-02, 13:44:27, 25.8, 51.4
2019-10-02, 13:44:37, 25.8, 51.4
2019-10-02, 13:44:47, 25.8, 51.4
2019-10-02, 13:44:57, 25.8, 51.4
2019-10-02, 13:45:07, 25.8, 51.4
2019-10-02, 13:45:17, 25.8, 51.4
2019-10-02, 13:45:28, 25.8, 51.4
2019-10-02, 13:45:38, 25.8, 51.4
2019-10-02, 13:45:48, 25.8, 51.4
2019-10-02, 13:45:58, 25.8, 51.4
2019-10-02, 13:46:08, 25.8, 51.4
2019-10-02, 13:46:18, 25.8, 51.4
2019-10-02, 13:46:28, 25.8, 51.4
2019-10-02, 13:46:39, 25.8, 51.4
2019-10-02, 13:46:49, 25.8, 51.4
2019-10-02, 13:46:59, 25.8, 51.4
2019-10-02, 13:47:09, 25.8, 51.4
2019-10-02, 13:47:19, 25.8, 51.4
2019-10-02, 13:47:29, 25.8, 51.4
2019-10-02, 13:47:39, 25.8, 51.4
2019-10-02, 13:47:50, 25.8, 51.4
2019-10-02, 13:48:00, 25.8, 51.4
2019-10-02, 13:48:10, 25.8, 51.4
2019-10-02, 13:48:20, 25.8, 51.4
2019-10-02, 13:48:30, 25.8, 51.4
2019-10-02, 13:48:40, 25.8, 51.4
2019-10-02, 13:48:51, 25.8, 51.4
2019-10-02, 13:49:01, 25.8, 51.4
2019-10-02, 13:49:11, 25.8, 51.4
2019-10-02, 13:49:21, 25.8, 51.4
2019-10-02, 13:49:31, 25.8, 51.4
2019-10-02, 13:49:41, 25.8, 51.4
2019-10-02, 13:49:51, 25.8, 51.4
2019-10-02, 13:50:02, 25.8, 51.4
2019-10-02, 13:50:12, 25.8, 51.4
2019-10-02, 13:50:22, 25.8, 51.4
2019-10-02, 13:50:32, 25.8, 51.4
2019-10-02, 13:50:42, 25.8, 51.4
2019-10-02, 13:50:52, 25.8, 51.4
2019-10-02, 13:51:02, 25.8, 51.4
2019-10-02, 13:51:12, 25.8, 51.4
2019-10-02, 13:51:23, 25.8, 51.4
2019-10-02, 13:51:33, 25.8, 51.4
2019-10-02, 13:51:43, 25.8, 51.4
2019-10-02, 13:51:53, 25.8, 51.4
2019-10-02, 13:52:03, 25.8, 51.4
2019-10-02, 13:52:13, 25.8, 51.4
2019-10-02, 13:52:23, 25.8, 51.4
2019-10-02, 13:52:35, 25.8, 51.4
2019-10-02, 13:52:45, 25.8, 51.4
2019-10-02, 13:52:55, 25.8, 51.4
2019-10-02, 13:53:05, 25.8, 51.4
2019-10-02, 13:53:15, 25.8, 51.4
2019-10-02, 13:53:25, 25.8, 51.4
2019-10-02, 13:53:35, 25.8, 51.4
2019-10-02, 13:53:46, 25.8, 51.4
2019-10-02, 13:53:56, 25.8, 51.4
2019-10-02, 13:54:06, 25.8, 51.4
2019-10-02, 13:54:16, 25.8, 51.4
2019-10-02, 13:54:26, 25.8, 51.4
2019-10-02, 13:54:36, 25.8, 51.4
2019-10-02, 13:54:46, 25.8, 51.4
2019-10-02, 13:54:57, 25.8, 51.4
2019-10-02, 13:55:07, 25.8, 51.4
2019-10-02, 13:55:17, 25.8, 51.4
2019-10-02, 13:55:27, 25.8, 51.4
2019-10-02, 13:55:37, 25.8, 51.4
2019-10-02, 13:55:47, 25.8, 51.4
2019-10-02, 13:55:57, 25.8, 51.4
2019-10-02, 13:56:08, 25.8, 51.4
2019-10-02, 13:56:18, 25.8, 51.4
2019-10-02, 13:56:28, 25.8, 51.4
2019-10-02, 13:56:38, 25.8, 51.4
2019-10-02, 13:56:48, 25.8, 51.4
2019-10-02, 13:56:58, 25.8, 51.4
2019-10-02, 13:57:08, 25.8, 51.4
2019-10-02, 13:57:19, 25.8, 51.4
2019-10-02, 13:57:29, 25.8, 51.4
2019-10-02, 13:57:39, 25.8, 51.4
2019-10-02, 13:57:49, 25.8, 51.4
2019-10-02, 13:57:59, 25.8, 51.4
2019-10-02, 13:58:09, 25.8, 51.4
2019-10-02, 13:58:19, 25.8, 51.4
2019-10-02, 13:58:29, 25.8, 51.4
2019-10-02, 13:58:40, 25.8, 51.4
2019-10-02, 13:58:50, 25.8, 51.4
2019-10-02, 13:59:00, 25.8, 51.4
2019-10-02, 13:59:10, 25.8, 51.4
2019-10-02, 13:59:20, 25.8, 51.4
2019-10-02, 13:59:30, 25.8, 51.4
2019-10-02, 13:59:40, 25.8, 51.4
2019-10-02, 13:59:51, 25.8, 51.4
2019-10-02, 14:00:01, 25.8, 51.4
2019-10-02, 14:00:11, 25.8, 51.4
2019-10-02, 14:00:21, 25.8, 51.4
2019-10-02, 14:00:31, 25.8, 51.4
2019-10-02, 14:00:41, 25.8, 51.4
2019-10-02, 14:00:51, 25.8, 51.4
2019-10-02, 14:01:02, 25.8, 51.4
2019-10-02, 14:01:12, 25.8, 51.4
2019-10-02, 14:01:22, 25.8, 51.4
2019-10-02, 14:01:32, 25.8, 51.4
2019-10-02, 14:01:42, 25.8, 51.4
2019-10-02, 14:01:52, 25.8, 51.4
2019-10-02, 14:02:03, 25.8, 51.4
2019-10-02, 14:02:13, 25.8, 51.4
2019-10-02, 14:02:23, 25.8, 51.4
2019-10-02, 14:02:33, 25.8, 51.4
2019-10-02, 14:02:43, 25.8, 51.4
2019-10-02, 14:02:53, 25.8, 51.4
2019-10-02, 14:03:03, 25.8, 51.4
2019-10-02, 14:03:14, 25.8, 51.4
2019-10-02, 14:03:24, 25.8, 51.4
2019-10-02, 14:03:34, 25.8, 51.4
2019-10-02, 14:03:44, 25.8, 51.4
2019-10-02, 14:03:54, 25.8, 51.4
2019-10-02, 14:04:04, 25.8, 51.4
2019-10-02, 14:04:14, 25.8, 51.4
2019-10-02, 14:04:24, 25.8, 51.4
2019-10-02, 14:04:35, 25.8, 51.4
2019-10-02, 14:04:45, 25.8, 51.4
2019-10-02, 14:04:55, 25.8, 51.4
2019-10-02, 14:05:05, 25.8, 51.4
2019-10-02, 14:05:15, 25.8, 51.4
2019-10-02, 14:05:26, 25.8, 51.4
2019-10-02, 14:05:36, 25.8, 51.4
2019-10-02, 14:05:46, 25.8, 51.4
2019-10-02, 14:05:56, 25.8, 51.4
2019-10-02, 14:06:06, 25.8, 51.4
2019-10-02, 14:06:16, 25.8, 51.4
2019-10-02, 14:06:26, 25.8, 51.4
2019-10-02, 14:06:37, 25.8, 51.4
2019-10-02, 14:06:47, 25.8, 51.4
2019-10-02, 14:06:57, 25.8, 51.4
2019-10-02, 14:07:07, 25.8, 51.4
2019-10-02, 14:07:17, 25.8, 51.4
2019-10-02, 14:07:27, 25.8, 51.4
2019-10-02, 14:07:37, 25.8, 51.4
2019-10-02, 14:07:48, 25.8, 51.4
2019-10-02, 14:07:58, 25.8, 51.4
2019-10-02, 14:08:08, 25.8, 51.4
2019-10-02, 14:08:18, 25.8, 51.4
2019-10-02, 14:08:28, 25.8, 51.4
2019-10-02, 14:08:38, 25.8, 51.4
2019-10-02, 14:08:48, 25.8, 51.4
2019-10-02, 14:08:58, 25.8, 51.4
2019-10-02, 14:09:09, 25.8, 51.4
2019-10-02, 14:09:19, 25.8, 51.4
2019-10-02, 14:09:29, 25.8, 51.4
2019-10-02, 14:09:39, 25.8, 51.4
2019-10-02, 14:09:49, 25.8, 51.4
2019-10-02, 14:09:59, 25.8, 51.4
2019-10-02, 14:10:09, 25.8, 51.4
2019-10-02, 14:10:20, 25.8, 51.4
2019-10-02, 14:10:30, 25.8, 51.4
2019-10-02, 14:10:40, 25.8, 51.4
2019-10-02, 14:10:50, 25.8, 51.4
2019-10-02, 14:11:00, 25.8, 51.4
2019-10-02, 14:11:10, 25.8, 51.4
2019-10-02, 14:11:20, 25.8, 51.4
2019-10-02, 14:11:30, 25.8, 51.4
2019-10-02, 14:11:41, 25.8, 51.4
2019-10-02, 14:11:51, 25.8, 51.4
2019-10-02, 14:12:01, 25.8, 51.4
2019-10-02, 14:12:11, 25.8, 51.4
2019-10-02, 14:12:21, 25.8, 51.4
2019-10-02, 14:12:31, 25.8, 51.4
2019-10-02, 14:12:41, 25.8, 51.4
2019-10-02, 14:12:52, 25.8, 51.4
2019-10-02, 14:13:02, 25.8, 51.4
2019-10-02, 14:13:12, 25.8, 51.4
2019-10-02, 14:13:22, 25.8, 51.4
2019-10-02, 14:13:32, 25.8, 51.4
2019-10-02, 14:13:42, 25.8, 51.4
2019-10-02, 14:13:52, 25.8, 51.4
2019-10-02, 14:14:02, 25.8, 51.4
2019-10-02, 14:14:13, 25.8, 51.4
2019-10-02, 14:14:23, 25.8, 51.4
2019-10-02, 14:14:33, 25.8, 51.4
2019-10-02, 14:14:43, 25.8, 51.4
2019-10-02, 14:14:53, 25.8, 51.4
2019-10-02, 14:15:03, 25.8, 51.4
2019-10-02, 14:15:14, 25.8, 51.4
2019-10-02, 14:15:24, 25.8, 51.4
2019-10-02, 14:15:34, 25.8, 51.4
2019-10-02, 14:15:44, 25.8, 51.4
2019-10-02, 14:15:54, 25.8, 51.4
2019-10-02, 14:16:04, 25.8, 51.4
2019-10-02, 14:16:14, 25.8, 51.4
2019-10-02, 14:16:25, 25.8, 51.4
2019-10-02, 14:16:35, 25.8, 51.4
2019-10-02, 14:16:45, 25.8, 51.4
2019-10-02, 14:16:55, 25.8, 51.4
2019-10-02, 14:17:05, 25.8, 51.4
2019-10-02, 14:17:15, 25.8, 51.4
2019-10-02, 14:17:25, 25.8, 51.4
2019-10-02, 14:17:35, 25.8, 51.4
2019-10-02, 14:17:46, 25.8, 51.4
2019-10-02, 14:17:56, 25.8, 51.4
2019-10-02, 14:18:06, 25.8, 51.4
2019-10-02, 14:18:16, 25.8, 51.4
2019-10-02, 14:18:26, 25.8, 51.4
2019-10-02, 14:18:36, 25.8, 51.4
2019-10-02, 14:18:47, 25.8, 51.4
2019-10-02, 14:18:57, 25.8, 51.4
2019-10-02, 14:19:07, 25.8, 51.4
2019-10-02, 14:19:17, 25.8, 51.4
2019-10-02, 14:19:27, 25.8, 51.4
2019-10-02, 14:19:38, 25.8, 51.4
2019-10-02, 14:19:48, 25.8, 51.4
2019-10-02, 14:19:58, 25.8, 51.4
2019-10-02, 14:20:08, 25.8, 51.4
2019-10-02, 14:20:18, 25.8, 51.4
2019-10-02, 14:20:28, 25.8, 51.4
2019-10-02, 14:20:38, 25.8, 51.4
2019-10-02, 14:20:48, 25.8, 51.4
2019-10-02, 14:20:59, 25.8, 51.4
2019-10-02, 14:21:09, 25.8, 51.4
2019-10-02, 14:21:19, 25.8, 51.4
2019-10-02, 14:21:29, 25.8, 51.4
2019-10-02, 14:21:39, 25.8, 51.4
2019-10-02, 14:21:49, 25.8, 51.4
2019-10-02, 14:21:59, 25.8, 51.4
2019-10-02, 14:22:10, 25.8, 51.4
2019-10-02, 14:22:20, 25.8, 51.4
2019-10-02, 14:22:30, 25.8, 51.4
2019-10-02, 14:22:40, 25.8, 51.4
2019-10-02, 14:22:50, 25.8, 51.4
2019-10-02, 14:23:00, 25.8, 51.4
2019-10-02, 14:23:10, 25.8, 51.4
2019-10-02, 14:23:20, 25.8, 51.4
2019-10-02, 14:23:31, 25.8, 51.4
2019-10-02, 14:23:41, 25.8, 51.4
2019-10-02, 14:23:51, 25.8, 51.4
2019-10-02, 14:24:01, 25.8, 51.4
2019-10-02, 14:24:11, 25.8, 51.4
2019-10-02, 14:24:21, 25.8, 51.4
2019-10-02, 14:24:32, 25.8, 51.4
2019-10-02, 14:24:42, 25.8, 51.4
2019-10-02, 14:24:52, 25.8, 51.4
2019-10-02, 14:25:02, 25.8, 51.4
2019-10-02, 14:25:12, 25.8, 51.4
2019-10-02, 14:25:22, 25.8, 51.4
2019-10-02, 14:25:32, 25.8, 51.4
2019-10-02, 14:25:43, 25.8, 51.4
2019-10-02, 14:25:53, 25.8, 51.4
2019-10-02, 14:26:03, 25.8, 51.4
2019-10-02, 14:26:13, 25.8, 51.4
2019-10-02, 14:26:23, 25.8, 51.4
2019-10-02, 14:26:33, 25.8, 51.4
2019-10-02, 14:26:43, 25.8, 51.4
2019-10-02, 14:26:53, 25.8, 51.4
2019-10-02, 14:27:04, 25.8, 51.4
2019-10-02, 14:27:14, 25.8, 51.4
2019-10-02, 14:27:24, 25.8, 51.4
2019-10-02, 14:27:34, 25.8, 51.4
2019-10-02, 14:27:44, 25.8, 51.4
2019-10-02, 14:27:54, 25.8, 51.4
2019-10-02, 14:28:04, 25.8, 51.4
2019-10-02, 14:28:15, 25.8, 51.4
2019-10-02, 14:28:25, 25.8, 51.4
2019-10-02, 14:28:35, 25.8, 51.4
2019-10-02, 14:28:45, 25.8, 51.4
2019-10-02, 14:28:55, 25.8, 51.4
2019-10-02, 14:29:05, 25.8, 51.4
2019-10-02, 14:29:15, 25.8, 51.4
2019-10-02, 14:29:25, 25.8, 51.4
2019-10-02, 14:29:36, 25.8, 51.4
2019-10-02, 14:29:46, 25.8, 51.4
2019-10-02, 14:29:56, 25.8, 51.4
2019-10-02, 14:30:06, 25.8, 51.4
2019-10-02, 14:30:16, 25.8, 51.4
2019-10-02, 14:30:26, 25.8, 51.4
2019-10-02, 14:30:36, 25.8, 51.4
2019-10-02, 14:30:47, 25.8, 51.4
2019-10-02, 14:30:57, 25.8, 51.4
2019-10-02, 14:31:07, 25.8, 51.4
2019-10-02, 14:31:17, 25.8, 51.4
2019-10-02, 14:31:27, 25.8, 51.4
2019-10-02, 14:31:37, 25.8, 51.4
2019-10-02, 14:31:47, 25.8, 51.4
2019-10-02, 14:31:57, 25.8, 51.4
2019-10-02, 14:32:08, 25.8, 51.4
2019-10-02, 14:32:18, 25.8, 51.4
2019-10-02, 14:32:28, 25.8, 51.4
2019-10-02, 14:32:38, 25.8, 51.4
2019-10-02, 14:32:48, 25.8, 51.4
2019-10-02, 14:32:58, 25.8, 51.4
2019-10-02, 14:33:09, 25.8, 51.4
2019-10-02, 14:33:19, 25.8, 51.4
2019-10-02, 14:33:29, 25.8, 51.4
2019-10-02, 14:33:39, 25.8, 51.4
2019-10-02, 14:33:49, 25.8, 51.4
2019-10-02, 14:33:59, 25.8, 51.4
2019-10-02, 14:34:09, 25.8, 51.4
2019-10-02, 14:34:20, 25.8, 51.4
2019-10-02, 14:34:30, 25.8, 51.4
2019-10-02, 14:34:40, 25.8, 51.4
2019-10-02, 14:34:50, 25.8, 51.4
2019-10-02, 14:35:00, 25.8, 51.4
2019-10-02, 14:35:10, 25.8, 51.4
2019-10-02, 14:35:20, 25.8, 51.4
2019-10-02, 14:35:30, 25.8, 51.4
2019-10-02, 14:35:41, 25.8, 51.4
2019-10-02, 14:35:51, 25.8, 51.4
2019-10-02, 14:36:01, 25.8, 51.4
2019-10-02, 14:36:11, 25.8, 51.4
2019-10-02, 14:36:21, 25.8, 51.4
2019-10-02, 14:36:31, 25.8, 51.4
2019-10-02, 14:36:41, 25.8, 51.4
2019-10-02, 14:36:52, 25.8, 51.4
2019-10-02, 14:37:02, 25.8, 51.4
2019-10-02, 14:37:12, 25.8, 51.4
2019-10-02, 14:37:22, 25.8, 51.4
2019-10-02, 14:37:32, 25.8, 51.4
2019-10-02, 14:37:42, 25.8, 51.4
2019-10-02, 14:37:52, 25.8, 51.4
2019-10-02, 14:38:02, 25.8, 51.4
2019-10-02, 14:38:13, 25.8, 51.4
2019-10-02, 14:38:23, 25.8, 51.4
2019-10-02, 14:38:33, 25.8, 51.4
2019-10-02, 14:38:43, 25.8, 51.4
2019-10-02, 14:38:53, 25.8, 51.4
2019-10-02, 14:39:03, 25.8, 51.4
2019-10-02, 14:39:13, 25.8, 51.4
2019-10-02, 14:39:24, 25.8, 51.4
2019-10-02, 14:39:34, 25.8, 51.4
2019-10-02, 14:39:44, 25.8, 51.4
2019-10-02, 14:39:54, 25.8, 51.4
2019-10-02, 14:40:04, 25.8, 51.4
2019-10-02, 14:40:14, 25.8, 51.4
2019-10-02, 14:40:24, 25.8, 51.4
2019-10-02, 14:40:34, 25.8, 51.4
2019-10-02, 14:40:45, 25.8, 51.4
2019-10-02, 14:40:55, 25.8, 51.4
2019-10-02, 14:41:05, 25.8, 51.4
2019-10-02, 14:41:15, 25.8, 51.4
2019-10-02, 14:41:25, 25.8, 51.4
2019-10-02, 14:41:35, 25.8, 51.4
2019-10-02, 14:41:46, 25.8, 51.4
2019-10-02, 14:41:56, 25.8, 51.4
2019-10-02, 14:42:06, 25.8, 51.4
2019-10-02, 14:42:16, 25.8, 51.4
2019-10-02, 14:42:26, 25.8, 51.4
2019-10-02, 14:42:36, 25.8, 51.4
2019-10-02, 14:42:46, 25.8, 51.4
2019-10-02, 14:42:56, 25.8, 51.4
2019-10-02, 14:43:07, 25.8, 51.4
2019-10-02, 14:43:17, 25.8, 51.4
2019-10-02, 14:43:27, 25.8, 51.4
2019-10-02, 14:43:37, 25.8, 51.4
2019-10-02, 14:43:47, 25.8, 51.4
2019-10-02, 14:43:57, 25.8, 51.4
2019-10-02, 14:44:07, 25.8, 51.4
2019-10-02, 14:44:18, 25.8, 51.4
2019-10-02, 14:44:28, 25.8, 51.4
2019-10-02, 14:44:38, 25.8, 51.4
2019-10-02, 14:44:48, 25.8, 51.4
2019-10-02, 14:44:58, 25.8, 51.4
2019-10-02, 14:45:08, 25.8, 51.4
2019-10-02, 14:45:18, 25.8, 51.4
2019-10-02, 14:45:28, 25.8, 51.4
2019-10-02, 14:45:39, 25.8, 51.4
2019-10-02, 14:45:49, 25.8, 51.4
2019-10-02, 14:45:59, 25.8, 51.4
2019-10-02, 14:46:09, 25.8, 51.4
2019-10-02, 14:46:19, 25.8, 51.4
2019-10-02, 14:46:29, 25.8, 51.4
2019-10-02, 14:46:40, 25.8, 51.4
2019-10-02, 14:46:50, 25.8, 51.4
2019-10-02, 14:47:00, 25.8, 51.4
2019-10-02, 14:47:10, 25.8, 51.4
2019-10-02, 14:47:20, 25.8, 51.4
2019-10-02, 14:47:30, 25.8, 51.4
2019-10-02, 14:47:40, 25.8, 51.4
2019-10-02, 14:47:51, 25.8, 51.4
2019-10-02, 14:48:01, 25.8, 51.4
2019-10-02, 14:48:11, 25.8, 51.4
2019-10-02, 14:48:21, 25.8, 51.4
2019-10-02, 14:48:31, 25.8, 51.4
2019-10-02, 14:48:41, 25.8, 51.4
2019-10-02, 14:48:51, 25.8, 51.4
2019-10-02, 14:49:04, 25.8, 51.4
2019-10-02, 14:49:14, 25.8, 51.4
2019-10-02, 14:49:25, 25.8, 51.4
2019-10-02, 14:49:35, 25.8, 51.4
2019-10-02, 14:49:45, 25.8, 51.4
2019-10-02, 14:49:55, 25.8, 51.4
2019-10-02, 14:50:05, 25.8, 51.4
2019-10-02, 14:50:15, 25.8, 51.4
2019-10-02, 14:50:26, 25.8, 51.4
2019-10-02, 14:50:36, 25.8, 51.4
2019-10-02, 14:50:46, 25.8, 51.4
2019-10-02, 14:50:56, 25.8, 51.4
2019-10-02, 14:51:06, 25.8, 51.4
2019-10-02, 14:51:16, 25.8, 51.4
2019-10-02, 14:51:27, 25.8, 51.4
2019-10-02, 14:51:37, 25.8, 51.4
2019-10-02, 14:51:47, 25.8, 51.4
2019-10-02, 14:51:57, 25.8, 51.4
2019-10-02, 14:52:07, 25.8, 51.4
2019-10-02, 14:52:17, 25.8, 51.4
2019-10-02, 14:52:27, 25.8, 51.4
2019-10-02, 14:52:38, 25.8, 51.4
2019-10-02, 14:52:48, 25.8, 51.4
2019-10-02, 14:52:58, 25.8, 51.4
2019-10-02, 14:53:08, 25.8, 51.4
2019-10-02, 14:53:18, 25.8, 51.4
2019-10-02, 14:53:28, 25.8, 51.4
2019-10-02, 14:53:38, 25.8, 51.4
2019-10-02, 14:53:49, 25.8, 51.4
2019-10-02, 14:53:59, 25.8, 51.4
2019-10-02, 14:54:09, 25.8, 51.4
2019-10-02, 14:54:19, 25.8, 51.4
2019-10-02, 14:54:29, 25.8, 51.4
2019-10-02, 14:54:39, 25.8, 51.4
2019-10-02, 14:54:49, 25.8, 51.4
2019-10-02, 14:55:00, 25.8, 51.4
2019-10-02, 14:55:10, 25.8, 51.4
2019-10-02, 14:55:20, 25.8, 51.4
2019-10-02, 14:55:30, 25.8, 51.4
2019-10-02, 14:55:40, 25.8, 51.4
2019-10-02, 14:55:50, 25.8, 51.4
2019-10-02, 14:56:00, 25.8, 51.4
2019-10-02, 14:56:11, 25.8, 51.4
2019-10-02, 14:56:21, 25.8, 51.4
2019-10-02, 14:56:31, 25.8, 51.4
2019-10-02, 14:56:41, 25.8, 51.4
2019-10-02, 14:56:51, 25.8, 51.4
2019-10-02, 14:57:01, 25.8, 51.4
2019-10-02, 14:57:11, 25.8, 51.4
2019-10-02, 14:57:21, 25.8, 51.4
2019-10-02, 14:57:32, 25.8, 51.4
2019-10-02, 14:57:42, 25.8, 51.4
2019-10-02, 14:57:52, 25.8, 51.4
2019-10-02, 14:58:02, 25.8, 51.4
2019-10-02, 14:58:12, 25.8, 51.4
2019-10-02, 14:58:22, 25.8, 51.4
2019-10-02, 14:58:32, 25.8, 51.4
2019-10-02, 14:58:43, 25.8, 51.4
2019-10-02, 14:58:53, 25.8, 51.4
2019-10-02, 14:59:03, 25.8, 51.4
2019-10-02, 14:59:13, 25.8, 51.4
2019-10-02, 14:59:23, 25.8, 51.4
2019-10-02, 14:59:34, 25.8, 51.4
2019-10-02, 14:59:44, 25.8, 51.4
2019-10-02, 14:59:54, 25.8, 51.4
2019-10-02, 15:00:04, 25.8, 51.4
2019-10-02, 15:00:14, 25.8, 51.4
2019-10-02, 15:00:24, 25.8, 51.4
2019-10-02, 15:00:34, 25.8, 51.4
2019-10-02, 15:00:44, 25.8, 51.4
2019-10-02, 15:00:55, 25.8, 51.4
2019-10-02, 15:01:05, 25.8, 51.4
2019-10-02, 15:01:15, 25.8, 51.4
2019-10-02, 15:01:25, 25.8, 51.4
2019-10-02, 15:01:35, 25.8, 51.4
2019-10-02, 15:01:45, 25.8, 51.4
2019-10-02, 15:01:56, 25.8, 51.4
2019-10-02, 15:02:06, 25.8, 51.4
2019-10-02, 15:02:16, 25.8, 51.4
2019-10-02, 15:02:26, 25.8, 51.4
2019-10-02, 15:02:36, 25.8, 51.4
2019-10-02, 15:02:46, 25.8, 51.4
2019-10-02, 15:02:56, 25.8, 51.4
2019-10-02, 15:03:07, 25.8, 51.4
2019-10-02, 15:03:17, 25.8, 51.4
2019-10-02, 15:03:27, 25.8, 51.4
2019-10-02, 15:03:37, 25.8, 51.4
2019-10-02, 15:03:47, 25.8, 51.4
2019-10-02, 15:03:57, 25.8, 51.4
2019-10-02, 15:04:07, 25.8, 51.4
2019-10-02, 15:04:18, 25.8, 51.4
2019-10-02, 15:04:28, 25.8, 51.4
2019-10-02, 15:04:38, 25.8, 51.4
2019-10-02, 15:04:48, 25.8, 51.4
2019-10-02, 15:04:58, 25.8, 51.4
2019-10-02, 15:05:09, 25.8, 51.4
2019-10-02, 15:05:19, 25.8, 51.4
2019-10-02, 15:05:30, 25.8, 51.4
2019-10-02, 15:05:40, 25.8, 51.4
2019-10-02, 15:05:50, 25.8, 51.4
2019-10-02, 15:06:00, 25.8, 51.4
2019-10-02, 15:06:10, 25.8, 51.4
2019-10-02, 15:06:20, 25.8, 51.4
2019-10-02, 15:06:30, 25.8, 51.4
2019-10-02, 15:06:40, 25.8, 51.4
2019-10-02, 15:06:51, 25.8, 51.4
2019-10-02, 15:07:01, 25.8, 51.4
2019-10-02, 15:07:11, 25.8, 51.4
2019-10-02, 15:07:21, 25.8, 51.4
2019-10-02, 15:07:31, 25.8, 51.4
2019-10-02, 15:07:41, 25.8, 51.4
2019-10-02, 15:07:51, 25.8, 51.4
2019-10-02, 15:08:02, 25.8, 51.4
2019-10-02, 15:08:12, 25.8, 51.4
2019-10-02, 15:08:22, 25.8, 51.4
2019-10-02, 15:08:32, 25.8, 51.4
2019-10-02, 15:08:42, 25.8, 51.4
2019-10-02, 15:08:52, 25.8, 51.4
2019-10-02, 15:09:02, 25.8, 51.4
2019-10-02, 15:09:12, 25.8, 51.4
2019-10-02, 15:09:23, 25.8, 51.4
2019-10-02, 15:09:33, 25.8, 51.4
2019-10-02, 15:09:43, 25.8, 51.4
2019-10-02, 15:09:53, 25.8, 51.4
2019-10-02, 15:10:03, 25.8, 51.4
2019-10-02, 15:10:13, 25.8, 51.4
2019-10-02, 15:10:23, 25.8, 51.4
2019-10-02, 15:10:34, 25.8, 51.4
2019-10-02, 15:10:44, 25.8, 51.4
2019-10-02, 15:10:54, 25.8, 51.4
2019-10-02, 15:11:04, 25.8, 51.4
2019-10-02, 15:11:14, 25.8, 51.4
2019-10-02, 15:11:24, 25.8, 51.4
2019-10-02, 15:11:34, 25.8, 51.4
2019-10-02, 15:11:44, 25.8, 51.4
2019-10-02, 15:11:55, 25.8, 51.4
2019-10-02, 15:12:05, 25.8, 51.4
2019-10-02, 15:12:15, 25.8, 51.4
2019-10-02, 15:12:25, 25.8, 51.4
2019-10-02, 15:12:35, 25.8, 51.4
2019-10-02, 15:12:45, 25.8, 51.4
2019-10-02, 15:12:55, 25.8, 51.4
2019-10-02, 15:13:06, 25.8, 51.4
2019-10-02, 15:13:16, 25.8, 51.4
2019-10-02, 15:13:26, 25.8, 51.4
2019-10-02, 15:13:36, 25.8, 51.4
2019-10-02, 15:13:46, 25.8, 51.4
2019-10-02, 15:13:56, 25.8, 51.4
2019-10-02, 15:14:06, 25.8, 51.4
2019-10-02, 15:14:16, 25.8, 51.4
2019-10-02, 15:14:27, 25.8, 51.4
2019-10-02, 15:14:37, 25.8, 51.4
2019-10-02, 15:14:47, 25.8, 51.4
2019-10-02, 15:14:57, 25.8, 51.4
2019-10-02, 15:15:07, 25.8, 51.4
2019-10-02, 15:15:17, 25.8, 51.4
2019-10-02, 15:15:27, 25.8, 51.4
2019-10-02, 15:15:38, 25.8, 51.4
2019-10-02, 15:15:48, 25.8, 51.4
2019-10-02, 15:15:58, 25.8, 51.4
2019-10-02, 15:16:08, 25.8, 51.4
2019-10-02, 15:16:18, 25.8, 51.4
2019-10-02, 15:16:28, 25.8, 51.4
2019-10-02, 15:16:38, 25.8, 51.4
2019-10-02, 15:16:48, 25.8, 51.4
2019-10-02, 15:16:59, 25.8, 51.4
2019-10-02, 15:17:09, 25.8, 51.4
2019-10-02, 15:17:19, 25.8, 51.4
2019-10-02, 15:17:29, 25.8, 51.4
2019-10-02, 15:17:39, 25.8, 51.4
2019-10-02, 15:17:49, 25.8, 51.4
2019-10-02, 15:17:59, 25.8, 51.4
2019-10-02, 15:18:09, 25.8, 51.4
2019-10-02, 15:18:20, 25.8, 51.4
2019-10-02, 15:18:30, 25.8, 51.4
2019-10-02, 15:18:40, 25.8, 51.4
2019-10-02, 15:18:50, 25.8, 51.4
2019-10-02, 15:19:00, 25.8, 51.4
2019-10-02, 15:19:10, 25.8, 51.4
2019-10-02, 15:19:20, 25.8, 51.4
2019-10-02, 15:19:31, 25.8, 51.4
2019-10-02, 15:19:41, 25.8, 51.4
2019-10-02, 15:19:51, 25.8, 51.4
2019-10-02, 15:20:01, 25.8, 51.4
2019-10-02, 15:20:11, 25.8, 51.4
2019-10-02, 15:20:21, 25.8, 51.4
2019-10-02, 15:20:31, 25.8, 51.4
2019-10-02, 15:20:42, 25.8, 51.4
2019-10-02, 15:20:52, 25.8, 51.4
2019-10-02, 15:21:05, 25.8, 51.4
2019-10-02, 15:21:15, 25.8, 51.4
2019-10-02, 15:21:25, 25.8, 51.4
2019-10-02, 15:21:35, 25.8, 51.4
2019-10-02, 15:21:45, 25.8, 51.4
2019-10-02, 15:21:55, 25.8, 51.4
2019-10-02, 15:22:05, 25.8, 51.4
2019-10-02, 15:22:15, 25.8, 51.4
2019-10-02, 15:22:26, 25.8, 51.4
2019-10-02, 15:22:36, 25.8, 51.4
2019-10-02, 15:22:46, 25.8, 51.4
2019-10-02, 15:22:56, 25.8, 51.4
2019-10-02, 15:23:06, 25.8, 51.4
2019-10-02, 15:23:16, 25.8, 51.4
2019-10-02, 15:23:26, 25.8, 51.4
2019-10-02, 15:23:37, 25.8, 51.4
2019-10-02, 15:23:47, 25.8, 51.4
2019-10-02, 15:23:57, 25.8, 51.4
2019-10-02, 15:24:07, 25.8, 51.4
2019-10-02, 15:24:17, 25.8, 51.4
2019-10-02, 15:24:27, 25.8, 51.4
2019-10-02, 15:24:37, 25.8, 51.4
2019-10-02, 15:24:47, 25.8, 51.4
2019-10-02, 15:24:58, 25.8, 51.4
2019-10-02, 15:25:08, 25.8, 51.4
2019-10-02, 15:25:18, 25.8, 51.4
2019-10-02, 15:25:28, 25.8, 51.4
2019-10-02, 15:25:38, 25.8, 51.4
2019-10-02, 15:25:48, 25.8, 51.4
2019-10-02, 15:25:58, 25.8, 51.4
2019-10-02, 15:26:09, 25.8, 51.4
2019-10-02, 15:26:19, 25.8, 51.4
2019-10-02, 15:26:29, 25.8, 51.4
2019-10-02, 15:26:39, 25.8, 51.4
2019-10-02, 15:26:49, 25.8, 51.4
2019-10-02, 15:26:59, 25.8, 51.4
2019-10-02, 15:27:09, 25.8, 51.4
2019-10-02, 15:27:19, 25.8, 51.4
2019-10-02, 15:27:30, 25.8, 51.4
2019-10-02, 15:27:40, 25.8, 51.4
2019-10-02, 15:27:50, 25.8, 51.4
2019-10-02, 15:28:00, 25.8, 51.4
2019-10-02, 15:28:10, 25.8, 51.4
2019-10-02, 15:28:20, 25.8, 51.4
2019-10-02, 15:28:30, 25.8, 51.4
2019-10-02, 15:28:41, 25.8, 51.4
2019-10-02, 15:28:51, 25.8, 51.4
2019-10-02, 15:29:01, 25.8, 51.4
2019-10-02, 15:29:11, 25.8, 51.4
2019-10-02, 15:29:21, 25.8, 51.4
2019-10-02, 15:29:31, 25.8, 51.4
2019-10-02, 15:29:41, 25.8, 51.4
2019-10-02, 15:29:51, 25.8, 51.4
2019-10-02, 15:30:02, 25.8, 51.4
2019-10-02, 15:30:12, 25.8, 51.4
2019-10-02, 15:30:22, 25.8, 51.4
2019-10-02, 15:30:32, 25.8, 51.4
2019-10-02, 15:30:42, 25.8, 51.4
2019-10-02, 15:30:52, 25.8, 51.4
2019-10-02, 15:31:02, 25.8, 51.4
2019-10-02, 15:31:13, 25.8, 51.4
2019-10-02, 15:31:23, 25.8, 51.4
2019-10-02, 15:31:33, 25.8, 51.4
2019-10-02, 15:31:43, 25.8, 51.4
2019-10-02, 15:31:53, 25.8, 51.4
2019-10-02, 15:32:03, 25.8, 51.4
2019-10-02, 15:32:13, 25.8, 51.4
2019-10-02, 15:32:23, 25.8, 51.4
2019-10-02, 15:32:34, 25.8, 51.4
2019-10-02, 15:32:44, 25.8, 51.4
2019-10-02, 15:32:54, 25.8, 51.4
2019-10-02, 15:33:04, 25.8, 51.4
2019-10-02, 15:33:14, 25.8, 51.4
2019-10-02, 15:33:24, 25.8, 51.4
2019-10-02, 15:33:35, 25.8, 51.4
2019-10-02, 15:33:45, 25.8, 51.4
2019-10-02, 15:33:55, 25.8, 51.4
2019-10-02, 15:34:05, 25.8, 51.4
2019-10-02, 15:34:15, 25.8, 51.4
2019-10-02, 15:34:25, 25.8, 51.4
2019-10-02, 15:34:35, 25.8, 51.4
2019-10-02, 15:34:46, 25.8, 51.4
2019-10-02, 15:34:56, 25.8, 51.4
2019-10-02, 15:35:06, 25.8, 51.4
2019-10-02, 15:35:16, 25.8, 51.4
2019-10-02, 15:35:26, 25.8, 51.4
2019-10-02, 15:35:36, 25.8, 51.4
2019-10-02, 15:35:46, 25.8, 51.4
2019-10-02, 15:35:57, 25.8, 51.4
2019-10-02, 15:36:07, 25.8, 51.4
2019-10-02, 15:36:17, 25.8, 51.4
2019-10-02, 15:36:27, 25.8, 51.4
2019-10-02, 15:36:37, 25.8, 51.4
2019-10-02, 15:36:47, 25.8, 51.4
2019-10-02, 15:36:57, 25.8, 51.4
2019-10-02, 15:37:08, 25.8, 51.4
2019-10-02, 15:37:18, 25.8, 51.4
2019-10-02, 15:37:28, 25.8, 51.4
2019-10-02, 15:37:38, 25.8, 51.4
2019-10-02, 15:37:48, 25.8, 51.4
2019-10-02, 15:37:58, 25.8, 51.4
2019-10-02, 15:38:08, 25.8, 51.4
2019-10-02, 15:38:18, 25.8, 51.4
2019-10-02, 15:38:29, 25.8, 51.4
2019-10-02, 15:38:39, 25.8, 51.4
2019-10-02, 15:38:49, 25.8, 51.4
2019-10-02, 15:38:59, 25.8, 51.4
2019-10-02, 15:39:09, 25.8, 51.4
2019-10-02, 15:39:19, 25.8, 51.4
2019-10-02, 15:39:29, 25.8, 51.4
2019-10-02, 15:39:40, 25.8, 51.4
2019-10-02, 15:39:50, 25.8, 51.4
2019-10-02, 15:40:00, 25.8, 51.4
2019-10-02, 15:40:10, 25.8, 51.4
2019-10-02, 15:40:20, 25.8, 51.4
2019-10-02, 15:40:30, 25.8, 51.4
2019-10-02, 15:40:40, 25.8, 51.4
2019-10-02, 15:40:51, 25.8, 51.4
2019-10-02, 15:41:01, 25.8, 51.4
2019-10-02, 15:41:11, 25.8, 51.4
2019-10-02, 15:41:21, 25.8, 51.4
2019-10-02, 15:41:31, 25.8, 51.4
2019-10-02, 15:41:41, 25.8, 51.4
2019-10-02, 15:41:51, 25.8, 51.4
2019-10-02, 15:42:02, 25.8, 51.4
2019-10-02, 15:42:12, 25.8, 51.4
2019-10-02, 15:42:22, 25.8, 51.4
2019-10-02, 15:42:32, 25.8, 51.4
2019-10-02, 15:42:42, 25.8, 51.4
2019-10-02, 15:42:52, 25.8, 51.4
2019-10-02, 15:43:02, 25.8, 51.4
2019-10-02, 15:43:13, 25.8, 51.4
2019-10-02, 15:43:23, 25.8, 51.4
2019-10-02, 15:43:33, 25.8, 51.4
2019-10-02, 15:43:43, 25.8, 51.4
2019-10-02, 15:43:53, 25.8, 51.4
2019-10-02, 15:44:03, 25.8, 51.4
2019-10-02, 15:44:14, 25.8, 51.4
2019-10-02, 15:44:24, 25.8, 51.4
2019-10-02, 15:44:34, 25.8, 51.4
2019-10-02, 15:44:44, 25.8, 51.4
2019-10-02, 15:44:54, 25.8, 51.4
2019-10-02, 15:45:04, 25.8, 51.4
2019-10-02, 15:45:14, 25.8, 51.4
2019-10-02, 15:45:25, 25.8, 51.4
2019-10-02, 15:45:35, 25.8, 51.4
2019-10-02, 15:45:45, 25.8, 51.4
2019-10-02, 15:45:55, 25.8, 51.4
2019-10-02, 15:46:05, 25.8, 51.4
2019-10-02, 15:46:15, 25.8, 51.4
2019-10-02, 15:46:25, 25.8, 51.4
2019-10-02, 15:46:36, 25.8, 51.4
2019-10-02, 15:46:46, 25.8, 51.4
2019-10-02, 15:46:56, 25.8, 51.4
2019-10-02, 15:47:06, 25.8, 51.4
2019-10-02, 15:47:16, 25.8, 51.4
2019-10-02, 15:47:26, 25.8, 51.4
2019-10-02, 15:47:36, 25.8, 51.4
2019-10-02, 15:47:46, 25.8, 51.4
2019-10-02, 15:47:57, 25.8, 51.4
2019-10-02, 15:48:07, 25.8, 51.4
2019-10-02, 15:48:17, 25.8, 51.4
2019-10-02, 15:48:27, 25.8, 51.4
2019-10-02, 15:48:37, 25.8, 51.4
2019-10-02, 15:48:47, 25.8, 51.4
2019-10-02, 15:48:57, 25.8, 51.4
2019-10-02, 15:49:08, 25.8, 51.4
2019-10-02, 15:49:18, 25.8, 51.4
2019-10-02, 15:49:28, 25.8, 51.4
2019-10-02, 15:49:38, 25.8, 51.4
2019-10-02, 15:49:48, 25.8, 51.4
2019-10-02, 15:49:58, 25.8, 51.4
2019-10-02, 15:50:08, 25.8, 51.4
2019-10-02, 15:50:18, 25.8, 51.4
2019-10-02, 15:50:29, 25.8, 51.4
2019-10-02, 15:50:39, 25.8, 51.4
2019-10-02, 15:50:49, 25.8, 51.4
2019-10-02, 15:50:59, 25.8, 51.4
2019-10-02, 15:51:09, 25.8, 51.4
2019-10-02, 15:51:19, 25.8, 51.4
2019-10-02, 15:51:29, 25.8, 51.4
2019-10-02, 15:51:40, 25.8, 51.4
2019-10-02, 15:51:50, 25.8, 51.4
2019-10-02, 15:52:00, 25.8, 51.4
2019-10-02, 15:52:10, 25.8, 51.4
2019-10-02, 15:52:20, 25.8, 51.4
2019-10-02, 15:52:30, 25.8, 51.4
2019-10-02, 15:52:40, 25.8, 51.4
2019-10-02, 15:52:51, 25.8, 51.4
2019-10-02, 15:53:01, 25.8, 51.4
2019-10-02, 15:53:11, 25.8, 51.4
2019-10-02, 15:53:21, 25.8, 51.4
2019-10-02, 15:53:31, 25.8, 51.4
2019-10-02, 15:53:41, 25.8, 51.4
2019-10-02, 15:53:51, 25.8, 51.4
2019-10-02, 15:54:02, 25.8, 51.4
2019-10-02, 15:54:12, 25.8, 51.4
2019-10-02, 15:54:22, 25.8, 51.4
2019-10-02, 15:54:32, 25.8, 51.4
2019-10-02, 15:54:42, 25.8, 51.4
2019-10-02, 15:54:52, 25.8, 51.4
2019-10-02, 15:55:02, 25.8, 51.4
2019-10-02, 15:55:13, 25.8, 51.4
2019-10-02, 15:55:23, 25.8, 51.4
2019-10-02, 15:55:33, 25.8, 51.4
2019-10-02, 15:55:43, 25.8, 51.4
2019-10-02, 15:55:53, 25.8, 51.4
2019-10-02, 15:56:03, 25.8, 51.4
2019-10-02, 15:56:13, 25.8, 51.4
2019-10-02, 15:56:24, 25.8, 51.4
2019-10-02, 15:56:34, 25.8, 51.4
2019-10-02, 15:56:44, 25.8, 51.4
2019-10-02, 15:56:54, 25.8, 51.4
2019-10-02, 15:57:04, 25.8, 51.4
2019-10-02, 15:57:14, 25.8, 51.4
2019-10-02, 15:57:24, 25.8, 51.4
2019-10-02, 15:57:34, 25.8, 51.4
2019-10-02, 15:57:45, 25.8, 51.4
2019-10-02, 15:57:55, 25.8, 51.4
2019-10-02, 15:58:05, 25.8, 51.4
2019-10-02, 15:58:15, 25.8, 51.4
2019-10-02, 15:58:25, 25.8, 51.4
2019-10-02, 15:58:35, 25.8, 51.4
2019-10-02, 15:58:45, 25.8, 51.4
2019-10-02, 15:58:56, 25.8, 51.4
2019-10-02, 15:59:06, 25.8, 51.4
2019-10-02, 15:59:16, 25.8, 51.4
2019-10-02, 15:59:26, 25.8, 51.4
2019-10-02, 15:59:36, 25.8, 51.4
2019-10-02, 15:59:47, 25.8, 51.4
2019-10-02, 15:59:57, 25.8, 51.4
2019-10-02, 16:00:07, 25.8, 51.4
2019-10-02, 16:00:17, 25.8, 51.4
2019-10-02, 16:00:27, 25.8, 51.4
2019-10-02, 16:00:37, 25.8, 51.4
2019-10-02, 16:00:47, 25.8, 51.4
2019-10-02, 16:00:57, 25.8, 51.4
2019-10-02, 16:01:08, 25.8, 51.4
2019-10-02, 16:01:18, 25.8, 51.4
2019-10-02, 16:01:28, 25.8, 51.4
2019-10-02, 16:01:38, 25.8, 51.4
2019-10-02, 16:01:48, 25.8, 51.4
2019-10-02, 16:01:58, 25.8, 51.4
2019-10-02, 16:02:08, 25.8, 51.4
2019-10-02, 16:02:19, 25.8, 51.4
2019-10-02, 16:02:29, 25.8, 51.4
2019-10-02, 16:02:39, 25.8, 51.4
2019-10-02, 16:02:49, 25.8, 51.4
2019-10-02, 16:02:59, 25.8, 51.4
2019-10-02, 16:03:09, 25.8, 51.4
2019-10-02, 16:03:19, 25.8, 51.4
2019-10-02, 16:03:30, 25.8, 51.4
2019-10-02, 16:03:40, 25.8, 51.4
2019-10-02, 16:03:50, 25.8, 51.4
2019-10-02, 16:04:00, 25.8, 51.4
2019-10-02, 16:04:10, 25.8, 51.4
2019-10-02, 16:04:20, 25.8, 51.4
2019-10-02, 16:04:30, 25.8, 51.4
2019-10-02, 16:04:40, 25.8, 51.4
2019-10-02, 16:04:51, 25.8, 51.4
2019-10-02, 16:05:01, 25.8, 51.4
2019-10-02, 16:05:11, 25.8, 51.4
2019-10-02, 16:05:21, 25.8, 51.4
2019-10-02, 16:05:31, 25.8, 51.4
2019-10-02, 16:05:42, 25.8, 51.4
2019-10-02, 16:05:52, 25.8, 51.4
2019-10-02, 16:06:02, 25.8, 51.4
2019-10-02, 16:06:12, 25.8, 51.4
2019-10-02, 16:06:22, 25.8, 51.4
2019-10-02, 16:06:32, 25.8, 51.4
2019-10-02, 16:06:43, 25.8, 51.4
2019-10-02, 16:06:53, 25.8, 51.4
2019-10-02, 16:07:03, 25.8, 51.4
2019-10-02, 16:07:13, 25.8, 51.4
2019-10-02, 16:07:23, 25.8, 51.4
2019-10-02, 16:07:33, 25.8, 51.4
2019-10-02, 16:07:44, 25.8, 51.4
2019-10-02, 16:07:54, 25.8, 51.4
2019-10-02, 16:08:04, 25.8, 51.4
2019-10-02, 16:08:14, 25.8, 51.4
2019-10-02, 16:08:24, 25.8, 51.4
2019-10-02, 16:08:34, 25.8, 51.4
2019-10-02, 16:08:45, 25.8, 51.4
2019-10-02, 16:08:55, 25.8, 51.4
2019-10-02, 16:09:05, 25.8, 51.4
2019-10-02, 16:09:15, 25.8, 51.4
2019-10-02, 16:09:25, 25.8, 51.4
2019-10-02, 16:09:35, 25.8, 51.4
2019-10-02, 16:09:45, 25.8, 51.4
2019-10-02, 16:09:56, 25.8, 51.4
2019-10-02, 16:10:06, 25.8, 51.4
2019-10-02, 16:10:16, 25.8, 51.4
2019-10-02, 16:10:26, 25.8, 51.4
2019-10-02, 16:10:36, 25.8, 51.4
2019-10-02, 16:10:46, 25.8, 51.4
2019-10-02, 16:10:56, 25.8, 51.4
2019-10-02, 16:11:07, 25.8, 51.4
2019-10-02, 16:11:17, 25.8, 51.4
2019-10-02, 16:11:27, 25.8, 51.4
2019-10-02, 16:11:37, 25.8, 51.4
2019-10-02, 16:11:47, 25.8, 51.4
2019-10-02, 16:11:57, 25.8, 51.4
2019-10-02, 16:12:07, 25.8, 51.4
2019-10-02, 16:12:18, 25.8, 51.4
2019-10-02, 16:12:28, 25.8, 51.4
2019-10-02, 16:12:38, 25.8, 51.4
2019-10-02, 16:12:48, 25.8, 51.4
2019-10-02, 16:12:58, 25.8, 51.4
2019-10-02, 16:13:08, 25.8, 51.4
2019-10-02, 16:13:18, 25.8, 51.4
2019-10-02, 16:13:28, 25.8, 51.4
2019-10-02, 16:13:39, 25.8, 51.4
2019-10-02, 16:13:49, 25.8, 51.4
2019-10-02, 16:13:59, 25.8, 51.4
2019-10-02, 16:14:09, 25.8, 51.4
2019-10-02, 16:14:19, 25.8, 51.4
2019-10-02, 16:14:29, 25.8, 51.4
2019-10-02, 16:14:39, 25.8, 51.4
2019-10-02, 16:14:50, 25.8, 51.4
2019-10-02, 16:15:00, 25.8, 51.4
2019-10-02, 16:15:10, 25.8, 51.4
2019-10-02, 16:15:20, 25.8, 51.4
2019-10-02, 16:15:30, 25.8, 51.4
2019-10-02, 16:15:40, 25.8, 51.4
2019-10-02, 16:15:50, 25.8, 51.4
2019-10-02, 16:16:01, 25.8, 51.4
2019-10-02, 16:16:11, 25.8, 51.4
2019-10-02, 16:16:21, 25.8, 51.4
2019-10-02, 16:16:31, 25.8, 51.4
2019-10-02, 16:16:41, 25.8, 51.4
2019-10-02, 16:16:51, 25.8, 51.4
2019-10-02, 16:17:01, 25.8, 51.4
2019-10-02, 16:17:12, 25.8, 51.4
2019-10-02, 16:17:22, 25.8, 51.4
2019-10-02, 16:17:32, 25.8, 51.4
2019-10-02, 16:17:42, 25.8, 51.4
2019-10-02, 16:17:52, 25.8, 51.4
2019-10-02, 16:18:02, 25.8, 51.4
2019-10-02, 16:18:12, 25.8, 51.4
2019-10-02, 16:18:22, 25.8, 51.4
2019-10-02, 16:18:33, 25.8, 51.4
2019-10-02, 16:18:43, 25.8, 51.4
2019-10-02, 16:18:53, 25.8, 51.4
2019-10-02, 16:19:03, 25.8, 51.4
2019-10-02, 16:19:13, 25.8, 51.4
2019-10-02, 16:19:23, 25.8, 51.4
2019-10-02, 16:19:33, 25.8, 51.4
2019-10-02, 16:19:44, 25.8, 51.4
2019-10-02, 16:19:54, 25.8, 51.4
2019-10-02, 16:20:04, 25.8, 51.4
2019-10-02, 16:20:14, 25.8, 51.4
2019-10-02, 16:20:24, 25.8, 51.4
2019-10-02, 16:20:34, 25.8, 51.4
2019-10-02, 16:20:44, 25.8, 51.4
2019-10-02, 16:20:55, 25.8, 51.4
2019-10-02, 16:21:05, 25.8, 51.4
2019-10-02, 16:21:15, 25.8, 51.4
2019-10-02, 16:21:25, 25.8, 51.4
2019-10-02, 16:21:35, 25.8, 51.4
2019-10-02, 16:21:45, 25.8, 51.4
2019-10-02, 16:21:55, 25.8, 51.4
2019-10-02, 16:22:05, 25.8, 51.4
2019-10-02, 16:22:16, 25.8, 51.4
2019-10-02, 16:22:26, 25.8, 51.4
2019-10-02, 16:22:36, 25.8, 51.4
2019-10-02, 16:22:46, 25.8, 51.4
2019-10-02, 16:22:56, 25.8, 51.4
2019-10-02, 16:23:06, 25.8, 51.4
2019-10-02, 16:23:16, 25.8, 51.4
2019-10-02, 16:23:27, 25.8, 51.4
2019-10-02, 16:23:37, 25.8, 51.4
2019-10-02, 16:23:47, 25.8, 51.4
2019-10-02, 16:23:57, 25.8, 51.4
2019-10-02, 16:24:07, 25.8, 51.4
2019-10-02, 16:24:17, 25.8, 51.4
2019-10-02, 16:24:27, 25.8, 51.4
2019-10-02, 16:24:38, 25.8, 51.4
2019-10-02, 16:24:48, 25.8, 51.4
2019-10-02, 16:24:58, 25.8, 51.4
2019-10-02, 16:25:08, 25.8, 51.4
2019-10-02, 16:25:18, 25.8, 51.4
2019-10-02, 16:25:28, 25.8, 51.4
2019-10-02, 16:25:38, 25.8, 51.4
2019-10-02, 16:25:49, 25.8, 51.4
2019-10-02, 16:25:59, 25.8, 51.4
2019-10-02, 16:26:09, 25.8, 51.4
2019-10-02, 16:26:19, 25.8, 51.4
2019-10-02, 16:26:29, 25.8, 51.4
2019-10-02, 16:26:39, 25.8, 51.4
2019-10-02, 16:26:49, 25.8, 51.4
2019-10-02, 16:26:59, 25.8, 51.4
2019-10-02, 16:27:10, 25.8, 51.4
2019-10-02, 16:27:20, 25.8, 51.4
2019-10-02, 16:27:30, 25.8, 51.4
2019-10-02, 16:27:40, 25.8, 51.4
2019-10-02, 16:27:50, 25.8, 51.4
2019-10-02, 16:28:00, 25.8, 51.4
2019-10-02, 16:28:10, 25.8, 51.4
2019-10-02, 16:28:21, 25.8, 51.4
2019-10-02, 16:28:31, 25.8, 51.4
2019-10-02, 16:28:41, 25.8, 51.4
2019-10-02, 16:28:51, 25.8, 51.4
2019-10-02, 16:29:01, 25.8, 51.4
2019-10-02, 16:29:11, 25.8, 51.4
2019-10-02, 16:29:21, 25.8, 51.4
2019-10-02, 16:29:32, 25.8, 51.4
2019-10-02, 16:29:42, 25.8, 51.4
2019-10-02, 16:29:52, 25.8, 51.4
2019-10-02, 16:30:05, 25.8, 51.4
2019-10-02, 16:30:15, 25.8, 51.4
2019-10-02, 16:30:25, 25.8, 51.4
2019-10-02, 16:30:35, 25.8, 51.4
2019-10-02, 16:30:45, 25.8, 51.4
2019-10-02, 16:30:55, 25.8, 51.4
2019-10-02, 16:31:06, 25.8, 51.4
2019-10-02, 16:31:16, 25.8, 51.4
2019-10-02, 16:31:26, 25.8, 51.4
2019-10-02, 16:31:36, 25.8, 51.4
2019-10-02, 16:31:46, 25.8, 51.4
2019-10-02, 16:31:56, 25.8, 51.4
2019-10-02, 16:32:06, 25.8, 51.4
2019-10-02, 16:32:16, 25.8, 51.4
2019-10-02, 16:32:27, 25.8, 51.4
2019-10-02, 16:32:37, 25.8, 51.4
2019-10-02, 16:32:47, 25.8, 51.4
2019-10-02, 16:32:57, 25.8, 51.4
2019-10-02, 16:33:07, 25.8, 51.4
2019-10-02, 16:33:17, 25.8, 51.4
2019-10-02, 16:33:27, 25.8, 51.4
2019-10-02, 16:33:38, 25.8, 51.4
2019-10-02, 16:33:48, 25.8, 51.4
2019-10-02, 16:33:58, 25.8, 51.4
2019-10-02, 16:34:08, 25.8, 51.4
2019-10-02, 16:34:18, 25.8, 51.4
2019-10-02, 16:34:28, 25.8, 51.4
2019-10-02, 16:34:38, 25.8, 51.4
2019-10-02, 16:34:49, 25.8, 51.4
2019-10-02, 16:34:59, 25.8, 51.4
2019-10-02, 16:35:09, 25.8, 51.4
2019-10-02, 16:35:19, 25.8, 51.4
2019-10-02, 16:35:29, 25.8, 51.4
2019-10-02, 16:35:39, 25.8, 51.4
2019-10-02, 16:35:49, 25.8, 51.4
2019-10-02, 16:36:00, 25.8, 51.4
2019-10-02, 16:36:10, 25.8, 51.4
2019-10-02, 16:36:20, 25.8, 51.4
2019-10-02, 16:36:30, 25.8, 51.4
2019-10-02, 16:36:40, 25.8, 51.4
2019-10-02, 16:36:50, 25.8, 51.4
2019-10-02, 16:37:00, 25.8, 51.4
2019-10-02, 16:37:11, 25.8, 51.4
2019-10-02, 16:37:21, 25.8, 51.4
2019-10-02, 16:37:31, 25.8, 51.4
2019-10-02, 16:37:41, 25.8, 51.4
2019-10-02, 16:37:51, 25.8, 51.4
2019-10-02, 16:38:01, 25.8, 51.4
2019-10-02, 16:38:11, 25.8, 51.4
2019-10-02, 16:38:21, 25.8, 51.4
2019-10-02, 16:38:32, 25.8, 51.4
2019-10-02, 16:38:42, 25.8, 51.4
2019-10-02, 16:38:52, 25.8, 51.4
2019-10-02, 16:39:02, 25.8, 51.4
2019-10-02, 16:39:12, 25.8, 51.4
2019-10-02, 16:39:23, 25.8, 51.4
2019-10-02, 16:39:33, 25.8, 51.4
2019-10-02, 16:39:43, 25.8, 51.4
2019-10-02, 16:39:53, 25.8, 51.4
2019-10-02, 16:40:03, 25.8, 51.4
2019-10-02, 16:40:13, 25.8, 51.4
2019-10-02, 16:40:23, 25.8, 51.4
2019-10-02, 16:40:34, 25.8, 51.4
2019-10-02, 16:40:44, 25.8, 51.4
2019-10-02, 16:40:54, 25.8, 51.4
2019-10-02, 16:41:04, 25.8, 51.4
2019-10-02, 16:41:14, 25.8, 51.4
2019-10-02, 16:41:24, 25.8, 51.4
2019-10-02, 16:41:34, 25.8, 51.4
2019-10-02, 16:41:44, 25.8, 51.4
2019-10-02, 16:41:55, 25.8, 51.4
2019-10-02, 16:42:05, 25.8, 51.4
2019-10-02, 16:42:15, 25.8, 51.4
2019-10-02, 16:42:25, 25.8, 51.4
2019-10-02, 16:42:35, 25.8, 51.4
2019-10-02, 16:42:45, 25.8, 51.4
2019-10-02, 16:42:55, 25.8, 51.4
2019-10-02, 16:43:06, 25.8, 51.4
2019-10-02, 16:43:16, 25.8, 51.4
2019-10-02, 16:43:26, 25.8, 51.4
2019-10-02, 16:43:36, 25.8, 51.4
2019-10-02, 16:43:46, 25.8, 51.4
2019-10-02, 16:43:56, 25.8, 51.4
2019-10-02, 16:44:06, 25.8, 51.4
2019-10-02, 16:44:17, 25.8, 51.4
2019-10-02, 16:44:27, 25.8, 51.4
2019-10-02, 16:44:37, 25.8, 51.4
2019-10-02, 16:44:47, 25.8, 51.4
2019-10-02, 16:44:57, 25.8, 51.4
2019-10-02, 16:45:07, 25.8, 51.4
2019-10-02, 16:45:17, 25.8, 51.4
2019-10-02, 16:45:28, 25.8, 51.4
2019-10-02, 16:45:38, 25.8, 51.4
2019-10-02, 16:45:48, 25.8, 51.4
2019-10-02, 16:45:58, 25.8, 51.4
2019-10-02, 16:46:08, 25.8, 51.4
2019-10-02, 16:46:18, 25.8, 51.4
2019-10-02, 16:46:28, 25.8, 51.4
2019-10-02, 16:46:38, 25.8, 51.4
2019-10-02, 16:46:49, 25.8, 51.4
2019-10-02, 16:46:59, 25.8, 51.4
2019-10-02, 16:47:09, 25.8, 51.4
2019-10-02, 16:47:19, 25.8, 51.4
2019-10-02, 16:47:29, 25.8, 51.4
2019-10-02, 16:47:40, 25.8, 51.4
2019-10-02, 16:47:50, 25.8, 51.4
2019-10-02, 16:48:00, 25.8, 51.4
2019-10-02, 16:48:10, 25.8, 51.4
2019-10-02, 16:48:20, 25.8, 51.4
2019-10-02, 16:48:30, 25.8, 51.4
2019-10-02, 16:48:40, 25.8, 51.4
2019-10-02, 16:48:50, 25.8, 51.4
2019-10-02, 16:49:01, 25.8, 51.4
2019-10-02, 16:49:11, 25.8, 51.4
2019-10-02, 16:49:21, 25.8, 51.4
2019-10-02, 16:49:31, 25.8, 51.4
2019-10-02, 16:49:41, 25.8, 51.4
2019-10-02, 16:49:51, 25.8, 51.4
2019-10-02, 16:50:01, 25.8, 51.4
2019-10-02, 16:50:12, 25.8, 51.4
2019-10-02, 16:50:22, 25.8, 51.4
2019-10-02, 16:50:32, 25.8, 51.4
2019-10-02, 16:50:42, 25.8, 51.4
2019-10-02, 16:50:52, 25.8, 51.4
2019-10-02, 16:51:02, 25.8, 51.4
2019-10-02, 16:51:12, 25.8, 51.4
2019-10-02, 16:51:23, 25.8, 51.4
2019-10-02, 16:51:33, 25.8, 51.4
2019-10-02, 16:51:43, 25.8, 51.4
2019-10-02, 16:51:53, 25.8, 51.4
2019-10-02, 16:52:03, 25.8, 51.4
2019-10-02, 16:52:13, 25.8, 51.4
2019-10-02, 16:52:23, 25.8, 51.4
2019-10-02, 16:52:34, 25.8, 51.4
2019-10-02, 16:52:44, 25.8, 51.4
2019-10-02, 16:52:54, 25.8, 51.4
2019-10-02, 16:53:04, 25.8, 51.4
2019-10-02, 16:53:14, 25.8, 51.4
2019-10-02, 16:53:24, 25.8, 51.4
2019-10-02, 16:53:34, 25.8, 51.4
2019-10-02, 16:53:45, 25.8, 51.4
2019-10-02, 16:53:55, 25.8, 51.4
2019-10-02, 16:54:05, 25.8, 51.4
2019-10-02, 16:54:15, 25.8, 51.4
2019-10-02, 16:54:25, 25.8, 51.4
2019-10-02, 16:54:35, 25.8, 51.4
2019-10-02, 16:54:45, 25.8, 51.4
2019-10-02, 16:54:55, 25.8, 51.4
2019-10-02, 16:55:06, 25.8, 51.4
2019-10-02, 16:55:16, 25.8, 51.4
2019-10-02, 16:55:26, 25.8, 51.4
2019-10-02, 16:55:36, 25.8, 51.4
2019-10-02, 16:55:46, 25.8, 51.4
2019-10-02, 16:55:56, 25.8, 51.4
2019-10-02, 16:56:06, 25.8, 51.4
2019-10-02, 16:56:16, 25.8, 51.4
2019-10-02, 16:56:27, 25.8, 51.4
2019-10-02, 16:56:37, 25.8, 51.4
2019-10-02, 16:56:47, 25.8, 51.4
2019-10-02, 16:56:57, 25.8, 51.4
2019-10-02, 16:57:07, 25.8, 51.4
2019-10-02, 16:57:17, 25.8, 51.4
2019-10-02, 16:57:27, 25.8, 51.4
2019-10-02, 16:57:38, 25.8, 51.4
2019-10-02, 16:57:48, 25.8, 51.4
2019-10-02, 16:57:58, 25.8, 51.4
2019-10-02, 16:58:08, 25.8, 51.4
2019-10-02, 16:58:18, 25.8, 51.4
2019-10-02, 16:58:28, 25.8, 51.4
2019-10-02, 16:58:39, 25.8, 51.4
2019-10-02, 16:58:49, 25.8, 51.4
2019-10-02, 16:59:00, 25.8, 51.4
2019-10-02, 16:59:10, 25.8, 51.4
2019-10-02, 16:59:20, 25.8, 51.4
2019-10-02, 16:59:30, 25.8, 51.4
2019-10-02, 16:59:40, 25.8, 51.4
2019-10-02, 16:59:50, 25.8, 51.4
2019-10-02, 17:00:00, 25.8, 51.4
2019-10-02, 17:00:11, 25.8, 51.4
2019-10-02, 17:00:21, 25.8, 51.4
2019-10-02, 17:00:31, 25.8, 51.4
2019-10-02, 17:00:41, 25.8, 51.4
2019-10-02, 17:00:51, 25.8, 51.4
2019-10-02, 17:01:01, 25.8, 51.4
2019-10-02, 17:01:11, 25.8, 51.4
2019-10-02, 17:01:21, 25.8, 51.4
2019-10-02, 17:01:32, 25.8, 51.4
2019-10-02, 17:01:42, 25.8, 51.4
2019-10-02, 17:01:52, 25.8, 51.4
2019-10-02, 17:02:05, 25.8, 51.4
2019-10-02, 17:02:15, 25.8, 51.4
2019-10-02, 17:02:25, 25.8, 51.4
2019-10-02, 17:02:35, 25.8, 51.4
2019-10-02, 17:02:45, 25.8, 51.4
2019-10-02, 17:02:55, 25.8, 51.4
2019-10-02, 17:03:06, 25.8, 51.4
2019-10-02, 17:03:16, 25.8, 51.4
2019-10-02, 17:03:26, 25.8, 51.4
2019-10-02, 17:03:36, 25.8, 51.4
2019-10-02, 17:03:46, 25.8, 51.4
2019-10-02, 17:03:56, 25.8, 51.4
2019-10-02, 17:04:06, 25.8, 51.4
2019-10-02, 17:04:16, 25.8, 51.4
2019-10-02, 17:04:27, 25.8, 51.4
2019-10-02, 17:04:37, 25.8, 51.4
2019-10-02, 17:04:47, 25.8, 51.4
2019-10-02, 17:04:57, 25.8, 51.4
2019-10-02, 17:05:07, 25.8, 51.4
2019-10-02, 17:05:17, 25.8, 51.4
2019-10-02, 17:05:27, 25.8, 51.4
2019-10-02, 17:05:38, 25.8, 51.4
2019-10-02, 17:05:48, 25.8, 51.4
2019-10-02, 17:05:58, 25.8, 51.4
2019-10-02, 17:06:08, 25.8, 51.4
2019-10-02, 17:06:18, 25.8, 51.4
2019-10-02, 17:06:28, 25.8, 51.4
2019-10-02, 17:06:38, 25.8, 51.4
2019-10-02, 17:06:49, 25.8, 51.4
2019-10-02, 17:06:59, 25.8, 51.4
2019-10-02, 17:07:09, 25.8, 51.4
2019-10-02, 17:07:19, 25.8, 51.4
2019-10-02, 17:07:29, 25.8, 51.4
2019-10-02, 17:07:39, 25.8, 51.4
2019-10-02, 17:07:49, 25.8, 51.4
2019-10-02, 17:08:00, 25.8, 51.4
2019-10-02, 17:08:10, 25.8, 51.4
2019-10-02, 17:08:20, 25.8, 51.4
2019-10-02, 17:08:30, 25.8, 51.4
2019-10-02, 17:08:40, 25.8, 51.4
2019-10-02, 17:08:50, 25.8, 51.4
2019-10-02, 17:09:00, 25.8, 51.4
2019-10-02, 17:09:10, 25.8, 51.4
2019-10-02, 17:09:21, 25.8, 51.4
2019-10-02, 17:09:31, 25.8, 51.4
2019-10-02, 17:09:41, 25.8, 51.4
2019-10-02, 17:09:51, 25.8, 51.4
2019-10-02, 17:10:01, 25.8, 51.4
2019-10-02, 17:10:11, 25.8, 51.4
2019-10-02, 17:10:21, 25.8, 51.4
2019-10-02, 17:10:32, 25.8, 51.4
2019-10-02, 17:10:42, 25.8, 51.4
2019-10-02, 17:10:52, 25.8, 51.4
2019-10-02, 17:11:02, 25.8, 51.4
2019-10-02, 17:11:12, 25.8, 51.4
2019-10-02, 17:11:22, 25.8, 51.4
2019-10-02, 17:11:32, 25.8, 51.4
2019-10-02, 17:11:43, 25.8, 51.4
2019-10-02, 17:11:53, 25.8, 51.4
2019-10-02, 17:12:03, 25.8, 51.4
2019-10-02, 17:12:13, 25.8, 51.4
2019-10-02, 17:12:23, 25.8, 51.4
2019-10-02, 17:12:33, 25.8, 51.4
2019-10-02, 17:12:43, 25.8, 51.4
2019-10-02, 17:12:54, 25.8, 51.4
2019-10-02, 17:13:04, 25.8, 51.4
2019-10-02, 17:13:14, 25.8, 51.4
2019-10-02, 17:13:24, 25.8, 51.4
2019-10-02, 17:13:34, 25.8, 51.4
2019-10-02, 17:13:44, 25.8, 51.4
2019-10-02, 17:13:54, 25.8, 51.4
2019-10-02, 17:14:04, 25.8, 51.4
2019-10-02, 17:14:15, 25.8, 51.4
2019-10-02, 17:14:25, 25.8, 51.4
2019-10-02, 17:14:35, 25.8, 51.4
2019-10-02, 17:14:45, 25.8, 51.4
2019-10-02, 17:14:55, 25.8, 51.4
2019-10-02, 17:15:05, 25.8, 51.4
2019-10-02, 17:15:15, 25.8, 51.4
2019-10-02, 17:15:26, 25.8, 51.4
2019-10-02, 17:15:36, 25.8, 51.4
2019-10-02, 17:15:46, 25.8, 51.4
2019-10-02, 17:15:56, 25.8, 51.4
2019-10-02, 17:16:06, 25.8, 51.4
2019-10-02, 17:16:17, 25.8, 51.4
2019-10-02, 17:16:27, 25.8, 51.4
2019-10-02, 17:16:37, 25.8, 51.4
2019-10-02, 17:16:47, 25.8, 51.4
2019-10-02, 17:16:57, 25.8, 51.4
2019-10-02, 17:17:07, 25.8, 51.4
2019-10-02, 17:17:17, 25.8, 51.4
2019-10-02, 17:17:27, 25.8, 51.4
2019-10-02, 17:17:38, 25.8, 51.4
2019-10-02, 17:17:48, 25.8, 51.4
2019-10-02, 17:17:58, 25.8, 51.4
2019-10-02, 17:18:08, 25.8, 51.4
2019-10-02, 17:18:18, 25.8, 51.4
2019-10-02, 17:18:28, 25.8, 51.4
2019-10-02, 17:18:38, 25.8, 51.4
2019-10-02, 17:18:49, 25.8, 51.4
2019-10-02, 17:18:59, 25.8, 51.4
2019-10-02, 17:19:09, 25.8, 51.4
2019-10-02, 17:19:19, 25.8, 51.4
2019-10-02, 17:19:29, 25.8, 51.4
2019-10-02, 17:19:39, 25.8, 51.4
2019-10-02, 17:19:49, 25.8, 51.4
2019-10-02, 17:20:00, 25.8, 51.4
2019-10-02, 17:20:10, 25.8, 51.4
2019-10-02, 17:20:20, 25.8, 51.4
2019-10-02, 17:20:30, 25.8, 51.4
2019-10-02, 17:20:40, 25.8, 51.4
2019-10-02, 17:20:50, 25.8, 51.4
2019-10-02, 17:21:00, 25.8, 51.4
2019-10-02, 17:21:10, 25.8, 51.4
2019-10-02, 17:21:21, 25.8, 51.4
2019-10-02, 17:21:31, 25.8, 51.4
2019-10-02, 17:21:41, 25.8, 51.4
2019-10-02, 17:21:51, 25.8, 51.4
2019-10-02, 17:22:01, 25.8, 51.4
2019-10-02, 17:22:11, 25.8, 51.4
2019-10-02, 17:22:22, 25.8, 51.4
2019-10-02, 17:22:32, 25.8, 51.4
2019-10-02, 17:22:42, 25.8, 51.4
2019-10-02, 17:22:52, 25.8, 51.4
2019-10-02, 17:23:02, 25.8, 51.4
2019-10-02, 17:23:12, 25.8, 51.4
2019-10-02, 17:23:22, 25.8, 51.4
2019-10-02, 17:23:32, 25.8, 51.4
2019-10-02, 17:23:43, 25.8, 51.4
2019-10-02, 17:23:53, 25.8, 51.4
2019-10-02, 17:24:03, 25.8, 51.4
2019-10-02, 17:24:13, 25.8, 51.4
2019-10-02, 17:24:23, 25.8, 51.4
2019-10-02, 17:24:33, 25.8, 51.4
2019-10-02, 17:24:43, 25.8, 51.4
2019-10-02, 17:24:54, 25.8, 51.4
2019-10-02, 17:25:04, 25.8, 51.4
2019-10-02, 17:25:14, 25.8, 51.4
2019-10-02, 17:25:24, 25.8, 51.4
2019-10-02, 17:25:34, 25.8, 51.4
2019-10-02, 17:25:44, 25.8, 51.4
2019-10-02, 17:25:54, 25.8, 51.4
2019-10-02, 17:26:05, 25.8, 51.4
2019-10-02, 17:26:15, 25.8, 51.4
2019-10-02, 17:26:25, 25.8, 51.4
2019-10-02, 17:26:35, 25.8, 51.4
2019-10-02, 17:26:45, 25.8, 51.4
2019-10-02, 17:26:55, 25.8, 51.4
2019-10-02, 17:27:05, 25.8, 51.4
2019-10-02, 17:27:15, 25.8, 51.4
2019-10-02, 17:27:26, 25.8, 51.4
2019-10-02, 17:27:36, 25.8, 51.4
2019-10-02, 17:27:46, 25.8, 51.4
2019-10-02, 17:27:56, 25.8, 51.4
2019-10-02, 17:28:06, 25.8, 51.4
2019-10-02, 17:28:16, 25.8, 51.4
2019-10-02, 17:28:26, 25.8, 51.4
2019-10-02, 17:28:37, 25.8, 51.4
2019-10-02, 17:28:47, 25.8, 51.4
2019-10-02, 17:28:57, 25.8, 51.4
2019-10-02, 17:29:07, 25.8, 51.4
2019-10-02, 17:29:17, 25.8, 51.4
2019-10-02, 17:29:27, 25.8, 51.4
2019-10-02, 17:29:37, 25.8, 51.4
2019-10-02, 17:29:47, 25.8, 51.4
2019-10-02, 17:29:58, 25.8, 51.4
2019-10-02, 17:30:08, 25.8, 51.4
2019-10-02, 17:30:18, 25.8, 51.4
2019-10-02, 17:30:28, 25.8, 51.4
2019-10-02, 17:30:38, 25.8, 51.4
2019-10-02, 17:30:48, 25.8, 51.4
2019-10-02, 17:30:58, 25.8, 51.4
2019-10-02, 17:31:09, 25.8, 51.4
2019-10-02, 17:31:19, 25.8, 51.4
2019-10-02, 17:31:29, 25.8, 51.4
2019-10-02, 17:31:39, 25.8, 51.4
2019-10-02, 17:31:49, 25.8, 51.4
2019-10-02, 17:31:59, 25.8, 51.4
2019-10-02, 17:32:10, 25.8, 51.4
2019-10-02, 17:32:20, 25.8, 51.4
2019-10-02, 17:32:30, 25.8, 51.4
2019-10-02, 17:32:40, 25.8, 51.4
2019-10-02, 17:32:50, 25.8, 51.4
2019-10-02, 17:33:00, 25.8, 51.4
2019-10-02, 17:33:10, 25.8, 51.4
2019-10-02, 17:33:20, 25.8, 51.4
2019-10-02, 17:33:31, 25.8, 51.4
2019-10-02, 17:33:41, 25.8, 51.4
2019-10-02, 17:33:51, 25.8, 51.4
2019-10-02, 17:34:01, 25.8, 51.4
2019-10-02, 17:34:11, 25.8, 51.4
2019-10-02, 17:34:21, 25.8, 51.4
2019-10-02, 17:34:31, 25.8, 51.4
2019-10-02, 17:34:42, 25.8, 51.4
2019-10-02, 17:34:52, 25.8, 51.4
2019-10-02, 17:35:02, 25.8, 51.4
2019-10-02, 17:35:12, 25.8, 51.4
2019-10-02, 17:35:22, 25.8, 51.4
2019-10-02, 17:35:32, 25.8, 51.4
2019-10-02, 17:35:42, 25.8, 51.4
2019-10-02, 17:35:52, 25.8, 51.4
2019-10-02, 17:36:03, 25.8, 51.4
2019-10-02, 17:36:13, 25.8, 51.4
2019-10-02, 17:36:23, 25.8, 51.4
2019-10-02, 17:36:33, 25.8, 51.4
2019-10-02, 17:36:43, 25.8, 51.4
2019-10-02, 17:36:53, 25.8, 51.4
2019-10-02, 17:37:04, 25.8, 51.4
2019-10-02, 17:37:14, 25.8, 51.4
2019-10-02, 17:37:24, 25.8, 51.4
2019-10-02, 17:37:34, 25.8, 51.4
2019-10-02, 17:37:44, 25.8, 51.4
2019-10-02, 17:37:54, 25.8, 51.4
2019-10-02, 17:38:04, 25.8, 51.4
2019-10-02, 17:38:15, 25.8, 51.4
2019-10-02, 17:38:25, 25.8, 51.4
2019-10-02, 17:38:35, 25.8, 51.4
2019-10-02, 17:38:45, 25.8, 51.4
2019-10-02, 17:38:55, 25.8, 51.4
2019-10-02, 17:39:05, 25.8, 51.4
2019-10-02, 17:39:15, 25.8, 51.4
2019-10-02, 17:39:25, 25.8, 51.4
2019-10-02, 17:39:36, 25.8, 51.4
2019-10-02, 17:39:46, 25.8, 51.4
2019-10-02, 17:39:56, 25.8, 51.4
2019-10-02, 17:40:06, 25.8, 51.4
2019-10-02, 17:40:16, 25.8, 51.4
2019-10-02, 17:40:26, 25.8, 51.4
2019-10-02, 17:40:36, 25.8, 51.4
2019-10-02, 17:40:46, 25.8, 51.4
2019-10-02, 17:40:57, 25.8, 51.4
2019-10-02, 17:41:07, 25.8, 51.4
2019-10-02, 17:41:17, 25.8, 51.4
2019-10-02, 17:41:27, 25.8, 51.4
2019-10-02, 17:41:37, 25.8, 51.4
2019-10-02, 17:41:47, 25.8, 51.4
2019-10-02, 17:41:57, 25.8, 51.4
2019-10-02, 17:42:08, 25.8, 51.4
2019-10-02, 17:42:18, 25.8, 51.4
2019-10-02, 17:42:28, 25.8, 51.4
2019-10-02, 17:42:38, 25.8, 51.4
2019-10-02, 17:42:48, 25.8, 51.4
2019-10-02, 17:42:58, 25.8, 51.4
2019-10-02, 17:43:08, 25.8, 51.4
2019-10-02, 17:43:18, 25.8, 51.4
2019-10-02, 17:43:29, 25.8, 51.4
2019-10-02, 17:43:39, 25.8, 51.4
2019-10-02, 17:43:49, 25.8, 51.4
2019-10-02, 17:43:59, 25.8, 51.4
2019-10-02, 17:44:09, 25.8, 51.4
2019-10-02, 17:44:19, 25.8, 51.4
2019-10-02, 17:44:29, 25.8, 51.4
2019-10-02, 17:44:40, 25.8, 51.4
2019-10-02, 17:44:50, 25.8, 51.4
2019-10-02, 17:45:00, 25.8, 51.4
2019-10-02, 17:45:10, 25.8, 51.4
2019-10-02, 17:45:20, 25.8, 51.4
2019-10-02, 17:45:30, 25.8, 51.4
2019-10-02, 17:45:40, 25.8, 51.4
2019-10-02, 17:45:50, 25.8, 51.4
2019-10-02, 17:46:01, 25.8, 51.4
2019-10-02, 17:46:11, 25.8, 51.4
2019-10-02, 17:46:21, 25.8, 51.4
2019-10-02, 17:46:31, 25.8, 51.4
2019-10-02, 17:46:41, 25.8, 51.4
2019-10-02, 17:46:51, 25.8, 51.4
2019-10-02, 17:47:01, 25.8, 51.4
2019-10-02, 17:47:12, 25.8, 51.4
2019-10-02, 17:47:22, 25.8, 51.4
2019-10-02, 17:47:32, 25.8, 51.4
2019-10-02, 17:47:42, 25.8, 51.4
2019-10-02, 17:47:52, 25.8, 51.4
2019-10-02, 17:48:02, 25.8, 51.4
2019-10-02, 17:48:12, 25.8, 51.4
2019-10-02, 17:48:22, 25.8, 51.4
2019-10-02, 17:48:33, 25.8, 51.4
2019-10-02, 17:48:43, 25.8, 51.4
2019-10-02, 17:48:53, 25.8, 51.4
2019-10-02, 17:49:03, 25.8, 51.4
2019-10-02, 17:49:13, 25.8, 51.4
2019-10-02, 17:49:23, 25.8, 51.4
2019-10-02, 17:49:33, 25.8, 51.4
2019-10-02, 17:49:44, 25.8, 51.4
2019-10-02, 17:49:54, 25.8, 51.4
2019-10-02, 17:50:04, 25.8, 51.4
2019-10-02, 17:50:14, 25.8, 51.4
2019-10-02, 17:50:24, 25.8, 51.4
2019-10-02, 17:50:34, 25.8, 51.4
2019-10-02, 17:50:44, 25.8, 51.4
2019-10-02, 17:50:54, 25.8, 51.4
2019-10-02, 17:51:05, 25.8, 51.4
2019-10-02, 17:51:15, 25.8, 51.4
2019-10-02, 17:51:25, 25.8, 51.4
2019-10-02, 17:51:35, 25.8, 51.4
2019-10-02, 17:51:45, 25.8, 51.4
2019-10-02, 17:51:55, 25.8, 51.4
2019-10-02, 17:52:05, 25.8, 51.4
2019-10-02, 17:52:15, 25.8, 51.4
2019-10-02, 17:52:26, 25.8, 51.4
2019-10-02, 17:52:36, 25.8, 51.4
2019-10-02, 17:52:46, 25.8, 51.4
2019-10-02, 17:52:56, 25.8, 51.4
2019-10-02, 17:53:06, 25.8, 51.4
2019-10-02, 17:53:16, 25.8, 51.4
2019-10-02, 17:53:26, 25.8, 51.4
2019-10-02, 17:53:37, 25.8, 51.4
2019-10-02, 17:53:47, 25.8, 51.4
2019-10-02, 17:53:57, 25.8, 51.4
2019-10-02, 17:54:07, 25.8, 51.4
2019-10-02, 17:54:17, 25.8, 51.4
2019-10-02, 17:54:27, 25.8, 51.4
2019-10-02, 17:54:37, 25.8, 51.4
2019-10-02, 17:54:47, 25.8, 51.4
2019-10-02, 17:54:58, 25.8, 51.4
2019-10-02, 17:55:08, 25.8, 51.4
2019-10-02, 17:55:18, 25.8, 51.4
2019-10-02, 17:55:28, 25.8, 51.4
2019-10-02, 17:55:38, 25.8, 51.4
2019-10-02, 17:55:49, 25.8, 51.4
2019-10-02, 17:55:59, 25.8, 51.4
2019-10-02, 17:56:09, 25.8, 51.4
2019-10-02, 17:56:19, 25.8, 51.4
2019-10-02, 17:56:29, 25.8, 51.4
2019-10-02, 17:56:39, 25.8, 51.4
2019-10-02, 17:56:49, 25.8, 51.4
2019-10-02, 17:56:59, 25.8, 51.4
2019-10-02, 17:57:10, 25.8, 51.4
2019-10-02, 17:57:20, 25.8, 51.4
2019-10-02, 17:57:30, 25.8, 51.4
2019-10-02, 17:57:40, 25.8, 51.4
2019-10-02, 17:57:50, 25.8, 51.4
2019-10-02, 17:58:00, 25.8, 51.4
2019-10-02, 17:58:10, 25.8, 51.4
2019-10-02, 17:58:21, 25.8, 51.4
2019-10-02, 17:58:31, 25.8, 51.4
2019-10-02, 17:58:41, 25.8, 51.4
2019-10-02, 17:58:51, 25.8, 51.4
2019-10-02, 17:59:01, 25.8, 51.4
2019-10-02, 17:59:11, 25.8, 51.4
2019-10-02, 17:59:22, 25.8, 51.4
2019-10-02, 17:59:32, 25.8, 51.4
2019-10-02, 17:59:42, 25.8, 51.4
2019-10-02, 17:59:52, 25.8, 51.4
2019-10-02, 18:00:02, 25.8, 51.4
2019-10-02, 18:00:12, 25.8, 51.4
2019-10-02, 18:00:22, 25.8, 51.4
2019-10-02, 18:00:32, 25.8, 51.4
2019-10-02, 18:00:43, 25.8, 51.4
2019-10-02, 18:00:53, 25.8, 51.4
2019-10-02, 18:01:03, 25.8, 51.4
2019-10-02, 18:01:13, 25.8, 51.4
2019-10-02, 18:01:23, 25.8, 51.4
2019-10-02, 18:01:34, 25.8, 51.4
2019-10-02, 18:01:44, 25.8, 51.4
2019-10-02, 18:01:54, 25.8, 51.4
2019-10-02, 18:02:04, 25.8, 51.4
2019-10-02, 18:02:14, 25.8, 51.4
2019-10-02, 18:02:24, 25.8, 51.4
2019-10-02, 18:02:34, 25.8, 51.4
2019-10-02, 18:02:44, 25.8, 51.4
2019-10-02, 18:02:55, 25.8, 51.4
2019-10-02, 18:03:05, 25.8, 51.4
2019-10-02, 18:03:15, 25.8, 51.4
2019-10-02, 18:03:25, 25.8, 51.4
2019-10-02, 18:03:35, 25.8, 51.4
2019-10-02, 18:03:45, 25.8, 51.4
2019-10-02, 18:03:55, 25.8, 51.4
2019-10-02, 18:04:06, 25.8, 51.4
2019-10-02, 18:04:16, 25.8, 51.4
2019-10-02, 18:04:26, 25.8, 51.4
2019-10-02, 18:04:36, 25.8, 51.4
2019-10-02, 18:04:46, 25.8, 51.4
2019-10-02, 18:04:56, 25.8, 51.4
2019-10-02, 18:05:06, 25.8, 51.4
2019-10-02, 18:05:17, 25.8, 51.4
2019-10-02, 18:05:27, 25.8, 51.4
2019-10-02, 18:05:37, 25.8, 51.4
2019-10-02, 18:05:47, 25.8, 51.4
2019-10-02, 18:05:57, 25.8, 51.4
2019-10-02, 18:06:07, 25.8, 51.4
2019-10-02, 18:06:17, 25.8, 51.4
2019-10-02, 18:06:27, 25.8, 51.4
2019-10-02, 18:06:38, 25.8, 51.4
2019-10-02, 18:06:48, 25.8, 51.4
2019-10-02, 18:06:58, 25.8, 51.4
2019-10-02, 18:07:08, 25.8, 51.4
2019-10-02, 18:07:18, 25.8, 51.4
2019-10-02, 18:07:28, 25.8, 51.4
2019-10-02, 18:07:38, 25.8, 51.4
2019-10-02, 18:07:49, 25.8, 51.4
2019-10-02, 18:07:59, 25.8, 51.4
2019-10-02, 18:08:09, 25.8, 51.4
2019-10-02, 18:08:19, 25.8, 51.4
2019-10-02, 18:08:29, 25.8, 51.4
2019-10-02, 18:08:39, 25.8, 51.4
2019-10-02, 18:08:49, 25.8, 51.4
2019-10-02, 18:09:00, 25.8, 51.4
2019-10-02, 18:09:10, 25.8, 51.4
2019-10-02, 18:09:20, 25.8, 51.4
2019-10-02, 18:09:30, 25.8, 51.4
2019-10-02, 18:09:40, 25.8, 51.4
2019-10-02, 18:09:50, 25.8, 51.4
2019-10-02, 18:10:00, 25.8, 51.4
2019-10-02, 18:10:10, 25.8, 51.4
2019-10-02, 18:10:21, 25.8, 51.4
2019-10-02, 18:10:31, 25.8, 51.4
2019-10-02, 18:10:41, 25.8, 51.4
2019-10-02, 18:10:51, 25.8, 51.4
2019-10-02, 18:11:01, 25.8, 51.4
2019-10-02, 18:11:11, 25.8, 51.4
2019-10-02, 18:11:21, 25.8, 51.4
2019-10-02, 18:11:32, 25.8, 51.4
2019-10-02, 18:11:42, 25.8, 51.4
2019-10-02, 18:11:52, 25.8, 51.4
2019-10-02, 18:12:02, 25.8, 51.4
2019-10-02, 18:12:12, 25.8, 51.4
2019-10-02, 18:12:22, 25.8, 51.4
2019-10-02, 18:12:32, 25.8, 51.4
2019-10-02, 18:12:43, 25.8, 51.4
2019-10-02, 18:12:53, 25.8, 51.4
2019-10-02, 18:13:03, 25.8, 51.4
2019-10-02, 18:13:13, 25.8, 51.4
2019-10-02, 18:13:23, 25.8, 51.4
2019-10-02, 18:13:33, 25.8, 51.4
2019-10-02, 18:13:43, 25.8, 51.4
2019-10-02, 18:13:53, 25.8, 51.4
2019-10-02, 18:14:04, 25.8, 51.4
2019-10-02, 18:14:14, 25.8, 51.4
2019-10-02, 18:14:24, 25.8, 51.4
2019-10-02, 18:14:34, 25.8, 51.4
2019-10-02, 18:14:44, 25.8, 51.4
2019-10-02, 18:14:54, 25.8, 51.4
2019-10-02, 18:15:04, 25.8, 51.4
2019-10-02, 18:15:15, 25.8, 51.4
2019-10-02, 18:15:25, 25.8, 51.4
2019-10-02, 18:15:35, 25.8, 51.4
2019-10-02, 18:15:45, 25.8, 51.4
2019-10-02, 18:15:55, 25.8, 51.4
2019-10-02, 18:16:05, 25.8, 51.4
2019-10-02, 18:16:15, 25.8, 51.4
2019-10-02, 18:16:26, 25.8, 51.4
2019-10-02, 18:16:36, 25.8, 51.4
2019-10-02, 18:16:46, 25.8, 51.4
2019-10-02, 18:16:56, 25.8, 51.4
2019-10-02, 18:17:06, 25.8, 51.4
2019-10-02, 18:17:16, 25.8, 51.4
2019-10-02, 18:17:26, 25.8, 51.4
2019-10-02, 18:17:36, 25.8, 51.4
2019-10-02, 18:17:47, 25.8, 51.4
2019-10-02, 18:17:57, 25.8, 51.4
2019-10-02, 18:18:07, 25.8, 51.4
2019-10-02, 18:18:17, 25.8, 51.4
2019-10-02, 18:18:27, 25.8, 51.4
2019-10-02, 18:18:37, 25.8, 51.4
2019-10-02, 18:18:47, 25.8, 51.4
2019-10-02, 18:18:58, 25.8, 51.4
2019-10-02, 18:19:08, 25.8, 51.4
2019-10-02, 18:19:18, 25.8, 51.4
2019-10-02, 18:19:28, 25.8, 51.4
2019-10-02, 18:19:38, 25.8, 51.4
2019-10-02, 18:19:48, 25.8, 51.4
2019-10-02, 18:19:58, 25.8, 51.4
2019-10-02, 18:20:09, 25.8, 51.4
2019-10-02, 18:20:19, 25.8, 51.4
2019-10-02, 18:20:29, 25.8, 51.4
2019-10-02, 18:20:39, 25.8, 51.4
2019-10-02, 18:20:49, 25.8, 51.4
2019-10-02, 18:20:59, 25.8, 51.4
2019-10-02, 18:21:09, 25.8, 51.4
2019-10-02, 18:21:20, 25.8, 51.4
2019-10-02, 18:21:30, 25.8, 51.4
2019-10-02, 18:21:40, 25.8, 51.4
2019-10-02, 18:21:50, 25.8, 51.4
2019-10-02, 18:22:00, 25.8, 51.4
2019-10-02, 18:22:10, 25.8, 51.4
2019-10-02, 18:22:20, 25.8, 51.4
2019-10-02, 18:22:30, 25.8, 51.4
2019-10-02, 18:22:41, 25.8, 51.4
2019-10-02, 18:22:51, 25.8, 51.4
2019-10-02, 18:23:01, 25.8, 51.4
2019-10-02, 18:23:11, 25.8, 51.4
2019-10-02, 18:23:21, 25.8, 51.4
2019-10-02, 18:23:31, 25.8, 51.4
2019-10-02, 18:23:41, 25.8, 51.4
2019-10-02, 18:23:52, 25.8, 51.4
2019-10-02, 18:24:02, 25.8, 51.4
2019-10-02, 18:24:12, 25.8, 51.4
2019-10-02, 18:24:22, 25.8, 51.4
2019-10-02, 18:24:32, 25.8, 51.4
2019-10-02, 18:24:42, 25.8, 51.4
2019-10-02, 18:24:52, 25.8, 51.4
2019-10-02, 18:25:03, 25.8, 51.4
2019-10-02, 18:25:13, 25.8, 51.4
2019-10-02, 18:25:23, 25.8, 51.4
2019-10-02, 18:25:33, 25.8, 51.4
2019-10-02, 18:25:43, 25.8, 51.4
2019-10-02, 18:25:53, 25.8, 51.4
2019-10-02, 18:26:03, 25.8, 51.4
2019-10-02, 18:26:14, 25.8, 51.4
2019-10-02, 18:26:24, 25.8, 51.4
2019-10-02, 18:26:34, 25.8, 51.4
2019-10-02, 18:26:44, 25.8, 51.4
2019-10-02, 18:26:54, 25.8, 51.4
2019-10-02, 18:27:04, 25.8, 51.4
2019-10-02, 18:27:14, 25.8, 51.4
2019-10-02, 18:27:24, 25.8, 51.4
2019-10-02, 18:27:35, 25.8, 51.4
2019-10-02, 18:27:45, 25.8, 51.4
2019-10-02, 18:27:55, 25.8, 51.4
2019-10-02, 18:28:05, 25.8, 51.4
2019-10-02, 18:28:15, 25.8, 51.4
2019-10-02, 18:28:25, 25.8, 51.4
2019-10-02, 18:28:36, 25.8, 51.4
2019-10-02, 18:28:46, 25.8, 51.4
2019-10-02, 18:28:56, 25.8, 51.4
2019-10-02, 18:29:06, 25.8, 51.4
2019-10-02, 18:29:16, 25.8, 51.4
2019-10-02, 18:29:26, 25.8, 51.4
2019-10-02, 18:29:36, 25.8, 51.4
2019-10-02, 18:29:47, 25.8, 51.4
2019-10-02, 18:29:57, 25.8, 51.4
2019-10-02, 18:30:07, 25.8, 51.4
2019-10-02, 18:30:17, 25.8, 51.4
2019-10-02, 18:30:27, 25.8, 51.4
2019-10-02, 18:30:37, 25.8, 51.4
2019-10-02, 18:30:47, 25.8, 51.4
2019-10-02, 18:30:58, 25.8, 51.4
2019-10-02, 18:31:08, 25.8, 51.4
2019-10-02, 18:31:18, 25.8, 51.4
2019-10-02, 18:31:28, 25.8, 51.4
2019-10-02, 18:31:38, 25.8, 51.4
2019-10-02, 18:31:48, 25.8, 51.4
2019-10-02, 18:31:58, 25.8, 51.4
2019-10-02, 18:32:09, 25.8, 51.4
2019-10-02, 18:32:19, 25.8, 51.4
2019-10-02, 18:32:29, 25.8, 51.4
2019-10-02, 18:32:39, 25.8, 51.4
2019-10-02, 18:32:49, 25.8, 51.4
2019-10-02, 18:32:59, 25.8, 51.4
2019-10-02, 18:33:09, 25.8, 51.4
2019-10-02, 18:33:20, 25.8, 51.4
2019-10-02, 18:33:30, 25.8, 51.4
2019-10-02, 18:33:40, 25.8, 51.4
2019-10-02, 18:33:50, 25.8, 51.4
2019-10-02, 18:34:00, 25.8, 51.4
2019-10-02, 18:34:10, 25.8, 51.4
2019-10-02, 18:34:20, 25.8, 51.4
2019-10-02, 18:34:30, 25.8, 51.4
2019-10-02, 18:34:41, 25.8, 51.4
2019-10-02, 18:34:51, 25.8, 51.4
2019-10-02, 18:35:01, 25.8, 51.4
2019-10-02, 18:35:11, 25.8, 51.4
2019-10-02, 18:35:21, 25.8, 51.4
2019-10-02, 18:35:31, 25.8, 51.4
2019-10-02, 18:35:41, 25.8, 51.4
2019-10-02, 18:35:52, 25.8, 51.4
2019-10-02, 18:36:02, 25.8, 51.4
2019-10-02, 18:36:12, 25.8, 51.4
2019-10-02, 18:36:22, 25.8, 51.4
2019-10-02, 18:36:32, 25.8, 51.4
2019-10-02, 18:36:42, 25.8, 51.4
2019-10-02, 18:36:52, 25.8, 51.4
2019-10-02, 18:37:03, 25.8, 51.4
2019-10-02, 18:37:13, 25.8, 51.4
2019-10-02, 18:37:23, 25.8, 51.4
2019-10-02, 18:37:33, 25.8, 51.4
2019-10-02, 18:37:43, 25.8, 51.4
2019-10-02, 18:37:53, 25.8, 51.4
2019-10-02, 18:38:03, 25.8, 51.4
2019-10-02, 18:38:14, 25.8, 51.4
2019-10-02, 18:38:24, 25.8, 51.4
2019-10-02, 18:38:34, 25.8, 51.4
2019-10-02, 18:38:44, 25.8, 51.4
2019-10-02, 18:38:54, 25.8, 51.4
2019-10-02, 18:39:04, 25.8, 51.4
2019-10-02, 18:39:14, 25.8, 51.4
2019-10-02, 18:39:25, 25.8, 51.4
2019-10-02, 18:39:35, 25.8, 51.4
2019-10-02, 18:39:45, 25.8, 51.4
2019-10-02, 18:39:55, 25.8, 51.4
2019-10-02, 18:40:05, 25.8, 51.4
2019-10-02, 18:40:15, 25.8, 51.4
2019-10-02, 18:40:25, 25.8, 51.4
2019-10-02, 18:40:35, 25.8, 51.4
2019-10-02, 18:40:46, 25.8, 51.4
2019-10-02, 18:40:56, 25.8, 51.4
2019-10-02, 18:41:06, 25.8, 51.4
2019-10-02, 18:41:16, 25.8, 51.4
2019-10-02, 18:41:26, 25.8, 51.4
2019-10-02, 18:41:36, 25.8, 51.4
2019-10-02, 18:41:46, 25.8, 51.4
2019-10-02, 18:41:57, 25.8, 51.4
2019-10-02, 18:42:07, 25.8, 51.4
2019-10-02, 18:42:17, 25.8, 51.4
2019-10-02, 18:42:27, 25.8, 51.4
2019-10-02, 18:42:37, 25.8, 51.4
2019-10-02, 18:42:47, 25.8, 51.4
2019-10-02, 18:42:57, 25.8, 51.4
2019-10-02, 18:43:07, 25.8, 51.4
2019-10-02, 18:43:18, 25.8, 51.4
2019-10-02, 18:43:28, 25.8, 51.4
2019-10-02, 18:43:38, 25.8, 51.4
2019-10-02, 18:43:48, 25.8, 51.4
2019-10-02, 18:43:58, 25.8, 51.4
2019-10-02, 18:44:08, 25.8, 51.4
2019-10-02, 18:44:18, 25.8, 51.4
2019-10-02, 18:44:29, 25.8, 51.4
2019-10-02, 18:44:39, 25.8, 51.4
2019-10-02, 18:44:49, 25.8, 51.4
2019-10-02, 18:44:59, 25.8, 51.4
2019-10-02, 18:45:09, 25.8, 51.4
2019-10-02, 18:45:19, 25.8, 51.4
2019-10-02, 18:45:29, 25.8, 51.4
2019-10-02, 18:45:39, 25.8, 51.4
2019-10-02, 18:45:50, 25.8, 51.4
2019-10-02, 18:46:00, 25.8, 51.4
2019-10-02, 18:46:10, 25.8, 51.4
2019-10-02, 18:46:20, 25.8, 51.4
2019-10-02, 18:46:30, 25.8, 51.4
2019-10-02, 18:46:40, 25.8, 51.4
2019-10-02, 18:46:51, 25.8, 51.4
2019-10-02, 18:47:01, 25.8, 51.4
2019-10-02, 18:47:11, 25.8, 51.4
2019-10-02, 18:47:21, 25.8, 51.4
2019-10-02, 18:47:31, 25.8, 51.4
2019-10-02, 18:47:42, 25.8, 51.4
2019-10-02, 18:47:52, 25.8, 51.4
2019-10-02, 18:48:02, 25.8, 51.4
2019-10-02, 18:48:12, 25.8, 51.4
2019-10-02, 18:48:22, 25.8, 51.4
2019-10-02, 18:48:32, 25.8, 51.4
2019-10-02, 18:48:42, 25.8, 51.4
2019-10-02, 18:48:52, 25.8, 51.4
2019-10-02, 18:49:03, 25.8, 51.4
2019-10-02, 18:49:13, 25.8, 51.4
2019-10-02, 18:49:23, 25.8, 51.4
2019-10-02, 18:49:33, 25.8, 51.4
2019-10-02, 18:49:43, 25.8, 51.4
2019-10-02, 18:49:53, 25.8, 51.4
2019-10-02, 18:50:03, 25.8, 51.4
2019-10-02, 18:50:14, 25.8, 51.4
2019-10-02, 18:50:24, 25.8, 51.4
2019-10-02, 18:50:34, 25.8, 51.4
2019-10-02, 18:50:44, 25.8, 51.4
2019-10-02, 18:50:54, 25.8, 51.4
2019-10-02, 18:51:04, 25.8, 51.4
2019-10-02, 18:51:14, 25.8, 51.4
2019-10-02, 18:51:25, 25.8, 51.4
2019-10-02, 18:51:35, 25.8, 51.4
2019-10-02, 18:51:45, 25.8, 51.4
2019-10-02, 18:51:55, 25.8, 51.4
2019-10-02, 18:52:05, 25.8, 51.4
2019-10-02, 18:52:15, 25.8, 51.4
2019-10-02, 18:52:25, 25.8, 51.4
2019-10-02, 18:52:36, 25.8, 51.4
2019-10-02, 18:52:46, 25.8, 51.4
2019-10-02, 18:52:56, 25.8, 51.4
2019-10-02, 18:53:06, 25.8, 51.4
2019-10-02, 18:53:16, 25.8, 51.4
2019-10-02, 18:53:26, 25.8, 51.4
2019-10-02, 18:53:36, 25.8, 51.4
2019-10-02, 18:53:46, 25.8, 51.4
2019-10-02, 18:53:57, 25.8, 51.4
2019-10-02, 18:54:07, 25.8, 51.4
2019-10-02, 18:54:17, 25.8, 51.4
2019-10-02, 18:54:27, 25.8, 51.4
2019-10-02, 18:54:37, 25.8, 51.4
2019-10-02, 18:54:47, 25.8, 51.4
2019-10-02, 18:54:57, 25.8, 51.4
2019-10-02, 18:55:08, 25.8, 51.4
2019-10-02, 18:55:18, 25.8, 51.4
2019-10-02, 18:55:28, 25.8, 51.4
2019-10-02, 18:55:38, 25.8, 51.4
2019-10-02, 18:55:48, 25.8, 51.4
2019-10-02, 18:55:58, 25.8, 51.4
2019-10-02, 18:56:08, 25.8, 51.4
2019-10-02, 18:56:19, 25.8, 51.4
2019-10-02, 18:56:29, 25.8, 51.4
2019-10-02, 18:56:39, 25.8, 51.4
2019-10-02, 18:56:49, 25.8, 51.4
2019-10-02, 18:56:59, 25.8, 51.4
2019-10-02, 18:57:09, 25.8, 51.4
2019-10-02, 18:57:19, 25.8, 51.4
2019-10-02, 18:57:29, 25.8, 51.4
2019-10-02, 18:57:40, 25.8, 51.4
2019-10-02, 18:57:50, 25.8, 51.4
2019-10-02, 18:58:00, 25.8, 51.4
2019-10-02, 18:58:10, 25.8, 51.4
2019-10-02, 18:58:20, 25.8, 51.4
2019-10-02, 18:58:30, 25.8, 51.4
2019-10-02, 18:58:40, 25.8, 51.4
2019-10-02, 18:58:51, 25.8, 51.4
2019-10-02, 18:59:01, 25.8, 51.4
2019-10-02, 18:59:11, 25.8, 51.4
2019-10-02, 18:59:21, 25.8, 51.4
2019-10-02, 18:59:31, 25.8, 51.4
2019-10-02, 18:59:41, 25.8, 51.4
2019-10-02, 18:59:51, 25.8, 51.4
2019-10-02, 19:00:02, 25.8, 51.4
2019-10-02, 19:00:12, 25.8, 51.4
2019-10-02, 19:00:22, 25.8, 51.4
2019-10-02, 19:00:32, 25.8, 51.4
2019-10-02, 19:00:42, 25.8, 51.4
2019-10-02, 19:00:52, 25.8, 51.4
2019-10-02, 19:01:02, 25.8, 51.4
2019-10-02, 19:01:13, 25.8, 51.4
2019-10-02, 19:01:23, 25.8, 51.4
2019-10-02, 19:01:33, 25.8, 51.4
2019-10-02, 19:01:43, 25.8, 51.4
2019-10-02, 19:01:53, 25.8, 51.4
2019-10-02, 19:02:03, 25.8, 51.4
2019-10-02, 19:02:13, 25.8, 51.4
2019-10-02, 19:02:24, 25.8, 51.4
2019-10-02, 19:02:34, 25.8, 51.4
2019-10-02, 19:02:44, 25.8, 51.4
2019-10-02, 19:02:54, 25.8, 51.4
2019-10-02, 19:03:04, 25.8, 51.4
2019-10-02, 19:03:14, 25.8, 51.4
2019-10-02, 19:03:24, 25.8, 51.4
2019-10-02, 19:03:34, 25.8, 51.4
2019-10-02, 19:03:45, 25.8, 51.4
2019-10-02, 19:03:55, 25.8, 51.4
2019-10-02, 19:04:05, 25.8, 51.4
2019-10-02, 19:04:15, 25.8, 51.4
2019-10-02, 19:04:25, 25.8, 51.4
2019-10-02, 19:04:35, 25.8, 51.4
2019-10-02, 19:04:45, 25.8, 51.4
2019-10-02, 19:04:56, 25.8, 51.4
2019-10-02, 19:05:06, 25.8, 51.4
2019-10-02, 19:05:16, 25.8, 51.4
2019-10-02, 19:05:26, 25.8, 51.4
2019-10-02, 19:05:36, 25.8, 51.4
2019-10-02, 19:05:46, 25.8, 51.4
2019-10-02, 19:05:56, 25.8, 51.4
2019-10-02, 19:06:07, 25.8, 51.4
2019-10-02, 19:06:17, 25.8, 51.4
2019-10-02, 19:06:27, 25.8, 51.4
2019-10-02, 19:06:37, 25.8, 51.4
2019-10-02, 19:06:47, 25.8, 51.4
2019-10-02, 19:06:57, 25.8, 51.4
2019-10-02, 19:07:07, 25.8, 51.4
2019-10-02, 19:07:18, 25.8, 51.4
2019-10-02, 19:07:28, 25.8, 51.4
2019-10-02, 19:07:38, 25.8, 51.4
2019-10-02, 19:07:48, 25.8, 51.4
2019-10-02, 19:07:58, 25.8, 51.4
2019-10-02, 19:08:08, 25.8, 51.4
2019-10-02, 19:08:18, 25.8, 51.4
2019-10-02, 19:08:29, 25.8, 51.4
2019-10-02, 19:08:39, 25.8, 51.4
2019-10-02, 19:08:49, 25.8, 51.4
2019-10-02, 19:08:59, 25.8, 51.4
2019-10-02, 19:09:09, 25.8, 51.4
2019-10-02, 19:09:19, 25.8, 51.4
2019-10-02, 19:09:30, 25.8, 51.4
2019-10-02, 19:09:40, 25.8, 51.4
2019-10-02, 19:09:50, 25.8, 51.4
2019-10-02, 19:10:00, 25.8, 51.4
2019-10-02, 19:10:10, 25.8, 51.4
2019-10-02, 19:10:20, 25.8, 51.4
2019-10-02, 19:10:30, 25.8, 51.4
2019-10-02, 19:10:40, 25.8, 51.4
2019-10-02, 19:10:51, 25.8, 51.4
2019-10-02, 19:11:01, 25.8, 51.4
2019-10-02, 19:11:11, 25.8, 51.4
2019-10-02, 19:11:21, 25.8, 51.4
2019-10-02, 19:11:31, 25.8, 51.4
2019-10-02, 19:11:41, 25.8, 51.4
2019-10-02, 19:11:51, 25.8, 51.4
2019-10-02, 19:12:02, 25.8, 51.4
2019-10-02, 19:12:12, 25.8, 51.4
2019-10-02, 19:12:22, 25.8, 51.4
2019-10-02, 19:12:32, 25.8, 51.4
2019-10-02, 19:12:42, 25.8, 51.4
2019-10-02, 19:12:52, 25.8, 51.4
2019-10-02, 19:13:02, 25.8, 51.4
2019-10-02, 19:13:13, 25.8, 51.4
2019-10-02, 19:13:23, 25.8, 51.4
2019-10-02, 19:13:33, 25.8, 51.4
2019-10-02, 19:13:43, 25.8, 51.4
2019-10-02, 19:13:53, 25.8, 51.4
2019-10-02, 19:14:03, 25.8, 51.4
2019-10-02, 19:14:13, 25.8, 51.4
2019-10-02, 19:14:24, 25.8, 51.4
2019-10-02, 19:14:34, 25.8, 51.4
2019-10-02, 19:14:44, 25.8, 51.4
2019-10-02, 19:14:54, 25.8, 51.4
2019-10-02, 19:15:04, 25.8, 51.4
2019-10-02, 19:15:14, 25.8, 51.4
2019-10-02, 19:15:24, 25.8, 51.4
2019-10-02, 19:15:34, 25.8, 51.4
2019-10-02, 19:15:45, 25.8, 51.4
2019-10-02, 19:15:55, 25.8, 51.4
2019-10-02, 19:16:05, 25.8, 51.4
2019-10-02, 19:16:15, 25.8, 51.4
2019-10-02, 19:16:25, 25.8, 51.4
2019-10-02, 19:16:35, 25.8, 51.4
2019-10-02, 19:16:45, 25.8, 51.4
2019-10-02, 19:16:56, 25.8, 51.4
2019-10-02, 19:17:06, 25.8, 51.4
2019-10-02, 19:17:16, 25.8, 51.4
2019-10-02, 19:17:26, 25.8, 51.4
2019-10-02, 19:17:36, 25.8, 51.4
2019-10-02, 19:17:46, 25.8, 51.4
2019-10-02, 19:17:56, 25.8, 51.4
2019-10-02, 19:18:07, 25.8, 51.4
2019-10-02, 19:18:17, 25.8, 51.4
2019-10-02, 19:18:27, 25.8, 51.4
2019-10-02, 19:18:37, 25.8, 51.4
2019-10-02, 19:18:47, 25.8, 51.4
2019-10-02, 19:18:57, 25.8, 51.4
2019-10-02, 19:19:07, 25.8, 51.4
2019-10-02, 19:19:18, 25.8, 51.4
2019-10-02, 19:19:28, 25.8, 51.4
2019-10-02, 19:19:38, 25.8, 51.4
2019-10-02, 19:19:48, 25.8, 51.4
2019-10-02, 19:19:58, 25.8, 51.4
2019-10-02, 19:20:08, 25.8, 51.4
2019-10-02, 19:20:18, 25.8, 51.4
2019-10-02, 19:20:28, 25.8, 51.4
2019-10-02, 19:20:39, 25.8, 51.4
2019-10-02, 19:20:49, 25.8, 51.4
2019-10-02, 19:20:59, 25.8, 51.4
2019-10-02, 19:21:09, 25.8, 51.4
2019-10-02, 19:21:19, 25.8, 51.4
2019-10-02, 19:21:29, 25.8, 51.4
2019-10-02, 19:21:39, 25.8, 51.4
2019-10-02, 19:21:50, 25.8, 51.4
2019-10-02, 19:22:00, 25.8, 51.4
2019-10-02, 19:22:10, 25.8, 51.4
2019-10-02, 19:22:20, 25.8, 51.4
2019-10-02, 19:22:30, 25.8, 51.4
2019-10-02, 19:22:40, 25.8, 51.4
2019-10-02, 19:22:50, 25.8, 51.4
2019-10-02, 19:23:00, 25.8, 51.4
2019-10-02, 19:23:11, 25.8, 51.4
2019-10-02, 19:23:21, 25.8, 51.4
2019-10-02, 19:23:31, 25.8, 51.4
2019-10-02, 19:23:41, 25.8, 51.4
2019-10-02, 19:23:51, 25.8, 51.4
2019-10-02, 19:24:01, 25.8, 51.4
2019-10-02, 19:24:11, 25.8, 51.4
2019-10-02, 19:24:22, 25.8, 51.4
2019-10-02, 19:24:32, 25.8, 51.4
2019-10-02, 19:24:42, 25.8, 51.4
2019-10-02, 19:24:52, 25.8, 51.4
2019-10-02, 19:25:02, 25.8, 51.4
2019-10-02, 19:25:12, 25.8, 51.4
2019-10-02, 19:25:22, 25.8, 51.4
2019-10-02, 19:25:33, 25.8, 51.4
2019-10-02, 19:25:43, 25.8, 51.4
2019-10-02, 19:25:53, 25.8, 51.4
2019-10-02, 19:26:03, 25.8, 51.4
2019-10-02, 19:26:13, 25.8, 51.4
2019-10-02, 19:26:23, 25.8, 51.4
2019-10-02, 19:26:33, 25.8, 51.4
2019-10-02, 19:26:44, 25.8, 51.4
2019-10-02, 19:26:54, 25.8, 51.4
2019-10-02, 19:27:04, 25.8, 51.4
2019-10-02, 19:27:14, 25.8, 51.4
2019-10-02, 19:27:24, 25.8, 51.4
2019-10-02, 19:27:34, 25.8, 51.4
2019-10-02, 19:27:44, 25.8, 51.4
2019-10-02, 19:27:55, 25.8, 51.4
2019-10-02, 19:28:05, 25.8, 51.4
2019-10-02, 19:28:15, 25.8, 51.4
2019-10-02, 19:28:25, 25.8, 51.4
2019-10-02, 19:28:35, 25.8, 51.4
2019-10-02, 19:28:45, 25.8, 51.4
2019-10-02, 19:28:55, 25.8, 51.4
2019-10-02, 19:29:06, 25.8, 51.4
2019-10-02, 19:29:16, 25.8, 51.4
2019-10-02, 19:29:26, 25.8, 51.4
2019-10-02, 19:29:36, 25.8, 51.4
2019-10-02, 19:29:46, 25.8, 51.4
2019-10-02, 19:29:56, 25.8, 51.4
2019-10-02, 19:30:07, 25.8, 51.4
2019-10-02, 19:30:17, 25.8, 51.4
2019-10-02, 19:30:27, 25.8, 51.4
2019-10-02, 19:30:37, 25.8, 51.4
2019-10-02, 19:30:47, 25.8, 51.4
2019-10-02, 19:30:57, 25.8, 51.4
2019-10-02, 19:31:07, 25.8, 51.4
2019-10-02, 19:31:18, 25.8, 51.4
2019-10-02, 19:31:28, 25.8, 51.4
2019-10-02, 19:31:38, 25.8, 51.4
2019-10-02, 19:31:48, 25.8, 51.4
2019-10-02, 19:31:58, 25.8, 51.4
2019-10-02, 19:32:08, 25.8, 51.4
2019-10-02, 19:32:18, 25.8, 51.4
2019-10-02, 19:32:28, 25.8, 51.4
2019-10-02, 19:32:39, 25.8, 51.4
2019-10-02, 19:32:49, 25.8, 51.4
2019-10-02, 19:32:59, 25.8, 51.4
2019-10-02, 19:33:09, 25.8, 51.4
2019-10-02, 19:33:19, 25.8, 51.4
2019-10-02, 19:33:29, 25.8, 51.4
2019-10-02, 19:33:39, 25.8, 51.4
2019-10-02, 19:33:50, 25.8, 51.4
2019-10-02, 19:34:00, 25.8, 51.4
2019-10-02, 19:34:10, 25.8, 51.4
2019-10-02, 19:34:20, 25.8, 51.4
2019-10-02, 19:34:30, 25.8, 51.4
2019-10-02, 19:34:40, 25.8, 51.4
2019-10-02, 19:34:50, 25.8, 51.4
2019-10-02, 19:35:01, 25.8, 51.4
2019-10-02, 19:35:11, 25.8, 51.4
2019-10-02, 19:35:21, 25.8, 51.4
2019-10-02, 19:35:31, 25.8, 51.4
2019-10-02, 19:35:41, 25.8, 51.4
2019-10-02, 19:35:51, 25.8, 51.4
2019-10-02, 19:36:01, 25.8, 51.4
2019-10-02, 19:36:12, 25.8, 51.4
2019-10-02, 19:36:22, 25.8, 51.4
2019-10-02, 19:36:32, 25.8, 51.4
2019-10-02, 19:36:42, 25.8, 51.4
2019-10-02, 19:36:52, 25.8, 51.4
2019-10-02, 19:37:02, 25.8, 51.4
2019-10-02, 19:37:12, 25.8, 51.4
2019-10-02, 19:37:22, 25.8, 51.4
2019-10-02, 19:37:33, 25.8, 51.4
2019-10-02, 19:37:43, 25.8, 51.4
2019-10-02, 19:37:53, 25.8, 51.4
2019-10-02, 19:38:03, 25.8, 51.4
2019-10-02, 19:38:13, 25.8, 51.4
2019-10-02, 19:38:23, 25.8, 51.4
2019-10-02, 19:38:33, 25.8, 51.4
2019-10-02, 19:38:44, 25.8, 51.4
2019-10-02, 19:38:54, 25.8, 51.4
2019-10-02, 19:39:04, 25.8, 51.4
2019-10-02, 19:39:14, 25.8, 51.4
2019-10-02, 19:39:24, 25.8, 51.4
2019-10-02, 19:39:34, 25.8, 51.4
2019-10-02, 19:39:45, 25.8, 51.4
2019-10-02, 19:39:55, 25.8, 51.4
2019-10-02, 19:40:05, 25.8, 51.4
2019-10-02, 19:40:15, 25.8, 51.4
2019-10-02, 19:40:25, 25.8, 51.4
2019-10-02, 19:40:35, 25.8, 51.4
2019-10-02, 19:40:45, 25.8, 51.4
2019-10-02, 19:40:56, 25.8, 51.4
2019-10-02, 19:41:06, 25.8, 51.4
2019-10-02, 19:41:16, 25.8, 51.4
2019-10-02, 19:41:26, 25.8, 51.4
2019-10-02, 19:41:36, 25.8, 51.4
2019-10-02, 19:41:46, 25.8, 51.4
2019-10-02, 19:41:56, 25.8, 51.4
2019-10-02, 19:42:07, 25.8, 51.4
2019-10-02, 19:42:17, 25.8, 51.4
2019-10-02, 19:42:27, 25.8, 51.4
2019-10-02, 19:42:37, 25.8, 51.4
2019-10-02, 19:42:47, 25.8, 51.4
2019-10-02, 19:42:57, 25.8, 51.4
2019-10-02, 19:43:07, 25.8, 51.4
2019-10-02, 19:43:18, 25.8, 51.4
2019-10-02, 19:43:28, 25.8, 51.4
2019-10-02, 19:43:38, 25.8, 51.4
2019-10-02, 19:43:48, 25.8, 51.4
2019-10-02, 19:43:58, 25.8, 51.4
2019-10-02, 19:44:08, 25.8, 51.4
2019-10-02, 19:44:18, 25.8, 51.4
2019-10-02, 19:44:28, 25.8, 51.4
2019-10-02, 19:44:39, 25.8, 51.4
2019-10-02, 19:44:49, 25.8, 51.4
2019-10-02, 19:44:59, 25.8, 51.4
2019-10-02, 19:45:09, 25.8, 51.4
2019-10-02, 19:45:19, 25.8, 51.4
2019-10-02, 19:45:29, 25.8, 51.4
2019-10-02, 19:45:39, 25.8, 51.4
2019-10-02, 19:45:50, 25.8, 51.4
2019-10-02, 19:46:00, 25.8, 51.4
2019-10-02, 19:46:10, 25.8, 51.4
2019-10-02, 19:46:20, 25.8, 51.4
2019-10-02, 19:46:30, 25.8, 51.4
2019-10-02, 19:46:40, 25.8, 51.4
2019-10-02, 19:46:50, 25.8, 51.4
2019-10-02, 19:47:01, 25.8, 51.4
2019-10-02, 19:47:11, 25.8, 51.4
2019-10-02, 19:47:21, 25.8, 51.4
2019-10-02, 19:47:31, 25.8, 51.4
2019-10-02, 19:47:41, 25.8, 51.4
2019-10-02, 19:47:51, 25.8, 51.4
2019-10-02, 19:48:01, 25.8, 51.4
2019-10-02, 19:48:11, 25.8, 51.4
2019-10-02, 19:48:22, 25.8, 51.4
2019-10-02, 19:48:32, 25.8, 51.4
2019-10-02, 19:48:42, 25.8, 51.4
2019-10-02, 19:48:52, 25.8, 51.4
2019-10-02, 19:49:02, 25.8, 51.4
2019-10-02, 19:49:12, 25.8, 51.4
2019-10-02, 19:49:22, 25.8, 51.4
2019-10-02, 19:49:33, 25.8, 51.4
2019-10-02, 19:49:43, 25.8, 51.4
2019-10-02, 19:49:53, 25.8, 51.4
2019-10-02, 19:50:03, 25.8, 51.4
2019-10-02, 19:50:13, 25.8, 51.4
2019-10-02, 19:50:23, 25.8, 51.4
2019-10-02, 19:50:33, 25.8, 51.4
2019-10-02, 19:50:44, 25.8, 51.4
2019-10-02, 19:50:54, 25.8, 51.4
2019-10-02, 19:51:04, 25.8, 51.4
2019-10-02, 19:51:14, 25.8, 51.4
2019-10-02, 19:51:24, 25.8, 51.4
2019-10-02, 19:51:34, 25.8, 51.4
2019-10-02, 19:51:45, 25.8, 51.4
2019-10-02, 19:51:55, 25.8, 51.4
2019-10-02, 19:52:05, 25.8, 51.4
2019-10-02, 19:52:15, 25.8, 51.4
2019-10-02, 19:52:25, 25.8, 51.4
2019-10-02, 19:52:35, 25.8, 51.4
2019-10-02, 19:52:45, 25.8, 51.4
2019-10-02, 19:52:57, 25.8, 51.4
2019-10-02, 19:53:07, 25.8, 51.4
2019-10-02, 19:53:17, 25.8, 51.4
2019-10-02, 19:53:27, 25.8, 51.4
2019-10-02, 19:53:37, 25.8, 51.4
2019-10-02, 19:53:47, 25.8, 51.4
2019-10-02, 19:53:57, 25.8, 51.4
2019-10-02, 19:54:08, 25.8, 51.4
2019-10-02, 19:54:18, 25.8, 51.4
2019-10-02, 19:54:28, 25.8, 51.4
2019-10-02, 19:54:38, 25.8, 51.4
2019-10-02, 19:54:48, 25.8, 51.4
2019-10-02, 19:54:58, 25.8, 51.4
2019-10-02, 19:55:08, 25.8, 51.4
2019-10-02, 19:55:19, 25.8, 51.4
2019-10-02, 19:55:29, 25.8, 51.4
2019-10-02, 19:55:39, 25.8, 51.4
2019-10-02, 19:55:49, 25.8, 51.4
2019-10-02, 19:55:59, 25.8, 51.4
2019-10-02, 19:56:09, 25.8, 51.4
2019-10-02, 19:56:20, 25.8, 51.4
2019-10-02, 19:56:30, 25.8, 51.4
2019-10-02, 19:56:41, 25.8, 51.4
2019-10-02, 19:56:51, 25.8, 51.4
2019-10-02, 19:57:01, 25.8, 51.4
2019-10-02, 19:57:11, 25.8, 51.4
2019-10-02, 19:57:22, 25.8, 51.4
2019-10-02, 19:57:32, 25.8, 51.4
2019-10-02, 19:57:42, 25.8, 51.4
2019-10-02, 19:57:52, 25.8, 51.4
2019-10-02, 19:58:02, 25.8, 51.4
2019-10-02, 19:58:12, 25.8, 51.4
2019-10-02, 19:58:22, 25.8, 51.4
2019-10-02, 19:58:32, 25.8, 51.4
2019-10-02, 19:58:43, 25.8, 51.4
2019-10-02, 19:58:53, 25.8, 51.4
2019-10-02, 19:59:03, 25.8, 51.4
2019-10-02, 19:59:13, 25.8, 51.4
2019-10-02, 19:59:23, 25.8, 51.4
2019-10-02, 19:59:33, 25.8, 51.4
2019-10-02, 19:59:43, 25.8, 51.4
2019-10-02, 19:59:54, 25.8, 51.4
2019-10-02, 20:00:04, 25.8, 51.4
2019-10-02, 20:00:14, 25.8, 51.4
2019-10-02, 20:00:24, 25.8, 51.4
2019-10-02, 20:00:34, 25.8, 51.4
2019-10-02, 20:00:44, 25.8, 51.4
2019-10-02, 20:00:54, 25.8, 51.4
2019-10-02, 20:01:05, 25.8, 51.4
2019-10-02, 20:01:15, 25.8, 51.4
2019-10-02, 20:01:25, 25.8, 51.4
2019-10-02, 20:01:35, 25.8, 51.4
2019-10-02, 20:01:45, 25.8, 51.4
2019-10-02, 20:01:55, 25.8, 51.4
2019-10-02, 20:02:05, 25.8, 51.4
2019-10-02, 20:02:16, 25.8, 51.4
2019-10-02, 20:02:26, 25.8, 51.4
2019-10-02, 20:02:36, 25.8, 51.4
2019-10-02, 20:02:46, 25.8, 51.4
2019-10-02, 20:02:56, 25.8, 51.4
2019-10-02, 20:03:06, 25.8, 51.4
2019-10-02, 20:03:16, 25.8, 51.4
2019-10-02, 20:03:27, 25.8, 51.4
2019-10-02, 20:03:37, 25.8, 51.4
2019-10-02, 20:03:47, 25.8, 51.4
2019-10-02, 20:03:57, 25.8, 51.4
2019-10-02, 20:04:07, 25.8, 51.4
2019-10-02, 20:04:17, 25.8, 51.4
2019-10-02, 20:04:27, 25.8, 51.4
2019-10-02, 20:04:37, 25.8, 51.4
2019-10-02, 20:04:48, 25.8, 51.4
2019-10-02, 20:04:58, 25.8, 51.4
2019-10-02, 20:05:08, 25.8, 51.4
2019-10-02, 20:05:18, 25.8, 51.4
2019-10-02, 20:05:28, 25.8, 51.4
2019-10-02, 20:05:38, 25.8, 51.4
2019-10-02, 20:05:48, 25.8, 51.4
2019-10-02, 20:05:59, 25.8, 51.4
2019-10-02, 20:06:09, 25.8, 51.4
2019-10-02, 20:06:19, 25.8, 51.4
2019-10-02, 20:06:29, 25.8, 51.4
2019-10-02, 20:06:39, 25.8, 51.4
2019-10-02, 20:06:49, 25.8, 51.4
2019-10-02, 20:06:59, 25.8, 51.4
2019-10-02, 20:07:10, 25.8, 51.4
2019-10-02, 20:07:20, 25.8, 51.4
2019-10-02, 20:07:30, 25.8, 51.4
2019-10-02, 20:07:40, 25.8, 51.4
2019-10-02, 20:07:50, 25.8, 51.4
2019-10-02, 20:08:00, 25.8, 51.4
2019-10-02, 20:08:10, 25.8, 51.4
2019-10-02, 20:08:20, 25.8, 51.4
2019-10-02, 20:08:31, 25.8, 51.4
2019-10-02, 20:08:41, 25.8, 51.4
2019-10-02, 20:08:51, 25.8, 51.4
2019-10-02, 20:09:01, 25.8, 51.4
2019-10-02, 20:09:11, 25.8, 51.4
2019-10-02, 20:09:21, 25.8, 51.4
2019-10-02, 20:09:31, 25.8, 51.4
2019-10-02, 20:09:42, 25.8, 51.4
2019-10-02, 20:09:52, 25.8, 51.4
2019-10-02, 20:10:02, 25.8, 51.4
2019-10-02, 20:10:12, 25.8, 51.4
2019-10-02, 20:10:22, 25.8, 51.4
2019-10-02, 20:10:32, 25.8, 51.4
2019-10-02, 20:10:42, 25.8, 51.4
2019-10-02, 20:10:53, 25.8, 51.4
2019-10-02, 20:11:03, 25.8, 51.4
2019-10-02, 20:11:13, 25.8, 51.4
2019-10-02, 20:11:23, 25.8, 51.4
2019-10-02, 20:11:33, 25.8, 51.4
2019-10-02, 20:11:43, 25.8, 51.4
2019-10-02, 20:11:53, 25.8, 51.4
2019-10-02, 20:12:03, 25.8, 51.4
2019-10-02, 20:12:14, 25.8, 51.4
2019-10-02, 20:12:24, 25.8, 51.4
2019-10-02, 20:12:34, 25.8, 51.4
2019-10-02, 20:12:44, 25.8, 51.4
2019-10-02, 20:12:54, 25.8, 51.4
2019-10-02, 20:13:04, 25.8, 51.4
2019-10-02, 20:13:14, 25.8, 51.4
2019-10-02, 20:13:25, 25.8, 51.4
2019-10-02, 20:13:35, 25.8, 51.4
2019-10-02, 20:13:45, 25.8, 51.4
2019-10-02, 20:13:55, 25.8, 51.4
2019-10-02, 20:14:05, 25.8, 51.4
2019-10-02, 20:14:15, 25.8, 51.4
2019-10-02, 20:14:25, 25.8, 51.4
2019-10-02, 20:14:36, 25.8, 51.4
2019-10-02, 20:14:46, 25.8, 51.4
2019-10-02, 20:14:56, 25.8, 51.4
2019-10-02, 20:15:06, 25.8, 51.4
2019-10-02, 20:15:16, 25.8, 51.4
2019-10-02, 20:15:26, 25.8, 51.4
2019-10-02, 20:15:37, 25.8, 51.4
2019-10-02, 20:15:47, 25.8, 51.4
2019-10-02, 20:15:57, 25.8, 51.4
2019-10-02, 20:16:07, 25.8, 51.4
2019-10-02, 20:16:17, 25.8, 51.4
2019-10-02, 20:16:27, 25.8, 51.4
2019-10-02, 20:16:38, 25.8, 51.4
2019-10-02, 20:16:48, 25.8, 51.4
2019-10-02, 20:16:58, 25.8, 51.4
2019-10-02, 20:17:08, 25.8, 51.4
2019-10-02, 20:17:18, 25.8, 51.4
2019-10-02, 20:17:28, 25.8, 51.4
2019-10-02, 20:17:38, 25.8, 51.4
2019-10-02, 20:17:49, 25.8, 51.4
2019-10-02, 20:17:59, 25.8, 51.4
2019-10-02, 20:18:09, 25.8, 51.4
2019-10-02, 20:18:19, 25.8, 51.4
2019-10-02, 20:18:29, 25.8, 51.4
2019-10-02, 20:18:39, 25.8, 51.4
2019-10-02, 20:18:49, 25.8, 51.4
2019-10-02, 20:19:00, 25.8, 51.4
2019-10-02, 20:19:10, 25.8, 51.4
2019-10-02, 20:19:20, 25.8, 51.4
2019-10-02, 20:19:30, 25.8, 51.4
2019-10-02, 20:19:40, 25.8, 51.4
2019-10-02, 20:19:50, 25.8, 51.4
2019-10-02, 20:20:00, 25.8, 51.4
2019-10-02, 20:20:11, 25.8, 51.4
2019-10-02, 20:20:21, 25.8, 51.4
2019-10-02, 20:20:31, 25.8, 51.4
2019-10-02, 20:20:41, 25.8, 51.4
2019-10-02, 20:20:51, 25.8, 51.4
2019-10-02, 20:21:01, 25.8, 51.4
2019-10-02, 20:21:11, 25.8, 51.4
2019-10-02, 20:21:21, 25.8, 51.4
2019-10-02, 20:21:32, 25.8, 51.4
2019-10-02, 20:21:42, 25.8, 51.4
2019-10-02, 20:21:52, 25.8, 51.4
2019-10-02, 20:22:02, 25.8, 51.4
2019-10-02, 20:22:12, 25.8, 51.4
2019-10-02, 20:22:22, 25.8, 51.4
2019-10-02, 20:22:32, 25.8, 51.4
2019-10-02, 20:22:43, 25.8, 51.4
2019-10-02, 20:22:53, 25.8, 51.4
2019-10-02, 20:23:03, 25.8, 51.4
2019-10-02, 20:23:13, 25.8, 51.4
2019-10-02, 20:23:23, 25.8, 51.4
2019-10-02, 20:23:33, 25.8, 51.4
2019-10-02, 20:23:43, 25.8, 51.4
2019-10-02, 20:23:54, 25.8, 51.4
2019-10-02, 20:24:04, 25.8, 51.4
2019-10-02, 20:24:14, 25.8, 51.4
2019-10-02, 20:24:24, 25.8, 51.4
2019-10-02, 20:24:34, 25.8, 51.4
2019-10-02, 20:24:44, 25.8, 51.4
2019-10-02, 20:24:54, 25.8, 51.4
2019-10-02, 20:25:05, 25.8, 51.4
2019-10-02, 20:25:15, 25.8, 51.4
2019-10-02, 20:25:25, 25.8, 51.4
2019-10-02, 20:25:35, 25.8, 51.4
2019-10-02, 20:25:45, 25.8, 51.4
2019-10-02, 20:25:55, 25.8, 51.4
2019-10-02, 20:26:05, 25.8, 51.4
2019-10-02, 20:26:16, 25.8, 51.4
2019-10-02, 20:26:26, 25.8, 51.4
2019-10-02, 20:26:36, 25.8, 51.4
2019-10-02, 20:26:46, 25.8, 51.4
2019-10-02, 20:26:56, 25.8, 51.4
2019-10-02, 20:27:06, 25.8, 51.4
2019-10-02, 20:27:16, 25.8, 51.4
2019-10-02, 20:27:26, 25.8, 51.4
2019-10-02, 20:27:37, 25.8, 51.4
2019-10-02, 20:27:47, 25.8, 51.4
2019-10-02, 20:27:57, 25.8, 51.4
2019-10-02, 20:28:07, 25.8, 51.4
2019-10-02, 20:28:17, 25.8, 51.4
2019-10-02, 20:28:27, 25.8, 51.4
2019-10-02, 20:28:37, 25.8, 51.4
2019-10-02, 20:28:48, 25.8, 51.4
2019-10-02, 20:28:58, 25.8, 51.4
2019-10-02, 20:29:08, 25.8, 51.4
2019-10-02, 20:29:18, 25.8, 51.4
2019-10-02, 20:29:28, 25.8, 51.4
2019-10-02, 20:29:38, 25.8, 51.4
2019-10-02, 20:29:48, 25.8, 51.4
2019-10-02, 20:29:59, 25.8, 51.4
2019-10-02, 20:30:09, 25.8, 51.4
2019-10-02, 20:30:19, 25.8, 51.4
2019-10-02, 20:30:29, 25.8, 51.4
2019-10-02, 20:30:39, 25.8, 51.4
2019-10-02, 20:30:49, 25.8, 51.4
2019-10-02, 20:30:59, 25.8, 51.4
2019-10-02, 20:31:09, 25.8, 51.4
2019-10-02, 20:31:20, 25.8, 51.4
2019-10-02, 20:31:30, 25.8, 51.4
2019-10-02, 20:31:40, 25.8, 51.4
2019-10-02, 20:31:50, 25.8, 51.4
2019-10-02, 20:32:00, 25.8, 51.4
2019-10-02, 20:32:10, 25.8, 51.4
2019-10-02, 20:32:20, 25.8, 51.4
2019-10-02, 20:32:31, 25.8, 51.4
2019-10-02, 20:32:41, 25.8, 51.4
2019-10-02, 20:32:51, 25.8, 51.4
2019-10-02, 20:33:01, 25.8, 51.4
2019-10-02, 20:33:11, 25.8, 51.4
2019-10-02, 20:33:21, 25.8, 51.4
2019-10-02, 20:33:31, 25.8, 51.4
2019-10-02, 20:33:42, 25.8, 51.4
2019-10-02, 20:33:52, 25.8, 51.4
2019-10-02, 20:34:02, 25.8, 51.4
2019-10-02, 20:34:12, 25.8, 51.4
2019-10-02, 20:34:22, 25.8, 51.4
2019-10-02, 20:34:32, 25.8, 51.4
2019-10-02, 20:34:42, 25.8, 51.4
2019-10-02, 20:34:52, 25.8, 51.4
2019-10-02, 20:35:03, 25.8, 51.4
2019-10-02, 20:35:13, 25.8, 51.4
2019-10-02, 20:35:23, 25.8, 51.4
2019-10-02, 20:35:33, 25.8, 51.4
2019-10-02, 20:35:43, 25.8, 51.4
2019-10-02, 20:35:53, 25.8, 51.4
2019-10-02, 20:36:03, 25.8, 51.4
2019-10-02, 20:36:14, 25.8, 51.4
2019-10-02, 20:36:24, 25.8, 51.4
2019-10-02, 20:36:34, 25.8, 51.4
2019-10-02, 20:36:44, 25.8, 51.4
2019-10-02, 20:36:54, 25.8, 51.4
2019-10-02, 20:37:04, 25.8, 51.4
2019-10-02, 20:37:14, 25.8, 51.4
2019-10-02, 20:37:25, 25.8, 51.4
2019-10-02, 20:37:35, 25.8, 51.4
2019-10-02, 20:37:45, 25.8, 51.4
2019-10-02, 20:37:55, 25.8, 51.4
2019-10-02, 20:38:05, 25.8, 51.4
2019-10-02, 20:38:15, 25.8, 51.4
2019-10-02, 20:38:25, 25.8, 51.4
2019-10-02, 20:38:36, 25.8, 51.4
2019-10-02, 20:38:46, 25.8, 51.4
2019-10-02, 20:38:56, 25.8, 51.4
2019-10-02, 20:39:06, 25.8, 51.4
2019-10-02, 20:39:16, 25.8, 51.4
2019-10-02, 20:39:26, 25.8, 51.4
2019-10-02, 20:39:36, 25.8, 51.4
2019-10-02, 20:39:46, 25.8, 51.4
2019-10-02, 20:39:57, 25.8, 51.4
2019-10-02, 20:40:07, 25.8, 51.4
2019-10-02, 20:40:17, 25.8, 51.4
2019-10-02, 20:40:27, 25.8, 51.4
2019-10-02, 20:40:37, 25.8, 51.4
2019-10-02, 20:40:47, 25.8, 51.4
2019-10-02, 20:40:57, 25.8, 51.4
2019-10-02, 20:41:08, 25.8, 51.4
2019-10-02, 20:41:18, 25.8, 51.4
2019-10-02, 20:41:28, 25.8, 51.4
2019-10-02, 20:41:38, 25.8, 51.4
2019-10-02, 20:41:48, 25.8, 51.4
2019-10-02, 20:41:58, 25.8, 51.4
2019-10-02, 20:42:08, 25.8, 51.4
2019-10-02, 20:42:18, 25.8, 51.4
2019-10-02, 20:42:29, 25.8, 51.4
2019-10-02, 20:42:39, 25.8, 51.4
2019-10-02, 20:42:49, 25.8, 51.4
2019-10-02, 20:42:59, 25.8, 51.4
2019-10-02, 20:43:09, 25.8, 51.4
2019-10-02, 20:43:19, 25.8, 51.4
2019-10-02, 20:43:29, 25.8, 51.4
2019-10-02, 20:43:40, 25.8, 51.4
2019-10-02, 20:43:50, 25.8, 51.4
2019-10-02, 20:44:00, 25.8, 51.4
2019-10-02, 20:44:10, 25.8, 51.4
2019-10-02, 20:44:20, 25.8, 51.4
2019-10-02, 20:44:30, 25.8, 51.4
2019-10-02, 20:44:40, 25.8, 51.4
2019-10-02, 20:44:51, 25.8, 51.4
2019-10-02, 20:45:01, 25.8, 51.4
2019-10-02, 20:45:11, 25.8, 51.4
2019-10-02, 20:45:21, 25.8, 51.4
2019-10-02, 20:45:31, 25.8, 51.4
2019-10-02, 20:45:41, 25.8, 51.4
2019-10-02, 20:45:51, 25.8, 51.4
2019-10-02, 20:46:02, 25.8, 51.4
2019-10-02, 20:46:12, 25.8, 51.4
2019-10-02, 20:46:22, 25.8, 51.4
2019-10-02, 20:46:32, 25.8, 51.4
2019-10-02, 20:46:42, 25.8, 51.4
2019-10-02, 20:46:52, 25.8, 51.4
2019-10-02, 20:47:02, 25.8, 51.4
2019-10-02, 20:47:13, 25.8, 51.4
2019-10-02, 20:47:23, 25.8, 51.4
2019-10-02, 20:47:33, 25.8, 51.4
2019-10-02, 20:47:43, 25.8, 51.4
2019-10-02, 20:47:53, 25.8, 51.4
2019-10-02, 20:48:03, 25.8, 51.4
2019-10-02, 20:48:13, 25.8, 51.4
2019-10-02, 20:48:23, 25.8, 51.4
2019-10-02, 20:48:34, 25.8, 51.4
2019-10-02, 20:48:44, 25.8, 51.4
2019-10-02, 20:48:54, 25.8, 51.4
2019-10-02, 20:49:04, 25.8, 51.4
2019-10-02, 20:49:14, 25.8, 51.4
2019-10-02, 20:49:24, 25.8, 51.4
2019-10-02, 20:49:34, 25.8, 51.4
2019-10-02, 20:49:45, 25.8, 51.4
2019-10-02, 20:49:55, 25.8, 51.4
2019-10-02, 20:50:05, 25.8, 51.4
2019-10-02, 20:50:15, 25.8, 51.4
2019-10-02, 20:50:25, 25.8, 51.4
2019-10-02, 20:50:35, 25.8, 51.4
2019-10-02, 20:50:45, 25.8, 51.4
2019-10-02, 20:50:56, 25.8, 51.4
2019-10-02, 20:51:06, 25.8, 51.4
2019-10-02, 20:51:16, 25.8, 51.4
2019-10-02, 20:51:26, 25.8, 51.4
2019-10-02, 20:51:36, 25.8, 51.4
2019-10-02, 20:51:46, 25.8, 51.4
2019-10-02, 20:51:56, 25.8, 51.4
2019-10-02, 20:52:06, 25.8, 51.4
2019-10-02, 20:52:17, 25.8, 51.4
2019-10-02, 20:52:27, 25.8, 51.4
2019-10-02, 20:52:37, 25.8, 51.4
2019-10-02, 20:52:47, 25.8, 51.4
2019-10-02, 20:52:57, 25.8, 51.4
2019-10-02, 20:53:07, 25.8, 51.4
2019-10-02, 20:53:17, 25.8, 51.4
2019-10-02, 20:53:28, 25.8, 51.4
2019-10-02, 20:53:38, 25.8, 51.4
2019-10-02, 20:53:48, 25.8, 51.4
2019-10-02, 20:53:58, 25.8, 51.4
2019-10-02, 20:54:08, 25.8, 51.4
2019-10-02, 20:54:18, 25.8, 51.4
2019-10-02, 20:54:28, 25.8, 51.4
2019-10-02, 20:54:39, 25.8, 51.4
2019-10-02, 20:54:49, 25.8, 51.4
2019-10-02, 20:54:59, 25.8, 51.4
2019-10-02, 20:55:09, 25.8, 51.4
2019-10-02, 20:55:19, 25.8, 51.4
2019-10-02, 20:55:29, 25.8, 51.4
2019-10-02, 20:55:39, 25.8, 51.4
2019-10-02, 20:55:49, 25.8, 51.4
2019-10-02, 20:56:00, 25.8, 51.4
2019-10-02, 20:56:10, 25.8, 51.4
2019-10-02, 20:56:20, 25.8, 51.4
2019-10-02, 20:56:30, 25.8, 51.4
2019-10-02, 20:56:40, 25.8, 51.4
2019-10-02, 20:56:50, 25.8, 51.4
2019-10-02, 20:57:00, 25.8, 51.4
2019-10-02, 20:57:10, 25.8, 51.4
2019-10-02, 20:57:21, 25.8, 51.4
2019-10-02, 20:57:31, 25.8, 51.4
2019-10-02, 20:57:41, 25.8, 51.4
2019-10-02, 20:57:51, 25.8, 51.4
2019-10-02, 20:58:01, 25.8, 51.4
2019-10-02, 20:58:11, 25.8, 51.4
2019-10-02, 20:58:21, 25.8, 51.4
2019-10-02, 20:58:32, 25.8, 51.4
2019-10-02, 20:58:42, 25.8, 51.4
2019-10-02, 20:58:52, 25.8, 51.4
2019-10-02, 20:59:02, 25.8, 51.4
2019-10-02, 20:59:12, 25.8, 51.4
2019-10-02, 20:59:22, 25.8, 51.4
2019-10-02, 20:59:32, 25.8, 51.4
2019-10-02, 20:59:42, 25.8, 51.4
2019-10-02, 20:59:53, 25.8, 51.4
2019-10-02, 21:00:03, 25.8, 51.4
2019-10-02, 21:00:13, 25.8, 51.4
2019-10-02, 21:00:23, 25.8, 51.4
2019-10-02, 21:00:33, 25.8, 51.4
2019-10-02, 21:00:43, 25.8, 51.4
2019-10-02, 21:00:59, 25.8, 51.4
2019-10-02, 21:01:09, 25.8, 51.4
2019-10-02, 21:01:19, 25.8, 51.4
2019-10-02, 21:01:30, 25.8, 51.4
2019-10-02, 21:01:40, 25.8, 51.4
2019-10-02, 21:01:50, 25.8, 51.4
2019-10-02, 21:02:00, 25.8, 51.4
2019-10-02, 21:02:10, 25.8, 51.4
2019-10-02, 21:02:20, 25.8, 51.4
2019-10-02, 21:02:30, 25.8, 51.4
2019-10-02, 21:02:41, 25.8, 51.4
2019-10-02, 21:02:51, 25.8, 51.4
2019-10-02, 21:03:01, 25.8, 51.4
2019-10-02, 21:03:11, 25.8, 51.4
2019-10-02, 21:03:21, 25.8, 51.4
2019-10-02, 21:03:31, 25.8, 51.4
2019-10-02, 21:03:41, 25.8, 51.4
2019-10-02, 21:03:51, 25.8, 51.4
2019-10-02, 21:04:02, 25.8, 51.4
2019-10-02, 21:04:12, 25.8, 51.4
2019-10-02, 21:04:22, 25.8, 51.4
2019-10-02, 21:04:32, 25.8, 51.4
2019-10-02, 21:04:42, 25.8, 51.4
2019-10-02, 21:04:52, 25.8, 51.4
2019-10-02, 21:05:02, 25.8, 51.4
2019-10-02, 21:05:13, 25.8, 51.4
2019-10-02, 21:05:23, 25.8, 51.4
2019-10-02, 21:05:33, 25.8, 51.4
2019-10-02, 21:05:43, 25.8, 51.4
2019-10-02, 21:05:53, 25.8, 51.4
2019-10-02, 21:06:04, 25.8, 51.4
2019-10-02, 21:06:14, 25.8, 51.4
2019-10-02, 21:06:24, 25.8, 51.4
2019-10-02, 21:06:34, 25.8, 51.4
2019-10-02, 21:06:44, 25.8, 51.4
2019-10-02, 21:06:54, 25.8, 51.4
2019-10-02, 21:07:04, 25.8, 51.4
2019-10-02, 21:07:14, 25.8, 51.4
2019-10-02, 21:07:25, 25.8, 51.4
2019-10-02, 21:07:35, 25.8, 51.4
2019-10-02, 21:07:45, 25.8, 51.4
2019-10-02, 21:07:55, 25.8, 51.4
2019-10-02, 21:08:05, 25.8, 51.4
2019-10-02, 21:08:15, 25.8, 51.4
2019-10-02, 21:08:25, 25.8, 51.4
2019-10-02, 21:08:36, 25.8, 51.4
2019-10-02, 21:08:46, 25.8, 51.4
2019-10-02, 21:08:56, 25.8, 51.4
2019-10-02, 21:09:06, 25.8, 51.4
2019-10-02, 21:09:16, 25.8, 51.4
2019-10-02, 21:09:26, 25.8, 51.4
2019-10-02, 21:09:36, 25.8, 51.4
2019-10-02, 21:09:47, 25.8, 51.4
2019-10-02, 21:09:57, 25.8, 51.4
2019-10-02, 21:10:07, 25.8, 51.4
2019-10-02, 21:10:17, 25.8, 51.4
2019-10-02, 21:10:27, 25.8, 51.4
2019-10-02, 21:10:37, 25.8, 51.4
2019-10-02, 21:10:48, 25.8, 51.4
2019-10-02, 21:10:58, 25.8, 51.4
2019-10-02, 21:11:08, 25.8, 51.4
2019-10-02, 21:11:18, 25.8, 51.4
2019-10-02, 21:11:28, 25.8, 51.4
2019-10-02, 21:11:38, 25.8, 51.4
2019-10-02, 21:11:48, 25.8, 51.4
2019-10-02, 21:11:59, 25.8, 51.4
2019-10-02, 21:12:09, 25.8, 51.4
2019-10-02, 21:12:19, 25.8, 51.4
2019-10-02, 21:12:29, 25.8, 51.4
2019-10-02, 21:12:39, 25.8, 51.4
2019-10-02, 21:12:49, 25.8, 51.4
2019-10-02, 21:12:59, 25.8, 51.4
2019-10-02, 21:13:10, 25.8, 51.4
2019-10-02, 21:13:20, 25.8, 51.4
2019-10-02, 21:13:30, 25.8, 51.4
2019-10-02, 21:13:40, 25.8, 51.4
2019-10-02, 21:13:50, 25.8, 51.4
2019-10-02, 21:14:00, 25.8, 51.4
2019-10-02, 21:14:10, 25.8, 51.4
2019-10-02, 21:14:20, 25.8, 51.4
2019-10-02, 21:14:31, 25.8, 51.4
2019-10-02, 21:14:41, 25.8, 51.4
2019-10-02, 21:14:51, 25.8, 51.4
2019-10-02, 21:15:01, 25.8, 51.4
2019-10-02, 21:15:11, 25.8, 51.4
2019-10-02, 21:15:21, 25.8, 51.4
2019-10-02, 21:15:31, 25.8, 51.4
2019-10-02, 21:15:42, 25.8, 51.4
2019-10-02, 21:15:52, 25.8, 51.4
2019-10-02, 21:16:02, 25.8, 51.4
2019-10-02, 21:16:12, 25.8, 51.4
2019-10-02, 21:16:22, 25.8, 51.4
2019-10-02, 21:16:32, 25.8, 51.4
2019-10-02, 21:16:42, 25.8, 51.4
2019-10-02, 21:16:53, 25.8, 51.4
2019-10-02, 21:17:03, 25.8, 51.4
2019-10-02, 21:17:13, 25.8, 51.4
2019-10-02, 21:17:23, 25.8, 51.4
2019-10-02, 21:17:33, 25.8, 51.4
2019-10-02, 21:17:43, 25.8, 51.4
2019-10-02, 21:17:53, 25.8, 51.4
2019-10-02, 21:18:04, 25.8, 51.4
2019-10-02, 21:18:14, 25.8, 51.4
2019-10-02, 21:18:24, 25.8, 51.4
2019-10-02, 21:18:34, 25.8, 51.4
2019-10-02, 21:18:44, 25.8, 51.4
2019-10-02, 21:18:54, 25.8, 51.4
2019-10-02, 21:19:04, 25.8, 51.4
2019-10-02, 21:19:14, 25.8, 51.4
2019-10-02, 21:19:25, 25.8, 51.4
2019-10-02, 21:19:35, 25.8, 51.4
2019-10-02, 21:19:45, 25.8, 51.4
2019-10-02, 21:19:55, 25.8, 51.4
2019-10-02, 21:20:05, 25.8, 51.4
2019-10-02, 21:20:16, 25.8, 51.4
2019-10-02, 21:20:26, 25.8, 51.4
2019-10-02, 21:20:36, 25.8, 51.4
2019-10-02, 21:20:46, 25.8, 51.4
2019-10-02, 21:20:56, 25.8, 51.4
2019-10-02, 21:21:06, 25.8, 51.4
2019-10-02, 21:21:16, 25.8, 51.4
2019-10-02, 21:21:26, 25.8, 51.4
2019-10-02, 21:21:37, 25.8, 51.4
2019-10-02, 21:21:47, 25.8, 51.4
2019-10-02, 21:21:57, 25.8, 51.4
2019-10-02, 21:22:07, 25.8, 51.4
2019-10-02, 21:22:17, 25.8, 51.4
2019-10-02, 21:22:27, 25.8, 51.4
2019-10-02, 21:22:37, 25.8, 51.4
2019-10-02, 21:22:48, 25.8, 51.4
2019-10-02, 21:22:58, 25.8, 51.4
2019-10-02, 21:23:08, 25.8, 51.4
2019-10-02, 21:23:18, 25.8, 51.4
2019-10-02, 21:23:28, 25.8, 51.4
2019-10-02, 21:23:38, 25.8, 51.4
2019-10-02, 21:23:48, 25.8, 51.4
2019-10-02, 21:23:59, 25.8, 51.4
2019-10-02, 21:24:09, 25.8, 51.4
2019-10-02, 21:24:19, 25.8, 51.4
2019-10-02, 21:24:29, 25.8, 51.4
2019-10-02, 21:24:39, 25.8, 51.4
2019-10-02, 21:24:49, 25.8, 51.4
2019-10-02, 21:24:59, 25.8, 51.4
2019-10-02, 21:25:10, 25.8, 51.4
2019-10-02, 21:25:20, 25.8, 51.4
2019-10-02, 21:25:30, 25.8, 51.4
2019-10-02, 21:25:40, 25.8, 51.4
2019-10-02, 21:25:50, 25.8, 51.4
2019-10-02, 21:26:00, 25.8, 51.4
2019-10-02, 21:26:10, 25.8, 51.4
2019-10-02, 21:26:20, 25.8, 51.4
2019-10-02, 21:26:31, 25.8, 51.4
2019-10-02, 21:26:41, 25.8, 51.4
2019-10-02, 21:26:51, 25.8, 51.4
2019-10-02, 21:27:01, 25.8, 51.4
2019-10-02, 21:27:11, 25.8, 51.4
2019-10-02, 21:27:21, 25.8, 51.4
2019-10-02, 21:27:31, 25.8, 51.4
2019-10-02, 21:27:42, 25.8, 51.4
2019-10-02, 21:27:52, 25.8, 51.4
2019-10-02, 21:28:02, 25.8, 51.4
2019-10-02, 21:28:12, 25.8, 51.4
2019-10-02, 21:28:22, 25.8, 51.4
2019-10-02, 21:28:32, 25.8, 51.4
2019-10-02, 21:28:42, 25.8, 51.4
2019-10-02, 21:28:53, 25.8, 51.4
2019-10-02, 21:29:03, 25.8, 51.4
2019-10-02, 21:29:13, 25.8, 51.4
2019-10-02, 21:29:23, 25.8, 51.4
2019-10-02, 21:29:33, 25.8, 51.4
2019-10-02, 21:29:43, 25.8, 51.4
2019-10-02, 21:29:53, 25.8, 51.4
2019-10-02, 21:30:03, 25.8, 51.4
2019-10-02, 21:30:14, 25.8, 51.4
2019-10-02, 21:30:24, 25.8, 51.4
2019-10-02, 21:30:34, 25.8, 51.4
2019-10-02, 21:30:44, 25.8, 51.4
2019-10-02, 21:30:54, 25.8, 51.4
2019-10-02, 21:31:04, 25.8, 51.4
2019-10-02, 21:31:14, 25.8, 51.4
2019-10-02, 21:31:25, 25.8, 51.4
2019-10-02, 21:31:35, 25.8, 51.4
2019-10-02, 21:31:45, 25.8, 51.4
2019-10-02, 21:31:55, 25.8, 51.4
2019-10-02, 21:32:05, 25.8, 51.4
2019-10-02, 21:32:15, 25.8, 51.4
2019-10-02, 21:32:25, 25.8, 51.4
2019-10-02, 21:32:36, 25.8, 51.4
2019-10-02, 21:32:46, 25.8, 51.4
2019-10-02, 21:32:56, 25.8, 51.4
2019-10-02, 21:33:06, 25.8, 51.4
2019-10-02, 21:33:16, 25.8, 51.4
2019-10-02, 21:33:26, 25.8, 51.4
2019-10-02, 21:33:36, 25.8, 51.4
2019-10-02, 21:33:46, 25.8, 51.4
2019-10-02, 21:33:57, 25.8, 51.4
2019-10-02, 21:34:07, 25.8, 51.4
2019-10-02, 21:34:17, 25.8, 51.4
2019-10-02, 21:34:27, 25.8, 51.4
2019-10-02, 21:34:37, 25.8, 51.4
2019-10-02, 21:34:47, 25.8, 51.4
2019-10-02, 21:34:57, 25.8, 51.4
2019-10-02, 21:35:08, 25.8, 51.4
2019-10-02, 21:35:18, 25.8, 51.4
2019-10-02, 21:35:28, 25.8, 51.4
2019-10-02, 21:35:38, 25.8, 51.4
2019-10-02, 21:35:48, 25.8, 51.4
2019-10-02, 21:35:58, 25.8, 51.4
2019-10-02, 21:36:08, 25.8, 51.4
2019-10-02, 21:36:19, 25.8, 51.4
2019-10-02, 21:36:29, 25.8, 51.4
2019-10-02, 21:36:39, 25.8, 51.4
2019-10-02, 21:36:49, 25.8, 51.4
2019-10-02, 21:36:59, 25.8, 51.4
2019-10-02, 21:37:09, 25.8, 51.4
2019-10-02, 21:37:19, 25.8, 51.4
2019-10-02, 21:37:30, 25.8, 51.4
2019-10-02, 21:37:40, 25.8, 51.4
2019-10-02, 21:37:50, 25.8, 51.4
2019-10-02, 21:38:00, 25.8, 51.4
2019-10-02, 21:38:10, 25.8, 51.4
2019-10-02, 21:38:20, 25.8, 51.4
2019-10-02, 21:38:30, 25.8, 51.4
2019-10-02, 21:38:40, 25.8, 51.4
2019-10-02, 21:38:51, 25.8, 51.4
2019-10-02, 21:39:01, 25.8, 51.4
2019-10-02, 21:39:11, 25.8, 51.4
2019-10-02, 21:39:21, 25.8, 51.4
2019-10-02, 21:39:31, 25.8, 51.4
2019-10-02, 21:39:41, 25.8, 51.4
2019-10-02, 21:39:51, 25.8, 51.4
2019-10-02, 21:40:02, 25.8, 51.4
2019-10-02, 21:40:12, 25.8, 51.4
2019-10-02, 21:40:22, 25.8, 51.4
2019-10-02, 21:40:32, 25.8, 51.4
2019-10-02, 21:40:42, 25.8, 51.4
2019-10-02, 21:40:52, 25.8, 51.4
2019-10-02, 21:41:02, 25.8, 51.4
2019-10-02, 21:41:13, 25.8, 51.4
2019-10-02, 21:41:23, 25.8, 51.4
2019-10-02, 21:41:33, 25.8, 51.4
2019-10-02, 21:41:43, 25.8, 51.4
2019-10-02, 21:41:53, 25.8, 51.4
2019-10-02, 21:42:03, 25.8, 51.4
2019-10-02, 21:42:13, 25.8, 51.4
2019-10-02, 21:42:23, 25.8, 51.4
2019-10-02, 21:42:34, 25.8, 51.4
2019-10-02, 21:42:44, 25.8, 51.4
2019-10-02, 21:42:54, 25.8, 51.4
2019-10-02, 21:43:04, 25.8, 51.4
2019-10-02, 21:43:14, 25.8, 51.4
2019-10-02, 21:43:24, 25.8, 51.4
2019-10-02, 21:43:34, 25.8, 51.4
2019-10-02, 21:43:45, 25.8, 51.4
2019-10-02, 21:43:55, 25.8, 51.4
2019-10-02, 21:44:05, 25.8, 51.4
2019-10-02, 21:44:15, 25.8, 51.4
2019-10-02, 21:44:25, 25.8, 51.4
2019-10-02, 21:44:36, 25.8, 51.4
2019-10-02, 21:44:46, 25.8, 51.4
2019-10-02, 21:44:56, 25.8, 51.4
2019-10-02, 21:45:06, 25.8, 51.4
2019-10-02, 21:45:16, 25.8, 51.4
2019-10-02, 21:45:26, 25.8, 51.4
2019-10-02, 21:45:36, 25.8, 51.4
2019-10-02, 21:45:46, 25.8, 51.4
2019-10-02, 21:45:57, 25.8, 51.4
2019-10-02, 21:46:07, 25.8, 51.4
2019-10-02, 21:46:17, 25.8, 51.4
2019-10-02, 21:46:27, 25.8, 51.4
2019-10-02, 21:46:37, 25.8, 51.4
2019-10-02, 21:46:47, 25.8, 51.4
2019-10-02, 21:46:57, 25.8, 51.4
2019-10-02, 21:47:08, 25.8, 51.4
2019-10-02, 21:47:18, 25.8, 51.4
2019-10-02, 21:47:28, 25.8, 51.4
2019-10-02, 21:47:38, 25.8, 51.4
2019-10-02, 21:47:48, 25.8, 51.4
2019-10-02, 21:47:58, 25.8, 51.4
2019-10-02, 21:48:08, 25.8, 51.4
2019-10-02, 21:48:19, 25.8, 51.4
2019-10-02, 21:48:29, 25.8, 51.4
2019-10-02, 21:48:39, 25.8, 51.4
2019-10-02, 21:48:49, 25.8, 51.4
2019-10-02, 21:48:59, 25.8, 51.4
2019-10-02, 21:49:09, 25.8, 51.4
2019-10-02, 21:49:19, 25.8, 51.4
2019-10-02, 21:49:29, 25.8, 51.4
2019-10-02, 21:49:40, 25.8, 51.4
2019-10-02, 21:49:50, 25.8, 51.4
2019-10-02, 21:50:00, 25.8, 51.4
2019-10-02, 21:50:10, 25.8, 51.4
2019-10-02, 21:50:20, 25.8, 51.4
2019-10-02, 21:50:30, 25.8, 51.4
2019-10-02, 21:50:40, 25.8, 51.4
2019-10-02, 21:50:51, 25.8, 51.4
2019-10-02, 21:51:01, 25.8, 51.4
2019-10-02, 21:51:11, 25.8, 51.4
2019-10-02, 21:51:21, 25.8, 51.4
2019-10-02, 21:51:31, 25.8, 51.4
2019-10-02, 21:51:41, 25.8, 51.4
2019-10-02, 21:51:51, 25.8, 51.4
2019-10-02, 21:52:02, 25.8, 51.4
2019-10-02, 21:52:12, 25.8, 51.4
2019-10-02, 21:52:22, 25.8, 51.4
2019-10-02, 21:52:32, 25.8, 51.4
2019-10-02, 21:52:42, 25.8, 51.4
2019-10-02, 21:52:52, 25.8, 51.4
2019-10-02, 21:53:03, 25.8, 51.4
2019-10-02, 21:53:13, 25.8, 51.4
2019-10-02, 21:53:23, 25.8, 51.4
2019-10-02, 21:53:33, 25.8, 51.4
2019-10-02, 21:53:43, 25.8, 51.4
2019-10-02, 21:53:53, 25.8, 51.4
2019-10-02, 21:54:03, 25.8, 51.4
2019-10-02, 21:54:14, 25.8, 51.4
2019-10-02, 21:54:24, 25.8, 51.4
2019-10-02, 21:54:34, 25.8, 51.4
2019-10-02, 21:54:44, 25.8, 51.4
2019-10-02, 21:54:54, 25.8, 51.4
2019-10-02, 21:55:04, 25.8, 51.4
2019-10-02, 21:55:14, 25.8, 51.4
2019-10-02, 21:55:24, 25.8, 51.4
2019-10-02, 21:55:35, 25.8, 51.4
2019-10-02, 21:55:45, 25.8, 51.4
2019-10-02, 21:55:55, 25.8, 51.4
2019-10-02, 21:56:05, 25.8, 51.4
2019-10-02, 21:56:15, 25.8, 51.4
2019-10-02, 21:56:25, 25.8, 51.4
2019-10-02, 21:56:35, 25.8, 51.4
2019-10-02, 21:56:46, 25.8, 51.4
2019-10-02, 21:56:56, 25.8, 51.4
2019-10-02, 21:57:06, 25.8, 51.4
2019-10-02, 21:57:16, 25.8, 51.4
2019-10-02, 21:57:26, 25.8, 51.4
2019-10-02, 21:57:36, 25.8, 51.4
2019-10-02, 21:57:46, 25.8, 51.4
2019-10-02, 21:57:56, 25.8, 51.4
2019-10-02, 21:58:07, 25.8, 51.4
2019-10-02, 21:58:17, 25.8, 51.4
2019-10-02, 21:58:27, 25.8, 51.4
2019-10-02, 21:58:37, 25.8, 51.4
2019-10-02, 21:58:47, 25.8, 51.4
2019-10-02, 21:58:57, 25.8, 51.4
2019-10-02, 21:59:07, 25.8, 51.4
2019-10-02, 21:59:17, 25.8, 51.4
2019-10-02, 21:59:28, 25.8, 51.4
2019-10-02, 21:59:38, 25.8, 51.4
2019-10-02, 21:59:48, 25.8, 51.4
2019-10-02, 21:59:58, 25.8, 51.4
2019-10-02, 22:00:08, 25.8, 51.4
2019-10-02, 22:00:18, 25.8, 51.4
2019-10-02, 22:00:28, 25.8, 51.4
2019-10-02, 22:00:39, 25.8, 51.4
2019-10-02, 22:00:49, 25.8, 51.4
2019-10-02, 22:00:59, 25.8, 51.4
2019-10-02, 22:01:09, 25.8, 51.4
2019-10-02, 22:01:19, 25.8, 51.4
2019-10-02, 22:01:29, 25.8, 51.4
2019-10-02, 22:01:40, 25.8, 51.4
2019-10-02, 22:01:50, 25.8, 51.4
2019-10-02, 22:02:00, 25.8, 51.4
2019-10-02, 22:02:10, 25.8, 51.4
2019-10-02, 22:02:20, 25.8, 51.4
2019-10-02, 22:02:30, 25.8, 51.4
2019-10-02, 22:02:41, 25.8, 51.4
2019-10-02, 22:02:51, 25.8, 51.4
2019-10-02, 22:03:01, 25.8, 51.4
2019-10-02, 22:03:11, 25.8, 51.4
2019-10-02, 22:03:21, 25.8, 51.4
2019-10-02, 22:03:31, 25.8, 51.4
2019-10-02, 22:03:42, 25.8, 51.4
2019-10-02, 22:03:52, 25.8, 51.4
2019-10-02, 22:04:02, 25.8, 51.4
2019-10-02, 22:04:12, 25.8, 51.4
2019-10-02, 22:04:22, 25.8, 51.4
2019-10-02, 22:04:32, 25.8, 51.4
2019-10-02, 22:04:42, 25.8, 51.4
2019-10-02, 22:04:52, 25.8, 51.4
2019-10-02, 22:05:03, 25.8, 51.4
2019-10-02, 22:05:13, 25.8, 51.4
2019-10-02, 22:05:23, 25.8, 51.4
2019-10-02, 22:05:33, 25.8, 51.4
2019-10-02, 22:05:43, 25.8, 51.4
2019-10-02, 22:05:53, 25.8, 51.4
2019-10-02, 22:06:03, 25.8, 51.4
2019-10-02, 22:06:14, 25.8, 51.4
2019-10-02, 22:06:24, 25.8, 51.4
2019-10-02, 22:06:34, 25.8, 51.4
2019-10-02, 22:06:44, 25.8, 51.4
2019-10-02, 22:06:54, 25.8, 51.4
2019-10-02, 22:07:04, 25.8, 51.4
2019-10-02, 22:07:14, 25.8, 51.4
2019-10-02, 22:07:24, 25.8, 51.4
2019-10-02, 22:07:35, 25.8, 51.4
2019-10-02, 22:07:45, 25.8, 51.4
2019-10-02, 22:07:55, 25.8, 51.4
2019-10-02, 22:08:05, 25.8, 51.4
2019-10-02, 22:08:15, 25.8, 51.4
2019-10-02, 22:08:25, 25.8, 51.4
2019-10-02, 22:08:35, 25.8, 51.4
2019-10-02, 22:08:46, 25.8, 51.4
2019-10-02, 22:08:56, 25.8, 51.4
2019-10-02, 22:09:06, 25.8, 51.4
2019-10-02, 22:09:16, 25.8, 51.4
2019-10-02, 22:09:26, 25.8, 51.4
2019-10-02, 22:09:36, 25.8, 51.4
2019-10-02, 22:09:46, 25.8, 51.4
2019-10-02, 22:09:56, 25.8, 51.4
2019-10-02, 22:10:07, 25.8, 51.4
2019-10-02, 22:10:17, 25.8, 51.4
2019-10-02, 22:10:27, 25.8, 51.4
2019-10-02, 22:10:37, 25.8, 51.4
2019-10-02, 22:10:47, 25.8, 51.4
2019-10-02, 22:10:57, 25.8, 51.4
2019-10-02, 22:11:07, 25.8, 51.4
2019-10-02, 22:11:18, 25.8, 51.4
2019-10-02, 22:11:28, 25.8, 51.4
2019-10-02, 22:11:38, 25.8, 51.4
2019-10-02, 22:11:48, 25.8, 51.4
2019-10-02, 22:11:58, 25.8, 51.4
2019-10-02, 22:12:08, 25.8, 51.4
2019-10-02, 22:12:18, 25.8, 51.4
2019-10-02, 22:12:28, 25.8, 51.4
2019-10-02, 22:12:39, 25.8, 51.4
2019-10-02, 22:12:49, 25.8, 51.4
2019-10-02, 22:12:59, 25.8, 51.4
2019-10-02, 22:13:09, 25.8, 51.4
2019-10-02, 22:13:19, 25.8, 51.4
2019-10-02, 22:13:29, 25.8, 51.4
2019-10-02, 22:13:39, 25.8, 51.4
2019-10-02, 22:13:50, 25.8, 51.4
2019-10-02, 22:14:00, 25.8, 51.4
2019-10-02, 22:14:10, 25.8, 51.4
2019-10-02, 22:14:20, 25.8, 51.4
2019-10-02, 22:14:30, 25.8, 51.4
2019-10-02, 22:14:40, 25.8, 51.4
2019-10-02, 22:14:50, 25.8, 51.4
2019-10-02, 22:15:00, 25.8, 51.4
2019-10-02, 22:15:11, 25.8, 51.4
2019-10-02, 22:15:21, 25.8, 51.4
2019-10-02, 22:15:31, 25.8, 51.4
2019-10-02, 22:15:41, 25.8, 51.4
2019-10-02, 22:15:51, 25.8, 51.4
2019-10-02, 22:16:01, 25.8, 51.4
2019-10-02, 22:16:11, 25.8, 51.4
2019-10-02, 22:16:22, 25.8, 51.4
2019-10-02, 22:16:32, 25.8, 51.4
2019-10-02, 22:16:42, 25.8, 51.4
2019-10-02, 22:16:52, 25.8, 51.4
2019-10-02, 22:17:02, 25.8, 51.4
2019-10-02, 22:17:12, 25.8, 51.4
2019-10-02, 22:17:22, 25.8, 51.4
2019-10-02, 22:17:32, 25.8, 51.4
2019-10-02, 22:17:43, 25.8, 51.4
2019-10-02, 22:17:53, 25.8, 51.4
2019-10-02, 22:18:03, 25.8, 51.4
2019-10-02, 22:18:13, 25.8, 51.4
2019-10-02, 22:18:23, 25.8, 51.4
2019-10-02, 22:18:33, 25.8, 51.4
2019-10-02, 22:18:43, 25.8, 51.4
2019-10-02, 22:18:53, 25.8, 51.4
2019-10-02, 22:19:04, 25.8, 51.4
2019-10-02, 22:19:14, 25.8, 51.4
2019-10-02, 22:19:24, 25.8, 51.4
2019-10-02, 22:19:34, 25.8, 51.4
2019-10-02, 22:19:44, 25.8, 51.4
2019-10-02, 22:19:54, 25.8, 51.4
2019-10-02, 22:20:04, 25.8, 51.4
2019-10-02, 22:20:15, 25.8, 51.4
2019-10-02, 22:20:25, 25.8, 51.4
2019-10-02, 22:20:35, 25.8, 51.4
2019-10-02, 22:20:45, 25.8, 51.4
2019-10-02, 22:20:55, 25.8, 51.4
2019-10-02, 22:21:05, 25.8, 51.4
2019-10-02, 22:21:15, 25.8, 51.4
2019-10-02, 22:21:25, 25.8, 51.4
2019-10-02, 22:21:36, 25.8, 51.4
2019-10-02, 22:21:46, 25.8, 51.4
2019-10-02, 22:21:56, 25.8, 51.4
2019-10-02, 22:22:06, 25.8, 51.4
2019-10-02, 22:22:16, 25.8, 51.4
2019-10-02, 22:22:27, 25.8, 51.4
2019-10-02, 22:22:37, 25.8, 51.4
2019-10-02, 22:22:47, 25.8, 51.4
2019-10-02, 22:22:57, 25.8, 51.4
2019-10-02, 22:23:07, 25.8, 51.4
2019-10-02, 22:23:17, 25.8, 51.4
2019-10-02, 22:23:27, 25.8, 51.4
2019-10-02, 22:23:37, 25.8, 51.4
2019-10-02, 22:23:48, 25.8, 51.4
2019-10-02, 22:23:58, 25.8, 51.4
2019-10-02, 22:24:08, 25.8, 51.4
2019-10-02, 22:24:18, 25.8, 51.4
2019-10-02, 22:24:28, 25.8, 51.4
2019-10-02, 22:24:38, 25.8, 51.4
2019-10-02, 22:24:48, 25.8, 51.4
2019-10-02, 22:24:59, 25.8, 51.4
2019-10-02, 22:25:09, 25.8, 51.4
2019-10-02, 22:25:19, 25.8, 51.4
2019-10-02, 22:25:29, 25.8, 51.4
2019-10-02, 22:25:39, 25.8, 51.4
2019-10-02, 22:25:49, 25.8, 51.4
2019-10-02, 22:25:59, 25.8, 51.4
2019-10-02, 22:26:09, 25.8, 51.4
2019-10-02, 22:26:20, 25.8, 51.4
2019-10-02, 22:26:30, 25.8, 51.4
2019-10-02, 22:26:40, 25.8, 51.4
2019-10-02, 22:26:50, 25.8, 51.4
2019-10-02, 22:27:00, 25.8, 51.4
2019-10-02, 22:27:10, 25.8, 51.4
2019-10-02, 22:27:20, 25.8, 51.4
2019-10-02, 22:27:31, 25.8, 51.4
2019-10-02, 22:27:41, 25.8, 51.4
2019-10-02, 22:27:51, 25.8, 51.4
2019-10-02, 22:28:01, 25.8, 51.4
2019-10-02, 22:28:11, 25.8, 51.4
2019-10-02, 22:28:21, 25.8, 51.4
2019-10-02, 22:28:31, 25.8, 51.4
2019-10-02, 22:28:41, 25.8, 51.4
2019-10-02, 22:28:52, 25.8, 51.4
2019-10-02, 22:29:02, 25.8, 51.4
2019-10-02, 22:29:12, 25.8, 51.4
2019-10-02, 22:29:22, 25.8, 51.4
2019-10-02, 22:29:32, 25.8, 51.4
2019-10-02, 22:29:42, 25.8, 51.4
2019-10-02, 22:29:52, 25.8, 51.4
2019-10-02, 22:30:03, 25.8, 51.4
2019-10-02, 22:30:13, 25.8, 51.4
2019-10-02, 22:30:23, 25.8, 51.4
2019-10-02, 22:30:33, 25.8, 51.4
2019-10-02, 22:30:43, 25.8, 51.4
2019-10-02, 22:30:53, 25.8, 51.4
2019-10-02, 22:31:03, 25.8, 51.4
2019-10-02, 22:31:14, 25.8, 51.4
2019-10-02, 22:31:24, 25.8, 51.4
2019-10-02, 22:31:34, 25.8, 51.4
2019-10-02, 22:31:44, 25.8, 51.4
2019-10-02, 22:31:54, 25.8, 51.4
2019-10-02, 22:32:04, 25.8, 51.4
2019-10-02, 22:32:14, 25.8, 51.4
2019-10-02, 22:32:25, 25.8, 51.4
2019-10-02, 22:32:35, 25.8, 51.4
2019-10-02, 22:32:45, 25.8, 51.4
2019-10-02, 22:32:55, 25.8, 51.4
2019-10-02, 22:33:05, 25.8, 51.4
2019-10-02, 22:33:15, 25.8, 51.4
2019-10-02, 22:33:25, 25.8, 51.4
2019-10-02, 22:33:35, 25.8, 51.4
2019-10-02, 22:33:46, 25.8, 51.4
2019-10-02, 22:33:56, 25.8, 51.4
2019-10-02, 22:34:06, 25.8, 51.4
2019-10-02, 22:34:16, 25.8, 51.4
2019-10-02, 22:34:26, 25.8, 51.4
2019-10-02, 22:34:36, 25.8, 51.4
2019-10-02, 22:34:46, 25.8, 51.4
2019-10-02, 22:34:57, 25.8, 51.4
2019-10-02, 22:35:07, 25.8, 51.4
2019-10-02, 22:35:17, 25.8, 51.4
2019-10-02, 22:35:27, 25.8, 51.4
2019-10-02, 22:35:37, 25.8, 51.4
2019-10-02, 22:35:47, 25.8, 51.4
2019-10-02, 22:35:57, 25.8, 51.4
2019-10-02, 22:36:07, 25.8, 51.4
2019-10-02, 22:36:18, 25.8, 51.4
2019-10-02, 22:36:28, 25.8, 51.4
2019-10-02, 22:36:38, 25.8, 51.4
2019-10-02, 22:36:48, 25.8, 51.4
2019-10-02, 22:36:58, 25.8, 51.4
2019-10-02, 22:37:08, 25.8, 51.4
2019-10-02, 22:37:18, 25.8, 51.4
2019-10-02, 22:37:29, 25.8, 51.4
2019-10-02, 22:37:39, 25.8, 51.4
2019-10-02, 22:37:49, 25.8, 51.4
2019-10-02, 22:37:59, 25.8, 51.4
2019-10-02, 22:38:09, 25.8, 51.4
2019-10-02, 22:38:19, 25.8, 51.4
2019-10-02, 22:38:29, 25.8, 51.4
2019-10-02, 22:38:40, 25.8, 51.4
2019-10-02, 22:38:50, 25.8, 51.4
2019-10-02, 22:39:00, 25.8, 51.4
2019-10-02, 22:39:10, 25.8, 51.4
2019-10-02, 22:39:20, 25.8, 51.4
2019-10-02, 22:39:30, 25.8, 51.4
2019-10-02, 22:39:40, 25.8, 51.4
2019-10-02, 22:39:50, 25.8, 51.4
2019-10-02, 22:40:01, 25.8, 51.4
2019-10-02, 22:40:11, 25.8, 51.4
2019-10-02, 22:40:21, 25.8, 51.4
2019-10-02, 22:40:31, 25.8, 51.4
2019-10-02, 22:40:41, 25.8, 51.4
2019-10-02, 22:40:51, 25.8, 51.4
2019-10-02, 22:41:01, 25.8, 51.4
2019-10-02, 22:41:12, 25.8, 51.4
2019-10-02, 22:41:22, 25.8, 51.4
2019-10-02, 22:41:32, 25.8, 51.4
2019-10-02, 22:41:42, 25.8, 51.4
2019-10-02, 22:41:52, 25.8, 51.4
2019-10-02, 22:42:02, 25.8, 51.4
2019-10-02, 22:42:12, 25.8, 51.4
2019-10-02, 22:42:23, 25.8, 51.4
2019-10-02, 22:42:33, 25.8, 51.4
2019-10-02, 22:42:43, 25.8, 51.4
2019-10-02, 22:42:53, 25.8, 51.4
2019-10-02, 22:43:03, 25.8, 51.4
2019-10-02, 22:43:13, 25.8, 51.4
2019-10-02, 22:43:23, 25.8, 51.4
2019-10-02, 22:43:34, 25.8, 51.4
2019-10-02, 22:43:44, 25.8, 51.4
2019-10-02, 22:43:54, 25.8, 51.4
2019-10-02, 22:44:04, 25.8, 51.4
2019-10-02, 22:44:14, 25.8, 51.4
2019-10-02, 22:44:24, 25.8, 51.4
2019-10-02, 22:44:35, 25.8, 51.4
2019-10-02, 22:44:45, 25.8, 51.4
2019-10-02, 22:44:55, 25.8, 51.4
2019-10-02, 22:45:05, 25.8, 51.4
2019-10-02, 22:45:15, 25.8, 51.4
2019-10-02, 22:45:25, 25.8, 51.4
2019-10-02, 22:45:35, 25.8, 51.4
2019-10-02, 22:45:46, 25.8, 51.4
2019-10-02, 22:45:56, 25.8, 51.4
2019-10-02, 22:46:06, 25.8, 51.4
2019-10-02, 22:46:16, 25.8, 51.4
2019-10-02, 22:46:26, 25.8, 51.4
2019-10-02, 22:46:36, 25.8, 51.4
2019-10-02, 22:46:46, 25.8, 51.4
2019-10-02, 22:46:57, 25.8, 51.4
2019-10-02, 22:47:07, 25.8, 51.4
2019-10-02, 22:47:17, 25.8, 51.4
2019-10-02, 22:47:27, 25.8, 51.4
2019-10-02, 22:47:37, 25.8, 51.4
2019-10-02, 22:47:47, 25.8, 51.4
2019-10-02, 22:47:57, 25.8, 51.4
2019-10-02, 22:48:07, 25.8, 51.4
2019-10-02, 22:48:18, 25.8, 51.4
2019-10-02, 22:48:28, 25.8, 51.4
2019-10-02, 22:48:38, 25.8, 51.4
2019-10-02, 22:48:48, 25.8, 51.4
2019-10-02, 22:48:58, 25.8, 51.4
2019-10-02, 22:49:08, 25.8, 51.4
2019-10-02, 22:49:19, 25.8, 51.4
2019-10-02, 22:49:29, 25.8, 51.4
2019-10-02, 22:49:39, 25.8, 51.4
2019-10-02, 22:49:49, 25.8, 51.4
2019-10-02, 22:49:59, 25.8, 51.4
2019-10-02, 22:50:09, 25.8, 51.4
2019-10-02, 22:50:19, 25.8, 51.4
2019-10-02, 22:50:30, 25.8, 51.4
2019-10-02, 22:50:40, 25.8, 51.4
2019-10-02, 22:50:50, 25.8, 51.4
2019-10-02, 22:51:00, 25.8, 51.4
2019-10-02, 22:51:10, 25.8, 51.4
2019-10-02, 22:51:20, 25.8, 51.4
2019-10-02, 22:51:30, 25.8, 51.4
2019-10-02, 22:51:40, 25.8, 51.4
2019-10-02, 22:51:51, 25.8, 51.4
2019-10-02, 22:52:01, 25.8, 51.4
2019-10-02, 22:52:11, 25.8, 51.4
2019-10-02, 22:52:21, 25.8, 51.4
2019-10-02, 22:52:31, 25.8, 51.4
2019-10-02, 22:52:41, 25.8, 51.4
2019-10-02, 22:52:51, 25.8, 51.4
2019-10-02, 22:53:02, 25.8, 51.4
2019-10-02, 22:53:12, 25.8, 51.4
2019-10-02, 22:53:22, 25.8, 51.4
2019-10-02, 22:53:32, 25.8, 51.4
2019-10-02, 22:53:42, 25.8, 51.4
2019-10-02, 22:53:52, 25.8, 51.4
2019-10-02, 22:54:02, 25.8, 51.4
2019-10-02, 22:54:13, 25.8, 51.4
2019-10-02, 22:54:23, 25.8, 51.4
2019-10-02, 22:54:33, 25.8, 51.4
2019-10-02, 22:54:43, 25.8, 51.4
2019-10-02, 22:54:53, 25.8, 51.4
2019-10-02, 22:55:03, 25.8, 51.4
2019-10-02, 22:55:13, 25.8, 51.4
2019-10-02, 22:55:24, 25.8, 51.4
2019-10-02, 22:55:34, 25.8, 51.4
2019-10-02, 22:55:44, 25.8, 51.4
2019-10-02, 22:55:54, 25.8, 51.4
2019-10-02, 22:56:04, 25.8, 51.4
2019-10-02, 22:56:14, 25.8, 51.4
2019-10-02, 22:56:24, 25.8, 51.4
2019-10-02, 22:56:34, 25.8, 51.4
2019-10-02, 22:56:45, 25.8, 51.4
2019-10-02, 22:56:55, 25.8, 51.4
2019-10-02, 22:57:05, 25.8, 51.4
2019-10-02, 22:57:15, 25.8, 51.4
2019-10-02, 22:57:25, 25.8, 51.4
2019-10-02, 22:57:35, 25.8, 51.4
2019-10-02, 22:57:45, 25.8, 51.4
2019-10-02, 22:57:56, 25.8, 51.4
2019-10-02, 22:58:06, 25.8, 51.4
2019-10-02, 22:58:16, 25.8, 51.4
2019-10-02, 22:58:26, 25.8, 51.4
2019-10-02, 22:58:36, 25.8, 51.4
2019-10-02, 22:58:46, 25.8, 51.4
2019-10-02, 22:58:56, 25.8, 51.4
2019-10-02, 22:59:07, 25.8, 51.4
2019-10-02, 22:59:17, 25.8, 51.4
2019-10-02, 22:59:27, 25.8, 51.4
2019-10-02, 22:59:37, 25.8, 51.4
2019-10-02, 22:59:47, 25.8, 51.4
2019-10-02, 22:59:57, 25.8, 51.4
2019-10-02, 23:00:07, 25.8, 51.4
2019-10-02, 23:00:17, 25.8, 51.4
2019-10-02, 23:00:28, 25.8, 51.4
2019-10-02, 23:00:38, 25.8, 51.4
2019-10-02, 23:00:48, 25.8, 51.4
2019-10-02, 23:00:58, 25.8, 51.4
2019-10-02, 23:01:08, 25.8, 51.4
2019-10-02, 23:01:18, 25.8, 51.4
2019-10-02, 23:01:29, 25.8, 51.4
2019-10-02, 23:01:39, 25.8, 51.4
2019-10-02, 23:01:49, 25.8, 51.4
2019-10-02, 23:01:59, 25.8, 51.4
2019-10-02, 23:02:09, 25.8, 51.4
2019-10-02, 23:02:19, 25.8, 51.4
2019-10-02, 23:02:29, 25.8, 51.4
2019-10-02, 23:02:39, 25.8, 51.4
2019-10-02, 23:02:50, 25.8, 51.4
2019-10-02, 23:03:00, 25.8, 51.4
2019-10-02, 23:03:10, 25.8, 51.4
2019-10-02, 23:03:20, 25.8, 51.4
2019-10-02, 23:03:30, 25.8, 51.4
2019-10-02, 23:03:40, 25.8, 51.4
2019-10-02, 23:03:50, 25.8, 51.4
2019-10-02, 23:04:01, 25.8, 51.4
2019-10-02, 23:04:11, 25.8, 51.4
2019-10-02, 23:04:21, 25.8, 51.4
2019-10-02, 23:04:31, 25.8, 51.4
2019-10-02, 23:04:41, 25.8, 51.4
2019-10-02, 23:04:51, 25.8, 51.4
2019-10-02, 23:05:01, 25.8, 51.4
2019-10-02, 23:05:12, 25.8, 51.4
2019-10-02, 23:05:22, 25.8, 51.4
2019-10-02, 23:05:32, 25.8, 51.4
2019-10-02, 23:05:42, 25.8, 51.4
2019-10-02, 23:05:52, 25.8, 51.4
2019-10-02, 23:06:02, 25.8, 51.4
2019-10-02, 23:06:12, 25.8, 51.4
2019-10-02, 23:06:22, 25.8, 51.4
2019-10-02, 23:06:33, 25.8, 51.4
2019-10-02, 23:06:43, 25.8, 51.4
2019-10-02, 23:06:53, 25.8, 51.4
2019-10-02, 23:07:03, 25.8, 51.4
2019-10-02, 23:07:13, 25.8, 51.4
2019-10-02, 23:07:23, 25.8, 51.4
2019-10-02, 23:07:33, 25.8, 51.4
2019-10-02, 23:07:44, 25.8, 51.4
2019-10-02, 23:07:54, 25.8, 51.4
2019-10-02, 23:08:04, 25.8, 51.4
2019-10-02, 23:08:14, 25.8, 51.4
2019-10-02, 23:08:24, 25.8, 51.4
2019-10-02, 23:08:34, 25.8, 51.4
2019-10-02, 23:08:44, 25.8, 51.4
2019-10-02, 23:08:54, 25.8, 51.4
2019-10-02, 23:09:05, 25.8, 51.4
2019-10-02, 23:09:15, 25.8, 51.4
2019-10-02, 23:09:25, 25.8, 51.4
2019-10-02, 23:09:35, 25.8, 51.4
2019-10-02, 23:09:45, 25.8, 51.4
2019-10-02, 23:09:55, 25.8, 51.4
2019-10-02, 23:10:06, 25.8, 51.4
2019-10-02, 23:10:16, 25.8, 51.4
2019-10-02, 23:10:26, 25.8, 51.4
2019-10-02, 23:10:37, 25.8, 51.4
2019-10-02, 23:10:47, 25.8, 51.4
2019-10-02, 23:10:57, 25.8, 51.4
2019-10-02, 23:11:07, 25.8, 51.4
2019-10-02, 23:11:17, 25.8, 51.4
2019-10-02, 23:11:27, 25.8, 51.4
2019-10-02, 23:11:38, 25.8, 51.4
2019-10-02, 23:11:48, 25.8, 51.4
2019-10-02, 23:11:58, 25.8, 51.4
2019-10-02, 23:12:08, 25.8, 51.4
2019-10-02, 23:12:18, 25.8, 51.4
2019-10-02, 23:12:28, 25.8, 51.4
2019-10-02, 23:12:39, 25.8, 51.4
2019-10-02, 23:12:49, 25.8, 51.4
2019-10-02, 23:12:59, 25.8, 51.4
2019-10-02, 23:13:09, 25.8, 51.4
2019-10-02, 23:13:19, 25.8, 51.4
2019-10-02, 23:13:29, 25.8, 51.4
2019-10-02, 23:13:39, 25.8, 51.4
2019-10-02, 23:13:50, 25.8, 51.4
2019-10-02, 23:14:00, 25.8, 51.4
2019-10-02, 23:14:10, 25.8, 51.4
2019-10-02, 23:14:20, 25.8, 51.4
2019-10-02, 23:14:30, 25.8, 51.4
2019-10-02, 23:14:40, 25.8, 51.4
2019-10-02, 23:14:50, 25.8, 51.4
2019-10-02, 23:15:01, 25.8, 51.4
2019-10-02, 23:15:11, 25.8, 51.4
2019-10-02, 23:15:21, 25.8, 51.4
2019-10-02, 23:15:31, 25.8, 51.4
2019-10-02, 23:15:41, 25.8, 51.4
2019-10-02, 23:15:51, 25.8, 51.4
2019-10-02, 23:16:01, 25.8, 51.4
2019-10-02, 23:16:12, 25.8, 51.4
2019-10-02, 23:16:22, 25.8, 51.4
2019-10-02, 23:16:32, 25.8, 51.4
2019-10-02, 23:16:42, 25.8, 51.4
2019-10-02, 23:16:52, 25.8, 51.4
2019-10-02, 23:17:02, 25.8, 51.4
2019-10-02, 23:17:12, 25.8, 51.4
2019-10-02, 23:17:22, 25.8, 51.4
2019-10-02, 23:17:33, 25.8, 51.4
2019-10-02, 23:17:43, 25.8, 51.4
2019-10-02, 23:17:53, 25.8, 51.4
2019-10-02, 23:18:03, 25.8, 51.4
2019-10-02, 23:18:13, 25.8, 51.4
2019-10-02, 23:18:23, 25.8, 51.4
2019-10-02, 23:18:33, 25.8, 51.4
2019-10-02, 23:18:44, 25.8, 51.4
2019-10-02, 23:18:54, 25.8, 51.4
2019-10-02, 23:19:04, 25.8, 51.4
2019-10-02, 23:19:14, 25.8, 51.4
2019-10-02, 23:19:24, 25.8, 51.4
2019-10-02, 23:19:34, 25.8, 51.4
2019-10-02, 23:19:44, 25.8, 51.4
2019-10-02, 23:19:54, 25.8, 51.4
2019-10-02, 23:20:05, 25.8, 51.4
2019-10-02, 23:20:15, 25.8, 51.4
2019-10-02, 23:20:25, 25.8, 51.4
2019-10-02, 23:20:35, 25.8, 51.4
2019-10-02, 23:20:45, 25.8, 51.4
2019-10-02, 23:20:55, 25.8, 51.4
2019-10-02, 23:21:05, 25.8, 51.4
2019-10-02, 23:21:16, 25.8, 51.4
2019-10-02, 23:21:26, 25.8, 51.4
2019-10-02, 23:21:36, 25.8, 51.4
2019-10-02, 23:21:46, 25.8, 51.4
2019-10-02, 23:21:56, 25.8, 51.4
2019-10-02, 23:22:06, 25.8, 51.4
2019-10-02, 23:22:16, 25.8, 51.4
2019-10-02, 23:22:27, 25.8, 51.4
2019-10-02, 23:22:37, 25.8, 51.4
2019-10-02, 23:22:47, 25.8, 51.4
2019-10-02, 23:22:57, 25.8, 51.4
2019-10-02, 23:23:07, 25.8, 51.4
2019-10-02, 23:23:17, 25.8, 51.4
2019-10-02, 23:23:27, 25.8, 51.4
2019-10-02, 23:23:38, 25.8, 51.4
2019-10-02, 23:23:48, 25.8, 51.4
2019-10-02, 23:23:58, 25.8, 51.4
2019-10-02, 23:24:08, 25.8, 51.4
2019-10-02, 23:24:18, 25.8, 51.4
2019-10-02, 23:24:28, 25.8, 51.4
2019-10-02, 23:24:38, 25.8, 51.4
2019-10-02, 23:24:48, 25.8, 51.4
2019-10-02, 23:24:59, 25.8, 51.4
2019-10-02, 23:25:09, 25.8, 51.4
2019-10-02, 23:25:19, 25.8, 51.4
2019-10-02, 23:25:29, 25.8, 51.4
2019-10-02, 23:25:39, 25.8, 51.4
2019-10-02, 23:25:49, 25.8, 51.4
2019-10-02, 23:25:59, 25.8, 51.4
2019-10-02, 23:26:10, 25.8, 51.4
2019-10-02, 23:26:20, 25.8, 51.4
2019-10-02, 23:26:30, 25.8, 51.4
2019-10-02, 23:26:40, 25.8, 51.4
2019-10-02, 23:26:50, 25.8, 51.4
2019-10-02, 23:27:00, 25.8, 51.4
2019-10-02, 23:27:11, 25.8, 51.4
2019-10-02, 23:27:21, 25.8, 51.4
2019-10-02, 23:27:31, 25.8, 51.4
2019-10-02, 23:27:41, 25.8, 51.4
2019-10-02, 23:27:51, 25.8, 51.4
2019-10-02, 23:28:01, 25.8, 51.4
2019-10-02, 23:28:11, 25.8, 51.4
2019-10-02, 23:28:22, 25.8, 51.4
2019-10-02, 23:28:32, 25.8, 51.4
2019-10-02, 23:28:42, 25.8, 51.4
2019-10-02, 23:28:52, 25.8, 51.4
2019-10-02, 23:29:02, 25.8, 51.4
2019-10-02, 23:29:12, 25.8, 51.4
2019-10-02, 23:29:22, 25.8, 51.4
2019-10-02, 23:29:33, 25.8, 51.4
2019-10-02, 23:29:43, 25.8, 51.4
2019-10-02, 23:29:53, 25.8, 51.4
2019-10-02, 23:30:03, 25.8, 51.4
2019-10-02, 23:30:13, 25.8, 51.4
2019-10-02, 23:30:23, 25.8, 51.4
2019-10-02, 23:30:33, 25.8, 51.4
2019-10-02, 23:30:44, 25.8, 51.4
2019-10-02, 23:30:54, 25.8, 51.4
2019-10-02, 23:31:04, 25.8, 51.4
2019-10-02, 23:31:14, 25.8, 51.4
2019-10-02, 23:31:24, 25.8, 51.4
2019-10-02, 23:31:35, 25.8, 51.4
2019-10-02, 23:31:45, 25.8, 51.4
2019-10-02, 23:31:55, 25.8, 51.4
2019-10-02, 23:32:05, 25.8, 51.4
2019-10-02, 23:32:15, 25.8, 51.4
2019-10-02, 23:32:25, 25.8, 51.4
2019-10-02, 23:32:36, 25.8, 51.4
2019-10-02, 23:32:46, 25.8, 51.4
2019-10-02, 23:32:56, 25.8, 51.4
2019-10-02, 23:33:06, 25.8, 51.4
2019-10-02, 23:33:16, 25.8, 51.4
2019-10-02, 23:33:26, 25.8, 51.4
2019-10-02, 23:33:36, 25.8, 51.4
2019-10-02, 23:33:46, 25.8, 51.4
2019-10-02, 23:33:57, 25.8, 51.4
2019-10-02, 23:34:07, 25.8, 51.4
2019-10-02, 23:34:17, 25.8, 51.4
2019-10-02, 23:34:27, 25.8, 51.4
2019-10-02, 23:34:37, 25.8, 51.4
2019-10-02, 23:34:47, 25.8, 51.4
2019-10-02, 23:34:57, 25.8, 51.4
2019-10-02, 23:35:08, 25.8, 51.4
2019-10-02, 23:35:18, 25.8, 51.4
2019-10-02, 23:35:28, 25.8, 51.4
2019-10-02, 23:35:38, 25.8, 51.4
2019-10-02, 23:35:48, 25.8, 51.4
2019-10-02, 23:35:58, 25.8, 51.4
2019-10-02, 23:36:08, 25.8, 51.4
2019-10-02, 23:36:18, 25.8, 51.4
2019-10-02, 23:36:29, 25.8, 51.4
2019-10-02, 23:36:39, 25.8, 51.4
2019-10-02, 23:36:49, 25.8, 51.4
2019-10-02, 23:36:59, 25.8, 51.4
2019-10-02, 23:37:09, 25.8, 51.4
2019-10-02, 23:37:19, 25.8, 51.4
2019-10-02, 23:37:29, 25.8, 51.4
2019-10-02, 23:37:40, 25.8, 51.4
2019-10-02, 23:37:50, 25.8, 51.4
2019-10-02, 23:38:00, 25.8, 51.4
2019-10-02, 23:38:10, 25.8, 51.4
2019-10-02, 23:38:20, 25.8, 51.4
2019-10-02, 23:38:30, 25.8, 51.4
2019-10-02, 23:38:41, 25.8, 51.4
2019-10-02, 23:38:51, 25.8, 51.4
2019-10-02, 23:39:01, 25.8, 51.4
2019-10-02, 23:39:11, 25.8, 51.4
2019-10-02, 23:39:21, 25.8, 51.4
2019-10-02, 23:39:31, 25.8, 51.4
2019-10-02, 23:39:41, 25.8, 51.4
2019-10-02, 23:39:52, 25.8, 51.4
2019-10-02, 23:40:02, 25.8, 51.4
2019-10-02, 23:40:12, 25.8, 51.4
2019-10-02, 23:40:22, 25.8, 51.4
2019-10-02, 23:40:32, 25.8, 51.4
2019-10-02, 23:40:42, 25.8, 51.4
2019-10-02, 23:40:52, 25.8, 51.4
2019-10-02, 23:41:03, 25.8, 51.4
2019-10-02, 23:41:13, 25.8, 51.4
2019-10-02, 23:41:23, 25.8, 51.4
2019-10-02, 23:41:33, 25.8, 51.4
2019-10-02, 23:41:43, 25.8, 51.4
2019-10-02, 23:41:53, 25.8, 51.4
2019-10-02, 23:42:03, 25.8, 51.4
2019-10-02, 23:42:13, 25.8, 51.4
2019-10-02, 23:42:24, 25.8, 51.4
2019-10-02, 23:42:34, 25.8, 51.4
2019-10-02, 23:42:44, 25.8, 51.4
2019-10-02, 23:42:54, 25.8, 51.4
2019-10-02, 23:43:04, 25.8, 51.4
2019-10-02, 23:43:14, 25.8, 51.4
2019-10-02, 23:43:24, 25.8, 51.4
2019-10-02, 23:43:35, 25.8, 51.4
2019-10-02, 23:43:45, 25.8, 51.4
2019-10-02, 23:43:55, 25.8, 51.4
2019-10-02, 23:44:05, 25.8, 51.4
2019-10-02, 23:44:15, 25.8, 51.4
2019-10-02, 23:44:25, 25.8, 51.4
2019-10-02, 23:44:35, 25.8, 51.4
2019-10-02, 23:44:46, 25.8, 51.4
2019-10-02, 23:44:56, 25.8, 51.4
2019-10-02, 23:45:06, 25.8, 51.4
2019-10-02, 23:45:16, 25.8, 51.4
2019-10-02, 23:45:26, 25.8, 51.4
2019-10-02, 23:45:36, 25.8, 51.4
2019-10-02, 23:45:46, 25.8, 51.4
2019-10-02, 23:45:57, 25.8, 51.4
2019-10-02, 23:46:07, 25.8, 51.4
2019-10-02, 23:46:17, 25.8, 51.4
2019-10-02, 23:46:27, 25.8, 51.4
2019-10-02, 23:46:37, 25.8, 51.4
2019-10-02, 23:46:47, 25.8, 51.4
2019-10-02, 23:46:58, 25.8, 51.4
2019-10-02, 23:47:09, 25.8, 51.4
2019-10-02, 23:47:19, 25.8, 51.4
2019-10-02, 23:47:29, 25.8, 51.4
2019-10-02, 23:47:39, 25.8, 51.4
2019-10-02, 23:47:49, 25.8, 51.4
2019-10-02, 23:47:59, 25.8, 51.4
2019-10-02, 23:48:10, 25.8, 51.4
2019-10-02, 23:48:20, 25.8, 51.4
2019-10-02, 23:48:30, 25.8, 51.4
2019-10-02, 23:48:40, 25.8, 51.4
2019-10-02, 23:48:50, 25.8, 51.4
2019-10-02, 23:49:00, 25.8, 51.4
2019-10-02, 23:49:10, 25.8, 51.4
2019-10-02, 23:49:21, 25.8, 51.4
2019-10-02, 23:49:31, 25.8, 51.4
2019-10-02, 23:49:41, 25.8, 51.4
2019-10-02, 23:49:51, 25.8, 51.4
2019-10-02, 23:50:01, 25.8, 51.4
2019-10-02, 23:50:11, 25.8, 51.4
2019-10-02, 23:50:21, 25.8, 51.4
2019-10-02, 23:50:32, 25.8, 51.4
2019-10-02, 23:50:42, 25.8, 51.4
2019-10-02, 23:50:52, 25.8, 51.4
2019-10-02, 23:51:02, 25.8, 51.4
2019-10-02, 23:51:12, 25.8, 51.4
2019-10-02, 23:51:22, 25.8, 51.4
2019-10-02, 23:51:32, 25.8, 51.4
2019-10-02, 23:51:43, 25.8, 51.4
2019-10-02, 23:51:53, 25.8, 51.4
2019-10-02, 23:52:03, 25.8, 51.4
2019-10-02, 23:52:13, 25.8, 51.4
2019-10-02, 23:52:23, 25.8, 51.4
2019-10-02, 23:52:33, 25.8, 51.4
2019-10-02, 23:52:43, 25.8, 51.4
2019-10-02, 23:52:54, 25.8, 51.4
2019-10-02, 23:53:04, 25.8, 51.4
2019-10-02, 23:53:14, 25.8, 51.4
2019-10-02, 23:53:24, 25.8, 51.4
2019-10-02, 23:53:34, 25.8, 51.4
2019-10-02, 23:53:44, 25.8, 51.4
2019-10-02, 23:53:54, 25.8, 51.4
2019-10-02, 23:54:04, 25.8, 51.4
2019-10-02, 23:54:15, 25.8, 51.4
2019-10-02, 23:54:25, 25.8, 51.4
2019-10-02, 23:54:35, 25.8, 51.4
2019-10-02, 23:54:45, 25.8, 51.4
2019-10-02, 23:54:55, 25.8, 51.4
2019-10-02, 23:55:05, 25.8, 51.4
2019-10-02, 23:55:15, 25.8, 51.4
2019-10-02, 23:55:26, 25.8, 51.4
2019-10-02, 23:55:36, 25.8, 51.4
2019-10-02, 23:55:46, 25.8, 51.4
2019-10-02, 23:55:56, 25.8, 51.4
2019-10-02, 23:56:06, 25.8, 51.4
2019-10-02, 23:56:16, 25.8, 51.4
2019-10-02, 23:56:26, 25.8, 51.4
2019-10-02, 23:56:37, 25.8, 51.4
2019-10-02, 23:56:47, 25.8, 51.4
2019-10-02, 23:56:57, 25.8, 51.4
2019-10-02, 23:57:07, 25.8, 51.4
2019-10-02, 23:57:17, 25.8, 51.4
2019-10-02, 23:57:27, 25.8, 51.4
2019-10-02, 23:57:37, 25.8, 51.4
2019-10-02, 23:57:48, 25.8, 51.4
2019-10-02, 23:57:58, 25.8, 51.4
2019-10-02, 23:58:08, 25.8, 51.4
2019-10-02, 23:58:18, 25.8, 51.4
2019-10-02, 23:58:28, 25.8, 51.4
2019-10-02, 23:58:38, 25.8, 51.4
2019-10-02, 23:58:48, 25.8, 51.4
2019-10-02, 23:58:58, 25.8, 51.4
2019-10-02, 23:59:09, 25.8, 51.4
2019-10-02, 23:59:19, 25.8, 51.4
2019-10-02, 23:59:29, 25.8, 51.4
2019-10-02, 23:59:39, 25.8, 51.4
2019-10-02, 23:59:49, 25.8, 51.4
2019-10-02, 23:59:59, 25.8, 51.4
