2018-04-14, 00:00:27, 24.4, 82.4
2018-04-14, 00:01:28, 24.4, 82.4
2018-04-14, 00:02:30, 24.4, 82.3
2018-04-14, 00:03:30, 24.4, 82.3
2018-04-14, 00:04:31, 24.4, 82.3
2018-04-14, 00:05:31, 24.4, 82.3
2018-04-14, 00:06:33, 24.4, 82.5
2018-04-14, 00:07:34, 24.4, 82.5
2018-04-14, 00:08:35, 24.4, 82.5
2018-04-14, 00:09:36, 24.4, 82.5
2018-04-14, 00:10:38, 24.4, 82.4
2018-04-14, 00:11:38, 24.4, 82.4
2018-04-14, 00:12:39, 24.4, 82.4
2018-04-14, 00:13:40, 24.4, 82.4
2018-04-14, 00:14:42, 24.4, 82.3
2018-04-14, 00:15:43, 24.4, 82.3
2018-04-14, 00:16:43, 24.4, 82.3
2018-04-14, 00:17:44, 24.4, 82.3
2018-04-14, 00:18:46, 24.4, 82.3
2018-04-14, 00:19:47, 24.4, 82.3
2018-04-14, 00:20:47, 24.4, 82.3
2018-04-14, 00:21:48, 24.4, 82.3
2018-04-14, 00:22:48, 24.4, 82.3
2018-04-14, 00:23:50, 24.4, 82.5
2018-04-14, 00:24:51, 24.4, 82.5
2018-04-14, 00:25:52, 24.4, 82.5
2018-04-14, 00:26:52, 24.4, 82.5
2018-04-14, 00:27:53, 24.4, 82.5
2018-04-14, 00:28:53, 24.4, 82.3
2018-04-14, 00:29:54, 24.4, 82.3
2018-04-14, 00:30:55, 24.4, 82.3
2018-04-14, 00:31:56, 24.4, 82.3
2018-04-14, 00:32:58, 24.4, 81.9
2018-04-14, 00:34:00, 24.4, 81.9
2018-04-14, 00:35:01, 24.4, 81.9
2018-04-14, 00:36:02, 24.4, 81.9
2018-04-14, 00:37:04, 24.4, 81.7
2018-04-14, 00:38:05, 24.4, 81.7
2018-04-14, 00:39:05, 24.4, 81.7
2018-04-14, 00:40:06, 24.4, 81.7
2018-04-14, 00:41:08, 24.4, 81.6
2018-04-14, 00:42:09, 24.4, 81.6
2018-04-14, 00:43:09, 24.4, 81.6
2018-04-14, 00:44:10, 24.4, 81.6
2018-04-14, 00:45:13, 24.4, 81.5
2018-04-14, 00:46:13, 24.4, 81.5
2018-04-14, 00:47:14, 24.4, 81.5
2018-04-14, 00:48:15, 24.4, 81.5
2018-04-14, 00:49:17, 24.4, 81.6
2018-04-14, 00:50:20, 24.4, 81.6
2018-04-14, 00:51:20, 24.4, 81.6
2018-04-14, 00:52:21, 24.4, 81.6
2018-04-14, 00:53:23, 24.4, 81.6
2018-04-14, 00:54:24, 24.4, 81.6
2018-04-14, 00:55:24, 24.4, 81.6
2018-04-14, 00:56:25, 24.4, 81.6
2018-04-14, 00:57:27, 24.4, 81.6
2018-04-14, 00:58:28, 24.4, 81.6
2018-04-14, 00:59:29, 24.4, 81.6
2018-04-14, 01:00:30, 24.4, 81.6
2018-04-14, 01:01:32, 24.4, 81.6
2018-04-14, 01:02:32, 24.4, 81.6
2018-04-14, 01:03:33, 24.4, 81.6
2018-04-14, 01:04:34, 24.4, 81.6
2018-04-14, 01:05:36, 24.4, 81.6
2018-04-14, 01:06:37, 24.4, 81.6
2018-04-14, 01:07:37, 24.4, 81.6
2018-04-14, 01:08:38, 24.4, 81.6
2018-04-14, 01:09:40, 24.4, 81.8
2018-04-14, 01:10:41, 24.4, 81.8
2018-04-14, 01:11:41, 24.4, 81.8
2018-04-14, 01:12:42, 24.4, 81.8
2018-04-14, 01:13:44, 24.4, 81.9
2018-04-14, 01:14:44, 24.4, 81.9
2018-04-14, 01:15:45, 24.4, 81.9
2018-04-14, 01:16:46, 24.4, 81.9
2018-04-14, 01:17:47, 24.3, 81.9
2018-04-14, 01:18:48, 24.3, 81.9
2018-04-14, 01:19:49, 24.3, 81.9
2018-04-14, 01:20:49, 24.3, 81.9
2018-04-14, 01:21:50, 24.3, 81.9
2018-04-14, 01:22:52, 24.3, 82.0
2018-04-14, 01:23:53, 24.3, 82.0
2018-04-14, 01:24:53, 24.3, 82.0
2018-04-14, 01:25:55, 24.3, 82.0
2018-04-14, 01:26:56, 24.3, 82.0
2018-04-14, 01:27:58, 24.3, 81.7
2018-04-14, 01:28:58, 24.3, 81.7
2018-04-14, 01:29:59, 24.3, 81.7
2018-04-14, 01:31:00, 24.3, 81.7
2018-04-14, 01:32:02, 24.4, 81.5
2018-04-14, 01:33:03, 24.4, 81.5
2018-04-14, 01:34:04, 24.4, 81.5
2018-04-14, 01:35:05, 24.4, 81.5
2018-04-14, 01:36:07, 24.4, 81.3
2018-04-14, 01:37:07, 24.4, 81.3
2018-04-14, 01:38:08, 24.4, 81.3
2018-04-14, 01:39:08, 24.4, 81.3
2018-04-14, 01:40:10, 24.4, 81.3
2018-04-14, 01:41:11, 24.4, 81.3
2018-04-14, 01:42:12, 24.4, 81.3
2018-04-14, 01:43:12, 24.4, 81.3
2018-04-14, 01:44:14, 24.4, 81.3
2018-04-14, 01:45:16, 24.4, 81.3
2018-04-14, 01:46:17, 24.4, 81.3
2018-04-14, 01:47:17, 24.4, 81.3
2018-04-14, 01:48:19, 24.4, 81.4
2018-04-14, 01:49:20, 24.4, 81.4
2018-04-14, 01:50:21, 24.4, 81.4
2018-04-14, 01:51:22, 24.4, 81.4
2018-04-14, 01:52:23, 24.3, 81.4
2018-04-14, 01:53:24, 24.3, 81.4
2018-04-14, 01:54:25, 24.3, 81.4
2018-04-14, 01:55:25, 24.3, 81.4
2018-04-14, 01:56:28, 24.4, 81.8
2018-04-14, 01:57:28, 24.4, 81.8
2018-04-14, 01:58:29, 24.4, 81.8
2018-04-14, 01:59:30, 24.4, 81.8
2018-04-14, 02:00:32, 24.3, 81.7
2018-04-14, 02:01:32, 24.3, 81.7
2018-04-14, 02:02:33, 24.3, 81.7
2018-04-14, 02:03:34, 24.3, 81.7
2018-04-14, 02:04:36, 24.3, 81.5
2018-04-14, 02:05:36, 24.3, 81.5
2018-04-14, 02:06:37, 24.3, 81.5
2018-04-14, 02:07:38, 24.3, 81.5
2018-04-14, 02:08:38, 24.3, 81.4
2018-04-14, 02:09:39, 24.3, 81.4
2018-04-14, 02:10:40, 24.3, 81.4
2018-04-14, 02:11:40, 24.3, 81.4
2018-04-14, 02:12:42, 24.3, 81.4
2018-04-14, 02:13:43, 24.3, 81.4
2018-04-14, 02:14:44, 24.3, 81.4
2018-04-14, 02:15:44, 24.3, 81.4
2018-04-14, 02:16:47, 24.3, 81.9
2018-04-14, 02:17:47, 24.3, 81.9
2018-04-14, 02:18:48, 24.3, 81.9
2018-04-14, 02:19:49, 24.3, 81.9
2018-04-14, 02:20:49, 24.3, 81.9
2018-04-14, 02:21:51, 24.3, 81.6
2018-04-14, 02:22:52, 24.3, 81.6
2018-04-14, 02:23:52, 24.3, 81.6
2018-04-14, 02:24:53, 24.3, 81.6
2018-04-14, 02:25:54, 24.3, 81.6
2018-04-14, 02:26:57, 24.3, 81.4
2018-04-14, 02:27:57, 24.3, 81.4
2018-04-14, 02:28:58, 24.3, 81.4
2018-04-14, 02:29:59, 24.3, 81.4
2018-04-14, 02:30:59, 24.3, 81.4
2018-04-14, 02:32:01, 24.2, 81.4
2018-04-14, 02:33:02, 24.2, 81.4
2018-04-14, 02:34:03, 24.2, 81.4
2018-04-14, 02:35:04, 24.2, 81.4
2018-04-14, 02:36:06, 24.2, 81.4
2018-04-14, 02:37:07, 24.2, 81.4
2018-04-14, 02:38:07, 24.2, 81.4
2018-04-14, 02:39:08, 24.2, 81.4
2018-04-14, 02:40:10, 24.2, 81.2
2018-04-14, 02:41:11, 24.2, 81.2
2018-04-14, 02:42:12, 24.2, 81.2
2018-04-14, 02:43:13, 24.2, 81.2
2018-04-14, 02:44:15, 24.2, 81.2
2018-04-14, 02:45:15, 24.2, 81.2
2018-04-14, 02:46:16, 24.2, 81.2
2018-04-14, 02:47:17, 24.2, 81.2
2018-04-14, 02:48:18, 24.1, 81.4
2018-04-14, 02:49:18, 24.1, 81.4
2018-04-14, 02:50:19, 24.1, 81.4
2018-04-14, 02:51:20, 24.1, 81.4
2018-04-14, 02:52:21, 24.2, 81.4
2018-04-14, 02:53:22, 24.2, 81.4
2018-04-14, 02:54:23, 24.2, 81.4
2018-04-14, 02:55:23, 24.2, 81.4
2018-04-14, 02:56:25, 24.2, 81.5
2018-04-14, 02:57:26, 24.2, 81.5
2018-04-14, 02:58:27, 24.2, 81.5
2018-04-14, 02:59:27, 24.2, 81.5
2018-04-14, 03:00:30, 24.2, 82.0
2018-04-14, 03:01:30, 24.2, 82.0
2018-04-14, 03:02:31, 24.2, 82.0
2018-04-14, 03:03:32, 24.2, 82.0
2018-04-14, 03:04:34, 24.2, 82.5
2018-04-14, 03:05:34, 24.2, 82.5
2018-04-14, 03:06:35, 24.2, 82.5
2018-04-14, 03:07:36, 24.2, 82.5
2018-04-14, 03:08:37, 24.1, 83.0
2018-04-14, 03:09:38, 24.1, 83.0
2018-04-14, 03:10:38, 24.1, 83.0
2018-04-14, 03:11:39, 24.1, 83.0
2018-04-14, 03:12:41, 24.0, 83.2
2018-04-14, 03:13:42, 24.0, 83.2
2018-04-14, 03:14:42, 24.0, 83.2
2018-04-14, 03:15:43, 24.0, 83.2
2018-04-14, 03:16:45, 24.0, 83.6
2018-04-14, 03:17:46, 24.0, 83.6
2018-04-14, 03:18:47, 24.0, 83.6
2018-04-14, 03:19:48, 24.0, 83.6
2018-04-14, 03:20:50, 23.9, 84.3
2018-04-14, 03:21:51, 23.9, 84.3
2018-04-14, 03:22:52, 23.9, 84.3
2018-04-14, 03:23:53, 23.9, 84.3
2018-04-14, 03:24:53, 23.9, 84.3
2018-04-14, 03:25:55, 23.8, 84.7
2018-04-14, 03:26:56, 23.8, 84.7
2018-04-14, 03:27:56, 23.8, 84.7
2018-04-14, 03:28:57, 23.8, 84.7
2018-04-14, 03:29:58, 23.8, 84.7
2018-04-14, 03:31:00, 23.9, 85.4
2018-04-14, 03:32:01, 23.9, 85.4
2018-04-14, 03:33:02, 23.9, 85.4
2018-04-14, 03:34:02, 23.9, 85.4
2018-04-14, 03:35:05, 23.9, 85.6
2018-04-14, 03:36:05, 23.9, 85.6
2018-04-14, 03:37:06, 23.9, 85.6
2018-04-14, 03:38:07, 23.9, 85.6
2018-04-14, 03:39:09, 23.9, 85.8
2018-04-14, 03:40:09, 23.9, 85.8
2018-04-14, 03:41:10, 23.9, 85.8
2018-04-14, 03:42:11, 23.9, 85.8
2018-04-14, 03:43:13, 23.9, 86.0
2018-04-14, 03:44:13, 23.9, 86.0
2018-04-14, 03:45:14, 23.9, 86.0
2018-04-14, 03:46:15, 23.9, 86.0
2018-04-14, 03:47:16, 23.9, 86.0
2018-04-14, 03:48:17, 23.9, 86.0
2018-04-14, 03:49:18, 23.9, 86.0
2018-04-14, 03:50:19, 23.9, 86.0
2018-04-14, 03:51:20, 23.8, 86.0
2018-04-14, 03:52:21, 23.8, 86.0
2018-04-14, 03:53:22, 23.8, 86.0
2018-04-14, 03:54:22, 23.8, 86.0
2018-04-14, 03:55:24, 23.8, 86.0
2018-04-14, 03:56:25, 23.8, 86.0
2018-04-14, 03:57:26, 23.8, 86.0
2018-04-14, 03:58:26, 23.8, 86.0
2018-04-14, 03:59:28, 23.8, 86.0
2018-04-14, 04:00:29, 23.8, 86.0
2018-04-14, 04:01:29, 23.8, 86.0
2018-04-14, 04:02:30, 23.8, 86.0
2018-04-14, 04:03:32, 23.8, 86.0
2018-04-14, 04:04:33, 23.8, 86.0
2018-04-14, 04:05:34, 23.8, 86.0
2018-04-14, 04:06:34, 23.8, 86.0
2018-04-14, 04:07:36, 23.8, 86.0
2018-04-14, 04:08:37, 23.8, 86.0
2018-04-14, 04:09:38, 23.8, 86.0
2018-04-14, 04:10:38, 23.8, 86.0
2018-04-14, 04:11:40, 23.8, 85.8
2018-04-14, 04:12:41, 23.8, 85.8
2018-04-14, 04:13:42, 23.8, 85.8
2018-04-14, 04:14:42, 23.8, 85.8
2018-04-14, 04:15:44, 23.8, 85.3
2018-04-14, 04:16:45, 23.8, 85.3
2018-04-14, 04:17:46, 23.8, 85.3
2018-04-14, 04:18:47, 23.8, 85.3
2018-04-14, 04:19:47, 23.8, 85.3
2018-04-14, 04:20:49, 23.8, 84.9
2018-04-14, 04:21:50, 23.8, 84.9
2018-04-14, 04:22:51, 23.8, 84.9
2018-04-14, 04:23:51, 23.8, 84.9
2018-04-14, 04:24:52, 23.8, 84.9
2018-04-14, 04:25:54, 23.9, 84.8
2018-04-14, 04:26:55, 23.9, 84.8
2018-04-14, 04:27:55, 23.9, 84.8
2018-04-14, 04:28:56, 23.9, 84.8
2018-04-14, 04:29:57, 23.9, 84.8
2018-04-14, 04:30:59, 23.9, 84.5
2018-04-14, 04:31:59, 23.9, 84.5
2018-04-14, 04:33:00, 23.9, 84.5
2018-04-14, 04:34:02, 23.9, 84.5
2018-04-14, 04:35:05, 23.9, 84.6
2018-04-14, 04:36:06, 23.9, 84.6
2018-04-14, 04:37:06, 23.9, 84.6
2018-04-14, 04:38:07, 23.9, 84.6
2018-04-14, 04:39:09, 23.9, 84.7
2018-04-14, 04:40:10, 23.9, 84.7
2018-04-14, 04:41:10, 23.9, 84.7
2018-04-14, 04:42:11, 23.9, 84.7
2018-04-14, 04:43:13, 23.9, 84.8
2018-04-14, 04:44:13, 23.9, 84.8
2018-04-14, 04:45:14, 23.9, 84.8
2018-04-14, 04:46:15, 23.9, 84.8
2018-04-14, 04:47:17, 23.9, 85.1
2018-04-14, 04:48:17, 23.9, 85.1
2018-04-14, 04:49:18, 23.9, 85.1
2018-04-14, 04:50:19, 23.9, 85.1
2018-04-14, 04:51:21, 23.9, 85.1
2018-04-14, 04:52:21, 23.9, 85.1
2018-04-14, 04:53:22, 23.9, 85.1
2018-04-14, 04:54:23, 23.9, 85.1
2018-04-14, 04:55:25, 23.9, 85.0
2018-04-14, 04:56:25, 23.9, 85.0
2018-04-14, 04:57:26, 23.9, 85.0
2018-04-14, 04:58:26, 23.9, 85.0
2018-04-14, 04:59:28, 23.9, 84.8
2018-04-14, 05:00:29, 23.9, 84.8
2018-04-14, 05:01:30, 23.9, 84.8
2018-04-14, 05:02:31, 23.9, 84.8
2018-04-14, 05:03:33, 23.8, 85.0
2018-04-14, 05:04:34, 23.8, 85.0
2018-04-14, 05:05:34, 23.8, 85.0
2018-04-14, 05:06:35, 23.8, 85.0
2018-04-14, 05:07:37, 23.8, 84.9
2018-04-14, 05:08:37, 23.8, 84.9
2018-04-14, 05:09:38, 23.8, 84.9
2018-04-14, 05:10:39, 23.8, 84.9
2018-04-14, 05:11:40, 23.8, 85.1
2018-04-14, 05:12:41, 23.8, 85.1
2018-04-14, 05:13:42, 23.8, 85.1
2018-04-14, 05:14:43, 23.8, 85.1
2018-04-14, 05:15:44, 23.8, 85.1
2018-04-14, 05:16:45, 23.8, 85.1
2018-04-14, 05:17:46, 23.8, 85.1
2018-04-14, 05:18:46, 23.8, 85.1
2018-04-14, 05:19:47, 23.8, 85.1
2018-04-14, 05:20:49, 23.8, 85.2
2018-04-14, 05:21:50, 23.8, 85.2
2018-04-14, 05:22:50, 23.8, 85.2
2018-04-14, 05:23:51, 23.8, 85.2
2018-04-14, 05:24:52, 23.8, 85.2
2018-04-14, 05:25:54, 23.7, 85.4
2018-04-14, 05:26:54, 23.7, 85.4
2018-04-14, 05:27:55, 23.7, 85.4
2018-04-14, 05:28:56, 23.7, 85.4
2018-04-14, 05:29:56, 23.7, 85.4
2018-04-14, 05:30:58, 23.8, 85.4
2018-04-14, 05:31:59, 23.8, 85.4
2018-04-14, 05:33:00, 23.8, 85.4
2018-04-14, 05:34:00, 23.8, 85.4
2018-04-14, 05:35:02, 23.8, 85.4
2018-04-14, 05:36:03, 23.8, 85.4
2018-04-14, 05:37:04, 23.8, 85.4
2018-04-14, 05:38:05, 23.8, 85.4
2018-04-14, 05:39:07, 23.8, 85.4
2018-04-14, 05:40:07, 23.8, 85.4
2018-04-14, 05:41:08, 23.8, 85.4
2018-04-14, 05:42:09, 23.8, 85.4
2018-04-14, 05:43:11, 23.8, 85.4
2018-04-14, 05:44:11, 23.8, 85.4
2018-04-14, 05:45:12, 23.8, 85.4
2018-04-14, 05:46:13, 23.8, 85.4
2018-04-14, 05:47:15, 23.8, 85.6
2018-04-14, 05:48:15, 23.8, 85.6
2018-04-14, 05:49:16, 23.8, 85.6
2018-04-14, 05:50:17, 23.8, 85.6
2018-04-14, 05:51:19, 23.8, 85.5
2018-04-14, 05:52:19, 23.8, 85.5
2018-04-14, 05:53:20, 23.8, 85.5
2018-04-14, 05:54:20, 23.8, 85.5
2018-04-14, 05:55:22, 23.8, 85.5
2018-04-14, 05:56:23, 23.8, 85.5
2018-04-14, 05:57:24, 23.8, 85.5
2018-04-14, 05:58:25, 23.8, 85.5
2018-04-14, 05:59:27, 23.8, 85.8
2018-04-14, 06:00:27, 23.8, 85.8
2018-04-14, 06:01:28, 23.8, 85.8
2018-04-14, 06:02:29, 23.8, 85.8
2018-04-14, 06:03:31, 23.8, 86.0
2018-04-14, 06:04:31, 23.8, 86.0
2018-04-14, 06:05:32, 23.8, 86.0
2018-04-14, 06:06:33, 23.8, 86.0
2018-04-14, 06:07:35, 23.9, 85.9
2018-04-14, 06:08:35, 23.9, 85.9
2018-04-14, 06:09:36, 23.9, 85.9
2018-04-14, 06:10:37, 23.9, 85.9
2018-04-14, 06:11:39, 23.9, 86.0
2018-04-14, 06:12:39, 23.9, 86.0
2018-04-14, 06:13:40, 23.9, 86.0
2018-04-14, 06:14:41, 23.9, 86.0
2018-04-14, 06:15:43, 23.9, 86.0
2018-04-14, 06:16:44, 23.9, 86.0
2018-04-14, 06:17:45, 23.9, 86.0
2018-04-14, 06:18:45, 23.9, 86.0
2018-04-14, 06:19:47, 23.9, 85.6
2018-04-14, 06:20:48, 23.9, 85.6
2018-04-14, 06:21:49, 23.9, 85.6
2018-04-14, 06:22:50, 23.9, 85.6
2018-04-14, 06:23:50, 23.9, 85.6
2018-04-14, 06:24:52, 24.0, 86.1
2018-04-14, 06:25:53, 24.0, 86.1
2018-04-14, 06:26:53, 24.0, 86.1
2018-04-14, 06:27:54, 24.0, 86.1
2018-04-14, 06:28:55, 24.0, 86.1
2018-04-14, 06:29:57, 24.1, 85.7
2018-04-14, 06:30:57, 24.1, 85.7
2018-04-14, 06:31:58, 24.1, 85.7
2018-04-14, 06:32:59, 24.1, 85.7
2018-04-14, 06:33:59, 24.1, 85.7
2018-04-14, 06:35:01, 24.0, 84.6
2018-04-14, 06:36:02, 24.0, 84.6
2018-04-14, 06:37:03, 24.0, 84.6
2018-04-14, 06:38:05, 24.0, 84.6
2018-04-14, 06:39:07, 24.0, 84.5
2018-04-14, 06:40:08, 24.0, 84.5
2018-04-14, 06:41:09, 24.0, 84.5
2018-04-14, 06:42:10, 24.0, 84.5
2018-04-14, 06:43:12, 24.1, 84.1
2018-04-14, 06:44:12, 24.1, 84.1
2018-04-14, 06:45:13, 24.1, 84.1
2018-04-14, 06:46:14, 24.1, 84.1
2018-04-14, 06:47:16, 24.2, 83.3
2018-04-14, 06:48:16, 24.2, 83.3
2018-04-14, 06:49:17, 24.2, 83.3
2018-04-14, 06:50:18, 24.2, 83.3
2018-04-14, 06:51:20, 24.3, 83.1
2018-04-14, 06:52:21, 24.3, 83.1
2018-04-14, 06:53:21, 24.3, 83.1
2018-04-14, 06:54:22, 24.3, 83.1
2018-04-14, 06:55:24, 24.4, 82.9
2018-04-14, 06:56:24, 24.4, 82.9
2018-04-14, 06:57:25, 24.4, 82.9
2018-04-14, 06:58:26, 24.4, 82.9
2018-04-14, 06:59:27, 24.5, 81.7
2018-04-14, 07:00:28, 24.5, 81.7
2018-04-14, 07:01:29, 24.5, 81.7
2018-04-14, 07:02:30, 24.5, 81.7
2018-04-14, 07:03:32, 24.6, 80.7
2018-04-14, 07:04:32, 24.6, 80.7
2018-04-14, 07:05:33, 24.6, 80.7
2018-04-14, 07:06:34, 24.6, 80.7
2018-04-14, 07:07:36, 24.9, 79.5
2018-04-14, 07:08:36, 24.9, 79.5
2018-04-14, 07:09:37, 24.9, 79.5
2018-04-14, 07:10:38, 24.9, 79.5
2018-04-14, 07:11:40, 25.2, 78.6
2018-04-14, 07:12:40, 25.2, 78.6
2018-04-14, 07:13:41, 25.2, 78.6
2018-04-14, 07:14:41, 25.2, 78.6
2018-04-14, 07:15:44, 25.5, 76.8
2018-04-14, 07:16:46, 25.5, 76.8
2018-04-14, 07:17:46, 25.5, 76.8
2018-04-14, 07:18:47, 25.5, 76.8
2018-04-14, 07:19:49, 25.8, 74.0
2018-04-14, 07:20:50, 25.8, 74.0
2018-04-14, 07:21:51, 25.8, 74.0
2018-04-14, 07:22:51, 25.8, 74.0
2018-04-14, 07:23:52, 25.8, 74.0
2018-04-14, 07:24:54, 26.0, 72.2
2018-04-14, 07:25:54, 26.0, 72.2
2018-04-14, 07:26:55, 26.0, 72.2
2018-04-14, 07:27:56, 26.0, 72.2
2018-04-14, 07:28:56, 26.0, 72.2
2018-04-14, 07:29:58, 26.1, 72.6
2018-04-14, 07:30:59, 26.1, 72.6
2018-04-14, 07:32:00, 26.1, 72.6
2018-04-14, 07:33:00, 26.1, 72.6
2018-04-14, 07:34:02, 26.2, 74.4
2018-04-14, 07:35:03, 26.2, 74.4
2018-04-14, 07:36:04, 26.2, 74.4
2018-04-14, 07:37:04, 26.2, 74.4
2018-04-14, 07:38:07, 26.3, 74.0
2018-04-14, 07:39:07, 26.3, 74.0
2018-04-14, 07:40:08, 26.3, 74.0
2018-04-14, 07:41:09, 26.3, 74.0
2018-04-14, 07:42:11, 26.2, 73.6
2018-04-14, 07:43:12, 26.2, 73.6
2018-04-14, 07:44:13, 26.2, 73.6
2018-04-14, 07:45:13, 26.2, 73.6
2018-04-14, 07:46:15, 26.0, 74.3
2018-04-14, 07:47:16, 26.0, 74.3
2018-04-14, 07:48:16, 26.0, 74.3
2018-04-14, 07:49:17, 26.0, 74.3
2018-04-14, 07:50:19, 25.9, 74.6
2018-04-14, 07:51:20, 25.9, 74.6
2018-04-14, 07:52:20, 25.9, 74.6
2018-04-14, 07:53:21, 25.9, 74.6
2018-04-14, 07:54:23, 25.9, 75.2
2018-04-14, 07:55:24, 25.9, 75.2
2018-04-14, 07:56:25, 25.9, 75.2
2018-04-14, 07:57:26, 25.9, 75.2
2018-04-14, 07:58:27, 26.0, 75.9
2018-04-14, 07:59:27, 26.0, 75.9
2018-04-14, 08:00:28, 26.0, 75.9
2018-04-14, 08:01:29, 26.0, 75.9
2018-04-14, 08:02:31, 26.0, 74.5
2018-04-14, 08:03:31, 26.0, 74.5
2018-04-14, 08:04:32, 26.0, 74.5
2018-04-14, 08:05:33, 26.0, 74.5
2018-04-14, 08:06:34, 26.1, 75.1
2018-04-14, 08:07:35, 26.1, 75.1
2018-04-14, 08:08:36, 26.1, 75.1
2018-04-14, 08:09:37, 26.1, 75.1
2018-04-14, 08:10:38, 26.0, 75.4
2018-04-14, 08:11:39, 26.0, 75.4
2018-04-14, 08:12:40, 26.0, 75.4
2018-04-14, 08:13:41, 26.0, 75.4
2018-04-14, 08:14:43, 26.0, 75.2
2018-04-14, 08:15:43, 26.0, 75.2
2018-04-14, 08:16:44, 26.0, 75.2
2018-04-14, 08:17:44, 26.0, 75.2
2018-04-14, 08:18:45, 26.1, 74.8
2018-04-14, 08:19:46, 26.1, 74.8
2018-04-14, 08:20:46, 26.1, 74.8
2018-04-14, 08:21:47, 26.1, 74.8
2018-04-14, 08:22:49, 26.6, 73.7
2018-04-14, 08:23:50, 26.6, 73.7
2018-04-14, 08:24:50, 26.6, 73.7
2018-04-14, 08:25:51, 26.6, 73.7
2018-04-14, 08:26:52, 26.6, 73.7
2018-04-14, 08:27:54, 26.7, 72.9
2018-04-14, 08:28:54, 26.7, 72.9
2018-04-14, 08:29:55, 26.7, 72.9
2018-04-14, 08:30:56, 26.7, 72.9
2018-04-14, 08:31:58, 26.7, 72.9
2018-04-14, 08:33:01, 27.1, 71.6
2018-04-14, 08:34:02, 27.1, 71.6
2018-04-14, 08:35:02, 27.1, 71.6
2018-04-14, 08:36:03, 27.1, 71.6
2018-04-14, 08:37:05, 27.3, 70.2
2018-04-14, 08:38:06, 27.3, 70.2
2018-04-14, 08:39:07, 27.3, 70.2
2018-04-14, 08:40:08, 27.3, 70.2
2018-04-14, 08:41:10, 27.4, 69.7
2018-04-14, 08:42:10, 27.4, 69.7
2018-04-14, 08:43:11, 27.4, 69.7
2018-04-14, 08:44:11, 27.4, 69.7
2018-04-14, 08:45:13, 27.7, 68.0
2018-04-14, 08:46:14, 27.7, 68.0
2018-04-14, 08:47:15, 27.7, 68.0
2018-04-14, 08:48:15, 27.7, 68.0
2018-04-14, 08:49:17, 27.7, 67.6
2018-04-14, 08:50:18, 27.7, 67.6
2018-04-14, 08:51:18, 27.7, 67.6
2018-04-14, 08:52:19, 27.7, 67.6
2018-04-14, 08:53:21, 28.0, 66.8
2018-04-14, 08:54:22, 28.0, 66.8
2018-04-14, 08:55:23, 28.0, 66.8
2018-04-14, 08:56:23, 28.0, 66.8
2018-04-14, 08:57:25, 28.2, 64.7
2018-04-14, 08:58:26, 28.2, 64.7
2018-04-14, 08:59:27, 28.2, 64.7
2018-04-14, 09:00:27, 28.2, 64.7
2018-04-14, 09:01:29, 28.3, 65.1
2018-04-14, 09:02:30, 28.3, 65.1
2018-04-14, 09:03:31, 28.3, 65.1
2018-04-14, 09:04:32, 28.3, 65.1
2018-04-14, 09:05:34, 28.2, 67.8
2018-04-14, 09:06:34, 28.2, 67.8
2018-04-14, 09:07:35, 28.2, 67.8
2018-04-14, 09:08:36, 28.2, 67.8
2018-04-14, 09:09:38, 28.4, 67.2
2018-04-14, 09:10:39, 28.4, 67.2
2018-04-14, 09:11:40, 28.4, 67.2
2018-04-14, 09:12:40, 28.4, 67.2
2018-04-14, 09:13:42, 28.3, 65.7
2018-04-14, 09:14:43, 28.3, 65.7
2018-04-14, 09:15:44, 28.3, 65.7
2018-04-14, 09:16:44, 28.3, 65.7
2018-04-14, 09:17:46, 28.3, 67.0
2018-04-14, 09:18:47, 28.3, 67.0
2018-04-14, 09:19:49, 28.3, 67.0
2018-04-14, 09:20:50, 28.3, 67.0
2018-04-14, 09:21:51, 28.3, 67.0
2018-04-14, 09:22:52, 28.3, 66.9
2018-04-14, 09:23:53, 28.3, 66.9
2018-04-14, 09:24:54, 28.3, 66.9
2018-04-14, 09:25:55, 28.3, 66.9
2018-04-14, 09:26:55, 28.3, 66.9
2018-04-14, 09:27:57, 28.0, 66.5
2018-04-14, 09:28:58, 28.0, 66.5
2018-04-14, 09:29:58, 28.0, 66.5
2018-04-14, 09:30:59, 28.0, 66.5
2018-04-14, 09:31:59, 28.0, 66.5
2018-04-14, 09:33:01, 27.9, 66.9
2018-04-14, 09:34:03, 27.9, 66.9
2018-04-14, 09:35:04, 27.9, 66.9
2018-04-14, 09:36:05, 27.9, 66.9
2018-04-14, 09:37:06, 27.9, 69.4
2018-04-14, 09:38:07, 27.9, 69.4
2018-04-14, 09:39:09, 27.9, 69.4
2018-04-14, 09:40:10, 27.9, 69.4
2018-04-14, 09:41:12, 27.6, 72.0
2018-04-14, 09:42:13, 27.6, 72.0
2018-04-14, 09:43:13, 27.6, 72.0
2018-04-14, 09:44:14, 27.6, 72.0
2018-04-14, 09:45:16, 27.2, 72.9
2018-04-14, 09:46:17, 27.2, 72.9
2018-04-14, 09:47:17, 27.2, 72.9
2018-04-14, 09:48:18, 27.2, 72.9
2018-04-14, 09:49:20, 27.0, 73.6
2018-04-14, 09:50:21, 27.0, 73.6
2018-04-14, 09:51:21, 27.0, 73.6
2018-04-14, 09:52:22, 27.0, 73.6
2018-04-14, 09:53:24, 27.0, 76.2
2018-04-14, 09:54:25, 27.0, 76.2
2018-04-14, 09:55:25, 27.0, 76.2
2018-04-14, 09:56:26, 27.0, 76.2
2018-04-14, 09:57:28, 26.6, 77.9
2018-04-14, 09:58:29, 26.6, 77.9
2018-04-14, 09:59:29, 26.6, 77.9
2018-04-14, 10:00:30, 26.6, 77.9
2018-04-14, 10:01:32, 26.4, 78.3
2018-04-14, 10:02:33, 26.4, 78.3
2018-04-14, 10:03:34, 26.4, 78.3
2018-04-14, 10:04:34, 26.4, 78.3
2018-04-14, 10:05:36, 26.5, 78.5
2018-04-14, 10:06:37, 26.5, 78.5
2018-04-14, 10:07:37, 26.5, 78.5
2018-04-14, 10:08:38, 26.5, 78.5
2018-04-14, 10:09:40, 26.6, 77.7
2018-04-14, 10:10:41, 26.6, 77.7
2018-04-14, 10:11:42, 26.6, 77.7
2018-04-14, 10:12:42, 26.6, 77.7
2018-04-14, 10:13:44, 26.7, 75.8
2018-04-14, 10:14:45, 26.7, 75.8
2018-04-14, 10:15:46, 26.7, 75.8
2018-04-14, 10:16:46, 26.7, 75.8
2018-04-14, 10:17:48, 27.2, 75.7
2018-04-14, 10:18:49, 27.2, 75.7
2018-04-14, 10:19:50, 27.2, 75.7
2018-04-14, 10:20:50, 27.2, 75.7
2018-04-14, 10:21:51, 27.2, 75.7
2018-04-14, 10:22:53, 27.7, 74.3
2018-04-14, 10:23:54, 27.7, 74.3
2018-04-14, 10:24:54, 27.7, 74.3
2018-04-14, 10:25:55, 27.7, 74.3
2018-04-14, 10:26:56, 27.7, 74.3
2018-04-14, 10:27:58, 27.8, 69.3
2018-04-14, 10:28:58, 27.8, 69.3
2018-04-14, 10:29:59, 27.8, 69.3
2018-04-14, 10:31:00, 27.8, 69.3
2018-04-14, 10:32:01, 28.2, 70.6
2018-04-14, 10:33:02, 28.2, 70.6
2018-04-14, 10:34:03, 28.2, 70.6
2018-04-14, 10:35:04, 28.2, 70.6
2018-04-14, 10:36:06, 28.3, 68.8
2018-04-14, 10:37:07, 28.3, 68.8
2018-04-14, 10:38:07, 28.3, 68.8
2018-04-14, 10:39:08, 28.3, 68.8
2018-04-14, 10:40:10, 28.7, 68.0
2018-04-14, 10:41:11, 28.7, 68.0
2018-04-14, 10:42:12, 28.7, 68.0
2018-04-14, 10:43:13, 28.7, 68.0
2018-04-14, 10:44:15, 28.7, 66.5
2018-04-14, 10:45:16, 28.7, 66.5
2018-04-14, 10:46:16, 28.7, 66.5
2018-04-14, 10:47:17, 28.7, 66.5
2018-04-14, 10:48:19, 28.7, 65.8
2018-04-14, 10:49:20, 28.7, 65.8
2018-04-14, 10:50:20, 28.7, 65.8
2018-04-14, 10:51:21, 28.7, 65.8
2018-04-14, 10:52:23, 28.7, 66.6
2018-04-14, 10:53:24, 28.7, 66.6
2018-04-14, 10:54:24, 28.7, 66.6
2018-04-14, 10:55:25, 28.7, 66.6
2018-04-14, 10:56:27, 28.4, 66.4
2018-04-14, 10:57:28, 28.4, 66.4
2018-04-14, 10:58:29, 28.4, 66.4
2018-04-14, 10:59:29, 28.4, 66.4
2018-04-14, 11:00:31, 28.4, 67.8
2018-04-14, 11:01:32, 28.4, 67.8
2018-04-14, 11:02:33, 28.4, 67.8
2018-04-14, 11:03:34, 28.4, 67.8
2018-04-14, 11:04:36, 28.6, 66.5
2018-04-14, 11:05:37, 28.6, 66.5
2018-04-14, 11:06:38, 28.6, 66.5
2018-04-14, 11:07:38, 28.6, 66.5
2018-04-14, 11:08:39, 28.9, 64.8
2018-04-14, 11:09:40, 28.9, 64.8
2018-04-14, 11:10:40, 28.9, 64.8
2018-04-14, 11:11:41, 28.9, 64.8
2018-04-14, 11:12:43, 29.1, 62.7
2018-04-14, 11:13:44, 29.1, 62.7
2018-04-14, 11:14:44, 29.1, 62.7
2018-04-14, 11:15:45, 29.1, 62.7
2018-04-14, 11:16:47, 29.6, 64.1
2018-04-14, 11:17:47, 29.6, 64.1
2018-04-14, 11:18:48, 29.6, 64.1
2018-04-14, 11:19:49, 29.6, 64.1
2018-04-14, 11:20:49, 29.6, 64.1
2018-04-14, 11:21:51, 29.3, 61.6
2018-04-14, 11:22:52, 29.3, 61.6
2018-04-14, 11:23:53, 29.3, 61.6
2018-04-14, 11:24:54, 29.3, 61.6
2018-04-14, 11:25:55, 29.3, 61.6
2018-04-14, 11:26:57, 29.6, 60.9
2018-04-14, 11:27:58, 29.6, 60.9
2018-04-14, 11:28:58, 29.6, 60.9
2018-04-14, 11:29:59, 29.6, 60.9
2018-04-14, 11:31:01, 30.2, 59.1
2018-04-14, 11:32:02, 30.2, 59.1
2018-04-14, 11:33:03, 30.2, 59.1
2018-04-14, 11:34:03, 30.2, 59.1
2018-04-14, 11:35:05, 30.0, 59.3
2018-04-14, 11:36:06, 30.0, 59.3
2018-04-14, 11:37:07, 30.0, 59.3
2018-04-14, 11:38:07, 30.0, 59.3
2018-04-14, 11:39:09, 30.1, 58.2
2018-04-14, 11:40:11, 30.1, 58.2
2018-04-14, 11:41:12, 30.1, 58.2
2018-04-14, 11:42:12, 30.1, 58.2
2018-04-14, 11:43:14, 30.3, 59.6
2018-04-14, 11:44:15, 30.3, 59.6
2018-04-14, 11:45:16, 30.3, 59.6
2018-04-14, 11:46:16, 30.3, 59.6
2018-04-14, 11:47:18, 29.9, 59.9
2018-04-14, 11:48:19, 29.9, 59.9
2018-04-14, 11:49:20, 29.9, 59.9
2018-04-14, 11:50:21, 29.9, 59.9
2018-04-14, 11:51:23, 29.8, 60.3
2018-04-14, 11:52:23, 29.8, 60.3
2018-04-14, 11:53:24, 29.8, 60.3
2018-04-14, 11:54:25, 29.8, 60.3
2018-04-14, 11:55:27, 30.2, 59.9
2018-04-14, 11:56:28, 30.2, 59.9
2018-04-14, 11:57:28, 30.2, 59.9
2018-04-14, 11:58:29, 30.2, 59.9
2018-04-14, 11:59:31, 30.1, 57.5
2018-04-14, 12:00:32, 30.1, 57.5
2018-04-14, 12:01:33, 30.1, 57.5
2018-04-14, 12:02:33, 30.1, 57.5
2018-04-14, 12:03:35, 30.1, 59.2
2018-04-14, 12:04:36, 30.1, 59.2
2018-04-14, 12:05:36, 30.1, 59.2
2018-04-14, 12:06:37, 30.1, 59.2
2018-04-14, 12:07:39, 30.5, 57.5
2018-04-14, 12:08:40, 30.5, 57.5
2018-04-14, 12:09:40, 30.5, 57.5
2018-04-14, 12:10:41, 30.5, 57.5
2018-04-14, 12:11:43, 30.6, 57.5
2018-04-14, 12:12:43, 30.6, 57.5
2018-04-14, 12:13:44, 30.6, 57.5
2018-04-14, 12:14:45, 30.6, 57.5
2018-04-14, 12:15:47, 30.3, 56.1
2018-04-14, 12:16:47, 30.3, 56.1
2018-04-14, 12:17:48, 30.3, 56.1
2018-04-14, 12:18:49, 30.3, 56.1
2018-04-14, 12:19:49, 30.3, 56.1
2018-04-14, 12:20:51, 30.0, 55.3
2018-04-14, 12:21:52, 30.0, 55.3
2018-04-14, 12:22:53, 30.0, 55.3
2018-04-14, 12:23:54, 30.0, 55.3
2018-04-14, 12:24:54, 30.0, 55.3
2018-04-14, 12:25:56, 30.2, 56.1
2018-04-14, 12:26:57, 30.2, 56.1
2018-04-14, 12:27:58, 30.2, 56.1
2018-04-14, 12:28:58, 30.2, 56.1
2018-04-14, 12:29:59, 30.2, 56.1
2018-04-14, 12:31:02, 30.3, 59.7
2018-04-14, 12:32:02, 30.3, 59.7
2018-04-14, 12:33:03, 30.3, 59.7
2018-04-14, 12:34:04, 30.3, 59.7
2018-04-14, 12:35:06, 30.1, 60.4
2018-04-14, 12:36:06, 30.1, 60.4
2018-04-14, 12:37:08, 30.1, 60.4
2018-04-14, 12:38:08, 30.1, 60.4
2018-04-14, 12:39:10, 30.0, 61.0
2018-04-14, 12:40:11, 30.0, 61.0
2018-04-14, 12:41:12, 30.0, 61.0
2018-04-14, 12:42:13, 30.0, 61.0
2018-04-14, 12:43:15, 29.7, 64.7
2018-04-14, 12:44:16, 29.7, 64.7
2018-04-14, 12:45:16, 29.7, 64.7
2018-04-14, 12:46:17, 29.7, 64.7
2018-04-14, 12:47:19, 29.1, 65.4
2018-04-14, 12:48:19, 29.1, 65.4
2018-04-14, 12:49:20, 29.1, 65.4
2018-04-14, 12:50:21, 29.1, 65.4
2018-04-14, 12:51:23, 28.6, 68.5
2018-04-14, 12:52:24, 28.6, 68.5
2018-04-14, 12:53:26, 28.6, 68.5
2018-04-14, 12:54:27, 28.6, 68.5
2018-04-14, 12:55:29, 28.7, 69.1
2018-04-14, 12:56:30, 28.7, 69.1
2018-04-14, 12:57:31, 28.7, 69.1
2018-04-14, 12:58:31, 28.7, 69.1
2018-04-14, 12:59:33, 28.8, 67.4
2018-04-14, 13:00:34, 28.8, 67.4
2018-04-14, 13:01:34, 28.8, 67.4
2018-04-14, 13:02:35, 28.8, 67.4
2018-04-14, 13:03:37, 29.1, 65.9
2018-04-14, 13:04:38, 29.1, 65.9
2018-04-14, 13:05:38, 29.1, 65.9
2018-04-14, 13:06:39, 29.1, 65.9
2018-04-14, 13:07:41, 29.0, 65.4
2018-04-14, 13:08:42, 29.0, 65.4
2018-04-14, 13:09:42, 29.0, 65.4
2018-04-14, 13:10:43, 29.0, 65.4
2018-04-14, 13:11:45, 28.7, 65.2
2018-04-14, 13:12:46, 28.7, 65.2
2018-04-14, 13:13:47, 28.7, 65.2
2018-04-14, 13:14:47, 28.7, 65.2
2018-04-14, 13:15:48, 28.7, 65.2
2018-04-14, 13:16:50, 28.7, 65.7
2018-04-14, 13:17:50, 28.7, 65.7
2018-04-14, 13:18:51, 28.7, 65.7
2018-04-14, 13:19:52, 28.7, 65.7
2018-04-14, 13:20:52, 28.7, 65.7
2018-04-14, 13:21:54, 28.8, 66.4
2018-04-14, 13:22:55, 28.8, 66.4
2018-04-14, 13:23:56, 28.8, 66.4
2018-04-14, 13:24:56, 28.8, 66.4
2018-04-14, 13:25:57, 28.8, 66.4
2018-04-14, 13:26:59, 28.6, 67.0
2018-04-14, 13:28:00, 28.6, 67.0
2018-04-14, 13:29:00, 28.6, 67.0
2018-04-14, 13:30:01, 28.6, 67.0
2018-04-14, 13:31:03, 28.6, 67.8
2018-04-14, 13:32:04, 28.6, 67.8
2018-04-14, 13:33:04, 28.6, 67.8
2018-04-14, 13:34:05, 28.6, 67.8
2018-04-14, 13:35:07, 28.5, 68.3
2018-04-14, 13:36:08, 28.5, 68.3
2018-04-14, 13:37:08, 28.5, 68.3
2018-04-14, 13:38:09, 28.5, 68.3
2018-04-14, 13:39:11, 28.5, 69.9
2018-04-14, 13:40:12, 28.5, 69.9
2018-04-14, 13:41:13, 28.5, 69.9
2018-04-14, 13:42:13, 28.5, 69.9
2018-04-14, 13:43:16, 28.5, 69.6
2018-04-14, 13:44:16, 28.5, 69.6
2018-04-14, 13:45:17, 28.5, 69.6
2018-04-14, 13:46:17, 28.5, 69.6
2018-04-14, 13:47:19, 28.5, 69.3
2018-04-14, 13:48:21, 28.5, 69.3
2018-04-14, 13:49:22, 28.5, 69.3
2018-04-14, 13:50:23, 28.5, 69.3
2018-04-14, 13:51:25, 28.6, 69.9
2018-04-14, 13:52:26, 28.6, 69.9
2018-04-14, 13:53:26, 28.6, 69.9
2018-04-14, 13:54:27, 28.6, 69.9
2018-04-14, 13:55:29, 28.6, 69.2
2018-04-14, 13:56:29, 28.6, 69.2
2018-04-14, 13:57:31, 28.6, 69.2
2018-04-14, 13:58:32, 28.6, 69.2
2018-04-14, 13:59:34, 28.7, 68.1
2018-04-14, 14:00:34, 28.7, 68.1
2018-04-14, 14:01:35, 28.7, 68.1
2018-04-14, 14:02:36, 28.7, 68.1
2018-04-14, 14:03:38, 28.9, 68.3
2018-04-14, 14:04:38, 28.9, 68.3
2018-04-14, 14:05:39, 28.9, 68.3
2018-04-14, 14:06:39, 28.9, 68.3
2018-04-14, 14:07:41, 28.9, 67.5
2018-04-14, 14:08:42, 28.9, 67.5
2018-04-14, 14:09:43, 28.9, 67.5
2018-04-14, 14:10:44, 28.9, 67.5
2018-04-14, 14:11:46, 28.9, 67.3
2018-04-14, 14:12:47, 28.9, 67.3
2018-04-14, 14:13:48, 28.9, 67.3
2018-04-14, 14:14:48, 28.9, 67.3
2018-04-14, 14:15:49, 28.9, 67.3
2018-04-14, 14:16:51, 28.9, 67.1
2018-04-14, 14:17:52, 28.9, 67.1
2018-04-14, 14:18:52, 28.9, 67.1
2018-04-14, 14:19:53, 28.9, 67.1
2018-04-14, 14:20:53, 28.9, 67.1
2018-04-14, 14:21:55, 28.8, 68.7
2018-04-14, 14:22:56, 28.8, 68.7
2018-04-14, 14:23:57, 28.8, 68.7
2018-04-14, 14:24:57, 28.8, 68.7
2018-04-14, 14:25:58, 28.8, 68.7
2018-04-14, 14:27:00, 28.8, 68.3
2018-04-14, 14:28:01, 28.8, 68.3
2018-04-14, 14:29:02, 28.8, 68.3
2018-04-14, 14:30:04, 28.8, 68.3
2018-04-14, 14:31:06, 28.8, 68.8
2018-04-14, 14:32:07, 28.8, 68.8
2018-04-14, 14:33:07, 28.8, 68.8
2018-04-14, 14:34:08, 28.8, 68.8
2018-04-14, 14:35:10, 28.5, 70.7
2018-04-14, 14:36:11, 28.5, 70.7
2018-04-14, 14:37:13, 28.5, 70.7
2018-04-14, 14:38:13, 28.5, 70.7
2018-04-14, 14:39:15, 28.3, 71.1
2018-04-14, 14:40:17, 28.3, 71.1
2018-04-14, 14:41:18, 28.3, 71.1
2018-04-14, 14:42:19, 28.3, 71.1
2018-04-14, 14:43:21, 28.3, 71.9
2018-04-14, 14:44:22, 28.3, 71.9
2018-04-14, 14:45:22, 28.3, 71.9
2018-04-14, 14:46:23, 28.3, 71.9
2018-04-14, 14:47:25, 28.2, 72.6
2018-04-14, 14:48:25, 28.2, 72.6
2018-04-14, 14:49:26, 28.2, 72.6
2018-04-14, 14:50:27, 28.2, 72.6
2018-04-14, 14:51:29, 28.1, 72.2
2018-04-14, 14:52:29, 28.1, 72.2
2018-04-14, 14:53:30, 28.1, 72.2
2018-04-14, 14:54:30, 28.1, 72.2
2018-04-14, 14:55:32, 28.0, 73.6
2018-04-14, 14:56:33, 28.0, 73.6
2018-04-14, 14:57:34, 28.0, 73.6
2018-04-14, 14:58:34, 28.0, 73.6
2018-04-14, 14:59:37, 27.7, 72.4
2018-04-14, 15:00:37, 27.7, 72.4
2018-04-14, 15:01:38, 27.7, 72.4
2018-04-14, 15:02:38, 27.7, 72.4
2018-04-14, 15:03:40, 27.5, 73.6
2018-04-14, 15:04:41, 27.5, 73.6
2018-04-14, 15:05:42, 27.5, 73.6
2018-04-14, 15:06:42, 27.5, 73.6
2018-04-14, 15:07:44, 27.2, 72.8
2018-04-14, 15:08:45, 27.2, 72.8
2018-04-14, 15:09:46, 27.2, 72.8
2018-04-14, 15:10:47, 27.2, 72.8
2018-04-14, 15:11:49, 27.2, 73.2
2018-04-14, 15:12:50, 27.2, 73.2
2018-04-14, 15:13:50, 27.2, 73.2
2018-04-14, 15:14:51, 27.2, 73.2
2018-04-14, 15:15:51, 27.2, 73.2
2018-04-14, 15:16:53, 27.0, 73.3
2018-04-14, 15:17:54, 27.0, 73.3
2018-04-14, 15:18:55, 27.0, 73.3
2018-04-14, 15:19:56, 27.0, 73.3
2018-04-14, 15:20:56, 27.0, 73.3
2018-04-14, 15:21:58, 26.8, 73.9
2018-04-14, 15:22:59, 26.8, 73.9
2018-04-14, 15:23:59, 26.8, 73.9
2018-04-14, 15:25:00, 26.8, 73.9
2018-04-14, 15:26:02, 26.7, 74.2
2018-04-14, 15:27:03, 26.7, 74.2
2018-04-14, 15:28:03, 26.7, 74.2
2018-04-14, 15:29:04, 26.7, 74.2
2018-04-14, 15:30:07, 26.5, 74.4
2018-04-14, 15:31:07, 26.5, 74.4
2018-04-14, 15:32:08, 26.5, 74.4
2018-04-14, 15:33:09, 26.5, 74.4
2018-04-14, 15:34:10, 26.4, 75.2
2018-04-14, 15:35:12, 26.4, 75.2
2018-04-14, 15:36:13, 26.4, 75.2
2018-04-14, 15:37:13, 26.4, 75.2
2018-04-14, 15:38:14, 26.2, 75.9
2018-04-14, 15:39:15, 26.2, 75.9
2018-04-14, 15:40:15, 26.2, 75.9
2018-04-14, 15:41:16, 26.2, 75.9
2018-04-14, 15:42:18, 26.0, 76.0
2018-04-14, 15:43:19, 26.0, 76.0
2018-04-14, 15:44:20, 26.0, 76.0
2018-04-14, 15:45:21, 26.0, 76.0
2018-04-14, 15:46:22, 25.9, 76.5
2018-04-14, 15:47:23, 25.9, 76.5
2018-04-14, 15:48:24, 25.9, 76.5
2018-04-14, 15:49:24, 25.9, 76.5
2018-04-14, 15:50:26, 25.9, 77.0
2018-04-14, 15:51:27, 25.9, 77.0
2018-04-14, 15:52:28, 25.9, 77.0
2018-04-14, 15:53:28, 25.9, 77.0
2018-04-14, 15:54:30, 25.9, 77.4
2018-04-14, 15:55:32, 25.9, 77.4
2018-04-14, 15:56:32, 25.9, 77.4
2018-04-14, 15:57:33, 25.9, 77.4
2018-04-14, 15:58:33, 25.9, 77.5
2018-04-14, 15:59:34, 25.9, 77.5
2018-04-14, 16:00:35, 25.9, 77.5
2018-04-14, 16:01:36, 25.9, 77.5
2018-04-14, 16:02:38, 25.8, 77.9
2018-04-14, 16:03:39, 25.8, 77.9
2018-04-14, 16:04:40, 25.8, 77.9
2018-04-14, 16:05:41, 25.8, 77.9
2018-04-14, 16:06:42, 25.8, 78.3
2018-04-14, 16:07:43, 25.8, 78.3
2018-04-14, 16:08:44, 25.8, 78.3
2018-04-14, 16:09:44, 25.8, 78.3
2018-04-14, 16:10:46, 25.7, 79.6
2018-04-14, 16:11:47, 25.7, 79.6
2018-04-14, 16:12:47, 25.7, 79.6
2018-04-14, 16:13:48, 25.7, 79.6
2018-04-14, 16:14:49, 25.7, 79.6
2018-04-14, 16:15:51, 25.5, 80.3
2018-04-14, 16:16:52, 25.5, 80.3
2018-04-14, 16:17:53, 25.5, 80.3
2018-04-14, 16:18:55, 25.5, 80.3
2018-04-14, 16:19:56, 25.5, 80.3
2018-04-14, 16:20:59, 25.4, 81.2
2018-04-14, 16:22:00, 25.4, 81.2
2018-04-14, 16:23:01, 25.4, 81.2
2018-04-14, 16:24:02, 25.4, 81.2
2018-04-14, 16:25:04, 25.2, 82.4
2018-04-14, 16:26:04, 25.2, 82.4
2018-04-14, 16:27:05, 25.2, 82.4
2018-04-14, 16:28:06, 25.2, 82.4
2018-04-14, 16:29:07, 25.2, 83.5
2018-04-14, 16:30:08, 25.2, 83.5
2018-04-14, 16:31:09, 25.2, 83.5
2018-04-14, 16:32:10, 25.2, 83.5
2018-04-14, 16:33:12, 25.1, 83.9
2018-04-14, 16:34:12, 25.1, 83.9
2018-04-14, 16:35:13, 25.1, 83.9
2018-04-14, 16:36:14, 25.1, 83.9
2018-04-14, 16:37:16, 25.0, 84.3
2018-04-14, 16:38:16, 25.0, 84.3
2018-04-14, 16:39:17, 25.0, 84.3
2018-04-14, 16:40:17, 25.0, 84.3
2018-04-14, 16:41:19, 25.0, 85.0
2018-04-14, 16:42:21, 25.0, 85.0
2018-04-14, 16:43:22, 25.0, 85.0
2018-04-14, 16:44:23, 25.0, 85.0
2018-04-14, 16:45:24, 25.0, 84.8
2018-04-14, 16:46:25, 25.0, 84.8
2018-04-14, 16:47:26, 25.0, 84.8
2018-04-14, 16:48:26, 25.0, 84.8
2018-04-14, 16:49:28, 25.0, 85.5
2018-04-14, 16:50:29, 25.0, 85.5
2018-04-14, 16:51:30, 25.0, 85.5
2018-04-14, 16:52:30, 25.0, 85.5
2018-04-14, 16:53:32, 25.1, 85.2
2018-04-14, 16:54:33, 25.1, 85.2
2018-04-14, 16:55:33, 25.1, 85.2
2018-04-14, 16:56:34, 25.1, 85.2
2018-04-14, 16:57:36, 25.1, 85.1
2018-04-14, 16:58:37, 25.1, 85.1
2018-04-14, 16:59:37, 25.1, 85.1
2018-04-14, 17:00:39, 25.1, 85.1
2018-04-14, 17:01:41, 25.1, 84.9
2018-04-14, 17:02:42, 25.1, 84.9
2018-04-14, 17:03:42, 25.1, 84.9
2018-04-14, 17:04:43, 25.1, 84.9
2018-04-14, 17:05:45, 25.2, 84.8
2018-04-14, 17:06:46, 25.2, 84.8
2018-04-14, 17:07:47, 25.2, 84.8
2018-04-14, 17:08:47, 25.2, 84.8
2018-04-14, 17:09:48, 25.2, 84.8
2018-04-14, 17:10:50, 25.2, 84.8
2018-04-14, 17:11:51, 25.2, 84.8
2018-04-14, 17:12:51, 25.2, 84.8
2018-04-14, 17:13:52, 25.2, 84.8
2018-04-14, 17:14:53, 25.2, 84.8
2018-04-14, 17:15:55, 25.2, 84.9
2018-04-14, 17:16:59, 25.2, 84.9
2018-04-14, 17:18:00, 25.2, 84.9
2018-04-14, 17:19:01, 25.2, 84.9
2018-04-14, 17:20:03, 25.2, 84.8
2018-04-14, 17:21:11, 25.2, 84.8
2018-04-14, 17:22:11, 25.2, 84.8
2018-04-14, 17:23:13, 25.2, 84.8
2018-04-14, 17:24:15, 25.2, 84.9
2018-04-14, 17:25:16, 25.2, 84.9
2018-04-14, 17:26:17, 25.2, 84.9
2018-04-14, 17:27:22, 25.2, 84.9
2018-04-14, 17:28:23, 25.2, 85.1
2018-04-14, 17:29:24, 25.2, 85.1
2018-04-14, 17:30:28, 25.2, 85.1
2018-04-14, 17:31:29, 25.2, 85.1
2018-04-14, 17:32:31, 25.2, 84.9
2018-04-14, 17:33:32, 25.2, 84.9
2018-04-14, 17:34:32, 25.2, 84.9
2018-04-14, 17:35:33, 25.2, 84.9
2018-04-14, 17:36:35, 25.2, 85.0
2018-04-14, 17:37:36, 25.2, 85.0
2018-04-14, 17:38:36, 25.2, 85.0
2018-04-14, 17:39:37, 25.2, 85.0
2018-04-14, 17:40:39, 25.3, 85.7
2018-04-14, 17:41:39, 25.3, 85.7
2018-04-14, 17:42:41, 25.3, 85.7
2018-04-14, 17:43:41, 25.3, 85.7
2018-04-14, 17:44:43, 25.3, 85.8
2018-04-14, 17:45:44, 25.3, 85.8
2018-04-14, 17:46:44, 25.3, 85.8
2018-04-14, 17:47:45, 25.3, 85.8
2018-04-14, 17:48:46, 25.3, 85.8
2018-04-14, 17:49:47, 25.3, 85.8
2018-04-14, 17:50:47, 25.3, 85.8
2018-04-14, 17:51:48, 25.3, 85.8
2018-04-14, 17:52:50, 25.2, 86.0
2018-04-14, 17:53:50, 25.2, 86.0
2018-04-14, 17:54:51, 25.2, 86.0
2018-04-14, 17:55:52, 25.2, 86.0
2018-04-14, 17:56:53, 25.2, 86.0
2018-04-14, 17:57:54, 25.2, 85.9
2018-04-14, 17:58:55, 25.2, 85.9
2018-04-14, 17:59:56, 25.2, 85.9
2018-04-14, 18:00:57, 25.2, 85.9
2018-04-14, 18:01:58, 25.2, 85.9
2018-04-14, 18:03:00, 25.2, 86.0
2018-04-14, 18:04:01, 25.2, 86.0
2018-04-14, 18:05:02, 25.2, 86.0
2018-04-14, 18:06:03, 25.2, 86.0
2018-04-14, 18:07:05, 25.1, 85.4
2018-04-14, 18:08:07, 25.1, 85.4
2018-04-14, 18:09:07, 25.1, 85.4
2018-04-14, 18:10:08, 25.1, 85.4
2018-04-14, 18:11:10, 25.1, 85.3
2018-04-14, 18:12:11, 25.1, 85.3
2018-04-14, 18:13:11, 25.1, 85.3
2018-04-14, 18:14:12, 25.1, 85.3
2018-04-14, 18:15:14, 25.1, 85.3
2018-04-14, 18:16:14, 25.1, 85.3
2018-04-14, 18:17:15, 25.1, 85.3
2018-04-14, 18:18:16, 25.1, 85.3
2018-04-14, 18:19:18, 25.1, 85.2
2018-04-14, 18:20:19, 25.1, 85.2
2018-04-14, 18:21:19, 25.1, 85.2
2018-04-14, 18:22:20, 25.1, 85.2
2018-04-14, 18:23:22, 25.1, 85.1
2018-04-14, 18:24:23, 25.1, 85.1
2018-04-14, 18:25:23, 25.1, 85.1
2018-04-14, 18:26:24, 25.1, 85.1
2018-04-14, 18:27:26, 25.1, 85.3
2018-04-14, 18:28:26, 25.1, 85.3
2018-04-14, 18:29:27, 25.1, 85.3
2018-04-14, 18:30:28, 25.1, 85.3
2018-04-14, 18:31:30, 25.1, 85.2
2018-04-14, 18:32:30, 25.1, 85.2
2018-04-14, 18:33:31, 25.1, 85.2
2018-04-14, 18:34:32, 25.1, 85.2
2018-04-14, 18:35:34, 25.1, 84.9
2018-04-14, 18:36:34, 25.1, 84.9
2018-04-14, 18:37:35, 25.1, 84.9
2018-04-14, 18:38:36, 25.1, 84.9
2018-04-14, 18:39:38, 25.1, 84.9
2018-04-14, 18:40:38, 25.1, 84.9
2018-04-14, 18:41:39, 25.1, 84.9
2018-04-14, 18:42:40, 25.1, 84.9
2018-04-14, 18:43:42, 25.1, 84.9
2018-04-14, 18:44:43, 25.1, 84.9
2018-04-14, 18:45:43, 25.1, 84.9
2018-04-14, 18:46:44, 25.1, 84.9
2018-04-14, 18:47:46, 25.1, 84.7
2018-04-14, 18:48:48, 25.1, 84.7
2018-04-14, 18:49:51, 25.1, 84.7
2018-04-14, 18:50:52, 25.1, 84.7
2018-04-14, 18:52:20, 25.1, 84.8
2018-04-14, 18:53:20, 25.1, 84.8
2018-04-14, 18:54:21, 25.1, 84.8
2018-04-14, 18:55:22, 25.1, 84.8
2018-04-14, 18:56:24, 25.1, 84.9
2018-04-14, 18:57:24, 25.1, 84.9
2018-04-14, 18:58:25, 25.1, 84.9
2018-04-14, 18:59:26, 25.1, 84.9
2018-04-14, 19:00:29, 25.1, 84.8
2018-04-14, 19:01:29, 25.1, 84.8
2018-04-14, 19:02:30, 25.1, 84.8
2018-04-14, 19:03:30, 25.1, 84.8
2018-04-14, 19:04:32, 25.1, 84.5
2018-04-14, 19:05:33, 25.1, 84.5
2018-04-14, 19:06:34, 25.1, 84.5
2018-04-14, 19:07:34, 25.1, 84.5
2018-04-14, 19:08:36, 25.2, 84.8
2018-04-14, 19:09:37, 25.2, 84.8
2018-04-14, 19:10:37, 25.2, 84.8
2018-04-14, 19:11:38, 25.2, 84.8
2018-04-14, 19:12:40, 25.2, 84.7
2018-04-14, 19:13:41, 25.2, 84.7
2018-04-14, 19:14:41, 25.2, 84.7
2018-04-14, 19:15:42, 25.2, 84.7
2018-04-14, 19:16:44, 25.1, 84.8
2018-04-14, 19:17:45, 25.1, 84.8
2018-04-14, 19:18:45, 25.1, 84.8
2018-04-14, 19:19:46, 25.1, 84.8
2018-04-14, 19:20:48, 25.1, 85.0
2018-04-14, 19:21:48, 25.1, 85.0
2018-04-14, 19:22:49, 25.1, 85.0
2018-04-14, 19:23:50, 25.1, 85.0
2018-04-14, 19:24:50, 25.1, 85.0
2018-04-14, 19:25:52, 25.1, 85.1
2018-04-14, 19:26:53, 25.1, 85.1
2018-04-14, 19:27:53, 25.1, 85.1
2018-04-14, 19:28:54, 25.1, 85.1
2018-04-14, 19:29:55, 25.1, 85.1
2018-04-14, 19:30:57, 25.1, 85.5
2018-04-14, 19:31:57, 25.1, 85.5
2018-04-14, 19:32:58, 25.1, 85.5
2018-04-14, 19:33:58, 25.1, 85.5
2018-04-14, 19:34:59, 25.1, 85.5
2018-04-14, 19:36:01, 25.1, 85.6
2018-04-14, 19:37:02, 25.1, 85.6
2018-04-14, 19:38:03, 25.1, 85.6
2018-04-14, 19:39:03, 25.1, 85.6
2018-04-14, 19:40:05, 25.1, 85.8
2018-04-14, 19:41:06, 25.1, 85.8
2018-04-14, 19:42:07, 25.1, 85.8
2018-04-14, 19:43:07, 25.1, 85.8
2018-04-14, 19:44:10, 25.1, 86.0
2018-04-14, 19:45:11, 25.1, 86.0
2018-04-14, 19:46:11, 25.1, 86.0
2018-04-14, 19:47:12, 25.1, 86.0
2018-04-14, 19:48:14, 25.0, 85.8
2018-04-14, 19:49:15, 25.0, 85.8
2018-04-14, 19:50:16, 25.0, 85.8
2018-04-14, 19:51:16, 25.0, 85.8
2018-04-14, 19:52:18, 25.0, 86.0
2018-04-14, 19:53:19, 25.0, 86.0
2018-04-14, 19:54:19, 25.0, 86.0
2018-04-14, 19:55:20, 25.0, 86.0
2018-04-14, 19:56:22, 25.0, 85.9
2018-04-14, 19:57:23, 25.0, 85.9
2018-04-14, 19:58:24, 25.0, 85.9
2018-04-14, 19:59:24, 25.0, 85.9
2018-04-14, 20:00:29, 25.1, 85.9
2018-04-14, 20:01:30, 25.1, 85.9
2018-04-14, 20:02:30, 25.1, 85.9
2018-04-14, 20:03:31, 25.1, 85.9
2018-04-14, 20:04:33, 25.0, 85.8
2018-04-14, 20:05:34, 25.0, 85.8
2018-04-14, 20:06:35, 25.0, 85.8
2018-04-14, 20:07:36, 25.0, 85.8
2018-04-14, 20:08:36, 25.1, 85.8
2018-04-14, 20:09:37, 25.1, 85.8
2018-04-14, 20:10:38, 25.1, 85.8
2018-04-14, 20:11:38, 25.1, 85.8
2018-04-14, 20:12:40, 25.1, 85.9
2018-04-14, 20:13:41, 25.1, 85.9
2018-04-14, 20:14:42, 25.1, 85.9
2018-04-14, 20:15:42, 25.1, 85.9
2018-04-14, 20:16:44, 25.0, 85.9
2018-04-14, 20:17:45, 25.0, 85.9
2018-04-14, 20:18:45, 25.0, 85.9
2018-04-14, 20:19:46, 25.0, 85.9
2018-04-14, 20:20:48, 25.0, 86.0
2018-04-14, 20:21:49, 25.0, 86.0
2018-04-14, 20:22:50, 25.0, 86.0
2018-04-14, 20:23:50, 25.0, 86.0
2018-04-14, 20:24:51, 25.0, 86.0
2018-04-14, 20:25:53, 25.0, 86.2
2018-04-14, 20:26:54, 25.0, 86.2
2018-04-14, 20:27:54, 25.0, 86.2
2018-04-14, 20:28:55, 25.0, 86.2
2018-04-14, 20:29:55, 25.0, 86.2
2018-04-14, 20:30:58, 24.9, 86.2
2018-04-14, 20:31:59, 24.9, 86.2
2018-04-14, 20:33:00, 24.9, 86.2
2018-04-14, 20:34:00, 24.9, 86.2
2018-04-14, 20:35:02, 24.9, 86.3
2018-04-14, 20:36:03, 24.9, 86.3
2018-04-14, 20:37:04, 24.9, 86.3
2018-04-14, 20:38:05, 24.9, 86.3
2018-04-14, 20:39:07, 24.9, 86.5
2018-04-14, 20:40:07, 24.9, 86.5
2018-04-14, 20:41:08, 24.9, 86.5
2018-04-14, 20:42:09, 24.9, 86.5
2018-04-14, 20:43:11, 24.9, 86.5
2018-04-14, 20:44:12, 24.9, 86.5
2018-04-14, 20:45:12, 24.9, 86.5
2018-04-14, 20:46:13, 24.9, 86.5
2018-04-14, 20:47:15, 24.9, 86.4
2018-04-14, 20:48:16, 24.9, 86.4
2018-04-14, 20:49:16, 24.9, 86.4
2018-04-14, 20:50:17, 24.9, 86.4
2018-04-14, 20:51:19, 24.9, 86.4
2018-04-14, 20:52:28, 24.9, 86.4
2018-04-14, 20:53:29, 24.9, 86.4
2018-04-14, 20:54:29, 24.9, 86.4
2018-04-14, 20:55:31, 24.9, 86.5
2018-04-14, 20:56:32, 24.9, 86.5
2018-04-14, 20:57:33, 24.9, 86.5
2018-04-14, 20:58:33, 24.9, 86.5
2018-04-14, 20:59:35, 24.9, 86.4
2018-04-14, 21:00:36, 24.9, 86.4
2018-04-14, 21:01:37, 24.9, 86.4
2018-04-14, 21:02:37, 24.9, 86.4
2018-04-14, 21:03:39, 24.9, 86.5
2018-04-14, 21:04:40, 24.9, 86.5
2018-04-14, 21:05:40, 24.9, 86.5
2018-04-14, 21:06:41, 24.9, 86.5
2018-04-14, 21:07:43, 24.9, 86.4
2018-04-14, 21:08:44, 24.9, 86.4
2018-04-14, 21:09:44, 24.9, 86.4
2018-04-14, 21:10:45, 24.9, 86.4
2018-04-14, 21:11:48, 24.9, 86.6
2018-04-14, 21:12:48, 24.9, 86.6
2018-04-14, 21:13:49, 24.9, 86.6
2018-04-14, 21:14:50, 24.9, 86.6
2018-04-14, 21:15:50, 24.9, 86.6
2018-04-14, 21:16:52, 24.9, 86.6
2018-04-14, 21:17:53, 24.9, 86.6
2018-04-14, 21:18:54, 24.9, 86.6
2018-04-14, 21:19:55, 24.9, 86.6
2018-04-14, 21:20:56, 24.9, 86.6
2018-04-14, 21:21:58, 24.8, 86.7
2018-04-14, 21:22:59, 24.8, 86.7
2018-04-14, 21:23:59, 24.8, 86.7
2018-04-14, 21:25:00, 24.8, 86.7
2018-04-14, 21:26:02, 24.8, 86.7
2018-04-14, 21:27:03, 24.8, 86.7
2018-04-14, 21:28:03, 24.8, 86.7
2018-04-14, 21:29:04, 24.8, 86.7
2018-04-14, 21:30:06, 24.8, 86.8
2018-04-14, 21:31:07, 24.8, 86.8
2018-04-14, 21:32:08, 24.8, 86.8
2018-04-14, 21:33:09, 24.8, 86.8
2018-04-14, 21:34:10, 24.8, 86.8
2018-04-14, 21:35:11, 24.8, 86.8
2018-04-14, 21:36:12, 24.8, 86.8
2018-04-14, 21:37:13, 24.8, 86.8
2018-04-14, 21:38:15, 24.8, 86.9
2018-04-14, 21:39:15, 24.8, 86.9
2018-04-14, 21:40:16, 24.8, 86.9
2018-04-14, 21:41:16, 24.8, 86.9
2018-04-14, 21:42:18, 24.8, 86.9
2018-04-14, 21:43:19, 24.8, 86.9
2018-04-14, 21:44:20, 24.8, 86.9
2018-04-14, 21:45:21, 24.8, 86.9
2018-04-14, 21:46:23, 24.8, 87.0
2018-04-14, 21:47:24, 24.8, 87.0
2018-04-14, 21:48:25, 24.8, 87.0
2018-04-14, 21:49:26, 24.8, 87.0
2018-04-14, 21:50:28, 24.8, 87.0
2018-04-14, 21:51:28, 24.8, 87.0
2018-04-14, 21:52:29, 24.8, 87.0
2018-04-14, 21:53:30, 24.8, 87.0
2018-04-14, 21:54:32, 24.8, 86.7
2018-04-14, 21:55:32, 24.8, 86.7
2018-04-14, 21:56:33, 24.8, 86.7
2018-04-14, 21:57:34, 24.8, 86.7
2018-04-14, 21:58:36, 24.8, 86.8
2018-04-14, 21:59:37, 24.8, 86.8
2018-04-14, 22:00:38, 24.8, 86.8
2018-04-14, 22:01:39, 24.8, 86.8
2018-04-14, 22:02:40, 24.7, 86.7
2018-04-14, 22:03:41, 24.7, 86.7
2018-04-14, 22:04:42, 24.7, 86.7
2018-04-14, 22:05:42, 24.7, 86.7
2018-04-14, 22:06:44, 24.7, 86.6
2018-04-14, 22:07:45, 24.7, 86.6
2018-04-14, 22:08:46, 24.7, 86.6
2018-04-14, 22:09:46, 24.7, 86.6
2018-04-14, 22:10:48, 24.7, 86.2
2018-04-14, 22:11:49, 24.7, 86.2
2018-04-14, 22:12:50, 24.7, 86.2
2018-04-14, 22:13:50, 24.7, 86.2
2018-04-14, 22:14:51, 24.7, 86.2
2018-04-14, 22:15:53, 24.8, 86.1
2018-04-14, 22:16:53, 24.8, 86.1
2018-04-14, 22:17:54, 24.8, 86.1
2018-04-14, 22:18:55, 24.8, 86.1
2018-04-14, 22:19:56, 24.8, 86.1
2018-04-14, 22:20:58, 24.7, 86.0
2018-04-14, 22:21:58, 24.7, 86.0
2018-04-14, 22:22:59, 24.7, 86.0
2018-04-14, 22:24:00, 24.7, 86.0
2018-04-14, 22:25:02, 24.8, 85.9
2018-04-14, 22:26:02, 24.8, 85.9
2018-04-14, 22:27:03, 24.8, 85.9
2018-04-14, 22:28:04, 24.8, 85.9
2018-04-14, 22:29:06, 24.8, 85.8
2018-04-14, 22:30:07, 24.8, 85.8
2018-04-14, 22:31:07, 24.8, 85.8
2018-04-14, 22:32:08, 24.8, 85.8
2018-04-14, 22:33:10, 24.8, 85.8
2018-04-14, 22:34:10, 24.8, 85.8
2018-04-14, 22:35:11, 24.8, 85.8
2018-04-14, 22:36:12, 24.8, 85.8
2018-04-14, 22:37:14, 24.8, 85.7
2018-04-14, 22:38:14, 24.8, 85.7
2018-04-14, 22:39:16, 24.8, 85.7
2018-04-14, 22:40:16, 24.8, 85.7
2018-04-14, 22:41:19, 24.8, 85.6
2018-04-14, 22:42:19, 24.8, 85.6
2018-04-14, 22:43:20, 24.8, 85.6
2018-04-14, 22:44:21, 24.8, 85.6
2018-04-14, 22:45:23, 24.8, 85.6
2018-04-14, 22:46:24, 24.8, 85.6
2018-04-14, 22:47:24, 24.8, 85.6
2018-04-14, 22:48:25, 24.8, 85.6
2018-04-14, 22:49:27, 24.8, 85.6
2018-04-14, 22:50:28, 24.8, 85.6
2018-04-14, 22:51:28, 24.8, 85.6
2018-04-14, 22:52:29, 24.8, 85.6
2018-04-14, 22:53:31, 24.7, 85.8
2018-04-14, 22:54:32, 24.7, 85.8
2018-04-14, 22:55:32, 24.7, 85.8
2018-04-14, 22:56:33, 24.7, 85.8
2018-04-14, 22:57:35, 24.7, 85.9
2018-04-14, 22:58:36, 24.7, 85.9
2018-04-14, 22:59:36, 24.7, 85.9
2018-04-14, 23:00:37, 24.7, 85.9
2018-04-14, 23:01:39, 24.6, 86.1
2018-04-14, 23:02:40, 24.6, 86.1
2018-04-14, 23:03:40, 24.6, 86.1
2018-04-14, 23:04:41, 24.6, 86.1
2018-04-14, 23:05:43, 24.6, 86.4
2018-04-14, 23:06:44, 24.6, 86.4
2018-04-14, 23:07:44, 24.6, 86.4
2018-04-14, 23:08:45, 24.6, 86.4
2018-04-14, 23:09:47, 24.5, 86.6
2018-04-14, 23:10:48, 24.5, 86.6
2018-04-14, 23:11:48, 24.5, 86.6
2018-04-14, 23:12:49, 24.5, 86.6
2018-04-14, 23:13:50, 24.5, 86.6
2018-04-14, 23:14:51, 24.5, 86.9
2018-04-14, 23:15:52, 24.5, 86.9
2018-04-14, 23:16:53, 24.5, 86.9
2018-04-14, 23:17:54, 24.5, 86.9
2018-04-14, 23:18:55, 24.5, 86.9
2018-04-14, 23:19:57, 24.5, 87.2
2018-04-14, 23:20:58, 24.5, 87.2
2018-04-14, 23:21:58, 24.5, 87.2
2018-04-14, 23:22:59, 24.5, 87.2
2018-04-14, 23:24:01, 24.6, 87.2
2018-04-14, 23:25:02, 24.6, 87.2
2018-04-14, 23:26:03, 24.6, 87.2
2018-04-14, 23:27:03, 24.6, 87.2
2018-04-14, 23:28:05, 24.6, 87.1
2018-04-14, 23:29:06, 24.6, 87.1
2018-04-14, 23:30:06, 24.6, 87.1
2018-04-14, 23:31:07, 24.6, 87.1
2018-04-14, 23:32:09, 24.6, 87.0
2018-04-14, 23:33:10, 24.6, 87.0
2018-04-14, 23:34:10, 24.6, 87.0
2018-04-14, 23:35:11, 24.6, 87.0
2018-04-14, 23:36:13, 24.6, 87.0
2018-04-14, 23:37:13, 24.6, 87.0
2018-04-14, 23:38:14, 24.6, 87.0
2018-04-14, 23:39:15, 24.6, 87.0
2018-04-14, 23:40:17, 24.6, 87.0
2018-04-14, 23:41:17, 24.6, 87.0
2018-04-14, 23:42:18, 24.6, 87.0
2018-04-14, 23:43:19, 24.6, 87.0
2018-04-14, 23:44:21, 24.6, 87.1
2018-04-14, 23:45:21, 24.6, 87.1
2018-04-14, 23:46:22, 24.6, 87.1
2018-04-14, 23:47:23, 24.6, 87.1
2018-04-14, 23:48:24, 24.7, 87.1
2018-04-14, 23:49:24, 24.7, 87.1
2018-04-14, 23:50:25, 24.7, 87.1
2018-04-14, 23:51:26, 24.7, 87.1
2018-04-14, 23:52:28, 24.7, 86.9
2018-04-14, 23:53:28, 24.7, 86.9
2018-04-14, 23:54:29, 24.7, 86.9
2018-04-14, 23:55:30, 24.7, 86.9
2018-04-14, 23:56:32, 24.7, 87.0
2018-04-14, 23:57:32, 24.7, 87.0
2018-04-14, 23:58:33, 24.7, 87.0
2018-04-14, 23:59:34, 24.7, 87.0
