2020-10-28, 00:00:00, 23.68, 49.18
2020-10-28, 00:00:01, 23.68, 49.21
2020-10-28, 00:00:02, 23.65, 49.24
2020-10-28, 00:00:04, 23.68, 49.21
2020-10-28, 00:00:05, 23.59, 49.23
2020-10-28, 00:00:07, 23.66, 49.24
2020-10-28, 00:00:08, 23.68, 49.24
2020-10-28, 00:00:10, 23.66, 49.24
2020-10-28, 00:00:11, 23.67, 49.24
2020-10-28, 00:00:12, 23.66, 49.24
2020-10-28, 00:00:14, 23.68, 49.24
2020-10-28, 00:00:15, 23.67, 49.24
2020-10-28, 00:00:16, 23.69, 49.24
2020-10-28, 00:00:18, 23.69, 49.24
2020-10-28, 00:00:19, 23.68, 49.24
2020-10-28, 00:00:20, 23.68, 49.21
2020-10-28, 00:00:22, 23.66, 49.21
2020-10-28, 00:00:23, 23.68, 49.21
2020-10-28, 00:00:24, 23.67, 49.24
2020-10-28, 00:00:26, 23.68, 49.21
2020-10-28, 00:00:27, 23.66, 49.24
2020-10-28, 00:00:29, 23.66, 49.24
2020-10-28, 00:00:30, 23.66, 49.24
2020-10-28, 00:00:31, 23.66, 49.24
2020-10-28, 00:00:33, 23.66, 49.21
2020-10-28, 00:00:34, 23.67, 49.24
2020-10-28, 00:00:35, 23.66, 49.24
2020-10-28, 00:00:37, 23.66, 49.24
2020-10-28, 00:00:38, 23.64, 49.24
2020-10-28, 00:00:39, 23.67, 49.24
2020-10-28, 00:00:41, 23.67, 49.24
2020-10-28, 00:00:42, 23.67, 49.24
2020-10-28, 00:00:43, 23.66, 49.24
2020-10-28, 00:00:45, 23.66, 49.24
2020-10-28, 00:00:46, 23.66, 49.24
2020-10-28, 00:00:48, 23.66, 49.24
2020-10-28, 00:00:49, 23.67, 49.24
2020-10-28, 00:00:50, 23.66, 49.21
2020-10-28, 00:00:52, 23.67, 49.24
2020-10-28, 00:00:53, 23.66, 49.24
2020-10-28, 00:00:54, 23.67, 49.24
2020-10-28, 00:00:56, 23.66, 49.24
2020-10-28, 00:00:57, 23.66, 49.24
2020-10-28, 00:00:58, 23.67, 49.24
2020-10-28, 00:01:00, 23.67, 49.24
2020-10-28, 00:01:01, 23.66, 49.24
2020-10-28, 00:01:02, 23.67, 49.24
2020-10-28, 00:01:04, 23.66, 49.24
2020-10-28, 00:01:05, 23.66, 49.24
2020-10-28, 00:01:07, 23.66, 49.21
2020-10-28, 00:01:08, 23.66, 49.21
2020-10-28, 00:01:09, 23.65, 49.24
2020-10-28, 00:01:11, 23.66, 49.24
2020-10-28, 00:01:12, 23.65, 49.24
2020-10-28, 00:01:13, 23.66, 49.24
2020-10-28, 00:01:15, 23.66, 49.24
2020-10-28, 00:01:16, 23.66, 49.24
2020-10-28, 00:01:17, 23.66, 49.24
2020-10-28, 00:01:19, 23.66, 49.24
2020-10-28, 00:01:20, 23.65, 49.24
2020-10-28, 00:01:21, 23.66, 49.24
2020-10-28, 00:01:23, 23.65, 49.24
2020-10-28, 00:01:24, 23.65, 49.24
2020-10-28, 00:01:25, 23.65, 49.24
2020-10-28, 00:01:27, 23.66, 49.24
2020-10-28, 00:01:28, 23.66, 49.24
2020-10-28, 00:01:30, 23.66, 49.24
2020-10-28, 00:01:31, 23.67, 49.24
2020-10-28, 00:01:32, 23.66, 49.24
2020-10-28, 00:01:34, 23.66, 49.24
2020-10-28, 00:01:35, 23.6, 49.23
2020-10-28, 00:01:36, 23.64, 49.24
2020-10-28, 00:01:38, 23.64, 49.27
2020-10-28, 00:01:39, 23.64, 49.27
2020-10-28, 00:01:41, 23.64, 49.24
2020-10-28, 00:01:42, 23.66, 49.27
2020-10-28, 00:01:43, 23.64, 49.27
2020-10-28, 00:01:45, 23.66, 49.24
2020-10-28, 00:01:46, 23.64, 49.24
2020-10-28, 00:01:47, 23.64, 49.24
2020-10-28, 00:01:49, 23.64, 49.24
2020-10-28, 00:01:50, 23.64, 49.24
2020-10-28, 00:01:51, 23.64, 49.24
2020-10-28, 00:01:53, 23.64, 49.24
2020-10-28, 00:01:54, 23.64, 49.27
2020-10-28, 00:01:55, 23.64, 49.27
2020-10-28, 00:01:57, 23.64, 49.27
2020-10-28, 00:01:58, 23.66, 49.24
2020-10-28, 00:02:00, 23.64, 49.24
2020-10-28, 00:02:01, 23.64, 49.27
2020-10-28, 00:02:02, 23.64, 49.27
2020-10-28, 00:02:04, 23.65, 49.27
2020-10-28, 00:02:05, 23.65, 49.27
2020-10-28, 00:02:06, 23.65, 49.27
2020-10-28, 00:02:08, 23.64, 49.24
2020-10-28, 00:02:09, 23.63, 49.27
2020-10-28, 00:02:10, 23.64, 49.27
2020-10-28, 00:02:12, 23.62, 49.27
2020-10-28, 00:02:13, 23.64, 49.3
2020-10-28, 00:02:14, 23.63, 49.27
2020-10-28, 00:02:16, 23.64, 49.27
2020-10-28, 00:02:17, 23.64, 49.3
2020-10-28, 00:02:19, 23.64, 49.3
2020-10-28, 00:02:20, 23.62, 49.3
2020-10-28, 00:02:21, 23.64, 49.3
2020-10-28, 00:02:23, 23.63, 49.3
2020-10-28, 00:02:24, 23.63, 49.3
2020-10-28, 00:02:25, 23.64, 49.3
2020-10-28, 00:02:27, 23.62, 49.3
2020-10-28, 00:02:28, 23.63, 49.3
2020-10-28, 00:02:30, 23.63, 49.3
2020-10-28, 00:02:31, 23.62, 49.3
2020-10-28, 00:02:32, 23.63, 49.3
2020-10-28, 00:02:34, 23.63, 49.3
2020-10-28, 00:02:35, 23.62, 49.27
2020-10-28, 00:02:36, 23.62, 49.3
2020-10-28, 00:02:38, 23.62, 49.3
2020-10-28, 00:02:39, 23.62, 49.3
2020-10-28, 00:02:40, 23.63, 49.3
2020-10-28, 00:02:42, 23.62, 49.27
2020-10-28, 00:02:43, 23.63, 49.3
2020-10-28, 00:02:44, 23.62, 49.3
2020-10-28, 00:02:46, 23.62, 49.3
2020-10-28, 00:02:47, 23.62, 49.3
2020-10-28, 00:02:48, 23.62, 49.3
2020-10-28, 00:02:50, 23.62, 49.3
2020-10-28, 00:02:51, 23.63, 49.3
2020-10-28, 00:02:53, 23.62, 49.3
2020-10-28, 00:02:54, 23.63, 49.3
2020-10-28, 00:02:55, 23.61, 49.33
2020-10-28, 00:02:57, 23.62, 49.3
2020-10-28, 00:02:58, 23.62, 49.3
2020-10-28, 00:02:59, 23.62, 49.3
2020-10-28, 00:03:01, 23.62, 49.3
2020-10-28, 00:03:02, 23.61, 49.3
2020-10-28, 00:03:03, 23.62, 49.3
2020-10-28, 00:03:05, 23.62, 49.3
2020-10-28, 00:03:06, 23.62, 49.3
2020-10-28, 00:03:08, 23.61, 49.3
2020-10-28, 00:03:09, 23.62, 49.3
2020-10-28, 00:03:10, 23.6, 49.29
2020-10-28, 00:03:12, 23.6, 49.29
2020-10-28, 00:03:13, 23.6, 49.29
2020-10-28, 00:03:14, 23.62, 49.3
2020-10-28, 00:03:16, 23.61, 49.3
2020-10-28, 00:03:17, 23.6, 49.29
2020-10-28, 00:03:18, 23.61, 49.33
2020-10-28, 00:03:20, 23.62, 49.3
2020-10-28, 00:03:21, 23.62, 49.3
2020-10-28, 00:03:22, 23.61, 49.3
2020-10-28, 00:03:24, 23.62, 49.3
2020-10-28, 00:03:25, 23.63, 49.3
2020-10-28, 00:03:26, 23.62, 49.3
2020-10-28, 00:03:28, 23.62, 49.3
2020-10-28, 00:03:29, 23.61, 49.3
2020-10-28, 00:03:31, 23.62, 49.3
2020-10-28, 00:03:32, 23.62, 49.3
2020-10-28, 00:03:33, 23.62, 49.3
2020-10-28, 00:03:35, 23.62, 49.3
2020-10-28, 00:03:36, 23.61, 49.3
2020-10-28, 00:03:37, 23.61, 49.3
2020-10-28, 00:03:39, 23.61, 49.3
2020-10-28, 00:03:40, 23.62, 49.3
2020-10-28, 00:03:41, 23.62, 49.3
2020-10-28, 00:03:43, 23.61, 49.3
2020-10-28, 00:03:44, 23.62, 49.3
2020-10-28, 00:03:45, 23.6, 49.29
2020-10-28, 00:03:47, 23.6, 49.33
2020-10-28, 00:03:48, 23.6, 49.33
2020-10-28, 00:03:50, 23.6, 49.29
2020-10-28, 00:03:51, 23.62, 49.33
2020-10-28, 00:03:52, 23.6, 49.29
2020-10-28, 00:03:54, 23.6, 49.29
2020-10-28, 00:03:55, 23.61, 49.3
2020-10-28, 00:03:56, 23.6, 49.29
2020-10-28, 00:03:58, 23.61, 49.3
2020-10-28, 00:03:59, 23.6, 49.33
2020-10-28, 00:04:00, 23.6, 49.33
2020-10-28, 00:04:02, 23.6, 49.33
2020-10-28, 00:04:03, 23.6, 49.33
2020-10-28, 00:04:04, 23.6, 49.33
2020-10-28, 00:04:06, 23.6, 49.29
2020-10-28, 00:04:07, 23.61, 49.33
2020-10-28, 00:04:09, 23.6, 49.29
2020-10-28, 00:04:10, 23.6, 49.29
2020-10-28, 00:04:11, 23.6, 49.29
2020-10-28, 00:04:13, 23.59, 49.29
2020-10-28, 00:04:14, 23.62, 49.3
2020-10-28, 00:04:15, 23.6, 49.29
2020-10-28, 00:04:17, 23.6, 49.29
2020-10-28, 00:04:18, 23.6, 49.29
2020-10-28, 00:04:19, 23.59, 49.29
2020-10-28, 00:04:21, 23.6, 49.33
2020-10-28, 00:04:22, 23.6, 49.29
2020-10-28, 00:04:23, 23.6, 49.29
2020-10-28, 00:04:25, 23.6, 49.29
2020-10-28, 00:04:26, 23.59, 49.29
2020-10-28, 00:04:27, 23.59, 49.29
2020-10-28, 00:04:29, 23.59, 49.29
2020-10-28, 00:04:30, 23.6, 49.29
2020-10-28, 00:04:32, 23.6, 49.29
2020-10-28, 00:04:33, 23.6, 49.29
2020-10-28, 00:04:34, 23.6, 49.29
2020-10-28, 00:04:36, 23.59, 49.29
2020-10-28, 00:04:37, 23.6, 49.29
2020-10-28, 00:04:38, 23.6, 49.29
2020-10-28, 00:04:40, 23.58, 49.29
2020-10-28, 00:04:41, 23.59, 49.29
2020-10-28, 00:04:42, 23.59, 49.29
2020-10-28, 00:04:44, 23.58, 49.29
2020-10-28, 00:04:45, 23.58, 49.29
2020-10-28, 00:04:46, 23.59, 49.29
2020-10-28, 00:04:48, 23.58, 49.29
2020-10-28, 00:04:49, 23.58, 49.29
2020-10-28, 00:04:51, 23.59, 49.29
2020-10-28, 00:04:52, 23.59, 49.29
2020-10-28, 00:04:53, 23.58, 49.29
2020-10-28, 00:04:55, 23.59, 49.29
2020-10-28, 00:04:56, 23.59, 49.29
2020-10-28, 00:04:57, 23.58, 49.29
2020-10-28, 00:04:59, 23.59, 49.29
2020-10-28, 00:05:00, 23.58, 49.29
2020-10-28, 00:05:01, 23.56, 49.29
2020-10-28, 00:05:03, 23.58, 49.32
2020-10-28, 00:05:04, 23.58, 49.29
2020-10-28, 00:05:05, 23.58, 49.29
2020-10-28, 00:05:07, 23.58, 49.32
2020-10-28, 00:05:08, 23.59, 49.29
2020-10-28, 00:05:10, 23.58, 49.29
2020-10-28, 00:05:11, 23.58, 49.29
2020-10-28, 00:05:12, 23.56, 49.29
2020-10-28, 00:05:14, 23.57, 49.29
2020-10-28, 00:05:15, 23.58, 49.29
2020-10-28, 00:05:16, 23.58, 49.29
2020-10-28, 00:05:18, 23.58, 49.29
2020-10-28, 00:05:19, 23.58, 49.29
2020-10-28, 00:05:20, 23.59, 49.29
2020-10-28, 00:05:22, 23.59, 49.29
2020-10-28, 00:05:23, 23.58, 49.29
2020-10-28, 00:05:24, 23.59, 49.29
2020-10-28, 00:05:26, 23.58, 49.29
2020-10-28, 00:05:27, 23.59, 49.29
2020-10-28, 00:05:29, 23.58, 49.29
2020-10-28, 00:05:30, 23.58, 49.29
2020-10-28, 00:05:31, 23.58, 49.29
2020-10-28, 00:05:33, 23.58, 49.32
2020-10-28, 00:05:34, 23.58, 49.29
2020-10-28, 00:05:35, 23.59, 49.29
2020-10-28, 00:05:37, 23.58, 49.32
2020-10-28, 00:05:38, 23.58, 49.29
2020-10-28, 00:05:39, 23.59, 49.29
2020-10-28, 00:05:41, 23.58, 49.29
2020-10-28, 00:05:42, 23.59, 49.29
2020-10-28, 00:05:43, 23.59, 49.29
2020-10-28, 00:05:45, 23.6, 49.29
2020-10-28, 00:05:46, 23.6, 49.29
2020-10-28, 00:05:48, 23.6, 49.29
2020-10-28, 00:05:49, 23.59, 49.29
2020-10-28, 00:05:50, 23.6, 49.29
2020-10-28, 00:05:52, 23.6, 49.29
2020-10-28, 00:05:53, 23.6, 49.29
2020-10-28, 00:05:54, 23.6, 49.29
2020-10-28, 00:05:56, 23.59, 49.29
2020-10-28, 00:05:57, 23.6, 49.29
2020-10-28, 00:05:58, 23.6, 49.29
2020-10-28, 00:06:00, 23.59, 49.29
2020-10-28, 00:06:01, 23.6, 49.29
2020-10-28, 00:06:02, 23.6, 49.29
2020-10-28, 00:06:04, 23.6, 49.29
2020-10-28, 00:06:05, 23.6, 49.29
2020-10-28, 00:06:07, 23.58, 49.29
2020-10-28, 00:06:08, 23.58, 49.29
2020-10-28, 00:06:09, 23.6, 49.29
2020-10-28, 00:06:11, 23.58, 49.29
2020-10-28, 00:06:12, 23.6, 49.29
2020-10-28, 00:06:13, 23.59, 49.29
2020-10-28, 00:06:15, 23.59, 49.29
2020-10-28, 00:06:16, 23.6, 49.29
2020-10-28, 00:06:17, 23.58, 49.29
2020-10-28, 00:06:19, 23.6, 49.26
2020-10-28, 00:06:20, 23.59, 49.29
2020-10-28, 00:06:21, 23.59, 49.29
2020-10-28, 00:06:23, 23.6, 49.29
2020-10-28, 00:06:24, 23.6, 49.29
2020-10-28, 00:06:26, 23.59, 49.29
2020-10-28, 00:06:27, 23.6, 49.29
2020-10-28, 00:06:28, 23.58, 49.29
2020-10-28, 00:06:30, 23.6, 49.29
2020-10-28, 00:06:31, 23.59, 49.29
2020-10-28, 00:06:32, 23.58, 49.29
2020-10-28, 00:06:34, 23.58, 49.29
2020-10-28, 00:06:35, 23.6, 49.29
2020-10-28, 00:06:36, 23.6, 49.29
2020-10-28, 00:06:38, 23.58, 49.29
2020-10-28, 00:06:39, 23.58, 49.26
2020-10-28, 00:06:40, 23.59, 49.29
2020-10-28, 00:06:42, 23.58, 49.26
2020-10-28, 00:06:43, 23.59, 49.29
2020-10-28, 00:06:45, 23.59, 49.26
2020-10-28, 00:06:46, 23.58, 49.29
2020-10-28, 00:06:47, 23.58, 49.29
2020-10-28, 00:06:49, 23.58, 49.29
2020-10-28, 00:06:50, 23.58, 49.26
2020-10-28, 00:06:51, 23.58, 49.26
2020-10-28, 00:06:53, 23.59, 49.26
2020-10-28, 00:06:54, 23.59, 49.26
2020-10-28, 00:06:55, 23.6, 49.29
2020-10-28, 00:06:57, 23.6, 49.29
2020-10-28, 00:06:58, 23.59, 49.26
2020-10-28, 00:06:59, 23.6, 49.26
2020-10-28, 00:07:01, 23.57, 49.26
2020-10-28, 00:07:02, 23.6, 49.26
2020-10-28, 00:07:04, 23.6, 49.23
2020-10-28, 00:07:05, 23.58, 49.23
2020-10-28, 00:07:06, 23.6, 49.23
2020-10-28, 00:07:08, 23.59, 49.26
2020-10-28, 00:07:09, 23.6, 49.23
2020-10-28, 00:07:10, 23.6, 49.23
2020-10-28, 00:07:12, 23.6, 49.23
2020-10-28, 00:07:13, 23.6, 49.23
2020-10-28, 00:07:14, 23.6, 49.23
2020-10-28, 00:07:16, 23.59, 49.26
2020-10-28, 00:07:17, 23.6, 49.26
2020-10-28, 00:07:19, 23.6, 49.23
2020-10-28, 00:07:20, 23.6, 49.26
2020-10-28, 00:07:21, 23.59, 49.23
2020-10-28, 00:07:23, 23.58, 49.23
2020-10-28, 00:07:24, 23.6, 49.26
2020-10-28, 00:07:25, 23.6, 49.23
2020-10-28, 00:07:27, 23.6, 49.23
2020-10-28, 00:07:28, 23.59, 49.23
2020-10-28, 00:07:29, 23.61, 49.26
2020-10-28, 00:07:31, 23.6, 49.23
2020-10-28, 00:07:32, 23.59, 49.23
2020-10-28, 00:07:33, 23.6, 49.23
2020-10-28, 00:07:35, 23.6, 49.23
2020-10-28, 00:07:36, 23.6, 49.23
2020-10-28, 00:07:37, 23.59, 49.23
2020-10-28, 00:07:39, 23.58, 49.23
2020-10-28, 00:07:40, 23.6, 49.23
2020-10-28, 00:07:42, 23.58, 49.23
2020-10-28, 00:07:43, 23.58, 49.23
2020-10-28, 00:07:44, 23.58, 49.23
2020-10-28, 00:07:46, 23.58, 49.26
2020-10-28, 00:07:47, 23.58, 49.26
2020-10-28, 00:07:48, 23.59, 49.23
2020-10-28, 00:07:50, 23.59, 49.23
2020-10-28, 00:07:51, 23.58, 49.23
2020-10-28, 00:07:52, 23.58, 49.23
2020-10-28, 00:07:54, 23.58, 49.23
2020-10-28, 00:07:55, 23.6, 49.23
2020-10-28, 00:07:56, 23.58, 49.23
2020-10-28, 00:07:58, 23.58, 49.23
2020-10-28, 00:07:59, 23.59, 49.23
2020-10-28, 00:08:01, 23.58, 49.23
2020-10-28, 00:08:02, 23.58, 49.23
2020-10-28, 00:08:03, 23.58, 49.23
2020-10-28, 00:08:05, 23.57, 49.23
2020-10-28, 00:08:06, 23.58, 49.23
2020-10-28, 00:08:07, 23.57, 49.23
2020-10-28, 00:08:09, 23.58, 49.23
2020-10-28, 00:08:10, 23.59, 49.23
2020-10-28, 00:08:11, 23.58, 49.23
2020-10-28, 00:08:13, 23.59, 49.23
2020-10-28, 00:08:14, 23.59, 49.23
2020-10-28, 00:08:15, 23.57, 49.23
2020-10-28, 00:08:17, 23.57, 49.23
2020-10-28, 00:08:18, 23.57, 49.23
2020-10-28, 00:08:20, 23.57, 49.23
2020-10-28, 00:08:21, 23.58, 49.26
2020-10-28, 00:08:22, 23.56, 49.23
2020-10-28, 00:08:24, 23.57, 49.26
2020-10-28, 00:08:25, 23.57, 49.23
2020-10-28, 00:08:26, 23.56, 49.23
2020-10-28, 00:08:28, 23.57, 49.23
2020-10-28, 00:08:29, 23.57, 49.26
2020-10-28, 00:08:30, 23.56, 49.26
2020-10-28, 00:08:32, 23.57, 49.23
2020-10-28, 00:08:33, 23.57, 49.23
2020-10-28, 00:08:34, 23.57, 49.23
2020-10-28, 00:08:36, 23.57, 49.26
2020-10-28, 00:08:37, 23.57, 49.26
2020-10-28, 00:08:39, 23.57, 49.23
2020-10-28, 00:08:40, 23.58, 49.26
2020-10-28, 00:08:41, 23.57, 49.23
2020-10-28, 00:08:43, 23.57, 49.23
2020-10-28, 00:08:44, 23.56, 49.23
2020-10-28, 00:08:45, 23.57, 49.23
2020-10-28, 00:08:47, 23.58, 49.23
2020-10-28, 00:08:48, 23.58, 49.23
2020-10-28, 00:08:49, 23.57, 49.23
2020-10-28, 00:08:51, 23.58, 49.23
2020-10-28, 00:08:52, 23.57, 49.23
2020-10-28, 00:08:53, 23.58, 49.23
2020-10-28, 00:08:55, 23.58, 49.23
2020-10-28, 00:08:56, 23.58, 49.23
2020-10-28, 00:08:58, 23.58, 49.23
2020-10-28, 00:08:59, 23.58, 49.23
2020-10-28, 00:09:00, 23.51, 49.25
2020-10-28, 00:09:02, 23.56, 49.26
2020-10-28, 00:09:03, 23.57, 49.26
2020-10-28, 00:09:04, 23.58, 49.26
2020-10-28, 00:09:06, 23.58, 49.26
2020-10-28, 00:09:07, 23.58, 49.29
2020-10-28, 00:09:09, 23.58, 49.23
2020-10-28, 00:09:10, 23.56, 49.23
2020-10-28, 00:09:11, 23.58, 49.23
2020-10-28, 00:09:13, 23.58, 49.23
2020-10-28, 00:09:14, 23.58, 49.23
2020-10-28, 00:09:15, 23.58, 49.23
2020-10-28, 00:09:17, 23.58, 49.26
2020-10-28, 00:09:18, 23.58, 49.23
2020-10-28, 00:09:19, 23.59, 49.2
2020-10-28, 00:09:21, 23.58, 49.23
2020-10-28, 00:09:22, 23.58, 49.23
2020-10-28, 00:09:23, 23.57, 49.23
2020-10-28, 00:09:25, 23.58, 49.23
2020-10-28, 00:09:26, 23.58, 49.23
2020-10-28, 00:09:28, 23.58, 49.23
2020-10-28, 00:09:29, 23.58, 49.23
2020-10-28, 00:09:30, 23.58, 49.23
2020-10-28, 00:09:32, 23.58, 49.23
2020-10-28, 00:09:33, 23.58, 49.23
2020-10-28, 00:09:34, 23.58, 49.23
2020-10-28, 00:09:36, 23.58, 49.23
2020-10-28, 00:09:37, 23.57, 49.23
2020-10-28, 00:09:38, 23.58, 49.23
2020-10-28, 00:09:40, 23.58, 49.23
2020-10-28, 00:09:41, 23.57, 49.2
2020-10-28, 00:09:42, 23.59, 49.2
2020-10-28, 00:09:44, 23.59, 49.23
2020-10-28, 00:09:45, 23.56, 49.23
2020-10-28, 00:09:47, 23.58, 49.23
2020-10-28, 00:09:48, 23.57, 49.23
2020-10-28, 00:09:49, 23.58, 49.23
2020-10-28, 00:09:51, 23.56, 49.23
2020-10-28, 00:09:52, 23.58, 49.23
2020-10-28, 00:09:53, 23.56, 49.19
2020-10-28, 00:09:55, 23.55, 49.19
2020-10-28, 00:09:56, 23.58, 49.2
2020-10-28, 00:09:57, 23.58, 49.2
2020-10-28, 00:09:59, 23.56, 49.19
2020-10-28, 00:10:00, 23.58, 49.2
2020-10-28, 00:10:01, 23.57, 49.23
2020-10-28, 00:10:03, 23.58, 49.2
2020-10-28, 00:10:04, 23.57, 49.23
2020-10-28, 00:10:05, 23.58, 49.23
2020-10-28, 00:10:07, 23.57, 49.2
2020-10-28, 00:10:08, 23.57, 49.23
2020-10-28, 00:10:10, 23.55, 49.19
2020-10-28, 00:10:11, 23.56, 49.23
2020-10-28, 00:10:12, 23.56, 49.23
2020-10-28, 00:10:14, 23.56, 49.19
2020-10-28, 00:10:15, 23.56, 49.23
2020-10-28, 00:10:16, 23.56, 49.23
2020-10-28, 00:10:18, 23.55, 49.22
2020-10-28, 00:10:19, 23.54, 49.22
2020-10-28, 00:10:20, 23.54, 49.22
2020-10-28, 00:10:22, 23.56, 49.23
2020-10-28, 00:10:23, 23.55, 49.22
2020-10-28, 00:10:24, 23.56, 49.23
2020-10-28, 00:10:26, 23.55, 49.22
2020-10-28, 00:10:27, 23.54, 49.22
2020-10-28, 00:10:29, 23.54, 49.22
2020-10-28, 00:10:30, 23.54, 49.22
2020-10-28, 00:10:31, 23.55, 49.22
2020-10-28, 00:10:33, 23.55, 49.22
2020-10-28, 00:10:34, 23.55, 49.22
2020-10-28, 00:10:35, 23.55, 49.22
2020-10-28, 00:10:37, 23.54, 49.22
2020-10-28, 00:10:38, 23.54, 49.22
2020-10-28, 00:10:39, 23.54, 49.22
2020-10-28, 00:10:41, 23.55, 49.22
2020-10-28, 00:10:42, 23.54, 49.22
2020-10-28, 00:10:44, 23.54, 49.22
2020-10-28, 00:10:45, 23.55, 49.22
2020-10-28, 00:10:46, 23.55, 49.22
2020-10-28, 00:10:48, 23.53, 49.22
2020-10-28, 00:10:49, 23.54, 49.22
2020-10-28, 00:10:50, 23.53, 49.22
2020-10-28, 00:10:52, 23.54, 49.22
2020-10-28, 00:10:53, 23.53, 49.22
2020-10-28, 00:10:54, 23.54, 49.22
2020-10-28, 00:10:56, 23.54, 49.22
2020-10-28, 00:10:57, 23.54, 49.22
2020-10-28, 00:10:58, 23.53, 49.22
2020-10-28, 00:11:00, 23.52, 49.22
2020-10-28, 00:11:01, 23.52, 49.25
2020-10-28, 00:11:03, 23.51, 49.22
2020-10-28, 00:11:04, 23.53, 49.22
2020-10-28, 00:11:05, 23.52, 49.25
2020-10-28, 00:11:07, 23.53, 49.25
2020-10-28, 00:11:08, 23.52, 49.25
2020-10-28, 00:11:09, 23.52, 49.25
2020-10-28, 00:11:11, 23.52, 49.28
2020-10-28, 00:11:12, 23.52, 49.28
2020-10-28, 00:11:13, 23.52, 49.28
2020-10-28, 00:11:15, 23.51, 49.28
2020-10-28, 00:11:16, 23.51, 49.28
2020-10-28, 00:11:17, 23.5, 49.28
2020-10-28, 00:11:19, 23.5, 49.28
2020-10-28, 00:11:20, 23.52, 49.28
2020-10-28, 00:11:22, 23.52, 49.28
2020-10-28, 00:11:23, 23.51, 49.28
2020-10-28, 00:11:24, 23.53, 49.29
2020-10-28, 00:11:26, 23.52, 49.28
2020-10-28, 00:11:27, 23.53, 49.29
2020-10-28, 00:11:28, 23.53, 49.29
2020-10-28, 00:11:30, 23.52, 49.28
2020-10-28, 00:11:31, 23.51, 49.28
2020-10-28, 00:11:32, 23.52, 49.28
2020-10-28, 00:11:34, 23.52, 49.28
2020-10-28, 00:11:35, 23.52, 49.28
2020-10-28, 00:11:36, 23.5, 49.25
2020-10-28, 00:11:38, 23.5, 49.28
2020-10-28, 00:11:39, 23.51, 49.28
2020-10-28, 00:11:41, 23.5, 49.28
2020-10-28, 00:11:42, 23.5, 49.28
2020-10-28, 00:11:43, 23.5, 49.28
2020-10-28, 00:11:45, 23.5, 49.28
2020-10-28, 00:11:46, 23.51, 49.28
2020-10-28, 00:11:47, 23.51, 49.28
2020-10-28, 00:11:49, 23.51, 49.28
2020-10-28, 00:11:50, 23.52, 49.28
2020-10-28, 00:11:51, 23.52, 49.28
2020-10-28, 00:11:53, 23.51, 49.28
2020-10-28, 00:11:54, 23.52, 49.28
2020-10-28, 00:11:55, 23.51, 49.28
2020-10-28, 00:11:57, 23.52, 49.28
2020-10-28, 00:11:58, 23.52, 49.28
2020-10-28, 00:11:59, 23.52, 49.28
2020-10-28, 00:12:01, 23.52, 49.28
2020-10-28, 00:12:02, 23.52, 49.25
2020-10-28, 00:12:04, 23.51, 49.28
2020-10-28, 00:12:05, 23.51, 49.28
2020-10-28, 00:12:06, 23.5, 49.28
2020-10-28, 00:12:08, 23.51, 49.28
2020-10-28, 00:12:09, 23.48, 49.28
2020-10-28, 00:12:10, 23.5, 49.28
2020-10-28, 00:12:12, 23.5, 49.28
2020-10-28, 00:12:13, 23.51, 49.28
2020-10-28, 00:12:14, 23.5, 49.28
2020-10-28, 00:12:16, 23.5, 49.28
2020-10-28, 00:12:17, 23.5, 49.28
2020-10-28, 00:12:18, 23.5, 49.28
2020-10-28, 00:12:20, 23.5, 49.28
2020-10-28, 00:12:21, 23.5, 49.28
2020-10-28, 00:12:23, 23.5, 49.28
2020-10-28, 00:12:24, 23.48, 49.25
2020-10-28, 00:12:25, 23.5, 49.25
2020-10-28, 00:12:27, 23.5, 49.28
2020-10-28, 00:12:28, 23.5, 49.28
2020-10-28, 00:12:29, 23.51, 49.28
2020-10-28, 00:12:31, 23.49, 49.28
2020-10-28, 00:12:32, 23.5, 49.28
2020-10-28, 00:12:33, 23.49, 49.28
2020-10-28, 00:12:35, 23.49, 49.25
2020-10-28, 00:12:36, 23.5, 49.25
2020-10-28, 00:12:37, 23.5, 49.28
2020-10-28, 00:12:39, 23.49, 49.25
2020-10-28, 00:12:40, 23.49, 49.25
2020-10-28, 00:12:42, 23.49, 49.28
2020-10-28, 00:12:43, 23.49, 49.28
2020-10-28, 00:12:44, 23.48, 49.28
2020-10-28, 00:12:46, 23.49, 49.28
2020-10-28, 00:12:47, 23.49, 49.28
2020-10-28, 00:12:48, 23.48, 49.28
2020-10-28, 00:12:50, 23.49, 49.28
2020-10-28, 00:12:51, 23.49, 49.28
2020-10-28, 00:12:53, 23.5, 49.31
2020-10-28, 00:12:54, 23.5, 49.28
2020-10-28, 00:12:55, 23.49, 49.28
2020-10-28, 00:12:57, 23.51, 49.28
2020-10-28, 00:12:58, 23.5, 49.28
2020-10-28, 00:12:59, 23.51, 49.28
2020-10-28, 00:13:01, 23.49, 49.28
2020-10-28, 00:13:02, 23.48, 49.28
2020-10-28, 00:13:03, 23.5, 49.25
2020-10-28, 00:13:05, 23.49, 49.28
2020-10-28, 00:13:06, 23.49, 49.28
2020-10-28, 00:13:07, 23.49, 49.25
2020-10-28, 00:13:09, 23.47, 49.28
2020-10-28, 00:13:10, 23.49, 49.28
2020-10-28, 00:13:12, 23.49, 49.28
2020-10-28, 00:13:13, 23.49, 49.25
2020-10-28, 00:13:14, 23.5, 49.28
2020-10-28, 00:13:16, 23.48, 49.28
2020-10-28, 00:13:17, 23.5, 49.28
2020-10-28, 00:13:18, 23.49, 49.28
2020-10-28, 00:13:20, 23.48, 49.28
2020-10-28, 00:13:21, 23.49, 49.28
2020-10-28, 00:13:22, 23.49, 49.28
2020-10-28, 00:13:24, 23.48, 49.28
2020-10-28, 00:13:25, 23.49, 49.28
2020-10-28, 00:13:27, 23.48, 49.28
2020-10-28, 00:13:28, 23.49, 49.28
2020-10-28, 00:13:29, 23.49, 49.28
2020-10-28, 00:13:31, 23.46, 49.28
2020-10-28, 00:13:32, 23.48, 49.28
2020-10-28, 00:13:33, 23.47, 49.28
2020-10-28, 00:13:35, 23.48, 49.28
2020-10-28, 00:13:36, 23.48, 49.28
2020-10-28, 00:13:37, 23.48, 49.28
2020-10-28, 00:13:39, 23.49, 49.28
2020-10-28, 00:13:40, 23.48, 49.28
2020-10-28, 00:13:41, 23.49, 49.28
2020-10-28, 00:13:43, 23.5, 49.28
2020-10-28, 00:13:44, 23.48, 49.28
2020-10-28, 00:13:46, 23.49, 49.28
2020-10-28, 00:13:47, 23.49, 49.28
2020-10-28, 00:13:48, 23.49, 49.28
2020-10-28, 00:13:50, 23.49, 49.28
2020-10-28, 00:13:51, 23.49, 49.28
2020-10-28, 00:13:52, 23.47, 49.28
2020-10-28, 00:13:54, 23.48, 49.28
2020-10-28, 00:13:55, 23.48, 49.31
2020-10-28, 00:13:56, 23.47, 49.28
2020-10-28, 00:13:58, 23.47, 49.34
2020-10-28, 00:13:59, 23.47, 49.31
2020-10-28, 00:14:00, 23.47, 49.31
2020-10-28, 00:14:02, 23.46, 49.31
2020-10-28, 00:14:03, 23.45, 49.34
2020-10-28, 00:14:05, 23.46, 49.34
2020-10-28, 00:14:06, 23.46, 49.34
2020-10-28, 00:14:07, 23.48, 49.34
2020-10-28, 00:14:09, 23.46, 49.34
2020-10-28, 00:14:10, 23.46, 49.34
2020-10-28, 00:14:11, 23.46, 49.34
2020-10-28, 00:14:13, 23.46, 49.34
2020-10-28, 00:14:14, 23.46, 49.34
2020-10-28, 00:14:15, 23.46, 49.34
2020-10-28, 00:14:17, 23.46, 49.34
2020-10-28, 00:14:18, 23.46, 49.34
2020-10-28, 00:14:19, 23.45, 49.34
2020-10-28, 00:14:21, 23.45, 49.34
2020-10-28, 00:14:22, 23.46, 49.34
2020-10-28, 00:14:24, 23.46, 49.34
2020-10-28, 00:14:25, 23.44, 49.34
2020-10-28, 00:14:26, 23.45, 49.34
2020-10-28, 00:14:28, 23.46, 49.34
2020-10-28, 00:14:29, 23.46, 49.34
2020-10-28, 00:14:30, 23.45, 49.34
2020-10-28, 00:14:32, 23.46, 49.31
2020-10-28, 00:14:33, 23.47, 49.34
2020-10-28, 00:14:34, 23.46, 49.34
2020-10-28, 00:14:36, 23.45, 49.31
2020-10-28, 00:14:37, 23.46, 49.34
2020-10-28, 00:14:38, 23.46, 49.31
2020-10-28, 00:14:40, 23.46, 49.31
2020-10-28, 00:14:41, 23.47, 49.34
2020-10-28, 00:14:43, 23.46, 49.31
2020-10-28, 00:14:44, 23.47, 49.31
2020-10-28, 00:14:45, 23.44, 49.31
2020-10-28, 00:14:47, 23.44, 49.34
2020-10-28, 00:14:48, 23.46, 49.34
2020-10-28, 00:14:49, 23.46, 49.31
2020-10-28, 00:14:51, 23.46, 49.31
2020-10-28, 00:14:52, 23.47, 49.31
2020-10-28, 00:14:53, 23.47, 49.28
2020-10-28, 00:14:55, 23.48, 49.31
2020-10-28, 00:14:56, 23.46, 49.28
2020-10-28, 00:14:57, 23.46, 49.31
2020-10-28, 00:14:59, 23.46, 49.28
2020-10-28, 00:15:00, 23.45, 49.31
2020-10-28, 00:15:02, 23.45, 49.28
2020-10-28, 00:15:03, 23.46, 49.28
2020-10-28, 00:15:04, 23.47, 49.31
2020-10-28, 00:15:06, 23.48, 49.31
2020-10-28, 00:15:07, 23.46, 49.31
2020-10-28, 00:15:08, 23.46, 49.28
2020-10-28, 00:15:10, 23.47, 49.28
2020-10-28, 00:15:11, 23.47, 49.28
2020-10-28, 00:15:12, 23.46, 49.31
2020-10-28, 00:15:14, 23.46, 49.31
2020-10-28, 00:15:15, 23.46, 49.31
2020-10-28, 00:15:16, 23.46, 49.28
2020-10-28, 00:15:18, 23.46, 49.28
2020-10-28, 00:15:19, 23.46, 49.31
2020-10-28, 00:15:21, 23.46, 49.31
2020-10-28, 00:15:22, 23.47, 49.28
2020-10-28, 00:15:23, 23.46, 49.31
2020-10-28, 00:15:25, 23.46, 49.28
2020-10-28, 00:15:26, 23.47, 49.31
2020-10-28, 00:15:27, 23.46, 49.31
2020-10-28, 00:15:29, 23.45, 49.31
2020-10-28, 00:15:30, 23.45, 49.31
2020-10-28, 00:15:31, 23.44, 49.27
2020-10-28, 00:15:33, 23.46, 49.28
2020-10-28, 00:15:34, 23.44, 49.27
2020-10-28, 00:15:35, 23.45, 49.28
2020-10-28, 00:15:37, 23.45, 49.31
2020-10-28, 00:15:38, 23.46, 49.28
2020-10-28, 00:15:39, 23.44, 49.31
2020-10-28, 00:15:41, 23.46, 49.31
2020-10-28, 00:15:42, 23.45, 49.28
2020-10-28, 00:15:44, 23.46, 49.31
2020-10-28, 00:15:45, 23.46, 49.28
2020-10-28, 00:15:46, 23.45, 49.31
2020-10-28, 00:15:48, 23.46, 49.31
2020-10-28, 00:15:49, 23.47, 49.28
2020-10-28, 00:15:50, 23.44, 49.27
2020-10-28, 00:15:52, 23.45, 49.28
2020-10-28, 00:15:53, 23.45, 49.28
2020-10-28, 00:15:54, 23.45, 49.28
2020-10-28, 00:15:56, 23.45, 49.28
2020-10-28, 00:15:57, 23.45, 49.28
2020-10-28, 00:15:58, 23.45, 49.28
2020-10-28, 00:16:00, 23.44, 49.27
2020-10-28, 00:16:01, 23.44, 49.27
2020-10-28, 00:16:03, 23.45, 49.28
2020-10-28, 00:16:04, 23.46, 49.28
2020-10-28, 00:16:05, 23.45, 49.28
2020-10-28, 00:16:07, 23.45, 49.28
2020-10-28, 00:16:08, 23.45, 49.28
2020-10-28, 00:16:09, 23.44, 49.27
2020-10-28, 00:16:11, 23.45, 49.28
2020-10-28, 00:16:12, 23.46, 49.28
2020-10-28, 00:16:13, 23.45, 49.28
2020-10-28, 00:16:15, 23.45, 49.28
2020-10-28, 00:16:16, 23.46, 49.28
2020-10-28, 00:16:17, 23.44, 49.27
2020-10-28, 00:16:19, 23.45, 49.28
2020-10-28, 00:16:20, 23.46, 49.28
2020-10-28, 00:16:22, 23.44, 49.27
2020-10-28, 00:16:23, 23.44, 49.27
2020-10-28, 00:16:24, 23.44, 49.27
2020-10-28, 00:16:26, 23.45, 49.28
2020-10-28, 00:16:27, 23.44, 49.31
2020-10-28, 00:16:28, 23.43, 49.3
2020-10-28, 00:16:30, 23.45, 49.31
2020-10-28, 00:16:31, 23.46, 49.31
2020-10-28, 00:16:32, 23.46, 49.31
2020-10-28, 00:16:34, 23.45, 49.31
2020-10-28, 00:16:35, 23.45, 49.31
2020-10-28, 00:16:36, 23.46, 49.31
2020-10-28, 00:16:38, 23.44, 49.31
2020-10-28, 00:16:39, 23.43, 49.27
2020-10-28, 00:16:41, 23.44, 49.27
2020-10-28, 00:16:42, 23.45, 49.31
2020-10-28, 00:16:43, 23.43, 49.3
2020-10-28, 00:16:45, 23.44, 49.31
2020-10-28, 00:16:46, 23.45, 49.31
2020-10-28, 00:16:47, 23.43, 49.34
2020-10-28, 00:16:49, 23.42, 49.3
2020-10-28, 00:16:50, 23.43, 49.3
2020-10-28, 00:16:51, 23.43, 49.3
2020-10-28, 00:16:53, 23.42, 49.3
2020-10-28, 00:16:54, 23.44, 49.31
2020-10-28, 00:16:55, 23.43, 49.34
2020-10-28, 00:16:57, 23.44, 49.31
2020-10-28, 00:16:58, 23.43, 49.3
2020-10-28, 00:16:59, 23.43, 49.34
2020-10-28, 00:17:01, 23.42, 49.3
2020-10-28, 00:17:02, 23.43, 49.34
2020-10-28, 00:17:04, 23.44, 49.34
2020-10-28, 00:17:05, 23.43, 49.34
2020-10-28, 00:17:06, 23.43, 49.34
2020-10-28, 00:17:08, 23.43, 49.34
2020-10-28, 00:17:09, 23.43, 49.34
2020-10-28, 00:17:10, 23.44, 49.34
2020-10-28, 00:17:12, 23.43, 49.34
2020-10-28, 00:17:13, 23.44, 49.34
2020-10-28, 00:17:14, 23.44, 49.34
2020-10-28, 00:17:16, 23.44, 49.31
2020-10-28, 00:17:17, 23.43, 49.3
2020-10-28, 00:17:18, 23.43, 49.3
2020-10-28, 00:17:20, 23.44, 49.31
2020-10-28, 00:17:21, 23.42, 49.3
2020-10-28, 00:17:23, 23.42, 49.3
2020-10-28, 00:17:24, 23.44, 49.27
2020-10-28, 00:17:25, 23.42, 49.3
2020-10-28, 00:17:27, 23.42, 49.3
2020-10-28, 00:17:28, 23.42, 49.3
2020-10-28, 00:17:29, 23.44, 49.31
2020-10-28, 00:17:31, 23.42, 49.3
2020-10-28, 00:17:32, 23.42, 49.3
2020-10-28, 00:17:33, 23.42, 49.3
2020-10-28, 00:17:35, 23.42, 49.3
2020-10-28, 00:17:36, 23.42, 49.3
2020-10-28, 00:17:37, 23.42, 49.3
2020-10-28, 00:17:39, 23.41, 49.3
2020-10-28, 00:17:40, 23.41, 49.33
2020-10-28, 00:17:42, 23.41, 49.33
2020-10-28, 00:17:43, 23.4, 49.3
2020-10-28, 00:17:44, 23.4, 49.33
2020-10-28, 00:17:46, 23.41, 49.33
2020-10-28, 00:17:47, 23.4, 49.33
2020-10-28, 00:17:48, 23.4, 49.33
2020-10-28, 00:17:50, 23.4, 49.33
2020-10-28, 00:17:51, 23.4, 49.33
2020-10-28, 00:17:52, 23.4, 49.33
2020-10-28, 00:17:54, 23.4, 49.33
2020-10-28, 00:17:55, 23.41, 49.33
2020-10-28, 00:17:56, 23.4, 49.33
2020-10-28, 00:17:58, 23.41, 49.33
2020-10-28, 00:17:59, 23.41, 49.33
2020-10-28, 00:18:01, 23.41, 49.33
2020-10-28, 00:18:02, 23.41, 49.33
2020-10-28, 00:18:03, 23.4, 49.33
2020-10-28, 00:18:05, 23.41, 49.37
2020-10-28, 00:18:06, 23.41, 49.33
2020-10-28, 00:18:07, 23.41, 49.33
2020-10-28, 00:18:09, 23.41, 49.33
2020-10-28, 00:18:10, 23.42, 49.34
2020-10-28, 00:18:11, 23.41, 49.33
2020-10-28, 00:18:13, 23.41, 49.33
2020-10-28, 00:18:14, 23.42, 49.34
2020-10-28, 00:18:15, 23.42, 49.34
2020-10-28, 00:18:17, 23.41, 49.33
2020-10-28, 00:18:18, 23.41, 49.33
2020-10-28, 00:18:20, 23.4, 49.33
2020-10-28, 00:18:21, 23.4, 49.33
2020-10-28, 00:18:22, 23.39, 49.33
2020-10-28, 00:18:24, 23.4, 49.33
2020-10-28, 00:18:25, 23.4, 49.33
2020-10-28, 00:18:26, 23.42, 49.34
2020-10-28, 00:18:28, 23.42, 49.34
2020-10-28, 00:18:29, 23.4, 49.33
2020-10-28, 00:18:30, 23.4, 49.33
2020-10-28, 00:18:32, 23.4, 49.33
2020-10-28, 00:18:33, 23.4, 49.33
2020-10-28, 00:18:34, 23.4, 49.33
2020-10-28, 00:18:36, 23.4, 49.33
2020-10-28, 00:18:37, 23.39, 49.33
2020-10-28, 00:18:39, 23.39, 49.33
2020-10-28, 00:18:40, 23.39, 49.33
2020-10-28, 00:18:41, 23.4, 49.33
2020-10-28, 00:18:43, 23.4, 49.33
2020-10-28, 00:18:44, 23.38, 49.33
2020-10-28, 00:18:45, 23.39, 49.33
2020-10-28, 00:18:47, 23.39, 49.33
2020-10-28, 00:18:48, 23.4, 49.33
2020-10-28, 00:18:49, 23.39, 49.33
2020-10-28, 00:18:51, 23.38, 49.33
2020-10-28, 00:18:52, 23.39, 49.33
2020-10-28, 00:18:53, 23.38, 49.33
2020-10-28, 00:18:55, 23.4, 49.33
2020-10-28, 00:18:56, 23.39, 49.33
2020-10-28, 00:18:58, 23.4, 49.33
2020-10-28, 00:18:59, 23.39, 49.36
2020-10-28, 00:19:00, 23.39, 49.33
2020-10-28, 00:19:02, 23.39, 49.33
2020-10-28, 00:19:03, 23.39, 49.33
2020-10-28, 00:19:04, 23.38, 49.33
2020-10-28, 00:19:06, 23.39, 49.36
2020-10-28, 00:19:07, 23.38, 49.36
2020-10-28, 00:19:08, 23.38, 49.33
2020-10-28, 00:19:10, 23.4, 49.36
2020-10-28, 00:19:11, 23.39, 49.33
2020-10-28, 00:19:12, 23.4, 49.33
2020-10-28, 00:19:14, 23.38, 49.36
2020-10-28, 00:19:15, 23.38, 49.36
2020-10-28, 00:19:17, 23.4, 49.33
2020-10-28, 00:19:18, 23.38, 49.33
2020-10-28, 00:19:19, 23.38, 49.33
2020-10-28, 00:19:21, 23.38, 49.36
2020-10-28, 00:19:22, 23.39, 49.36
2020-10-28, 00:19:23, 23.39, 49.36
2020-10-28, 00:19:25, 23.39, 49.33
2020-10-28, 00:19:26, 23.38, 49.36
2020-10-28, 00:19:27, 23.39, 49.39
2020-10-28, 00:19:29, 23.38, 49.36
2020-10-28, 00:19:30, 23.39, 49.33
2020-10-28, 00:19:31, 23.39, 49.36
2020-10-28, 00:19:33, 23.38, 49.33
2020-10-28, 00:19:34, 23.39, 49.36
2020-10-28, 00:19:36, 23.38, 49.36
2020-10-28, 00:19:37, 23.4, 49.4
2020-10-28, 00:19:38, 23.38, 49.36
2020-10-28, 00:19:40, 23.38, 49.36
2020-10-28, 00:19:41, 23.38, 49.36
2020-10-28, 00:19:42, 23.38, 49.36
2020-10-28, 00:19:44, 23.38, 49.36
2020-10-28, 00:19:45, 23.37, 49.39
2020-10-28, 00:19:46, 23.37, 49.36
2020-10-28, 00:19:48, 23.37, 49.36
2020-10-28, 00:19:49, 23.34, 49.39
2020-10-28, 00:19:51, 23.35, 49.42
2020-10-28, 00:19:52, 23.36, 49.39
2020-10-28, 00:19:53, 23.37, 49.39
2020-10-28, 00:19:55, 23.37, 49.39
2020-10-28, 00:19:56, 23.37, 49.39
2020-10-28, 00:19:58, 23.38, 49.39
2020-10-28, 00:19:59, 23.37, 49.39
2020-10-28, 00:20:00, 23.36, 49.39
2020-10-28, 00:20:02, 23.38, 49.39
2020-10-28, 00:20:03, 23.38, 49.39
2020-10-28, 00:20:04, 23.38, 49.39
2020-10-28, 00:20:06, 23.37, 49.39
2020-10-28, 00:20:07, 23.38, 49.39
2020-10-28, 00:20:08, 23.37, 49.39
2020-10-28, 00:20:10, 23.39, 49.36
2020-10-28, 00:20:11, 23.38, 49.39
2020-10-28, 00:20:12, 23.38, 49.39
2020-10-28, 00:20:14, 23.37, 49.36
2020-10-28, 00:20:15, 23.37, 49.39
2020-10-28, 00:20:17, 23.39, 49.39
2020-10-28, 00:20:18, 23.38, 49.39
2020-10-28, 00:20:19, 23.39, 49.36
2020-10-28, 00:20:21, 23.38, 49.39
2020-10-28, 00:20:22, 23.38, 49.39
2020-10-28, 00:20:23, 23.38, 49.39
2020-10-28, 00:20:25, 23.38, 49.36
2020-10-28, 00:20:26, 23.37, 49.39
2020-10-28, 00:20:27, 23.38, 49.39
2020-10-28, 00:20:29, 23.38, 49.36
2020-10-28, 00:20:30, 23.36, 49.39
2020-10-28, 00:20:31, 23.36, 49.39
2020-10-28, 00:20:33, 23.35, 49.36
2020-10-28, 00:20:34, 23.37, 49.39
2020-10-28, 00:20:36, 23.37, 49.39
2020-10-28, 00:20:37, 23.37, 49.39
2020-10-28, 00:20:38, 23.36, 49.39
2020-10-28, 00:20:40, 23.36, 49.39
2020-10-28, 00:20:41, 23.37, 49.39
2020-10-28, 00:20:42, 23.36, 49.39
2020-10-28, 00:20:44, 23.36, 49.36
2020-10-28, 00:20:45, 23.37, 49.36
2020-10-28, 00:20:46, 23.37, 49.36
2020-10-28, 00:20:48, 23.38, 49.36
2020-10-28, 00:20:49, 23.37, 49.36
2020-10-28, 00:20:50, 23.36, 49.36
2020-10-28, 00:20:52, 23.38, 49.36
2020-10-28, 00:20:53, 23.38, 49.36
2020-10-28, 00:20:54, 23.37, 49.33
2020-10-28, 00:20:56, 23.36, 49.33
2020-10-28, 00:20:57, 23.36, 49.36
2020-10-28, 00:20:59, 23.35, 49.36
2020-10-28, 00:21:00, 23.36, 49.36
2020-10-28, 00:21:01, 23.36, 49.36
2020-10-28, 00:21:03, 23.37, 49.39
2020-10-28, 00:21:04, 23.37, 49.33
2020-10-28, 00:21:05, 23.38, 49.36
2020-10-28, 00:21:07, 23.37, 49.36
2020-10-28, 00:21:08, 23.38, 49.36
2020-10-28, 00:21:09, 23.37, 49.33
2020-10-28, 00:21:11, 23.36, 49.36
2020-10-28, 00:21:12, 23.38, 49.33
2020-10-28, 00:21:13, 23.36, 49.33
2020-10-28, 00:21:15, 23.36, 49.33
2020-10-28, 00:21:16, 23.38, 49.33
2020-10-28, 00:21:18, 23.38, 49.33
2020-10-28, 00:21:19, 23.37, 49.33
2020-10-28, 00:21:20, 23.37, 49.33
2020-10-28, 00:21:22, 23.38, 49.33
2020-10-28, 00:21:23, 23.37, 49.33
2020-10-28, 00:21:24, 23.36, 49.33
2020-10-28, 00:21:26, 23.37, 49.33
2020-10-28, 00:21:27, 23.36, 49.33
2020-10-28, 00:21:28, 23.39, 49.33
2020-10-28, 00:21:30, 23.37, 49.33
2020-10-28, 00:21:31, 23.36, 49.3
2020-10-28, 00:21:32, 23.38, 49.3
2020-10-28, 00:21:34, 23.37, 49.33
2020-10-28, 00:21:35, 23.37, 49.33
2020-10-28, 00:21:37, 23.36, 49.33
2020-10-28, 00:21:38, 23.38, 49.3
2020-10-28, 00:21:39, 23.37, 49.3
2020-10-28, 00:21:41, 23.37, 49.3
2020-10-28, 00:21:42, 23.36, 49.33
2020-10-28, 00:21:43, 23.38, 49.33
2020-10-28, 00:21:45, 23.37, 49.3
2020-10-28, 00:21:46, 23.37, 49.3
2020-10-28, 00:21:47, 23.38, 49.3
2020-10-28, 00:21:49, 23.38, 49.3
2020-10-28, 00:21:50, 23.38, 49.33
2020-10-28, 00:21:51, 23.38, 49.3
2020-10-28, 00:21:53, 23.38, 49.3
2020-10-28, 00:21:54, 23.39, 49.3
2020-10-28, 00:21:56, 23.39, 49.3
2020-10-28, 00:21:57, 23.39, 49.33
2020-10-28, 00:21:58, 23.38, 49.3
2020-10-28, 00:22:00, 23.4, 49.3
2020-10-28, 00:22:01, 23.39, 49.3
2020-10-28, 00:22:02, 23.39, 49.3
2020-10-28, 00:22:04, 23.4, 49.3
2020-10-28, 00:22:05, 23.4, 49.3
2020-10-28, 00:22:06, 23.4, 49.3
2020-10-28, 00:22:08, 23.4, 49.27
2020-10-28, 00:22:09, 23.4, 49.27
2020-10-28, 00:22:10, 23.41, 49.27
2020-10-28, 00:22:12, 23.4, 49.27
2020-10-28, 00:22:13, 23.4, 49.27
2020-10-28, 00:22:15, 23.4, 49.3
2020-10-28, 00:22:16, 23.4, 49.27
2020-10-28, 00:22:17, 23.4, 49.27
2020-10-28, 00:22:19, 23.4, 49.27
2020-10-28, 00:22:20, 23.4, 49.27
2020-10-28, 00:22:21, 23.4, 49.3
2020-10-28, 00:22:23, 23.4, 49.27
2020-10-28, 00:22:24, 23.4, 49.27
2020-10-28, 00:22:25, 23.4, 49.27
2020-10-28, 00:22:27, 23.4, 49.27
2020-10-28, 00:22:28, 23.41, 49.27
2020-10-28, 00:22:29, 23.39, 49.27
2020-10-28, 00:22:31, 23.4, 49.27
2020-10-28, 00:22:32, 23.4, 49.27
2020-10-28, 00:22:33, 23.4, 49.27
2020-10-28, 00:22:35, 23.41, 49.27
2020-10-28, 00:22:36, 23.4, 49.27
2020-10-28, 00:22:38, 23.4, 49.27
2020-10-28, 00:22:39, 23.42, 49.27
2020-10-28, 00:22:40, 23.4, 49.27
2020-10-28, 00:22:42, 23.41, 49.24
2020-10-28, 00:22:43, 23.41, 49.24
2020-10-28, 00:22:44, 23.42, 49.27
2020-10-28, 00:22:46, 23.42, 49.24
2020-10-28, 00:22:47, 23.43, 49.24
2020-10-28, 00:22:48, 23.43, 49.21
2020-10-28, 00:22:50, 23.44, 49.24
2020-10-28, 00:22:51, 23.43, 49.21
2020-10-28, 00:22:52, 23.43, 49.24
2020-10-28, 00:22:54, 23.43, 49.24
2020-10-28, 00:22:55, 23.43, 49.21
2020-10-28, 00:22:57, 23.42, 49.21
2020-10-28, 00:22:58, 23.42, 49.21
2020-10-28, 00:22:59, 23.43, 49.21
2020-10-28, 00:23:01, 23.44, 49.21
2020-10-28, 00:23:02, 23.44, 49.21
2020-10-28, 00:23:03, 23.42, 49.18
2020-10-28, 00:23:05, 23.43, 49.21
2020-10-28, 00:23:06, 23.43, 49.21
2020-10-28, 00:23:07, 23.44, 49.21
2020-10-28, 00:23:09, 23.45, 49.21
2020-10-28, 00:23:10, 23.45, 49.21
2020-10-28, 00:23:11, 23.44, 49.21
2020-10-28, 00:23:13, 23.46, 49.21
2020-10-28, 00:23:14, 23.45, 49.18
2020-10-28, 00:23:16, 23.45, 49.18
2020-10-28, 00:23:17, 23.45, 49.18
2020-10-28, 00:23:18, 23.45, 49.18
2020-10-28, 00:23:20, 23.44, 49.18
2020-10-28, 00:23:21, 23.43, 49.18
2020-10-28, 00:23:22, 23.44, 49.18
2020-10-28, 00:23:24, 23.44, 49.15
2020-10-28, 00:23:25, 23.44, 49.18
2020-10-28, 00:23:26, 23.44, 49.15
2020-10-28, 00:23:28, 23.45, 49.15
2020-10-28, 00:23:29, 23.45, 49.18
2020-10-28, 00:23:30, 23.45, 49.15
2020-10-28, 00:23:32, 23.46, 49.18
2020-10-28, 00:23:33, 23.46, 49.15
2020-10-28, 00:23:35, 23.47, 49.15
2020-10-28, 00:23:36, 23.46, 49.15
2020-10-28, 00:23:37, 23.46, 49.15
2020-10-28, 00:23:39, 23.46, 49.15
2020-10-28, 00:23:40, 23.46, 49.15
2020-10-28, 00:23:41, 23.47, 49.15
2020-10-28, 00:23:43, 23.47, 49.15
2020-10-28, 00:23:44, 23.46, 49.15
2020-10-28, 00:23:45, 23.47, 49.15
2020-10-28, 00:23:47, 23.46, 49.12
2020-10-28, 00:23:48, 23.47, 49.12
2020-10-28, 00:23:49, 23.46, 49.12
2020-10-28, 00:23:51, 23.47, 49.12
2020-10-28, 00:23:52, 23.48, 49.12
2020-10-28, 00:23:53, 23.48, 49.09
2020-10-28, 00:23:55, 23.48, 49.12
2020-10-28, 00:23:56, 23.48, 49.09
2020-10-28, 00:23:58, 23.5, 49.09
2020-10-28, 00:23:59, 23.48, 49.09
2020-10-28, 00:24:00, 23.49, 49.09
2020-10-28, 00:24:02, 23.49, 49.09
2020-10-28, 00:24:03, 23.5, 49.09
2020-10-28, 00:24:04, 23.5, 49.09
2020-10-28, 00:24:06, 23.49, 49.09
2020-10-28, 00:24:07, 23.5, 49.06
2020-10-28, 00:24:08, 23.5, 49.09
2020-10-28, 00:24:10, 23.49, 49.06
2020-10-28, 00:24:11, 23.49, 49.09
2020-10-28, 00:24:12, 23.5, 49.06
2020-10-28, 00:24:15, 23.26, 49.12
2020-10-28, 00:24:17, 23.42, 49.21
2020-10-28, 00:24:18, 23.45, 49.21
2020-10-28, 00:24:19, 23.46, 49.21
2020-10-28, 00:24:21, 23.49, 49.19
2020-10-28, 00:24:22, 23.48, 49.15
2020-10-28, 00:24:23, 23.48, 49.15
2020-10-28, 00:24:25, 23.48, 49.15
2020-10-28, 00:24:26, 23.5, 49.12
2020-10-28, 00:24:27, 23.48, 49.12
2020-10-28, 00:24:29, 23.48, 49.09
2020-10-28, 00:24:30, 23.49, 49.09
2020-10-28, 00:24:31, 23.5, 49.09
2020-10-28, 00:24:33, 23.5, 49.09
2020-10-28, 00:24:34, 23.5, 49.09
2020-10-28, 00:24:36, 23.5, 49.06
2020-10-28, 00:24:37, 23.52, 49.06
2020-10-28, 00:24:38, 23.52, 49.03
2020-10-28, 00:24:40, 23.5, 49.03
2020-10-28, 00:24:41, 23.51, 49.03
2020-10-28, 00:24:42, 23.52, 49.03
2020-10-28, 00:24:44, 23.53, 49.03
2020-10-28, 00:24:45, 23.53, 49.03
2020-10-28, 00:24:47, 23.44, 49.02
2020-10-28, 00:24:48, 23.51, 49.03
2020-10-28, 00:24:49, 23.51, 49.03
2020-10-28, 00:24:51, 23.52, 49.03
2020-10-28, 00:24:52, 23.51, 49.03
2020-10-28, 00:24:53, 23.51, 49.03
2020-10-28, 00:24:55, 23.51, 49.03
2020-10-28, 00:24:56, 23.52, 49.0
2020-10-28, 00:24:57, 23.52, 49.0
2020-10-28, 00:24:59, 23.52, 49.0
2020-10-28, 00:25:00, 23.53, 49.0
2020-10-28, 00:25:01, 23.52, 48.97
2020-10-28, 00:25:03, 23.52, 48.97
2020-10-28, 00:25:04, 23.52, 48.97
2020-10-28, 00:25:06, 23.53, 48.97
2020-10-28, 00:25:07, 23.54, 48.97
2020-10-28, 00:25:08, 23.54, 48.97
2020-10-28, 00:25:10, 23.53, 48.97
2020-10-28, 00:25:11, 23.54, 48.97
2020-10-28, 00:25:12, 23.54, 48.97
2020-10-28, 00:25:14, 23.54, 48.97
2020-10-28, 00:25:15, 23.54, 48.97
2020-10-28, 00:25:16, 23.55, 48.97
2020-10-28, 00:25:18, 23.55, 48.91
2020-10-28, 00:25:19, 23.55, 48.91
2020-10-28, 00:25:20, 23.56, 48.94
2020-10-28, 00:25:22, 23.56, 48.91
2020-10-28, 00:25:23, 23.56, 48.91
2020-10-28, 00:25:25, 23.58, 48.94
2020-10-28, 00:25:26, 23.56, 48.91
2020-10-28, 00:25:27, 23.55, 48.91
2020-10-28, 00:25:29, 23.56, 48.94
2020-10-28, 00:25:30, 23.56, 48.91
2020-10-28, 00:25:31, 23.57, 48.91
2020-10-28, 00:25:33, 23.56, 48.91
2020-10-28, 00:25:34, 23.57, 48.91
2020-10-28, 00:25:35, 23.57, 48.88
2020-10-28, 00:25:37, 23.58, 48.85
2020-10-28, 00:25:38, 23.56, 48.88
2020-10-28, 00:25:39, 23.57, 48.88
2020-10-28, 00:25:41, 23.56, 48.84
2020-10-28, 00:25:42, 23.56, 48.88
2020-10-28, 00:25:43, 23.57, 48.88
2020-10-28, 00:25:45, 23.58, 48.88
2020-10-28, 00:25:46, 23.57, 48.85
2020-10-28, 00:25:48, 23.54, 48.87
2020-10-28, 00:25:49, 23.57, 48.88
2020-10-28, 00:25:50, 23.58, 48.91
2020-10-28, 00:25:52, 23.59, 48.91
2020-10-28, 00:25:53, 23.58, 48.88
2020-10-28, 00:25:54, 23.58, 48.91
2020-10-28, 00:25:56, 23.58, 48.88
2020-10-28, 00:25:57, 23.59, 48.88
2020-10-28, 00:25:58, 23.6, 48.88
2020-10-28, 00:26:00, 23.58, 48.88
2020-10-28, 00:26:01, 23.59, 48.85
2020-10-28, 00:26:03, 23.58, 48.85
2020-10-28, 00:26:04, 23.6, 48.85
2020-10-28, 00:26:05, 23.59, 48.85
2020-10-28, 00:26:07, 23.59, 48.85
2020-10-28, 00:26:08, 23.59, 48.85
2020-10-28, 00:26:09, 23.59, 48.82
2020-10-28, 00:26:11, 23.59, 48.82
2020-10-28, 00:26:12, 23.6, 48.85
2020-10-28, 00:26:13, 23.58, 48.82
2020-10-28, 00:26:15, 23.59, 48.82
2020-10-28, 00:26:16, 23.6, 48.82
2020-10-28, 00:26:17, 23.6, 48.82
2020-10-28, 00:26:19, 23.6, 48.82
2020-10-28, 00:26:20, 23.61, 48.79
2020-10-28, 00:26:21, 23.62, 48.79
2020-10-28, 00:26:23, 23.61, 48.79
2020-10-28, 00:26:24, 23.61, 48.79
2020-10-28, 00:26:26, 23.63, 48.79
2020-10-28, 00:26:27, 23.62, 48.79
2020-10-28, 00:26:28, 23.62, 48.79
2020-10-28, 00:26:30, 23.6, 48.79
2020-10-28, 00:26:31, 23.62, 48.79
2020-10-28, 00:26:32, 23.62, 48.79
2020-10-28, 00:26:34, 23.62, 48.79
2020-10-28, 00:26:35, 23.61, 48.79
2020-10-28, 00:26:36, 23.61, 48.79
2020-10-28, 00:26:38, 23.61, 48.76
2020-10-28, 00:26:39, 23.62, 48.76
2020-10-28, 00:26:40, 23.63, 48.79
2020-10-28, 00:26:42, 23.63, 48.76
2020-10-28, 00:26:43, 23.62, 48.76
2020-10-28, 00:26:45, 23.63, 48.73
2020-10-28, 00:26:46, 23.62, 48.72
2020-10-28, 00:26:47, 23.62, 48.72
2020-10-28, 00:26:49, 23.63, 48.73
2020-10-28, 00:26:50, 23.62, 48.72
2020-10-28, 00:26:51, 23.62, 48.72
2020-10-28, 00:26:53, 23.63, 48.73
2020-10-28, 00:26:54, 23.62, 48.69
2020-10-28, 00:26:55, 23.63, 48.73
2020-10-28, 00:26:57, 23.62, 48.72
2020-10-28, 00:26:58, 23.63, 48.69
2020-10-28, 00:26:59, 23.63, 48.73
2020-10-28, 00:27:01, 23.64, 48.7
2020-10-28, 00:27:02, 23.62, 48.72
2020-10-28, 00:27:04, 23.64, 48.73
2020-10-28, 00:27:05, 23.64, 48.73
2020-10-28, 00:27:06, 23.64, 48.7
2020-10-28, 00:27:08, 23.64, 48.7
2020-10-28, 00:27:09, 23.65, 48.7
2020-10-28, 00:27:10, 23.64, 48.73
2020-10-28, 00:27:12, 23.64, 48.73
2020-10-28, 00:27:13, 23.64, 48.7
2020-10-28, 00:27:14, 23.65, 48.7
2020-10-28, 00:27:16, 23.64, 48.7
2020-10-28, 00:27:17, 23.65, 48.7
2020-10-28, 00:27:18, 23.64, 48.7
2020-10-28, 00:27:20, 23.65, 48.7
2020-10-28, 00:27:21, 23.66, 48.67
2020-10-28, 00:27:22, 23.65, 48.66
2020-10-28, 00:27:24, 23.64, 48.66
2020-10-28, 00:27:25, 23.66, 48.67
2020-10-28, 00:27:27, 23.64, 48.66
2020-10-28, 00:27:28, 23.64, 48.66
2020-10-28, 00:27:29, 23.65, 48.66
2020-10-28, 00:27:31, 23.66, 48.67
2020-10-28, 00:27:32, 23.65, 48.66
2020-10-28, 00:27:33, 23.66, 48.7
2020-10-28, 00:27:35, 23.65, 48.66
2020-10-28, 00:27:36, 23.64, 48.66
2020-10-28, 00:27:37, 23.66, 48.67
2020-10-28, 00:27:39, 23.66, 48.67
2020-10-28, 00:27:40, 23.66, 48.67
2020-10-28, 00:27:41, 23.66, 48.67
2020-10-28, 00:27:43, 23.67, 48.67
2020-10-28, 00:27:44, 23.67, 48.64
2020-10-28, 00:27:46, 23.66, 48.67
2020-10-28, 00:27:47, 23.66, 48.63
2020-10-28, 00:27:48, 23.66, 48.67
2020-10-28, 00:27:50, 23.66, 48.67
2020-10-28, 00:27:51, 23.66, 48.67
2020-10-28, 00:27:52, 23.66, 48.63
2020-10-28, 00:27:54, 23.67, 48.64
2020-10-28, 00:27:55, 23.66, 48.63
2020-10-28, 00:27:56, 23.66, 48.63
2020-10-28, 00:27:58, 23.67, 48.67
2020-10-28, 00:27:59, 23.66, 48.63
2020-10-28, 00:28:00, 23.68, 48.64
2020-10-28, 00:28:02, 23.67, 48.64
2020-10-28, 00:28:03, 23.68, 48.64
2020-10-28, 00:28:05, 23.67, 48.6
2020-10-28, 00:28:06, 23.67, 48.64
2020-10-28, 00:28:07, 23.67, 48.64
2020-10-28, 00:28:09, 23.68, 48.6
2020-10-28, 00:28:10, 23.68, 48.64
2020-10-28, 00:28:11, 23.66, 48.63
2020-10-28, 00:28:13, 23.66, 48.63
2020-10-28, 00:28:14, 23.68, 48.6
2020-10-28, 00:28:15, 23.68, 48.6
2020-10-28, 00:28:17, 23.68, 48.6
2020-10-28, 00:28:18, 23.68, 48.6
2020-10-28, 00:28:19, 23.69, 48.61
2020-10-28, 00:28:21, 23.68, 48.6
2020-10-28, 00:28:22, 23.68, 48.6
2020-10-28, 00:28:24, 23.68, 48.6
2020-10-28, 00:28:25, 23.68, 48.6
2020-10-28, 00:28:26, 23.7, 48.61
2020-10-28, 00:28:28, 23.68, 48.6
2020-10-28, 00:28:29, 23.68, 48.6
2020-10-28, 00:28:30, 23.68, 48.6
2020-10-28, 00:28:32, 23.69, 48.61
2020-10-28, 00:28:33, 23.68, 48.57
2020-10-28, 00:28:34, 23.69, 48.57
2020-10-28, 00:28:36, 23.68, 48.57
2020-10-28, 00:28:37, 23.68, 48.57
2020-10-28, 00:28:38, 23.69, 48.57
2020-10-28, 00:28:40, 23.68, 48.57
2020-10-28, 00:28:41, 23.68, 48.6
2020-10-28, 00:28:43, 23.69, 48.57
2020-10-28, 00:28:44, 23.67, 48.54
2020-10-28, 00:28:45, 23.68, 48.54
2020-10-28, 00:28:47, 23.69, 48.54
2020-10-28, 00:28:48, 23.68, 48.57
2020-10-28, 00:28:49, 23.67, 48.54
2020-10-28, 00:28:51, 23.67, 48.57
2020-10-28, 00:28:52, 23.67, 48.57
2020-10-28, 00:28:53, 23.68, 48.57
2020-10-28, 00:28:55, 23.66, 48.54
2020-10-28, 00:28:56, 23.67, 48.57
2020-10-28, 00:28:57, 23.66, 48.57
2020-10-28, 00:28:59, 23.66, 48.57
2020-10-28, 00:29:00, 23.66, 48.57
2020-10-28, 00:29:02, 23.67, 48.54
2020-10-28, 00:29:03, 23.68, 48.54
2020-10-28, 00:29:04, 23.68, 48.54
2020-10-28, 00:29:06, 23.67, 48.57
2020-10-28, 00:29:07, 23.68, 48.54
2020-10-28, 00:29:08, 23.68, 48.57
2020-10-28, 00:29:10, 23.68, 48.54
2020-10-28, 00:29:11, 23.69, 48.54
2020-10-28, 00:29:12, 23.68, 48.57
2020-10-28, 00:29:14, 23.7, 48.54
2020-10-28, 00:29:15, 23.68, 48.57
2020-10-28, 00:29:16, 23.68, 48.57
2020-10-28, 00:29:18, 23.69, 48.54
2020-10-28, 00:29:19, 23.69, 48.57
2020-10-28, 00:29:21, 23.69, 48.54
2020-10-28, 00:29:22, 23.69, 48.57
2020-10-28, 00:29:23, 23.69, 48.57
2020-10-28, 00:29:25, 23.69, 48.57
2020-10-28, 00:29:26, 23.7, 48.54
2020-10-28, 00:29:27, 23.7, 48.54
2020-10-28, 00:29:29, 23.71, 48.58
2020-10-28, 00:29:30, 23.7, 48.54
2020-10-28, 00:29:31, 23.7, 48.54
2020-10-28, 00:29:33, 23.7, 48.54
2020-10-28, 00:29:34, 23.69, 48.54
2020-10-28, 00:29:36, 23.62, 48.57
2020-10-28, 00:29:37, 23.68, 48.57
2020-10-28, 00:29:38, 23.7, 48.58
2020-10-28, 00:29:40, 23.71, 48.55
2020-10-28, 00:29:41, 23.7, 48.54
2020-10-28, 00:29:42, 23.7, 48.58
2020-10-28, 00:29:44, 23.7, 48.54
2020-10-28, 00:29:45, 23.7, 48.58
2020-10-28, 00:29:47, 23.69, 48.57
2020-10-28, 00:29:48, 23.7, 48.54
2020-10-28, 00:29:49, 23.68, 48.57
2020-10-28, 00:29:51, 23.7, 48.54
2020-10-28, 00:29:52, 23.69, 48.54
2020-10-28, 00:29:53, 23.7, 48.58
2020-10-28, 00:29:55, 23.7, 48.58
2020-10-28, 00:29:56, 23.69, 48.54
2020-10-28, 00:29:57, 23.69, 48.54
2020-10-28, 00:29:59, 23.7, 48.54
2020-10-28, 00:30:00, 23.69, 48.57
2020-10-28, 00:30:01, 23.69, 48.57
2020-10-28, 00:30:03, 23.7, 48.54
2020-10-28, 00:30:04, 23.69, 48.54
2020-10-28, 00:30:06, 23.69, 48.57
2020-10-28, 00:30:07, 23.68, 48.54
2020-10-28, 00:30:08, 23.67, 48.54
2020-10-28, 00:30:10, 23.69, 48.57
2020-10-28, 00:30:11, 23.69, 48.57
2020-10-28, 00:30:12, 23.69, 48.57
2020-10-28, 00:30:14, 23.69, 48.57
2020-10-28, 00:30:15, 23.69, 48.57
2020-10-28, 00:30:17, 23.7, 48.58
2020-10-28, 00:30:18, 23.68, 48.54
2020-10-28, 00:30:19, 23.69, 48.54
2020-10-28, 00:30:21, 23.68, 48.54
2020-10-28, 00:30:22, 23.7, 48.54
2020-10-28, 00:30:23, 23.68, 48.54
2020-10-28, 00:30:25, 23.7, 48.54
2020-10-28, 00:30:26, 23.7, 48.54
2020-10-28, 00:30:27, 23.7, 48.54
2020-10-28, 00:30:29, 23.7, 48.54
2020-10-28, 00:30:30, 23.71, 48.55
2020-10-28, 00:30:31, 23.72, 48.55
2020-10-28, 00:30:33, 23.7, 48.54
2020-10-28, 00:30:34, 23.68, 48.54
2020-10-28, 00:30:36, 23.7, 48.54
2020-10-28, 00:30:37, 23.7, 48.54
2020-10-28, 00:30:38, 23.69, 48.54
2020-10-28, 00:30:40, 23.71, 48.55
2020-10-28, 00:30:41, 23.7, 48.54
2020-10-28, 00:30:42, 23.7, 48.54
2020-10-28, 00:30:44, 23.7, 48.54
2020-10-28, 00:30:45, 23.7, 48.54
2020-10-28, 00:30:46, 23.71, 48.55
2020-10-28, 00:30:48, 23.71, 48.55
2020-10-28, 00:30:49, 23.71, 48.55
2020-10-28, 00:30:51, 23.7, 48.54
2020-10-28, 00:30:52, 23.7, 48.54
2020-10-28, 00:30:53, 23.7, 48.54
2020-10-28, 00:30:55, 23.7, 48.54
2020-10-28, 00:30:56, 23.69, 48.54
2020-10-28, 00:30:57, 23.71, 48.55
2020-10-28, 00:30:59, 23.71, 48.55
2020-10-28, 00:31:00, 23.69, 48.54
2020-10-28, 00:31:01, 23.7, 48.54
2020-10-28, 00:31:03, 23.7, 48.54
2020-10-28, 00:31:04, 23.7, 48.54
2020-10-28, 00:31:05, 23.7, 48.54
2020-10-28, 00:31:07, 23.71, 48.55
2020-10-28, 00:31:08, 23.71, 48.55
2020-10-28, 00:31:10, 23.72, 48.55
2020-10-28, 00:31:11, 23.72, 48.58
2020-10-28, 00:31:12, 23.7, 48.54
2020-10-28, 00:31:14, 23.7, 48.54
2020-10-28, 00:31:15, 23.71, 48.55
2020-10-28, 00:31:16, 23.71, 48.55
2020-10-28, 00:31:18, 23.71, 48.55
2020-10-28, 00:31:19, 23.69, 48.54
2020-10-28, 00:31:20, 23.7, 48.54
2020-10-28, 00:31:22, 23.69, 48.54
2020-10-28, 00:31:23, 23.7, 48.54
2020-10-28, 00:31:24, 23.72, 48.55
2020-10-28, 00:31:26, 23.71, 48.58
2020-10-28, 00:31:27, 23.7, 48.54
2020-10-28, 00:31:29, 23.71, 48.55
2020-10-28, 00:31:30, 23.71, 48.58
2020-10-28, 00:31:31, 23.7, 48.58
2020-10-28, 00:31:33, 23.7, 48.58
2020-10-28, 00:31:34, 23.7, 48.58
2020-10-28, 00:31:35, 23.69, 48.57
2020-10-28, 00:31:37, 23.71, 48.58
2020-10-28, 00:31:38, 23.7, 48.61
2020-10-28, 00:31:39, 23.7, 48.61
2020-10-28, 00:31:41, 23.68, 48.57
2020-10-28, 00:31:42, 23.7, 48.61
2020-10-28, 00:31:43, 23.7, 48.61
2020-10-28, 00:31:45, 23.71, 48.61
2020-10-28, 00:31:46, 23.71, 48.61
2020-10-28, 00:31:48, 23.7, 48.61
2020-10-28, 00:31:49, 23.7, 48.61
2020-10-28, 00:31:50, 23.71, 48.61
2020-10-28, 00:31:52, 23.7, 48.61
2020-10-28, 00:31:53, 23.71, 48.61
2020-10-28, 00:31:54, 23.69, 48.61
2020-10-28, 00:31:56, 23.71, 48.61
2020-10-28, 00:31:57, 23.71, 48.61
2020-10-28, 00:31:58, 23.7, 48.61
2020-10-28, 00:32:00, 23.72, 48.61
2020-10-28, 00:32:01, 23.72, 48.61
2020-10-28, 00:32:02, 23.72, 48.58
2020-10-28, 00:32:04, 23.72, 48.61
2020-10-28, 00:32:05, 23.71, 48.61
2020-10-28, 00:32:06, 23.7, 48.61
2020-10-28, 00:32:08, 23.71, 48.61
2020-10-28, 00:32:09, 23.72, 48.61
2020-10-28, 00:32:11, 23.69, 48.61
2020-10-28, 00:32:12, 23.7, 48.61
2020-10-28, 00:32:13, 23.71, 48.61
2020-10-28, 00:32:15, 23.71, 48.61
2020-10-28, 00:32:16, 23.71, 48.61
2020-10-28, 00:32:17, 23.7, 48.61
2020-10-28, 00:32:19, 23.72, 48.61
2020-10-28, 00:32:20, 23.72, 48.61
2020-10-28, 00:32:21, 23.72, 48.58
2020-10-28, 00:32:23, 23.72, 48.61
2020-10-28, 00:32:24, 23.72, 48.61
2020-10-28, 00:32:25, 23.73, 48.61
2020-10-28, 00:32:27, 23.72, 48.61
2020-10-28, 00:32:28, 23.72, 48.61
2020-10-28, 00:32:30, 23.72, 48.58
2020-10-28, 00:32:31, 23.72, 48.61
2020-10-28, 00:32:32, 23.72, 48.61
2020-10-28, 00:32:34, 23.73, 48.58
2020-10-28, 00:32:35, 23.72, 48.61
2020-10-28, 00:32:36, 23.72, 48.61
2020-10-28, 00:32:38, 23.72, 48.61
2020-10-28, 00:32:39, 23.72, 48.61
2020-10-28, 00:32:40, 23.72, 48.61
2020-10-28, 00:32:42, 23.71, 48.61
2020-10-28, 00:32:43, 23.7, 48.64
2020-10-28, 00:32:44, 23.71, 48.61
2020-10-28, 00:32:46, 23.71, 48.64
2020-10-28, 00:32:47, 23.71, 48.64
2020-10-28, 00:32:49, 23.7, 48.61
2020-10-28, 00:32:50, 23.71, 48.64
2020-10-28, 00:32:51, 23.72, 48.64
2020-10-28, 00:32:53, 23.72, 48.64
2020-10-28, 00:32:54, 23.73, 48.64
2020-10-28, 00:32:55, 23.72, 48.64
2020-10-28, 00:32:57, 23.71, 48.64
2020-10-28, 00:32:58, 23.72, 48.64
2020-10-28, 00:32:59, 23.72, 48.64
2020-10-28, 00:33:01, 23.71, 48.64
2020-10-28, 00:33:02, 23.71, 48.64
2020-10-28, 00:33:03, 23.72, 48.64
2020-10-28, 00:33:05, 23.72, 48.61
2020-10-28, 00:33:06, 23.7, 48.61
2020-10-28, 00:33:08, 23.72, 48.61
2020-10-28, 00:33:09, 23.7, 48.61
2020-10-28, 00:33:10, 23.72, 48.64
2020-10-28, 00:33:12, 23.72, 48.64
2020-10-28, 00:33:13, 23.71, 48.61
2020-10-28, 00:33:14, 23.72, 48.61
2020-10-28, 00:33:16, 23.71, 48.61
2020-10-28, 00:33:17, 23.71, 48.61
2020-10-28, 00:33:18, 23.72, 48.61
2020-10-28, 00:33:20, 23.71, 48.61
2020-10-28, 00:33:21, 23.71, 48.64
2020-10-28, 00:33:22, 23.72, 48.61
2020-10-28, 00:33:24, 23.73, 48.61
2020-10-28, 00:33:25, 23.72, 48.61
2020-10-28, 00:33:27, 23.71, 48.61
2020-10-28, 00:33:28, 23.72, 48.64
2020-10-28, 00:33:29, 23.73, 48.68
2020-10-28, 00:33:31, 23.72, 48.64
2020-10-28, 00:33:32, 23.72, 48.67
2020-10-28, 00:33:33, 23.73, 48.68
2020-10-28, 00:33:35, 23.71, 48.64
2020-10-28, 00:33:36, 23.72, 48.67
2020-10-28, 00:33:37, 23.73, 48.68
2020-10-28, 00:33:39, 23.72, 48.67
2020-10-28, 00:33:40, 23.73, 48.68
2020-10-28, 00:33:41, 23.72, 48.67
2020-10-28, 00:33:43, 23.72, 48.67
2020-10-28, 00:33:44, 23.72, 48.67
2020-10-28, 00:33:46, 23.72, 48.67
2020-10-28, 00:33:47, 23.73, 48.68
2020-10-28, 00:33:48, 23.72, 48.67
2020-10-28, 00:33:50, 23.72, 48.67
2020-10-28, 00:33:51, 23.72, 48.67
2020-10-28, 00:33:52, 23.72, 48.67
2020-10-28, 00:33:54, 23.72, 48.67
2020-10-28, 00:33:55, 23.73, 48.68
2020-10-28, 00:33:56, 23.72, 48.64
2020-10-28, 00:33:58, 23.71, 48.67
2020-10-28, 00:33:59, 23.72, 48.67
2020-10-28, 00:34:00, 23.72, 48.67
2020-10-28, 00:34:02, 23.74, 48.68
2020-10-28, 00:34:03, 23.72, 48.71
2020-10-28, 00:34:05, 23.73, 48.68
2020-10-28, 00:34:06, 23.72, 48.71
2020-10-28, 00:34:07, 23.73, 48.71
2020-10-28, 00:34:09, 23.74, 48.71
2020-10-28, 00:34:10, 23.72, 48.67
2020-10-28, 00:34:11, 23.73, 48.68
2020-10-28, 00:34:13, 23.73, 48.68
2020-10-28, 00:34:14, 23.72, 48.67
2020-10-28, 00:34:15, 23.73, 48.68
2020-10-28, 00:34:17, 23.72, 48.67
2020-10-28, 00:34:18, 23.72, 48.67
2020-10-28, 00:34:19, 23.73, 48.68
2020-10-28, 00:34:21, 23.72, 48.71
2020-10-28, 00:34:22, 23.72, 48.71
2020-10-28, 00:34:23, 23.72, 48.71
2020-10-28, 00:34:25, 23.73, 48.71
2020-10-28, 00:34:26, 23.71, 48.67
2020-10-28, 00:34:28, 23.72, 48.71
2020-10-28, 00:34:29, 23.73, 48.71
2020-10-28, 00:34:30, 23.73, 48.74
2020-10-28, 00:34:32, 23.74, 48.71
2020-10-28, 00:34:33, 23.75, 48.71
2020-10-28, 00:34:34, 23.74, 48.68
2020-10-28, 00:34:36, 23.74, 48.71
2020-10-28, 00:34:37, 23.73, 48.71
2020-10-28, 00:34:38, 23.74, 48.71
2020-10-28, 00:34:40, 23.74, 48.71
2020-10-28, 00:34:41, 23.74, 48.71
2020-10-28, 00:34:42, 23.74, 48.68
2020-10-28, 00:34:44, 23.74, 48.68
2020-10-28, 00:34:45, 23.74, 48.68
2020-10-28, 00:34:47, 23.75, 48.68
2020-10-28, 00:34:48, 23.75, 48.68
2020-10-28, 00:34:49, 23.75, 48.71
2020-10-28, 00:34:51, 23.75, 48.74
2020-10-28, 00:34:52, 23.74, 48.74
2020-10-28, 00:34:53, 23.74, 48.74
2020-10-28, 00:34:55, 23.74, 48.71
2020-10-28, 00:34:56, 23.74, 48.71
2020-10-28, 00:34:57, 23.74, 48.71
2020-10-28, 00:34:59, 23.74, 48.71
2020-10-28, 00:35:00, 23.73, 48.71
2020-10-28, 00:35:01, 23.74, 48.71
2020-10-28, 00:35:03, 23.74, 48.74
2020-10-28, 00:35:04, 23.73, 48.71
2020-10-28, 00:35:05, 23.76, 48.71
2020-10-28, 00:35:07, 23.74, 48.74
2020-10-28, 00:35:08, 23.72, 48.74
2020-10-28, 00:35:10, 23.74, 48.74
2020-10-28, 00:35:11, 23.74, 48.74
2020-10-28, 00:35:12, 23.74, 48.74
2020-10-28, 00:35:14, 23.74, 48.74
2020-10-28, 00:35:15, 23.75, 48.77
2020-10-28, 00:35:16, 23.74, 48.77
2020-10-28, 00:35:18, 23.74, 48.77
2020-10-28, 00:35:19, 23.72, 48.77
2020-10-28, 00:35:20, 23.74, 48.77
2020-10-28, 00:35:22, 23.74, 48.8
2020-10-28, 00:35:23, 23.74, 48.77
2020-10-28, 00:35:24, 23.73, 48.8
2020-10-28, 00:35:26, 23.75, 48.81
2020-10-28, 00:35:27, 23.74, 48.77
2020-10-28, 00:35:29, 23.75, 48.77
2020-10-28, 00:35:30, 23.75, 48.77
2020-10-28, 00:35:31, 23.75, 48.81
2020-10-28, 00:35:33, 23.74, 48.77
2020-10-28, 00:35:34, 23.75, 48.77
2020-10-28, 00:35:35, 23.74, 48.77
2020-10-28, 00:35:37, 23.74, 48.77
2020-10-28, 00:35:38, 23.74, 48.77
2020-10-28, 00:35:39, 23.73, 48.74
2020-10-28, 00:35:41, 23.73, 48.74
2020-10-28, 00:35:42, 23.74, 48.74
2020-10-28, 00:35:43, 23.74, 48.74
2020-10-28, 00:35:45, 23.74, 48.77
2020-10-28, 00:35:46, 23.72, 48.74
2020-10-28, 00:35:48, 23.74, 48.77
2020-10-28, 00:35:49, 23.73, 48.77
2020-10-28, 00:35:50, 23.74, 48.8
2020-10-28, 00:35:52, 23.74, 48.8
2020-10-28, 00:35:53, 23.73, 48.8
2020-10-28, 00:35:54, 23.72, 48.8
2020-10-28, 00:35:56, 23.72, 48.8
2020-10-28, 00:35:57, 23.72, 48.8
2020-10-28, 00:35:58, 23.73, 48.77
2020-10-28, 00:36:00, 23.73, 48.77
2020-10-28, 00:36:01, 23.72, 48.77
2020-10-28, 00:36:02, 23.73, 48.77
2020-10-28, 00:36:04, 23.74, 48.8
2020-10-28, 00:36:05, 23.74, 48.77
2020-10-28, 00:36:06, 23.73, 48.77
2020-10-28, 00:36:08, 23.72, 48.8
2020-10-28, 00:36:09, 23.73, 48.77
2020-10-28, 00:36:11, 23.74, 48.77
2020-10-28, 00:36:12, 23.73, 48.77
2020-10-28, 00:36:13, 23.73, 48.8
2020-10-28, 00:36:15, 23.74, 48.8
2020-10-28, 00:36:16, 23.74, 48.77
2020-10-28, 00:36:17, 23.74, 48.8
2020-10-28, 00:36:19, 23.73, 48.8
2020-10-28, 00:36:20, 23.75, 48.81
2020-10-28, 00:36:21, 23.74, 48.8
2020-10-28, 00:36:23, 23.73, 48.8
2020-10-28, 00:36:24, 23.73, 48.8
2020-10-28, 00:36:25, 23.75, 48.81
2020-10-28, 00:36:27, 23.76, 48.81
2020-10-28, 00:36:28, 23.75, 48.81
2020-10-28, 00:36:30, 23.76, 48.81
2020-10-28, 00:36:31, 23.75, 48.81
2020-10-28, 00:36:32, 23.75, 48.81
2020-10-28, 00:36:34, 23.74, 48.8
2020-10-28, 00:36:35, 23.75, 48.81
2020-10-28, 00:36:36, 23.74, 48.8
2020-10-28, 00:36:38, 23.75, 48.81
2020-10-28, 00:36:39, 23.75, 48.81
2020-10-28, 00:36:40, 23.76, 48.81
2020-10-28, 00:36:42, 23.75, 48.81
2020-10-28, 00:36:43, 23.76, 48.81
2020-10-28, 00:36:44, 23.76, 48.77
2020-10-28, 00:36:46, 23.76, 48.77
2020-10-28, 00:36:47, 23.75, 48.77
2020-10-28, 00:36:49, 23.74, 48.77
2020-10-28, 00:36:50, 23.76, 48.77
2020-10-28, 00:36:51, 23.76, 48.77
2020-10-28, 00:36:53, 23.76, 48.77
2020-10-28, 00:36:54, 23.76, 48.77
2020-10-28, 00:36:55, 23.76, 48.77
2020-10-28, 00:36:57, 23.76, 48.81
2020-10-28, 00:36:58, 23.76, 48.81
2020-10-28, 00:36:59, 23.77, 48.78
2020-10-28, 00:37:01, 23.78, 48.78
2020-10-28, 00:37:02, 23.75, 48.77
2020-10-28, 00:37:03, 23.76, 48.81
2020-10-28, 00:37:05, 23.77, 48.81
2020-10-28, 00:37:06, 23.77, 48.81
2020-10-28, 00:37:08, 23.77, 48.81
2020-10-28, 00:37:09, 23.77, 48.78
2020-10-28, 00:37:10, 23.77, 48.78
2020-10-28, 00:37:12, 23.77, 48.78
2020-10-28, 00:37:13, 23.77, 48.78
2020-10-28, 00:37:14, 23.77, 48.78
2020-10-28, 00:37:16, 23.77, 48.78
2020-10-28, 00:37:17, 23.76, 48.81
2020-10-28, 00:37:18, 23.77, 48.78
2020-10-28, 00:37:20, 23.77, 48.78
2020-10-28, 00:37:21, 23.76, 48.77
2020-10-28, 00:37:22, 23.76, 48.81
2020-10-28, 00:37:24, 23.78, 48.78
2020-10-28, 00:37:25, 23.76, 48.81
2020-10-28, 00:37:26, 23.76, 48.81
2020-10-28, 00:37:28, 23.76, 48.81
2020-10-28, 00:37:29, 23.76, 48.81
2020-10-28, 00:37:31, 23.76, 48.81
2020-10-28, 00:37:32, 23.77, 48.81
2020-10-28, 00:37:33, 23.76, 48.81
2020-10-28, 00:37:35, 23.76, 48.77
2020-10-28, 00:37:36, 23.76, 48.81
2020-10-28, 00:37:37, 23.77, 48.78
2020-10-28, 00:37:39, 23.75, 48.77
2020-10-28, 00:37:40, 23.75, 48.77
2020-10-28, 00:37:41, 23.76, 48.77
2020-10-28, 00:37:43, 23.76, 48.77
2020-10-28, 00:37:44, 23.76, 48.81
2020-10-28, 00:37:45, 23.75, 48.77
2020-10-28, 00:37:47, 23.76, 48.81
2020-10-28, 00:37:48, 23.76, 48.81
2020-10-28, 00:37:50, 23.78, 48.78
2020-10-28, 00:37:51, 23.76, 48.77
2020-10-28, 00:37:52, 23.76, 48.77
2020-10-28, 00:37:54, 23.78, 48.75
2020-10-28, 00:37:55, 23.76, 48.77
2020-10-28, 00:37:56, 23.78, 48.78
2020-10-28, 00:37:58, 23.78, 48.78
2020-10-28, 00:37:59, 23.78, 48.78
2020-10-28, 00:38:00, 23.78, 48.78
2020-10-28, 00:38:02, 23.78, 48.78
2020-10-28, 00:38:03, 23.78, 48.78
2020-10-28, 00:38:04, 23.76, 48.77
2020-10-28, 00:38:06, 23.77, 48.81
2020-10-28, 00:38:07, 23.79, 48.81
2020-10-28, 00:38:09, 23.78, 48.81
2020-10-28, 00:38:10, 23.78, 48.81
2020-10-28, 00:38:11, 23.78, 48.81
2020-10-28, 00:38:13, 23.78, 48.78
2020-10-28, 00:38:14, 23.79, 48.81
2020-10-28, 00:38:15, 23.79, 48.78
2020-10-28, 00:38:17, 23.78, 48.81
2020-10-28, 00:38:18, 23.79, 48.78
2020-10-28, 00:38:19, 23.78, 48.81
2020-10-28, 00:38:21, 23.77, 48.78
2020-10-28, 00:38:22, 23.79, 48.78
2020-10-28, 00:38:23, 23.78, 48.78
2020-10-28, 00:38:25, 23.78, 48.78
2020-10-28, 00:38:26, 23.78, 48.78
2020-10-28, 00:38:28, 23.8, 48.78
2020-10-28, 00:38:29, 23.8, 48.75
2020-10-28, 00:38:30, 23.79, 48.78
2020-10-28, 00:38:32, 23.78, 48.78
2020-10-28, 00:38:33, 23.79, 48.78
2020-10-28, 00:38:34, 23.79, 48.78
2020-10-28, 00:38:36, 23.77, 48.81
2020-10-28, 00:38:37, 23.79, 48.81
2020-10-28, 00:38:38, 23.79, 48.81
2020-10-28, 00:38:40, 23.8, 48.81
2020-10-28, 00:38:41, 23.8, 48.81
2020-10-28, 00:38:43, 23.78, 48.81
2020-10-28, 00:38:44, 23.8, 48.81
2020-10-28, 00:38:45, 23.78, 48.81
2020-10-28, 00:38:47, 23.8, 48.81
2020-10-28, 00:38:48, 23.8, 48.81
2020-10-28, 00:38:49, 23.8, 48.81
2020-10-28, 00:38:51, 23.8, 48.81
2020-10-28, 00:38:52, 23.79, 48.81
2020-10-28, 00:38:53, 23.8, 48.81
2020-10-28, 00:38:55, 23.79, 48.81
2020-10-28, 00:38:56, 23.81, 48.81
2020-10-28, 00:38:57, 23.8, 48.78
2020-10-28, 00:38:59, 23.81, 48.78
2020-10-28, 00:39:00, 23.81, 48.78
2020-10-28, 00:39:01, 23.8, 48.78
2020-10-28, 00:39:03, 23.8, 48.78
2020-10-28, 00:39:04, 23.8, 48.75
2020-10-28, 00:39:06, 23.8, 48.81
2020-10-28, 00:39:07, 23.8, 48.78
2020-10-28, 00:39:08, 23.8, 48.78
2020-10-28, 00:39:10, 23.8, 48.78
2020-10-28, 00:39:11, 23.81, 48.78
2020-10-28, 00:39:12, 23.8, 48.78
2020-10-28, 00:39:14, 23.79, 48.78
2020-10-28, 00:39:15, 23.8, 48.78
2020-10-28, 00:39:16, 23.8, 48.78
2020-10-28, 00:39:18, 23.8, 48.75
2020-10-28, 00:39:19, 23.81, 48.75
2020-10-28, 00:39:20, 23.8, 48.75
2020-10-28, 00:39:22, 23.8, 48.78
2020-10-28, 00:39:23, 23.8, 48.78
2020-10-28, 00:39:25, 23.77, 48.74
2020-10-28, 00:39:26, 23.8, 48.78
2020-10-28, 00:39:27, 23.8, 48.78
2020-10-28, 00:39:29, 23.8, 48.78
2020-10-28, 00:39:30, 23.8, 48.81
2020-10-28, 00:39:31, 23.78, 48.81
2020-10-28, 00:39:33, 23.8, 48.78
2020-10-28, 00:39:34, 23.79, 48.78
2020-10-28, 00:39:35, 23.79, 48.78
2020-10-28, 00:39:37, 23.8, 48.78
2020-10-28, 00:39:38, 23.8, 48.78
2020-10-28, 00:39:39, 23.8, 48.78
2020-10-28, 00:39:41, 23.8, 48.78
2020-10-28, 00:39:42, 23.79, 48.78
2020-10-28, 00:39:43, 23.79, 48.78
2020-10-28, 00:39:45, 23.8, 48.78
2020-10-28, 00:39:46, 23.79, 48.78
2020-10-28, 00:39:48, 23.78, 48.81
2020-10-28, 00:39:49, 23.78, 48.81
2020-10-28, 00:39:50, 23.78, 48.81
2020-10-28, 00:39:52, 23.79, 48.81
2020-10-28, 00:39:53, 23.78, 48.81
2020-10-28, 00:39:54, 23.77, 48.81
2020-10-28, 00:39:56, 23.78, 48.81
2020-10-28, 00:39:57, 23.78, 48.81
2020-10-28, 00:39:58, 23.79, 48.81
2020-10-28, 00:40:00, 23.78, 48.81
2020-10-28, 00:40:01, 23.78, 48.81
2020-10-28, 00:40:02, 23.78, 48.81
2020-10-28, 00:40:04, 23.78, 48.81
2020-10-28, 00:40:05, 23.79, 48.81
2020-10-28, 00:40:07, 23.8, 48.81
2020-10-28, 00:40:08, 23.78, 48.81
2020-10-28, 00:40:09, 23.78, 48.81
2020-10-28, 00:40:11, 23.78, 48.81
2020-10-28, 00:40:12, 23.79, 48.78
2020-10-28, 00:40:13, 23.78, 48.81
2020-10-28, 00:40:15, 23.78, 48.81
2020-10-28, 00:40:16, 23.78, 48.81
2020-10-28, 00:40:17, 23.79, 48.81
2020-10-28, 00:40:19, 23.79, 48.78
2020-10-28, 00:40:20, 23.79, 48.81
2020-10-28, 00:40:21, 23.78, 48.81
2020-10-28, 00:40:23, 23.79, 48.81
2020-10-28, 00:40:24, 23.78, 48.81
2020-10-28, 00:40:25, 23.78, 48.81
2020-10-28, 00:40:27, 23.77, 48.78
2020-10-28, 00:40:28, 23.78, 48.78
2020-10-28, 00:40:30, 23.77, 48.78
2020-10-28, 00:40:31, 23.79, 48.81
2020-10-28, 00:40:32, 23.79, 48.81
2020-10-28, 00:40:34, 23.78, 48.81
2020-10-28, 00:40:35, 23.79, 48.81
2020-10-28, 00:40:36, 23.78, 48.81
2020-10-28, 00:40:38, 23.78, 48.81
2020-10-28, 00:40:39, 23.79, 48.78
2020-10-28, 00:40:40, 23.78, 48.81
2020-10-28, 00:40:42, 23.79, 48.81
2020-10-28, 00:40:43, 23.78, 48.81
2020-10-28, 00:40:44, 23.78, 48.81
2020-10-28, 00:40:46, 23.78, 48.78
2020-10-28, 00:40:47, 23.79, 48.78
2020-10-28, 00:40:49, 23.78, 48.78
2020-10-28, 00:40:50, 23.78, 48.78
2020-10-28, 00:40:51, 23.75, 48.77
2020-10-28, 00:40:53, 23.77, 48.81
2020-10-28, 00:40:54, 23.79, 48.81
2020-10-28, 00:40:55, 23.8, 48.78
2020-10-28, 00:40:57, 23.78, 48.78
2020-10-28, 00:40:58, 23.79, 48.78
2020-10-28, 00:40:59, 23.79, 48.78
2020-10-28, 00:41:01, 23.8, 48.81
2020-10-28, 00:41:02, 23.8, 48.78
2020-10-28, 00:41:04, 23.8, 48.78
2020-10-28, 00:41:05, 23.78, 48.78
2020-10-28, 00:41:06, 23.79, 48.78
2020-10-28, 00:41:08, 23.78, 48.75
2020-10-28, 00:41:09, 23.79, 48.78
2020-10-28, 00:41:10, 23.78, 48.78
2020-10-28, 00:41:12, 23.81, 48.78
2020-10-28, 00:41:13, 23.8, 48.75
2020-10-28, 00:41:14, 23.8, 48.78
2020-10-28, 00:41:16, 23.8, 48.75
2020-10-28, 00:41:17, 23.79, 48.75
2020-10-28, 00:41:18, 23.79, 48.75
2020-10-28, 00:41:20, 23.81, 48.78
2020-10-28, 00:41:21, 23.8, 48.75
2020-10-28, 00:41:22, 23.81, 48.75
2020-10-28, 00:41:24, 23.8, 48.75
2020-10-28, 00:41:25, 23.8, 48.75
2020-10-28, 00:41:27, 23.8, 48.75
2020-10-28, 00:41:28, 23.81, 48.75
2020-10-28, 00:41:29, 23.8, 48.75
2020-10-28, 00:41:31, 23.8, 48.75
2020-10-28, 00:41:32, 23.8, 48.75
2020-10-28, 00:41:33, 23.8, 48.75
2020-10-28, 00:41:35, 23.8, 48.75
2020-10-28, 00:41:36, 23.8, 48.75
2020-10-28, 00:41:37, 23.78, 48.75
2020-10-28, 00:41:39, 23.8, 48.75
2020-10-28, 00:41:40, 23.79, 48.75
2020-10-28, 00:41:41, 23.79, 48.75
2020-10-28, 00:41:43, 23.82, 48.75
2020-10-28, 00:41:44, 23.8, 48.75
2020-10-28, 00:41:46, 23.8, 48.75
2020-10-28, 00:41:47, 23.8, 48.75
2020-10-28, 00:41:48, 23.8, 48.75
2020-10-28, 00:41:50, 23.8, 48.75
2020-10-28, 00:41:51, 23.8, 48.75
2020-10-28, 00:41:52, 23.8, 48.75
2020-10-28, 00:41:54, 23.8, 48.75
2020-10-28, 00:41:55, 23.8, 48.75
2020-10-28, 00:41:56, 23.81, 48.75
2020-10-28, 00:41:58, 23.8, 48.75
2020-10-28, 00:41:59, 23.8, 48.75
2020-10-28, 00:42:00, 23.8, 48.75
2020-10-28, 00:42:02, 23.79, 48.75
2020-10-28, 00:42:03, 23.8, 48.75
2020-10-28, 00:42:04, 23.81, 48.75
2020-10-28, 00:42:06, 23.8, 48.75
2020-10-28, 00:42:07, 23.8, 48.75
2020-10-28, 00:42:09, 23.81, 48.75
2020-10-28, 00:42:10, 23.8, 48.75
2020-10-28, 00:42:11, 23.79, 48.75
2020-10-28, 00:42:13, 23.8, 48.75
2020-10-28, 00:42:14, 23.79, 48.75
2020-10-28, 00:42:15, 23.8, 48.75
2020-10-28, 00:42:17, 23.78, 48.75
2020-10-28, 00:42:18, 23.8, 48.75
2020-10-28, 00:42:19, 23.8, 48.75
2020-10-28, 00:42:21, 23.8, 48.78
2020-10-28, 00:42:22, 23.8, 48.75
2020-10-28, 00:42:23, 23.8, 48.75
2020-10-28, 00:42:25, 23.8, 48.75
2020-10-28, 00:42:26, 23.79, 48.75
2020-10-28, 00:42:28, 23.77, 48.74
2020-10-28, 00:42:29, 23.8, 48.75
2020-10-28, 00:42:30, 23.8, 48.75
2020-10-28, 00:42:32, 23.78, 48.75
2020-10-28, 00:42:33, 23.79, 48.75
2020-10-28, 00:42:34, 23.79, 48.75
2020-10-28, 00:42:36, 23.8, 48.75
2020-10-28, 00:42:37, 23.79, 48.75
2020-10-28, 00:42:38, 23.8, 48.75
2020-10-28, 00:42:40, 23.79, 48.75
2020-10-28, 00:42:41, 23.79, 48.75
2020-10-28, 00:42:42, 23.78, 48.75
2020-10-28, 00:42:44, 23.78, 48.75
2020-10-28, 00:42:45, 23.79, 48.75
2020-10-28, 00:42:47, 23.78, 48.75
2020-10-28, 00:42:48, 23.78, 48.75
2020-10-28, 00:42:49, 23.79, 48.78
2020-10-28, 00:42:51, 23.79, 48.75
2020-10-28, 00:42:52, 23.79, 48.75
2020-10-28, 00:42:53, 23.8, 48.78
2020-10-28, 00:42:55, 23.77, 48.78
2020-10-28, 00:42:56, 23.79, 48.78
2020-10-28, 00:42:57, 23.78, 48.78
2020-10-28, 00:42:59, 23.76, 48.74
2020-10-28, 00:43:00, 23.77, 48.74
2020-10-28, 00:43:02, 23.78, 48.75
2020-10-28, 00:43:03, 23.78, 48.75
2020-10-28, 00:43:04, 23.77, 48.74
2020-10-28, 00:43:06, 23.77, 48.74
2020-10-28, 00:43:07, 23.78, 48.75
2020-10-28, 00:43:08, 23.78, 48.75
2020-10-28, 00:43:10, 23.79, 48.75
2020-10-28, 00:43:11, 23.78, 48.75
2020-10-28, 00:43:12, 23.78, 48.75
2020-10-28, 00:43:14, 23.78, 48.75
2020-10-28, 00:43:15, 23.79, 48.75
2020-10-28, 00:43:16, 23.77, 48.74
2020-10-28, 00:43:18, 23.78, 48.75
2020-10-28, 00:43:19, 23.8, 48.75
2020-10-28, 00:43:21, 23.8, 48.75
2020-10-28, 00:43:22, 23.78, 48.75
2020-10-28, 00:43:23, 23.79, 48.75
2020-10-28, 00:43:25, 23.77, 48.74
2020-10-28, 00:43:26, 23.78, 48.78
2020-10-28, 00:43:27, 23.77, 48.78
2020-10-28, 00:43:29, 23.78, 48.78
2020-10-28, 00:43:30, 23.77, 48.78
2020-10-28, 00:43:31, 23.78, 48.75
2020-10-28, 00:43:33, 23.77, 48.78
2020-10-28, 00:43:34, 23.77, 48.78
2020-10-28, 00:43:35, 23.75, 48.77
2020-10-28, 00:43:37, 23.78, 48.78
2020-10-28, 00:43:38, 23.78, 48.78
2020-10-28, 00:43:40, 23.77, 48.78
2020-10-28, 00:43:41, 23.78, 48.78
2020-10-28, 00:43:42, 23.78, 48.78
2020-10-28, 00:43:44, 23.76, 48.77
2020-10-28, 00:43:45, 23.78, 48.81
2020-10-28, 00:43:46, 23.78, 48.81
2020-10-28, 00:43:48, 23.77, 48.78
2020-10-28, 00:43:49, 23.77, 48.81
2020-10-28, 00:43:50, 23.76, 48.81
2020-10-28, 00:43:52, 23.78, 48.78
2020-10-28, 00:43:53, 23.77, 48.78
2020-10-28, 00:43:54, 23.78, 48.81
2020-10-28, 00:43:56, 23.76, 48.77
2020-10-28, 00:43:57, 23.76, 48.81
2020-10-28, 00:43:59, 23.76, 48.77
2020-10-28, 00:44:00, 23.77, 48.81
2020-10-28, 00:44:01, 23.76, 48.81
2020-10-28, 00:44:03, 23.78, 48.81
2020-10-28, 00:44:04, 23.77, 48.78
2020-10-28, 00:44:05, 23.76, 48.81
2020-10-28, 00:44:07, 23.76, 48.81
2020-10-28, 00:44:08, 23.76, 48.77
2020-10-28, 00:44:09, 23.75, 48.81
2020-10-28, 00:44:11, 23.75, 48.81
2020-10-28, 00:44:12, 23.75, 48.81
2020-10-28, 00:44:13, 23.74, 48.8
2020-10-28, 00:44:15, 23.73, 48.8
2020-10-28, 00:44:16, 23.73, 48.8
2020-10-28, 00:44:18, 23.72, 48.8
2020-10-28, 00:44:19, 23.72, 48.8
2020-10-28, 00:44:20, 23.73, 48.8
2020-10-28, 00:44:22, 23.72, 48.8
2020-10-28, 00:44:23, 23.74, 48.84
2020-10-28, 00:44:24, 23.73, 48.8
2020-10-28, 00:44:26, 23.72, 48.83
2020-10-28, 00:44:27, 23.72, 48.83
2020-10-28, 00:44:28, 23.72, 48.83
2020-10-28, 00:44:30, 23.73, 48.83
2020-10-28, 00:44:31, 23.73, 48.8
2020-10-28, 00:44:32, 23.72, 48.83
2020-10-28, 00:44:34, 23.73, 48.83
2020-10-28, 00:44:35, 23.72, 48.83
2020-10-28, 00:44:37, 23.72, 48.83
2020-10-28, 00:44:38, 23.7, 48.83
2020-10-28, 00:44:39, 23.71, 48.86
2020-10-28, 00:44:41, 23.71, 48.86
2020-10-28, 00:44:42, 23.71, 48.86
2020-10-28, 00:44:43, 23.71, 48.86
2020-10-28, 00:44:45, 23.72, 48.86
2020-10-28, 00:44:46, 23.71, 48.86
2020-10-28, 00:44:47, 23.72, 48.86
2020-10-28, 00:44:49, 23.71, 48.86
2020-10-28, 00:44:50, 23.72, 48.86
2020-10-28, 00:44:52, 23.72, 48.86
2020-10-28, 00:44:53, 23.7, 48.86
2020-10-28, 00:44:54, 23.7, 48.86
2020-10-28, 00:44:56, 23.69, 48.86
2020-10-28, 00:44:57, 23.69, 48.86
2020-10-28, 00:44:58, 23.7, 48.86
2020-10-28, 00:45:00, 23.7, 48.86
2020-10-28, 00:45:01, 23.68, 48.86
2020-10-28, 00:45:02, 23.7, 48.86
2020-10-28, 00:45:04, 23.68, 48.86
2020-10-28, 00:45:05, 23.69, 48.86
2020-10-28, 00:45:06, 23.7, 48.86
2020-10-28, 00:45:08, 23.69, 48.86
2020-10-28, 00:45:09, 23.69, 48.86
2020-10-28, 00:45:11, 23.68, 48.86
2020-10-28, 00:45:12, 23.7, 48.86
2020-10-28, 00:45:13, 23.7, 48.89
2020-10-28, 00:45:15, 23.69, 48.92
2020-10-28, 00:45:16, 23.68, 48.86
2020-10-28, 00:45:17, 23.68, 48.89
2020-10-28, 00:45:19, 23.67, 48.89
2020-10-28, 00:45:20, 23.68, 48.89
2020-10-28, 00:45:21, 23.68, 48.92
2020-10-28, 00:45:23, 23.69, 48.89
2020-10-28, 00:45:24, 23.69, 48.89
2020-10-28, 00:45:25, 23.7, 48.93
2020-10-28, 00:45:27, 23.68, 48.92
2020-10-28, 00:45:28, 23.7, 48.93
2020-10-28, 00:45:30, 23.68, 48.92
2020-10-28, 00:45:31, 23.68, 48.89
2020-10-28, 00:45:32, 23.69, 48.89
2020-10-28, 00:45:34, 23.69, 48.89
2020-10-28, 00:45:35, 23.68, 48.89
2020-10-28, 00:45:36, 23.68, 48.89
2020-10-28, 00:45:38, 23.68, 48.92
2020-10-28, 00:45:39, 23.69, 48.89
2020-10-28, 00:45:40, 23.68, 48.92
2020-10-28, 00:45:42, 23.68, 48.92
2020-10-28, 00:45:43, 23.68, 48.92
2020-10-28, 00:45:44, 23.68, 48.92
2020-10-28, 00:45:46, 23.68, 48.92
2020-10-28, 00:45:47, 23.68, 48.89
2020-10-28, 00:45:48, 23.69, 48.92
2020-10-28, 00:45:50, 23.68, 48.92
2020-10-28, 00:45:51, 23.67, 48.92
2020-10-28, 00:45:53, 23.67, 48.89
2020-10-28, 00:45:54, 23.67, 48.92
2020-10-28, 00:45:55, 23.67, 48.92
2020-10-28, 00:45:57, 23.67, 48.92
2020-10-28, 00:45:58, 23.67, 48.92
2020-10-28, 00:45:59, 23.67, 48.92
2020-10-28, 00:46:01, 23.67, 48.92
2020-10-28, 00:46:02, 23.67, 48.92
2020-10-28, 00:46:03, 23.67, 48.92
2020-10-28, 00:46:05, 23.66, 48.92
2020-10-28, 00:46:06, 23.65, 48.92
2020-10-28, 00:46:07, 23.64, 48.92
2020-10-28, 00:46:09, 23.66, 48.92
2020-10-28, 00:46:10, 23.65, 48.92
2020-10-28, 00:46:11, 23.66, 48.92
2020-10-28, 00:46:13, 23.65, 48.92
2020-10-28, 00:46:14, 23.66, 48.92
2020-10-28, 00:46:16, 23.66, 48.92
2020-10-28, 00:46:17, 23.64, 48.95
2020-10-28, 00:46:18, 23.65, 48.92
2020-10-28, 00:46:20, 23.65, 48.92
2020-10-28, 00:46:21, 23.66, 48.92
2020-10-28, 00:46:22, 23.66, 48.92
2020-10-28, 00:46:24, 23.65, 48.92
2020-10-28, 00:46:25, 23.65, 48.95
2020-10-28, 00:46:26, 23.66, 48.95
2020-10-28, 00:46:28, 23.64, 48.95
2020-10-28, 00:46:29, 23.65, 48.92
2020-10-28, 00:46:30, 23.66, 48.92
2020-10-28, 00:46:32, 23.64, 48.95
2020-10-28, 00:46:33, 23.65, 48.95
2020-10-28, 00:46:35, 23.64, 48.92
2020-10-28, 00:46:36, 23.65, 48.95
2020-10-28, 00:46:37, 23.64, 48.95
2020-10-28, 00:46:39, 23.65, 48.95
2020-10-28, 00:46:40, 23.64, 48.95
2020-10-28, 00:46:41, 23.65, 48.95
2020-10-28, 00:46:43, 23.64, 48.95
2020-10-28, 00:46:44, 23.66, 48.95
2020-10-28, 00:46:45, 23.65, 48.92
2020-10-28, 00:46:47, 23.64, 48.95
2020-10-28, 00:46:48, 23.64, 48.95
2020-10-28, 00:46:50, 23.64, 48.95
2020-10-28, 00:46:51, 23.64, 48.92
2020-10-28, 00:46:52, 23.65, 48.92
2020-10-28, 00:46:54, 23.63, 48.92
2020-10-28, 00:46:55, 23.64, 48.92
2020-10-28, 00:46:56, 23.64, 48.92
2020-10-28, 00:46:58, 23.64, 48.92
2020-10-28, 00:46:59, 23.62, 48.92
2020-10-28, 00:47:00, 23.64, 48.92
2020-10-28, 00:47:02, 23.63, 48.92
2020-10-28, 00:47:03, 23.62, 48.92
2020-10-28, 00:47:04, 23.65, 48.92
2020-10-28, 00:47:06, 23.65, 48.92
2020-10-28, 00:47:07, 23.65, 48.95
2020-10-28, 00:47:08, 23.64, 48.95
2020-10-28, 00:47:10, 23.65, 48.95
2020-10-28, 00:47:11, 23.65, 48.95
2020-10-28, 00:47:13, 23.64, 48.92
2020-10-28, 00:47:14, 23.63, 48.95
2020-10-28, 00:47:15, 23.64, 48.95
2020-10-28, 00:47:17, 23.64, 48.92
2020-10-28, 00:47:18, 23.64, 48.95
2020-10-28, 00:47:19, 23.64, 48.95
2020-10-28, 00:47:21, 23.64, 48.95
2020-10-28, 00:47:22, 23.64, 48.95
2020-10-28, 00:47:23, 23.62, 48.98
2020-10-28, 00:47:25, 23.62, 48.95
2020-10-28, 00:47:26, 23.62, 48.95
2020-10-28, 00:47:28, 23.62, 48.98
2020-10-28, 00:47:29, 23.63, 48.95
2020-10-28, 00:47:30, 23.62, 48.95
2020-10-28, 00:47:32, 23.62, 48.98
2020-10-28, 00:47:33, 23.62, 48.98
2020-10-28, 00:47:34, 23.62, 48.98
2020-10-28, 00:47:36, 23.62, 48.98
2020-10-28, 00:47:37, 23.63, 48.98
2020-10-28, 00:47:38, 23.63, 48.98
2020-10-28, 00:47:40, 23.63, 48.98
2020-10-28, 00:47:41, 23.64, 48.98
2020-10-28, 00:47:42, 23.63, 48.98
2020-10-28, 00:47:44, 23.62, 48.95
2020-10-28, 00:47:45, 23.62, 48.98
2020-10-28, 00:47:46, 23.62, 48.95
2020-10-28, 00:47:48, 23.62, 48.95
2020-10-28, 00:47:49, 23.62, 48.95
2020-10-28, 00:47:51, 23.6, 48.94
2020-10-28, 00:47:52, 23.62, 48.95
2020-10-28, 00:47:53, 23.62, 48.95
2020-10-28, 00:47:55, 23.62, 48.95
2020-10-28, 00:47:56, 23.64, 48.95
2020-10-28, 00:47:57, 23.62, 48.95
2020-10-28, 00:47:59, 23.63, 48.92
2020-10-28, 00:48:00, 23.64, 48.95
2020-10-28, 00:48:01, 23.62, 48.95
2020-10-28, 00:48:03, 23.62, 48.95
2020-10-28, 00:48:04, 23.62, 48.95
2020-10-28, 00:48:05, 23.63, 48.95
2020-10-28, 00:48:07, 23.62, 48.95
2020-10-28, 00:48:08, 23.63, 48.95
2020-10-28, 00:48:09, 23.64, 48.92
2020-10-28, 00:48:11, 23.64, 48.92
2020-10-28, 00:48:12, 23.64, 48.92
2020-10-28, 00:48:14, 23.61, 48.91
2020-10-28, 00:48:15, 23.64, 48.92
2020-10-28, 00:48:16, 23.64, 48.92
2020-10-28, 00:48:18, 23.64, 48.92
2020-10-28, 00:48:19, 23.63, 48.92
2020-10-28, 00:48:20, 23.63, 48.92
2020-10-28, 00:48:22, 23.62, 48.92
2020-10-28, 00:48:23, 23.62, 48.92
2020-10-28, 00:48:24, 23.63, 48.92
2020-10-28, 00:48:26, 23.62, 48.92
2020-10-28, 00:48:27, 23.61, 48.91
2020-10-28, 00:48:28, 23.63, 48.92
2020-10-28, 00:48:30, 23.63, 48.92
2020-10-28, 00:48:31, 23.63, 48.92
2020-10-28, 00:48:33, 23.64, 48.92
2020-10-28, 00:48:34, 23.64, 48.92
2020-10-28, 00:48:35, 23.63, 48.92
2020-10-28, 00:48:37, 23.62, 48.92
2020-10-28, 00:48:38, 23.64, 48.95
2020-10-28, 00:48:39, 23.63, 48.92
2020-10-28, 00:48:41, 23.63, 48.92
2020-10-28, 00:48:42, 23.64, 48.92
2020-10-28, 00:48:43, 23.63, 48.92
2020-10-28, 00:48:45, 23.63, 48.92
2020-10-28, 00:48:46, 23.62, 48.92
2020-10-28, 00:48:47, 23.64, 48.92
2020-10-28, 00:48:49, 23.64, 48.92
2020-10-28, 00:48:50, 23.62, 48.92
2020-10-28, 00:48:51, 23.62, 48.92
2020-10-28, 00:48:53, 23.61, 48.91
2020-10-28, 00:48:54, 23.61, 48.95
2020-10-28, 00:48:56, 23.62, 48.92
2020-10-28, 00:48:57, 23.62, 48.92
2020-10-28, 00:48:58, 23.61, 48.95
2020-10-28, 00:49:00, 23.62, 48.92
2020-10-28, 00:49:01, 23.62, 48.92
2020-10-28, 00:49:02, 23.61, 48.95
2020-10-28, 00:49:04, 23.62, 48.95
2020-10-28, 00:49:05, 23.62, 48.95
2020-10-28, 00:49:06, 23.62, 48.92
2020-10-28, 00:49:08, 23.62, 48.92
2020-10-28, 00:49:09, 23.62, 48.92
2020-10-28, 00:49:10, 23.63, 48.95
2020-10-28, 00:49:12, 23.62, 48.95
2020-10-28, 00:49:13, 23.62, 48.92
2020-10-28, 00:49:15, 23.62, 48.92
2020-10-28, 00:49:16, 23.63, 48.92
2020-10-28, 00:49:17, 23.64, 48.92
2020-10-28, 00:49:19, 23.62, 48.95
2020-10-28, 00:49:20, 23.62, 48.92
2020-10-28, 00:49:21, 23.62, 48.92
2020-10-28, 00:49:23, 23.62, 48.92
2020-10-28, 00:49:24, 23.6, 48.91
2020-10-28, 00:49:25, 23.62, 48.92
2020-10-28, 00:49:27, 23.62, 48.95
2020-10-28, 00:49:28, 23.6, 48.91
2020-10-28, 00:49:29, 23.62, 48.95
2020-10-28, 00:49:31, 23.61, 48.95
2020-10-28, 00:49:32, 23.61, 48.91
2020-10-28, 00:49:33, 23.6, 48.91
2020-10-28, 00:49:35, 23.62, 48.95
2020-10-28, 00:49:36, 23.61, 48.91
2020-10-28, 00:49:38, 23.61, 48.91
2020-10-28, 00:49:39, 23.6, 48.94
2020-10-28, 00:49:40, 23.6, 48.94
2020-10-28, 00:49:42, 23.61, 48.95
2020-10-28, 00:49:43, 23.61, 48.95
2020-10-28, 00:49:44, 23.61, 48.95
2020-10-28, 00:49:46, 23.61, 48.95
2020-10-28, 00:49:47, 23.61, 48.95
2020-10-28, 00:49:48, 23.61, 48.95
2020-10-28, 00:49:50, 23.61, 48.98
2020-10-28, 00:49:51, 23.61, 48.95
2020-10-28, 00:49:52, 23.61, 48.95
2020-10-28, 00:49:54, 23.6, 48.94
2020-10-28, 00:49:55, 23.61, 48.95
2020-10-28, 00:49:57, 23.6, 48.94
2020-10-28, 00:49:58, 23.6, 48.91
2020-10-28, 00:49:59, 23.61, 48.95
2020-10-28, 00:50:01, 23.61, 48.95
2020-10-28, 00:50:02, 23.6, 48.94
2020-10-28, 00:50:03, 23.6, 48.94
2020-10-28, 00:50:05, 23.62, 48.95
2020-10-28, 00:50:06, 23.61, 48.91
2020-10-28, 00:50:07, 23.61, 48.95
2020-10-28, 00:50:09, 23.61, 48.95
2020-10-28, 00:50:10, 23.6, 48.94
2020-10-28, 00:50:11, 23.6, 48.94
2020-10-28, 00:50:13, 23.6, 48.94
2020-10-28, 00:50:14, 23.6, 48.94
2020-10-28, 00:50:16, 23.6, 48.98
2020-10-28, 00:50:17, 23.59, 48.94
2020-10-28, 00:50:18, 23.6, 48.98
2020-10-28, 00:50:20, 23.6, 48.98
2020-10-28, 00:50:21, 23.6, 48.94
2020-10-28, 00:50:22, 23.6, 48.98
2020-10-28, 00:50:24, 23.59, 48.98
2020-10-28, 00:50:25, 23.6, 48.94
2020-10-28, 00:50:26, 23.6, 48.94
2020-10-28, 00:50:28, 23.6, 48.98
2020-10-28, 00:50:29, 23.6, 48.91
2020-10-28, 00:50:30, 23.6, 48.94
2020-10-28, 00:50:32, 23.59, 48.94
2020-10-28, 00:50:33, 23.58, 48.94
2020-10-28, 00:50:35, 23.58, 48.94
2020-10-28, 00:50:36, 23.59, 48.94
2020-10-28, 00:50:37, 23.58, 48.94
2020-10-28, 00:50:39, 23.6, 48.98
2020-10-28, 00:50:40, 23.59, 48.94
2020-10-28, 00:50:41, 23.59, 48.94
2020-10-28, 00:50:43, 23.57, 48.94
2020-10-28, 00:50:44, 23.58, 48.94
2020-10-28, 00:50:45, 23.58, 48.97
2020-10-28, 00:50:47, 23.59, 48.94
2020-10-28, 00:50:48, 23.58, 48.94
2020-10-28, 00:50:49, 23.59, 48.98
2020-10-28, 00:50:51, 23.6, 48.94
2020-10-28, 00:50:52, 23.6, 48.98
2020-10-28, 00:50:53, 23.6, 48.94
2020-10-28, 00:50:55, 23.59, 48.94
2020-10-28, 00:50:56, 23.59, 48.98
2020-10-28, 00:50:58, 23.58, 48.94
2020-10-28, 00:50:59, 23.6, 48.98
2020-10-28, 00:51:00, 23.59, 48.94
2020-10-28, 00:51:02, 23.58, 48.97
2020-10-28, 00:51:03, 23.59, 48.98
2020-10-28, 00:51:04, 23.59, 48.94
2020-10-28, 00:51:06, 23.58, 48.94
2020-10-28, 00:51:07, 23.58, 48.97
2020-10-28, 00:51:08, 23.58, 48.94
2020-10-28, 00:51:10, 23.58, 48.97
2020-10-28, 00:51:11, 23.58, 48.97
2020-10-28, 00:51:12, 23.58, 48.97
2020-10-28, 00:51:14, 23.58, 48.97
2020-10-28, 00:51:15, 23.59, 48.98
2020-10-28, 00:51:17, 23.59, 48.94
2020-10-28, 00:51:18, 23.58, 48.97
2020-10-28, 00:51:19, 23.59, 48.98
2020-10-28, 00:51:21, 23.58, 48.97
2020-10-28, 00:51:22, 23.6, 48.98
2020-10-28, 00:51:23, 23.59, 48.94
2020-10-28, 00:51:25, 23.58, 48.97
2020-10-28, 00:51:26, 23.59, 48.94
2020-10-28, 00:51:27, 23.59, 48.94
2020-10-28, 00:51:29, 23.59, 48.91
2020-10-28, 00:51:30, 23.6, 48.91
2020-10-28, 00:51:31, 23.58, 48.94
2020-10-28, 00:51:33, 23.59, 48.94
2020-10-28, 00:51:34, 23.58, 48.91
2020-10-28, 00:51:36, 23.6, 48.91
2020-10-28, 00:51:37, 23.6, 48.91
2020-10-28, 00:51:38, 23.6, 48.91
2020-10-28, 00:51:40, 23.58, 48.94
2020-10-28, 00:51:41, 23.59, 48.94
2020-10-28, 00:51:42, 23.59, 48.91
2020-10-28, 00:51:44, 23.59, 48.91
2020-10-28, 00:51:45, 23.58, 48.94
2020-10-28, 00:51:46, 23.6, 48.91
2020-10-28, 00:51:48, 23.59, 48.91
2020-10-28, 00:51:49, 23.59, 48.91
2020-10-28, 00:51:50, 23.6, 48.91
2020-10-28, 00:51:52, 23.6, 48.94
2020-10-28, 00:51:53, 23.6, 48.91
2020-10-28, 00:51:55, 23.59, 48.91
2020-10-28, 00:51:56, 23.6, 48.91
2020-10-28, 00:51:57, 23.6, 48.91
2020-10-28, 00:51:59, 23.61, 48.91
2020-10-28, 00:52:00, 23.6, 48.91
2020-10-28, 00:52:01, 23.6, 48.91
2020-10-28, 00:52:03, 23.6, 48.91
2020-10-28, 00:52:04, 23.6, 48.91
2020-10-28, 00:52:05, 23.6, 48.91
2020-10-28, 00:52:07, 23.6, 48.91
2020-10-28, 00:52:08, 23.6, 48.88
2020-10-28, 00:52:09, 23.6, 48.88
2020-10-28, 00:52:11, 23.6, 48.88
2020-10-28, 00:52:12, 23.61, 48.91
2020-10-28, 00:52:13, 23.6, 48.91
2020-10-28, 00:52:15, 23.61, 48.91
2020-10-28, 00:52:16, 23.6, 48.91
2020-10-28, 00:52:18, 23.6, 48.88
2020-10-28, 00:52:19, 23.6, 48.88
2020-10-28, 00:52:20, 23.61, 48.91
2020-10-28, 00:52:22, 23.6, 48.88
2020-10-28, 00:52:23, 23.6, 48.88
2020-10-28, 00:52:24, 23.59, 48.88
2020-10-28, 00:52:26, 23.59, 48.91
2020-10-28, 00:52:27, 23.58, 48.88
2020-10-28, 00:52:28, 23.58, 48.88
2020-10-28, 00:52:30, 23.6, 48.91
2020-10-28, 00:52:31, 23.6, 48.91
2020-10-28, 00:52:32, 23.59, 48.91
2020-10-28, 00:52:34, 23.6, 48.91
2020-10-28, 00:52:35, 23.58, 48.91
2020-10-28, 00:52:37, 23.6, 48.91
2020-10-28, 00:52:38, 23.59, 48.88
2020-10-28, 00:52:39, 23.6, 48.88
2020-10-28, 00:52:41, 23.58, 48.91
2020-10-28, 00:52:42, 23.61, 48.91
2020-10-28, 00:52:43, 23.61, 48.91
2020-10-28, 00:52:45, 23.6, 48.88
2020-10-28, 00:52:46, 23.6, 48.88
2020-10-28, 00:52:47, 23.61, 48.88
2020-10-28, 00:52:49, 23.61, 48.88
2020-10-28, 00:52:50, 23.6, 48.88
2020-10-28, 00:52:51, 23.6, 48.88
2020-10-28, 00:52:53, 23.6, 48.88
2020-10-28, 00:52:54, 23.6, 48.91
2020-10-28, 00:52:55, 23.59, 48.88
2020-10-28, 00:52:57, 23.59, 48.91
2020-10-28, 00:52:58, 23.6, 48.88
2020-10-28, 00:53:00, 23.6, 48.91
2020-10-28, 00:53:01, 23.59, 48.91
2020-10-28, 00:53:02, 23.58, 48.88
2020-10-28, 00:53:04, 23.6, 48.91
2020-10-28, 00:53:05, 23.59, 48.88
2020-10-28, 00:53:06, 23.6, 48.91
2020-10-28, 00:53:08, 23.61, 48.91
2020-10-28, 00:53:09, 23.6, 48.91
2020-10-28, 00:53:10, 23.6, 48.88
2020-10-28, 00:53:12, 23.6, 48.91
2020-10-28, 00:53:13, 23.6, 48.88
2020-10-28, 00:53:14, 23.6, 48.91
2020-10-28, 00:53:16, 23.61, 48.88
2020-10-28, 00:53:17, 23.6, 48.91
2020-10-28, 00:53:19, 23.6, 48.91
2020-10-28, 00:53:20, 23.6, 48.88
2020-10-28, 00:53:21, 23.61, 48.91
2020-10-28, 00:53:23, 23.6, 48.91
2020-10-28, 00:53:24, 23.6, 48.91
2020-10-28, 00:53:25, 23.59, 48.91
2020-10-28, 00:53:27, 23.58, 48.91
2020-10-28, 00:53:28, 23.6, 48.91
2020-10-28, 00:53:29, 23.59, 48.91
2020-10-28, 00:53:31, 23.59, 48.91
2020-10-28, 00:53:32, 23.6, 48.88
2020-10-28, 00:53:33, 23.6, 48.91
2020-10-28, 00:53:35, 23.6, 48.91
2020-10-28, 00:53:36, 23.59, 48.91
2020-10-28, 00:53:38, 23.58, 48.88
2020-10-28, 00:53:39, 23.59, 48.91
2020-10-28, 00:53:40, 23.6, 48.91
2020-10-28, 00:53:42, 23.6, 48.88
2020-10-28, 00:53:43, 23.6, 48.88
2020-10-28, 00:53:44, 23.57, 48.91
2020-10-28, 00:53:46, 23.59, 48.91
2020-10-28, 00:53:47, 23.6, 48.91
2020-10-28, 00:53:48, 23.6, 48.91
2020-10-28, 00:53:50, 23.6, 48.91
2020-10-28, 00:53:51, 23.59, 48.88
2020-10-28, 00:53:53, 23.6, 48.88
2020-10-28, 00:53:54, 23.6, 48.88
2020-10-28, 00:53:55, 23.6, 48.88
2020-10-28, 00:53:57, 23.6, 48.85
2020-10-28, 00:53:58, 23.59, 48.88
2020-10-28, 00:53:59, 23.59, 48.88
2020-10-28, 00:54:01, 23.59, 48.88
2020-10-28, 00:54:02, 23.59, 48.91
2020-10-28, 00:54:03, 23.58, 48.88
2020-10-28, 00:54:05, 23.58, 48.91
2020-10-28, 00:54:06, 23.58, 48.88
2020-10-28, 00:54:07, 23.59, 48.91
2020-10-28, 00:54:09, 23.59, 48.91
2020-10-28, 00:54:10, 23.58, 48.88
2020-10-28, 00:54:12, 23.59, 48.91
2020-10-28, 00:54:13, 23.58, 48.88
2020-10-28, 00:54:14, 23.59, 48.91
2020-10-28, 00:54:16, 23.58, 48.88
2020-10-28, 00:54:17, 23.59, 48.88
2020-10-28, 00:54:18, 23.58, 48.88
2020-10-28, 00:54:20, 23.58, 48.91
2020-10-28, 00:54:21, 23.57, 48.91
2020-10-28, 00:54:22, 23.58, 48.88
2020-10-28, 00:54:24, 23.56, 48.88
2020-10-28, 00:54:25, 23.56, 48.88
2020-10-28, 00:54:26, 23.56, 48.91
2020-10-28, 00:54:28, 23.58, 48.91
2020-10-28, 00:54:29, 23.58, 48.91
2020-10-28, 00:54:30, 23.56, 48.91
2020-10-28, 00:54:32, 23.58, 48.91
2020-10-28, 00:54:33, 23.58, 48.91
2020-10-28, 00:54:35, 23.59, 48.91
2020-10-28, 00:54:36, 23.56, 48.91
2020-10-28, 00:54:37, 23.58, 48.88
2020-10-28, 00:54:39, 23.59, 48.91
2020-10-28, 00:54:40, 23.58, 48.91
2020-10-28, 00:54:41, 23.56, 48.91
2020-10-28, 00:54:43, 23.56, 48.91
2020-10-28, 00:54:44, 23.56, 48.91
2020-10-28, 00:54:45, 23.56, 48.91
2020-10-28, 00:54:47, 23.55, 48.91
2020-10-28, 00:54:48, 23.56, 48.94
2020-10-28, 00:54:50, 23.55, 48.91
2020-10-28, 00:54:51, 23.55, 48.94
2020-10-28, 00:54:52, 23.56, 48.94
2020-10-28, 00:54:54, 23.56, 48.97
2020-10-28, 00:54:55, 23.55, 48.94
2020-10-28, 00:54:56, 23.56, 48.97
2020-10-28, 00:54:58, 23.54, 48.94
2020-10-28, 00:54:59, 23.56, 48.94
2020-10-28, 00:55:00, 23.56, 48.94
2020-10-28, 00:55:02, 23.56, 48.94
2020-10-28, 00:55:03, 23.56, 48.94
2020-10-28, 00:55:04, 23.56, 48.91
2020-10-28, 00:55:06, 23.57, 48.94
2020-10-28, 00:55:07, 23.56, 48.91
2020-10-28, 00:55:09, 23.58, 48.94
2020-10-28, 00:55:10, 23.57, 48.94
2020-10-28, 00:55:11, 23.56, 48.94
2020-10-28, 00:55:13, 23.54, 48.94
2020-10-28, 00:55:14, 23.54, 48.94
2020-10-28, 00:55:15, 23.54, 48.94
2020-10-28, 00:55:17, 23.54, 48.94
2020-10-28, 00:55:18, 23.55, 48.94
2020-10-28, 00:55:19, 23.53, 48.94
2020-10-28, 00:55:21, 23.56, 48.94
2020-10-28, 00:55:22, 23.55, 48.97
2020-10-28, 00:55:23, 23.55, 48.97
2020-10-28, 00:55:25, 23.55, 48.97
2020-10-28, 00:55:26, 23.56, 48.97
2020-10-28, 00:55:28, 23.56, 48.97
2020-10-28, 00:55:29, 23.56, 48.97
2020-10-28, 00:55:30, 23.56, 48.97
2020-10-28, 00:55:32, 23.56, 48.97
2020-10-28, 00:55:33, 23.56, 48.94
2020-10-28, 00:55:34, 23.56, 48.97
2020-10-28, 00:55:36, 23.54, 48.94
2020-10-28, 00:55:37, 23.56, 48.97
2020-10-28, 00:55:38, 23.56, 48.97
2020-10-28, 00:55:40, 23.57, 48.97
2020-10-28, 00:55:41, 23.56, 48.97
2020-10-28, 00:55:42, 23.57, 48.97
2020-10-28, 00:55:44, 23.56, 48.97
2020-10-28, 00:55:45, 23.56, 48.97
2020-10-28, 00:55:47, 23.56, 48.97
2020-10-28, 00:55:48, 23.57, 48.94
2020-10-28, 00:55:49, 23.58, 48.97
2020-10-28, 00:55:51, 23.56, 48.94
2020-10-28, 00:55:52, 23.57, 48.97
2020-10-28, 00:55:53, 23.57, 48.94
2020-10-28, 00:55:55, 23.58, 48.94
2020-10-28, 00:55:56, 23.58, 48.97
2020-10-28, 00:55:57, 23.57, 48.94
2020-10-28, 00:55:59, 23.57, 48.94
2020-10-28, 00:56:00, 23.56, 48.97
2020-10-28, 00:56:01, 23.56, 48.94
2020-10-28, 00:56:03, 23.55, 48.94
2020-10-28, 00:56:04, 23.55, 48.94
2020-10-28, 00:56:05, 23.55, 48.94
2020-10-28, 00:56:07, 23.56, 48.94
2020-10-28, 00:56:08, 23.53, 48.94
2020-10-28, 00:56:10, 23.55, 48.97
2020-10-28, 00:56:11, 23.53, 48.94
2020-10-28, 00:56:12, 23.54, 48.97
2020-10-28, 00:56:14, 23.54, 48.94
2020-10-28, 00:56:15, 23.54, 48.94
2020-10-28, 00:56:16, 23.54, 48.94
2020-10-28, 00:56:18, 23.54, 48.97
2020-10-28, 00:56:19, 23.53, 48.97
2020-10-28, 00:56:20, 23.54, 48.97
2020-10-28, 00:56:22, 23.53, 48.94
2020-10-28, 00:56:23, 23.52, 48.93
2020-10-28, 00:56:24, 23.51, 48.97
2020-10-28, 00:56:26, 23.52, 48.97
2020-10-28, 00:56:27, 23.52, 48.97
2020-10-28, 00:56:28, 23.53, 48.97
2020-10-28, 00:56:30, 23.52, 48.97
2020-10-28, 00:56:31, 23.51, 48.97
2020-10-28, 00:56:33, 23.53, 48.97
2020-10-28, 00:56:34, 23.51, 48.97
2020-10-28, 00:56:35, 23.52, 48.97
2020-10-28, 00:56:37, 23.52, 48.97
2020-10-28, 00:56:38, 23.52, 48.97
2020-10-28, 00:56:39, 23.52, 49.0
2020-10-28, 00:56:41, 23.52, 49.0
2020-10-28, 00:56:42, 23.52, 49.0
2020-10-28, 00:56:43, 23.52, 49.0
2020-10-28, 00:56:45, 23.52, 48.97
2020-10-28, 00:56:46, 23.52, 48.97
2020-10-28, 00:56:47, 23.52, 48.97
2020-10-28, 00:56:49, 23.52, 48.97
2020-10-28, 00:56:50, 23.53, 48.97
2020-10-28, 00:56:52, 23.52, 49.0
2020-10-28, 00:56:53, 23.52, 49.0
2020-10-28, 00:56:54, 23.52, 49.0
2020-10-28, 00:56:56, 23.52, 48.97
2020-10-28, 00:56:57, 23.44, 48.99
2020-10-28, 00:56:59, 23.51, 49.0
2020-10-28, 00:57:00, 23.5, 49.0
2020-10-28, 00:57:01, 23.52, 49.03
2020-10-28, 00:57:03, 23.53, 49.03
2020-10-28, 00:57:04, 23.51, 49.0
2020-10-28, 00:57:05, 23.5, 49.0
2020-10-28, 00:57:07, 23.51, 49.0
2020-10-28, 00:57:08, 23.5, 49.0
2020-10-28, 00:57:09, 23.51, 49.0
2020-10-28, 00:57:11, 23.52, 49.0
2020-10-28, 00:57:12, 23.51, 49.0
2020-10-28, 00:57:13, 23.52, 49.0
2020-10-28, 00:57:15, 23.53, 49.0
2020-10-28, 00:57:16, 23.51, 49.0
2020-10-28, 00:57:17, 23.51, 48.97
2020-10-28, 00:57:19, 23.51, 49.0
2020-10-28, 00:57:20, 23.51, 49.0
2020-10-28, 00:57:22, 23.51, 49.0
2020-10-28, 00:57:23, 23.52, 49.0
2020-10-28, 00:57:24, 23.5, 49.0
2020-10-28, 00:57:26, 23.52, 49.0
2020-10-28, 00:57:27, 23.5, 49.0
2020-10-28, 00:57:28, 23.53, 48.97
2020-10-28, 00:57:30, 23.53, 49.0
2020-10-28, 00:57:31, 23.51, 49.0
2020-10-28, 00:57:32, 23.52, 49.0
2020-10-28, 00:57:34, 23.52, 49.0
2020-10-28, 00:57:35, 23.5, 49.0
2020-10-28, 00:57:36, 23.5, 49.0
2020-10-28, 00:57:38, 23.53, 49.0
2020-10-28, 00:57:39, 23.51, 49.0
2020-10-28, 00:57:41, 23.51, 49.0
2020-10-28, 00:57:42, 23.51, 49.0
2020-10-28, 00:57:43, 23.51, 49.0
2020-10-28, 00:57:45, 23.52, 49.0
2020-10-28, 00:57:46, 23.51, 49.0
2020-10-28, 00:57:47, 23.5, 49.0
2020-10-28, 00:57:49, 23.51, 49.0
2020-10-28, 00:57:50, 23.5, 49.0
2020-10-28, 00:57:51, 23.52, 49.0
2020-10-28, 00:57:53, 23.5, 49.0
2020-10-28, 00:57:54, 23.5, 49.0
2020-10-28, 00:57:55, 23.5, 49.0
2020-10-28, 00:57:57, 23.49, 48.99
2020-10-28, 00:57:58, 23.5, 49.0
2020-10-28, 00:58:00, 23.5, 49.0
2020-10-28, 00:58:01, 23.5, 49.0
2020-10-28, 00:58:02, 23.5, 49.0
2020-10-28, 00:58:04, 23.49, 48.99
2020-10-28, 00:58:05, 23.5, 49.0
2020-10-28, 00:58:06, 23.5, 49.03
2020-10-28, 00:58:08, 23.5, 49.03
2020-10-28, 00:58:09, 23.5, 49.0
2020-10-28, 00:58:10, 23.48, 48.99
2020-10-28, 00:58:12, 23.5, 49.03
2020-10-28, 00:58:13, 23.5, 49.0
2020-10-28, 00:58:14, 23.5, 49.03
2020-10-28, 00:58:16, 23.5, 49.0
2020-10-28, 00:58:17, 23.48, 49.02
2020-10-28, 00:58:19, 23.49, 49.03
2020-10-28, 00:58:20, 23.49, 49.03
2020-10-28, 00:58:21, 23.5, 49.03
2020-10-28, 00:58:23, 23.48, 49.02
2020-10-28, 00:58:24, 23.5, 49.03
2020-10-28, 00:58:25, 23.49, 49.03
2020-10-28, 00:58:27, 23.49, 48.99
2020-10-28, 00:58:28, 23.5, 49.03
2020-10-28, 00:58:29, 23.48, 49.02
2020-10-28, 00:58:31, 23.5, 49.0
2020-10-28, 00:58:32, 23.49, 49.03
2020-10-28, 00:58:33, 23.48, 49.02
2020-10-28, 00:58:35, 23.47, 48.99
2020-10-28, 00:58:36, 23.48, 48.99
2020-10-28, 00:58:38, 23.5, 49.03
2020-10-28, 00:58:39, 23.49, 49.03
2020-10-28, 00:58:40, 23.48, 49.02
2020-10-28, 00:58:42, 23.5, 49.0
2020-10-28, 00:58:43, 23.5, 49.03
2020-10-28, 00:58:44, 23.49, 48.99
2020-10-28, 00:58:46, 23.48, 48.99
2020-10-28, 00:58:47, 23.49, 49.03
2020-10-28, 00:58:48, 23.48, 48.99
2020-10-28, 00:58:50, 23.5, 49.0
2020-10-28, 00:58:51, 23.5, 49.03
2020-10-28, 00:58:52, 23.49, 48.99
2020-10-28, 00:58:54, 23.49, 48.99
2020-10-28, 00:58:55, 23.49, 48.96
2020-10-28, 00:58:56, 23.5, 49.0
2020-10-28, 00:58:58, 23.5, 48.96
2020-10-28, 00:58:59, 23.5, 49.0
2020-10-28, 00:59:01, 23.48, 48.96
2020-10-28, 00:59:02, 23.5, 48.96
2020-10-28, 00:59:03, 23.5, 48.96
2020-10-28, 00:59:05, 23.48, 48.99
2020-10-28, 00:59:06, 23.5, 49.0
2020-10-28, 00:59:07, 23.49, 48.99
2020-10-28, 00:59:09, 23.5, 48.96
2020-10-28, 00:59:10, 23.5, 48.96
2020-10-28, 00:59:11, 23.48, 48.96
2020-10-28, 00:59:13, 23.48, 48.99
2020-10-28, 00:59:14, 23.49, 48.99
2020-10-28, 00:59:15, 23.48, 48.96
2020-10-28, 00:59:17, 23.48, 48.96
2020-10-28, 00:59:18, 23.5, 49.0
2020-10-28, 00:59:20, 23.49, 48.99
2020-10-28, 00:59:21, 23.48, 48.96
2020-10-28, 00:59:22, 23.49, 48.96
2020-10-28, 00:59:24, 23.48, 48.96
2020-10-28, 00:59:25, 23.49, 48.96
2020-10-28, 00:59:26, 23.47, 48.99
2020-10-28, 00:59:28, 23.48, 48.96
2020-10-28, 00:59:29, 23.48, 48.99
2020-10-28, 00:59:30, 23.48, 48.96
2020-10-28, 00:59:32, 23.49, 48.96
2020-10-28, 00:59:33, 23.48, 48.99
2020-10-28, 00:59:34, 23.49, 48.96
2020-10-28, 00:59:36, 23.46, 48.99
2020-10-28, 00:59:37, 23.48, 48.99
2020-10-28, 00:59:38, 23.48, 48.99
2020-10-28, 00:59:40, 23.48, 48.99
2020-10-28, 00:59:41, 23.48, 48.99
2020-10-28, 00:59:43, 23.47, 48.99
2020-10-28, 00:59:44, 23.47, 48.99
2020-10-28, 00:59:45, 23.46, 48.99
2020-10-28, 00:59:47, 23.47, 49.02
2020-10-28, 00:59:48, 23.47, 49.02
2020-10-28, 00:59:49, 23.46, 49.02
2020-10-28, 00:59:51, 23.46, 49.02
2020-10-28, 00:59:52, 23.46, 49.02
2020-10-28, 00:59:53, 23.46, 49.02
2020-10-28, 00:59:55, 23.46, 49.02
2020-10-28, 00:59:56, 23.46, 49.02
2020-10-28, 00:59:57, 23.46, 49.02
2020-10-28, 00:59:59, 23.47, 49.02
2020-10-28, 01:00:00, 23.46, 49.02
2020-10-28, 01:00:02, 23.45, 49.02
2020-10-28, 01:00:03, 23.45, 49.02
2020-10-28, 01:00:04, 23.43, 49.02
2020-10-28, 01:00:06, 23.46, 49.02
2020-10-28, 01:00:07, 23.47, 49.02
2020-10-28, 01:00:08, 23.46, 49.05
2020-10-28, 01:00:10, 23.45, 49.02
2020-10-28, 01:00:11, 23.45, 49.02
2020-10-28, 01:00:12, 23.46, 49.05
2020-10-28, 01:00:14, 23.44, 49.02
2020-10-28, 01:00:15, 23.44, 49.05
2020-10-28, 01:00:16, 23.44, 49.05
2020-10-28, 01:00:52, 22.79, 50.71
2020-10-28, 01:00:53, 23.03, 50.68
2020-10-28, 01:00:55, 23.08, 50.56
2020-10-28, 01:00:56, 23.15, 50.41
2020-10-28, 01:00:57, 23.14, 50.25
2020-10-28, 01:00:59, 23.18, 50.16
2020-10-28, 01:01:00, 23.21, 50.04
2020-10-28, 01:01:01, 23.23, 49.94
2020-10-28, 01:01:03, 23.23, 49.88
2020-10-28, 01:01:04, 23.26, 49.79
2020-10-28, 01:01:05, 23.26, 49.76
2020-10-28, 01:01:07, 23.28, 49.7
2020-10-28, 01:01:08, 23.29, 49.64
2020-10-28, 01:01:10, 23.29, 49.64
2020-10-28, 01:01:11, 23.3, 49.57
2020-10-28, 01:01:12, 23.29, 49.54
2020-10-28, 01:01:14, 23.31, 49.51
2020-10-28, 01:01:15, 23.32, 49.51
2020-10-28, 01:01:16, 23.32, 49.45
2020-10-28, 01:01:18, 23.32, 49.45
2020-10-28, 01:01:19, 23.32, 49.45
2020-10-28, 01:01:20, 23.33, 49.42
2020-10-28, 01:01:22, 23.33, 49.39
2020-10-28, 01:01:23, 23.35, 49.39
2020-10-28, 01:01:24, 23.34, 49.36
2020-10-28, 01:01:26, 23.34, 49.39
2020-10-28, 01:01:27, 23.34, 49.39
2020-10-28, 01:01:28, 23.34, 49.36
2020-10-28, 01:01:30, 23.34, 49.32
2020-10-28, 01:01:31, 23.35, 49.36
2020-10-28, 01:01:33, 23.34, 49.32
2020-10-28, 01:01:34, 23.35, 49.33
2020-10-28, 01:01:35, 23.35, 49.33
2020-10-28, 01:01:37, 23.36, 49.33
2020-10-28, 01:01:38, 23.36, 49.33
2020-10-28, 01:01:39, 23.36, 49.33
2020-10-28, 01:01:41, 23.37, 49.3
2020-10-28, 01:01:42, 23.36, 49.3
2020-10-28, 01:01:43, 23.36, 49.3
2020-10-28, 01:01:45, 23.36, 49.3
2020-10-28, 01:01:46, 23.36, 49.3
2020-10-28, 01:01:47, 23.36, 49.26
2020-10-28, 01:01:49, 23.37, 49.26
2020-10-28, 01:01:50, 23.36, 49.3
2020-10-28, 01:01:52, 23.36, 49.26
2020-10-28, 01:01:53, 23.36, 49.26
2020-10-28, 01:01:54, 23.37, 49.26
2020-10-28, 01:01:56, 23.37, 49.26
2020-10-28, 01:01:57, 23.37, 49.26
2020-10-28, 01:01:58, 23.37, 49.26
2020-10-28, 01:02:00, 23.38, 49.23
2020-10-28, 01:02:01, 23.39, 49.27
2020-10-28, 01:02:02, 23.39, 49.24
2020-10-28, 01:02:04, 23.38, 49.23
2020-10-28, 01:02:05, 23.38, 49.23
2020-10-28, 01:02:06, 23.39, 49.24
2020-10-28, 01:02:08, 23.37, 49.26
2020-10-28, 01:02:09, 23.38, 49.23
2020-10-28, 01:02:10, 23.38, 49.2
2020-10-28, 01:02:12, 23.38, 49.2
2020-10-28, 01:02:13, 23.38, 49.2
2020-10-28, 01:02:15, 23.38, 49.2
2020-10-28, 01:02:16, 23.39, 49.2
2020-10-28, 01:02:17, 23.38, 49.2
2020-10-28, 01:02:19, 23.38, 49.2
2020-10-28, 01:02:20, 23.4, 49.21
2020-10-28, 01:02:21, 23.38, 49.2
2020-10-28, 01:02:23, 23.38, 49.2
2020-10-28, 01:02:24, 23.39, 49.2
2020-10-28, 01:02:25, 23.38, 49.2
2020-10-28, 01:02:27, 23.38, 49.2
2020-10-28, 01:02:28, 23.31, 49.19
2020-10-28, 01:02:30, 23.38, 49.23
2020-10-28, 01:02:31, 23.38, 49.2
2020-10-28, 01:02:32, 23.38, 49.2
2020-10-28, 01:02:34, 23.4, 49.21
2020-10-28, 01:02:35, 23.39, 49.2
2020-10-28, 01:02:36, 23.39, 49.2
2020-10-28, 01:02:38, 23.39, 49.2
2020-10-28, 01:02:39, 23.38, 49.17
2020-10-28, 01:02:40, 23.38, 49.17
2020-10-28, 01:02:42, 23.39, 49.2
2020-10-28, 01:02:43, 23.4, 49.21
2020-10-28, 01:02:44, 23.4, 49.17
2020-10-28, 01:02:46, 23.38, 49.17
2020-10-28, 01:02:47, 23.39, 49.17
2020-10-28, 01:02:49, 23.4, 49.14
2020-10-28, 01:02:50, 23.39, 49.14
2020-10-28, 01:02:51, 23.4, 49.14
2020-10-28, 01:02:53, 23.4, 49.17
2020-10-28, 01:02:54, 23.39, 49.14
2020-10-28, 01:02:55, 23.39, 49.14
2020-10-28, 01:02:57, 23.39, 49.14
2020-10-28, 01:02:58, 23.39, 49.17
2020-10-28, 01:02:59, 23.38, 49.14
2020-10-28, 01:03:01, 23.39, 49.14
2020-10-28, 01:03:02, 23.38, 49.17
2020-10-28, 01:03:04, 23.39, 49.14
2020-10-28, 01:03:05, 23.38, 49.14
2020-10-28, 01:03:06, 23.39, 49.17
2020-10-28, 01:03:08, 23.38, 49.14
2020-10-28, 01:03:09, 23.38, 49.14
2020-10-28, 01:03:10, 23.39, 49.14
2020-10-28, 01:03:12, 23.38, 49.14
2020-10-28, 01:03:13, 23.38, 49.14
2020-10-28, 01:03:14, 23.39, 49.14
2020-10-28, 01:03:16, 23.39, 49.14
2020-10-28, 01:03:17, 23.38, 49.17
2020-10-28, 01:03:18, 23.39, 49.14
2020-10-28, 01:03:20, 23.39, 49.14
2020-10-28, 01:03:21, 23.39, 49.17
2020-10-28, 01:03:22, 23.38, 49.14
2020-10-28, 01:03:24, 23.39, 49.14
2020-10-28, 01:03:25, 23.38, 49.14
2020-10-28, 01:03:27, 23.38, 49.14
2020-10-28, 01:03:28, 23.38, 49.14
2020-10-28, 01:03:29, 23.38, 49.14
2020-10-28, 01:03:31, 23.38, 49.14
2020-10-28, 01:03:32, 23.39, 49.14
2020-10-28, 01:03:33, 23.39, 49.14
2020-10-28, 01:03:35, 23.39, 49.14
2020-10-28, 01:03:36, 23.4, 49.14
2020-10-28, 01:03:37, 23.4, 49.11
2020-10-28, 01:03:39, 23.4, 49.11
2020-10-28, 01:03:40, 23.39, 49.14
2020-10-28, 01:03:41, 23.4, 49.11
2020-10-28, 01:03:43, 23.4, 49.11
2020-10-28, 01:03:44, 23.4, 49.11
2020-10-28, 01:03:46, 23.4, 49.11
2020-10-28, 01:03:47, 23.4, 49.11
2020-10-28, 01:03:48, 23.41, 49.08
2020-10-28, 01:03:50, 23.42, 49.08
2020-10-28, 01:03:51, 23.42, 49.08
2020-10-28, 01:03:52, 23.41, 49.08
2020-10-28, 01:03:54, 23.41, 49.08
2020-10-28, 01:03:55, 23.4, 49.11
2020-10-28, 01:03:56, 23.4, 49.08
2020-10-28, 01:03:58, 23.41, 49.08
2020-10-28, 01:03:59, 23.39, 49.08
2020-10-28, 01:04:00, 23.42, 49.08
2020-10-28, 01:04:02, 23.42, 49.08
2020-10-28, 01:04:03, 23.4, 49.08
2020-10-28, 01:04:04, 23.4, 49.08
2020-10-28, 01:04:06, 23.41, 49.08
2020-10-28, 01:04:07, 23.4, 49.08
2020-10-28, 01:04:09, 23.41, 49.08
2020-10-28, 01:04:10, 23.4, 49.08
2020-10-28, 01:04:11, 23.41, 49.08
2020-10-28, 01:04:13, 23.4, 49.08
2020-10-28, 01:04:14, 23.4, 49.08
2020-10-28, 01:04:15, 23.42, 49.08
2020-10-28, 01:04:17, 23.41, 49.08
2020-10-28, 01:04:18, 23.41, 49.08
2020-10-28, 01:04:19, 23.39, 49.08
2020-10-28, 01:04:21, 23.4, 49.08
2020-10-28, 01:04:22, 23.38, 49.08
2020-10-28, 01:04:23, 23.39, 49.08
2020-10-28, 01:04:25, 23.39, 49.08
2020-10-28, 01:04:26, 23.4, 49.08
2020-10-28, 01:04:28, 23.4, 49.08
2020-10-28, 01:04:29, 23.4, 49.08
2020-10-28, 01:04:30, 23.4, 49.08
2020-10-28, 01:04:32, 23.39, 49.08
2020-10-28, 01:04:33, 23.39, 49.08
2020-10-28, 01:04:34, 23.41, 49.08
2020-10-28, 01:04:36, 23.4, 49.08
2020-10-28, 01:04:37, 23.4, 49.08
2020-10-28, 01:04:38, 23.4, 49.08
2020-10-28, 01:04:40, 23.4, 49.08
2020-10-28, 01:04:41, 23.42, 49.08
2020-10-28, 01:04:42, 23.4, 49.08
2020-10-28, 01:04:44, 23.39, 49.08
2020-10-28, 01:04:45, 23.41, 49.08
2020-10-28, 01:04:47, 23.41, 49.08
2020-10-28, 01:04:48, 23.41, 49.08
2020-10-28, 01:04:49, 23.41, 49.08
2020-10-28, 01:04:51, 23.4, 49.08
2020-10-28, 01:04:52, 23.41, 49.08
2020-10-28, 01:04:53, 23.4, 49.08
2020-10-28, 01:04:55, 23.4, 49.08
2020-10-28, 01:04:56, 23.4, 49.08
2020-10-28, 01:04:57, 23.39, 49.08
2020-10-28, 01:04:59, 23.4, 49.08
2020-10-28, 01:05:00, 23.39, 49.08
2020-10-28, 01:05:01, 23.38, 49.08
2020-10-28, 01:05:03, 23.4, 49.08
2020-10-28, 01:05:04, 23.42, 49.08
2020-10-28, 01:05:06, 23.42, 49.08
2020-10-28, 01:05:07, 23.4, 49.08
2020-10-28, 01:05:08, 23.42, 49.08
2020-10-28, 01:05:10, 23.42, 49.05
2020-10-28, 01:05:11, 23.42, 49.08
2020-10-28, 01:05:12, 23.42, 49.05
2020-10-28, 01:05:14, 23.42, 49.08
2020-10-28, 01:05:15, 23.41, 49.08
2020-10-28, 01:05:16, 23.41, 49.05
2020-10-28, 01:05:18, 23.42, 49.08
2020-10-28, 01:05:19, 23.42, 49.02
2020-10-28, 01:05:20, 23.42, 49.05
2020-10-28, 01:05:22, 23.4, 49.05
2020-10-28, 01:05:23, 23.41, 49.05
2020-10-28, 01:05:24, 23.41, 49.05
2020-10-28, 01:05:26, 23.4, 49.05
2020-10-28, 01:05:27, 23.4, 49.08
2020-10-28, 01:05:29, 23.4, 49.05
2020-10-28, 01:05:30, 23.38, 49.08
2020-10-28, 01:05:32, 23.4, 49.08
2020-10-28, 01:05:33, 23.39, 49.08
2020-10-28, 01:05:34, 23.4, 49.08
2020-10-28, 01:05:36, 23.4, 49.08
2020-10-28, 01:05:37, 23.41, 49.08
2020-10-28, 01:05:38, 23.4, 49.08
2020-10-28, 01:05:40, 23.4, 49.08
2020-10-28, 01:05:41, 23.4, 49.08
2020-10-28, 01:05:42, 23.4, 49.05
2020-10-28, 01:05:44, 23.42, 49.05
2020-10-28, 01:05:45, 23.4, 49.05
2020-10-28, 01:05:46, 23.41, 49.05
2020-10-28, 01:05:48, 23.42, 49.05
2020-10-28, 01:05:49, 23.41, 49.05
2020-10-28, 01:05:51, 23.4, 49.05
2020-10-28, 01:05:52, 23.4, 49.08
2020-10-28, 01:05:53, 23.41, 49.05
2020-10-28, 01:05:55, 23.4, 49.05
2020-10-28, 01:05:56, 23.4, 49.05
2020-10-28, 01:05:57, 23.4, 49.01
2020-10-28, 01:05:59, 23.4, 49.01
2020-10-28, 01:06:00, 23.4, 49.05
2020-10-28, 01:06:01, 23.4, 49.05
2020-10-28, 01:06:03, 23.39, 49.05
2020-10-28, 01:06:04, 23.41, 49.02
2020-10-28, 01:06:05, 23.41, 49.02
2020-10-28, 01:06:07, 23.42, 49.05
2020-10-28, 01:06:08, 23.42, 49.02
2020-10-28, 01:06:10, 23.42, 49.02
2020-10-28, 01:06:11, 23.42, 49.02
2020-10-28, 01:06:12, 23.41, 49.02
2020-10-28, 01:06:14, 23.41, 49.02
2020-10-28, 01:06:15, 23.42, 48.99
2020-10-28, 01:06:16, 23.42, 49.02
2020-10-28, 01:06:18, 23.41, 48.98
2020-10-28, 01:06:19, 23.43, 49.02
2020-10-28, 01:06:20, 23.41, 49.02
2020-10-28, 01:06:22, 23.41, 49.02
2020-10-28, 01:06:23, 23.42, 49.02
2020-10-28, 01:06:24, 23.42, 48.99
2020-10-28, 01:06:26, 23.42, 49.02
2020-10-28, 01:06:27, 23.42, 49.02
2020-10-28, 01:06:29, 23.42, 48.99
2020-10-28, 01:06:30, 23.42, 49.02
2020-10-28, 01:06:31, 23.42, 49.02
2020-10-28, 01:06:33, 23.42, 49.02
2020-10-28, 01:06:34, 23.43, 49.02
2020-10-28, 01:06:35, 23.44, 49.02
2020-10-28, 01:06:37, 23.42, 48.99
2020-10-28, 01:06:38, 23.44, 48.99
2020-10-28, 01:06:39, 23.43, 49.02
2020-10-28, 01:06:41, 23.42, 48.99
2020-10-28, 01:06:42, 23.44, 48.99
2020-10-28, 01:06:43, 23.43, 48.99
2020-10-28, 01:06:45, 23.43, 48.99
2020-10-28, 01:06:46, 23.43, 48.99
2020-10-28, 01:06:48, 23.43, 48.99
2020-10-28, 01:06:49, 23.42, 48.99
2020-10-28, 01:06:50, 23.42, 48.99
2020-10-28, 01:06:52, 23.43, 48.99
2020-10-28, 01:06:53, 23.43, 48.99
2020-10-28, 01:06:54, 23.43, 48.99
2020-10-28, 01:06:56, 23.44, 48.99
2020-10-28, 01:06:57, 23.43, 48.99
2020-10-28, 01:06:58, 23.44, 48.99
2020-10-28, 01:07:00, 23.42, 48.95
2020-10-28, 01:07:01, 23.44, 48.96
2020-10-28, 01:07:02, 23.42, 48.95
2020-10-28, 01:07:04, 23.42, 48.95
2020-10-28, 01:07:05, 23.42, 48.99
2020-10-28, 01:07:06, 23.42, 48.95
2020-10-28, 01:07:08, 23.42, 48.95
2020-10-28, 01:07:09, 23.42, 48.95
2020-10-28, 01:07:11, 23.42, 48.95
2020-10-28, 01:07:12, 23.43, 48.95
2020-10-28, 01:07:13, 23.43, 48.95
2020-10-28, 01:07:15, 23.42, 48.95
2020-10-28, 01:07:16, 23.43, 48.95
2020-10-28, 01:07:17, 23.43, 48.95
2020-10-28, 01:07:19, 23.44, 48.96
2020-10-28, 01:07:20, 23.42, 48.95
2020-10-28, 01:07:21, 23.42, 48.95
2020-10-28, 01:07:23, 23.42, 48.95
2020-10-28, 01:07:24, 23.44, 48.96
2020-10-28, 01:07:25, 23.44, 48.96
2020-10-28, 01:07:27, 23.43, 48.95
2020-10-28, 01:07:28, 23.44, 48.96
2020-10-28, 01:07:30, 23.43, 48.95
2020-10-28, 01:07:31, 23.44, 48.96
2020-10-28, 01:07:32, 23.44, 48.96
2020-10-28, 01:07:34, 23.44, 48.96
2020-10-28, 01:07:35, 23.45, 48.96
2020-10-28, 01:07:36, 23.45, 48.93
2020-10-28, 01:07:38, 23.45, 48.96
2020-10-28, 01:07:39, 23.44, 48.96
2020-10-28, 01:07:40, 23.45, 48.96
2020-10-28, 01:07:42, 23.44, 48.96
2020-10-28, 01:07:43, 23.43, 48.89
2020-10-28, 01:07:44, 23.44, 48.92
2020-10-28, 01:07:46, 23.43, 48.95
2020-10-28, 01:07:47, 23.44, 48.92
2020-10-28, 01:07:49, 23.45, 48.93
2020-10-28, 01:07:50, 23.46, 48.93
2020-10-28, 01:07:51, 23.46, 48.93
2020-10-28, 01:07:53, 23.46, 48.93
2020-10-28, 01:07:54, 23.45, 48.93
2020-10-28, 01:07:55, 23.45, 48.89
2020-10-28, 01:07:57, 23.47, 48.93
2020-10-28, 01:07:58, 23.47, 48.9
2020-10-28, 01:07:59, 23.46, 48.9
2020-10-28, 01:08:01, 23.47, 48.9
2020-10-28, 01:08:02, 23.46, 48.9
2020-10-28, 01:08:03, 23.46, 48.9
2020-10-28, 01:08:05, 23.47, 48.9
2020-10-28, 01:08:06, 23.47, 48.9
2020-10-28, 01:08:08, 23.46, 48.9
2020-10-28, 01:08:09, 23.46, 48.9
2020-10-28, 01:08:10, 23.47, 48.9
2020-10-28, 01:08:12, 23.47, 48.9
2020-10-28, 01:08:13, 23.47, 48.9
2020-10-28, 01:08:14, 23.46, 48.9
2020-10-28, 01:08:16, 23.47, 48.9
2020-10-28, 01:08:17, 23.48, 48.9
2020-10-28, 01:08:18, 23.48, 48.9
2020-10-28, 01:08:20, 23.47, 48.9
2020-10-28, 01:08:21, 23.48, 48.87
2020-10-28, 01:08:22, 23.48, 48.9
2020-10-28, 01:08:24, 23.47, 48.9
2020-10-28, 01:08:25, 23.46, 48.9
2020-10-28, 01:08:27, 23.46, 48.9
2020-10-28, 01:08:28, 23.47, 48.86
2020-10-28, 01:08:29, 23.47, 48.86
2020-10-28, 01:08:31, 23.47, 48.86
2020-10-28, 01:08:32, 23.48, 48.87
2020-10-28, 01:08:33, 23.48, 48.87
2020-10-28, 01:08:35, 23.49, 48.87
2020-10-28, 01:08:36, 23.48, 48.87
2020-10-28, 01:08:37, 23.48, 48.83
2020-10-28, 01:08:39, 23.48, 48.87
2020-10-28, 01:08:40, 23.49, 48.87
2020-10-28, 01:08:42, 23.48, 48.87
2020-10-28, 01:08:43, 23.48, 48.87
2020-10-28, 01:08:44, 23.49, 48.84
2020-10-28, 01:08:46, 23.49, 48.87
2020-10-28, 01:08:47, 23.49, 48.84
2020-10-28, 01:08:48, 23.5, 48.84
2020-10-28, 01:08:50, 23.5, 48.84
2020-10-28, 01:08:51, 23.5, 48.84
2020-10-28, 01:08:52, 23.48, 48.83
2020-10-28, 01:08:54, 23.5, 48.84
2020-10-28, 01:08:55, 23.49, 48.84
2020-10-28, 01:08:57, 23.5, 48.84
2020-10-28, 01:08:58, 23.5, 48.84
2020-10-28, 01:08:59, 23.49, 48.84
2020-10-28, 01:09:01, 23.51, 48.84
2020-10-28, 01:09:02, 23.52, 48.84
2020-10-28, 01:09:03, 23.51, 48.81
2020-10-28, 01:09:05, 23.52, 48.81
2020-10-28, 01:09:06, 23.5, 48.84
2020-10-28, 01:09:07, 23.52, 48.81
2020-10-28, 01:09:09, 23.5, 48.8
2020-10-28, 01:09:10, 23.51, 48.77
2020-10-28, 01:09:11, 23.5, 48.77
2020-10-28, 01:09:13, 23.52, 48.78
2020-10-28, 01:09:14, 23.51, 48.77
2020-10-28, 01:09:15, 23.51, 48.77
2020-10-28, 01:09:17, 23.5, 48.77
2020-10-28, 01:09:18, 23.5, 48.77
2020-10-28, 01:09:20, 23.53, 48.78
2020-10-28, 01:09:21, 23.52, 48.78
2020-10-28, 01:09:22, 23.5, 48.77
2020-10-28, 01:09:24, 23.51, 48.74
2020-10-28, 01:09:25, 23.53, 48.74
2020-10-28, 01:09:26, 23.52, 48.74
2020-10-28, 01:09:28, 23.53, 48.78
2020-10-28, 01:09:29, 23.52, 48.78
2020-10-28, 01:09:30, 23.53, 48.74
2020-10-28, 01:09:32, 23.52, 48.78
2020-10-28, 01:09:33, 23.52, 48.74
2020-10-28, 01:09:35, 23.53, 48.78
2020-10-28, 01:09:36, 23.53, 48.74
2020-10-28, 01:09:37, 23.52, 48.71
2020-10-28, 01:09:39, 23.53, 48.74
2020-10-28, 01:09:40, 23.54, 48.75
2020-10-28, 01:09:41, 23.54, 48.75
2020-10-28, 01:09:43, 23.53, 48.74
2020-10-28, 01:09:44, 23.54, 48.71
2020-10-28, 01:09:45, 23.54, 48.75
2020-10-28, 01:09:47, 23.54, 48.75
2020-10-28, 01:09:48, 23.55, 48.72
2020-10-28, 01:09:49, 23.55, 48.72
2020-10-28, 01:09:51, 23.55, 48.75
2020-10-28, 01:09:52, 23.55, 48.72
2020-10-28, 01:09:54, 23.55, 48.72
2020-10-28, 01:09:55, 23.56, 48.72
2020-10-28, 01:09:56, 23.56, 48.72
2020-10-28, 01:09:58, 23.55, 48.72
2020-10-28, 01:09:59, 23.56, 48.72
2020-10-28, 01:10:00, 23.53, 48.71
2020-10-28, 01:10:02, 23.54, 48.71
2020-10-28, 01:10:03, 23.55, 48.72
2020-10-28, 01:10:04, 23.55, 48.72
2020-10-28, 01:10:06, 23.54, 48.68
2020-10-28, 01:10:07, 23.56, 48.72
2020-10-28, 01:10:09, 23.54, 48.68
2020-10-28, 01:10:10, 23.56, 48.69
2020-10-28, 01:10:11, 23.56, 48.69
2020-10-28, 01:10:13, 23.55, 48.65
2020-10-28, 01:10:14, 23.56, 48.69
2020-10-28, 01:10:15, 23.56, 48.69
2020-10-28, 01:10:17, 23.56, 48.65
2020-10-28, 01:10:18, 23.55, 48.65
2020-10-28, 01:10:19, 23.56, 48.69
2020-10-28, 01:10:21, 23.56, 48.69
2020-10-28, 01:10:22, 23.56, 48.69
2020-10-28, 01:10:23, 23.55, 48.65
2020-10-28, 01:10:25, 23.56, 48.65
2020-10-28, 01:10:26, 23.57, 48.65
2020-10-28, 01:10:28, 23.56, 48.69
2020-10-28, 01:10:29, 23.57, 48.65
2020-10-28, 01:10:30, 23.56, 48.65
2020-10-28, 01:10:32, 23.57, 48.65
2020-10-28, 01:10:33, 23.57, 48.65
2020-10-28, 01:10:34, 23.56, 48.65
2020-10-28, 01:10:36, 23.57, 48.65
2020-10-28, 01:10:37, 23.57, 48.65
2020-10-28, 01:10:38, 23.58, 48.66
2020-10-28, 01:10:40, 23.58, 48.62
2020-10-28, 01:10:41, 23.6, 48.63
2020-10-28, 01:10:42, 23.58, 48.62
2020-10-28, 01:10:44, 23.58, 48.62
2020-10-28, 01:10:45, 23.58, 48.62
2020-10-28, 01:10:46, 23.58, 48.59
2020-10-28, 01:10:48, 23.58, 48.59
2020-10-28, 01:10:49, 23.57, 48.59
2020-10-28, 01:10:51, 23.58, 48.59
2020-10-28, 01:10:52, 23.6, 48.59
2020-10-28, 01:10:53, 23.6, 48.59
2020-10-28, 01:10:55, 23.59, 48.59
2020-10-28, 01:10:56, 23.59, 48.59
2020-10-28, 01:10:57, 23.59, 48.59
2020-10-28, 01:10:59, 23.59, 48.59
2020-10-28, 01:11:00, 23.6, 48.59
2020-10-28, 01:11:01, 23.6, 48.59
2020-10-28, 01:11:03, 23.59, 48.56
2020-10-28, 01:11:04, 23.6, 48.56
2020-10-28, 01:11:05, 23.59, 48.56
2020-10-28, 01:11:07, 23.59, 48.59
2020-10-28, 01:11:08, 23.6, 48.56
2020-10-28, 01:11:10, 23.6, 48.56
2020-10-28, 01:11:11, 23.6, 48.56
2020-10-28, 01:11:12, 23.6, 48.56
2020-10-28, 01:11:14, 23.6, 48.56
2020-10-28, 01:11:15, 23.61, 48.56
2020-10-28, 01:11:16, 23.58, 48.56
2020-10-28, 01:11:18, 23.61, 48.56
2020-10-28, 01:11:19, 23.6, 48.56
2020-10-28, 01:11:20, 23.61, 48.53
2020-10-28, 01:11:22, 23.62, 48.53
2020-10-28, 01:11:23, 23.62, 48.53
2020-10-28, 01:11:24, 23.62, 48.53
2020-10-28, 01:11:26, 23.62, 48.53
2020-10-28, 01:11:27, 23.62, 48.53
2020-10-28, 01:11:28, 23.62, 48.53
2020-10-28, 01:11:30, 23.62, 48.53
2020-10-28, 01:11:31, 23.63, 48.53
2020-10-28, 01:11:33, 23.62, 48.53
2020-10-28, 01:11:34, 23.62, 48.53
2020-10-28, 01:11:35, 23.62, 48.53
2020-10-28, 01:11:37, 23.63, 48.53
2020-10-28, 01:11:38, 23.63, 48.5
2020-10-28, 01:11:39, 23.63, 48.5
2020-10-28, 01:11:41, 23.64, 48.5
2020-10-28, 01:11:42, 23.63, 48.5
2020-10-28, 01:11:43, 23.64, 48.47
2020-10-28, 01:11:45, 23.63, 48.47
2020-10-28, 01:11:46, 23.63, 48.47
2020-10-28, 01:11:47, 23.63, 48.47
2020-10-28, 01:11:49, 23.63, 48.47
2020-10-28, 01:11:50, 23.64, 48.47
2020-10-28, 01:11:52, 23.64, 48.47
2020-10-28, 01:11:53, 23.63, 48.47
2020-10-28, 01:11:54, 23.64, 48.47
2020-10-28, 01:11:56, 23.62, 48.47
2020-10-28, 01:11:57, 23.64, 48.47
2020-10-28, 01:11:58, 23.63, 48.47
2020-10-28, 01:12:00, 23.64, 48.47
2020-10-28, 01:12:01, 23.63, 48.47
2020-10-28, 01:12:02, 23.62, 48.47
2020-10-28, 01:12:04, 23.63, 48.47
2020-10-28, 01:12:05, 23.64, 48.47
2020-10-28, 01:12:06, 23.63, 48.47
2020-10-28, 01:12:08, 23.63, 48.47
2020-10-28, 01:12:09, 23.64, 48.47
2020-10-28, 01:12:10, 23.64, 48.47
2020-10-28, 01:12:12, 23.65, 48.47
2020-10-28, 01:12:13, 23.65, 48.47
2020-10-28, 01:12:15, 23.65, 48.44
2020-10-28, 01:12:16, 23.63, 48.47
2020-10-28, 01:12:17, 23.63, 48.47
2020-10-28, 01:12:19, 23.64, 48.47
2020-10-28, 01:12:20, 23.64, 48.47
2020-10-28, 01:12:21, 23.64, 48.47
2020-10-28, 01:12:23, 23.64, 48.47
2020-10-28, 01:12:24, 23.64, 48.47
2020-10-28, 01:12:25, 23.66, 48.47
2020-10-28, 01:12:27, 23.66, 48.44
2020-10-28, 01:12:28, 23.66, 48.44
2020-10-28, 01:12:30, 23.66, 48.44
2020-10-28, 01:12:31, 23.65, 48.41
2020-10-28, 01:12:32, 23.64, 48.41
2020-10-28, 01:12:34, 23.66, 48.41
2020-10-28, 01:12:35, 23.65, 48.41
2020-10-28, 01:12:36, 23.66, 48.41
2020-10-28, 01:12:38, 23.66, 48.41
2020-10-28, 01:12:39, 23.66, 48.41
2020-10-28, 01:12:40, 23.66, 48.41
2020-10-28, 01:12:42, 23.66, 48.41
2020-10-28, 01:12:43, 23.66, 48.41
2020-10-28, 01:12:44, 23.66, 48.41
2020-10-28, 01:12:46, 23.66, 48.41
2020-10-28, 01:12:47, 23.67, 48.41
2020-10-28, 01:12:48, 23.66, 48.41
2020-10-28, 01:12:50, 23.66, 48.41
2020-10-28, 01:12:51, 23.66, 48.41
2020-10-28, 01:12:53, 23.66, 48.41
2020-10-28, 01:12:54, 23.67, 48.41
2020-10-28, 01:12:55, 23.67, 48.41
2020-10-28, 01:12:57, 23.67, 48.38
2020-10-28, 01:12:58, 23.65, 48.41
2020-10-28, 01:12:59, 23.66, 48.41
2020-10-28, 01:13:01, 23.67, 48.38
2020-10-28, 01:13:02, 23.65, 48.38
2020-10-28, 01:13:03, 23.65, 48.38
2020-10-28, 01:13:05, 23.66, 48.38
2020-10-28, 01:13:06, 23.66, 48.35
2020-10-28, 01:13:07, 23.67, 48.35
2020-10-28, 01:13:09, 23.66, 48.35
2020-10-28, 01:13:10, 23.68, 48.38
2020-10-28, 01:13:12, 23.66, 48.38
2020-10-28, 01:13:13, 23.66, 48.35
2020-10-28, 01:13:14, 23.67, 48.38
2020-10-28, 01:13:16, 23.67, 48.35
2020-10-28, 01:13:17, 23.67, 48.35
2020-10-28, 01:13:18, 23.67, 48.38
2020-10-28, 01:13:20, 23.66, 48.35
2020-10-28, 01:13:21, 23.66, 48.38
2020-10-28, 01:13:22, 23.66, 48.38
2020-10-28, 01:13:24, 23.66, 48.38
2020-10-28, 01:13:25, 23.66, 48.38
2020-10-28, 01:13:26, 23.66, 48.38
2020-10-28, 01:13:28, 23.68, 48.35
2020-10-28, 01:13:29, 23.67, 48.38
2020-10-28, 01:13:30, 23.68, 48.35
2020-10-28, 01:13:32, 23.68, 48.38
2020-10-28, 01:13:33, 23.66, 48.35
2020-10-28, 01:13:35, 23.68, 48.35
2020-10-28, 01:13:36, 23.68, 48.35
2020-10-28, 01:13:37, 23.68, 48.38
2020-10-28, 01:13:39, 23.68, 48.35
2020-10-28, 01:13:40, 23.67, 48.35
2020-10-28, 01:13:41, 23.67, 48.38
2020-10-28, 01:13:43, 23.67, 48.35
2020-10-28, 01:13:44, 23.67, 48.38
2020-10-28, 01:13:45, 23.68, 48.38
2020-10-28, 01:13:47, 23.67, 48.38
2020-10-28, 01:13:48, 23.68, 48.35
2020-10-28, 01:13:49, 23.67, 48.35
2020-10-28, 01:13:51, 23.67, 48.38
2020-10-28, 01:13:52, 23.67, 48.38
2020-10-28, 01:13:53, 23.66, 48.38
2020-10-28, 01:13:55, 23.68, 48.38
2020-10-28, 01:13:56, 23.67, 48.35
2020-10-28, 01:13:58, 23.68, 48.35
2020-10-28, 01:13:59, 23.68, 48.38
2020-10-28, 01:14:00, 23.68, 48.35
2020-10-28, 01:14:02, 23.68, 48.35
2020-10-28, 01:14:03, 23.67, 48.35
2020-10-28, 01:14:04, 23.68, 48.38
2020-10-28, 01:14:06, 23.68, 48.38
2020-10-28, 01:14:07, 23.68, 48.35
2020-10-28, 01:14:08, 23.66, 48.35
2020-10-28, 01:14:10, 23.68, 48.38
2020-10-28, 01:14:11, 23.69, 48.38
2020-10-28, 01:14:12, 23.69, 48.35
2020-10-28, 01:14:14, 23.68, 48.38
2020-10-28, 01:14:15, 23.68, 48.38
2020-10-28, 01:14:17, 23.67, 48.38
2020-10-28, 01:14:18, 23.68, 48.35
2020-10-28, 01:14:19, 23.69, 48.38
2020-10-28, 01:14:21, 23.68, 48.35
2020-10-28, 01:14:22, 23.68, 48.35
2020-10-28, 01:14:23, 23.68, 48.35
2020-10-28, 01:14:25, 23.67, 48.35
2020-10-28, 01:14:26, 23.67, 48.35
2020-10-28, 01:14:27, 23.69, 48.38
2020-10-28, 01:14:29, 23.68, 48.35
2020-10-28, 01:14:30, 23.68, 48.35
2020-10-28, 01:14:31, 23.68, 48.38
2020-10-28, 01:14:33, 23.67, 48.35
2020-10-28, 01:14:34, 23.67, 48.38
2020-10-28, 01:14:36, 23.68, 48.38
2020-10-28, 01:14:37, 23.68, 48.38
2020-10-28, 01:14:38, 23.66, 48.41
2020-10-28, 01:14:40, 23.66, 48.41
2020-10-28, 01:14:41, 23.65, 48.41
2020-10-28, 01:14:42, 23.67, 48.41
2020-10-28, 01:14:44, 23.66, 48.41
2020-10-28, 01:14:45, 23.67, 48.41
2020-10-28, 01:14:46, 23.66, 48.41
2020-10-28, 01:14:48, 23.66, 48.41
2020-10-28, 01:14:49, 23.67, 48.35
2020-10-28, 01:14:51, 23.67, 48.41
2020-10-28, 01:14:52, 23.67, 48.35
2020-10-28, 01:14:53, 23.68, 48.38
2020-10-28, 01:14:55, 23.67, 48.38
2020-10-28, 01:14:56, 23.66, 48.38
2020-10-28, 01:14:57, 23.68, 48.38
2020-10-28, 01:14:59, 23.68, 48.41
2020-10-28, 01:15:00, 23.68, 48.38
2020-10-28, 01:15:01, 23.68, 48.38
2020-10-28, 01:15:03, 23.68, 48.41
2020-10-28, 01:15:04, 23.68, 48.38
2020-10-28, 01:15:05, 23.67, 48.41
2020-10-28, 01:15:07, 23.68, 48.41
2020-10-28, 01:15:08, 23.68, 48.41
2020-10-28, 01:15:09, 23.68, 48.41
2020-10-28, 01:15:11, 23.68, 48.41
2020-10-28, 01:15:12, 23.67, 48.41
2020-10-28, 01:15:14, 23.67, 48.44
2020-10-28, 01:15:15, 23.69, 48.41
2020-10-28, 01:15:16, 23.68, 48.41
2020-10-28, 01:15:18, 23.67, 48.41
2020-10-28, 01:15:19, 23.68, 48.45
2020-10-28, 01:15:20, 23.68, 48.41
2020-10-28, 01:15:22, 23.67, 48.41
2020-10-28, 01:15:23, 23.7, 48.42
2020-10-28, 01:15:24, 23.68, 48.41
2020-10-28, 01:15:26, 23.67, 48.41
2020-10-28, 01:15:27, 23.66, 48.41
2020-10-28, 01:15:28, 23.66, 48.41
2020-10-28, 01:15:30, 23.67, 48.41
2020-10-28, 01:15:31, 23.68, 48.41
2020-10-28, 01:15:33, 23.68, 48.41
2020-10-28, 01:15:34, 23.69, 48.41
2020-10-28, 01:15:35, 23.67, 48.41
2020-10-28, 01:15:37, 23.68, 48.41
2020-10-28, 01:15:38, 23.68, 48.41
2020-10-28, 01:15:39, 23.68, 48.41
2020-10-28, 01:15:41, 23.67, 48.41
2020-10-28, 01:15:42, 23.68, 48.41
2020-10-28, 01:15:43, 23.68, 48.41
2020-10-28, 01:15:45, 23.68, 48.41
2020-10-28, 01:15:46, 23.69, 48.41
2020-10-28, 01:15:47, 23.68, 48.41
2020-10-28, 01:15:49, 23.69, 48.41
2020-10-28, 01:15:50, 23.68, 48.41
2020-10-28, 01:15:52, 23.67, 48.41
2020-10-28, 01:15:53, 23.67, 48.41
2020-10-28, 01:15:54, 23.69, 48.38
2020-10-28, 01:15:56, 23.68, 48.41
2020-10-28, 01:15:57, 23.68, 48.41
2020-10-28, 01:15:58, 23.69, 48.41
2020-10-28, 01:16:00, 23.69, 48.41
2020-10-28, 01:16:01, 23.68, 48.41
2020-10-28, 01:16:02, 23.69, 48.41
2020-10-28, 01:16:04, 23.68, 48.41
2020-10-28, 01:16:05, 23.68, 48.41
2020-10-28, 01:16:06, 23.69, 48.41
2020-10-28, 01:16:08, 23.69, 48.41
2020-10-28, 01:16:09, 23.69, 48.41
2020-10-28, 01:16:11, 23.71, 48.42
2020-10-28, 01:16:12, 23.7, 48.42
2020-10-28, 01:16:13, 23.69, 48.41
2020-10-28, 01:16:15, 23.69, 48.41
2020-10-28, 01:16:16, 23.7, 48.42
2020-10-28, 01:16:17, 23.7, 48.42
2020-10-28, 01:16:19, 23.7, 48.42
2020-10-28, 01:16:20, 23.7, 48.42
2020-10-28, 01:16:21, 23.7, 48.42
2020-10-28, 01:16:23, 23.68, 48.45
2020-10-28, 01:16:24, 23.7, 48.42
2020-10-28, 01:16:25, 23.69, 48.41
2020-10-28, 01:16:27, 23.7, 48.45
2020-10-28, 01:16:28, 23.71, 48.45
2020-10-28, 01:16:30, 23.7, 48.45
2020-10-28, 01:16:31, 23.7, 48.45
2020-10-28, 01:16:32, 23.69, 48.45
2020-10-28, 01:16:34, 23.68, 48.41
2020-10-28, 01:16:35, 23.69, 48.45
2020-10-28, 01:16:36, 23.69, 48.45
2020-10-28, 01:16:38, 23.68, 48.45
2020-10-28, 01:16:39, 23.69, 48.41
2020-10-28, 01:16:40, 23.69, 48.41
2020-10-28, 01:16:42, 23.68, 48.45
2020-10-28, 01:16:43, 23.69, 48.41
2020-10-28, 01:16:44, 23.67, 48.41
2020-10-28, 01:16:46, 23.68, 48.41
2020-10-28, 01:16:47, 23.68, 48.41
2020-10-28, 01:16:49, 23.68, 48.45
2020-10-28, 01:16:50, 23.67, 48.41
2020-10-28, 01:16:51, 23.7, 48.42
2020-10-28, 01:16:53, 23.69, 48.45
2020-10-28, 01:16:54, 23.69, 48.41
2020-10-28, 01:16:55, 23.68, 48.45
2020-10-28, 01:16:57, 23.7, 48.45
2020-10-28, 01:16:58, 23.7, 48.45
2020-10-28, 01:16:59, 23.71, 48.45
2020-10-28, 01:17:01, 23.7, 48.42
2020-10-28, 01:17:02, 23.69, 48.45
2020-10-28, 01:17:03, 23.7, 48.45
2020-10-28, 01:17:05, 23.7, 48.45
2020-10-28, 01:17:06, 23.7, 48.45
2020-10-28, 01:17:08, 23.7, 48.42
2020-10-28, 01:17:09, 23.68, 48.45
2020-10-28, 01:17:10, 23.68, 48.45
2020-10-28, 01:17:12, 23.7, 48.45
2020-10-28, 01:17:13, 23.7, 48.45
2020-10-28, 01:17:14, 23.7, 48.45
2020-10-28, 01:17:16, 23.69, 48.48
2020-10-28, 01:17:17, 23.7, 48.45
2020-10-28, 01:17:18, 23.69, 48.41
2020-10-28, 01:17:20, 23.7, 48.42
2020-10-28, 01:17:21, 23.7, 48.42
2020-10-28, 01:17:22, 23.7, 48.42
2020-10-28, 01:17:24, 23.7, 48.45
2020-10-28, 01:17:25, 23.7, 48.45
2020-10-28, 01:17:27, 23.7, 48.45
2020-10-28, 01:17:28, 23.71, 48.45
2020-10-28, 01:17:29, 23.71, 48.48
2020-10-28, 01:17:31, 23.69, 48.48
2020-10-28, 01:17:32, 23.71, 48.48
2020-10-28, 01:17:33, 23.71, 48.45
2020-10-28, 01:17:35, 23.71, 48.45
2020-10-28, 01:17:36, 23.7, 48.48
2020-10-28, 01:17:37, 23.7, 48.45
2020-10-28, 01:17:39, 23.7, 48.45
2020-10-28, 01:17:40, 23.71, 48.48
2020-10-28, 01:17:41, 23.71, 48.48
2020-10-28, 01:17:43, 23.72, 48.45
2020-10-28, 01:17:44, 23.72, 48.42
2020-10-28, 01:17:45, 23.72, 48.42
2020-10-28, 01:17:47, 23.7, 48.45
2020-10-28, 01:17:48, 23.7, 48.42
2020-10-28, 01:17:50, 23.7, 48.42
2020-10-28, 01:17:51, 23.71, 48.42
2020-10-28, 01:17:52, 23.72, 48.42
2020-10-28, 01:17:54, 23.71, 48.42
2020-10-28, 01:17:55, 23.72, 48.42
2020-10-28, 01:17:56, 23.71, 48.42
2020-10-28, 01:17:58, 23.72, 48.42
2020-10-28, 01:17:59, 23.72, 48.42
2020-10-28, 01:18:00, 23.71, 48.45
2020-10-28, 01:18:02, 23.73, 48.42
2020-10-28, 01:18:03, 23.71, 48.42
2020-10-28, 01:18:04, 23.7, 48.42
2020-10-28, 01:18:06, 23.7, 48.45
2020-10-28, 01:18:07, 23.71, 48.42
2020-10-28, 01:18:09, 23.7, 48.45
2020-10-28, 01:18:10, 23.7, 48.42
2020-10-28, 01:18:11, 23.71, 48.42
2020-10-28, 01:18:13, 23.72, 48.42
2020-10-28, 01:18:14, 23.72, 48.42
2020-10-28, 01:18:15, 23.7, 48.42
2020-10-28, 01:18:17, 23.7, 48.42
2020-10-28, 01:18:18, 23.71, 48.45
2020-10-28, 01:18:19, 23.72, 48.42
2020-10-28, 01:18:21, 23.73, 48.45
2020-10-28, 01:18:22, 23.72, 48.45
2020-10-28, 01:18:23, 23.72, 48.48
2020-10-28, 01:18:25, 23.72, 48.45
2020-10-28, 01:18:26, 23.72, 48.48
2020-10-28, 01:18:27, 23.73, 48.48
2020-10-28, 01:18:29, 23.72, 48.45
2020-10-28, 01:18:30, 23.73, 48.45
2020-10-28, 01:18:32, 23.72, 48.45
2020-10-28, 01:18:33, 23.73, 48.48
2020-10-28, 01:18:34, 23.74, 48.49
2020-10-28, 01:18:36, 23.73, 48.48
2020-10-28, 01:18:37, 23.73, 48.48
2020-10-28, 01:18:38, 23.72, 48.48
2020-10-28, 01:18:40, 23.73, 48.48
2020-10-28, 01:18:41, 23.72, 48.48
2020-10-28, 01:18:42, 23.73, 48.48
2020-10-28, 01:18:44, 23.71, 48.48
2020-10-28, 01:18:45, 23.74, 48.49
2020-10-28, 01:18:46, 23.74, 48.49
2020-10-28, 01:18:48, 23.75, 48.49
2020-10-28, 01:18:49, 23.74, 48.49
2020-10-28, 01:18:51, 23.74, 48.49
2020-10-28, 01:18:52, 23.75, 48.49
2020-10-28, 01:18:53, 23.74, 48.49
2020-10-28, 01:18:55, 23.74, 48.49
2020-10-28, 01:18:56, 23.74, 48.45
2020-10-28, 01:18:57, 23.74, 48.49
2020-10-28, 01:18:59, 23.74, 48.49
2020-10-28, 01:19:00, 23.73, 48.48
2020-10-28, 01:19:01, 23.74, 48.45
2020-10-28, 01:19:03, 23.73, 48.48
2020-10-28, 01:19:04, 23.75, 48.49
2020-10-28, 01:19:05, 23.75, 48.49
2020-10-28, 01:19:07, 23.75, 48.49
2020-10-28, 01:19:08, 23.75, 48.49
2020-10-28, 01:19:09, 23.74, 48.49
2020-10-28, 01:19:11, 23.72, 48.48
2020-10-28, 01:19:12, 23.72, 48.48
2020-10-28, 01:19:14, 23.73, 48.52
2020-10-28, 01:19:15, 23.74, 48.52
2020-10-28, 01:19:16, 23.74, 48.52
2020-10-28, 01:19:18, 23.74, 48.52
2020-10-28, 01:19:19, 23.74, 48.52
2020-10-28, 01:19:20, 23.74, 48.52
2020-10-28, 01:19:22, 23.75, 48.52
2020-10-28, 01:19:23, 23.74, 48.52
2020-10-28, 01:19:24, 23.74, 48.52
2020-10-28, 01:19:26, 23.75, 48.49
2020-10-28, 01:19:27, 23.74, 48.52
2020-10-28, 01:19:28, 23.74, 48.55
2020-10-28, 01:19:30, 23.74, 48.55
2020-10-28, 01:19:31, 23.74, 48.55
2020-10-28, 01:19:33, 23.74, 48.55
2020-10-28, 01:19:34, 23.74, 48.55
2020-10-28, 01:19:35, 23.74, 48.55
2020-10-28, 01:19:37, 23.74, 48.55
2020-10-28, 01:19:38, 23.74, 48.55
2020-10-28, 01:19:39, 23.74, 48.55
2020-10-28, 01:19:41, 23.73, 48.55
2020-10-28, 01:19:42, 23.73, 48.55
2020-10-28, 01:19:43, 23.74, 48.55
2020-10-28, 01:19:45, 23.74, 48.55
2020-10-28, 01:19:46, 23.75, 48.55
2020-10-28, 01:19:47, 23.74, 48.55
2020-10-28, 01:19:49, 23.72, 48.55
2020-10-28, 01:19:50, 23.73, 48.55
2020-10-28, 01:19:52, 23.74, 48.58
2020-10-28, 01:19:53, 23.74, 48.58
2020-10-28, 01:19:54, 23.74, 48.58
2020-10-28, 01:19:56, 23.72, 48.61
2020-10-28, 01:19:57, 23.73, 48.58
2020-10-28, 01:19:58, 23.75, 48.58
2020-10-28, 01:20:00, 23.73, 48.55
2020-10-28, 01:20:01, 23.74, 48.58
2020-10-28, 01:20:02, 23.74, 48.58
2020-10-28, 01:20:04, 23.75, 48.58
2020-10-28, 01:20:05, 23.74, 48.55
2020-10-28, 01:20:06, 23.75, 48.55
2020-10-28, 01:20:08, 23.76, 48.55
2020-10-28, 01:20:09, 23.75, 48.55
2020-10-28, 01:20:11, 23.73, 48.55
2020-10-28, 01:20:12, 23.73, 48.55
2020-10-28, 01:20:13, 23.75, 48.55
2020-10-28, 01:20:15, 23.74, 48.55
2020-10-28, 01:20:16, 23.74, 48.55
2020-10-28, 01:20:17, 23.75, 48.55
2020-10-28, 01:20:19, 23.76, 48.55
2020-10-28, 01:20:20, 23.73, 48.55
2020-10-28, 01:20:21, 23.75, 48.55
2020-10-28, 01:20:23, 23.74, 48.55
2020-10-28, 01:20:24, 23.74, 48.55
2020-10-28, 01:20:25, 23.75, 48.55
2020-10-28, 01:20:27, 23.75, 48.55
2020-10-28, 01:20:28, 23.73, 48.55
2020-10-28, 01:20:30, 23.73, 48.58
2020-10-28, 01:20:31, 23.75, 48.55
2020-10-28, 01:20:32, 23.76, 48.55
2020-10-28, 01:20:34, 23.74, 48.58
2020-10-28, 01:20:35, 23.75, 48.58
2020-10-28, 01:20:36, 23.75, 48.55
2020-10-28, 01:20:38, 23.75, 48.58
2020-10-28, 01:20:39, 23.75, 48.55
2020-10-28, 01:20:40, 23.76, 48.55
2020-10-28, 01:20:42, 23.74, 48.58
2020-10-28, 01:20:43, 23.74, 48.58
2020-10-28, 01:20:44, 23.73, 48.58
2020-10-28, 01:20:46, 23.74, 48.58
2020-10-28, 01:20:47, 23.74, 48.58
2020-10-28, 01:20:49, 23.72, 48.61
2020-10-28, 01:20:50, 23.73, 48.61
2020-10-28, 01:20:51, 23.75, 48.61
2020-10-28, 01:20:53, 23.74, 48.58
2020-10-28, 01:20:54, 23.74, 48.58
2020-10-28, 01:20:55, 23.74, 48.61
2020-10-28, 01:20:57, 23.76, 48.58
2020-10-28, 01:20:58, 23.74, 48.58
2020-10-28, 01:20:59, 23.74, 48.58
2020-10-28, 01:21:01, 23.74, 48.58
2020-10-28, 01:21:02, 23.75, 48.55
2020-10-28, 01:21:03, 23.74, 48.55
2020-10-28, 01:21:05, 23.74, 48.55
2020-10-28, 01:21:06, 23.76, 48.55
2020-10-28, 01:21:08, 23.76, 48.55
2020-10-28, 01:21:09, 23.74, 48.55
2020-10-28, 01:21:10, 23.73, 48.55
2020-10-28, 01:21:12, 23.75, 48.55
2020-10-28, 01:21:13, 23.75, 48.55
2020-10-28, 01:21:14, 23.76, 48.58
2020-10-28, 01:21:16, 23.74, 48.55
2020-10-28, 01:21:17, 23.75, 48.55
2020-10-28, 01:21:18, 23.73, 48.58
2020-10-28, 01:21:20, 23.75, 48.58
2020-10-28, 01:21:21, 23.74, 48.58
2020-10-28, 01:21:22, 23.74, 48.55
2020-10-28, 01:21:24, 23.76, 48.58
2020-10-28, 01:21:25, 23.76, 48.58
2020-10-28, 01:21:26, 23.76, 48.58
2020-10-28, 01:21:28, 23.75, 48.58
2020-10-28, 01:21:29, 23.77, 48.58
2020-10-28, 01:21:31, 23.77, 48.58
2020-10-28, 01:21:32, 23.76, 48.62
2020-10-28, 01:21:33, 23.78, 48.59
2020-10-28, 01:21:35, 23.76, 48.58
2020-10-28, 01:21:36, 23.76, 48.58
2020-10-28, 01:21:37, 23.75, 48.61
2020-10-28, 01:21:39, 23.76, 48.62
2020-10-28, 01:21:40, 23.77, 48.62
2020-10-28, 01:21:41, 23.76, 48.58
2020-10-28, 01:21:43, 23.76, 48.58
2020-10-28, 01:21:44, 23.77, 48.58
2020-10-28, 01:21:45, 23.76, 48.58
2020-10-28, 01:21:47, 23.77, 48.58
2020-10-28, 01:21:48, 23.75, 48.58
2020-10-28, 01:21:50, 23.76, 48.58
2020-10-28, 01:21:51, 23.76, 48.55
2020-10-28, 01:21:52, 23.77, 48.55
2020-10-28, 01:21:54, 23.76, 48.55
2020-10-28, 01:21:55, 23.77, 48.55
2020-10-28, 01:21:56, 23.77, 48.58
2020-10-28, 01:21:58, 23.77, 48.55
2020-10-28, 01:21:59, 23.77, 48.58
2020-10-28, 01:22:00, 23.78, 48.59
2020-10-28, 01:22:02, 23.77, 48.58
2020-10-28, 01:22:03, 23.78, 48.62
2020-10-28, 01:22:04, 23.78, 48.62
2020-10-28, 01:22:06, 23.78, 48.59
2020-10-28, 01:22:07, 23.78, 48.59
2020-10-28, 01:22:08, 23.76, 48.58
2020-10-28, 01:22:10, 23.77, 48.62
2020-10-28, 01:22:11, 23.78, 48.59
2020-10-28, 01:22:13, 23.77, 48.58
2020-10-28, 01:22:14, 23.77, 48.58
2020-10-28, 01:22:15, 23.77, 48.58
2020-10-28, 01:22:17, 23.77, 48.58
2020-10-28, 01:22:18, 23.76, 48.58
2020-10-28, 01:22:19, 23.78, 48.59
2020-10-28, 01:22:21, 23.77, 48.58
2020-10-28, 01:22:22, 23.78, 48.59
2020-10-28, 01:22:23, 23.78, 48.59
2020-10-28, 01:22:25, 23.79, 48.59
2020-10-28, 01:22:26, 23.79, 48.62
2020-10-28, 01:22:27, 23.78, 48.59
2020-10-28, 01:22:29, 23.77, 48.58
2020-10-28, 01:22:30, 23.78, 48.62
2020-10-28, 01:22:32, 23.78, 48.59
2020-10-28, 01:22:33, 23.78, 48.59
2020-10-28, 01:22:34, 23.78, 48.59
2020-10-28, 01:22:36, 23.79, 48.59
2020-10-28, 01:22:37, 23.78, 48.59
2020-10-28, 01:22:38, 23.77, 48.58
2020-10-28, 01:22:40, 23.78, 48.62
2020-10-28, 01:22:41, 23.78, 48.62
2020-10-28, 01:22:42, 23.79, 48.59
2020-10-28, 01:22:44, 23.78, 48.59
2020-10-28, 01:22:45, 23.78, 48.62
2020-10-28, 01:22:46, 23.77, 48.62
2020-10-28, 01:22:48, 23.77, 48.62
2020-10-28, 01:22:49, 23.78, 48.59
2020-10-28, 01:22:51, 23.78, 48.62
2020-10-28, 01:22:52, 23.78, 48.62
2020-10-28, 01:22:53, 23.78, 48.59
2020-10-28, 01:22:55, 23.78, 48.59
2020-10-28, 01:22:56, 23.78, 48.62
2020-10-28, 01:22:57, 23.78, 48.62
2020-10-28, 01:22:59, 23.78, 48.59
2020-10-28, 01:23:00, 23.78, 48.59
2020-10-28, 01:23:01, 23.78, 48.55
2020-10-28, 01:23:03, 23.78, 48.59
2020-10-28, 01:23:04, 23.78, 48.59
2020-10-28, 01:23:05, 23.78, 48.59
2020-10-28, 01:23:07, 23.78, 48.59
2020-10-28, 01:23:08, 23.78, 48.59
2020-10-28, 01:23:09, 23.78, 48.59
2020-10-28, 01:23:11, 23.78, 48.59
2020-10-28, 01:23:12, 23.77, 48.58
2020-10-28, 01:23:14, 23.8, 48.59
2020-10-28, 01:23:15, 23.79, 48.59
2020-10-28, 01:23:16, 23.78, 48.62
2020-10-28, 01:23:18, 23.78, 48.59
2020-10-28, 01:23:19, 23.78, 48.62
2020-10-28, 01:23:20, 23.78, 48.59
2020-10-28, 01:23:22, 23.79, 48.62
2020-10-28, 01:23:23, 23.77, 48.62
2020-10-28, 01:23:24, 23.79, 48.62
2020-10-28, 01:23:26, 23.79, 48.59
2020-10-28, 01:23:27, 23.78, 48.59
2020-10-28, 01:23:28, 23.78, 48.62
2020-10-28, 01:23:30, 23.78, 48.62
2020-10-28, 01:23:31, 23.79, 48.59
2020-10-28, 01:23:33, 23.78, 48.59
2020-10-28, 01:23:34, 23.79, 48.62
2020-10-28, 01:23:35, 23.8, 48.62
2020-10-28, 01:23:37, 23.8, 48.62
2020-10-28, 01:23:38, 23.8, 48.59
2020-10-28, 01:23:39, 23.79, 48.59
2020-10-28, 01:23:41, 23.8, 48.59
2020-10-28, 01:23:42, 23.8, 48.59
2020-10-28, 01:23:43, 23.8, 48.59
2020-10-28, 01:23:45, 23.8, 48.59
2020-10-28, 01:23:46, 23.81, 48.56
2020-10-28, 01:23:47, 23.81, 48.59
2020-10-28, 01:23:49, 23.8, 48.59
2020-10-28, 01:23:50, 23.8, 48.59
2020-10-28, 01:23:51, 23.8, 48.56
2020-10-28, 01:23:53, 23.78, 48.55
2020-10-28, 01:23:54, 23.79, 48.59
2020-10-28, 01:23:56, 23.8, 48.59
2020-10-28, 01:23:57, 23.8, 48.59
2020-10-28, 01:23:58, 23.8, 48.56
2020-10-28, 01:24:00, 23.8, 48.59
2020-10-28, 01:24:01, 23.8, 48.56
2020-10-28, 01:24:02, 23.8, 48.56
2020-10-28, 01:24:04, 23.82, 48.56
2020-10-28, 01:24:05, 23.8, 48.56
2020-10-28, 01:24:06, 23.8, 48.56
2020-10-28, 01:24:08, 23.8, 48.56
2020-10-28, 01:24:09, 23.8, 48.56
2020-10-28, 01:24:10, 23.8, 48.59
2020-10-28, 01:24:12, 23.8, 48.59
2020-10-28, 01:24:13, 23.81, 48.59
2020-10-28, 01:24:15, 23.81, 48.56
2020-10-28, 01:24:16, 23.8, 48.59
2020-10-28, 01:24:17, 23.8, 48.56
2020-10-28, 01:24:19, 23.8, 48.59
2020-10-28, 01:24:20, 23.81, 48.59
2020-10-28, 01:24:21, 23.8, 48.62
2020-10-28, 01:24:23, 23.8, 48.59
2020-10-28, 01:24:24, 23.8, 48.59
2020-10-28, 01:24:25, 23.81, 48.59
2020-10-28, 01:24:27, 23.79, 48.59
2020-10-28, 01:24:28, 23.8, 48.59
2020-10-28, 01:24:29, 23.8, 48.56
2020-10-28, 01:24:31, 23.8, 48.59
2020-10-28, 01:24:32, 23.8, 48.56
2020-10-28, 01:24:33, 23.81, 48.56
2020-10-28, 01:24:35, 23.8, 48.56
2020-10-28, 01:24:36, 23.8, 48.56
2020-10-28, 01:24:38, 23.8, 48.56
2020-10-28, 01:24:39, 23.81, 48.56
2020-10-28, 01:24:40, 23.8, 48.56
2020-10-28, 01:24:42, 23.8, 48.56
2020-10-28, 01:24:43, 23.8, 48.56
2020-10-28, 01:24:44, 23.8, 48.59
2020-10-28, 01:24:46, 23.81, 48.56
2020-10-28, 01:24:47, 23.79, 48.56
2020-10-28, 01:24:48, 23.8, 48.56
2020-10-28, 01:24:50, 23.8, 48.56
2020-10-28, 01:24:51, 23.78, 48.55
2020-10-28, 01:24:52, 23.81, 48.56
2020-10-28, 01:24:54, 23.79, 48.56
2020-10-28, 01:24:55, 23.81, 48.59
2020-10-28, 01:24:57, 23.8, 48.56
2020-10-28, 01:24:58, 23.81, 48.56
2020-10-28, 01:24:59, 23.81, 48.56
2020-10-28, 01:25:01, 23.81, 48.56
2020-10-28, 01:25:02, 23.81, 48.56
2020-10-28, 01:25:03, 23.82, 48.56
2020-10-28, 01:25:05, 23.82, 48.56
2020-10-28, 01:25:06, 23.82, 48.56
2020-10-28, 01:25:07, 23.8, 48.59
2020-10-28, 01:25:09, 23.82, 48.56
2020-10-28, 01:25:10, 23.82, 48.59
2020-10-28, 01:25:12, 23.82, 48.59
2020-10-28, 01:25:13, 23.81, 48.56
2020-10-28, 01:25:14, 23.81, 48.56
2020-10-28, 01:25:16, 23.82, 48.59
2020-10-28, 01:25:17, 23.82, 48.59
2020-10-28, 01:25:18, 23.8, 48.59
2020-10-28, 01:25:20, 23.81, 48.56
2020-10-28, 01:25:21, 23.82, 48.56
2020-10-28, 01:25:22, 23.81, 48.56
2020-10-28, 01:25:24, 23.81, 48.56
2020-10-28, 01:25:25, 23.81, 48.56
2020-10-28, 01:25:26, 23.82, 48.56
2020-10-28, 01:25:28, 23.8, 48.56
2020-10-28, 01:25:29, 23.8, 48.56
2020-10-28, 01:25:31, 23.8, 48.56
2020-10-28, 01:25:32, 23.79, 48.59
2020-10-28, 01:25:33, 23.81, 48.56
2020-10-28, 01:25:35, 23.8, 48.56
2020-10-28, 01:25:36, 23.81, 48.56
2020-10-28, 01:25:37, 23.81, 48.56
2020-10-28, 01:25:39, 23.81, 48.56
2020-10-28, 01:25:40, 23.81, 48.56
2020-10-28, 01:25:41, 23.8, 48.56
2020-10-28, 01:25:43, 23.82, 48.56
2020-10-28, 01:25:44, 23.81, 48.56
2020-10-28, 01:25:45, 23.81, 48.56
2020-10-28, 01:25:47, 23.8, 48.56
2020-10-28, 01:25:48, 23.82, 48.56
2020-10-28, 01:25:50, 23.82, 48.56
2020-10-28, 01:25:51, 23.82, 48.56
2020-10-28, 01:25:52, 23.82, 48.56
2020-10-28, 01:25:54, 23.82, 48.56
2020-10-28, 01:25:55, 23.82, 48.56
2020-10-28, 01:25:56, 23.81, 48.56
2020-10-28, 01:25:58, 23.81, 48.53
2020-10-28, 01:25:59, 23.82, 48.56
2020-10-28, 01:26:00, 23.8, 48.56
2020-10-28, 01:26:02, 23.8, 48.56
2020-10-28, 01:26:03, 23.82, 48.53
2020-10-28, 01:26:04, 23.82, 48.56
2020-10-28, 01:26:06, 23.83, 48.56
2020-10-28, 01:26:07, 23.82, 48.53
2020-10-28, 01:26:09, 23.81, 48.56
2020-10-28, 01:26:10, 23.82, 48.56
2020-10-28, 01:26:11, 23.81, 48.53
2020-10-28, 01:26:13, 23.82, 48.56
2020-10-28, 01:26:14, 23.81, 48.56
2020-10-28, 01:26:15, 23.82, 48.53
2020-10-28, 01:26:17, 23.82, 48.56
2020-10-28, 01:26:18, 23.81, 48.53
2020-10-28, 01:26:19, 23.81, 48.53
2020-10-28, 01:26:21, 23.82, 48.53
2020-10-28, 01:26:22, 23.82, 48.53
2020-10-28, 01:26:23, 23.81, 48.53
2020-10-28, 01:26:25, 23.81, 48.53
2020-10-28, 01:26:26, 23.81, 48.49
2020-10-28, 01:26:27, 23.81, 48.56
2020-10-28, 01:26:29, 23.81, 48.53
2020-10-28, 01:26:30, 23.8, 48.52
2020-10-28, 01:26:32, 23.82, 48.56
2020-10-28, 01:26:33, 23.82, 48.53
2020-10-28, 01:26:34, 23.81, 48.53
2020-10-28, 01:26:36, 23.81, 48.53
2020-10-28, 01:26:37, 23.8, 48.52
2020-10-28, 01:26:38, 23.81, 48.53
2020-10-28, 01:26:40, 23.82, 48.53
2020-10-28, 01:26:41, 23.82, 48.53
2020-10-28, 01:26:42, 23.82, 48.53
2020-10-28, 01:26:44, 23.83, 48.53
2020-10-28, 01:26:45, 23.82, 48.53
2020-10-28, 01:26:46, 23.82, 48.53
2020-10-28, 01:26:48, 23.83, 48.53
2020-10-28, 01:26:49, 23.83, 48.53
2020-10-28, 01:26:51, 23.82, 48.53
2020-10-28, 01:26:52, 23.83, 48.5
2020-10-28, 01:26:53, 23.82, 48.5
2020-10-28, 01:26:55, 23.82, 48.5
2020-10-28, 01:26:56, 23.81, 48.49
2020-10-28, 01:26:57, 23.82, 48.5
2020-10-28, 01:26:59, 23.82, 48.5
2020-10-28, 01:27:00, 23.82, 48.53
2020-10-28, 01:27:01, 23.82, 48.53
2020-10-28, 01:27:03, 23.82, 48.53
2020-10-28, 01:27:04, 23.82, 48.53
2020-10-28, 01:27:05, 23.83, 48.53
2020-10-28, 01:27:07, 23.8, 48.52
2020-10-28, 01:27:08, 23.8, 48.52
2020-10-28, 01:27:10, 23.81, 48.49
2020-10-28, 01:27:11, 23.82, 48.53
2020-10-28, 01:27:12, 23.8, 48.49
2020-10-28, 01:27:14, 23.81, 48.53
2020-10-28, 01:27:15, 23.81, 48.53
2020-10-28, 01:27:16, 23.82, 48.5
2020-10-28, 01:27:18, 23.82, 48.5
2020-10-28, 01:27:19, 23.81, 48.49
2020-10-28, 01:27:20, 23.81, 48.53
2020-10-28, 01:27:22, 23.81, 48.53
2020-10-28, 01:27:23, 23.82, 48.53
2020-10-28, 01:27:24, 23.82, 48.53
2020-10-28, 01:27:26, 23.82, 48.5
2020-10-28, 01:27:27, 23.82, 48.5
2020-10-28, 01:27:29, 23.82, 48.53
2020-10-28, 01:27:30, 23.83, 48.53
2020-10-28, 01:27:31, 23.84, 48.53
2020-10-28, 01:27:33, 23.82, 48.53
2020-10-28, 01:27:34, 23.82, 48.53
2020-10-28, 01:27:35, 23.82, 48.53
2020-10-28, 01:27:37, 23.82, 48.5
2020-10-28, 01:27:38, 23.83, 48.5
2020-10-28, 01:27:39, 23.82, 48.53
2020-10-28, 01:27:41, 23.82, 48.53
2020-10-28, 01:27:42, 23.81, 48.53
2020-10-28, 01:27:43, 23.82, 48.5
2020-10-28, 01:27:45, 23.81, 48.49
2020-10-28, 01:27:46, 23.81, 48.49
2020-10-28, 01:27:48, 23.84, 48.53
2020-10-28, 01:27:49, 23.84, 48.5
2020-10-28, 01:27:50, 23.83, 48.5
2020-10-28, 01:27:52, 23.83, 48.5
2020-10-28, 01:27:53, 23.84, 48.5
2020-10-28, 01:27:54, 23.83, 48.5
2020-10-28, 01:27:56, 23.82, 48.5
2020-10-28, 01:27:57, 23.82, 48.53
2020-10-28, 01:27:58, 23.83, 48.5
2020-10-28, 01:28:00, 23.82, 48.53
2020-10-28, 01:28:01, 23.82, 48.5
2020-10-28, 01:28:02, 23.83, 48.5
2020-10-28, 01:28:04, 23.82, 48.5
2020-10-28, 01:28:05, 23.82, 48.5
2020-10-28, 01:28:07, 23.82, 48.53
2020-10-28, 01:28:08, 23.81, 48.53
2020-10-28, 01:28:09, 23.82, 48.53
2020-10-28, 01:28:11, 23.82, 48.53
2020-10-28, 01:28:12, 23.82, 48.5
2020-10-28, 01:28:13, 23.82, 48.5
2020-10-28, 01:28:15, 23.81, 48.49
2020-10-28, 01:28:16, 23.82, 48.5
2020-10-28, 01:28:17, 23.82, 48.53
2020-10-28, 01:28:19, 23.82, 48.5
2020-10-28, 01:28:20, 23.82, 48.53
2020-10-28, 01:28:21, 23.81, 48.49
2020-10-28, 01:28:23, 23.82, 48.5
2020-10-28, 01:28:24, 23.82, 48.5
2020-10-28, 01:28:26, 23.82, 48.5
2020-10-28, 01:28:27, 23.82, 48.5
2020-10-28, 01:28:28, 23.82, 48.5
2020-10-28, 01:28:30, 23.82, 48.5
2020-10-28, 01:28:31, 23.82, 48.5
2020-10-28, 01:28:32, 23.82, 48.5
2020-10-28, 01:28:34, 23.84, 48.5
2020-10-28, 01:28:35, 23.81, 48.49
2020-10-28, 01:28:36, 23.83, 48.5
2020-10-28, 01:28:38, 23.83, 48.5
2020-10-28, 01:28:39, 23.82, 48.5
2020-10-28, 01:28:40, 23.83, 48.5
2020-10-28, 01:28:42, 23.82, 48.5
2020-10-28, 01:28:43, 23.82, 48.5
2020-10-28, 01:28:45, 23.82, 48.5
2020-10-28, 01:28:46, 23.82, 48.5
2020-10-28, 01:28:47, 23.82, 48.46
2020-10-28, 01:28:49, 23.82, 48.46
2020-10-28, 01:28:50, 23.82, 48.46
2020-10-28, 01:28:51, 23.82, 48.46
2020-10-28, 01:28:53, 23.83, 48.46
2020-10-28, 01:28:54, 23.82, 48.5
2020-10-28, 01:28:55, 23.82, 48.46
2020-10-28, 01:28:57, 23.82, 48.46
2020-10-28, 01:28:58, 23.82, 48.46
2020-10-28, 01:28:59, 23.82, 48.46
2020-10-28, 01:29:01, 23.83, 48.46
2020-10-28, 01:29:02, 23.83, 48.46
2020-10-28, 01:29:03, 23.83, 48.46
2020-10-28, 01:29:05, 23.82, 48.5
2020-10-28, 01:29:06, 23.83, 48.46
2020-10-28, 01:29:08, 23.82, 48.46
2020-10-28, 01:29:09, 23.83, 48.46
2020-10-28, 01:29:10, 23.83, 48.46
2020-10-28, 01:29:12, 23.81, 48.46
2020-10-28, 01:29:13, 23.82, 48.43
2020-10-28, 01:29:14, 23.81, 48.43
2020-10-28, 01:29:16, 23.81, 48.43
2020-10-28, 01:29:17, 23.82, 48.43
2020-10-28, 01:29:18, 23.82, 48.5
2020-10-28, 01:29:20, 23.8, 48.46
2020-10-28, 01:29:21, 23.81, 48.46
2020-10-28, 01:29:22, 23.81, 48.49
2020-10-28, 01:29:24, 23.8, 48.49
2020-10-28, 01:29:25, 23.81, 48.49
2020-10-28, 01:29:27, 23.8, 48.46
2020-10-28, 01:29:28, 23.8, 48.49
2020-10-28, 01:29:29, 23.81, 48.49
2020-10-28, 01:29:31, 23.82, 48.46
2020-10-28, 01:29:32, 23.82, 48.46
2020-10-28, 01:29:33, 23.82, 48.46
2020-10-28, 01:29:35, 23.8, 48.46
2020-10-28, 01:29:36, 23.81, 48.46
2020-10-28, 01:29:37, 23.82, 48.46
2020-10-28, 01:29:39, 23.82, 48.46
2020-10-28, 01:29:40, 23.82, 48.46
2020-10-28, 01:29:41, 23.82, 48.43
2020-10-28, 01:29:43, 23.82, 48.43
2020-10-28, 01:29:44, 23.81, 48.43
2020-10-28, 01:29:45, 23.81, 48.43
2020-10-28, 01:29:47, 23.81, 48.43
2020-10-28, 01:29:48, 23.81, 48.43
2020-10-28, 01:29:50, 23.8, 48.43
2020-10-28, 01:29:51, 23.8, 48.43
2020-10-28, 01:29:52, 23.78, 48.43
2020-10-28, 01:29:54, 23.8, 48.43
2020-10-28, 01:29:55, 23.8, 48.43
2020-10-28, 01:29:56, 23.8, 48.43
2020-10-28, 01:29:58, 23.8, 48.43
2020-10-28, 01:29:59, 23.81, 48.43
2020-10-28, 01:30:00, 23.8, 48.43
2020-10-28, 01:30:02, 23.79, 48.43
2020-10-28, 01:30:03, 23.8, 48.46
2020-10-28, 01:30:04, 23.78, 48.46
2020-10-28, 01:30:06, 23.8, 48.46
2020-10-28, 01:30:07, 23.79, 48.46
2020-10-28, 01:30:09, 23.79, 48.46
2020-10-28, 01:30:10, 23.78, 48.46
2020-10-28, 01:30:11, 23.78, 48.43
2020-10-28, 01:30:13, 23.79, 48.46
2020-10-28, 01:30:14, 23.79, 48.46
2020-10-28, 01:30:15, 23.78, 48.46
2020-10-28, 01:30:17, 23.78, 48.43
2020-10-28, 01:30:18, 23.79, 48.46
2020-10-28, 01:30:19, 23.78, 48.46
2020-10-28, 01:30:21, 23.76, 48.42
2020-10-28, 01:30:22, 23.77, 48.46
2020-10-28, 01:30:23, 23.78, 48.46
2020-10-28, 01:30:25, 23.78, 48.46
2020-10-28, 01:30:26, 23.78, 48.49
2020-10-28, 01:30:28, 23.78, 48.49
2020-10-28, 01:30:29, 23.78, 48.49
2020-10-28, 01:30:30, 23.79, 48.49
2020-10-28, 01:30:32, 23.78, 48.49
2020-10-28, 01:30:33, 23.77, 48.49
2020-10-28, 01:30:34, 23.79, 48.49
2020-10-28, 01:30:36, 23.77, 48.49
2020-10-28, 01:30:37, 23.79, 48.49
2020-10-28, 01:30:38, 23.78, 48.49
2020-10-28, 01:30:40, 23.78, 48.49
2020-10-28, 01:30:41, 23.8, 48.49
2020-10-28, 01:30:43, 23.79, 48.52
2020-10-28, 01:30:44, 23.8, 48.49
2020-10-28, 01:30:45, 23.8, 48.49
2020-10-28, 01:30:47, 23.79, 48.49
2020-10-28, 01:30:48, 23.79, 48.49
2020-10-28, 01:30:49, 23.79, 48.49
2020-10-28, 01:30:51, 23.78, 48.49
2020-10-28, 01:30:52, 23.79, 48.49
2020-10-28, 01:30:53, 23.8, 48.49
2020-10-28, 01:30:55, 23.79, 48.49
2020-10-28, 01:30:56, 23.79, 48.49
2020-10-28, 01:30:57, 23.8, 48.49
2020-10-28, 01:30:59, 23.8, 48.46
2020-10-28, 01:31:00, 23.8, 48.46
2020-10-28, 01:31:02, 23.8, 48.46
2020-10-28, 01:31:03, 23.8, 48.46
2020-10-28, 01:31:04, 23.8, 48.46
2020-10-28, 01:31:06, 23.79, 48.46
2020-10-28, 01:31:07, 23.78, 48.46
2020-10-28, 01:31:08, 23.79, 48.43
2020-10-28, 01:31:10, 23.78, 48.46
2020-10-28, 01:31:11, 23.78, 48.46
2020-10-28, 01:31:12, 23.79, 48.49
2020-10-28, 01:31:14, 23.79, 48.46
2020-10-28, 01:31:15, 23.79, 48.49
2020-10-28, 01:31:17, 23.79, 48.49
2020-10-28, 01:31:18, 23.78, 48.49
2020-10-28, 01:31:19, 23.78, 48.49
2020-10-28, 01:31:21, 23.79, 48.49
2020-10-28, 01:31:22, 23.79, 48.49
2020-10-28, 01:31:23, 23.78, 48.49
2020-10-28, 01:31:25, 23.78, 48.49
2020-10-28, 01:31:26, 23.79, 48.46
2020-10-28, 01:31:27, 23.78, 48.49
2020-10-28, 01:31:29, 23.78, 48.49
2020-10-28, 01:31:30, 23.78, 48.49
2020-10-28, 01:31:31, 23.78, 48.49
2020-10-28, 01:31:33, 23.78, 48.49
2020-10-28, 01:31:34, 23.78, 48.49
2020-10-28, 01:31:36, 23.8, 48.49
2020-10-28, 01:31:37, 23.79, 48.49
2020-10-28, 01:31:38, 23.77, 48.49
2020-10-28, 01:31:40, 23.78, 48.49
2020-10-28, 01:31:41, 23.78, 48.49
2020-10-28, 01:31:42, 23.77, 48.49
2020-10-28, 01:31:44, 23.77, 48.49
2020-10-28, 01:31:45, 23.76, 48.49
2020-10-28, 01:31:46, 23.77, 48.49
2020-10-28, 01:31:48, 23.78, 48.49
2020-10-28, 01:31:49, 23.77, 48.49
2020-10-28, 01:31:50, 23.77, 48.49
2020-10-28, 01:31:52, 23.78, 48.52
2020-10-28, 01:31:53, 23.77, 48.52
2020-10-28, 01:31:55, 23.77, 48.52
2020-10-28, 01:31:56, 23.78, 48.49
2020-10-28, 01:31:57, 23.77, 48.49
2020-10-28, 01:31:59, 23.76, 48.49
2020-10-28, 01:32:00, 23.77, 48.49
2020-10-28, 01:32:01, 23.77, 48.49
2020-10-28, 01:32:03, 23.76, 48.52
2020-10-28, 01:32:04, 23.75, 48.49
2020-10-28, 01:32:05, 23.76, 48.49
2020-10-28, 01:32:07, 23.75, 48.52
2020-10-28, 01:32:08, 23.76, 48.49
2020-10-28, 01:32:09, 23.75, 48.52
2020-10-28, 01:32:11, 23.75, 48.52
2020-10-28, 01:32:12, 23.74, 48.52
2020-10-28, 01:32:13, 23.74, 48.52
2020-10-28, 01:32:15, 23.75, 48.52
2020-10-28, 01:32:16, 23.74, 48.52
2020-10-28, 01:32:18, 23.74, 48.52
2020-10-28, 01:32:19, 23.74, 48.52
2020-10-28, 01:32:20, 23.72, 48.55
2020-10-28, 01:32:22, 23.73, 48.55
2020-10-28, 01:32:23, 23.73, 48.55
2020-10-28, 01:32:24, 23.72, 48.55
2020-10-28, 01:32:26, 23.72, 48.55
2020-10-28, 01:32:27, 23.73, 48.58
2020-10-28, 01:32:28, 23.73, 48.55
2020-10-28, 01:32:30, 23.73, 48.55
2020-10-28, 01:32:31, 23.74, 48.58
2020-10-28, 01:32:33, 23.75, 48.55
2020-10-28, 01:32:34, 23.75, 48.55
2020-10-28, 01:32:35, 23.74, 48.58
2020-10-28, 01:32:37, 23.72, 48.55
2020-10-28, 01:32:38, 23.73, 48.55
2020-10-28, 01:32:39, 23.72, 48.58
2020-10-28, 01:32:41, 23.74, 48.55
2020-10-28, 01:32:42, 23.74, 48.55
2020-10-28, 01:32:43, 23.74, 48.55
2020-10-28, 01:32:45, 23.72, 48.55
2020-10-28, 01:32:46, 23.73, 48.55
2020-10-28, 01:32:47, 23.73, 48.55
2020-10-28, 01:32:49, 23.73, 48.55
2020-10-28, 01:32:50, 23.74, 48.55
2020-10-28, 01:32:51, 23.74, 48.55
2020-10-28, 01:32:53, 23.75, 48.58
2020-10-28, 01:32:54, 23.74, 48.58
2020-10-28, 01:32:56, 23.74, 48.55
2020-10-28, 01:32:57, 23.74, 48.55
2020-10-28, 01:32:58, 23.74, 48.55
2020-10-28, 01:33:00, 23.74, 48.58
2020-10-28, 01:33:01, 23.74, 48.55
2020-10-28, 01:33:02, 23.74, 48.55
2020-10-28, 01:33:04, 23.73, 48.55
2020-10-28, 01:33:05, 23.74, 48.55
2020-10-28, 01:33:06, 23.74, 48.55
2020-10-28, 01:33:08, 23.72, 48.55
2020-10-28, 01:33:09, 23.76, 48.55
2020-10-28, 01:33:10, 23.74, 48.55
2020-10-28, 01:33:12, 23.74, 48.55
2020-10-28, 01:33:13, 23.74, 48.58
2020-10-28, 01:33:14, 23.74, 48.55
2020-10-28, 01:33:16, 23.74, 48.58
2020-10-28, 01:33:17, 23.73, 48.55
2020-10-28, 01:33:19, 23.73, 48.58
2020-10-28, 01:33:20, 23.73, 48.58
2020-10-28, 01:33:21, 23.74, 48.58
2020-10-28, 01:33:23, 23.75, 48.58
2020-10-28, 01:33:24, 23.74, 48.58
2020-10-28, 01:33:25, 23.74, 48.58
2020-10-28, 01:33:27, 23.74, 48.58
2020-10-28, 01:33:28, 23.74, 48.61
2020-10-28, 01:33:29, 23.73, 48.58
2020-10-28, 01:33:31, 23.74, 48.58
2020-10-28, 01:33:32, 23.73, 48.61
2020-10-28, 01:33:33, 23.72, 48.61
2020-10-28, 01:33:35, 23.74, 48.61
2020-10-28, 01:33:36, 23.74, 48.58
2020-10-28, 01:33:38, 23.73, 48.61
2020-10-28, 01:33:39, 23.73, 48.61
2020-10-28, 01:33:40, 23.73, 48.61
2020-10-28, 01:33:42, 23.74, 48.61
2020-10-28, 01:33:43, 23.72, 48.61
2020-10-28, 01:33:44, 23.73, 48.61
2020-10-28, 01:33:46, 23.74, 48.64
2020-10-28, 01:33:47, 23.72, 48.64
2020-10-28, 01:33:48, 23.72, 48.64
2020-10-28, 01:33:50, 23.72, 48.67
2020-10-28, 01:33:51, 23.72, 48.67
2020-10-28, 01:33:52, 23.72, 48.67
2020-10-28, 01:33:54, 23.72, 48.67
2020-10-28, 01:33:55, 23.71, 48.67
2020-10-28, 01:33:56, 23.71, 48.67
2020-10-28, 01:33:58, 23.71, 48.7
2020-10-28, 01:33:59, 23.71, 48.7
2020-10-28, 01:34:01, 23.71, 48.67
2020-10-28, 01:34:02, 23.7, 48.7
2020-10-28, 01:34:03, 23.7, 48.7
2020-10-28, 01:34:05, 23.7, 48.7
2020-10-28, 01:34:06, 23.71, 48.74
2020-10-28, 01:34:07, 23.7, 48.73
2020-10-28, 01:34:09, 23.7, 48.7
2020-10-28, 01:34:10, 23.71, 48.74
2020-10-28, 01:34:11, 23.71, 48.74
2020-10-28, 01:34:13, 23.7, 48.73
2020-10-28, 01:34:14, 23.7, 48.73
2020-10-28, 01:34:15, 23.7, 48.73
2020-10-28, 01:34:17, 23.71, 48.74
2020-10-28, 01:34:18, 23.71, 48.77
2020-10-28, 01:34:20, 23.72, 48.77
2020-10-28, 01:34:21, 23.7, 48.73
2020-10-28, 01:34:22, 23.69, 48.77
2020-10-28, 01:34:24, 23.71, 48.77
2020-10-28, 01:34:25, 23.7, 48.77
2020-10-28, 01:34:26, 23.7, 48.77
2020-10-28, 01:34:28, 23.69, 48.77
2020-10-28, 01:34:29, 23.69, 48.77
2020-10-28, 01:34:30, 23.7, 48.77
2020-10-28, 01:34:32, 23.7, 48.77
2020-10-28, 01:34:33, 23.71, 48.77
2020-10-28, 01:34:34, 23.7, 48.8
2020-10-28, 01:34:36, 23.68, 48.8
2020-10-28, 01:34:37, 23.69, 48.8
2020-10-28, 01:34:38, 23.7, 48.8
2020-10-28, 01:34:40, 23.7, 48.8
2020-10-28, 01:34:41, 23.7, 48.8
2020-10-28, 01:34:43, 23.7, 48.8
2020-10-28, 01:34:44, 23.68, 48.8
2020-10-28, 01:34:45, 23.7, 48.8
2020-10-28, 01:34:47, 23.71, 48.83
2020-10-28, 01:34:48, 23.7, 48.8
2020-10-28, 01:34:49, 23.68, 48.8
2020-10-28, 01:34:51, 23.7, 48.8
2020-10-28, 01:34:52, 23.69, 48.8
2020-10-28, 01:34:53, 23.7, 48.83
2020-10-28, 01:34:55, 23.69, 48.83
2020-10-28, 01:34:56, 23.7, 48.83
2020-10-28, 01:34:57, 23.69, 48.86
2020-10-28, 01:34:59, 23.7, 48.83
2020-10-28, 01:35:00, 23.69, 48.86
2020-10-28, 01:35:02, 23.7, 48.83
2020-10-28, 01:35:03, 23.7, 48.86
2020-10-28, 01:35:04, 23.7, 48.83
2020-10-28, 01:35:06, 23.68, 48.86
2020-10-28, 01:35:07, 23.67, 48.86
2020-10-28, 01:35:08, 23.69, 48.86
2020-10-28, 01:35:10, 23.67, 48.86
2020-10-28, 01:35:11, 23.68, 48.86
2020-10-28, 01:35:12, 23.69, 48.86
2020-10-28, 01:35:14, 23.68, 48.86
2020-10-28, 01:35:15, 23.68, 48.86
2020-10-28, 01:35:16, 23.68, 48.86
2020-10-28, 01:35:18, 23.68, 48.86
2020-10-28, 01:35:19, 23.67, 48.86
2020-10-28, 01:35:20, 23.67, 48.86
2020-10-28, 01:35:22, 23.67, 48.86
2020-10-28, 01:35:23, 23.68, 48.86
2020-10-28, 01:35:25, 23.68, 48.86
2020-10-28, 01:35:26, 23.67, 48.86
2020-10-28, 01:35:27, 23.7, 48.86
2020-10-28, 01:35:29, 23.67, 48.86
2020-10-28, 01:35:30, 23.67, 48.89
2020-10-28, 01:35:31, 23.69, 48.86
2020-10-28, 01:35:33, 23.68, 48.89
2020-10-28, 01:35:34, 23.69, 48.89
2020-10-28, 01:35:35, 23.68, 48.89
2020-10-28, 01:35:37, 23.68, 48.89
2020-10-28, 01:35:38, 23.68, 48.92
2020-10-28, 01:35:39, 23.67, 48.92
2020-10-28, 01:35:41, 23.67, 48.92
2020-10-28, 01:35:42, 23.67, 48.92
2020-10-28, 01:35:43, 23.67, 48.92
2020-10-28, 01:35:45, 23.68, 48.92
2020-10-28, 01:35:46, 23.68, 48.96
2020-10-28, 01:35:48, 23.67, 48.95
2020-10-28, 01:35:49, 23.68, 48.92
2020-10-28, 01:35:50, 23.67, 48.95
2020-10-28, 01:35:52, 23.66, 48.95
2020-10-28, 01:35:53, 23.66, 48.95
2020-10-28, 01:35:54, 23.66, 48.95
2020-10-28, 01:35:56, 23.67, 48.95
2020-10-28, 01:35:57, 23.67, 48.95
2020-10-28, 01:35:58, 23.68, 48.96
2020-10-28, 01:36:00, 23.65, 48.95
2020-10-28, 01:36:01, 23.66, 48.92
2020-10-28, 01:36:02, 23.66, 48.95
2020-10-28, 01:36:04, 23.66, 48.95
2020-10-28, 01:36:05, 23.66, 48.95
2020-10-28, 01:36:07, 23.67, 48.99
2020-10-28, 01:36:08, 23.66, 48.95
2020-10-28, 01:36:09, 23.66, 48.95
2020-10-28, 01:36:11, 23.66, 48.95
2020-10-28, 01:36:12, 23.67, 48.99
2020-10-28, 01:36:13, 23.65, 48.98
2020-10-28, 01:36:15, 23.66, 48.98
2020-10-28, 01:36:16, 23.67, 48.99
2020-10-28, 01:36:17, 23.66, 48.98
2020-10-28, 01:36:19, 23.67, 48.99
2020-10-28, 01:36:20, 23.66, 49.02
2020-10-28, 01:36:21, 23.66, 48.98
2020-10-28, 01:36:23, 23.66, 49.02
2020-10-28, 01:36:24, 23.66, 48.98
2020-10-28, 01:36:25, 23.66, 49.02
2020-10-28, 01:36:27, 23.66, 48.98
2020-10-28, 01:36:28, 23.65, 48.98
2020-10-28, 01:36:30, 23.65, 48.98
2020-10-28, 01:36:31, 23.67, 48.99
2020-10-28, 01:36:32, 23.68, 48.99
2020-10-28, 01:36:34, 23.66, 48.98
2020-10-28, 01:36:35, 23.66, 49.02
2020-10-28, 01:36:36, 23.66, 49.05
2020-10-28, 01:36:38, 23.67, 49.02
2020-10-28, 01:36:39, 23.66, 49.02
2020-10-28, 01:36:40, 23.65, 49.05
2020-10-28, 01:36:42, 23.66, 49.02
2020-10-28, 01:36:43, 23.66, 49.02
2020-10-28, 01:36:45, 23.66, 49.02
2020-10-28, 01:36:46, 23.66, 49.02
2020-10-28, 01:36:47, 23.66, 49.02
2020-10-28, 01:36:49, 23.65, 49.02
2020-10-28, 01:36:50, 23.65, 49.02
2020-10-28, 01:36:51, 23.66, 49.02
2020-10-28, 01:36:53, 23.66, 49.02
2020-10-28, 01:36:54, 23.66, 49.02
2020-10-28, 01:36:55, 23.66, 49.02
2020-10-28, 01:36:57, 23.65, 49.05
2020-10-28, 01:36:58, 23.66, 49.02
2020-10-28, 01:36:59, 23.64, 49.05
2020-10-28, 01:37:01, 23.65, 49.05
2020-10-28, 01:37:02, 23.66, 49.05
2020-10-28, 01:37:03, 23.64, 49.05
2020-10-28, 01:37:05, 23.65, 49.05
2020-10-28, 01:37:06, 23.65, 49.05
2020-10-28, 01:37:08, 23.65, 49.08
2020-10-28, 01:37:09, 23.66, 49.05
2020-10-28, 01:37:10, 23.65, 49.08
2020-10-28, 01:37:12, 23.66, 49.08
2020-10-28, 01:37:13, 23.65, 49.08
2020-10-28, 01:37:14, 23.64, 49.11
2020-10-28, 01:37:16, 23.65, 49.11
2020-10-28, 01:37:17, 23.66, 49.08
2020-10-28, 01:37:18, 23.65, 49.11
2020-10-28, 01:37:20, 23.63, 49.11
2020-10-28, 01:37:21, 23.65, 49.14
2020-10-28, 01:37:22, 23.64, 49.14
2020-10-28, 01:37:24, 23.64, 49.11
2020-10-28, 01:37:25, 23.64, 49.14
2020-10-28, 01:37:27, 23.64, 49.14
2020-10-28, 01:37:28, 23.65, 49.17
2020-10-28, 01:37:29, 23.64, 49.14
2020-10-28, 01:37:31, 23.66, 49.18
2020-10-28, 01:37:32, 23.65, 49.17
2020-10-28, 01:37:33, 23.66, 49.14
2020-10-28, 01:37:35, 23.65, 49.17
2020-10-28, 01:37:36, 23.65, 49.17
2020-10-28, 01:37:37, 23.65, 49.17
2020-10-28, 01:37:39, 23.63, 49.17
2020-10-28, 01:37:40, 23.64, 49.17
2020-10-28, 01:37:41, 23.64, 49.14
2020-10-28, 01:37:43, 23.64, 49.17
2020-10-28, 01:37:44, 23.65, 49.17
2020-10-28, 01:37:46, 23.64, 49.17
2020-10-28, 01:37:47, 23.64, 49.17
2020-10-28, 01:37:48, 23.64, 49.17
2020-10-28, 01:37:50, 23.64, 49.17
2020-10-28, 01:37:51, 23.62, 49.17
2020-10-28, 01:37:52, 23.64, 49.17
2020-10-28, 01:37:54, 23.64, 49.17
2020-10-28, 01:37:55, 23.65, 49.17
2020-10-28, 01:37:56, 23.64, 49.2
2020-10-28, 01:37:58, 23.63, 49.2
2020-10-28, 01:37:59, 23.63, 49.17
2020-10-28, 01:38:00, 23.64, 49.2
2020-10-28, 01:38:02, 23.63, 49.17
2020-10-28, 01:38:03, 23.64, 49.2
2020-10-28, 01:38:04, 23.63, 49.17
2020-10-28, 01:38:06, 23.64, 49.17
2020-10-28, 01:38:07, 23.63, 49.2
2020-10-28, 01:38:09, 23.64, 49.2
2020-10-28, 01:38:10, 23.64, 49.2
2020-10-28, 01:38:11, 23.64, 49.2
2020-10-28, 01:38:13, 23.62, 49.2
2020-10-28, 01:38:14, 23.64, 49.24
2020-10-28, 01:38:15, 23.63, 49.24
2020-10-28, 01:38:17, 23.64, 49.24
2020-10-28, 01:38:18, 23.62, 49.2
2020-10-28, 01:38:19, 23.63, 49.2
2020-10-28, 01:38:21, 23.64, 49.24
2020-10-28, 01:38:22, 23.62, 49.2
2020-10-28, 01:38:23, 23.62, 49.2
2020-10-28, 01:38:25, 23.64, 49.2
2020-10-28, 01:38:26, 23.63, 49.2
2020-10-28, 01:38:28, 23.64, 49.2
2020-10-28, 01:38:29, 23.63, 49.24
2020-10-28, 01:38:30, 23.64, 49.24
2020-10-28, 01:38:32, 23.64, 49.2
2020-10-28, 01:38:33, 23.64, 49.24
2020-10-28, 01:38:34, 23.64, 49.2
2020-10-28, 01:38:36, 23.65, 49.24
2020-10-28, 01:38:37, 23.64, 49.24
2020-10-28, 01:38:38, 23.64, 49.24
2020-10-28, 01:38:40, 23.63, 49.24
2020-10-28, 01:38:41, 23.63, 49.24
2020-10-28, 01:38:42, 23.63, 49.27
2020-10-28, 01:38:44, 23.64, 49.24
2020-10-28, 01:38:45, 23.63, 49.27
2020-10-28, 01:38:47, 23.64, 49.27
2020-10-28, 01:38:48, 23.64, 49.27
2020-10-28, 01:38:49, 23.62, 49.27
2020-10-28, 01:38:51, 23.62, 49.27
2020-10-28, 01:38:52, 23.63, 49.3
2020-10-28, 01:38:53, 23.62, 49.3
2020-10-28, 01:38:55, 23.63, 49.3
2020-10-28, 01:38:56, 23.63, 49.3
2020-10-28, 01:38:57, 23.64, 49.3
2020-10-28, 01:38:59, 23.64, 49.27
2020-10-28, 01:39:00, 23.63, 49.3
2020-10-28, 01:39:01, 23.63, 49.27
2020-10-28, 01:39:03, 23.64, 49.27
2020-10-28, 01:39:04, 23.64, 49.3
2020-10-28, 01:39:06, 23.62, 49.27
2020-10-28, 01:39:07, 23.64, 49.3
2020-10-28, 01:39:08, 23.62, 49.3
2020-10-28, 01:39:10, 23.63, 49.3
2020-10-28, 01:39:11, 23.62, 49.3
2020-10-28, 01:39:12, 23.62, 49.3
2020-10-28, 01:39:14, 23.62, 49.3
2020-10-28, 01:39:15, 23.63, 49.3
2020-10-28, 01:39:16, 23.62, 49.33
2020-10-28, 01:39:18, 23.63, 49.33
2020-10-28, 01:39:19, 23.63, 49.3
2020-10-28, 01:39:20, 23.63, 49.3
2020-10-28, 01:39:22, 23.62, 49.3
2020-10-28, 01:39:23, 23.62, 49.33
2020-10-28, 01:39:25, 23.62, 49.33
2020-10-28, 01:39:26, 23.63, 49.33
2020-10-28, 01:39:27, 23.63, 49.33
2020-10-28, 01:39:29, 23.61, 49.33
2020-10-28, 01:39:30, 23.63, 49.36
2020-10-28, 01:39:31, 23.61, 49.36
2020-10-28, 01:39:33, 23.62, 49.36
2020-10-28, 01:39:34, 23.62, 49.36
2020-10-28, 01:39:35, 23.6, 49.39
2020-10-28, 01:39:37, 23.6, 49.39
2020-10-28, 01:39:38, 23.61, 49.42
2020-10-28, 01:39:40, 23.58, 49.39
2020-10-28, 01:39:41, 23.61, 49.39
2020-10-28, 01:39:42, 23.6, 49.42
2020-10-28, 01:39:44, 23.6, 49.42
2020-10-28, 01:39:45, 23.6, 49.42
2020-10-28, 01:39:46, 23.61, 49.42
2020-10-28, 01:39:48, 23.6, 49.42
2020-10-28, 01:39:49, 23.61, 49.42
2020-10-28, 01:39:50, 23.59, 49.42
2020-10-28, 01:39:52, 23.61, 49.42
2020-10-28, 01:39:53, 23.6, 49.42
2020-10-28, 01:39:54, 23.62, 49.42
2020-10-28, 01:39:56, 23.6, 49.42
2020-10-28, 01:39:57, 23.61, 49.42
2020-10-28, 01:39:59, 23.6, 49.42
2020-10-28, 01:40:00, 23.6, 49.42
2020-10-28, 01:40:01, 23.61, 49.42
2020-10-28, 01:40:03, 23.6, 49.42
2020-10-28, 01:40:04, 23.61, 49.46
2020-10-28, 01:40:05, 23.61, 49.42
2020-10-28, 01:40:07, 23.62, 49.46
2020-10-28, 01:40:08, 23.61, 49.46
2020-10-28, 01:40:09, 23.61, 49.46
2020-10-28, 01:40:11, 23.6, 49.45
2020-10-28, 01:40:12, 23.6, 49.42
2020-10-28, 01:40:13, 23.6, 49.45
2020-10-28, 01:40:15, 23.6, 49.42
2020-10-28, 01:40:16, 23.6, 49.45
2020-10-28, 01:40:18, 23.61, 49.46
2020-10-28, 01:40:19, 23.61, 49.46
2020-10-28, 01:40:20, 23.62, 49.46
2020-10-28, 01:40:22, 23.6, 49.45
2020-10-28, 01:40:23, 23.6, 49.45
2020-10-28, 01:40:24, 23.61, 49.49
2020-10-28, 01:40:26, 23.61, 49.46
2020-10-28, 01:40:27, 23.6, 49.49
2020-10-28, 01:40:28, 23.6, 49.49
2020-10-28, 01:40:30, 23.6, 49.49
2020-10-28, 01:40:31, 23.6, 49.49
2020-10-28, 01:40:32, 23.6, 49.49
2020-10-28, 01:40:34, 23.59, 49.48
2020-10-28, 01:40:35, 23.6, 49.49
2020-10-28, 01:40:37, 23.6, 49.49
2020-10-28, 01:40:38, 23.59, 49.48
2020-10-28, 01:40:39, 23.6, 49.49
2020-10-28, 01:40:41, 23.61, 49.49
2020-10-28, 01:40:42, 23.6, 49.49
2020-10-28, 01:40:43, 23.59, 49.48
2020-10-28, 01:40:45, 23.6, 49.49
2020-10-28, 01:40:46, 23.6, 49.49
2020-10-28, 01:40:47, 23.6, 49.49
2020-10-28, 01:40:49, 23.61, 49.49
2020-10-28, 01:40:50, 23.59, 49.48
2020-10-28, 01:40:51, 23.6, 49.49
2020-10-28, 01:40:53, 23.6, 49.49
2020-10-28, 01:40:54, 23.6, 49.49
2020-10-28, 01:40:55, 23.6, 49.52
2020-10-28, 01:40:57, 23.59, 49.48
2020-10-28, 01:40:58, 23.59, 49.52
2020-10-28, 01:41:00, 23.59, 49.52
2020-10-28, 01:41:01, 23.58, 49.51
2020-10-28, 01:41:02, 23.6, 49.52
2020-10-28, 01:41:04, 23.59, 49.55
2020-10-28, 01:41:05, 23.58, 49.51
2020-10-28, 01:41:06, 23.59, 49.55
2020-10-28, 01:41:08, 23.57, 49.55
2020-10-28, 01:41:09, 23.57, 49.55
2020-10-28, 01:41:10, 23.58, 49.55
2020-10-28, 01:41:12, 23.57, 49.55
2020-10-28, 01:41:13, 23.57, 49.58
2020-10-28, 01:41:14, 23.57, 49.58
2020-10-28, 01:41:16, 23.58, 49.58
2020-10-28, 01:41:17, 23.58, 49.58
2020-10-28, 01:41:18, 23.58, 49.58
2020-10-28, 01:41:20, 23.58, 49.61
2020-10-28, 01:41:21, 23.58, 49.58
2020-10-28, 01:41:23, 23.56, 49.61
2020-10-28, 01:41:24, 23.57, 49.61
2020-10-28, 01:41:25, 23.56, 49.61
2020-10-28, 01:41:27, 23.57, 49.61
2020-10-28, 01:41:28, 23.56, 49.61
2020-10-28, 01:41:29, 23.55, 49.64
2020-10-28, 01:41:31, 23.57, 49.64
2020-10-28, 01:41:32, 23.58, 49.64
2020-10-28, 01:41:33, 23.58, 49.64
2020-10-28, 01:41:35, 23.56, 49.64
2020-10-28, 01:41:36, 23.55, 49.64
2020-10-28, 01:41:37, 23.56, 49.67
2020-10-28, 01:41:39, 23.55, 49.67
2020-10-28, 01:41:40, 23.56, 49.67
2020-10-28, 01:41:42, 23.55, 49.67
2020-10-28, 01:41:43, 23.55, 49.67
2020-10-28, 01:41:44, 23.56, 49.67
2020-10-28, 01:41:46, 23.55, 49.7
2020-10-28, 01:41:47, 23.55, 49.7
2020-10-28, 01:41:48, 23.55, 49.7
2020-10-28, 01:41:50, 23.56, 49.7
2020-10-28, 01:41:51, 23.56, 49.7
2020-10-28, 01:41:52, 23.54, 49.73
2020-10-28, 01:41:54, 23.55, 49.73
2020-10-28, 01:41:55, 23.55, 49.73
2020-10-28, 01:41:56, 23.55, 49.73
2020-10-28, 01:41:58, 23.56, 49.73
2020-10-28, 01:41:59, 23.55, 49.73
2020-10-28, 01:42:00, 23.54, 49.73
2020-10-28, 01:42:02, 23.57, 49.74
2020-10-28, 01:42:03, 23.56, 49.73
2020-10-28, 01:42:05, 23.56, 49.73
2020-10-28, 01:42:06, 23.56, 49.73
2020-10-28, 01:42:07, 23.55, 49.73
2020-10-28, 01:42:09, 23.55, 49.73
2020-10-28, 01:42:10, 23.55, 49.73
2020-10-28, 01:42:11, 23.56, 49.73
2020-10-28, 01:42:13, 23.55, 49.73
2020-10-28, 01:42:14, 23.56, 49.73
2020-10-28, 01:42:15, 23.54, 49.73
2020-10-28, 01:42:17, 23.55, 49.73
2020-10-28, 01:42:18, 23.54, 49.73
2020-10-28, 01:42:19, 23.55, 49.73
2020-10-28, 01:42:21, 23.55, 49.73
2020-10-28, 01:42:22, 23.55, 49.73
2020-10-28, 01:42:24, 23.55, 49.76
2020-10-28, 01:42:25, 23.55, 49.73
2020-10-28, 01:42:26, 23.54, 49.76
2020-10-28, 01:42:28, 23.54, 49.76
2020-10-28, 01:42:29, 23.53, 49.76
2020-10-28, 01:42:30, 23.54, 49.76
2020-10-28, 01:42:32, 23.53, 49.79
2020-10-28, 01:42:33, 23.53, 49.76
2020-10-28, 01:42:34, 23.54, 49.76
2020-10-28, 01:42:36, 23.54, 49.76
2020-10-28, 01:42:37, 23.53, 49.76
2020-10-28, 01:42:38, 23.52, 49.76
2020-10-28, 01:42:40, 23.53, 49.76
2020-10-28, 01:42:41, 23.54, 49.8
2020-10-28, 01:42:42, 23.54, 49.8
2020-10-28, 01:42:44, 23.53, 49.79
2020-10-28, 01:42:45, 23.54, 49.8
2020-10-28, 01:42:47, 23.55, 49.8
2020-10-28, 01:42:48, 23.54, 49.8
2020-10-28, 01:42:49, 23.53, 49.79
2020-10-28, 01:42:51, 23.53, 49.79
2020-10-28, 01:42:52, 23.53, 49.76
2020-10-28, 01:42:53, 23.54, 49.76
2020-10-28, 01:42:55, 23.54, 49.8
2020-10-28, 01:42:56, 23.52, 49.79
2020-10-28, 01:42:57, 23.52, 49.79
2020-10-28, 01:42:59, 23.53, 49.76
2020-10-28, 01:43:00, 23.53, 49.79
2020-10-28, 01:43:01, 23.53, 49.79
2020-10-28, 01:43:03, 23.53, 49.79
2020-10-28, 01:43:04, 23.52, 49.79
2020-10-28, 01:43:06, 23.52, 49.79
2020-10-28, 01:43:07, 23.52, 49.79
2020-10-28, 01:43:08, 23.53, 49.79
2020-10-28, 01:43:10, 23.52, 49.79
2020-10-28, 01:43:11, 23.52, 49.82
2020-10-28, 01:43:12, 23.52, 49.79
2020-10-28, 01:43:14, 23.52, 49.82
2020-10-28, 01:43:15, 23.51, 49.82
2020-10-28, 01:43:16, 23.52, 49.82
2020-10-28, 01:43:18, 23.52, 49.82
2020-10-28, 01:43:19, 23.52, 49.82
2020-10-28, 01:43:20, 23.52, 49.86
2020-10-28, 01:43:22, 23.53, 49.86
2020-10-28, 01:43:23, 23.52, 49.82
2020-10-28, 01:43:25, 23.53, 49.86
2020-10-28, 01:43:26, 23.52, 49.86
2020-10-28, 01:43:27, 23.52, 49.82
2020-10-28, 01:43:29, 23.53, 49.83
2020-10-28, 01:43:30, 23.53, 49.86
2020-10-28, 01:43:31, 23.53, 49.86
2020-10-28, 01:43:33, 23.52, 49.86
2020-10-28, 01:43:34, 23.52, 49.86
2020-10-28, 01:43:35, 23.53, 49.86
2020-10-28, 01:43:37, 23.52, 49.89
2020-10-28, 01:43:38, 23.53, 49.86
2020-10-28, 01:43:39, 23.52, 49.86
2020-10-28, 01:43:41, 23.53, 49.89
2020-10-28, 01:43:42, 23.5, 49.89
2020-10-28, 01:43:43, 23.51, 49.89
2020-10-28, 01:43:45, 23.52, 49.92
2020-10-28, 01:43:46, 23.52, 49.92
2020-10-28, 01:43:48, 23.51, 49.89
2020-10-28, 01:43:49, 23.5, 49.92
2020-10-28, 01:43:50, 23.51, 49.92
2020-10-28, 01:43:52, 23.5, 49.92
2020-10-28, 01:43:53, 23.52, 49.92
2020-10-28, 01:43:54, 23.5, 49.95
2020-10-28, 01:43:56, 23.52, 49.92
2020-10-28, 01:43:57, 23.51, 49.92
2020-10-28, 01:43:58, 23.51, 49.92
2020-10-28, 01:44:00, 23.52, 49.92
2020-10-28, 01:44:01, 23.51, 49.95
2020-10-28, 01:44:02, 23.51, 49.92
2020-10-28, 01:44:04, 23.52, 49.95
2020-10-28, 01:44:05, 23.5, 49.92
2020-10-28, 01:44:07, 23.51, 49.92
2020-10-28, 01:44:08, 23.52, 49.95
2020-10-28, 01:44:09, 23.51, 49.95
2020-10-28, 01:44:11, 23.5, 49.95
2020-10-28, 01:44:12, 23.51, 49.98
2020-10-28, 01:44:13, 23.51, 49.95
2020-10-28, 01:44:15, 23.5, 49.98
2020-10-28, 01:44:16, 23.51, 49.98
2020-10-28, 01:44:17, 23.51, 49.98
2020-10-28, 01:44:19, 23.5, 49.98
2020-10-28, 01:44:20, 23.5, 49.98
2020-10-28, 01:44:21, 23.5, 49.98
2020-10-28, 01:44:23, 23.49, 49.98
2020-10-28, 01:44:24, 23.49, 50.01
2020-10-28, 01:44:26, 23.49, 49.98
2020-10-28, 01:44:27, 23.49, 50.01
2020-10-28, 01:44:28, 23.48, 50.01
2020-10-28, 01:44:30, 23.5, 50.01
2020-10-28, 01:44:31, 23.49, 50.01
2020-10-28, 01:44:32, 23.48, 50.01
2020-10-28, 01:44:34, 23.48, 50.01
2020-10-28, 01:44:35, 23.48, 50.01
2020-10-28, 01:44:36, 23.48, 50.01
2020-10-28, 01:44:38, 23.48, 50.01
2020-10-28, 01:44:39, 23.48, 50.04
2020-10-28, 01:44:40, 23.48, 50.04
2020-10-28, 01:44:42, 23.47, 50.04
2020-10-28, 01:44:43, 23.49, 50.04
2020-10-28, 01:44:44, 23.48, 50.04
2020-10-28, 01:44:46, 23.48, 50.04
2020-10-28, 01:44:47, 23.47, 50.04
2020-10-28, 01:44:49, 23.49, 50.04
2020-10-28, 01:44:50, 23.46, 50.04
2020-10-28, 01:44:51, 23.48, 50.04
2020-10-28, 01:44:53, 23.46, 50.07
2020-10-28, 01:44:54, 23.45, 50.07
2020-10-28, 01:44:55, 23.48, 50.04
2020-10-28, 01:44:57, 23.48, 50.07
2020-10-28, 01:44:58, 23.49, 50.07
2020-10-28, 01:44:59, 23.48, 50.04
2020-10-28, 01:45:01, 23.48, 50.07
2020-10-28, 01:45:02, 23.48, 50.07
2020-10-28, 01:45:03, 23.47, 50.07
2020-10-28, 01:45:05, 23.48, 50.07
2020-10-28, 01:45:06, 23.46, 50.07
2020-10-28, 01:45:08, 23.48, 50.07
2020-10-28, 01:45:09, 23.47, 50.07
2020-10-28, 01:45:10, 23.44, 50.07
2020-10-28, 01:45:12, 23.46, 50.1
2020-10-28, 01:45:13, 23.46, 50.1
2020-10-28, 01:45:14, 23.46, 50.1
2020-10-28, 01:45:16, 23.45, 50.1
2020-10-28, 01:45:17, 23.45, 50.1
2020-10-28, 01:45:18, 23.46, 50.1
2020-10-28, 01:45:20, 23.46, 50.1
2020-10-28, 01:45:21, 23.46, 50.1
2020-10-28, 01:45:22, 23.45, 50.1
2020-10-28, 01:45:24, 23.46, 50.1
2020-10-28, 01:45:25, 23.46, 50.1
2020-10-28, 01:45:27, 23.44, 50.1
2020-10-28, 01:45:28, 23.44, 50.13
2020-10-28, 01:45:29, 23.46, 50.13
2020-10-28, 01:45:31, 23.44, 50.13
2020-10-28, 01:45:32, 23.45, 50.13
2020-10-28, 01:45:33, 23.44, 50.13
2020-10-28, 01:45:35, 23.45, 50.16
2020-10-28, 01:45:36, 23.44, 50.16
2020-10-28, 01:45:37, 23.43, 50.16
2020-10-28, 01:45:39, 23.44, 50.16
2020-10-28, 01:45:40, 23.42, 50.16
2020-10-28, 01:45:41, 23.44, 50.16
2020-10-28, 01:45:43, 23.44, 50.19
2020-10-28, 01:45:44, 23.44, 50.19
2020-10-28, 01:45:46, 23.44, 50.19
2020-10-28, 01:45:47, 23.44, 50.19
2020-10-28, 01:45:48, 23.44, 50.19
2020-10-28, 01:45:50, 23.44, 50.19
2020-10-28, 01:45:51, 23.44, 50.19
2020-10-28, 01:45:52, 23.44, 50.19
2020-10-28, 01:45:54, 23.44, 50.19
2020-10-28, 01:45:55, 23.44, 50.23
2020-10-28, 01:45:56, 23.44, 50.19
2020-10-28, 01:45:58, 23.44, 50.19
2020-10-28, 01:45:59, 23.44, 50.23
2020-10-28, 01:46:00, 23.44, 50.23
2020-10-28, 01:46:02, 23.43, 50.19
2020-10-28, 01:46:03, 23.44, 50.23
2020-10-28, 01:46:04, 23.44, 50.23
2020-10-28, 01:46:06, 23.44, 50.23
2020-10-28, 01:46:07, 23.44, 50.23
2020-10-28, 01:46:09, 23.44, 50.23
2020-10-28, 01:46:10, 23.44, 50.23
2020-10-28, 01:46:11, 23.43, 50.22
2020-10-28, 01:46:13, 23.43, 50.26
2020-10-28, 01:46:14, 23.42, 50.26
2020-10-28, 01:46:15, 23.43, 50.26
2020-10-28, 01:46:17, 23.43, 50.29
2020-10-28, 01:46:18, 23.44, 50.26
2020-10-28, 01:46:19, 23.44, 50.26
2020-10-28, 01:46:21, 23.42, 50.26
2020-10-28, 01:46:22, 23.43, 50.26
2020-10-28, 01:46:23, 23.42, 50.29
2020-10-28, 01:46:25, 23.43, 50.29
2020-10-28, 01:46:26, 23.43, 50.26
2020-10-28, 01:46:28, 23.43, 50.26
2020-10-28, 01:46:29, 23.44, 50.26
2020-10-28, 01:46:30, 23.43, 50.29
2020-10-28, 01:46:32, 23.42, 50.29
2020-10-28, 01:46:33, 23.43, 50.29
2020-10-28, 01:46:34, 23.42, 50.29
2020-10-28, 01:46:36, 23.41, 50.29
2020-10-28, 01:46:37, 23.4, 50.28
2020-10-28, 01:46:38, 23.42, 50.29
2020-10-28, 01:46:40, 23.41, 50.32
2020-10-28, 01:46:41, 23.42, 50.32
2020-10-28, 01:46:42, 23.4, 50.32
2020-10-28, 01:46:44, 23.4, 50.32
2020-10-28, 01:46:45, 23.41, 50.32
2020-10-28, 01:46:47, 23.41, 50.35
2020-10-28, 01:46:48, 23.41, 50.35
2020-10-28, 01:46:49, 23.41, 50.35
2020-10-28, 01:46:51, 23.4, 50.35
2020-10-28, 01:46:52, 23.39, 50.35
2020-10-28, 01:46:53, 23.39, 50.35
2020-10-28, 01:46:55, 23.4, 50.35
2020-10-28, 01:46:56, 23.39, 50.35
2020-10-28, 01:46:57, 23.4, 50.35
2020-10-28, 01:46:59, 23.4, 50.35
2020-10-28, 01:47:00, 23.4, 50.38
2020-10-28, 01:47:01, 23.4, 50.35
2020-10-28, 01:47:03, 23.41, 50.38
2020-10-28, 01:47:04, 23.4, 50.38
2020-10-28, 01:47:05, 23.39, 50.41
2020-10-28, 01:47:07, 23.4, 50.38
2020-10-28, 01:47:08, 23.41, 50.38
2020-10-28, 01:47:10, 23.4, 50.41
2020-10-28, 01:47:11, 23.4, 50.38
2020-10-28, 01:47:12, 23.4, 50.41
2020-10-28, 01:47:14, 23.41, 50.41
2020-10-28, 01:47:15, 23.4, 50.41
2020-10-28, 01:47:16, 23.4, 50.38
2020-10-28, 01:47:18, 23.41, 50.41
2020-10-28, 01:47:19, 23.4, 50.41
2020-10-28, 01:47:20, 23.36, 50.41
2020-10-28, 01:47:22, 23.39, 50.44
2020-10-28, 01:47:23, 23.39, 50.44
2020-10-28, 01:47:25, 23.39, 50.44
2020-10-28, 01:47:26, 23.38, 50.47
2020-10-28, 01:47:27, 23.39, 50.44
2020-10-28, 01:47:29, 23.39, 50.47
2020-10-28, 01:47:30, 23.38, 50.44
2020-10-28, 01:47:31, 23.39, 50.47
2020-10-28, 01:47:33, 23.38, 50.47
2020-10-28, 01:47:34, 23.38, 50.47
2020-10-28, 01:47:35, 23.39, 50.47
2020-10-28, 01:47:37, 23.38, 50.47
2020-10-28, 01:47:38, 23.38, 50.47
2020-10-28, 01:47:39, 23.38, 50.47
2020-10-28, 01:47:41, 23.38, 50.47
2020-10-28, 01:47:42, 23.38, 50.47
2020-10-28, 01:47:44, 23.37, 50.47
2020-10-28, 01:47:45, 23.38, 50.47
2020-10-28, 01:47:46, 23.39, 50.47
2020-10-28, 01:47:48, 23.38, 50.47
2020-10-28, 01:47:49, 23.38, 50.5
2020-10-28, 01:47:50, 23.36, 50.5
2020-10-28, 01:47:52, 23.36, 50.5
2020-10-28, 01:47:53, 23.37, 50.5
2020-10-28, 01:47:54, 23.38, 50.5
2020-10-28, 01:47:56, 23.37, 50.5
2020-10-28, 01:47:57, 23.36, 50.5
2020-10-28, 01:47:58, 23.36, 50.53
2020-10-28, 01:48:00, 23.37, 50.53
2020-10-28, 01:48:01, 23.36, 50.5
2020-10-28, 01:48:03, 23.35, 50.53
2020-10-28, 01:48:04, 23.34, 50.53
2020-10-28, 01:48:05, 23.36, 50.53
2020-10-28, 01:48:07, 23.35, 50.53
2020-10-28, 01:48:08, 23.35, 50.53
2020-10-28, 01:48:09, 23.34, 50.53
2020-10-28, 01:48:11, 23.36, 50.53
2020-10-28, 01:48:12, 23.34, 50.53
2020-10-28, 01:48:13, 23.35, 50.56
2020-10-28, 01:48:15, 23.35, 50.56
2020-10-28, 01:48:16, 23.36, 50.56
2020-10-28, 01:48:17, 23.36, 50.56
2020-10-28, 01:48:19, 23.36, 50.56
2020-10-28, 01:48:20, 23.36, 50.56
2020-10-28, 01:48:21, 23.36, 50.56
2020-10-28, 01:48:23, 23.36, 50.56
2020-10-28, 01:48:24, 23.35, 50.56
2020-10-28, 01:48:26, 23.34, 50.56
2020-10-28, 01:48:27, 23.35, 50.59
2020-10-28, 01:48:28, 23.36, 50.6
2020-10-28, 01:48:30, 23.36, 50.6
2020-10-28, 01:48:31, 23.36, 50.6
2020-10-28, 01:48:32, 23.36, 50.6
2020-10-28, 01:48:34, 23.37, 50.6
2020-10-28, 01:48:35, 23.36, 50.56
2020-10-28, 01:48:36, 23.34, 50.56
2020-10-28, 01:48:38, 23.35, 50.59
2020-10-28, 01:48:39, 23.35, 50.56
2020-10-28, 01:48:40, 23.36, 50.56
2020-10-28, 01:48:42, 23.35, 50.59
2020-10-28, 01:48:43, 23.34, 50.56
2020-10-28, 01:48:45, 23.35, 50.59
2020-10-28, 01:48:46, 23.36, 50.56
2020-10-28, 01:48:47, 23.34, 50.56
2020-10-28, 01:48:49, 23.34, 50.59
2020-10-28, 01:48:50, 23.34, 50.59
2020-10-28, 01:48:51, 23.34, 50.59
2020-10-28, 01:48:53, 23.35, 50.59
2020-10-28, 01:48:54, 23.34, 50.59
2020-10-28, 01:48:55, 23.35, 50.59
2020-10-28, 01:48:57, 23.35, 50.59
2020-10-28, 01:48:58, 23.35, 50.59
2020-10-28, 01:48:59, 23.34, 50.59
2020-10-28, 01:49:01, 23.35, 50.59
2020-10-28, 01:49:02, 23.36, 50.6
2020-10-28, 01:49:04, 23.34, 50.62
2020-10-28, 01:49:05, 23.34, 50.62
2020-10-28, 01:49:06, 23.35, 50.63
2020-10-28, 01:49:08, 23.35, 50.63
2020-10-28, 01:49:09, 23.34, 50.62
2020-10-28, 01:49:10, 23.34, 50.62
2020-10-28, 01:49:12, 23.34, 50.66
2020-10-28, 01:49:13, 23.35, 50.63
2020-10-28, 01:49:14, 23.35, 50.63
2020-10-28, 01:49:16, 23.34, 50.62
2020-10-28, 01:49:17, 23.35, 50.66
2020-10-28, 01:49:18, 23.34, 50.66
2020-10-28, 01:49:20, 23.34, 50.66
2020-10-28, 01:49:21, 23.34, 50.66
2020-10-28, 01:49:23, 23.35, 50.66
2020-10-28, 01:49:24, 23.34, 50.66
2020-10-28, 01:49:25, 23.34, 50.66
2020-10-28, 01:49:27, 23.35, 50.66
2020-10-28, 01:49:28, 23.35, 50.66
2020-10-28, 01:49:29, 23.35, 50.66
2020-10-28, 01:49:31, 23.34, 50.66
2020-10-28, 01:49:32, 23.35, 50.66
2020-10-28, 01:49:33, 23.34, 50.66
2020-10-28, 01:49:35, 23.34, 50.66
2020-10-28, 01:49:36, 23.34, 50.66
2020-10-28, 01:49:37, 23.34, 50.66
2020-10-28, 01:49:39, 23.34, 50.69
2020-10-28, 01:49:40, 23.34, 50.69
2020-10-28, 01:49:42, 23.34, 50.69
2020-10-28, 01:49:43, 23.35, 50.69
2020-10-28, 01:49:44, 23.35, 50.72
2020-10-28, 01:49:46, 23.34, 50.72
2020-10-28, 01:49:47, 23.33, 50.69
2020-10-28, 01:49:48, 23.32, 50.69
2020-10-28, 01:49:50, 23.33, 50.72
2020-10-28, 01:49:51, 23.32, 50.72
2020-10-28, 01:49:52, 23.33, 50.72
2020-10-28, 01:49:54, 23.32, 50.72
2020-10-28, 01:49:55, 23.34, 50.69
2020-10-28, 01:49:56, 23.33, 50.72
2020-10-28, 01:49:58, 23.34, 50.69
2020-10-28, 01:49:59, 23.34, 50.69
2020-10-28, 01:50:01, 23.35, 50.69
2020-10-28, 01:50:02, 23.34, 50.69
2020-10-28, 01:50:03, 23.34, 50.69
2020-10-28, 01:50:05, 23.36, 50.69
2020-10-28, 01:50:06, 23.34, 50.69
2020-10-28, 01:50:07, 23.34, 50.69
2020-10-28, 01:50:09, 23.34, 50.69
2020-10-28, 01:50:10, 23.34, 50.69
2020-10-28, 01:50:11, 23.34, 50.69
2020-10-28, 01:50:13, 23.35, 50.69
2020-10-28, 01:50:14, 23.35, 50.66
2020-10-28, 01:50:16, 23.35, 50.66
2020-10-28, 01:50:17, 23.35, 50.69
2020-10-28, 01:50:18, 23.34, 50.66
2020-10-28, 01:50:20, 23.33, 50.69
2020-10-28, 01:50:21, 23.34, 50.69
2020-10-28, 01:50:22, 23.36, 50.69
2020-10-28, 01:50:24, 23.34, 50.69
2020-10-28, 01:50:25, 23.35, 50.69
2020-10-28, 01:50:26, 23.35, 50.69
2020-10-28, 01:50:28, 23.33, 50.69
2020-10-28, 01:50:29, 23.34, 50.72
2020-10-28, 01:50:30, 23.34, 50.69
2020-10-28, 01:50:32, 23.35, 50.72
2020-10-28, 01:50:33, 23.36, 50.69
2020-10-28, 01:50:35, 23.35, 50.72
2020-10-28, 01:50:36, 23.36, 50.72
2020-10-28, 01:50:37, 23.34, 50.72
2020-10-28, 01:50:39, 23.35, 50.69
2020-10-28, 01:50:40, 23.36, 50.69
2020-10-28, 01:50:41, 23.35, 50.72
2020-10-28, 01:50:43, 23.35, 50.69
2020-10-28, 01:50:44, 23.36, 50.69
2020-10-28, 01:50:45, 23.36, 50.69
2020-10-28, 01:50:47, 23.35, 50.69
2020-10-28, 01:50:48, 23.36, 50.69
2020-10-28, 01:50:49, 23.36, 50.69
2020-10-28, 01:50:51, 23.36, 50.69
2020-10-28, 01:50:52, 23.34, 50.69
2020-10-28, 01:50:54, 23.34, 50.69
2020-10-28, 01:50:55, 23.36, 50.72
2020-10-28, 01:50:56, 23.34, 50.72
2020-10-28, 01:50:58, 23.35, 50.72
2020-10-28, 01:50:59, 23.34, 50.72
2020-10-28, 01:51:00, 23.36, 50.72
2020-10-28, 01:51:02, 23.35, 50.72
2020-10-28, 01:51:03, 23.35, 50.72
2020-10-28, 01:51:04, 23.34, 50.72
2020-10-28, 01:51:06, 23.34, 50.72
2020-10-28, 01:51:07, 23.33, 50.72
2020-10-28, 01:51:08, 23.34, 50.72
2020-10-28, 01:51:10, 23.34, 50.72
2020-10-28, 01:51:11, 23.35, 50.72
2020-10-28, 01:51:12, 23.34, 50.72
2020-10-28, 01:51:14, 23.34, 50.72
2020-10-28, 01:51:15, 23.33, 50.72
2020-10-28, 01:51:17, 23.35, 50.72
2020-10-28, 01:51:18, 23.34, 50.75
2020-10-28, 01:51:19, 23.34, 50.72
2020-10-28, 01:51:21, 23.35, 50.72
2020-10-28, 01:51:22, 23.35, 50.72
2020-10-28, 01:51:23, 23.35, 50.72
2020-10-28, 01:51:25, 23.34, 50.72
2020-10-28, 01:51:26, 23.34, 50.72
2020-10-28, 01:51:27, 23.35, 50.72
2020-10-28, 01:51:29, 23.35, 50.72
2020-10-28, 01:51:30, 23.35, 50.72
2020-10-28, 01:51:31, 23.35, 50.72
2020-10-28, 01:51:33, 23.35, 50.72
2020-10-28, 01:51:34, 23.36, 50.72
2020-10-28, 01:51:36, 23.34, 50.72
2020-10-28, 01:51:37, 23.35, 50.72
2020-10-28, 01:51:38, 23.37, 50.72
2020-10-28, 01:51:40, 23.36, 50.72
2020-10-28, 01:51:41, 23.35, 50.69
2020-10-28, 01:51:42, 23.35, 50.72
2020-10-28, 01:51:44, 23.35, 50.69
2020-10-28, 01:51:45, 23.36, 50.72
2020-10-28, 01:51:46, 23.37, 50.69
2020-10-28, 01:51:48, 23.37, 50.69
2020-10-28, 01:51:49, 23.36, 50.69
2020-10-28, 01:51:50, 23.36, 50.72
2020-10-28, 01:51:52, 23.37, 50.72
2020-10-28, 01:51:53, 23.35, 50.72
2020-10-28, 01:51:55, 23.36, 50.72
2020-10-28, 01:51:56, 23.37, 50.69
2020-10-28, 01:51:57, 23.37, 50.72
2020-10-28, 01:51:59, 23.36, 50.69
2020-10-28, 01:52:00, 23.36, 50.69
2020-10-28, 01:52:01, 23.37, 50.69
2020-10-28, 01:52:03, 23.36, 50.69
2020-10-28, 01:52:04, 23.36, 50.69
2020-10-28, 01:52:05, 23.37, 50.69
2020-10-28, 01:52:07, 23.38, 50.69
2020-10-28, 01:52:08, 23.38, 50.66
2020-10-28, 01:52:09, 23.37, 50.66
2020-10-28, 01:52:11, 23.37, 50.66
2020-10-28, 01:52:12, 23.39, 50.66
2020-10-28, 01:52:14, 23.37, 50.66
2020-10-28, 01:52:15, 23.39, 50.66
2020-10-28, 01:52:16, 23.4, 50.66
2020-10-28, 01:52:18, 23.39, 50.66
2020-10-28, 01:52:19, 23.38, 50.66
2020-10-28, 01:52:20, 23.39, 50.66
2020-10-28, 01:52:22, 23.39, 50.66
2020-10-28, 01:52:23, 23.39, 50.66
2020-10-28, 01:52:24, 23.4, 50.66
2020-10-28, 01:52:26, 23.39, 50.66
2020-10-28, 01:52:27, 23.39, 50.66
2020-10-28, 01:52:29, 23.39, 50.66
2020-10-28, 01:52:30, 23.4, 50.66
2020-10-28, 01:52:31, 23.39, 50.63
2020-10-28, 01:52:33, 23.41, 50.67
2020-10-28, 01:52:34, 23.42, 50.64
2020-10-28, 01:52:35, 23.4, 50.63
2020-10-28, 01:52:37, 23.4, 50.63
2020-10-28, 01:52:38, 23.4, 50.63
2020-10-28, 01:52:39, 23.4, 50.66
2020-10-28, 01:52:41, 23.41, 50.67
2020-10-28, 01:52:42, 23.4, 50.66
2020-10-28, 01:52:43, 23.4, 50.66
2020-10-28, 01:52:45, 23.41, 50.67
2020-10-28, 01:52:46, 23.4, 50.66
2020-10-28, 01:52:48, 23.41, 50.67
2020-10-28, 01:52:49, 23.42, 50.67
2020-10-28, 01:52:50, 23.39, 50.66
2020-10-28, 01:52:52, 23.42, 50.64
2020-10-28, 01:52:53, 23.41, 50.67
2020-10-28, 01:52:54, 23.4, 50.66
2020-10-28, 01:52:56, 23.4, 50.66
2020-10-28, 01:52:57, 23.41, 50.67
2020-10-28, 01:52:58, 23.41, 50.67
2020-10-28, 01:53:00, 23.41, 50.67
2020-10-28, 01:53:01, 23.4, 50.66
2020-10-28, 01:53:02, 23.41, 50.67
2020-10-28, 01:53:04, 23.41, 50.67
2020-10-28, 01:53:05, 23.42, 50.64
2020-10-28, 01:53:06, 23.42, 50.67
2020-10-28, 01:53:08, 23.42, 50.64
2020-10-28, 01:53:09, 23.41, 50.63
2020-10-28, 01:53:11, 23.44, 50.61
2020-10-28, 01:53:12, 23.42, 50.6
2020-10-28, 01:53:13, 23.4, 50.6
2020-10-28, 01:53:15, 23.42, 50.6
2020-10-28, 01:53:16, 23.42, 50.6
2020-10-28, 01:53:17, 23.44, 50.61
2020-10-28, 01:53:19, 23.42, 50.6
2020-10-28, 01:53:20, 23.43, 50.6
2020-10-28, 01:53:21, 23.44, 50.57
2020-10-28, 01:53:23, 23.42, 50.57
2020-10-28, 01:53:24, 23.44, 50.57
2020-10-28, 01:53:25, 23.44, 50.54
2020-10-28, 01:53:27, 23.44, 50.57
2020-10-28, 01:53:28, 23.46, 50.58
2020-10-28, 01:53:30, 23.45, 50.58
2020-10-28, 01:53:31, 23.45, 50.58
2020-10-28, 01:53:32, 23.45, 50.58
2020-10-28, 01:53:34, 23.44, 50.54
2020-10-28, 01:53:35, 23.46, 50.55
2020-10-28, 01:53:36, 23.45, 50.54
2020-10-28, 01:53:38, 23.45, 50.54
2020-10-28, 01:53:39, 23.46, 50.55
2020-10-28, 01:53:40, 23.47, 50.55
2020-10-28, 01:53:42, 23.46, 50.55
2020-10-28, 01:53:43, 23.46, 50.55
2020-10-28, 01:53:44, 23.46, 50.55
2020-10-28, 01:53:46, 23.46, 50.55
2020-10-28, 01:53:47, 23.47, 50.55
2020-10-28, 01:53:49, 23.47, 50.55
2020-10-28, 01:53:50, 23.48, 50.52
2020-10-28, 01:53:51, 23.48, 50.52
2020-10-28, 01:53:53, 23.47, 50.52
2020-10-28, 01:53:54, 23.46, 50.51
2020-10-28, 01:53:55, 23.46, 50.51
2020-10-28, 01:53:57, 23.48, 50.52
2020-10-28, 01:53:58, 23.47, 50.48
2020-10-28, 01:53:59, 23.47, 50.52
2020-10-28, 01:54:01, 23.48, 50.52
2020-10-28, 01:54:02, 23.48, 50.52
2020-10-28, 01:54:03, 23.48, 50.48
2020-10-28, 01:54:05, 23.48, 50.48
2020-10-28, 01:54:06, 23.5, 50.49
2020-10-28, 01:54:08, 23.48, 50.48
2020-10-28, 01:54:09, 23.49, 50.49
2020-10-28, 01:54:10, 23.49, 50.49
2020-10-28, 01:54:12, 23.48, 50.45
2020-10-28, 01:54:13, 23.48, 50.48
2020-10-28, 01:54:14, 23.49, 50.45
2020-10-28, 01:54:16, 23.49, 50.45
2020-10-28, 01:54:17, 23.5, 50.49
2020-10-28, 01:54:18, 23.48, 50.48
2020-10-28, 01:54:20, 23.48, 50.45
2020-10-28, 01:54:21, 23.48, 50.45
2020-10-28, 01:54:23, 23.5, 50.42
2020-10-28, 01:54:24, 23.48, 50.45
2020-10-28, 01:54:25, 23.5, 50.42
2020-10-28, 01:54:27, 23.51, 50.46
2020-10-28, 01:54:28, 23.5, 50.42
2020-10-28, 01:54:29, 23.51, 50.43
2020-10-28, 01:54:31, 23.52, 50.43
2020-10-28, 01:54:32, 23.51, 50.43
2020-10-28, 01:54:33, 23.51, 50.43
2020-10-28, 01:54:35, 23.5, 50.42
2020-10-28, 01:54:36, 23.5, 50.42
2020-10-28, 01:54:37, 23.51, 50.43
2020-10-28, 01:54:39, 23.51, 50.43
2020-10-28, 01:54:40, 23.52, 50.43
2020-10-28, 01:54:42, 23.5, 50.39
2020-10-28, 01:54:43, 23.52, 50.43
2020-10-28, 01:54:44, 23.52, 50.4
2020-10-28, 01:54:46, 23.51, 50.39
2020-10-28, 01:54:47, 23.51, 50.39
2020-10-28, 01:54:48, 23.51, 50.39
2020-10-28, 01:54:50, 23.51, 50.39
2020-10-28, 01:54:51, 23.5, 50.39
2020-10-28, 01:54:52, 23.5, 50.39
2020-10-28, 01:54:54, 23.51, 50.36
2020-10-28, 01:54:55, 23.52, 50.4
2020-10-28, 01:54:56, 23.51, 50.39
2020-10-28, 01:54:58, 23.52, 50.36
2020-10-28, 01:54:59, 23.52, 50.36
2020-10-28, 01:55:01, 23.53, 50.36
2020-10-28, 01:55:02, 23.52, 50.36
2020-10-28, 01:55:03, 23.53, 50.36
2020-10-28, 01:55:05, 23.52, 50.36
2020-10-28, 01:55:06, 23.53, 50.33
2020-10-28, 01:55:07, 23.54, 50.37
2020-10-28, 01:55:09, 23.54, 50.37
2020-10-28, 01:55:10, 23.53, 50.33
2020-10-28, 01:55:11, 23.54, 50.33
2020-10-28, 01:55:13, 23.53, 50.33
2020-10-28, 01:55:14, 23.52, 50.33
2020-10-28, 01:55:15, 23.52, 50.33
2020-10-28, 01:55:17, 23.53, 50.33
2020-10-28, 01:55:18, 23.54, 50.3
2020-10-28, 01:55:20, 23.53, 50.33
2020-10-28, 01:55:21, 23.52, 50.33
2020-10-28, 01:55:22, 23.54, 50.3
2020-10-28, 01:55:24, 23.54, 50.33
2020-10-28, 01:55:25, 23.54, 50.3
2020-10-28, 01:55:26, 23.55, 50.3
2020-10-28, 01:55:28, 23.53, 50.3
2020-10-28, 01:55:29, 23.54, 50.3
2020-10-28, 01:55:30, 23.55, 50.3
2020-10-28, 01:55:32, 23.55, 50.3
2020-10-28, 01:55:33, 23.56, 50.31
2020-10-28, 01:55:34, 23.56, 50.31
2020-10-28, 01:55:36, 23.55, 50.27
2020-10-28, 01:55:37, 23.55, 50.27
2020-10-28, 01:55:39, 23.55, 50.27
2020-10-28, 01:55:40, 23.55, 50.27
2020-10-28, 01:55:41, 23.56, 50.24
2020-10-28, 01:55:43, 23.57, 50.28
2020-10-28, 01:55:44, 23.56, 50.24
2020-10-28, 01:55:45, 23.56, 50.27
2020-10-28, 01:55:47, 23.56, 50.24
2020-10-28, 01:55:48, 23.58, 50.24
2020-10-28, 01:55:49, 23.58, 50.24
2020-10-28, 01:55:51, 23.56, 50.24
2020-10-28, 01:55:52, 23.58, 50.24
2020-10-28, 01:55:53, 23.57, 50.24
2020-10-28, 01:55:55, 23.58, 50.24
2020-10-28, 01:55:56, 23.58, 50.24
2020-10-28, 01:55:58, 23.59, 50.21
2020-10-28, 01:55:59, 23.58, 50.21
2020-10-28, 01:56:00, 23.57, 50.21
2020-10-28, 01:56:02, 23.57, 50.24
2020-10-28, 01:56:03, 23.59, 50.21
2020-10-28, 01:56:04, 23.58, 50.21
2020-10-28, 01:56:06, 23.58, 50.21
2020-10-28, 01:56:07, 23.59, 50.21
2020-10-28, 01:56:08, 23.58, 50.21
2020-10-28, 01:56:10, 23.58, 50.21
2020-10-28, 01:56:11, 23.58, 50.21
2020-10-28, 01:56:12, 23.6, 50.18
2020-10-28, 01:56:14, 23.59, 50.21
2020-10-28, 01:56:15, 23.58, 50.18
2020-10-28, 01:56:17, 23.59, 50.18
2020-10-28, 01:56:18, 23.58, 50.18
2020-10-28, 01:56:19, 23.6, 50.18
2020-10-28, 01:56:21, 23.6, 50.18
2020-10-28, 01:56:22, 23.6, 50.18
2020-10-28, 01:56:23, 23.6, 50.18
2020-10-28, 01:56:25, 23.6, 50.18
2020-10-28, 01:56:26, 23.6, 50.18
2020-10-28, 01:56:27, 23.6, 50.18
2020-10-28, 01:56:29, 23.6, 50.18
2020-10-28, 01:56:30, 23.6, 50.18
2020-10-28, 01:56:31, 23.61, 50.15
2020-10-28, 01:56:33, 23.6, 50.18
2020-10-28, 01:56:34, 23.6, 50.18
2020-10-28, 01:56:36, 23.6, 50.15
2020-10-28, 01:56:37, 23.6, 50.15
2020-10-28, 01:56:38, 23.6, 50.12
2020-10-28, 01:56:40, 23.61, 50.12
2020-10-28, 01:56:41, 23.62, 50.12
2020-10-28, 01:56:42, 23.62, 50.12
2020-10-28, 01:56:44, 23.61, 50.12
2020-10-28, 01:56:45, 23.61, 50.12
2020-10-28, 01:56:46, 23.6, 50.12
2020-10-28, 01:56:48, 23.62, 50.12
2020-10-28, 01:56:49, 23.6, 50.09
2020-10-28, 01:56:50, 23.62, 50.09
2020-10-28, 01:56:52, 23.62, 50.12
2020-10-28, 01:56:53, 23.62, 50.12
2020-10-28, 01:56:55, 23.62, 50.09
2020-10-28, 01:56:56, 23.61, 50.09
2020-10-28, 01:56:57, 23.62, 50.12
2020-10-28, 01:56:59, 23.63, 50.12
2020-10-28, 01:57:00, 23.62, 50.09
2020-10-28, 01:57:01, 23.63, 50.09
2020-10-28, 01:57:03, 23.63, 50.09
2020-10-28, 01:57:04, 23.64, 50.09
2020-10-28, 01:57:05, 23.63, 50.09
2020-10-28, 01:57:07, 23.63, 50.06
2020-10-28, 01:57:08, 23.62, 50.06
2020-10-28, 01:57:09, 23.63, 50.09
2020-10-28, 01:57:11, 23.64, 50.06
2020-10-28, 01:57:12, 23.64, 50.06
2020-10-28, 01:57:14, 23.64, 50.06
2020-10-28, 01:57:15, 23.64, 50.06
2020-10-28, 01:57:16, 23.62, 50.06
2020-10-28, 01:57:18, 23.64, 50.06
2020-10-28, 01:57:19, 23.64, 50.06
2020-10-28, 01:57:20, 23.64, 50.03
2020-10-28, 01:57:22, 23.63, 50.06
2020-10-28, 01:57:23, 23.65, 50.06
2020-10-28, 01:57:24, 23.64, 50.03
2020-10-28, 01:57:26, 23.63, 50.03
2020-10-28, 01:57:27, 23.65, 50.03
2020-10-28, 01:57:28, 23.65, 50.03
2020-10-28, 01:57:30, 23.66, 50.03
2020-10-28, 01:57:31, 23.63, 50.03
2020-10-28, 01:57:33, 23.64, 50.03
2020-10-28, 01:57:34, 23.65, 50.03
2020-10-28, 01:57:35, 23.63, 50.0
2020-10-28, 01:57:37, 23.64, 50.03
2020-10-28, 01:57:38, 23.65, 50.03
2020-10-28, 01:57:39, 23.63, 50.03
2020-10-28, 01:57:41, 23.64, 50.0
2020-10-28, 01:57:42, 23.64, 50.0
2020-10-28, 01:57:43, 23.64, 50.03
2020-10-28, 01:57:45, 23.64, 50.0
2020-10-28, 01:57:46, 23.64, 50.0
2020-10-28, 01:57:47, 23.65, 50.0
2020-10-28, 01:57:49, 23.64, 50.0
2020-10-28, 01:57:50, 23.65, 50.0
2020-10-28, 01:57:52, 23.65, 50.0
2020-10-28, 01:57:53, 23.64, 50.0
2020-10-28, 01:57:54, 23.64, 50.0
2020-10-28, 01:57:56, 23.64, 50.0
2020-10-28, 01:57:57, 23.65, 49.97
2020-10-28, 01:57:58, 23.65, 49.97
2020-10-28, 01:58:00, 23.66, 49.97
2020-10-28, 01:58:01, 23.65, 49.97
2020-10-28, 01:58:02, 23.66, 49.97
2020-10-28, 01:58:04, 23.66, 49.97
2020-10-28, 01:58:05, 23.64, 49.94
2020-10-28, 01:58:06, 23.66, 49.97
2020-10-28, 01:58:08, 23.66, 49.94
2020-10-28, 01:58:09, 23.66, 49.97
2020-10-28, 01:58:11, 23.66, 49.94
2020-10-28, 01:58:12, 23.66, 49.94
2020-10-28, 01:58:13, 23.64, 49.94
2020-10-28, 01:58:15, 23.65, 49.94
2020-10-28, 01:58:16, 23.66, 49.94
2020-10-28, 01:58:17, 23.66, 49.94
2020-10-28, 01:58:19, 23.66, 49.94
2020-10-28, 01:58:20, 23.67, 49.94
2020-10-28, 01:58:21, 23.68, 49.94
2020-10-28, 01:58:23, 23.68, 49.94
2020-10-28, 01:58:24, 23.68, 49.91
2020-10-28, 01:58:26, 23.69, 49.94
2020-10-28, 01:58:27, 23.68, 49.91
2020-10-28, 01:58:28, 23.68, 49.94
2020-10-28, 01:58:30, 23.68, 49.91
2020-10-28, 01:58:31, 23.68, 49.91
2020-10-28, 01:58:32, 23.68, 49.91
2020-10-28, 01:58:34, 23.67, 49.91
2020-10-28, 01:58:35, 23.68, 49.91
2020-10-28, 01:58:36, 23.68, 49.88
2020-10-28, 01:58:38, 23.69, 49.91
2020-10-28, 01:58:39, 23.68, 49.88
2020-10-28, 01:58:40, 23.68, 49.88
2020-10-28, 01:58:42, 23.66, 49.87
2020-10-28, 01:58:43, 23.69, 49.88
2020-10-28, 01:58:44, 23.69, 49.91
2020-10-28, 01:58:46, 23.68, 49.88
2020-10-28, 01:58:47, 23.68, 49.88
2020-10-28, 01:58:49, 23.68, 49.91
2020-10-28, 01:58:50, 23.68, 49.88
2020-10-28, 01:58:51, 23.7, 49.91
2020-10-28, 01:58:53, 23.69, 49.88
2020-10-28, 01:58:54, 23.69, 49.88
2020-10-28, 01:58:55, 23.69, 49.88
2020-10-28, 01:58:57, 23.69, 49.88
2020-10-28, 01:58:58, 23.68, 49.88
2020-10-28, 01:58:59, 23.69, 49.88
2020-10-28, 01:59:01, 23.7, 49.85
2020-10-28, 01:59:02, 23.7, 49.88
2020-10-28, 01:59:03, 23.7, 49.88
2020-10-28, 01:59:05, 23.7, 49.85
2020-10-28, 01:59:06, 23.7, 49.85
2020-10-28, 01:59:08, 23.69, 49.85
2020-10-28, 01:59:09, 23.7, 49.85
2020-10-28, 01:59:10, 23.71, 49.82
2020-10-28, 01:59:12, 23.71, 49.82
2020-10-28, 01:59:13, 23.71, 49.82
2020-10-28, 01:59:14, 23.7, 49.82
2020-10-28, 01:59:16, 23.71, 49.82
2020-10-28, 01:59:17, 23.7, 49.78
2020-10-28, 01:59:18, 23.72, 49.82
2020-10-28, 01:59:20, 23.72, 49.82
2020-10-28, 01:59:21, 23.71, 49.82
2020-10-28, 01:59:22, 23.71, 49.82
2020-10-28, 01:59:24, 23.7, 49.82
2020-10-28, 01:59:25, 23.71, 49.79
2020-10-28, 01:59:27, 23.72, 49.79
2020-10-28, 01:59:28, 23.72, 49.79
2020-10-28, 01:59:29, 23.72, 49.79
2020-10-28, 01:59:31, 23.71, 49.79
2020-10-28, 01:59:32, 23.72, 49.79
2020-10-28, 01:59:33, 23.72, 49.79
2020-10-28, 01:59:35, 23.72, 49.79
2020-10-28, 01:59:36, 23.72, 49.76
2020-10-28, 01:59:37, 23.72, 49.79
2020-10-28, 01:59:39, 23.72, 49.76
2020-10-28, 01:59:40, 23.72, 49.76
2020-10-28, 01:59:41, 23.72, 49.76
2020-10-28, 01:59:43, 23.73, 49.76
2020-10-28, 01:59:44, 23.73, 49.76
2020-10-28, 01:59:46, 23.72, 49.76
2020-10-28, 01:59:47, 23.7, 49.75
2020-10-28, 01:59:48, 23.72, 49.76
2020-10-28, 01:59:50, 23.73, 49.76
2020-10-28, 01:59:51, 23.72, 49.76
2020-10-28, 01:59:52, 23.73, 49.76
2020-10-28, 01:59:54, 23.72, 49.76
2020-10-28, 01:59:55, 23.72, 49.76
2020-10-28, 01:59:56, 23.72, 49.72
2020-10-28, 01:59:58, 23.72, 49.76
2020-10-28, 01:59:59, 23.74, 49.76
2020-10-28, 02:00:00, 23.72, 49.72
2020-10-28, 02:00:02, 23.72, 49.72
2020-10-28, 02:00:03, 23.72, 49.72
2020-10-28, 02:00:05, 23.7, 49.69
2020-10-28, 02:00:06, 23.74, 49.69
2020-10-28, 02:00:07, 23.74, 49.69
2020-10-28, 02:00:09, 23.74, 49.69
2020-10-28, 02:00:10, 23.74, 49.69
2020-10-28, 02:00:11, 23.74, 49.69
2020-10-28, 02:00:13, 23.73, 49.69
2020-10-28, 02:00:14, 23.73, 49.69
2020-10-28, 02:00:15, 23.74, 49.66
2020-10-28, 02:00:17, 23.75, 49.7
2020-10-28, 02:00:18, 23.74, 49.69
2020-10-28, 02:00:19, 23.74, 49.66
2020-10-28, 02:00:21, 23.75, 49.7
2020-10-28, 02:00:22, 23.74, 49.66
2020-10-28, 02:00:24, 23.75, 49.66
2020-10-28, 02:00:25, 23.75, 49.66
2020-10-28, 02:00:26, 23.75, 49.7
2020-10-28, 02:00:28, 23.75, 49.7
2020-10-28, 02:00:29, 23.75, 49.7
2020-10-28, 02:00:30, 23.76, 49.7
2020-10-28, 02:00:32, 23.74, 49.69
2020-10-28, 02:00:33, 23.74, 49.66
2020-10-28, 02:00:34, 23.74, 49.69
2020-10-28, 02:00:36, 23.75, 49.66
2020-10-28, 02:00:37, 23.75, 49.7
2020-10-28, 02:00:38, 23.74, 49.66
2020-10-28, 02:00:40, 23.74, 49.66
2020-10-28, 02:00:41, 23.74, 49.66
2020-10-28, 02:00:43, 23.75, 49.66
2020-10-28, 02:00:44, 23.75, 49.63
2020-10-28, 02:00:45, 23.75, 49.63
2020-10-28, 02:00:47, 23.76, 49.63
2020-10-28, 02:00:48, 23.75, 49.63
2020-10-28, 02:00:49, 23.76, 49.63
2020-10-28, 02:00:51, 23.76, 49.63
2020-10-28, 02:00:52, 23.76, 49.67
2020-10-28, 02:00:53, 23.78, 49.67
2020-10-28, 02:00:55, 23.76, 49.63
2020-10-28, 02:00:56, 23.77, 49.63
2020-10-28, 02:00:57, 23.76, 49.63
2020-10-28, 02:00:59, 23.77, 49.63
2020-10-28, 02:01:00, 23.76, 49.63
2020-10-28, 02:01:01, 23.77, 49.63
2020-10-28, 02:01:03, 23.78, 49.64
2020-10-28, 02:01:04, 23.76, 49.63
2020-10-28, 02:01:06, 23.77, 49.63
2020-10-28, 02:01:07, 23.76, 49.63
2020-10-28, 02:01:08, 23.77, 49.63
2020-10-28, 02:01:10, 23.77, 49.63
2020-10-28, 02:01:11, 23.76, 49.63
2020-10-28, 02:01:12, 23.78, 49.64
2020-10-28, 02:01:14, 23.77, 49.6
2020-10-28, 02:01:15, 23.77, 49.6
2020-10-28, 02:01:16, 23.78, 49.6
2020-10-28, 02:01:18, 23.78, 49.6
2020-10-28, 02:01:19, 23.77, 49.6
2020-10-28, 02:01:20, 23.76, 49.6
2020-10-28, 02:01:22, 23.77, 49.63
2020-10-28, 02:01:23, 23.77, 49.6
2020-10-28, 02:01:25, 23.77, 49.6
2020-10-28, 02:01:26, 23.76, 49.6
2020-10-28, 02:01:27, 23.76, 49.6
2020-10-28, 02:01:29, 23.76, 49.57
2020-10-28, 02:01:30, 23.76, 49.57
2020-10-28, 02:01:31, 23.76, 49.57
2020-10-28, 02:01:33, 23.75, 49.57
2020-10-28, 02:01:34, 23.76, 49.57
2020-10-28, 02:01:35, 23.76, 49.57
2020-10-28, 02:01:37, 23.75, 49.57
2020-10-28, 02:01:38, 23.76, 49.57
2020-10-28, 02:01:39, 23.76, 49.57
2020-10-28, 02:01:41, 23.77, 49.57
2020-10-28, 02:01:42, 23.78, 49.57
2020-10-28, 02:01:44, 23.78, 49.57
2020-10-28, 02:01:45, 23.76, 49.57
2020-10-28, 02:01:46, 23.78, 49.57
2020-10-28, 02:01:48, 23.77, 49.57
2020-10-28, 02:01:49, 23.78, 49.54
2020-10-28, 02:01:50, 23.78, 49.54
2020-10-28, 02:01:52, 23.78, 49.54
2020-10-28, 02:01:53, 23.78, 49.51
2020-10-28, 02:01:54, 23.78, 49.54
2020-10-28, 02:01:56, 23.78, 49.54
2020-10-28, 02:01:57, 23.78, 49.54
2020-10-28, 02:01:58, 23.79, 49.54
2020-10-28, 02:02:00, 23.78, 49.54
2020-10-28, 02:02:01, 23.79, 49.51
2020-10-28, 02:02:03, 23.79, 49.51
2020-10-28, 02:02:04, 23.78, 49.51
2020-10-28, 02:02:05, 23.78, 49.51
2020-10-28, 02:02:07, 23.78, 49.54
2020-10-28, 02:02:08, 23.79, 49.51
2020-10-28, 02:02:09, 23.78, 49.54
2020-10-28, 02:02:11, 23.79, 49.51
2020-10-28, 02:02:12, 23.79, 49.51
2020-10-28, 02:02:13, 23.79, 49.51
2020-10-28, 02:02:15, 23.8, 49.51
2020-10-28, 02:02:16, 23.79, 49.51
2020-10-28, 02:02:17, 23.8, 49.51
2020-10-28, 02:02:19, 23.79, 49.51
2020-10-28, 02:02:20, 23.79, 49.51
2020-10-28, 02:02:22, 23.8, 49.51
2020-10-28, 02:02:23, 23.79, 49.51
2020-10-28, 02:02:24, 23.79, 49.51
2020-10-28, 02:02:26, 23.79, 49.51
2020-10-28, 02:02:27, 23.8, 49.48
2020-10-28, 02:02:28, 23.8, 49.48
2020-10-28, 02:02:30, 23.79, 49.48
2020-10-28, 02:02:31, 23.8, 49.48
2020-10-28, 02:02:32, 23.79, 49.48
2020-10-28, 02:02:34, 23.79, 49.45
2020-10-28, 02:02:35, 23.78, 49.45
2020-10-28, 02:02:36, 23.8, 49.48
2020-10-28, 02:02:38, 23.81, 49.45
2020-10-28, 02:02:39, 23.79, 49.45
2020-10-28, 02:02:41, 23.81, 49.45
2020-10-28, 02:02:42, 23.8, 49.45
2020-10-28, 02:02:43, 23.8, 49.45
2020-10-28, 02:02:45, 23.8, 49.45
2020-10-28, 02:02:46, 23.8, 49.45
2020-10-28, 02:02:47, 23.81, 49.45
2020-10-28, 02:02:49, 23.8, 49.45
2020-10-28, 02:02:50, 23.8, 49.45
2020-10-28, 02:02:51, 23.8, 49.45
2020-10-28, 02:02:53, 23.8, 49.45
2020-10-28, 02:02:54, 23.8, 49.45
2020-10-28, 02:02:55, 23.81, 49.45
2020-10-28, 02:02:57, 23.81, 49.45
2020-10-28, 02:02:58, 23.8, 49.45
2020-10-28, 02:02:59, 23.8, 49.45
2020-10-28, 02:03:01, 23.81, 49.45
2020-10-28, 02:03:02, 23.8, 49.45
2020-10-28, 02:03:04, 23.81, 49.42
2020-10-28, 02:03:05, 23.82, 49.42
2020-10-28, 02:03:06, 23.81, 49.39
2020-10-28, 02:03:08, 23.81, 49.39
2020-10-28, 02:03:09, 23.81, 49.39
2020-10-28, 02:03:10, 23.8, 49.38
2020-10-28, 02:03:12, 23.81, 49.42
2020-10-28, 02:03:13, 23.81, 49.39
2020-10-28, 02:03:14, 23.81, 49.42
2020-10-28, 02:03:16, 23.82, 49.39
2020-10-28, 02:03:17, 23.82, 49.39
2020-10-28, 02:03:18, 23.82, 49.42
2020-10-28, 02:03:20, 23.83, 49.42
2020-10-28, 02:03:21, 23.82, 49.39
2020-10-28, 02:03:23, 23.81, 49.39
2020-10-28, 02:03:24, 23.82, 49.42
2020-10-28, 02:03:25, 23.81, 49.39
2020-10-28, 02:03:27, 23.81, 49.39
2020-10-28, 02:03:28, 23.82, 49.39
2020-10-28, 02:03:29, 23.81, 49.39
2020-10-28, 02:03:31, 23.82, 49.39
2020-10-28, 02:03:32, 23.81, 49.35
2020-10-28, 02:03:33, 23.82, 49.39
2020-10-28, 02:03:35, 23.82, 49.39
2020-10-28, 02:03:36, 23.82, 49.36
2020-10-28, 02:03:37, 23.82, 49.39
2020-10-28, 02:03:39, 23.82, 49.39
2020-10-28, 02:03:40, 23.82, 49.39
2020-10-28, 02:03:42, 23.82, 49.39
2020-10-28, 02:03:43, 23.82, 49.39
2020-10-28, 02:03:44, 23.81, 49.39
2020-10-28, 02:03:46, 23.82, 49.39
2020-10-28, 02:03:47, 23.82, 49.39
2020-10-28, 02:03:48, 23.83, 49.39
2020-10-28, 02:03:50, 23.8, 49.38
2020-10-28, 02:03:51, 23.82, 49.39
2020-10-28, 02:03:52, 23.82, 49.39
2020-10-28, 02:03:54, 23.82, 49.39
2020-10-28, 02:03:55, 23.83, 49.39
2020-10-28, 02:03:56, 23.82, 49.39
2020-10-28, 02:03:58, 23.83, 49.39
2020-10-28, 02:03:59, 23.82, 49.39
2020-10-28, 02:04:01, 23.82, 49.39
2020-10-28, 02:04:02, 23.83, 49.39
2020-10-28, 02:04:03, 23.83, 49.36
2020-10-28, 02:04:05, 23.83, 49.39
2020-10-28, 02:04:06, 23.83, 49.39
2020-10-28, 02:04:07, 23.81, 49.39
2020-10-28, 02:04:09, 23.83, 49.36
2020-10-28, 02:04:10, 23.82, 49.39
2020-10-28, 02:04:11, 23.82, 49.39
2020-10-28, 02:04:13, 23.82, 49.39
2020-10-28, 02:04:14, 23.82, 49.36
2020-10-28, 02:04:15, 23.83, 49.36
2020-10-28, 02:04:17, 23.82, 49.39
2020-10-28, 02:04:18, 23.82, 49.36
2020-10-28, 02:04:19, 23.82, 49.36
2020-10-28, 02:04:21, 23.83, 49.32
2020-10-28, 02:04:22, 23.82, 49.32
2020-10-28, 02:04:24, 23.83, 49.32
2020-10-28, 02:04:25, 23.83, 49.32
2020-10-28, 02:04:26, 23.83, 49.32
2020-10-28, 02:04:28, 23.83, 49.32
2020-10-28, 02:04:29, 23.82, 49.36
2020-10-28, 02:04:30, 23.82, 49.32
2020-10-28, 02:04:32, 23.82, 49.32
2020-10-28, 02:04:33, 23.83, 49.36
2020-10-28, 02:04:34, 23.82, 49.32
2020-10-28, 02:04:36, 23.84, 49.33
2020-10-28, 02:04:37, 23.83, 49.32
2020-10-28, 02:04:38, 23.82, 49.32
2020-10-28, 02:04:40, 23.83, 49.32
2020-10-28, 02:04:41, 23.82, 49.32
2020-10-28, 02:04:43, 23.82, 49.32
2020-10-28, 02:04:44, 23.81, 49.32
2020-10-28, 02:04:45, 23.81, 49.32
2020-10-28, 02:04:47, 23.81, 49.32
2020-10-28, 02:04:48, 23.82, 49.32
2020-10-28, 02:04:49, 23.83, 49.32
2020-10-28, 02:04:51, 23.83, 49.32
2020-10-28, 02:04:52, 23.84, 49.33
2020-10-28, 02:04:53, 23.83, 49.32
2020-10-28, 02:04:55, 23.83, 49.29
2020-10-28, 02:04:56, 23.82, 49.29
2020-10-28, 02:04:57, 23.82, 49.29
2020-10-28, 02:04:59, 23.82, 49.29
2020-10-28, 02:05:00, 23.83, 49.29
2020-10-28, 02:05:01, 23.83, 49.29
2020-10-28, 02:05:03, 23.83, 49.29
2020-10-28, 02:05:04, 23.83, 49.29
2020-10-28, 02:05:06, 23.84, 49.29
2020-10-28, 02:05:07, 23.83, 49.29
2020-10-28, 02:05:08, 23.82, 49.26
2020-10-28, 02:05:10, 23.83, 49.26
2020-10-28, 02:05:11, 23.83, 49.26
2020-10-28, 02:05:12, 23.83, 49.26
2020-10-28, 02:05:14, 23.82, 49.26
2020-10-28, 02:05:15, 23.82, 49.26
2020-10-28, 02:05:16, 23.82, 49.26
2020-10-28, 02:05:18, 23.83, 49.26
2020-10-28, 02:05:19, 23.84, 49.26
2020-10-28, 02:05:21, 23.83, 49.29
2020-10-28, 02:05:22, 23.82, 49.29
2020-10-28, 02:05:23, 23.82, 49.29
2020-10-28, 02:05:25, 23.84, 49.26
2020-10-28, 02:05:26, 23.85, 49.26
2020-10-28, 02:05:27, 23.84, 49.26
2020-10-28, 02:05:29, 23.84, 49.26
2020-10-28, 02:05:30, 23.84, 49.26
2020-10-28, 02:05:31, 23.83, 49.26
2020-10-28, 02:05:33, 23.85, 49.26
2020-10-28, 02:05:34, 23.84, 49.26
2020-10-28, 02:05:35, 23.85, 49.26
2020-10-28, 02:05:37, 23.84, 49.26
2020-10-28, 02:05:38, 23.84, 49.23
2020-10-28, 02:05:40, 23.85, 49.26
2020-10-28, 02:05:41, 23.84, 49.26
2020-10-28, 02:05:42, 23.84, 49.26
2020-10-28, 02:05:44, 23.84, 49.23
2020-10-28, 02:05:45, 23.85, 49.23
2020-10-28, 02:05:46, 23.84, 49.23
2020-10-28, 02:05:48, 23.86, 49.27
2020-10-28, 02:05:49, 23.86, 49.27
2020-10-28, 02:05:50, 23.86, 49.27
2020-10-28, 02:05:52, 23.86, 49.23
2020-10-28, 02:05:53, 23.86, 49.23
2020-10-28, 02:05:54, 23.86, 49.27
2020-10-28, 02:05:56, 23.85, 49.23
2020-10-28, 02:05:57, 23.85, 49.23
2020-10-28, 02:05:59, 23.86, 49.23
2020-10-28, 02:06:00, 23.86, 49.23
2020-10-28, 02:06:01, 23.85, 49.2
2020-10-28, 02:06:03, 23.86, 49.2
2020-10-28, 02:06:04, 23.86, 49.2
2020-10-28, 02:06:05, 23.86, 49.2
2020-10-28, 02:06:07, 23.87, 49.2
2020-10-28, 02:06:08, 23.88, 49.2
2020-10-28, 02:06:09, 23.86, 49.2
2020-10-28, 02:06:11, 23.88, 49.2
2020-10-28, 02:06:12, 23.87, 49.23
2020-10-28, 02:06:13, 23.88, 49.2
2020-10-28, 02:06:15, 23.87, 49.2
2020-10-28, 02:06:16, 23.86, 49.2
2020-10-28, 02:06:17, 23.87, 49.2
2020-10-28, 02:06:19, 23.88, 49.2
2020-10-28, 02:06:20, 23.86, 49.17
2020-10-28, 02:06:22, 23.86, 49.2
2020-10-28, 02:06:23, 23.88, 49.2
2020-10-28, 02:06:24, 23.87, 49.2
2020-10-28, 02:06:26, 23.87, 49.17
2020-10-28, 02:06:27, 23.86, 49.2
2020-10-28, 02:06:28, 23.86, 49.17
2020-10-28, 02:06:30, 23.86, 49.2
2020-10-28, 02:06:31, 23.87, 49.17
2020-10-28, 02:06:32, 23.86, 49.14
2020-10-28, 02:06:34, 23.85, 49.14
2020-10-28, 02:06:35, 23.86, 49.17
2020-10-28, 02:06:36, 23.86, 49.14
2020-10-28, 02:06:38, 23.86, 49.14
2020-10-28, 02:06:39, 23.87, 49.14
2020-10-28, 02:06:41, 23.87, 49.14
2020-10-28, 02:06:42, 23.87, 49.14
2020-10-28, 02:06:43, 23.88, 49.14
2020-10-28, 02:06:45, 23.88, 49.14
2020-10-28, 02:06:46, 23.88, 49.14
2020-10-28, 02:06:47, 23.87, 49.14
2020-10-28, 02:06:49, 23.86, 49.11
2020-10-28, 02:06:50, 23.88, 49.11
2020-10-28, 02:06:51, 23.87, 49.14
2020-10-28, 02:06:53, 23.88, 49.14
2020-10-28, 02:06:54, 23.88, 49.14
2020-10-28, 02:06:55, 23.87, 49.11
2020-10-28, 02:06:57, 23.87, 49.11
2020-10-28, 02:06:58, 23.88, 49.14
2020-10-28, 02:07:00, 23.86, 49.14
2020-10-28, 02:07:01, 23.88, 49.11
2020-10-28, 02:07:02, 23.86, 49.14
2020-10-28, 02:07:04, 23.88, 49.14
2020-10-28, 02:07:05, 23.87, 49.11
2020-10-28, 02:07:06, 23.86, 49.07
2020-10-28, 02:07:08, 23.87, 49.08
2020-10-28, 02:07:09, 23.87, 49.08
2020-10-28, 02:07:10, 23.86, 49.07
2020-10-28, 02:07:12, 23.86, 49.07
2020-10-28, 02:07:13, 23.87, 49.11
2020-10-28, 02:07:14, 23.88, 49.08
2020-10-28, 02:07:16, 23.88, 49.08
2020-10-28, 02:07:17, 23.88, 49.11
2020-10-28, 02:07:18, 23.87, 49.08
2020-10-28, 02:07:20, 23.88, 49.11
2020-10-28, 02:07:21, 23.87, 49.08
2020-10-28, 02:07:23, 23.87, 49.08
2020-10-28, 02:07:24, 23.87, 49.08
2020-10-28, 02:07:25, 23.87, 49.08
2020-10-28, 02:07:27, 23.87, 49.08
2020-10-28, 02:07:28, 23.86, 49.07
2020-10-28, 02:07:29, 23.86, 49.07
2020-10-28, 02:07:31, 23.87, 49.04
2020-10-28, 02:07:32, 23.86, 49.04
2020-10-28, 02:07:33, 23.87, 49.04
2020-10-28, 02:07:35, 23.87, 49.01
2020-10-28, 02:07:36, 23.87, 49.01
2020-10-28, 02:07:37, 23.87, 49.01
2020-10-28, 02:07:39, 23.88, 49.01
2020-10-28, 02:07:40, 23.88, 49.01
2020-10-28, 02:07:41, 23.88, 49.01
2020-10-28, 02:07:43, 23.87, 49.01
2020-10-28, 02:07:44, 23.88, 49.01
2020-10-28, 02:07:46, 23.88, 49.01
2020-10-28, 02:07:47, 23.87, 49.04
2020-10-28, 02:07:48, 23.87, 49.01
2020-10-28, 02:07:50, 23.87, 49.04
2020-10-28, 02:07:51, 23.86, 49.01
2020-10-28, 02:07:52, 23.87, 49.01
2020-10-28, 02:07:54, 23.88, 49.01
2020-10-28, 02:07:55, 23.88, 49.04
2020-10-28, 02:07:56, 23.88, 49.04
2020-10-28, 02:07:58, 23.86, 49.04
2020-10-28, 02:07:59, 23.88, 49.08
2020-10-28, 02:08:00, 23.87, 49.04
2020-10-28, 02:08:02, 23.87, 49.04
2020-10-28, 02:08:03, 23.87, 49.04
2020-10-28, 02:08:05, 23.87, 49.01
2020-10-28, 02:08:06, 23.86, 49.04
2020-10-28, 02:08:07, 23.87, 49.04
2020-10-28, 02:08:09, 23.86, 49.01
2020-10-28, 02:08:10, 23.86, 49.01
2020-10-28, 02:08:11, 23.86, 49.04
2020-10-28, 02:08:13, 23.87, 49.01
2020-10-28, 02:08:14, 23.86, 49.01
2020-10-28, 02:08:15, 23.86, 49.01
2020-10-28, 02:08:17, 23.87, 49.04
2020-10-28, 02:08:18, 23.88, 49.01
2020-10-28, 02:08:19, 23.87, 49.01
2020-10-28, 02:08:21, 23.86, 49.01
2020-10-28, 02:08:22, 23.86, 49.01
2020-10-28, 02:08:23, 23.86, 49.01
2020-10-28, 02:08:25, 23.87, 49.01
2020-10-28, 02:08:26, 23.87, 49.01
2020-10-28, 02:08:28, 23.86, 49.01
2020-10-28, 02:08:29, 23.87, 49.01
2020-10-28, 02:08:30, 23.86, 49.01
2020-10-28, 02:08:32, 23.86, 49.01
2020-10-28, 02:08:33, 23.86, 49.01
2020-10-28, 02:08:34, 23.88, 49.01
2020-10-28, 02:08:36, 23.87, 49.01
2020-10-28, 02:08:37, 23.86, 49.01
2020-10-28, 02:08:38, 23.86, 49.01
2020-10-28, 02:08:40, 23.86, 49.01
2020-10-28, 02:08:41, 23.88, 49.01
2020-10-28, 02:08:42, 23.86, 49.01
2020-10-28, 02:08:44, 23.85, 49.01
2020-10-28, 02:08:45, 23.86, 49.01
2020-10-28, 02:08:47, 23.86, 49.01
2020-10-28, 02:08:48, 23.87, 49.01
2020-10-28, 02:08:49, 23.86, 49.01
2020-10-28, 02:08:51, 23.85, 49.01
2020-10-28, 02:08:52, 23.86, 49.01
2020-10-28, 02:08:53, 23.86, 49.01
2020-10-28, 02:08:55, 23.87, 49.01
2020-10-28, 02:08:56, 23.86, 49.01
2020-10-28, 02:08:57, 23.87, 49.01
2020-10-28, 02:08:59, 23.87, 49.01
2020-10-28, 02:09:00, 23.86, 49.01
2020-10-28, 02:09:01, 23.86, 49.01
2020-10-28, 02:09:03, 23.87, 49.01
2020-10-28, 02:09:04, 23.85, 49.01
2020-10-28, 02:09:05, 23.85, 49.01
2020-10-28, 02:09:07, 23.86, 49.01
2020-10-28, 02:09:08, 23.86, 49.01
2020-10-28, 02:09:10, 23.87, 49.01
2020-10-28, 02:09:11, 23.85, 49.01
2020-10-28, 02:09:12, 23.85, 49.01
2020-10-28, 02:09:14, 23.85, 49.01
2020-10-28, 02:09:15, 23.86, 49.01
2020-10-28, 02:09:16, 23.84, 49.01
2020-10-28, 02:09:18, 23.87, 49.01
2020-10-28, 02:09:19, 23.86, 48.98
2020-10-28, 02:09:20, 23.86, 48.98
2020-10-28, 02:09:22, 23.86, 48.98
2020-10-28, 02:09:23, 23.86, 48.98
2020-10-28, 02:09:24, 23.84, 49.01
2020-10-28, 02:09:26, 23.85, 48.98
2020-10-28, 02:09:27, 23.85, 48.98
2020-10-28, 02:09:28, 23.84, 48.98
2020-10-28, 02:09:30, 23.85, 48.98
2020-10-28, 02:09:31, 23.85, 48.95
2020-10-28, 02:09:33, 23.85, 48.95
2020-10-28, 02:09:34, 23.85, 48.95
2020-10-28, 02:09:35, 23.85, 48.95
2020-10-28, 02:09:37, 23.86, 48.98
2020-10-28, 02:09:38, 23.84, 48.98
2020-10-28, 02:09:39, 23.84, 48.98
2020-10-28, 02:09:41, 23.84, 48.98
2020-10-28, 02:09:42, 23.85, 48.98
2020-10-28, 02:09:43, 23.83, 48.97
2020-10-28, 02:09:45, 23.84, 48.94
2020-10-28, 02:09:46, 23.84, 48.94
2020-10-28, 02:09:47, 23.84, 48.98
2020-10-28, 02:09:49, 23.84, 48.98
2020-10-28, 02:09:50, 23.84, 48.94
2020-10-28, 02:09:52, 23.84, 48.94
2020-10-28, 02:09:53, 23.82, 48.94
2020-10-28, 02:09:54, 23.82, 48.97
2020-10-28, 02:09:56, 23.84, 48.94
2020-10-28, 02:09:57, 23.83, 48.97
2020-10-28, 02:09:58, 23.83, 48.97
2020-10-28, 02:10:00, 23.83, 48.97
2020-10-28, 02:10:01, 23.83, 48.97
2020-10-28, 02:10:02, 23.83, 48.97
2020-10-28, 02:10:04, 23.82, 48.94
2020-10-28, 02:10:05, 23.82, 48.97
2020-10-28, 02:10:06, 23.8, 48.97
2020-10-28, 02:10:08, 23.82, 49.01
2020-10-28, 02:10:09, 23.82, 49.01
2020-10-28, 02:10:11, 23.82, 49.01
2020-10-28, 02:10:12, 23.82, 49.01
2020-10-28, 02:10:13, 23.81, 49.0
2020-10-28, 02:10:15, 23.8, 48.97
2020-10-28, 02:10:16, 23.82, 49.01
2020-10-28, 02:10:17, 23.81, 48.97
2020-10-28, 02:10:19, 23.82, 49.01
2020-10-28, 02:10:20, 23.81, 49.0
2020-10-28, 02:10:21, 23.82, 49.01
2020-10-28, 02:10:23, 23.82, 49.01
2020-10-28, 02:10:24, 23.82, 49.01
2020-10-28, 02:10:25, 23.82, 49.01
2020-10-28, 02:10:27, 23.81, 49.0
2020-10-28, 02:10:28, 23.81, 49.0
2020-10-28, 02:10:29, 23.82, 49.04
2020-10-28, 02:10:31, 23.81, 49.0
2020-10-28, 02:10:32, 23.8, 49.0
2020-10-28, 02:10:34, 23.79, 49.0
2020-10-28, 02:10:35, 23.8, 49.0
2020-10-28, 02:10:36, 23.8, 49.0
2020-10-28, 02:10:38, 23.79, 49.0
2020-10-28, 02:10:39, 23.8, 49.0
2020-10-28, 02:10:40, 23.79, 49.0
2020-10-28, 02:10:42, 23.78, 49.0
2020-10-28, 02:10:43, 23.78, 49.0
2020-10-28, 02:10:44, 23.79, 49.0
2020-10-28, 02:10:46, 23.78, 49.03
2020-10-28, 02:10:47, 23.78, 49.0
2020-10-28, 02:10:48, 23.78, 49.03
2020-10-28, 02:10:50, 23.79, 49.03
2020-10-28, 02:10:51, 23.79, 49.03
2020-10-28, 02:10:53, 23.78, 49.03
2020-10-28, 02:10:54, 23.78, 49.06
2020-10-28, 02:10:55, 23.79, 49.07
2020-10-28, 02:10:57, 23.78, 49.06
2020-10-28, 02:10:58, 23.77, 49.06
2020-10-28, 02:10:59, 23.78, 49.06
2020-10-28, 02:11:01, 23.77, 49.06
2020-10-28, 02:11:02, 23.77, 49.06
2020-10-28, 02:11:03, 23.78, 49.06
2020-10-28, 02:11:05, 23.78, 49.06
2020-10-28, 02:11:06, 23.78, 49.1
2020-10-28, 02:11:07, 23.76, 49.06
2020-10-28, 02:11:09, 23.76, 49.09
2020-10-28, 02:11:10, 23.76, 49.09
2020-10-28, 02:11:11, 23.76, 49.09
2020-10-28, 02:11:13, 23.76, 49.09
2020-10-28, 02:11:14, 23.75, 49.09
2020-10-28, 02:11:16, 23.75, 49.06
2020-10-28, 02:11:17, 23.75, 49.09
2020-10-28, 02:11:18, 23.76, 49.09
2020-10-28, 02:11:20, 23.76, 49.09
2020-10-28, 02:11:21, 23.75, 49.09
2020-10-28, 02:11:22, 23.76, 49.09
2020-10-28, 02:11:24, 23.76, 49.09
2020-10-28, 02:11:25, 23.76, 49.12
2020-10-28, 02:11:26, 23.76, 49.12
2020-10-28, 02:11:28, 23.75, 49.09
2020-10-28, 02:11:29, 23.76, 49.09
2020-10-28, 02:11:31, 23.74, 49.12
2020-10-28, 02:11:32, 23.74, 49.12
2020-10-28, 02:11:33, 23.74, 49.12
2020-10-28, 02:11:35, 23.75, 49.12
2020-10-28, 02:11:36, 23.75, 49.12
2020-10-28, 02:11:37, 23.74, 49.12
2020-10-28, 02:11:39, 23.74, 49.12
2020-10-28, 02:11:40, 23.75, 49.16
2020-10-28, 02:11:41, 23.73, 49.15
2020-10-28, 02:11:43, 23.74, 49.12
2020-10-28, 02:11:44, 23.74, 49.12
2020-10-28, 02:11:45, 23.74, 49.12
2020-10-28, 02:11:47, 23.73, 49.12
2020-10-28, 02:11:48, 23.72, 49.12
2020-10-28, 02:11:50, 23.72, 49.12
2020-10-28, 02:11:51, 23.73, 49.12
2020-10-28, 02:11:52, 23.72, 49.15
2020-10-28, 02:11:54, 23.72, 49.15
2020-10-28, 02:11:55, 23.72, 49.15
2020-10-28, 02:11:56, 23.72, 49.15
2020-10-28, 02:11:58, 23.72, 49.15
2020-10-28, 02:11:59, 23.73, 49.15
2020-10-28, 02:12:00, 23.72, 49.18
2020-10-28, 02:12:02, 23.71, 49.18
2020-10-28, 02:12:03, 23.72, 49.18
2020-10-28, 02:12:04, 23.7, 49.18
2020-10-28, 02:12:06, 23.72, 49.18
2020-10-28, 02:12:07, 23.71, 49.18
2020-10-28, 02:12:08, 23.7, 49.18
2020-10-28, 02:12:10, 23.71, 49.18
2020-10-28, 02:12:11, 23.7, 49.18
2020-10-28, 02:12:13, 23.69, 49.18
2020-10-28, 02:12:14, 23.69, 49.18
2020-10-28, 02:12:15, 23.69, 49.18
2020-10-28, 02:12:17, 23.69, 49.18
2020-10-28, 02:12:18, 23.69, 49.18
2020-10-28, 02:12:19, 23.69, 49.18
2020-10-28, 02:12:21, 23.7, 49.18
2020-10-28, 02:12:22, 23.69, 49.18
2020-10-28, 02:12:23, 23.69, 49.21
2020-10-28, 02:12:25, 23.69, 49.18
2020-10-28, 02:12:26, 23.69, 49.21
2020-10-28, 02:12:27, 23.69, 49.18
2020-10-28, 02:12:29, 23.68, 49.21
2020-10-28, 02:12:30, 23.68, 49.21
2020-10-28, 02:12:32, 23.68, 49.24
2020-10-28, 02:12:33, 23.67, 49.24
2020-10-28, 02:12:34, 23.66, 49.24
2020-10-28, 02:12:36, 23.68, 49.24
2020-10-28, 02:12:37, 23.66, 49.24
2020-10-28, 02:12:38, 23.67, 49.24
2020-10-28, 02:12:40, 23.66, 49.24
2020-10-28, 02:12:41, 23.68, 49.24
2020-10-28, 02:12:42, 23.66, 49.24
2020-10-28, 02:12:44, 23.65, 49.24
2020-10-28, 02:12:45, 23.67, 49.24
2020-10-28, 02:12:46, 23.67, 49.24
2020-10-28, 02:12:48, 23.66, 49.24
2020-10-28, 02:12:49, 23.66, 49.24
2020-10-28, 02:12:50, 23.67, 49.27
2020-10-28, 02:12:52, 23.65, 49.24
2020-10-28, 02:12:53, 23.66, 49.27
2020-10-28, 02:12:55, 23.66, 49.24
2020-10-28, 02:12:56, 23.65, 49.27
2020-10-28, 02:12:57, 23.66, 49.27
2020-10-28, 02:12:59, 23.65, 49.27
2020-10-28, 02:13:00, 23.65, 49.24
2020-10-28, 02:13:01, 23.66, 49.27
2020-10-28, 02:13:03, 23.66, 49.27
2020-10-28, 02:13:04, 23.66, 49.27
2020-10-28, 02:13:05, 23.66, 49.3
2020-10-28, 02:13:07, 23.65, 49.27
2020-10-28, 02:13:08, 23.66, 49.27
2020-10-28, 02:13:09, 23.65, 49.3
2020-10-28, 02:13:11, 23.65, 49.27
2020-10-28, 02:13:12, 23.65, 49.3
2020-10-28, 02:13:14, 23.66, 49.3
2020-10-28, 02:13:15, 23.65, 49.3
2020-10-28, 02:13:16, 23.65, 49.27
2020-10-28, 02:13:18, 23.63, 49.3
2020-10-28, 02:13:19, 23.64, 49.3
2020-10-28, 02:13:20, 23.62, 49.3
2020-10-28, 02:13:22, 23.64, 49.3
2020-10-28, 02:13:23, 23.64, 49.3
2020-10-28, 02:13:24, 23.65, 49.3
2020-10-28, 02:13:26, 23.63, 49.3
2020-10-28, 02:13:27, 23.64, 49.3
2020-10-28, 02:13:28, 23.64, 49.3
2020-10-28, 02:13:30, 23.63, 49.3
2020-10-28, 02:13:31, 23.64, 49.3
2020-10-28, 02:13:33, 23.64, 49.3
2020-10-28, 02:13:34, 23.63, 49.3
2020-10-28, 02:13:35, 23.64, 49.3
2020-10-28, 02:13:37, 23.62, 49.3
2020-10-28, 02:13:38, 23.62, 49.3
2020-10-28, 02:13:39, 23.64, 49.3
2020-10-28, 02:13:41, 23.63, 49.3
2020-10-28, 02:13:42, 23.62, 49.3
2020-10-28, 02:13:43, 23.62, 49.3
2020-10-28, 02:13:45, 23.62, 49.27
2020-10-28, 02:13:46, 23.62, 49.3
2020-10-28, 02:13:47, 23.61, 49.3
2020-10-28, 02:13:49, 23.61, 49.3
2020-10-28, 02:13:50, 23.61, 49.3
2020-10-28, 02:13:51, 23.62, 49.3
2020-10-28, 02:13:53, 23.62, 49.3
2020-10-28, 02:13:54, 23.62, 49.3
2020-10-28, 02:13:56, 23.62, 49.3
2020-10-28, 02:13:57, 23.62, 49.3
2020-10-28, 02:13:58, 23.61, 49.33
2020-10-28, 02:14:00, 23.61, 49.3
2020-10-28, 02:14:01, 23.61, 49.3
2020-10-28, 02:14:02, 23.62, 49.3
2020-10-28, 02:14:04, 23.61, 49.33
2020-10-28, 02:14:05, 23.61, 49.3
2020-10-28, 02:14:06, 23.59, 49.29
2020-10-28, 02:14:08, 23.6, 49.29
2020-10-28, 02:14:09, 23.6, 49.33
2020-10-28, 02:14:10, 23.6, 49.33
2020-10-28, 02:14:12, 23.6, 49.33
2020-10-28, 02:14:13, 23.61, 49.3
2020-10-28, 02:14:14, 23.6, 49.33
2020-10-28, 02:14:16, 23.6, 49.36
2020-10-28, 02:14:17, 23.61, 49.33
2020-10-28, 02:14:19, 23.6, 49.33
2020-10-28, 02:14:20, 23.6, 49.29
2020-10-28, 02:14:21, 23.6, 49.33
2020-10-28, 02:14:23, 23.6, 49.33
2020-10-28, 02:14:24, 23.6, 49.33
2020-10-28, 02:14:25, 23.6, 49.36
2020-10-28, 02:14:27, 23.61, 49.36
2020-10-28, 02:14:28, 23.59, 49.33
2020-10-28, 02:14:29, 23.6, 49.36
2020-10-28, 02:14:31, 23.59, 49.33
2020-10-28, 02:14:32, 23.59, 49.33
2020-10-28, 02:14:33, 23.59, 49.36
2020-10-28, 02:14:35, 23.59, 49.36
2020-10-28, 02:14:36, 23.6, 49.36
2020-10-28, 02:14:38, 23.6, 49.36
2020-10-28, 02:14:39, 23.58, 49.36
2020-10-28, 02:14:40, 23.6, 49.36
2020-10-28, 02:14:42, 23.59, 49.36
2020-10-28, 02:14:43, 23.6, 49.36
2020-10-28, 02:14:44, 23.58, 49.36
2020-10-28, 02:14:46, 23.59, 49.36
2020-10-28, 02:14:47, 23.6, 49.36
2020-10-28, 02:14:48, 23.6, 49.36
2020-10-28, 02:14:50, 23.6, 49.36
2020-10-28, 02:14:51, 23.59, 49.36
2020-10-28, 02:14:52, 23.6, 49.36
2020-10-28, 02:14:54, 23.59, 49.33
2020-10-28, 02:14:55, 23.58, 49.36
2020-10-28, 02:14:57, 23.59, 49.36
2020-10-28, 02:14:58, 23.58, 49.36
2020-10-28, 02:14:59, 23.59, 49.33
2020-10-28, 02:15:01, 23.58, 49.36
2020-10-28, 02:15:02, 23.59, 49.36
2020-10-28, 02:15:03, 23.59, 49.36
2020-10-28, 02:15:05, 23.59, 49.36
2020-10-28, 02:15:06, 23.58, 49.36
2020-10-28, 02:15:07, 23.57, 49.35
2020-10-28, 02:15:09, 23.58, 49.36
2020-10-28, 02:15:10, 23.58, 49.36
2020-10-28, 02:15:11, 23.58, 49.36
2020-10-28, 02:15:13, 23.58, 49.36
2020-10-28, 02:15:14, 23.58, 49.36
2020-10-28, 02:15:15, 23.58, 49.36
2020-10-28, 02:15:17, 23.58, 49.36
2020-10-28, 02:15:18, 23.58, 49.36
2020-10-28, 02:15:20, 23.59, 49.36
2020-10-28, 02:15:21, 23.59, 49.36
2020-10-28, 02:15:22, 23.6, 49.36
2020-10-28, 02:15:24, 23.59, 49.36
2020-10-28, 02:15:25, 23.58, 49.36
2020-10-28, 02:15:26, 23.59, 49.36
2020-10-28, 02:15:28, 23.59, 49.33
2020-10-28, 02:15:29, 23.59, 49.33
2020-10-28, 02:15:30, 23.59, 49.36
2020-10-28, 02:15:32, 23.58, 49.36
2020-10-28, 02:15:33, 23.58, 49.32
2020-10-28, 02:15:34, 23.58, 49.36
2020-10-28, 02:15:36, 23.58, 49.36
2020-10-28, 02:15:37, 23.57, 49.35
2020-10-28, 02:15:39, 23.58, 49.36
2020-10-28, 02:15:40, 23.58, 49.36
2020-10-28, 02:15:41, 23.58, 49.36
2020-10-28, 02:15:43, 23.57, 49.35
2020-10-28, 02:15:44, 23.57, 49.35
2020-10-28, 02:15:45, 23.57, 49.35
2020-10-28, 02:15:47, 23.58, 49.36
2020-10-28, 02:15:48, 23.58, 49.36
2020-10-28, 02:15:49, 23.57, 49.35
2020-10-28, 02:15:51, 23.57, 49.35
2020-10-28, 02:15:52, 23.57, 49.35
2020-10-28, 02:15:53, 23.57, 49.35
2020-10-28, 02:15:55, 23.56, 49.35
2020-10-28, 02:15:56, 23.57, 49.35
2020-10-28, 02:15:57, 23.57, 49.39
2020-10-28, 02:15:59, 23.57, 49.35
2020-10-28, 02:16:00, 23.55, 49.35
2020-10-28, 02:16:02, 23.56, 49.35
2020-10-28, 02:16:03, 23.55, 49.35
2020-10-28, 02:16:04, 23.55, 49.35
2020-10-28, 02:16:06, 23.56, 49.35
2020-10-28, 02:16:07, 23.57, 49.35
2020-10-28, 02:16:08, 23.56, 49.35
2020-10-28, 02:16:10, 23.56, 49.35
2020-10-28, 02:16:11, 23.56, 49.35
2020-10-28, 02:16:12, 23.56, 49.35
2020-10-28, 02:16:14, 23.56, 49.35
2020-10-28, 02:16:15, 23.57, 49.35
2020-10-28, 02:16:16, 23.57, 49.35
2020-10-28, 02:16:18, 23.58, 49.36
2020-10-28, 02:16:19, 23.58, 49.36
2020-10-28, 02:16:21, 23.56, 49.35
2020-10-28, 02:16:22, 23.56, 49.35
2020-10-28, 02:16:23, 23.56, 49.35
2020-10-28, 02:16:25, 23.56, 49.35
2020-10-28, 02:16:26, 23.56, 49.35
2020-10-28, 02:16:27, 23.57, 49.35
2020-10-28, 02:16:29, 23.55, 49.35
2020-10-28, 02:16:30, 23.56, 49.35
2020-10-28, 02:16:31, 23.56, 49.35
2020-10-28, 02:16:33, 23.56, 49.35
2020-10-28, 02:16:34, 23.58, 49.36
2020-10-28, 02:16:35, 23.56, 49.35
2020-10-28, 02:16:37, 23.57, 49.39
2020-10-28, 02:16:38, 23.56, 49.35
2020-10-28, 02:16:39, 23.56, 49.35
2020-10-28, 02:16:41, 23.56, 49.35
2020-10-28, 02:16:42, 23.56, 49.35
2020-10-28, 02:16:44, 23.55, 49.35
2020-10-28, 02:16:45, 23.56, 49.35
2020-10-28, 02:16:46, 23.56, 49.35
2020-10-28, 02:16:48, 23.56, 49.35
2020-10-28, 02:16:49, 23.56, 49.35
2020-10-28, 02:16:50, 23.57, 49.35
2020-10-28, 02:16:52, 23.56, 49.35
2020-10-28, 02:16:53, 23.56, 49.35
2020-10-28, 02:16:54, 23.55, 49.35
2020-10-28, 02:16:56, 23.55, 49.35
2020-10-28, 02:16:57, 23.55, 49.35
2020-10-28, 02:16:58, 23.55, 49.35
2020-10-28, 02:17:00, 23.55, 49.35
2020-10-28, 02:17:01, 23.54, 49.35
2020-10-28, 02:17:03, 23.55, 49.35
2020-10-28, 02:17:04, 23.54, 49.35
2020-10-28, 02:17:05, 23.54, 49.35
2020-10-28, 02:17:07, 23.54, 49.35
2020-10-28, 02:17:08, 23.55, 49.35
2020-10-28, 02:17:09, 23.55, 49.35
2020-10-28, 02:17:11, 23.55, 49.35
2020-10-28, 02:17:12, 23.55, 49.35
2020-10-28, 02:17:13, 23.55, 49.35
2020-10-28, 02:17:15, 23.56, 49.35
2020-10-28, 02:17:16, 23.55, 49.35
2020-10-28, 02:17:17, 23.56, 49.39
2020-10-28, 02:17:19, 23.56, 49.35
2020-10-28, 02:17:20, 23.56, 49.35
2020-10-28, 02:17:21, 23.55, 49.35
2020-10-28, 02:17:23, 23.57, 49.35
2020-10-28, 02:17:24, 23.56, 49.35
2020-10-28, 02:17:26, 23.55, 49.35
2020-10-28, 02:17:27, 23.57, 49.35
2020-10-28, 02:17:28, 23.56, 49.35
2020-10-28, 02:17:30, 23.55, 49.35
2020-10-28, 02:17:31, 23.55, 49.35
2020-10-28, 02:17:32, 23.56, 49.35
2020-10-28, 02:17:34, 23.56, 49.35
2020-10-28, 02:17:35, 23.56, 49.35
2020-10-28, 02:17:36, 23.55, 49.35
2020-10-28, 02:17:38, 23.56, 49.35
2020-10-28, 02:17:39, 23.55, 49.35
2020-10-28, 02:17:40, 23.56, 49.32
2020-10-28, 02:17:42, 23.57, 49.32
2020-10-28, 02:17:43, 23.55, 49.35
2020-10-28, 02:17:45, 23.56, 49.35
2020-10-28, 02:17:46, 23.55, 49.32
2020-10-28, 02:17:47, 23.56, 49.35
2020-10-28, 02:17:49, 23.54, 49.35
2020-10-28, 02:17:50, 23.54, 49.32
2020-10-28, 02:17:51, 23.55, 49.35
2020-10-28, 02:17:53, 23.56, 49.35
2020-10-28, 02:17:54, 23.56, 49.35
2020-10-28, 02:17:55, 23.56, 49.35
2020-10-28, 02:17:57, 23.55, 49.35
2020-10-28, 02:17:58, 23.56, 49.35
2020-10-28, 02:17:59, 23.56, 49.32
2020-10-28, 02:18:01, 23.56, 49.35
2020-10-28, 02:18:02, 23.57, 49.35
2020-10-28, 02:18:03, 23.56, 49.32
2020-10-28, 02:18:05, 23.56, 49.35
2020-10-28, 02:18:06, 23.56, 49.35
2020-10-28, 02:18:08, 23.56, 49.32
2020-10-28, 02:18:09, 23.56, 49.32
2020-10-28, 02:18:10, 23.54, 49.32
2020-10-28, 02:18:12, 23.55, 49.32
2020-10-28, 02:18:13, 23.54, 49.32
2020-10-28, 02:18:14, 23.56, 49.35
2020-10-28, 02:18:16, 23.55, 49.32
2020-10-28, 02:18:17, 23.55, 49.32
2020-10-28, 02:18:18, 23.54, 49.35
2020-10-28, 02:18:20, 23.54, 49.32
2020-10-28, 02:18:21, 23.54, 49.29
2020-10-28, 02:18:22, 23.54, 49.32
2020-10-28, 02:18:24, 23.54, 49.32
2020-10-28, 02:18:25, 23.54, 49.32
2020-10-28, 02:18:27, 23.53, 49.32
2020-10-28, 02:18:28, 23.54, 49.32
2020-10-28, 02:18:29, 23.54, 49.32
2020-10-28, 02:18:31, 23.54, 49.35
2020-10-28, 02:18:32, 23.56, 49.32
2020-10-28, 02:18:33, 23.55, 49.32
2020-10-28, 02:18:35, 23.54, 49.35
2020-10-28, 02:18:36, 23.55, 49.35
2020-10-28, 02:18:37, 23.56, 49.32
2020-10-28, 02:18:39, 23.56, 49.35
2020-10-28, 02:18:40, 23.54, 49.32
2020-10-28, 02:18:41, 23.55, 49.29
2020-10-28, 02:18:43, 23.55, 49.32
2020-10-28, 02:18:44, 23.55, 49.32
2020-10-28, 02:18:46, 23.55, 49.32
2020-10-28, 02:18:47, 23.56, 49.32
2020-10-28, 02:18:48, 23.56, 49.32
2020-10-28, 02:18:50, 23.55, 49.32
2020-10-28, 02:18:51, 23.55, 49.32
2020-10-28, 02:18:52, 23.54, 49.32
2020-10-28, 02:18:54, 23.55, 49.32
2020-10-28, 02:18:55, 23.54, 49.35
2020-10-28, 02:18:56, 23.54, 49.32
2020-10-28, 02:18:58, 23.54, 49.32
2020-10-28, 02:18:59, 23.55, 49.32
2020-10-28, 02:19:00, 23.56, 49.32
2020-10-28, 02:19:02, 23.56, 49.32
2020-10-28, 02:19:03, 23.54, 49.32
2020-10-28, 02:19:05, 23.55, 49.32
2020-10-28, 02:19:06, 23.54, 49.32
2020-10-28, 02:19:07, 23.54, 49.32
2020-10-28, 02:19:09, 23.54, 49.32
2020-10-28, 02:19:10, 23.53, 49.32
2020-10-28, 02:19:11, 23.54, 49.32
2020-10-28, 02:19:13, 23.54, 49.32
2020-10-28, 02:19:14, 23.54, 49.32
2020-10-28, 02:19:15, 23.54, 49.32
2020-10-28, 02:19:17, 23.54, 49.32
2020-10-28, 02:19:18, 23.54, 49.32
2020-10-28, 02:19:19, 23.54, 49.32
2020-10-28, 02:19:21, 23.53, 49.35
2020-10-28, 02:19:22, 23.52, 49.35
2020-10-28, 02:19:24, 23.54, 49.32
2020-10-28, 02:19:25, 23.54, 49.35
2020-10-28, 02:19:26, 23.55, 49.32
2020-10-28, 02:19:28, 23.52, 49.35
2020-10-28, 02:19:29, 23.53, 49.32
2020-10-28, 02:19:30, 23.53, 49.35
2020-10-28, 02:19:32, 23.54, 49.35
2020-10-28, 02:19:33, 23.53, 49.35
2020-10-28, 02:19:34, 23.52, 49.35
2020-10-28, 02:19:36, 23.53, 49.35
2020-10-28, 02:19:37, 23.51, 49.35
2020-10-28, 02:19:38, 23.52, 49.35
2020-10-28, 02:19:40, 23.52, 49.35
2020-10-28, 02:19:41, 23.51, 49.35
2020-10-28, 02:19:43, 23.52, 49.32
2020-10-28, 02:19:44, 23.51, 49.35
2020-10-28, 02:19:45, 23.52, 49.35
2020-10-28, 02:19:47, 23.52, 49.35
2020-10-28, 02:19:48, 23.49, 49.34
2020-10-28, 02:19:49, 23.51, 49.35
2020-10-28, 02:19:51, 23.52, 49.35
2020-10-28, 02:19:52, 23.52, 49.35
2020-10-28, 02:19:53, 23.52, 49.35
2020-10-28, 02:19:55, 23.52, 49.35
2020-10-28, 02:19:56, 23.51, 49.35
2020-10-28, 02:19:58, 23.51, 49.35
2020-10-28, 02:19:59, 23.52, 49.35
2020-10-28, 02:20:00, 23.52, 49.35
2020-10-28, 02:20:02, 23.51, 49.35
2020-10-28, 02:20:03, 23.52, 49.35
2020-10-28, 02:20:04, 23.53, 49.35
2020-10-28, 02:20:06, 23.51, 49.35
2020-10-28, 02:20:07, 23.51, 49.35
2020-10-28, 02:20:08, 23.52, 49.35
2020-10-28, 02:20:10, 23.51, 49.35
2020-10-28, 02:20:11, 23.52, 49.35
2020-10-28, 02:20:12, 23.52, 49.35
2020-10-28, 02:20:14, 23.51, 49.35
2020-10-28, 02:20:15, 23.52, 49.35
2020-10-28, 02:20:17, 23.52, 49.35
2020-10-28, 02:20:18, 23.52, 49.35
2020-10-28, 02:20:19, 23.52, 49.35
2020-10-28, 02:20:21, 23.51, 49.35
2020-10-28, 02:20:22, 23.52, 49.35
2020-10-28, 02:20:23, 23.51, 49.35
2020-10-28, 02:20:25, 23.52, 49.35
2020-10-28, 02:20:26, 23.51, 49.35
2020-10-28, 02:20:27, 23.53, 49.35
2020-10-28, 02:20:29, 23.52, 49.35
2020-10-28, 02:20:30, 23.52, 49.35
2020-10-28, 02:20:31, 23.52, 49.35
2020-10-28, 02:20:33, 23.51, 49.35
2020-10-28, 02:20:34, 23.52, 49.32
2020-10-28, 02:20:36, 23.52, 49.35
2020-10-28, 02:20:37, 23.5, 49.35
2020-10-28, 02:20:38, 23.52, 49.35
2020-10-28, 02:20:40, 23.53, 49.32
2020-10-28, 02:20:41, 23.52, 49.35
2020-10-28, 02:20:42, 23.5, 49.35
2020-10-28, 02:20:44, 23.51, 49.31
2020-10-28, 02:20:45, 23.52, 49.35
2020-10-28, 02:20:46, 23.52, 49.35
2020-10-28, 02:20:48, 23.51, 49.31
2020-10-28, 02:20:49, 23.52, 49.32
2020-10-28, 02:20:50, 23.52, 49.35
2020-10-28, 02:20:52, 23.52, 49.35
2020-10-28, 02:20:53, 23.52, 49.35
2020-10-28, 02:20:55, 23.51, 49.35
2020-10-28, 02:20:56, 23.52, 49.32
2020-10-28, 02:20:57, 23.52, 49.32
2020-10-28, 02:20:59, 23.52, 49.32
2020-10-28, 02:21:00, 23.51, 49.35
2020-10-28, 02:21:01, 23.52, 49.32
2020-10-28, 02:21:03, 23.52, 49.32
2020-10-28, 02:21:04, 23.52, 49.32
2020-10-28, 02:21:05, 23.53, 49.35
2020-10-28, 02:21:07, 23.54, 49.32
2020-10-28, 02:21:08, 23.52, 49.32
2020-10-28, 02:21:09, 23.51, 49.35
2020-10-28, 02:21:11, 23.52, 49.32
2020-10-28, 02:21:12, 23.52, 49.35
2020-10-28, 02:21:14, 23.5, 49.35
2020-10-28, 02:21:15, 23.52, 49.32
2020-10-28, 02:21:16, 23.5, 49.31
2020-10-28, 02:21:18, 23.51, 49.31
2020-10-28, 02:21:19, 23.51, 49.31
2020-10-28, 02:21:20, 23.52, 49.32
2020-10-28, 02:21:22, 23.53, 49.29
2020-10-28, 02:21:23, 23.52, 49.28
2020-10-28, 02:21:24, 23.52, 49.28
2020-10-28, 02:21:26, 23.52, 49.28
2020-10-28, 02:21:27, 23.51, 49.28
2020-10-28, 02:21:28, 23.52, 49.28
2020-10-28, 02:21:30, 23.52, 49.28
2020-10-28, 02:21:31, 23.53, 49.29
2020-10-28, 02:21:33, 23.53, 49.29
2020-10-28, 02:21:34, 23.53, 49.29
2020-10-28, 02:21:35, 23.53, 49.29
2020-10-28, 02:21:37, 23.51, 49.28
2020-10-28, 02:21:38, 23.52, 49.28
2020-10-28, 02:21:39, 23.5, 49.28
2020-10-28, 02:21:41, 23.52, 49.28
2020-10-28, 02:21:42, 23.52, 49.28
2020-10-28, 02:21:43, 23.51, 49.28
2020-10-28, 02:21:45, 23.5, 49.28
2020-10-28, 02:21:46, 23.51, 49.31
2020-10-28, 02:21:47, 23.53, 49.32
2020-10-28, 02:21:49, 23.54, 49.32
2020-10-28, 02:21:50, 23.53, 49.29
2020-10-28, 02:21:52, 23.53, 49.29
2020-10-28, 02:21:53, 23.53, 49.29
2020-10-28, 02:21:54, 23.52, 49.28
2020-10-28, 02:21:56, 23.53, 49.29
2020-10-28, 02:21:57, 23.52, 49.28
2020-10-28, 02:21:58, 23.53, 49.29
2020-10-28, 02:22:00, 23.52, 49.28
2020-10-28, 02:22:01, 23.51, 49.28
2020-10-28, 02:22:02, 23.51, 49.28
2020-10-28, 02:22:04, 23.53, 49.29
2020-10-28, 02:22:05, 23.53, 49.29
2020-10-28, 02:22:06, 23.54, 49.29
2020-10-28, 02:22:08, 23.53, 49.29
2020-10-28, 02:22:09, 23.53, 49.25
2020-10-28, 02:22:11, 23.52, 49.28
2020-10-28, 02:22:12, 23.53, 49.25
2020-10-28, 02:22:13, 23.52, 49.25
2020-10-28, 02:22:15, 23.51, 49.28
2020-10-28, 02:22:16, 23.52, 49.28
2020-10-28, 02:22:17, 23.52, 49.25
2020-10-28, 02:22:19, 23.52, 49.25
2020-10-28, 02:22:20, 23.54, 49.29
2020-10-28, 02:22:21, 23.53, 49.25
2020-10-28, 02:22:23, 23.52, 49.25
2020-10-28, 02:22:24, 23.52, 49.25
2020-10-28, 02:22:25, 23.52, 49.25
2020-10-28, 02:22:27, 23.52, 49.25
2020-10-28, 02:22:28, 23.51, 49.25
2020-10-28, 02:22:30, 23.5, 49.25
2020-10-28, 02:22:31, 23.5, 49.25
2020-10-28, 02:22:32, 23.51, 49.22
2020-10-28, 02:22:34, 23.53, 49.25
2020-10-28, 02:22:35, 23.52, 49.28
2020-10-28, 02:22:36, 23.52, 49.25
2020-10-28, 02:22:38, 23.52, 49.28
2020-10-28, 02:22:39, 23.52, 49.28
2020-10-28, 02:22:40, 23.51, 49.28
2020-10-28, 02:22:42, 23.51, 49.28
2020-10-28, 02:22:43, 23.52, 49.28
2020-10-28, 02:22:44, 23.52, 49.28
2020-10-28, 02:22:46, 23.51, 49.28
2020-10-28, 02:22:47, 23.51, 49.28
2020-10-28, 02:22:48, 23.52, 49.28
2020-10-28, 02:22:50, 23.51, 49.28
2020-10-28, 02:22:51, 23.52, 49.25
2020-10-28, 02:22:53, 23.5, 49.25
2020-10-28, 02:22:54, 23.52, 49.25
2020-10-28, 02:22:55, 23.51, 49.28
2020-10-28, 02:22:57, 23.52, 49.28
2020-10-28, 02:22:58, 23.52, 49.28
2020-10-28, 02:22:59, 23.5, 49.25
2020-10-28, 02:23:01, 23.52, 49.25
2020-10-28, 02:23:02, 23.52, 49.25
2020-10-28, 02:23:03, 23.51, 49.25
2020-10-28, 02:23:05, 23.53, 49.29
2020-10-28, 02:23:06, 23.53, 49.25
2020-10-28, 02:23:07, 23.53, 49.29
2020-10-28, 02:23:09, 23.52, 49.25
2020-10-28, 02:23:10, 23.52, 49.25
2020-10-28, 02:23:12, 23.51, 49.25
2020-10-28, 02:23:13, 23.53, 49.25
2020-10-28, 02:23:14, 23.52, 49.25
2020-10-28, 02:23:16, 23.53, 49.22
2020-10-28, 02:23:17, 23.54, 49.26
2020-10-28, 02:23:18, 23.54, 49.22
2020-10-28, 02:23:20, 23.53, 49.25
2020-10-28, 02:23:21, 23.53, 49.22
2020-10-28, 02:23:22, 23.52, 49.22
2020-10-28, 02:23:24, 23.51, 49.22
2020-10-28, 02:23:25, 23.52, 49.25
2020-10-28, 02:23:26, 23.52, 49.25
2020-10-28, 02:23:28, 23.53, 49.25
2020-10-28, 02:23:29, 23.53, 49.25
2020-10-28, 02:23:31, 23.52, 49.25
2020-10-28, 02:23:32, 23.52, 49.25
2020-10-28, 02:23:33, 23.53, 49.25
2020-10-28, 02:23:35, 23.52, 49.25
2020-10-28, 02:23:36, 23.53, 49.22
2020-10-28, 02:23:37, 23.52, 49.22
2020-10-28, 02:23:39, 23.52, 49.22
2020-10-28, 02:23:40, 23.54, 49.22
2020-10-28, 02:23:41, 23.52, 49.25
2020-10-28, 02:23:43, 23.54, 49.22
2020-10-28, 02:23:44, 23.53, 49.22
2020-10-28, 02:23:45, 23.53, 49.25
2020-10-28, 02:23:47, 23.52, 49.22
2020-10-28, 02:23:48, 23.52, 49.22
2020-10-28, 02:23:50, 23.53, 49.22
2020-10-28, 02:23:51, 23.52, 49.22
2020-10-28, 02:23:52, 23.52, 49.22
2020-10-28, 02:23:54, 23.52, 49.22
2020-10-28, 02:23:55, 23.53, 49.22
2020-10-28, 02:23:56, 23.52, 49.25
2020-10-28, 02:23:58, 23.5, 49.25
2020-10-28, 02:23:59, 23.52, 49.22
2020-10-28, 02:24:00, 23.52, 49.25
2020-10-28, 02:24:02, 23.53, 49.22
2020-10-28, 02:24:03, 23.53, 49.22
2020-10-28, 02:24:04, 23.51, 49.22
2020-10-28, 02:24:06, 23.53, 49.22
2020-10-28, 02:24:07, 23.54, 49.22
2020-10-28, 02:24:09, 23.52, 49.22
2020-10-28, 02:24:10, 23.53, 49.22
2020-10-28, 02:24:11, 23.54, 49.22
2020-10-28, 02:24:13, 23.54, 49.22
2020-10-28, 02:24:14, 23.52, 49.22
2020-10-28, 02:24:15, 23.54, 49.22
2020-10-28, 02:24:17, 23.54, 49.22
2020-10-28, 02:24:18, 23.54, 49.22
2020-10-28, 02:24:19, 23.54, 49.19
2020-10-28, 02:24:21, 23.53, 49.19
2020-10-28, 02:24:22, 23.54, 49.22
2020-10-28, 02:24:23, 23.53, 49.19
2020-10-28, 02:24:25, 23.53, 49.19
2020-10-28, 02:24:26, 23.54, 49.16
2020-10-28, 02:24:28, 23.55, 49.19
2020-10-28, 02:24:29, 23.53, 49.16
2020-10-28, 02:24:30, 23.54, 49.19
2020-10-28, 02:24:32, 23.54, 49.16
2020-10-28, 02:24:33, 23.54, 49.19
2020-10-28, 02:24:34, 23.54, 49.19
2020-10-28, 02:24:36, 23.54, 49.16
2020-10-28, 02:24:37, 23.55, 49.19
2020-10-28, 02:24:38, 23.56, 49.16
2020-10-28, 02:24:40, 23.55, 49.16
2020-10-28, 02:24:41, 23.56, 49.16
2020-10-28, 02:24:42, 23.54, 49.16
2020-10-28, 02:24:44, 23.56, 49.16
2020-10-28, 02:24:45, 23.56, 49.16
2020-10-28, 02:24:47, 23.55, 49.16
2020-10-28, 02:24:48, 23.55, 49.13
2020-10-28, 02:24:49, 23.54, 49.16
2020-10-28, 02:24:51, 23.55, 49.16
2020-10-28, 02:24:52, 23.56, 49.13
2020-10-28, 02:24:53, 23.55, 49.16
2020-10-28, 02:24:55, 23.55, 49.16
2020-10-28, 02:24:56, 23.55, 49.16
2020-10-28, 02:24:57, 23.54, 49.16
2020-10-28, 02:24:59, 23.56, 49.16
2020-10-28, 02:25:00, 23.55, 49.16
2020-10-28, 02:25:01, 23.54, 49.16
2020-10-28, 02:25:03, 23.54, 49.16
2020-10-28, 02:25:04, 23.56, 49.16
2020-10-28, 02:25:05, 23.54, 49.13
2020-10-28, 02:25:07, 23.54, 49.16
2020-10-28, 02:25:08, 23.52, 49.16
2020-10-28, 02:25:10, 23.54, 49.16
2020-10-28, 02:25:11, 23.54, 49.16
2020-10-28, 02:25:12, 23.54, 49.16
2020-10-28, 02:25:14, 23.54, 49.16
2020-10-28, 02:25:15, 23.54, 49.16
2020-10-28, 02:25:16, 23.54, 49.13
2020-10-28, 02:25:18, 23.54, 49.13
2020-10-28, 02:25:19, 23.54, 49.13
2020-10-28, 02:25:20, 23.54, 49.16
2020-10-28, 02:25:22, 23.55, 49.1
2020-10-28, 02:25:23, 23.54, 49.13
2020-10-28, 02:25:25, 23.56, 49.13
2020-10-28, 02:25:26, 23.56, 49.16
2020-10-28, 02:25:27, 23.54, 49.13
2020-10-28, 02:25:29, 23.55, 49.13
2020-10-28, 02:25:30, 23.56, 49.13
2020-10-28, 02:25:31, 23.56, 49.13
2020-10-28, 02:25:33, 23.56, 49.13
2020-10-28, 02:25:34, 23.55, 49.13
2020-10-28, 02:25:35, 23.55, 49.13
2020-10-28, 02:25:37, 23.54, 49.1
2020-10-28, 02:25:38, 23.54, 49.1
2020-10-28, 02:25:39, 23.53, 49.1
2020-10-28, 02:25:41, 23.53, 49.13
2020-10-28, 02:25:42, 23.54, 49.13
2020-10-28, 02:25:43, 23.54, 49.13
2020-10-28, 02:25:45, 23.54, 49.13
2020-10-28, 02:25:46, 23.54, 49.13
2020-10-28, 02:25:48, 23.54, 49.13
2020-10-28, 02:25:49, 23.54, 49.13
2020-10-28, 02:25:50, 23.54, 49.1
2020-10-28, 02:25:52, 23.53, 49.13
2020-10-28, 02:25:53, 23.54, 49.13
2020-10-28, 02:25:54, 23.54, 49.1
2020-10-28, 02:25:56, 23.53, 49.13
2020-10-28, 02:25:57, 23.53, 49.13
2020-10-28, 02:25:58, 23.54, 49.13
2020-10-28, 02:26:00, 23.53, 49.13
2020-10-28, 02:26:01, 23.54, 49.16
2020-10-28, 02:26:02, 23.54, 49.13
2020-10-28, 02:26:04, 23.54, 49.16
2020-10-28, 02:26:05, 23.54, 49.13
2020-10-28, 02:26:07, 23.54, 49.13
2020-10-28, 02:26:08, 23.54, 49.13
2020-10-28, 02:26:09, 23.53, 49.13
2020-10-28, 02:26:11, 23.55, 49.13
2020-10-28, 02:26:12, 23.54, 49.13
2020-10-28, 02:26:13, 23.54, 49.13
2020-10-28, 02:26:15, 23.54, 49.13
2020-10-28, 02:26:16, 23.54, 49.13
2020-10-28, 02:26:17, 23.54, 49.13
2020-10-28, 02:26:19, 23.55, 49.1
2020-10-28, 02:26:20, 23.54, 49.13
2020-10-28, 02:26:21, 23.54, 49.13
2020-10-28, 02:26:23, 23.52, 49.13
2020-10-28, 02:26:24, 23.53, 49.1
2020-10-28, 02:26:26, 23.53, 49.13
2020-10-28, 02:26:27, 23.53, 49.13
2020-10-28, 02:26:28, 23.53, 49.13
2020-10-28, 02:26:30, 23.54, 49.1
2020-10-28, 02:26:31, 23.54, 49.13
2020-10-28, 02:26:32, 23.55, 49.13
2020-10-28, 02:26:34, 23.54, 49.1
2020-10-28, 02:26:35, 23.54, 49.13
2020-10-28, 02:26:36, 23.55, 49.13
2020-10-28, 02:26:38, 23.54, 49.1
2020-10-28, 02:26:39, 23.54, 49.1
2020-10-28, 02:26:40, 23.54, 49.13
2020-10-28, 02:26:42, 23.53, 49.1
2020-10-28, 02:26:43, 23.54, 49.13
2020-10-28, 02:26:45, 23.53, 49.13
2020-10-28, 02:26:46, 23.53, 49.1
2020-10-28, 02:26:47, 23.54, 49.13
2020-10-28, 02:26:49, 23.54, 49.13
2020-10-28, 02:26:50, 23.53, 49.13
2020-10-28, 02:26:51, 23.54, 49.13
2020-10-28, 02:26:53, 23.53, 49.13
2020-10-28, 02:26:54, 23.52, 49.13
2020-10-28, 02:26:55, 23.53, 49.13
2020-10-28, 02:26:57, 23.52, 49.13
2020-10-28, 02:26:58, 23.54, 49.13
2020-10-28, 02:26:59, 23.52, 49.13
2020-10-28, 02:27:01, 23.54, 49.1
2020-10-28, 02:27:02, 23.53, 49.1
2020-10-28, 02:27:04, 23.53, 49.1
2020-10-28, 02:27:05, 23.54, 49.13
2020-10-28, 02:27:06, 23.53, 49.1
2020-10-28, 02:27:08, 23.53, 49.13
2020-10-28, 02:27:09, 23.53, 49.13
2020-10-28, 02:27:10, 23.53, 49.1
2020-10-28, 02:27:12, 23.54, 49.13
2020-10-28, 02:27:13, 23.54, 49.1
2020-10-28, 02:27:14, 23.53, 49.13
2020-10-28, 02:27:16, 23.53, 49.13
2020-10-28, 02:27:17, 23.54, 49.1
2020-10-28, 02:27:18, 23.53, 49.1
2020-10-28, 02:27:20, 23.54, 49.1
2020-10-28, 02:27:21, 23.53, 49.1
2020-10-28, 02:27:22, 23.53, 49.1
2020-10-28, 02:27:24, 23.53, 49.1
2020-10-28, 02:27:25, 23.53, 49.1
2020-10-28, 02:27:27, 23.53, 49.1
2020-10-28, 02:27:28, 23.53, 49.1
2020-10-28, 02:27:29, 23.53, 49.1
2020-10-28, 02:27:31, 23.54, 49.1
2020-10-28, 02:27:32, 23.54, 49.1
2020-10-28, 02:27:33, 23.55, 49.1
2020-10-28, 02:27:35, 23.53, 49.1
2020-10-28, 02:27:36, 23.54, 49.1
2020-10-28, 02:27:37, 23.55, 49.1
2020-10-28, 02:27:39, 23.54, 49.1
2020-10-28, 02:27:40, 23.53, 49.1
2020-10-28, 02:27:41, 23.55, 49.1
2020-10-28, 02:27:43, 23.55, 49.07
2020-10-28, 02:27:44, 23.55, 49.1
2020-10-28, 02:27:46, 23.55, 49.1
2020-10-28, 02:27:47, 23.55, 49.1
2020-10-28, 02:27:48, 23.56, 49.1
2020-10-28, 02:27:50, 23.56, 49.1
2020-10-28, 02:27:51, 23.54, 49.1
2020-10-28, 02:27:52, 23.56, 49.1
2020-10-28, 02:27:54, 23.56, 49.1
2020-10-28, 02:27:55, 23.55, 49.07
2020-10-28, 02:27:56, 23.55, 49.07
2020-10-28, 02:27:58, 23.55, 49.07
2020-10-28, 02:27:59, 23.56, 49.1
2020-10-28, 02:28:00, 23.54, 49.1
2020-10-28, 02:28:02, 23.53, 49.1
2020-10-28, 02:28:03, 23.55, 49.07
2020-10-28, 02:28:05, 23.56, 49.1
2020-10-28, 02:28:06, 23.54, 49.06
2020-10-28, 02:28:07, 23.55, 49.1
2020-10-28, 02:28:09, 23.55, 49.07
2020-10-28, 02:28:10, 23.55, 49.07
2020-10-28, 02:28:11, 23.54, 49.06
2020-10-28, 02:28:13, 23.54, 49.1
2020-10-28, 02:28:14, 23.54, 49.06
2020-10-28, 02:28:15, 23.54, 49.1
2020-10-28, 02:28:17, 23.54, 49.06
2020-10-28, 02:28:18, 23.53, 49.06
2020-10-28, 02:28:19, 23.53, 49.06
2020-10-28, 02:28:21, 23.54, 49.06
2020-10-28, 02:28:22, 23.54, 49.06
2020-10-28, 02:28:24, 23.55, 49.07
2020-10-28, 02:28:25, 23.54, 49.1
2020-10-28, 02:28:26, 23.54, 49.06
2020-10-28, 02:28:28, 23.55, 49.07
2020-10-28, 02:28:29, 23.54, 49.06
2020-10-28, 02:28:30, 23.55, 49.07
2020-10-28, 02:28:32, 23.54, 49.06
2020-10-28, 02:28:33, 23.54, 49.03
2020-10-28, 02:28:34, 23.54, 49.03
2020-10-28, 02:28:36, 23.54, 49.06
2020-10-28, 02:28:37, 23.55, 49.07
2020-10-28, 02:28:38, 23.55, 49.07
2020-10-28, 02:28:40, 23.54, 49.06
2020-10-28, 02:28:41, 23.55, 49.07
2020-10-28, 02:28:42, 23.54, 49.06
2020-10-28, 02:28:44, 23.54, 49.06
2020-10-28, 02:28:45, 23.54, 49.03
2020-10-28, 02:28:47, 23.55, 49.07
2020-10-28, 02:28:48, 23.54, 49.03
2020-10-28, 02:28:49, 23.53, 49.06
2020-10-28, 02:28:51, 23.56, 49.04
2020-10-28, 02:28:52, 23.52, 49.03
2020-10-28, 02:28:53, 23.54, 49.03
2020-10-28, 02:28:55, 23.54, 49.03
2020-10-28, 02:28:56, 23.54, 49.03
2020-10-28, 02:28:57, 23.54, 49.03
2020-10-28, 02:28:59, 23.54, 49.03
2020-10-28, 02:29:00, 23.53, 49.03
2020-10-28, 02:29:01, 23.54, 49.03
2020-10-28, 02:29:03, 23.54, 49.03
2020-10-28, 02:29:04, 23.53, 49.03
2020-10-28, 02:29:06, 23.54, 49.03
2020-10-28, 02:29:07, 23.54, 49.03
2020-10-28, 02:29:08, 23.53, 49.03
2020-10-28, 02:29:10, 23.53, 49.03
2020-10-28, 02:29:11, 23.53, 49.03
2020-10-28, 02:29:12, 23.54, 49.03
2020-10-28, 02:29:14, 23.54, 49.03
2020-10-28, 02:29:15, 23.53, 49.03
2020-10-28, 02:29:16, 23.54, 49.03
2020-10-28, 02:29:18, 23.54, 49.03
2020-10-28, 02:29:19, 23.54, 49.03
2020-10-28, 02:29:20, 23.53, 49.03
2020-10-28, 02:29:22, 23.54, 49.03
2020-10-28, 02:29:23, 23.54, 49.03
2020-10-28, 02:29:24, 23.54, 49.03
2020-10-28, 02:29:26, 23.54, 49.03
2020-10-28, 02:29:27, 23.54, 49.03
2020-10-28, 02:29:29, 23.54, 49.03
2020-10-28, 02:29:30, 23.53, 49.03
2020-10-28, 02:29:31, 23.55, 49.03
2020-10-28, 02:29:33, 23.54, 49.03
2020-10-28, 02:29:34, 23.55, 49.03
2020-10-28, 02:29:35, 23.54, 49.03
2020-10-28, 02:29:37, 23.54, 49.03
2020-10-28, 02:29:38, 23.54, 49.03
2020-10-28, 02:29:39, 23.53, 49.03
2020-10-28, 02:29:41, 23.54, 49.03
2020-10-28, 02:29:42, 23.53, 49.03
2020-10-28, 02:29:44, 23.54, 49.03
2020-10-28, 02:29:45, 23.52, 49.03
2020-10-28, 02:29:46, 23.54, 49.03
2020-10-28, 02:29:48, 23.54, 49.03
2020-10-28, 02:29:49, 23.54, 49.03
2020-10-28, 02:29:50, 23.54, 49.03
2020-10-28, 02:29:52, 23.54, 49.03
2020-10-28, 02:29:53, 23.54, 49.03
2020-10-28, 02:29:54, 23.53, 49.03
2020-10-28, 02:29:56, 23.55, 49.03
2020-10-28, 02:29:57, 23.55, 49.03
2020-10-28, 02:29:58, 23.54, 49.03
2020-10-28, 02:30:00, 23.54, 49.03
2020-10-28, 02:30:01, 23.54, 49.03
2020-10-28, 02:30:03, 23.55, 49.03
2020-10-28, 02:30:04, 23.54, 49.03
2020-10-28, 02:30:05, 23.54, 49.0
2020-10-28, 02:30:07, 23.54, 49.03
2020-10-28, 02:30:08, 23.55, 49.03
2020-10-28, 02:30:09, 23.56, 49.0
2020-10-28, 02:30:11, 23.55, 49.03
2020-10-28, 02:30:12, 23.54, 49.0
2020-10-28, 02:30:13, 23.54, 49.0
2020-10-28, 02:30:15, 23.54, 49.0
2020-10-28, 02:30:16, 23.54, 49.0
2020-10-28, 02:30:18, 23.55, 49.0
2020-10-28, 02:30:19, 23.55, 48.97
2020-10-28, 02:30:20, 23.57, 48.97
2020-10-28, 02:30:22, 23.57, 49.0
2020-10-28, 02:30:23, 23.56, 49.0
2020-10-28, 02:30:24, 23.56, 48.97
2020-10-28, 02:30:26, 23.57, 49.0
2020-10-28, 02:30:27, 23.55, 48.97
2020-10-28, 02:30:28, 23.55, 49.0
2020-10-28, 02:30:30, 23.56, 48.97
2020-10-28, 02:30:31, 23.57, 49.0
2020-10-28, 02:30:32, 23.56, 48.97
2020-10-28, 02:30:34, 23.58, 48.97
2020-10-28, 02:30:35, 23.56, 48.97
2020-10-28, 02:30:37, 23.57, 48.97
2020-10-28, 02:30:38, 23.56, 48.97
2020-10-28, 02:30:39, 23.56, 48.97
2020-10-28, 02:30:41, 23.56, 49.0
2020-10-28, 02:30:42, 23.56, 48.97
2020-10-28, 02:30:43, 23.56, 49.0
2020-10-28, 02:30:45, 23.56, 49.0
2020-10-28, 02:30:46, 23.57, 49.0
2020-10-28, 02:30:47, 23.57, 48.97
2020-10-28, 02:30:49, 23.56, 49.0
2020-10-28, 02:30:50, 23.57, 48.97
2020-10-28, 02:30:51, 23.58, 48.97
2020-10-28, 02:30:53, 23.57, 48.97
2020-10-28, 02:30:54, 23.58, 49.01
2020-10-28, 02:30:55, 23.58, 48.97
2020-10-28, 02:30:57, 23.58, 48.97
2020-10-28, 02:30:58, 23.58, 48.97
2020-10-28, 02:31:00, 23.58, 48.97
2020-10-28, 02:31:01, 23.58, 48.97
2020-10-28, 02:31:02, 23.59, 48.98
2020-10-28, 02:31:04, 23.59, 48.98
2020-10-28, 02:31:05, 23.58, 48.97
2020-10-28, 02:31:06, 23.58, 48.97
2020-10-28, 02:31:08, 23.58, 48.97
2020-10-28, 02:31:09, 23.58, 48.94
2020-10-28, 02:31:10, 23.59, 48.94
2020-10-28, 02:31:12, 23.58, 48.97
2020-10-28, 02:31:13, 23.58, 48.94
2020-10-28, 02:31:14, 23.59, 48.98
2020-10-28, 02:31:16, 23.58, 48.94
2020-10-28, 02:31:17, 23.59, 48.94
2020-10-28, 02:31:18, 23.59, 48.94
2020-10-28, 02:31:20, 23.59, 48.91
2020-10-28, 02:31:21, 23.59, 48.94
2020-10-28, 02:31:23, 23.58, 48.97
2020-10-28, 02:31:24, 23.58, 48.94
2020-10-28, 02:31:25, 23.58, 48.94
2020-10-28, 02:31:27, 23.58, 48.94
2020-10-28, 02:31:28, 23.58, 48.94
2020-10-28, 02:31:29, 23.6, 48.94
2020-10-28, 02:31:31, 23.6, 48.94
2020-10-28, 02:31:32, 23.59, 48.91
2020-10-28, 02:31:33, 23.6, 48.91
2020-10-28, 02:31:35, 23.59, 48.91
2020-10-28, 02:31:36, 23.58, 48.94
2020-10-28, 02:31:37, 23.6, 48.94
2020-10-28, 02:31:39, 23.59, 48.94
2020-10-28, 02:31:40, 23.59, 48.94
2020-10-28, 02:31:42, 23.59, 48.94
2020-10-28, 02:31:43, 23.6, 48.91
2020-10-28, 02:31:44, 23.58, 48.94
2020-10-28, 02:31:46, 23.58, 48.94
2020-10-28, 02:31:47, 23.59, 48.94
2020-10-28, 02:31:48, 23.58, 48.94
2020-10-28, 02:31:50, 23.59, 48.91
2020-10-28, 02:31:51, 23.6, 48.91
2020-10-28, 02:31:52, 23.6, 48.91
2020-10-28, 02:31:54, 23.58, 48.91
2020-10-28, 02:31:55, 23.6, 48.91
2020-10-28, 02:31:56, 23.6, 48.94
2020-10-28, 02:31:58, 23.6, 48.91
2020-10-28, 02:31:59, 23.6, 48.91
2020-10-28, 02:32:00, 23.6, 48.91
2020-10-28, 02:32:02, 23.6, 48.91
2020-10-28, 02:32:03, 23.6, 48.91
2020-10-28, 02:32:05, 23.56, 48.91
2020-10-28, 02:32:06, 23.59, 48.91
2020-10-28, 02:32:07, 23.6, 48.94
2020-10-28, 02:32:09, 23.6, 48.91
2020-10-28, 02:32:10, 23.6, 48.94
2020-10-28, 02:32:11, 23.59, 48.91
2020-10-28, 02:32:13, 23.6, 48.91
2020-10-28, 02:32:14, 23.6, 48.91
2020-10-28, 02:32:15, 23.59, 48.91
2020-10-28, 02:32:17, 23.59, 48.91
2020-10-28, 02:32:18, 23.6, 48.91
2020-10-28, 02:32:20, 23.6, 48.91
2020-10-28, 02:32:21, 23.6, 48.91
2020-10-28, 02:32:22, 23.61, 48.91
2020-10-28, 02:32:24, 23.61, 48.88
2020-10-28, 02:32:25, 23.6, 48.91
2020-10-28, 02:32:26, 23.61, 48.91
2020-10-28, 02:32:28, 23.6, 48.88
2020-10-28, 02:32:29, 23.59, 48.88
2020-10-28, 02:32:30, 23.6, 48.88
2020-10-28, 02:32:32, 23.6, 48.88
2020-10-28, 02:32:33, 23.6, 48.88
2020-10-28, 02:32:34, 23.6, 48.88
2020-10-28, 02:32:36, 23.6, 48.88
2020-10-28, 02:32:37, 23.59, 48.85
2020-10-28, 02:32:39, 23.59, 48.88
2020-10-28, 02:32:40, 23.6, 48.85
2020-10-28, 02:32:41, 23.6, 48.88
2020-10-28, 02:32:43, 23.6, 48.85
2020-10-28, 02:32:44, 23.6, 48.85
2020-10-28, 02:32:45, 23.59, 48.88
2020-10-28, 02:32:47, 23.59, 48.85
2020-10-28, 02:32:48, 23.59, 48.88
2020-10-28, 02:32:49, 23.59, 48.85
2020-10-28, 02:32:51, 23.59, 48.85
2020-10-28, 02:32:52, 23.59, 48.85
2020-10-28, 02:32:53, 23.6, 48.88
2020-10-28, 02:32:55, 23.6, 48.88
2020-10-28, 02:32:56, 23.59, 48.88
2020-10-28, 02:32:57, 23.58, 48.88
2020-10-28, 02:32:59, 23.58, 48.88
2020-10-28, 02:33:00, 23.59, 48.88
2020-10-28, 02:33:02, 23.58, 48.88
2020-10-28, 02:33:03, 23.58, 48.88
2020-10-28, 02:33:04, 23.58, 48.88
2020-10-28, 02:33:06, 23.58, 48.91
2020-10-28, 02:33:07, 23.59, 48.85
2020-10-28, 02:33:08, 23.59, 48.88
2020-10-28, 02:33:10, 23.6, 48.88
2020-10-28, 02:33:11, 23.6, 48.88
2020-10-28, 02:33:12, 23.6, 48.85
2020-10-28, 02:33:14, 23.59, 48.88
2020-10-28, 02:33:15, 23.6, 48.88
2020-10-28, 02:33:16, 23.6, 48.88
2020-10-28, 02:33:18, 23.59, 48.88
2020-10-28, 02:33:19, 23.59, 48.88
2020-10-28, 02:33:21, 23.58, 48.85
2020-10-28, 02:33:22, 23.6, 48.85
2020-10-28, 02:33:23, 23.59, 48.85
2020-10-28, 02:33:25, 23.6, 48.88
2020-10-28, 02:33:26, 23.59, 48.85
2020-10-28, 02:33:27, 23.6, 48.85
2020-10-28, 02:33:29, 23.61, 48.88
2020-10-28, 02:33:30, 23.6, 48.85
2020-10-28, 02:33:31, 23.6, 48.85
2020-10-28, 02:33:33, 23.6, 48.85
2020-10-28, 02:33:34, 23.61, 48.85
2020-10-28, 02:33:35, 23.59, 48.85
2020-10-28, 02:33:37, 23.6, 48.85
2020-10-28, 02:33:38, 23.6, 48.85
2020-10-28, 02:33:39, 23.62, 48.85
2020-10-28, 02:33:41, 23.6, 48.85
2020-10-28, 02:33:42, 23.59, 48.85
2020-10-28, 02:33:44, 23.6, 48.82
2020-10-28, 02:33:45, 23.6, 48.82
2020-10-28, 02:33:46, 23.61, 48.82
2020-10-28, 02:33:48, 23.6, 48.85
2020-10-28, 02:33:49, 23.6, 48.82
2020-10-28, 02:33:50, 23.61, 48.85
2020-10-28, 02:33:52, 23.62, 48.85
2020-10-28, 02:33:53, 23.62, 48.82
2020-10-28, 02:33:54, 23.6, 48.85
2020-10-28, 02:33:56, 23.61, 48.82
2020-10-28, 02:33:57, 23.61, 48.82
2020-10-28, 02:33:58, 23.6, 48.85
2020-10-28, 02:34:00, 23.61, 48.82
2020-10-28, 02:34:01, 23.61, 48.82
2020-10-28, 02:34:03, 23.61, 48.82
2020-10-28, 02:34:04, 23.61, 48.79
2020-10-28, 02:34:05, 23.61, 48.79
2020-10-28, 02:34:07, 23.62, 48.79
2020-10-28, 02:34:08, 23.61, 48.79
2020-10-28, 02:34:09, 23.61, 48.79
2020-10-28, 02:34:11, 23.61, 48.82
2020-10-28, 02:34:12, 23.61, 48.82
2020-10-28, 02:34:13, 23.61, 48.79
2020-10-28, 02:34:15, 23.6, 48.79
2020-10-28, 02:34:16, 23.62, 48.79
2020-10-28, 02:34:17, 23.59, 48.78
2020-10-28, 02:34:19, 23.6, 48.79
2020-10-28, 02:34:20, 23.61, 48.79
2020-10-28, 02:34:21, 23.6, 48.79
2020-10-28, 02:34:23, 23.6, 48.79
2020-10-28, 02:34:24, 23.6, 48.82
2020-10-28, 02:34:26, 23.59, 48.82
2020-10-28, 02:34:27, 23.6, 48.79
2020-10-28, 02:34:28, 23.6, 48.79
2020-10-28, 02:34:30, 23.61, 48.79
2020-10-28, 02:34:31, 23.6, 48.79
2020-10-28, 02:34:32, 23.61, 48.79
2020-10-28, 02:34:34, 23.6, 48.79
2020-10-28, 02:34:35, 23.61, 48.79
2020-10-28, 02:34:36, 23.61, 48.79
2020-10-28, 02:34:38, 23.6, 48.79
2020-10-28, 02:34:39, 23.63, 48.79
2020-10-28, 02:34:40, 23.62, 48.79
2020-10-28, 02:34:42, 23.6, 48.79
2020-10-28, 02:34:43, 23.61, 48.79
2020-10-28, 02:34:44, 23.62, 48.79
2020-10-28, 02:34:46, 23.62, 48.79
2020-10-28, 02:34:47, 23.61, 48.79
2020-10-28, 02:34:49, 23.61, 48.79
2020-10-28, 02:34:50, 23.61, 48.79
2020-10-28, 02:34:51, 23.61, 48.79
2020-10-28, 02:34:53, 23.62, 48.79
2020-10-28, 02:34:54, 23.63, 48.79
2020-10-28, 02:34:55, 23.61, 48.79
2020-10-28, 02:34:57, 23.62, 48.79
2020-10-28, 02:34:58, 23.63, 48.79
2020-10-28, 02:34:59, 23.63, 48.76
2020-10-28, 02:35:01, 23.62, 48.79
2020-10-28, 02:35:02, 23.63, 48.79
2020-10-28, 02:35:03, 23.63, 48.76
2020-10-28, 02:35:05, 23.63, 48.76
2020-10-28, 02:35:06, 23.6, 48.75
2020-10-28, 02:35:08, 23.62, 48.76
2020-10-28, 02:35:09, 23.64, 48.76
2020-10-28, 02:35:10, 23.62, 48.76
2020-10-28, 02:35:12, 23.62, 48.76
2020-10-28, 02:35:13, 23.6, 48.75
2020-10-28, 02:35:14, 23.61, 48.72
2020-10-28, 02:35:16, 23.61, 48.76
2020-10-28, 02:35:17, 23.62, 48.76
2020-10-28, 02:35:18, 23.62, 48.72
2020-10-28, 02:35:20, 23.61, 48.72
2020-10-28, 02:35:21, 23.62, 48.76
2020-10-28, 02:35:22, 23.62, 48.76
2020-10-28, 02:35:24, 23.63, 48.73
2020-10-28, 02:35:25, 23.62, 48.72
2020-10-28, 02:35:27, 23.63, 48.73
2020-10-28, 02:35:28, 23.64, 48.76
2020-10-28, 02:35:29, 23.64, 48.76
2020-10-28, 02:35:31, 23.64, 48.73
2020-10-28, 02:35:32, 23.64, 48.73
2020-10-28, 02:35:33, 23.63, 48.73
2020-10-28, 02:35:35, 23.63, 48.73
2020-10-28, 02:35:36, 23.63, 48.73
2020-10-28, 02:35:37, 23.63, 48.73
2020-10-28, 02:35:39, 23.64, 48.73
2020-10-28, 02:35:40, 23.64, 48.73
2020-10-28, 02:35:41, 23.64, 48.73
2020-10-28, 02:35:43, 23.63, 48.73
2020-10-28, 02:35:44, 23.63, 48.73
2020-10-28, 02:35:45, 23.63, 48.73
2020-10-28, 02:35:47, 23.64, 48.73
2020-10-28, 02:35:48, 23.64, 48.73
2020-10-28, 02:35:50, 23.64, 48.7
2020-10-28, 02:35:51, 23.64, 48.73
2020-10-28, 02:35:52, 23.63, 48.69
2020-10-28, 02:35:54, 23.62, 48.69
2020-10-28, 02:35:55, 23.64, 48.7
2020-10-28, 02:35:56, 23.64, 48.7
2020-10-28, 02:35:58, 23.65, 48.7
2020-10-28, 02:35:59, 23.64, 48.7
2020-10-28, 02:36:00, 23.64, 48.7
2020-10-28, 02:36:02, 23.65, 48.66
2020-10-28, 02:36:03, 23.64, 48.66
2020-10-28, 02:36:04, 23.65, 48.66
2020-10-28, 02:36:06, 23.66, 48.67
2020-10-28, 02:36:07, 23.66, 48.7
2020-10-28, 02:36:08, 23.66, 48.7
2020-10-28, 02:36:10, 23.65, 48.66
2020-10-28, 02:36:11, 23.65, 48.66
2020-10-28, 02:36:13, 23.65, 48.66
2020-10-28, 02:36:14, 23.66, 48.67
2020-10-28, 02:36:15, 23.66, 48.67
2020-10-28, 02:36:17, 23.66, 48.67
2020-10-28, 02:36:18, 23.66, 48.67
2020-10-28, 02:36:19, 23.66, 48.67
2020-10-28, 02:36:21, 23.66, 48.67
2020-10-28, 02:36:22, 23.66, 48.67
2020-10-28, 02:36:23, 23.67, 48.67
2020-10-28, 02:36:25, 23.68, 48.67
2020-10-28, 02:36:26, 23.66, 48.63
2020-10-28, 02:36:27, 23.66, 48.67
2020-10-28, 02:36:29, 23.68, 48.64
2020-10-28, 02:36:30, 23.66, 48.67
2020-10-28, 02:36:32, 23.66, 48.63
2020-10-28, 02:36:33, 23.66, 48.63
2020-10-28, 02:36:34, 23.66, 48.63
2020-10-28, 02:36:36, 23.66, 48.67
2020-10-28, 02:36:37, 23.66, 48.63
2020-10-28, 02:36:38, 23.66, 48.63
2020-10-28, 02:36:40, 23.66, 48.63
2020-10-28, 02:36:41, 23.66, 48.67
2020-10-28, 02:36:42, 23.67, 48.64
2020-10-28, 02:36:44, 23.67, 48.64
2020-10-28, 02:36:45, 23.66, 48.67
2020-10-28, 02:36:46, 23.66, 48.63
2020-10-28, 02:36:48, 23.67, 48.6
2020-10-28, 02:36:49, 23.67, 48.64
2020-10-28, 02:36:50, 23.67, 48.64
2020-10-28, 02:36:52, 23.68, 48.6
2020-10-28, 02:36:53, 23.66, 48.6
2020-10-28, 02:36:55, 23.68, 48.6
2020-10-28, 02:36:56, 23.68, 48.6
2020-10-28, 02:36:57, 23.68, 48.6
2020-10-28, 02:36:59, 23.68, 48.6
2020-10-28, 02:37:00, 23.68, 48.6
2020-10-28, 02:37:01, 23.68, 48.6
2020-10-28, 02:37:03, 23.69, 48.61
2020-10-28, 02:37:04, 23.68, 48.6
2020-10-28, 02:37:05, 23.67, 48.6
2020-10-28, 02:37:07, 23.67, 48.6
2020-10-28, 02:37:08, 23.68, 48.6
2020-10-28, 02:37:09, 23.68, 48.57
2020-10-28, 02:37:11, 23.68, 48.57
2020-10-28, 02:37:12, 23.69, 48.57
2020-10-28, 02:37:14, 23.7, 48.58
2020-10-28, 02:37:15, 23.69, 48.57
2020-10-28, 02:37:16, 23.69, 48.57
2020-10-28, 02:37:18, 23.69, 48.57
2020-10-28, 02:37:19, 23.67, 48.54
2020-10-28, 02:37:20, 23.69, 48.54
2020-10-28, 02:37:22, 23.7, 48.54
2020-10-28, 02:37:23, 23.68, 48.54
2020-10-28, 02:37:24, 23.68, 48.54
2020-10-28, 02:37:26, 23.69, 48.54
2020-10-28, 02:37:27, 23.69, 48.54
2020-10-28, 02:37:28, 23.7, 48.54
2020-10-28, 02:37:30, 23.7, 48.54
2020-10-28, 02:37:31, 23.69, 48.54
2020-10-28, 02:37:33, 23.69, 48.54
2020-10-28, 02:37:34, 23.7, 48.51
2020-10-28, 02:37:35, 23.7, 48.51
2020-10-28, 02:37:37, 23.7, 48.51
2020-10-28, 02:37:38, 23.69, 48.51
2020-10-28, 02:37:39, 23.69, 48.54
2020-10-28, 02:37:41, 23.68, 48.51
2020-10-28, 02:37:42, 23.7, 48.51
2020-10-28, 02:37:43, 23.7, 48.51
2020-10-28, 02:37:45, 23.7, 48.51
2020-10-28, 02:37:46, 23.7, 48.51
2020-10-28, 02:37:47, 23.7, 48.54
2020-10-28, 02:37:49, 23.71, 48.55
2020-10-28, 02:37:50, 23.71, 48.51
2020-10-28, 02:37:51, 23.7, 48.51
2020-10-28, 02:37:53, 23.71, 48.55
2020-10-28, 02:37:54, 23.69, 48.51
2020-10-28, 02:37:56, 23.7, 48.51
2020-10-28, 02:37:57, 23.69, 48.51
2020-10-28, 02:37:58, 23.7, 48.51
2020-10-28, 02:38:00, 23.7, 48.54
2020-10-28, 02:38:01, 23.7, 48.51
2020-10-28, 02:38:02, 23.7, 48.54
2020-10-28, 02:38:04, 23.7, 48.51
2020-10-28, 02:38:05, 23.72, 48.51
2020-10-28, 02:38:06, 23.72, 48.51
2020-10-28, 02:38:08, 23.71, 48.48
2020-10-28, 02:38:09, 23.7, 48.51
2020-10-28, 02:38:10, 23.7, 48.51
2020-10-28, 02:38:12, 23.69, 48.48
2020-10-28, 02:38:13, 23.7, 48.51
2020-10-28, 02:38:15, 23.7, 48.48
2020-10-28, 02:38:16, 23.72, 48.51
2020-10-28, 02:38:17, 23.72, 48.48
2020-10-28, 02:38:19, 23.7, 48.51
2020-10-28, 02:38:20, 23.71, 48.51
2020-10-28, 02:38:21, 23.7, 48.51
2020-10-28, 02:38:23, 23.71, 48.48
2020-10-28, 02:38:24, 23.7, 48.48
2020-10-28, 02:38:25, 23.7, 48.51
2020-10-28, 02:38:27, 23.71, 48.48
2020-10-28, 02:38:28, 23.71, 48.48
2020-10-28, 02:38:29, 23.72, 48.48
2020-10-28, 02:38:31, 23.71, 48.48
2020-10-28, 02:38:32, 23.71, 48.48
2020-10-28, 02:38:34, 23.7, 48.48
2020-10-28, 02:38:35, 23.71, 48.48
2020-10-28, 02:38:36, 23.7, 48.48
2020-10-28, 02:38:38, 23.71, 48.48
2020-10-28, 02:38:39, 23.72, 48.48
2020-10-28, 02:38:40, 23.72, 48.48
2020-10-28, 02:38:42, 23.73, 48.45
2020-10-28, 02:38:43, 23.72, 48.45
2020-10-28, 02:38:44, 23.72, 48.45
2020-10-28, 02:38:46, 23.71, 48.45
2020-10-28, 02:38:47, 23.73, 48.45
2020-10-28, 02:38:48, 23.73, 48.42
2020-10-28, 02:38:50, 23.72, 48.45
2020-10-28, 02:38:51, 23.71, 48.45
2020-10-28, 02:38:52, 23.71, 48.45
2020-10-28, 02:38:54, 23.72, 48.42
2020-10-28, 02:38:55, 23.72, 48.45
2020-10-28, 02:38:57, 23.73, 48.45
2020-10-28, 02:38:58, 23.74, 48.42
2020-10-28, 02:38:59, 23.74, 48.42
2020-10-28, 02:39:01, 23.73, 48.42
2020-10-28, 02:39:02, 23.74, 48.45
2020-10-28, 02:39:03, 23.73, 48.42
2020-10-28, 02:39:05, 23.73, 48.42
2020-10-28, 02:39:06, 23.75, 48.42
2020-10-28, 02:39:07, 23.73, 48.42
2020-10-28, 02:39:09, 23.73, 48.42
2020-10-28, 02:39:10, 23.75, 48.42
2020-10-28, 02:39:11, 23.74, 48.42
2020-10-28, 02:39:13, 23.74, 48.42
2020-10-28, 02:39:14, 23.74, 48.42
2020-10-28, 02:39:16, 23.74, 48.39
2020-10-28, 02:39:17, 23.74, 48.39
2020-10-28, 02:39:18, 23.74, 48.39
2020-10-28, 02:39:20, 23.74, 48.42
2020-10-28, 02:39:21, 23.74, 48.39
2020-10-28, 02:39:22, 23.75, 48.39
2020-10-28, 02:39:24, 23.74, 48.42
2020-10-28, 02:39:25, 23.74, 48.42
2020-10-28, 02:39:26, 23.74, 48.42
2020-10-28, 02:39:28, 23.75, 48.42
2020-10-28, 02:39:29, 23.74, 48.42
2020-10-28, 02:39:30, 23.75, 48.39
2020-10-28, 02:39:32, 23.75, 48.42
2020-10-28, 02:39:33, 23.75, 48.39
2020-10-28, 02:39:34, 23.75, 48.39
2020-10-28, 02:39:36, 23.74, 48.39
2020-10-28, 02:39:37, 23.74, 48.39
2020-10-28, 02:39:39, 23.75, 48.39
2020-10-28, 02:39:40, 23.75, 48.36
2020-10-28, 02:39:41, 23.73, 48.36
2020-10-28, 02:39:43, 23.75, 48.39
2020-10-28, 02:39:44, 23.74, 48.36
2020-10-28, 02:39:45, 23.74, 48.36
2020-10-28, 02:39:47, 23.75, 48.36
2020-10-28, 02:39:48, 23.75, 48.36
2020-10-28, 02:39:49, 23.74, 48.36
2020-10-28, 02:39:51, 23.75, 48.36
2020-10-28, 02:39:52, 23.74, 48.36
2020-10-28, 02:39:53, 23.75, 48.36
2020-10-28, 02:39:55, 23.75, 48.36
2020-10-28, 02:39:56, 23.74, 48.36
2020-10-28, 02:39:58, 23.74, 48.36
2020-10-28, 02:39:59, 23.74, 48.36
2020-10-28, 02:40:00, 23.75, 48.36
2020-10-28, 02:40:02, 23.76, 48.33
2020-10-28, 02:40:03, 23.76, 48.36
2020-10-28, 02:40:04, 23.76, 48.36
2020-10-28, 02:40:06, 23.75, 48.36
2020-10-28, 02:40:07, 23.75, 48.36
2020-10-28, 02:40:08, 23.75, 48.36
2020-10-28, 02:40:10, 23.76, 48.36
2020-10-28, 02:40:11, 23.75, 48.36
2020-10-28, 02:40:12, 23.76, 48.36
2020-10-28, 02:40:14, 23.76, 48.36
2020-10-28, 02:40:15, 23.76, 48.33
2020-10-28, 02:40:16, 23.76, 48.33
2020-10-28, 02:40:18, 23.74, 48.33
2020-10-28, 02:40:19, 23.75, 48.36
2020-10-28, 02:40:21, 23.75, 48.36
2020-10-28, 02:40:22, 23.75, 48.36
2020-10-28, 02:40:23, 23.73, 48.36
2020-10-28, 02:40:25, 23.75, 48.36
2020-10-28, 02:40:26, 23.75, 48.33
2020-10-28, 02:40:27, 23.74, 48.33
2020-10-28, 02:40:29, 23.74, 48.33
2020-10-28, 02:40:30, 23.74, 48.33
2020-10-28, 02:40:31, 23.74, 48.36
2020-10-28, 02:40:33, 23.74, 48.36
2020-10-28, 02:40:34, 23.74, 48.36
2020-10-28, 02:40:36, 23.73, 48.36
2020-10-28, 02:40:37, 23.74, 48.36
2020-10-28, 02:40:38, 23.74, 48.36
2020-10-28, 02:40:40, 23.74, 48.33
2020-10-28, 02:40:41, 23.74, 48.33
2020-10-28, 02:40:42, 23.73, 48.32
2020-10-28, 02:40:44, 23.73, 48.32
2020-10-28, 02:40:45, 23.74, 48.33
2020-10-28, 02:40:46, 23.74, 48.33
2020-10-28, 02:40:48, 23.74, 48.29
2020-10-28, 02:40:49, 23.74, 48.36
2020-10-28, 02:40:50, 23.74, 48.33
2020-10-28, 02:40:52, 23.74, 48.33
2020-10-28, 02:40:53, 23.74, 48.36
2020-10-28, 02:40:54, 23.74, 48.33
2020-10-28, 02:40:56, 23.73, 48.32
2020-10-28, 02:40:57, 23.74, 48.33
2020-10-28, 02:40:59, 23.74, 48.33
2020-10-28, 02:41:00, 23.74, 48.36
2020-10-28, 02:41:01, 23.76, 48.33
2020-10-28, 02:41:03, 23.75, 48.36
2020-10-28, 02:41:04, 23.76, 48.33
2020-10-28, 02:41:05, 23.76, 48.33
2020-10-28, 02:41:07, 23.76, 48.33
2020-10-28, 02:41:08, 23.75, 48.33
2020-10-28, 02:41:09, 23.76, 48.33
2020-10-28, 02:41:11, 23.74, 48.29
2020-10-28, 02:41:12, 23.75, 48.33
2020-10-28, 02:41:13, 23.75, 48.33
2020-10-28, 02:41:15, 23.75, 48.33
2020-10-28, 02:41:16, 23.76, 48.3
2020-10-28, 02:41:18, 23.76, 48.3
2020-10-28, 02:41:19, 23.74, 48.33
2020-10-28, 02:41:20, 23.75, 48.29
2020-10-28, 02:41:22, 23.75, 48.33
2020-10-28, 02:41:23, 23.76, 48.3
2020-10-28, 02:41:24, 23.74, 48.29
2020-10-28, 02:41:26, 23.74, 48.29
2020-10-28, 02:41:27, 23.74, 48.29
2020-10-28, 02:41:28, 23.75, 48.29
2020-10-28, 02:41:30, 23.74, 48.29
2020-10-28, 02:41:31, 23.75, 48.29
2020-10-28, 02:41:32, 23.74, 48.29
2020-10-28, 02:41:34, 23.74, 48.29
2020-10-28, 02:41:35, 23.74, 48.29
2020-10-28, 02:41:37, 23.76, 48.3
2020-10-28, 02:41:38, 23.75, 48.33
2020-10-28, 02:41:39, 23.74, 48.29
2020-10-28, 02:41:41, 23.75, 48.33
2020-10-28, 02:41:42, 23.75, 48.33
2020-10-28, 02:41:43, 23.73, 48.29
2020-10-28, 02:41:45, 23.74, 48.33
2020-10-28, 02:41:46, 23.73, 48.32
2020-10-28, 02:41:47, 23.73, 48.29
2020-10-28, 02:41:49, 23.73, 48.32
2020-10-28, 02:41:50, 23.72, 48.32
2020-10-28, 02:41:51, 23.73, 48.32
2020-10-28, 02:41:53, 23.73, 48.32
2020-10-28, 02:41:54, 23.73, 48.36
2020-10-28, 02:41:56, 23.74, 48.36
2020-10-28, 02:41:57, 23.74, 48.36
2020-10-28, 02:41:58, 23.74, 48.36
2020-10-28, 02:42:00, 23.73, 48.36
2020-10-28, 02:42:01, 23.73, 48.36
2020-10-28, 02:42:02, 23.75, 48.36
2020-10-28, 02:42:04, 23.75, 48.36
2020-10-28, 02:42:05, 23.75, 48.33
2020-10-28, 02:42:06, 23.75, 48.36
2020-10-28, 02:42:08, 23.74, 48.36
2020-10-28, 02:42:09, 23.76, 48.36
2020-10-28, 02:42:10, 23.76, 48.36
2020-10-28, 02:42:12, 23.75, 48.36
2020-10-28, 02:42:13, 23.75, 48.36
2020-10-28, 02:42:15, 23.76, 48.36
2020-10-28, 02:42:16, 23.74, 48.36
2020-10-28, 02:42:17, 23.75, 48.36
2020-10-28, 02:42:19, 23.74, 48.36
2020-10-28, 02:42:20, 23.74, 48.36
2020-10-28, 02:42:21, 23.74, 48.36
2020-10-28, 02:42:23, 23.75, 48.36
2020-10-28, 02:42:24, 23.73, 48.36
2020-10-28, 02:42:25, 23.74, 48.36
2020-10-28, 02:42:27, 23.74, 48.36
2020-10-28, 02:42:28, 23.74, 48.36
2020-10-28, 02:42:29, 23.73, 48.36
2020-10-28, 02:42:31, 23.76, 48.36
2020-10-28, 02:42:32, 23.75, 48.36
2020-10-28, 02:42:34, 23.75, 48.36
2020-10-28, 02:42:35, 23.75, 48.36
2020-10-28, 02:42:36, 23.76, 48.36
2020-10-28, 02:42:38, 23.74, 48.36
2020-10-28, 02:42:39, 23.74, 48.36
2020-10-28, 02:42:40, 23.74, 48.36
2020-10-28, 02:42:42, 23.75, 48.36
2020-10-28, 02:42:43, 23.73, 48.36
2020-10-28, 02:42:44, 23.75, 48.36
2020-10-28, 02:42:46, 23.75, 48.36
2020-10-28, 02:42:47, 23.75, 48.36
2020-10-28, 02:42:48, 23.76, 48.36
2020-10-28, 02:42:50, 23.74, 48.36
2020-10-28, 02:42:51, 23.76, 48.36
2020-10-28, 02:42:53, 23.75, 48.36
2020-10-28, 02:42:54, 23.76, 48.36
2020-10-28, 02:42:55, 23.76, 48.36
2020-10-28, 02:42:57, 23.74, 48.36
2020-10-28, 02:42:58, 23.75, 48.36
2020-10-28, 02:42:59, 23.75, 48.36
2020-10-28, 02:43:01, 23.74, 48.39
2020-10-28, 02:43:02, 23.75, 48.36
2020-10-28, 02:43:03, 23.74, 48.36
2020-10-28, 02:43:05, 23.74, 48.36
2020-10-28, 02:43:06, 23.75, 48.36
2020-10-28, 02:43:07, 23.75, 48.39
2020-10-28, 02:43:09, 23.75, 48.36
2020-10-28, 02:43:10, 23.75, 48.39
2020-10-28, 02:43:11, 23.75, 48.36
2020-10-28, 02:43:13, 23.75, 48.36
2020-10-28, 02:43:14, 23.74, 48.36
2020-10-28, 02:43:16, 23.75, 48.36
2020-10-28, 02:43:17, 23.76, 48.36
2020-10-28, 02:43:18, 23.76, 48.36
2020-10-28, 02:43:20, 23.76, 48.36
2020-10-28, 02:43:21, 23.75, 48.36
2020-10-28, 02:43:22, 23.76, 48.36
2020-10-28, 02:43:24, 23.75, 48.36
2020-10-28, 02:43:25, 23.76, 48.36
2020-10-28, 02:43:26, 23.75, 48.36
2020-10-28, 02:43:28, 23.75, 48.36
2020-10-28, 02:43:29, 23.75, 48.36
2020-10-28, 02:43:30, 23.75, 48.36
2020-10-28, 02:43:32, 23.75, 48.36
2020-10-28, 02:43:33, 23.76, 48.36
2020-10-28, 02:43:35, 23.75, 48.36
2020-10-28, 02:43:36, 23.76, 48.36
2020-10-28, 02:43:37, 23.76, 48.36
2020-10-28, 02:43:39, 23.76, 48.36
2020-10-28, 02:43:40, 23.76, 48.36
2020-10-28, 02:43:41, 23.76, 48.36
2020-10-28, 02:43:43, 23.76, 48.39
2020-10-28, 02:43:44, 23.75, 48.36
2020-10-28, 02:43:45, 23.76, 48.36
2020-10-28, 02:43:47, 23.76, 48.39
2020-10-28, 02:43:48, 23.75, 48.39
2020-10-28, 02:43:49, 23.75, 48.39
2020-10-28, 02:43:51, 23.75, 48.39
2020-10-28, 02:43:52, 23.77, 48.39
2020-10-28, 02:43:54, 23.76, 48.39
2020-10-28, 02:43:55, 23.74, 48.39
2020-10-28, 02:43:56, 23.73, 48.39
2020-10-28, 02:43:58, 23.74, 48.42
2020-10-28, 02:43:59, 23.76, 48.42
2020-10-28, 02:44:00, 23.75, 48.42
2020-10-28, 02:44:02, 23.76, 48.42
2020-10-28, 02:44:03, 23.75, 48.42
2020-10-28, 02:44:04, 23.75, 48.42
2020-10-28, 02:44:06, 23.75, 48.42
2020-10-28, 02:44:07, 23.75, 48.49
2020-10-28, 02:44:08, 23.74, 48.45
2020-10-28, 02:44:10, 23.75, 48.49
2020-10-28, 02:44:11, 23.76, 48.49
2020-10-28, 02:44:13, 23.76, 48.49
2020-10-28, 02:44:14, 23.75, 48.49
2020-10-28, 02:44:15, 23.75, 48.45
2020-10-28, 02:44:17, 23.74, 48.45
2020-10-28, 02:44:18, 23.74, 48.45
2020-10-28, 02:44:19, 23.75, 48.45
2020-10-28, 02:44:21, 23.75, 48.42
2020-10-28, 02:44:22, 23.75, 48.45
2020-10-28, 02:44:23, 23.75, 48.45
2020-10-28, 02:44:25, 23.76, 48.46
2020-10-28, 02:44:26, 23.76, 48.46
2020-10-28, 02:44:27, 23.76, 48.46
2020-10-28, 02:44:29, 23.75, 48.45
2020-10-28, 02:44:30, 23.76, 48.46
2020-10-28, 02:44:32, 23.75, 48.45
2020-10-28, 02:44:33, 23.75, 48.45
2020-10-28, 02:44:34, 23.74, 48.45
2020-10-28, 02:44:36, 23.74, 48.45
2020-10-28, 02:44:37, 23.75, 48.45
2020-10-28, 02:44:38, 23.75, 48.45
2020-10-28, 02:44:40, 23.75, 48.49
2020-10-28, 02:44:41, 23.74, 48.49
2020-10-28, 02:44:42, 23.75, 48.49
2020-10-28, 02:44:44, 23.76, 48.49
2020-10-28, 02:44:45, 23.76, 48.49
2020-10-28, 02:44:46, 23.76, 48.49
2020-10-28, 02:44:48, 23.75, 48.49
2020-10-28, 02:44:49, 23.74, 48.49
2020-10-28, 02:44:51, 23.75, 48.49
2020-10-28, 02:44:52, 23.76, 48.49
2020-10-28, 02:44:53, 23.76, 48.49
2020-10-28, 02:44:55, 23.74, 48.49
2020-10-28, 02:44:56, 23.76, 48.49
2020-10-28, 02:44:57, 23.74, 48.49
2020-10-28, 02:44:59, 23.75, 48.49
2020-10-28, 02:45:00, 23.75, 48.49
2020-10-28, 02:45:01, 23.75, 48.49
2020-10-28, 02:45:03, 23.76, 48.49
2020-10-28, 02:45:04, 23.74, 48.49
2020-10-28, 02:45:05, 23.74, 48.49
2020-10-28, 02:45:07, 23.76, 48.49
2020-10-28, 02:45:08, 23.76, 48.49
2020-10-28, 02:45:10, 23.75, 48.49
2020-10-28, 02:45:11, 23.76, 48.49
2020-10-28, 02:45:12, 23.75, 48.49
2020-10-28, 02:45:14, 23.75, 48.49
2020-10-28, 02:45:15, 23.76, 48.49
2020-10-28, 02:45:16, 23.76, 48.49
2020-10-28, 02:45:18, 23.76, 48.49
2020-10-28, 02:45:19, 23.76, 48.49
2020-10-28, 02:45:20, 23.77, 48.49
2020-10-28, 02:45:22, 23.77, 48.49
2020-10-28, 02:45:23, 23.76, 48.49
2020-10-28, 02:45:24, 23.76, 48.49
2020-10-28, 02:45:26, 23.77, 48.49
2020-10-28, 02:45:27, 23.76, 48.49
2020-10-28, 02:45:28, 23.76, 48.52
2020-10-28, 02:45:30, 23.76, 48.49
2020-10-28, 02:45:31, 23.76, 48.49
2020-10-28, 02:45:33, 23.76, 48.52
2020-10-28, 02:45:34, 23.75, 48.52
2020-10-28, 02:45:35, 23.76, 48.52
2020-10-28, 02:45:37, 23.76, 48.52
2020-10-28, 02:45:38, 23.76, 48.52
2020-10-28, 02:45:39, 23.76, 48.52
2020-10-28, 02:45:41, 23.76, 48.52
2020-10-28, 02:45:42, 23.76, 48.52
2020-10-28, 02:45:43, 23.76, 48.49
2020-10-28, 02:45:45, 23.75, 48.49
2020-10-28, 02:45:46, 23.76, 48.49
2020-10-28, 02:45:47, 23.76, 48.49
2020-10-28, 02:45:49, 23.76, 48.52
2020-10-28, 02:45:50, 23.76, 48.49
2020-10-28, 02:45:52, 23.76, 48.52
2020-10-28, 02:45:53, 23.77, 48.52
2020-10-28, 02:45:54, 23.76, 48.52
2020-10-28, 02:45:56, 23.76, 48.52
2020-10-28, 02:45:57, 23.77, 48.52
2020-10-28, 02:45:58, 23.76, 48.52
2020-10-28, 02:46:00, 23.74, 48.52
2020-10-28, 02:46:01, 23.77, 48.52
2020-10-28, 02:46:02, 23.77, 48.52
2020-10-28, 02:46:04, 23.76, 48.52
2020-10-28, 02:46:05, 23.77, 48.52
2020-10-28, 02:46:06, 23.76, 48.49
2020-10-28, 02:46:08, 23.77, 48.52
2020-10-28, 02:46:09, 23.77, 48.52
2020-10-28, 02:46:10, 23.77, 48.55
2020-10-28, 02:46:12, 23.78, 48.55
2020-10-28, 02:46:13, 23.76, 48.52
2020-10-28, 02:46:15, 23.77, 48.55
2020-10-28, 02:46:16, 23.76, 48.55
2020-10-28, 02:46:17, 23.78, 48.55
2020-10-28, 02:46:19, 23.77, 48.58
2020-10-28, 02:46:20, 23.77, 48.55
2020-10-28, 02:46:21, 23.77, 48.55
2020-10-28, 02:46:23, 23.78, 48.55
2020-10-28, 02:46:24, 23.77, 48.58
2020-10-28, 02:46:25, 23.76, 48.55
2020-10-28, 02:46:27, 23.77, 48.55
2020-10-28, 02:46:28, 23.76, 48.55
2020-10-28, 02:46:29, 23.78, 48.55
2020-10-28, 02:46:31, 23.77, 48.55
2020-10-28, 02:46:32, 23.76, 48.55
2020-10-28, 02:46:34, 23.78, 48.55
2020-10-28, 02:46:35, 23.77, 48.55
2020-10-28, 02:46:36, 23.77, 48.55
2020-10-28, 02:46:38, 23.77, 48.55
2020-10-28, 02:46:39, 23.77, 48.55
2020-10-28, 02:46:40, 23.78, 48.55
2020-10-28, 02:46:42, 23.78, 48.55
2020-10-28, 02:46:43, 23.77, 48.55
2020-10-28, 02:46:44, 23.77, 48.55
2020-10-28, 02:46:46, 23.78, 48.52
2020-10-28, 02:46:47, 23.78, 48.55
2020-10-28, 02:46:48, 23.77, 48.55
2020-10-28, 02:46:50, 23.77, 48.55
2020-10-28, 02:46:51, 23.78, 48.55
2020-10-28, 02:46:53, 23.77, 48.55
2020-10-28, 02:46:54, 23.76, 48.55
2020-10-28, 02:46:55, 23.78, 48.55
2020-10-28, 02:46:57, 23.77, 48.55
2020-10-28, 02:46:58, 23.79, 48.56
2020-10-28, 02:46:59, 23.77, 48.55
2020-10-28, 02:47:01, 23.77, 48.58
2020-10-28, 02:47:02, 23.77, 48.58
2020-10-28, 02:47:03, 23.77, 48.58
2020-10-28, 02:47:05, 23.77, 48.58
2020-10-28, 02:47:06, 23.77, 48.55
2020-10-28, 02:47:07, 23.78, 48.55
2020-10-28, 02:47:09, 23.78, 48.55
2020-10-28, 02:47:10, 23.79, 48.56
2020-10-28, 02:47:11, 23.79, 48.56
2020-10-28, 02:47:13, 23.78, 48.59
2020-10-28, 02:47:14, 23.78, 48.59
2020-10-28, 02:47:16, 23.78, 48.62
2020-10-28, 02:47:17, 23.78, 48.62
2020-10-28, 02:47:18, 23.78, 48.62
2020-10-28, 02:47:20, 23.78, 48.62
2020-10-28, 02:47:21, 23.78, 48.62
2020-10-28, 02:47:22, 23.78, 48.62
2020-10-28, 02:47:24, 23.78, 48.62
2020-10-28, 02:47:25, 23.78, 48.62
2020-10-28, 02:47:26, 23.78, 48.59
2020-10-28, 02:47:28, 23.79, 48.59
2020-10-28, 02:47:29, 23.78, 48.55
2020-10-28, 02:47:30, 23.77, 48.55
2020-10-28, 02:47:32, 23.78, 48.55
2020-10-28, 02:47:33, 23.79, 48.56
2020-10-28, 02:47:35, 23.78, 48.59
2020-10-28, 02:47:36, 23.78, 48.59
2020-10-28, 02:47:37, 23.78, 48.59
2020-10-28, 02:47:39, 23.78, 48.55
2020-10-28, 02:47:40, 23.78, 48.55
2020-10-28, 02:47:41, 23.77, 48.55
2020-10-28, 02:47:43, 23.79, 48.59
2020-10-28, 02:47:44, 23.78, 48.59
2020-10-28, 02:47:45, 23.78, 48.59
2020-10-28, 02:47:47, 23.79, 48.62
2020-10-28, 02:47:48, 23.78, 48.62
2020-10-28, 02:47:49, 23.79, 48.62
2020-10-28, 02:47:51, 23.78, 48.62
2020-10-28, 02:47:52, 23.78, 48.59
2020-10-28, 02:47:53, 23.79, 48.62
2020-10-28, 02:47:55, 23.79, 48.62
2020-10-28, 02:47:56, 23.79, 48.62
2020-10-28, 02:47:58, 23.77, 48.62
2020-10-28, 02:47:59, 23.78, 48.62
2020-10-28, 02:48:00, 23.78, 48.59
2020-10-28, 02:48:02, 23.79, 48.62
2020-10-28, 02:48:03, 23.78, 48.62
2020-10-28, 02:48:04, 23.79, 48.62
2020-10-28, 02:48:06, 23.78, 48.59
2020-10-28, 02:48:07, 23.78, 48.59
2020-10-28, 02:48:08, 23.78, 48.62
2020-10-28, 02:48:10, 23.78, 48.62
2020-10-28, 02:48:11, 23.78, 48.62
2020-10-28, 02:48:12, 23.78, 48.62
2020-10-28, 02:48:14, 23.78, 48.62
2020-10-28, 02:48:15, 23.79, 48.62
2020-10-28, 02:48:16, 23.78, 48.62
2020-10-28, 02:48:18, 23.77, 48.62
2020-10-28, 02:48:19, 23.77, 48.62
2020-10-28, 02:48:21, 23.76, 48.62
2020-10-28, 02:48:22, 23.77, 48.62
2020-10-28, 02:48:23, 23.78, 48.62
2020-10-28, 02:48:25, 23.78, 48.62
2020-10-28, 02:48:26, 23.78, 48.62
2020-10-28, 02:48:27, 23.78, 48.62
2020-10-28, 02:48:29, 23.79, 48.62
2020-10-28, 02:48:30, 23.78, 48.62
2020-10-28, 02:48:31, 23.77, 48.62
2020-10-28, 02:48:33, 23.78, 48.62
2020-10-28, 02:48:34, 23.79, 48.62
2020-10-28, 02:48:35, 23.78, 48.62
2020-10-28, 02:48:37, 23.78, 48.62
2020-10-28, 02:48:38, 23.79, 48.59
2020-10-28, 02:48:40, 23.8, 48.62
2020-10-28, 02:48:41, 23.78, 48.62
2020-10-28, 02:48:42, 23.78, 48.62
2020-10-28, 02:48:44, 23.8, 48.62
2020-10-28, 02:48:45, 23.79, 48.62
2020-10-28, 02:48:46, 23.8, 48.62
2020-10-28, 02:48:48, 23.79, 48.59
2020-10-28, 02:48:49, 23.8, 48.62
2020-10-28, 02:48:50, 23.8, 48.62
2020-10-28, 02:48:52, 23.81, 48.62
2020-10-28, 02:48:53, 23.8, 48.62
2020-10-28, 02:48:54, 23.81, 48.62
2020-10-28, 02:48:56, 23.8, 48.62
2020-10-28, 02:48:57, 23.8, 48.62
2020-10-28, 02:48:58, 23.8, 48.62
2020-10-28, 02:49:00, 23.8, 48.62
2020-10-28, 02:49:01, 23.81, 48.62
2020-10-28, 02:49:03, 23.8, 48.62
2020-10-28, 02:49:04, 23.81, 48.62
2020-10-28, 02:49:05, 23.81, 48.62
2020-10-28, 02:49:07, 23.81, 48.62
2020-10-28, 02:49:08, 23.8, 48.62
2020-10-28, 02:49:09, 23.79, 48.62
2020-10-28, 02:49:11, 23.8, 48.62
2020-10-28, 02:49:12, 23.81, 48.62
2020-10-28, 02:49:13, 23.81, 48.65
2020-10-28, 02:49:15, 23.82, 48.69
2020-10-28, 02:49:16, 23.81, 48.69
2020-10-28, 02:49:18, 23.8, 48.65
2020-10-28, 02:49:19, 23.81, 48.65
2020-10-28, 02:49:20, 23.8, 48.62
2020-10-28, 02:49:22, 23.8, 48.65
2020-10-28, 02:49:23, 23.81, 48.62
2020-10-28, 02:49:24, 23.8, 48.65
2020-10-28, 02:49:26, 23.81, 48.62
2020-10-28, 02:49:27, 23.82, 48.62
2020-10-28, 02:49:28, 23.82, 48.62
2020-10-28, 02:49:30, 23.81, 48.65
2020-10-28, 02:49:31, 23.82, 48.62
2020-10-28, 02:49:32, 23.81, 48.62
2020-10-28, 02:49:34, 23.81, 48.65
2020-10-28, 02:49:35, 23.81, 48.65
2020-10-28, 02:49:36, 23.8, 48.65
2020-10-28, 02:49:38, 23.81, 48.69
2020-10-28, 02:49:39, 23.81, 48.69
2020-10-28, 02:49:41, 23.82, 48.69
2020-10-28, 02:49:42, 23.8, 48.68
2020-10-28, 02:49:43, 23.82, 48.69
2020-10-28, 02:49:45, 23.8, 48.68
2020-10-28, 02:49:46, 23.82, 48.69
2020-10-28, 02:49:47, 23.83, 48.69
2020-10-28, 02:49:49, 23.82, 48.69
2020-10-28, 02:49:50, 23.82, 48.69
2020-10-28, 02:49:51, 23.82, 48.69
2020-10-28, 02:49:53, 23.82, 48.69
2020-10-28, 02:49:54, 23.82, 48.69
2020-10-28, 02:49:55, 23.84, 48.69
2020-10-28, 02:49:57, 23.83, 48.66
2020-10-28, 02:49:58, 23.84, 48.69
2020-10-28, 02:50:00, 23.83, 48.66
2020-10-28, 02:50:01, 23.84, 48.66
2020-10-28, 02:50:02, 23.84, 48.66
2020-10-28, 02:50:04, 23.84, 48.63
2020-10-28, 02:50:05, 23.83, 48.62
2020-10-28, 02:50:06, 23.84, 48.66
2020-10-28, 02:50:08, 23.84, 48.66
2020-10-28, 02:50:09, 23.84, 48.66
2020-10-28, 02:50:10, 23.83, 48.66
2020-10-28, 02:50:12, 23.83, 48.62
2020-10-28, 02:50:13, 23.82, 48.65
2020-10-28, 02:50:14, 23.82, 48.65
2020-10-28, 02:50:16, 23.82, 48.65
2020-10-28, 02:50:17, 23.83, 48.66
2020-10-28, 02:50:19, 23.81, 48.65
2020-10-28, 02:50:20, 23.82, 48.62
2020-10-28, 02:50:21, 23.82, 48.62
2020-10-28, 02:50:23, 23.82, 48.62
2020-10-28, 02:50:24, 23.82, 48.65
2020-10-28, 02:50:25, 23.82, 48.65
2020-10-28, 02:50:27, 23.85, 48.66
2020-10-28, 02:50:28, 23.83, 48.66
2020-10-28, 02:50:29, 23.82, 48.65
2020-10-28, 02:50:31, 23.8, 48.65
2020-10-28, 02:50:32, 23.81, 48.69
2020-10-28, 02:50:33, 23.83, 48.69
2020-10-28, 02:50:35, 23.82, 48.69
2020-10-28, 02:50:36, 23.82, 48.69
2020-10-28, 02:50:38, 23.82, 48.65
2020-10-28, 02:50:39, 23.84, 48.69
2020-10-28, 02:50:40, 23.83, 48.62
2020-10-28, 02:50:42, 23.82, 48.65
2020-10-28, 02:50:43, 23.83, 48.62
2020-10-28, 02:50:44, 23.82, 48.62
2020-10-28, 02:50:46, 23.83, 48.62
2020-10-28, 02:50:47, 23.83, 48.66
2020-10-28, 02:50:48, 23.84, 48.66
2020-10-28, 02:50:50, 23.84, 48.66
2020-10-28, 02:50:51, 23.84, 48.66
2020-10-28, 02:50:52, 23.83, 48.66
2020-10-28, 02:50:54, 23.84, 48.66
2020-10-28, 02:50:55, 23.84, 48.66
2020-10-28, 02:50:56, 23.84, 48.66
2020-10-28, 02:50:58, 23.83, 48.62
2020-10-28, 02:50:59, 23.84, 48.66
2020-10-28, 02:51:01, 23.85, 48.66
2020-10-28, 02:51:02, 23.83, 48.66
2020-10-28, 02:51:03, 23.83, 48.66
2020-10-28, 02:51:05, 23.84, 48.66
2020-10-28, 02:51:06, 23.83, 48.62
2020-10-28, 02:51:07, 23.84, 48.66
2020-10-28, 02:51:09, 23.84, 48.69
2020-10-28, 02:51:10, 23.85, 48.69
2020-10-28, 02:51:11, 23.84, 48.66
2020-10-28, 02:51:13, 23.84, 48.69
2020-10-28, 02:51:14, 23.84, 48.69
2020-10-28, 02:51:15, 23.84, 48.69
2020-10-28, 02:51:17, 23.84, 48.69
2020-10-28, 02:51:18, 23.84, 48.66
2020-10-28, 02:51:20, 23.84, 48.66
2020-10-28, 02:51:21, 23.84, 48.66
2020-10-28, 02:51:22, 23.85, 48.69
2020-10-28, 02:51:24, 23.84, 48.66
2020-10-28, 02:51:25, 23.85, 48.66
2020-10-28, 02:51:26, 23.85, 48.63
2020-10-28, 02:51:28, 23.84, 48.66
2020-10-28, 02:51:29, 23.83, 48.62
2020-10-28, 02:51:30, 23.84, 48.66
2020-10-28, 02:51:32, 23.85, 48.63
2020-10-28, 02:51:33, 23.84, 48.63
2020-10-28, 02:51:34, 23.84, 48.66
2020-10-28, 02:51:36, 23.85, 48.66
2020-10-28, 02:51:37, 23.84, 48.66
2020-10-28, 02:51:39, 23.85, 48.66
2020-10-28, 02:51:40, 23.84, 48.66
2020-10-28, 02:51:41, 23.83, 48.69
2020-10-28, 02:51:43, 23.84, 48.66
2020-10-28, 02:51:44, 23.86, 48.66
2020-10-28, 02:51:45, 23.84, 48.69
2020-10-28, 02:51:47, 23.85, 48.69
2020-10-28, 02:51:48, 23.85, 48.69
2020-10-28, 02:51:49, 23.85, 48.69
2020-10-28, 02:51:51, 23.84, 48.69
2020-10-28, 02:51:52, 23.85, 48.66
2020-10-28, 02:51:54, 23.85, 48.69
2020-10-28, 02:51:55, 23.84, 48.69
2020-10-28, 02:51:56, 23.85, 48.69
2020-10-28, 02:51:58, 23.84, 48.69
2020-10-28, 02:51:59, 23.84, 48.66
2020-10-28, 02:52:00, 23.84, 48.66
2020-10-28, 02:52:02, 23.84, 48.69
2020-10-28, 02:52:03, 23.86, 48.66
2020-10-28, 02:52:04, 23.85, 48.69
2020-10-28, 02:52:06, 23.85, 48.69
2020-10-28, 02:52:07, 23.86, 48.63
2020-10-28, 02:52:08, 23.86, 48.63
2020-10-28, 02:52:10, 23.86, 48.66
2020-10-28, 02:52:11, 23.86, 48.63
2020-10-28, 02:52:12, 23.85, 48.66
2020-10-28, 02:52:14, 23.87, 48.66
2020-10-28, 02:52:15, 23.86, 48.63
2020-10-28, 02:52:17, 23.86, 48.66
2020-10-28, 02:52:18, 23.84, 48.63
2020-10-28, 02:52:19, 23.86, 48.66
2020-10-28, 02:52:21, 23.84, 48.66
2020-10-28, 02:52:22, 23.86, 48.63
2020-10-28, 02:52:23, 23.84, 48.66
2020-10-28, 02:52:25, 23.85, 48.66
2020-10-28, 02:52:26, 23.86, 48.66
2020-10-28, 02:52:27, 23.85, 48.66
2020-10-28, 02:52:29, 23.86, 48.63
2020-10-28, 02:52:30, 23.86, 48.66
2020-10-28, 02:52:31, 23.86, 48.66
2020-10-28, 02:52:33, 23.86, 48.66
2020-10-28, 02:52:34, 23.84, 48.66
2020-10-28, 02:52:36, 23.83, 48.66
2020-10-28, 02:52:37, 23.83, 48.66
2020-10-28, 02:52:38, 23.84, 48.69
2020-10-28, 02:52:40, 23.85, 48.69
2020-10-28, 02:52:41, 23.84, 48.69
2020-10-28, 02:52:42, 23.86, 48.69
2020-10-28, 02:52:44, 23.85, 48.66
2020-10-28, 02:52:45, 23.84, 48.69
2020-10-28, 02:52:46, 23.86, 48.69
2020-10-28, 02:52:48, 23.85, 48.69
2020-10-28, 02:52:49, 23.85, 48.66
2020-10-28, 02:52:51, 23.84, 48.66
2020-10-28, 02:52:52, 23.84, 48.66
2020-10-28, 02:52:53, 23.86, 48.69
2020-10-28, 02:52:55, 23.86, 48.69
2020-10-28, 02:52:56, 23.84, 48.69
2020-10-28, 02:52:57, 23.85, 48.69
2020-10-28, 02:52:59, 23.85, 48.69
2020-10-28, 02:53:00, 23.86, 48.66
2020-10-28, 02:53:01, 23.85, 48.66
2020-10-28, 02:53:03, 23.85, 48.69
2020-10-28, 02:53:04, 23.86, 48.66
2020-10-28, 02:53:05, 23.86, 48.69
2020-10-28, 02:53:07, 23.86, 48.63
2020-10-28, 02:53:08, 23.86, 48.66
2020-10-28, 02:53:10, 23.86, 48.66
2020-10-28, 02:53:11, 23.86, 48.66
2020-10-28, 02:53:12, 23.86, 48.66
2020-10-28, 02:53:14, 23.85, 48.66
2020-10-28, 02:53:15, 23.85, 48.66
2020-10-28, 02:53:16, 23.84, 48.66
2020-10-28, 02:53:18, 23.84, 48.66
2020-10-28, 02:53:19, 23.85, 48.66
2020-10-28, 02:53:20, 23.84, 48.66
2020-10-28, 02:53:22, 23.86, 48.66
2020-10-28, 02:53:23, 23.86, 48.63
2020-10-28, 02:53:24, 23.84, 48.63
2020-10-28, 02:53:26, 23.85, 48.66
2020-10-28, 02:53:27, 23.85, 48.66
2020-10-28, 02:53:29, 23.85, 48.66
2020-10-28, 02:53:30, 23.85, 48.66
2020-10-28, 02:53:31, 23.84, 48.63
2020-10-28, 02:53:33, 23.85, 48.66
2020-10-28, 02:53:34, 23.84, 48.66
2020-10-28, 02:53:35, 23.85, 48.66
2020-10-28, 02:53:37, 23.84, 48.63
2020-10-28, 02:53:38, 23.85, 48.66
2020-10-28, 02:53:39, 23.85, 48.66
2020-10-28, 02:53:41, 23.83, 48.62
2020-10-28, 02:53:42, 23.84, 48.66
2020-10-28, 02:53:43, 23.84, 48.66
2020-10-28, 02:53:45, 23.84, 48.63
2020-10-28, 02:53:46, 23.84, 48.66
2020-10-28, 02:53:47, 23.83, 48.66
2020-10-28, 02:53:49, 23.83, 48.62
2020-10-28, 02:53:50, 23.84, 48.66
2020-10-28, 02:53:52, 23.85, 48.63
2020-10-28, 02:53:53, 23.84, 48.63
2020-10-28, 02:53:54, 23.85, 48.63
2020-10-28, 02:53:56, 23.84, 48.63
2020-10-28, 02:53:57, 23.85, 48.66
2020-10-28, 02:53:58, 23.85, 48.66
2020-10-28, 02:54:00, 23.85, 48.66
2020-10-28, 02:54:01, 23.86, 48.66
2020-10-28, 02:54:02, 23.85, 48.66
2020-10-28, 02:54:04, 23.86, 48.66
2020-10-28, 02:54:05, 23.84, 48.66
2020-10-28, 02:54:06, 23.83, 48.62
2020-10-28, 02:54:08, 23.84, 48.66
2020-10-28, 02:54:09, 23.83, 48.62
2020-10-28, 02:54:11, 23.83, 48.66
2020-10-28, 02:54:12, 23.85, 48.63
2020-10-28, 02:54:13, 23.84, 48.63
2020-10-28, 02:54:15, 23.85, 48.66
2020-10-28, 02:54:16, 23.84, 48.63
2020-10-28, 02:54:17, 23.84, 48.63
2020-10-28, 02:54:19, 23.85, 48.66
2020-10-28, 02:54:20, 23.84, 48.63
2020-10-28, 02:54:21, 23.85, 48.66
2020-10-28, 02:54:23, 23.85, 48.66
2020-10-28, 02:54:24, 23.84, 48.66
2020-10-28, 02:54:25, 23.86, 48.63
2020-10-28, 02:54:27, 23.84, 48.63
2020-10-28, 02:54:28, 23.85, 48.63
2020-10-28, 02:54:30, 23.85, 48.63
2020-10-28, 02:54:31, 23.84, 48.63
2020-10-28, 02:54:32, 23.84, 48.63
2020-10-28, 02:54:34, 23.85, 48.63
2020-10-28, 02:54:35, 23.84, 48.63
2020-10-28, 02:54:36, 23.84, 48.63
2020-10-28, 02:54:38, 23.84, 48.63
2020-10-28, 02:54:39, 23.84, 48.66
2020-10-28, 02:54:40, 23.85, 48.63
2020-10-28, 02:54:42, 23.85, 48.63
2020-10-28, 02:54:43, 23.84, 48.63
2020-10-28, 02:54:44, 23.84, 48.63
2020-10-28, 02:54:46, 23.84, 48.63
2020-10-28, 02:54:47, 23.83, 48.62
2020-10-28, 02:54:48, 23.84, 48.63
2020-10-28, 02:54:50, 23.84, 48.63
2020-10-28, 02:54:51, 23.84, 48.63
2020-10-28, 02:54:53, 23.84, 48.66
2020-10-28, 02:54:54, 23.83, 48.62
2020-10-28, 02:54:55, 23.82, 48.62
2020-10-28, 02:54:57, 23.83, 48.62
2020-10-28, 02:54:58, 23.85, 48.63
2020-10-28, 02:54:59, 23.84, 48.63
2020-10-28, 02:55:01, 23.83, 48.62
2020-10-28, 02:55:02, 23.83, 48.62
2020-10-28, 02:55:03, 23.83, 48.62
2020-10-28, 02:55:05, 23.83, 48.62
2020-10-28, 02:55:06, 23.83, 48.62
2020-10-28, 02:55:07, 23.84, 48.63
2020-10-28, 02:55:09, 23.84, 48.63
2020-10-28, 02:55:10, 23.84, 48.63
2020-10-28, 02:55:12, 23.84, 48.63
2020-10-28, 02:55:13, 23.85, 48.63
2020-10-28, 02:55:14, 23.84, 48.63
2020-10-28, 02:55:16, 23.84, 48.63
2020-10-28, 02:55:17, 23.84, 48.63
2020-10-28, 02:55:18, 23.84, 48.63
2020-10-28, 02:55:20, 23.85, 48.63
2020-10-28, 02:55:21, 23.84, 48.63
2020-10-28, 02:55:22, 23.84, 48.63
2020-10-28, 02:55:24, 23.84, 48.63
2020-10-28, 02:55:25, 23.84, 48.63
2020-10-28, 02:55:26, 23.84, 48.63
2020-10-28, 02:55:28, 23.83, 48.66
2020-10-28, 02:55:29, 23.83, 48.66
2020-10-28, 02:55:30, 23.84, 48.66
2020-10-28, 02:55:32, 23.83, 48.62
2020-10-28, 02:55:33, 23.84, 48.66
2020-10-28, 02:55:35, 23.84, 48.66
2020-10-28, 02:55:36, 23.84, 48.66
2020-10-28, 02:55:37, 23.84, 48.66
2020-10-28, 02:55:39, 23.84, 48.63
2020-10-28, 02:55:40, 23.84, 48.63
2020-10-28, 02:55:41, 23.83, 48.66
2020-10-28, 02:55:43, 23.83, 48.62
2020-10-28, 02:55:44, 23.81, 48.62
2020-10-28, 02:55:45, 23.82, 48.62
2020-10-28, 02:55:47, 23.82, 48.62
2020-10-28, 02:55:48, 23.81, 48.62
2020-10-28, 02:55:49, 23.81, 48.62
2020-10-28, 02:55:51, 23.81, 48.62
2020-10-28, 02:55:52, 23.81, 48.65
2020-10-28, 02:55:53, 23.81, 48.62
2020-10-28, 02:55:55, 23.8, 48.65
2020-10-28, 02:55:56, 23.82, 48.65
2020-10-28, 02:55:58, 23.83, 48.62
2020-10-28, 02:55:59, 23.83, 48.62
2020-10-28, 02:56:00, 23.8, 48.65
2020-10-28, 02:56:02, 23.82, 48.65
2020-10-28, 02:56:03, 23.82, 48.62
2020-10-28, 02:56:04, 23.82, 48.65
2020-10-28, 02:56:06, 23.82, 48.65
2020-10-28, 02:56:07, 23.82, 48.69
2020-10-28, 02:56:08, 23.82, 48.65
2020-10-28, 02:56:10, 23.83, 48.66
2020-10-28, 02:56:11, 23.82, 48.65
2020-10-28, 02:56:13, 23.82, 48.62
2020-10-28, 02:56:14, 23.82, 48.65
2020-10-28, 02:56:15, 23.82, 48.62
2020-10-28, 02:56:17, 23.82, 48.69
2020-10-28, 02:56:18, 23.82, 48.69
2020-10-28, 02:56:19, 23.82, 48.65
2020-10-28, 02:56:21, 23.81, 48.69
2020-10-28, 02:56:22, 23.8, 48.65
2020-10-28, 02:56:23, 23.82, 48.65
2020-10-28, 02:56:25, 23.82, 48.69
2020-10-28, 02:56:26, 23.82, 48.69
2020-10-28, 02:56:27, 23.81, 48.69
2020-10-28, 02:56:29, 23.82, 48.65
2020-10-28, 02:56:30, 23.81, 48.69
2020-10-28, 02:56:31, 23.81, 48.65
2020-10-28, 02:56:33, 23.8, 48.68
2020-10-28, 02:56:34, 23.81, 48.69
2020-10-28, 02:56:36, 23.81, 48.69
2020-10-28, 02:56:37, 23.79, 48.68
2020-10-28, 02:56:38, 23.8, 48.68
2020-10-28, 02:56:40, 23.8, 48.68
2020-10-28, 02:56:41, 23.8, 48.68
2020-10-28, 02:56:42, 23.8, 48.65
2020-10-28, 02:56:44, 23.8, 48.68
2020-10-28, 02:56:45, 23.8, 48.68
2020-10-28, 02:56:46, 23.8, 48.68
2020-10-28, 02:56:48, 23.8, 48.68
2020-10-28, 02:56:49, 23.79, 48.68
2020-10-28, 02:56:50, 23.79, 48.68
2020-10-28, 02:56:52, 23.79, 48.68
2020-10-28, 02:56:53, 23.78, 48.68
2020-10-28, 02:56:55, 23.78, 48.68
2020-10-28, 02:56:56, 23.78, 48.68
2020-10-28, 02:56:57, 23.78, 48.68
2020-10-28, 02:56:59, 23.79, 48.68
2020-10-28, 02:57:00, 23.79, 48.68
2020-10-28, 02:57:01, 23.8, 48.72
2020-10-28, 02:57:03, 23.8, 48.68
2020-10-28, 02:57:04, 23.79, 48.68
2020-10-28, 02:57:05, 23.79, 48.71
2020-10-28, 02:57:07, 23.79, 48.71
2020-10-28, 02:57:08, 23.78, 48.68
2020-10-28, 02:57:09, 23.79, 48.68
2020-10-28, 02:57:11, 23.79, 48.68
2020-10-28, 02:57:12, 23.78, 48.68
2020-10-28, 02:57:13, 23.8, 48.68
2020-10-28, 02:57:15, 23.8, 48.72
2020-10-28, 02:57:16, 23.78, 48.68
2020-10-28, 02:57:18, 23.79, 48.75
2020-10-28, 02:57:19, 23.79, 48.68
2020-10-28, 02:57:20, 23.79, 48.68
2020-10-28, 02:57:22, 23.78, 48.71
2020-10-28, 02:57:23, 23.78, 48.68
2020-10-28, 02:57:24, 23.78, 48.68
2020-10-28, 02:57:26, 23.78, 48.71
2020-10-28, 02:57:27, 23.77, 48.71
2020-10-28, 02:57:28, 23.79, 48.71
2020-10-28, 02:57:30, 23.79, 48.71
2020-10-28, 02:57:31, 23.78, 48.71
2020-10-28, 02:57:32, 23.78, 48.71
2020-10-28, 02:57:34, 23.79, 48.71
2020-10-28, 02:57:35, 23.78, 48.71
2020-10-28, 02:57:36, 23.77, 48.71
2020-10-28, 02:57:38, 23.76, 48.71
2020-10-28, 02:57:39, 23.77, 48.71
2020-10-28, 02:57:41, 23.78, 48.71
2020-10-28, 02:57:42, 23.77, 48.74
2020-10-28, 02:57:43, 23.78, 48.75
2020-10-28, 02:57:45, 23.78, 48.75
2020-10-28, 02:57:46, 23.77, 48.71
2020-10-28, 02:57:47, 23.77, 48.71
2020-10-28, 02:57:49, 23.77, 48.74
2020-10-28, 02:57:50, 23.77, 48.74
2020-10-28, 02:57:51, 23.78, 48.71
2020-10-28, 02:57:53, 23.76, 48.71
2020-10-28, 02:57:54, 23.75, 48.71
2020-10-28, 02:57:55, 23.75, 48.71
2020-10-28, 02:57:57, 23.75, 48.74
2020-10-28, 02:57:58, 23.75, 48.74
2020-10-28, 02:58:00, 23.74, 48.74
2020-10-28, 02:58:01, 23.72, 48.71
2020-10-28, 02:58:02, 23.72, 48.74
2020-10-28, 02:58:04, 23.74, 48.71
2020-10-28, 02:58:05, 23.75, 48.74
2020-10-28, 02:58:06, 23.74, 48.74
2020-10-28, 02:58:08, 23.75, 48.74
2020-10-28, 02:58:09, 23.75, 48.74
2020-10-28, 02:58:10, 23.74, 48.74
2020-10-28, 02:58:12, 23.74, 48.74
2020-10-28, 02:58:13, 23.74, 48.77
2020-10-28, 02:58:14, 23.75, 48.74
2020-10-28, 02:58:16, 23.74, 48.74
2020-10-28, 02:58:17, 23.73, 48.77
2020-10-28, 02:58:18, 23.72, 48.77
2020-10-28, 02:58:20, 23.72, 48.77
2020-10-28, 02:58:21, 23.74, 48.77
2020-10-28, 02:58:23, 23.74, 48.77
2020-10-28, 02:58:24, 23.72, 48.8
2020-10-28, 02:58:25, 23.73, 48.77
2020-10-28, 02:58:27, 23.72, 48.77
2020-10-28, 02:58:28, 23.73, 48.77
2020-10-28, 02:58:29, 23.72, 48.77
2020-10-28, 02:58:31, 23.72, 48.8
2020-10-28, 02:58:32, 23.72, 48.77
2020-10-28, 02:58:33, 23.72, 48.77
2020-10-28, 02:58:35, 23.72, 48.77
2020-10-28, 02:58:36, 23.7, 48.8
2020-10-28, 02:58:37, 23.73, 48.77
2020-10-28, 02:58:39, 23.73, 48.77
2020-10-28, 02:58:40, 23.73, 48.8
2020-10-28, 02:58:42, 23.73, 48.8
2020-10-28, 02:58:43, 23.73, 48.77
2020-10-28, 02:58:44, 23.72, 48.8
2020-10-28, 02:58:46, 23.72, 48.77
2020-10-28, 02:58:47, 23.73, 48.77
2020-10-28, 02:58:48, 23.73, 48.77
2020-10-28, 02:58:50, 23.73, 48.77
2020-10-28, 02:58:51, 23.72, 48.8
2020-10-28, 02:58:52, 23.72, 48.77
2020-10-28, 02:58:54, 23.72, 48.8
2020-10-28, 02:58:55, 23.73, 48.77
2020-10-28, 02:58:56, 23.73, 48.77
2020-10-28, 02:58:58, 23.72, 48.77
2020-10-28, 02:58:59, 23.73, 48.8
2020-10-28, 02:59:01, 23.74, 48.8
2020-10-28, 02:59:02, 23.72, 48.8
2020-10-28, 02:59:03, 23.7, 48.77
2020-10-28, 02:59:05, 23.72, 48.8
2020-10-28, 02:59:06, 23.73, 48.77
2020-10-28, 02:59:07, 23.71, 48.8
2020-10-28, 02:59:09, 23.72, 48.77
2020-10-28, 02:59:10, 23.72, 48.8
2020-10-28, 02:59:11, 23.73, 48.77
2020-10-28, 02:59:13, 23.73, 48.77
2020-10-28, 02:59:14, 23.73, 48.8
2020-10-28, 02:59:15, 23.73, 48.8
2020-10-28, 02:59:17, 23.72, 48.77
2020-10-28, 02:59:18, 23.73, 48.8
2020-10-28, 02:59:20, 23.71, 48.8
2020-10-28, 02:59:21, 23.72, 48.8
2020-10-28, 02:59:22, 23.72, 48.8
2020-10-28, 02:59:24, 23.72, 48.8
2020-10-28, 02:59:25, 23.72, 48.8
2020-10-28, 02:59:26, 23.71, 48.8
2020-10-28, 02:59:28, 23.71, 48.8
2020-10-28, 02:59:29, 23.7, 48.8
2020-10-28, 02:59:30, 23.7, 48.8
2020-10-28, 02:59:32, 23.7, 48.8
2020-10-28, 02:59:33, 23.71, 48.8
2020-10-28, 02:59:34, 23.71, 48.8
2020-10-28, 02:59:36, 23.71, 48.8
2020-10-28, 02:59:37, 23.71, 48.8
2020-10-28, 02:59:39, 23.7, 48.8
2020-10-28, 02:59:40, 23.72, 48.8
2020-10-28, 02:59:41, 23.71, 48.8
2020-10-28, 02:59:43, 23.71, 48.8
2020-10-28, 02:59:44, 23.7, 48.8
2020-10-28, 02:59:45, 23.7, 48.8
2020-10-28, 02:59:47, 23.71, 48.83
2020-10-28, 02:59:48, 23.72, 48.83
2020-10-28, 02:59:49, 23.7, 48.83
2020-10-28, 02:59:51, 23.71, 48.83
2020-10-28, 02:59:52, 23.69, 48.83
2020-10-28, 02:59:53, 23.7, 48.8
2020-10-28, 02:59:55, 23.7, 48.8
2020-10-28, 02:59:56, 23.7, 48.8
2020-10-28, 02:59:58, 23.71, 48.8
2020-10-28, 02:59:59, 23.7, 48.8
2020-10-28, 03:00:00, 23.69, 48.8
2020-10-28, 03:00:02, 23.69, 48.8
2020-10-28, 03:00:03, 23.68, 48.8
2020-10-28, 03:00:04, 23.68, 48.8
2020-10-28, 03:00:06, 23.69, 48.8
2020-10-28, 03:00:07, 23.7, 48.83
2020-10-28, 03:00:08, 23.71, 48.8
2020-10-28, 03:00:10, 23.69, 48.83
2020-10-28, 03:00:11, 23.69, 48.8
2020-10-28, 03:00:12, 23.7, 48.8
2020-10-28, 03:00:14, 23.68, 48.83
2020-10-28, 03:00:15, 23.68, 48.8
2020-10-28, 03:00:17, 23.68, 48.8
2020-10-28, 03:00:18, 23.7, 48.8
2020-10-28, 03:00:19, 23.67, 48.79
2020-10-28, 03:00:21, 23.69, 48.8
2020-10-28, 03:00:22, 23.68, 48.8
2020-10-28, 03:00:23, 23.68, 48.8
2020-10-28, 03:00:25, 23.68, 48.8
2020-10-28, 03:00:26, 23.69, 48.8
2020-10-28, 03:00:27, 23.68, 48.83
2020-10-28, 03:00:29, 23.69, 48.83
2020-10-28, 03:00:30, 23.69, 48.83
2020-10-28, 03:00:31, 23.68, 48.8
2020-10-28, 03:00:33, 23.69, 48.83
2020-10-28, 03:00:34, 23.67, 48.83
2020-10-28, 03:00:36, 23.67, 48.79
2020-10-28, 03:00:37, 23.68, 48.83
2020-10-28, 03:00:38, 23.68, 48.83
2020-10-28, 03:00:40, 23.66, 48.83
2020-10-28, 03:00:41, 23.67, 48.83
2020-10-28, 03:00:42, 23.68, 48.86
2020-10-28, 03:00:44, 23.69, 48.86
2020-10-28, 03:00:45, 23.68, 48.86
2020-10-28, 03:00:46, 23.69, 48.86
2020-10-28, 03:00:48, 23.68, 48.86
2020-10-28, 03:00:49, 23.68, 48.86
2020-10-28, 03:00:50, 23.68, 48.83
2020-10-28, 03:00:52, 23.68, 48.86
2020-10-28, 03:00:53, 23.68, 48.83
2020-10-28, 03:00:55, 23.68, 48.83
2020-10-28, 03:00:56, 23.67, 48.86
2020-10-28, 03:00:57, 23.68, 48.86
2020-10-28, 03:00:59, 23.68, 48.86
2020-10-28, 03:01:00, 23.67, 48.86
2020-10-28, 03:01:01, 23.66, 48.86
2020-10-28, 03:01:03, 23.68, 48.86
2020-10-28, 03:01:04, 23.68, 48.86
2020-10-28, 03:01:05, 23.68, 48.86
2020-10-28, 03:01:07, 23.66, 48.86
2020-10-28, 03:01:08, 23.64, 48.85
2020-10-28, 03:01:09, 23.67, 48.86
2020-10-28, 03:01:11, 23.66, 48.86
2020-10-28, 03:01:12, 23.67, 48.86
2020-10-28, 03:01:14, 23.67, 48.86
2020-10-28, 03:01:15, 23.68, 48.86
2020-10-28, 03:01:16, 23.67, 48.86
2020-10-28, 03:01:18, 23.67, 48.86
2020-10-28, 03:01:19, 23.66, 48.86
2020-10-28, 03:01:20, 23.68, 48.86
2020-10-28, 03:01:22, 23.66, 48.86
2020-10-28, 03:01:23, 23.67, 48.86
2020-10-28, 03:01:24, 23.66, 48.86
2020-10-28, 03:01:26, 23.65, 48.86
2020-10-28, 03:01:27, 23.66, 48.86
2020-10-28, 03:01:28, 23.65, 48.86
2020-10-28, 03:01:30, 23.66, 48.86
2020-10-28, 03:01:31, 23.66, 48.86
2020-10-28, 03:01:32, 23.63, 48.89
2020-10-28, 03:01:34, 23.65, 48.89
2020-10-28, 03:01:35, 23.64, 48.85
2020-10-28, 03:01:37, 23.65, 48.89
2020-10-28, 03:01:38, 23.66, 48.89
2020-10-28, 03:01:39, 23.64, 48.89
2020-10-28, 03:01:41, 23.65, 48.89
2020-10-28, 03:01:42, 23.65, 48.86
2020-10-28, 03:01:43, 23.65, 48.89
2020-10-28, 03:01:45, 23.65, 48.86
2020-10-28, 03:01:46, 23.65, 48.89
2020-10-28, 03:01:47, 23.64, 48.89
2020-10-28, 03:01:49, 23.64, 48.89
2020-10-28, 03:01:50, 23.64, 48.89
2020-10-28, 03:01:51, 23.63, 48.89
2020-10-28, 03:01:53, 23.65, 48.89
2020-10-28, 03:01:54, 23.65, 48.92
2020-10-28, 03:01:56, 23.66, 48.89
2020-10-28, 03:01:57, 23.66, 48.92
2020-10-28, 03:01:58, 23.65, 48.89
2020-10-28, 03:02:00, 23.66, 48.92
2020-10-28, 03:02:01, 23.66, 48.86
2020-10-28, 03:02:02, 23.66, 48.89
2020-10-28, 03:02:04, 23.66, 48.86
2020-10-28, 03:02:05, 23.64, 48.89
2020-10-28, 03:02:06, 23.66, 48.89
2020-10-28, 03:02:08, 23.66, 48.86
2020-10-28, 03:02:09, 23.65, 48.89
2020-10-28, 03:02:10, 23.65, 48.89
2020-10-28, 03:02:12, 23.65, 48.89
2020-10-28, 03:02:13, 23.66, 48.89
2020-10-28, 03:02:14, 23.65, 48.89
2020-10-28, 03:02:16, 23.65, 48.89
2020-10-28, 03:02:17, 23.66, 48.89
2020-10-28, 03:02:19, 23.66, 48.89
2020-10-28, 03:02:20, 23.64, 48.89
2020-10-28, 03:02:21, 23.65, 48.89
2020-10-28, 03:02:23, 23.65, 48.89
2020-10-28, 03:02:24, 23.64, 48.89
2020-10-28, 03:02:25, 23.64, 48.89
2020-10-28, 03:02:27, 23.66, 48.89
2020-10-28, 03:02:28, 23.64, 48.89
2020-10-28, 03:02:29, 23.65, 48.89
2020-10-28, 03:02:31, 23.65, 48.92
2020-10-28, 03:02:32, 23.64, 48.89
2020-10-28, 03:02:33, 23.64, 48.92
2020-10-28, 03:02:35, 23.66, 48.89
2020-10-28, 03:02:36, 23.64, 48.89
2020-10-28, 03:02:38, 23.64, 48.89
2020-10-28, 03:02:39, 23.64, 48.89
2020-10-28, 03:02:40, 23.64, 48.89
2020-10-28, 03:02:42, 23.65, 48.89
2020-10-28, 03:02:43, 23.64, 48.92
2020-10-28, 03:02:44, 23.64, 48.89
2020-10-28, 03:02:46, 23.64, 48.89
2020-10-28, 03:02:47, 23.64, 48.89
2020-10-28, 03:02:48, 23.64, 48.85
2020-10-28, 03:02:50, 23.64, 48.89
2020-10-28, 03:02:51, 23.64, 48.89
2020-10-28, 03:02:52, 23.63, 48.89
2020-10-28, 03:02:54, 23.64, 48.89
2020-10-28, 03:02:55, 23.63, 48.85
2020-10-28, 03:02:56, 23.63, 48.89
2020-10-28, 03:02:58, 23.63, 48.92
2020-10-28, 03:02:59, 23.62, 48.88
2020-10-28, 03:03:01, 23.63, 48.89
2020-10-28, 03:03:02, 23.63, 48.89
2020-10-28, 03:03:03, 23.63, 48.89
2020-10-28, 03:03:05, 23.64, 48.92
2020-10-28, 03:03:06, 23.62, 48.92
2020-10-28, 03:03:07, 23.63, 48.92
2020-10-28, 03:03:09, 23.62, 48.92
2020-10-28, 03:03:10, 23.63, 48.92
2020-10-28, 03:03:11, 23.63, 48.92
2020-10-28, 03:03:13, 23.62, 48.92
2020-10-28, 03:03:14, 23.64, 48.89
2020-10-28, 03:03:15, 23.62, 48.92
2020-10-28, 03:03:17, 23.64, 48.89
2020-10-28, 03:03:18, 23.64, 48.89
2020-10-28, 03:03:20, 23.64, 48.89
2020-10-28, 03:03:21, 23.63, 48.89
2020-10-28, 03:03:22, 23.62, 48.88
2020-10-28, 03:03:24, 23.62, 48.88
2020-10-28, 03:03:25, 23.63, 48.89
2020-10-28, 03:03:26, 23.64, 48.89
2020-10-28, 03:03:28, 23.64, 48.89
2020-10-28, 03:03:29, 23.63, 48.92
2020-10-28, 03:03:30, 23.63, 48.89
2020-10-28, 03:03:32, 23.62, 48.85
2020-10-28, 03:03:33, 23.62, 48.92
2020-10-28, 03:03:34, 23.62, 48.88
2020-10-28, 03:03:36, 23.61, 48.88
2020-10-28, 03:03:37, 23.63, 48.89
2020-10-28, 03:03:38, 23.64, 48.92
2020-10-28, 03:03:40, 23.63, 48.89
2020-10-28, 03:03:41, 23.63, 48.89
2020-10-28, 03:03:43, 23.63, 48.89
2020-10-28, 03:03:44, 23.63, 48.89
2020-10-28, 03:03:45, 23.61, 48.91
2020-10-28, 03:03:47, 23.62, 48.88
2020-10-28, 03:03:48, 23.62, 48.88
2020-10-28, 03:03:49, 23.63, 48.89
2020-10-28, 03:03:51, 23.64, 48.85
2020-10-28, 03:03:52, 23.63, 48.89
2020-10-28, 03:03:53, 23.61, 48.88
2020-10-28, 03:03:55, 23.62, 48.88
2020-10-28, 03:03:56, 23.62, 48.88
2020-10-28, 03:03:57, 23.63, 48.89
2020-10-28, 03:03:59, 23.61, 48.88
2020-10-28, 03:04:00, 23.62, 48.88
2020-10-28, 03:04:02, 23.62, 48.88
2020-10-28, 03:04:03, 23.63, 48.89
2020-10-28, 03:04:04, 23.64, 48.89
2020-10-28, 03:04:06, 23.62, 48.85
2020-10-28, 03:04:07, 23.63, 48.89
2020-10-28, 03:04:08, 23.63, 48.85
2020-10-28, 03:04:10, 23.63, 48.85
2020-10-28, 03:04:11, 23.64, 48.89
2020-10-28, 03:04:12, 23.65, 48.86
2020-10-28, 03:04:14, 23.65, 48.89
2020-10-28, 03:04:15, 23.65, 48.89
2020-10-28, 03:04:16, 23.64, 48.85
2020-10-28, 03:04:18, 23.64, 48.85
2020-10-28, 03:04:19, 23.65, 48.86
2020-10-28, 03:04:21, 23.65, 48.86
2020-10-28, 03:04:22, 23.64, 48.85
2020-10-28, 03:04:23, 23.65, 48.86
2020-10-28, 03:04:25, 23.64, 48.85
2020-10-28, 03:04:26, 23.64, 48.85
2020-10-28, 03:04:27, 23.65, 48.86
2020-10-28, 03:04:29, 23.64, 48.85
2020-10-28, 03:04:30, 23.65, 48.86
2020-10-28, 03:04:31, 23.64, 48.85
2020-10-28, 03:04:33, 23.64, 48.85
2020-10-28, 03:04:34, 23.64, 48.85
2020-10-28, 03:04:35, 23.63, 48.85
2020-10-28, 03:04:37, 23.62, 48.85
2020-10-28, 03:04:38, 23.62, 48.85
2020-10-28, 03:04:40, 23.61, 48.85
2020-10-28, 03:04:41, 23.62, 48.85
2020-10-28, 03:04:42, 23.62, 48.85
2020-10-28, 03:04:44, 23.62, 48.85
2020-10-28, 03:04:45, 23.63, 48.85
2020-10-28, 03:04:46, 23.62, 48.85
2020-10-28, 03:04:48, 23.62, 48.85
2020-10-28, 03:04:49, 23.62, 48.85
2020-10-28, 03:04:50, 23.61, 48.85
2020-10-28, 03:04:52, 23.62, 48.85
2020-10-28, 03:04:53, 23.62, 48.85
2020-10-28, 03:04:54, 23.62, 48.85
2020-10-28, 03:04:56, 23.62, 48.85
2020-10-28, 03:04:57, 23.62, 48.88
2020-10-28, 03:04:59, 23.61, 48.85
2020-10-28, 03:05:00, 23.6, 48.85
2020-10-28, 03:05:01, 23.61, 48.85
2020-10-28, 03:05:03, 23.61, 48.85
2020-10-28, 03:05:04, 23.62, 48.85
2020-10-28, 03:05:05, 23.62, 48.85
2020-10-28, 03:05:07, 23.62, 48.85
2020-10-28, 03:05:08, 23.62, 48.85
2020-10-28, 03:05:09, 23.62, 48.88
2020-10-28, 03:05:11, 23.62, 48.85
2020-10-28, 03:05:12, 23.62, 48.85
2020-10-28, 03:05:13, 23.61, 48.85
2020-10-28, 03:05:15, 23.62, 48.85
2020-10-28, 03:05:16, 23.61, 48.85
2020-10-28, 03:05:17, 23.6, 48.85
2020-10-28, 03:05:19, 23.61, 48.85
2020-10-28, 03:05:20, 23.62, 48.85
2020-10-28, 03:05:22, 23.62, 48.85
2020-10-28, 03:05:23, 23.62, 48.85
2020-10-28, 03:05:24, 23.61, 48.88
2020-10-28, 03:05:26, 23.6, 48.85
2020-10-28, 03:05:27, 23.6, 48.85
2020-10-28, 03:05:28, 23.6, 48.85
2020-10-28, 03:05:30, 23.62, 48.85
2020-10-28, 03:05:31, 23.61, 48.85
2020-10-28, 03:05:32, 23.61, 48.85
2020-10-28, 03:05:34, 23.6, 48.88
2020-10-28, 03:05:35, 23.62, 48.85
2020-10-28, 03:05:36, 23.6, 48.85
2020-10-28, 03:05:38, 23.61, 48.88
2020-10-28, 03:05:39, 23.61, 48.85
2020-10-28, 03:05:41, 23.6, 48.85
2020-10-28, 03:05:42, 23.61, 48.85
2020-10-28, 03:05:43, 23.6, 48.85
2020-10-28, 03:05:45, 23.6, 48.85
2020-10-28, 03:05:46, 23.62, 48.85
2020-10-28, 03:05:47, 23.62, 48.85
2020-10-28, 03:05:49, 23.62, 48.85
2020-10-28, 03:05:50, 23.62, 48.85
2020-10-28, 03:05:51, 23.62, 48.85
2020-10-28, 03:05:53, 23.61, 48.85
2020-10-28, 03:05:54, 23.62, 48.85
2020-10-28, 03:05:56, 23.6, 48.85
2020-10-28, 03:05:57, 23.62, 48.85
2020-10-28, 03:05:58, 23.62, 48.85
2020-10-28, 03:06:00, 23.61, 48.85
2020-10-28, 03:06:01, 23.62, 48.85
2020-10-28, 03:06:02, 23.61, 48.85
2020-10-28, 03:06:04, 23.61, 48.85
2020-10-28, 03:06:05, 23.61, 48.85
2020-10-28, 03:06:06, 23.61, 48.85
2020-10-28, 03:06:08, 23.62, 48.85
2020-10-28, 03:06:09, 23.61, 48.85
2020-10-28, 03:06:10, 23.62, 48.85
2020-10-28, 03:06:12, 23.61, 48.85
2020-10-28, 03:06:13, 23.62, 48.85
2020-10-28, 03:06:15, 23.61, 48.85
2020-10-28, 03:06:16, 23.62, 48.85
2020-10-28, 03:06:17, 23.62, 48.85
2020-10-28, 03:06:19, 23.62, 48.85
2020-10-28, 03:06:20, 23.62, 48.85
2020-10-28, 03:06:21, 23.63, 48.85
2020-10-28, 03:06:23, 23.63, 48.85
2020-10-28, 03:06:24, 23.62, 48.85
2020-10-28, 03:06:25, 23.62, 48.85
2020-10-28, 03:06:27, 23.63, 48.82
2020-10-28, 03:06:28, 23.62, 48.85
2020-10-28, 03:06:29, 23.61, 48.85
2020-10-28, 03:06:31, 23.62, 48.85
2020-10-28, 03:06:32, 23.61, 48.85
2020-10-28, 03:06:33, 23.62, 48.85
2020-10-28, 03:06:35, 23.63, 48.85
2020-10-28, 03:06:36, 23.63, 48.89
2020-10-28, 03:06:38, 23.62, 48.85
2020-10-28, 03:06:39, 23.61, 48.85
2020-10-28, 03:06:40, 23.62, 48.85
2020-10-28, 03:06:42, 23.62, 48.85
2020-10-28, 03:06:43, 23.63, 48.85
2020-10-28, 03:06:44, 23.64, 48.85
2020-10-28, 03:06:46, 23.63, 48.85
2020-10-28, 03:06:47, 23.62, 48.88
2020-10-28, 03:06:48, 23.64, 48.85
2020-10-28, 03:06:50, 23.64, 48.85
2020-10-28, 03:06:51, 23.64, 48.89
2020-10-28, 03:06:52, 23.63, 48.85
2020-10-28, 03:06:54, 23.64, 48.85
2020-10-28, 03:06:55, 23.65, 48.86
2020-10-28, 03:06:57, 23.64, 48.89
2020-10-28, 03:06:58, 23.63, 48.89
2020-10-28, 03:06:59, 23.61, 48.88
2020-10-28, 03:07:01, 23.62, 48.88
2020-10-28, 03:07:02, 23.62, 48.88
2020-10-28, 03:07:03, 23.61, 48.88
2020-10-28, 03:07:05, 23.63, 48.89
2020-10-28, 03:07:06, 23.62, 48.88
2020-10-28, 03:07:07, 23.64, 48.85
2020-10-28, 03:07:09, 23.63, 48.89
2020-10-28, 03:07:10, 23.64, 48.92
2020-10-28, 03:07:11, 23.64, 48.92
2020-10-28, 03:07:13, 23.65, 48.89
2020-10-28, 03:07:14, 23.64, 48.92
2020-10-28, 03:07:15, 23.63, 48.92
2020-10-28, 03:07:17, 23.62, 48.92
2020-10-28, 03:07:18, 23.62, 48.92
2020-10-28, 03:07:20, 23.64, 48.92
2020-10-28, 03:07:21, 23.63, 48.95
2020-10-28, 03:07:22, 23.63, 48.95
2020-10-28, 03:07:24, 23.63, 48.95
2020-10-28, 03:07:25, 23.63, 48.95
2020-10-28, 03:07:26, 23.62, 48.95
2020-10-28, 03:07:28, 23.62, 48.95
2020-10-28, 03:07:29, 23.64, 48.98
2020-10-28, 03:07:30, 23.63, 48.98
2020-10-28, 03:07:32, 23.62, 48.98
2020-10-28, 03:07:33, 23.64, 48.98
2020-10-28, 03:07:34, 23.62, 48.98
2020-10-28, 03:07:36, 23.63, 48.98
2020-10-28, 03:07:37, 23.64, 48.98
2020-10-28, 03:07:38, 23.64, 48.98
2020-10-28, 03:07:40, 23.63, 48.98
2020-10-28, 03:07:41, 23.64, 48.98
2020-10-28, 03:07:43, 23.62, 48.98
2020-10-28, 03:07:44, 23.63, 48.98
2020-10-28, 03:07:45, 23.63, 48.98
2020-10-28, 03:07:47, 23.64, 48.98
2020-10-28, 03:07:48, 23.62, 49.01
2020-10-28, 03:07:49, 23.63, 48.98
2020-10-28, 03:07:51, 23.62, 49.01
2020-10-28, 03:07:52, 23.65, 49.02
2020-10-28, 03:07:53, 23.6, 49.01
2020-10-28, 03:07:55, 23.63, 48.98
2020-10-28, 03:07:56, 23.61, 49.01
2020-10-28, 03:07:58, 23.62, 49.01
2020-10-28, 03:07:59, 23.62, 49.01
2020-10-28, 03:08:00, 23.62, 49.01
2020-10-28, 03:08:02, 23.63, 49.01
2020-10-28, 03:08:03, 23.62, 49.01
2020-10-28, 03:08:04, 23.63, 49.01
2020-10-28, 03:08:06, 23.63, 49.01
2020-10-28, 03:08:07, 23.62, 49.01
2020-10-28, 03:08:08, 23.63, 49.01
2020-10-28, 03:08:10, 23.62, 49.04
2020-10-28, 03:08:11, 23.62, 49.01
2020-10-28, 03:08:12, 23.62, 49.01
2020-10-28, 03:08:14, 23.64, 49.01
2020-10-28, 03:08:15, 23.63, 49.04
2020-10-28, 03:08:17, 23.63, 49.04
2020-10-28, 03:08:18, 23.63, 49.04
2020-10-28, 03:08:19, 23.62, 49.04
2020-10-28, 03:08:21, 23.62, 49.01
2020-10-28, 03:08:22, 23.63, 49.04
2020-10-28, 03:08:23, 23.62, 49.04
2020-10-28, 03:08:25, 23.63, 49.04
2020-10-28, 03:08:26, 23.62, 49.04
2020-10-28, 03:08:27, 23.62, 49.04
2020-10-28, 03:08:29, 23.62, 49.04
2020-10-28, 03:08:30, 23.61, 49.04
2020-10-28, 03:08:31, 23.62, 49.04
2020-10-28, 03:08:33, 23.62, 49.04
2020-10-28, 03:08:34, 23.62, 49.04
2020-10-28, 03:08:36, 23.6, 49.04
2020-10-28, 03:08:37, 23.61, 49.04
2020-10-28, 03:08:38, 23.61, 49.07
2020-10-28, 03:08:40, 23.61, 49.07
2020-10-28, 03:08:41, 23.61, 49.07
2020-10-28, 03:08:42, 23.6, 49.07
2020-10-28, 03:08:44, 23.61, 49.07
2020-10-28, 03:08:45, 23.6, 49.1
2020-10-28, 03:08:46, 23.62, 49.11
2020-10-28, 03:08:48, 23.58, 49.1
2020-10-28, 03:08:49, 23.59, 49.1
2020-10-28, 03:08:51, 23.59, 49.1
2020-10-28, 03:08:52, 23.61, 49.11
2020-10-28, 03:08:53, 23.58, 49.1
2020-10-28, 03:08:55, 23.61, 49.11
2020-10-28, 03:08:56, 23.59, 49.1
2020-10-28, 03:08:57, 23.6, 49.1
2020-10-28, 03:08:59, 23.6, 49.1
2020-10-28, 03:09:00, 23.59, 49.1
2020-10-28, 03:09:01, 23.58, 49.1
2020-10-28, 03:09:03, 23.59, 49.13
2020-10-28, 03:09:04, 23.59, 49.13
2020-10-28, 03:09:05, 23.58, 49.13
2020-10-28, 03:09:07, 23.6, 49.14
2020-10-28, 03:09:08, 23.6, 49.1
2020-10-28, 03:09:10, 23.6, 49.14
2020-10-28, 03:09:11, 23.6, 49.14
2020-10-28, 03:09:12, 23.6, 49.17
2020-10-28, 03:09:14, 23.6, 49.14
2020-10-28, 03:09:15, 23.58, 49.17
2020-10-28, 03:09:16, 23.58, 49.17
2020-10-28, 03:09:18, 23.6, 49.17
2020-10-28, 03:09:19, 23.59, 49.17
2020-10-28, 03:09:20, 23.58, 49.17
2020-10-28, 03:09:22, 23.58, 49.17
2020-10-28, 03:09:23, 23.58, 49.2
2020-10-28, 03:09:25, 23.59, 49.2
2020-10-28, 03:09:26, 23.58, 49.23
2020-10-28, 03:09:27, 23.58, 49.23
2020-10-28, 03:09:29, 23.59, 49.23
2020-10-28, 03:09:30, 23.58, 49.23
2020-10-28, 03:09:31, 23.58, 49.23
2020-10-28, 03:09:33, 23.59, 49.2
2020-10-28, 03:09:34, 23.58, 49.23
2020-10-28, 03:09:35, 23.58, 49.23
2020-10-28, 03:09:37, 23.59, 49.23
2020-10-28, 03:09:38, 23.59, 49.23
2020-10-28, 03:09:39, 23.58, 49.23
2020-10-28, 03:09:41, 23.59, 49.23
2020-10-28, 03:09:42, 23.58, 49.23
2020-10-28, 03:09:43, 23.6, 49.23
2020-10-28, 03:09:45, 23.59, 49.23
2020-10-28, 03:09:46, 23.59, 49.23
2020-10-28, 03:09:48, 23.58, 49.23
2020-10-28, 03:09:49, 23.6, 49.23
2020-10-28, 03:09:50, 23.59, 49.23
2020-10-28, 03:09:52, 23.58, 49.23
2020-10-28, 03:09:53, 23.6, 49.23
2020-10-28, 03:09:54, 23.59, 49.23
2020-10-28, 03:09:56, 23.59, 49.23
2020-10-28, 03:09:57, 23.58, 49.23
2020-10-28, 03:09:58, 23.58, 49.23
2020-10-28, 03:10:00, 23.58, 49.23
2020-10-28, 03:10:01, 23.57, 49.26
2020-10-28, 03:10:02, 23.58, 49.26
2020-10-28, 03:10:04, 23.56, 49.26
2020-10-28, 03:10:05, 23.58, 49.26
2020-10-28, 03:10:07, 23.58, 49.26
2020-10-28, 03:10:08, 23.58, 49.26
2020-10-28, 03:10:09, 23.57, 49.26
2020-10-28, 03:10:11, 23.58, 49.26
2020-10-28, 03:10:12, 23.59, 49.29
2020-10-28, 03:10:13, 23.58, 49.26
2020-10-28, 03:10:15, 23.58, 49.29
2020-10-28, 03:10:16, 23.58, 49.29
2020-10-28, 03:10:17, 23.58, 49.26
2020-10-28, 03:10:19, 23.58, 49.26
2020-10-28, 03:10:20, 23.58, 49.29
2020-10-28, 03:10:22, 23.58, 49.29
2020-10-28, 03:10:23, 23.58, 49.29
2020-10-28, 03:10:24, 23.58, 49.29
2020-10-28, 03:10:26, 23.56, 49.29
2020-10-28, 03:10:27, 23.58, 49.29
2020-10-28, 03:10:28, 23.58, 49.29
2020-10-28, 03:10:30, 23.58, 49.29
2020-10-28, 03:10:31, 23.58, 49.29
2020-10-28, 03:10:32, 23.57, 49.29
2020-10-28, 03:10:34, 23.57, 49.32
2020-10-28, 03:10:35, 23.58, 49.32
2020-10-28, 03:10:36, 23.54, 49.35
2020-10-28, 03:10:38, 23.55, 49.32
2020-10-28, 03:10:39, 23.55, 49.35
2020-10-28, 03:10:41, 23.56, 49.35
2020-10-28, 03:10:42, 23.55, 49.35
2020-10-28, 03:10:43, 23.55, 49.35
2020-10-28, 03:10:45, 23.56, 49.35
2020-10-28, 03:10:46, 23.56, 49.39
2020-10-28, 03:10:47, 23.55, 49.35
2020-10-28, 03:10:49, 23.55, 49.35
2020-10-28, 03:10:50, 23.53, 49.35
2020-10-28, 03:10:51, 23.54, 49.35
2020-10-28, 03:10:53, 23.54, 49.38
2020-10-28, 03:10:54, 23.55, 49.42
2020-10-28, 03:10:56, 23.54, 49.41
2020-10-28, 03:10:57, 23.56, 49.42
2020-10-28, 03:10:58, 23.55, 49.42
2020-10-28, 03:11:00, 23.56, 49.42
2020-10-28, 03:11:01, 23.55, 49.42
2020-10-28, 03:11:02, 23.55, 49.42
2020-10-28, 03:11:04, 23.53, 49.41
2020-10-28, 03:11:05, 23.53, 49.41
2020-10-28, 03:11:06, 23.55, 49.42
2020-10-28, 03:11:08, 23.55, 49.42
2020-10-28, 03:11:09, 23.53, 49.41
2020-10-28, 03:11:10, 23.54, 49.41
2020-10-28, 03:11:12, 23.54, 49.41
2020-10-28, 03:11:13, 23.54, 49.41
2020-10-28, 03:11:15, 23.52, 49.44
2020-10-28, 03:11:16, 23.53, 49.44
2020-10-28, 03:11:17, 23.54, 49.45
2020-10-28, 03:11:19, 23.54, 49.45
2020-10-28, 03:11:20, 23.54, 49.48
2020-10-28, 03:11:21, 23.55, 49.45
2020-10-28, 03:11:23, 23.54, 49.48
2020-10-28, 03:11:24, 23.52, 49.48
2020-10-28, 03:11:25, 23.53, 49.44
2020-10-28, 03:11:27, 23.54, 49.48
2020-10-28, 03:11:28, 23.53, 49.48
2020-10-28, 03:11:29, 23.51, 49.47
2020-10-28, 03:11:31, 23.53, 49.48
2020-10-28, 03:11:32, 23.52, 49.48
2020-10-28, 03:11:34, 23.53, 49.48
2020-10-28, 03:11:35, 23.52, 49.48
2020-10-28, 03:11:36, 23.52, 49.48
2020-10-28, 03:11:38, 23.52, 49.48
2020-10-28, 03:11:39, 23.53, 49.48
2020-10-28, 03:11:40, 23.52, 49.48
2020-10-28, 03:11:42, 23.52, 49.48
2020-10-28, 03:11:43, 23.53, 49.48
2020-10-28, 03:11:44, 23.53, 49.48
2020-10-28, 03:11:46, 23.55, 49.48
2020-10-28, 03:11:47, 23.53, 49.48
2020-10-28, 03:11:49, 23.54, 49.48
2020-10-28, 03:11:50, 23.53, 49.48
2020-10-28, 03:11:51, 23.53, 49.48
2020-10-28, 03:11:53, 23.54, 49.48
2020-10-28, 03:11:54, 23.52, 49.48
2020-10-28, 03:11:55, 23.51, 49.47
2020-10-28, 03:11:57, 23.51, 49.51
2020-10-28, 03:11:58, 23.5, 49.47
2020-10-28, 03:11:59, 23.52, 49.48
2020-10-28, 03:12:01, 23.52, 49.51
2020-10-28, 03:12:02, 23.52, 49.54
2020-10-28, 03:12:03, 23.52, 49.51
2020-10-28, 03:12:05, 23.52, 49.51
2020-10-28, 03:12:06, 23.53, 49.51
2020-10-28, 03:12:07, 23.52, 49.51
2020-10-28, 03:12:09, 23.52, 49.54
2020-10-28, 03:12:10, 23.52, 49.51
2020-10-28, 03:12:12, 23.52, 49.51
2020-10-28, 03:12:13, 23.52, 49.54
2020-10-28, 03:12:14, 23.5, 49.54
2020-10-28, 03:12:16, 23.51, 49.54
2020-10-28, 03:12:17, 23.52, 49.54
2020-10-28, 03:12:18, 23.51, 49.54
2020-10-28, 03:12:20, 23.5, 49.54
2020-10-28, 03:12:21, 23.52, 49.54
2020-10-28, 03:12:22, 23.51, 49.54
2020-10-28, 03:12:24, 23.5, 49.54
2020-10-28, 03:12:25, 23.5, 49.54
2020-10-28, 03:12:27, 23.5, 49.54
2020-10-28, 03:12:28, 23.51, 49.57
2020-10-28, 03:12:29, 23.51, 49.57
2020-10-28, 03:12:31, 23.5, 49.57
2020-10-28, 03:12:32, 23.5, 49.6
2020-10-28, 03:12:33, 23.5, 49.57
2020-10-28, 03:12:35, 23.5, 49.57
2020-10-28, 03:12:36, 23.5, 49.57
2020-10-28, 03:12:37, 23.5, 49.57
2020-10-28, 03:12:39, 23.51, 49.6
2020-10-28, 03:12:40, 23.52, 49.6
2020-10-28, 03:12:41, 23.5, 49.6
2020-10-28, 03:12:43, 23.5, 49.6
2020-10-28, 03:12:44, 23.51, 49.6
2020-10-28, 03:12:46, 23.49, 49.6
2020-10-28, 03:12:47, 23.49, 49.6
2020-10-28, 03:12:48, 23.5, 49.6
2020-10-28, 03:12:50, 23.5, 49.6
2020-10-28, 03:12:51, 23.5, 49.63
2020-10-28, 03:12:52, 23.49, 49.6
2020-10-28, 03:12:54, 23.49, 49.63
2020-10-28, 03:12:55, 23.5, 49.66
2020-10-28, 03:12:56, 23.5, 49.63
2020-10-28, 03:12:58, 23.5, 49.63
2020-10-28, 03:12:59, 23.49, 49.66
2020-10-28, 03:13:00, 23.48, 49.66
2020-10-28, 03:13:02, 23.48, 49.66
2020-10-28, 03:13:03, 23.48, 49.66
2020-10-28, 03:13:04, 23.49, 49.66
2020-10-28, 03:13:06, 23.48, 49.66
2020-10-28, 03:13:07, 23.49, 49.63
2020-10-28, 03:13:09, 23.49, 49.66
2020-10-28, 03:13:10, 23.48, 49.66
2020-10-28, 03:13:11, 23.48, 49.66
2020-10-28, 03:13:13, 23.48, 49.69
2020-10-28, 03:13:14, 23.48, 49.69
2020-10-28, 03:13:15, 23.47, 49.69
2020-10-28, 03:13:17, 23.47, 49.69
2020-10-28, 03:13:18, 23.48, 49.69
2020-10-28, 03:13:19, 23.45, 49.72
2020-10-28, 03:13:21, 23.47, 49.72
2020-10-28, 03:13:22, 23.46, 49.72
2020-10-28, 03:13:23, 23.46, 49.72
2020-10-28, 03:13:25, 23.46, 49.75
2020-10-28, 03:13:26, 23.48, 49.76
2020-10-28, 03:13:28, 23.46, 49.75
2020-10-28, 03:13:29, 23.46, 49.75
2020-10-28, 03:13:30, 23.45, 49.78
2020-10-28, 03:13:32, 23.44, 49.75
2020-10-28, 03:13:33, 23.46, 49.78
2020-10-28, 03:13:34, 23.46, 49.78
2020-10-28, 03:13:36, 23.44, 49.78
2020-10-28, 03:13:37, 23.45, 49.78
2020-10-28, 03:13:38, 23.44, 49.78
2020-10-28, 03:13:40, 23.45, 49.78
2020-10-28, 03:13:41, 23.44, 49.81
2020-10-28, 03:13:42, 23.44, 49.81
2020-10-28, 03:13:44, 23.44, 49.81
2020-10-28, 03:13:45, 23.44, 49.81
2020-10-28, 03:13:47, 23.43, 49.84
2020-10-28, 03:13:48, 23.45, 49.85
2020-10-28, 03:13:49, 23.44, 49.85
2020-10-28, 03:13:51, 23.42, 49.81
2020-10-28, 03:13:52, 23.43, 49.84
2020-10-28, 03:13:53, 23.44, 49.85
2020-10-28, 03:13:55, 23.44, 49.85
2020-10-28, 03:13:56, 23.44, 49.85
2020-10-28, 03:13:57, 23.42, 49.84
2020-10-28, 03:13:59, 23.43, 49.84
2020-10-28, 03:14:00, 23.43, 49.84
2020-10-28, 03:14:01, 23.44, 49.85
2020-10-28, 03:14:03, 23.43, 49.84
2020-10-28, 03:14:04, 23.43, 49.88
2020-10-28, 03:14:06, 23.44, 49.88
2020-10-28, 03:14:07, 23.44, 49.85
2020-10-28, 03:14:08, 23.45, 49.85
2020-10-28, 03:14:10, 23.43, 49.88
2020-10-28, 03:14:11, 23.43, 49.84
2020-10-28, 03:14:12, 23.43, 49.84
2020-10-28, 03:14:14, 23.44, 49.88
2020-10-28, 03:14:15, 23.44, 49.88
2020-10-28, 03:14:16, 23.43, 49.88
2020-10-28, 03:14:18, 23.43, 49.88
2020-10-28, 03:14:19, 23.42, 49.91
2020-10-28, 03:14:20, 23.42, 49.91
2020-10-28, 03:14:22, 23.43, 49.88
2020-10-28, 03:14:23, 23.42, 49.91
2020-10-28, 03:14:25, 23.42, 49.91
2020-10-28, 03:14:26, 23.42, 49.91
2020-10-28, 03:14:27, 23.42, 49.91
2020-10-28, 03:14:29, 23.42, 49.91
2020-10-28, 03:14:30, 23.42, 49.91
2020-10-28, 03:14:31, 23.42, 49.91
2020-10-28, 03:14:33, 23.43, 49.91
2020-10-28, 03:14:34, 23.44, 49.91
2020-10-28, 03:14:35, 23.43, 49.91
2020-10-28, 03:14:37, 23.43, 49.91
2020-10-28, 03:14:38, 23.43, 49.91
2020-10-28, 03:14:39, 23.44, 49.91
2020-10-28, 03:14:41, 23.44, 49.94
2020-10-28, 03:14:42, 23.44, 49.91
2020-10-28, 03:14:44, 23.43, 49.94
2020-10-28, 03:14:45, 23.44, 49.91
2020-10-28, 03:14:46, 23.43, 49.91
2020-10-28, 03:14:48, 23.43, 49.94
2020-10-28, 03:14:49, 23.43, 49.94
2020-10-28, 03:14:50, 23.44, 49.94
2020-10-28, 03:14:52, 23.43, 49.94
2020-10-28, 03:14:53, 23.44, 49.91
2020-10-28, 03:14:54, 23.43, 49.94
2020-10-28, 03:14:56, 23.44, 49.97
2020-10-28, 03:14:57, 23.43, 49.97
2020-10-28, 03:14:58, 23.43, 49.97
2020-10-28, 03:15:00, 23.44, 49.97
2020-10-28, 03:15:01, 23.43, 49.97
2020-10-28, 03:15:03, 23.43, 49.97
2020-10-28, 03:15:04, 23.44, 49.97
2020-10-28, 03:15:05, 23.43, 49.97
2020-10-28, 03:15:07, 23.42, 49.97
2020-10-28, 03:15:08, 23.43, 49.97
2020-10-28, 03:15:09, 23.43, 49.97
2020-10-28, 03:15:11, 23.43, 50.0
2020-10-28, 03:15:12, 23.42, 49.97
2020-10-28, 03:15:13, 23.42, 49.97
2020-10-28, 03:15:15, 23.43, 50.0
2020-10-28, 03:15:16, 23.42, 50.0
2020-10-28, 03:15:17, 23.44, 49.97
2020-10-28, 03:15:19, 23.42, 50.0
2020-10-28, 03:15:20, 23.43, 49.97
2020-10-28, 03:15:22, 23.43, 50.0
2020-10-28, 03:15:23, 23.42, 50.0
2020-10-28, 03:15:24, 23.42, 50.0
2020-10-28, 03:15:26, 23.41, 50.0
2020-10-28, 03:15:27, 23.42, 50.0
2020-10-28, 03:15:28, 23.42, 50.0
2020-10-28, 03:15:30, 23.41, 50.0
2020-10-28, 03:15:31, 23.42, 50.03
2020-10-28, 03:15:32, 23.41, 50.0
2020-10-28, 03:15:34, 23.41, 50.0
2020-10-28, 03:15:35, 23.41, 50.03
2020-10-28, 03:15:36, 23.41, 50.03
2020-10-28, 03:15:38, 23.41, 50.03
2020-10-28, 03:15:39, 23.4, 50.03
2020-10-28, 03:15:40, 23.4, 50.03
2020-10-28, 03:15:42, 23.41, 50.03
2020-10-28, 03:15:43, 23.41, 50.06
2020-10-28, 03:15:45, 23.41, 50.03
2020-10-28, 03:15:46, 23.41, 50.03
2020-10-28, 03:15:47, 23.42, 50.03
2020-10-28, 03:15:49, 23.41, 50.03
2020-10-28, 03:15:50, 23.41, 50.03
2020-10-28, 03:15:51, 23.42, 50.03
2020-10-28, 03:15:53, 23.4, 50.03
2020-10-28, 03:15:54, 23.4, 50.06
2020-10-28, 03:15:55, 23.39, 50.06
2020-10-28, 03:15:57, 23.41, 50.06
2020-10-28, 03:15:58, 23.4, 50.09
2020-10-28, 03:16:00, 23.4, 50.09
2020-10-28, 03:16:01, 23.41, 50.1
2020-10-28, 03:16:02, 23.4, 50.09
2020-10-28, 03:16:04, 23.41, 50.1
2020-10-28, 03:16:05, 23.4, 50.09
2020-10-28, 03:16:06, 23.39, 50.09
2020-10-28, 03:16:08, 23.39, 50.09
2020-10-28, 03:16:09, 23.39, 50.12
2020-10-28, 03:16:10, 23.4, 50.16
2020-10-28, 03:16:12, 23.4, 50.16
2020-10-28, 03:16:13, 23.39, 50.12
2020-10-28, 03:16:14, 23.38, 50.12
2020-10-28, 03:16:16, 23.38, 50.15
2020-10-28, 03:16:17, 23.4, 50.13
2020-10-28, 03:16:18, 23.38, 50.15
2020-10-28, 03:16:20, 23.39, 50.16
2020-10-28, 03:16:21, 23.38, 50.15
2020-10-28, 03:16:23, 23.39, 50.16
2020-10-28, 03:16:24, 23.38, 50.15
2020-10-28, 03:16:25, 23.38, 50.15
2020-10-28, 03:16:27, 23.39, 50.16
2020-10-28, 03:16:28, 23.38, 50.15
2020-10-28, 03:16:29, 23.37, 50.15
2020-10-28, 03:16:31, 23.38, 50.15
2020-10-28, 03:16:32, 23.37, 50.15
2020-10-28, 03:16:33, 23.37, 50.19
2020-10-28, 03:16:35, 23.35, 50.18
2020-10-28, 03:16:36, 23.36, 50.22
2020-10-28, 03:16:37, 23.36, 50.22
2020-10-28, 03:16:39, 23.36, 50.22
2020-10-28, 03:16:40, 23.36, 50.22
2020-10-28, 03:16:41, 23.34, 50.21
2020-10-28, 03:16:43, 23.36, 50.22
2020-10-28, 03:16:44, 23.36, 50.22
2020-10-28, 03:16:46, 23.37, 50.22
2020-10-28, 03:16:47, 23.38, 50.22
2020-10-28, 03:16:48, 23.37, 50.25
2020-10-28, 03:16:50, 23.38, 50.22
2020-10-28, 03:16:51, 23.36, 50.25
2020-10-28, 03:16:52, 23.37, 50.22
2020-10-28, 03:16:54, 23.37, 50.25
2020-10-28, 03:16:55, 23.37, 50.22
2020-10-28, 03:16:56, 23.36, 50.25
2020-10-28, 03:16:58, 23.37, 50.25
2020-10-28, 03:16:59, 23.38, 50.25
2020-10-28, 03:17:00, 23.37, 50.25
2020-10-28, 03:17:02, 23.36, 50.22
2020-10-28, 03:17:03, 23.36, 50.25
2020-10-28, 03:17:05, 23.38, 50.25
2020-10-28, 03:17:06, 23.38, 50.25
2020-10-28, 03:17:07, 23.37, 50.25
2020-10-28, 03:17:09, 23.36, 50.25
2020-10-28, 03:17:10, 23.36, 50.25
2020-10-28, 03:17:11, 23.36, 50.28
2020-10-28, 03:17:13, 23.37, 50.25
2020-10-28, 03:17:14, 23.35, 50.25
2020-10-28, 03:17:15, 23.36, 50.28
2020-10-28, 03:17:17, 23.36, 50.25
2020-10-28, 03:17:18, 23.36, 50.28
2020-10-28, 03:17:20, 23.36, 50.28
2020-10-28, 03:17:21, 23.36, 50.28
2020-10-28, 03:17:22, 23.36, 50.28
2020-10-28, 03:17:24, 23.36, 50.28
2020-10-28, 03:17:25, 23.36, 50.28
2020-10-28, 03:17:26, 23.36, 50.28
2020-10-28, 03:17:28, 23.37, 50.28
2020-10-28, 03:17:29, 23.35, 50.28
2020-10-28, 03:17:30, 23.35, 50.31
2020-10-28, 03:17:32, 23.34, 50.31
2020-10-28, 03:17:33, 23.35, 50.31
2020-10-28, 03:17:34, 23.35, 50.31
2020-10-28, 03:17:36, 23.35, 50.34
2020-10-28, 03:17:37, 23.36, 50.31
2020-10-28, 03:17:38, 23.34, 50.31
2020-10-28, 03:17:40, 23.36, 50.34
2020-10-28, 03:17:41, 23.35, 50.34
2020-10-28, 03:17:43, 23.35, 50.31
2020-10-28, 03:17:44, 23.35, 50.34
2020-10-28, 03:17:45, 23.36, 50.34
2020-10-28, 03:17:47, 23.36, 50.34
2020-10-28, 03:17:48, 23.36, 50.34
2020-10-28, 03:17:49, 23.36, 50.34
2020-10-28, 03:17:51, 23.35, 50.34
2020-10-28, 03:17:52, 23.36, 50.34
2020-10-28, 03:17:53, 23.35, 50.34
2020-10-28, 03:17:55, 23.35, 50.34
2020-10-28, 03:17:56, 23.36, 50.34
2020-10-28, 03:17:57, 23.36, 50.34
2020-10-28, 03:17:59, 23.35, 50.34
2020-10-28, 03:18:00, 23.35, 50.34
2020-10-28, 03:18:02, 23.34, 50.34
2020-10-28, 03:18:03, 23.36, 50.34
2020-10-28, 03:18:04, 23.36, 50.34
2020-10-28, 03:18:06, 23.35, 50.34
2020-10-28, 03:18:07, 23.36, 50.34
2020-10-28, 03:18:08, 23.36, 50.34
2020-10-28, 03:18:10, 23.35, 50.34
2020-10-28, 03:18:11, 23.36, 50.34
2020-10-28, 03:18:12, 23.36, 50.37
2020-10-28, 03:18:14, 23.36, 50.34
2020-10-28, 03:18:15, 23.36, 50.37
2020-10-28, 03:18:16, 23.36, 50.34
2020-10-28, 03:18:18, 23.35, 50.34
2020-10-28, 03:18:19, 23.36, 50.37
2020-10-28, 03:18:20, 23.35, 50.34
2020-10-28, 03:18:22, 23.35, 50.37
2020-10-28, 03:18:23, 23.36, 50.37
2020-10-28, 03:18:25, 23.36, 50.37
2020-10-28, 03:18:26, 23.36, 50.37
2020-10-28, 03:18:27, 23.35, 50.37
2020-10-28, 03:18:29, 23.35, 50.37
2020-10-28, 03:18:30, 23.36, 50.37
2020-10-28, 03:18:31, 23.36, 50.34
2020-10-28, 03:18:33, 23.36, 50.34
2020-10-28, 03:18:34, 23.35, 50.37
2020-10-28, 03:18:35, 23.36, 50.37
2020-10-28, 03:18:37, 23.34, 50.37
2020-10-28, 03:18:38, 23.35, 50.37
2020-10-28, 03:18:39, 23.36, 50.37
2020-10-28, 03:18:41, 23.34, 50.37
2020-10-28, 03:18:42, 23.35, 50.4
2020-10-28, 03:18:43, 23.36, 50.41
2020-10-28, 03:18:45, 23.36, 50.41
2020-10-28, 03:18:46, 23.34, 50.37
2020-10-28, 03:18:48, 23.35, 50.37
2020-10-28, 03:18:49, 23.36, 50.41
2020-10-28, 03:18:50, 23.36, 50.37
2020-10-28, 03:18:52, 23.37, 50.41
2020-10-28, 03:18:53, 23.35, 50.4
2020-10-28, 03:18:54, 23.36, 50.41
2020-10-28, 03:18:56, 23.36, 50.41
2020-10-28, 03:18:57, 23.36, 50.41
2020-10-28, 03:18:58, 23.36, 50.41
2020-10-28, 03:19:00, 23.36, 50.41
2020-10-28, 03:19:01, 23.37, 50.41
2020-10-28, 03:19:02, 23.35, 50.4
2020-10-28, 03:19:04, 23.35, 50.4
2020-10-28, 03:19:05, 23.35, 50.4
2020-10-28, 03:19:07, 23.34, 50.4
2020-10-28, 03:19:08, 23.34, 50.4
2020-10-28, 03:19:09, 23.33, 50.4
2020-10-28, 03:19:11, 23.34, 50.43
2020-10-28, 03:19:12, 23.34, 50.4
2020-10-28, 03:19:13, 23.35, 50.44
2020-10-28, 03:19:15, 23.35, 50.4
2020-10-28, 03:19:16, 23.35, 50.4
2020-10-28, 03:19:17, 23.35, 50.4
2020-10-28, 03:19:19, 23.35, 50.4
2020-10-28, 03:19:20, 23.35, 50.4
2020-10-28, 03:19:21, 23.36, 50.41
2020-10-28, 03:19:23, 23.36, 50.41
2020-10-28, 03:19:24, 23.35, 50.4
2020-10-28, 03:19:26, 23.36, 50.41
2020-10-28, 03:19:27, 23.35, 50.4
2020-10-28, 03:19:28, 23.36, 50.41
2020-10-28, 03:19:30, 23.36, 50.44
2020-10-28, 03:19:31, 23.34, 50.4
2020-10-28, 03:19:32, 23.36, 50.41
2020-10-28, 03:19:34, 23.36, 50.41
2020-10-28, 03:19:35, 23.35, 50.4
2020-10-28, 03:19:36, 23.35, 50.4
2020-10-28, 03:19:38, 23.34, 50.43
2020-10-28, 03:19:39, 23.35, 50.4
2020-10-28, 03:19:40, 23.35, 50.4
2020-10-28, 03:19:42, 23.35, 50.4
2020-10-28, 03:19:43, 23.36, 50.41
2020-10-28, 03:19:45, 23.36, 50.41
2020-10-28, 03:19:46, 23.36, 50.41
2020-10-28, 03:19:47, 23.35, 50.4
2020-10-28, 03:19:49, 23.35, 50.44
2020-10-28, 03:19:50, 23.37, 50.41
2020-10-28, 03:19:51, 23.36, 50.41
2020-10-28, 03:19:53, 23.36, 50.41
2020-10-28, 03:19:54, 23.37, 50.41
2020-10-28, 03:19:55, 23.37, 50.41
2020-10-28, 03:19:57, 23.36, 50.41
2020-10-28, 03:19:58, 23.36, 50.41
2020-10-28, 03:19:59, 23.37, 50.41
2020-10-28, 03:20:01, 23.36, 50.41
2020-10-28, 03:20:02, 23.36, 50.44
2020-10-28, 03:20:04, 23.36, 50.44
2020-10-28, 03:20:05, 23.36, 50.41
2020-10-28, 03:20:06, 23.35, 50.4
2020-10-28, 03:20:08, 23.36, 50.44
2020-10-28, 03:20:09, 23.34, 50.4
2020-10-28, 03:20:10, 23.36, 50.44
2020-10-28, 03:20:12, 23.36, 50.47
2020-10-28, 03:20:13, 23.35, 50.44
2020-10-28, 03:20:14, 23.37, 50.44
2020-10-28, 03:20:16, 23.36, 50.44
2020-10-28, 03:20:17, 23.36, 50.44
2020-10-28, 03:20:18, 23.36, 50.44
2020-10-28, 03:20:20, 23.36, 50.44
2020-10-28, 03:20:21, 23.36, 50.44
2020-10-28, 03:20:23, 23.36, 50.41
2020-10-28, 03:20:24, 23.37, 50.41
2020-10-28, 03:20:25, 23.36, 50.41
2020-10-28, 03:20:27, 23.36, 50.41
2020-10-28, 03:20:28, 23.36, 50.41
2020-10-28, 03:20:29, 23.37, 50.41
2020-10-28, 03:20:31, 23.37, 50.41
2020-10-28, 03:20:32, 23.37, 50.41
2020-10-28, 03:20:33, 23.36, 50.41
2020-10-28, 03:20:35, 23.36, 50.41
2020-10-28, 03:20:36, 23.38, 50.44
2020-10-28, 03:20:37, 23.38, 50.41
2020-10-28, 03:20:39, 23.37, 50.44
2020-10-28, 03:20:40, 23.37, 50.41
2020-10-28, 03:20:42, 23.37, 50.41
2020-10-28, 03:20:43, 23.37, 50.41
2020-10-28, 03:20:44, 23.39, 50.41
2020-10-28, 03:20:46, 23.38, 50.41
2020-10-28, 03:20:47, 23.38, 50.41
2020-10-28, 03:20:48, 23.37, 50.41
2020-10-28, 03:20:50, 23.38, 50.41
2020-10-28, 03:20:51, 23.39, 50.41
2020-10-28, 03:20:52, 23.38, 50.41
2020-10-28, 03:20:54, 23.39, 50.41
2020-10-28, 03:20:55, 23.39, 50.41
2020-10-28, 03:20:56, 23.38, 50.41
2020-10-28, 03:20:58, 23.36, 50.41
2020-10-28, 03:20:59, 23.39, 50.41
2020-10-28, 03:21:00, 23.39, 50.41
2020-10-28, 03:21:02, 23.38, 50.41
2020-10-28, 03:21:03, 23.38, 50.41
2020-10-28, 03:21:05, 23.38, 50.41
2020-10-28, 03:21:06, 23.4, 50.41
2020-10-28, 03:21:07, 23.38, 50.41
2020-10-28, 03:21:09, 23.38, 50.41
2020-10-28, 03:21:10, 23.38, 50.41
2020-10-28, 03:21:11, 23.38, 50.41
2020-10-28, 03:21:13, 23.4, 50.41
2020-10-28, 03:21:14, 23.37, 50.41
2020-10-28, 03:21:15, 23.39, 50.41
2020-10-28, 03:21:17, 23.39, 50.41
2020-10-28, 03:21:18, 23.39, 50.41
2020-10-28, 03:21:19, 23.38, 50.41
2020-10-28, 03:21:21, 23.39, 50.41
2020-10-28, 03:21:22, 23.39, 50.41
2020-10-28, 03:21:23, 23.38, 50.41
2020-10-28, 03:21:25, 23.38, 50.41
2020-10-28, 03:21:26, 23.38, 50.41
2020-10-28, 03:21:28, 23.38, 50.41
2020-10-28, 03:21:29, 23.38, 50.41
2020-10-28, 03:21:30, 23.39, 50.44
2020-10-28, 03:21:32, 23.38, 50.41
2020-10-28, 03:21:33, 23.4, 50.41
2020-10-28, 03:21:34, 23.38, 50.41
2020-10-28, 03:21:36, 23.39, 50.41
2020-10-28, 03:21:37, 23.4, 50.41
2020-10-28, 03:21:38, 23.39, 50.41
2020-10-28, 03:21:40, 23.38, 50.41
2020-10-28, 03:21:41, 23.39, 50.41
2020-10-28, 03:21:42, 23.38, 50.44
2020-10-28, 03:21:44, 23.38, 50.41
2020-10-28, 03:21:45, 23.38, 50.44
2020-10-28, 03:21:47, 23.39, 50.44
2020-10-28, 03:21:48, 23.38, 50.44
2020-10-28, 03:21:49, 23.38, 50.44
2020-10-28, 03:21:51, 23.37, 50.44
2020-10-28, 03:21:52, 23.36, 50.44
2020-10-28, 03:21:53, 23.38, 50.44
2020-10-28, 03:21:55, 23.38, 50.44
2020-10-28, 03:21:56, 23.39, 50.44
2020-10-28, 03:21:57, 23.38, 50.44
2020-10-28, 03:21:59, 23.38, 50.41
2020-10-28, 03:22:00, 23.38, 50.44
2020-10-28, 03:22:01, 23.38, 50.44
2020-10-28, 03:22:03, 23.39, 50.44
2020-10-28, 03:22:04, 23.38, 50.41
2020-10-28, 03:22:06, 23.39, 50.41
2020-10-28, 03:22:07, 23.39, 50.41
2020-10-28, 03:22:08, 23.4, 50.41
2020-10-28, 03:22:10, 23.4, 50.41
2020-10-28, 03:22:11, 23.41, 50.41
2020-10-28, 03:22:12, 23.4, 50.41
2020-10-28, 03:22:14, 23.39, 50.41
2020-10-28, 03:22:15, 23.4, 50.38
2020-10-28, 03:22:16, 23.41, 50.38
2020-10-28, 03:22:18, 23.41, 50.38
2020-10-28, 03:22:19, 23.41, 50.38
2020-10-28, 03:22:20, 23.42, 50.38
2020-10-28, 03:22:22, 23.41, 50.38
2020-10-28, 03:22:23, 23.42, 50.38
2020-10-28, 03:22:24, 23.41, 50.38
2020-10-28, 03:22:26, 23.42, 50.35
2020-10-28, 03:22:27, 23.43, 50.38
2020-10-28, 03:22:29, 23.42, 50.35
2020-10-28, 03:22:30, 23.42, 50.35
2020-10-28, 03:22:31, 23.43, 50.35
2020-10-28, 03:22:33, 23.44, 50.35
2020-10-28, 03:22:34, 23.43, 50.35
2020-10-28, 03:22:35, 23.44, 50.35
2020-10-28, 03:22:37, 23.44, 50.35
2020-10-28, 03:22:38, 23.42, 50.35
2020-10-28, 03:22:39, 23.44, 50.32
2020-10-28, 03:22:41, 23.44, 50.32
2020-10-28, 03:22:42, 23.44, 50.32
2020-10-28, 03:22:43, 23.44, 50.32
2020-10-28, 03:22:45, 23.44, 50.32
2020-10-28, 03:22:46, 23.44, 50.32
2020-10-28, 03:22:48, 23.44, 50.29
2020-10-28, 03:22:49, 23.45, 50.32
2020-10-28, 03:22:50, 23.45, 50.32
2020-10-28, 03:22:52, 23.45, 50.29
2020-10-28, 03:22:53, 23.45, 50.29
2020-10-28, 03:22:54, 23.44, 50.29
2020-10-28, 03:22:56, 23.44, 50.29
2020-10-28, 03:22:57, 23.44, 50.29
2020-10-28, 03:22:58, 23.46, 50.29
2020-10-28, 03:23:00, 23.45, 50.29
2020-10-28, 03:23:01, 23.46, 50.29
2020-10-28, 03:23:02, 23.46, 50.29
2020-10-28, 03:23:04, 23.45, 50.29
2020-10-28, 03:23:05, 23.45, 50.29
2020-10-28, 03:23:06, 23.46, 50.26
2020-10-28, 03:23:08, 23.46, 50.29
2020-10-28, 03:23:09, 23.46, 50.26
2020-10-28, 03:23:11, 23.46, 50.26
2020-10-28, 03:23:12, 23.47, 50.26
2020-10-28, 03:23:13, 23.46, 50.26
2020-10-28, 03:23:15, 23.47, 50.26
2020-10-28, 03:23:16, 23.47, 50.26
2020-10-28, 03:23:17, 23.47, 50.26
2020-10-28, 03:23:19, 23.47, 50.23
2020-10-28, 03:23:20, 23.48, 50.23
2020-10-28, 03:23:21, 23.47, 50.23
2020-10-28, 03:23:23, 23.48, 50.26
2020-10-28, 03:23:24, 23.48, 50.23
2020-10-28, 03:23:25, 23.48, 50.23
2020-10-28, 03:23:27, 23.47, 50.23
2020-10-28, 03:23:28, 23.48, 50.23
2020-10-28, 03:23:29, 23.47, 50.23
2020-10-28, 03:23:31, 23.49, 50.23
2020-10-28, 03:23:32, 23.47, 50.23
2020-10-28, 03:23:34, 23.48, 50.23
2020-10-28, 03:23:35, 23.47, 50.23
2020-10-28, 03:23:36, 23.49, 50.23
2020-10-28, 03:23:38, 23.49, 50.23
2020-10-28, 03:23:39, 23.49, 50.2
2020-10-28, 03:23:40, 23.48, 50.2
2020-10-28, 03:23:42, 23.5, 50.23
2020-10-28, 03:23:43, 23.5, 50.2
2020-10-28, 03:23:44, 23.49, 50.23
2020-10-28, 03:23:46, 23.5, 50.2
2020-10-28, 03:23:47, 23.5, 50.2
2020-10-28, 03:23:48, 23.5, 50.2
2020-10-28, 03:23:50, 23.5, 50.17
2020-10-28, 03:23:51, 23.5, 50.17
2020-10-28, 03:23:53, 23.49, 50.17
2020-10-28, 03:23:54, 23.5, 50.17
2020-10-28, 03:23:55, 23.51, 50.2
2020-10-28, 03:23:57, 23.51, 50.17
2020-10-28, 03:23:58, 23.51, 50.17
2020-10-28, 03:23:59, 23.51, 50.17
2020-10-28, 03:24:01, 23.5, 50.17
2020-10-28, 03:24:02, 23.5, 50.17
2020-10-28, 03:24:03, 23.52, 50.17
2020-10-28, 03:24:05, 23.51, 50.17
2020-10-28, 03:24:06, 23.51, 50.17
2020-10-28, 03:24:07, 23.51, 50.14
2020-10-28, 03:24:09, 23.51, 50.14
2020-10-28, 03:24:10, 23.52, 50.14
2020-10-28, 03:24:12, 23.52, 50.14
2020-10-28, 03:24:13, 23.53, 50.11
2020-10-28, 03:24:14, 23.53, 50.11
2020-10-28, 03:24:16, 23.51, 50.11
2020-10-28, 03:24:17, 23.52, 50.11
2020-10-28, 03:24:18, 23.53, 50.11
2020-10-28, 03:24:20, 23.53, 50.11
2020-10-28, 03:24:21, 23.52, 50.11
2020-10-28, 03:24:22, 23.55, 50.11
2020-10-28, 03:24:24, 23.54, 50.11
2020-10-28, 03:24:25, 23.54, 50.11
2020-10-28, 03:24:26, 23.54, 50.11
2020-10-28, 03:24:28, 23.54, 50.11
2020-10-28, 03:24:29, 23.55, 50.08
2020-10-28, 03:24:31, 23.54, 50.11
2020-10-28, 03:24:32, 23.53, 50.11
2020-10-28, 03:24:33, 23.54, 50.11
2020-10-28, 03:24:35, 23.56, 50.08
2020-10-28, 03:24:36, 23.54, 50.08
2020-10-28, 03:24:37, 23.55, 50.08
2020-10-28, 03:24:39, 23.55, 50.08
2020-10-28, 03:24:40, 23.54, 50.08
2020-10-28, 03:24:41, 23.55, 50.08
2020-10-28, 03:24:43, 23.55, 50.08
2020-10-28, 03:24:44, 23.56, 50.08
2020-10-28, 03:24:45, 23.56, 50.05
2020-10-28, 03:24:47, 23.56, 50.05
2020-10-28, 03:24:48, 23.56, 50.05
2020-10-28, 03:24:50, 23.56, 50.05
2020-10-28, 03:24:51, 23.56, 50.05
2020-10-28, 03:24:52, 23.56, 50.05
2020-10-28, 03:24:54, 23.57, 50.05
2020-10-28, 03:24:55, 23.56, 50.05
2020-10-28, 03:24:56, 23.57, 50.05
2020-10-28, 03:24:58, 23.56, 50.02
2020-10-28, 03:24:59, 23.57, 50.05
2020-10-28, 03:25:00, 23.57, 50.02
2020-10-28, 03:25:02, 23.57, 50.02
2020-10-28, 03:25:03, 23.57, 50.02
2020-10-28, 03:25:04, 23.58, 49.99
2020-10-28, 03:25:06, 23.57, 49.99
2020-10-28, 03:25:07, 23.58, 50.02
2020-10-28, 03:25:09, 23.57, 50.02
2020-10-28, 03:25:10, 23.58, 50.02
2020-10-28, 03:25:11, 23.57, 49.99
2020-10-28, 03:25:13, 23.58, 49.99
2020-10-28, 03:25:14, 23.58, 50.02
2020-10-28, 03:25:15, 23.56, 50.02
2020-10-28, 03:25:17, 23.57, 49.99
2020-10-28, 03:25:18, 23.57, 49.99
2020-10-28, 03:25:19, 23.58, 49.99
2020-10-28, 03:25:21, 23.58, 49.99
2020-10-28, 03:25:22, 23.58, 49.99
2020-10-28, 03:25:23, 23.56, 49.99
2020-10-28, 03:25:25, 23.58, 49.96
2020-10-28, 03:25:26, 23.58, 49.93
2020-10-28, 03:25:28, 23.6, 49.96
2020-10-28, 03:25:29, 23.6, 49.96
2020-10-28, 03:25:30, 23.59, 49.93
2020-10-28, 03:25:32, 23.6, 49.96
2020-10-28, 03:25:33, 23.59, 49.93
2020-10-28, 03:25:34, 23.6, 49.96
2020-10-28, 03:25:36, 23.6, 49.93
2020-10-28, 03:25:37, 23.6, 49.93
2020-10-28, 03:25:38, 23.59, 49.93
2020-10-28, 03:25:40, 23.59, 49.93
2020-10-28, 03:25:41, 23.59, 49.93
2020-10-28, 03:25:42, 23.58, 49.93
2020-10-28, 03:25:44, 23.59, 49.93
2020-10-28, 03:25:45, 23.59, 49.93
2020-10-28, 03:25:47, 23.59, 49.9
2020-10-28, 03:25:48, 23.59, 49.93
2020-10-28, 03:25:49, 23.59, 49.9
2020-10-28, 03:25:51, 23.59, 49.9
2020-10-28, 03:25:52, 23.6, 49.9
2020-10-28, 03:25:53, 23.59, 49.9
2020-10-28, 03:25:55, 23.59, 49.9
2020-10-28, 03:25:56, 23.59, 49.87
2020-10-28, 03:25:57, 23.6, 49.9
2020-10-28, 03:25:59, 23.6, 49.9
2020-10-28, 03:26:00, 23.61, 49.9
2020-10-28, 03:26:01, 23.59, 49.87
2020-10-28, 03:26:03, 23.6, 49.87
2020-10-28, 03:26:04, 23.58, 49.93
2020-10-28, 03:26:06, 23.58, 49.86
2020-10-28, 03:26:07, 23.58, 49.9
2020-10-28, 03:26:08, 23.62, 49.87
2020-10-28, 03:26:10, 23.6, 49.87
2020-10-28, 03:26:11, 23.61, 49.9
2020-10-28, 03:26:12, 23.61, 49.87
2020-10-28, 03:26:14, 23.61, 49.87
2020-10-28, 03:26:15, 23.61, 49.87
2020-10-28, 03:26:16, 23.61, 49.84
2020-10-28, 03:26:18, 23.62, 49.87
2020-10-28, 03:26:19, 23.62, 49.84
2020-10-28, 03:26:20, 23.62, 49.87
2020-10-28, 03:26:22, 23.62, 49.84
2020-10-28, 03:26:23, 23.63, 49.87
2020-10-28, 03:26:24, 23.63, 49.84
2020-10-28, 03:26:26, 23.64, 49.84
2020-10-28, 03:26:27, 23.64, 49.84
2020-10-28, 03:26:29, 23.63, 49.84
2020-10-28, 03:26:30, 23.64, 49.81
2020-10-28, 03:26:31, 23.66, 49.81
2020-10-28, 03:26:33, 23.66, 49.81
2020-10-28, 03:26:34, 23.65, 49.81
2020-10-28, 03:26:35, 23.64, 49.81
2020-10-28, 03:26:37, 23.66, 49.78
2020-10-28, 03:26:38, 23.65, 49.81
2020-10-28, 03:26:39, 23.65, 49.81
2020-10-28, 03:26:41, 23.65, 49.81
2020-10-28, 03:26:42, 23.66, 49.81
2020-10-28, 03:26:43, 23.65, 49.78
2020-10-28, 03:26:45, 23.66, 49.78
2020-10-28, 03:26:46, 23.66, 49.78
2020-10-28, 03:26:48, 23.66, 49.78
2020-10-28, 03:26:49, 23.67, 49.78
2020-10-28, 03:26:50, 23.66, 49.75
2020-10-28, 03:26:52, 23.67, 49.78
2020-10-28, 03:26:53, 23.67, 49.78
2020-10-28, 03:26:54, 23.66, 49.75
2020-10-28, 03:26:56, 23.67, 49.75
2020-10-28, 03:26:57, 23.67, 49.78
2020-10-28, 03:26:58, 23.67, 49.75
2020-10-28, 03:27:00, 23.67, 49.78
2020-10-28, 03:27:01, 23.66, 49.75
2020-10-28, 03:27:02, 23.65, 49.75
2020-10-28, 03:27:04, 23.64, 49.74
2020-10-28, 03:27:05, 23.65, 49.75
2020-10-28, 03:27:07, 23.66, 49.75
2020-10-28, 03:27:08, 23.68, 49.75
2020-10-28, 03:27:09, 23.66, 49.75
2020-10-28, 03:27:11, 23.66, 49.75
2020-10-28, 03:27:12, 23.67, 49.75
2020-10-28, 03:27:13, 23.66, 49.75
2020-10-28, 03:27:15, 23.67, 49.75
2020-10-28, 03:27:16, 23.67, 49.72
2020-10-28, 03:27:17, 23.68, 49.72
2020-10-28, 03:27:19, 23.68, 49.69
2020-10-28, 03:27:20, 23.68, 49.72
2020-10-28, 03:27:21, 23.68, 49.69
2020-10-28, 03:27:23, 23.67, 49.69
2020-10-28, 03:27:24, 23.68, 49.69
2020-10-28, 03:27:26, 23.68, 49.69
2020-10-28, 03:27:27, 23.69, 49.69
2020-10-28, 03:27:28, 23.68, 49.69
2020-10-28, 03:27:30, 23.68, 49.69
2020-10-28, 03:27:31, 23.68, 49.69
2020-10-28, 03:27:32, 23.69, 49.69
2020-10-28, 03:27:34, 23.69, 49.69
2020-10-28, 03:27:35, 23.68, 49.69
2020-10-28, 03:27:36, 23.68, 49.69
2020-10-28, 03:27:38, 23.69, 49.69
2020-10-28, 03:27:39, 23.7, 49.66
2020-10-28, 03:27:40, 23.69, 49.66
2020-10-28, 03:27:42, 23.69, 49.62
2020-10-28, 03:27:43, 23.68, 49.65
2020-10-28, 03:27:45, 23.71, 49.63
2020-10-28, 03:27:46, 23.7, 49.66
2020-10-28, 03:27:47, 23.69, 49.66
2020-10-28, 03:27:49, 23.69, 49.62
2020-10-28, 03:27:50, 23.69, 49.62
2020-10-28, 03:27:51, 23.7, 49.63
2020-10-28, 03:27:53, 23.7, 49.63
2020-10-28, 03:27:54, 23.69, 49.62
2020-10-28, 03:27:55, 23.71, 49.63
2020-10-28, 03:27:57, 23.7, 49.63
2020-10-28, 03:27:58, 23.69, 49.62
2020-10-28, 03:27:59, 23.71, 49.63
2020-10-28, 03:28:01, 23.71, 49.63
2020-10-28, 03:28:02, 23.7, 49.63
2020-10-28, 03:28:04, 23.7, 49.59
2020-10-28, 03:28:05, 23.7, 49.59
2020-10-28, 03:28:06, 23.71, 49.6
2020-10-28, 03:28:08, 23.7, 49.59
2020-10-28, 03:28:09, 23.68, 49.59
2020-10-28, 03:28:10, 23.7, 49.59
2020-10-28, 03:28:12, 23.7, 49.63
2020-10-28, 03:28:13, 23.71, 49.63
2020-10-28, 03:28:14, 23.69, 49.62
2020-10-28, 03:28:16, 23.7, 49.63
2020-10-28, 03:28:17, 23.69, 49.62
2020-10-28, 03:28:19, 23.71, 49.63
2020-10-28, 03:28:20, 23.7, 49.63
2020-10-28, 03:28:21, 23.71, 49.63
2020-10-28, 03:28:23, 23.7, 49.63
2020-10-28, 03:28:24, 23.72, 49.63
2020-10-28, 03:28:25, 23.7, 49.59
2020-10-28, 03:28:27, 23.71, 49.63
2020-10-28, 03:28:28, 23.71, 49.6
2020-10-28, 03:28:29, 23.73, 49.6
2020-10-28, 03:28:31, 23.72, 49.56
2020-10-28, 03:28:32, 23.72, 49.6
2020-10-28, 03:28:33, 23.72, 49.6
2020-10-28, 03:28:35, 23.73, 49.57
2020-10-28, 03:28:36, 23.72, 49.56
2020-10-28, 03:28:38, 23.72, 49.56
2020-10-28, 03:28:39, 23.72, 49.56
2020-10-28, 03:28:40, 23.73, 49.57
2020-10-28, 03:28:42, 23.71, 49.56
2020-10-28, 03:28:43, 23.72, 49.56
2020-10-28, 03:28:44, 23.72, 49.56
2020-10-28, 03:28:46, 23.73, 49.57
2020-10-28, 03:28:47, 23.73, 49.53
2020-10-28, 03:28:48, 23.74, 49.57
2020-10-28, 03:28:50, 23.74, 49.57
2020-10-28, 03:28:51, 23.73, 49.57
2020-10-28, 03:28:53, 23.74, 49.54
2020-10-28, 03:28:54, 23.74, 49.57
2020-10-28, 03:28:55, 23.74, 49.57
2020-10-28, 03:28:57, 23.74, 49.54
2020-10-28, 03:28:58, 23.74, 49.57
2020-10-28, 03:28:59, 23.73, 49.57
2020-10-28, 03:29:01, 23.73, 49.53
2020-10-28, 03:29:02, 23.73, 49.5
2020-10-28, 03:29:03, 23.72, 49.53
2020-10-28, 03:29:05, 23.71, 49.5
2020-10-28, 03:29:06, 23.74, 49.5
2020-10-28, 03:29:07, 23.74, 49.5
2020-10-28, 03:29:09, 23.75, 49.51
2020-10-28, 03:29:10, 23.74, 49.5
2020-10-28, 03:29:12, 23.74, 49.5
2020-10-28, 03:29:13, 23.75, 49.47
2020-10-28, 03:29:14, 23.73, 49.5
2020-10-28, 03:29:16, 23.74, 49.47
2020-10-28, 03:29:17, 23.74, 49.47
2020-10-28, 03:29:18, 23.74, 49.47
2020-10-28, 03:29:20, 23.73, 49.47
2020-10-28, 03:29:21, 23.74, 49.5
2020-10-28, 03:29:22, 23.74, 49.47
2020-10-28, 03:29:24, 23.74, 49.5
2020-10-28, 03:29:25, 23.74, 49.47
2020-10-28, 03:29:26, 23.74, 49.44
2020-10-28, 03:29:28, 23.74, 49.47
2020-10-28, 03:29:29, 23.74, 49.47
2020-10-28, 03:29:30, 23.75, 49.44
2020-10-28, 03:29:32, 23.74, 49.44
2020-10-28, 03:29:33, 23.75, 49.44
2020-10-28, 03:29:35, 23.74, 49.44
2020-10-28, 03:29:36, 23.73, 49.47
2020-10-28, 03:29:37, 23.75, 49.44
2020-10-28, 03:29:39, 23.74, 49.44
2020-10-28, 03:29:40, 23.75, 49.44
2020-10-28, 03:29:41, 23.74, 49.44
2020-10-28, 03:29:43, 23.75, 49.44
2020-10-28, 03:29:44, 23.76, 49.47
2020-10-28, 03:29:45, 23.74, 49.44
2020-10-28, 03:29:47, 23.74, 49.44
2020-10-28, 03:29:48, 23.76, 49.44
2020-10-28, 03:29:50, 23.76, 49.44
2020-10-28, 03:29:51, 23.75, 49.44
2020-10-28, 03:29:52, 23.76, 49.44
2020-10-28, 03:29:54, 23.76, 49.44
2020-10-28, 03:29:55, 23.76, 49.44
2020-10-28, 03:29:56, 23.76, 49.44
2020-10-28, 03:29:58, 23.75, 49.44
2020-10-28, 03:29:59, 23.75, 49.44
2020-10-28, 03:30:00, 23.76, 49.44
2020-10-28, 03:30:02, 23.74, 49.44
2020-10-28, 03:30:03, 23.75, 49.41
2020-10-28, 03:30:04, 23.74, 49.41
2020-10-28, 03:30:06, 23.75, 49.38
2020-10-28, 03:30:07, 23.75, 49.41
2020-10-28, 03:30:09, 23.74, 49.41
2020-10-28, 03:30:10, 23.75, 49.38
2020-10-28, 03:30:11, 23.72, 49.41
2020-10-28, 03:30:13, 23.74, 49.41
2020-10-28, 03:30:14, 23.75, 49.38
2020-10-28, 03:30:15, 23.75, 49.41
2020-10-28, 03:30:17, 23.76, 49.38
2020-10-28, 03:30:18, 23.76, 49.38
2020-10-28, 03:30:19, 23.76, 49.38
2020-10-28, 03:30:21, 23.76, 49.41
2020-10-28, 03:30:22, 23.75, 49.38
2020-10-28, 03:30:23, 23.75, 49.38
2020-10-28, 03:30:25, 23.76, 49.38
2020-10-28, 03:30:26, 23.75, 49.41
2020-10-28, 03:30:28, 23.77, 49.38
2020-10-28, 03:30:29, 23.77, 49.38
2020-10-28, 03:30:30, 23.76, 49.38
2020-10-28, 03:30:32, 23.77, 49.38
2020-10-28, 03:30:33, 23.77, 49.38
2020-10-28, 03:30:34, 23.78, 49.35
2020-10-28, 03:30:36, 23.77, 49.38
2020-10-28, 03:30:37, 23.77, 49.35
2020-10-28, 03:30:38, 23.77, 49.35
2020-10-28, 03:30:40, 23.79, 49.35
2020-10-28, 03:30:41, 23.77, 49.35
2020-10-28, 03:30:42, 23.78, 49.38
2020-10-28, 03:30:44, 23.78, 49.35
2020-10-28, 03:30:45, 23.78, 49.35
2020-10-28, 03:30:47, 23.78, 49.35
2020-10-28, 03:30:48, 23.78, 49.35
2020-10-28, 03:30:49, 23.78, 49.32
2020-10-28, 03:30:51, 23.78, 49.32
2020-10-28, 03:30:52, 23.79, 49.35
2020-10-28, 03:30:53, 23.78, 49.32
2020-10-28, 03:30:55, 23.78, 49.35
2020-10-28, 03:30:56, 23.78, 49.32
2020-10-28, 03:30:57, 23.8, 49.35
2020-10-28, 03:30:59, 23.78, 49.32
2020-10-28, 03:31:00, 23.79, 49.32
2020-10-28, 03:31:01, 23.79, 49.32
2020-10-28, 03:31:03, 23.8, 49.29
2020-10-28, 03:31:04, 23.8, 49.32
2020-10-28, 03:31:06, 23.78, 49.32
2020-10-28, 03:31:07, 23.79, 49.32
2020-10-28, 03:31:08, 23.79, 49.32
2020-10-28, 03:31:10, 23.8, 49.32
2020-10-28, 03:31:11, 23.8, 49.32
2020-10-28, 03:31:12, 23.78, 49.32
2020-10-28, 03:31:14, 23.78, 49.32
2020-10-28, 03:31:15, 23.79, 49.29
2020-10-28, 03:31:16, 23.8, 49.32
2020-10-28, 03:31:18, 23.8, 49.29
2020-10-28, 03:31:19, 23.79, 49.29
2020-10-28, 03:31:20, 23.79, 49.26
2020-10-28, 03:31:22, 23.8, 49.29
2020-10-28, 03:31:23, 23.79, 49.29
2020-10-28, 03:31:25, 23.8, 49.29
2020-10-28, 03:31:26, 23.8, 49.29
2020-10-28, 03:31:27, 23.8, 49.26
2020-10-28, 03:31:29, 23.81, 49.26
2020-10-28, 03:31:30, 23.8, 49.26
2020-10-28, 03:31:31, 23.81, 49.26
2020-10-28, 03:31:33, 23.81, 49.26
2020-10-28, 03:31:34, 23.81, 49.26
2020-10-28, 03:31:35, 23.8, 49.26
2020-10-28, 03:31:37, 23.8, 49.26
2020-10-28, 03:31:38, 23.81, 49.26
2020-10-28, 03:31:39, 23.8, 49.26
2020-10-28, 03:31:41, 23.8, 49.26
2020-10-28, 03:31:42, 23.8, 49.26
2020-10-28, 03:31:43, 23.8, 49.26
2020-10-28, 03:31:45, 23.82, 49.26
2020-10-28, 03:31:46, 23.8, 49.26
2020-10-28, 03:31:48, 23.8, 49.26
2020-10-28, 03:31:49, 23.8, 49.26
2020-10-28, 03:31:50, 23.81, 49.26
2020-10-28, 03:31:52, 23.8, 49.23
2020-10-28, 03:31:53, 23.81, 49.23
2020-10-28, 03:31:54, 23.81, 49.23
2020-10-28, 03:31:56, 23.8, 49.23
2020-10-28, 03:31:57, 23.8, 49.23
2020-10-28, 03:31:58, 23.8, 49.23
2020-10-28, 03:32:00, 23.8, 49.23
2020-10-28, 03:32:01, 23.8, 49.19
2020-10-28, 03:32:02, 23.8, 49.23
2020-10-28, 03:32:04, 23.8, 49.19
2020-10-28, 03:32:05, 23.8, 49.23
2020-10-28, 03:32:07, 23.8, 49.19
2020-10-28, 03:32:08, 23.81, 49.19
2020-10-28, 03:32:09, 23.82, 49.2
2020-10-28, 03:32:11, 23.81, 49.23
2020-10-28, 03:32:12, 23.81, 49.19
2020-10-28, 03:32:13, 23.82, 49.2
2020-10-28, 03:32:15, 23.83, 49.2
2020-10-28, 03:32:16, 23.83, 49.23
2020-10-28, 03:32:17, 23.83, 49.2
2020-10-28, 03:32:19, 23.82, 49.2
2020-10-28, 03:32:20, 23.82, 49.2
2020-10-28, 03:32:21, 23.82, 49.2
2020-10-28, 03:32:23, 23.83, 49.2
2020-10-28, 03:32:24, 23.83, 49.2
2020-10-28, 03:32:26, 23.82, 49.16
2020-10-28, 03:32:27, 23.84, 49.17
2020-10-28, 03:32:28, 23.83, 49.17
2020-10-28, 03:32:30, 23.82, 49.13
2020-10-28, 03:32:31, 23.83, 49.17
2020-10-28, 03:32:32, 23.82, 49.16
2020-10-28, 03:32:34, 23.82, 49.16
2020-10-28, 03:32:35, 23.82, 49.16
2020-10-28, 03:32:36, 23.82, 49.16
2020-10-28, 03:32:38, 23.82, 49.16
2020-10-28, 03:32:39, 23.82, 49.16
2020-10-28, 03:32:40, 23.82, 49.13
2020-10-28, 03:32:42, 23.82, 49.16
2020-10-28, 03:32:43, 23.82, 49.13
2020-10-28, 03:32:45, 23.82, 49.13
2020-10-28, 03:32:46, 23.82, 49.13
2020-10-28, 03:32:47, 23.82, 49.13
2020-10-28, 03:32:49, 23.82, 49.13
2020-10-28, 03:32:50, 23.82, 49.13
2020-10-28, 03:32:51, 23.82, 49.13
2020-10-28, 03:32:53, 23.81, 49.13
2020-10-28, 03:32:54, 23.82, 49.13
2020-10-28, 03:32:55, 23.82, 49.13
2020-10-28, 03:32:57, 23.82, 49.13
2020-10-28, 03:32:58, 23.84, 49.14
2020-10-28, 03:32:59, 23.82, 49.13
2020-10-28, 03:33:01, 23.83, 49.13
2020-10-28, 03:33:02, 23.84, 49.14
2020-10-28, 03:33:04, 23.82, 49.13
2020-10-28, 03:33:05, 23.82, 49.13
2020-10-28, 03:33:06, 23.82, 49.13
2020-10-28, 03:33:08, 23.82, 49.13
2020-10-28, 03:33:09, 23.83, 49.13
2020-10-28, 03:33:10, 23.82, 49.13
2020-10-28, 03:33:12, 23.84, 49.14
2020-10-28, 03:33:13, 23.84, 49.14
2020-10-28, 03:33:14, 23.84, 49.14
2020-10-28, 03:33:16, 23.83, 49.13
2020-10-28, 03:33:17, 23.83, 49.13
2020-10-28, 03:33:18, 23.83, 49.13
2020-10-28, 03:33:20, 23.84, 49.14
2020-10-28, 03:33:21, 23.83, 49.1
2020-10-28, 03:33:23, 23.84, 49.1
2020-10-28, 03:33:24, 23.83, 49.07
2020-10-28, 03:33:25, 23.84, 49.07
2020-10-28, 03:33:27, 23.85, 49.1
2020-10-28, 03:33:28, 23.84, 49.1
2020-10-28, 03:33:29, 23.84, 49.07
2020-10-28, 03:33:31, 23.84, 49.07
2020-10-28, 03:33:32, 23.84, 49.07
2020-10-28, 03:33:33, 23.84, 49.07
2020-10-28, 03:33:35, 23.84, 49.07
2020-10-28, 03:33:36, 23.84, 49.07
2020-10-28, 03:33:37, 23.83, 49.07
2020-10-28, 03:33:39, 23.84, 49.07
2020-10-28, 03:33:40, 23.83, 49.07
2020-10-28, 03:33:41, 23.84, 49.07
2020-10-28, 03:33:43, 23.84, 49.07
2020-10-28, 03:33:44, 23.85, 49.07
2020-10-28, 03:33:46, 23.84, 49.07
2020-10-28, 03:33:47, 23.85, 49.07
2020-10-28, 03:33:48, 23.84, 49.07
2020-10-28, 03:33:50, 23.84, 49.07
2020-10-28, 03:33:51, 23.82, 49.07
2020-10-28, 03:33:52, 23.84, 49.07
2020-10-28, 03:33:54, 23.84, 49.04
2020-10-28, 03:33:55, 23.83, 49.04
2020-10-28, 03:33:56, 23.83, 49.07
2020-10-28, 03:33:58, 23.84, 49.07
2020-10-28, 03:33:59, 23.84, 49.01
2020-10-28, 03:34:00, 23.86, 49.04
2020-10-28, 03:34:02, 23.84, 49.04
2020-10-28, 03:34:03, 23.85, 49.01
2020-10-28, 03:34:05, 23.85, 49.01
2020-10-28, 03:34:06, 23.84, 49.01
2020-10-28, 03:34:07, 23.84, 49.01
2020-10-28, 03:34:09, 23.86, 49.01
2020-10-28, 03:34:10, 23.85, 49.01
2020-10-28, 03:34:11, 23.84, 49.01
2020-10-28, 03:34:13, 23.85, 49.01
2020-10-28, 03:34:14, 23.85, 48.98
2020-10-28, 03:34:15, 23.84, 48.98
2020-10-28, 03:34:17, 23.85, 48.98
2020-10-28, 03:34:18, 23.86, 48.98
2020-10-28, 03:34:19, 23.87, 48.98
2020-10-28, 03:34:21, 23.86, 48.98
2020-10-28, 03:34:22, 23.87, 49.01
2020-10-28, 03:34:23, 23.86, 48.98
2020-10-28, 03:34:25, 23.84, 49.01
2020-10-28, 03:34:26, 23.86, 49.01
2020-10-28, 03:34:28, 23.86, 49.01
2020-10-28, 03:34:29, 23.86, 49.01
2020-10-28, 03:34:30, 23.86, 49.01
2020-10-28, 03:34:32, 23.86, 49.01
2020-10-28, 03:34:33, 23.85, 49.01
2020-10-28, 03:34:34, 23.86, 49.01
2020-10-28, 03:34:36, 23.86, 49.01
2020-10-28, 03:34:37, 23.85, 49.01
2020-10-28, 03:34:38, 23.85, 48.98
2020-10-28, 03:34:40, 23.86, 48.98
2020-10-28, 03:34:41, 23.86, 49.01
2020-10-28, 03:34:42, 23.87, 48.98
2020-10-28, 03:34:44, 23.84, 48.98
2020-10-28, 03:34:45, 23.86, 49.01
2020-10-28, 03:34:47, 23.86, 48.98
2020-10-28, 03:34:48, 23.84, 48.94
2020-10-28, 03:34:49, 23.85, 48.95
2020-10-28, 03:34:51, 23.85, 48.98
2020-10-28, 03:34:52, 23.86, 48.95
2020-10-28, 03:34:53, 23.86, 48.98
2020-10-28, 03:34:55, 23.82, 48.97
2020-10-28, 03:34:56, 23.86, 48.95
2020-10-28, 03:34:58, 23.88, 48.95
2020-10-28, 03:34:59, 23.87, 48.95
2020-10-28, 03:35:00, 23.87, 48.95
2020-10-28, 03:35:02, 23.87, 48.95
2020-10-28, 03:35:03, 23.87, 48.95
2020-10-28, 03:35:04, 23.86, 48.95
2020-10-28, 03:35:06, 23.87, 48.95
2020-10-28, 03:35:07, 23.87, 48.98
2020-10-28, 03:35:08, 23.86, 48.98
2020-10-28, 03:35:10, 23.87, 48.98
2020-10-28, 03:35:11, 23.86, 48.95
2020-10-28, 03:35:12, 23.85, 48.95
2020-10-28, 03:35:14, 23.86, 48.95
2020-10-28, 03:35:15, 23.86, 48.95
2020-10-28, 03:35:17, 23.85, 48.95
2020-10-28, 03:35:18, 23.85, 48.95
2020-10-28, 03:35:19, 23.86, 48.95
2020-10-28, 03:35:21, 23.86, 48.95
2020-10-28, 03:35:22, 23.84, 48.94
2020-10-28, 03:35:23, 23.84, 48.94
2020-10-28, 03:35:25, 23.84, 48.94
2020-10-28, 03:35:26, 23.86, 48.95
2020-10-28, 03:35:27, 23.85, 48.95
2020-10-28, 03:35:29, 23.85, 48.95
2020-10-28, 03:35:30, 23.86, 48.95
2020-10-28, 03:35:31, 23.85, 48.95
2020-10-28, 03:35:33, 23.84, 48.94
2020-10-28, 03:35:34, 23.86, 48.95
2020-10-28, 03:35:35, 23.86, 48.95
2020-10-28, 03:35:37, 23.85, 48.95
2020-10-28, 03:35:38, 23.86, 48.95
2020-10-28, 03:35:40, 23.86, 48.95
2020-10-28, 03:35:41, 23.86, 48.95
2020-10-28, 03:35:42, 23.86, 48.95
2020-10-28, 03:35:44, 23.85, 48.95
2020-10-28, 03:35:45, 23.86, 48.95
2020-10-28, 03:35:46, 23.85, 48.91
2020-10-28, 03:35:48, 23.85, 48.91
2020-10-28, 03:35:49, 23.85, 48.95
2020-10-28, 03:35:50, 23.86, 48.95
2020-10-28, 03:35:52, 23.85, 48.95
2020-10-28, 03:35:53, 23.87, 48.95
2020-10-28, 03:35:54, 23.85, 48.95
2020-10-28, 03:35:56, 23.87, 48.95
2020-10-28, 03:35:57, 23.86, 48.95
2020-10-28, 03:35:59, 23.85, 48.91
2020-10-28, 03:36:00, 23.86, 48.91
2020-10-28, 03:36:01, 23.86, 48.91
2020-10-28, 03:36:03, 23.86, 48.91
2020-10-28, 03:36:04, 23.86, 48.88
2020-10-28, 03:36:05, 23.84, 48.91
2020-10-28, 03:36:07, 23.85, 48.95
2020-10-28, 03:36:08, 23.86, 48.91
2020-10-28, 03:36:09, 23.84, 48.94
2020-10-28, 03:36:11, 23.83, 48.91
2020-10-28, 03:36:12, 23.84, 48.88
2020-10-28, 03:36:13, 23.86, 48.91
2020-10-28, 03:36:15, 23.84, 48.91
2020-10-28, 03:36:16, 23.84, 48.91
2020-10-28, 03:36:18, 23.84, 48.91
2020-10-28, 03:36:19, 23.83, 48.91
2020-10-28, 03:36:20, 23.84, 48.91
2020-10-28, 03:36:22, 23.85, 48.91
2020-10-28, 03:36:23, 23.84, 48.88
2020-10-28, 03:36:24, 23.84, 48.88
2020-10-28, 03:36:26, 23.86, 48.91
2020-10-28, 03:36:27, 23.86, 48.88
2020-10-28, 03:36:28, 23.87, 48.88
2020-10-28, 03:36:30, 23.84, 48.88
2020-10-28, 03:36:31, 23.84, 48.88
2020-10-28, 03:36:33, 23.83, 48.88
2020-10-28, 03:36:34, 23.85, 48.88
2020-10-28, 03:36:35, 23.83, 48.88
2020-10-28, 03:36:37, 23.85, 48.88
2020-10-28, 03:36:38, 23.84, 48.88
2020-10-28, 03:36:39, 23.85, 48.88
2020-10-28, 03:36:41, 23.85, 48.88
2020-10-28, 03:36:42, 23.84, 48.88
2020-10-28, 03:36:43, 23.84, 48.88
2020-10-28, 03:36:45, 23.85, 48.88
2020-10-28, 03:36:46, 23.86, 48.88
2020-10-28, 03:36:47, 23.86, 48.88
2020-10-28, 03:36:49, 23.84, 48.88
2020-10-28, 03:36:50, 23.84, 48.88
2020-10-28, 03:36:52, 23.84, 48.88
2020-10-28, 03:36:53, 23.83, 48.88
2020-10-28, 03:36:54, 23.84, 48.88
2020-10-28, 03:36:56, 23.84, 48.88
2020-10-28, 03:36:57, 23.84, 48.88
2020-10-28, 03:36:58, 23.83, 48.85
2020-10-28, 03:37:00, 23.84, 48.85
2020-10-28, 03:37:01, 23.84, 48.85
2020-10-28, 03:37:02, 23.82, 48.88
2020-10-28, 03:37:04, 23.84, 48.85
2020-10-28, 03:37:05, 23.84, 48.85
2020-10-28, 03:37:06, 23.84, 48.88
2020-10-28, 03:37:08, 23.83, 48.88
2020-10-28, 03:37:09, 23.83, 48.85
2020-10-28, 03:37:11, 23.81, 48.88
2020-10-28, 03:37:12, 23.83, 48.88
2020-10-28, 03:37:13, 23.82, 48.85
2020-10-28, 03:37:15, 23.82, 48.88
2020-10-28, 03:37:16, 23.84, 48.88
2020-10-28, 03:37:17, 23.84, 48.88
2020-10-28, 03:37:19, 23.84, 48.88
2020-10-28, 03:37:20, 23.84, 48.88
2020-10-28, 03:37:21, 23.84, 48.88
2020-10-28, 03:37:23, 23.83, 48.88
2020-10-28, 03:37:24, 23.82, 48.88
2020-10-28, 03:37:25, 23.82, 48.88
2020-10-28, 03:37:27, 23.83, 48.85
2020-10-28, 03:37:28, 23.83, 48.88
2020-10-28, 03:37:30, 23.84, 48.88
2020-10-28, 03:37:31, 23.84, 48.88
2020-10-28, 03:37:32, 23.84, 48.88
2020-10-28, 03:37:34, 23.82, 48.88
2020-10-28, 03:37:35, 23.82, 48.88
2020-10-28, 03:37:36, 23.82, 48.88
2020-10-28, 03:37:38, 23.82, 48.91
2020-10-28, 03:37:39, 23.83, 48.88
2020-10-28, 03:37:40, 23.82, 48.88
2020-10-28, 03:37:42, 23.82, 48.88
2020-10-28, 03:37:43, 23.82, 48.88
2020-10-28, 03:37:44, 23.82, 48.88
2020-10-28, 03:37:46, 23.83, 48.88
2020-10-28, 03:37:47, 23.82, 48.88
2020-10-28, 03:37:49, 23.81, 48.88
2020-10-28, 03:37:50, 23.81, 48.88
2020-10-28, 03:37:51, 23.82, 48.88
2020-10-28, 03:37:53, 23.82, 48.88
2020-10-28, 03:37:54, 23.81, 48.88
2020-10-28, 03:37:55, 23.8, 48.88
2020-10-28, 03:37:57, 23.82, 48.88
2020-10-28, 03:37:58, 23.81, 48.84
2020-10-28, 03:37:59, 23.8, 48.88
2020-10-28, 03:38:01, 23.82, 48.88
2020-10-28, 03:38:02, 23.81, 48.88
2020-10-28, 03:38:03, 23.81, 48.88
2020-10-28, 03:38:05, 23.8, 48.91
2020-10-28, 03:38:06, 23.82, 48.88
2020-10-28, 03:38:08, 23.81, 48.91
2020-10-28, 03:38:09, 23.8, 48.91
2020-10-28, 03:38:10, 23.8, 48.91
2020-10-28, 03:38:12, 23.8, 48.91
2020-10-28, 03:38:13, 23.81, 48.91
2020-10-28, 03:38:14, 23.82, 48.91
2020-10-28, 03:38:16, 23.8, 48.88
2020-10-28, 03:38:17, 23.81, 48.91
2020-10-28, 03:38:18, 23.8, 48.88
2020-10-28, 03:38:20, 23.8, 48.88
2020-10-28, 03:38:21, 23.79, 48.87
2020-10-28, 03:38:22, 23.8, 48.88
2020-10-28, 03:38:24, 23.78, 48.87
2020-10-28, 03:38:25, 23.78, 48.87
2020-10-28, 03:38:27, 23.78, 48.87
2020-10-28, 03:38:28, 23.78, 48.9
2020-10-28, 03:38:29, 23.78, 48.87
2020-10-28, 03:38:31, 23.78, 48.9
2020-10-28, 03:38:32, 23.8, 48.91
2020-10-28, 03:38:33, 23.76, 48.87
2020-10-28, 03:38:35, 23.76, 48.9
2020-10-28, 03:38:36, 23.76, 48.9
2020-10-28, 03:38:37, 23.77, 48.9
2020-10-28, 03:38:39, 23.78, 48.94
2020-10-28, 03:38:40, 23.78, 48.9
2020-10-28, 03:38:41, 23.78, 48.94
2020-10-28, 03:38:43, 23.76, 48.93
2020-10-28, 03:38:44, 23.78, 48.94
2020-10-28, 03:38:46, 23.79, 48.94
2020-10-28, 03:38:47, 23.78, 48.94
2020-10-28, 03:38:48, 23.78, 48.94
2020-10-28, 03:38:50, 23.79, 48.94
2020-10-28, 03:38:51, 23.78, 48.94
2020-10-28, 03:38:52, 23.78, 48.94
2020-10-28, 03:38:54, 23.78, 48.94
2020-10-28, 03:38:55, 23.77, 48.94
2020-10-28, 03:38:56, 23.79, 48.94
2020-10-28, 03:38:58, 23.78, 48.94
2020-10-28, 03:38:59, 23.78, 48.94
2020-10-28, 03:39:00, 23.78, 48.97
2020-10-28, 03:39:02, 23.78, 48.94
2020-10-28, 03:39:03, 23.78, 48.94
2020-10-28, 03:39:05, 23.76, 48.93
2020-10-28, 03:39:06, 23.76, 48.93
2020-10-28, 03:39:07, 23.77, 48.94
2020-10-28, 03:39:09, 23.76, 48.93
2020-10-28, 03:39:10, 23.76, 48.93
2020-10-28, 03:39:11, 23.76, 48.93
2020-10-28, 03:39:13, 23.75, 48.96
2020-10-28, 03:39:14, 23.74, 48.96
2020-10-28, 03:39:15, 23.74, 48.93
2020-10-28, 03:39:17, 23.74, 48.96
2020-10-28, 03:39:18, 23.73, 48.96
2020-10-28, 03:39:19, 23.74, 48.96
2020-10-28, 03:39:21, 23.74, 48.96
2020-10-28, 03:39:22, 23.73, 48.96
2020-10-28, 03:39:23, 23.73, 48.99
2020-10-28, 03:39:25, 23.73, 48.96
2020-10-28, 03:39:26, 23.74, 48.96
2020-10-28, 03:39:28, 23.74, 48.99
2020-10-28, 03:39:29, 23.74, 48.96
2020-10-28, 03:39:30, 23.74, 48.99
2020-10-28, 03:39:32, 23.73, 48.99
2020-10-28, 03:39:33, 23.74, 48.99
2020-10-28, 03:39:34, 23.75, 49.0
2020-10-28, 03:39:36, 23.75, 49.0
2020-10-28, 03:39:37, 23.74, 48.99
2020-10-28, 03:39:38, 23.74, 49.03
2020-10-28, 03:39:40, 23.74, 48.99
2020-10-28, 03:39:41, 23.74, 49.03
2020-10-28, 03:39:42, 23.74, 48.99
2020-10-28, 03:39:44, 23.74, 49.03
2020-10-28, 03:39:45, 23.74, 49.03
2020-10-28, 03:39:47, 23.74, 48.99
2020-10-28, 03:39:48, 23.72, 48.99
2020-10-28, 03:39:49, 23.73, 49.03
2020-10-28, 03:39:51, 23.74, 49.03
2020-10-28, 03:39:52, 23.74, 49.03
2020-10-28, 03:39:53, 23.74, 49.03
2020-10-28, 03:39:55, 23.74, 49.03
2020-10-28, 03:39:56, 23.74, 49.03
2020-10-28, 03:39:57, 23.72, 49.02
2020-10-28, 03:39:59, 23.72, 49.02
2020-10-28, 03:40:00, 23.72, 49.02
2020-10-28, 03:40:01, 23.73, 49.06
2020-10-28, 03:40:03, 23.73, 49.06
2020-10-28, 03:40:04, 23.73, 49.06
2020-10-28, 03:40:06, 23.74, 49.03
2020-10-28, 03:40:07, 23.74, 49.03
2020-10-28, 03:40:08, 23.73, 49.03
2020-10-28, 03:40:10, 23.73, 49.06
2020-10-28, 03:40:11, 23.72, 49.02
2020-10-28, 03:40:12, 23.72, 49.02
2020-10-28, 03:40:14, 23.73, 49.06
2020-10-28, 03:40:15, 23.73, 49.06
2020-10-28, 03:40:16, 23.73, 49.06
2020-10-28, 03:40:18, 23.71, 49.05
2020-10-28, 03:40:19, 23.72, 49.02
2020-10-28, 03:40:20, 23.71, 49.02
2020-10-28, 03:40:22, 23.7, 49.05
2020-10-28, 03:40:23, 23.7, 49.05
2020-10-28, 03:40:24, 23.7, 49.05
2020-10-28, 03:40:26, 23.7, 49.05
2020-10-28, 03:40:27, 23.71, 49.05
2020-10-28, 03:40:29, 23.72, 49.09
2020-10-28, 03:40:30, 23.71, 49.05
2020-10-28, 03:40:31, 23.7, 49.05
2020-10-28, 03:40:33, 23.71, 49.09
2020-10-28, 03:40:34, 23.71, 49.05
2020-10-28, 03:40:35, 23.7, 49.05
2020-10-28, 03:40:37, 23.69, 49.05
2020-10-28, 03:40:38, 23.7, 49.05
2020-10-28, 03:40:39, 23.7, 49.05
2020-10-28, 03:40:41, 23.7, 49.05
2020-10-28, 03:40:42, 23.71, 49.05
2020-10-28, 03:40:44, 23.7, 49.05
2020-10-28, 03:40:45, 23.68, 49.05
2020-10-28, 03:40:46, 23.71, 49.05
2020-10-28, 03:40:48, 23.7, 49.05
2020-10-28, 03:40:49, 23.7, 49.05
2020-10-28, 03:40:50, 23.72, 49.06
2020-10-28, 03:40:52, 23.71, 49.05
2020-10-28, 03:40:53, 23.69, 49.02
2020-10-28, 03:40:54, 23.69, 49.05
2020-10-28, 03:40:56, 23.7, 49.05
2020-10-28, 03:40:57, 23.69, 49.02
2020-10-28, 03:40:58, 23.68, 49.02
2020-10-28, 03:41:00, 23.68, 49.02
2020-10-28, 03:41:01, 23.68, 49.05
2020-10-28, 03:41:03, 23.68, 49.05
2020-10-28, 03:41:04, 23.68, 49.05
2020-10-28, 03:41:05, 23.68, 49.05
2020-10-28, 03:41:07, 23.68, 49.05
2020-10-28, 03:41:08, 23.69, 49.02
2020-10-28, 03:41:09, 23.69, 49.05
2020-10-28, 03:41:11, 23.68, 49.05
2020-10-28, 03:41:12, 23.68, 49.05
2020-10-28, 03:41:13, 23.69, 49.05
2020-10-28, 03:41:15, 23.67, 49.05
2020-10-28, 03:41:16, 23.68, 49.05
2020-10-28, 03:41:17, 23.66, 49.05
2020-10-28, 03:41:19, 23.67, 49.05
2020-10-28, 03:41:20, 23.68, 49.05
2020-10-28, 03:41:22, 23.67, 49.05
2020-10-28, 03:41:23, 23.67, 49.05
2020-10-28, 03:41:24, 23.68, 49.05
2020-10-28, 03:41:26, 23.67, 49.05
2020-10-28, 03:41:27, 23.67, 49.08
2020-10-28, 03:41:28, 23.66, 49.05
2020-10-28, 03:41:30, 23.66, 49.05
2020-10-28, 03:41:31, 23.67, 49.05
2020-10-28, 03:41:32, 23.67, 49.08
2020-10-28, 03:41:34, 23.66, 49.05
2020-10-28, 03:41:35, 23.64, 49.05
2020-10-28, 03:41:36, 23.67, 49.05
2020-10-28, 03:41:38, 23.66, 49.08
2020-10-28, 03:41:39, 23.66, 49.08
2020-10-28, 03:41:41, 23.66, 49.11
2020-10-28, 03:41:42, 23.64, 49.11
2020-10-28, 03:41:43, 23.65, 49.11
2020-10-28, 03:41:45, 23.66, 49.08
2020-10-28, 03:41:46, 23.66, 49.08
2020-10-28, 03:41:47, 23.66, 49.08
2020-10-28, 03:41:49, 23.65, 49.08
2020-10-28, 03:41:50, 23.66, 49.08
2020-10-28, 03:41:51, 23.66, 49.08
2020-10-28, 03:41:53, 23.67, 49.08
2020-10-28, 03:41:54, 23.64, 49.08
2020-10-28, 03:41:55, 23.65, 49.08
2020-10-28, 03:41:57, 23.66, 49.08
2020-10-28, 03:41:58, 23.66, 49.08
2020-10-28, 03:42:00, 23.66, 49.08
2020-10-28, 03:42:01, 23.66, 49.08
2020-10-28, 03:42:02, 23.66, 49.08
2020-10-28, 03:42:04, 23.65, 49.08
2020-10-28, 03:42:05, 23.65, 49.08
2020-10-28, 03:42:06, 23.66, 49.08
2020-10-28, 03:42:08, 23.65, 49.08
2020-10-28, 03:42:09, 23.64, 49.08
2020-10-28, 03:42:10, 23.65, 49.08
2020-10-28, 03:42:12, 23.63, 49.11
2020-10-28, 03:42:13, 23.64, 49.11
2020-10-28, 03:42:14, 23.63, 49.08
2020-10-28, 03:42:16, 23.64, 49.08
2020-10-28, 03:42:17, 23.63, 49.11
2020-10-28, 03:42:18, 23.63, 49.11
2020-10-28, 03:42:20, 23.63, 49.11
2020-10-28, 03:42:21, 23.64, 49.11
2020-10-28, 03:42:23, 23.65, 49.11
2020-10-28, 03:42:24, 23.63, 49.08
2020-10-28, 03:42:25, 23.64, 49.11
2020-10-28, 03:42:27, 23.64, 49.11
2020-10-28, 03:42:28, 23.64, 49.08
2020-10-28, 03:42:29, 23.63, 49.11
2020-10-28, 03:42:31, 23.63, 49.11
2020-10-28, 03:42:32, 23.63, 49.11
2020-10-28, 03:42:33, 23.63, 49.11
2020-10-28, 03:42:35, 23.64, 49.11
2020-10-28, 03:42:36, 23.61, 49.11
2020-10-28, 03:42:37, 23.64, 49.11
2020-10-28, 03:42:39, 23.64, 49.11
2020-10-28, 03:42:40, 23.64, 49.11
2020-10-28, 03:42:42, 23.63, 49.11
2020-10-28, 03:42:43, 23.64, 49.11
2020-10-28, 03:42:44, 23.63, 49.14
2020-10-28, 03:42:46, 23.63, 49.11
2020-10-28, 03:42:47, 23.63, 49.14
2020-10-28, 03:42:48, 23.62, 49.14
2020-10-28, 03:42:50, 23.62, 49.11
2020-10-28, 03:42:51, 23.63, 49.14
2020-10-28, 03:42:52, 23.62, 49.11
2020-10-28, 03:42:54, 23.62, 49.14
2020-10-28, 03:42:55, 23.62, 49.14
2020-10-28, 03:42:56, 23.62, 49.11
2020-10-28, 03:42:58, 23.62, 49.14
2020-10-28, 03:42:59, 23.62, 49.14
2020-10-28, 03:43:01, 23.62, 49.14
2020-10-28, 03:43:02, 23.61, 49.11
2020-10-28, 03:43:03, 23.62, 49.11
2020-10-28, 03:43:05, 23.62, 49.14
2020-10-28, 03:43:06, 23.61, 49.11
2020-10-28, 03:43:07, 23.62, 49.14
2020-10-28, 03:43:09, 23.61, 49.14
2020-10-28, 03:43:10, 23.62, 49.14
2020-10-28, 03:43:11, 23.61, 49.14
2020-10-28, 03:43:13, 23.6, 49.14
2020-10-28, 03:43:14, 23.62, 49.14
2020-10-28, 03:43:15, 23.62, 49.14
2020-10-28, 03:43:17, 23.61, 49.11
2020-10-28, 03:43:18, 23.61, 49.14
2020-10-28, 03:43:19, 23.6, 49.14
2020-10-28, 03:43:21, 23.61, 49.14
2020-10-28, 03:43:22, 23.62, 49.14
2020-10-28, 03:43:24, 23.62, 49.14
2020-10-28, 03:43:25, 23.6, 49.14
2020-10-28, 03:43:26, 23.62, 49.14
2020-10-28, 03:43:28, 23.6, 49.14
2020-10-28, 03:43:29, 23.62, 49.14
2020-10-28, 03:43:30, 23.6, 49.17
2020-10-28, 03:43:32, 23.61, 49.17
2020-10-28, 03:43:33, 23.62, 49.17
2020-10-28, 03:43:34, 23.62, 49.17
2020-10-28, 03:43:36, 23.61, 49.17
2020-10-28, 03:43:37, 23.61, 49.17
2020-10-28, 03:43:38, 23.62, 49.17
2020-10-28, 03:43:40, 23.62, 49.14
2020-10-28, 03:43:41, 23.6, 49.17
2020-10-28, 03:43:43, 23.61, 49.14
2020-10-28, 03:43:44, 23.61, 49.17
2020-10-28, 03:43:45, 23.6, 49.14
2020-10-28, 03:43:47, 23.6, 49.14
2020-10-28, 03:43:48, 23.6, 49.14
2020-10-28, 03:43:49, 23.6, 49.1
2020-10-28, 03:43:51, 23.6, 49.14
2020-10-28, 03:43:52, 23.59, 49.13
2020-10-28, 03:43:53, 23.59, 49.17
2020-10-28, 03:43:55, 23.59, 49.13
2020-10-28, 03:43:56, 23.6, 49.14
2020-10-28, 03:43:57, 23.6, 49.14
2020-10-28, 03:43:59, 23.6, 49.17
2020-10-28, 03:44:00, 23.59, 49.17
2020-10-28, 03:44:02, 23.6, 49.17
2020-10-28, 03:44:03, 23.58, 49.17
2020-10-28, 03:44:04, 23.58, 49.17
2020-10-28, 03:44:06, 23.59, 49.17
2020-10-28, 03:44:07, 23.59, 49.17
2020-10-28, 03:44:08, 23.58, 49.17
2020-10-28, 03:44:10, 23.58, 49.17
2020-10-28, 03:44:11, 23.58, 49.17
2020-10-28, 03:44:12, 23.58, 49.17
2020-10-28, 03:44:14, 23.6, 49.17
2020-10-28, 03:44:15, 23.58, 49.17
2020-10-28, 03:44:16, 23.57, 49.16
2020-10-28, 03:44:18, 23.56, 49.16
2020-10-28, 03:44:19, 23.57, 49.16
2020-10-28, 03:44:20, 23.58, 49.17
2020-10-28, 03:44:22, 23.58, 49.17
2020-10-28, 03:44:23, 23.58, 49.17
2020-10-28, 03:44:25, 23.57, 49.16
2020-10-28, 03:44:26, 23.58, 49.17
2020-10-28, 03:44:27, 23.58, 49.17
2020-10-28, 03:44:29, 23.57, 49.2
2020-10-28, 03:44:30, 23.58, 49.17
2020-10-28, 03:44:31, 23.57, 49.2
2020-10-28, 03:44:33, 23.56, 49.19
2020-10-28, 03:44:34, 23.58, 49.17
2020-10-28, 03:44:35, 23.58, 49.2
2020-10-28, 03:44:37, 23.57, 49.16
2020-10-28, 03:44:38, 23.57, 49.2
2020-10-28, 03:44:39, 23.57, 49.2
2020-10-28, 03:44:41, 23.57, 49.2
2020-10-28, 03:44:42, 23.58, 49.17
2020-10-28, 03:44:43, 23.57, 49.16
2020-10-28, 03:44:45, 23.56, 49.16
2020-10-28, 03:44:46, 23.58, 49.2
2020-10-28, 03:44:48, 23.58, 49.2
2020-10-28, 03:44:49, 23.58, 49.17
2020-10-28, 03:44:50, 23.58, 49.17
2020-10-28, 03:44:52, 23.58, 49.17
2020-10-28, 03:44:53, 23.58, 49.2
2020-10-28, 03:44:54, 23.58, 49.2
2020-10-28, 03:44:56, 23.57, 49.2
2020-10-28, 03:44:57, 23.57, 49.16
2020-10-28, 03:44:58, 23.56, 49.19
2020-10-28, 03:45:00, 23.57, 49.2
2020-10-28, 03:45:01, 23.56, 49.16
2020-10-28, 03:45:02, 23.57, 49.16
2020-10-28, 03:45:04, 23.57, 49.16
2020-10-28, 03:45:05, 23.55, 49.19
2020-10-28, 03:45:06, 23.55, 49.16
2020-10-28, 03:45:08, 23.55, 49.16
2020-10-28, 03:45:09, 23.56, 49.19
2020-10-28, 03:45:11, 23.58, 49.2
2020-10-28, 03:45:12, 23.57, 49.2
2020-10-28, 03:45:13, 23.58, 49.2
2020-10-28, 03:45:15, 23.57, 49.2
2020-10-28, 03:45:16, 23.56, 49.19
2020-10-28, 03:45:17, 23.57, 49.2
2020-10-28, 03:45:19, 23.56, 49.19
2020-10-28, 03:45:20, 23.56, 49.19
2020-10-28, 03:45:21, 23.56, 49.19
2020-10-28, 03:45:23, 23.56, 49.19
2020-10-28, 03:45:24, 23.57, 49.23
2020-10-28, 03:45:25, 23.56, 49.23
2020-10-28, 03:45:27, 23.56, 49.23
2020-10-28, 03:45:28, 23.57, 49.2
2020-10-28, 03:45:30, 23.57, 49.23
2020-10-28, 03:45:31, 23.57, 49.23
2020-10-28, 03:45:32, 23.58, 49.2
2020-10-28, 03:45:34, 23.57, 49.23
2020-10-28, 03:45:35, 23.58, 49.23
2020-10-28, 03:45:36, 23.57, 49.2
2020-10-28, 03:45:38, 23.56, 49.19
2020-10-28, 03:45:39, 23.58, 49.2
2020-10-28, 03:45:40, 23.57, 49.2
2020-10-28, 03:45:42, 23.56, 49.19
2020-10-28, 03:45:43, 23.56, 49.19
2020-10-28, 03:45:44, 23.56, 49.19
2020-10-28, 03:45:46, 23.56, 49.19
2020-10-28, 03:45:47, 23.56, 49.23
2020-10-28, 03:45:48, 23.56, 49.19
2020-10-28, 03:45:50, 23.57, 49.2
2020-10-28, 03:45:51, 23.56, 49.23
2020-10-28, 03:45:53, 23.56, 49.19
2020-10-28, 03:45:54, 23.56, 49.16
2020-10-28, 03:45:55, 23.56, 49.19
2020-10-28, 03:45:57, 23.56, 49.19
2020-10-28, 03:45:58, 23.55, 49.19
2020-10-28, 03:45:59, 23.55, 49.22
2020-10-28, 03:46:01, 23.56, 49.19
2020-10-28, 03:46:02, 23.55, 49.22
2020-10-28, 03:46:03, 23.56, 49.19
2020-10-28, 03:46:05, 23.56, 49.23
2020-10-28, 03:46:06, 23.56, 49.23
2020-10-28, 03:46:07, 23.54, 49.19
2020-10-28, 03:46:09, 23.56, 49.19
2020-10-28, 03:46:10, 23.54, 49.22
2020-10-28, 03:46:12, 23.54, 49.22
2020-10-28, 03:46:13, 23.55, 49.22
2020-10-28, 03:46:14, 23.54, 49.22
2020-10-28, 03:46:16, 23.54, 49.19
2020-10-28, 03:46:17, 23.55, 49.22
2020-10-28, 03:46:18, 23.54, 49.22
2020-10-28, 03:46:20, 23.54, 49.22
2020-10-28, 03:46:21, 23.54, 49.22
2020-10-28, 03:46:22, 23.55, 49.22
2020-10-28, 03:46:24, 23.54, 49.22
2020-10-28, 03:46:25, 23.54, 49.22
2020-10-28, 03:46:26, 23.54, 49.22
2020-10-28, 03:46:28, 23.54, 49.22
2020-10-28, 03:46:29, 23.54, 49.22
2020-10-28, 03:46:30, 23.55, 49.22
2020-10-28, 03:46:32, 23.55, 49.22
2020-10-28, 03:46:33, 23.54, 49.22
2020-10-28, 03:46:35, 23.52, 49.22
2020-10-28, 03:46:36, 23.53, 49.22
2020-10-28, 03:46:37, 23.54, 49.22
2020-10-28, 03:46:39, 23.53, 49.22
2020-10-28, 03:46:40, 23.53, 49.22
2020-10-28, 03:46:41, 23.53, 49.22
2020-10-28, 03:46:43, 23.53, 49.25
2020-10-28, 03:46:44, 23.52, 49.22
2020-10-28, 03:46:45, 23.53, 49.25
2020-10-28, 03:46:47, 23.53, 49.25
2020-10-28, 03:46:48, 23.54, 49.26
2020-10-28, 03:46:49, 23.53, 49.25
2020-10-28, 03:46:51, 23.53, 49.25
2020-10-28, 03:46:52, 23.52, 49.25
2020-10-28, 03:46:54, 23.54, 49.26
2020-10-28, 03:46:55, 23.52, 49.25
2020-10-28, 03:46:56, 23.52, 49.25
2020-10-28, 03:46:58, 23.53, 49.22
2020-10-28, 03:46:59, 23.53, 49.25
2020-10-28, 03:47:00, 23.53, 49.25
2020-10-28, 03:47:02, 23.52, 49.22
2020-10-28, 03:47:03, 23.54, 49.26
2020-10-28, 03:47:04, 23.54, 49.22
2020-10-28, 03:47:06, 23.54, 49.26
2020-10-28, 03:47:07, 23.53, 49.25
2020-10-28, 03:47:08, 23.54, 49.26
2020-10-28, 03:47:10, 23.53, 49.22
2020-10-28, 03:47:11, 23.53, 49.22
2020-10-28, 03:47:13, 23.52, 49.22
2020-10-28, 03:47:14, 23.52, 49.25
2020-10-28, 03:47:15, 23.53, 49.25
2020-10-28, 03:47:17, 23.52, 49.25
2020-10-28, 03:47:18, 23.52, 49.25
2020-10-28, 03:47:19, 23.52, 49.22
2020-10-28, 03:47:21, 23.53, 49.25
2020-10-28, 03:47:22, 23.53, 49.22
2020-10-28, 03:47:23, 23.52, 49.22
2020-10-28, 03:47:25, 23.52, 49.22
2020-10-28, 03:47:26, 23.52, 49.22
2020-10-28, 03:47:27, 23.52, 49.22
2020-10-28, 03:47:29, 23.52, 49.25
2020-10-28, 03:47:30, 23.53, 49.25
2020-10-28, 03:47:32, 23.52, 49.22
2020-10-28, 03:47:33, 23.53, 49.22
2020-10-28, 03:47:34, 23.53, 49.22
2020-10-28, 03:47:36, 23.52, 49.22
2020-10-28, 03:47:37, 23.52, 49.22
2020-10-28, 03:47:38, 23.53, 49.22
2020-10-28, 03:47:40, 23.52, 49.25
2020-10-28, 03:47:41, 23.52, 49.25
2020-10-28, 03:47:42, 23.52, 49.25
2020-10-28, 03:47:44, 23.52, 49.25
2020-10-28, 03:47:45, 23.52, 49.25
2020-10-28, 03:47:46, 23.53, 49.25
2020-10-28, 03:47:48, 23.51, 49.25
2020-10-28, 03:47:49, 23.52, 49.25
2020-10-28, 03:47:50, 23.52, 49.25
2020-10-28, 03:47:52, 23.52, 49.22
2020-10-28, 03:47:53, 23.52, 49.22
2020-10-28, 03:47:55, 23.52, 49.22
2020-10-28, 03:47:56, 23.52, 49.22
2020-10-28, 03:47:57, 23.52, 49.22
2020-10-28, 03:47:59, 23.52, 49.22
2020-10-28, 03:48:00, 23.52, 49.22
2020-10-28, 03:48:01, 23.52, 49.22
2020-10-28, 03:48:03, 23.53, 49.22
2020-10-28, 03:48:04, 23.52, 49.22
2020-10-28, 03:48:05, 23.52, 49.22
2020-10-28, 03:48:07, 23.52, 49.22
2020-10-28, 03:48:08, 23.51, 49.22
2020-10-28, 03:48:09, 23.53, 49.22
2020-10-28, 03:48:11, 23.51, 49.22
2020-10-28, 03:48:12, 23.52, 49.22
2020-10-28, 03:48:13, 23.51, 49.22
2020-10-28, 03:48:15, 23.52, 49.22
2020-10-28, 03:48:16, 23.52, 49.25
2020-10-28, 03:48:18, 23.51, 49.25
2020-10-28, 03:48:19, 23.51, 49.22
2020-10-28, 03:48:20, 23.51, 49.22
2020-10-28, 03:48:22, 23.52, 49.22
2020-10-28, 03:48:23, 23.52, 49.25
2020-10-28, 03:48:24, 23.52, 49.22
2020-10-28, 03:48:26, 23.51, 49.25
2020-10-28, 03:48:27, 23.5, 49.22
2020-10-28, 03:48:28, 23.51, 49.25
2020-10-28, 03:48:30, 23.51, 49.25
2020-10-28, 03:48:31, 23.5, 49.25
2020-10-28, 03:48:32, 23.5, 49.25
2020-10-28, 03:48:34, 23.5, 49.25
2020-10-28, 03:48:35, 23.5, 49.25
2020-10-28, 03:48:37, 23.51, 49.25
2020-10-28, 03:48:38, 23.52, 49.28
2020-10-28, 03:48:39, 23.52, 49.22
2020-10-28, 03:48:41, 23.51, 49.22
2020-10-28, 03:48:42, 23.51, 49.25
2020-10-28, 03:48:43, 23.5, 49.25
2020-10-28, 03:48:45, 23.5, 49.25
2020-10-28, 03:48:46, 23.5, 49.25
2020-10-28, 03:48:47, 23.51, 49.25
2020-10-28, 03:48:49, 23.52, 49.22
2020-10-28, 03:48:50, 23.52, 49.25
2020-10-28, 03:48:51, 23.52, 49.22
2020-10-28, 03:48:53, 23.5, 49.22
2020-10-28, 03:48:54, 23.52, 49.22
2020-10-28, 03:48:56, 23.51, 49.22
2020-10-28, 03:48:57, 23.52, 49.22
2020-10-28, 03:48:58, 23.52, 49.22
2020-10-28, 03:49:00, 23.5, 49.22
2020-10-28, 03:49:01, 23.51, 49.22
2020-10-28, 03:49:02, 23.52, 49.22
2020-10-28, 03:49:04, 23.52, 49.22
2020-10-28, 03:49:05, 23.52, 49.22
2020-10-28, 03:49:06, 23.52, 49.22
2020-10-28, 03:49:08, 23.53, 49.22
2020-10-28, 03:49:09, 23.52, 49.22
2020-10-28, 03:49:10, 23.51, 49.22
2020-10-28, 03:49:12, 23.5, 49.22
2020-10-28, 03:49:13, 23.5, 49.22
2020-10-28, 03:49:15, 23.5, 49.22
2020-10-28, 03:49:16, 23.5, 49.22
2020-10-28, 03:49:17, 23.51, 49.22
2020-10-28, 03:49:19, 23.52, 49.22
2020-10-28, 03:49:20, 23.51, 49.25
2020-10-28, 03:49:21, 23.52, 49.22
2020-10-28, 03:49:23, 23.52, 49.22
2020-10-28, 03:49:24, 23.52, 49.22
2020-10-28, 03:49:25, 23.5, 49.22
2020-10-28, 03:49:27, 23.52, 49.22
2020-10-28, 03:49:28, 23.52, 49.22
2020-10-28, 03:49:29, 23.52, 49.22
2020-10-28, 03:49:31, 23.52, 49.22
2020-10-28, 03:49:32, 23.52, 49.22
2020-10-28, 03:49:34, 23.52, 49.22
2020-10-28, 03:49:35, 23.51, 49.22
2020-10-28, 03:49:36, 23.52, 49.22
2020-10-28, 03:49:38, 23.52, 49.22
2020-10-28, 03:49:39, 23.51, 49.22
2020-10-28, 03:49:40, 23.5, 49.22
2020-10-28, 03:49:42, 23.52, 49.22
2020-10-28, 03:49:43, 23.51, 49.22
2020-10-28, 03:49:44, 23.52, 49.22
2020-10-28, 03:49:46, 23.51, 49.22
2020-10-28, 03:49:47, 23.52, 49.22
2020-10-28, 03:49:48, 23.5, 49.22
2020-10-28, 03:49:50, 23.51, 49.22
2020-10-28, 03:49:51, 23.51, 49.22
2020-10-28, 03:49:52, 23.5, 49.22
2020-10-28, 03:49:54, 23.51, 49.22
2020-10-28, 03:49:55, 23.5, 49.22
2020-10-28, 03:49:57, 23.51, 49.22
2020-10-28, 03:49:58, 23.51, 49.22
2020-10-28, 03:49:59, 23.52, 49.22
2020-10-28, 03:50:01, 23.52, 49.22
2020-10-28, 03:50:02, 23.51, 49.22
2020-10-28, 03:50:03, 23.5, 49.22
2020-10-28, 03:50:05, 23.5, 49.22
2020-10-28, 03:50:06, 23.51, 49.22
2020-10-28, 03:50:07, 23.5, 49.22
2020-10-28, 03:50:09, 23.51, 49.22
2020-10-28, 03:50:10, 23.51, 49.22
2020-10-28, 03:50:11, 23.52, 49.22
2020-10-28, 03:50:13, 23.52, 49.22
2020-10-28, 03:50:14, 23.5, 49.22
2020-10-28, 03:50:16, 23.49, 49.22
2020-10-28, 03:50:17, 23.51, 49.22
2020-10-28, 03:50:18, 23.52, 49.22
2020-10-28, 03:50:20, 23.51, 49.22
2020-10-28, 03:50:21, 23.51, 49.22
2020-10-28, 03:50:22, 23.51, 49.22
2020-10-28, 03:50:24, 23.52, 49.22
2020-10-28, 03:50:25, 23.51, 49.22
2020-10-28, 03:50:26, 23.51, 49.22
2020-10-28, 03:50:28, 23.52, 49.22
2020-10-28, 03:50:29, 23.52, 49.22
2020-10-28, 03:50:31, 23.52, 49.22
2020-10-28, 03:50:32, 23.51, 49.22
2020-10-28, 03:50:33, 23.52, 49.22
2020-10-28, 03:50:35, 23.52, 49.22
2020-10-28, 03:50:36, 23.51, 49.22
2020-10-28, 03:50:37, 23.53, 49.22
2020-10-28, 03:50:39, 23.53, 49.19
2020-10-28, 03:50:40, 23.52, 49.19
2020-10-28, 03:50:41, 23.53, 49.19
2020-10-28, 03:50:43, 23.52, 49.19
2020-10-28, 03:50:44, 23.52, 49.19
2020-10-28, 03:50:45, 23.52, 49.19
2020-10-28, 03:50:47, 23.51, 49.22
2020-10-28, 03:50:48, 23.52, 49.19
2020-10-28, 03:50:50, 23.51, 49.19
2020-10-28, 03:50:51, 23.53, 49.19
2020-10-28, 03:50:52, 23.52, 49.19
2020-10-28, 03:50:54, 23.52, 49.22
2020-10-28, 03:50:55, 23.54, 49.19
2020-10-28, 03:50:56, 23.53, 49.19
2020-10-28, 03:50:58, 23.53, 49.19
2020-10-28, 03:50:59, 23.53, 49.19
2020-10-28, 03:51:00, 23.53, 49.19
2020-10-28, 03:51:02, 23.54, 49.19
2020-10-28, 03:51:03, 23.53, 49.16
2020-10-28, 03:51:04, 23.52, 49.16
2020-10-28, 03:51:06, 23.53, 49.16
2020-10-28, 03:51:07, 23.53, 49.16
2020-10-28, 03:51:09, 23.54, 49.19
2020-10-28, 03:51:10, 23.52, 49.16
2020-10-28, 03:51:11, 23.52, 49.16
2020-10-28, 03:51:13, 23.52, 49.16
2020-10-28, 03:51:14, 23.52, 49.16
2020-10-28, 03:51:15, 23.52, 49.16
2020-10-28, 03:51:17, 23.52, 49.16
2020-10-28, 03:51:18, 23.52, 49.16
2020-10-28, 03:51:19, 23.52, 49.16
2020-10-28, 03:51:21, 23.52, 49.16
2020-10-28, 03:51:22, 23.52, 49.16
2020-10-28, 03:51:23, 23.52, 49.16
2020-10-28, 03:51:25, 23.52, 49.16
2020-10-28, 03:51:26, 23.52, 49.16
2020-10-28, 03:51:28, 23.54, 49.16
2020-10-28, 03:51:29, 23.52, 49.16
2020-10-28, 03:51:30, 23.51, 49.16
2020-10-28, 03:51:32, 23.5, 49.15
2020-10-28, 03:51:33, 23.5, 49.15
2020-10-28, 03:51:34, 23.53, 49.16
2020-10-28, 03:51:36, 23.52, 49.16
2020-10-28, 03:51:37, 23.52, 49.16
2020-10-28, 03:51:38, 23.52, 49.16
2020-10-28, 03:51:40, 23.5, 49.15
2020-10-28, 03:51:41, 23.51, 49.16
2020-10-28, 03:51:43, 23.52, 49.19
2020-10-28, 03:51:44, 23.52, 49.19
2020-10-28, 03:51:45, 23.52, 49.19
2020-10-28, 03:51:47, 23.51, 49.19
2020-10-28, 03:51:48, 23.51, 49.19
2020-10-28, 03:51:49, 23.51, 49.16
2020-10-28, 03:51:51, 23.51, 49.16
2020-10-28, 03:51:52, 23.51, 49.19
2020-10-28, 03:51:53, 23.52, 49.19
2020-10-28, 03:51:55, 23.52, 49.19
2020-10-28, 03:51:56, 23.52, 49.19
2020-10-28, 03:51:57, 23.5, 49.19
2020-10-28, 03:51:59, 23.51, 49.19
2020-10-28, 03:52:00, 23.51, 49.19
2020-10-28, 03:52:02, 23.5, 49.15
2020-10-28, 03:52:03, 23.51, 49.16
2020-10-28, 03:52:04, 23.5, 49.19
2020-10-28, 03:52:06, 23.48, 49.18
2020-10-28, 03:52:07, 23.5, 49.19
2020-10-28, 03:52:08, 23.49, 49.19
2020-10-28, 03:52:10, 23.5, 49.19
2020-10-28, 03:52:11, 23.5, 49.19
2020-10-28, 03:52:12, 23.5, 49.22
2020-10-28, 03:52:14, 23.51, 49.19
2020-10-28, 03:52:15, 23.49, 49.15
2020-10-28, 03:52:16, 23.51, 49.19
2020-10-28, 03:52:18, 23.5, 49.19
2020-10-28, 03:52:19, 23.51, 49.19
2020-10-28, 03:52:20, 23.51, 49.19
2020-10-28, 03:52:22, 23.51, 49.19
2020-10-28, 03:52:23, 23.5, 49.19
2020-10-28, 03:52:25, 23.51, 49.19
2020-10-28, 03:52:26, 23.5, 49.15
2020-10-28, 03:52:27, 23.5, 49.15
2020-10-28, 03:52:29, 23.5, 49.15
2020-10-28, 03:52:30, 23.49, 49.15
2020-10-28, 03:52:31, 23.48, 49.15
2020-10-28, 03:52:33, 23.5, 49.15
2020-10-28, 03:52:34, 23.49, 49.19
2020-10-28, 03:52:35, 23.5, 49.19
2020-10-28, 03:52:37, 23.5, 49.19
2020-10-28, 03:52:38, 23.5, 49.19
2020-10-28, 03:52:39, 23.5, 49.19
2020-10-28, 03:52:41, 23.49, 49.19
2020-10-28, 03:52:42, 23.48, 49.15
2020-10-28, 03:52:44, 23.49, 49.15
2020-10-28, 03:52:45, 23.48, 49.15
2020-10-28, 03:52:46, 23.5, 49.19
2020-10-28, 03:52:48, 23.51, 49.16
2020-10-28, 03:52:49, 23.49, 49.19
2020-10-28, 03:52:50, 23.49, 49.15
2020-10-28, 03:52:52, 23.49, 49.19
2020-10-28, 03:52:53, 23.48, 49.15
2020-10-28, 03:52:54, 23.48, 49.15
2020-10-28, 03:52:56, 23.49, 49.19
2020-10-28, 03:52:57, 23.48, 49.18
2020-10-28, 03:52:58, 23.48, 49.18
2020-10-28, 03:53:00, 23.48, 49.18
2020-10-28, 03:53:01, 23.48, 49.18
2020-10-28, 03:53:02, 23.48, 49.18
2020-10-28, 03:53:04, 23.47, 49.15
2020-10-28, 03:53:05, 23.48, 49.15
2020-10-28, 03:53:07, 23.48, 49.18
2020-10-28, 03:53:08, 23.48, 49.18
2020-10-28, 03:53:09, 23.49, 49.19
2020-10-28, 03:53:11, 23.49, 49.19
2020-10-28, 03:53:12, 23.47, 49.15
2020-10-28, 03:53:13, 23.48, 49.18
2020-10-28, 03:53:15, 23.48, 49.18
2020-10-28, 03:53:16, 23.49, 49.19
2020-10-28, 03:53:17, 23.48, 49.18
2020-10-28, 03:53:19, 23.47, 49.21
2020-10-28, 03:53:20, 23.48, 49.18
2020-10-28, 03:53:21, 23.48, 49.18
2020-10-28, 03:53:23, 23.48, 49.18
2020-10-28, 03:53:24, 23.48, 49.18
2020-10-28, 03:53:26, 23.48, 49.22
2020-10-28, 03:53:27, 23.48, 49.18
2020-10-28, 03:53:28, 23.48, 49.18
2020-10-28, 03:53:30, 23.48, 49.18
2020-10-28, 03:53:31, 23.48, 49.22
2020-10-28, 03:53:32, 23.47, 49.18
2020-10-28, 03:53:34, 23.48, 49.18
2020-10-28, 03:53:35, 23.48, 49.15
2020-10-28, 03:53:36, 23.47, 49.21
2020-10-28, 03:53:38, 23.47, 49.21
2020-10-28, 03:53:39, 23.47, 49.21
2020-10-28, 03:53:40, 23.47, 49.21
2020-10-28, 03:53:42, 23.48, 49.18
2020-10-28, 03:53:43, 23.48, 49.22
2020-10-28, 03:53:44, 23.48, 49.18
2020-10-28, 03:53:46, 23.48, 49.22
2020-10-28, 03:53:47, 23.48, 49.22
2020-10-28, 03:53:49, 23.48, 49.22
2020-10-28, 03:53:50, 23.48, 49.18
2020-10-28, 03:53:51, 23.48, 49.22
2020-10-28, 03:53:53, 23.48, 49.22
2020-10-28, 03:53:54, 23.47, 49.21
2020-10-28, 03:53:55, 23.48, 49.22
2020-10-28, 03:53:57, 23.47, 49.21
2020-10-28, 03:53:58, 23.48, 49.22
2020-10-28, 03:53:59, 23.47, 49.21
2020-10-28, 03:54:01, 23.47, 49.21
2020-10-28, 03:54:02, 23.47, 49.18
2020-10-28, 03:54:03, 23.46, 49.21
2020-10-28, 03:54:05, 23.46, 49.21
2020-10-28, 03:54:06, 23.46, 49.21
2020-10-28, 03:54:08, 23.46, 49.18
2020-10-28, 03:54:09, 23.47, 49.21
2020-10-28, 03:54:10, 23.46, 49.21
2020-10-28, 03:54:12, 23.45, 49.21
2020-10-28, 03:54:13, 23.46, 49.21
2020-10-28, 03:54:14, 23.47, 49.21
2020-10-28, 03:54:16, 23.46, 49.21
2020-10-28, 03:54:17, 23.47, 49.21
2020-10-28, 03:54:18, 23.46, 49.21
2020-10-28, 03:54:20, 23.47, 49.21
2020-10-28, 03:54:21, 23.47, 49.21
2020-10-28, 03:54:22, 23.47, 49.21
2020-10-28, 03:54:24, 23.48, 49.22
2020-10-28, 03:54:25, 23.47, 49.21
2020-10-28, 03:54:27, 23.46, 49.21
2020-10-28, 03:54:28, 23.45, 49.21
2020-10-28, 03:54:29, 23.46, 49.21
2020-10-28, 03:54:31, 23.46, 49.21
2020-10-28, 03:54:32, 23.47, 49.18
2020-10-28, 03:54:33, 23.46, 49.21
2020-10-28, 03:54:35, 23.47, 49.21
2020-10-28, 03:54:36, 23.47, 49.18
2020-10-28, 03:54:37, 23.47, 49.18
2020-10-28, 03:54:39, 23.43, 49.21
2020-10-28, 03:54:40, 23.45, 49.18
2020-10-28, 03:54:42, 23.46, 49.21
2020-10-28, 03:54:43, 23.47, 49.21
2020-10-28, 03:54:44, 23.47, 49.21
2020-10-28, 03:54:46, 23.46, 49.21
2020-10-28, 03:54:47, 23.48, 49.22
2020-10-28, 03:54:48, 23.47, 49.18
2020-10-28, 03:54:50, 23.47, 49.18
2020-10-28, 03:54:51, 23.47, 49.18
2020-10-28, 03:54:52, 23.46, 49.18
2020-10-28, 03:54:54, 23.46, 49.18
2020-10-28, 03:54:55, 23.47, 49.18
2020-10-28, 03:54:56, 23.47, 49.18
2020-10-28, 03:54:58, 23.47, 49.18
2020-10-28, 03:54:59, 23.48, 49.18
2020-10-28, 03:55:01, 23.48, 49.18
2020-10-28, 03:55:02, 23.46, 49.18
2020-10-28, 03:55:03, 23.46, 49.18
2020-10-28, 03:55:05, 23.47, 49.18
2020-10-28, 03:55:06, 23.46, 49.18
2020-10-28, 03:55:07, 23.47, 49.18
2020-10-28, 03:55:09, 23.47, 49.18
2020-10-28, 03:55:10, 23.48, 49.18
2020-10-28, 03:55:11, 23.46, 49.18
2020-10-28, 03:55:13, 23.46, 49.18
2020-10-28, 03:55:14, 23.47, 49.18
2020-10-28, 03:55:15, 23.48, 49.18
2020-10-28, 03:55:17, 23.46, 49.18
2020-10-28, 03:55:18, 23.48, 49.18
2020-10-28, 03:55:20, 23.48, 49.15
2020-10-28, 03:55:21, 23.48, 49.15
2020-10-28, 03:55:22, 23.48, 49.15
2020-10-28, 03:55:24, 23.48, 49.15
2020-10-28, 03:55:25, 23.48, 49.18
2020-10-28, 03:55:26, 23.49, 49.19
2020-10-28, 03:55:28, 23.47, 49.18
2020-10-28, 03:55:29, 23.47, 49.15
2020-10-28, 03:55:30, 23.48, 49.18
2020-10-28, 03:55:32, 23.47, 49.18
2020-10-28, 03:55:33, 23.47, 49.15
2020-10-28, 03:55:34, 23.47, 49.15
2020-10-28, 03:55:36, 23.48, 49.18
2020-10-28, 03:55:37, 23.47, 49.18
2020-10-28, 03:55:39, 23.47, 49.15
2020-10-28, 03:55:40, 23.48, 49.15
2020-10-28, 03:55:41, 23.48, 49.15
2020-10-28, 03:55:43, 23.46, 49.15
2020-10-28, 03:55:44, 23.48, 49.15
2020-10-28, 03:55:45, 23.48, 49.15
2020-10-28, 03:55:47, 23.48, 49.15
2020-10-28, 03:55:48, 23.48, 49.15
2020-10-28, 03:55:49, 23.48, 49.15
2020-10-28, 03:55:51, 23.48, 49.15
2020-10-28, 03:55:52, 23.47, 49.15
2020-10-28, 03:55:53, 23.49, 49.19
2020-10-28, 03:55:55, 23.49, 49.15
2020-10-28, 03:55:56, 23.49, 49.15
2020-10-28, 03:55:58, 23.48, 49.15
2020-10-28, 03:55:59, 23.48, 49.15
2020-10-28, 03:56:00, 23.47, 49.15
2020-10-28, 03:56:02, 23.48, 49.15
2020-10-28, 03:56:03, 23.48, 49.15
2020-10-28, 03:56:04, 23.48, 49.15
2020-10-28, 03:56:06, 23.47, 49.15
2020-10-28, 03:56:07, 23.46, 49.15
2020-10-28, 03:56:08, 23.48, 49.15
2020-10-28, 03:56:10, 23.47, 49.15
2020-10-28, 03:56:11, 23.47, 49.15
2020-10-28, 03:56:12, 23.49, 49.15
2020-10-28, 03:56:14, 23.48, 49.15
2020-10-28, 03:56:15, 23.47, 49.15
2020-10-28, 03:56:17, 23.47, 49.15
2020-10-28, 03:56:18, 23.48, 49.15
2020-10-28, 03:56:19, 23.48, 49.15
2020-10-28, 03:56:21, 23.48, 49.15
2020-10-28, 03:56:22, 23.48, 49.15
2020-10-28, 03:56:23, 23.48, 49.15
2020-10-28, 03:56:25, 23.48, 49.15
2020-10-28, 03:56:26, 23.5, 49.15
2020-10-28, 03:56:27, 23.48, 49.12
2020-10-28, 03:56:29, 23.49, 49.12
2020-10-28, 03:56:30, 23.48, 49.12
2020-10-28, 03:56:31, 23.5, 49.15
2020-10-28, 03:56:33, 23.5, 49.12
2020-10-28, 03:56:34, 23.49, 49.12
2020-10-28, 03:56:36, 23.49, 49.12
2020-10-28, 03:56:37, 23.47, 49.12
2020-10-28, 03:56:38, 23.49, 49.12
2020-10-28, 03:56:40, 23.5, 49.09
2020-10-28, 03:56:41, 23.5, 49.12
2020-10-28, 03:56:42, 23.48, 49.09
2020-10-28, 03:56:44, 23.48, 49.09
2020-10-28, 03:56:45, 23.48, 49.12
2020-10-28, 03:56:46, 23.49, 49.09
2020-10-28, 03:56:48, 23.49, 49.09
2020-10-28, 03:56:49, 23.5, 49.09
2020-10-28, 03:56:50, 23.47, 49.09
2020-10-28, 03:56:52, 23.48, 49.12
2020-10-28, 03:56:53, 23.49, 49.09
2020-10-28, 03:56:55, 23.48, 49.09
2020-10-28, 03:56:56, 23.49, 49.09
2020-10-28, 03:56:57, 23.5, 49.09
2020-10-28, 03:56:59, 23.48, 49.09
2020-10-28, 03:57:00, 23.47, 49.09
2020-10-28, 03:57:01, 23.48, 49.12
2020-10-28, 03:57:03, 23.48, 49.09
2020-10-28, 03:57:04, 23.48, 49.12
2020-10-28, 03:57:05, 23.47, 49.12
2020-10-28, 03:57:07, 23.49, 49.12
2020-10-28, 03:57:08, 23.47, 49.12
2020-10-28, 03:57:10, 23.49, 49.12
2020-10-28, 03:57:11, 23.48, 49.09
2020-10-28, 03:57:12, 23.49, 49.09
2020-10-28, 03:57:14, 23.48, 49.09
2020-10-28, 03:57:15, 23.48, 49.12
2020-10-28, 03:57:16, 23.48, 49.09
2020-10-28, 03:57:18, 23.48, 49.09
2020-10-28, 03:57:19, 23.48, 49.09
2020-10-28, 03:57:20, 23.48, 49.09
2020-10-28, 03:57:22, 23.46, 49.09
2020-10-28, 03:57:23, 23.47, 49.09
2020-10-28, 03:57:24, 23.48, 49.09
2020-10-28, 03:57:26, 23.47, 49.09
2020-10-28, 03:57:27, 23.48, 49.12
2020-10-28, 03:57:29, 23.46, 49.09
2020-10-28, 03:57:30, 23.48, 49.09
2020-10-28, 03:57:31, 23.48, 49.09
2020-10-28, 03:57:33, 23.46, 49.09
2020-10-28, 03:57:34, 23.46, 49.09
2020-10-28, 03:57:35, 23.45, 49.08
2020-10-28, 03:57:37, 23.48, 49.09
2020-10-28, 03:57:38, 23.45, 49.08
2020-10-28, 03:57:39, 23.46, 49.09
2020-10-28, 03:57:41, 23.44, 49.08
2020-10-28, 03:57:42, 23.46, 49.12
2020-10-28, 03:57:43, 23.46, 49.15
2020-10-28, 03:57:45, 23.46, 49.12
2020-10-28, 03:57:46, 23.47, 49.12
2020-10-28, 03:57:48, 23.48, 49.12
2020-10-28, 03:57:49, 23.47, 49.12
2020-10-28, 03:57:50, 23.47, 49.12
2020-10-28, 03:57:52, 23.47, 49.09
2020-10-28, 03:57:53, 23.47, 49.09
2020-10-28, 03:57:54, 23.46, 49.09
2020-10-28, 03:57:56, 23.47, 49.09
2020-10-28, 03:57:57, 23.47, 49.09
2020-10-28, 03:57:58, 23.47, 49.09
2020-10-28, 03:58:00, 23.48, 49.12
2020-10-28, 03:58:01, 23.47, 49.09
2020-10-28, 03:58:03, 23.48, 49.12
2020-10-28, 03:58:04, 23.46, 49.09
2020-10-28, 03:58:05, 23.47, 49.09
2020-10-28, 03:58:07, 23.47, 49.09
2020-10-28, 03:58:08, 23.46, 49.09
2020-10-28, 03:58:09, 23.48, 49.09
2020-10-28, 03:58:11, 23.48, 49.09
2020-10-28, 03:58:12, 23.48, 49.09
2020-10-28, 03:58:13, 23.48, 49.09
2020-10-28, 03:58:15, 23.49, 49.09
2020-10-28, 03:58:16, 23.5, 49.09
2020-10-28, 03:58:17, 23.48, 49.09
2020-10-28, 03:58:19, 23.49, 49.09
2020-10-28, 03:58:20, 23.5, 49.09
2020-10-28, 03:58:21, 23.5, 49.06
2020-10-28, 03:58:23, 23.5, 49.06
2020-10-28, 03:58:24, 23.49, 49.06
2020-10-28, 03:58:26, 23.48, 49.09
2020-10-28, 03:58:27, 23.5, 49.06
2020-10-28, 03:58:28, 23.51, 49.06
2020-10-28, 03:58:30, 23.5, 49.06
2020-10-28, 03:58:31, 23.5, 49.06
2020-10-28, 03:58:32, 23.5, 49.03
2020-10-28, 03:58:34, 23.5, 49.06
2020-10-28, 03:58:35, 23.49, 49.06
2020-10-28, 03:58:36, 23.49, 49.06
2020-10-28, 03:58:38, 23.49, 49.06
2020-10-28, 03:58:39, 23.5, 49.06
2020-10-28, 03:58:40, 23.5, 49.03
2020-10-28, 03:58:42, 23.49, 49.03
2020-10-28, 03:58:43, 23.5, 49.06
2020-10-28, 03:58:45, 23.5, 49.03
2020-10-28, 03:58:46, 23.48, 49.06
2020-10-28, 03:58:47, 23.47, 49.06
2020-10-28, 03:58:49, 23.49, 49.03
2020-10-28, 03:58:50, 23.48, 49.06
2020-10-28, 03:58:51, 23.5, 49.03
2020-10-28, 03:58:53, 23.49, 49.03
2020-10-28, 03:58:54, 23.5, 49.03
2020-10-28, 03:58:55, 23.5, 49.03
2020-10-28, 03:58:57, 23.5, 49.03
2020-10-28, 03:58:58, 23.51, 49.03
2020-10-28, 03:58:59, 23.5, 49.03
2020-10-28, 03:59:01, 23.5, 49.03
2020-10-28, 03:59:02, 23.5, 49.03
2020-10-28, 03:59:04, 23.5, 49.03
2020-10-28, 03:59:05, 23.48, 49.02
2020-10-28, 03:59:06, 23.49, 48.99
2020-10-28, 03:59:08, 23.48, 49.02
2020-10-28, 03:59:09, 23.48, 49.02
2020-10-28, 03:59:10, 23.49, 49.03
2020-10-28, 03:59:12, 23.5, 49.03
2020-10-28, 03:59:13, 23.5, 49.03
2020-10-28, 03:59:14, 23.51, 49.03
2020-10-28, 03:59:16, 23.5, 49.0
2020-10-28, 03:59:17, 23.5, 49.03
2020-10-28, 03:59:18, 23.5, 49.0
2020-10-28, 03:59:20, 23.5, 49.03
2020-10-28, 03:59:21, 23.5, 49.03
2020-10-28, 03:59:23, 23.5, 49.0
2020-10-28, 03:59:24, 23.5, 49.0
2020-10-28, 03:59:25, 23.5, 49.03
2020-10-28, 03:59:27, 23.5, 49.0
2020-10-28, 03:59:28, 23.5, 49.0
2020-10-28, 03:59:29, 23.5, 49.0
2020-10-28, 03:59:31, 23.5, 49.0
2020-10-28, 03:59:32, 23.48, 48.99
2020-10-28, 03:59:33, 23.49, 49.03
2020-10-28, 03:59:35, 23.5, 49.0
2020-10-28, 03:59:36, 23.5, 49.03
2020-10-28, 03:59:37, 23.49, 49.03
2020-10-28, 03:59:39, 23.5, 49.03
2020-10-28, 03:59:40, 23.51, 49.0
2020-10-28, 03:59:42, 23.49, 49.03
2020-10-28, 03:59:43, 23.5, 49.0
2020-10-28, 03:59:44, 23.5, 49.0
2020-10-28, 03:59:46, 23.5, 49.0
2020-10-28, 03:59:47, 23.5, 49.0
2020-10-28, 03:59:48, 23.5, 49.0
2020-10-28, 03:59:50, 23.49, 48.99
2020-10-28, 03:59:51, 23.51, 49.0
2020-10-28, 03:59:52, 23.52, 49.03
2020-10-28, 03:59:54, 23.5, 49.0
2020-10-28, 03:59:55, 23.49, 48.99
2020-10-28, 03:59:56, 23.5, 49.03
2020-10-28, 03:59:58, 23.5, 49.0
2020-10-28, 03:59:59, 23.5, 49.0
2020-10-28, 04:00:01, 23.5, 49.0
2020-10-28, 04:00:02, 23.5, 49.03
2020-10-28, 04:00:03, 23.5, 49.0
2020-10-28, 04:00:05, 23.51, 49.0
2020-10-28, 04:00:06, 23.51, 49.0
2020-10-28, 04:00:07, 23.51, 49.0
2020-10-28, 04:00:09, 23.52, 49.0
2020-10-28, 04:00:10, 23.52, 49.03
2020-10-28, 04:00:11, 23.5, 49.0
2020-10-28, 04:00:13, 23.51, 49.0
2020-10-28, 04:00:14, 23.51, 48.97
2020-10-28, 04:00:15, 23.52, 49.0
2020-10-28, 04:00:17, 23.5, 48.96
2020-10-28, 04:00:18, 23.51, 49.0
2020-10-28, 04:00:20, 23.51, 48.97
2020-10-28, 04:00:21, 23.5, 49.0
2020-10-28, 04:00:22, 23.51, 49.0
2020-10-28, 04:00:24, 23.52, 48.97
2020-10-28, 04:00:25, 23.49, 48.96
2020-10-28, 04:00:26, 23.51, 48.97
2020-10-28, 04:00:28, 23.51, 48.97
2020-10-28, 04:00:29, 23.51, 48.97
2020-10-28, 04:00:30, 23.52, 48.97
2020-10-28, 04:00:32, 23.5, 48.96
2020-10-28, 04:00:33, 23.5, 48.96
2020-10-28, 04:00:34, 23.52, 48.97
2020-10-28, 04:00:36, 23.51, 48.97
2020-10-28, 04:00:37, 23.51, 48.97
2020-10-28, 04:00:39, 23.5, 48.96
2020-10-28, 04:00:40, 23.51, 48.97
2020-10-28, 04:00:41, 23.51, 48.97
2020-10-28, 04:00:43, 23.52, 48.97
2020-10-28, 04:00:44, 23.52, 48.97
2020-10-28, 04:00:45, 23.51, 48.97
2020-10-28, 04:00:47, 23.5, 48.96
2020-10-28, 04:00:48, 23.51, 48.97
2020-10-28, 04:00:49, 23.51, 48.97
2020-10-28, 04:00:51, 23.52, 48.97
2020-10-28, 04:00:52, 23.53, 48.97
2020-10-28, 04:00:53, 23.53, 48.97
2020-10-28, 04:00:55, 23.53, 48.97
2020-10-28, 04:00:56, 23.53, 48.97
2020-10-28, 04:00:58, 23.52, 48.93
2020-10-28, 04:00:59, 23.53, 48.97
2020-10-28, 04:01:00, 23.53, 48.97
2020-10-28, 04:01:02, 23.53, 48.94
2020-10-28, 04:01:03, 23.54, 48.94
2020-10-28, 04:01:04, 23.54, 48.94
2020-10-28, 04:01:06, 23.54, 48.94
2020-10-28, 04:01:07, 23.53, 48.94
2020-10-28, 04:01:08, 23.53, 48.94
2020-10-28, 04:01:10, 23.52, 48.93
2020-10-28, 04:01:11, 23.52, 48.93
2020-10-28, 04:01:12, 23.53, 48.94
2020-10-28, 04:01:14, 23.54, 48.94
2020-10-28, 04:01:15, 23.52, 48.93
2020-10-28, 04:01:16, 23.54, 48.94
2020-10-28, 04:01:18, 23.53, 48.94
2020-10-28, 04:01:19, 23.53, 48.94
2020-10-28, 04:01:21, 23.53, 48.94
2020-10-28, 04:01:22, 23.53, 48.94
2020-10-28, 04:01:23, 23.53, 48.9
2020-10-28, 04:01:25, 23.54, 48.91
2020-10-28, 04:01:26, 23.52, 48.9
2020-10-28, 04:01:27, 23.54, 48.91
2020-10-28, 04:01:29, 23.53, 48.9
2020-10-28, 04:01:30, 23.55, 48.91
2020-10-28, 04:01:31, 23.54, 48.94
2020-10-28, 04:01:33, 23.53, 48.94
2020-10-28, 04:01:34, 23.54, 48.91
2020-10-28, 04:01:35, 23.54, 48.94
2020-10-28, 04:01:37, 23.53, 48.94
2020-10-28, 04:01:38, 23.55, 48.91
2020-10-28, 04:01:39, 23.54, 48.91
2020-10-28, 04:01:41, 23.54, 48.91
2020-10-28, 04:01:42, 23.55, 48.91
2020-10-28, 04:01:44, 23.54, 48.91
2020-10-28, 04:01:45, 23.54, 48.91
2020-10-28, 04:01:46, 23.54, 48.91
2020-10-28, 04:01:48, 23.54, 48.91
2020-10-28, 04:01:49, 23.55, 48.91
2020-10-28, 04:01:50, 23.52, 48.9
2020-10-28, 04:01:52, 23.53, 48.9
2020-10-28, 04:01:53, 23.54, 48.91
2020-10-28, 04:01:54, 23.54, 48.91
2020-10-28, 04:01:56, 23.54, 48.91
2020-10-28, 04:01:57, 23.54, 48.91
2020-10-28, 04:01:58, 23.54, 48.91
2020-10-28, 04:02:00, 23.54, 48.91
2020-10-28, 04:02:01, 23.53, 48.9
2020-10-28, 04:02:03, 23.54, 48.91
2020-10-28, 04:02:04, 23.54, 48.91
2020-10-28, 04:02:05, 23.53, 48.9
2020-10-28, 04:02:07, 23.54, 48.87
2020-10-28, 04:02:08, 23.53, 48.87
2020-10-28, 04:02:09, 23.54, 48.91
2020-10-28, 04:02:11, 23.54, 48.91
2020-10-28, 04:02:12, 23.54, 48.91
2020-10-28, 04:02:13, 23.54, 48.91
2020-10-28, 04:02:15, 23.53, 48.9
2020-10-28, 04:02:16, 23.53, 48.9
2020-10-28, 04:02:17, 23.54, 48.87
2020-10-28, 04:02:19, 23.53, 48.9
2020-10-28, 04:02:20, 23.54, 48.91
2020-10-28, 04:02:21, 23.54, 48.87
2020-10-28, 04:02:23, 23.54, 48.91
2020-10-28, 04:02:24, 23.53, 48.87
2020-10-28, 04:02:26, 23.52, 48.87
2020-10-28, 04:02:27, 23.54, 48.91
2020-10-28, 04:02:28, 23.53, 48.9
2020-10-28, 04:02:30, 23.52, 48.9
2020-10-28, 04:02:31, 23.52, 48.9
2020-10-28, 04:02:32, 23.54, 48.91
2020-10-28, 04:02:34, 23.53, 48.9
2020-10-28, 04:02:35, 23.54, 48.91
2020-10-28, 04:02:36, 23.54, 48.91
2020-10-28, 04:02:38, 23.54, 48.91
2020-10-28, 04:02:39, 23.54, 48.91
2020-10-28, 04:02:40, 23.52, 48.9
2020-10-28, 04:02:42, 23.53, 48.9
2020-10-28, 04:02:43, 23.54, 48.91
2020-10-28, 04:02:45, 23.54, 48.91
2020-10-28, 04:02:46, 23.53, 48.9
2020-10-28, 04:02:47, 23.54, 48.87
2020-10-28, 04:02:49, 23.53, 48.9
2020-10-28, 04:02:50, 23.53, 48.87
2020-10-28, 04:02:51, 23.52, 48.9
2020-10-28, 04:02:53, 23.53, 48.87
2020-10-28, 04:02:54, 23.52, 48.87
2020-10-28, 04:02:55, 23.52, 48.84
2020-10-28, 04:02:57, 23.52, 48.87
2020-10-28, 04:02:58, 23.51, 48.87
2020-10-28, 04:02:59, 23.52, 48.87
2020-10-28, 04:03:01, 23.52, 48.87
2020-10-28, 04:03:02, 23.52, 48.87
2020-10-28, 04:03:03, 23.52, 48.87
2020-10-28, 04:03:05, 23.52, 48.87
2020-10-28, 04:03:06, 23.53, 48.87
2020-10-28, 04:03:08, 23.53, 48.87
2020-10-28, 04:03:09, 23.52, 48.84
2020-10-28, 04:03:10, 23.53, 48.87
2020-10-28, 04:03:12, 23.54, 48.87
2020-10-28, 04:03:13, 23.52, 48.87
2020-10-28, 04:03:14, 23.53, 48.87
2020-10-28, 04:03:16, 23.51, 48.84
2020-10-28, 04:03:17, 23.52, 48.87
2020-10-28, 04:03:18, 23.53, 48.87
2020-10-28, 04:03:20, 23.52, 48.87
2020-10-28, 04:03:21, 23.52, 48.84
2020-10-28, 04:03:22, 23.51, 48.84
2020-10-28, 04:03:24, 23.52, 48.84
2020-10-28, 04:03:25, 23.52, 48.84
2020-10-28, 04:03:26, 23.51, 48.87
2020-10-28, 04:03:28, 23.51, 48.84
2020-10-28, 04:03:29, 23.52, 48.87
2020-10-28, 04:03:31, 23.52, 48.87
2020-10-28, 04:03:32, 23.52, 48.87
2020-10-28, 04:03:33, 23.52, 48.87
2020-10-28, 04:03:35, 23.52, 48.87
2020-10-28, 04:03:36, 23.52, 48.9
2020-10-28, 04:03:37, 23.52, 48.9
2020-10-28, 04:03:39, 23.52, 48.87
2020-10-28, 04:03:40, 23.52, 48.9
2020-10-28, 04:03:41, 23.53, 48.9
2020-10-28, 04:03:43, 23.52, 48.9
2020-10-28, 04:03:44, 23.52, 48.9
2020-10-28, 04:03:45, 23.53, 48.9
2020-10-28, 04:03:47, 23.53, 48.87
2020-10-28, 04:03:48, 23.53, 48.9
2020-10-28, 04:03:50, 23.53, 48.87
2020-10-28, 04:03:51, 23.52, 48.84
2020-10-28, 04:03:52, 23.52, 48.87
2020-10-28, 04:03:54, 23.54, 48.84
2020-10-28, 04:03:55, 23.55, 48.87
2020-10-28, 04:03:56, 23.54, 48.87
2020-10-28, 04:03:58, 23.54, 48.87
2020-10-28, 04:03:59, 23.54, 48.84
2020-10-28, 04:04:00, 23.55, 48.84
2020-10-28, 04:04:02, 23.56, 48.84
2020-10-28, 04:04:03, 23.52, 48.87
2020-10-28, 04:04:04, 23.54, 48.84
2020-10-28, 04:04:06, 23.54, 48.84
2020-10-28, 04:04:07, 23.56, 48.84
2020-10-28, 04:04:09, 23.56, 48.84
2020-10-28, 04:04:10, 23.55, 48.84
2020-10-28, 04:04:11, 23.54, 48.84
2020-10-28, 04:04:13, 23.54, 48.84
2020-10-28, 04:04:14, 23.54, 48.84
2020-10-28, 04:04:15, 23.54, 48.84
2020-10-28, 04:04:17, 23.54, 48.84
2020-10-28, 04:04:18, 23.54, 48.84
2020-10-28, 04:04:19, 23.56, 48.84
2020-10-28, 04:04:21, 23.55, 48.81
2020-10-28, 04:04:22, 23.55, 48.81
2020-10-28, 04:04:23, 23.54, 48.84
2020-10-28, 04:04:25, 23.55, 48.84
2020-10-28, 04:04:26, 23.56, 48.81
2020-10-28, 04:04:27, 23.55, 48.81
2020-10-28, 04:04:29, 23.57, 48.81
2020-10-28, 04:04:30, 23.56, 48.78
2020-10-28, 04:04:32, 23.56, 48.81
2020-10-28, 04:04:33, 23.54, 48.81
2020-10-28, 04:04:34, 23.55, 48.81
2020-10-28, 04:04:36, 23.55, 48.81
2020-10-28, 04:04:37, 23.55, 48.81
2020-10-28, 04:04:38, 23.54, 48.81
2020-10-28, 04:04:40, 23.54, 48.81
2020-10-28, 04:04:41, 23.56, 48.81
2020-10-28, 04:04:42, 23.56, 48.81
2020-10-28, 04:04:44, 23.55, 48.78
2020-10-28, 04:04:45, 23.56, 48.81
2020-10-28, 04:04:46, 23.55, 48.81
2020-10-28, 04:04:48, 23.56, 48.81
2020-10-28, 04:04:49, 23.56, 48.81
2020-10-28, 04:04:51, 23.56, 48.78
2020-10-28, 04:04:52, 23.55, 48.78
2020-10-28, 04:04:53, 23.56, 48.81
2020-10-28, 04:04:55, 23.56, 48.78
2020-10-28, 04:04:56, 23.57, 48.78
2020-10-28, 04:04:57, 23.56, 48.81
2020-10-28, 04:04:59, 23.56, 48.78
2020-10-28, 04:05:00, 23.57, 48.81
2020-10-28, 04:05:01, 23.56, 48.78
2020-10-28, 04:05:03, 23.57, 48.78
2020-10-28, 04:05:04, 23.56, 48.78
2020-10-28, 04:05:05, 23.57, 48.78
2020-10-28, 04:05:07, 23.57, 48.78
2020-10-28, 04:05:08, 23.56, 48.78
2020-10-28, 04:05:09, 23.57, 48.78
2020-10-28, 04:05:11, 23.56, 48.75
2020-10-28, 04:05:12, 23.57, 48.78
2020-10-28, 04:05:14, 23.58, 48.78
2020-10-28, 04:05:15, 23.57, 48.75
2020-10-28, 04:05:16, 23.57, 48.75
2020-10-28, 04:05:18, 23.57, 48.78
2020-10-28, 04:05:19, 23.58, 48.75
2020-10-28, 04:05:20, 23.56, 48.75
2020-10-28, 04:05:22, 23.57, 48.75
2020-10-28, 04:05:23, 23.58, 48.78
2020-10-28, 04:05:24, 23.58, 48.75
2020-10-28, 04:05:26, 23.58, 48.75
2020-10-28, 04:05:27, 23.58, 48.75
2020-10-28, 04:05:28, 23.58, 48.75
2020-10-28, 04:05:30, 23.58, 48.75
2020-10-28, 04:05:31, 23.58, 48.75
2020-10-28, 04:05:33, 23.58, 48.78
2020-10-28, 04:05:34, 23.58, 48.75
2020-10-28, 04:05:35, 23.59, 48.75
2020-10-28, 04:05:37, 23.58, 48.75
2020-10-28, 04:05:38, 23.59, 48.75
2020-10-28, 04:05:39, 23.58, 48.72
2020-10-28, 04:05:41, 23.58, 48.75
2020-10-28, 04:05:42, 23.56, 48.72
2020-10-28, 04:05:43, 23.58, 48.75
2020-10-28, 04:05:45, 23.58, 48.72
2020-10-28, 04:05:46, 23.58, 48.72
2020-10-28, 04:05:47, 23.58, 48.72
2020-10-28, 04:05:49, 23.6, 48.72
2020-10-28, 04:05:50, 23.58, 48.72
2020-10-28, 04:05:52, 23.59, 48.72
2020-10-28, 04:05:53, 23.59, 48.72
2020-10-28, 04:05:54, 23.56, 48.72
2020-10-28, 04:05:56, 23.58, 48.72
2020-10-28, 04:05:57, 23.57, 48.72
2020-10-28, 04:05:58, 23.59, 48.72
2020-10-28, 04:06:00, 23.58, 48.72
2020-10-28, 04:06:01, 23.59, 48.72
2020-10-28, 04:06:02, 23.59, 48.72
2020-10-28, 04:06:04, 23.59, 48.69
2020-10-28, 04:06:05, 23.59, 48.69
2020-10-28, 04:06:07, 23.6, 48.72
2020-10-28, 04:06:08, 23.6, 48.72
2020-10-28, 04:06:09, 23.6, 48.69
2020-10-28, 04:06:11, 23.59, 48.69
2020-10-28, 04:06:12, 23.57, 48.69
2020-10-28, 04:06:13, 23.58, 48.66
2020-10-28, 04:06:15, 23.59, 48.66
2020-10-28, 04:06:16, 23.59, 48.69
2020-10-28, 04:06:17, 23.58, 48.69
2020-10-28, 04:06:19, 23.6, 48.69
2020-10-28, 04:06:20, 23.6, 48.69
2020-10-28, 04:06:21, 23.61, 48.69
2020-10-28, 04:06:23, 23.6, 48.69
2020-10-28, 04:06:24, 23.6, 48.66
2020-10-28, 04:06:26, 23.6, 48.66
2020-10-28, 04:06:27, 23.61, 48.69
2020-10-28, 04:06:28, 23.6, 48.66
2020-10-28, 04:06:30, 23.6, 48.66
2020-10-28, 04:06:31, 23.6, 48.66
2020-10-28, 04:06:32, 23.59, 48.66
2020-10-28, 04:06:34, 23.61, 48.66
2020-10-28, 04:06:35, 23.6, 48.66
2020-10-28, 04:06:36, 23.6, 48.66
2020-10-28, 04:06:38, 23.62, 48.66
2020-10-28, 04:06:39, 23.62, 48.66
2020-10-28, 04:06:40, 23.61, 48.66
2020-10-28, 04:06:42, 23.62, 48.66
2020-10-28, 04:06:43, 23.6, 48.63
2020-10-28, 04:06:44, 23.61, 48.63
2020-10-28, 04:06:46, 23.62, 48.66
2020-10-28, 04:06:47, 23.62, 48.63
2020-10-28, 04:06:49, 23.62, 48.63
2020-10-28, 04:06:50, 23.62, 48.63
2020-10-28, 04:06:51, 23.61, 48.63
2020-10-28, 04:06:53, 23.62, 48.63
2020-10-28, 04:06:54, 23.63, 48.6
2020-10-28, 04:06:55, 23.62, 48.63
2020-10-28, 04:06:57, 23.6, 48.63
2020-10-28, 04:06:58, 23.61, 48.63
2020-10-28, 04:06:59, 23.61, 48.63
2020-10-28, 04:07:01, 23.63, 48.63
2020-10-28, 04:07:02, 23.62, 48.63
2020-10-28, 04:07:03, 23.63, 48.63
2020-10-28, 04:07:05, 23.62, 48.63
2020-10-28, 04:07:06, 23.63, 48.63
2020-10-28, 04:07:08, 23.63, 48.63
2020-10-28, 04:07:09, 23.62, 48.63
2020-10-28, 04:07:10, 23.62, 48.63
2020-10-28, 04:07:12, 23.63, 48.63
2020-10-28, 04:07:13, 23.62, 48.6
2020-10-28, 04:07:14, 23.62, 48.63
2020-10-28, 04:07:16, 23.63, 48.63
2020-10-28, 04:07:17, 23.64, 48.6
2020-10-28, 04:07:18, 23.64, 48.6
2020-10-28, 04:07:20, 23.62, 48.6
2020-10-28, 04:07:21, 23.64, 48.6
2020-10-28, 04:07:22, 23.64, 48.6
2020-10-28, 04:07:24, 23.64, 48.6
2020-10-28, 04:07:25, 23.64, 48.57
2020-10-28, 04:07:27, 23.63, 48.6
2020-10-28, 04:07:28, 23.65, 48.57
2020-10-28, 04:07:29, 23.65, 48.57
2020-10-28, 04:07:31, 23.63, 48.57
2020-10-28, 04:07:32, 23.62, 48.57
2020-10-28, 04:07:33, 23.64, 48.57
2020-10-28, 04:07:35, 23.64, 48.54
2020-10-28, 04:07:36, 23.63, 48.57
2020-10-28, 04:07:37, 23.62, 48.57
2020-10-28, 04:07:39, 23.62, 48.53
2020-10-28, 04:07:40, 23.63, 48.57
2020-10-28, 04:07:41, 23.63, 48.53
2020-10-28, 04:07:43, 23.63, 48.53
2020-10-28, 04:07:44, 23.63, 48.53
2020-10-28, 04:07:46, 23.64, 48.57
2020-10-28, 04:07:47, 23.64, 48.54
2020-10-28, 04:07:48, 23.64, 48.54
2020-10-28, 04:07:50, 23.62, 48.53
2020-10-28, 04:07:51, 23.64, 48.54
2020-10-28, 04:07:52, 23.63, 48.53
2020-10-28, 04:07:54, 23.64, 48.54
2020-10-28, 04:07:55, 23.65, 48.54
2020-10-28, 04:07:56, 23.65, 48.54
2020-10-28, 04:07:58, 23.63, 48.53
2020-10-28, 04:07:59, 23.64, 48.54
2020-10-28, 04:08:00, 23.64, 48.54
2020-10-28, 04:08:02, 23.65, 48.54
2020-10-28, 04:08:03, 23.64, 48.54
2020-10-28, 04:08:04, 23.62, 48.53
2020-10-28, 04:08:06, 23.64, 48.5
2020-10-28, 04:08:07, 23.64, 48.54
2020-10-28, 04:08:09, 23.65, 48.54
2020-10-28, 04:08:10, 23.64, 48.54
2020-10-28, 04:08:11, 23.64, 48.54
2020-10-28, 04:08:13, 23.64, 48.54
2020-10-28, 04:08:14, 23.64, 48.54
2020-10-28, 04:08:15, 23.64, 48.54
2020-10-28, 04:08:17, 23.64, 48.5
2020-10-28, 04:08:18, 23.64, 48.54
2020-10-28, 04:08:19, 23.65, 48.54
2020-10-28, 04:08:21, 23.64, 48.54
2020-10-28, 04:08:22, 23.63, 48.5
2020-10-28, 04:08:23, 23.64, 48.5
2020-10-28, 04:08:25, 23.64, 48.54
2020-10-28, 04:08:26, 23.63, 48.5
2020-10-28, 04:08:28, 23.64, 48.5
2020-10-28, 04:08:29, 23.64, 48.54
2020-10-28, 04:08:30, 23.65, 48.51
2020-10-28, 04:08:32, 23.64, 48.5
2020-10-28, 04:08:33, 23.64, 48.5
2020-10-28, 04:08:34, 23.64, 48.5
2020-10-28, 04:08:36, 23.66, 48.51
2020-10-28, 04:08:37, 23.66, 48.47
2020-10-28, 04:08:38, 23.65, 48.51
2020-10-28, 04:08:40, 23.66, 48.51
2020-10-28, 04:08:41, 23.65, 48.51
2020-10-28, 04:08:42, 23.65, 48.51
2020-10-28, 04:08:44, 23.65, 48.51
2020-10-28, 04:08:45, 23.65, 48.51
2020-10-28, 04:08:46, 23.65, 48.51
2020-10-28, 04:08:48, 23.64, 48.5
2020-10-28, 04:08:49, 23.65, 48.51
2020-10-28, 04:08:51, 23.64, 48.5
2020-10-28, 04:08:52, 23.64, 48.5
2020-10-28, 04:08:53, 23.64, 48.5
2020-10-28, 04:08:55, 23.65, 48.51
2020-10-28, 04:08:56, 23.65, 48.51
2020-10-28, 04:08:57, 23.65, 48.51
2020-10-28, 04:08:59, 23.66, 48.51
2020-10-28, 04:09:00, 23.65, 48.51
2020-10-28, 04:09:01, 23.65, 48.54
2020-10-28, 04:09:03, 23.66, 48.54
2020-10-28, 04:09:04, 23.64, 48.5
2020-10-28, 04:09:05, 23.65, 48.51
2020-10-28, 04:09:07, 23.65, 48.54
2020-10-28, 04:09:08, 23.65, 48.51
2020-10-28, 04:09:10, 23.64, 48.5
2020-10-28, 04:09:11, 23.65, 48.51
2020-10-28, 04:09:12, 23.66, 48.51
2020-10-28, 04:09:14, 23.64, 48.5
2020-10-28, 04:09:15, 23.64, 48.5
2020-10-28, 04:09:16, 23.64, 48.5
2020-10-28, 04:09:18, 23.64, 48.5
2020-10-28, 04:09:19, 23.64, 48.5
2020-10-28, 04:09:20, 23.64, 48.5
2020-10-28, 04:09:22, 23.65, 48.51
2020-10-28, 04:09:23, 23.64, 48.5
2020-10-28, 04:09:24, 23.64, 48.47
2020-10-28, 04:09:26, 23.65, 48.51
2020-10-28, 04:09:27, 23.64, 48.47
2020-10-28, 04:09:29, 23.65, 48.51
2020-10-28, 04:09:30, 23.64, 48.47
2020-10-28, 04:09:31, 23.63, 48.47
2020-10-28, 04:09:33, 23.66, 48.47
2020-10-28, 04:09:34, 23.64, 48.5
2020-10-28, 04:09:35, 23.64, 48.47
2020-10-28, 04:09:37, 23.64, 48.47
2020-10-28, 04:09:38, 23.64, 48.47
2020-10-28, 04:09:39, 23.64, 48.47
2020-10-28, 04:09:41, 23.65, 48.47
2020-10-28, 04:09:42, 23.66, 48.47
2020-10-28, 04:09:43, 23.66, 48.47
2020-10-28, 04:09:45, 23.65, 48.51
2020-10-28, 04:09:46, 23.66, 48.51
2020-10-28, 04:09:48, 23.65, 48.51
2020-10-28, 04:09:49, 23.64, 48.5
2020-10-28, 04:09:50, 23.64, 48.5
2020-10-28, 04:09:52, 23.65, 48.51
2020-10-28, 04:09:53, 23.65, 48.51
2020-10-28, 04:09:54, 23.65, 48.51
2020-10-28, 04:09:56, 23.64, 48.5
2020-10-28, 04:09:57, 23.64, 48.5
2020-10-28, 04:09:58, 23.63, 48.5
2020-10-28, 04:10:00, 23.63, 48.5
2020-10-28, 04:10:01, 23.64, 48.5
2020-10-28, 04:10:02, 23.64, 48.5
2020-10-28, 04:10:04, 23.64, 48.54
2020-10-28, 04:10:05, 23.64, 48.54
2020-10-28, 04:10:07, 23.63, 48.5
2020-10-28, 04:10:08, 23.64, 48.54
2020-10-28, 04:10:09, 23.64, 48.54
2020-10-28, 04:10:11, 23.64, 48.5
2020-10-28, 04:10:12, 23.65, 48.54
2020-10-28, 04:10:13, 23.64, 48.54
2020-10-28, 04:10:15, 23.64, 48.54
2020-10-28, 04:10:16, 23.64, 48.5
2020-10-28, 04:10:17, 23.64, 48.5
2020-10-28, 04:10:19, 23.66, 48.54
2020-10-28, 04:10:20, 23.64, 48.5
2020-10-28, 04:10:21, 23.64, 48.54
2020-10-28, 04:10:23, 23.64, 48.54
2020-10-28, 04:10:24, 23.65, 48.51
2020-10-28, 04:10:25, 23.64, 48.5
2020-10-28, 04:10:27, 23.65, 48.51
2020-10-28, 04:10:28, 23.64, 48.5
2020-10-28, 04:10:30, 23.65, 48.51
2020-10-28, 04:10:31, 23.65, 48.54
2020-10-28, 04:10:32, 23.64, 48.54
2020-10-28, 04:10:34, 23.64, 48.54
2020-10-28, 04:10:35, 23.66, 48.54
2020-10-28, 04:10:36, 23.64, 48.5
2020-10-28, 04:10:38, 23.64, 48.54
2020-10-28, 04:10:39, 23.64, 48.5
2020-10-28, 04:10:40, 23.63, 48.5
2020-10-28, 04:10:42, 23.66, 48.51
2020-10-28, 04:10:43, 23.64, 48.5
2020-10-28, 04:10:44, 23.64, 48.54
2020-10-28, 04:10:46, 23.64, 48.5
2020-10-28, 04:10:47, 23.62, 48.5
2020-10-28, 04:10:48, 23.65, 48.54
2020-10-28, 04:10:50, 23.65, 48.51
2020-10-28, 04:10:51, 23.66, 48.54
2020-10-28, 04:10:53, 23.64, 48.54
2020-10-28, 04:10:54, 23.64, 48.54
2020-10-28, 04:10:55, 23.64, 48.54
2020-10-28, 04:10:57, 23.65, 48.54
2020-10-28, 04:10:58, 23.65, 48.54
2020-10-28, 04:10:59, 23.65, 48.54
2020-10-28, 04:11:01, 23.64, 48.54
2020-10-28, 04:11:02, 23.64, 48.54
2020-10-28, 04:11:03, 23.64, 48.54
2020-10-28, 04:11:05, 23.64, 48.54
2020-10-28, 04:11:06, 23.64, 48.54
2020-10-28, 04:11:08, 23.65, 48.54
2020-10-28, 04:11:09, 23.65, 48.54
2020-10-28, 04:11:10, 23.65, 48.54
2020-10-28, 04:11:12, 23.64, 48.54
2020-10-28, 04:11:13, 23.64, 48.54
2020-10-28, 04:11:14, 23.64, 48.54
2020-10-28, 04:11:16, 23.64, 48.54
2020-10-28, 04:11:17, 23.64, 48.54
2020-10-28, 04:11:18, 23.64, 48.54
2020-10-28, 04:11:20, 23.65, 48.54
2020-10-28, 04:11:21, 23.64, 48.54
2020-10-28, 04:11:22, 23.64, 48.54
2020-10-28, 04:11:24, 23.65, 48.54
2020-10-28, 04:11:25, 23.65, 48.54
2020-10-28, 04:11:26, 23.64, 48.54
2020-10-28, 04:11:28, 23.66, 48.54
2020-10-28, 04:11:29, 23.65, 48.54
2020-10-28, 04:11:31, 23.65, 48.54
2020-10-28, 04:11:32, 23.66, 48.54
2020-10-28, 04:11:33, 23.66, 48.54
2020-10-28, 04:11:35, 23.64, 48.54
2020-10-28, 04:11:36, 23.66, 48.54
2020-10-28, 04:11:37, 23.66, 48.54
2020-10-28, 04:11:39, 23.66, 48.54
2020-10-28, 04:11:40, 23.65, 48.54
2020-10-28, 04:11:41, 23.66, 48.57
2020-10-28, 04:11:43, 23.66, 48.54
2020-10-28, 04:11:44, 23.65, 48.57
2020-10-28, 04:11:45, 23.65, 48.54
2020-10-28, 04:11:47, 23.68, 48.54
2020-10-28, 04:11:48, 23.66, 48.57
2020-10-28, 04:11:50, 23.65, 48.54
2020-10-28, 04:11:51, 23.64, 48.57
2020-10-28, 04:11:52, 23.65, 48.57
2020-10-28, 04:11:54, 23.65, 48.57
2020-10-28, 04:11:55, 23.66, 48.57
2020-10-28, 04:11:56, 23.65, 48.6
2020-10-28, 04:11:58, 23.65, 48.6
2020-10-28, 04:11:59, 23.64, 48.6
2020-10-28, 04:12:00, 23.66, 48.6
2020-10-28, 04:12:02, 23.66, 48.6
2020-10-28, 04:12:03, 23.66, 48.6
2020-10-28, 04:12:04, 23.65, 48.63
2020-10-28, 04:12:06, 23.67, 48.6
2020-10-28, 04:12:07, 23.66, 48.6
2020-10-28, 04:12:09, 23.66, 48.63
2020-10-28, 04:12:10, 23.65, 48.63
2020-10-28, 04:12:11, 23.64, 48.63
2020-10-28, 04:12:13, 23.66, 48.6
2020-10-28, 04:12:14, 23.66, 48.63
2020-10-28, 04:12:15, 23.67, 48.64
2020-10-28, 04:12:17, 23.66, 48.63
2020-10-28, 04:12:18, 23.66, 48.63
2020-10-28, 04:12:19, 23.66, 48.63
2020-10-28, 04:12:21, 23.66, 48.6
2020-10-28, 04:12:22, 23.66, 48.6
2020-10-28, 04:12:23, 23.67, 48.6
2020-10-28, 04:12:25, 23.66, 48.6
2020-10-28, 04:12:26, 23.66, 48.6
2020-10-28, 04:12:28, 23.67, 48.6
2020-10-28, 04:12:29, 23.65, 48.6
2020-10-28, 04:12:30, 23.66, 48.6
2020-10-28, 04:12:32, 23.65, 48.6
2020-10-28, 04:12:33, 23.66, 48.6
2020-10-28, 04:12:34, 23.65, 48.63
2020-10-28, 04:12:36, 23.65, 48.6
2020-10-28, 04:12:37, 23.65, 48.66
2020-10-28, 04:12:38, 23.66, 48.67
2020-10-28, 04:12:40, 23.66, 48.67
2020-10-28, 04:12:41, 23.64, 48.66
2020-10-28, 04:12:42, 23.64, 48.66
2020-10-28, 04:12:44, 23.66, 48.67
2020-10-28, 04:12:45, 23.66, 48.67
2020-10-28, 04:12:47, 23.66, 48.67
2020-10-28, 04:12:48, 23.66, 48.67
2020-10-28, 04:12:49, 23.65, 48.66
2020-10-28, 04:12:51, 23.65, 48.66
2020-10-28, 04:12:52, 23.65, 48.63
2020-10-28, 04:12:53, 23.64, 48.66
2020-10-28, 04:12:55, 23.65, 48.66
2020-10-28, 04:12:56, 23.66, 48.63
2020-10-28, 04:12:57, 23.65, 48.66
2020-10-28, 04:12:59, 23.65, 48.66
2020-10-28, 04:13:00, 23.66, 48.67
2020-10-28, 04:13:01, 23.64, 48.66
2020-10-28, 04:13:03, 23.64, 48.7
2020-10-28, 04:13:04, 23.64, 48.66
2020-10-28, 04:13:06, 23.65, 48.66
2020-10-28, 04:13:07, 23.65, 48.66
2020-10-28, 04:13:08, 23.64, 48.7
2020-10-28, 04:13:10, 23.65, 48.66
2020-10-28, 04:13:11, 23.66, 48.67
2020-10-28, 04:13:12, 23.63, 48.66
2020-10-28, 04:13:14, 23.65, 48.66
2020-10-28, 04:13:15, 23.66, 48.67
2020-10-28, 04:13:16, 23.66, 48.67
2020-10-28, 04:13:18, 23.66, 48.67
2020-10-28, 04:13:19, 23.66, 48.67
2020-10-28, 04:13:20, 23.65, 48.66
2020-10-28, 04:13:22, 23.66, 48.67
2020-10-28, 04:13:23, 23.66, 48.67
2020-10-28, 04:13:25, 23.66, 48.67
2020-10-28, 04:13:26, 23.64, 48.66
2020-10-28, 04:13:27, 23.65, 48.7
2020-10-28, 04:13:29, 23.65, 48.73
2020-10-28, 04:13:30, 23.66, 48.73
2020-10-28, 04:13:31, 23.66, 48.73
2020-10-28, 04:13:33, 23.66, 48.73
2020-10-28, 04:13:34, 23.65, 48.7
2020-10-28, 04:13:35, 23.66, 48.7
2020-10-28, 04:13:37, 23.65, 48.73
2020-10-28, 04:13:38, 23.65, 48.73
2020-10-28, 04:13:39, 23.66, 48.7
2020-10-28, 04:13:41, 23.67, 48.73
2020-10-28, 04:13:42, 23.66, 48.7
2020-10-28, 04:13:44, 23.66, 48.73
2020-10-28, 04:13:45, 23.66, 48.73
2020-10-28, 04:13:46, 23.66, 48.73
2020-10-28, 04:13:48, 23.66, 48.73
2020-10-28, 04:13:49, 23.66, 48.73
2020-10-28, 04:13:50, 23.66, 48.73
2020-10-28, 04:13:52, 23.65, 48.73
2020-10-28, 04:13:53, 23.65, 48.73
2020-10-28, 04:13:54, 23.66, 48.73
2020-10-28, 04:13:56, 23.66, 48.73
2020-10-28, 04:13:57, 23.66, 48.73
2020-10-28, 04:13:58, 23.66, 48.73
2020-10-28, 04:14:00, 23.66, 48.7
2020-10-28, 04:14:01, 23.65, 48.76
2020-10-28, 04:14:02, 23.67, 48.73
2020-10-28, 04:14:04, 23.66, 48.73
2020-10-28, 04:14:05, 23.66, 48.73
2020-10-28, 04:14:07, 23.66, 48.73
2020-10-28, 04:14:08, 23.66, 48.73
2020-10-28, 04:14:09, 23.67, 48.73
2020-10-28, 04:14:11, 23.66, 48.73
2020-10-28, 04:14:12, 23.67, 48.73
2020-10-28, 04:14:13, 23.66, 48.73
2020-10-28, 04:14:15, 23.65, 48.73
2020-10-28, 04:14:16, 23.66, 48.73
2020-10-28, 04:14:17, 23.66, 48.73
2020-10-28, 04:14:19, 23.66, 48.73
2020-10-28, 04:14:20, 23.66, 48.73
2020-10-28, 04:14:21, 23.66, 48.73
2020-10-28, 04:14:23, 23.66, 48.73
2020-10-28, 04:14:24, 23.66, 48.7
2020-10-28, 04:14:26, 23.65, 48.73
2020-10-28, 04:14:27, 23.67, 48.7
2020-10-28, 04:14:28, 23.66, 48.73
2020-10-28, 04:14:30, 23.66, 48.73
2020-10-28, 04:14:31, 23.67, 48.7
2020-10-28, 04:14:32, 23.66, 48.73
2020-10-28, 04:14:34, 23.66, 48.73
2020-10-28, 04:14:35, 23.66, 48.73
2020-10-28, 04:14:36, 23.66, 48.73
2020-10-28, 04:14:38, 23.66, 48.73
2020-10-28, 04:14:39, 23.66, 48.73
2020-10-28, 04:14:40, 23.67, 48.73
2020-10-28, 04:14:42, 23.66, 48.73
2020-10-28, 04:14:43, 23.68, 48.73
2020-10-28, 04:14:45, 23.68, 48.73
2020-10-28, 04:14:46, 23.68, 48.73
2020-10-28, 04:14:47, 23.67, 48.73
2020-10-28, 04:14:49, 23.68, 48.73
2020-10-28, 04:14:50, 23.67, 48.73
2020-10-28, 04:14:51, 23.68, 48.76
2020-10-28, 04:14:53, 23.68, 48.76
2020-10-28, 04:14:54, 23.68, 48.76
2020-10-28, 04:14:55, 23.7, 48.77
2020-10-28, 04:14:57, 23.67, 48.76
2020-10-28, 04:14:58, 23.68, 48.76
2020-10-28, 04:14:59, 23.69, 48.77
2020-10-28, 04:15:01, 23.68, 48.76
2020-10-28, 04:15:02, 23.67, 48.76
2020-10-28, 04:15:03, 23.68, 48.8
2020-10-28, 04:15:05, 23.67, 48.76
2020-10-28, 04:15:06, 23.68, 48.73
2020-10-28, 04:15:08, 23.69, 48.77
2020-10-28, 04:15:09, 23.66, 48.73
2020-10-28, 04:15:10, 23.68, 48.76
2020-10-28, 04:15:12, 23.67, 48.73
2020-10-28, 04:15:13, 23.67, 48.73
2020-10-28, 04:15:14, 23.67, 48.73
2020-10-28, 04:15:16, 23.68, 48.76
2020-10-28, 04:15:17, 23.67, 48.76
2020-10-28, 04:15:18, 23.68, 48.76
2020-10-28, 04:15:20, 23.68, 48.76
2020-10-28, 04:15:21, 23.68, 48.76
2020-10-28, 04:15:22, 23.66, 48.76
2020-10-28, 04:15:24, 23.68, 48.8
2020-10-28, 04:15:25, 23.66, 48.76
2020-10-28, 04:15:27, 23.68, 48.76
2020-10-28, 04:15:28, 23.67, 48.79
2020-10-28, 04:15:29, 23.68, 48.8
2020-10-28, 04:15:31, 23.68, 48.8
2020-10-28, 04:15:32, 23.67, 48.79
2020-10-28, 04:15:33, 23.67, 48.79
2020-10-28, 04:15:35, 23.67, 48.79
2020-10-28, 04:15:36, 23.66, 48.79
2020-10-28, 04:15:37, 23.67, 48.79
2020-10-28, 04:15:39, 23.68, 48.8
2020-10-28, 04:15:40, 23.68, 48.8
2020-10-28, 04:15:41, 23.68, 48.83
2020-10-28, 04:15:43, 23.68, 48.8
2020-10-28, 04:15:44, 23.68, 48.8
2020-10-28, 04:15:46, 23.67, 48.79
2020-10-28, 04:15:47, 23.68, 48.8
2020-10-28, 04:15:48, 23.67, 48.79
2020-10-28, 04:15:50, 23.67, 48.79
2020-10-28, 04:15:51, 23.68, 48.8
2020-10-28, 04:15:52, 23.68, 48.8
2020-10-28, 04:15:54, 23.67, 48.79
2020-10-28, 04:15:55, 23.67, 48.79
2020-10-28, 04:15:56, 23.67, 48.79
2020-10-28, 04:15:58, 23.68, 48.8
2020-10-28, 04:15:59, 23.68, 48.8
2020-10-28, 04:16:00, 23.68, 48.8
2020-10-28, 04:16:02, 23.68, 48.83
2020-10-28, 04:16:03, 23.68, 48.8
2020-10-28, 04:16:05, 23.69, 48.8
2020-10-28, 04:16:06, 23.68, 48.8
2020-10-28, 04:16:07, 23.68, 48.8
2020-10-28, 04:16:09, 23.68, 48.8
2020-10-28, 04:16:10, 23.68, 48.8
2020-10-28, 04:16:11, 23.68, 48.8
2020-10-28, 04:16:13, 23.68, 48.8
2020-10-28, 04:16:14, 23.68, 48.8
2020-10-28, 04:16:15, 23.68, 48.83
2020-10-28, 04:16:17, 23.68, 48.83
2020-10-28, 04:16:18, 23.68, 48.83
2020-10-28, 04:16:19, 23.66, 48.79
2020-10-28, 04:16:21, 23.68, 48.83
2020-10-28, 04:16:22, 23.68, 48.86
2020-10-28, 04:16:24, 23.67, 48.79
2020-10-28, 04:16:25, 23.67, 48.83
2020-10-28, 04:16:26, 23.68, 48.83
2020-10-28, 04:16:28, 23.69, 48.83
2020-10-28, 04:16:29, 23.68, 48.83
2020-10-28, 04:16:30, 23.68, 48.83
2020-10-28, 04:16:32, 23.69, 48.83
2020-10-28, 04:16:33, 23.7, 48.8
2020-10-28, 04:16:34, 23.68, 48.83
2020-10-28, 04:16:36, 23.67, 48.83
2020-10-28, 04:16:37, 23.68, 48.83
2020-10-28, 04:16:39, 23.69, 48.83
2020-10-28, 04:16:40, 23.69, 48.83
2020-10-28, 04:16:41, 23.68, 48.83
2020-10-28, 04:16:43, 23.68, 48.86
2020-10-28, 04:16:44, 23.68, 48.86
2020-10-28, 04:16:45, 23.7, 48.86
2020-10-28, 04:16:47, 23.68, 48.83
2020-10-28, 04:16:48, 23.69, 48.86
2020-10-28, 04:16:49, 23.67, 48.86
2020-10-28, 04:16:51, 23.67, 48.86
2020-10-28, 04:16:52, 23.69, 48.86
2020-10-28, 04:16:53, 23.69, 48.83
2020-10-28, 04:16:55, 23.68, 48.83
2020-10-28, 04:16:56, 23.69, 48.83
2020-10-28, 04:16:57, 23.69, 48.86
2020-10-28, 04:16:59, 23.68, 48.86
2020-10-28, 04:17:00, 23.68, 48.83
2020-10-28, 04:17:02, 23.68, 48.86
2020-10-28, 04:17:03, 23.68, 48.86
2020-10-28, 04:17:04, 23.68, 48.86
2020-10-28, 04:17:06, 23.69, 48.89
2020-10-28, 04:17:07, 23.7, 48.86
2020-10-28, 04:17:08, 23.69, 48.86
2020-10-28, 04:17:10, 23.7, 48.86
2020-10-28, 04:17:11, 23.69, 48.83
2020-10-28, 04:17:12, 23.7, 48.86
2020-10-28, 04:17:14, 23.69, 48.86
2020-10-28, 04:17:15, 23.66, 48.86
2020-10-28, 04:17:17, 23.67, 48.86
2020-10-28, 04:17:18, 23.69, 48.86
2020-10-28, 04:17:19, 23.67, 48.86
2020-10-28, 04:17:21, 23.68, 48.83
2020-10-28, 04:17:22, 23.68, 48.86
2020-10-28, 04:17:23, 23.68, 48.86
2020-10-28, 04:17:25, 23.69, 48.86
2020-10-28, 04:17:26, 23.68, 48.86
2020-10-28, 04:17:27, 23.69, 48.86
2020-10-28, 04:17:29, 23.69, 48.86
2020-10-28, 04:17:30, 23.68, 48.86
2020-10-28, 04:17:31, 23.7, 48.86
2020-10-28, 04:17:33, 23.68, 48.83
2020-10-28, 04:17:34, 23.69, 48.86
2020-10-28, 04:17:35, 23.69, 48.86
2020-10-28, 04:17:37, 23.69, 48.86
2020-10-28, 04:17:38, 23.7, 48.86
2020-10-28, 04:17:40, 23.7, 48.86
2020-10-28, 04:17:41, 23.69, 48.83
2020-10-28, 04:17:42, 23.7, 48.86
2020-10-28, 04:17:44, 23.68, 48.86
2020-10-28, 04:17:45, 23.7, 48.83
2020-10-28, 04:17:46, 23.7, 48.86
2020-10-28, 04:17:48, 23.68, 48.86
2020-10-28, 04:17:49, 23.69, 48.86
2020-10-28, 04:17:50, 23.69, 48.86
2020-10-28, 04:17:52, 23.69, 48.86
2020-10-28, 04:17:53, 23.69, 48.86
2020-10-28, 04:17:54, 23.69, 48.86
2020-10-28, 04:17:56, 23.69, 48.86
2020-10-28, 04:17:57, 23.68, 48.86
2020-10-28, 04:17:59, 23.68, 48.86
2020-10-28, 04:18:00, 23.69, 48.86
2020-10-28, 04:18:01, 23.68, 48.86
2020-10-28, 04:18:03, 23.69, 48.86
2020-10-28, 04:18:04, 23.7, 48.86
2020-10-28, 04:18:05, 23.69, 48.86
2020-10-28, 04:18:07, 23.7, 48.86
2020-10-28, 04:18:08, 23.7, 48.86
2020-10-28, 04:18:09, 23.69, 48.86
2020-10-28, 04:18:11, 23.71, 48.86
2020-10-28, 04:18:12, 23.7, 48.86
2020-10-28, 04:18:13, 23.7, 48.86
2020-10-28, 04:18:15, 23.68, 48.89
2020-10-28, 04:18:16, 23.7, 48.86
2020-10-28, 04:18:17, 23.71, 48.86
2020-10-28, 04:18:19, 23.68, 48.86
2020-10-28, 04:18:20, 23.7, 48.86
2020-10-28, 04:18:22, 23.7, 48.86
2020-10-28, 04:18:23, 23.71, 48.83
2020-10-28, 04:18:24, 23.69, 48.86
2020-10-28, 04:18:26, 23.7, 48.86
2020-10-28, 04:18:27, 23.7, 48.86
2020-10-28, 04:18:28, 23.72, 48.86
2020-10-28, 04:18:30, 23.69, 48.86
2020-10-28, 04:18:31, 23.7, 48.86
2020-10-28, 04:18:32, 23.71, 48.86
2020-10-28, 04:18:34, 23.72, 48.86
2020-10-28, 04:18:35, 23.73, 48.83
2020-10-28, 04:18:37, 23.72, 48.86
2020-10-28, 04:18:38, 23.72, 48.86
2020-10-28, 04:18:39, 23.72, 48.86
2020-10-28, 04:18:41, 23.72, 48.86
2020-10-28, 04:18:42, 23.72, 48.86
2020-10-28, 04:18:43, 23.72, 48.86
2020-10-28, 04:18:45, 23.72, 48.86
2020-10-28, 04:18:46, 23.72, 48.86
2020-10-28, 04:18:47, 23.72, 48.86
2020-10-28, 04:18:49, 23.71, 48.86
2020-10-28, 04:18:50, 23.72, 48.86
2020-10-28, 04:18:51, 23.7, 48.86
2020-10-28, 04:18:53, 23.72, 48.9
2020-10-28, 04:18:54, 23.71, 48.86
2020-10-28, 04:18:56, 23.72, 48.86
2020-10-28, 04:18:57, 23.7, 48.86
2020-10-28, 04:18:58, 23.74, 48.87
2020-10-28, 04:19:00, 23.72, 48.86
2020-10-28, 04:19:01, 23.72, 48.86
2020-10-28, 04:19:02, 23.72, 48.86
2020-10-28, 04:19:04, 23.72, 48.86
2020-10-28, 04:19:05, 23.72, 48.86
2020-10-28, 04:19:06, 23.72, 48.86
2020-10-28, 04:19:08, 23.73, 48.87
2020-10-28, 04:19:09, 23.72, 48.86
2020-10-28, 04:19:10, 23.72, 48.86
2020-10-28, 04:19:12, 23.71, 48.9
2020-10-28, 04:19:13, 23.72, 48.86
2020-10-28, 04:19:15, 23.72, 48.9
2020-10-28, 04:19:16, 23.72, 48.86
2020-10-28, 04:19:17, 23.74, 48.9
2020-10-28, 04:19:19, 23.73, 48.9
2020-10-28, 04:19:20, 23.72, 48.86
2020-10-28, 04:19:21, 23.72, 48.9
2020-10-28, 04:19:23, 23.72, 48.86
2020-10-28, 04:19:24, 23.73, 48.87
2020-10-28, 04:19:25, 23.75, 48.87
2020-10-28, 04:19:27, 23.72, 48.86
2020-10-28, 04:19:28, 23.74, 48.87
2020-10-28, 04:19:29, 23.74, 48.87
2020-10-28, 04:19:31, 23.72, 48.86
2020-10-28, 04:19:32, 23.75, 48.87
2020-10-28, 04:19:33, 23.74, 48.84
2020-10-28, 04:19:35, 23.74, 48.84
2020-10-28, 04:19:36, 23.75, 48.87
2020-10-28, 04:19:38, 23.74, 48.84
2020-10-28, 04:19:39, 23.74, 48.87
2020-10-28, 04:19:40, 23.75, 48.84
2020-10-28, 04:19:42, 23.74, 48.84
2020-10-28, 04:19:43, 23.73, 48.83
2020-10-28, 04:19:44, 23.74, 48.84
2020-10-28, 04:19:46, 23.72, 48.83
2020-10-28, 04:19:47, 23.74, 48.87
2020-10-28, 04:19:48, 23.74, 48.84
2020-10-28, 04:19:50, 23.74, 48.84
2020-10-28, 04:19:51, 23.74, 48.84
2020-10-28, 04:19:52, 23.74, 48.84
2020-10-28, 04:19:54, 23.74, 48.84
2020-10-28, 04:19:55, 23.74, 48.84
2020-10-28, 04:19:57, 23.76, 48.87
2020-10-28, 04:19:58, 23.75, 48.84
2020-10-28, 04:19:59, 23.75, 48.84
2020-10-28, 04:20:01, 23.74, 48.84
2020-10-28, 04:20:02, 23.75, 48.81
2020-10-28, 04:20:03, 23.75, 48.81
2020-10-28, 04:20:05, 23.76, 48.81
2020-10-28, 04:20:06, 23.71, 48.83
2020-10-28, 04:20:07, 23.74, 48.84
2020-10-28, 04:20:09, 23.75, 48.84
2020-10-28, 04:20:10, 23.76, 48.84
2020-10-28, 04:20:11, 23.76, 48.84
2020-10-28, 04:20:13, 23.76, 48.81
2020-10-28, 04:20:14, 23.75, 48.84
2020-10-28, 04:20:16, 23.75, 48.81
2020-10-28, 04:20:17, 23.74, 48.8
2020-10-28, 04:20:18, 23.75, 48.81
2020-10-28, 04:20:20, 23.75, 48.81
2020-10-28, 04:20:21, 23.76, 48.81
2020-10-28, 04:20:22, 23.76, 48.81
2020-10-28, 04:20:24, 23.74, 48.8
2020-10-28, 04:20:25, 23.75, 48.81
2020-10-28, 04:20:26, 23.75, 48.81
2020-10-28, 04:20:28, 23.75, 48.81
2020-10-28, 04:20:29, 23.76, 48.81
2020-10-28, 04:20:30, 23.75, 48.81
2020-10-28, 04:20:32, 23.76, 48.81
2020-10-28, 04:20:33, 23.74, 48.8
2020-10-28, 04:20:34, 23.75, 48.81
2020-10-28, 04:20:36, 23.77, 48.81
2020-10-28, 04:20:37, 23.75, 48.81
2020-10-28, 04:20:39, 23.76, 48.81
2020-10-28, 04:20:40, 23.76, 48.81
2020-10-28, 04:20:41, 23.76, 48.81
2020-10-28, 04:20:43, 23.76, 48.81
2020-10-28, 04:20:44, 23.77, 48.81
2020-10-28, 04:20:45, 23.76, 48.81
2020-10-28, 04:20:47, 23.75, 48.81
2020-10-28, 04:20:48, 23.75, 48.81
2020-10-28, 04:20:49, 23.75, 48.81
2020-10-28, 04:20:51, 23.74, 48.8
2020-10-28, 04:20:52, 23.74, 48.8
2020-10-28, 04:20:53, 23.76, 48.84
2020-10-28, 04:20:55, 23.75, 48.84
2020-10-28, 04:20:56, 23.76, 48.84
2020-10-28, 04:20:58, 23.76, 48.84
2020-10-28, 04:20:59, 23.78, 48.81
2020-10-28, 04:21:00, 23.76, 48.81
2020-10-28, 04:21:02, 23.76, 48.81
2020-10-28, 04:21:03, 23.76, 48.81
2020-10-28, 04:21:04, 23.76, 48.81
2020-10-28, 04:21:06, 23.76, 48.81
2020-10-28, 04:21:07, 23.76, 48.81
2020-10-28, 04:21:08, 23.77, 48.81
2020-10-28, 04:21:10, 23.77, 48.81
2020-10-28, 04:21:11, 23.76, 48.81
2020-10-28, 04:21:12, 23.76, 48.81
2020-10-28, 04:21:14, 23.76, 48.81
2020-10-28, 04:21:15, 23.76, 48.81
2020-10-28, 04:21:17, 23.77, 48.81
2020-10-28, 04:21:18, 23.76, 48.81
2020-10-28, 04:21:19, 23.76, 48.84
2020-10-28, 04:21:21, 23.76, 48.81
2020-10-28, 04:21:22, 23.76, 48.84
2020-10-28, 04:21:24, 23.75, 48.81
2020-10-28, 04:21:25, 23.76, 48.81
2020-10-28, 04:21:26, 23.76, 48.81
2020-10-28, 04:21:28, 23.76, 48.81
2020-10-28, 04:21:29, 23.78, 48.81
2020-10-28, 04:21:30, 23.77, 48.81
2020-10-28, 04:21:32, 23.77, 48.81
2020-10-28, 04:21:33, 23.78, 48.81
2020-10-28, 04:21:34, 23.76, 48.81
2020-10-28, 04:21:36, 23.76, 48.81
2020-10-28, 04:21:37, 23.77, 48.81
2020-10-28, 04:21:38, 23.78, 48.81
2020-10-28, 04:21:40, 23.75, 48.77
2020-10-28, 04:21:41, 23.77, 48.78
2020-10-28, 04:21:43, 23.76, 48.77
2020-10-28, 04:21:44, 23.78, 48.78
2020-10-28, 04:21:45, 23.77, 48.78
2020-10-28, 04:21:47, 23.76, 48.74
2020-10-28, 04:21:48, 23.77, 48.74
2020-10-28, 04:21:49, 23.77, 48.78
2020-10-28, 04:21:51, 23.76, 48.77
2020-10-28, 04:21:52, 23.77, 48.78
2020-10-28, 04:21:53, 23.76, 48.77
2020-10-28, 04:21:55, 23.78, 48.78
2020-10-28, 04:21:56, 23.76, 48.77
2020-10-28, 04:21:57, 23.77, 48.78
2020-10-28, 04:21:59, 23.77, 48.78
2020-10-28, 04:22:00, 23.76, 48.77
2020-10-28, 04:22:02, 23.77, 48.78
2020-10-28, 04:22:03, 23.77, 48.74
2020-10-28, 04:22:04, 23.77, 48.74
2020-10-28, 04:22:06, 23.76, 48.77
2020-10-28, 04:22:07, 23.77, 48.78
2020-10-28, 04:22:08, 23.78, 48.78
2020-10-28, 04:22:10, 23.77, 48.78
2020-10-28, 04:22:11, 23.77, 48.74
2020-10-28, 04:22:12, 23.78, 48.78
2020-10-28, 04:22:14, 23.77, 48.74
2020-10-28, 04:22:15, 23.78, 48.75
2020-10-28, 04:22:16, 23.76, 48.74
2020-10-28, 04:22:18, 23.77, 48.74
2020-10-28, 04:22:19, 23.77, 48.74
2020-10-28, 04:22:20, 23.76, 48.77
2020-10-28, 04:22:22, 23.76, 48.74
2020-10-28, 04:22:23, 23.77, 48.74
2020-10-28, 04:22:25, 23.76, 48.77
2020-10-28, 04:22:26, 23.77, 48.78
2020-10-28, 04:22:27, 23.78, 48.75
2020-10-28, 04:22:29, 23.75, 48.74
2020-10-28, 04:22:30, 23.78, 48.78
2020-10-28, 04:22:31, 23.76, 48.74
2020-10-28, 04:22:33, 23.77, 48.78
2020-10-28, 04:22:34, 23.76, 48.77
2020-10-28, 04:22:35, 23.77, 48.74
2020-10-28, 04:22:37, 23.77, 48.74
2020-10-28, 04:22:38, 23.77, 48.74
2020-10-28, 04:22:40, 23.76, 48.74
2020-10-28, 04:22:41, 23.77, 48.78
2020-10-28, 04:22:42, 23.76, 48.74
2020-10-28, 04:22:44, 23.76, 48.74
2020-10-28, 04:22:45, 23.76, 48.74
2020-10-28, 04:22:46, 23.76, 48.74
2020-10-28, 04:22:48, 23.76, 48.74
2020-10-28, 04:22:49, 23.76, 48.74
2020-10-28, 04:22:50, 23.77, 48.74
2020-10-28, 04:22:52, 23.76, 48.74
2020-10-28, 04:22:53, 23.76, 48.74
2020-10-28, 04:22:54, 23.77, 48.74
2020-10-28, 04:22:56, 23.76, 48.77
2020-10-28, 04:22:57, 23.76, 48.77
2020-10-28, 04:22:58, 23.76, 48.74
2020-10-28, 04:23:00, 23.77, 48.74
2020-10-28, 04:23:01, 23.78, 48.75
2020-10-28, 04:23:03, 23.77, 48.74
2020-10-28, 04:23:04, 23.77, 48.74
2020-10-28, 04:23:05, 23.78, 48.75
2020-10-28, 04:23:07, 23.77, 48.74
2020-10-28, 04:23:08, 23.78, 48.75
2020-10-28, 04:23:09, 23.78, 48.75
2020-10-28, 04:23:11, 23.77, 48.74
2020-10-28, 04:23:12, 23.76, 48.74
2020-10-28, 04:23:13, 23.77, 48.74
2020-10-28, 04:23:15, 23.77, 48.74
2020-10-28, 04:23:16, 23.77, 48.74
2020-10-28, 04:23:17, 23.75, 48.74
2020-10-28, 04:23:19, 23.77, 48.74
2020-10-28, 04:23:20, 23.78, 48.75
2020-10-28, 04:23:22, 23.76, 48.74
2020-10-28, 04:23:23, 23.74, 48.74
2020-10-28, 04:23:24, 23.77, 48.78
2020-10-28, 04:23:26, 23.75, 48.74
2020-10-28, 04:23:27, 23.77, 48.74
2020-10-28, 04:23:28, 23.77, 48.78
2020-10-28, 04:23:30, 23.78, 48.75
2020-10-28, 04:23:31, 23.77, 48.74
2020-10-28, 04:23:32, 23.76, 48.74
2020-10-28, 04:23:34, 23.73, 48.74
2020-10-28, 04:23:35, 23.76, 48.74
2020-10-28, 04:23:37, 23.76, 48.74
2020-10-28, 04:23:38, 23.77, 48.74
2020-10-28, 04:23:39, 23.76, 48.74
2020-10-28, 04:23:41, 23.78, 48.75
2020-10-28, 04:23:42, 23.77, 48.71
2020-10-28, 04:23:43, 23.77, 48.71
2020-10-28, 04:23:45, 23.75, 48.74
2020-10-28, 04:23:46, 23.76, 48.74
2020-10-28, 04:23:47, 23.78, 48.75
2020-10-28, 04:23:49, 23.77, 48.74
2020-10-28, 04:23:50, 23.76, 48.74
2020-10-28, 04:23:51, 23.77, 48.71
2020-10-28, 04:23:53, 23.77, 48.71
2020-10-28, 04:23:54, 23.78, 48.71
2020-10-28, 04:23:56, 23.78, 48.71
2020-10-28, 04:23:57, 23.77, 48.71
2020-10-28, 04:23:58, 23.78, 48.71
2020-10-28, 04:24:00, 23.78, 48.71
2020-10-28, 04:24:01, 23.78, 48.71
2020-10-28, 04:24:02, 23.78, 48.68
2020-10-28, 04:24:04, 23.78, 48.71
2020-10-28, 04:24:05, 23.78, 48.68
2020-10-28, 04:24:06, 23.78, 48.71
2020-10-28, 04:24:08, 23.79, 48.68
2020-10-28, 04:24:09, 23.78, 48.68
2020-10-28, 04:24:10, 23.78, 48.68
2020-10-28, 04:24:12, 23.78, 48.68
2020-10-28, 04:24:13, 23.78, 48.68
2020-10-28, 04:24:15, 23.77, 48.68
2020-10-28, 04:24:16, 23.78, 48.68
2020-10-28, 04:24:17, 23.79, 48.71
2020-10-28, 04:24:19, 23.79, 48.68
2020-10-28, 04:24:20, 23.78, 48.68
2020-10-28, 04:24:21, 23.78, 48.68
2020-10-28, 04:24:23, 23.79, 48.68
2020-10-28, 04:24:24, 23.79, 48.68
2020-10-28, 04:24:25, 23.78, 48.71
2020-10-28, 04:24:27, 23.8, 48.68
2020-10-28, 04:24:28, 23.79, 48.71
2020-10-28, 04:24:29, 23.79, 48.68
2020-10-28, 04:24:31, 23.8, 48.68
2020-10-28, 04:24:32, 23.78, 48.68
2020-10-28, 04:24:34, 23.79, 48.68
2020-10-28, 04:24:35, 23.79, 48.65
2020-10-28, 04:24:36, 23.8, 48.68
2020-10-28, 04:24:38, 23.8, 48.65
2020-10-28, 04:24:39, 23.79, 48.68
2020-10-28, 04:24:40, 23.8, 48.68
2020-10-28, 04:24:42, 23.8, 48.65
2020-10-28, 04:24:43, 23.79, 48.68
2020-10-28, 04:24:44, 23.79, 48.65
2020-10-28, 04:24:46, 23.79, 48.68
2020-10-28, 04:24:47, 23.78, 48.65
2020-10-28, 04:24:48, 23.78, 48.65
2020-10-28, 04:24:50, 23.78, 48.65
2020-10-28, 04:24:51, 23.79, 48.65
2020-10-28, 04:24:53, 23.8, 48.62
2020-10-28, 04:24:54, 23.8, 48.65
2020-10-28, 04:24:55, 23.79, 48.65
2020-10-28, 04:24:57, 23.79, 48.65
2020-10-28, 04:24:58, 23.79, 48.68
2020-10-28, 04:24:59, 23.8, 48.65
2020-10-28, 04:25:01, 23.8, 48.65
2020-10-28, 04:25:02, 23.8, 48.68
2020-10-28, 04:25:03, 23.79, 48.65
2020-10-28, 04:25:05, 23.78, 48.65
2020-10-28, 04:25:06, 23.79, 48.65
2020-10-28, 04:25:07, 23.8, 48.68
2020-10-28, 04:25:09, 23.8, 48.65
2020-10-28, 04:25:10, 23.81, 48.65
2020-10-28, 04:25:12, 23.8, 48.65
2020-10-28, 04:25:13, 23.8, 48.65
2020-10-28, 04:25:14, 23.79, 48.62
2020-10-28, 04:25:16, 23.79, 48.65
2020-10-28, 04:25:17, 23.8, 48.62
2020-10-28, 04:25:18, 23.79, 48.62
2020-10-28, 04:25:20, 23.8, 48.65
2020-10-28, 04:25:21, 23.81, 48.62
2020-10-28, 04:25:22, 23.79, 48.62
2020-10-28, 04:25:24, 23.8, 48.65
2020-10-28, 04:25:25, 23.8, 48.65
2020-10-28, 04:25:26, 23.8, 48.62
2020-10-28, 04:25:28, 23.8, 48.62
2020-10-28, 04:25:29, 23.81, 48.62
2020-10-28, 04:25:31, 23.81, 48.62
2020-10-28, 04:25:32, 23.81, 48.65
2020-10-28, 04:25:33, 23.8, 48.62
2020-10-28, 04:25:35, 23.79, 48.65
2020-10-28, 04:25:36, 23.81, 48.62
2020-10-28, 04:25:37, 23.8, 48.62
2020-10-28, 04:25:39, 23.8, 48.62
2020-10-28, 04:25:40, 23.81, 48.62
2020-10-28, 04:25:41, 23.81, 48.62
2020-10-28, 04:25:43, 23.79, 48.62
2020-10-28, 04:25:44, 23.82, 48.62
2020-10-28, 04:25:45, 23.81, 48.62
2020-10-28, 04:25:47, 23.8, 48.62
2020-10-28, 04:25:48, 23.8, 48.59
2020-10-28, 04:25:50, 23.81, 48.62
2020-10-28, 04:25:51, 23.8, 48.62
2020-10-28, 04:25:52, 23.81, 48.62
2020-10-28, 04:25:54, 23.8, 48.59
2020-10-28, 04:25:55, 23.8, 48.62
2020-10-28, 04:25:56, 23.8, 48.59
2020-10-28, 04:25:58, 23.8, 48.59
2020-10-28, 04:25:59, 23.8, 48.62
2020-10-28, 04:26:00, 23.8, 48.59
2020-10-28, 04:26:02, 23.8, 48.62
2020-10-28, 04:26:03, 23.81, 48.62
2020-10-28, 04:26:04, 23.82, 48.59
2020-10-28, 04:26:06, 23.81, 48.59
2020-10-28, 04:26:07, 23.81, 48.62
2020-10-28, 04:26:08, 23.8, 48.59
2020-10-28, 04:26:10, 23.8, 48.59
2020-10-28, 04:26:11, 23.81, 48.62
2020-10-28, 04:26:13, 23.81, 48.59
2020-10-28, 04:26:14, 23.8, 48.62
2020-10-28, 04:26:15, 23.8, 48.59
2020-10-28, 04:26:17, 23.79, 48.59
2020-10-28, 04:26:18, 23.82, 48.59
2020-10-28, 04:26:19, 23.8, 48.59
2020-10-28, 04:26:21, 23.81, 48.59
2020-10-28, 04:26:22, 23.82, 48.59
2020-10-28, 04:26:23, 23.82, 48.59
2020-10-28, 04:26:25, 23.81, 48.56
2020-10-28, 04:26:26, 23.82, 48.56
2020-10-28, 04:26:27, 23.82, 48.56
2020-10-28, 04:26:29, 23.82, 48.59
2020-10-28, 04:26:30, 23.82, 48.56
2020-10-28, 04:26:32, 23.82, 48.59
2020-10-28, 04:26:33, 23.82, 48.56
2020-10-28, 04:26:34, 23.82, 48.56
2020-10-28, 04:26:36, 23.83, 48.56
2020-10-28, 04:26:37, 23.82, 48.56
2020-10-28, 04:26:38, 23.82, 48.56
2020-10-28, 04:26:40, 23.81, 48.56
2020-10-28, 04:26:41, 23.82, 48.59
2020-10-28, 04:26:42, 23.83, 48.56
2020-10-28, 04:26:44, 23.81, 48.56
2020-10-28, 04:26:45, 23.83, 48.56
2020-10-28, 04:26:46, 23.82, 48.56
2020-10-28, 04:26:48, 23.81, 48.56
2020-10-28, 04:26:49, 23.81, 48.56
2020-10-28, 04:26:51, 23.8, 48.56
2020-10-28, 04:26:52, 23.82, 48.56
2020-10-28, 04:26:53, 23.81, 48.59
2020-10-28, 04:26:55, 23.81, 48.59
2020-10-28, 04:26:56, 23.82, 48.56
2020-10-28, 04:26:57, 23.82, 48.56
2020-10-28, 04:26:59, 23.82, 48.56
2020-10-28, 04:27:00, 23.81, 48.56
2020-10-28, 04:27:01, 23.82, 48.56
2020-10-28, 04:27:03, 23.83, 48.56
2020-10-28, 04:27:04, 23.82, 48.56
2020-10-28, 04:27:05, 23.82, 48.56
2020-10-28, 04:27:07, 23.82, 48.56
2020-10-28, 04:27:08, 23.82, 48.56
2020-10-28, 04:27:10, 23.82, 48.56
2020-10-28, 04:27:11, 23.82, 48.56
2020-10-28, 04:27:12, 23.81, 48.56
2020-10-28, 04:27:14, 23.81, 48.56
2020-10-28, 04:27:15, 23.83, 48.56
2020-10-28, 04:27:16, 23.84, 48.56
2020-10-28, 04:27:18, 23.83, 48.56
2020-10-28, 04:27:19, 23.83, 48.56
2020-10-28, 04:27:20, 23.83, 48.53
2020-10-28, 04:27:22, 23.82, 48.56
2020-10-28, 04:27:23, 23.81, 48.56
2020-10-28, 04:27:24, 23.81, 48.53
2020-10-28, 04:27:26, 23.82, 48.5
2020-10-28, 04:27:27, 23.83, 48.53
2020-10-28, 04:27:29, 23.83, 48.5
2020-10-28, 04:27:30, 23.83, 48.5
2020-10-28, 04:27:31, 23.83, 48.5
2020-10-28, 04:27:33, 23.84, 48.5
2020-10-28, 04:27:34, 23.82, 48.5
2020-10-28, 04:27:35, 23.83, 48.53
2020-10-28, 04:27:37, 23.84, 48.5
2020-10-28, 04:27:38, 23.83, 48.5
2020-10-28, 04:27:39, 23.83, 48.53
2020-10-28, 04:27:41, 23.82, 48.53
2020-10-28, 04:27:42, 23.84, 48.53
2020-10-28, 04:27:43, 23.84, 48.53
2020-10-28, 04:27:45, 23.84, 48.53
2020-10-28, 04:27:46, 23.83, 48.53
2020-10-28, 04:27:47, 23.84, 48.53
2020-10-28, 04:27:49, 23.83, 48.5
2020-10-28, 04:27:50, 23.84, 48.5
2020-10-28, 04:27:52, 23.84, 48.5
2020-10-28, 04:27:53, 23.83, 48.5
2020-10-28, 04:27:54, 23.84, 48.5
2020-10-28, 04:27:56, 23.84, 48.5
2020-10-28, 04:27:57, 23.84, 48.5
2020-10-28, 04:27:58, 23.84, 48.5
2020-10-28, 04:28:00, 23.84, 48.5
2020-10-28, 04:28:01, 23.84, 48.5
2020-10-28, 04:28:02, 23.84, 48.5
2020-10-28, 04:28:04, 23.85, 48.5
2020-10-28, 04:28:05, 23.86, 48.5
2020-10-28, 04:28:06, 23.85, 48.5
2020-10-28, 04:28:08, 23.84, 48.5
2020-10-28, 04:28:09, 23.84, 48.5
2020-10-28, 04:28:11, 23.84, 48.5
2020-10-28, 04:28:12, 23.84, 48.5
2020-10-28, 04:28:13, 23.84, 48.5
2020-10-28, 04:28:15, 23.85, 48.5
2020-10-28, 04:28:16, 23.85, 48.5
2020-10-28, 04:28:17, 23.85, 48.5
2020-10-28, 04:28:19, 23.85, 48.5
2020-10-28, 04:28:20, 23.83, 48.5
2020-10-28, 04:28:21, 23.84, 48.5
2020-10-28, 04:28:23, 23.85, 48.5
2020-10-28, 04:28:24, 23.85, 48.5
2020-10-28, 04:28:26, 23.84, 48.5
2020-10-28, 04:28:27, 23.84, 48.5
2020-10-28, 04:28:28, 23.85, 48.5
2020-10-28, 04:28:30, 23.85, 48.5
2020-10-28, 04:28:31, 23.86, 48.5
2020-10-28, 04:28:32, 23.84, 48.5
2020-10-28, 04:28:34, 23.85, 48.5
2020-10-28, 04:28:35, 23.86, 48.5
2020-10-28, 04:28:36, 23.85, 48.5
2020-10-28, 04:28:38, 23.86, 48.5
2020-10-28, 04:28:39, 23.86, 48.5
2020-10-28, 04:28:40, 23.86, 48.5
2020-10-28, 04:28:42, 23.84, 48.5
2020-10-28, 04:28:43, 23.84, 48.5
2020-10-28, 04:28:45, 23.85, 48.5
2020-10-28, 04:28:46, 23.85, 48.5
2020-10-28, 04:28:47, 23.86, 48.47
2020-10-28, 04:28:49, 23.86, 48.5
2020-10-28, 04:28:50, 23.86, 48.47
2020-10-28, 04:28:51, 23.85, 48.47
2020-10-28, 04:28:53, 23.84, 48.5
2020-10-28, 04:28:54, 23.85, 48.47
2020-10-28, 04:28:55, 23.84, 48.5
2020-10-28, 04:28:57, 23.84, 48.47
2020-10-28, 04:28:58, 23.85, 48.47
2020-10-28, 04:28:59, 23.86, 48.47
2020-10-28, 04:29:01, 23.85, 48.47
2020-10-28, 04:29:02, 23.86, 48.47
2020-10-28, 04:29:03, 23.84, 48.47
2020-10-28, 04:29:05, 23.84, 48.47
2020-10-28, 04:29:06, 23.84, 48.47
2020-10-28, 04:29:08, 23.83, 48.46
2020-10-28, 04:29:09, 23.84, 48.47
2020-10-28, 04:29:10, 23.85, 48.47
2020-10-28, 04:29:12, 23.85, 48.47
2020-10-28, 04:29:13, 23.84, 48.43
2020-10-28, 04:29:14, 23.84, 48.43
2020-10-28, 04:29:16, 23.86, 48.44
2020-10-28, 04:29:17, 23.85, 48.47
2020-10-28, 04:29:18, 23.85, 48.44
2020-10-28, 04:29:20, 23.85, 48.44
2020-10-28, 04:29:21, 23.85, 48.47
2020-10-28, 04:29:22, 23.84, 48.47
2020-10-28, 04:29:24, 23.84, 48.43
2020-10-28, 04:29:25, 23.86, 48.44
2020-10-28, 04:29:27, 23.85, 48.44
2020-10-28, 04:29:28, 23.84, 48.43
2020-10-28, 04:29:29, 23.83, 48.43
2020-10-28, 04:29:31, 23.85, 48.44
2020-10-28, 04:29:32, 23.84, 48.43
2020-10-28, 04:29:33, 23.86, 48.44
2020-10-28, 04:29:35, 23.85, 48.4
2020-10-28, 04:29:36, 23.84, 48.43
2020-10-28, 04:29:37, 23.86, 48.44
2020-10-28, 04:29:39, 23.86, 48.4
2020-10-28, 04:29:40, 23.86, 48.4
2020-10-28, 04:29:41, 23.87, 48.44
2020-10-28, 04:29:43, 23.86, 48.4
2020-10-28, 04:29:44, 23.86, 48.4
2020-10-28, 04:29:46, 23.87, 48.41
2020-10-28, 04:29:47, 23.85, 48.37
2020-10-28, 04:29:48, 23.87, 48.41
2020-10-28, 04:29:50, 23.86, 48.4
2020-10-28, 04:29:51, 23.85, 48.37
2020-10-28, 04:29:52, 23.87, 48.41
2020-10-28, 04:29:54, 23.87, 48.41
2020-10-28, 04:29:55, 23.87, 48.41
2020-10-28, 04:29:56, 23.86, 48.4
2020-10-28, 04:29:58, 23.85, 48.4
2020-10-28, 04:29:59, 23.87, 48.41
2020-10-28, 04:30:00, 23.87, 48.41
2020-10-28, 04:30:02, 23.85, 48.37
2020-10-28, 04:30:03, 23.86, 48.4
2020-10-28, 04:30:05, 23.86, 48.37
2020-10-28, 04:30:06, 23.86, 48.4
2020-10-28, 04:30:07, 23.87, 48.37
2020-10-28, 04:30:09, 23.85, 48.37
2020-10-28, 04:30:10, 23.87, 48.37
2020-10-28, 04:30:11, 23.86, 48.37
2020-10-28, 04:30:13, 23.86, 48.37
2020-10-28, 04:30:14, 23.86, 48.37
2020-10-28, 04:30:15, 23.86, 48.37
2020-10-28, 04:30:17, 23.85, 48.37
2020-10-28, 04:30:18, 23.86, 48.37
2020-10-28, 04:30:19, 23.86, 48.37
2020-10-28, 04:30:21, 23.84, 48.37
2020-10-28, 04:30:22, 23.86, 48.37
2020-10-28, 04:30:23, 23.86, 48.37
2020-10-28, 04:30:25, 23.86, 48.37
2020-10-28, 04:30:26, 23.85, 48.37
2020-10-28, 04:30:28, 23.86, 48.37
2020-10-28, 04:30:29, 23.86, 48.37
2020-10-28, 04:30:30, 23.86, 48.37
2020-10-28, 04:30:32, 23.86, 48.37
2020-10-28, 04:30:33, 23.87, 48.34
2020-10-28, 04:30:34, 23.86, 48.34
2020-10-28, 04:30:36, 23.87, 48.34
2020-10-28, 04:30:37, 23.86, 48.34
2020-10-28, 04:30:38, 23.87, 48.34
2020-10-28, 04:30:40, 23.86, 48.34
2020-10-28, 04:30:41, 23.87, 48.34
2020-10-28, 04:30:42, 23.87, 48.34
2020-10-28, 04:30:44, 23.86, 48.34
2020-10-28, 04:30:45, 23.88, 48.34
2020-10-28, 04:30:47, 23.86, 48.34
2020-10-28, 04:30:48, 23.88, 48.34
2020-10-28, 04:30:49, 23.88, 48.34
2020-10-28, 04:30:51, 23.87, 48.37
2020-10-28, 04:30:52, 23.87, 48.34
2020-10-28, 04:30:53, 23.87, 48.37
2020-10-28, 04:30:55, 23.87, 48.34
2020-10-28, 04:30:56, 23.86, 48.34
2020-10-28, 04:30:57, 23.87, 48.34
2020-10-28, 04:30:59, 23.87, 48.34
2020-10-28, 04:31:00, 23.86, 48.34
2020-10-28, 04:31:01, 23.86, 48.37
2020-10-28, 04:31:03, 23.86, 48.37
2020-10-28, 04:31:04, 23.86, 48.37
2020-10-28, 04:31:05, 23.87, 48.37
2020-10-28, 04:31:07, 23.87, 48.37
2020-10-28, 04:31:08, 23.86, 48.34
2020-10-28, 04:31:10, 23.86, 48.37
2020-10-28, 04:31:11, 23.86, 48.37
2020-10-28, 04:31:12, 23.86, 48.34
2020-10-28, 04:31:14, 23.86, 48.34
2020-10-28, 04:31:15, 23.86, 48.37
2020-10-28, 04:31:16, 23.87, 48.37
2020-10-28, 04:31:18, 23.86, 48.37
2020-10-28, 04:31:19, 23.87, 48.37
2020-10-28, 04:31:20, 23.86, 48.37
2020-10-28, 04:31:22, 23.87, 48.34
2020-10-28, 04:31:23, 23.85, 48.34
2020-10-28, 04:31:24, 23.85, 48.34
2020-10-28, 04:31:26, 23.85, 48.34
2020-10-28, 04:31:27, 23.84, 48.34
2020-10-28, 04:31:29, 23.84, 48.34
2020-10-28, 04:31:30, 23.85, 48.34
2020-10-28, 04:31:31, 23.84, 48.34
2020-10-28, 04:31:33, 23.86, 48.31
2020-10-28, 04:31:34, 23.84, 48.34
2020-10-28, 04:31:35, 23.87, 48.34
2020-10-28, 04:31:37, 23.84, 48.37
2020-10-28, 04:31:38, 23.84, 48.37
2020-10-28, 04:31:39, 23.84, 48.34
2020-10-28, 04:31:41, 23.85, 48.37
2020-10-28, 04:31:42, 23.84, 48.37
2020-10-28, 04:31:43, 23.84, 48.37
2020-10-28, 04:31:45, 23.84, 48.34
2020-10-28, 04:31:46, 23.84, 48.37
2020-10-28, 04:31:48, 23.86, 48.37
2020-10-28, 04:31:49, 23.85, 48.37
2020-10-28, 04:31:50, 23.85, 48.37
2020-10-28, 04:31:52, 23.84, 48.37
2020-10-28, 04:31:53, 23.84, 48.4
2020-10-28, 04:31:54, 23.85, 48.37
2020-10-28, 04:31:56, 23.86, 48.4
2020-10-28, 04:31:57, 23.86, 48.37
2020-10-28, 04:31:58, 23.86, 48.4
2020-10-28, 04:32:00, 23.84, 48.37
2020-10-28, 04:32:01, 23.85, 48.37
2020-10-28, 04:32:02, 23.86, 48.4
2020-10-28, 04:32:04, 23.84, 48.4
2020-10-28, 04:32:05, 23.84, 48.4
2020-10-28, 04:32:07, 23.83, 48.4
2020-10-28, 04:32:08, 23.86, 48.4
2020-10-28, 04:32:09, 23.84, 48.37
2020-10-28, 04:32:11, 23.85, 48.4
2020-10-28, 04:32:12, 23.84, 48.4
2020-10-28, 04:32:13, 23.85, 48.4
2020-10-28, 04:32:15, 23.85, 48.4
2020-10-28, 04:32:16, 23.84, 48.43
2020-10-28, 04:32:17, 23.85, 48.4
2020-10-28, 04:32:19, 23.84, 48.43
2020-10-28, 04:32:20, 23.85, 48.4
2020-10-28, 04:32:21, 23.84, 48.4
2020-10-28, 04:32:23, 23.84, 48.4
2020-10-28, 04:32:24, 23.84, 48.4
2020-10-28, 04:32:26, 23.84, 48.4
2020-10-28, 04:32:27, 23.85, 48.4
2020-10-28, 04:32:28, 23.85, 48.4
2020-10-28, 04:32:30, 23.85, 48.4
2020-10-28, 04:32:31, 23.85, 48.4
2020-10-28, 04:32:32, 23.84, 48.4
2020-10-28, 04:32:34, 23.85, 48.4
2020-10-28, 04:32:35, 23.85, 48.4
2020-10-28, 04:32:36, 23.85, 48.4
2020-10-28, 04:32:38, 23.84, 48.4
2020-10-28, 04:32:39, 23.84, 48.4
2020-10-28, 04:32:40, 23.84, 48.43
2020-10-28, 04:32:42, 23.85, 48.4
2020-10-28, 04:32:43, 23.86, 48.44
2020-10-28, 04:32:45, 23.84, 48.43
2020-10-28, 04:32:46, 23.85, 48.44
2020-10-28, 04:32:47, 23.84, 48.43
2020-10-28, 04:32:49, 23.85, 48.44
2020-10-28, 04:32:50, 23.85, 48.44
2020-10-28, 04:32:51, 23.84, 48.43
2020-10-28, 04:32:53, 23.85, 48.44
2020-10-28, 04:32:54, 23.84, 48.43
2020-10-28, 04:32:55, 23.85, 48.4
2020-10-28, 04:32:57, 23.84, 48.43
2020-10-28, 04:32:58, 23.85, 48.44
2020-10-28, 04:32:59, 23.84, 48.43
2020-10-28, 04:33:01, 23.85, 48.44
2020-10-28, 04:33:02, 23.84, 48.43
2020-10-28, 04:33:04, 23.85, 48.44
2020-10-28, 04:33:05, 23.84, 48.43
2020-10-28, 04:33:06, 23.84, 48.43
2020-10-28, 04:33:08, 23.85, 48.44
2020-10-28, 04:33:09, 23.84, 48.43
2020-10-28, 04:33:10, 23.85, 48.47
2020-10-28, 04:33:12, 23.85, 48.47
2020-10-28, 04:33:13, 23.84, 48.47
2020-10-28, 04:33:14, 23.85, 48.47
2020-10-28, 04:33:16, 23.85, 48.5
2020-10-28, 04:33:17, 23.84, 48.47
2020-10-28, 04:33:18, 23.83, 48.46
2020-10-28, 04:33:20, 23.85, 48.5
2020-10-28, 04:33:21, 23.84, 48.47
2020-10-28, 04:33:22, 23.83, 48.5
2020-10-28, 04:33:24, 23.84, 48.5
2020-10-28, 04:33:25, 23.84, 48.5
2020-10-28, 04:33:27, 23.84, 48.5
2020-10-28, 04:33:28, 23.83, 48.53
2020-10-28, 04:33:29, 23.84, 48.5
2020-10-28, 04:33:31, 23.84, 48.5
2020-10-28, 04:33:32, 23.84, 48.5
2020-10-28, 04:33:33, 23.84, 48.5
2020-10-28, 04:33:35, 23.84, 48.5
2020-10-28, 04:33:36, 23.82, 48.5
2020-10-28, 04:33:37, 23.82, 48.5
2020-10-28, 04:33:39, 23.84, 48.53
2020-10-28, 04:33:40, 23.84, 48.5
2020-10-28, 04:33:41, 23.83, 48.53
2020-10-28, 04:33:43, 23.82, 48.5
2020-10-28, 04:33:44, 23.83, 48.53
2020-10-28, 04:33:46, 23.83, 48.53
2020-10-28, 04:33:47, 23.83, 48.53
2020-10-28, 04:33:48, 23.83, 48.56
2020-10-28, 04:33:50, 23.83, 48.56
2020-10-28, 04:33:51, 23.83, 48.56
2020-10-28, 04:33:52, 23.84, 48.56
2020-10-28, 04:33:54, 23.83, 48.56
2020-10-28, 04:33:55, 23.83, 48.56
2020-10-28, 04:33:56, 23.83, 48.56
2020-10-28, 04:33:58, 23.83, 48.56
2020-10-28, 04:33:59, 23.83, 48.56
2020-10-28, 04:34:00, 23.84, 48.53
2020-10-28, 04:34:02, 23.83, 48.53
2020-10-28, 04:34:03, 23.84, 48.56
2020-10-28, 04:34:04, 23.84, 48.56
2020-10-28, 04:34:06, 23.84, 48.56
2020-10-28, 04:34:07, 23.84, 48.56
2020-10-28, 04:34:09, 23.83, 48.56
2020-10-28, 04:34:10, 23.83, 48.56
2020-10-28, 04:34:11, 23.83, 48.59
2020-10-28, 04:34:13, 23.82, 48.59
2020-10-28, 04:34:14, 23.83, 48.59
2020-10-28, 04:34:15, 23.83, 48.62
2020-10-28, 04:34:17, 23.83, 48.62
2020-10-28, 04:34:18, 23.84, 48.63
2020-10-28, 04:34:19, 23.82, 48.62
2020-10-28, 04:34:21, 23.82, 48.62
2020-10-28, 04:34:22, 23.82, 48.65
2020-10-28, 04:34:23, 23.81, 48.65
2020-10-28, 04:34:25, 23.81, 48.69
2020-10-28, 04:34:26, 23.81, 48.65
2020-10-28, 04:34:28, 23.81, 48.69
2020-10-28, 04:34:29, 23.79, 48.68
2020-10-28, 04:34:30, 23.81, 48.65
2020-10-28, 04:34:32, 23.82, 48.69
2020-10-28, 04:34:33, 23.81, 48.69
2020-10-28, 04:34:34, 23.82, 48.65
2020-10-28, 04:34:36, 23.81, 48.65
2020-10-28, 04:34:37, 23.81, 48.69
2020-10-28, 04:34:38, 23.81, 48.65
2020-10-28, 04:34:40, 23.81, 48.65
2020-10-28, 04:34:41, 23.81, 48.69
2020-10-28, 04:34:42, 23.81, 48.65
2020-10-28, 04:34:44, 23.8, 48.65
2020-10-28, 04:34:45, 23.82, 48.65
2020-10-28, 04:34:46, 23.81, 48.69
2020-10-28, 04:34:48, 23.79, 48.68
2020-10-28, 04:34:49, 23.8, 48.68
2020-10-28, 04:34:51, 23.8, 48.68
2020-10-28, 04:34:52, 23.8, 48.68
2020-10-28, 04:34:53, 23.79, 48.68
2020-10-28, 04:34:55, 23.79, 48.68
2020-10-28, 04:34:56, 23.8, 48.68
2020-10-28, 04:34:57, 23.79, 48.71
2020-10-28, 04:34:59, 23.8, 48.72
2020-10-28, 04:35:00, 23.8, 48.72
2020-10-28, 04:35:01, 23.8, 48.72
2020-10-28, 04:35:03, 23.8, 48.68
2020-10-28, 04:35:04, 23.79, 48.68
2020-10-28, 04:35:05, 23.8, 48.72
2020-10-28, 04:35:07, 23.8, 48.75
2020-10-28, 04:35:08, 23.8, 48.75
2020-10-28, 04:35:10, 23.8, 48.72
2020-10-28, 04:35:11, 23.78, 48.75
2020-10-28, 04:35:12, 23.79, 48.71
2020-10-28, 04:35:14, 23.79, 48.75
2020-10-28, 04:35:15, 23.81, 48.75
2020-10-28, 04:35:16, 23.8, 48.75
2020-10-28, 04:35:18, 23.8, 48.75
2020-10-28, 04:35:19, 23.81, 48.75
2020-10-28, 04:35:20, 23.8, 48.75
2020-10-28, 04:35:22, 23.79, 48.75
2020-10-28, 04:35:23, 23.79, 48.75
2020-10-28, 04:35:24, 23.8, 48.75
2020-10-28, 04:35:26, 23.8, 48.78
2020-10-28, 04:35:27, 23.8, 48.75
2020-10-28, 04:35:28, 23.8, 48.75
2020-10-28, 04:35:30, 23.8, 48.78
2020-10-28, 04:35:31, 23.8, 48.78
2020-10-28, 04:35:33, 23.8, 48.78
2020-10-28, 04:35:34, 23.8, 48.78
2020-10-28, 04:35:35, 23.8, 48.78
2020-10-28, 04:35:37, 23.8, 48.81
2020-10-28, 04:35:38, 23.79, 48.81
2020-10-28, 04:35:39, 23.79, 48.81
2020-10-28, 04:35:41, 23.8, 48.81
2020-10-28, 04:35:42, 23.79, 48.78
2020-10-28, 04:35:43, 23.79, 48.81
2020-10-28, 04:35:45, 23.78, 48.81
2020-10-28, 04:35:46, 23.79, 48.81
2020-10-28, 04:35:47, 23.78, 48.81
2020-10-28, 04:35:49, 23.79, 48.81
2020-10-28, 04:35:50, 23.78, 48.81
2020-10-28, 04:35:52, 23.78, 48.81
2020-10-28, 04:35:53, 23.79, 48.81
2020-10-28, 04:35:54, 23.78, 48.81
2020-10-28, 04:35:56, 23.79, 48.81
2020-10-28, 04:35:57, 23.79, 48.81
2020-10-28, 04:35:58, 23.79, 48.81
2020-10-28, 04:36:00, 23.78, 48.81
2020-10-28, 04:36:01, 23.78, 48.87
2020-10-28, 04:36:02, 23.79, 48.87
2020-10-28, 04:36:04, 23.77, 48.87
2020-10-28, 04:36:05, 23.78, 48.84
2020-10-28, 04:36:06, 23.76, 48.87
2020-10-28, 04:36:08, 23.77, 48.84
2020-10-28, 04:36:09, 23.78, 48.87
2020-10-28, 04:36:11, 23.77, 48.87
2020-10-28, 04:36:12, 23.77, 48.87
2020-10-28, 04:36:13, 23.78, 48.87
2020-10-28, 04:36:15, 23.76, 48.9
2020-10-28, 04:36:16, 23.77, 48.9
2020-10-28, 04:36:17, 23.76, 48.9
2020-10-28, 04:36:19, 23.77, 48.94
2020-10-28, 04:36:20, 23.77, 48.94
2020-10-28, 04:36:21, 23.76, 48.93
2020-10-28, 04:36:23, 23.76, 48.93
2020-10-28, 04:36:24, 23.76, 48.93
2020-10-28, 04:36:25, 23.75, 48.93
2020-10-28, 04:36:27, 23.76, 48.93
2020-10-28, 04:36:28, 23.76, 48.93
2020-10-28, 04:36:30, 23.77, 48.94
2020-10-28, 04:36:31, 23.77, 48.94
2020-10-28, 04:36:32, 23.76, 48.93
2020-10-28, 04:36:34, 23.78, 48.94
2020-10-28, 04:36:35, 23.78, 48.94
2020-10-28, 04:36:36, 23.77, 48.94
2020-10-28, 04:36:38, 23.78, 48.94
2020-10-28, 04:36:39, 23.77, 48.94
2020-10-28, 04:36:40, 23.78, 48.94
2020-10-28, 04:36:42, 23.76, 48.97
2020-10-28, 04:36:43, 23.76, 48.97
2020-10-28, 04:36:44, 23.77, 48.94
2020-10-28, 04:36:46, 23.76, 48.97
2020-10-28, 04:36:47, 23.77, 48.97
2020-10-28, 04:36:49, 23.76, 49.0
2020-10-28, 04:36:50, 23.76, 48.97
2020-10-28, 04:36:51, 23.78, 49.0
2020-10-28, 04:36:53, 23.76, 49.0
2020-10-28, 04:36:54, 23.76, 49.0
2020-10-28, 04:36:55, 23.75, 49.0
2020-10-28, 04:36:57, 23.75, 49.0
2020-10-28, 04:36:58, 23.76, 49.0
2020-10-28, 04:36:59, 23.75, 49.03
2020-10-28, 04:37:01, 23.74, 48.99
2020-10-28, 04:37:02, 23.74, 48.99
2020-10-28, 04:37:03, 23.75, 49.0
2020-10-28, 04:37:05, 23.75, 49.0
2020-10-28, 04:37:06, 23.76, 49.03
2020-10-28, 04:37:08, 23.74, 49.03
2020-10-28, 04:37:09, 23.74, 49.06
2020-10-28, 04:37:10, 23.76, 49.03
2020-10-28, 04:37:12, 23.74, 49.03
2020-10-28, 04:37:13, 23.76, 49.03
2020-10-28, 04:37:14, 23.76, 49.03
2020-10-28, 04:37:16, 23.76, 49.03
2020-10-28, 04:37:17, 23.75, 49.06
2020-10-28, 04:37:18, 23.74, 49.03
2020-10-28, 04:37:20, 23.76, 49.06
2020-10-28, 04:37:21, 23.76, 49.06
2020-10-28, 04:37:22, 23.75, 49.06
2020-10-28, 04:37:24, 23.75, 49.06
2020-10-28, 04:37:25, 23.74, 49.06
2020-10-28, 04:37:27, 23.74, 49.06
2020-10-28, 04:37:28, 23.75, 49.06
2020-10-28, 04:37:29, 23.75, 49.06
2020-10-28, 04:37:31, 23.74, 49.06
2020-10-28, 04:37:32, 23.74, 49.06
2020-10-28, 04:37:33, 23.74, 49.09
2020-10-28, 04:37:35, 23.74, 49.09
2020-10-28, 04:37:36, 23.74, 49.06
2020-10-28, 04:37:37, 23.74, 49.06
2020-10-28, 04:37:39, 23.74, 49.09
2020-10-28, 04:37:40, 23.75, 49.09
2020-10-28, 04:37:41, 23.74, 49.06
2020-10-28, 04:37:43, 23.74, 49.09
2020-10-28, 04:37:44, 23.74, 49.12
2020-10-28, 04:37:46, 23.75, 49.12
2020-10-28, 04:37:47, 23.74, 49.09
2020-10-28, 04:37:48, 23.75, 49.12
2020-10-28, 04:37:50, 23.74, 49.12
2020-10-28, 04:37:51, 23.74, 49.12
2020-10-28, 04:37:52, 23.75, 49.12
2020-10-28, 04:37:54, 23.75, 49.16
2020-10-28, 04:37:55, 23.74, 49.15
2020-10-28, 04:37:56, 23.74, 49.15
2020-10-28, 04:37:58, 23.73, 49.15
2020-10-28, 04:37:59, 23.74, 49.15
2020-10-28, 04:38:00, 23.74, 49.19
2020-10-28, 04:38:02, 23.74, 49.15
2020-10-28, 04:38:03, 23.74, 49.19
2020-10-28, 04:38:04, 23.73, 49.18
2020-10-28, 04:38:06, 23.72, 49.18
2020-10-28, 04:38:07, 23.73, 49.18
2020-10-28, 04:38:09, 23.73, 49.18
2020-10-28, 04:38:10, 23.72, 49.18
2020-10-28, 04:38:11, 23.74, 49.19
2020-10-28, 04:38:13, 23.72, 49.22
2020-10-28, 04:38:14, 23.72, 49.22
2020-10-28, 04:38:15, 23.71, 49.21
2020-10-28, 04:38:17, 23.73, 49.18
2020-10-28, 04:38:18, 23.73, 49.22
2020-10-28, 04:38:19, 23.72, 49.18
2020-10-28, 04:38:21, 23.74, 49.19
2020-10-28, 04:38:22, 23.73, 49.18
2020-10-28, 04:38:24, 23.72, 49.18
2020-10-28, 04:38:25, 23.73, 49.22
2020-10-28, 04:38:26, 23.73, 49.25
2020-10-28, 04:38:28, 23.73, 49.25
2020-10-28, 04:38:29, 23.73, 49.22
2020-10-28, 04:38:30, 23.73, 49.25
2020-10-28, 04:38:32, 23.72, 49.25
2020-10-28, 04:38:33, 23.72, 49.25
2020-10-28, 04:38:34, 23.72, 49.25
2020-10-28, 04:38:36, 23.72, 49.25
2020-10-28, 04:38:37, 23.72, 49.28
2020-10-28, 04:38:38, 23.72, 49.25
2020-10-28, 04:38:40, 23.72, 49.25
2020-10-28, 04:38:41, 23.7, 49.24
2020-10-28, 04:38:42, 23.71, 49.25
2020-10-28, 04:38:44, 23.72, 49.28
2020-10-28, 04:38:45, 23.72, 49.25
2020-10-28, 04:38:47, 23.73, 49.31
2020-10-28, 04:38:48, 23.7, 49.28
2020-10-28, 04:38:49, 23.72, 49.28
2020-10-28, 04:38:51, 23.7, 49.28
2020-10-28, 04:38:52, 23.72, 49.31
2020-10-28, 04:38:53, 23.71, 49.28
2020-10-28, 04:38:55, 23.7, 49.28
2020-10-28, 04:38:56, 23.71, 49.31
2020-10-28, 04:38:57, 23.72, 49.31
2020-10-28, 04:38:59, 23.71, 49.31
2020-10-28, 04:39:00, 23.71, 49.31
2020-10-28, 04:39:01, 23.72, 49.31
2020-10-28, 04:39:03, 23.7, 49.28
2020-10-28, 04:39:04, 23.72, 49.28
2020-10-28, 04:39:06, 23.7, 49.31
2020-10-28, 04:39:07, 23.7, 49.31
2020-10-28, 04:39:08, 23.69, 49.31
2020-10-28, 04:39:10, 23.7, 49.31
2020-10-28, 04:39:11, 23.69, 49.31
2020-10-28, 04:39:12, 23.69, 49.31
2020-10-28, 04:39:14, 23.68, 49.34
2020-10-28, 04:39:15, 23.69, 49.34
2020-10-28, 04:39:16, 23.69, 49.34
2020-10-28, 04:39:18, 23.68, 49.34
2020-10-28, 04:39:19, 23.68, 49.34
2020-10-28, 04:39:20, 23.68, 49.34
2020-10-28, 04:39:22, 23.68, 49.37
2020-10-28, 04:39:23, 23.7, 49.37
2020-10-28, 04:39:25, 23.68, 49.37
2020-10-28, 04:39:26, 23.69, 49.37
2020-10-28, 04:39:27, 23.69, 49.37
2020-10-28, 04:39:29, 23.69, 49.37
2020-10-28, 04:39:30, 23.69, 49.37
2020-10-28, 04:39:31, 23.67, 49.37
2020-10-28, 04:39:33, 23.68, 49.37
2020-10-28, 04:39:34, 23.68, 49.37
2020-10-28, 04:39:35, 23.68, 49.4
2020-10-28, 04:39:37, 23.68, 49.37
2020-10-28, 04:39:38, 23.67, 49.4
2020-10-28, 04:39:40, 23.68, 49.4
2020-10-28, 04:39:41, 23.68, 49.37
2020-10-28, 04:39:42, 23.68, 49.37
2020-10-28, 04:39:44, 23.68, 49.4
2020-10-28, 04:39:45, 23.68, 49.43
2020-10-28, 04:39:46, 23.68, 49.43
2020-10-28, 04:39:48, 23.67, 49.43
2020-10-28, 04:39:49, 23.67, 49.43
2020-10-28, 04:39:50, 23.68, 49.43
2020-10-28, 04:39:52, 23.67, 49.43
2020-10-28, 04:39:53, 23.66, 49.43
2020-10-28, 04:39:54, 23.66, 49.46
2020-10-28, 04:39:56, 23.64, 49.49
2020-10-28, 04:39:57, 23.65, 49.49
2020-10-28, 04:39:59, 23.64, 49.49
2020-10-28, 04:40:00, 23.63, 49.49
2020-10-28, 04:40:01, 23.62, 49.49
2020-10-28, 04:40:03, 23.64, 49.49
2020-10-28, 04:40:04, 23.64, 49.52
2020-10-28, 04:40:05, 23.63, 49.52
2020-10-28, 04:40:07, 23.64, 49.55
2020-10-28, 04:40:08, 23.64, 49.52
2020-10-28, 04:40:09, 23.64, 49.55
2020-10-28, 04:40:11, 23.64, 49.52
2020-10-28, 04:40:12, 23.64, 49.52
2020-10-28, 04:40:13, 23.64, 49.52
2020-10-28, 04:40:15, 23.64, 49.55
2020-10-28, 04:40:16, 23.64, 49.55
2020-10-28, 04:40:18, 23.64, 49.52
2020-10-28, 04:40:19, 23.64, 49.52
2020-10-28, 04:40:20, 23.64, 49.52
2020-10-28, 04:40:22, 23.64, 49.55
2020-10-28, 04:40:23, 23.64, 49.55
2020-10-28, 04:40:24, 23.64, 49.55
2020-10-28, 04:40:26, 23.64, 49.59
2020-10-28, 04:40:27, 23.63, 49.58
2020-10-28, 04:40:28, 23.63, 49.58
2020-10-28, 04:40:30, 23.62, 49.58
2020-10-28, 04:40:31, 23.62, 49.58
2020-10-28, 04:40:32, 23.63, 49.55
2020-10-28, 04:40:34, 23.63, 49.62
2020-10-28, 04:40:35, 23.62, 49.58
2020-10-28, 04:40:37, 23.62, 49.55
2020-10-28, 04:40:38, 23.63, 49.58
2020-10-28, 04:40:39, 23.63, 49.58
2020-10-28, 04:40:41, 23.63, 49.58
2020-10-28, 04:40:42, 23.62, 49.58
2020-10-28, 04:40:43, 23.62, 49.58
2020-10-28, 04:40:45, 23.64, 49.59
2020-10-28, 04:40:46, 23.62, 49.58
2020-10-28, 04:40:47, 23.62, 49.62
2020-10-28, 04:40:49, 23.62, 49.62
2020-10-28, 04:40:50, 23.61, 49.61
2020-10-28, 04:40:52, 23.63, 49.62
2020-10-28, 04:40:53, 23.62, 49.62
2020-10-28, 04:40:54, 23.63, 49.62
2020-10-28, 04:40:56, 23.62, 49.62
2020-10-28, 04:40:57, 23.62, 49.62
2020-10-28, 04:40:58, 23.61, 49.61
2020-10-28, 04:41:00, 23.62, 49.62
2020-10-28, 04:41:01, 23.62, 49.65
2020-10-28, 04:41:02, 23.6, 49.61
2020-10-28, 04:41:04, 23.62, 49.62
2020-10-28, 04:41:05, 23.62, 49.65
2020-10-28, 04:41:06, 23.6, 49.64
2020-10-28, 04:41:08, 23.6, 49.64
2020-10-28, 04:41:09, 23.6, 49.64
2020-10-28, 04:41:10, 23.61, 49.68
2020-10-28, 04:41:12, 23.61, 49.65
2020-10-28, 04:41:13, 23.61, 49.68
2020-10-28, 04:41:15, 23.61, 49.65
2020-10-28, 04:41:16, 23.6, 49.68
2020-10-28, 04:41:17, 23.61, 49.65
2020-10-28, 04:41:19, 23.59, 49.67
2020-10-28, 04:41:20, 23.6, 49.68
2020-10-28, 04:41:21, 23.59, 49.67
2020-10-28, 04:41:23, 23.59, 49.67
2020-10-28, 04:41:24, 23.61, 49.68
2020-10-28, 04:41:25, 23.6, 49.68
2020-10-28, 04:41:27, 23.61, 49.71
2020-10-28, 04:41:28, 23.62, 49.71
2020-10-28, 04:41:29, 23.6, 49.74
2020-10-28, 04:41:31, 23.6, 49.74
2020-10-28, 04:41:32, 23.6, 49.74
2020-10-28, 04:41:34, 23.61, 49.74
2020-10-28, 04:41:35, 23.61, 49.77
2020-10-28, 04:41:36, 23.59, 49.77
2020-10-28, 04:41:38, 23.6, 49.77
2020-10-28, 04:41:39, 23.6, 49.77
2020-10-28, 04:41:40, 23.59, 49.77
2020-10-28, 04:41:42, 23.59, 49.77
2020-10-28, 04:41:43, 23.59, 49.77
2020-10-28, 04:41:44, 23.6, 49.77
2020-10-28, 04:41:46, 23.58, 49.8
2020-10-28, 04:41:47, 23.6, 49.8
2020-10-28, 04:41:48, 23.59, 49.8
2020-10-28, 04:41:50, 23.6, 49.8
2020-10-28, 04:41:51, 23.59, 49.8
2020-10-28, 04:41:53, 23.6, 49.8
2020-10-28, 04:41:54, 23.6, 49.8
2020-10-28, 04:41:55, 23.61, 49.8
2020-10-28, 04:41:57, 23.59, 49.8
2020-10-28, 04:41:58, 23.61, 49.8
2020-10-28, 04:41:59, 23.61, 49.8
2020-10-28, 04:42:01, 23.61, 49.8
2020-10-28, 04:42:02, 23.59, 49.8
2020-10-28, 04:42:03, 23.59, 49.8
2020-10-28, 04:42:05, 23.58, 49.83
2020-10-28, 04:42:06, 23.58, 49.83
2020-10-28, 04:42:07, 23.59, 49.83
2020-10-28, 04:42:09, 23.6, 49.87
2020-10-28, 04:42:10, 23.6, 49.87
2020-10-28, 04:42:11, 23.57, 49.86
2020-10-28, 04:42:13, 23.58, 49.83
2020-10-28, 04:42:14, 23.59, 49.87
2020-10-28, 04:42:16, 23.59, 49.87
2020-10-28, 04:42:17, 23.58, 49.86
2020-10-28, 04:42:18, 23.59, 49.87
2020-10-28, 04:42:20, 23.58, 49.86
2020-10-28, 04:42:21, 23.57, 49.86
2020-10-28, 04:42:22, 23.57, 49.86
2020-10-28, 04:42:24, 23.56, 49.86
2020-10-28, 04:42:25, 23.57, 49.89
2020-10-28, 04:42:26, 23.58, 49.9
2020-10-28, 04:42:28, 23.57, 49.89
2020-10-28, 04:42:29, 23.58, 49.9
2020-10-28, 04:42:30, 23.58, 49.9
2020-10-28, 04:42:32, 23.58, 49.9
2020-10-28, 04:42:33, 23.56, 49.89
2020-10-28, 04:42:34, 23.57, 49.89
2020-10-28, 04:42:36, 23.58, 49.9
2020-10-28, 04:42:37, 23.56, 49.89
2020-10-28, 04:42:39, 23.56, 49.89
2020-10-28, 04:42:40, 23.56, 49.89
2020-10-28, 04:42:41, 23.55, 49.92
2020-10-28, 04:42:43, 23.54, 49.92
2020-10-28, 04:42:44, 23.56, 49.92
2020-10-28, 04:42:45, 23.57, 49.93
2020-10-28, 04:42:47, 23.56, 49.92
2020-10-28, 04:42:48, 23.55, 49.92
2020-10-28, 04:42:49, 23.56, 49.92
2020-10-28, 04:42:51, 23.55, 49.92
2020-10-28, 04:42:52, 23.56, 49.96
2020-10-28, 04:42:53, 23.55, 49.96
2020-10-28, 04:42:55, 23.56, 49.96
2020-10-28, 04:42:56, 23.56, 49.99
2020-10-28, 04:42:58, 23.56, 49.96
2020-10-28, 04:42:59, 23.55, 49.99
2020-10-28, 04:43:00, 23.54, 49.99
2020-10-28, 04:43:02, 23.54, 49.99
2020-10-28, 04:43:03, 23.54, 49.99
2020-10-28, 04:43:04, 23.54, 49.99
2020-10-28, 04:43:06, 23.55, 50.02
2020-10-28, 04:43:07, 23.52, 49.98
2020-10-28, 04:43:08, 23.53, 49.98
2020-10-28, 04:43:10, 23.52, 50.01
2020-10-28, 04:43:11, 23.53, 50.02
2020-10-28, 04:43:12, 23.53, 50.05
2020-10-28, 04:43:14, 23.54, 50.02
2020-10-28, 04:43:15, 23.54, 50.02
2020-10-28, 04:43:16, 23.54, 50.05
2020-10-28, 04:43:18, 23.54, 50.02
2020-10-28, 04:43:19, 23.53, 50.05
2020-10-28, 04:43:21, 23.54, 50.05
2020-10-28, 04:43:22, 23.53, 50.05
2020-10-28, 04:43:23, 23.52, 50.05
2020-10-28, 04:43:25, 23.52, 50.05
2020-10-28, 04:43:26, 23.53, 50.02
2020-10-28, 04:43:27, 23.52, 50.05
2020-10-28, 04:43:29, 23.52, 50.05
2020-10-28, 04:43:30, 23.52, 50.05
2020-10-28, 04:43:31, 23.52, 50.05
2020-10-28, 04:43:33, 23.5, 50.04
2020-10-28, 04:43:34, 23.51, 50.08
2020-10-28, 04:43:35, 23.52, 50.08
2020-10-28, 04:43:37, 23.52, 50.08
2020-10-28, 04:43:38, 23.52, 50.08
2020-10-28, 04:43:39, 23.53, 50.08
2020-10-28, 04:43:41, 23.51, 50.08
2020-10-28, 04:43:42, 23.51, 50.08
2020-10-28, 04:43:44, 23.5, 50.11
2020-10-28, 04:43:45, 23.5, 50.08
2020-10-28, 04:43:46, 23.5, 50.11
2020-10-28, 04:43:48, 23.51, 50.11
2020-10-28, 04:43:49, 23.51, 50.11
2020-10-28, 04:43:50, 23.52, 50.11
2020-10-28, 04:43:52, 23.5, 50.11
2020-10-28, 04:43:53, 23.52, 50.11
2020-10-28, 04:43:54, 23.51, 50.14
2020-10-28, 04:43:56, 23.5, 50.14
2020-10-28, 04:43:57, 23.49, 50.11
2020-10-28, 04:43:58, 23.51, 50.14
2020-10-28, 04:44:00, 23.52, 50.14
2020-10-28, 04:44:01, 23.51, 50.11
2020-10-28, 04:44:03, 23.51, 50.14
2020-10-28, 04:44:04, 23.51, 50.14
2020-10-28, 04:44:05, 23.5, 50.14
2020-10-28, 04:44:07, 23.51, 50.14
2020-10-28, 04:44:08, 23.51, 50.14
2020-10-28, 04:44:09, 23.52, 50.14
2020-10-28, 04:44:11, 23.49, 50.14
2020-10-28, 04:44:12, 23.49, 50.14
2020-10-28, 04:44:13, 23.5, 50.17
2020-10-28, 04:44:15, 23.52, 50.14
2020-10-28, 04:44:16, 23.5, 50.14
2020-10-28, 04:44:17, 23.5, 50.14
2020-10-28, 04:44:19, 23.51, 50.17
2020-10-28, 04:44:20, 23.52, 50.17
2020-10-28, 04:44:22, 23.51, 50.17
2020-10-28, 04:44:23, 23.5, 50.17
2020-10-28, 04:44:24, 23.5, 50.14
2020-10-28, 04:44:26, 23.5, 50.17
2020-10-28, 04:44:27, 23.48, 50.17
2020-10-28, 04:44:28, 23.5, 50.17
2020-10-28, 04:44:30, 23.48, 50.17
2020-10-28, 04:44:31, 23.48, 50.2
2020-10-28, 04:44:32, 23.5, 50.17
2020-10-28, 04:44:34, 23.51, 50.2
2020-10-28, 04:44:35, 23.49, 50.2
2020-10-28, 04:44:36, 23.5, 50.2
2020-10-28, 04:44:38, 23.48, 50.2
2020-10-28, 04:44:39, 23.5, 50.23
2020-10-28, 04:44:40, 23.49, 50.23
2020-10-28, 04:44:42, 23.48, 50.23
2020-10-28, 04:44:43, 23.48, 50.23
2020-10-28, 04:44:45, 23.49, 50.23
2020-10-28, 04:44:46, 23.48, 50.23
2020-10-28, 04:44:47, 23.49, 50.23
2020-10-28, 04:44:49, 23.49, 50.23
2020-10-28, 04:44:50, 23.49, 50.23
2020-10-28, 04:44:51, 23.49, 50.23
2020-10-28, 04:44:53, 23.48, 50.26
2020-10-28, 04:44:54, 23.49, 50.23
2020-10-28, 04:44:55, 23.47, 50.26
2020-10-28, 04:44:57, 23.47, 50.26
2020-10-28, 04:44:58, 23.46, 50.26
2020-10-28, 04:44:59, 23.47, 50.29
2020-10-28, 04:45:01, 23.48, 50.29
2020-10-28, 04:45:02, 23.46, 50.29
2020-10-28, 04:45:04, 23.47, 50.29
2020-10-28, 04:45:05, 23.47, 50.29
2020-10-28, 04:45:06, 23.47, 50.29
2020-10-28, 04:45:08, 23.49, 50.3
2020-10-28, 04:45:09, 23.47, 50.29
2020-10-28, 04:45:10, 23.47, 50.33
2020-10-28, 04:45:12, 23.46, 50.29
2020-10-28, 04:45:13, 23.46, 50.29
2020-10-28, 04:45:14, 23.47, 50.33
2020-10-28, 04:45:16, 23.46, 50.32
2020-10-28, 04:45:17, 23.47, 50.33
2020-10-28, 04:45:18, 23.46, 50.32
2020-10-28, 04:45:20, 23.47, 50.33
2020-10-28, 04:45:21, 23.46, 50.36
2020-10-28, 04:45:23, 23.46, 50.32
2020-10-28, 04:45:24, 23.47, 50.36
2020-10-28, 04:45:25, 23.46, 50.36
2020-10-28, 04:45:27, 23.46, 50.36
2020-10-28, 04:45:28, 23.47, 50.36
2020-10-28, 04:45:29, 23.46, 50.36
2020-10-28, 04:45:31, 23.46, 50.36
2020-10-28, 04:45:32, 23.47, 50.36
2020-10-28, 04:45:33, 23.46, 50.36
2020-10-28, 04:45:35, 23.47, 50.36
2020-10-28, 04:45:36, 23.46, 50.36
2020-10-28, 04:45:37, 23.46, 50.36
2020-10-28, 04:45:39, 23.46, 50.36
2020-10-28, 04:45:40, 23.47, 50.36
2020-10-28, 04:45:42, 23.46, 50.36
2020-10-28, 04:45:43, 23.46, 50.36
2020-10-28, 04:45:44, 23.45, 50.35
2020-10-28, 04:45:46, 23.47, 50.36
2020-10-28, 04:45:47, 23.47, 50.36
2020-10-28, 04:45:48, 23.46, 50.36
2020-10-28, 04:45:50, 23.47, 50.36
2020-10-28, 04:45:51, 23.47, 50.36
2020-10-28, 04:45:52, 23.46, 50.36
2020-10-28, 04:45:54, 23.46, 50.36
2020-10-28, 04:45:55, 23.46, 50.39
2020-10-28, 04:45:56, 23.47, 50.36
2020-10-28, 04:45:58, 23.46, 50.36
2020-10-28, 04:45:59, 23.46, 50.36
2020-10-28, 04:46:00, 23.46, 50.39
2020-10-28, 04:46:02, 23.46, 50.39
2020-10-28, 04:46:03, 23.46, 50.39
2020-10-28, 04:46:05, 23.45, 50.39
2020-10-28, 04:46:06, 23.44, 50.38
2020-10-28, 04:46:07, 23.46, 50.36
2020-10-28, 04:46:09, 23.45, 50.39
2020-10-28, 04:46:10, 23.45, 50.39
2020-10-28, 04:46:11, 23.45, 50.39
2020-10-28, 04:46:13, 23.45, 50.42
2020-10-28, 04:46:14, 23.44, 50.42
2020-10-28, 04:46:15, 23.43, 50.41
2020-10-28, 04:46:17, 23.44, 50.45
2020-10-28, 04:46:18, 23.44, 50.45
2020-10-28, 04:46:19, 23.44, 50.45
2020-10-28, 04:46:21, 23.43, 50.41
2020-10-28, 04:46:22, 23.44, 50.45
2020-10-28, 04:46:24, 23.44, 50.45
2020-10-28, 04:46:25, 23.44, 50.45
2020-10-28, 04:46:26, 23.46, 50.45
2020-10-28, 04:46:28, 23.44, 50.45
2020-10-28, 04:46:29, 23.45, 50.45
2020-10-28, 04:46:30, 23.45, 50.45
2020-10-28, 04:46:32, 23.46, 50.48
2020-10-28, 04:46:33, 23.46, 50.45
2020-10-28, 04:46:34, 23.44, 50.48
2020-10-28, 04:46:36, 23.45, 50.45
2020-10-28, 04:46:37, 23.44, 50.45
2020-10-28, 04:46:38, 23.44, 50.48
2020-10-28, 04:46:40, 23.44, 50.48
2020-10-28, 04:46:41, 23.44, 50.48
2020-10-28, 04:46:42, 23.43, 50.48
2020-10-28, 04:46:44, 23.44, 50.48
2020-10-28, 04:46:45, 23.45, 50.48
2020-10-28, 04:46:47, 23.44, 50.51
2020-10-28, 04:46:48, 23.44, 50.48
2020-10-28, 04:46:49, 23.44, 50.48
2020-10-28, 04:46:51, 23.44, 50.51
2020-10-28, 04:46:52, 23.43, 50.48
2020-10-28, 04:46:53, 23.44, 50.48
2020-10-28, 04:46:55, 23.44, 50.51
2020-10-28, 04:46:56, 23.43, 50.51
2020-10-28, 04:46:57, 23.44, 50.51
2020-10-28, 04:46:59, 23.43, 50.54
2020-10-28, 04:47:00, 23.42, 50.51
2020-10-28, 04:47:01, 23.43, 50.51
2020-10-28, 04:47:03, 23.44, 50.51
2020-10-28, 04:47:04, 23.43, 50.54
2020-10-28, 04:47:06, 23.42, 50.54
2020-10-28, 04:47:07, 23.42, 50.54
2020-10-28, 04:47:08, 23.42, 50.54
2020-10-28, 04:47:10, 23.42, 50.54
2020-10-28, 04:47:11, 23.41, 50.54
2020-10-28, 04:47:12, 23.42, 50.57
2020-10-28, 04:47:14, 23.41, 50.54
2020-10-28, 04:47:15, 23.41, 50.6
2020-10-28, 04:47:16, 23.41, 50.57
2020-10-28, 04:47:18, 23.4, 50.57
2020-10-28, 04:47:19, 23.41, 50.57
2020-10-28, 04:47:20, 23.41, 50.57
2020-10-28, 04:47:22, 23.4, 50.57
2020-10-28, 04:47:23, 23.4, 50.6
2020-10-28, 04:47:24, 23.4, 50.57
2020-10-28, 04:47:26, 23.4, 50.6
2020-10-28, 04:47:27, 23.4, 50.6
2020-10-28, 04:47:29, 23.42, 50.6
2020-10-28, 04:47:30, 23.42, 50.6
2020-10-28, 04:47:31, 23.42, 50.6
2020-10-28, 04:47:33, 23.42, 50.6
2020-10-28, 04:47:34, 23.42, 50.6
2020-10-28, 04:47:35, 23.41, 50.6
2020-10-28, 04:47:37, 23.38, 50.6
2020-10-28, 04:47:38, 23.42, 50.64
2020-10-28, 04:47:39, 23.4, 50.63
2020-10-28, 04:47:41, 23.41, 50.63
2020-10-28, 04:47:42, 23.41, 50.63
2020-10-28, 04:47:43, 23.4, 50.66
2020-10-28, 04:47:45, 23.4, 50.66
2020-10-28, 04:47:46, 23.4, 50.66
2020-10-28, 04:47:48, 23.4, 50.66
2020-10-28, 04:47:49, 23.4, 50.63
2020-10-28, 04:47:50, 23.4, 50.66
2020-10-28, 04:47:52, 23.4, 50.66
2020-10-28, 04:47:53, 23.4, 50.66
2020-10-28, 04:47:54, 23.39, 50.66
2020-10-28, 04:47:56, 23.38, 50.66
2020-10-28, 04:47:57, 23.38, 50.66
2020-10-28, 04:47:58, 23.39, 50.66
2020-10-28, 04:48:00, 23.4, 50.66
2020-10-28, 04:48:01, 23.4, 50.66
2020-10-28, 04:48:02, 23.4, 50.66
2020-10-28, 04:48:04, 23.39, 50.66
2020-10-28, 04:48:05, 23.4, 50.66
2020-10-28, 04:48:06, 23.4, 50.7
2020-10-28, 04:48:08, 23.39, 50.66
2020-10-28, 04:48:09, 23.38, 50.66
2020-10-28, 04:48:11, 23.4, 50.66
2020-10-28, 04:48:12, 23.4, 50.7
2020-10-28, 04:48:13, 23.4, 50.66
2020-10-28, 04:48:15, 23.39, 50.66
2020-10-28, 04:48:16, 23.39, 50.66
2020-10-28, 04:48:17, 23.38, 50.66
2020-10-28, 04:48:19, 23.4, 50.66
2020-10-28, 04:48:20, 23.38, 50.66
2020-10-28, 04:48:21, 23.4, 50.66
2020-10-28, 04:48:23, 23.4, 50.66
2020-10-28, 04:48:24, 23.39, 50.66
2020-10-28, 04:48:25, 23.41, 50.67
2020-10-28, 04:48:27, 23.4, 50.66
2020-10-28, 04:48:28, 23.41, 50.67
2020-10-28, 04:48:30, 23.41, 50.67
2020-10-28, 04:48:31, 23.41, 50.67
2020-10-28, 04:48:32, 23.41, 50.67
2020-10-28, 04:48:34, 23.41, 50.7
2020-10-28, 04:48:35, 23.42, 50.7
2020-10-28, 04:48:36, 23.42, 50.67
2020-10-28, 04:48:38, 23.42, 50.7
2020-10-28, 04:48:39, 23.42, 50.67
2020-10-28, 04:48:40, 23.43, 50.67
2020-10-28, 04:48:42, 23.41, 50.67
2020-10-28, 04:48:43, 23.43, 50.67
2020-10-28, 04:48:44, 23.42, 50.67
2020-10-28, 04:48:46, 23.42, 50.67
2020-10-28, 04:48:47, 23.41, 50.67
2020-10-28, 04:48:49, 23.42, 50.7
2020-10-28, 04:48:50, 23.4, 50.7
2020-10-28, 04:48:51, 23.4, 50.73
2020-10-28, 04:48:53, 23.4, 50.73
2020-10-28, 04:48:54, 23.39, 50.73
2020-10-28, 04:48:55, 23.4, 50.73
2020-10-28, 04:48:57, 23.41, 50.73
2020-10-28, 04:48:58, 23.38, 50.72
2020-10-28, 04:48:59, 23.37, 50.72
2020-10-28, 04:49:01, 23.39, 50.73
2020-10-28, 04:49:02, 23.39, 50.73
2020-10-28, 04:49:03, 23.4, 50.73
2020-10-28, 04:49:05, 23.39, 50.73
2020-10-28, 04:49:06, 23.4, 50.73
2020-10-28, 04:49:07, 23.4, 50.73
2020-10-28, 04:49:09, 23.4, 50.73
2020-10-28, 04:49:10, 23.39, 50.73
2020-10-28, 04:49:12, 23.4, 50.73
2020-10-28, 04:49:13, 23.4, 50.73
2020-10-28, 04:49:14, 23.4, 50.76
2020-10-28, 04:49:16, 23.4, 50.73
2020-10-28, 04:49:17, 23.4, 50.76
2020-10-28, 04:49:18, 23.4, 50.76
2020-10-28, 04:49:20, 23.4, 50.73
2020-10-28, 04:49:21, 23.4, 50.76
2020-10-28, 04:49:22, 23.4, 50.76
2020-10-28, 04:49:24, 23.4, 50.76
2020-10-28, 04:49:25, 23.4, 50.76
2020-10-28, 04:49:26, 23.4, 50.76
2020-10-28, 04:49:28, 23.4, 50.76
2020-10-28, 04:49:29, 23.4, 50.76
2020-10-28, 04:49:31, 23.39, 50.73
2020-10-28, 04:49:32, 23.4, 50.76
2020-10-28, 04:49:33, 23.4, 50.76
2020-10-28, 04:49:35, 23.4, 50.76
2020-10-28, 04:49:36, 23.42, 50.76
2020-10-28, 04:49:37, 23.41, 50.76
2020-10-28, 04:49:39, 23.41, 50.73
2020-10-28, 04:49:40, 23.4, 50.76
2020-10-28, 04:49:41, 23.4, 50.76
2020-10-28, 04:49:43, 23.4, 50.79
2020-10-28, 04:49:44, 23.39, 50.76
2020-10-28, 04:49:45, 23.4, 50.79
2020-10-28, 04:49:47, 23.39, 50.79
2020-10-28, 04:49:48, 23.4, 50.79
2020-10-28, 04:49:49, 23.4, 50.79
2020-10-28, 04:49:51, 23.41, 50.79
2020-10-28, 04:49:52, 23.41, 50.79
2020-10-28, 04:49:54, 23.4, 50.76
2020-10-28, 04:49:55, 23.41, 50.79
2020-10-28, 04:49:56, 23.42, 50.76
2020-10-28, 04:49:58, 23.42, 50.76
2020-10-28, 04:49:59, 23.4, 50.79
2020-10-28, 04:50:00, 23.41, 50.76
2020-10-28, 04:50:02, 23.41, 50.76
2020-10-28, 04:50:03, 23.41, 50.79
2020-10-28, 04:50:04, 23.41, 50.79
2020-10-28, 04:50:06, 23.42, 50.79
2020-10-28, 04:50:07, 23.42, 50.79
2020-10-28, 04:50:08, 23.4, 50.76
2020-10-28, 04:50:10, 23.4, 50.76
2020-10-28, 04:50:11, 23.4, 50.76
2020-10-28, 04:50:13, 23.41, 50.79
2020-10-28, 04:50:14, 23.41, 50.76
2020-10-28, 04:50:15, 23.4, 50.79
2020-10-28, 04:50:17, 23.4, 50.79
2020-10-28, 04:50:18, 23.4, 50.76
2020-10-28, 04:50:19, 23.4, 50.79
2020-10-28, 04:50:21, 23.4, 50.79
2020-10-28, 04:50:22, 23.4, 50.79
2020-10-28, 04:50:23, 23.41, 50.79
2020-10-28, 04:50:25, 23.41, 50.79
2020-10-28, 04:50:26, 23.42, 50.79
2020-10-28, 04:50:27, 23.42, 50.79
2020-10-28, 04:50:29, 23.41, 50.79
2020-10-28, 04:50:30, 23.4, 50.79
2020-10-28, 04:50:32, 23.41, 50.79
2020-10-28, 04:50:33, 23.42, 50.79
2020-10-28, 04:50:34, 23.42, 50.79
2020-10-28, 04:50:36, 23.42, 50.79
2020-10-28, 04:50:37, 23.42, 50.79
2020-10-28, 04:50:38, 23.42, 50.76
2020-10-28, 04:50:40, 23.42, 50.76
2020-10-28, 04:50:41, 23.41, 50.79
2020-10-28, 04:50:42, 23.4, 50.79
2020-10-28, 04:50:44, 23.4, 50.79
2020-10-28, 04:50:45, 23.4, 50.79
2020-10-28, 04:50:46, 23.4, 50.79
2020-10-28, 04:50:48, 23.42, 50.79
2020-10-28, 04:50:49, 23.41, 50.79
2020-10-28, 04:50:50, 23.4, 50.79
2020-10-28, 04:50:52, 23.4, 50.79
2020-10-28, 04:50:53, 23.4, 50.79
2020-10-28, 04:50:55, 23.42, 50.79
2020-10-28, 04:50:56, 23.42, 50.79
2020-10-28, 04:50:57, 23.42, 50.79
2020-10-28, 04:50:59, 23.42, 50.79
2020-10-28, 04:51:00, 23.42, 50.79
2020-10-28, 04:51:01, 23.43, 50.79
2020-10-28, 04:51:03, 23.44, 50.8
2020-10-28, 04:51:04, 23.44, 50.8
2020-10-28, 04:51:05, 23.44, 50.76
2020-10-28, 04:51:07, 23.44, 50.8
2020-10-28, 04:51:08, 23.43, 50.79
2020-10-28, 04:51:09, 23.43, 50.79
2020-10-28, 04:51:11, 23.43, 50.79
2020-10-28, 04:51:12, 23.42, 50.79
2020-10-28, 04:51:14, 23.44, 50.8
2020-10-28, 04:51:15, 23.42, 50.79
2020-10-28, 04:51:16, 23.42, 50.79
2020-10-28, 04:51:18, 23.42, 50.82
2020-10-28, 04:51:19, 23.44, 50.8
2020-10-28, 04:51:20, 23.43, 50.79
2020-10-28, 04:51:22, 23.43, 50.79
2020-10-28, 04:51:23, 23.42, 50.82
2020-10-28, 04:51:24, 23.42, 50.82
2020-10-28, 04:51:26, 23.42, 50.82
2020-10-28, 04:51:27, 23.42, 50.82
2020-10-28, 04:51:28, 23.42, 50.82
2020-10-28, 04:51:30, 23.42, 50.82
2020-10-28, 04:51:31, 23.44, 50.86
2020-10-28, 04:51:33, 23.42, 50.86
2020-10-28, 04:51:34, 23.41, 50.82
2020-10-28, 04:51:35, 23.41, 50.82
2020-10-28, 04:51:37, 23.4, 50.82
2020-10-28, 04:51:38, 23.42, 50.82
2020-10-28, 04:51:39, 23.42, 50.86
2020-10-28, 04:51:41, 23.42, 50.86
2020-10-28, 04:51:42, 23.41, 50.86
2020-10-28, 04:51:43, 23.42, 50.82
2020-10-28, 04:51:45, 23.41, 50.86
2020-10-28, 04:51:46, 23.42, 50.86
2020-10-28, 04:51:47, 23.42, 50.82
2020-10-28, 04:51:49, 23.42, 50.86
2020-10-28, 04:51:50, 23.42, 50.86
2020-10-28, 04:51:52, 23.42, 50.86
2020-10-28, 04:51:53, 23.41, 50.86
2020-10-28, 04:51:54, 23.42, 50.86
2020-10-28, 04:51:56, 23.41, 50.86
2020-10-28, 04:51:57, 23.42, 50.82
2020-10-28, 04:51:58, 23.42, 50.86
2020-10-28, 04:52:00, 23.43, 50.83
2020-10-28, 04:52:01, 23.42, 50.86
2020-10-28, 04:52:02, 23.41, 50.86
2020-10-28, 04:52:04, 23.42, 50.86
2020-10-28, 04:52:05, 23.42, 50.82
2020-10-28, 04:52:06, 23.42, 50.86
2020-10-28, 04:52:08, 23.41, 50.86
2020-10-28, 04:52:09, 23.42, 50.86
2020-10-28, 04:52:11, 23.41, 50.86
2020-10-28, 04:52:12, 23.41, 50.86
2020-10-28, 04:52:13, 23.42, 50.86
2020-10-28, 04:52:15, 23.4, 50.85
2020-10-28, 04:52:16, 23.4, 50.85
2020-10-28, 04:52:17, 23.42, 50.89
2020-10-28, 04:52:19, 23.42, 50.86
2020-10-28, 04:52:20, 23.41, 50.89
2020-10-28, 04:52:21, 23.42, 50.86
2020-10-28, 04:52:23, 23.41, 50.86
2020-10-28, 04:52:24, 23.4, 50.85
2020-10-28, 04:52:25, 23.4, 50.85
2020-10-28, 04:52:27, 23.41, 50.86
2020-10-28, 04:52:28, 23.41, 50.86
2020-10-28, 04:52:29, 23.42, 50.86
2020-10-28, 04:52:31, 23.41, 50.86
2020-10-28, 04:52:32, 23.4, 50.85
2020-10-28, 04:52:34, 23.41, 50.86
2020-10-28, 04:52:35, 23.42, 50.86
2020-10-28, 04:52:36, 23.42, 50.86
2020-10-28, 04:52:38, 23.41, 50.86
2020-10-28, 04:52:39, 23.4, 50.85
2020-10-28, 04:52:40, 23.4, 50.85
2020-10-28, 04:52:42, 23.4, 50.85
2020-10-28, 04:52:43, 23.4, 50.85
2020-10-28, 04:52:44, 23.41, 50.86
2020-10-28, 04:52:46, 23.4, 50.85
2020-10-28, 04:52:47, 23.42, 50.86
2020-10-28, 04:52:48, 23.42, 50.86
2020-10-28, 04:52:50, 23.41, 50.86
2020-10-28, 04:52:51, 23.41, 50.86
2020-10-28, 04:52:52, 23.42, 50.86
2020-10-28, 04:52:54, 23.42, 50.82
2020-10-28, 04:52:55, 23.42, 50.82
2020-10-28, 04:52:57, 23.42, 50.86
2020-10-28, 04:52:58, 23.42, 50.82
2020-10-28, 04:52:59, 23.42, 50.82
2020-10-28, 04:53:01, 23.42, 50.82
2020-10-28, 04:53:02, 23.42, 50.82
2020-10-28, 04:53:03, 23.42, 50.82
2020-10-28, 04:53:05, 23.42, 50.79
2020-10-28, 04:53:06, 23.43, 50.83
2020-10-28, 04:53:07, 23.41, 50.79
2020-10-28, 04:53:09, 23.43, 50.83
2020-10-28, 04:53:10, 23.42, 50.79
2020-10-28, 04:53:11, 23.43, 50.79
2020-10-28, 04:53:13, 23.43, 50.83
2020-10-28, 04:53:14, 23.43, 50.79
2020-10-28, 04:53:16, 23.42, 50.79
2020-10-28, 04:53:17, 23.43, 50.79
2020-10-28, 04:53:18, 23.42, 50.79
2020-10-28, 04:53:20, 23.43, 50.79
2020-10-28, 04:53:21, 23.43, 50.79
2020-10-28, 04:53:22, 23.43, 50.79
2020-10-28, 04:53:24, 23.44, 50.8
2020-10-28, 04:53:25, 23.44, 50.8
2020-10-28, 04:53:26, 23.44, 50.8
2020-10-28, 04:53:28, 23.44, 50.8
2020-10-28, 04:53:29, 23.44, 50.8
2020-10-28, 04:53:30, 23.44, 50.8
2020-10-28, 04:53:32, 23.43, 50.76
2020-10-28, 04:53:33, 23.44, 50.8
2020-10-28, 04:53:34, 23.44, 50.76
2020-10-28, 04:53:36, 23.44, 50.76
2020-10-28, 04:53:37, 23.45, 50.77
2020-10-28, 04:53:39, 23.45, 50.77
2020-10-28, 04:53:40, 23.45, 50.77
2020-10-28, 04:53:41, 23.47, 50.77
2020-10-28, 04:53:43, 23.47, 50.77
2020-10-28, 04:53:44, 23.47, 50.74
2020-10-28, 04:53:45, 23.46, 50.74
2020-10-28, 04:53:47, 23.45, 50.73
2020-10-28, 04:53:48, 23.46, 50.74
2020-10-28, 04:53:49, 23.46, 50.74
2020-10-28, 04:53:51, 23.45, 50.73
2020-10-28, 04:53:52, 23.47, 50.74
2020-10-28, 04:53:53, 23.46, 50.7
2020-10-28, 04:53:55, 23.46, 50.74
2020-10-28, 04:53:56, 23.46, 50.7
2020-10-28, 04:53:58, 23.47, 50.71
2020-10-28, 04:53:59, 23.47, 50.71
2020-10-28, 04:54:00, 23.46, 50.67
2020-10-28, 04:54:02, 23.47, 50.67
2020-10-28, 04:54:03, 23.46, 50.67
2020-10-28, 04:54:04, 23.48, 50.67
2020-10-28, 04:54:06, 23.48, 50.67
2020-10-28, 04:54:07, 23.49, 50.68
2020-10-28, 04:54:08, 23.48, 50.67
2020-10-28, 04:54:10, 23.48, 50.67
2020-10-28, 04:54:11, 23.48, 50.67
2020-10-28, 04:54:12, 23.49, 50.68
2020-10-28, 04:54:14, 23.48, 50.67
2020-10-28, 04:54:15, 23.49, 50.68
2020-10-28, 04:54:17, 23.46, 50.64
2020-10-28, 04:54:18, 23.48, 50.67
2020-10-28, 04:54:19, 23.49, 50.64
2020-10-28, 04:54:21, 23.46, 50.64
2020-10-28, 04:54:22, 23.48, 50.64
2020-10-28, 04:54:23, 23.48, 50.61
2020-10-28, 04:54:25, 23.48, 50.64
2020-10-28, 04:54:26, 23.5, 50.65
2020-10-28, 04:54:27, 23.48, 50.61
2020-10-28, 04:54:29, 23.5, 50.65
2020-10-28, 04:54:30, 23.5, 50.61
2020-10-28, 04:54:31, 23.5, 50.65
2020-10-28, 04:54:33, 23.5, 50.61
2020-10-28, 04:54:34, 23.51, 50.62
2020-10-28, 04:54:36, 23.51, 50.62
2020-10-28, 04:54:37, 23.52, 50.62
2020-10-28, 04:54:38, 23.5, 50.61
2020-10-28, 04:54:40, 23.5, 50.58
2020-10-28, 04:54:41, 23.51, 50.62
2020-10-28, 04:54:42, 23.5, 50.61
2020-10-28, 04:54:44, 23.5, 50.61
2020-10-28, 04:54:45, 23.51, 50.58
2020-10-28, 04:54:46, 23.52, 50.59
2020-10-28, 04:54:48, 23.52, 50.59
2020-10-28, 04:54:49, 23.5, 50.55
2020-10-28, 04:54:50, 23.53, 50.55
2020-10-28, 04:54:52, 23.53, 50.55
2020-10-28, 04:54:53, 23.53, 50.55
2020-10-28, 04:54:54, 23.53, 50.55
2020-10-28, 04:54:56, 23.53, 50.55
2020-10-28, 04:54:57, 23.53, 50.55
2020-10-28, 04:54:59, 23.54, 50.52
2020-10-28, 04:55:00, 23.54, 50.52
2020-10-28, 04:55:01, 23.54, 50.52
2020-10-28, 04:55:03, 23.54, 50.52
2020-10-28, 04:55:04, 23.52, 50.49
2020-10-28, 04:55:05, 23.54, 50.49
2020-10-28, 04:55:07, 23.54, 50.49
2020-10-28, 04:55:08, 23.54, 50.52
2020-10-28, 04:55:09, 23.53, 50.49
2020-10-28, 04:55:11, 23.54, 50.49
2020-10-28, 04:55:12, 23.54, 50.49
2020-10-28, 04:55:14, 23.56, 50.5
2020-10-28, 04:55:15, 23.55, 50.49
2020-10-28, 04:55:16, 23.56, 50.5
2020-10-28, 04:55:18, 23.56, 50.5
2020-10-28, 04:55:19, 23.55, 50.49
2020-10-28, 04:55:20, 23.55, 50.49
2020-10-28, 04:55:22, 23.55, 50.49
2020-10-28, 04:55:23, 23.55, 50.49
2020-10-28, 04:55:24, 23.56, 50.5
2020-10-28, 04:55:26, 23.55, 50.46
2020-10-28, 04:55:27, 23.57, 50.47
2020-10-28, 04:55:28, 23.56, 50.46
2020-10-28, 04:55:30, 23.57, 50.47
2020-10-28, 04:55:31, 23.58, 50.47
2020-10-28, 04:55:33, 23.57, 50.47
2020-10-28, 04:55:34, 23.57, 50.43
2020-10-28, 04:55:35, 23.57, 50.43
2020-10-28, 04:55:37, 23.56, 50.46
2020-10-28, 04:55:38, 23.58, 50.43
2020-10-28, 04:55:39, 23.58, 50.43
2020-10-28, 04:55:41, 23.57, 50.43
2020-10-28, 04:55:42, 23.57, 50.43
2020-10-28, 04:55:43, 23.58, 50.43
2020-10-28, 04:55:45, 23.57, 50.4
2020-10-28, 04:55:46, 23.58, 50.4
2020-10-28, 04:55:47, 23.56, 50.43
2020-10-28, 04:55:49, 23.57, 50.4
2020-10-28, 04:55:50, 23.57, 50.43
2020-10-28, 04:55:52, 23.57, 50.4
2020-10-28, 04:55:53, 23.57, 50.4
2020-10-28, 04:55:54, 23.57, 50.4
2020-10-28, 04:55:56, 23.57, 50.37
2020-10-28, 04:55:57, 23.56, 50.4
2020-10-28, 04:55:58, 23.58, 50.4
2020-10-28, 04:56:00, 23.58, 50.4
2020-10-28, 04:56:01, 23.58, 50.37
2020-10-28, 04:56:02, 23.59, 50.37
2020-10-28, 04:56:04, 23.57, 50.37
2020-10-28, 04:56:05, 23.59, 50.37
2020-10-28, 04:56:06, 23.59, 50.37
2020-10-28, 04:56:08, 23.57, 50.37
2020-10-28, 04:56:09, 23.59, 50.37
2020-10-28, 04:56:11, 23.58, 50.37
2020-10-28, 04:56:12, 23.59, 50.37
2020-10-28, 04:56:13, 23.58, 50.37
2020-10-28, 04:56:15, 23.59, 50.34
2020-10-28, 04:56:16, 23.58, 50.37
2020-10-28, 04:56:17, 23.58, 50.34
2020-10-28, 04:56:19, 23.58, 50.31
2020-10-28, 04:56:20, 23.6, 50.34
2020-10-28, 04:56:21, 23.6, 50.34
2020-10-28, 04:56:23, 23.6, 50.31
2020-10-28, 04:56:24, 23.6, 50.31
2020-10-28, 04:56:25, 23.59, 50.31
2020-10-28, 04:56:27, 23.6, 50.31
2020-10-28, 04:56:28, 23.61, 50.31
2020-10-28, 04:56:30, 23.61, 50.31
2020-10-28, 04:56:31, 23.61, 50.31
2020-10-28, 04:56:32, 23.62, 50.31
2020-10-28, 04:56:34, 23.62, 50.31
2020-10-28, 04:56:35, 23.61, 50.28
2020-10-28, 04:56:36, 23.62, 50.31
2020-10-28, 04:56:38, 23.62, 50.28
2020-10-28, 04:56:39, 23.63, 50.28
2020-10-28, 04:56:40, 23.62, 50.28
2020-10-28, 04:56:42, 23.62, 50.25
2020-10-28, 04:56:43, 23.63, 50.25
2020-10-28, 04:56:44, 23.61, 50.25
2020-10-28, 04:56:46, 23.63, 50.25
2020-10-28, 04:56:47, 23.62, 50.25
2020-10-28, 04:56:49, 23.64, 50.25
2020-10-28, 04:56:50, 23.62, 50.25
2020-10-28, 04:56:51, 23.63, 50.25
2020-10-28, 04:56:53, 23.61, 50.25
2020-10-28, 04:56:54, 23.63, 50.25
2020-10-28, 04:56:55, 23.62, 50.25
2020-10-28, 04:56:57, 23.61, 50.25
2020-10-28, 04:56:58, 23.62, 50.22
2020-10-28, 04:56:59, 23.62, 50.22
2020-10-28, 04:57:01, 23.64, 50.22
2020-10-28, 04:57:02, 23.63, 50.19
2020-10-28, 04:57:04, 23.62, 50.19
2020-10-28, 04:57:05, 23.64, 50.19
2020-10-28, 04:57:06, 23.64, 50.19
2020-10-28, 04:57:08, 23.63, 50.19
2020-10-28, 04:57:09, 23.64, 50.19
2020-10-28, 04:57:10, 23.63, 50.19
2020-10-28, 04:57:12, 23.64, 50.19
2020-10-28, 04:57:13, 23.66, 50.19
2020-10-28, 04:57:14, 23.64, 50.19
2020-10-28, 04:57:16, 23.64, 50.19
2020-10-28, 04:57:17, 23.65, 50.19
2020-10-28, 04:57:18, 23.64, 50.19
2020-10-28, 04:57:20, 23.63, 50.19
2020-10-28, 04:57:21, 23.64, 50.19
2020-10-28, 04:57:22, 23.65, 50.19
2020-10-28, 04:57:24, 23.63, 50.19
2020-10-28, 04:57:25, 23.63, 50.19
2020-10-28, 04:57:27, 23.63, 50.16
2020-10-28, 04:57:28, 23.64, 50.19
2020-10-28, 04:57:29, 23.64, 50.16
2020-10-28, 04:57:31, 23.64, 50.19
2020-10-28, 04:57:32, 23.65, 50.16
2020-10-28, 04:57:33, 23.65, 50.16
2020-10-28, 04:57:35, 23.64, 50.16
2020-10-28, 04:57:36, 23.64, 50.13
2020-10-28, 04:57:37, 23.65, 50.13
2020-10-28, 04:57:39, 23.66, 50.13
2020-10-28, 04:57:40, 23.66, 50.13
2020-10-28, 04:57:41, 23.66, 50.13
2020-10-28, 04:57:43, 23.68, 50.13
2020-10-28, 04:57:44, 23.67, 50.13
2020-10-28, 04:57:46, 23.66, 50.1
2020-10-28, 04:57:47, 23.67, 50.13
2020-10-28, 04:57:48, 23.66, 50.1
2020-10-28, 04:57:50, 23.67, 50.1
2020-10-28, 04:57:51, 23.68, 50.1
2020-10-28, 04:57:52, 23.67, 50.1
2020-10-28, 04:57:54, 23.68, 50.1
2020-10-28, 04:57:55, 23.69, 50.07
2020-10-28, 04:57:56, 23.68, 50.07
2020-10-28, 04:57:58, 23.66, 50.07
2020-10-28, 04:57:59, 23.68, 50.07
2020-10-28, 04:58:00, 23.67, 50.07
2020-10-28, 04:58:02, 23.68, 50.04
2020-10-28, 04:58:03, 23.68, 50.04
2020-10-28, 04:58:05, 23.68, 50.04
2020-10-28, 04:58:06, 23.68, 50.04
2020-10-28, 04:58:07, 23.68, 50.0
2020-10-28, 04:58:09, 23.68, 50.04
2020-10-28, 04:58:10, 23.69, 50.04
2020-10-28, 04:58:11, 23.68, 50.04
2020-10-28, 04:58:13, 23.69, 50.04
2020-10-28, 04:58:14, 23.68, 50.04
2020-10-28, 04:58:15, 23.68, 50.07
2020-10-28, 04:58:17, 23.68, 50.04
2020-10-28, 04:58:18, 23.69, 50.04
2020-10-28, 04:58:19, 23.69, 50.04
2020-10-28, 04:58:21, 23.69, 50.04
2020-10-28, 04:58:22, 23.69, 50.01
2020-10-28, 04:58:24, 23.71, 50.01
2020-10-28, 04:58:25, 23.68, 50.0
2020-10-28, 04:58:26, 23.7, 50.01
2020-10-28, 04:58:28, 23.69, 49.97
2020-10-28, 04:58:29, 23.69, 49.97
2020-10-28, 04:58:30, 23.68, 49.97
2020-10-28, 04:58:32, 23.68, 49.97
2020-10-28, 04:58:33, 23.7, 49.98
2020-10-28, 04:58:34, 23.69, 49.94
2020-10-28, 04:58:36, 23.7, 49.98
2020-10-28, 04:58:37, 23.69, 49.97
2020-10-28, 04:58:38, 23.7, 49.94
2020-10-28, 04:58:40, 23.7, 49.98
2020-10-28, 04:58:41, 23.7, 49.98
2020-10-28, 04:58:42, 23.7, 49.94
2020-10-28, 04:58:44, 23.7, 49.98
2020-10-28, 04:58:45, 23.7, 49.98
2020-10-28, 04:58:47, 23.69, 49.94
2020-10-28, 04:58:48, 23.7, 49.94
2020-10-28, 04:58:49, 23.7, 49.98
2020-10-28, 04:58:51, 23.71, 49.98
2020-10-28, 04:58:52, 23.7, 49.98
2020-10-28, 04:58:53, 23.7, 49.94
2020-10-28, 04:58:55, 23.7, 49.98
2020-10-28, 04:58:56, 23.7, 49.98
2020-10-28, 04:58:57, 23.71, 49.94
2020-10-28, 04:58:59, 23.7, 49.98
2020-10-28, 04:59:00, 23.72, 49.95
2020-10-28, 04:59:01, 23.7, 49.94
2020-10-28, 04:59:03, 23.7, 49.94
2020-10-28, 04:59:04, 23.71, 49.94
2020-10-28, 04:59:06, 23.71, 49.94
2020-10-28, 04:59:07, 23.71, 49.94
2020-10-28, 04:59:08, 23.72, 49.95
2020-10-28, 04:59:10, 23.71, 49.94
2020-10-28, 04:59:11, 23.71, 49.94
2020-10-28, 04:59:12, 23.71, 49.94
2020-10-28, 04:59:14, 23.71, 49.94
2020-10-28, 04:59:15, 23.72, 49.95
2020-10-28, 04:59:16, 23.73, 49.95
2020-10-28, 04:59:18, 23.72, 49.91
2020-10-28, 04:59:19, 23.71, 49.88
2020-10-28, 04:59:20, 23.72, 49.91
2020-10-28, 04:59:22, 23.72, 49.88
2020-10-28, 04:59:23, 23.73, 49.88
2020-10-28, 04:59:24, 23.73, 49.88
2020-10-28, 04:59:26, 23.72, 49.91
2020-10-28, 04:59:27, 23.72, 49.88
2020-10-28, 04:59:29, 23.72, 49.88
2020-10-28, 04:59:30, 23.73, 49.88
2020-10-28, 04:59:31, 23.73, 49.88
2020-10-28, 04:59:33, 23.73, 49.88
2020-10-28, 04:59:34, 23.72, 49.88
2020-10-28, 04:59:35, 23.73, 49.88
2020-10-28, 04:59:37, 23.72, 49.88
2020-10-28, 04:59:38, 23.72, 49.88
2020-10-28, 04:59:39, 23.74, 49.89
2020-10-28, 04:59:41, 23.72, 49.88
2020-10-28, 04:59:42, 23.73, 49.85
2020-10-28, 04:59:43, 23.74, 49.85
2020-10-28, 04:59:45, 23.74, 49.85
2020-10-28, 04:59:46, 23.72, 49.85
2020-10-28, 04:59:48, 23.74, 49.85
2020-10-28, 04:59:49, 23.73, 49.82
2020-10-28, 04:59:50, 23.74, 49.85
2020-10-28, 04:59:52, 23.74, 49.82
2020-10-28, 04:59:53, 23.74, 49.82
2020-10-28, 04:59:54, 23.72, 49.82
2020-10-28, 04:59:56, 23.73, 49.82
2020-10-28, 04:59:57, 23.74, 49.82
2020-10-28, 04:59:58, 23.73, 49.82
2020-10-28, 05:00:00, 23.74, 49.79
2020-10-28, 05:00:01, 23.74, 49.79
2020-10-28, 05:00:02, 23.74, 49.82
2020-10-28, 05:00:04, 23.74, 49.79
2020-10-28, 05:00:05, 23.73, 49.79
2020-10-28, 05:00:07, 23.74, 49.76
2020-10-28, 05:00:08, 23.73, 49.79
2020-10-28, 05:00:09, 23.72, 49.79
2020-10-28, 05:00:11, 23.74, 49.79
2020-10-28, 05:00:12, 23.75, 49.79
2020-10-28, 05:00:13, 23.73, 49.76
2020-10-28, 05:00:15, 23.74, 49.79
2020-10-28, 05:00:16, 23.74, 49.79
2020-10-28, 05:00:17, 23.74, 49.76
2020-10-28, 05:00:19, 23.74, 49.76
2020-10-28, 05:00:20, 23.76, 49.79
2020-10-28, 05:00:21, 23.73, 49.79
2020-10-28, 05:00:23, 23.73, 49.79
2020-10-28, 05:00:24, 23.74, 49.79
2020-10-28, 05:00:26, 23.74, 49.79
2020-10-28, 05:00:27, 23.74, 49.79
2020-10-28, 05:00:28, 23.74, 49.76
2020-10-28, 05:00:30, 23.74, 49.79
2020-10-28, 05:00:31, 23.74, 49.79
2020-10-28, 05:00:32, 23.75, 49.79
2020-10-28, 05:00:34, 23.74, 49.76
2020-10-28, 05:00:35, 23.74, 49.79
2020-10-28, 05:00:36, 23.75, 49.79
2020-10-28, 05:00:38, 23.76, 49.79
2020-10-28, 05:00:39, 23.75, 49.79
2020-10-28, 05:00:40, 23.73, 49.79
2020-10-28, 05:00:42, 23.75, 49.79
2020-10-28, 05:00:43, 23.75, 49.79
2020-10-28, 05:00:45, 23.76, 49.76
2020-10-28, 05:00:46, 23.74, 49.79
2020-10-28, 05:00:47, 23.74, 49.76
2020-10-28, 05:00:49, 23.75, 49.76
2020-10-28, 05:00:50, 23.75, 49.76
2020-10-28, 05:00:51, 23.75, 49.76
2020-10-28, 05:00:53, 23.74, 49.76
2020-10-28, 05:00:54, 23.74, 49.79
2020-10-28, 05:00:55, 23.75, 49.76
2020-10-28, 05:00:57, 23.75, 49.73
2020-10-28, 05:00:58, 23.76, 49.76
2020-10-28, 05:00:59, 23.76, 49.76
2020-10-28, 05:01:01, 23.76, 49.76
2020-10-28, 05:01:02, 23.76, 49.73
2020-10-28, 05:01:04, 23.75, 49.76
2020-10-28, 05:01:05, 23.76, 49.73
2020-10-28, 05:01:06, 23.76, 49.73
2020-10-28, 05:01:08, 23.75, 49.73
2020-10-28, 05:01:09, 23.76, 49.73
2020-10-28, 05:01:10, 23.77, 49.73
2020-10-28, 05:01:12, 23.76, 49.7
2020-10-28, 05:01:13, 23.75, 49.7
2020-10-28, 05:01:14, 23.75, 49.7
2020-10-28, 05:01:16, 23.77, 49.7
2020-10-28, 05:01:17, 23.77, 49.7
2020-10-28, 05:01:18, 23.76, 49.67
2020-10-28, 05:01:20, 23.77, 49.7
2020-10-28, 05:01:21, 23.77, 49.67
2020-10-28, 05:01:23, 23.77, 49.7
2020-10-28, 05:01:24, 23.76, 49.67
2020-10-28, 05:01:25, 23.77, 49.67
2020-10-28, 05:01:27, 23.76, 49.67
2020-10-28, 05:01:28, 23.76, 49.67
2020-10-28, 05:01:29, 23.76, 49.67
2020-10-28, 05:01:31, 23.77, 49.63
2020-10-28, 05:01:32, 23.77, 49.67
2020-10-28, 05:01:33, 23.75, 49.63
2020-10-28, 05:01:35, 23.76, 49.63
2020-10-28, 05:01:36, 23.77, 49.63
2020-10-28, 05:01:37, 23.77, 49.63
2020-10-28, 05:01:39, 23.76, 49.67
2020-10-28, 05:01:40, 23.77, 49.67
2020-10-28, 05:01:42, 23.76, 49.63
2020-10-28, 05:01:43, 23.75, 49.63
2020-10-28, 05:01:44, 23.75, 49.63
2020-10-28, 05:01:46, 23.76, 49.63
2020-10-28, 05:01:47, 23.78, 49.64
2020-10-28, 05:01:48, 23.77, 49.63
2020-10-28, 05:01:50, 23.77, 49.63
2020-10-28, 05:01:51, 23.76, 49.63
2020-10-28, 05:01:52, 23.76, 49.63
2020-10-28, 05:01:54, 23.76, 49.63
2020-10-28, 05:01:55, 23.76, 49.63
2020-10-28, 05:01:56, 23.76, 49.63
2020-10-28, 05:01:58, 23.76, 49.63
2020-10-28, 05:01:59, 23.76, 49.63
2020-10-28, 05:02:00, 23.77, 49.63
2020-10-28, 05:02:02, 23.78, 49.64
2020-10-28, 05:02:03, 23.76, 49.63
2020-10-28, 05:02:05, 23.77, 49.63
2020-10-28, 05:02:06, 23.76, 49.63
2020-10-28, 05:02:07, 23.76, 49.63
2020-10-28, 05:02:09, 23.76, 49.63
2020-10-28, 05:02:10, 23.76, 49.63
2020-10-28, 05:02:11, 23.76, 49.63
2020-10-28, 05:02:13, 23.78, 49.64
2020-10-28, 05:02:14, 23.77, 49.63
2020-10-28, 05:02:15, 23.76, 49.63
2020-10-28, 05:02:17, 23.77, 49.63
2020-10-28, 05:02:18, 23.77, 49.63
2020-10-28, 05:02:19, 23.77, 49.63
2020-10-28, 05:02:21, 23.77, 49.63
2020-10-28, 05:02:22, 23.77, 49.63
2020-10-28, 05:02:24, 23.77, 49.6
2020-10-28, 05:02:25, 23.76, 49.6
2020-10-28, 05:02:26, 23.77, 49.6
2020-10-28, 05:02:28, 23.77, 49.6
2020-10-28, 05:02:29, 23.76, 49.63
2020-10-28, 05:02:30, 23.78, 49.64
2020-10-28, 05:02:32, 23.75, 49.6
2020-10-28, 05:02:33, 23.76, 49.63
2020-10-28, 05:02:34, 23.78, 49.64
2020-10-28, 05:02:36, 23.76, 49.6
2020-10-28, 05:02:37, 23.78, 49.64
2020-10-28, 05:02:38, 23.77, 49.63
2020-10-28, 05:02:40, 23.77, 49.63
2020-10-28, 05:02:41, 23.78, 49.64
2020-10-28, 05:02:42, 23.78, 49.64
2020-10-28, 05:02:44, 23.77, 49.6
2020-10-28, 05:02:45, 23.78, 49.6
2020-10-28, 05:02:47, 23.77, 49.6
2020-10-28, 05:02:48, 23.77, 49.6
2020-10-28, 05:02:49, 23.77, 49.63
2020-10-28, 05:02:51, 23.77, 49.6
2020-10-28, 05:02:52, 23.77, 49.6
2020-10-28, 05:02:53, 23.78, 49.64
2020-10-28, 05:02:55, 23.78, 49.64
2020-10-28, 05:02:56, 23.78, 49.64
2020-10-28, 05:02:57, 23.78, 49.64
2020-10-28, 05:02:59, 23.76, 49.63
2020-10-28, 05:03:00, 23.78, 49.64
2020-10-28, 05:03:01, 23.78, 49.64
2020-10-28, 05:03:03, 23.77, 49.6
2020-10-28, 05:03:04, 23.76, 49.6
2020-10-28, 05:03:06, 23.76, 49.6
2020-10-28, 05:03:07, 23.77, 49.6
2020-10-28, 05:03:08, 23.78, 49.6
2020-10-28, 05:03:10, 23.77, 49.6
2020-10-28, 05:03:11, 23.77, 49.57
2020-10-28, 05:03:12, 23.76, 49.57
2020-10-28, 05:03:14, 23.75, 49.57
2020-10-28, 05:03:15, 23.76, 49.6
2020-10-28, 05:03:16, 23.76, 49.6
2020-10-28, 05:03:18, 23.78, 49.6
2020-10-28, 05:03:19, 23.77, 49.57
2020-10-28, 05:03:20, 23.77, 49.57
2020-10-28, 05:03:22, 23.76, 49.6
2020-10-28, 05:03:23, 23.77, 49.6
2020-10-28, 05:03:25, 23.76, 49.6
2020-10-28, 05:03:26, 23.76, 49.6
2020-10-28, 05:03:27, 23.77, 49.57
2020-10-28, 05:03:29, 23.76, 49.57
2020-10-28, 05:03:30, 23.76, 49.57
2020-10-28, 05:03:31, 23.76, 49.57
2020-10-28, 05:03:33, 23.76, 49.57
2020-10-28, 05:03:34, 23.76, 49.57
2020-10-28, 05:03:35, 23.76, 49.57
2020-10-28, 05:03:37, 23.77, 49.57
2020-10-28, 05:03:38, 23.77, 49.57
2020-10-28, 05:03:39, 23.76, 49.57
2020-10-28, 05:03:41, 23.77, 49.57
2020-10-28, 05:03:42, 23.77, 49.54
2020-10-28, 05:03:43, 23.78, 49.57
2020-10-28, 05:03:45, 23.77, 49.57
2020-10-28, 05:03:46, 23.76, 49.54
2020-10-28, 05:03:48, 23.76, 49.57
2020-10-28, 05:03:49, 23.76, 49.54
2020-10-28, 05:03:50, 23.76, 49.54
2020-10-28, 05:03:52, 23.77, 49.51
2020-10-28, 05:03:53, 23.77, 49.54
2020-10-28, 05:03:54, 23.77, 49.54
2020-10-28, 05:03:56, 23.76, 49.54
2020-10-28, 05:03:57, 23.77, 49.54
2020-10-28, 05:03:58, 23.76, 49.51
2020-10-28, 05:04:00, 23.77, 49.54
2020-10-28, 05:04:01, 23.76, 49.51
2020-10-28, 05:04:02, 23.78, 49.51
2020-10-28, 05:04:04, 23.76, 49.54
2020-10-28, 05:04:05, 23.77, 49.51
2020-10-28, 05:04:07, 23.77, 49.51
2020-10-28, 05:04:08, 23.76, 49.51
2020-10-28, 05:04:09, 23.77, 49.51
2020-10-28, 05:04:11, 23.77, 49.51
2020-10-28, 05:04:12, 23.77, 49.51
2020-10-28, 05:04:13, 23.76, 49.51
2020-10-28, 05:04:15, 23.76, 49.51
2020-10-28, 05:04:16, 23.76, 49.47
2020-10-28, 05:04:17, 23.76, 49.51
2020-10-28, 05:04:19, 23.75, 49.51
2020-10-28, 05:04:20, 23.74, 49.47
2020-10-28, 05:04:21, 23.77, 49.48
2020-10-28, 05:04:23, 23.77, 49.51
2020-10-28, 05:04:24, 23.78, 49.51
2020-10-28, 05:04:26, 23.76, 49.51
2020-10-28, 05:04:27, 23.77, 49.51
2020-10-28, 05:04:28, 23.76, 49.51
2020-10-28, 05:04:30, 23.76, 49.51
2020-10-28, 05:04:31, 23.75, 49.51
2020-10-28, 05:04:32, 23.77, 49.51
2020-10-28, 05:04:34, 23.75, 49.51
2020-10-28, 05:04:35, 23.74, 49.54
2020-10-28, 05:04:36, 23.76, 49.51
2020-10-28, 05:04:38, 23.76, 49.54
2020-10-28, 05:04:39, 23.78, 49.54
2020-10-28, 05:04:40, 23.76, 49.51
2020-10-28, 05:04:42, 23.77, 49.51
2020-10-28, 05:04:43, 23.77, 49.51
2020-10-28, 05:04:45, 23.78, 49.51
2020-10-28, 05:04:46, 23.78, 49.54
2020-10-28, 05:04:47, 23.77, 49.51
2020-10-28, 05:04:49, 23.77, 49.51
2020-10-28, 05:04:50, 23.76, 49.51
2020-10-28, 05:04:51, 23.76, 49.51
2020-10-28, 05:04:53, 23.78, 49.51
2020-10-28, 05:04:54, 23.77, 49.51
2020-10-28, 05:04:55, 23.77, 49.51
2020-10-28, 05:04:57, 23.77, 49.51
2020-10-28, 05:04:58, 23.78, 49.48
2020-10-28, 05:04:59, 23.77, 49.48
2020-10-28, 05:05:01, 23.76, 49.51
2020-10-28, 05:05:02, 23.76, 49.47
2020-10-28, 05:05:04, 23.77, 49.48
2020-10-28, 05:05:05, 23.76, 49.47
2020-10-28, 05:05:06, 23.77, 49.51
2020-10-28, 05:05:08, 23.76, 49.47
2020-10-28, 05:05:09, 23.76, 49.47
2020-10-28, 05:05:10, 23.77, 49.44
2020-10-28, 05:05:12, 23.77, 49.44
2020-10-28, 05:05:13, 23.75, 49.44
2020-10-28, 05:05:14, 23.76, 49.44
2020-10-28, 05:05:16, 23.77, 49.44
2020-10-28, 05:05:17, 23.76, 49.44
2020-10-28, 05:05:18, 23.78, 49.45
2020-10-28, 05:05:20, 23.77, 49.44
2020-10-28, 05:05:21, 23.77, 49.44
2020-10-28, 05:05:22, 23.76, 49.44
2020-10-28, 05:05:24, 23.76, 49.44
2020-10-28, 05:05:25, 23.76, 49.44
2020-10-28, 05:05:27, 23.77, 49.48
2020-10-28, 05:05:28, 23.76, 49.44
2020-10-28, 05:05:29, 23.76, 49.44
2020-10-28, 05:05:31, 23.77, 49.44
2020-10-28, 05:05:32, 23.76, 49.47
2020-10-28, 05:05:33, 23.76, 49.47
2020-10-28, 05:05:35, 23.76, 49.47
2020-10-28, 05:05:36, 23.76, 49.44
2020-10-28, 05:05:37, 23.78, 49.45
2020-10-28, 05:05:39, 23.76, 49.44
2020-10-28, 05:05:40, 23.76, 49.44
2020-10-28, 05:05:41, 23.76, 49.44
2020-10-28, 05:05:43, 23.77, 49.44
2020-10-28, 05:05:44, 23.76, 49.44
2020-10-28, 05:05:45, 23.76, 49.44
2020-10-28, 05:05:47, 23.77, 49.44
2020-10-28, 05:05:48, 23.76, 49.44
2020-10-28, 05:05:50, 23.76, 49.44
2020-10-28, 05:05:51, 23.76, 49.41
2020-10-28, 05:05:52, 23.75, 49.44
2020-10-28, 05:05:54, 23.76, 49.44
2020-10-28, 05:05:55, 23.78, 49.41
2020-10-28, 05:05:56, 23.77, 49.41
2020-10-28, 05:05:58, 23.77, 49.41
2020-10-28, 05:05:59, 23.76, 49.41
2020-10-28, 05:06:00, 23.77, 49.41
2020-10-28, 05:06:02, 23.78, 49.41
2020-10-28, 05:06:03, 23.77, 49.41
2020-10-28, 05:06:04, 23.77, 49.41
2020-10-28, 05:06:06, 23.78, 49.41
2020-10-28, 05:06:07, 23.77, 49.41
2020-10-28, 05:06:09, 23.78, 49.45
2020-10-28, 05:06:10, 23.78, 49.41
2020-10-28, 05:06:11, 23.78, 49.41
2020-10-28, 05:06:13, 23.77, 49.44
2020-10-28, 05:06:14, 23.78, 49.45
2020-10-28, 05:06:15, 23.78, 49.45
2020-10-28, 05:06:17, 23.78, 49.45
2020-10-28, 05:06:18, 23.78, 49.45
2020-10-28, 05:06:19, 23.74, 49.41
2020-10-28, 05:06:21, 23.77, 49.41
2020-10-28, 05:06:22, 23.76, 49.41
2020-10-28, 05:06:23, 23.76, 49.41
2020-10-28, 05:06:25, 23.76, 49.41
2020-10-28, 05:06:26, 23.78, 49.41
2020-10-28, 05:06:28, 23.76, 49.41
2020-10-28, 05:06:29, 23.77, 49.41
2020-10-28, 05:06:30, 23.78, 49.41
2020-10-28, 05:06:32, 23.78, 49.38
2020-10-28, 05:06:33, 23.77, 49.38
2020-10-28, 05:06:34, 23.77, 49.38
2020-10-28, 05:06:36, 23.76, 49.38
2020-10-28, 05:06:37, 23.76, 49.38
2020-10-28, 05:06:38, 23.78, 49.38
2020-10-28, 05:06:40, 23.76, 49.41
2020-10-28, 05:06:41, 23.78, 49.41
2020-10-28, 05:06:42, 23.77, 49.41
2020-10-28, 05:06:44, 23.77, 49.41
2020-10-28, 05:06:45, 23.79, 49.38
2020-10-28, 05:06:47, 23.78, 49.41
2020-10-28, 05:06:48, 23.78, 49.41
2020-10-28, 05:06:49, 23.78, 49.41
2020-10-28, 05:06:51, 23.79, 49.42
2020-10-28, 05:06:52, 23.78, 49.38
2020-10-28, 05:06:53, 23.78, 49.38
2020-10-28, 05:06:55, 23.78, 49.38
2020-10-28, 05:06:56, 23.78, 49.38
2020-10-28, 05:06:57, 23.78, 49.38
2020-10-28, 05:06:59, 23.78, 49.38
2020-10-28, 05:07:00, 23.78, 49.38
2020-10-28, 05:07:01, 23.78, 49.38
2020-10-28, 05:07:03, 23.76, 49.38
2020-10-28, 05:07:04, 23.78, 49.38
2020-10-28, 05:07:06, 23.77, 49.38
2020-10-28, 05:07:07, 23.77, 49.38
2020-10-28, 05:07:08, 23.77, 49.41
2020-10-28, 05:07:10, 23.77, 49.41
2020-10-28, 05:07:11, 23.77, 49.38
2020-10-28, 05:07:12, 23.77, 49.38
2020-10-28, 05:07:14, 23.78, 49.38
2020-10-28, 05:07:15, 23.77, 49.38
2020-10-28, 05:07:16, 23.77, 49.38
2020-10-28, 05:07:18, 23.76, 49.38
2020-10-28, 05:07:19, 23.76, 49.38
2020-10-28, 05:07:20, 23.77, 49.38
2020-10-28, 05:07:22, 23.78, 49.38
2020-10-28, 05:07:23, 23.77, 49.38
2020-10-28, 05:07:25, 23.78, 49.38
2020-10-28, 05:07:26, 23.79, 49.38
2020-10-28, 05:07:27, 23.79, 49.38
2020-10-28, 05:07:29, 23.78, 49.35
2020-10-28, 05:07:30, 23.78, 49.35
2020-10-28, 05:07:31, 23.79, 49.38
2020-10-28, 05:07:33, 23.79, 49.35
2020-10-28, 05:07:34, 23.79, 49.35
2020-10-28, 05:07:35, 23.76, 49.35
2020-10-28, 05:07:37, 23.78, 49.35
2020-10-28, 05:07:38, 23.79, 49.35
2020-10-28, 05:07:39, 23.78, 49.35
2020-10-28, 05:07:41, 23.77, 49.35
2020-10-28, 05:07:42, 23.78, 49.38
2020-10-28, 05:07:44, 23.78, 49.35
2020-10-28, 05:07:45, 23.78, 49.38
2020-10-28, 05:07:46, 23.78, 49.38
2020-10-28, 05:07:48, 23.79, 49.38
2020-10-28, 05:07:49, 23.78, 49.32
2020-10-28, 05:07:50, 23.78, 49.35
2020-10-28, 05:07:52, 23.78, 49.38
2020-10-28, 05:07:53, 23.77, 49.35
2020-10-28, 05:07:54, 23.78, 49.35
2020-10-28, 05:07:56, 23.78, 49.35
2020-10-28, 05:07:57, 23.79, 49.35
2020-10-28, 05:07:58, 23.79, 49.35
2020-10-28, 05:08:00, 23.79, 49.35
2020-10-28, 05:08:01, 23.8, 49.35
2020-10-28, 05:08:03, 23.8, 49.35
2020-10-28, 05:08:04, 23.8, 49.35
2020-10-28, 05:08:05, 23.79, 49.35
2020-10-28, 05:08:07, 23.79, 49.35
2020-10-28, 05:08:08, 23.79, 49.35
2020-10-28, 05:08:09, 23.78, 49.35
2020-10-28, 05:08:11, 23.8, 49.35
2020-10-28, 05:08:12, 23.77, 49.35
2020-10-28, 05:08:13, 23.76, 49.35
2020-10-28, 05:08:15, 23.77, 49.32
2020-10-28, 05:08:16, 23.78, 49.35
2020-10-28, 05:08:17, 23.79, 49.32
2020-10-28, 05:08:19, 23.78, 49.32
2020-10-28, 05:08:20, 23.8, 49.32
2020-10-28, 05:08:21, 23.78, 49.29
2020-10-28, 05:08:23, 23.78, 49.29
2020-10-28, 05:08:24, 23.78, 49.29
2020-10-28, 05:08:26, 23.77, 49.29
2020-10-28, 05:08:27, 23.79, 49.32
2020-10-28, 05:08:28, 23.78, 49.32
2020-10-28, 05:08:30, 23.79, 49.32
2020-10-28, 05:08:31, 23.78, 49.32
2020-10-28, 05:08:32, 23.8, 49.32
2020-10-28, 05:08:34, 23.79, 49.32
2020-10-28, 05:08:35, 23.78, 49.32
2020-10-28, 05:08:36, 23.78, 49.32
2020-10-28, 05:08:38, 23.8, 49.32
2020-10-28, 05:08:39, 23.8, 49.32
2020-10-28, 05:08:40, 23.8, 49.32
2020-10-28, 05:08:42, 23.8, 49.32
2020-10-28, 05:08:43, 23.78, 49.32
2020-10-28, 05:08:44, 23.79, 49.32
2020-10-28, 05:08:46, 23.8, 49.29
2020-10-28, 05:08:47, 23.79, 49.32
2020-10-28, 05:08:49, 23.79, 49.32
2020-10-28, 05:08:50, 23.8, 49.32
2020-10-28, 05:08:51, 23.79, 49.29
2020-10-28, 05:08:53, 23.78, 49.29
2020-10-28, 05:08:54, 23.8, 49.29
2020-10-28, 05:08:55, 23.78, 49.25
2020-10-28, 05:08:57, 23.79, 49.29
2020-10-28, 05:08:58, 23.78, 49.29
2020-10-28, 05:08:59, 23.8, 49.29
2020-10-28, 05:09:01, 23.79, 49.29
2020-10-28, 05:09:02, 23.78, 49.29
2020-10-28, 05:09:03, 23.78, 49.29
2020-10-28, 05:09:05, 23.78, 49.25
2020-10-28, 05:09:06, 23.78, 49.25
2020-10-28, 05:09:08, 23.79, 49.29
2020-10-28, 05:09:09, 23.78, 49.25
2020-10-28, 05:09:10, 23.79, 49.29
2020-10-28, 05:09:12, 23.8, 49.26
2020-10-28, 05:09:13, 23.78, 49.25
2020-10-28, 05:09:14, 23.79, 49.26
2020-10-28, 05:09:16, 23.79, 49.26
2020-10-28, 05:09:17, 23.78, 49.25
2020-10-28, 05:09:18, 23.78, 49.25
2020-10-28, 05:09:20, 23.78, 49.25
2020-10-28, 05:09:21, 23.79, 49.26
2020-10-28, 05:09:22, 23.78, 49.25
2020-10-28, 05:09:24, 23.78, 49.25
2020-10-28, 05:09:25, 23.78, 49.25
2020-10-28, 05:09:26, 23.78, 49.25
2020-10-28, 05:09:28, 23.78, 49.29
2020-10-28, 05:09:29, 23.78, 49.29
2020-10-28, 05:09:31, 23.78, 49.29
2020-10-28, 05:09:32, 23.78, 49.29
2020-10-28, 05:09:33, 23.77, 49.29
2020-10-28, 05:09:35, 23.77, 49.29
2020-10-28, 05:09:36, 23.78, 49.32
2020-10-28, 05:09:37, 23.78, 49.32
2020-10-28, 05:09:39, 23.78, 49.32
2020-10-28, 05:09:40, 23.78, 49.32
2020-10-28, 05:09:41, 23.78, 49.32
2020-10-28, 05:09:43, 23.76, 49.32
2020-10-28, 05:09:44, 23.77, 49.32
2020-10-28, 05:09:46, 23.77, 49.29
2020-10-28, 05:09:47, 23.77, 49.32
2020-10-28, 05:09:48, 23.78, 49.29
2020-10-28, 05:09:50, 23.76, 49.28
2020-10-28, 05:09:51, 23.76, 49.28
2020-10-28, 05:09:52, 23.77, 49.32
2020-10-28, 05:09:54, 23.77, 49.29
2020-10-28, 05:09:55, 23.76, 49.28
2020-10-28, 05:09:56, 23.77, 49.29
2020-10-28, 05:09:58, 23.76, 49.28
2020-10-28, 05:09:59, 23.75, 49.28
2020-10-28, 05:10:00, 23.77, 49.29
2020-10-28, 05:10:02, 23.76, 49.28
2020-10-28, 05:10:03, 23.77, 49.29
2020-10-28, 05:10:04, 23.76, 49.25
2020-10-28, 05:10:06, 23.76, 49.28
2020-10-28, 05:10:07, 23.75, 49.28
2020-10-28, 05:10:09, 23.76, 49.28
2020-10-28, 05:10:10, 23.75, 49.28
2020-10-28, 05:10:11, 23.75, 49.31
2020-10-28, 05:10:13, 23.75, 49.31
2020-10-28, 05:10:14, 23.74, 49.31
2020-10-28, 05:10:15, 23.74, 49.28
2020-10-28, 05:10:17, 23.75, 49.31
2020-10-28, 05:10:18, 23.75, 49.31
2020-10-28, 05:10:19, 23.75, 49.28
2020-10-28, 05:10:21, 23.75, 49.28
2020-10-28, 05:10:22, 23.75, 49.28
2020-10-28, 05:10:23, 23.74, 49.31
2020-10-28, 05:10:25, 23.74, 49.31
2020-10-28, 05:10:26, 23.75, 49.31
2020-10-28, 05:10:28, 23.74, 49.31
2020-10-28, 05:10:29, 23.74, 49.31
2020-10-28, 05:10:30, 23.74, 49.31
2020-10-28, 05:10:32, 23.72, 49.31
2020-10-28, 05:10:33, 23.75, 49.31
2020-10-28, 05:10:34, 23.74, 49.31
2020-10-28, 05:10:36, 23.74, 49.31
2020-10-28, 05:10:37, 23.73, 49.28
2020-10-28, 05:10:38, 23.74, 49.28
2020-10-28, 05:10:40, 23.74, 49.31
2020-10-28, 05:10:41, 23.73, 49.31
2020-10-28, 05:10:42, 23.73, 49.31
2020-10-28, 05:10:44, 23.72, 49.31
2020-10-28, 05:10:45, 23.72, 49.31
2020-10-28, 05:10:47, 23.74, 49.31
2020-10-28, 05:10:48, 23.73, 49.31
2020-10-28, 05:10:49, 23.73, 49.31
2020-10-28, 05:10:51, 23.73, 49.31
2020-10-28, 05:10:52, 23.72, 49.31
2020-10-28, 05:10:53, 23.72, 49.31
2020-10-28, 05:10:55, 23.72, 49.28
2020-10-28, 05:10:56, 23.72, 49.31
2020-10-28, 05:10:57, 23.71, 49.31
2020-10-28, 05:10:59, 23.72, 49.31
2020-10-28, 05:11:00, 23.72, 49.31
2020-10-28, 05:11:01, 23.71, 49.31
2020-10-28, 05:11:03, 23.7, 49.31
2020-10-28, 05:11:04, 23.7, 49.31
2020-10-28, 05:11:06, 23.7, 49.34
2020-10-28, 05:11:07, 23.7, 49.34
2020-10-28, 05:11:08, 23.7, 49.31
2020-10-28, 05:11:10, 23.72, 49.31
2020-10-28, 05:11:11, 23.7, 49.37
2020-10-28, 05:11:12, 23.7, 49.34
2020-10-28, 05:11:14, 23.7, 49.34
2020-10-28, 05:11:15, 23.72, 49.34
2020-10-28, 05:11:16, 23.71, 49.34
2020-10-28, 05:11:18, 23.7, 49.34
2020-10-28, 05:11:19, 23.7, 49.34
2020-10-28, 05:11:20, 23.71, 49.34
2020-10-28, 05:11:22, 23.7, 49.37
2020-10-28, 05:11:23, 23.7, 49.34
2020-10-28, 05:11:25, 23.71, 49.34
2020-10-28, 05:11:26, 23.7, 49.31
2020-10-28, 05:11:27, 23.72, 49.34
2020-10-28, 05:11:29, 23.72, 49.34
2020-10-28, 05:11:30, 23.71, 49.34
2020-10-28, 05:11:31, 23.7, 49.31
2020-10-28, 05:11:33, 23.7, 49.34
2020-10-28, 05:11:34, 23.71, 49.34
2020-10-28, 05:11:35, 23.7, 49.31
2020-10-28, 05:11:37, 23.7, 49.34
2020-10-28, 05:11:38, 23.7, 49.31
2020-10-28, 05:11:39, 23.7, 49.34
2020-10-28, 05:11:41, 23.69, 49.31
2020-10-28, 05:11:42, 23.7, 49.31
2020-10-28, 05:11:44, 23.7, 49.31
2020-10-28, 05:11:45, 23.7, 49.34
2020-10-28, 05:11:46, 23.69, 49.34
2020-10-28, 05:11:48, 23.7, 49.31
2020-10-28, 05:11:49, 23.69, 49.34
2020-10-28, 05:11:50, 23.7, 49.34
2020-10-28, 05:11:52, 23.67, 49.34
2020-10-28, 05:11:53, 23.69, 49.34
2020-10-28, 05:11:54, 23.7, 49.34
2020-10-28, 05:11:56, 23.7, 49.34
2020-10-28, 05:11:57, 23.66, 49.33
2020-10-28, 05:11:59, 23.68, 49.37
2020-10-28, 05:12:00, 23.69, 49.34
2020-10-28, 05:12:01, 23.68, 49.34
2020-10-28, 05:12:03, 23.66, 49.37
2020-10-28, 05:12:04, 23.68, 49.37
2020-10-28, 05:12:05, 23.68, 49.37
2020-10-28, 05:12:07, 23.68, 49.37
2020-10-28, 05:12:08, 23.68, 49.37
2020-10-28, 05:12:09, 23.7, 49.34
2020-10-28, 05:12:11, 23.68, 49.37
2020-10-28, 05:12:12, 23.67, 49.37
2020-10-28, 05:12:13, 23.68, 49.34
2020-10-28, 05:12:15, 23.68, 49.37
2020-10-28, 05:12:16, 23.69, 49.34
2020-10-28, 05:12:17, 23.69, 49.37
2020-10-28, 05:12:19, 23.69, 49.37
2020-10-28, 05:12:20, 23.68, 49.37
2020-10-28, 05:12:22, 23.68, 49.34
2020-10-28, 05:12:23, 23.68, 49.37
2020-10-28, 05:12:24, 23.68, 49.37
2020-10-28, 05:12:26, 23.68, 49.34
2020-10-28, 05:12:27, 23.69, 49.37
2020-10-28, 05:12:28, 23.67, 49.37
2020-10-28, 05:12:30, 23.66, 49.37
2020-10-28, 05:12:31, 23.67, 49.37
2020-10-28, 05:12:32, 23.66, 49.37
2020-10-28, 05:12:34, 23.67, 49.37
2020-10-28, 05:12:35, 23.67, 49.37
2020-10-28, 05:12:36, 23.66, 49.37
2020-10-28, 05:12:38, 23.67, 49.37
2020-10-28, 05:12:39, 23.68, 49.37
2020-10-28, 05:12:41, 23.66, 49.37
2020-10-28, 05:12:42, 23.67, 49.37
2020-10-28, 05:12:43, 23.68, 49.37
2020-10-28, 05:12:45, 23.68, 49.37
2020-10-28, 05:12:46, 23.68, 49.37
2020-10-28, 05:12:47, 23.68, 49.37
2020-10-28, 05:12:49, 23.68, 49.37
2020-10-28, 05:12:50, 23.68, 49.37
2020-10-28, 05:12:51, 23.66, 49.37
2020-10-28, 05:12:53, 23.66, 49.37
2020-10-28, 05:12:54, 23.67, 49.37
2020-10-28, 05:12:55, 23.66, 49.37
2020-10-28, 05:12:57, 23.66, 49.37
2020-10-28, 05:12:58, 23.66, 49.37
2020-10-28, 05:13:00, 23.67, 49.37
2020-10-28, 05:13:01, 23.66, 49.37
2020-10-28, 05:13:02, 23.66, 49.37
2020-10-28, 05:13:04, 23.65, 49.37
2020-10-28, 05:13:05, 23.65, 49.4
2020-10-28, 05:13:06, 23.66, 49.37
2020-10-28, 05:13:08, 23.64, 49.36
2020-10-28, 05:13:09, 23.66, 49.4
2020-10-28, 05:13:10, 23.66, 49.4
2020-10-28, 05:13:12, 23.64, 49.4
2020-10-28, 05:13:13, 23.66, 49.4
2020-10-28, 05:13:15, 23.66, 49.4
2020-10-28, 05:13:16, 23.66, 49.4
2020-10-28, 05:13:17, 23.66, 49.43
2020-10-28, 05:13:19, 23.66, 49.4
2020-10-28, 05:13:20, 23.66, 49.37
2020-10-28, 05:13:21, 23.67, 49.4
2020-10-28, 05:13:23, 23.66, 49.4
2020-10-28, 05:13:24, 23.67, 49.4
2020-10-28, 05:13:25, 23.66, 49.4
2020-10-28, 05:13:27, 23.67, 49.4
2020-10-28, 05:13:28, 23.66, 49.4
2020-10-28, 05:13:29, 23.66, 49.4
2020-10-28, 05:13:31, 23.66, 49.4
2020-10-28, 05:13:32, 23.67, 49.37
2020-10-28, 05:13:34, 23.67, 49.37
2020-10-28, 05:13:35, 23.65, 49.4
2020-10-28, 05:13:36, 23.65, 49.4
2020-10-28, 05:13:38, 23.66, 49.4
2020-10-28, 05:13:39, 23.66, 49.4
2020-10-28, 05:13:40, 23.65, 49.37
2020-10-28, 05:13:42, 23.65, 49.37
2020-10-28, 05:13:43, 23.65, 49.37
2020-10-28, 05:13:44, 23.65, 49.37
2020-10-28, 05:13:46, 23.65, 49.37
2020-10-28, 05:13:47, 23.66, 49.37
2020-10-28, 05:13:48, 23.66, 49.37
2020-10-28, 05:13:50, 23.67, 49.37
2020-10-28, 05:13:51, 23.65, 49.37
2020-10-28, 05:13:53, 23.67, 49.37
2020-10-28, 05:13:54, 23.66, 49.37
2020-10-28, 05:13:55, 23.66, 49.37
2020-10-28, 05:13:57, 23.67, 49.37
2020-10-28, 05:13:58, 23.66, 49.37
2020-10-28, 05:13:59, 23.66, 49.37
2020-10-28, 05:14:01, 23.66, 49.37
2020-10-28, 05:14:02, 23.65, 49.37
2020-10-28, 05:14:03, 23.66, 49.37
2020-10-28, 05:14:05, 23.65, 49.37
2020-10-28, 05:14:06, 23.64, 49.4
2020-10-28, 05:14:07, 23.65, 49.4
2020-10-28, 05:14:09, 23.65, 49.37
2020-10-28, 05:14:10, 23.65, 49.37
2020-10-28, 05:14:12, 23.64, 49.36
2020-10-28, 05:14:13, 23.65, 49.37
2020-10-28, 05:14:14, 23.65, 49.4
2020-10-28, 05:14:16, 23.65, 49.4
2020-10-28, 05:14:17, 23.64, 49.4
2020-10-28, 05:14:18, 23.64, 49.4
2020-10-28, 05:14:20, 23.66, 49.4
2020-10-28, 05:14:21, 23.66, 49.4
2020-10-28, 05:14:22, 23.66, 49.4
2020-10-28, 05:14:24, 23.65, 49.4
2020-10-28, 05:14:25, 23.66, 49.4
2020-10-28, 05:14:26, 23.64, 49.4
2020-10-28, 05:14:28, 23.64, 49.4
2020-10-28, 05:14:29, 23.63, 49.39
2020-10-28, 05:14:30, 23.64, 49.4
2020-10-28, 05:14:32, 23.65, 49.4
2020-10-28, 05:14:33, 23.65, 49.4
2020-10-28, 05:14:35, 23.63, 49.39
2020-10-28, 05:14:36, 23.65, 49.4
2020-10-28, 05:14:37, 23.64, 49.4
2020-10-28, 05:14:39, 23.64, 49.4
2020-10-28, 05:14:40, 23.63, 49.39
2020-10-28, 05:14:41, 23.65, 49.4
2020-10-28, 05:14:43, 23.63, 49.39
2020-10-28, 05:14:44, 23.64, 49.4
2020-10-28, 05:14:45, 23.65, 49.37
2020-10-28, 05:14:47, 23.65, 49.4
2020-10-28, 05:14:48, 23.64, 49.4
2020-10-28, 05:14:49, 23.64, 49.43
2020-10-28, 05:14:51, 23.64, 49.4
2020-10-28, 05:14:52, 23.64, 49.4
2020-10-28, 05:14:54, 23.64, 49.4
2020-10-28, 05:14:55, 23.64, 49.4
2020-10-28, 05:14:56, 23.64, 49.4
2020-10-28, 05:14:58, 23.65, 49.4
2020-10-28, 05:14:59, 23.64, 49.4
2020-10-28, 05:15:00, 23.65, 49.4
2020-10-28, 05:15:02, 23.64, 49.4
2020-10-28, 05:15:03, 23.64, 49.4
2020-10-28, 05:15:04, 23.64, 49.4
2020-10-28, 05:15:06, 23.64, 49.4
2020-10-28, 05:15:07, 23.64, 49.4
2020-10-28, 05:15:08, 23.65, 49.37
2020-10-28, 05:15:10, 23.64, 49.4
2020-10-28, 05:15:11, 23.62, 49.39
2020-10-28, 05:15:13, 23.6, 49.39
2020-10-28, 05:15:14, 23.62, 49.39
2020-10-28, 05:15:15, 23.62, 49.42
2020-10-28, 05:15:17, 23.61, 49.42
2020-10-28, 05:15:18, 23.6, 49.42
2020-10-28, 05:15:19, 23.6, 49.42
2020-10-28, 05:15:21, 23.62, 49.42
2020-10-28, 05:15:22, 23.62, 49.42
2020-10-28, 05:15:23, 23.62, 49.42
2020-10-28, 05:15:25, 23.63, 49.43
2020-10-28, 05:15:26, 23.6, 49.39
2020-10-28, 05:15:28, 23.6, 49.42
2020-10-28, 05:15:29, 23.6, 49.42
2020-10-28, 05:15:30, 23.61, 49.42
2020-10-28, 05:15:32, 23.62, 49.42
2020-10-28, 05:15:33, 23.62, 49.42
2020-10-28, 05:15:34, 23.61, 49.42
2020-10-28, 05:15:36, 23.61, 49.39
2020-10-28, 05:15:37, 23.6, 49.42
2020-10-28, 05:15:38, 23.61, 49.39
2020-10-28, 05:15:40, 23.62, 49.39
2020-10-28, 05:15:41, 23.62, 49.42
2020-10-28, 05:15:42, 23.62, 49.42
2020-10-28, 05:15:44, 23.62, 49.42
2020-10-28, 05:15:45, 23.62, 49.42
2020-10-28, 05:15:46, 23.62, 49.42
2020-10-28, 05:15:48, 23.62, 49.39
2020-10-28, 05:15:49, 23.61, 49.42
2020-10-28, 05:15:51, 23.6, 49.42
2020-10-28, 05:15:52, 23.61, 49.42
2020-10-28, 05:15:53, 23.61, 49.39
2020-10-28, 05:15:55, 23.61, 49.42
2020-10-28, 05:15:56, 23.62, 49.39
2020-10-28, 05:15:57, 23.61, 49.39
2020-10-28, 05:15:59, 23.62, 49.39
2020-10-28, 05:16:00, 23.61, 49.42
2020-10-28, 05:16:01, 23.61, 49.39
2020-10-28, 05:16:03, 23.62, 49.39
2020-10-28, 05:16:04, 23.62, 49.39
2020-10-28, 05:16:05, 23.62, 49.39
2020-10-28, 05:16:07, 23.62, 49.39
2020-10-28, 05:16:08, 23.62, 49.39
2020-10-28, 05:16:09, 23.62, 49.39
2020-10-28, 05:16:11, 23.62, 49.39
2020-10-28, 05:16:12, 23.61, 49.39
2020-10-28, 05:16:14, 23.62, 49.39
2020-10-28, 05:16:15, 23.61, 49.39
2020-10-28, 05:16:16, 23.6, 49.39
2020-10-28, 05:16:18, 23.6, 49.39
2020-10-28, 05:16:19, 23.6, 49.42
2020-10-28, 05:16:20, 23.6, 49.39
2020-10-28, 05:16:22, 23.61, 49.42
2020-10-28, 05:16:23, 23.6, 49.42
2020-10-28, 05:16:24, 23.6, 49.42
2020-10-28, 05:16:26, 23.6, 49.42
2020-10-28, 05:16:27, 23.62, 49.42
2020-10-28, 05:16:28, 23.61, 49.39
2020-10-28, 05:16:30, 23.59, 49.39
2020-10-28, 05:16:31, 23.59, 49.42
2020-10-28, 05:16:33, 23.59, 49.42
2020-10-28, 05:16:34, 23.61, 49.42
2020-10-28, 05:16:35, 23.6, 49.42
2020-10-28, 05:16:37, 23.6, 49.42
2020-10-28, 05:16:38, 23.6, 49.42
2020-10-28, 05:16:39, 23.6, 49.42
2020-10-28, 05:16:41, 23.61, 49.39
2020-10-28, 05:16:42, 23.6, 49.42
2020-10-28, 05:16:43, 23.6, 49.42
2020-10-28, 05:16:45, 23.59, 49.39
2020-10-28, 05:16:46, 23.6, 49.42
2020-10-28, 05:16:47, 23.61, 49.39
2020-10-28, 05:16:49, 23.61, 49.39
2020-10-28, 05:16:50, 23.58, 49.39
2020-10-28, 05:16:51, 23.6, 49.42
2020-10-28, 05:16:53, 23.61, 49.39
2020-10-28, 05:16:54, 23.61, 49.42
2020-10-28, 05:16:56, 23.61, 49.39
2020-10-28, 05:16:57, 23.6, 49.39
2020-10-28, 05:16:58, 23.59, 49.42
2020-10-28, 05:17:00, 23.6, 49.42
2020-10-28, 05:17:01, 23.6, 49.42
2020-10-28, 05:17:02, 23.61, 49.42
2020-10-28, 05:17:04, 23.61, 49.42
2020-10-28, 05:17:05, 23.61, 49.39
2020-10-28, 05:17:06, 23.59, 49.42
2020-10-28, 05:17:08, 23.61, 49.39
2020-10-28, 05:17:09, 23.6, 49.39
2020-10-28, 05:17:10, 23.6, 49.42
2020-10-28, 05:17:12, 23.6, 49.42
2020-10-28, 05:17:13, 23.61, 49.42
2020-10-28, 05:17:15, 23.6, 49.42
2020-10-28, 05:17:16, 23.62, 49.42
2020-10-28, 05:17:17, 23.62, 49.42
2020-10-28, 05:17:19, 23.6, 49.42
2020-10-28, 05:17:20, 23.6, 49.42
2020-10-28, 05:17:21, 23.57, 49.39
2020-10-28, 05:17:23, 23.58, 49.42
2020-10-28, 05:17:24, 23.6, 49.42
2020-10-28, 05:17:26, 23.6, 49.42
2020-10-28, 05:17:27, 23.61, 49.42
2020-10-28, 05:17:28, 23.61, 49.42
2020-10-28, 05:17:30, 23.61, 49.39
2020-10-28, 05:17:31, 23.62, 49.39
2020-10-28, 05:17:32, 23.62, 49.39
2020-10-28, 05:17:34, 23.61, 49.42
2020-10-28, 05:17:35, 23.6, 49.42
2020-10-28, 05:17:36, 23.61, 49.42
2020-10-28, 05:17:38, 23.61, 49.36
2020-10-28, 05:17:39, 23.61, 49.39
2020-10-28, 05:17:40, 23.61, 49.42
2020-10-28, 05:17:42, 23.6, 49.42
2020-10-28, 05:17:43, 23.6, 49.42
2020-10-28, 05:17:44, 23.61, 49.42
2020-10-28, 05:17:46, 23.6, 49.39
2020-10-28, 05:17:47, 23.6, 49.42
2020-10-28, 05:17:49, 23.6, 49.42
2020-10-28, 05:17:50, 23.6, 49.42
2020-10-28, 05:17:51, 23.6, 49.42
2020-10-28, 05:17:53, 23.6, 49.42
2020-10-28, 05:17:54, 23.6, 49.42
2020-10-28, 05:17:55, 23.6, 49.42
2020-10-28, 05:17:57, 23.61, 49.42
2020-10-28, 05:17:58, 23.62, 49.42
2020-10-28, 05:17:59, 23.61, 49.42
2020-10-28, 05:18:01, 23.59, 49.42
2020-10-28, 05:18:02, 23.61, 49.42
2020-10-28, 05:18:03, 23.6, 49.42
2020-10-28, 05:18:05, 23.6, 49.39
2020-10-28, 05:18:06, 23.61, 49.39
2020-10-28, 05:18:08, 23.6, 49.42
2020-10-28, 05:18:09, 23.61, 49.39
2020-10-28, 05:18:10, 23.6, 49.42
2020-10-28, 05:18:12, 23.61, 49.39
2020-10-28, 05:18:13, 23.61, 49.42
2020-10-28, 05:18:14, 23.61, 49.42
2020-10-28, 05:18:16, 23.6, 49.42
2020-10-28, 05:18:17, 23.6, 49.42
2020-10-28, 05:18:18, 23.6, 49.39
2020-10-28, 05:18:20, 23.61, 49.42
2020-10-28, 05:18:21, 23.6, 49.42
2020-10-28, 05:18:22, 23.59, 49.39
2020-10-28, 05:18:24, 23.61, 49.39
2020-10-28, 05:18:25, 23.6, 49.39
2020-10-28, 05:18:27, 23.6, 49.42
2020-10-28, 05:18:28, 23.59, 49.39
2020-10-28, 05:18:29, 23.59, 49.42
2020-10-28, 05:18:31, 23.61, 49.42
2020-10-28, 05:18:32, 23.61, 49.39
2020-10-28, 05:18:33, 23.61, 49.39
2020-10-28, 05:18:35, 23.6, 49.42
2020-10-28, 05:18:36, 23.6, 49.42
2020-10-28, 05:18:37, 23.6, 49.42
2020-10-28, 05:18:39, 23.59, 49.39
2020-10-28, 05:18:40, 23.59, 49.42
2020-10-28, 05:18:41, 23.6, 49.42
2020-10-28, 05:18:43, 23.59, 49.42
2020-10-28, 05:18:44, 23.6, 49.42
2020-10-28, 05:18:46, 23.59, 49.42
2020-10-28, 05:18:47, 23.6, 49.42
2020-10-28, 05:18:48, 23.59, 49.42
2020-10-28, 05:18:50, 23.6, 49.42
2020-10-28, 05:18:51, 23.59, 49.42
2020-10-28, 05:18:52, 23.58, 49.42
2020-10-28, 05:18:54, 23.6, 49.42
2020-10-28, 05:18:55, 23.58, 49.42
2020-10-28, 05:18:56, 23.58, 49.42
2020-10-28, 05:18:58, 23.59, 49.42
2020-10-28, 05:18:59, 23.59, 49.39
2020-10-28, 05:19:00, 23.59, 49.42
2020-10-28, 05:19:02, 23.58, 49.42
2020-10-28, 05:19:03, 23.58, 49.42
2020-10-28, 05:19:05, 23.57, 49.42
2020-10-28, 05:19:06, 23.56, 49.42
2020-10-28, 05:19:07, 23.59, 49.42
2020-10-28, 05:19:09, 23.58, 49.42
2020-10-28, 05:19:10, 23.59, 49.42
2020-10-28, 05:19:11, 23.59, 49.45
2020-10-28, 05:19:13, 23.58, 49.42
2020-10-28, 05:19:14, 23.58, 49.42
2020-10-28, 05:19:15, 23.58, 49.42
2020-10-28, 05:19:17, 23.59, 49.45
2020-10-28, 05:19:18, 23.58, 49.42
2020-10-28, 05:19:19, 23.59, 49.42
2020-10-28, 05:19:21, 23.59, 49.42
2020-10-28, 05:19:22, 23.58, 49.42
2020-10-28, 05:19:24, 23.58, 49.42
2020-10-28, 05:19:25, 23.58, 49.42
2020-10-28, 05:19:26, 23.57, 49.42
2020-10-28, 05:19:28, 23.58, 49.42
2020-10-28, 05:19:29, 23.58, 49.42
2020-10-28, 05:19:30, 23.57, 49.42
2020-10-28, 05:19:32, 23.57, 49.42
2020-10-28, 05:19:33, 23.57, 49.42
2020-10-28, 05:19:34, 23.57, 49.45
2020-10-28, 05:19:36, 23.57, 49.45
2020-10-28, 05:19:37, 23.57, 49.45
2020-10-28, 05:19:38, 23.56, 49.48
2020-10-28, 05:19:40, 23.56, 49.48
2020-10-28, 05:19:41, 23.56, 49.48
2020-10-28, 05:19:43, 23.57, 49.45
2020-10-28, 05:19:44, 23.57, 49.45
2020-10-28, 05:19:45, 23.56, 49.45
2020-10-28, 05:19:47, 23.57, 49.48
2020-10-28, 05:19:48, 23.56, 49.48
2020-10-28, 05:19:49, 23.56, 49.45
2020-10-28, 05:19:51, 23.57, 49.48
2020-10-28, 05:19:52, 23.56, 49.48
2020-10-28, 05:19:53, 23.57, 49.48
2020-10-28, 05:19:55, 23.58, 49.48
2020-10-28, 05:19:56, 23.57, 49.48
2020-10-28, 05:19:57, 23.57, 49.48
2020-10-28, 05:19:59, 23.58, 49.45
2020-10-28, 05:20:00, 23.56, 49.45
2020-10-28, 05:20:02, 23.56, 49.45
2020-10-28, 05:20:03, 23.57, 49.45
2020-10-28, 05:20:04, 23.56, 49.45
2020-10-28, 05:20:06, 23.56, 49.45
2020-10-28, 05:20:07, 23.55, 49.45
2020-10-28, 05:20:08, 23.56, 49.45
2020-10-28, 05:20:10, 23.56, 49.48
2020-10-28, 05:20:11, 23.56, 49.48
2020-10-28, 05:20:12, 23.56, 49.48
2020-10-28, 05:20:14, 23.57, 49.45
2020-10-28, 05:20:15, 23.55, 49.45
2020-10-28, 05:20:16, 23.56, 49.45
2020-10-28, 05:20:18, 23.55, 49.45
2020-10-28, 05:20:19, 23.56, 49.48
2020-10-28, 05:20:21, 23.55, 49.48
2020-10-28, 05:20:22, 23.53, 49.48
2020-10-28, 05:20:23, 23.55, 49.48
2020-10-28, 05:20:25, 23.55, 49.48
2020-10-28, 05:20:26, 23.56, 49.48
2020-10-28, 05:20:27, 23.55, 49.48
2020-10-28, 05:20:29, 23.56, 49.48
2020-10-28, 05:20:30, 23.56, 49.48
2020-10-28, 05:20:31, 23.56, 49.48
2020-10-28, 05:20:33, 23.56, 49.48
2020-10-28, 05:20:34, 23.56, 49.48
2020-10-28, 05:20:35, 23.56, 49.45
2020-10-28, 05:20:37, 23.55, 49.48
2020-10-28, 05:20:38, 23.57, 49.48
2020-10-28, 05:20:40, 23.56, 49.48
2020-10-28, 05:20:41, 23.57, 49.45
2020-10-28, 05:20:42, 23.56, 49.48
2020-10-28, 05:20:44, 23.56, 49.48
2020-10-28, 05:20:45, 23.56, 49.45
2020-10-28, 05:20:46, 23.56, 49.45
2020-10-28, 05:20:48, 23.55, 49.48
2020-10-28, 05:20:49, 23.54, 49.45
2020-10-28, 05:20:50, 23.55, 49.45
2020-10-28, 05:20:52, 23.55, 49.48
2020-10-28, 05:20:53, 23.56, 49.48
2020-10-28, 05:20:55, 23.56, 49.45
2020-10-28, 05:20:56, 23.56, 49.48
2020-10-28, 05:20:57, 23.56, 49.48
2020-10-28, 05:20:59, 23.55, 49.48
2020-10-28, 05:21:00, 23.54, 49.45
2020-10-28, 05:21:01, 23.54, 49.48
2020-10-28, 05:21:03, 23.54, 49.48
2020-10-28, 05:21:04, 23.54, 49.45
2020-10-28, 05:21:05, 23.54, 49.48
2020-10-28, 05:21:07, 23.55, 49.48
2020-10-28, 05:21:08, 23.55, 49.48
2020-10-28, 05:21:09, 23.54, 49.48
2020-10-28, 05:21:11, 23.55, 49.45
2020-10-28, 05:21:12, 23.56, 49.48
2020-10-28, 05:21:14, 23.54, 49.45
2020-10-28, 05:21:15, 23.54, 49.45
2020-10-28, 05:21:16, 23.54, 49.45
2020-10-28, 05:21:18, 23.54, 49.41
2020-10-28, 05:21:19, 23.56, 49.45
2020-10-28, 05:21:20, 23.56, 49.42
2020-10-28, 05:21:22, 23.56, 49.42
2020-10-28, 05:21:23, 23.54, 49.45
2020-10-28, 05:21:24, 23.54, 49.45
2020-10-28, 05:21:26, 23.54, 49.41
2020-10-28, 05:21:27, 23.56, 49.42
2020-10-28, 05:21:28, 23.55, 49.45
2020-10-28, 05:21:30, 23.56, 49.45
2020-10-28, 05:21:31, 23.55, 49.42
2020-10-28, 05:21:33, 23.56, 49.45
2020-10-28, 05:21:34, 23.55, 49.45
2020-10-28, 05:21:35, 23.56, 49.42
2020-10-28, 05:21:37, 23.55, 49.42
2020-10-28, 05:21:38, 23.55, 49.45
2020-10-28, 05:21:39, 23.54, 49.45
2020-10-28, 05:21:41, 23.54, 49.41
2020-10-28, 05:21:42, 23.53, 49.41
2020-10-28, 05:21:43, 23.53, 49.41
2020-10-28, 05:21:45, 23.52, 49.44
2020-10-28, 05:21:46, 23.53, 49.44
2020-10-28, 05:21:47, 23.54, 49.45
2020-10-28, 05:21:49, 23.53, 49.44
2020-10-28, 05:21:50, 23.51, 49.47
2020-10-28, 05:21:51, 23.53, 49.48
2020-10-28, 05:21:53, 23.53, 49.48
2020-10-28, 05:21:54, 23.53, 49.48
2020-10-28, 05:21:56, 23.52, 49.44
2020-10-28, 05:21:57, 23.52, 49.48
2020-10-28, 05:22:00, 23.26, 49.54
2020-10-28, 05:22:01, 23.43, 49.62
2020-10-28, 05:22:02, 23.46, 49.66
2020-10-28, 05:22:04, 23.47, 49.63
2020-10-28, 05:22:05, 23.48, 49.63
2020-10-28, 05:22:06, 23.49, 49.6
2020-10-28, 05:22:08, 23.48, 49.6
2020-10-28, 05:22:09, 23.5, 49.57
2020-10-28, 05:22:11, 23.51, 49.57
2020-10-28, 05:22:12, 23.5, 49.54
2020-10-28, 05:22:13, 23.51, 49.54
2020-10-28, 05:22:15, 23.51, 49.54
2020-10-28, 05:22:16, 23.5, 49.54
2020-10-28, 05:22:17, 23.52, 49.54
2020-10-28, 05:22:19, 23.51, 49.51
2020-10-28, 05:22:20, 23.51, 49.51
2020-10-28, 05:22:21, 23.52, 49.51
2020-10-28, 05:22:23, 23.51, 49.47
2020-10-28, 05:22:24, 23.5, 49.5
2020-10-28, 05:22:25, 23.52, 49.51
2020-10-28, 05:22:27, 23.51, 49.51
2020-10-28, 05:22:28, 23.52, 49.51
2020-10-28, 05:22:29, 23.51, 49.47
2020-10-28, 05:22:31, 23.51, 49.47
2020-10-28, 05:22:32, 23.5, 49.5
2020-10-28, 05:22:34, 23.5, 49.5
2020-10-28, 05:22:42, 23.02, 50.27
2020-10-28, 05:22:44, 23.23, 50.32
2020-10-28, 05:22:45, 23.3, 50.3
2020-10-28, 05:22:46, 23.33, 50.21
2020-10-28, 05:22:48, 23.36, 50.15
2020-10-28, 05:22:49, 23.39, 50.06
2020-10-28, 05:22:51, 23.39, 50.03
2020-10-28, 05:22:52, 23.4, 49.97
2020-10-28, 05:22:53, 23.42, 49.91
2020-10-28, 05:22:55, 23.42, 49.84
2020-10-28, 05:22:56, 23.43, 49.84
2020-10-28, 05:22:57, 23.44, 49.81
2020-10-28, 05:22:59, 23.42, 49.78
2020-10-28, 05:23:00, 23.44, 49.75
2020-10-28, 05:23:01, 23.44, 49.72
2020-10-28, 05:23:03, 23.44, 49.72
2020-10-28, 05:23:04, 23.44, 49.72
2020-10-28, 05:23:05, 23.44, 49.69
2020-10-28, 05:23:07, 23.44, 49.69
2020-10-28, 05:23:08, 23.44, 49.66
2020-10-28, 05:23:09, 23.44, 49.69
2020-10-28, 05:23:11, 23.45, 49.66
2020-10-28, 05:23:12, 23.45, 49.66
2020-10-28, 05:23:14, 23.44, 49.66
2020-10-28, 05:23:15, 23.45, 49.66
2020-10-28, 05:23:16, 23.45, 49.66
2020-10-28, 05:23:18, 23.45, 49.66
2020-10-28, 05:23:19, 23.45, 49.62
2020-10-28, 05:23:20, 23.42, 49.62
2020-10-28, 05:23:22, 23.45, 49.62
2020-10-28, 05:23:23, 23.45, 49.62
2020-10-28, 05:23:24, 23.47, 49.63
2020-10-28, 05:23:26, 23.46, 49.63
2020-10-28, 05:23:27, 23.46, 49.63
2020-10-28, 05:23:28, 23.45, 49.59
2020-10-28, 05:23:30, 23.44, 49.59
2020-10-28, 05:23:31, 23.45, 49.59
2020-10-28, 05:23:32, 23.46, 49.59
2020-10-28, 05:23:34, 23.46, 49.59
2020-10-28, 05:23:35, 23.46, 49.59
2020-10-28, 05:23:37, 23.46, 49.56
2020-10-28, 05:23:38, 23.46, 49.56
2020-10-28, 05:23:39, 23.46, 49.59
2020-10-28, 05:23:41, 23.45, 49.56
2020-10-28, 05:23:42, 23.45, 49.59
2020-10-28, 05:23:43, 23.45, 49.56
2020-10-28, 05:23:45, 23.47, 49.6
2020-10-28, 05:23:46, 23.46, 49.56
2020-10-28, 05:23:47, 23.46, 49.56
2020-10-28, 05:23:49, 23.46, 49.56
2020-10-28, 05:23:50, 23.46, 49.56
2020-10-28, 05:23:51, 23.46, 49.59
2020-10-28, 05:23:53, 23.46, 49.56
2020-10-28, 05:23:54, 23.46, 49.56
2020-10-28, 05:23:56, 23.46, 49.56
2020-10-28, 05:23:57, 23.45, 49.59
2020-10-28, 05:23:58, 23.46, 49.59
2020-10-28, 05:24:00, 23.46, 49.56
2020-10-28, 05:24:01, 23.46, 49.59
2020-10-28, 05:24:02, 23.47, 49.6
2020-10-28, 05:24:04, 23.46, 49.56
2020-10-28, 05:24:05, 23.46, 49.59
2020-10-28, 05:24:06, 23.46, 49.59
2020-10-28, 05:24:08, 23.46, 49.59
2020-10-28, 05:24:09, 23.47, 49.6
2020-10-28, 05:24:10, 23.46, 49.59
2020-10-28, 05:24:12, 23.46, 49.59
2020-10-28, 05:24:13, 23.45, 49.56
2020-10-28, 05:24:14, 23.46, 49.56
2020-10-28, 05:24:16, 23.47, 49.6
2020-10-28, 05:24:17, 23.47, 49.6
2020-10-28, 05:24:19, 23.46, 49.56
2020-10-28, 05:24:20, 23.46, 49.56
2020-10-28, 05:24:21, 23.47, 49.6
2020-10-28, 05:24:23, 23.47, 49.56
2020-10-28, 05:24:24, 23.47, 49.56
2020-10-28, 05:24:25, 23.47, 49.56
2020-10-28, 05:24:27, 23.48, 49.57
2020-10-28, 05:24:28, 23.47, 49.56
2020-10-28, 05:24:29, 23.47, 49.53
2020-10-28, 05:24:31, 23.46, 49.53
2020-10-28, 05:24:32, 23.46, 49.53
2020-10-28, 05:24:33, 23.47, 49.56
2020-10-28, 05:24:35, 23.46, 49.53
2020-10-28, 05:24:36, 23.47, 49.56
2020-10-28, 05:24:38, 23.46, 49.56
2020-10-28, 05:24:39, 23.46, 49.53
2020-10-28, 05:24:40, 23.45, 49.53
2020-10-28, 05:24:42, 23.47, 49.56
2020-10-28, 05:24:43, 23.47, 49.53
2020-10-28, 05:24:44, 23.47, 49.56
2020-10-28, 05:24:46, 23.47, 49.53
2020-10-28, 05:24:47, 23.45, 49.53
2020-10-28, 05:24:48, 23.45, 49.53
2020-10-28, 05:24:50, 23.46, 49.53
2020-10-28, 05:24:51, 23.44, 49.56
2020-10-28, 05:24:52, 23.45, 49.56
2020-10-28, 05:24:54, 23.45, 49.56
2020-10-28, 05:24:55, 23.46, 49.56
2020-10-28, 05:24:57, 23.45, 49.56
2020-10-28, 05:24:58, 23.45, 49.56
2020-10-28, 05:24:59, 23.46, 49.59
2020-10-28, 05:25:01, 23.46, 49.59
2020-10-28, 05:25:02, 23.46, 49.56
2020-10-28, 05:25:03, 23.46, 49.56
2020-10-28, 05:25:05, 23.45, 49.56
2020-10-28, 05:25:06, 23.44, 49.53
2020-10-28, 05:25:07, 23.45, 49.56
2020-10-28, 05:25:09, 23.45, 49.56
2020-10-28, 05:25:10, 23.44, 49.56
2020-10-28, 05:25:11, 23.45, 49.56
2020-10-28, 05:25:13, 23.45, 49.56
2020-10-28, 05:25:14, 23.46, 49.56
2020-10-28, 05:25:16, 23.45, 49.53
2020-10-28, 05:25:17, 23.46, 49.56
2020-10-28, 05:25:18, 23.46, 49.53
2020-10-28, 05:25:20, 23.45, 49.56
2020-10-28, 05:25:21, 23.47, 49.53
2020-10-28, 05:25:22, 23.46, 49.56
2020-10-28, 05:25:24, 23.45, 49.53
2020-10-28, 05:25:25, 23.45, 49.56
2020-10-28, 05:25:26, 23.47, 49.53
2020-10-28, 05:25:28, 23.45, 49.53
2020-10-28, 05:25:29, 23.42, 49.56
2020-10-28, 05:25:31, 23.44, 49.59
2020-10-28, 05:25:32, 23.44, 49.59
2020-10-28, 05:25:33, 23.45, 49.56
2020-10-28, 05:25:35, 23.44, 49.56
2020-10-28, 05:25:36, 23.45, 49.56
2020-10-28, 05:25:38, 23.46, 49.56
2020-10-28, 05:25:39, 23.45, 49.59
2020-10-28, 05:25:40, 23.45, 49.56
2020-10-28, 05:25:42, 23.46, 49.53
2020-10-28, 05:25:43, 23.45, 49.56
2020-10-28, 05:25:44, 23.44, 49.53
2020-10-28, 05:25:46, 23.44, 49.59
2020-10-28, 05:25:47, 23.43, 49.56
2020-10-28, 05:25:48, 23.45, 49.56
2020-10-28, 05:25:50, 23.44, 49.56
2020-10-28, 05:25:51, 23.44, 49.56
2020-10-28, 05:25:52, 23.43, 49.56
2020-10-28, 05:25:54, 23.45, 49.56
2020-10-28, 05:25:55, 23.45, 49.56
2020-10-28, 05:25:57, 23.44, 49.56
2020-10-28, 05:25:58, 23.43, 49.59
2020-10-28, 05:25:59, 23.44, 49.56
2020-10-28, 05:26:01, 23.44, 49.56
2020-10-28, 05:26:02, 23.44, 49.56
2020-10-28, 05:26:03, 23.44, 49.59
2020-10-28, 05:26:05, 23.43, 49.56
2020-10-28, 05:26:06, 23.44, 49.56
2020-10-28, 05:26:07, 23.43, 49.59
2020-10-28, 05:26:09, 23.42, 49.59
2020-10-28, 05:26:10, 23.43, 49.56
2020-10-28, 05:26:11, 23.42, 49.56
2020-10-28, 05:26:13, 23.44, 49.56
2020-10-28, 05:26:14, 23.43, 49.59
2020-10-28, 05:26:16, 23.43, 49.56
2020-10-28, 05:26:17, 23.43, 49.59
2020-10-28, 05:26:18, 23.44, 49.59
2020-10-28, 05:26:20, 23.43, 49.56
2020-10-28, 05:26:21, 23.44, 49.56
2020-10-28, 05:26:22, 23.44, 49.56
2020-10-28, 05:26:24, 23.43, 49.59
2020-10-28, 05:26:25, 23.43, 49.56
2020-10-28, 05:26:26, 23.43, 49.53
2020-10-28, 05:26:28, 23.42, 49.56
2020-10-28, 05:26:29, 23.42, 49.56
2020-10-28, 05:26:30, 23.43, 49.56
2020-10-28, 05:26:32, 23.43, 49.59
2020-10-28, 05:26:33, 23.42, 49.59
2020-10-28, 05:26:34, 23.43, 49.56
2020-10-28, 05:26:36, 23.42, 49.56
2020-10-28, 05:26:37, 23.43, 49.56
2020-10-28, 05:26:39, 23.42, 49.59
2020-10-28, 05:26:40, 23.41, 49.56
2020-10-28, 05:26:41, 23.42, 49.59
2020-10-28, 05:26:43, 23.42, 49.56
2020-10-28, 05:26:44, 23.43, 49.59
2020-10-28, 05:26:45, 23.4, 49.59
2020-10-28, 05:26:47, 23.43, 49.59
2020-10-28, 05:26:48, 23.43, 49.59
2020-10-28, 05:26:49, 23.43, 49.59
2020-10-28, 05:26:51, 23.42, 49.56
2020-10-28, 05:26:52, 23.43, 49.59
2020-10-28, 05:26:53, 23.44, 49.59
2020-10-28, 05:26:55, 23.43, 49.59
2020-10-28, 05:26:56, 23.44, 49.59
2020-10-28, 05:26:58, 23.43, 49.59
2020-10-28, 05:26:59, 23.43, 49.59
2020-10-28, 05:27:00, 23.44, 49.59
2020-10-28, 05:27:02, 23.35, 49.58
2020-10-28, 05:27:03, 23.4, 49.59
2020-10-28, 05:27:05, 23.42, 49.62
2020-10-28, 05:27:06, 23.42, 49.59
2020-10-28, 05:27:07, 23.44, 49.59
2020-10-28, 05:27:09, 23.43, 49.62
2020-10-28, 05:27:10, 23.42, 49.59
2020-10-28, 05:27:11, 23.43, 49.59
2020-10-28, 05:27:13, 23.41, 49.59
2020-10-28, 05:27:14, 23.42, 49.59
2020-10-28, 05:27:15, 23.42, 49.59
2020-10-28, 05:27:17, 23.42, 49.59
2020-10-28, 05:27:18, 23.42, 49.59
2020-10-28, 05:27:19, 23.42, 49.59
2020-10-28, 05:27:21, 23.42, 49.59
2020-10-28, 05:27:22, 23.42, 49.59
2020-10-28, 05:27:23, 23.4, 49.59
2020-10-28, 05:27:25, 23.42, 49.59
2020-10-28, 05:27:26, 23.42, 49.59
2020-10-28, 05:27:28, 23.41, 49.59
2020-10-28, 05:27:29, 23.41, 49.59
2020-10-28, 05:27:30, 23.42, 49.59
2020-10-28, 05:27:32, 23.41, 49.59
2020-10-28, 05:27:33, 23.42, 49.59
2020-10-28, 05:27:34, 23.42, 49.59
2020-10-28, 05:27:36, 23.41, 49.59
2020-10-28, 05:27:37, 23.41, 49.59
2020-10-28, 05:27:38, 23.41, 49.59
2020-10-28, 05:27:40, 23.41, 49.59
2020-10-28, 05:27:41, 23.41, 49.59
2020-10-28, 05:27:42, 23.41, 49.59
2020-10-28, 05:27:44, 23.42, 49.59
2020-10-28, 05:27:45, 23.42, 49.59
2020-10-28, 05:27:47, 23.42, 49.59
2020-10-28, 05:27:48, 23.41, 49.59
2020-10-28, 05:27:49, 23.41, 49.59
2020-10-28, 05:27:51, 23.4, 49.59
2020-10-28, 05:27:52, 23.42, 49.59
2020-10-28, 05:27:53, 23.42, 49.56
2020-10-28, 05:27:55, 23.4, 49.59
2020-10-28, 05:27:56, 23.38, 49.58
2020-10-28, 05:27:57, 23.41, 49.59
2020-10-28, 05:27:59, 23.41, 49.59
2020-10-28, 05:28:00, 23.42, 49.59
2020-10-28, 05:28:02, 23.41, 49.59
2020-10-28, 05:28:03, 23.41, 49.59
2020-10-28, 05:28:04, 23.41, 49.59
2020-10-28, 05:28:06, 23.41, 49.59
2020-10-28, 05:28:07, 23.42, 49.59
2020-10-28, 05:28:08, 23.41, 49.59
2020-10-28, 05:28:10, 23.41, 49.59
2020-10-28, 05:28:11, 23.41, 49.59
2020-10-28, 05:28:12, 23.41, 49.56
2020-10-28, 05:28:14, 23.4, 49.59
2020-10-28, 05:28:15, 23.41, 49.59
2020-10-28, 05:28:16, 23.41, 49.59
2020-10-28, 05:28:18, 23.4, 49.55
2020-10-28, 05:28:19, 23.41, 49.56
2020-10-28, 05:28:21, 23.4, 49.59
2020-10-28, 05:28:22, 23.4, 49.55
2020-10-28, 05:28:23, 23.41, 49.59
2020-10-28, 05:28:25, 23.4, 49.59
2020-10-28, 05:28:26, 23.4, 49.59
2020-10-28, 05:28:27, 23.39, 49.59
2020-10-28, 05:28:29, 23.38, 49.58
2020-10-28, 05:28:30, 23.39, 49.59
2020-10-28, 05:28:31, 23.39, 49.59
2020-10-28, 05:28:33, 23.4, 49.59
2020-10-28, 05:28:34, 23.38, 49.58
2020-10-28, 05:28:35, 23.39, 49.62
2020-10-28, 05:28:37, 23.39, 49.59
2020-10-28, 05:28:38, 23.4, 49.62
2020-10-28, 05:28:40, 23.39, 49.62
2020-10-28, 05:28:41, 23.4, 49.62
2020-10-28, 05:28:42, 23.39, 49.59
2020-10-28, 05:28:44, 23.41, 49.62
2020-10-28, 05:28:45, 23.4, 49.59
2020-10-28, 05:28:46, 23.4, 49.62
2020-10-28, 05:28:48, 23.4, 49.62
2020-10-28, 05:28:49, 23.39, 49.62
2020-10-28, 05:28:50, 23.39, 49.59
2020-10-28, 05:28:52, 23.39, 49.59
2020-10-28, 05:28:53, 23.4, 49.59
2020-10-28, 05:28:54, 23.4, 49.59
2020-10-28, 05:28:56, 23.4, 49.59
2020-10-28, 05:28:57, 23.42, 49.59
2020-10-28, 05:28:59, 23.4, 49.62
2020-10-28, 05:29:00, 23.41, 49.59
2020-10-28, 05:29:01, 23.4, 49.59
2020-10-28, 05:29:03, 23.4, 49.59
2020-10-28, 05:29:04, 23.4, 49.59
2020-10-28, 05:29:05, 23.4, 49.59
2020-10-28, 05:29:07, 23.39, 49.59
2020-10-28, 05:29:08, 23.4, 49.59
2020-10-28, 05:29:09, 23.41, 49.59
2020-10-28, 05:29:11, 23.41, 49.59
2020-10-28, 05:29:12, 23.41, 49.56
2020-10-28, 05:29:13, 23.41, 49.56
2020-10-28, 05:29:15, 23.41, 49.59
2020-10-28, 05:29:16, 23.41, 49.56
2020-10-28, 05:29:18, 23.41, 49.56
2020-10-28, 05:29:19, 23.42, 49.56
2020-10-28, 05:29:20, 23.4, 49.55
2020-10-28, 05:29:22, 23.4, 49.55
2020-10-28, 05:29:23, 23.4, 49.55
2020-10-28, 05:29:24, 23.41, 49.56
2020-10-28, 05:29:26, 23.42, 49.56
2020-10-28, 05:29:27, 23.41, 49.56
2020-10-28, 05:29:28, 23.4, 49.55
2020-10-28, 05:29:30, 23.4, 49.55
2020-10-28, 05:29:31, 23.42, 49.56
2020-10-28, 05:29:32, 23.41, 49.56
2020-10-28, 05:29:34, 23.41, 49.56
2020-10-28, 05:29:35, 23.42, 49.56
2020-10-28, 05:29:37, 23.4, 49.55
2020-10-28, 05:29:38, 23.41, 49.56
2020-10-28, 05:29:39, 23.39, 49.55
2020-10-28, 05:29:41, 23.41, 49.52
2020-10-28, 05:29:42, 23.43, 49.56
2020-10-28, 05:29:43, 23.42, 49.56
2020-10-28, 05:29:45, 23.43, 49.53
2020-10-28, 05:29:46, 23.42, 49.53
2020-10-28, 05:29:47, 23.42, 49.53
2020-10-28, 05:29:49, 23.43, 49.56
2020-10-28, 05:29:50, 23.42, 49.53
2020-10-28, 05:29:51, 23.44, 49.53
2020-10-28, 05:29:53, 23.42, 49.53
2020-10-28, 05:29:54, 23.43, 49.53
2020-10-28, 05:29:56, 23.43, 49.53
2020-10-28, 05:29:57, 23.44, 49.53
2020-10-28, 05:29:58, 23.43, 49.53
2020-10-28, 05:30:00, 23.42, 49.53
2020-10-28, 05:30:01, 23.41, 49.52
2020-10-28, 05:30:02, 23.42, 49.53
2020-10-28, 05:30:04, 23.4, 49.52
2020-10-28, 05:30:05, 23.43, 49.53
2020-10-28, 05:30:06, 23.42, 49.53
2020-10-28, 05:30:08, 23.42, 49.56
2020-10-28, 05:30:09, 23.42, 49.53
2020-10-28, 05:30:10, 23.42, 49.53
2020-10-28, 05:30:12, 23.42, 49.53
2020-10-28, 05:30:13, 23.4, 49.55
2020-10-28, 05:30:15, 23.4, 49.55
2020-10-28, 05:30:16, 23.42, 49.56
2020-10-28, 05:30:17, 23.42, 49.56
2020-10-28, 05:30:19, 23.42, 49.56
2020-10-28, 05:30:20, 23.42, 49.56
2020-10-28, 05:30:21, 23.42, 49.56
2020-10-28, 05:30:23, 23.42, 49.53
2020-10-28, 05:30:24, 23.42, 49.53
2020-10-28, 05:30:26, 23.42, 49.53
2020-10-28, 05:30:27, 23.42, 49.56
2020-10-28, 05:30:28, 23.42, 49.53
2020-10-28, 05:30:30, 23.42, 49.53
2020-10-28, 05:30:31, 23.43, 49.53
2020-10-28, 05:30:32, 23.37, 49.52
2020-10-28, 05:30:34, 23.42, 49.56
2020-10-28, 05:30:35, 23.43, 49.53
2020-10-28, 05:30:37, 23.42, 49.53
2020-10-28, 05:30:38, 23.43, 49.53
2020-10-28, 05:30:39, 23.43, 49.53
2020-10-28, 05:30:41, 23.43, 49.53
2020-10-28, 05:30:42, 23.43, 49.53
2020-10-28, 05:30:43, 23.42, 49.53
2020-10-28, 05:30:45, 23.43, 49.53
2020-10-28, 05:30:46, 23.44, 49.5
2020-10-28, 05:30:47, 23.44, 49.5
2020-10-28, 05:30:49, 23.43, 49.5
2020-10-28, 05:30:50, 23.45, 49.5
2020-10-28, 05:30:51, 23.45, 49.47
2020-10-28, 05:30:53, 23.44, 49.46
2020-10-28, 05:30:54, 23.44, 49.46
2020-10-28, 05:30:55, 23.44, 49.46
2020-10-28, 05:30:57, 23.45, 49.5
2020-10-28, 05:30:58, 23.45, 49.47
2020-10-28, 05:31:00, 23.42, 49.46
2020-10-28, 05:31:01, 23.45, 49.47
2020-10-28, 05:31:02, 23.45, 49.47
2020-10-28, 05:31:04, 23.45, 49.47
2020-10-28, 05:31:05, 23.44, 49.46
2020-10-28, 05:31:06, 23.45, 49.47
2020-10-28, 05:31:08, 23.46, 49.47
2020-10-28, 05:31:09, 23.44, 49.46
2020-10-28, 05:31:10, 23.45, 49.47
2020-10-28, 05:31:12, 23.46, 49.47
2020-10-28, 05:31:13, 23.46, 49.44
2020-10-28, 05:31:14, 23.46, 49.47
2020-10-28, 05:31:16, 23.45, 49.43
2020-10-28, 05:31:17, 23.48, 49.44
2020-10-28, 05:31:19, 23.47, 49.44
2020-10-28, 05:31:20, 23.46, 49.44
2020-10-28, 05:31:21, 23.48, 49.44
2020-10-28, 05:31:23, 23.46, 49.44
2020-10-28, 05:31:24, 23.47, 49.41
2020-10-28, 05:31:25, 23.47, 49.44
2020-10-28, 05:31:27, 23.47, 49.44
2020-10-28, 05:31:28, 23.48, 49.44
2020-10-28, 05:31:29, 23.46, 49.4
2020-10-28, 05:31:31, 23.48, 49.44
2020-10-28, 05:31:32, 23.48, 49.41
2020-10-28, 05:31:33, 23.47, 49.41
2020-10-28, 05:31:35, 23.48, 49.44
2020-10-28, 05:31:36, 23.47, 49.41
2020-10-28, 05:31:38, 23.46, 49.4
2020-10-28, 05:31:39, 23.48, 49.41
2020-10-28, 05:31:40, 23.5, 49.41
2020-10-28, 05:31:42, 23.49, 49.41
2020-10-28, 05:31:43, 23.48, 49.41
2020-10-28, 05:31:44, 23.48, 49.41
2020-10-28, 05:31:46, 23.49, 49.41
2020-10-28, 05:31:47, 23.49, 49.41
2020-10-28, 05:31:48, 23.5, 49.38
2020-10-28, 05:31:50, 23.5, 49.41
2020-10-28, 05:31:51, 23.5, 49.38
2020-10-28, 05:31:53, 23.5, 49.38
2020-10-28, 05:31:54, 23.5, 49.38
2020-10-28, 05:31:55, 23.5, 49.35
2020-10-28, 05:31:57, 23.5, 49.35
2020-10-28, 05:31:58, 23.51, 49.35
2020-10-28, 05:31:59, 23.5, 49.35
2020-10-28, 05:32:01, 23.51, 49.35
2020-10-28, 05:32:02, 23.5, 49.35
2020-10-28, 05:32:03, 23.52, 49.35
2020-10-28, 05:32:05, 23.51, 49.35
2020-10-28, 05:32:06, 23.5, 49.35
2020-10-28, 05:32:07, 23.5, 49.35
2020-10-28, 05:32:09, 23.51, 49.35
2020-10-28, 05:32:10, 23.52, 49.32
2020-10-28, 05:32:12, 23.52, 49.35
2020-10-28, 05:32:13, 23.52, 49.32
2020-10-28, 05:32:14, 23.53, 49.32
2020-10-28, 05:32:16, 23.5, 49.35
2020-10-28, 05:32:17, 23.52, 49.32
2020-10-28, 05:32:18, 23.54, 49.32
2020-10-28, 05:32:20, 23.52, 49.32
2020-10-28, 05:32:21, 23.52, 49.32
2020-10-28, 05:32:22, 23.53, 49.32
2020-10-28, 05:32:24, 23.51, 49.31
2020-10-28, 05:32:25, 23.52, 49.28
2020-10-28, 05:32:26, 23.52, 49.28
2020-10-28, 05:32:28, 23.52, 49.28
2020-10-28, 05:32:29, 23.52, 49.28
2020-10-28, 05:32:31, 23.54, 49.29
2020-10-28, 05:32:32, 23.52, 49.28
2020-10-28, 05:32:33, 23.53, 49.29
2020-10-28, 05:32:35, 23.53, 49.29
2020-10-28, 05:32:36, 23.54, 49.29
2020-10-28, 05:32:37, 23.54, 49.29
2020-10-28, 05:32:39, 23.54, 49.29
2020-10-28, 05:32:40, 23.54, 49.29
2020-10-28, 05:32:41, 23.54, 49.26
2020-10-28, 05:32:43, 23.54, 49.26
2020-10-28, 05:32:44, 23.54, 49.29
2020-10-28, 05:32:45, 23.54, 49.26
2020-10-28, 05:32:47, 23.54, 49.26
2020-10-28, 05:32:48, 23.52, 49.25
2020-10-28, 05:32:50, 23.54, 49.29
2020-10-28, 05:32:51, 23.54, 49.29
2020-10-28, 05:32:52, 23.54, 49.26
2020-10-28, 05:32:54, 23.55, 49.22
2020-10-28, 05:32:55, 23.54, 49.26
2020-10-28, 05:32:56, 23.54, 49.22
2020-10-28, 05:32:58, 23.55, 49.26
2020-10-28, 05:32:59, 23.53, 49.25
2020-10-28, 05:33:00, 23.54, 49.26
2020-10-28, 05:33:02, 23.55, 49.22
2020-10-28, 05:33:03, 23.54, 49.22
2020-10-28, 05:33:05, 23.54, 49.22
2020-10-28, 05:33:06, 23.55, 49.22
2020-10-28, 05:33:07, 23.54, 49.22
2020-10-28, 05:33:09, 23.55, 49.22
2020-10-28, 05:33:10, 23.55, 49.22
2020-10-28, 05:33:11, 23.55, 49.22
2020-10-28, 05:33:13, 23.56, 49.23
2020-10-28, 05:33:14, 23.56, 49.23
2020-10-28, 05:33:15, 23.56, 49.19
2020-10-28, 05:33:17, 23.56, 49.19
2020-10-28, 05:33:18, 23.56, 49.19
2020-10-28, 05:33:19, 23.55, 49.16
2020-10-28, 05:33:21, 23.53, 49.16
2020-10-28, 05:33:22, 23.56, 49.19
2020-10-28, 05:33:24, 23.57, 49.16
2020-10-28, 05:33:25, 23.55, 49.19
2020-10-28, 05:33:26, 23.55, 49.16
2020-10-28, 05:33:28, 23.56, 49.19
2020-10-28, 05:33:29, 23.56, 49.16
2020-10-28, 05:33:30, 23.58, 49.17
2020-10-28, 05:33:32, 23.56, 49.16
2020-10-28, 05:33:33, 23.56, 49.16
2020-10-28, 05:33:34, 23.56, 49.16
2020-10-28, 05:33:36, 23.56, 49.19
2020-10-28, 05:33:37, 23.56, 49.16
2020-10-28, 05:33:39, 23.57, 49.16
2020-10-28, 05:33:40, 23.58, 49.17
2020-10-28, 05:33:41, 23.58, 49.17
2020-10-28, 05:33:43, 23.57, 49.16
2020-10-28, 05:33:44, 23.58, 49.13
2020-10-28, 05:33:45, 23.58, 49.1
2020-10-28, 05:33:47, 23.58, 49.1
2020-10-28, 05:33:48, 23.58, 49.1
2020-10-28, 05:33:49, 23.58, 49.1
2020-10-28, 05:33:51, 23.58, 49.1
2020-10-28, 05:33:52, 23.58, 49.1
2020-10-28, 05:33:53, 23.58, 49.13
2020-10-28, 05:33:55, 23.58, 49.13
2020-10-28, 05:33:56, 23.56, 49.1
2020-10-28, 05:33:58, 23.57, 49.1
2020-10-28, 05:33:59, 23.58, 49.1
2020-10-28, 05:34:00, 23.58, 49.1
2020-10-28, 05:34:02, 23.58, 49.1
2020-10-28, 05:34:03, 23.58, 49.1
2020-10-28, 05:34:04, 23.59, 49.1
2020-10-28, 05:34:06, 23.57, 49.1
2020-10-28, 05:34:07, 23.58, 49.1
2020-10-28, 05:34:08, 23.58, 49.07
2020-10-28, 05:34:10, 23.58, 49.1
2020-10-28, 05:34:11, 23.6, 49.1
2020-10-28, 05:34:12, 23.6, 49.1
2020-10-28, 05:34:14, 23.61, 49.11
2020-10-28, 05:34:15, 23.6, 49.07
2020-10-28, 05:34:17, 23.6, 49.1
2020-10-28, 05:34:18, 23.6, 49.07
2020-10-28, 05:34:19, 23.6, 49.1
2020-10-28, 05:34:21, 23.61, 49.07
2020-10-28, 05:34:22, 23.6, 49.07
2020-10-28, 05:34:23, 23.59, 49.07
2020-10-28, 05:34:25, 23.6, 49.07
2020-10-28, 05:34:26, 23.62, 49.04
2020-10-28, 05:34:27, 23.61, 49.04
2020-10-28, 05:34:29, 23.62, 49.04
2020-10-28, 05:34:30, 23.6, 49.04
2020-10-28, 05:34:31, 23.6, 49.04
2020-10-28, 05:34:33, 23.6, 49.04
2020-10-28, 05:34:34, 23.62, 49.04
2020-10-28, 05:34:36, 23.62, 49.04
2020-10-28, 05:34:37, 23.6, 49.04
2020-10-28, 05:34:38, 23.61, 49.04
2020-10-28, 05:34:40, 23.62, 49.04
2020-10-28, 05:34:41, 23.62, 49.04
2020-10-28, 05:34:42, 23.62, 49.04
2020-10-28, 05:34:44, 23.61, 49.04
2020-10-28, 05:34:45, 23.62, 49.04
2020-10-28, 05:34:46, 23.63, 49.04
2020-10-28, 05:34:48, 23.62, 48.98
2020-10-28, 05:34:49, 23.62, 49.01
2020-10-28, 05:34:50, 23.64, 49.01
2020-10-28, 05:34:52, 23.62, 49.01
2020-10-28, 05:34:53, 23.63, 49.01
2020-10-28, 05:34:55, 23.62, 49.01
2020-10-28, 05:34:56, 23.62, 49.01
2020-10-28, 05:34:57, 23.63, 49.01
2020-10-28, 05:34:59, 23.63, 48.98
2020-10-28, 05:35:00, 23.63, 49.01
2020-10-28, 05:35:01, 23.63, 49.01
2020-10-28, 05:35:03, 23.64, 49.01
2020-10-28, 05:35:04, 23.64, 48.98
2020-10-28, 05:35:05, 23.64, 48.98
2020-10-28, 05:35:07, 23.64, 48.98
2020-10-28, 05:35:08, 23.63, 48.98
2020-10-28, 05:35:09, 23.62, 48.98
2020-10-28, 05:35:11, 23.64, 48.98
2020-10-28, 05:35:12, 23.63, 48.98
2020-10-28, 05:35:14, 23.62, 48.98
2020-10-28, 05:35:15, 23.64, 48.98
2020-10-28, 05:35:16, 23.64, 48.98
2020-10-28, 05:35:18, 23.64, 48.98
2020-10-28, 05:35:19, 23.64, 48.98
2020-10-28, 05:35:20, 23.65, 48.98
2020-10-28, 05:35:22, 23.64, 48.98
2020-10-28, 05:35:23, 23.64, 48.98
2020-10-28, 05:35:24, 23.64, 48.98
2020-10-28, 05:35:26, 23.63, 48.98
2020-10-28, 05:35:27, 23.65, 48.98
2020-10-28, 05:35:28, 23.65, 48.98
2020-10-28, 05:35:30, 23.65, 48.95
2020-10-28, 05:35:31, 23.66, 48.95
2020-10-28, 05:35:33, 23.64, 48.98
2020-10-28, 05:35:34, 23.65, 48.95
2020-10-28, 05:35:35, 23.66, 48.95
2020-10-28, 05:35:37, 23.64, 48.95
2020-10-28, 05:35:38, 23.64, 48.92
2020-10-28, 05:35:39, 23.64, 48.95
2020-10-28, 05:35:41, 23.63, 48.98
2020-10-28, 05:35:42, 23.64, 48.95
2020-10-28, 05:35:43, 23.66, 48.95
2020-10-28, 05:35:45, 23.66, 48.92
2020-10-28, 05:35:46, 23.67, 48.95
2020-10-28, 05:35:47, 23.66, 48.92
2020-10-28, 05:35:49, 23.66, 48.95
2020-10-28, 05:35:50, 23.67, 48.92
2020-10-28, 05:35:52, 23.67, 48.92
2020-10-28, 05:35:53, 23.67, 48.92
2020-10-28, 05:35:54, 23.68, 48.92
2020-10-28, 05:35:56, 23.67, 48.92
2020-10-28, 05:35:57, 23.67, 48.92
2020-10-28, 05:35:58, 23.66, 48.92
2020-10-28, 05:36:00, 23.67, 48.92
2020-10-28, 05:36:01, 23.67, 48.92
2020-10-28, 05:36:02, 23.68, 48.92
2020-10-28, 05:36:04, 23.68, 48.92
2020-10-28, 05:36:05, 23.67, 48.92
2020-10-28, 05:36:06, 23.67, 48.92
2020-10-28, 05:36:08, 23.68, 48.92
2020-10-28, 05:36:09, 23.68, 48.89
2020-10-28, 05:36:11, 23.68, 48.89
2020-10-28, 05:36:12, 23.68, 48.86
2020-10-28, 05:36:13, 23.7, 48.89
2020-10-28, 05:36:15, 23.69, 48.89
2020-10-28, 05:36:16, 23.7, 48.86
2020-10-28, 05:36:17, 23.69, 48.89
2020-10-28, 05:36:19, 23.68, 48.86
2020-10-28, 05:36:20, 23.7, 48.89
2020-10-28, 05:36:21, 23.68, 48.86
2020-10-28, 05:36:23, 23.68, 48.86
2020-10-28, 05:36:24, 23.7, 48.86
2020-10-28, 05:36:25, 23.69, 48.86
2020-10-28, 05:36:27, 23.69, 48.86
2020-10-28, 05:36:28, 23.68, 48.86
2020-10-28, 05:36:30, 23.7, 48.86
2020-10-28, 05:36:31, 23.71, 48.86
2020-10-28, 05:36:32, 23.7, 48.86
2020-10-28, 05:36:34, 23.7, 48.86
2020-10-28, 05:36:35, 23.7, 48.86
2020-10-28, 05:36:36, 23.7, 48.86
2020-10-28, 05:36:38, 23.7, 48.86
2020-10-28, 05:36:39, 23.71, 48.83
2020-10-28, 05:36:40, 23.7, 48.86
2020-10-28, 05:36:42, 23.7, 48.83
2020-10-28, 05:36:43, 23.7, 48.8
2020-10-28, 05:36:44, 23.7, 48.83
2020-10-28, 05:36:46, 23.71, 48.83
2020-10-28, 05:36:47, 23.68, 48.83
2020-10-28, 05:36:49, 23.7, 48.83
2020-10-28, 05:36:50, 23.7, 48.83
2020-10-28, 05:36:51, 23.71, 48.8
2020-10-28, 05:36:53, 23.7, 48.83
2020-10-28, 05:36:54, 23.72, 48.83
2020-10-28, 05:36:55, 23.71, 48.8
2020-10-28, 05:36:57, 23.72, 48.8
2020-10-28, 05:36:58, 23.71, 48.8
2020-10-28, 05:36:59, 23.71, 48.8
2020-10-28, 05:37:01, 23.72, 48.8
2020-10-28, 05:37:02, 23.72, 48.8
2020-10-28, 05:37:03, 23.71, 48.8
2020-10-28, 05:37:05, 23.72, 48.8
2020-10-28, 05:37:06, 23.72, 48.8
2020-10-28, 05:37:08, 23.72, 48.8
2020-10-28, 05:37:09, 23.72, 48.8
2020-10-28, 05:37:10, 23.73, 48.8
2020-10-28, 05:37:12, 23.72, 48.77
2020-10-28, 05:37:13, 23.72, 48.8
2020-10-28, 05:37:14, 23.72, 48.77
2020-10-28, 05:37:16, 23.73, 48.77
2020-10-28, 05:37:17, 23.72, 48.77
2020-10-28, 05:37:18, 23.73, 48.77
2020-10-28, 05:37:20, 23.72, 48.77
2020-10-28, 05:37:21, 23.72, 48.77
2020-10-28, 05:37:22, 23.72, 48.8
2020-10-28, 05:37:24, 23.72, 48.74
2020-10-28, 05:37:25, 23.74, 48.74
2020-10-28, 05:37:27, 23.73, 48.74
2020-10-28, 05:37:28, 23.73, 48.74
2020-10-28, 05:37:29, 23.74, 48.74
2020-10-28, 05:37:31, 23.74, 48.74
2020-10-28, 05:37:32, 23.73, 48.74
2020-10-28, 05:37:33, 23.74, 48.74
2020-10-28, 05:37:35, 23.74, 48.74
2020-10-28, 05:37:36, 23.74, 48.74
2020-10-28, 05:37:37, 23.75, 48.74
2020-10-28, 05:37:39, 23.74, 48.74
2020-10-28, 05:37:40, 23.75, 48.71
2020-10-28, 05:37:41, 23.74, 48.71
2020-10-28, 05:37:43, 23.74, 48.74
2020-10-28, 05:37:44, 23.74, 48.74
2020-10-28, 05:37:45, 23.75, 48.74
2020-10-28, 05:37:47, 23.74, 48.71
2020-10-28, 05:37:48, 23.72, 48.67
2020-10-28, 05:37:50, 23.74, 48.71
2020-10-28, 05:37:51, 23.74, 48.71
2020-10-28, 05:37:52, 23.73, 48.68
2020-10-28, 05:37:54, 23.75, 48.68
2020-10-28, 05:37:55, 23.71, 48.67
2020-10-28, 05:37:56, 23.74, 48.68
2020-10-28, 05:37:58, 23.74, 48.68
2020-10-28, 05:37:59, 23.74, 48.68
2020-10-28, 05:38:00, 23.75, 48.65
2020-10-28, 05:38:02, 23.74, 48.64
2020-10-28, 05:38:03, 23.74, 48.64
2020-10-28, 05:38:05, 23.74, 48.61
2020-10-28, 05:38:06, 23.76, 48.62
2020-10-28, 05:38:07, 23.75, 48.61
2020-10-28, 05:38:09, 23.76, 48.62
2020-10-28, 05:38:10, 23.76, 48.62
2020-10-28, 05:38:11, 23.75, 48.61
2020-10-28, 05:38:13, 23.74, 48.61
2020-10-28, 05:38:14, 23.75, 48.61
2020-10-28, 05:38:15, 23.75, 48.61
2020-10-28, 05:38:17, 23.74, 48.58
2020-10-28, 05:38:18, 23.74, 48.58
2020-10-28, 05:38:19, 23.73, 48.58
2020-10-28, 05:38:21, 23.75, 48.58
2020-10-28, 05:38:22, 23.76, 48.58
2020-10-28, 05:38:23, 23.76, 48.58
2020-10-28, 05:38:25, 23.75, 48.61
2020-10-28, 05:38:26, 23.76, 48.58
2020-10-28, 05:38:28, 23.76, 48.62
2020-10-28, 05:38:29, 23.75, 48.61
2020-10-28, 05:38:30, 23.76, 48.62
2020-10-28, 05:38:32, 23.77, 48.62
2020-10-28, 05:38:33, 23.76, 48.62
2020-10-28, 05:38:34, 23.75, 48.61
2020-10-28, 05:38:36, 23.74, 48.61
2020-10-28, 05:38:37, 23.76, 48.65
2020-10-28, 05:38:38, 23.76, 48.62
2020-10-28, 05:38:40, 23.76, 48.62
2020-10-28, 05:38:41, 23.76, 48.62
2020-10-28, 05:38:42, 23.75, 48.61
2020-10-28, 05:38:44, 23.77, 48.62
2020-10-28, 05:38:45, 23.76, 48.62
2020-10-28, 05:38:47, 23.78, 48.62
2020-10-28, 05:38:48, 23.76, 48.62
2020-10-28, 05:38:49, 23.75, 48.58
2020-10-28, 05:38:51, 23.77, 48.58
2020-10-28, 05:38:52, 23.75, 48.58
2020-10-28, 05:38:53, 23.76, 48.58
2020-10-28, 05:38:55, 23.75, 48.58
2020-10-28, 05:38:56, 23.76, 48.55
2020-10-28, 05:38:57, 23.74, 48.55
2020-10-28, 05:38:59, 23.74, 48.55
2020-10-28, 05:39:00, 23.75, 48.55
2020-10-28, 05:39:01, 23.75, 48.55
2020-10-28, 05:39:03, 23.74, 48.55
2020-10-28, 05:39:04, 23.74, 48.55
2020-10-28, 05:39:06, 23.75, 48.55
2020-10-28, 05:39:07, 23.76, 48.55
2020-10-28, 05:39:08, 23.76, 48.55
2020-10-28, 05:39:10, 23.76, 48.55
2020-10-28, 05:39:11, 23.76, 48.55
2020-10-28, 05:39:12, 23.76, 48.55
2020-10-28, 05:39:14, 23.76, 48.55
2020-10-28, 05:39:15, 23.76, 48.55
2020-10-28, 05:39:16, 23.76, 48.55
2020-10-28, 05:39:18, 23.76, 48.55
2020-10-28, 05:39:19, 23.76, 48.55
2020-10-28, 05:39:20, 23.76, 48.55
2020-10-28, 05:39:22, 23.77, 48.55
2020-10-28, 05:39:23, 23.76, 48.55
2020-10-28, 05:39:25, 23.76, 48.58
2020-10-28, 05:39:26, 23.76, 48.55
2020-10-28, 05:39:27, 23.76, 48.55
2020-10-28, 05:39:29, 23.76, 48.58
2020-10-28, 05:39:30, 23.76, 48.55
2020-10-28, 05:39:31, 23.76, 48.58
2020-10-28, 05:39:33, 23.76, 48.58
2020-10-28, 05:39:34, 23.76, 48.58
2020-10-28, 05:39:35, 23.76, 48.62
2020-10-28, 05:39:37, 23.76, 48.62
2020-10-28, 05:39:38, 23.78, 48.59
2020-10-28, 05:39:39, 23.76, 48.58
2020-10-28, 05:39:41, 23.76, 48.62
2020-10-28, 05:39:42, 23.76, 48.58
2020-10-28, 05:39:44, 23.77, 48.58
2020-10-28, 05:39:45, 23.76, 48.58
2020-10-28, 05:39:46, 23.76, 48.58
2020-10-28, 05:39:48, 23.76, 48.62
2020-10-28, 05:39:49, 23.76, 48.58
2020-10-28, 05:39:50, 23.75, 48.58
2020-10-28, 05:39:52, 23.76, 48.58
2020-10-28, 05:39:53, 23.76, 48.58
2020-10-28, 05:39:54, 23.76, 48.55
2020-10-28, 05:39:56, 23.76, 48.58
2020-10-28, 05:39:57, 23.76, 48.55
2020-10-28, 05:39:58, 23.76, 48.55
2020-10-28, 05:40:00, 23.76, 48.58
2020-10-28, 05:40:01, 23.74, 48.55
2020-10-28, 05:40:03, 23.74, 48.58
2020-10-28, 05:40:04, 23.75, 48.61
2020-10-28, 05:40:05, 23.76, 48.58
2020-10-28, 05:40:07, 23.76, 48.62
2020-10-28, 05:40:08, 23.76, 48.62
2020-10-28, 05:40:09, 23.76, 48.58
2020-10-28, 05:40:11, 23.76, 48.62
2020-10-28, 05:40:12, 23.75, 48.61
2020-10-28, 05:40:13, 23.73, 48.61
2020-10-28, 05:40:15, 23.74, 48.61
2020-10-28, 05:40:16, 23.74, 48.61
2020-10-28, 05:40:17, 23.75, 48.61
2020-10-28, 05:40:19, 23.74, 48.64
2020-10-28, 05:40:20, 23.75, 48.65
2020-10-28, 05:40:22, 23.75, 48.65
2020-10-28, 05:40:23, 23.75, 48.65
2020-10-28, 05:40:24, 23.74, 48.64
2020-10-28, 05:40:26, 23.74, 48.64
2020-10-28, 05:40:27, 23.74, 48.61
2020-10-28, 05:40:28, 23.75, 48.61
2020-10-28, 05:40:30, 23.74, 48.68
2020-10-28, 05:40:31, 23.74, 48.64
2020-10-28, 05:40:32, 23.74, 48.64
2020-10-28, 05:40:34, 23.75, 48.65
2020-10-28, 05:40:35, 23.75, 48.65
2020-10-28, 05:40:36, 23.74, 48.61
2020-10-28, 05:40:38, 23.74, 48.64
2020-10-28, 05:40:39, 23.74, 48.64
2020-10-28, 05:40:41, 23.74, 48.64
2020-10-28, 05:40:42, 23.74, 48.64
2020-10-28, 05:40:43, 23.75, 48.65
2020-10-28, 05:40:45, 23.75, 48.61
2020-10-28, 05:40:46, 23.76, 48.65
2020-10-28, 05:40:47, 23.75, 48.65
2020-10-28, 05:40:49, 23.74, 48.64
2020-10-28, 05:40:50, 23.75, 48.61
2020-10-28, 05:40:51, 23.75, 48.65
2020-10-28, 05:40:53, 23.75, 48.65
2020-10-28, 05:40:54, 23.75, 48.68
2020-10-28, 05:40:55, 23.75, 48.65
2020-10-28, 05:40:57, 23.75, 48.65
2020-10-28, 05:40:58, 23.75, 48.65
2020-10-28, 05:41:00, 23.75, 48.65
2020-10-28, 05:41:01, 23.76, 48.65
2020-10-28, 05:41:02, 23.75, 48.65
2020-10-28, 05:41:04, 23.76, 48.65
2020-10-28, 05:41:05, 23.76, 48.68
2020-10-28, 05:41:06, 23.76, 48.65
2020-10-28, 05:41:08, 23.76, 48.65
2020-10-28, 05:41:09, 23.76, 48.65
2020-10-28, 05:41:10, 23.75, 48.65
2020-10-28, 05:41:12, 23.76, 48.65
2020-10-28, 05:41:13, 23.74, 48.64
2020-10-28, 05:41:14, 23.75, 48.65
2020-10-28, 05:41:16, 23.76, 48.68
2020-10-28, 05:41:17, 23.76, 48.65
2020-10-28, 05:41:19, 23.76, 48.68
2020-10-28, 05:41:20, 23.76, 48.68
2020-10-28, 05:41:21, 23.74, 48.68
2020-10-28, 05:41:23, 23.75, 48.68
2020-10-28, 05:41:24, 23.74, 48.64
2020-10-28, 05:41:25, 23.75, 48.68
2020-10-28, 05:41:27, 23.77, 48.68
2020-10-28, 05:41:28, 23.76, 48.68
2020-10-28, 05:41:29, 23.76, 48.68
2020-10-28, 05:41:31, 23.75, 48.65
2020-10-28, 05:41:32, 23.76, 48.68
2020-10-28, 05:41:33, 23.76, 48.68
2020-10-28, 05:41:35, 23.76, 48.68
2020-10-28, 05:41:36, 23.76, 48.68
2020-10-28, 05:41:38, 23.77, 48.68
2020-10-28, 05:41:39, 23.76, 48.68
2020-10-28, 05:41:40, 23.76, 48.68
2020-10-28, 05:41:42, 23.76, 48.68
2020-10-28, 05:41:43, 23.75, 48.68
2020-10-28, 05:41:44, 23.77, 48.68
2020-10-28, 05:41:46, 23.76, 48.68
2020-10-28, 05:41:47, 23.76, 48.68
2020-10-28, 05:41:48, 23.76, 48.65
2020-10-28, 05:41:50, 23.76, 48.68
2020-10-28, 05:41:51, 23.77, 48.68
2020-10-28, 05:41:52, 23.76, 48.68
2020-10-28, 05:41:54, 23.75, 48.68
2020-10-28, 05:41:55, 23.77, 48.68
2020-10-28, 05:41:56, 23.76, 48.68
2020-10-28, 05:41:58, 23.75, 48.68
2020-10-28, 05:41:59, 23.74, 48.68
2020-10-28, 05:42:01, 23.76, 48.68
2020-10-28, 05:42:02, 23.76, 48.68
2020-10-28, 05:42:03, 23.76, 48.68
2020-10-28, 05:42:05, 23.77, 48.65
2020-10-28, 05:42:06, 23.77, 48.68
2020-10-28, 05:42:07, 23.76, 48.65
2020-10-28, 05:42:09, 23.78, 48.68
2020-10-28, 05:42:10, 23.76, 48.65
2020-10-28, 05:42:11, 23.76, 48.68
2020-10-28, 05:42:13, 23.76, 48.68
2020-10-28, 05:42:14, 23.75, 48.68
2020-10-28, 05:42:15, 23.76, 48.68
2020-10-28, 05:42:17, 23.75, 48.68
2020-10-28, 05:42:18, 23.76, 48.68
2020-10-28, 05:42:20, 23.76, 48.68
2020-10-28, 05:42:21, 23.76, 48.71
2020-10-28, 05:42:22, 23.76, 48.71
2020-10-28, 05:42:24, 23.75, 48.71
2020-10-28, 05:42:25, 23.76, 48.68
2020-10-28, 05:42:26, 23.76, 48.71
2020-10-28, 05:42:28, 23.75, 48.71
2020-10-28, 05:42:29, 23.75, 48.74
2020-10-28, 05:42:30, 23.75, 48.74
2020-10-28, 05:42:32, 23.76, 48.74
2020-10-28, 05:42:33, 23.74, 48.74
2020-10-28, 05:42:35, 23.76, 48.74
2020-10-28, 05:42:36, 23.76, 48.74
2020-10-28, 05:42:37, 23.77, 48.74
2020-10-28, 05:42:39, 23.76, 48.74
2020-10-28, 05:42:40, 23.76, 48.77
2020-10-28, 05:42:41, 23.76, 48.74
2020-10-28, 05:42:43, 23.75, 48.74
2020-10-28, 05:42:44, 23.75, 48.77
2020-10-28, 05:42:45, 23.74, 48.74
2020-10-28, 05:42:47, 23.75, 48.74
2020-10-28, 05:42:48, 23.75, 48.74
2020-10-28, 05:42:49, 23.76, 48.74
2020-10-28, 05:42:51, 23.76, 48.74
2020-10-28, 05:42:52, 23.75, 48.74
2020-10-28, 05:42:53, 23.75, 48.74
2020-10-28, 05:42:55, 23.74, 48.74
2020-10-28, 05:42:56, 23.75, 48.74
2020-10-28, 05:42:58, 23.75, 48.77
2020-10-28, 05:42:59, 23.74, 48.74
2020-10-28, 05:43:00, 23.75, 48.77
2020-10-28, 05:43:02, 23.75, 48.81
2020-10-28, 05:43:03, 23.74, 48.8
2020-10-28, 05:43:04, 23.74, 48.8
2020-10-28, 05:43:06, 23.74, 48.77
2020-10-28, 05:43:07, 23.75, 48.81
2020-10-28, 05:43:08, 23.74, 48.8
2020-10-28, 05:43:10, 23.74, 48.8
2020-10-28, 05:43:11, 23.75, 48.81
2020-10-28, 05:43:12, 23.73, 48.8
2020-10-28, 05:43:14, 23.74, 48.84
2020-10-28, 05:43:15, 23.74, 48.8
2020-10-28, 05:43:17, 23.73, 48.83
2020-10-28, 05:43:18, 23.73, 48.8
2020-10-28, 05:43:19, 23.73, 48.83
2020-10-28, 05:43:21, 23.75, 48.81
2020-10-28, 05:43:22, 23.74, 48.84
2020-10-28, 05:43:23, 23.74, 48.8
2020-10-28, 05:43:25, 23.73, 48.83
2020-10-28, 05:43:26, 23.73, 48.8
2020-10-28, 05:43:27, 23.73, 48.8
2020-10-28, 05:43:29, 23.74, 48.8
2020-10-28, 05:43:30, 23.74, 48.8
2020-10-28, 05:43:31, 23.74, 48.8
2020-10-28, 05:43:33, 23.72, 48.8
2020-10-28, 05:43:34, 23.75, 48.81
2020-10-28, 05:43:36, 23.74, 48.8
2020-10-28, 05:43:37, 23.74, 48.8
2020-10-28, 05:43:38, 23.75, 48.81
2020-10-28, 05:43:40, 23.73, 48.8
2020-10-28, 05:43:41, 23.74, 48.8
2020-10-28, 05:43:42, 23.72, 48.8
2020-10-28, 05:43:44, 23.74, 48.84
2020-10-28, 05:43:45, 23.74, 48.8
2020-10-28, 05:43:46, 23.73, 48.83
2020-10-28, 05:43:48, 23.74, 48.84
2020-10-28, 05:43:49, 23.74, 48.8
2020-10-28, 05:43:50, 23.74, 48.8
2020-10-28, 05:43:52, 23.72, 48.8
2020-10-28, 05:43:53, 23.74, 48.84
2020-10-28, 05:43:55, 23.74, 48.84
2020-10-28, 05:43:56, 23.74, 48.87
2020-10-28, 05:43:57, 23.74, 48.84
2020-10-28, 05:43:59, 23.72, 48.83
2020-10-28, 05:44:00, 23.74, 48.84
2020-10-28, 05:44:01, 23.73, 48.83
2020-10-28, 05:44:03, 23.74, 48.84
2020-10-28, 05:44:04, 23.74, 48.84
2020-10-28, 05:44:05, 23.73, 48.83
2020-10-28, 05:44:07, 23.74, 48.84
2020-10-28, 05:44:08, 23.73, 48.87
2020-10-28, 05:44:09, 23.74, 48.84
2020-10-28, 05:44:11, 23.74, 48.87
2020-10-28, 05:44:12, 23.74, 48.87
2020-10-28, 05:44:13, 23.74, 48.87
2020-10-28, 05:44:15, 23.74, 48.87
2020-10-28, 05:44:16, 23.74, 48.87
2020-10-28, 05:44:18, 23.74, 48.87
2020-10-28, 05:44:19, 23.73, 48.87
2020-10-28, 05:44:20, 23.74, 48.87
2020-10-28, 05:44:22, 23.73, 48.87
2020-10-28, 05:44:23, 23.74, 48.87
2020-10-28, 05:44:24, 23.74, 48.87
2020-10-28, 05:44:26, 23.74, 48.87
2020-10-28, 05:44:27, 23.74, 48.87
2020-10-28, 05:44:28, 23.74, 48.87
2020-10-28, 05:44:30, 23.74, 48.87
2020-10-28, 05:44:31, 23.74, 48.87
2020-10-28, 05:44:32, 23.75, 48.87
2020-10-28, 05:44:34, 23.74, 48.9
2020-10-28, 05:44:35, 23.74, 48.87
2020-10-28, 05:44:37, 23.74, 48.9
2020-10-28, 05:44:38, 23.75, 48.9
2020-10-28, 05:44:39, 23.74, 48.9
2020-10-28, 05:44:41, 23.76, 48.9
2020-10-28, 05:44:42, 23.75, 48.9
2020-10-28, 05:44:43, 23.74, 48.9
2020-10-28, 05:44:45, 23.75, 48.9
2020-10-28, 05:44:46, 23.74, 48.93
2020-10-28, 05:44:47, 23.75, 48.93
2020-10-28, 05:44:49, 23.73, 48.93
2020-10-28, 05:44:50, 23.73, 48.93
2020-10-28, 05:44:51, 23.72, 48.93
2020-10-28, 05:44:53, 23.74, 48.93
2020-10-28, 05:44:54, 23.73, 48.93
2020-10-28, 05:44:56, 23.73, 48.93
2020-10-28, 05:44:57, 23.72, 48.93
2020-10-28, 05:44:58, 23.76, 48.93
2020-10-28, 05:45:00, 23.73, 48.96
2020-10-28, 05:45:01, 23.74, 48.96
2020-10-28, 05:45:02, 23.75, 48.96
2020-10-28, 05:45:04, 23.75, 49.0
2020-10-28, 05:45:05, 23.74, 48.99
2020-10-28, 05:45:06, 23.74, 48.96
2020-10-28, 05:45:08, 23.73, 48.96
2020-10-28, 05:45:09, 23.72, 48.96
2020-10-28, 05:45:10, 23.73, 48.99
2020-10-28, 05:45:12, 23.72, 48.96
2020-10-28, 05:45:13, 23.72, 48.96
2020-10-28, 05:45:15, 23.74, 48.96
2020-10-28, 05:45:16, 23.72, 48.99
2020-10-28, 05:45:17, 23.72, 48.99
2020-10-28, 05:45:19, 23.72, 48.99
2020-10-28, 05:45:20, 23.72, 48.99
2020-10-28, 05:45:21, 23.73, 49.03
2020-10-28, 05:45:23, 23.72, 48.99
2020-10-28, 05:45:24, 23.72, 49.02
2020-10-28, 05:45:25, 23.71, 49.02
2020-10-28, 05:45:27, 23.72, 49.06
2020-10-28, 05:45:28, 23.72, 49.06
2020-10-28, 05:45:29, 23.72, 49.02
2020-10-28, 05:45:31, 23.72, 49.02
2020-10-28, 05:45:32, 23.73, 49.03
2020-10-28, 05:45:34, 23.73, 49.03
2020-10-28, 05:45:35, 23.72, 49.02
2020-10-28, 05:45:36, 23.72, 49.02
2020-10-28, 05:45:38, 23.73, 49.03
2020-10-28, 05:45:39, 23.73, 49.03
2020-10-28, 05:45:40, 23.73, 49.03
2020-10-28, 05:45:42, 23.73, 49.03
2020-10-28, 05:45:43, 23.74, 49.06
2020-10-28, 05:45:44, 23.72, 49.02
2020-10-28, 05:45:46, 23.73, 49.03
2020-10-28, 05:45:47, 23.72, 49.06
2020-10-28, 05:45:48, 23.72, 49.06
2020-10-28, 05:45:50, 23.73, 49.06
2020-10-28, 05:45:51, 23.72, 49.06
2020-10-28, 05:45:53, 23.72, 49.09
2020-10-28, 05:45:54, 23.73, 49.06
2020-10-28, 05:45:55, 23.73, 49.06
2020-10-28, 05:45:57, 23.72, 49.06
2020-10-28, 05:45:58, 23.73, 49.09
2020-10-28, 05:45:59, 23.72, 49.06
2020-10-28, 05:46:01, 23.71, 49.05
2020-10-28, 05:46:02, 23.71, 49.05
2020-10-28, 05:46:03, 23.71, 49.05
2020-10-28, 05:46:05, 23.71, 49.05
2020-10-28, 05:46:06, 23.72, 49.09
2020-10-28, 05:46:07, 23.72, 49.09
2020-10-28, 05:46:09, 23.71, 49.12
2020-10-28, 05:46:10, 23.71, 49.09
2020-10-28, 05:46:11, 23.72, 49.12
2020-10-28, 05:46:13, 23.73, 49.12
2020-10-28, 05:46:14, 23.71, 49.09
2020-10-28, 05:46:16, 23.71, 49.12
2020-10-28, 05:46:17, 23.72, 49.09
2020-10-28, 05:46:18, 23.73, 49.09
2020-10-28, 05:46:20, 23.72, 49.09
2020-10-28, 05:46:21, 23.72, 49.09
2020-10-28, 05:46:22, 23.72, 49.12
2020-10-28, 05:46:24, 23.74, 49.09
2020-10-28, 05:46:25, 23.72, 49.09
2020-10-28, 05:46:26, 23.72, 49.12
2020-10-28, 05:46:28, 23.73, 49.09
2020-10-28, 05:46:29, 23.72, 49.09
2020-10-28, 05:46:30, 23.72, 49.06
2020-10-28, 05:46:32, 23.73, 49.09
2020-10-28, 05:46:33, 23.72, 49.09
2020-10-28, 05:46:35, 23.71, 49.09
2020-10-28, 05:46:36, 23.73, 49.09
2020-10-28, 05:46:37, 23.74, 49.09
2020-10-28, 05:46:39, 23.74, 49.06
2020-10-28, 05:46:40, 23.73, 49.09
2020-10-28, 05:46:41, 23.74, 49.09
2020-10-28, 05:46:43, 23.73, 49.12
2020-10-28, 05:46:44, 23.74, 49.09
2020-10-28, 05:46:45, 23.74, 49.12
2020-10-28, 05:46:47, 23.74, 49.12
2020-10-28, 05:46:48, 23.73, 49.09
2020-10-28, 05:46:49, 23.74, 49.09
2020-10-28, 05:46:51, 23.74, 49.09
2020-10-28, 05:46:52, 23.75, 49.09
2020-10-28, 05:46:54, 23.72, 49.09
2020-10-28, 05:46:55, 23.73, 49.09
2020-10-28, 05:46:56, 23.74, 49.06
2020-10-28, 05:46:58, 23.74, 49.09
2020-10-28, 05:46:59, 23.74, 49.09
2020-10-28, 05:47:00, 23.74, 49.06
2020-10-28, 05:47:02, 23.74, 49.09
2020-10-28, 05:47:03, 23.74, 49.09
2020-10-28, 05:47:04, 23.75, 49.09
2020-10-28, 05:47:06, 23.75, 49.09
2020-10-28, 05:47:07, 23.74, 49.09
2020-10-28, 05:47:08, 23.74, 49.09
2020-10-28, 05:47:10, 23.72, 49.09
2020-10-28, 05:47:11, 23.73, 49.09
2020-10-28, 05:47:12, 23.74, 49.09
2020-10-28, 05:47:14, 23.74, 49.09
2020-10-28, 05:47:15, 23.73, 49.09
2020-10-28, 05:47:17, 23.73, 49.12
2020-10-28, 05:47:18, 23.73, 49.12
2020-10-28, 05:47:19, 23.73, 49.12
2020-10-28, 05:47:21, 23.72, 49.12
2020-10-28, 05:47:22, 23.73, 49.12
2020-10-28, 05:47:23, 23.73, 49.12
2020-10-28, 05:47:25, 23.73, 49.12
2020-10-28, 05:47:26, 23.72, 49.12
2020-10-28, 05:47:27, 23.73, 49.12
2020-10-28, 05:47:29, 23.73, 49.12
2020-10-28, 05:47:30, 23.74, 49.12
2020-10-28, 05:47:32, 23.73, 49.12
2020-10-28, 05:47:33, 23.74, 49.12
2020-10-28, 05:47:34, 23.74, 49.12
2020-10-28, 05:47:36, 23.75, 49.12
2020-10-28, 05:47:37, 23.74, 49.12
2020-10-28, 05:47:38, 23.74, 49.12
2020-10-28, 05:47:40, 23.74, 49.09
2020-10-28, 05:47:41, 23.74, 49.12
2020-10-28, 05:47:42, 23.73, 49.12
2020-10-28, 05:47:44, 23.75, 49.12
2020-10-28, 05:47:45, 23.73, 49.12
2020-10-28, 05:47:46, 23.75, 49.09
2020-10-28, 05:47:48, 23.74, 49.09
2020-10-28, 05:47:49, 23.74, 49.12
2020-10-28, 05:47:51, 23.74, 49.12
2020-10-28, 05:47:52, 23.74, 49.12
2020-10-28, 05:47:53, 23.74, 49.12
2020-10-28, 05:47:55, 23.74, 49.09
2020-10-28, 05:47:56, 23.74, 49.12
2020-10-28, 05:47:57, 23.76, 49.12
2020-10-28, 05:47:59, 23.75, 49.09
2020-10-28, 05:48:00, 23.76, 49.12
2020-10-28, 05:48:01, 23.77, 49.13
2020-10-28, 05:48:03, 23.75, 49.12
2020-10-28, 05:48:04, 23.76, 49.12
2020-10-28, 05:48:05, 23.76, 49.12
2020-10-28, 05:48:07, 23.74, 49.15
2020-10-28, 05:48:08, 23.76, 49.16
2020-10-28, 05:48:10, 23.75, 49.12
2020-10-28, 05:48:11, 23.76, 49.16
2020-10-28, 05:48:12, 23.75, 49.12
2020-10-28, 05:48:14, 23.76, 49.16
2020-10-28, 05:48:15, 23.76, 49.12
2020-10-28, 05:48:16, 23.77, 49.13
2020-10-28, 05:48:18, 23.76, 49.12
2020-10-28, 05:48:19, 23.76, 49.12
2020-10-28, 05:48:20, 23.76, 49.12
2020-10-28, 05:48:22, 23.76, 49.12
2020-10-28, 05:48:23, 23.76, 49.12
2020-10-28, 05:48:24, 23.76, 49.12
2020-10-28, 05:48:26, 23.74, 49.09
2020-10-28, 05:48:27, 23.76, 49.12
2020-10-28, 05:48:29, 23.77, 49.13
2020-10-28, 05:48:30, 23.77, 49.13
2020-10-28, 05:48:31, 23.75, 49.12
2020-10-28, 05:48:33, 23.75, 49.12
2020-10-28, 05:48:34, 23.77, 49.09
2020-10-28, 05:48:35, 23.76, 49.12
2020-10-28, 05:48:37, 23.75, 49.12
2020-10-28, 05:48:38, 23.77, 49.16
2020-10-28, 05:48:39, 23.77, 49.16
2020-10-28, 05:48:41, 23.77, 49.16
2020-10-28, 05:48:42, 23.78, 49.13
2020-10-28, 05:48:44, 23.76, 49.16
2020-10-28, 05:48:45, 23.75, 49.12
2020-10-28, 05:48:46, 23.78, 49.13
2020-10-28, 05:48:48, 23.78, 49.13
2020-10-28, 05:48:49, 23.78, 49.13
2020-10-28, 05:48:50, 23.77, 49.13
2020-10-28, 05:48:52, 23.78, 49.13
2020-10-28, 05:48:53, 23.78, 49.13
2020-10-28, 05:48:54, 23.78, 49.13
2020-10-28, 05:48:56, 23.78, 49.13
2020-10-28, 05:48:57, 23.78, 49.13
2020-10-28, 05:48:58, 23.78, 49.13
2020-10-28, 05:49:00, 23.78, 49.13
2020-10-28, 05:49:01, 23.78, 49.13
2020-10-28, 05:49:02, 23.78, 49.13
2020-10-28, 05:49:04, 23.79, 49.13
2020-10-28, 05:49:05, 23.78, 49.13
2020-10-28, 05:49:07, 23.8, 49.13
2020-10-28, 05:49:08, 23.79, 49.13
2020-10-28, 05:49:09, 23.79, 49.13
2020-10-28, 05:49:11, 23.79, 49.13
2020-10-28, 05:49:12, 23.79, 49.13
2020-10-28, 05:49:13, 23.78, 49.13
2020-10-28, 05:49:15, 23.78, 49.13
2020-10-28, 05:49:16, 23.79, 49.13
2020-10-28, 05:49:17, 23.78, 49.13
2020-10-28, 05:49:19, 23.78, 49.13
2020-10-28, 05:49:20, 23.78, 49.1
2020-10-28, 05:49:21, 23.78, 49.13
2020-10-28, 05:49:23, 23.78, 49.13
2020-10-28, 05:49:24, 23.78, 49.13
2020-10-28, 05:49:25, 23.8, 49.1
2020-10-28, 05:49:27, 23.8, 49.13
2020-10-28, 05:49:28, 23.79, 49.13
2020-10-28, 05:49:30, 23.78, 49.13
2020-10-28, 05:49:31, 23.79, 49.13
2020-10-28, 05:49:32, 23.78, 49.13
2020-10-28, 05:49:34, 23.79, 49.13
2020-10-28, 05:49:35, 23.78, 49.13
2020-10-28, 05:49:36, 23.79, 49.13
2020-10-28, 05:49:38, 23.79, 49.13
2020-10-28, 05:49:39, 23.79, 49.13
2020-10-28, 05:49:40, 23.76, 49.12
2020-10-28, 05:49:42, 23.78, 49.13
2020-10-28, 05:49:43, 23.78, 49.13
2020-10-28, 05:49:45, 23.77, 49.13
2020-10-28, 05:49:46, 23.78, 49.13
2020-10-28, 05:49:47, 23.78, 49.13
2020-10-28, 05:49:49, 23.78, 49.13
2020-10-28, 05:49:50, 23.79, 49.13
2020-10-28, 05:49:51, 23.78, 49.13
2020-10-28, 05:49:53, 23.78, 49.13
2020-10-28, 05:49:54, 23.78, 49.13
2020-10-28, 05:49:55, 23.77, 49.13
2020-10-28, 05:49:57, 23.78, 49.13
2020-10-28, 05:49:58, 23.79, 49.13
2020-10-28, 05:49:59, 23.79, 49.13
2020-10-28, 05:50:01, 23.79, 49.13
2020-10-28, 05:50:02, 23.78, 49.13
2020-10-28, 05:50:04, 23.79, 49.13
2020-10-28, 05:50:05, 23.79, 49.13
2020-10-28, 05:50:06, 23.79, 49.13
2020-10-28, 05:50:08, 23.78, 49.13
2020-10-28, 05:50:09, 23.8, 49.13
2020-10-28, 05:50:10, 23.79, 49.1
2020-10-28, 05:50:12, 23.8, 49.13
2020-10-28, 05:50:13, 23.79, 49.13
2020-10-28, 05:50:14, 23.8, 49.13
2020-10-28, 05:50:16, 23.8, 49.1
2020-10-28, 05:50:17, 23.79, 49.13
2020-10-28, 05:50:18, 23.8, 49.13
2020-10-28, 05:50:20, 23.79, 49.13
2020-10-28, 05:50:21, 23.8, 49.13
2020-10-28, 05:50:22, 23.79, 49.13
2020-10-28, 05:50:24, 23.8, 49.13
2020-10-28, 05:50:25, 23.78, 49.13
2020-10-28, 05:50:27, 23.79, 49.13
2020-10-28, 05:50:28, 23.78, 49.13
2020-10-28, 05:50:29, 23.8, 49.13
2020-10-28, 05:50:31, 23.79, 49.1
2020-10-28, 05:50:32, 23.8, 49.13
2020-10-28, 05:50:33, 23.8, 49.13
2020-10-28, 05:50:35, 23.81, 49.1
2020-10-28, 05:50:36, 23.8, 49.1
2020-10-28, 05:50:37, 23.81, 49.1
2020-10-28, 05:50:39, 23.81, 49.07
2020-10-28, 05:50:40, 23.82, 49.07
2020-10-28, 05:50:41, 23.8, 49.07
2020-10-28, 05:50:43, 23.81, 49.07
2020-10-28, 05:50:44, 23.8, 49.07
2020-10-28, 05:50:46, 23.8, 49.07
2020-10-28, 05:50:47, 23.79, 49.07
2020-10-28, 05:50:48, 23.8, 49.07
2020-10-28, 05:50:50, 23.8, 49.07
2020-10-28, 05:50:51, 23.81, 49.1
2020-10-28, 05:50:52, 23.81, 49.07
2020-10-28, 05:50:54, 23.81, 49.07
2020-10-28, 05:50:55, 23.81, 49.07
2020-10-28, 05:50:56, 23.8, 49.1
2020-10-28, 05:50:58, 23.8, 49.07
2020-10-28, 05:50:59, 23.8, 49.07
2020-10-28, 05:51:00, 23.8, 49.07
2020-10-28, 05:51:02, 23.81, 49.07
2020-10-28, 05:51:03, 23.8, 49.07
2020-10-28, 05:51:05, 23.82, 49.07
2020-10-28, 05:51:06, 23.82, 49.07
2020-10-28, 05:51:07, 23.81, 49.07
2020-10-28, 05:51:09, 23.8, 49.07
2020-10-28, 05:51:10, 23.82, 49.07
2020-10-28, 05:51:11, 23.82, 49.07
2020-10-28, 05:51:13, 23.8, 49.07
2020-10-28, 05:51:14, 23.82, 49.07
2020-10-28, 05:51:15, 23.82, 49.07
2020-10-28, 05:51:17, 23.81, 49.07
2020-10-28, 05:51:18, 23.8, 49.07
2020-10-28, 05:51:19, 23.8, 49.07
2020-10-28, 05:51:21, 23.8, 49.07
2020-10-28, 05:51:22, 23.81, 49.07
2020-10-28, 05:51:23, 23.82, 49.07
2020-10-28, 05:51:25, 23.81, 49.07
2020-10-28, 05:51:26, 23.81, 49.07
2020-10-28, 05:51:28, 23.81, 49.07
2020-10-28, 05:51:29, 23.81, 49.07
2020-10-28, 05:51:30, 23.82, 49.07
2020-10-28, 05:51:32, 23.81, 49.07
2020-10-28, 05:51:33, 23.82, 49.07
2020-10-28, 05:51:34, 23.81, 49.07
2020-10-28, 05:51:36, 23.82, 49.07
2020-10-28, 05:51:37, 23.82, 49.07
2020-10-28, 05:51:38, 23.81, 49.07
2020-10-28, 05:51:40, 23.82, 49.07
2020-10-28, 05:51:41, 23.81, 49.07
2020-10-28, 05:51:42, 23.81, 49.07
2020-10-28, 05:51:44, 23.82, 49.07
2020-10-28, 05:51:45, 23.81, 49.07
2020-10-28, 05:51:46, 23.82, 49.07
2020-10-28, 05:51:48, 23.82, 49.07
2020-10-28, 05:51:49, 23.82, 49.04
2020-10-28, 05:51:51, 23.82, 49.04
2020-10-28, 05:51:52, 23.82, 49.04
2020-10-28, 05:51:53, 23.81, 49.07
2020-10-28, 05:51:55, 23.82, 49.04
2020-10-28, 05:51:56, 23.82, 49.07
2020-10-28, 05:51:57, 23.82, 49.07
2020-10-28, 05:51:59, 23.8, 49.03
2020-10-28, 05:52:00, 23.8, 49.03
2020-10-28, 05:52:01, 23.81, 49.04
2020-10-28, 05:52:03, 23.8, 49.03
2020-10-28, 05:52:04, 23.81, 49.07
2020-10-28, 05:52:05, 23.81, 49.04
2020-10-28, 05:52:07, 23.81, 49.07
2020-10-28, 05:52:08, 23.81, 49.04
2020-10-28, 05:52:09, 23.81, 49.04
2020-10-28, 05:52:11, 23.8, 49.03
2020-10-28, 05:52:12, 23.8, 49.03
2020-10-28, 05:52:14, 23.8, 49.07
2020-10-28, 05:52:15, 23.8, 49.07
2020-10-28, 05:52:16, 23.8, 49.07
2020-10-28, 05:52:18, 23.8, 49.03
2020-10-28, 05:52:19, 23.8, 49.03
2020-10-28, 05:52:20, 23.78, 49.06
2020-10-28, 05:52:22, 23.8, 49.07
2020-10-28, 05:52:23, 23.82, 49.04
2020-10-28, 05:52:24, 23.82, 49.07
2020-10-28, 05:52:26, 23.81, 49.04
2020-10-28, 05:52:27, 23.8, 49.03
2020-10-28, 05:52:29, 23.82, 49.07
2020-10-28, 05:52:30, 23.83, 49.04
2020-10-28, 05:52:31, 23.82, 49.04
2020-10-28, 05:52:33, 23.81, 49.04
2020-10-28, 05:52:34, 23.82, 49.04
2020-10-28, 05:52:35, 23.83, 49.04
2020-10-28, 05:52:37, 23.82, 49.04
2020-10-28, 05:52:38, 23.82, 49.04
2020-10-28, 05:52:39, 23.82, 49.07
2020-10-28, 05:52:41, 23.81, 49.04
2020-10-28, 05:52:42, 23.82, 49.04
2020-10-28, 05:52:43, 23.82, 49.04
2020-10-28, 05:52:45, 23.82, 49.04
2020-10-28, 05:52:46, 23.81, 49.04
2020-10-28, 05:52:48, 23.81, 49.04
2020-10-28, 05:52:49, 23.82, 49.04
2020-10-28, 05:52:50, 23.81, 49.0
2020-10-28, 05:52:52, 23.82, 49.04
2020-10-28, 05:52:53, 23.82, 49.04
2020-10-28, 05:52:54, 23.81, 49.04
2020-10-28, 05:52:56, 23.83, 49.01
2020-10-28, 05:52:57, 23.82, 49.04
2020-10-28, 05:52:58, 23.82, 49.01
2020-10-28, 05:53:00, 23.8, 49.03
2020-10-28, 05:53:01, 23.82, 49.04
2020-10-28, 05:53:03, 23.82, 49.01
2020-10-28, 05:53:04, 23.81, 49.0
2020-10-28, 05:53:05, 23.8, 49.0
2020-10-28, 05:53:07, 23.8, 49.03
2020-10-28, 05:53:08, 23.81, 49.04
2020-10-28, 05:53:09, 23.82, 49.04
2020-10-28, 05:53:11, 23.81, 49.0
2020-10-28, 05:53:12, 23.82, 49.01
2020-10-28, 05:53:13, 23.81, 49.04
2020-10-28, 05:53:15, 23.82, 49.01
2020-10-28, 05:53:16, 23.81, 49.0
2020-10-28, 05:53:17, 23.81, 49.0
2020-10-28, 05:53:19, 23.82, 49.01
2020-10-28, 05:53:20, 23.83, 49.01
2020-10-28, 05:53:21, 23.82, 48.97
2020-10-28, 05:53:23, 23.83, 49.01
2020-10-28, 05:53:24, 23.84, 49.01
2020-10-28, 05:53:26, 23.82, 49.01
2020-10-28, 05:53:27, 23.83, 49.01
2020-10-28, 05:53:28, 23.84, 49.01
2020-10-28, 05:53:30, 23.83, 48.97
2020-10-28, 05:53:31, 23.83, 48.97
2020-10-28, 05:53:32, 23.8, 48.97
2020-10-28, 05:53:34, 23.82, 48.97
2020-10-28, 05:53:35, 23.82, 48.97
2020-10-28, 05:53:36, 23.83, 48.97
2020-10-28, 05:53:38, 23.82, 48.97
2020-10-28, 05:53:39, 23.82, 48.97
2020-10-28, 05:53:40, 23.82, 48.97
2020-10-28, 05:53:42, 23.82, 48.97
2020-10-28, 05:53:43, 23.82, 48.97
2020-10-28, 05:53:45, 23.82, 48.97
2020-10-28, 05:53:46, 23.82, 48.97
2020-10-28, 05:53:47, 23.82, 49.01
2020-10-28, 05:53:49, 23.81, 48.97
2020-10-28, 05:53:50, 23.82, 48.97
2020-10-28, 05:53:51, 23.82, 48.97
2020-10-28, 05:53:53, 23.82, 48.97
2020-10-28, 05:53:54, 23.83, 48.97
2020-10-28, 05:53:55, 23.83, 48.97
2020-10-28, 05:53:57, 23.84, 48.98
2020-10-28, 05:53:58, 23.82, 48.97
2020-10-28, 05:53:59, 23.82, 48.97
2020-10-28, 05:54:01, 23.83, 48.97
2020-10-28, 05:54:02, 23.82, 49.01
2020-10-28, 05:54:03, 23.82, 48.97
2020-10-28, 05:54:05, 23.82, 48.97
2020-10-28, 05:54:06, 23.83, 48.97
2020-10-28, 05:54:08, 23.81, 48.97
2020-10-28, 05:54:09, 23.82, 48.94
2020-10-28, 05:54:10, 23.82, 48.97
2020-10-28, 05:54:12, 23.82, 48.97
2020-10-28, 05:54:13, 23.82, 48.97
2020-10-28, 05:54:14, 23.81, 48.97
2020-10-28, 05:54:16, 23.82, 48.97
2020-10-28, 05:54:17, 23.83, 48.97
2020-10-28, 05:54:18, 23.82, 48.97
2020-10-28, 05:54:20, 23.82, 48.94
2020-10-28, 05:54:21, 23.82, 48.97
2020-10-28, 05:54:22, 23.83, 48.94
2020-10-28, 05:54:24, 23.83, 48.97
2020-10-28, 05:54:25, 23.82, 48.94
2020-10-28, 05:54:27, 23.83, 48.94
2020-10-28, 05:54:28, 23.83, 48.94
2020-10-28, 05:54:29, 23.82, 48.94
2020-10-28, 05:54:31, 23.83, 48.94
2020-10-28, 05:54:32, 23.83, 48.94
2020-10-28, 05:54:33, 23.83, 48.94
2020-10-28, 05:54:35, 23.81, 48.97
2020-10-28, 05:54:36, 23.82, 48.94
2020-10-28, 05:54:37, 23.8, 48.97
2020-10-28, 05:54:39, 23.83, 48.94
2020-10-28, 05:54:40, 23.82, 48.94
2020-10-28, 05:54:41, 23.82, 48.94
2020-10-28, 05:54:43, 23.81, 48.94
2020-10-28, 05:54:44, 23.82, 48.94
2020-10-28, 05:54:46, 23.81, 48.94
2020-10-28, 05:54:47, 23.82, 48.94
2020-10-28, 05:54:48, 23.82, 48.94
2020-10-28, 05:54:50, 23.82, 48.94
2020-10-28, 05:54:51, 23.82, 48.94
2020-10-28, 05:54:52, 23.81, 48.94
2020-10-28, 05:54:54, 23.82, 48.94
2020-10-28, 05:54:55, 23.82, 48.94
2020-10-28, 05:54:56, 23.81, 48.94
2020-10-28, 05:54:58, 23.8, 48.94
2020-10-28, 05:54:59, 23.82, 48.94
2020-10-28, 05:55:00, 23.82, 48.94
2020-10-28, 05:55:02, 23.81, 48.94
2020-10-28, 05:55:03, 23.82, 48.94
2020-10-28, 05:55:05, 23.82, 48.94
2020-10-28, 05:55:06, 23.82, 48.94
2020-10-28, 05:55:07, 23.82, 48.94
2020-10-28, 05:55:09, 23.8, 48.94
2020-10-28, 05:55:10, 23.8, 48.94
2020-10-28, 05:55:11, 23.81, 48.94
2020-10-28, 05:55:13, 23.8, 48.94
2020-10-28, 05:55:14, 23.81, 48.94
2020-10-28, 05:55:15, 23.8, 48.94
2020-10-28, 05:55:17, 23.81, 48.94
2020-10-28, 05:55:18, 23.81, 48.94
2020-10-28, 05:55:19, 23.8, 48.94
2020-10-28, 05:55:21, 23.79, 48.94
2020-10-28, 05:55:22, 23.81, 48.94
2020-10-28, 05:55:24, 23.81, 48.94
2020-10-28, 05:55:25, 23.8, 48.94
2020-10-28, 05:55:26, 23.79, 48.94
2020-10-28, 05:55:28, 23.81, 48.94
2020-10-28, 05:55:29, 23.8, 48.94
2020-10-28, 05:55:30, 23.8, 48.94
2020-10-28, 05:55:32, 23.82, 48.97
2020-10-28, 05:55:33, 23.8, 48.94
2020-10-28, 05:55:34, 23.81, 48.94
2020-10-28, 05:55:36, 23.8, 48.94
2020-10-28, 05:55:37, 23.79, 48.94
2020-10-28, 05:55:38, 23.79, 48.97
2020-10-28, 05:55:40, 23.8, 49.0
2020-10-28, 05:55:41, 23.8, 49.0
2020-10-28, 05:55:43, 23.78, 49.0
2020-10-28, 05:55:44, 23.78, 49.0
2020-10-28, 05:55:45, 23.8, 49.0
2020-10-28, 05:55:47, 23.8, 49.0
2020-10-28, 05:55:48, 23.8, 49.0
2020-10-28, 05:55:49, 23.8, 49.0
2020-10-28, 05:55:51, 23.8, 49.0
2020-10-28, 05:55:52, 23.8, 49.0
2020-10-28, 05:55:53, 23.79, 49.0
2020-10-28, 05:55:55, 23.78, 49.0
2020-10-28, 05:55:56, 23.79, 49.0
2020-10-28, 05:55:58, 23.79, 49.0
2020-10-28, 05:55:59, 23.79, 49.0
2020-10-28, 05:56:00, 23.79, 49.0
2020-10-28, 05:56:02, 23.8, 49.0
2020-10-28, 05:56:03, 23.77, 49.0
2020-10-28, 05:56:04, 23.78, 48.97
2020-10-28, 05:56:06, 23.77, 49.0
2020-10-28, 05:56:07, 23.78, 49.0
2020-10-28, 05:56:08, 23.79, 49.0
2020-10-28, 05:56:10, 23.78, 49.0
2020-10-28, 05:56:11, 23.78, 49.0
2020-10-28, 05:56:12, 23.76, 49.0
2020-10-28, 05:56:14, 23.79, 49.0
2020-10-28, 05:56:15, 23.77, 49.0
2020-10-28, 05:56:16, 23.77, 49.0
2020-10-28, 05:56:18, 23.77, 49.0
2020-10-28, 05:56:19, 23.76, 49.0
2020-10-28, 05:56:21, 23.76, 49.0
2020-10-28, 05:56:22, 23.78, 49.0
2020-10-28, 05:56:23, 23.77, 49.0
2020-10-28, 05:56:25, 23.76, 49.0
2020-10-28, 05:56:26, 23.76, 49.0
2020-10-28, 05:56:27, 23.77, 49.0
2020-10-28, 05:56:29, 23.78, 49.0
2020-10-28, 05:56:30, 23.76, 49.0
2020-10-28, 05:56:31, 23.76, 49.0
2020-10-28, 05:56:33, 23.76, 49.0
2020-10-28, 05:56:34, 23.76, 49.0
2020-10-28, 05:56:36, 23.76, 49.03
2020-10-28, 05:56:37, 23.76, 49.0
2020-10-28, 05:56:38, 23.76, 49.03
2020-10-28, 05:56:40, 23.76, 49.03
2020-10-28, 05:56:41, 23.76, 49.03
2020-10-28, 05:56:42, 23.74, 48.99
2020-10-28, 05:56:44, 23.77, 49.0
2020-10-28, 05:56:45, 23.76, 49.0
2020-10-28, 05:56:46, 23.75, 49.0
2020-10-28, 05:56:48, 23.76, 49.0
2020-10-28, 05:56:49, 23.76, 49.0
2020-10-28, 05:56:50, 23.74, 48.99
2020-10-28, 05:56:52, 23.76, 49.0
2020-10-28, 05:56:53, 23.76, 49.0
2020-10-28, 05:56:54, 23.76, 49.0
2020-10-28, 05:56:56, 23.74, 48.99
2020-10-28, 05:56:57, 23.74, 48.99
2020-10-28, 05:56:59, 23.75, 49.03
2020-10-28, 05:57:00, 23.74, 48.99
2020-10-28, 05:57:01, 23.74, 49.03
2020-10-28, 05:57:03, 23.73, 49.03
2020-10-28, 05:57:04, 23.72, 49.02
2020-10-28, 05:57:05, 23.73, 49.03
2020-10-28, 05:57:07, 23.72, 49.02
2020-10-28, 05:57:08, 23.72, 49.02
2020-10-28, 05:57:09, 23.73, 49.03
2020-10-28, 05:57:11, 23.73, 49.03
2020-10-28, 05:57:12, 23.73, 49.03
2020-10-28, 05:57:13, 23.72, 49.06
2020-10-28, 05:57:15, 23.72, 49.02
2020-10-28, 05:57:16, 23.72, 49.06
2020-10-28, 05:57:18, 23.72, 49.06
2020-10-28, 05:57:19, 23.71, 49.05
2020-10-28, 05:57:20, 23.74, 49.06
2020-10-28, 05:57:22, 23.72, 49.06
2020-10-28, 05:57:23, 23.72, 49.06
2020-10-28, 05:57:24, 23.71, 49.05
2020-10-28, 05:57:26, 23.72, 49.06
2020-10-28, 05:57:27, 23.71, 49.05
2020-10-28, 05:57:28, 23.72, 49.06
2020-10-28, 05:57:30, 23.73, 49.06
2020-10-28, 05:57:31, 23.72, 49.06
2020-10-28, 05:57:32, 23.72, 49.06
2020-10-28, 05:57:34, 23.72, 49.06
2020-10-28, 05:57:35, 23.73, 49.06
2020-10-28, 05:57:37, 23.73, 49.06
2020-10-28, 05:57:38, 23.74, 49.06
2020-10-28, 05:57:39, 23.74, 49.06
2020-10-28, 05:57:41, 23.72, 49.06
2020-10-28, 05:57:42, 23.72, 49.06
2020-10-28, 05:57:43, 23.72, 49.06
2020-10-28, 05:57:45, 23.72, 49.06
2020-10-28, 05:57:46, 23.73, 49.06
2020-10-28, 05:57:47, 23.72, 49.06
2020-10-28, 05:57:49, 23.72, 49.06
2020-10-28, 05:57:50, 23.72, 49.06
2020-10-28, 05:57:51, 23.72, 49.06
2020-10-28, 05:57:53, 23.71, 49.05
2020-10-28, 05:57:54, 23.72, 49.02
2020-10-28, 05:57:55, 23.72, 49.06
2020-10-28, 05:57:57, 23.71, 49.05
2020-10-28, 05:57:58, 23.71, 49.05
2020-10-28, 05:58:00, 23.71, 49.05
2020-10-28, 05:58:01, 23.71, 49.05
2020-10-28, 05:58:02, 23.7, 49.05
2020-10-28, 05:58:04, 23.7, 49.05
2020-10-28, 05:58:05, 23.7, 49.05
2020-10-28, 05:58:06, 23.69, 49.05
2020-10-28, 05:58:08, 23.7, 49.05
2020-10-28, 05:58:09, 23.7, 49.05
2020-10-28, 05:58:10, 23.7, 49.05
2020-10-28, 05:58:12, 23.69, 49.05
2020-10-28, 05:58:13, 23.7, 49.05
2020-10-28, 05:58:14, 23.69, 49.05
2020-10-28, 05:58:16, 23.7, 49.09
2020-10-28, 05:58:17, 23.68, 49.05
2020-10-28, 05:58:18, 23.7, 49.09
2020-10-28, 05:58:20, 23.7, 49.09
2020-10-28, 05:58:21, 23.7, 49.05
2020-10-28, 05:58:23, 23.7, 49.09
2020-10-28, 05:58:24, 23.7, 49.09
2020-10-28, 05:58:25, 23.69, 49.08
2020-10-28, 05:58:27, 23.7, 49.09
2020-10-28, 05:58:28, 23.7, 49.09
2020-10-28, 05:58:29, 23.69, 49.08
2020-10-28, 05:58:31, 23.7, 49.09
2020-10-28, 05:58:32, 23.68, 49.08
2020-10-28, 05:58:33, 23.68, 49.11
2020-10-28, 05:58:35, 23.67, 49.08
2020-10-28, 05:58:36, 23.67, 49.08
2020-10-28, 05:58:37, 23.68, 49.11
2020-10-28, 05:58:39, 23.69, 49.12
2020-10-28, 05:58:40, 23.66, 49.11
2020-10-28, 05:58:42, 23.68, 49.11
2020-10-28, 05:58:43, 23.68, 49.11
2020-10-28, 05:58:44, 23.67, 49.11
2020-10-28, 05:58:46, 23.66, 49.11
2020-10-28, 05:58:47, 23.68, 49.11
2020-10-28, 05:58:48, 23.67, 49.11
2020-10-28, 05:58:50, 23.68, 49.11
2020-10-28, 05:58:51, 23.67, 49.11
2020-10-28, 05:58:52, 23.68, 49.11
2020-10-28, 05:58:54, 23.68, 49.11
2020-10-28, 05:58:55, 23.66, 49.11
2020-10-28, 05:58:56, 23.67, 49.11
2020-10-28, 05:58:58, 23.68, 49.11
2020-10-28, 05:58:59, 23.66, 49.11
2020-10-28, 05:59:01, 23.67, 49.11
2020-10-28, 05:59:02, 23.67, 49.11
2020-10-28, 05:59:03, 23.68, 49.11
2020-10-28, 05:59:05, 23.67, 49.11
2020-10-28, 05:59:06, 23.67, 49.11
2020-10-28, 05:59:07, 23.66, 49.14
2020-10-28, 05:59:09, 23.67, 49.11
2020-10-28, 05:59:10, 23.68, 49.11
2020-10-28, 05:59:11, 23.68, 49.11
2020-10-28, 05:59:13, 23.68, 49.15
2020-10-28, 05:59:14, 23.67, 49.11
2020-10-28, 05:59:15, 23.68, 49.11
2020-10-28, 05:59:17, 23.68, 49.15
2020-10-28, 05:59:18, 23.68, 49.11
2020-10-28, 05:59:19, 23.68, 49.11
2020-10-28, 05:59:21, 23.66, 49.11
2020-10-28, 05:59:22, 23.66, 49.11
2020-10-28, 05:59:24, 23.67, 49.11
2020-10-28, 05:59:25, 23.69, 49.12
2020-10-28, 05:59:26, 23.68, 49.11
2020-10-28, 05:59:28, 23.68, 49.11
2020-10-28, 05:59:29, 23.67, 49.11
2020-10-28, 05:59:30, 23.67, 49.11
2020-10-28, 05:59:32, 23.68, 49.11
2020-10-28, 05:59:33, 23.67, 49.11
2020-10-28, 05:59:41, 23.23, 49.72
2020-10-28, 05:59:42, 23.43, 49.81
2020-10-28, 05:59:44, 23.49, 49.79
2020-10-28, 05:59:45, 23.53, 49.73
2020-10-28, 05:59:47, 23.54, 49.67
2020-10-28, 05:59:48, 23.56, 49.61
2020-10-28, 05:59:49, 23.58, 49.55
2020-10-28, 05:59:51, 23.6, 49.52
2020-10-28, 05:59:52, 23.6, 49.45
2020-10-28, 05:59:53, 23.62, 49.42
2020-10-28, 05:59:55, 23.62, 49.39
2020-10-28, 05:59:56, 23.62, 49.36
2020-10-28, 05:59:57, 23.63, 49.33
2020-10-28, 05:59:59, 23.62, 49.33
2020-10-28, 06:00:00, 23.63, 49.3
2020-10-28, 06:00:01, 23.61, 49.3
2020-10-28, 06:00:03, 23.62, 49.27
2020-10-28, 06:00:04, 23.61, 49.26
2020-10-28, 06:00:06, 23.62, 49.23
2020-10-28, 06:00:07, 23.63, 49.27
2020-10-28, 06:00:08, 23.63, 49.24
2020-10-28, 06:00:10, 23.63, 49.24
2020-10-28, 06:00:11, 23.63, 49.24
2020-10-28, 06:00:12, 23.63, 49.24
2020-10-28, 06:00:14, 23.64, 49.24
2020-10-28, 06:00:15, 23.64, 49.24
2020-10-28, 06:00:16, 23.62, 49.23
2020-10-28, 06:00:18, 23.64, 49.24
2020-10-28, 06:00:19, 23.65, 49.24
2020-10-28, 06:00:20, 23.63, 49.24
2020-10-28, 06:00:22, 23.64, 49.24
2020-10-28, 06:00:23, 23.63, 49.2
2020-10-28, 06:00:25, 23.63, 49.24
2020-10-28, 06:00:26, 23.62, 49.23
2020-10-28, 06:00:27, 23.63, 49.2
2020-10-28, 06:00:29, 23.62, 49.2
2020-10-28, 06:00:30, 23.64, 49.17
2020-10-28, 06:00:31, 23.63, 49.2
2020-10-28, 06:00:33, 23.63, 49.2
2020-10-28, 06:00:34, 23.62, 49.17
2020-10-28, 06:00:35, 23.64, 49.17
2020-10-28, 06:00:37, 23.64, 49.17
2020-10-28, 06:00:38, 23.64, 49.17
2020-10-28, 06:00:39, 23.64, 49.2
2020-10-28, 06:00:41, 23.64, 49.17
2020-10-28, 06:00:42, 23.64, 49.17
2020-10-28, 06:00:44, 23.63, 49.2
2020-10-28, 06:00:45, 23.64, 49.17
2020-10-28, 06:00:46, 23.65, 49.17
2020-10-28, 06:00:48, 23.64, 49.17
2020-10-28, 06:00:49, 23.64, 49.17
2020-10-28, 06:00:50, 23.64, 49.17
2020-10-28, 06:00:52, 23.63, 49.17
2020-10-28, 06:00:53, 23.63, 49.17
2020-10-28, 06:00:54, 23.63, 49.17
2020-10-28, 06:00:56, 23.62, 49.17
2020-10-28, 06:00:57, 23.62, 49.17
2020-10-28, 06:00:58, 23.64, 49.17
2020-10-28, 06:01:00, 23.65, 49.17
2020-10-28, 06:01:01, 23.64, 49.17
2020-10-28, 06:01:03, 23.64, 49.17
2020-10-28, 06:01:04, 23.63, 49.17
2020-10-28, 06:01:05, 23.63, 49.17
2020-10-28, 06:01:07, 23.64, 49.17
2020-10-28, 06:01:08, 23.62, 49.17
2020-10-28, 06:01:09, 23.63, 49.17
2020-10-28, 06:01:11, 23.64, 49.17
2020-10-28, 06:01:12, 23.64, 49.17
2020-10-28, 06:01:13, 23.64, 49.17
2020-10-28, 06:01:15, 23.63, 49.17
2020-10-28, 06:01:16, 23.63, 49.2
2020-10-28, 06:01:17, 23.64, 49.17
2020-10-28, 06:01:19, 23.61, 49.17
2020-10-28, 06:01:20, 23.63, 49.17
2020-10-28, 06:01:22, 23.63, 49.17
2020-10-28, 06:01:23, 23.64, 49.17
2020-10-28, 06:01:24, 23.62, 49.17
2020-10-28, 06:01:26, 23.63, 49.17
2020-10-28, 06:01:27, 23.63, 49.17
2020-10-28, 06:01:28, 23.63, 49.17
2020-10-28, 06:01:30, 23.63, 49.17
2020-10-28, 06:01:31, 23.63, 49.17
2020-10-28, 06:01:32, 23.64, 49.17
2020-10-28, 06:01:34, 23.63, 49.17
2020-10-28, 06:01:35, 23.63, 49.17
2020-10-28, 06:01:36, 23.63, 49.17
2020-10-28, 06:01:38, 23.64, 49.17
2020-10-28, 06:01:39, 23.63, 49.17
2020-10-28, 06:01:41, 23.61, 49.17
2020-10-28, 06:01:42, 23.63, 49.17
2020-10-28, 06:01:43, 23.64, 49.17
2020-10-28, 06:01:45, 23.63, 49.2
2020-10-28, 06:01:46, 23.62, 49.17
2020-10-28, 06:01:47, 23.62, 49.17
2020-10-28, 06:01:49, 23.64, 49.17
2020-10-28, 06:01:50, 23.63, 49.17
2020-10-28, 06:01:51, 23.63, 49.17
2020-10-28, 06:01:53, 23.63, 49.17
2020-10-28, 06:01:54, 23.63, 49.17
2020-10-28, 06:01:56, 23.64, 49.17
2020-10-28, 06:01:57, 23.62, 49.17
2020-10-28, 06:01:58, 23.62, 49.17
2020-10-28, 06:02:00, 23.62, 49.17
2020-10-28, 06:02:01, 23.64, 49.17
2020-10-28, 06:02:02, 23.62, 49.17
2020-10-28, 06:02:04, 23.64, 49.17
2020-10-28, 06:02:05, 23.63, 49.17
2020-10-28, 06:02:06, 23.64, 49.17
2020-10-28, 06:02:08, 23.63, 49.14
2020-10-28, 06:02:09, 23.63, 49.17
2020-10-28, 06:02:10, 23.63, 49.14
2020-10-28, 06:02:12, 23.62, 49.17
2020-10-28, 06:02:13, 23.63, 49.17
2020-10-28, 06:02:14, 23.64, 49.14
2020-10-28, 06:02:16, 23.64, 49.14
2020-10-28, 06:02:17, 23.64, 49.17
2020-10-28, 06:02:19, 23.66, 49.14
2020-10-28, 06:02:20, 23.64, 49.14
2020-10-28, 06:02:21, 23.65, 49.14
2020-10-28, 06:02:23, 23.66, 49.14
2020-10-28, 06:02:24, 23.65, 49.14
2020-10-28, 06:02:25, 23.66, 49.11
2020-10-28, 06:02:27, 23.66, 49.14
2020-10-28, 06:02:28, 23.66, 49.11
2020-10-28, 06:02:29, 23.64, 49.11
2020-10-28, 06:02:31, 23.66, 49.11
2020-10-28, 06:02:32, 23.64, 49.14
2020-10-28, 06:02:33, 23.64, 49.11
2020-10-28, 06:02:35, 23.64, 49.11
2020-10-28, 06:02:36, 23.64, 49.11
2020-10-28, 06:02:38, 23.64, 49.11
2020-10-28, 06:02:39, 23.65, 49.11
2020-10-28, 06:02:40, 23.65, 49.11
2020-10-28, 06:02:42, 23.65, 49.11
2020-10-28, 06:02:43, 23.65, 49.11
2020-10-28, 06:02:45, 23.64, 49.11
2020-10-28, 06:02:46, 23.62, 49.11
2020-10-28, 06:02:47, 23.63, 49.14
2020-10-28, 06:02:49, 23.64, 49.17
2020-10-28, 06:02:50, 23.64, 49.14
2020-10-28, 06:02:51, 23.65, 49.11
2020-10-28, 06:02:53, 23.64, 49.11
2020-10-28, 06:02:54, 23.64, 49.11
2020-10-28, 06:02:55, 23.64, 49.11
2020-10-28, 06:02:57, 23.64, 49.11
2020-10-28, 06:02:58, 23.64, 49.11
2020-10-28, 06:02:59, 23.63, 49.11
2020-10-28, 06:03:01, 23.63, 49.11
2020-10-28, 06:03:02, 23.64, 49.14
2020-10-28, 06:03:03, 23.64, 49.11
2020-10-28, 06:03:05, 23.63, 49.14
2020-10-28, 06:03:06, 23.64, 49.11
2020-10-28, 06:03:08, 23.62, 49.14
2020-10-28, 06:03:09, 23.62, 49.14
2020-10-28, 06:03:10, 23.63, 49.17
2020-10-28, 06:03:12, 23.62, 49.17
2020-10-28, 06:03:13, 23.62, 49.17
2020-10-28, 06:03:14, 23.62, 49.17
2020-10-28, 06:03:16, 23.62, 49.14
2020-10-28, 06:03:17, 23.61, 49.17
2020-10-28, 06:03:18, 23.61, 49.17
2020-10-28, 06:03:20, 23.6, 49.17
2020-10-28, 06:03:21, 23.61, 49.17
2020-10-28, 06:03:22, 23.61, 49.17
2020-10-28, 06:03:24, 23.6, 49.17
2020-10-28, 06:03:25, 23.61, 49.17
2020-10-28, 06:03:27, 23.61, 49.2
2020-10-28, 06:03:28, 23.62, 49.17
2020-10-28, 06:03:29, 23.61, 49.17
2020-10-28, 06:03:31, 23.62, 49.2
2020-10-28, 06:03:32, 23.62, 49.17
2020-10-28, 06:03:33, 23.62, 49.17
2020-10-28, 06:03:35, 23.6, 49.17
2020-10-28, 06:03:36, 23.6, 49.17
2020-10-28, 06:03:38, 23.62, 49.17
2020-10-28, 06:03:39, 23.62, 49.17
2020-10-28, 06:03:40, 23.61, 49.17
2020-10-28, 06:03:42, 23.6, 49.17
2020-10-28, 06:03:43, 23.6, 49.17
2020-10-28, 06:03:44, 23.62, 49.17
2020-10-28, 06:03:46, 23.6, 49.17
2020-10-28, 06:03:47, 23.6, 49.17
2020-10-28, 06:03:48, 23.6, 49.17
2020-10-28, 06:03:50, 23.58, 49.17
2020-10-28, 06:03:51, 23.61, 49.2
2020-10-28, 06:03:52, 23.6, 49.17
2020-10-28, 06:03:54, 23.61, 49.17
2020-10-28, 06:03:55, 23.6, 49.2
2020-10-28, 06:03:57, 23.6, 49.17
2020-10-28, 06:03:58, 23.6, 49.2
2020-10-28, 06:03:59, 23.6, 49.17
2020-10-28, 06:04:01, 23.61, 49.17
2020-10-28, 06:04:02, 23.6, 49.2
2020-10-28, 06:04:03, 23.6, 49.17
2020-10-28, 06:04:05, 23.59, 49.2
2020-10-28, 06:04:06, 23.58, 49.17
2020-10-28, 06:04:08, 23.49, 49.22
2020-10-28, 06:04:09, 23.56, 49.23
2020-10-28, 06:04:10, 23.58, 49.23
2020-10-28, 06:04:12, 23.6, 49.23
2020-10-28, 06:04:13, 23.59, 49.23
2020-10-28, 06:04:14, 23.59, 49.23
2020-10-28, 06:04:16, 23.59, 49.23
2020-10-28, 06:04:17, 23.59, 49.23
2020-10-28, 06:04:18, 23.58, 49.23
2020-10-28, 06:04:20, 23.58, 49.23
2020-10-28, 06:04:21, 23.59, 49.23
2020-10-28, 06:04:23, 23.58, 49.23
2020-10-28, 06:04:24, 23.59, 49.23
2020-10-28, 06:04:25, 23.58, 49.2
2020-10-28, 06:04:27, 23.59, 49.23
2020-10-28, 06:04:28, 23.59, 49.23
2020-10-28, 06:04:29, 23.6, 49.2
2020-10-28, 06:04:31, 23.58, 49.2
2020-10-28, 06:04:32, 23.6, 49.2
2020-10-28, 06:04:33, 23.59, 49.2
2020-10-28, 06:04:35, 23.6, 49.2
2020-10-28, 06:04:36, 23.6, 49.2
2020-10-28, 06:04:37, 23.6, 49.2
2020-10-28, 06:04:39, 23.6, 49.2
2020-10-28, 06:04:40, 23.59, 49.2
2020-10-28, 06:04:42, 23.59, 49.2
2020-10-28, 06:04:43, 23.6, 49.2
2020-10-28, 06:04:44, 23.6, 49.2
2020-10-28, 06:04:46, 23.59, 49.2
2020-10-28, 06:04:47, 23.6, 49.2
2020-10-28, 06:04:48, 23.59, 49.2
2020-10-28, 06:04:50, 23.6, 49.2
2020-10-28, 06:04:51, 23.6, 49.2
2020-10-28, 06:04:52, 23.6, 49.2
2020-10-28, 06:04:54, 23.59, 49.2
2020-10-28, 06:04:55, 23.59, 49.17
2020-10-28, 06:04:56, 23.58, 49.17
2020-10-28, 06:04:58, 23.6, 49.17
2020-10-28, 06:04:59, 23.6, 49.2
2020-10-28, 06:05:01, 23.6, 49.17
2020-10-28, 06:05:02, 23.6, 49.2
2020-10-28, 06:05:03, 23.61, 49.2
2020-10-28, 06:05:05, 23.6, 49.17
2020-10-28, 06:05:06, 23.6, 49.2
2020-10-28, 06:05:07, 23.6, 49.17
2020-10-28, 06:05:09, 23.6, 49.17
2020-10-28, 06:05:10, 23.59, 49.2
2020-10-28, 06:05:11, 23.59, 49.2
2020-10-28, 06:05:13, 23.57, 49.23
2020-10-28, 06:05:14, 23.59, 49.2
2020-10-28, 06:05:15, 23.6, 49.2
2020-10-28, 06:05:17, 23.6, 49.2
2020-10-28, 06:05:18, 23.59, 49.2
2020-10-28, 06:05:20, 23.59, 49.2
2020-10-28, 06:05:21, 23.6, 49.2
2020-10-28, 06:05:22, 23.58, 49.17
2020-10-28, 06:05:24, 23.57, 49.2
2020-10-28, 06:05:25, 23.58, 49.2
2020-10-28, 06:05:26, 23.59, 49.2
2020-10-28, 06:05:28, 23.59, 49.2
2020-10-28, 06:05:29, 23.58, 49.23
2020-10-28, 06:05:30, 23.58, 49.2
2020-10-28, 06:05:32, 23.6, 49.2
2020-10-28, 06:05:33, 23.59, 49.2
2020-10-28, 06:05:34, 23.59, 49.2
2020-10-28, 06:05:36, 23.6, 49.2
2020-10-28, 06:05:37, 23.58, 49.2
2020-10-28, 06:05:39, 23.59, 49.2
2020-10-28, 06:05:40, 23.58, 49.2
2020-10-28, 06:05:41, 23.58, 49.2
2020-10-28, 06:05:43, 23.59, 49.17
2020-10-28, 06:05:44, 23.6, 49.2
2020-10-28, 06:05:45, 23.58, 49.2
2020-10-28, 06:05:47, 23.6, 49.2
2020-10-28, 06:05:48, 23.6, 49.23
2020-10-28, 06:05:49, 23.59, 49.2
2020-10-28, 06:05:51, 23.59, 49.2
2020-10-28, 06:05:52, 23.58, 49.2
2020-10-28, 06:05:53, 23.59, 49.2
2020-10-28, 06:05:55, 23.59, 49.2
2020-10-28, 06:05:56, 23.57, 49.2
2020-10-28, 06:05:58, 23.59, 49.17
2020-10-28, 06:05:59, 23.59, 49.17
2020-10-28, 06:06:00, 23.6, 49.2
2020-10-28, 06:06:02, 23.57, 49.16
2020-10-28, 06:06:03, 23.58, 49.2
2020-10-28, 06:06:04, 23.57, 49.2
2020-10-28, 06:06:06, 23.58, 49.2
2020-10-28, 06:06:07, 23.58, 49.17
2020-10-28, 06:06:08, 23.59, 49.17
2020-10-28, 06:06:10, 23.57, 49.16
2020-10-28, 06:06:11, 23.58, 49.2
2020-10-28, 06:06:13, 23.58, 49.2
2020-10-28, 06:06:14, 23.58, 49.17
2020-10-28, 06:06:15, 23.58, 49.2
2020-10-28, 06:06:17, 23.58, 49.2
2020-10-28, 06:06:18, 23.58, 49.2
2020-10-28, 06:06:19, 23.57, 49.2
2020-10-28, 06:06:21, 23.58, 49.23
2020-10-28, 06:06:22, 23.56, 49.19
2020-10-28, 06:06:23, 23.56, 49.19
2020-10-28, 06:06:25, 23.58, 49.2
2020-10-28, 06:06:26, 23.56, 49.19
2020-10-28, 06:06:27, 23.57, 49.2
2020-10-28, 06:06:29, 23.56, 49.23
2020-10-28, 06:06:30, 23.58, 49.23
2020-10-28, 06:06:32, 23.58, 49.2
2020-10-28, 06:06:33, 23.57, 49.2
2020-10-28, 06:06:34, 23.55, 49.22
2020-10-28, 06:06:36, 23.57, 49.23
2020-10-28, 06:06:37, 23.57, 49.2
2020-10-28, 06:06:38, 23.58, 49.23
2020-10-28, 06:06:40, 23.58, 49.23
2020-10-28, 06:06:41, 23.57, 49.23
2020-10-28, 06:06:42, 23.56, 49.23
2020-10-28, 06:06:44, 23.56, 49.23
2020-10-28, 06:06:45, 23.57, 49.2
2020-10-28, 06:06:46, 23.55, 49.22
2020-10-28, 06:06:48, 23.56, 49.19
2020-10-28, 06:06:49, 23.55, 49.19
2020-10-28, 06:06:51, 23.57, 49.2
2020-10-28, 06:06:52, 23.55, 49.22
2020-10-28, 06:06:53, 23.55, 49.22
2020-10-28, 06:06:55, 23.56, 49.23
2020-10-28, 06:06:56, 23.56, 49.23
2020-10-28, 06:06:57, 23.56, 49.23
2020-10-28, 06:06:59, 23.54, 49.22
2020-10-28, 06:07:00, 23.55, 49.22
2020-10-28, 06:07:01, 23.56, 49.23
2020-10-28, 06:07:03, 23.54, 49.22
2020-10-28, 06:07:04, 23.56, 49.23
2020-10-28, 06:07:05, 23.55, 49.22
2020-10-28, 06:07:07, 23.56, 49.23
2020-10-28, 06:07:08, 23.56, 49.23
2020-10-28, 06:07:09, 23.55, 49.22
2020-10-28, 06:07:11, 23.56, 49.23
2020-10-28, 06:07:12, 23.55, 49.22
2020-10-28, 06:07:14, 23.55, 49.22
2020-10-28, 06:07:15, 23.56, 49.23
2020-10-28, 06:07:16, 23.55, 49.22
2020-10-28, 06:07:18, 23.56, 49.23
2020-10-28, 06:07:19, 23.55, 49.22
2020-10-28, 06:07:20, 23.55, 49.22
2020-10-28, 06:07:22, 23.55, 49.26
2020-10-28, 06:07:23, 23.55, 49.22
2020-10-28, 06:07:24, 23.55, 49.22
2020-10-28, 06:07:26, 23.54, 49.22
2020-10-28, 06:07:27, 23.54, 49.22
2020-10-28, 06:07:28, 23.55, 49.22
2020-10-28, 06:07:30, 23.55, 49.22
2020-10-28, 06:07:31, 23.54, 49.26
2020-10-28, 06:07:33, 23.54, 49.26
2020-10-28, 06:07:34, 23.54, 49.22
2020-10-28, 06:07:35, 23.54, 49.22
2020-10-28, 06:07:37, 23.56, 49.23
2020-10-28, 06:07:38, 23.56, 49.23
2020-10-28, 06:07:39, 23.53, 49.22
2020-10-28, 06:07:41, 23.54, 49.22
2020-10-28, 06:07:42, 23.54, 49.22
2020-10-28, 06:07:43, 23.55, 49.26
2020-10-28, 06:07:45, 23.52, 49.22
2020-10-28, 06:07:46, 23.53, 49.22
2020-10-28, 06:07:47, 23.53, 49.22
2020-10-28, 06:07:49, 23.53, 49.22
2020-10-28, 06:07:50, 23.54, 49.22
2020-10-28, 06:07:52, 23.54, 49.22
2020-10-28, 06:07:53, 23.54, 49.22
2020-10-28, 06:07:54, 23.52, 49.25
2020-10-28, 06:07:56, 23.53, 49.25
2020-10-28, 06:07:57, 23.52, 49.25
2020-10-28, 06:07:58, 23.53, 49.25
2020-10-28, 06:08:00, 23.53, 49.25
2020-10-28, 06:08:01, 23.52, 49.25
2020-10-28, 06:08:02, 23.52, 49.28
2020-10-28, 06:08:04, 23.54, 49.29
2020-10-28, 06:08:05, 23.53, 49.25
2020-10-28, 06:08:06, 23.5, 49.28
2020-10-28, 06:08:08, 23.52, 49.28
2020-10-28, 06:08:09, 23.52, 49.28
2020-10-28, 06:08:11, 23.52, 49.28
2020-10-28, 06:08:12, 23.52, 49.28
2020-10-28, 06:08:13, 23.51, 49.28
2020-10-28, 06:08:15, 23.52, 49.28
2020-10-28, 06:08:16, 23.52, 49.28
2020-10-28, 06:08:17, 23.52, 49.28
2020-10-28, 06:08:19, 23.52, 49.28
2020-10-28, 06:08:20, 23.52, 49.28
2020-10-28, 06:08:21, 23.51, 49.28
2020-10-28, 06:08:23, 23.5, 49.28
2020-10-28, 06:08:24, 23.51, 49.28
2020-10-28, 06:08:25, 23.51, 49.28
2020-10-28, 06:08:27, 23.51, 49.28
2020-10-28, 06:08:28, 23.51, 49.25
2020-10-28, 06:08:30, 23.51, 49.28
2020-10-28, 06:08:31, 23.51, 49.28
2020-10-28, 06:08:32, 23.52, 49.25
2020-10-28, 06:08:34, 23.52, 49.28
2020-10-28, 06:08:35, 23.51, 49.28
2020-10-28, 06:08:36, 23.52, 49.28
2020-10-28, 06:08:38, 23.52, 49.28
2020-10-28, 06:08:39, 23.51, 49.25
2020-10-28, 06:08:40, 23.52, 49.25
2020-10-28, 06:08:42, 23.52, 49.25
2020-10-28, 06:08:43, 23.52, 49.25
2020-10-28, 06:08:45, 23.52, 49.25
2020-10-28, 06:08:46, 23.52, 49.25
2020-10-28, 06:08:47, 23.5, 49.25
2020-10-28, 06:08:49, 23.5, 49.25
2020-10-28, 06:08:50, 23.5, 49.25
2020-10-28, 06:08:51, 23.5, 49.25
2020-10-28, 06:08:53, 23.5, 49.28
2020-10-28, 06:08:54, 23.5, 49.28
2020-10-28, 06:08:55, 23.46, 49.28
2020-10-28, 06:08:57, 23.49, 49.28
2020-10-28, 06:08:58, 23.48, 49.28
2020-10-28, 06:08:59, 23.49, 49.28
2020-10-28, 06:09:01, 23.48, 49.28
2020-10-28, 06:09:02, 23.49, 49.28
2020-10-28, 06:09:04, 23.48, 49.28
2020-10-28, 06:09:05, 23.48, 49.28
2020-10-28, 06:09:06, 23.49, 49.31
2020-10-28, 06:09:08, 23.49, 49.28
2020-10-28, 06:09:09, 23.5, 49.28
2020-10-28, 06:09:10, 23.48, 49.28
2020-10-28, 06:09:12, 23.48, 49.28
2020-10-28, 06:09:13, 23.5, 49.28
2020-10-28, 06:09:14, 23.49, 49.28
2020-10-28, 06:09:16, 23.48, 49.28
2020-10-28, 06:09:17, 23.48, 49.28
2020-10-28, 06:09:18, 23.48, 49.28
2020-10-28, 06:09:20, 23.46, 49.28
2020-10-28, 06:09:21, 23.48, 49.31
2020-10-28, 06:09:23, 23.48, 49.31
2020-10-28, 06:09:24, 23.49, 49.28
2020-10-28, 06:09:25, 23.48, 49.31
2020-10-28, 06:09:27, 23.48, 49.31
2020-10-28, 06:09:28, 23.49, 49.31
2020-10-28, 06:09:29, 23.49, 49.31
2020-10-28, 06:09:31, 23.48, 49.31
2020-10-28, 06:09:32, 23.49, 49.28
2020-10-28, 06:09:33, 23.5, 49.31
2020-10-28, 06:09:35, 23.49, 49.28
2020-10-28, 06:09:36, 23.49, 49.31
2020-10-28, 06:09:38, 23.49, 49.28
2020-10-28, 06:09:39, 23.47, 49.31
2020-10-28, 06:09:40, 23.49, 49.31
2020-10-28, 06:09:42, 23.5, 49.31
2020-10-28, 06:09:43, 23.49, 49.28
2020-10-28, 06:09:44, 23.48, 49.31
2020-10-28, 06:09:46, 23.5, 49.31
2020-10-28, 06:09:47, 23.48, 49.31
2020-10-28, 06:09:48, 23.49, 49.28
2020-10-28, 06:09:50, 23.49, 49.28
2020-10-28, 06:09:51, 23.49, 49.28
2020-10-28, 06:09:52, 23.5, 49.31
2020-10-28, 06:09:54, 23.49, 49.28
2020-10-28, 06:09:55, 23.49, 49.28
2020-10-28, 06:09:57, 23.5, 49.28
2020-10-28, 06:09:58, 23.5, 49.28
2020-10-28, 06:09:59, 23.49, 49.31
2020-10-28, 06:10:01, 23.48, 49.28
2020-10-28, 06:10:02, 23.49, 49.31
2020-10-28, 06:10:03, 23.47, 49.31
2020-10-28, 06:10:05, 23.48, 49.31
2020-10-28, 06:10:06, 23.47, 49.28
2020-10-28, 06:10:07, 23.48, 49.31
2020-10-28, 06:10:09, 23.48, 49.28
2020-10-28, 06:10:10, 23.48, 49.31
2020-10-28, 06:10:11, 23.48, 49.31
2020-10-28, 06:10:13, 23.49, 49.31
2020-10-28, 06:10:14, 23.49, 49.31
2020-10-28, 06:10:16, 23.48, 49.28
2020-10-28, 06:10:17, 23.48, 49.28
2020-10-28, 06:10:18, 23.47, 49.28
2020-10-28, 06:10:20, 23.48, 49.31
2020-10-28, 06:10:21, 23.48, 49.28
2020-10-28, 06:10:22, 23.48, 49.31
2020-10-28, 06:10:24, 23.48, 49.28
2020-10-28, 06:10:25, 23.47, 49.31
2020-10-28, 06:10:26, 23.46, 49.28
2020-10-28, 06:10:28, 23.46, 49.31
2020-10-28, 06:10:29, 23.46, 49.31
2020-10-28, 06:10:30, 23.46, 49.31
2020-10-28, 06:10:32, 23.46, 49.28
2020-10-28, 06:10:33, 23.47, 49.31
2020-10-28, 06:10:35, 23.46, 49.31
2020-10-28, 06:10:36, 23.46, 49.31
2020-10-28, 06:10:37, 23.45, 49.31
2020-10-28, 06:10:39, 23.47, 49.34
2020-10-28, 06:10:40, 23.46, 49.31
2020-10-28, 06:10:41, 23.46, 49.28
2020-10-28, 06:10:43, 23.45, 49.34
2020-10-28, 06:10:44, 23.45, 49.34
2020-10-28, 06:10:45, 23.46, 49.31
2020-10-28, 06:10:47, 23.46, 49.34
2020-10-28, 06:10:48, 23.46, 49.34
2020-10-28, 06:10:49, 23.46, 49.34
2020-10-28, 06:10:51, 23.45, 49.34
2020-10-28, 06:10:52, 23.46, 49.34
2020-10-28, 06:10:54, 23.46, 49.34
2020-10-28, 06:10:55, 23.46, 49.34
2020-10-28, 06:10:56, 23.45, 49.34
2020-10-28, 06:10:58, 23.45, 49.34
2020-10-28, 06:10:59, 23.46, 49.34
2020-10-28, 06:11:00, 23.45, 49.34
2020-10-28, 06:11:02, 23.46, 49.34
2020-10-28, 06:11:03, 23.46, 49.31
2020-10-28, 06:11:04, 23.45, 49.34
2020-10-28, 06:11:06, 23.45, 49.34
2020-10-28, 06:11:07, 23.45, 49.34
2020-10-28, 06:11:08, 23.45, 49.34
2020-10-28, 06:11:10, 23.45, 49.34
2020-10-28, 06:11:11, 23.46, 49.34
2020-10-28, 06:11:13, 23.45, 49.34
2020-10-28, 06:11:14, 23.46, 49.34
2020-10-28, 06:11:15, 23.46, 49.34
2020-10-28, 06:11:17, 23.46, 49.34
2020-10-28, 06:11:18, 23.46, 49.34
2020-10-28, 06:11:19, 23.46, 49.34
2020-10-28, 06:11:21, 23.46, 49.34
2020-10-28, 06:11:22, 23.48, 49.34
2020-10-28, 06:11:23, 23.47, 49.34
2020-10-28, 06:11:25, 23.47, 49.34
2020-10-28, 06:11:26, 23.48, 49.34
2020-10-28, 06:11:27, 23.46, 49.34
2020-10-28, 06:11:29, 23.46, 49.34
2020-10-28, 06:11:30, 23.46, 49.34
2020-10-28, 06:11:32, 23.46, 49.34
2020-10-28, 06:11:33, 23.47, 49.34
2020-10-28, 06:11:34, 23.46, 49.34
2020-10-28, 06:11:36, 23.45, 49.34
2020-10-28, 06:11:37, 23.45, 49.37
2020-10-28, 06:11:38, 23.45, 49.34
2020-10-28, 06:11:40, 23.47, 49.34
2020-10-28, 06:11:41, 23.47, 49.34
2020-10-28, 06:11:42, 23.45, 49.34
2020-10-28, 06:11:44, 23.46, 49.34
2020-10-28, 06:11:45, 23.46, 49.34
2020-10-28, 06:11:46, 23.47, 49.34
2020-10-28, 06:11:48, 23.45, 49.34
2020-10-28, 06:11:49, 23.47, 49.37
2020-10-28, 06:11:51, 23.46, 49.34
2020-10-28, 06:11:52, 23.46, 49.34
2020-10-28, 06:11:53, 23.47, 49.34
2020-10-28, 06:11:55, 23.47, 49.34
2020-10-28, 06:11:56, 23.46, 49.34
2020-10-28, 06:11:57, 23.45, 49.34
2020-10-28, 06:11:59, 23.45, 49.34
2020-10-28, 06:12:00, 23.45, 49.34
2020-10-28, 06:12:01, 23.48, 49.34
2020-10-28, 06:12:03, 23.47, 49.34
2020-10-28, 06:12:04, 23.46, 49.31
2020-10-28, 06:12:05, 23.45, 49.34
2020-10-28, 06:12:07, 23.46, 49.34
2020-10-28, 06:12:08, 23.46, 49.31
2020-10-28, 06:12:10, 23.45, 49.34
2020-10-28, 06:12:11, 23.46, 49.34
2020-10-28, 06:12:12, 23.46, 49.34
2020-10-28, 06:12:14, 23.46, 49.31
2020-10-28, 06:12:15, 23.46, 49.34
2020-10-28, 06:12:16, 23.45, 49.31
2020-10-28, 06:12:18, 23.46, 49.31
2020-10-28, 06:12:19, 23.46, 49.31
2020-10-28, 06:12:20, 23.47, 49.31
2020-10-28, 06:12:22, 23.46, 49.31
2020-10-28, 06:12:23, 23.46, 49.31
2020-10-28, 06:12:24, 23.45, 49.31
2020-10-28, 06:12:26, 23.44, 49.31
2020-10-28, 06:12:27, 23.45, 49.31
2020-10-28, 06:12:29, 23.45, 49.28
2020-10-28, 06:12:30, 23.45, 49.31
2020-10-28, 06:12:31, 23.47, 49.31
2020-10-28, 06:12:33, 23.46, 49.28
2020-10-28, 06:12:34, 23.46, 49.31
2020-10-28, 06:12:35, 23.44, 49.27
2020-10-28, 06:12:37, 23.45, 49.28
2020-10-28, 06:12:38, 23.45, 49.28
2020-10-28, 06:12:39, 23.44, 49.27
2020-10-28, 06:12:41, 23.45, 49.31
2020-10-28, 06:12:42, 23.45, 49.28
2020-10-28, 06:12:44, 23.44, 49.27
2020-10-28, 06:12:45, 23.44, 49.27
2020-10-28, 06:12:46, 23.45, 49.28
2020-10-28, 06:12:48, 23.43, 49.27
2020-10-28, 06:12:49, 23.44, 49.31
2020-10-28, 06:12:50, 23.42, 49.27
2020-10-28, 06:12:52, 23.43, 49.3
2020-10-28, 06:12:53, 23.42, 49.27
2020-10-28, 06:12:54, 23.42, 49.3
2020-10-28, 06:12:56, 23.43, 49.34
2020-10-28, 06:12:57, 23.43, 49.3
2020-10-28, 06:12:59, 23.35, 49.29
2020-10-28, 06:13:00, 23.41, 49.33
2020-10-28, 06:13:01, 23.42, 49.34
2020-10-28, 06:13:03, 23.43, 49.34
2020-10-28, 06:13:04, 23.43, 49.34
2020-10-28, 06:13:05, 23.42, 49.3
2020-10-28, 06:13:07, 23.42, 49.3
2020-10-28, 06:13:08, 23.42, 49.3
2020-10-28, 06:13:10, 23.41, 49.3
2020-10-28, 06:13:11, 23.41, 49.3
2020-10-28, 06:13:12, 23.41, 49.27
2020-10-28, 06:13:14, 23.41, 49.33
2020-10-28, 06:13:15, 23.41, 49.3
2020-10-28, 06:13:16, 23.42, 49.34
2020-10-28, 06:13:18, 23.42, 49.34
2020-10-28, 06:13:19, 23.4, 49.33
2020-10-28, 06:13:20, 23.41, 49.3
2020-10-28, 06:13:22, 23.42, 49.34
2020-10-28, 06:13:23, 23.41, 49.3
2020-10-28, 06:13:24, 23.41, 49.3
2020-10-28, 06:13:26, 23.43, 49.34
2020-10-28, 06:13:27, 23.43, 49.34
2020-10-28, 06:13:29, 23.42, 49.3
2020-10-28, 06:13:30, 23.44, 49.34
2020-10-28, 06:13:31, 23.42, 49.3
2020-10-28, 06:13:33, 23.41, 49.3
2020-10-28, 06:13:34, 23.43, 49.34
2020-10-28, 06:13:35, 23.41, 49.3
2020-10-28, 06:13:37, 23.42, 49.3
2020-10-28, 06:13:38, 23.42, 49.34
2020-10-28, 06:13:39, 23.42, 49.3
2020-10-28, 06:13:41, 23.42, 49.3
2020-10-28, 06:13:42, 23.42, 49.34
2020-10-28, 06:13:43, 23.42, 49.34
2020-10-28, 06:13:45, 23.43, 49.34
2020-10-28, 06:13:46, 23.4, 49.33
2020-10-28, 06:13:47, 23.42, 49.34
2020-10-28, 06:13:49, 23.42, 49.34
2020-10-28, 06:13:50, 23.42, 49.34
2020-10-28, 06:13:52, 23.42, 49.34
2020-10-28, 06:13:53, 23.42, 49.34
2020-10-28, 06:13:54, 23.41, 49.33
2020-10-28, 06:13:56, 23.42, 49.34
2020-10-28, 06:13:57, 23.41, 49.33
2020-10-28, 06:13:58, 23.42, 49.34
2020-10-28, 06:14:00, 23.42, 49.34
2020-10-28, 06:14:01, 23.42, 49.34
2020-10-28, 06:14:02, 23.41, 49.33
2020-10-28, 06:14:04, 23.4, 49.33
2020-10-28, 06:14:05, 23.41, 49.33
2020-10-28, 06:14:06, 23.4, 49.33
2020-10-28, 06:14:08, 23.4, 49.33
2020-10-28, 06:14:09, 23.4, 49.33
2020-10-28, 06:14:10, 23.41, 49.33
2020-10-28, 06:14:12, 23.4, 49.33
2020-10-28, 06:14:13, 23.4, 49.33
2020-10-28, 06:14:15, 23.4, 49.36
2020-10-28, 06:14:16, 23.41, 49.33
2020-10-28, 06:14:17, 23.42, 49.34
2020-10-28, 06:14:19, 23.4, 49.33
2020-10-28, 06:14:20, 23.41, 49.37
2020-10-28, 06:14:21, 23.41, 49.37
2020-10-28, 06:14:23, 23.41, 49.37
2020-10-28, 06:14:24, 23.42, 49.37
2020-10-28, 06:14:25, 23.41, 49.33
2020-10-28, 06:14:27, 23.42, 49.34
2020-10-28, 06:14:28, 23.41, 49.33
2020-10-28, 06:14:30, 23.41, 49.33
2020-10-28, 06:14:31, 23.41, 49.33
2020-10-28, 06:14:32, 23.41, 49.33
2020-10-28, 06:14:34, 23.42, 49.34
2020-10-28, 06:14:35, 23.4, 49.33
2020-10-28, 06:14:36, 23.42, 49.34
2020-10-28, 06:14:38, 23.41, 49.33
2020-10-28, 06:14:39, 23.41, 49.33
2020-10-28, 06:14:40, 23.41, 49.33
2020-10-28, 06:14:42, 23.41, 49.33
2020-10-28, 06:14:43, 23.41, 49.33
2020-10-28, 06:14:44, 23.42, 49.34
2020-10-28, 06:14:46, 23.41, 49.37
2020-10-28, 06:14:47, 23.41, 49.33
2020-10-28, 06:14:48, 23.41, 49.33
2020-10-28, 06:14:50, 23.41, 49.33
2020-10-28, 06:14:51, 23.42, 49.34
2020-10-28, 06:14:53, 23.41, 49.33
2020-10-28, 06:14:54, 23.41, 49.33
2020-10-28, 06:14:55, 23.42, 49.34
2020-10-28, 06:14:57, 23.41, 49.33
2020-10-28, 06:14:58, 23.42, 49.3
2020-10-28, 06:14:59, 23.41, 49.33
2020-10-28, 06:15:01, 23.4, 49.33
2020-10-28, 06:15:02, 23.41, 49.33
2020-10-28, 06:15:03, 23.4, 49.33
2020-10-28, 06:15:05, 23.41, 49.33
2020-10-28, 06:15:06, 23.42, 49.34
2020-10-28, 06:15:07, 23.42, 49.34
2020-10-28, 06:15:09, 23.4, 49.33
2020-10-28, 06:15:10, 23.41, 49.33
2020-10-28, 06:15:12, 23.42, 49.34
2020-10-28, 06:15:13, 23.42, 49.34
2020-10-28, 06:15:14, 23.42, 49.34
2020-10-28, 06:15:16, 23.42, 49.34
2020-10-28, 06:15:17, 23.42, 49.34
2020-10-28, 06:15:18, 23.43, 49.34
2020-10-28, 06:15:20, 23.43, 49.34
2020-10-28, 06:15:21, 23.42, 49.34
2020-10-28, 06:15:22, 23.42, 49.3
2020-10-28, 06:15:24, 23.42, 49.3
2020-10-28, 06:15:25, 23.42, 49.34
2020-10-28, 06:15:26, 23.41, 49.33
2020-10-28, 06:15:28, 23.4, 49.3
2020-10-28, 06:15:29, 23.4, 49.3
2020-10-28, 06:15:30, 23.4, 49.33
2020-10-28, 06:15:32, 23.39, 49.33
2020-10-28, 06:15:33, 23.41, 49.3
2020-10-28, 06:15:35, 23.4, 49.33
2020-10-28, 06:15:36, 23.4, 49.33
2020-10-28, 06:15:37, 23.4, 49.33
2020-10-28, 06:15:39, 23.4, 49.33
2020-10-28, 06:15:40, 23.41, 49.33
2020-10-28, 06:15:41, 23.41, 49.33
2020-10-28, 06:15:43, 23.4, 49.33
2020-10-28, 06:15:44, 23.4, 49.33
2020-10-28, 06:15:45, 23.4, 49.33
2020-10-28, 06:15:47, 23.4, 49.33
2020-10-28, 06:15:48, 23.41, 49.33
2020-10-28, 06:15:49, 23.4, 49.33
2020-10-28, 06:15:51, 23.42, 49.3
2020-10-28, 06:15:52, 23.42, 49.3
2020-10-28, 06:15:54, 23.42, 49.34
2020-10-28, 06:15:55, 23.42, 49.3
2020-10-28, 06:15:56, 23.41, 49.33
2020-10-28, 06:15:58, 23.41, 49.3
2020-10-28, 06:15:59, 23.4, 49.3
2020-10-28, 06:16:00, 23.41, 49.33
2020-10-28, 06:16:02, 23.4, 49.33
2020-10-28, 06:16:03, 23.38, 49.33
2020-10-28, 06:16:04, 23.39, 49.33
2020-10-28, 06:16:06, 23.38, 49.33
2020-10-28, 06:16:07, 23.4, 49.33
2020-10-28, 06:16:08, 23.4, 49.33
2020-10-28, 06:16:10, 23.39, 49.33
2020-10-28, 06:16:11, 23.4, 49.33
2020-10-28, 06:16:13, 23.39, 49.33
2020-10-28, 06:16:14, 23.4, 49.33
2020-10-28, 06:16:15, 23.39, 49.33
2020-10-28, 06:16:17, 23.39, 49.36
2020-10-28, 06:16:18, 23.39, 49.33
2020-10-28, 06:16:19, 23.4, 49.36
2020-10-28, 06:16:21, 23.39, 49.36
2020-10-28, 06:16:22, 23.4, 49.36
2020-10-28, 06:16:23, 23.4, 49.36
2020-10-28, 06:16:25, 23.39, 49.36
2020-10-28, 06:16:26, 23.39, 49.39
2020-10-28, 06:16:27, 23.4, 49.36
2020-10-28, 06:16:29, 23.38, 49.39
2020-10-28, 06:16:30, 23.38, 49.36
2020-10-28, 06:16:32, 23.38, 49.36
2020-10-28, 06:16:33, 23.38, 49.36
2020-10-28, 06:16:34, 23.38, 49.36
2020-10-28, 06:16:36, 23.4, 49.36
2020-10-28, 06:16:37, 23.39, 49.36
2020-10-28, 06:16:38, 23.38, 49.36
2020-10-28, 06:16:40, 23.38, 49.39
2020-10-28, 06:16:41, 23.4, 49.36
2020-10-28, 06:16:42, 23.39, 49.36
2020-10-28, 06:16:44, 23.38, 49.36
2020-10-28, 06:16:45, 23.39, 49.36
2020-10-28, 06:16:46, 23.37, 49.33
2020-10-28, 06:16:48, 23.4, 49.36
2020-10-28, 06:16:49, 23.39, 49.33
2020-10-28, 06:16:51, 23.4, 49.33
2020-10-28, 06:16:52, 23.39, 49.33
2020-10-28, 06:16:53, 23.4, 49.36
2020-10-28, 06:16:55, 23.4, 49.33
2020-10-28, 06:16:56, 23.41, 49.33
2020-10-28, 06:16:57, 23.41, 49.33
2020-10-28, 06:16:59, 23.4, 49.33
2020-10-28, 06:17:00, 23.41, 49.33
2020-10-28, 06:17:01, 23.4, 49.33
2020-10-28, 06:17:03, 23.4, 49.33
2020-10-28, 06:17:04, 23.4, 49.33
2020-10-28, 06:17:05, 23.4, 49.33
2020-10-28, 06:17:07, 23.4, 49.33
2020-10-28, 06:17:08, 23.41, 49.33
2020-10-28, 06:17:09, 23.41, 49.33
2020-10-28, 06:17:11, 23.41, 49.33
2020-10-28, 06:17:12, 23.41, 49.3
2020-10-28, 06:17:14, 23.41, 49.3
2020-10-28, 06:17:15, 23.41, 49.3
2020-10-28, 06:17:16, 23.41, 49.33
2020-10-28, 06:17:18, 23.42, 49.3
2020-10-28, 06:17:19, 23.41, 49.3
2020-10-28, 06:17:20, 23.42, 49.3
2020-10-28, 06:17:22, 23.42, 49.3
2020-10-28, 06:17:23, 23.42, 49.3
2020-10-28, 06:17:24, 23.42, 49.3
2020-10-28, 06:17:26, 23.43, 49.3
2020-10-28, 06:17:27, 23.43, 49.3
2020-10-28, 06:17:28, 23.43, 49.3
2020-10-28, 06:17:30, 23.44, 49.27
2020-10-28, 06:17:31, 23.44, 49.27
2020-10-28, 06:17:33, 23.44, 49.27
2020-10-28, 06:17:34, 23.44, 49.27
2020-10-28, 06:17:35, 23.43, 49.27
2020-10-28, 06:17:37, 23.43, 49.27
2020-10-28, 06:17:38, 23.44, 49.27
2020-10-28, 06:17:39, 23.45, 49.28
2020-10-28, 06:17:41, 23.44, 49.27
2020-10-28, 06:17:42, 23.44, 49.27
2020-10-28, 06:17:43, 23.43, 49.27
2020-10-28, 06:17:45, 23.45, 49.28
2020-10-28, 06:17:46, 23.45, 49.24
2020-10-28, 06:17:47, 23.46, 49.24
2020-10-28, 06:17:49, 23.46, 49.24
2020-10-28, 06:17:50, 23.46, 49.24
2020-10-28, 06:17:52, 23.45, 49.24
2020-10-28, 06:17:53, 23.45, 49.24
2020-10-28, 06:17:54, 23.46, 49.21
2020-10-28, 06:17:56, 23.46, 49.21
2020-10-28, 06:17:57, 23.46, 49.21
2020-10-28, 06:17:58, 23.47, 49.21
2020-10-28, 06:18:00, 23.45, 49.21
2020-10-28, 06:18:01, 23.46, 49.21
2020-10-28, 06:18:02, 23.44, 49.21
2020-10-28, 06:18:04, 23.46, 49.21
2020-10-28, 06:18:05, 23.46, 49.21
2020-10-28, 06:18:07, 23.46, 49.21
2020-10-28, 06:18:08, 23.47, 49.21
2020-10-28, 06:18:09, 23.47, 49.21
2020-10-28, 06:18:11, 23.46, 49.21
2020-10-28, 06:18:12, 23.46, 49.21
2020-10-28, 06:18:13, 23.47, 49.21
2020-10-28, 06:18:15, 23.46, 49.18
2020-10-28, 06:18:16, 23.46, 49.18
2020-10-28, 06:18:17, 23.46, 49.18
2020-10-28, 06:18:19, 23.46, 49.18
2020-10-28, 06:18:20, 23.46, 49.18
2020-10-28, 06:18:21, 23.45, 49.18
2020-10-28, 06:18:23, 23.48, 49.18
2020-10-28, 06:18:24, 23.48, 49.15
2020-10-28, 06:18:26, 23.48, 49.15
2020-10-28, 06:18:27, 23.47, 49.15
2020-10-28, 06:18:28, 23.49, 49.15
2020-10-28, 06:18:30, 23.48, 49.15
2020-10-28, 06:18:31, 23.47, 49.15
2020-10-28, 06:18:32, 23.48, 49.15
2020-10-28, 06:18:34, 23.49, 49.15
2020-10-28, 06:18:35, 23.49, 49.15
2020-10-28, 06:18:36, 23.49, 49.15
2020-10-28, 06:18:38, 23.48, 49.12
2020-10-28, 06:18:39, 23.48, 49.12
2020-10-28, 06:18:40, 23.48, 49.15
2020-10-28, 06:18:42, 23.48, 49.12
2020-10-28, 06:18:43, 23.49, 49.12
2020-10-28, 06:18:45, 23.5, 49.12
2020-10-28, 06:18:46, 23.5, 49.12
2020-10-28, 06:18:47, 23.5, 49.09
2020-10-28, 06:18:49, 23.51, 49.12
2020-10-28, 06:18:50, 23.51, 49.09
2020-10-28, 06:18:51, 23.52, 49.13
2020-10-28, 06:18:53, 23.5, 49.09
2020-10-28, 06:18:54, 23.52, 49.13
2020-10-28, 06:18:55, 23.51, 49.09
2020-10-28, 06:18:57, 23.5, 49.09
2020-10-28, 06:18:58, 23.51, 49.09
2020-10-28, 06:18:59, 23.53, 49.1
2020-10-28, 06:19:01, 23.52, 49.09
2020-10-28, 06:19:02, 23.51, 49.09
2020-10-28, 06:19:04, 23.5, 49.06
2020-10-28, 06:19:05, 23.53, 49.1
2020-10-28, 06:19:06, 23.54, 49.06
2020-10-28, 06:19:08, 23.53, 49.1
2020-10-28, 06:19:09, 23.52, 49.09
2020-10-28, 06:19:10, 23.53, 49.06
2020-10-28, 06:19:12, 23.54, 49.03
2020-10-28, 06:19:13, 23.54, 49.03
2020-10-28, 06:19:14, 23.54, 49.03
2020-10-28, 06:19:16, 23.54, 49.03
2020-10-28, 06:19:17, 23.55, 49.03
2020-10-28, 06:19:18, 23.54, 49.03
2020-10-28, 06:19:20, 23.55, 49.03
2020-10-28, 06:19:21, 23.56, 49.04
2020-10-28, 06:19:23, 23.56, 49.04
2020-10-28, 06:19:24, 23.54, 49.0
2020-10-28, 06:19:25, 23.56, 49.0
2020-10-28, 06:19:27, 23.55, 49.0
2020-10-28, 06:19:28, 23.55, 49.0
2020-10-28, 06:19:29, 23.55, 49.0
2020-10-28, 06:19:31, 23.55, 48.97
2020-10-28, 06:19:32, 23.55, 49.0
2020-10-28, 06:19:33, 23.54, 48.97
2020-10-28, 06:19:35, 23.56, 48.97
2020-10-28, 06:19:36, 23.55, 49.0
2020-10-28, 06:19:37, 23.54, 48.97
2020-10-28, 06:19:39, 23.55, 49.0
2020-10-28, 06:19:40, 23.56, 49.0
2020-10-28, 06:19:42, 23.55, 49.0
2020-10-28, 06:19:43, 23.56, 48.97
2020-10-28, 06:19:44, 23.55, 49.0
2020-10-28, 06:19:46, 23.54, 49.0
2020-10-28, 06:19:47, 23.56, 48.97
2020-10-28, 06:19:48, 23.55, 49.0
2020-10-28, 06:19:50, 23.57, 48.97
2020-10-28, 06:19:51, 23.56, 48.97
2020-10-28, 06:19:52, 23.57, 48.97
2020-10-28, 06:19:54, 23.57, 48.97
2020-10-28, 06:19:55, 23.56, 48.97
2020-10-28, 06:19:56, 23.58, 48.97
2020-10-28, 06:19:58, 23.57, 48.97
2020-10-28, 06:19:59, 23.56, 48.94
2020-10-28, 06:20:00, 23.58, 48.94
2020-10-28, 06:20:02, 23.57, 48.97
2020-10-28, 06:20:03, 23.57, 48.94
2020-10-28, 06:20:05, 23.58, 48.91
2020-10-28, 06:20:06, 23.58, 48.94
2020-10-28, 06:20:07, 23.57, 48.94
2020-10-28, 06:20:09, 23.58, 48.94
2020-10-28, 06:20:10, 23.58, 48.94
2020-10-28, 06:20:11, 23.58, 48.94
2020-10-28, 06:20:13, 23.58, 48.94
2020-10-28, 06:20:14, 23.6, 48.91
2020-10-28, 06:20:15, 23.59, 48.91
2020-10-28, 06:20:17, 23.59, 48.91
2020-10-28, 06:20:18, 23.59, 48.91
2020-10-28, 06:20:19, 23.58, 48.91
2020-10-28, 06:20:21, 23.59, 48.91
2020-10-28, 06:20:22, 23.58, 48.88
2020-10-28, 06:20:24, 23.6, 48.91
2020-10-28, 06:20:25, 23.6, 48.88
2020-10-28, 06:20:26, 23.6, 48.88
2020-10-28, 06:20:28, 23.6, 48.88
2020-10-28, 06:20:29, 23.59, 48.88
2020-10-28, 06:20:30, 23.6, 48.88
2020-10-28, 06:20:32, 23.6, 48.88
2020-10-28, 06:20:33, 23.6, 48.85
2020-10-28, 06:20:34, 23.61, 48.85
2020-10-28, 06:20:36, 23.6, 48.85
2020-10-28, 06:20:37, 23.6, 48.85
2020-10-28, 06:20:38, 23.6, 48.85
2020-10-28, 06:20:40, 23.6, 48.85
2020-10-28, 06:20:41, 23.61, 48.85
2020-10-28, 06:20:43, 23.62, 48.85
2020-10-28, 06:20:44, 23.62, 48.85
2020-10-28, 06:20:45, 23.62, 48.85
2020-10-28, 06:20:47, 23.62, 48.85
2020-10-28, 06:20:48, 23.61, 48.85
2020-10-28, 06:20:49, 23.62, 48.82
2020-10-28, 06:20:51, 23.62, 48.85
2020-10-28, 06:20:52, 23.62, 48.82
2020-10-28, 06:20:53, 23.62, 48.82
2020-10-28, 06:20:55, 23.62, 48.82
2020-10-28, 06:20:56, 23.64, 48.82
2020-10-28, 06:20:57, 23.64, 48.79
2020-10-28, 06:20:59, 23.64, 48.79
2020-10-28, 06:21:00, 23.63, 48.79
2020-10-28, 06:21:02, 23.64, 48.79
2020-10-28, 06:21:03, 23.63, 48.79
2020-10-28, 06:21:04, 23.63, 48.79
2020-10-28, 06:21:06, 23.62, 48.79
2020-10-28, 06:21:07, 23.62, 48.79
2020-10-28, 06:21:08, 23.63, 48.79
2020-10-28, 06:21:10, 23.62, 48.76
2020-10-28, 06:21:11, 23.63, 48.79
2020-10-28, 06:21:12, 23.63, 48.79
2020-10-28, 06:21:14, 23.62, 48.79
2020-10-28, 06:21:15, 23.63, 48.76
2020-10-28, 06:21:16, 23.63, 48.76
2020-10-28, 06:21:18, 23.62, 48.79
2020-10-28, 06:21:19, 23.64, 48.79
2020-10-28, 06:21:21, 23.64, 48.76
2020-10-28, 06:21:22, 23.63, 48.76
2020-10-28, 06:21:23, 23.63, 48.79
2020-10-28, 06:21:25, 23.63, 48.76
2020-10-28, 06:21:26, 23.64, 48.76
2020-10-28, 06:21:27, 23.64, 48.76
2020-10-28, 06:21:29, 23.65, 48.76
2020-10-28, 06:21:30, 23.65, 48.76
2020-10-28, 06:21:31, 23.66, 48.76
2020-10-28, 06:21:33, 23.66, 48.73
2020-10-28, 06:21:34, 23.65, 48.73
2020-10-28, 06:21:35, 23.65, 48.73
2020-10-28, 06:21:37, 23.66, 48.73
2020-10-28, 06:21:38, 23.66, 48.73
2020-10-28, 06:21:39, 23.66, 48.73
2020-10-28, 06:21:41, 23.66, 48.73
2020-10-28, 06:21:42, 23.64, 48.73
2020-10-28, 06:21:44, 23.64, 48.7
2020-10-28, 06:21:45, 23.65, 48.73
2020-10-28, 06:21:46, 23.66, 48.7
2020-10-28, 06:21:48, 23.66, 48.7
2020-10-28, 06:21:49, 23.66, 48.7
2020-10-28, 06:21:50, 23.66, 48.7
2020-10-28, 06:21:52, 23.66, 48.7
2020-10-28, 06:21:53, 23.66, 48.7
2020-10-28, 06:21:54, 23.67, 48.7
2020-10-28, 06:21:56, 23.65, 48.7
2020-10-28, 06:21:57, 23.67, 48.7
2020-10-28, 06:21:59, 23.68, 48.67
2020-10-28, 06:22:00, 23.67, 48.67
2020-10-28, 06:22:01, 23.65, 48.66
2020-10-28, 06:22:03, 23.66, 48.67
2020-10-28, 06:22:04, 23.68, 48.67
2020-10-28, 06:22:05, 23.68, 48.67
2020-10-28, 06:22:07, 23.65, 48.66
2020-10-28, 06:22:08, 23.68, 48.67
2020-10-28, 06:22:09, 23.68, 48.67
2020-10-28, 06:22:11, 23.67, 48.67
2020-10-28, 06:22:12, 23.68, 48.67
2020-10-28, 06:22:13, 23.69, 48.64
2020-10-28, 06:22:15, 23.67, 48.67
2020-10-28, 06:22:16, 23.68, 48.64
2020-10-28, 06:22:17, 23.68, 48.64
2020-10-28, 06:22:19, 23.66, 48.63
2020-10-28, 06:22:20, 23.68, 48.64
2020-10-28, 06:22:22, 23.68, 48.64
2020-10-28, 06:22:23, 23.66, 48.67
2020-10-28, 06:22:24, 23.68, 48.67
2020-10-28, 06:22:26, 23.68, 48.67
2020-10-28, 06:22:27, 23.68, 48.67
2020-10-28, 06:22:28, 23.67, 48.67
2020-10-28, 06:22:30, 23.67, 48.64
2020-10-28, 06:22:31, 23.68, 48.67
2020-10-28, 06:22:32, 23.68, 48.64
2020-10-28, 06:22:34, 23.68, 48.67
2020-10-28, 06:22:35, 23.69, 48.64
2020-10-28, 06:22:36, 23.68, 48.64
2020-10-28, 06:22:38, 23.68, 48.67
2020-10-28, 06:22:39, 23.7, 48.64
2020-10-28, 06:22:41, 23.68, 48.6
2020-10-28, 06:22:42, 23.67, 48.6
2020-10-28, 06:22:43, 23.67, 48.64
2020-10-28, 06:22:45, 23.67, 48.64
2020-10-28, 06:22:46, 23.67, 48.6
2020-10-28, 06:22:47, 23.68, 48.6
2020-10-28, 06:22:49, 23.68, 48.64
2020-10-28, 06:22:50, 23.69, 48.61
2020-10-28, 06:22:51, 23.69, 48.64
2020-10-28, 06:22:53, 23.68, 48.6
2020-10-28, 06:22:54, 23.68, 48.6
2020-10-28, 06:22:55, 23.68, 48.64
2020-10-28, 06:22:57, 23.68, 48.64
2020-10-28, 06:22:58, 23.68, 48.6
2020-10-28, 06:23:00, 23.68, 48.6
2020-10-28, 06:23:01, 23.68, 48.6
2020-10-28, 06:23:02, 23.69, 48.61
2020-10-28, 06:23:04, 23.69, 48.64
2020-10-28, 06:23:05, 23.69, 48.61
2020-10-28, 06:23:06, 23.67, 48.6
2020-10-28, 06:23:08, 23.69, 48.64
2020-10-28, 06:23:09, 23.68, 48.6
2020-10-28, 06:23:10, 23.69, 48.61
2020-10-28, 06:23:12, 23.7, 48.64
2020-10-28, 06:23:13, 23.69, 48.64
2020-10-28, 06:23:14, 23.7, 48.64
2020-10-28, 06:23:16, 23.7, 48.64
2020-10-28, 06:23:17, 23.68, 48.64
2020-10-28, 06:23:19, 23.7, 48.64
2020-10-28, 06:23:20, 23.69, 48.64
2020-10-28, 06:23:21, 23.68, 48.64
2020-10-28, 06:23:23, 23.67, 48.64
2020-10-28, 06:23:24, 23.68, 48.64
2020-10-28, 06:23:25, 23.69, 48.64
2020-10-28, 06:23:27, 23.7, 48.64
2020-10-28, 06:23:28, 23.69, 48.64
2020-10-28, 06:23:29, 23.7, 48.61
2020-10-28, 06:23:31, 23.69, 48.61
2020-10-28, 06:23:32, 23.69, 48.61
2020-10-28, 06:23:33, 23.69, 48.64
2020-10-28, 06:23:35, 23.7, 48.61
2020-10-28, 06:23:36, 23.69, 48.61
2020-10-28, 06:23:38, 23.7, 48.61
2020-10-28, 06:23:39, 23.71, 48.61
2020-10-28, 06:23:40, 23.71, 48.61
2020-10-28, 06:23:42, 23.7, 48.61
2020-10-28, 06:23:43, 23.7, 48.61
2020-10-28, 06:23:44, 23.7, 48.58
2020-10-28, 06:23:46, 23.69, 48.61
2020-10-28, 06:23:47, 23.68, 48.6
2020-10-28, 06:23:48, 23.7, 48.61
2020-10-28, 06:23:50, 23.7, 48.61
2020-10-28, 06:23:51, 23.7, 48.61
2020-10-28, 06:23:52, 23.7, 48.58
2020-10-28, 06:23:54, 23.7, 48.58
2020-10-28, 06:23:55, 23.7, 48.61
2020-10-28, 06:23:57, 23.69, 48.57
2020-10-28, 06:23:58, 23.7, 48.58
2020-10-28, 06:23:59, 23.7, 48.61
2020-10-28, 06:24:01, 23.69, 48.57
2020-10-28, 06:24:02, 23.7, 48.58
2020-10-28, 06:24:03, 23.71, 48.61
2020-10-28, 06:24:05, 23.7, 48.58
2020-10-28, 06:24:06, 23.7, 48.61
2020-10-28, 06:24:07, 23.71, 48.61
2020-10-28, 06:24:09, 23.72, 48.58
2020-10-28, 06:24:10, 23.71, 48.61
2020-10-28, 06:24:11, 23.71, 48.61
2020-10-28, 06:24:13, 23.72, 48.61
2020-10-28, 06:24:14, 23.71, 48.58
2020-10-28, 06:24:16, 23.7, 48.54
2020-10-28, 06:24:17, 23.71, 48.58
2020-10-28, 06:24:18, 23.7, 48.58
2020-10-28, 06:24:20, 23.71, 48.58
2020-10-28, 06:24:21, 23.7, 48.58
2020-10-28, 06:24:22, 23.71, 48.58
2020-10-28, 06:24:24, 23.7, 48.58
2020-10-28, 06:24:25, 23.69, 48.57
2020-10-28, 06:24:26, 23.71, 48.58
2020-10-28, 06:24:28, 23.72, 48.58
2020-10-28, 06:24:29, 23.7, 48.58
2020-10-28, 06:24:30, 23.72, 48.61
2020-10-28, 06:24:32, 23.7, 48.58
2020-10-28, 06:24:33, 23.72, 48.58
2020-10-28, 06:24:34, 23.72, 48.58
2020-10-28, 06:24:36, 23.71, 48.58
2020-10-28, 06:24:37, 23.7, 48.61
2020-10-28, 06:24:39, 23.71, 48.61
2020-10-28, 06:24:40, 23.71, 48.61
2020-10-28, 06:24:41, 23.72, 48.61
2020-10-28, 06:24:43, 23.72, 48.61
2020-10-28, 06:24:44, 23.71, 48.58
2020-10-28, 06:24:45, 23.72, 48.61
2020-10-28, 06:24:47, 23.71, 48.61
2020-10-28, 06:24:48, 23.7, 48.61
2020-10-28, 06:24:49, 23.71, 48.58
2020-10-28, 06:24:51, 23.7, 48.58
2020-10-28, 06:24:52, 23.69, 48.61
2020-10-28, 06:24:53, 23.7, 48.58
2020-10-28, 06:24:55, 23.71, 48.61
2020-10-28, 06:24:56, 23.72, 48.61
2020-10-28, 06:24:58, 23.7, 48.61
2020-10-28, 06:24:59, 23.7, 48.58
2020-10-28, 06:25:00, 23.7, 48.58
2020-10-28, 06:25:02, 23.7, 48.61
2020-10-28, 06:25:03, 23.7, 48.58
2020-10-28, 06:25:04, 23.7, 48.61
2020-10-28, 06:25:06, 23.7, 48.61
2020-10-28, 06:25:07, 23.73, 48.61
2020-10-28, 06:25:08, 23.72, 48.61
2020-10-28, 06:25:10, 23.72, 48.61
2020-10-28, 06:25:11, 23.71, 48.58
2020-10-28, 06:25:12, 23.7, 48.61
2020-10-28, 06:25:14, 23.72, 48.61
2020-10-28, 06:25:15, 23.7, 48.61
2020-10-28, 06:25:17, 23.72, 48.61
2020-10-28, 06:25:18, 23.72, 48.61
2020-10-28, 06:25:19, 23.72, 48.61
2020-10-28, 06:25:21, 23.7, 48.61
2020-10-28, 06:25:22, 23.72, 48.61
2020-10-28, 06:25:23, 23.72, 48.61
2020-10-28, 06:25:25, 23.71, 48.61
2020-10-28, 06:25:26, 23.72, 48.61
2020-10-28, 06:25:27, 23.72, 48.61
2020-10-28, 06:25:29, 23.72, 48.61
2020-10-28, 06:25:30, 23.74, 48.61
2020-10-28, 06:25:31, 23.74, 48.61
2020-10-28, 06:25:33, 23.72, 48.61
2020-10-28, 06:25:34, 23.72, 48.61
2020-10-28, 06:25:36, 23.71, 48.61
2020-10-28, 06:25:37, 23.73, 48.61
2020-10-28, 06:25:38, 23.72, 48.64
2020-10-28, 06:25:40, 23.73, 48.61
2020-10-28, 06:25:41, 23.72, 48.61
2020-10-28, 06:25:42, 23.71, 48.61
2020-10-28, 06:25:44, 23.71, 48.64
2020-10-28, 06:25:45, 23.71, 48.64
2020-10-28, 06:25:46, 23.71, 48.64
2020-10-28, 06:25:48, 23.71, 48.64
2020-10-28, 06:25:49, 23.72, 48.64
2020-10-28, 06:25:50, 23.73, 48.64
2020-10-28, 06:25:52, 23.7, 48.64
2020-10-28, 06:25:53, 23.72, 48.64
2020-10-28, 06:25:55, 23.73, 48.64
2020-10-28, 06:25:56, 23.72, 48.67
2020-10-28, 06:25:57, 23.7, 48.64
2020-10-28, 06:25:59, 23.72, 48.64
2020-10-28, 06:26:00, 23.72, 48.64
2020-10-28, 06:26:01, 23.73, 48.64
2020-10-28, 06:26:03, 23.72, 48.64
2020-10-28, 06:26:04, 23.72, 48.67
2020-10-28, 06:26:05, 23.73, 48.64
2020-10-28, 06:26:07, 23.71, 48.67
2020-10-28, 06:26:08, 23.72, 48.64
2020-10-28, 06:26:09, 23.72, 48.64
2020-10-28, 06:26:11, 23.72, 48.64
2020-10-28, 06:26:12, 23.74, 48.64
2020-10-28, 06:26:14, 23.73, 48.64
2020-10-28, 06:26:15, 23.72, 48.64
2020-10-28, 06:26:16, 23.73, 48.64
2020-10-28, 06:26:18, 23.73, 48.64
2020-10-28, 06:26:19, 23.73, 48.64
2020-10-28, 06:26:20, 23.74, 48.64
2020-10-28, 06:26:22, 23.72, 48.64
2020-10-28, 06:26:23, 23.72, 48.64
2020-10-28, 06:26:24, 23.72, 48.67
2020-10-28, 06:26:26, 23.72, 48.64
2020-10-28, 06:26:27, 23.72, 48.67
2020-10-28, 06:26:28, 23.72, 48.67
2020-10-28, 06:26:30, 23.72, 48.67
2020-10-28, 06:26:31, 23.73, 48.64
2020-10-28, 06:26:33, 23.74, 48.64
2020-10-28, 06:26:34, 23.72, 48.64
2020-10-28, 06:26:35, 23.74, 48.64
2020-10-28, 06:26:37, 23.72, 48.64
2020-10-28, 06:26:38, 23.72, 48.64
2020-10-28, 06:26:39, 23.73, 48.64
2020-10-28, 06:26:41, 23.72, 48.64
2020-10-28, 06:26:42, 23.74, 48.64
2020-10-28, 06:26:43, 23.73, 48.64
2020-10-28, 06:26:45, 23.73, 48.68
2020-10-28, 06:26:46, 23.73, 48.64
2020-10-28, 06:26:47, 23.73, 48.68
2020-10-28, 06:26:49, 23.73, 48.68
2020-10-28, 06:26:50, 23.72, 48.67
2020-10-28, 06:26:51, 23.7, 48.67
2020-10-28, 06:26:53, 23.71, 48.7
2020-10-28, 06:26:54, 23.72, 48.67
2020-10-28, 06:26:56, 23.72, 48.71
2020-10-28, 06:26:57, 23.72, 48.71
2020-10-28, 06:26:58, 23.72, 48.67
2020-10-28, 06:27:00, 23.73, 48.71
2020-10-28, 06:27:01, 23.71, 48.67
2020-10-28, 06:27:02, 23.74, 48.68
2020-10-28, 06:27:04, 23.71, 48.67
2020-10-28, 06:27:05, 23.73, 48.71
2020-10-28, 06:27:06, 23.72, 48.71
2020-10-28, 06:27:08, 23.71, 48.67
2020-10-28, 06:27:09, 23.72, 48.71
2020-10-28, 06:27:10, 23.72, 48.67
2020-10-28, 06:27:12, 23.72, 48.71
2020-10-28, 06:27:13, 23.72, 48.71
2020-10-28, 06:27:15, 23.71, 48.7
2020-10-28, 06:27:16, 23.72, 48.71
2020-10-28, 06:27:17, 23.72, 48.71
2020-10-28, 06:27:19, 23.72, 48.67
2020-10-28, 06:27:20, 23.71, 48.7
2020-10-28, 06:27:21, 23.71, 48.7
2020-10-28, 06:27:23, 23.72, 48.74
2020-10-28, 06:27:24, 23.72, 48.74
2020-10-28, 06:27:25, 23.72, 48.74
2020-10-28, 06:27:27, 23.72, 48.74
2020-10-28, 06:27:28, 23.73, 48.74
2020-10-28, 06:27:29, 23.72, 48.77
2020-10-28, 06:27:31, 23.71, 48.77
2020-10-28, 06:27:32, 23.72, 48.74
2020-10-28, 06:27:33, 23.72, 48.74
2020-10-28, 06:27:35, 23.72, 48.74
2020-10-28, 06:27:36, 23.71, 48.74
2020-10-28, 06:27:38, 23.72, 48.74
2020-10-28, 06:27:39, 23.71, 48.74
2020-10-28, 06:27:40, 23.71, 48.74
2020-10-28, 06:27:42, 23.7, 48.73
2020-10-28, 06:27:43, 23.7, 48.73
2020-10-28, 06:27:44, 23.69, 48.7
2020-10-28, 06:27:46, 23.7, 48.73
2020-10-28, 06:27:47, 23.71, 48.74
2020-10-28, 06:27:48, 23.72, 48.74
2020-10-28, 06:27:50, 23.72, 48.74
2020-10-28, 06:27:51, 23.72, 48.74
2020-10-28, 06:27:53, 23.72, 48.74
2020-10-28, 06:27:54, 23.72, 48.74
2020-10-28, 06:27:55, 23.71, 48.74
2020-10-28, 06:27:57, 23.73, 48.74
2020-10-28, 06:27:58, 23.71, 48.74
2020-10-28, 06:27:59, 23.72, 48.74
2020-10-28, 06:28:01, 23.72, 48.74
2020-10-28, 06:28:02, 23.71, 48.77
2020-10-28, 06:28:03, 23.72, 48.8
2020-10-28, 06:28:05, 23.72, 48.77
2020-10-28, 06:28:06, 23.7, 48.8
2020-10-28, 06:28:07, 23.72, 48.8
2020-10-28, 06:28:09, 23.72, 48.8
2020-10-28, 06:28:10, 23.72, 48.8
2020-10-28, 06:28:11, 23.73, 48.8
2020-10-28, 06:28:13, 23.72, 48.8
2020-10-28, 06:28:14, 23.72, 48.8
2020-10-28, 06:28:16, 23.64, 48.82
2020-10-28, 06:28:19, 23.62, 49.01
2020-10-28, 06:28:20, 23.66, 49.02
2020-10-28, 06:28:21, 23.67, 48.99
2020-10-28, 06:28:23, 23.68, 48.99
2020-10-28, 06:28:24, 23.7, 48.93
2020-10-28, 06:28:25, 23.7, 48.89
2020-10-28, 06:28:27, 23.69, 48.89
2020-10-28, 06:28:28, 23.7, 48.89
2020-10-28, 06:28:29, 23.7, 48.86
2020-10-28, 06:28:31, 23.72, 48.83
2020-10-28, 06:28:32, 23.72, 48.83
2020-10-28, 06:28:34, 23.72, 48.83
2020-10-28, 06:28:35, 23.71, 48.83
2020-10-28, 06:28:36, 23.72, 48.83
2020-10-28, 06:28:38, 23.72, 48.83
2020-10-28, 06:28:39, 23.72, 48.8
2020-10-28, 06:28:40, 23.7, 48.8
2020-10-28, 06:28:42, 23.7, 48.8
2020-10-28, 06:28:43, 23.72, 48.8
2020-10-28, 06:28:44, 23.73, 48.8
2020-10-28, 06:28:46, 23.72, 48.8
2020-10-28, 06:28:47, 23.71, 48.8
2020-10-28, 06:28:48, 23.7, 48.8
2020-10-28, 06:28:50, 23.72, 48.8
2020-10-28, 06:28:51, 23.72, 48.8
2020-10-28, 06:28:52, 23.71, 48.83
2020-10-28, 06:28:54, 23.7, 48.83
2020-10-28, 06:28:55, 23.72, 48.83
2020-10-28, 06:28:57, 23.72, 48.8
2020-10-28, 06:28:58, 23.72, 48.8
2020-10-28, 06:28:59, 23.72, 48.8
2020-10-28, 06:29:01, 23.72, 48.8
2020-10-28, 06:29:02, 23.72, 48.8
2020-10-28, 06:29:03, 23.72, 48.8
2020-10-28, 06:29:05, 23.72, 48.8
2020-10-28, 06:29:06, 23.71, 48.8
2020-10-28, 06:29:07, 23.72, 48.8
2020-10-28, 06:29:09, 23.7, 48.8
2020-10-28, 06:29:10, 23.71, 48.8
2020-10-28, 06:29:11, 23.73, 48.8
2020-10-28, 06:29:13, 23.72, 48.8
2020-10-28, 06:29:14, 23.72, 48.83
2020-10-28, 06:29:16, 23.72, 48.8
2020-10-28, 06:29:17, 23.73, 48.83
2020-10-28, 06:29:18, 23.72, 48.83
2020-10-28, 06:29:20, 23.72, 48.83
2020-10-28, 06:29:21, 23.72, 48.83
2020-10-28, 06:29:22, 23.72, 48.83
2020-10-28, 06:29:24, 23.72, 48.83
2020-10-28, 06:29:25, 23.71, 48.86
2020-10-28, 06:29:26, 23.72, 48.86
2020-10-28, 06:29:28, 23.71, 48.83
2020-10-28, 06:29:29, 23.71, 48.86
2020-10-28, 06:29:30, 23.7, 48.86
2020-10-28, 06:29:32, 23.69, 48.86
2020-10-28, 06:29:33, 23.71, 48.83
2020-10-28, 06:29:35, 23.73, 48.83
2020-10-28, 06:29:36, 23.73, 48.87
2020-10-28, 06:29:37, 23.71, 48.86
2020-10-28, 06:29:39, 23.73, 48.87
2020-10-28, 06:29:40, 23.74, 48.87
2020-10-28, 06:29:41, 23.72, 48.86
2020-10-28, 06:29:43, 23.74, 48.87
2020-10-28, 06:29:44, 23.72, 48.86
2020-10-28, 06:29:45, 23.74, 48.87
2020-10-28, 06:29:47, 23.74, 48.87
2020-10-28, 06:29:48, 23.73, 48.87
2020-10-28, 06:29:50, 23.75, 48.87
2020-10-28, 06:29:51, 23.74, 48.87
2020-10-28, 06:29:52, 23.75, 48.87
2020-10-28, 06:29:54, 23.73, 48.87
2020-10-28, 06:29:55, 23.73, 48.87
2020-10-28, 06:29:56, 23.73, 48.87
2020-10-28, 06:29:58, 23.74, 48.87
2020-10-28, 06:29:59, 23.74, 48.87
2020-10-28, 06:30:00, 23.73, 48.87
2020-10-28, 06:30:02, 23.72, 48.86
2020-10-28, 06:30:03, 23.72, 48.86
2020-10-28, 06:30:04, 23.72, 48.86
2020-10-28, 06:30:06, 23.74, 48.9
2020-10-28, 06:30:07, 23.74, 48.87
2020-10-28, 06:30:09, 23.72, 48.9
2020-10-28, 06:30:10, 23.7, 48.89
2020-10-28, 06:30:11, 23.71, 48.9
2020-10-28, 06:30:13, 23.71, 48.93
2020-10-28, 06:30:14, 23.71, 48.9
2020-10-28, 06:30:15, 23.72, 48.9
2020-10-28, 06:30:17, 23.72, 48.9
2020-10-28, 06:30:18, 23.72, 48.9
2020-10-28, 06:30:19, 23.72, 48.9
2020-10-28, 06:30:21, 23.71, 48.9
2020-10-28, 06:30:22, 23.72, 48.93
2020-10-28, 06:30:23, 23.74, 48.93
2020-10-28, 06:30:25, 23.73, 48.9
2020-10-28, 06:30:26, 23.74, 48.9
2020-10-28, 06:30:28, 23.74, 48.9
2020-10-28, 06:30:29, 23.75, 48.9
2020-10-28, 06:30:30, 23.74, 48.9
2020-10-28, 06:30:32, 23.74, 48.9
2020-10-28, 06:30:33, 23.74, 48.93
2020-10-28, 06:30:34, 23.73, 48.9
2020-10-28, 06:30:36, 23.74, 48.9
2020-10-28, 06:30:37, 23.74, 48.9
2020-10-28, 06:30:38, 23.74, 48.93
2020-10-28, 06:30:40, 23.73, 48.93
2020-10-28, 06:30:41, 23.75, 48.93
2020-10-28, 06:30:42, 23.74, 48.93
2020-10-28, 06:30:44, 23.74, 48.93
2020-10-28, 06:30:45, 23.74, 48.93
2020-10-28, 06:30:47, 23.75, 48.93
2020-10-28, 06:30:48, 23.74, 48.93
2020-10-28, 06:30:49, 23.74, 48.93
2020-10-28, 06:30:51, 23.74, 48.93
2020-10-28, 06:30:52, 23.74, 48.93
2020-10-28, 06:30:53, 23.74, 48.93
2020-10-28, 06:30:55, 23.74, 48.93
2020-10-28, 06:30:56, 23.75, 48.93
2020-10-28, 06:30:57, 23.74, 48.93
2020-10-28, 06:30:59, 23.75, 48.93
2020-10-28, 06:31:00, 23.74, 48.93
2020-10-28, 06:31:01, 23.74, 48.93
2020-10-28, 06:31:03, 23.74, 48.93
2020-10-28, 06:31:04, 23.74, 48.93
2020-10-28, 06:31:06, 23.74, 48.93
2020-10-28, 06:31:07, 23.74, 48.93
2020-10-28, 06:31:08, 23.74, 48.9
2020-10-28, 06:31:10, 23.75, 48.93
2020-10-28, 06:31:11, 23.74, 48.93
2020-10-28, 06:31:12, 23.76, 48.93
2020-10-28, 06:31:14, 23.75, 48.93
2020-10-28, 06:31:15, 23.75, 48.93
2020-10-28, 06:31:16, 23.75, 48.93
2020-10-28, 06:31:18, 23.75, 48.93
2020-10-28, 06:31:19, 23.74, 48.96
2020-10-28, 06:31:20, 23.74, 48.93
2020-10-28, 06:31:22, 23.74, 48.93
2020-10-28, 06:31:23, 23.75, 48.93
2020-10-28, 06:31:24, 23.76, 48.97
2020-10-28, 06:31:26, 23.74, 48.93
2020-10-28, 06:31:27, 23.75, 48.96
2020-10-28, 06:31:29, 23.75, 48.93
2020-10-28, 06:31:30, 23.75, 48.93
2020-10-28, 06:31:31, 23.74, 48.93
2020-10-28, 06:31:33, 23.75, 48.93
2020-10-28, 06:31:34, 23.75, 48.96
2020-10-28, 06:31:35, 23.74, 48.96
2020-10-28, 06:31:37, 23.74, 48.93
2020-10-28, 06:31:38, 23.74, 48.93
2020-10-28, 06:31:39, 23.74, 48.96
2020-10-28, 06:31:41, 23.74, 48.96
2020-10-28, 06:31:42, 23.75, 49.0
2020-10-28, 06:31:44, 23.76, 49.0
2020-10-28, 06:31:45, 23.76, 48.97
2020-10-28, 06:31:46, 23.76, 48.97
2020-10-28, 06:31:48, 23.75, 48.96
2020-10-28, 06:31:49, 23.76, 48.97
2020-10-28, 06:31:50, 23.76, 48.97
2020-10-28, 06:31:52, 23.76, 48.97
2020-10-28, 06:31:53, 23.76, 48.97
2020-10-28, 06:31:54, 23.75, 48.96
2020-10-28, 06:31:56, 23.76, 48.93
2020-10-28, 06:31:57, 23.76, 48.97
2020-10-28, 06:31:58, 23.76, 48.97
2020-10-28, 06:32:00, 23.76, 48.97
2020-10-28, 06:32:01, 23.76, 48.97
2020-10-28, 06:32:02, 23.76, 48.97
2020-10-28, 06:32:04, 23.76, 48.97
2020-10-28, 06:32:05, 23.76, 48.97
2020-10-28, 06:32:07, 23.76, 48.97
2020-10-28, 06:32:08, 23.74, 48.96
2020-10-28, 06:32:09, 23.75, 48.96
2020-10-28, 06:32:11, 23.74, 48.96
2020-10-28, 06:32:12, 23.75, 48.96
2020-10-28, 06:32:13, 23.76, 48.97
2020-10-28, 06:32:15, 23.76, 48.97
2020-10-28, 06:32:16, 23.75, 49.0
2020-10-28, 06:32:17, 23.75, 48.96
2020-10-28, 06:32:19, 23.76, 48.97
2020-10-28, 06:32:20, 23.77, 49.0
2020-10-28, 06:32:21, 23.76, 48.97
2020-10-28, 06:32:23, 23.76, 49.0
2020-10-28, 06:32:24, 23.74, 48.99
2020-10-28, 06:32:26, 23.75, 49.0
2020-10-28, 06:32:27, 23.75, 49.0
2020-10-28, 06:32:28, 23.76, 49.0
2020-10-28, 06:32:30, 23.76, 49.0
2020-10-28, 06:32:31, 23.76, 49.0
2020-10-28, 06:32:32, 23.75, 49.0
2020-10-28, 06:32:34, 23.74, 48.99
2020-10-28, 06:32:35, 23.76, 49.0
2020-10-28, 06:32:36, 23.75, 49.0
2020-10-28, 06:32:38, 23.75, 49.0
2020-10-28, 06:32:39, 23.76, 49.0
2020-10-28, 06:32:40, 23.76, 49.0
2020-10-28, 06:32:42, 23.75, 48.96
2020-10-28, 06:32:43, 23.74, 48.99
2020-10-28, 06:32:45, 23.74, 48.99
2020-10-28, 06:32:46, 23.74, 48.99
2020-10-28, 06:32:47, 23.74, 48.99
2020-10-28, 06:32:49, 23.75, 49.0
2020-10-28, 06:32:50, 23.74, 48.99
2020-10-28, 06:32:51, 23.75, 49.0
2020-10-28, 06:32:53, 23.75, 49.03
2020-10-28, 06:32:54, 23.76, 49.0
2020-10-28, 06:32:55, 23.75, 49.0
2020-10-28, 06:32:57, 23.76, 49.0
2020-10-28, 06:32:58, 23.76, 49.0
2020-10-28, 06:32:59, 23.76, 49.0
2020-10-28, 06:33:01, 23.76, 49.0
2020-10-28, 06:33:02, 23.77, 49.0
2020-10-28, 06:33:04, 23.77, 49.0
2020-10-28, 06:33:05, 23.76, 48.97
2020-10-28, 06:33:06, 23.76, 49.0
2020-10-28, 06:33:08, 23.75, 48.96
2020-10-28, 06:33:09, 23.76, 49.0
2020-10-28, 06:33:10, 23.79, 48.97
2020-10-28, 06:33:12, 23.77, 49.0
2020-10-28, 06:33:13, 23.78, 49.0
2020-10-28, 06:33:14, 23.78, 49.0
2020-10-28, 06:33:16, 23.76, 49.0
2020-10-28, 06:33:17, 23.75, 49.0
2020-10-28, 06:33:18, 23.79, 49.0
2020-10-28, 06:33:20, 23.77, 49.0
2020-10-28, 06:33:21, 23.77, 49.0
2020-10-28, 06:33:22, 23.76, 49.0
2020-10-28, 06:33:24, 23.74, 48.99
2020-10-28, 06:33:25, 23.75, 49.0
2020-10-28, 06:33:27, 23.74, 48.99
2020-10-28, 06:33:28, 23.75, 49.0
2020-10-28, 06:33:29, 23.76, 49.0
2020-10-28, 06:33:31, 23.77, 49.0
2020-10-28, 06:33:32, 23.77, 49.0
2020-10-28, 06:33:33, 23.76, 49.0
2020-10-28, 06:33:35, 23.76, 49.0
2020-10-28, 06:33:36, 23.76, 49.0
2020-10-28, 06:33:37, 23.76, 49.0
2020-10-28, 06:33:39, 23.77, 49.0
2020-10-28, 06:33:40, 23.76, 49.0
2020-10-28, 06:33:42, 23.76, 49.0
2020-10-28, 06:33:43, 23.76, 49.0
2020-10-28, 06:33:44, 23.76, 49.0
2020-10-28, 06:33:46, 23.76, 48.97
2020-10-28, 06:33:47, 23.76, 49.0
2020-10-28, 06:33:48, 23.77, 48.94
2020-10-28, 06:33:50, 23.77, 48.97
2020-10-28, 06:33:51, 23.77, 49.0
2020-10-28, 06:33:52, 23.76, 49.0
2020-10-28, 06:33:54, 23.77, 49.0
2020-10-28, 06:33:55, 23.76, 49.0
2020-10-28, 06:33:56, 23.76, 49.0
2020-10-28, 06:33:58, 23.78, 49.0
2020-10-28, 06:33:59, 23.78, 49.0
2020-10-28, 06:34:01, 23.77, 49.0
2020-10-28, 06:34:02, 23.76, 49.0
2020-10-28, 06:34:03, 23.77, 49.0
2020-10-28, 06:34:05, 23.78, 49.0
2020-10-28, 06:34:06, 23.78, 49.0
2020-10-28, 06:34:07, 23.79, 49.0
2020-10-28, 06:34:09, 23.77, 49.0
2020-10-28, 06:34:10, 23.77, 49.0
2020-10-28, 06:34:11, 23.77, 49.0
2020-10-28, 06:34:13, 23.76, 49.0
2020-10-28, 06:34:14, 23.76, 49.0
2020-10-28, 06:34:16, 23.76, 49.0
2020-10-28, 06:34:17, 23.78, 49.0
2020-10-28, 06:34:18, 23.77, 49.0
2020-10-28, 06:34:20, 23.77, 48.97
2020-10-28, 06:34:21, 23.78, 48.97
2020-10-28, 06:34:22, 23.78, 49.0
2020-10-28, 06:34:24, 23.79, 49.0
2020-10-28, 06:34:25, 23.77, 49.0
2020-10-28, 06:34:26, 23.77, 48.97
2020-10-28, 06:34:28, 23.77, 49.0
2020-10-28, 06:34:29, 23.76, 49.0
2020-10-28, 06:34:30, 23.76, 49.0
2020-10-28, 06:34:32, 23.78, 48.97
2020-10-28, 06:34:33, 23.76, 49.0
2020-10-28, 06:34:34, 23.75, 48.96
2020-10-28, 06:34:36, 23.78, 48.97
2020-10-28, 06:34:37, 23.77, 49.0
2020-10-28, 06:34:39, 23.78, 48.94
2020-10-28, 06:34:40, 23.78, 49.0
2020-10-28, 06:34:41, 23.77, 49.0
2020-10-28, 06:34:43, 23.77, 48.97
2020-10-28, 06:34:44, 23.77, 48.97
2020-10-28, 06:34:45, 23.77, 48.94
2020-10-28, 06:34:47, 23.77, 48.97
2020-10-28, 06:34:48, 23.78, 48.94
2020-10-28, 06:34:49, 23.79, 48.97
2020-10-28, 06:34:51, 23.79, 48.94
2020-10-28, 06:34:52, 23.79, 48.94
2020-10-28, 06:34:53, 23.78, 48.94
2020-10-28, 06:34:55, 23.78, 48.97
2020-10-28, 06:34:56, 23.78, 48.94
2020-10-28, 06:34:58, 23.78, 48.94
2020-10-28, 06:34:59, 23.78, 48.97
2020-10-28, 06:35:00, 23.79, 48.94
2020-10-28, 06:35:02, 23.79, 48.94
2020-10-28, 06:35:03, 23.78, 48.94
2020-10-28, 06:35:04, 23.8, 48.94
2020-10-28, 06:35:06, 23.79, 48.94
2020-10-28, 06:35:07, 23.79, 48.94
2020-10-28, 06:35:08, 23.78, 48.94
2020-10-28, 06:35:10, 23.79, 48.97
2020-10-28, 06:35:11, 23.8, 48.97
2020-10-28, 06:35:12, 23.78, 48.97
2020-10-28, 06:35:14, 23.79, 48.97
2020-10-28, 06:35:15, 23.78, 48.94
2020-10-28, 06:35:17, 23.78, 48.94
2020-10-28, 06:35:18, 23.78, 48.97
2020-10-28, 06:35:19, 23.79, 48.94
2020-10-28, 06:35:21, 23.79, 48.97
2020-10-28, 06:35:22, 23.79, 48.97
2020-10-28, 06:35:23, 23.78, 48.94
2020-10-28, 06:35:25, 23.78, 48.97
2020-10-28, 06:35:26, 23.79, 48.97
2020-10-28, 06:35:27, 23.79, 48.94
2020-10-28, 06:35:29, 23.77, 48.94
2020-10-28, 06:35:30, 23.78, 48.97
2020-10-28, 06:35:32, 23.79, 48.97
2020-10-28, 06:35:33, 23.78, 48.97
2020-10-28, 06:35:34, 23.77, 48.94
2020-10-28, 06:35:36, 23.77, 48.94
2020-10-28, 06:35:37, 23.78, 48.94
2020-10-28, 06:35:38, 23.78, 48.94
2020-10-28, 06:35:40, 23.79, 48.94
2020-10-28, 06:35:41, 23.8, 48.94
2020-10-28, 06:35:42, 23.79, 48.94
2020-10-28, 06:35:44, 23.77, 48.94
2020-10-28, 06:35:45, 23.78, 48.94
2020-10-28, 06:35:47, 23.79, 48.94
2020-10-28, 06:35:48, 23.78, 48.94
2020-10-28, 06:35:49, 23.78, 48.94
2020-10-28, 06:35:51, 23.78, 48.94
2020-10-28, 06:35:52, 23.79, 48.94
2020-10-28, 06:35:53, 23.78, 48.94
2020-10-28, 06:35:55, 23.79, 48.94
2020-10-28, 06:35:56, 23.79, 48.94
2020-10-28, 06:35:57, 23.8, 48.91
2020-10-28, 06:35:59, 23.78, 48.94
2020-10-28, 06:36:00, 23.78, 48.94
2020-10-28, 06:36:01, 23.78, 48.94
2020-10-28, 06:36:03, 23.79, 48.94
2020-10-28, 06:36:04, 23.78, 48.94
2020-10-28, 06:36:05, 23.79, 48.94
2020-10-28, 06:36:07, 23.78, 48.94
2020-10-28, 06:36:08, 23.8, 48.94
2020-10-28, 06:36:10, 23.74, 48.93
2020-10-28, 06:36:11, 23.79, 48.94
2020-10-28, 06:36:12, 23.78, 48.94
2020-10-28, 06:36:14, 23.78, 48.94
2020-10-28, 06:36:15, 23.78, 48.94
2020-10-28, 06:36:16, 23.79, 48.94
2020-10-28, 06:36:18, 23.8, 48.94
2020-10-28, 06:36:19, 23.8, 48.94
2020-10-28, 06:36:21, 23.79, 48.94
2020-10-28, 06:36:22, 23.79, 48.94
2020-10-28, 06:36:23, 23.78, 48.9
2020-10-28, 06:36:25, 23.79, 48.94
2020-10-28, 06:36:26, 23.79, 48.94
2020-10-28, 06:36:27, 23.78, 48.94
2020-10-28, 06:36:29, 23.78, 48.9
2020-10-28, 06:36:30, 23.78, 48.9
2020-10-28, 06:36:31, 23.77, 48.9
2020-10-28, 06:36:33, 23.78, 48.9
2020-10-28, 06:36:34, 23.78, 48.9
2020-10-28, 06:36:35, 23.8, 48.91
2020-10-28, 06:36:37, 23.77, 48.9
2020-10-28, 06:36:38, 23.79, 48.91
2020-10-28, 06:36:39, 23.79, 48.91
2020-10-28, 06:36:41, 23.78, 48.9
2020-10-28, 06:36:42, 23.78, 48.9
2020-10-28, 06:36:44, 23.77, 48.94
2020-10-28, 06:36:45, 23.78, 48.9
2020-10-28, 06:36:46, 23.77, 48.9
2020-10-28, 06:36:48, 23.77, 48.9
2020-10-28, 06:36:49, 23.76, 48.93
2020-10-28, 06:36:50, 23.78, 48.9
2020-10-28, 06:36:52, 23.78, 48.94
2020-10-28, 06:36:53, 23.78, 48.94
2020-10-28, 06:36:54, 23.78, 48.94
2020-10-28, 06:36:56, 23.77, 48.94
2020-10-28, 06:36:57, 23.78, 48.94
2020-10-28, 06:36:58, 23.77, 48.94
2020-10-28, 06:37:00, 23.77, 48.94
2020-10-28, 06:37:01, 23.78, 48.94
2020-10-28, 06:37:03, 23.78, 48.94
2020-10-28, 06:37:04, 23.78, 48.94
2020-10-28, 06:37:05, 23.76, 48.93
2020-10-28, 06:37:07, 23.75, 48.93
2020-10-28, 06:37:08, 23.75, 48.93
2020-10-28, 06:37:09, 23.75, 48.93
2020-10-28, 06:37:11, 23.75, 48.93
2020-10-28, 06:37:12, 23.75, 48.96
2020-10-28, 06:37:13, 23.74, 48.96
2020-10-28, 06:37:15, 23.76, 48.93
2020-10-28, 06:37:16, 23.75, 48.96
2020-10-28, 06:37:17, 23.76, 49.0
2020-10-28, 06:37:19, 23.75, 48.93
2020-10-28, 06:37:20, 23.75, 48.96
2020-10-28, 06:37:22, 23.74, 48.96
2020-10-28, 06:37:23, 23.76, 48.93
2020-10-28, 06:37:24, 23.76, 48.97
2020-10-28, 06:37:26, 23.76, 48.93
2020-10-28, 06:37:27, 23.76, 48.97
2020-10-28, 06:37:28, 23.75, 48.96
2020-10-28, 06:37:30, 23.74, 48.93
2020-10-28, 06:37:31, 23.74, 48.93
2020-10-28, 06:37:32, 23.74, 48.96
2020-10-28, 06:37:34, 23.75, 48.96
2020-10-28, 06:37:35, 23.76, 48.97
2020-10-28, 06:37:36, 23.75, 48.96
2020-10-28, 06:37:38, 23.75, 48.93
2020-10-28, 06:37:39, 23.75, 48.96
2020-10-28, 06:37:41, 23.76, 48.97
2020-10-28, 06:37:42, 23.76, 48.93
2020-10-28, 06:37:43, 23.74, 48.96
2020-10-28, 06:37:45, 23.75, 48.96
2020-10-28, 06:37:46, 23.75, 48.96
2020-10-28, 06:37:47, 23.75, 49.0
2020-10-28, 06:37:49, 23.74, 48.99
2020-10-28, 06:37:50, 23.75, 49.0
2020-10-28, 06:37:51, 23.74, 48.99
2020-10-28, 06:37:53, 23.74, 48.99
2020-10-28, 06:37:54, 23.74, 48.99
2020-10-28, 06:37:55, 23.74, 48.99
2020-10-28, 06:37:57, 23.74, 48.99
2020-10-28, 06:37:58, 23.75, 48.96
2020-10-28, 06:37:59, 23.74, 48.99
2020-10-28, 06:38:01, 23.75, 49.0
2020-10-28, 06:38:02, 23.75, 49.0
2020-10-28, 06:38:04, 23.74, 48.96
2020-10-28, 06:38:05, 23.74, 48.99
2020-10-28, 06:38:06, 23.73, 48.96
2020-10-28, 06:38:08, 23.73, 48.96
2020-10-28, 06:38:09, 23.73, 48.96
2020-10-28, 06:38:10, 23.73, 48.96
2020-10-28, 06:38:12, 23.72, 48.93
2020-10-28, 06:38:13, 23.73, 48.96
2020-10-28, 06:38:14, 23.73, 48.93
2020-10-28, 06:38:16, 23.72, 48.96
2020-10-28, 06:38:17, 23.73, 48.96
2020-10-28, 06:38:18, 23.73, 48.99
2020-10-28, 06:38:20, 23.74, 48.99
2020-10-28, 06:38:21, 23.74, 48.99
2020-10-28, 06:38:23, 23.74, 48.99
2020-10-28, 06:38:24, 23.74, 48.99
2020-10-28, 06:38:25, 23.74, 48.99
2020-10-28, 06:38:27, 23.73, 48.99
2020-10-28, 06:38:28, 23.75, 49.0
2020-10-28, 06:38:29, 23.74, 48.99
2020-10-28, 06:38:31, 23.72, 48.99
2020-10-28, 06:38:32, 23.73, 48.99
2020-10-28, 06:38:33, 23.73, 48.99
2020-10-28, 06:38:35, 23.74, 48.99
2020-10-28, 06:38:36, 23.74, 48.99
2020-10-28, 06:38:37, 23.74, 48.99
2020-10-28, 06:38:39, 23.74, 48.99
2020-10-28, 06:38:40, 23.73, 48.96
2020-10-28, 06:38:42, 23.74, 48.99
2020-10-28, 06:38:43, 23.74, 48.96
2020-10-28, 06:38:44, 23.74, 48.96
2020-10-28, 06:38:46, 23.76, 48.97
2020-10-28, 06:38:47, 23.74, 48.96
2020-10-28, 06:38:48, 23.74, 48.99
2020-10-28, 06:38:50, 23.74, 48.99
2020-10-28, 06:38:51, 23.74, 48.96
2020-10-28, 06:38:52, 23.74, 48.99
2020-10-28, 06:38:54, 23.72, 48.96
2020-10-28, 06:38:55, 23.74, 48.96
2020-10-28, 06:38:56, 23.73, 48.96
2020-10-28, 06:38:58, 23.73, 48.99
2020-10-28, 06:38:59, 23.74, 48.99
2020-10-28, 06:39:01, 23.75, 49.0
2020-10-28, 06:39:02, 23.71, 48.99
2020-10-28, 06:39:03, 23.74, 48.99
2020-10-28, 06:39:05, 23.74, 48.99
2020-10-28, 06:39:06, 23.73, 48.96
2020-10-28, 06:39:07, 23.73, 48.99
2020-10-28, 06:39:09, 23.73, 48.99
2020-10-28, 06:39:10, 23.73, 48.96
2020-10-28, 06:39:11, 23.72, 48.99
2020-10-28, 06:39:13, 23.72, 48.99
2020-10-28, 06:39:14, 23.72, 48.99
2020-10-28, 06:39:15, 23.72, 48.99
2020-10-28, 06:39:17, 23.73, 48.96
2020-10-28, 06:39:18, 23.72, 48.99
2020-10-28, 06:39:20, 23.72, 48.99
2020-10-28, 06:39:21, 23.7, 48.99
2020-10-28, 06:39:22, 23.7, 48.99
2020-10-28, 06:39:24, 23.71, 48.99
2020-10-28, 06:39:25, 23.72, 48.99
2020-10-28, 06:39:26, 23.71, 48.99
2020-10-28, 06:39:28, 23.7, 48.99
2020-10-28, 06:39:29, 23.7, 48.99
2020-10-28, 06:39:30, 23.7, 48.99
2020-10-28, 06:39:32, 23.69, 48.99
2020-10-28, 06:39:33, 23.7, 48.99
2020-10-28, 06:39:34, 23.7, 48.99
2020-10-28, 06:39:36, 23.7, 48.99
2020-10-28, 06:39:37, 23.7, 49.02
2020-10-28, 06:39:39, 23.7, 49.02
2020-10-28, 06:39:40, 23.68, 48.99
2020-10-28, 06:39:41, 23.69, 48.99
2020-10-28, 06:39:43, 23.7, 49.02
2020-10-28, 06:39:44, 23.69, 48.99
2020-10-28, 06:39:45, 23.69, 48.99
2020-10-28, 06:39:47, 23.7, 49.02
2020-10-28, 06:39:48, 23.68, 48.99
2020-10-28, 06:39:49, 23.68, 49.02
2020-10-28, 06:39:51, 23.7, 48.99
2020-10-28, 06:39:52, 23.69, 48.99
2020-10-28, 06:39:53, 23.69, 49.02
2020-10-28, 06:39:55, 23.69, 48.99
2020-10-28, 06:39:56, 23.7, 49.02
2020-10-28, 06:39:57, 23.69, 49.02
2020-10-28, 06:39:59, 23.69, 48.99
2020-10-28, 06:40:00, 23.69, 49.02
2020-10-28, 06:40:02, 23.69, 48.99
2020-10-28, 06:40:03, 23.71, 49.02
2020-10-28, 06:40:04, 23.68, 49.02
2020-10-28, 06:40:06, 23.69, 48.99
2020-10-28, 06:40:07, 23.69, 49.02
2020-10-28, 06:40:08, 23.69, 49.02
2020-10-28, 06:40:10, 23.68, 49.02
2020-10-28, 06:40:11, 23.68, 49.02
2020-10-28, 06:40:12, 23.67, 49.02
2020-10-28, 06:40:14, 23.68, 49.02
2020-10-28, 06:40:15, 23.69, 49.02
2020-10-28, 06:40:17, 23.69, 49.02
2020-10-28, 06:40:18, 23.68, 49.02
2020-10-28, 06:40:19, 23.67, 49.02
2020-10-28, 06:40:21, 23.66, 49.05
2020-10-28, 06:40:22, 23.68, 49.05
2020-10-28, 06:40:23, 23.68, 49.05
2020-10-28, 06:40:25, 23.68, 49.05
2020-10-28, 06:40:26, 23.68, 49.05
2020-10-28, 06:40:27, 23.68, 49.02
2020-10-28, 06:40:29, 23.68, 49.02
2020-10-28, 06:40:30, 23.68, 49.05
2020-10-28, 06:40:31, 23.68, 49.05
2020-10-28, 06:40:33, 23.68, 49.05
2020-10-28, 06:40:34, 23.66, 49.05
2020-10-28, 06:40:36, 23.66, 49.05
2020-10-28, 06:40:37, 23.66, 49.05
2020-10-28, 06:40:38, 23.66, 49.05
2020-10-28, 06:40:40, 23.65, 49.05
2020-10-28, 06:40:41, 23.65, 49.05
2020-10-28, 06:40:42, 23.66, 49.05
2020-10-28, 06:40:44, 23.65, 49.05
2020-10-28, 06:40:45, 23.65, 49.05
2020-10-28, 06:40:46, 23.65, 49.05
2020-10-28, 06:40:48, 23.64, 49.05
2020-10-28, 06:40:49, 23.65, 49.05
2020-10-28, 06:40:50, 23.65, 49.05
2020-10-28, 06:40:52, 23.63, 49.08
2020-10-28, 06:40:53, 23.65, 49.08
2020-10-28, 06:40:55, 23.64, 49.08
2020-10-28, 06:40:56, 23.66, 49.05
2020-10-28, 06:40:57, 23.64, 49.05
2020-10-28, 06:40:59, 23.64, 49.05
2020-10-28, 06:41:00, 23.65, 49.05
2020-10-28, 06:41:01, 23.64, 49.08
2020-10-28, 06:41:03, 23.65, 49.05
2020-10-28, 06:41:04, 23.65, 49.05
2020-10-28, 06:41:05, 23.66, 49.05
2020-10-28, 06:41:07, 23.65, 49.08
2020-10-28, 06:41:08, 23.64, 49.05
2020-10-28, 06:41:09, 23.65, 49.05
2020-10-28, 06:41:11, 23.66, 49.05
2020-10-28, 06:41:12, 23.66, 49.08
2020-10-28, 06:41:13, 23.65, 49.05
2020-10-28, 06:41:15, 23.66, 49.05
2020-10-28, 06:41:16, 23.65, 49.05
2020-10-28, 06:41:18, 23.64, 49.05
2020-10-28, 06:41:19, 23.64, 49.08
2020-10-28, 06:41:20, 23.65, 49.05
2020-10-28, 06:41:22, 23.65, 49.05
2020-10-28, 06:41:23, 23.65, 49.05
2020-10-28, 06:41:24, 23.64, 49.05
2020-10-28, 06:41:26, 23.64, 49.08
2020-10-28, 06:41:27, 23.66, 49.05
2020-10-28, 06:41:28, 23.65, 49.05
2020-10-28, 06:41:30, 23.66, 49.05
2020-10-28, 06:41:31, 23.65, 49.05
2020-10-28, 06:41:32, 23.65, 49.05
2020-10-28, 06:41:34, 23.65, 49.08
2020-10-28, 06:41:35, 23.65, 49.05
2020-10-28, 06:41:37, 23.64, 49.05
2020-10-28, 06:41:38, 23.64, 49.05
2020-10-28, 06:41:39, 23.66, 49.05
2020-10-28, 06:41:41, 23.64, 49.05
2020-10-28, 06:41:42, 23.65, 49.08
2020-10-28, 06:41:43, 23.65, 49.05
2020-10-28, 06:41:45, 23.65, 49.05
2020-10-28, 06:41:46, 23.66, 49.05
2020-10-28, 06:41:47, 23.64, 49.05
2020-10-28, 06:41:49, 23.67, 49.08
2020-10-28, 06:41:50, 23.66, 49.05
2020-10-28, 06:41:51, 23.66, 49.05
2020-10-28, 06:41:53, 23.66, 49.05
2020-10-28, 06:41:54, 23.66, 49.05
2020-10-28, 06:41:55, 23.67, 49.05
2020-10-28, 06:41:57, 23.66, 49.05
2020-10-28, 06:41:58, 23.66, 49.05
2020-10-28, 06:42:00, 23.65, 49.05
2020-10-28, 06:42:01, 23.64, 49.05
2020-10-28, 06:42:02, 23.66, 49.05
2020-10-28, 06:42:04, 23.66, 49.05
2020-10-28, 06:42:05, 23.66, 49.05
2020-10-28, 06:42:06, 23.67, 49.05
2020-10-28, 06:42:08, 23.66, 49.05
2020-10-28, 06:42:09, 23.67, 49.05
2020-10-28, 06:42:10, 23.64, 49.05
2020-10-28, 06:42:12, 23.65, 49.05
2020-10-28, 06:42:13, 23.64, 49.05
2020-10-28, 06:42:14, 23.66, 49.05
2020-10-28, 06:42:16, 23.65, 49.05
2020-10-28, 06:42:17, 23.66, 49.05
2020-10-28, 06:42:18, 23.66, 49.05
2020-10-28, 06:42:20, 23.66, 49.05
2020-10-28, 06:42:21, 23.66, 49.08
2020-10-28, 06:42:23, 23.66, 49.05
2020-10-28, 06:42:24, 23.65, 49.05
2020-10-28, 06:42:25, 23.66, 49.05
2020-10-28, 06:42:27, 23.64, 49.05
2020-10-28, 06:42:28, 23.65, 49.05
2020-10-28, 06:42:29, 23.64, 49.05
2020-10-28, 06:42:31, 23.65, 49.05
2020-10-28, 06:42:32, 23.66, 49.02
2020-10-28, 06:42:33, 23.66, 49.05
2020-10-28, 06:42:35, 23.64, 49.05
2020-10-28, 06:42:36, 23.64, 49.05
2020-10-28, 06:42:37, 23.65, 49.05
2020-10-28, 06:42:39, 23.66, 49.05
2020-10-28, 06:42:40, 23.66, 49.05
2020-10-28, 06:42:42, 23.65, 49.05
2020-10-28, 06:42:43, 23.65, 49.05
2020-10-28, 06:42:44, 23.64, 49.05
2020-10-28, 06:42:46, 23.66, 49.05
2020-10-28, 06:42:47, 23.66, 49.05
2020-10-28, 06:42:48, 23.64, 49.05
2020-10-28, 06:42:50, 23.66, 49.05
2020-10-28, 06:42:51, 23.63, 49.04
2020-10-28, 06:42:52, 23.64, 49.05
2020-10-28, 06:42:54, 23.65, 49.05
2020-10-28, 06:42:55, 23.66, 49.05
2020-10-28, 06:42:56, 23.64, 49.05
2020-10-28, 06:42:58, 23.65, 49.05
2020-10-28, 06:42:59, 23.65, 49.05
2020-10-28, 06:43:01, 23.65, 49.05
2020-10-28, 06:43:02, 23.65, 49.05
2020-10-28, 06:43:03, 23.65, 49.05
2020-10-28, 06:43:05, 23.66, 49.05
2020-10-28, 06:43:06, 23.66, 49.05
2020-10-28, 06:43:07, 23.64, 49.05
2020-10-28, 06:43:09, 23.62, 49.04
2020-10-28, 06:43:10, 23.64, 49.05
2020-10-28, 06:43:11, 23.65, 49.05
2020-10-28, 06:43:13, 23.64, 49.05
2020-10-28, 06:43:14, 23.64, 49.05
2020-10-28, 06:43:15, 23.64, 49.01
2020-10-28, 06:43:17, 23.63, 49.04
2020-10-28, 06:43:18, 23.61, 49.04
2020-10-28, 06:43:20, 23.61, 49.04
2020-10-28, 06:43:21, 23.62, 49.04
2020-10-28, 06:43:22, 23.62, 49.04
2020-10-28, 06:43:24, 23.61, 49.07
2020-10-28, 06:43:25, 23.62, 49.04
2020-10-28, 06:43:26, 23.62, 49.04
2020-10-28, 06:43:28, 23.62, 49.04
2020-10-28, 06:43:29, 23.62, 49.04
2020-10-28, 06:43:30, 23.63, 49.04
2020-10-28, 06:43:32, 23.63, 49.04
2020-10-28, 06:43:33, 23.62, 49.04
2020-10-28, 06:43:35, 23.62, 49.04
2020-10-28, 06:43:36, 23.63, 49.04
2020-10-28, 06:43:37, 23.63, 49.04
2020-10-28, 06:43:39, 23.64, 49.05
2020-10-28, 06:43:40, 23.63, 49.04
2020-10-28, 06:43:41, 23.64, 49.01
2020-10-28, 06:43:43, 23.63, 49.04
2020-10-28, 06:43:44, 23.62, 49.01
2020-10-28, 06:43:45, 23.62, 49.01
2020-10-28, 06:43:47, 23.62, 49.01
2020-10-28, 06:43:48, 23.63, 49.04
2020-10-28, 06:43:49, 23.62, 49.04
2020-10-28, 06:43:51, 23.62, 49.04
2020-10-28, 06:43:52, 23.64, 49.05
2020-10-28, 06:43:54, 23.65, 49.05
2020-10-28, 06:43:55, 23.64, 49.01
2020-10-28, 06:43:56, 23.64, 49.05
2020-10-28, 06:43:58, 23.63, 49.04
2020-10-28, 06:43:59, 23.64, 49.05
2020-10-28, 06:44:01, 23.64, 49.05
2020-10-28, 06:44:02, 23.63, 49.04
2020-10-28, 06:44:03, 23.64, 49.05
2020-10-28, 06:44:05, 23.65, 49.05
2020-10-28, 06:44:06, 23.65, 49.05
2020-10-28, 06:44:07, 23.63, 49.01
2020-10-28, 06:44:09, 23.64, 49.05
2020-10-28, 06:44:10, 23.64, 49.05
2020-10-28, 06:44:11, 23.64, 49.01
2020-10-28, 06:44:13, 23.64, 49.01
2020-10-28, 06:44:14, 23.64, 49.05
2020-10-28, 06:44:15, 23.64, 49.01
2020-10-28, 06:44:17, 23.64, 49.01
2020-10-28, 06:44:18, 23.65, 49.02
2020-10-28, 06:44:20, 23.64, 48.98
2020-10-28, 06:44:21, 23.64, 48.98
2020-10-28, 06:44:22, 23.64, 48.98
2020-10-28, 06:44:24, 23.64, 48.98
2020-10-28, 06:44:25, 23.65, 48.98
2020-10-28, 06:44:26, 23.64, 48.98
2020-10-28, 06:44:28, 23.66, 48.98
2020-10-28, 06:44:29, 23.65, 48.98
2020-10-28, 06:44:30, 23.65, 48.98
2020-10-28, 06:44:32, 23.65, 48.98
2020-10-28, 06:44:33, 23.66, 48.98
2020-10-28, 06:44:34, 23.62, 48.98
2020-10-28, 06:44:36, 23.65, 48.98
2020-10-28, 06:44:37, 23.64, 48.98
2020-10-28, 06:44:39, 23.65, 49.02
2020-10-28, 06:44:40, 23.63, 48.98
2020-10-28, 06:44:41, 23.66, 49.02
2020-10-28, 06:44:43, 23.65, 49.02
2020-10-28, 06:44:44, 23.65, 49.02
2020-10-28, 06:44:45, 23.65, 48.98
2020-10-28, 06:44:47, 23.64, 48.98
2020-10-28, 06:44:48, 23.65, 48.98
2020-10-28, 06:44:49, 23.65, 48.98
2020-10-28, 06:44:51, 23.65, 49.02
2020-10-28, 06:44:52, 23.65, 48.98
2020-10-28, 06:44:53, 23.66, 48.98
2020-10-28, 06:44:55, 23.64, 48.98
2020-10-28, 06:44:56, 23.64, 48.98
2020-10-28, 06:44:58, 23.64, 48.98
2020-10-28, 06:44:59, 23.65, 48.98
2020-10-28, 06:45:00, 23.64, 48.98
2020-10-28, 06:45:02, 23.65, 48.98
2020-10-28, 06:45:03, 23.64, 48.98
2020-10-28, 06:45:04, 23.65, 48.98
2020-10-28, 06:45:06, 23.65, 48.98
2020-10-28, 06:45:07, 23.65, 48.98
2020-10-28, 06:45:08, 23.64, 48.98
2020-10-28, 06:45:10, 23.64, 48.98
2020-10-28, 06:45:11, 23.64, 48.98
2020-10-28, 06:45:13, 23.62, 49.01
2020-10-28, 06:45:14, 23.65, 48.98
2020-10-28, 06:45:15, 23.65, 49.02
2020-10-28, 06:45:17, 23.65, 48.98
2020-10-28, 06:45:18, 23.64, 48.98
2020-10-28, 06:45:19, 23.64, 48.98
2020-10-28, 06:45:21, 23.63, 49.01
2020-10-28, 06:45:22, 23.63, 49.01
2020-10-28, 06:45:23, 23.64, 49.01
2020-10-28, 06:45:25, 23.64, 49.01
2020-10-28, 06:45:26, 23.64, 49.01
2020-10-28, 06:45:27, 23.64, 49.01
2020-10-28, 06:45:29, 23.63, 49.01
2020-10-28, 06:45:30, 23.64, 49.01
2020-10-28, 06:45:31, 23.63, 49.01
2020-10-28, 06:45:33, 23.63, 48.98
2020-10-28, 06:45:34, 23.63, 48.98
2020-10-28, 06:45:36, 23.61, 49.01
2020-10-28, 06:45:37, 23.64, 48.98
2020-10-28, 06:45:38, 23.64, 49.01
2020-10-28, 06:45:40, 23.64, 49.01
2020-10-28, 06:45:41, 23.63, 48.98
2020-10-28, 06:45:42, 23.64, 49.01
2020-10-28, 06:45:44, 23.65, 49.02
2020-10-28, 06:45:45, 23.64, 49.01
2020-10-28, 06:45:46, 23.66, 49.02
2020-10-28, 06:45:48, 23.64, 49.01
2020-10-28, 06:45:49, 23.65, 48.98
2020-10-28, 06:45:50, 23.62, 49.01
2020-10-28, 06:45:52, 23.65, 48.98
2020-10-28, 06:45:53, 23.65, 49.02
2020-10-28, 06:45:55, 23.64, 49.01
2020-10-28, 06:45:56, 23.64, 48.98
2020-10-28, 06:45:57, 23.64, 49.01
2020-10-28, 06:45:59, 23.64, 49.01
2020-10-28, 06:46:00, 23.65, 49.02
2020-10-28, 06:46:01, 23.64, 49.01
2020-10-28, 06:46:03, 23.63, 48.98
2020-10-28, 06:46:04, 23.64, 48.98
2020-10-28, 06:46:05, 23.63, 48.98
2020-10-28, 06:46:07, 23.65, 48.98
2020-10-28, 06:46:08, 23.63, 48.98
2020-10-28, 06:46:09, 23.63, 49.01
2020-10-28, 06:46:11, 23.64, 48.98
2020-10-28, 06:46:12, 23.64, 48.98
2020-10-28, 06:46:14, 23.63, 48.98
2020-10-28, 06:46:15, 23.62, 48.98
2020-10-28, 06:46:16, 23.64, 48.98
2020-10-28, 06:46:18, 23.62, 48.98
2020-10-28, 06:46:19, 23.62, 48.98
2020-10-28, 06:46:20, 23.63, 48.98
2020-10-28, 06:46:22, 23.63, 48.98
2020-10-28, 06:46:23, 23.61, 48.98
2020-10-28, 06:46:24, 23.61, 49.01
2020-10-28, 06:46:26, 23.62, 48.98
2020-10-28, 06:46:27, 23.62, 49.01
2020-10-28, 06:46:29, 23.6, 48.98
2020-10-28, 06:46:30, 23.62, 48.98
2020-10-28, 06:46:31, 23.62, 49.01
2020-10-28, 06:46:33, 23.62, 49.01
2020-10-28, 06:46:34, 23.62, 48.98
2020-10-28, 06:46:35, 23.62, 49.01
2020-10-28, 06:46:37, 23.6, 48.98
2020-10-28, 06:46:38, 23.61, 48.98
2020-10-28, 06:46:39, 23.6, 48.98
2020-10-28, 06:46:41, 23.62, 48.98
2020-10-28, 06:46:42, 23.62, 48.98
2020-10-28, 06:46:43, 23.62, 49.01
2020-10-28, 06:46:45, 23.61, 49.01
2020-10-28, 06:46:46, 23.62, 49.01
2020-10-28, 06:46:48, 23.62, 49.01
2020-10-28, 06:46:49, 23.62, 48.98
2020-10-28, 06:46:50, 23.61, 48.98
2020-10-28, 06:46:52, 23.62, 49.01
2020-10-28, 06:46:53, 23.6, 48.98
2020-10-28, 06:46:54, 23.6, 48.98
2020-10-28, 06:46:56, 23.6, 48.98
2020-10-28, 06:46:57, 23.62, 48.98
2020-10-28, 06:46:58, 23.6, 48.98
2020-10-28, 06:47:00, 23.61, 49.01
2020-10-28, 06:47:01, 23.62, 48.98
2020-10-28, 06:47:03, 23.61, 49.01
2020-10-28, 06:47:04, 23.62, 49.01
2020-10-28, 06:47:05, 23.62, 49.01
2020-10-28, 06:47:07, 23.62, 49.01
2020-10-28, 06:47:08, 23.61, 49.01
2020-10-28, 06:47:09, 23.62, 48.98
2020-10-28, 06:47:11, 23.61, 49.01
2020-10-28, 06:47:12, 23.62, 49.01
2020-10-28, 06:47:13, 23.61, 49.01
2020-10-28, 06:47:15, 23.62, 49.01
2020-10-28, 06:47:16, 23.61, 49.01
2020-10-28, 06:47:17, 23.6, 49.01
2020-10-28, 06:47:19, 23.61, 49.01
2020-10-28, 06:47:20, 23.6, 49.01
2020-10-28, 06:47:22, 23.61, 49.01
2020-10-28, 06:47:23, 23.6, 48.98
2020-10-28, 06:47:24, 23.62, 48.98
2020-10-28, 06:47:26, 23.61, 49.01
2020-10-28, 06:47:27, 23.61, 49.01
2020-10-28, 06:47:28, 23.62, 49.01
2020-10-28, 06:47:30, 23.61, 49.01
2020-10-28, 06:47:31, 23.62, 49.01
2020-10-28, 06:47:32, 23.61, 49.01
2020-10-28, 06:47:34, 23.61, 49.01
2020-10-28, 06:47:35, 23.6, 49.01
2020-10-28, 06:47:36, 23.6, 49.01
2020-10-28, 06:47:38, 23.6, 49.01
2020-10-28, 06:47:39, 23.59, 49.01
2020-10-28, 06:47:40, 23.61, 49.04
2020-10-28, 06:47:42, 23.61, 49.04
2020-10-28, 06:47:43, 23.6, 49.01
2020-10-28, 06:47:45, 23.58, 49.04
2020-10-28, 06:47:46, 23.6, 49.04
2020-10-28, 06:47:47, 23.6, 49.04
2020-10-28, 06:47:49, 23.6, 49.04
2020-10-28, 06:47:50, 23.61, 49.04
2020-10-28, 06:47:51, 23.61, 49.04
2020-10-28, 06:47:53, 23.61, 49.04
2020-10-28, 06:47:54, 23.6, 49.04
2020-10-28, 06:47:55, 23.59, 49.04
2020-10-28, 06:47:57, 23.6, 49.04
2020-10-28, 06:47:58, 23.59, 49.04
2020-10-28, 06:48:00, 23.6, 49.04
2020-10-28, 06:48:01, 23.62, 49.04
2020-10-28, 06:48:02, 23.6, 49.04
2020-10-28, 06:48:04, 23.6, 49.04
2020-10-28, 06:48:05, 23.61, 49.04
2020-10-28, 06:48:06, 23.6, 49.04
2020-10-28, 06:48:08, 23.6, 49.01
2020-10-28, 06:48:09, 23.6, 49.04
2020-10-28, 06:48:10, 23.6, 49.04
2020-10-28, 06:48:12, 23.6, 49.01
2020-10-28, 06:48:13, 23.6, 49.04
2020-10-28, 06:48:14, 23.6, 49.04
2020-10-28, 06:48:16, 23.61, 49.04
2020-10-28, 06:48:17, 23.6, 49.04
2020-10-28, 06:48:18, 23.6, 49.04
2020-10-28, 06:48:20, 23.6, 49.04
2020-10-28, 06:48:21, 23.6, 49.04
2020-10-28, 06:48:23, 23.58, 49.04
2020-10-28, 06:48:24, 23.59, 49.04
2020-10-28, 06:48:25, 23.59, 49.04
2020-10-28, 06:48:27, 23.59, 49.04
2020-10-28, 06:48:28, 23.6, 49.07
2020-10-28, 06:48:29, 23.6, 49.04
2020-10-28, 06:48:31, 23.6, 49.04
2020-10-28, 06:48:32, 23.6, 49.04
2020-10-28, 06:48:33, 23.59, 49.04
2020-10-28, 06:48:35, 23.59, 49.04
2020-10-28, 06:48:36, 23.59, 49.04
2020-10-28, 06:48:37, 23.58, 49.04
2020-10-28, 06:48:39, 23.59, 49.04
2020-10-28, 06:48:40, 23.59, 49.04
2020-10-28, 06:48:42, 23.59, 49.04
2020-10-28, 06:48:43, 23.58, 49.04
2020-10-28, 06:48:44, 23.58, 49.07
2020-10-28, 06:48:46, 23.58, 49.07
2020-10-28, 06:48:47, 23.6, 49.07
2020-10-28, 06:48:48, 23.58, 49.07
2020-10-28, 06:48:50, 23.58, 49.07
2020-10-28, 06:48:51, 23.57, 49.07
2020-10-28, 06:48:52, 23.58, 49.07
2020-10-28, 06:48:54, 23.59, 49.04
2020-10-28, 06:48:55, 23.57, 49.04
2020-10-28, 06:48:56, 23.58, 49.04
2020-10-28, 06:48:58, 23.58, 49.04
2020-10-28, 06:48:59, 23.58, 49.04
2020-10-28, 06:49:00, 23.56, 49.07
2020-10-28, 06:49:02, 23.58, 49.04
2020-10-28, 06:49:03, 23.58, 49.04
2020-10-28, 06:49:05, 23.58, 49.07
2020-10-28, 06:49:06, 23.59, 49.07
2020-10-28, 06:49:07, 23.58, 49.04
2020-10-28, 06:49:09, 23.58, 49.04
2020-10-28, 06:49:10, 23.58, 49.04
2020-10-28, 06:49:11, 23.58, 49.04
2020-10-28, 06:49:13, 23.58, 49.07
2020-10-28, 06:49:14, 23.58, 49.04
2020-10-28, 06:49:15, 23.58, 49.04
2020-10-28, 06:49:17, 23.58, 49.07
2020-10-28, 06:49:18, 23.6, 49.04
2020-10-28, 06:49:19, 23.58, 49.04
2020-10-28, 06:49:21, 23.57, 49.07
2020-10-28, 06:49:22, 23.58, 49.04
2020-10-28, 06:49:24, 23.58, 49.04
2020-10-28, 06:49:25, 23.57, 49.04
2020-10-28, 06:49:26, 23.55, 49.03
2020-10-28, 06:49:28, 23.58, 49.04
2020-10-28, 06:49:29, 23.58, 49.04
2020-10-28, 06:49:30, 23.58, 49.04
2020-10-28, 06:49:32, 23.57, 49.07
2020-10-28, 06:49:33, 23.56, 49.07
2020-10-28, 06:49:34, 23.57, 49.07
2020-10-28, 06:49:36, 23.58, 49.07
2020-10-28, 06:49:37, 23.56, 49.07
2020-10-28, 06:49:38, 23.56, 49.07
2020-10-28, 06:49:40, 23.56, 49.07
2020-10-28, 06:49:41, 23.56, 49.07
2020-10-28, 06:49:43, 23.56, 49.07
2020-10-28, 06:49:44, 23.56, 49.04
2020-10-28, 06:49:45, 23.56, 49.1
2020-10-28, 06:49:47, 23.55, 49.07
2020-10-28, 06:49:48, 23.57, 49.07
2020-10-28, 06:49:49, 23.56, 49.07
2020-10-28, 06:49:51, 23.57, 49.07
2020-10-28, 06:49:52, 23.57, 49.1
2020-10-28, 06:49:53, 23.56, 49.07
2020-10-28, 06:49:55, 23.54, 49.1
2020-10-28, 06:49:56, 23.56, 49.1
2020-10-28, 06:49:57, 23.56, 49.07
2020-10-28, 06:49:59, 23.55, 49.07
2020-10-28, 06:50:00, 23.56, 49.07
2020-10-28, 06:50:02, 23.56, 49.07
2020-10-28, 06:50:03, 23.55, 49.1
2020-10-28, 06:50:04, 23.56, 49.07
2020-10-28, 06:50:06, 23.55, 49.1
2020-10-28, 06:50:07, 23.56, 49.07
2020-10-28, 06:50:08, 23.56, 49.1
2020-10-28, 06:50:10, 23.56, 49.07
2020-10-28, 06:50:11, 23.56, 49.07
2020-10-28, 06:50:12, 23.56, 49.1
2020-10-28, 06:50:14, 23.55, 49.1
2020-10-28, 06:50:15, 23.55, 49.07
2020-10-28, 06:50:16, 23.54, 49.03
2020-10-28, 06:50:18, 23.56, 49.07
2020-10-28, 06:50:19, 23.56, 49.1
2020-10-28, 06:50:20, 23.55, 49.1
2020-10-28, 06:50:22, 23.55, 49.1
2020-10-28, 06:50:23, 23.55, 49.07
2020-10-28, 06:50:25, 23.55, 49.1
2020-10-28, 06:50:26, 23.55, 49.07
2020-10-28, 06:50:27, 23.55, 49.07
2020-10-28, 06:50:29, 23.55, 49.07
2020-10-28, 06:50:30, 23.55, 49.07
2020-10-28, 06:50:31, 23.54, 49.1
2020-10-28, 06:50:33, 23.54, 49.06
2020-10-28, 06:50:34, 23.54, 49.06
2020-10-28, 06:50:35, 23.53, 49.06
2020-10-28, 06:50:37, 23.54, 49.06
2020-10-28, 06:50:38, 23.55, 49.07
2020-10-28, 06:50:39, 23.53, 49.06
2020-10-28, 06:50:41, 23.54, 49.06
2020-10-28, 06:50:42, 23.54, 49.06
2020-10-28, 06:50:44, 23.55, 49.07
2020-10-28, 06:50:45, 23.53, 49.06
2020-10-28, 06:50:46, 23.55, 49.07
2020-10-28, 06:50:48, 23.54, 49.06
2020-10-28, 06:50:49, 23.55, 49.03
2020-10-28, 06:50:50, 23.54, 49.06
2020-10-28, 06:50:52, 23.54, 49.1
2020-10-28, 06:50:53, 23.52, 49.09
2020-10-28, 06:50:54, 23.53, 49.06
2020-10-28, 06:50:56, 23.53, 49.1
2020-10-28, 06:50:57, 23.54, 49.1
2020-10-28, 06:50:58, 23.54, 49.1
2020-10-28, 06:51:00, 23.55, 49.1
2020-10-28, 06:51:01, 23.55, 49.1
2020-10-28, 06:51:03, 23.53, 49.1
2020-10-28, 06:51:04, 23.54, 49.06
2020-10-28, 06:51:05, 23.54, 49.06
2020-10-28, 06:51:07, 23.54, 49.06
2020-10-28, 06:51:08, 23.54, 49.1
2020-10-28, 06:51:09, 23.54, 49.06
2020-10-28, 06:51:11, 23.55, 49.1
2020-10-28, 06:51:12, 23.53, 49.1
2020-10-28, 06:51:13, 23.52, 49.09
2020-10-28, 06:51:15, 23.54, 49.1
2020-10-28, 06:51:16, 23.54, 49.1
2020-10-28, 06:51:17, 23.54, 49.1
2020-10-28, 06:51:19, 23.53, 49.1
2020-10-28, 06:51:20, 23.52, 49.09
2020-10-28, 06:51:22, 23.52, 49.09
2020-10-28, 06:51:23, 23.52, 49.09
2020-10-28, 06:51:24, 23.52, 49.09
2020-10-28, 06:51:26, 23.52, 49.06
2020-10-28, 06:51:27, 23.52, 49.06
2020-10-28, 06:51:28, 23.52, 49.09
2020-10-28, 06:51:30, 23.53, 49.1
2020-10-28, 06:51:31, 23.51, 49.09
2020-10-28, 06:51:32, 23.53, 49.06
2020-10-28, 06:51:34, 23.52, 49.09
2020-10-28, 06:51:35, 23.53, 49.1
2020-10-28, 06:51:36, 23.52, 49.09
2020-10-28, 06:51:38, 23.51, 49.09
2020-10-28, 06:51:39, 23.51, 49.09
2020-10-28, 06:51:40, 23.52, 49.09
2020-10-28, 06:51:42, 23.52, 49.09
2020-10-28, 06:51:43, 23.52, 49.09
2020-10-28, 06:51:45, 23.52, 49.09
2020-10-28, 06:51:46, 23.51, 49.09
2020-10-28, 06:51:47, 23.51, 49.09
2020-10-28, 06:51:49, 23.52, 49.09
2020-10-28, 06:51:50, 23.52, 49.09
2020-10-28, 06:51:51, 23.51, 49.09
2020-10-28, 06:51:53, 23.51, 49.09
2020-10-28, 06:51:54, 23.51, 49.09
2020-10-28, 06:51:55, 23.51, 49.12
2020-10-28, 06:51:57, 23.53, 49.1
2020-10-28, 06:51:58, 23.53, 49.13
2020-10-28, 06:51:59, 23.51, 49.09
2020-10-28, 06:52:01, 23.52, 49.09
2020-10-28, 06:52:02, 23.5, 49.12
2020-10-28, 06:52:04, 23.5, 49.12
2020-10-28, 06:52:05, 23.5, 49.12
2020-10-28, 06:52:06, 23.5, 49.12
2020-10-28, 06:52:08, 23.5, 49.12
2020-10-28, 06:52:09, 23.52, 49.13
2020-10-28, 06:52:10, 23.51, 49.12
2020-10-28, 06:52:12, 23.51, 49.12
2020-10-28, 06:52:13, 23.5, 49.15
2020-10-28, 06:52:14, 23.51, 49.12
2020-10-28, 06:52:16, 23.49, 49.12
2020-10-28, 06:52:17, 23.51, 49.16
2020-10-28, 06:52:18, 23.52, 49.13
2020-10-28, 06:52:20, 23.52, 49.13
2020-10-28, 06:52:21, 23.51, 49.16
2020-10-28, 06:52:22, 23.49, 49.15
2020-10-28, 06:52:24, 23.5, 49.15
2020-10-28, 06:52:25, 23.49, 49.12
2020-10-28, 06:52:27, 23.5, 49.12
2020-10-28, 06:52:28, 23.5, 49.15
2020-10-28, 06:52:29, 23.5, 49.15
2020-10-28, 06:52:31, 23.5, 49.15
2020-10-28, 06:52:32, 23.51, 49.12
2020-10-28, 06:52:33, 23.5, 49.12
2020-10-28, 06:52:35, 23.48, 49.15
2020-10-28, 06:52:36, 23.49, 49.15
2020-10-28, 06:52:37, 23.49, 49.15
2020-10-28, 06:52:39, 23.49, 49.15
2020-10-28, 06:52:40, 23.5, 49.15
2020-10-28, 06:52:41, 23.5, 49.15
2020-10-28, 06:52:43, 23.5, 49.15
2020-10-28, 06:52:44, 23.5, 49.15
2020-10-28, 06:52:46, 23.49, 49.15
2020-10-28, 06:52:47, 23.49, 49.15
2020-10-28, 06:52:48, 23.5, 49.12
2020-10-28, 06:52:50, 23.5, 49.15
2020-10-28, 06:52:51, 23.48, 49.15
2020-10-28, 06:52:52, 23.5, 49.12
2020-10-28, 06:52:54, 23.49, 49.12
2020-10-28, 06:52:55, 23.5, 49.15
2020-10-28, 06:52:56, 23.5, 49.15
2020-10-28, 06:52:58, 23.5, 49.15
2020-10-28, 06:52:59, 23.5, 49.15
2020-10-28, 06:53:00, 23.5, 49.15
2020-10-28, 06:53:02, 23.48, 49.15
2020-10-28, 06:53:03, 23.49, 49.15
2020-10-28, 06:53:05, 23.49, 49.15
2020-10-28, 06:53:06, 23.5, 49.12
2020-10-28, 06:53:07, 23.48, 49.15
2020-10-28, 06:53:09, 23.5, 49.12
2020-10-28, 06:53:10, 23.5, 49.15
2020-10-28, 06:53:11, 23.5, 49.15
2020-10-28, 06:53:13, 23.48, 49.15
2020-10-28, 06:53:14, 23.48, 49.15
2020-10-28, 06:53:15, 23.49, 49.15
2020-10-28, 06:53:17, 23.5, 49.15
2020-10-28, 06:53:18, 23.48, 49.15
2020-10-28, 06:53:20, 23.48, 49.15
2020-10-28, 06:53:21, 23.49, 49.15
2020-10-28, 06:53:22, 23.48, 49.15
2020-10-28, 06:53:24, 23.46, 49.15
2020-10-28, 06:53:25, 23.47, 49.15
2020-10-28, 06:53:26, 23.48, 49.15
2020-10-28, 06:53:28, 23.48, 49.15
2020-10-28, 06:53:29, 23.48, 49.15
2020-10-28, 06:53:30, 23.48, 49.15
2020-10-28, 06:53:32, 23.48, 49.18
2020-10-28, 06:53:33, 23.48, 49.15
2020-10-28, 06:53:34, 23.48, 49.15
2020-10-28, 06:53:36, 23.48, 49.15
2020-10-28, 06:53:37, 23.47, 49.15
2020-10-28, 06:53:38, 23.46, 49.15
2020-10-28, 06:53:40, 23.47, 49.15
2020-10-28, 06:53:41, 23.47, 49.15
2020-10-28, 06:53:43, 23.48, 49.15
2020-10-28, 06:53:44, 23.48, 49.15
2020-10-28, 06:53:45, 23.48, 49.15
2020-10-28, 06:53:47, 23.49, 49.15
2020-10-28, 06:53:48, 23.47, 49.15
2020-10-28, 06:53:49, 23.48, 49.15
2020-10-28, 06:53:51, 23.46, 49.15
2020-10-28, 06:53:52, 23.47, 49.12
2020-10-28, 06:53:53, 23.47, 49.15
2020-10-28, 06:53:55, 23.47, 49.15
2020-10-28, 06:53:56, 23.48, 49.15
2020-10-28, 06:53:58, 23.49, 49.12
2020-10-28, 06:53:59, 23.48, 49.15
2020-10-28, 06:54:00, 23.47, 49.12
2020-10-28, 06:54:02, 23.48, 49.15
2020-10-28, 06:54:03, 23.47, 49.15
2020-10-28, 06:54:04, 23.49, 49.15
2020-10-28, 06:54:06, 23.48, 49.12
2020-10-28, 06:54:07, 23.47, 49.15
2020-10-28, 06:54:08, 23.48, 49.15
2020-10-28, 06:54:10, 23.47, 49.15
2020-10-28, 06:54:11, 23.47, 49.15
2020-10-28, 06:54:12, 23.46, 49.15
2020-10-28, 06:54:14, 23.48, 49.15
2020-10-28, 06:54:15, 23.47, 49.15
2020-10-28, 06:54:17, 23.47, 49.15
2020-10-28, 06:54:18, 23.45, 49.15
2020-10-28, 06:54:19, 23.45, 49.15
2020-10-28, 06:54:21, 23.46, 49.15
2020-10-28, 06:54:22, 23.46, 49.15
2020-10-28, 06:54:23, 23.45, 49.21
2020-10-28, 06:54:25, 23.44, 49.15
2020-10-28, 06:54:26, 23.45, 49.15
2020-10-28, 06:54:27, 23.44, 49.18
2020-10-28, 06:54:29, 23.42, 49.18
2020-10-28, 06:54:30, 23.44, 49.18
2020-10-28, 06:54:31, 23.43, 49.18
2020-10-28, 06:54:33, 23.44, 49.18
2020-10-28, 06:54:34, 23.43, 49.21
2020-10-28, 06:54:36, 23.44, 49.18
2020-10-28, 06:54:37, 23.44, 49.21
2020-10-28, 06:54:38, 23.42, 49.18
2020-10-28, 06:54:40, 23.42, 49.21
2020-10-28, 06:54:41, 23.42, 49.18
2020-10-28, 06:54:42, 23.43, 49.21
2020-10-28, 06:54:44, 23.42, 49.21
2020-10-28, 06:54:45, 23.42, 49.21
2020-10-28, 06:54:46, 23.44, 49.21
2020-10-28, 06:54:48, 23.42, 49.21
2020-10-28, 06:54:49, 23.43, 49.21
2020-10-28, 06:54:50, 23.42, 49.21
2020-10-28, 06:54:52, 23.42, 49.21
2020-10-28, 06:54:53, 23.42, 49.21
2020-10-28, 06:54:54, 23.43, 49.21
2020-10-28, 06:54:56, 23.42, 49.21
2020-10-28, 06:54:57, 23.42, 49.21
2020-10-28, 06:54:59, 23.42, 49.21
2020-10-28, 06:55:00, 23.42, 49.21
2020-10-28, 06:55:01, 23.42, 49.24
2020-10-28, 06:55:03, 23.42, 49.21
2020-10-28, 06:55:04, 23.42, 49.24
2020-10-28, 06:55:05, 23.42, 49.24
2020-10-28, 06:55:07, 23.42, 49.21
2020-10-28, 06:55:08, 23.41, 49.21
2020-10-28, 06:55:09, 23.42, 49.21
2020-10-28, 06:55:11, 23.43, 49.24
2020-10-28, 06:55:12, 23.41, 49.24
2020-10-28, 06:55:13, 23.42, 49.24
2020-10-28, 06:55:15, 23.42, 49.24
2020-10-28, 06:55:16, 23.42, 49.24
2020-10-28, 06:55:18, 23.42, 49.24
2020-10-28, 06:55:19, 23.42, 49.24
2020-10-28, 06:55:20, 23.41, 49.24
2020-10-28, 06:55:22, 23.42, 49.24
2020-10-28, 06:55:23, 23.42, 49.24
2020-10-28, 06:55:24, 23.44, 49.24
2020-10-28, 06:55:26, 23.42, 49.21
2020-10-28, 06:55:27, 23.41, 49.24
2020-10-28, 06:55:28, 23.41, 49.21
2020-10-28, 06:55:30, 23.41, 49.24
2020-10-28, 06:55:31, 23.4, 49.24
2020-10-28, 06:55:32, 23.4, 49.24
2020-10-28, 06:55:34, 23.4, 49.24
2020-10-28, 06:55:35, 23.39, 49.27
2020-10-28, 06:55:36, 23.4, 49.27
2020-10-28, 06:55:38, 23.39, 49.27
2020-10-28, 06:55:39, 23.42, 49.27
2020-10-28, 06:55:41, 23.4, 49.27
2020-10-28, 06:55:42, 23.4, 49.27
2020-10-28, 06:55:43, 23.39, 49.27
2020-10-28, 06:55:45, 23.4, 49.27
2020-10-28, 06:55:46, 23.39, 49.27
2020-10-28, 06:55:47, 23.4, 49.27
2020-10-28, 06:55:49, 23.41, 49.27
2020-10-28, 06:55:50, 23.4, 49.27
2020-10-28, 06:55:51, 23.4, 49.27
2020-10-28, 06:55:53, 23.4, 49.27
2020-10-28, 06:55:54, 23.39, 49.27
2020-10-28, 06:55:55, 23.39, 49.24
2020-10-28, 06:55:57, 23.4, 49.27
2020-10-28, 06:55:58, 23.4, 49.27
2020-10-28, 06:56:00, 23.4, 49.27
2020-10-28, 06:56:01, 23.4, 49.27
2020-10-28, 06:56:02, 23.4, 49.27
2020-10-28, 06:56:04, 23.38, 49.27
2020-10-28, 06:56:05, 23.39, 49.27
2020-10-28, 06:56:06, 23.4, 49.27
2020-10-28, 06:56:08, 23.4, 49.27
2020-10-28, 06:56:09, 23.4, 49.27
2020-10-28, 06:56:10, 23.4, 49.27
2020-10-28, 06:56:12, 23.4, 49.27
2020-10-28, 06:56:13, 23.41, 49.27
2020-10-28, 06:56:14, 23.4, 49.27
2020-10-28, 06:56:16, 23.41, 49.27
2020-10-28, 06:56:17, 23.4, 49.27
2020-10-28, 06:56:19, 23.39, 49.24
2020-10-28, 06:56:20, 23.4, 49.24
2020-10-28, 06:56:21, 23.37, 49.23
2020-10-28, 06:56:23, 23.38, 49.27
2020-10-28, 06:56:24, 23.38, 49.27
2020-10-28, 06:56:25, 23.38, 49.27
2020-10-28, 06:56:27, 23.38, 49.27
2020-10-28, 06:56:28, 23.4, 49.27
2020-10-28, 06:56:29, 23.38, 49.27
2020-10-28, 06:56:31, 23.38, 49.27
2020-10-28, 06:56:32, 23.37, 49.26
2020-10-28, 06:56:33, 23.38, 49.27
2020-10-28, 06:56:35, 23.38, 49.27
2020-10-28, 06:56:36, 23.39, 49.27
2020-10-28, 06:56:38, 23.37, 49.26
2020-10-28, 06:56:39, 23.37, 49.3
2020-10-28, 06:56:40, 23.38, 49.27
2020-10-28, 06:56:42, 23.39, 49.27
2020-10-28, 06:56:43, 23.38, 49.27
2020-10-28, 06:56:44, 23.37, 49.26
2020-10-28, 06:56:46, 23.38, 49.27
2020-10-28, 06:56:47, 23.38, 49.27
2020-10-28, 06:56:48, 23.38, 49.27
2020-10-28, 06:56:50, 23.38, 49.27
2020-10-28, 06:56:51, 23.37, 49.26
2020-10-28, 06:56:52, 23.38, 49.27
2020-10-28, 06:56:54, 23.38, 49.27
2020-10-28, 06:56:55, 23.38, 49.27
2020-10-28, 06:56:57, 23.39, 49.27
2020-10-28, 06:56:58, 23.39, 49.27
2020-10-28, 06:56:59, 23.38, 49.27
2020-10-28, 06:57:01, 23.39, 49.27
2020-10-28, 06:57:02, 23.39, 49.27
2020-10-28, 06:57:03, 23.39, 49.27
2020-10-28, 06:57:05, 23.37, 49.26
2020-10-28, 06:57:06, 23.38, 49.27
2020-10-28, 06:57:07, 23.38, 49.27
2020-10-28, 06:57:09, 23.38, 49.27
2020-10-28, 06:57:10, 23.37, 49.26
2020-10-28, 06:57:11, 23.38, 49.3
2020-10-28, 06:57:13, 23.39, 49.27
2020-10-28, 06:57:14, 23.37, 49.26
2020-10-28, 06:57:16, 23.38, 49.3
2020-10-28, 06:57:17, 23.38, 49.27
2020-10-28, 06:57:18, 23.4, 49.27
2020-10-28, 06:57:20, 23.38, 49.27
2020-10-28, 06:57:21, 23.38, 49.27
2020-10-28, 06:57:22, 23.38, 49.27
2020-10-28, 06:57:24, 23.38, 49.27
2020-10-28, 06:57:25, 23.38, 49.27
2020-10-28, 06:57:26, 23.38, 49.27
2020-10-28, 06:57:28, 23.38, 49.27
2020-10-28, 06:57:29, 23.4, 49.24
2020-10-28, 06:57:31, 23.38, 49.27
2020-10-28, 06:57:32, 23.38, 49.27
2020-10-28, 06:57:33, 23.38, 49.27
2020-10-28, 06:57:35, 23.39, 49.24
2020-10-28, 06:57:36, 23.38, 49.23
2020-10-28, 06:57:37, 23.38, 49.27
2020-10-28, 06:57:39, 23.39, 49.27
2020-10-28, 06:57:40, 23.38, 49.27
2020-10-28, 06:57:41, 23.38, 49.27
2020-10-28, 06:57:43, 23.36, 49.26
2020-10-28, 06:57:44, 23.37, 49.26
2020-10-28, 06:57:45, 23.38, 49.27
2020-10-28, 06:57:47, 23.37, 49.26
2020-10-28, 06:57:48, 23.37, 49.26
2020-10-28, 06:57:49, 23.36, 49.26
2020-10-28, 06:57:51, 23.37, 49.26
2020-10-28, 06:57:52, 23.35, 49.26
2020-10-28, 06:57:54, 23.36, 49.26
2020-10-28, 06:57:55, 23.36, 49.3
2020-10-28, 06:57:56, 23.37, 49.26
2020-10-28, 06:57:58, 23.36, 49.3
2020-10-28, 06:57:59, 23.36, 49.3
2020-10-28, 06:58:00, 23.36, 49.3
2020-10-28, 06:58:02, 23.36, 49.26
2020-10-28, 06:58:03, 23.36, 49.3
2020-10-28, 06:58:04, 23.37, 49.26
2020-10-28, 06:58:06, 23.36, 49.26
2020-10-28, 06:58:07, 23.35, 49.26
2020-10-28, 06:58:09, 23.36, 49.26
2020-10-28, 06:58:10, 23.35, 49.26
2020-10-28, 06:58:11, 23.36, 49.26
2020-10-28, 06:58:13, 23.37, 49.26
2020-10-28, 06:58:14, 23.37, 49.26
2020-10-28, 06:58:15, 23.35, 49.26
2020-10-28, 06:58:17, 23.35, 49.26
2020-10-28, 06:58:18, 23.36, 49.26
2020-10-28, 06:58:19, 23.36, 49.3
2020-10-28, 06:58:21, 23.36, 49.3
2020-10-28, 06:58:22, 23.36, 49.3
2020-10-28, 06:58:23, 23.36, 49.26
2020-10-28, 06:58:25, 23.35, 49.26
2020-10-28, 06:58:26, 23.36, 49.3
2020-10-28, 06:58:28, 23.36, 49.26
2020-10-28, 06:58:29, 23.36, 49.26
2020-10-28, 06:58:30, 23.36, 49.3
2020-10-28, 06:58:32, 23.37, 49.3
2020-10-28, 06:58:33, 23.36, 49.26
2020-10-28, 06:58:34, 23.37, 49.3
2020-10-28, 06:58:36, 23.36, 49.3
2020-10-28, 06:58:37, 23.37, 49.3
2020-10-28, 06:58:38, 23.36, 49.3
2020-10-28, 06:58:40, 23.36, 49.26
2020-10-28, 06:58:41, 23.35, 49.26
2020-10-28, 06:58:42, 23.35, 49.26
2020-10-28, 06:58:44, 23.35, 49.29
2020-10-28, 06:58:45, 23.36, 49.26
2020-10-28, 06:58:47, 23.36, 49.3
2020-10-28, 06:58:48, 23.35, 49.26
2020-10-28, 06:58:49, 23.36, 49.26
2020-10-28, 06:58:51, 23.36, 49.3
2020-10-28, 06:58:52, 23.36, 49.3
2020-10-28, 06:58:53, 23.35, 49.26
2020-10-28, 06:58:55, 23.35, 49.26
2020-10-28, 06:58:56, 23.35, 49.26
2020-10-28, 06:58:57, 23.33, 49.26
2020-10-28, 06:58:59, 23.35, 49.26
2020-10-28, 06:59:00, 23.34, 49.26
2020-10-28, 06:59:01, 23.36, 49.26
2020-10-28, 06:59:03, 23.36, 49.26
2020-10-28, 06:59:04, 23.36, 49.26
2020-10-28, 06:59:06, 23.35, 49.26
2020-10-28, 06:59:07, 23.35, 49.26
2020-10-28, 06:59:08, 23.35, 49.26
2020-10-28, 06:59:10, 23.34, 49.26
2020-10-28, 06:59:11, 23.36, 49.26
2020-10-28, 06:59:12, 23.36, 49.26
2020-10-28, 06:59:14, 23.36, 49.26
2020-10-28, 06:59:15, 23.36, 49.26
2020-10-28, 06:59:16, 23.38, 49.27
2020-10-28, 06:59:18, 23.37, 49.26
2020-10-28, 06:59:19, 23.36, 49.26
2020-10-28, 06:59:20, 23.38, 49.27
2020-10-28, 06:59:22, 23.36, 49.26
2020-10-28, 06:59:23, 23.36, 49.26
2020-10-28, 06:59:25, 23.36, 49.26
2020-10-28, 06:59:26, 23.37, 49.26
2020-10-28, 06:59:27, 23.36, 49.26
2020-10-28, 06:59:29, 23.36, 49.26
2020-10-28, 06:59:30, 23.38, 49.27
2020-10-28, 06:59:31, 23.36, 49.26
2020-10-28, 06:59:33, 23.37, 49.26
2020-10-28, 06:59:34, 23.37, 49.26
2020-10-28, 06:59:35, 23.37, 49.26
2020-10-28, 06:59:37, 23.36, 49.26
2020-10-28, 06:59:38, 23.37, 49.26
2020-10-28, 06:59:39, 23.37, 49.26
2020-10-28, 06:59:41, 23.36, 49.26
2020-10-28, 06:59:42, 23.34, 49.26
2020-10-28, 06:59:44, 23.36, 49.26
2020-10-28, 06:59:45, 23.35, 49.26
2020-10-28, 06:59:46, 23.36, 49.26
2020-10-28, 06:59:48, 23.36, 49.26
2020-10-28, 06:59:49, 23.35, 49.26
2020-10-28, 06:59:50, 23.38, 49.27
2020-10-28, 06:59:52, 23.35, 49.26
2020-10-28, 06:59:58, 22.96, 49.78
2020-10-28, 07:00:00, 23.16, 49.87
2020-10-28, 07:00:01, 23.19, 49.81
2020-10-28, 07:00:02, 23.24, 49.79
2020-10-28, 07:00:04, 23.25, 49.73
2020-10-28, 07:00:05, 23.28, 49.67
2020-10-28, 07:00:07, 23.3, 49.61
2020-10-28, 07:00:08, 23.32, 49.58
2020-10-28, 07:00:09, 23.29, 49.54
2020-10-28, 07:00:11, 23.33, 49.51
2020-10-28, 07:00:12, 23.34, 49.48
2020-10-28, 07:00:13, 23.33, 49.42
2020-10-28, 07:00:15, 23.35, 49.42
2020-10-28, 07:00:16, 23.35, 49.42
2020-10-28, 07:00:17, 23.35, 49.39
2020-10-28, 07:00:19, 23.34, 49.39
2020-10-28, 07:00:20, 23.36, 49.39
2020-10-28, 07:00:22, 23.36, 49.36
2020-10-28, 07:00:23, 23.37, 49.36
2020-10-28, 07:00:24, 23.37, 49.33
2020-10-28, 07:00:26, 23.36, 49.33
2020-10-28, 07:00:27, 23.36, 49.33
2020-10-28, 07:00:28, 23.36, 49.33
2020-10-28, 07:00:30, 23.36, 49.33
2020-10-28, 07:00:31, 23.37, 49.33
2020-10-28, 07:00:32, 23.36, 49.33
2020-10-28, 07:00:34, 23.36, 49.3
2020-10-28, 07:00:35, 23.36, 49.3
2020-10-28, 07:00:36, 23.36, 49.3
2020-10-28, 07:00:38, 23.36, 49.3
2020-10-28, 07:00:39, 23.36, 49.33
2020-10-28, 07:00:41, 23.36, 49.26
2020-10-28, 07:00:42, 23.36, 49.3
2020-10-28, 07:00:43, 23.36, 49.3
2020-10-28, 07:00:45, 23.38, 49.3
2020-10-28, 07:00:46, 23.36, 49.3
2020-10-28, 07:00:47, 23.37, 49.26
2020-10-28, 07:00:49, 23.37, 49.26
2020-10-28, 07:00:50, 23.38, 49.27
2020-10-28, 07:00:51, 23.38, 49.27
2020-10-28, 07:00:53, 23.38, 49.27
2020-10-28, 07:00:54, 23.38, 49.27
2020-10-28, 07:00:56, 23.37, 49.26
2020-10-28, 07:00:57, 23.35, 49.26
2020-10-28, 07:00:58, 23.35, 49.26
2020-10-28, 07:01:00, 23.37, 49.26
2020-10-28, 07:01:01, 23.37, 49.26
2020-10-28, 07:01:02, 23.37, 49.26
2020-10-28, 07:01:04, 23.38, 49.23
2020-10-28, 07:01:05, 23.38, 49.27
2020-10-28, 07:01:06, 23.38, 49.27
2020-10-28, 07:01:08, 23.38, 49.23
2020-10-28, 07:01:09, 23.37, 49.23
2020-10-28, 07:01:10, 23.38, 49.23
2020-10-28, 07:01:12, 23.38, 49.23
2020-10-28, 07:01:13, 23.38, 49.23
2020-10-28, 07:01:15, 23.38, 49.23
2020-10-28, 07:01:16, 23.37, 49.23
2020-10-28, 07:01:17, 23.38, 49.23
2020-10-28, 07:01:19, 23.38, 49.23
2020-10-28, 07:01:20, 23.4, 49.24
2020-10-28, 07:01:21, 23.39, 49.2
2020-10-28, 07:01:23, 23.38, 49.23
2020-10-28, 07:01:24, 23.39, 49.2
2020-10-28, 07:01:25, 23.4, 49.21
2020-10-28, 07:01:27, 23.38, 49.2
2020-10-28, 07:01:28, 23.39, 49.2
2020-10-28, 07:01:30, 23.4, 49.24
2020-10-28, 07:01:31, 23.39, 49.2
2020-10-28, 07:01:32, 23.4, 49.21
2020-10-28, 07:01:34, 23.41, 49.21
2020-10-28, 07:01:35, 23.4, 49.21
2020-10-28, 07:01:36, 23.4, 49.21
2020-10-28, 07:01:38, 23.41, 49.21
2020-10-28, 07:01:39, 23.4, 49.17
2020-10-28, 07:01:40, 23.4, 49.21
2020-10-28, 07:01:42, 23.41, 49.17
2020-10-28, 07:01:43, 23.42, 49.18
2020-10-28, 07:01:44, 23.41, 49.17
2020-10-28, 07:01:46, 23.39, 49.17
2020-10-28, 07:01:47, 23.4, 49.17
2020-10-28, 07:01:49, 23.42, 49.18
2020-10-28, 07:01:50, 23.41, 49.14
2020-10-28, 07:01:51, 23.4, 49.14
2020-10-28, 07:01:53, 23.41, 49.14
2020-10-28, 07:01:54, 23.42, 49.14
2020-10-28, 07:01:55, 23.42, 49.14
2020-10-28, 07:01:57, 23.42, 49.14
2020-10-28, 07:01:58, 23.44, 49.15
2020-10-28, 07:01:59, 23.42, 49.14
2020-10-28, 07:02:01, 23.42, 49.11
2020-10-28, 07:02:02, 23.43, 49.11
2020-10-28, 07:02:03, 23.43, 49.11
2020-10-28, 07:02:05, 23.42, 49.11
2020-10-28, 07:02:06, 23.43, 49.11
2020-10-28, 07:02:08, 23.42, 49.11
2020-10-28, 07:02:09, 23.44, 49.12
2020-10-28, 07:02:10, 23.43, 49.08
2020-10-28, 07:02:12, 23.44, 49.08
2020-10-28, 07:02:13, 23.44, 49.08
2020-10-28, 07:02:14, 23.45, 49.08
2020-10-28, 07:02:16, 23.46, 49.09
2020-10-28, 07:02:17, 23.46, 49.09
2020-10-28, 07:02:18, 23.46, 49.09
2020-10-28, 07:02:20, 23.46, 49.09
2020-10-28, 07:02:21, 23.46, 49.09
2020-10-28, 07:02:22, 23.47, 49.09
2020-10-28, 07:02:24, 23.45, 49.05
2020-10-28, 07:02:25, 23.46, 49.05
2020-10-28, 07:02:26, 23.48, 49.06
2020-10-28, 07:02:28, 23.48, 49.02
2020-10-28, 07:02:29, 23.46, 49.02
2020-10-28, 07:02:31, 23.48, 49.02
2020-10-28, 07:02:32, 23.48, 49.02
2020-10-28, 07:02:33, 23.46, 49.02
2020-10-28, 07:02:38, 23.12, 49.36
2020-10-28, 07:02:40, 23.31, 49.45
2020-10-28, 07:02:41, 23.35, 49.45
2020-10-28, 07:02:43, 23.36, 49.42
2020-10-28, 07:02:44, 23.4, 49.36
2020-10-28, 07:02:46, 23.42, 49.34
2020-10-28, 07:02:47, 23.43, 49.3
2020-10-28, 07:02:48, 23.44, 49.24
2020-10-28, 07:02:50, 23.44, 49.21
2020-10-28, 07:02:51, 23.44, 49.21
2020-10-28, 07:02:52, 23.46, 49.15
2020-10-28, 07:02:54, 23.45, 49.15
2020-10-28, 07:02:55, 23.46, 49.12
2020-10-28, 07:02:56, 23.46, 49.09
2020-10-28, 07:02:58, 23.46, 49.05
2020-10-28, 07:02:59, 23.47, 49.06
2020-10-28, 07:03:00, 23.47, 49.06
2020-10-28, 07:03:02, 23.47, 49.06
2020-10-28, 07:03:03, 23.46, 49.05
2020-10-28, 07:03:04, 23.47, 49.02
2020-10-28, 07:03:06, 23.46, 49.02
2020-10-28, 07:03:07, 23.45, 49.02
2020-10-28, 07:03:09, 23.47, 49.02
2020-10-28, 07:03:10, 23.47, 49.02
2020-10-28, 07:03:11, 23.48, 49.02
2020-10-28, 07:03:13, 23.47, 48.99
2020-10-28, 07:03:14, 23.49, 48.99
2020-10-28, 07:03:15, 23.48, 48.99
2020-10-28, 07:03:17, 23.48, 48.99
2020-10-28, 07:03:18, 23.48, 48.99
2020-10-28, 07:03:19, 23.49, 48.96
2020-10-28, 07:03:21, 23.49, 48.99
2020-10-28, 07:03:22, 23.48, 48.99
2020-10-28, 07:03:23, 23.5, 48.96
2020-10-28, 07:03:25, 23.49, 48.96
2020-10-28, 07:03:26, 23.5, 48.96
2020-10-28, 07:03:28, 23.5, 48.96
2020-10-28, 07:03:29, 23.48, 48.96
2020-10-28, 07:03:30, 23.49, 48.96
2020-10-28, 07:03:32, 23.5, 48.96
2020-10-28, 07:03:33, 23.48, 48.96
2020-10-28, 07:03:34, 23.48, 48.96
2020-10-28, 07:03:36, 23.5, 48.93
2020-10-28, 07:03:37, 23.5, 48.96
2020-10-28, 07:03:38, 23.5, 48.93
2020-10-28, 07:03:40, 23.5, 48.93
2020-10-28, 07:03:41, 23.5, 48.93
2020-10-28, 07:03:42, 23.51, 48.93
2020-10-28, 07:03:44, 23.51, 48.9
2020-10-28, 07:03:45, 23.52, 48.93
2020-10-28, 07:03:47, 23.52, 48.93
2020-10-28, 07:03:48, 23.52, 48.9
2020-10-28, 07:03:49, 23.53, 48.9
2020-10-28, 07:03:51, 23.53, 48.9
2020-10-28, 07:03:52, 23.54, 48.91
2020-10-28, 07:03:53, 23.52, 48.9
2020-10-28, 07:03:55, 23.52, 48.9
2020-10-28, 07:03:56, 23.52, 48.9
2020-10-28, 07:03:57, 23.52, 48.87
2020-10-28, 07:03:59, 23.52, 48.87
2020-10-28, 07:04:00, 23.52, 48.87
2020-10-28, 07:04:01, 23.54, 48.84
2020-10-28, 07:04:03, 23.55, 48.87
2020-10-28, 07:04:04, 23.53, 48.84
2020-10-28, 07:04:06, 23.53, 48.87
2020-10-28, 07:04:07, 23.53, 48.84
2020-10-28, 07:04:08, 23.54, 48.84
2020-10-28, 07:04:10, 23.53, 48.84
2020-10-28, 07:04:11, 23.54, 48.84
2020-10-28, 07:04:12, 23.54, 48.84
2020-10-28, 07:04:14, 23.54, 48.84
2020-10-28, 07:04:15, 23.54, 48.84
2020-10-28, 07:04:16, 23.52, 48.84
2020-10-28, 07:04:18, 23.54, 48.81
2020-10-28, 07:04:19, 23.54, 48.81
2020-10-28, 07:04:20, 23.54, 48.81
2020-10-28, 07:04:22, 23.55, 48.84
2020-10-28, 07:04:23, 23.56, 48.81
2020-10-28, 07:04:25, 23.56, 48.81
2020-10-28, 07:04:26, 23.56, 48.78
2020-10-28, 07:04:27, 23.55, 48.78
2020-10-28, 07:04:29, 23.56, 48.81
2020-10-28, 07:04:30, 23.56, 48.78
2020-10-28, 07:04:31, 23.56, 48.78
2020-10-28, 07:04:33, 23.54, 48.78
2020-10-28, 07:04:34, 23.57, 48.78
2020-10-28, 07:04:35, 23.56, 48.78
2020-10-28, 07:04:37, 23.56, 48.78
2020-10-28, 07:04:38, 23.57, 48.75
2020-10-28, 07:04:40, 23.58, 48.78
2020-10-28, 07:04:41, 23.58, 48.78
2020-10-28, 07:04:42, 23.57, 48.75
2020-10-28, 07:04:44, 23.58, 48.78
2020-10-28, 07:04:45, 23.58, 48.78
2020-10-28, 07:04:46, 23.58, 48.78
2020-10-28, 07:04:48, 23.58, 48.75
2020-10-28, 07:04:49, 23.57, 48.75
2020-10-28, 07:04:50, 23.58, 48.78
2020-10-28, 07:04:52, 23.58, 48.75
2020-10-28, 07:04:53, 23.58, 48.75
2020-10-28, 07:04:54, 23.58, 48.75
2020-10-28, 07:04:56, 23.58, 48.72
2020-10-28, 07:04:57, 23.58, 48.72
2020-10-28, 07:04:59, 23.58, 48.75
2020-10-28, 07:05:00, 23.57, 48.72
2020-10-28, 07:05:01, 23.58, 48.72
2020-10-28, 07:05:03, 23.59, 48.72
2020-10-28, 07:05:04, 23.58, 48.72
2020-10-28, 07:05:05, 23.58, 48.72
2020-10-28, 07:05:07, 23.6, 48.72
2020-10-28, 07:05:08, 23.59, 48.72
2020-10-28, 07:05:09, 23.59, 48.72
2020-10-28, 07:05:11, 23.6, 48.72
2020-10-28, 07:05:12, 23.59, 48.72
2020-10-28, 07:05:13, 23.6, 48.72
2020-10-28, 07:05:15, 23.59, 48.69
2020-10-28, 07:05:16, 23.6, 48.69
2020-10-28, 07:05:18, 23.6, 48.69
2020-10-28, 07:05:19, 23.61, 48.69
2020-10-28, 07:05:20, 23.62, 48.69
2020-10-28, 07:05:22, 23.62, 48.69
2020-10-28, 07:05:23, 23.62, 48.66
2020-10-28, 07:05:24, 23.61, 48.66
2020-10-28, 07:05:26, 23.62, 48.66
2020-10-28, 07:05:27, 23.63, 48.66
2020-10-28, 07:05:28, 23.62, 48.66
2020-10-28, 07:05:30, 23.63, 48.66
2020-10-28, 07:05:31, 23.62, 48.63
2020-10-28, 07:05:32, 23.63, 48.66
2020-10-28, 07:05:34, 23.6, 48.66
2020-10-28, 07:05:35, 23.63, 48.66
2020-10-28, 07:05:37, 23.64, 48.66
2020-10-28, 07:05:38, 23.63, 48.63
2020-10-28, 07:05:39, 23.64, 48.63
2020-10-28, 07:05:41, 23.63, 48.63
2020-10-28, 07:05:42, 23.64, 48.66
2020-10-28, 07:05:43, 23.64, 48.63
2020-10-28, 07:05:45, 23.65, 48.66
2020-10-28, 07:05:46, 23.64, 48.63
2020-10-28, 07:05:47, 23.63, 48.63
2020-10-28, 07:05:49, 23.64, 48.63
2020-10-28, 07:05:50, 23.64, 48.63
2020-10-28, 07:05:51, 23.63, 48.6
2020-10-28, 07:05:53, 23.64, 48.63
2020-10-28, 07:05:54, 23.63, 48.6
2020-10-28, 07:05:56, 23.63, 48.6
2020-10-28, 07:05:57, 23.64, 48.6
2020-10-28, 07:05:58, 23.64, 48.6
2020-10-28, 07:06:00, 23.64, 48.6
2020-10-28, 07:06:01, 23.63, 48.6
2020-10-28, 07:06:02, 23.64, 48.6
2020-10-28, 07:06:04, 23.65, 48.6
2020-10-28, 07:06:05, 23.65, 48.6
2020-10-28, 07:06:06, 23.64, 48.6
2020-10-28, 07:06:08, 23.64, 48.6
2020-10-28, 07:06:09, 23.64, 48.57
2020-10-28, 07:06:10, 23.65, 48.57
2020-10-28, 07:06:12, 23.64, 48.54
2020-10-28, 07:06:13, 23.65, 48.54
2020-10-28, 07:06:14, 23.65, 48.54
2020-10-28, 07:06:16, 23.65, 48.57
2020-10-28, 07:06:17, 23.64, 48.54
2020-10-28, 07:06:19, 23.65, 48.54
2020-10-28, 07:06:20, 23.66, 48.54
2020-10-28, 07:06:21, 23.66, 48.57
2020-10-28, 07:06:23, 23.67, 48.54
2020-10-28, 07:06:24, 23.66, 48.54
2020-10-28, 07:06:25, 23.67, 48.54
2020-10-28, 07:06:27, 23.67, 48.54
2020-10-28, 07:06:28, 23.66, 48.51
2020-10-28, 07:06:29, 23.66, 48.51
2020-10-28, 07:06:31, 23.67, 48.51
2020-10-28, 07:06:32, 23.67, 48.51
2020-10-28, 07:06:33, 23.66, 48.51
2020-10-28, 07:06:35, 23.67, 48.51
2020-10-28, 07:06:36, 23.66, 48.51
2020-10-28, 07:06:38, 23.68, 48.51
2020-10-28, 07:06:39, 23.65, 48.51
2020-10-28, 07:06:40, 23.66, 48.51
2020-10-28, 07:06:42, 23.66, 48.51
2020-10-28, 07:06:43, 23.66, 48.51
2020-10-28, 07:06:44, 23.68, 48.51
2020-10-28, 07:06:46, 23.68, 48.51
2020-10-28, 07:06:47, 23.66, 48.51
2020-10-28, 07:06:48, 23.66, 48.51
2020-10-28, 07:06:50, 23.68, 48.51
2020-10-28, 07:06:51, 23.68, 48.51
2020-10-28, 07:06:52, 23.68, 48.54
2020-10-28, 07:06:54, 23.67, 48.51
2020-10-28, 07:06:55, 23.68, 48.51
2020-10-28, 07:06:57, 23.66, 48.51
2020-10-28, 07:06:58, 23.67, 48.51
2020-10-28, 07:06:59, 23.67, 48.48
2020-10-28, 07:07:01, 23.66, 48.47
2020-10-28, 07:07:02, 23.68, 48.51
2020-10-28, 07:07:03, 23.67, 48.48
2020-10-28, 07:07:05, 23.66, 48.47
2020-10-28, 07:07:06, 23.67, 48.48
2020-10-28, 07:07:07, 23.68, 48.48
2020-10-28, 07:07:09, 23.68, 48.48
2020-10-28, 07:07:10, 23.68, 48.48
2020-10-28, 07:07:11, 23.68, 48.48
2020-10-28, 07:07:13, 23.68, 48.45
2020-10-28, 07:07:14, 23.69, 48.45
2020-10-28, 07:07:15, 23.68, 48.45
2020-10-28, 07:07:17, 23.69, 48.41
2020-10-28, 07:07:18, 23.68, 48.45
2020-10-28, 07:07:20, 23.67, 48.44
2020-10-28, 07:07:21, 23.67, 48.41
2020-10-28, 07:07:22, 23.68, 48.41
2020-10-28, 07:07:24, 23.69, 48.41
2020-10-28, 07:07:25, 23.69, 48.41
2020-10-28, 07:07:26, 23.67, 48.44
2020-10-28, 07:07:28, 23.68, 48.41
2020-10-28, 07:07:29, 23.69, 48.41
2020-10-28, 07:07:30, 23.7, 48.42
2020-10-28, 07:07:32, 23.7, 48.42
2020-10-28, 07:07:33, 23.69, 48.41
2020-10-28, 07:07:34, 23.7, 48.42
2020-10-28, 07:07:36, 23.7, 48.42
2020-10-28, 07:07:37, 23.7, 48.42
2020-10-28, 07:07:39, 23.7, 48.42
2020-10-28, 07:07:40, 23.69, 48.38
2020-10-28, 07:07:41, 23.7, 48.42
2020-10-28, 07:07:43, 23.7, 48.42
2020-10-28, 07:07:44, 23.71, 48.39
2020-10-28, 07:07:45, 23.7, 48.38
2020-10-28, 07:07:47, 23.72, 48.39
2020-10-28, 07:07:48, 23.7, 48.38
2020-10-28, 07:07:49, 23.7, 48.42
2020-10-28, 07:07:51, 23.71, 48.39
2020-10-28, 07:07:52, 23.7, 48.38
2020-10-28, 07:07:53, 23.7, 48.38
2020-10-28, 07:07:55, 23.7, 48.38
2020-10-28, 07:07:56, 23.71, 48.42
2020-10-28, 07:07:58, 23.72, 48.39
2020-10-28, 07:07:59, 23.71, 48.42
2020-10-28, 07:08:00, 23.71, 48.39
2020-10-28, 07:08:02, 23.72, 48.39
2020-10-28, 07:08:03, 23.72, 48.39
2020-10-28, 07:08:04, 23.72, 48.35
2020-10-28, 07:08:06, 23.72, 48.35
2020-10-28, 07:08:07, 23.71, 48.39
2020-10-28, 07:08:08, 23.71, 48.35
2020-10-28, 07:08:10, 23.72, 48.39
2020-10-28, 07:08:11, 23.71, 48.35
2020-10-28, 07:08:12, 23.72, 48.35
2020-10-28, 07:08:14, 23.71, 48.35
2020-10-28, 07:08:15, 23.72, 48.35
2020-10-28, 07:08:17, 23.72, 48.35
2020-10-28, 07:08:18, 23.71, 48.35
2020-10-28, 07:08:19, 23.71, 48.35
2020-10-28, 07:08:21, 23.71, 48.35
2020-10-28, 07:08:22, 23.71, 48.35
2020-10-28, 07:08:23, 23.72, 48.35
2020-10-28, 07:08:25, 23.71, 48.35
2020-10-28, 07:08:26, 23.7, 48.35
2020-10-28, 07:08:27, 23.7, 48.35
2020-10-28, 07:08:29, 23.71, 48.35
2020-10-28, 07:08:30, 23.72, 48.35
2020-10-28, 07:08:31, 23.71, 48.35
2020-10-28, 07:08:33, 23.71, 48.39
2020-10-28, 07:08:34, 23.71, 48.35
2020-10-28, 07:08:36, 23.71, 48.35
2020-10-28, 07:08:37, 23.71, 48.35
2020-10-28, 07:08:38, 23.7, 48.35
2020-10-28, 07:08:40, 23.71, 48.35
2020-10-28, 07:08:41, 23.7, 48.35
2020-10-28, 07:08:42, 23.72, 48.35
2020-10-28, 07:08:44, 23.72, 48.35
2020-10-28, 07:08:45, 23.72, 48.35
2020-10-28, 07:08:46, 23.71, 48.35
2020-10-28, 07:08:48, 23.72, 48.35
2020-10-28, 07:08:49, 23.73, 48.36
2020-10-28, 07:08:50, 23.74, 48.36
2020-10-28, 07:08:52, 23.74, 48.36
2020-10-28, 07:08:53, 23.71, 48.35
2020-10-28, 07:08:54, 23.71, 48.35
2020-10-28, 07:08:56, 23.72, 48.35
2020-10-28, 07:08:57, 23.72, 48.35
2020-10-28, 07:08:59, 23.72, 48.35
2020-10-28, 07:09:00, 23.72, 48.35
2020-10-28, 07:09:01, 23.7, 48.35
2020-10-28, 07:09:03, 23.72, 48.35
2020-10-28, 07:09:04, 23.72, 48.35
2020-10-28, 07:09:05, 23.73, 48.36
2020-10-28, 07:09:07, 23.72, 48.35
2020-10-28, 07:09:08, 23.72, 48.35
2020-10-28, 07:09:09, 23.71, 48.35
2020-10-28, 07:09:11, 23.71, 48.35
2020-10-28, 07:09:12, 23.72, 48.35
2020-10-28, 07:09:13, 23.72, 48.35
2020-10-28, 07:09:15, 23.72, 48.35
2020-10-28, 07:09:16, 23.72, 48.35
2020-10-28, 07:09:18, 23.72, 48.35
2020-10-28, 07:09:19, 23.71, 48.35
2020-10-28, 07:09:20, 23.71, 48.35
2020-10-28, 07:09:22, 23.7, 48.35
2020-10-28, 07:09:23, 23.7, 48.35
2020-10-28, 07:09:24, 23.71, 48.35
2020-10-28, 07:09:26, 23.72, 48.35
2020-10-28, 07:09:27, 23.71, 48.35
2020-10-28, 07:09:28, 23.72, 48.35
2020-10-28, 07:09:30, 23.72, 48.35
2020-10-28, 07:09:31, 23.73, 48.36
2020-10-28, 07:09:32, 23.7, 48.32
2020-10-28, 07:09:34, 23.7, 48.35
2020-10-28, 07:09:35, 23.72, 48.35
2020-10-28, 07:09:37, 23.72, 48.32
2020-10-28, 07:09:38, 23.7, 48.35
2020-10-28, 07:09:39, 23.71, 48.35
2020-10-28, 07:09:41, 23.74, 48.36
2020-10-28, 07:09:42, 23.73, 48.36
2020-10-28, 07:09:43, 23.72, 48.35
2020-10-28, 07:09:45, 23.72, 48.35
2020-10-28, 07:09:46, 23.71, 48.35
2020-10-28, 07:09:47, 23.72, 48.35
2020-10-28, 07:09:49, 23.74, 48.36
2020-10-28, 07:09:50, 23.72, 48.35
2020-10-28, 07:09:51, 23.72, 48.35
2020-10-28, 07:09:53, 23.71, 48.35
2020-10-28, 07:09:54, 23.73, 48.36
2020-10-28, 07:09:55, 23.73, 48.36
2020-10-28, 07:09:57, 23.72, 48.39
2020-10-28, 07:09:58, 23.72, 48.35
2020-10-28, 07:10:00, 23.73, 48.36
2020-10-28, 07:10:01, 23.73, 48.39
2020-10-28, 07:10:02, 23.74, 48.39
2020-10-28, 07:10:04, 23.72, 48.35
2020-10-28, 07:10:05, 23.72, 48.35
2020-10-28, 07:10:06, 23.73, 48.36
2020-10-28, 07:10:08, 23.73, 48.36
2020-10-28, 07:10:09, 23.72, 48.35
2020-10-28, 07:10:10, 23.72, 48.35
2020-10-28, 07:10:12, 23.73, 48.36
2020-10-28, 07:10:13, 23.72, 48.39
2020-10-28, 07:10:14, 23.72, 48.35
2020-10-28, 07:10:16, 23.72, 48.35
2020-10-28, 07:10:17, 23.72, 48.35
2020-10-28, 07:10:19, 23.72, 48.35
2020-10-28, 07:10:20, 23.72, 48.35
2020-10-28, 07:10:21, 23.73, 48.36
2020-10-28, 07:10:23, 23.7, 48.35
2020-10-28, 07:10:24, 23.71, 48.39
2020-10-28, 07:10:25, 23.72, 48.39
2020-10-28, 07:10:27, 23.71, 48.39
2020-10-28, 07:10:28, 23.72, 48.39
2020-10-28, 07:10:29, 23.7, 48.38
2020-10-28, 07:10:31, 23.72, 48.39
2020-10-28, 07:10:32, 23.72, 48.39
2020-10-28, 07:10:33, 23.7, 48.38
2020-10-28, 07:10:35, 23.71, 48.39
2020-10-28, 07:10:36, 23.72, 48.39
2020-10-28, 07:10:38, 23.74, 48.39
2020-10-28, 07:10:39, 23.72, 48.39
2020-10-28, 07:10:40, 23.72, 48.42
2020-10-28, 07:10:42, 23.72, 48.39
2020-10-28, 07:10:43, 23.72, 48.42
2020-10-28, 07:10:44, 23.72, 48.42
2020-10-28, 07:10:46, 23.72, 48.39
2020-10-28, 07:10:47, 23.72, 48.39
2020-10-28, 07:10:48, 23.72, 48.39
2020-10-28, 07:10:50, 23.72, 48.39
2020-10-28, 07:10:51, 23.72, 48.39
2020-10-28, 07:10:52, 23.71, 48.39
2020-10-28, 07:10:54, 23.72, 48.42
2020-10-28, 07:10:55, 23.72, 48.39
2020-10-28, 07:10:57, 23.71, 48.39
2020-10-28, 07:10:58, 23.71, 48.39
2020-10-28, 07:10:59, 23.71, 48.42
2020-10-28, 07:11:01, 23.71, 48.39
2020-10-28, 07:11:02, 23.71, 48.42
2020-10-28, 07:11:03, 23.72, 48.42
2020-10-28, 07:11:05, 23.71, 48.42
2020-10-28, 07:11:06, 23.71, 48.42
2020-10-28, 07:11:07, 23.72, 48.42
2020-10-28, 07:11:09, 23.71, 48.42
2020-10-28, 07:11:10, 23.72, 48.42
2020-10-28, 07:11:11, 23.73, 48.42
2020-10-28, 07:11:13, 23.71, 48.42
2020-10-28, 07:11:14, 23.72, 48.42
2020-10-28, 07:11:16, 23.72, 48.42
2020-10-28, 07:11:17, 23.71, 48.45
2020-10-28, 07:11:18, 23.7, 48.42
2020-10-28, 07:11:20, 23.71, 48.45
2020-10-28, 07:11:21, 23.72, 48.48
2020-10-28, 07:11:22, 23.7, 48.45
2020-10-28, 07:11:24, 23.68, 48.45
2020-10-28, 07:11:25, 23.69, 48.48
2020-10-28, 07:11:26, 23.7, 48.48
2020-10-28, 07:11:28, 23.71, 48.48
2020-10-28, 07:11:29, 23.7, 48.48
2020-10-28, 07:11:31, 23.7, 48.48
2020-10-28, 07:11:32, 23.7, 48.48
2020-10-28, 07:11:33, 23.71, 48.48
2020-10-28, 07:11:35, 23.7, 48.45
2020-10-28, 07:11:36, 23.71, 48.45
2020-10-28, 07:11:37, 23.71, 48.45
2020-10-28, 07:11:39, 23.72, 48.45
2020-10-28, 07:11:40, 23.72, 48.45
2020-10-28, 07:11:41, 23.72, 48.42
2020-10-28, 07:11:43, 23.72, 48.45
2020-10-28, 07:11:44, 23.72, 48.45
2020-10-28, 07:11:45, 23.72, 48.42
2020-10-28, 07:11:47, 23.72, 48.45
2020-10-28, 07:11:48, 23.72, 48.45
2020-10-28, 07:11:49, 23.73, 48.45
2020-10-28, 07:11:51, 23.71, 48.45
2020-10-28, 07:11:52, 23.7, 48.48
2020-10-28, 07:11:54, 23.72, 48.48
2020-10-28, 07:11:55, 23.71, 48.48
2020-10-28, 07:11:56, 23.72, 48.48
2020-10-28, 07:11:58, 23.71, 48.48
2020-10-28, 07:11:59, 23.72, 48.45
2020-10-28, 07:12:00, 23.72, 48.48
2020-10-28, 07:12:02, 23.72, 48.48
2020-10-28, 07:12:03, 23.72, 48.48
2020-10-28, 07:12:04, 23.72, 48.45
2020-10-28, 07:12:06, 23.73, 48.48
2020-10-28, 07:12:07, 23.72, 48.45
2020-10-28, 07:12:08, 23.72, 48.48
2020-10-28, 07:12:10, 23.72, 48.45
2020-10-28, 07:12:11, 23.72, 48.48
2020-10-28, 07:12:13, 23.71, 48.48
2020-10-28, 07:12:14, 23.72, 48.48
2020-10-28, 07:12:15, 23.71, 48.48
2020-10-28, 07:12:17, 23.72, 48.48
2020-10-28, 07:12:18, 23.72, 48.48
2020-10-28, 07:12:19, 23.72, 48.48
2020-10-28, 07:12:21, 23.71, 48.45
2020-10-28, 07:12:22, 23.71, 48.48
2020-10-28, 07:12:23, 23.72, 48.48
2020-10-28, 07:12:25, 23.71, 48.48
2020-10-28, 07:12:26, 23.72, 48.48
2020-10-28, 07:12:27, 23.73, 48.48
2020-10-28, 07:12:29, 23.73, 48.48
2020-10-28, 07:12:30, 23.73, 48.48
2020-10-28, 07:12:32, 23.73, 48.48
2020-10-28, 07:12:33, 23.71, 48.48
2020-10-28, 07:12:34, 23.72, 48.48
2020-10-28, 07:12:36, 23.73, 48.48
2020-10-28, 07:12:37, 23.73, 48.48
2020-10-28, 07:12:38, 23.73, 48.48
2020-10-28, 07:12:40, 23.72, 48.48
2020-10-28, 07:12:41, 23.73, 48.48
2020-10-28, 07:12:42, 23.73, 48.48
2020-10-28, 07:12:44, 23.72, 48.48
2020-10-28, 07:12:45, 23.72, 48.48
2020-10-28, 07:12:46, 23.72, 48.51
2020-10-28, 07:12:48, 23.72, 48.51
2020-10-28, 07:12:49, 23.73, 48.52
2020-10-28, 07:12:51, 23.73, 48.55
2020-10-28, 07:12:52, 23.73, 48.55
2020-10-28, 07:12:53, 23.74, 48.55
2020-10-28, 07:12:55, 23.74, 48.55
2020-10-28, 07:12:56, 23.72, 48.55
2020-10-28, 07:12:57, 23.72, 48.55
2020-10-28, 07:12:59, 23.72, 48.55
2020-10-28, 07:13:00, 23.74, 48.55
2020-10-28, 07:13:01, 23.74, 48.55
2020-10-28, 07:13:03, 23.72, 48.55
2020-10-28, 07:13:04, 23.73, 48.55
2020-10-28, 07:13:05, 23.74, 48.55
2020-10-28, 07:13:07, 23.73, 48.55
2020-10-28, 07:13:08, 23.73, 48.55
2020-10-28, 07:13:10, 23.73, 48.55
2020-10-28, 07:13:11, 23.72, 48.55
2020-10-28, 07:13:12, 23.72, 48.58
2020-10-28, 07:13:14, 23.74, 48.58
2020-10-28, 07:13:15, 23.74, 48.55
2020-10-28, 07:13:16, 23.73, 48.55
2020-10-28, 07:13:18, 23.74, 48.55
2020-10-28, 07:13:19, 23.74, 48.55
2020-10-28, 07:13:20, 23.74, 48.55
2020-10-28, 07:13:22, 23.72, 48.55
2020-10-28, 07:13:23, 23.73, 48.58
2020-10-28, 07:13:24, 23.72, 48.58
2020-10-28, 07:13:26, 23.72, 48.58
2020-10-28, 07:13:27, 23.71, 48.58
2020-10-28, 07:13:29, 23.72, 48.61
2020-10-28, 07:13:30, 23.71, 48.58
2020-10-28, 07:13:31, 23.72, 48.58
2020-10-28, 07:13:33, 23.73, 48.58
2020-10-28, 07:13:34, 23.72, 48.61
2020-10-28, 07:13:35, 23.73, 48.61
2020-10-28, 07:13:37, 23.73, 48.58
2020-10-28, 07:13:38, 23.72, 48.58
2020-10-28, 07:13:39, 23.72, 48.61
2020-10-28, 07:13:41, 23.73, 48.61
2020-10-28, 07:13:42, 23.72, 48.61
2020-10-28, 07:13:43, 23.72, 48.61
2020-10-28, 07:13:45, 23.72, 48.61
2020-10-28, 07:13:46, 23.72, 48.61
2020-10-28, 07:13:48, 23.72, 48.61
2020-10-28, 07:13:49, 23.73, 48.61
2020-10-28, 07:13:50, 23.71, 48.61
2020-10-28, 07:13:52, 23.72, 48.64
2020-10-28, 07:13:53, 23.71, 48.64
2020-10-28, 07:13:54, 23.71, 48.61
2020-10-28, 07:13:56, 23.7, 48.64
2020-10-28, 07:13:57, 23.72, 48.67
2020-10-28, 07:13:58, 23.72, 48.64
2020-10-28, 07:14:00, 23.72, 48.64
2020-10-28, 07:14:01, 23.72, 48.64
2020-10-28, 07:14:03, 23.73, 48.64
2020-10-28, 07:14:04, 23.73, 48.61
2020-10-28, 07:14:05, 23.72, 48.64
2020-10-28, 07:14:07, 23.72, 48.64
2020-10-28, 07:14:08, 23.74, 48.64
2020-10-28, 07:14:09, 23.72, 48.64
2020-10-28, 07:14:11, 23.72, 48.67
2020-10-28, 07:14:12, 23.72, 48.64
2020-10-28, 07:14:13, 23.72, 48.61
2020-10-28, 07:14:15, 23.72, 48.64
2020-10-28, 07:14:16, 23.72, 48.61
2020-10-28, 07:14:17, 23.73, 48.61
2020-10-28, 07:14:19, 23.73, 48.64
2020-10-28, 07:14:20, 23.72, 48.64
2020-10-28, 07:14:22, 23.72, 48.61
2020-10-28, 07:14:23, 23.72, 48.61
2020-10-28, 07:14:24, 23.72, 48.64
2020-10-28, 07:14:26, 23.72, 48.64
2020-10-28, 07:14:27, 23.74, 48.64
2020-10-28, 07:14:28, 23.72, 48.64
2020-10-28, 07:14:30, 23.72, 48.64
2020-10-28, 07:14:31, 23.73, 48.68
2020-10-28, 07:14:32, 23.72, 48.64
2020-10-28, 07:14:34, 23.71, 48.67
2020-10-28, 07:14:35, 23.72, 48.67
2020-10-28, 07:14:36, 23.72, 48.67
2020-10-28, 07:14:38, 23.72, 48.71
2020-10-28, 07:14:39, 23.72, 48.67
2020-10-28, 07:14:41, 23.73, 48.68
2020-10-28, 07:14:42, 23.72, 48.71
2020-10-28, 07:14:43, 23.72, 48.67
2020-10-28, 07:14:45, 23.72, 48.67
2020-10-28, 07:14:46, 23.73, 48.68
2020-10-28, 07:14:47, 23.73, 48.68
2020-10-28, 07:14:49, 23.73, 48.71
2020-10-28, 07:14:50, 23.73, 48.71
2020-10-28, 07:14:51, 23.72, 48.71
2020-10-28, 07:14:53, 23.72, 48.71
2020-10-28, 07:14:54, 23.72, 48.71
2020-10-28, 07:14:55, 23.72, 48.71
2020-10-28, 07:14:57, 23.73, 48.71
2020-10-28, 07:14:58, 23.73, 48.68
2020-10-28, 07:15:00, 23.74, 48.68
2020-10-28, 07:15:01, 23.73, 48.68
2020-10-28, 07:15:02, 23.73, 48.71
2020-10-28, 07:15:04, 23.74, 48.71
2020-10-28, 07:15:05, 23.74, 48.71
2020-10-28, 07:15:06, 23.72, 48.71
2020-10-28, 07:15:08, 23.73, 48.71
2020-10-28, 07:15:09, 23.73, 48.71
2020-10-28, 07:15:10, 23.72, 48.71
2020-10-28, 07:15:12, 23.72, 48.71
2020-10-28, 07:15:13, 23.71, 48.7
2020-10-28, 07:15:14, 23.73, 48.71
2020-10-28, 07:15:16, 23.72, 48.74
2020-10-28, 07:15:17, 23.71, 48.74
2020-10-28, 07:15:19, 23.7, 48.7
2020-10-28, 07:15:20, 23.72, 48.74
2020-10-28, 07:15:21, 23.73, 48.74
2020-10-28, 07:15:23, 23.73, 48.74
2020-10-28, 07:15:24, 23.73, 48.74
2020-10-28, 07:15:25, 23.72, 48.74
2020-10-28, 07:15:27, 23.73, 48.77
2020-10-28, 07:15:28, 23.72, 48.74
2020-10-28, 07:15:29, 23.72, 48.74
2020-10-28, 07:15:31, 23.72, 48.74
2020-10-28, 07:15:32, 23.73, 48.74
2020-10-28, 07:15:33, 23.72, 48.74
2020-10-28, 07:15:35, 23.73, 48.74
2020-10-28, 07:15:36, 23.72, 48.74
2020-10-28, 07:15:38, 23.74, 48.74
2020-10-28, 07:15:39, 23.72, 48.74
2020-10-28, 07:15:40, 23.72, 48.71
2020-10-28, 07:15:42, 23.72, 48.74
2020-10-28, 07:15:43, 23.72, 48.74
2020-10-28, 07:15:44, 23.71, 48.74
2020-10-28, 07:15:46, 23.71, 48.74
2020-10-28, 07:15:47, 23.71, 48.74
2020-10-28, 07:15:48, 23.72, 48.74
2020-10-28, 07:15:50, 23.7, 48.77
2020-10-28, 07:15:51, 23.72, 48.74
2020-10-28, 07:15:53, 23.73, 48.74
2020-10-28, 07:15:54, 23.72, 48.74
2020-10-28, 07:15:55, 23.72, 48.77
2020-10-28, 07:15:57, 23.72, 48.74
2020-10-28, 07:15:58, 23.73, 48.74
2020-10-28, 07:15:59, 23.72, 48.77
2020-10-28, 07:16:01, 23.71, 48.8
2020-10-28, 07:16:02, 23.72, 48.8
2020-10-28, 07:16:03, 23.73, 48.8
2020-10-28, 07:16:05, 23.72, 48.77
2020-10-28, 07:16:06, 23.72, 48.77
2020-10-28, 07:16:07, 23.73, 48.77
2020-10-28, 07:16:09, 23.73, 48.8
2020-10-28, 07:16:10, 23.72, 48.77
2020-10-28, 07:16:12, 23.71, 48.8
2020-10-28, 07:16:13, 23.72, 48.8
2020-10-28, 07:16:14, 23.72, 48.8
2020-10-28, 07:16:16, 23.73, 48.8
2020-10-28, 07:16:17, 23.73, 48.77
2020-10-28, 07:16:18, 23.74, 48.8
2020-10-28, 07:16:20, 23.73, 48.77
2020-10-28, 07:16:21, 23.72, 48.77
2020-10-28, 07:16:22, 23.72, 48.8
2020-10-28, 07:16:24, 23.73, 48.77
2020-10-28, 07:16:25, 23.73, 48.8
2020-10-28, 07:16:26, 23.72, 48.8
2020-10-28, 07:16:28, 23.73, 48.83
2020-10-28, 07:16:29, 23.72, 48.83
2020-10-28, 07:16:30, 23.73, 48.8
2020-10-28, 07:16:32, 23.73, 48.8
2020-10-28, 07:16:33, 23.74, 48.8
2020-10-28, 07:16:35, 23.73, 48.8
2020-10-28, 07:16:36, 23.73, 48.8
2020-10-28, 07:16:37, 23.72, 48.8
2020-10-28, 07:16:39, 23.72, 48.8
2020-10-28, 07:16:40, 23.7, 48.77
2020-10-28, 07:16:41, 23.71, 48.77
2020-10-28, 07:16:43, 23.72, 48.77
2020-10-28, 07:16:44, 23.72, 48.77
2020-10-28, 07:16:45, 23.72, 48.77
2020-10-28, 07:16:47, 23.73, 48.74
2020-10-28, 07:16:48, 23.72, 48.77
2020-10-28, 07:16:49, 23.73, 48.77
2020-10-28, 07:16:51, 23.72, 48.77
2020-10-28, 07:16:52, 23.72, 48.74
2020-10-28, 07:16:54, 23.72, 48.77
2020-10-28, 07:16:55, 23.74, 48.77
2020-10-28, 07:16:56, 23.73, 48.77
2020-10-28, 07:16:58, 23.73, 48.77
2020-10-28, 07:16:59, 23.72, 48.8
2020-10-28, 07:17:00, 23.73, 48.8
2020-10-28, 07:17:02, 23.72, 48.8
2020-10-28, 07:17:03, 23.74, 48.8
2020-10-28, 07:17:04, 23.75, 48.81
2020-10-28, 07:17:06, 23.73, 48.8
2020-10-28, 07:17:07, 23.73, 48.8
2020-10-28, 07:17:08, 23.73, 48.8
2020-10-28, 07:17:10, 23.72, 48.83
2020-10-28, 07:17:11, 23.71, 48.83
2020-10-28, 07:17:13, 23.72, 48.83
2020-10-28, 07:17:14, 23.74, 48.87
2020-10-28, 07:17:15, 23.72, 48.86
2020-10-28, 07:17:17, 23.73, 48.9
2020-10-28, 07:17:18, 23.72, 48.9
2020-10-28, 07:17:19, 23.73, 48.87
2020-10-28, 07:17:21, 23.74, 48.87
2020-10-28, 07:17:22, 23.73, 48.87
2020-10-28, 07:17:23, 23.72, 48.83
2020-10-28, 07:17:25, 23.72, 48.86
2020-10-28, 07:17:26, 23.69, 48.83
2020-10-28, 07:17:27, 23.71, 48.83
2020-10-28, 07:17:29, 23.73, 48.83
2020-10-28, 07:17:30, 23.71, 48.83
2020-10-28, 07:17:32, 23.73, 48.83
2020-10-28, 07:17:33, 23.72, 48.83
2020-10-28, 07:17:34, 23.72, 48.83
2020-10-28, 07:17:36, 23.73, 48.83
2020-10-28, 07:17:37, 23.72, 48.83
2020-10-28, 07:17:38, 23.73, 48.83
2020-10-28, 07:17:40, 23.73, 48.87
2020-10-28, 07:17:41, 23.72, 48.83
2020-10-28, 07:17:42, 23.74, 48.84
2020-10-28, 07:17:44, 23.74, 48.8
2020-10-28, 07:17:45, 23.72, 48.8
2020-10-28, 07:17:46, 23.73, 48.83
2020-10-28, 07:17:48, 23.72, 48.8
2020-10-28, 07:17:49, 23.73, 48.8
2020-10-28, 07:17:51, 23.73, 48.8
2020-10-28, 07:17:52, 23.74, 48.8
2020-10-28, 07:17:53, 23.74, 48.8
2020-10-28, 07:17:55, 23.72, 48.8
2020-10-28, 07:17:56, 23.73, 48.8
2020-10-28, 07:17:57, 23.71, 48.8
2020-10-28, 07:17:59, 23.73, 48.8
2020-10-28, 07:18:00, 23.73, 48.83
2020-10-28, 07:18:01, 23.73, 48.83
2020-10-28, 07:18:03, 23.72, 48.83
2020-10-28, 07:18:04, 23.74, 48.84
2020-10-28, 07:18:05, 23.72, 48.86
2020-10-28, 07:18:07, 23.72, 48.83
2020-10-28, 07:18:08, 23.72, 48.86
2020-10-28, 07:18:10, 23.73, 48.83
2020-10-28, 07:18:11, 23.74, 48.87
2020-10-28, 07:18:12, 23.73, 48.87
2020-10-28, 07:18:14, 23.75, 48.84
2020-10-28, 07:18:15, 23.72, 48.83
2020-10-28, 07:18:16, 23.72, 48.83
2020-10-28, 07:18:18, 23.72, 48.83
2020-10-28, 07:18:19, 23.74, 48.87
2020-10-28, 07:18:20, 23.73, 48.87
2020-10-28, 07:18:22, 23.73, 48.87
2020-10-28, 07:18:23, 23.73, 48.87
2020-10-28, 07:18:25, 23.72, 48.86
2020-10-28, 07:18:26, 23.74, 48.87
2020-10-28, 07:18:27, 23.74, 48.87
2020-10-28, 07:18:29, 23.73, 48.87
2020-10-28, 07:18:30, 23.74, 48.84
2020-10-28, 07:18:31, 23.74, 48.84
2020-10-28, 07:18:33, 23.76, 48.87
2020-10-28, 07:18:34, 23.73, 48.87
2020-10-28, 07:18:35, 23.74, 48.87
2020-10-28, 07:18:37, 23.74, 48.87
2020-10-28, 07:18:38, 23.74, 48.87
2020-10-28, 07:18:39, 23.72, 48.86
2020-10-28, 07:18:41, 23.74, 48.87
2020-10-28, 07:18:42, 23.73, 48.87
2020-10-28, 07:18:44, 23.74, 48.84
2020-10-28, 07:18:45, 23.74, 48.87
2020-10-28, 07:18:46, 23.74, 48.84
2020-10-28, 07:18:48, 23.74, 48.84
2020-10-28, 07:18:49, 23.74, 48.84
2020-10-28, 07:18:50, 23.75, 48.84
2020-10-28, 07:18:52, 23.74, 48.8
2020-10-28, 07:18:53, 23.75, 48.87
2020-10-28, 07:18:54, 23.73, 48.83
2020-10-28, 07:18:56, 23.73, 48.83
2020-10-28, 07:18:57, 23.73, 48.8
2020-10-28, 07:18:58, 23.74, 48.84
2020-10-28, 07:19:00, 23.74, 48.84
2020-10-28, 07:19:01, 23.76, 48.84
2020-10-28, 07:19:03, 23.74, 48.8
2020-10-28, 07:19:04, 23.73, 48.83
2020-10-28, 07:19:05, 23.72, 48.83
2020-10-28, 07:19:07, 23.73, 48.83
2020-10-28, 07:19:08, 23.74, 48.84
2020-10-28, 07:19:09, 23.75, 48.84
2020-10-28, 07:19:11, 23.74, 48.84
2020-10-28, 07:19:12, 23.74, 48.87
2020-10-28, 07:19:13, 23.74, 48.84
2020-10-28, 07:19:15, 23.74, 48.87
2020-10-28, 07:19:16, 23.74, 48.84
2020-10-28, 07:19:17, 23.74, 48.84
2020-10-28, 07:19:19, 23.76, 48.84
2020-10-28, 07:19:20, 23.74, 48.84
2020-10-28, 07:19:22, 23.75, 48.84
2020-10-28, 07:19:23, 23.74, 48.84
2020-10-28, 07:19:24, 23.74, 48.84
2020-10-28, 07:19:26, 23.74, 48.87
2020-10-28, 07:19:27, 23.74, 48.84
2020-10-28, 07:19:28, 23.74, 48.84
2020-10-28, 07:19:30, 23.74, 48.84
2020-10-28, 07:19:31, 23.76, 48.87
2020-10-28, 07:19:32, 23.74, 48.87
2020-10-28, 07:19:34, 23.74, 48.84
2020-10-28, 07:19:35, 23.74, 48.84
2020-10-28, 07:19:36, 23.73, 48.83
2020-10-28, 07:19:38, 23.74, 48.84
2020-10-28, 07:19:39, 23.74, 48.84
2020-10-28, 07:19:41, 23.76, 48.84
2020-10-28, 07:19:42, 23.74, 48.84
2020-10-28, 07:19:43, 23.74, 48.87
2020-10-28, 07:19:45, 23.73, 48.83
2020-10-28, 07:19:46, 23.74, 48.84
2020-10-28, 07:19:47, 23.73, 48.87
2020-10-28, 07:19:49, 23.74, 48.84
2020-10-28, 07:19:50, 23.74, 48.8
2020-10-28, 07:19:51, 23.73, 48.83
2020-10-28, 07:19:53, 23.74, 48.84
2020-10-28, 07:19:54, 23.74, 48.8
2020-10-28, 07:19:55, 23.74, 48.8
2020-10-28, 07:19:57, 23.75, 48.84
2020-10-28, 07:19:58, 23.75, 48.84
2020-10-28, 07:20:00, 23.74, 48.84
2020-10-28, 07:20:01, 23.74, 48.8
2020-10-28, 07:20:02, 23.73, 48.83
2020-10-28, 07:20:04, 23.74, 48.84
2020-10-28, 07:20:05, 23.75, 48.84
2020-10-28, 07:20:06, 23.74, 48.84
2020-10-28, 07:20:08, 23.73, 48.83
2020-10-28, 07:20:09, 23.74, 48.8
2020-10-28, 07:20:10, 23.73, 48.83
2020-10-28, 07:20:12, 23.74, 48.84
2020-10-28, 07:20:13, 23.74, 48.84
2020-10-28, 07:20:14, 23.73, 48.8
2020-10-28, 07:20:16, 23.74, 48.8
2020-10-28, 07:20:17, 23.73, 48.8
2020-10-28, 07:20:19, 23.73, 48.83
2020-10-28, 07:20:20, 23.74, 48.8
2020-10-28, 07:20:21, 23.74, 48.84
2020-10-28, 07:20:23, 23.74, 48.84
2020-10-28, 07:20:24, 23.73, 48.8
2020-10-28, 07:20:25, 23.75, 48.81
2020-10-28, 07:20:27, 23.74, 48.8
2020-10-28, 07:20:28, 23.74, 48.8
2020-10-28, 07:20:29, 23.75, 48.84
2020-10-28, 07:20:31, 23.74, 48.84
2020-10-28, 07:20:32, 23.74, 48.8
2020-10-28, 07:20:33, 23.75, 48.81
2020-10-28, 07:20:35, 23.75, 48.81
2020-10-28, 07:20:36, 23.74, 48.84
2020-10-28, 07:20:38, 23.73, 48.8
2020-10-28, 07:20:39, 23.73, 48.8
2020-10-28, 07:20:40, 23.75, 48.84
2020-10-28, 07:20:42, 23.74, 48.8
2020-10-28, 07:20:43, 23.74, 48.8
2020-10-28, 07:20:44, 23.75, 48.81
2020-10-28, 07:20:46, 23.74, 48.8
2020-10-28, 07:20:47, 23.74, 48.8
2020-10-28, 07:20:48, 23.75, 48.81
2020-10-28, 07:20:50, 23.74, 48.8
2020-10-28, 07:20:51, 23.76, 48.84
2020-10-28, 07:20:52, 23.73, 48.8
2020-10-28, 07:20:54, 23.73, 48.8
2020-10-28, 07:20:55, 23.74, 48.84
2020-10-28, 07:20:57, 23.73, 48.8
2020-10-28, 07:20:58, 23.73, 48.8
2020-10-28, 07:20:59, 23.73, 48.83
2020-10-28, 07:21:01, 23.75, 48.81
2020-10-28, 07:21:02, 23.73, 48.83
2020-10-28, 07:21:03, 23.72, 48.83
2020-10-28, 07:21:05, 23.74, 48.8
2020-10-28, 07:21:06, 23.73, 48.8
2020-10-28, 07:21:07, 23.72, 48.8
2020-10-28, 07:21:09, 23.74, 48.84
2020-10-28, 07:21:10, 23.73, 48.83
2020-10-28, 07:21:12, 23.73, 48.8
2020-10-28, 07:21:13, 23.74, 48.84
2020-10-28, 07:21:14, 23.74, 48.8
2020-10-28, 07:21:16, 23.73, 48.83
2020-10-28, 07:21:17, 23.74, 48.84
2020-10-28, 07:21:18, 23.74, 48.84
2020-10-28, 07:21:20, 23.74, 48.84
2020-10-28, 07:21:21, 23.74, 48.84
2020-10-28, 07:21:22, 23.74, 48.84
2020-10-28, 07:21:24, 23.75, 48.84
2020-10-28, 07:21:25, 23.74, 48.84
2020-10-28, 07:21:26, 23.75, 48.84
2020-10-28, 07:21:28, 23.73, 48.83
2020-10-28, 07:21:29, 23.73, 48.83
2020-10-28, 07:21:30, 23.75, 48.84
2020-10-28, 07:21:32, 23.73, 48.83
2020-10-28, 07:21:33, 23.74, 48.87
2020-10-28, 07:21:35, 23.74, 48.84
2020-10-28, 07:21:36, 23.74, 48.84
2020-10-28, 07:21:37, 23.73, 48.83
2020-10-28, 07:21:39, 23.73, 48.83
2020-10-28, 07:21:40, 23.72, 48.8
2020-10-28, 07:21:41, 23.73, 48.83
2020-10-28, 07:21:43, 23.74, 48.8
2020-10-28, 07:21:44, 23.73, 48.8
2020-10-28, 07:21:45, 23.74, 48.8
2020-10-28, 07:21:47, 23.74, 48.8
2020-10-28, 07:21:48, 23.75, 48.81
2020-10-28, 07:21:49, 23.75, 48.81
2020-10-28, 07:21:51, 23.76, 48.81
2020-10-28, 07:21:52, 23.74, 48.8
2020-10-28, 07:21:53, 23.75, 48.81
2020-10-28, 07:21:55, 23.74, 48.8
2020-10-28, 07:21:56, 23.76, 48.81
2020-10-28, 07:21:58, 23.74, 48.8
2020-10-28, 07:21:59, 23.74, 48.8
2020-10-28, 07:22:00, 23.74, 48.84
2020-10-28, 07:22:02, 23.74, 48.8
2020-10-28, 07:22:03, 23.74, 48.8
2020-10-28, 07:22:04, 23.75, 48.81
2020-10-28, 07:22:06, 23.74, 48.8
2020-10-28, 07:22:07, 23.74, 48.8
2020-10-28, 07:22:08, 23.74, 48.8
2020-10-28, 07:22:10, 23.75, 48.81
2020-10-28, 07:22:11, 23.76, 48.81
2020-10-28, 07:22:12, 23.75, 48.81
2020-10-28, 07:22:14, 23.75, 48.81
2020-10-28, 07:22:15, 23.75, 48.81
2020-10-28, 07:22:17, 23.75, 48.81
2020-10-28, 07:22:18, 23.72, 48.8
2020-10-28, 07:22:19, 23.75, 48.81
2020-10-28, 07:22:21, 23.75, 48.81
2020-10-28, 07:22:22, 23.75, 48.81
2020-10-28, 07:22:23, 23.75, 48.81
2020-10-28, 07:22:25, 23.76, 48.81
2020-10-28, 07:22:26, 23.75, 48.81
2020-10-28, 07:22:27, 23.76, 48.81
2020-10-28, 07:22:29, 23.76, 48.81
2020-10-28, 07:22:30, 23.76, 48.81
2020-10-28, 07:22:32, 23.76, 48.81
2020-10-28, 07:22:33, 23.76, 48.77
2020-10-28, 07:22:34, 23.75, 48.77
2020-10-28, 07:22:36, 23.77, 48.81
2020-10-28, 07:22:37, 23.77, 48.78
2020-10-28, 07:22:38, 23.77, 48.81
2020-10-28, 07:22:40, 23.76, 48.77
2020-10-28, 07:22:41, 23.76, 48.77
2020-10-28, 07:22:42, 23.77, 48.78
2020-10-28, 07:22:44, 23.76, 48.77
2020-10-28, 07:22:45, 23.76, 48.77
2020-10-28, 07:22:46, 23.76, 48.77
2020-10-28, 07:22:48, 23.76, 48.77
2020-10-28, 07:22:49, 23.74, 48.77
2020-10-28, 07:22:51, 23.76, 48.81
2020-10-28, 07:22:52, 23.76, 48.77
2020-10-28, 07:22:53, 23.77, 48.78
2020-10-28, 07:22:55, 23.76, 48.77
2020-10-28, 07:22:56, 23.76, 48.77
2020-10-28, 07:22:57, 23.76, 48.77
2020-10-28, 07:22:59, 23.76, 48.77
2020-10-28, 07:23:00, 23.77, 48.74
2020-10-28, 07:23:01, 23.76, 48.74
2020-10-28, 07:23:03, 23.78, 48.78
2020-10-28, 07:23:04, 23.78, 48.78
2020-10-28, 07:23:05, 23.75, 48.77
2020-10-28, 07:23:07, 23.76, 48.77
2020-10-28, 07:23:08, 23.76, 48.77
2020-10-28, 07:23:09, 23.78, 48.78
2020-10-28, 07:23:11, 23.76, 48.81
2020-10-28, 07:23:12, 23.77, 48.78
2020-10-28, 07:23:14, 23.76, 48.77
2020-10-28, 07:23:15, 23.76, 48.77
2020-10-28, 07:23:16, 23.77, 48.78
2020-10-28, 07:23:18, 23.77, 48.78
2020-10-28, 07:23:19, 23.76, 48.81
2020-10-28, 07:23:20, 23.77, 48.81
2020-10-28, 07:23:22, 23.76, 48.77
2020-10-28, 07:23:23, 23.75, 48.81
2020-10-28, 07:23:24, 23.76, 48.77
2020-10-28, 07:23:26, 23.76, 48.77
2020-10-28, 07:23:27, 23.77, 48.78
2020-10-28, 07:23:28, 23.76, 48.81
2020-10-28, 07:23:30, 23.75, 48.77
2020-10-28, 07:23:31, 23.76, 48.77
2020-10-28, 07:23:33, 23.77, 48.81
2020-10-28, 07:23:34, 23.76, 48.77
2020-10-28, 07:23:35, 23.76, 48.77
2020-10-28, 07:23:37, 23.75, 48.81
2020-10-28, 07:23:38, 23.76, 48.77
2020-10-28, 07:23:39, 23.74, 48.77
2020-10-28, 07:23:41, 23.75, 48.77
2020-10-28, 07:23:42, 23.78, 48.78
2020-10-28, 07:23:43, 23.77, 48.78
2020-10-28, 07:23:45, 23.76, 48.74
2020-10-28, 07:23:46, 23.76, 48.77
2020-10-28, 07:23:47, 23.76, 48.81
2020-10-28, 07:23:49, 23.77, 48.78
2020-10-28, 07:23:50, 23.78, 48.78
2020-10-28, 07:23:52, 23.78, 48.78
2020-10-28, 07:23:53, 23.76, 48.74
2020-10-28, 07:23:54, 23.76, 48.77
2020-10-28, 07:23:56, 23.77, 48.78
2020-10-28, 07:23:57, 23.77, 48.74
2020-10-28, 07:23:58, 23.76, 48.74
2020-10-28, 07:24:00, 23.76, 48.74
2020-10-28, 07:24:01, 23.77, 48.74
2020-10-28, 07:24:02, 23.77, 48.74
2020-10-28, 07:24:04, 23.76, 48.74
2020-10-28, 07:24:05, 23.76, 48.74
2020-10-28, 07:24:06, 23.76, 48.74
2020-10-28, 07:24:08, 23.74, 48.74
2020-10-28, 07:24:09, 23.76, 48.74
2020-10-28, 07:24:11, 23.76, 48.74
2020-10-28, 07:24:12, 23.76, 48.74
2020-10-28, 07:24:13, 23.76, 48.74
2020-10-28, 07:24:15, 23.77, 48.74
2020-10-28, 07:24:16, 23.76, 48.74
2020-10-28, 07:24:17, 23.75, 48.77
2020-10-28, 07:24:19, 23.76, 48.77
2020-10-28, 07:24:20, 23.76, 48.74
2020-10-28, 07:24:22, 23.7, 48.77
2020-10-28, 07:24:23, 23.76, 48.77
2020-10-28, 07:24:24, 23.76, 48.81
2020-10-28, 07:24:26, 23.77, 48.74
2020-10-28, 07:24:27, 23.76, 48.74
2020-10-28, 07:24:28, 23.77, 48.74
2020-10-28, 07:24:30, 23.75, 48.74
2020-10-28, 07:24:31, 23.76, 48.74
2020-10-28, 07:24:32, 23.76, 48.74
2020-10-28, 07:24:34, 23.76, 48.77
2020-10-28, 07:24:35, 23.77, 48.78
2020-10-28, 07:24:36, 23.76, 48.74
2020-10-28, 07:24:38, 23.77, 48.74
2020-10-28, 07:24:39, 23.77, 48.74
2020-10-28, 07:24:41, 23.76, 48.74
2020-10-28, 07:24:42, 23.77, 48.74
2020-10-28, 07:24:43, 23.77, 48.74
2020-10-28, 07:24:45, 23.78, 48.75
2020-10-28, 07:24:46, 23.78, 48.75
2020-10-28, 07:24:47, 23.76, 48.74
2020-10-28, 07:24:49, 23.76, 48.74
2020-10-28, 07:24:50, 23.77, 48.74
2020-10-28, 07:24:51, 23.77, 48.74
2020-10-28, 07:24:53, 23.76, 48.74
2020-10-28, 07:24:54, 23.76, 48.74
2020-10-28, 07:24:55, 23.77, 48.74
2020-10-28, 07:24:57, 23.76, 48.74
2020-10-28, 07:24:58, 23.76, 48.74
2020-10-28, 07:25:00, 23.76, 48.71
2020-10-28, 07:25:01, 23.77, 48.71
2020-10-28, 07:25:02, 23.76, 48.71
2020-10-28, 07:25:04, 23.76, 48.74
2020-10-28, 07:25:05, 23.77, 48.71
2020-10-28, 07:25:06, 23.78, 48.75
2020-10-28, 07:25:08, 23.77, 48.71
2020-10-28, 07:25:09, 23.76, 48.71
2020-10-28, 07:25:10, 23.76, 48.71
2020-10-28, 07:25:12, 23.77, 48.74
2020-10-28, 07:25:13, 23.78, 48.71
2020-10-28, 07:25:15, 23.76, 48.71
2020-10-28, 07:25:16, 23.76, 48.71
2020-10-28, 07:25:17, 23.78, 48.71
2020-10-28, 07:25:19, 23.74, 48.71
2020-10-28, 07:25:20, 23.77, 48.71
2020-10-28, 07:25:21, 23.78, 48.71
2020-10-28, 07:25:23, 23.78, 48.71
2020-10-28, 07:25:24, 23.76, 48.68
2020-10-28, 07:25:25, 23.77, 48.71
2020-10-28, 07:25:27, 23.78, 48.68
2020-10-28, 07:25:28, 23.78, 48.68
2020-10-28, 07:25:29, 23.78, 48.68
2020-10-28, 07:25:31, 23.78, 48.68
2020-10-28, 07:25:32, 23.78, 48.68
2020-10-28, 07:25:34, 23.78, 48.68
2020-10-28, 07:25:35, 23.78, 48.68
2020-10-28, 07:25:36, 23.77, 48.68
2020-10-28, 07:25:38, 23.77, 48.68
2020-10-28, 07:25:39, 23.78, 48.68
2020-10-28, 07:25:40, 23.78, 48.68
2020-10-28, 07:25:42, 23.78, 48.68
2020-10-28, 07:25:43, 23.79, 48.68
2020-10-28, 07:25:44, 23.8, 48.68
2020-10-28, 07:25:46, 23.79, 48.68
2020-10-28, 07:25:47, 23.78, 48.68
2020-10-28, 07:25:48, 23.79, 48.68
2020-10-28, 07:25:50, 23.78, 48.65
2020-10-28, 07:25:51, 23.78, 48.68
2020-10-28, 07:25:53, 23.78, 48.65
2020-10-28, 07:25:54, 23.78, 48.68
2020-10-28, 07:25:55, 23.78, 48.65
2020-10-28, 07:25:57, 23.76, 48.65
2020-10-28, 07:25:58, 23.78, 48.65
2020-10-28, 07:25:59, 23.76, 48.68
2020-10-28, 07:26:01, 23.77, 48.68
2020-10-28, 07:26:02, 23.78, 48.68
2020-10-28, 07:26:03, 23.78, 48.65
2020-10-28, 07:26:05, 23.79, 48.68
2020-10-28, 07:26:06, 23.79, 48.65
2020-10-28, 07:26:07, 23.78, 48.65
2020-10-28, 07:26:09, 23.79, 48.65
2020-10-28, 07:26:10, 23.78, 48.68
2020-10-28, 07:26:12, 23.79, 48.65
2020-10-28, 07:26:13, 23.78, 48.65
2020-10-28, 07:26:14, 23.78, 48.65
2020-10-28, 07:26:16, 23.78, 48.65
2020-10-28, 07:26:17, 23.78, 48.65
2020-10-28, 07:26:18, 23.78, 48.68
2020-10-28, 07:26:20, 23.78, 48.65
2020-10-28, 07:26:21, 23.77, 48.68
2020-10-28, 07:26:22, 23.78, 48.65
2020-10-28, 07:26:24, 23.79, 48.65
2020-10-28, 07:26:25, 23.78, 48.68
2020-10-28, 07:26:26, 23.79, 48.65
2020-10-28, 07:26:28, 23.78, 48.68
2020-10-28, 07:26:29, 23.78, 48.65
2020-10-28, 07:26:31, 23.78, 48.65
2020-10-28, 07:26:32, 23.78, 48.68
2020-10-28, 07:26:33, 23.79, 48.68
2020-10-28, 07:26:35, 23.79, 48.65
2020-10-28, 07:26:36, 23.78, 48.68
2020-10-28, 07:26:37, 23.78, 48.68
2020-10-28, 07:26:39, 23.79, 48.68
2020-10-28, 07:26:40, 23.78, 48.68
2020-10-28, 07:26:41, 23.78, 48.68
2020-10-28, 07:26:43, 23.79, 48.68
2020-10-28, 07:26:44, 23.78, 48.68
2020-10-28, 07:26:45, 23.78, 48.68
2020-10-28, 07:26:47, 23.79, 48.65
2020-10-28, 07:26:48, 23.78, 48.65
2020-10-28, 07:26:50, 23.79, 48.68
2020-10-28, 07:26:51, 23.8, 48.65
2020-10-28, 07:26:52, 23.77, 48.65
2020-10-28, 07:26:54, 23.79, 48.65
2020-10-28, 07:26:55, 23.79, 48.62
2020-10-28, 07:26:56, 23.79, 48.65
2020-10-28, 07:26:58, 23.78, 48.65
2020-10-28, 07:26:59, 23.78, 48.65
2020-10-28, 07:27:00, 23.79, 48.62
2020-10-28, 07:27:02, 23.8, 48.62
2020-10-28, 07:27:03, 23.79, 48.65
2020-10-28, 07:27:04, 23.78, 48.65
2020-10-28, 07:27:06, 23.78, 48.62
2020-10-28, 07:27:07, 23.78, 48.65
2020-10-28, 07:27:09, 23.76, 48.65
2020-10-28, 07:27:10, 23.77, 48.65
2020-10-28, 07:27:11, 23.76, 48.65
2020-10-28, 07:27:13, 23.78, 48.65
2020-10-28, 07:27:14, 23.76, 48.65
2020-10-28, 07:27:15, 23.76, 48.65
2020-10-28, 07:27:17, 23.78, 48.65
2020-10-28, 07:27:18, 23.77, 48.65
2020-10-28, 07:27:19, 23.76, 48.65
2020-10-28, 07:27:21, 23.77, 48.65
2020-10-28, 07:27:22, 23.76, 48.65
2020-10-28, 07:27:24, 23.76, 48.65
2020-10-28, 07:27:25, 23.76, 48.68
2020-10-28, 07:27:26, 23.77, 48.65
2020-10-28, 07:27:28, 23.77, 48.65
2020-10-28, 07:27:29, 23.77, 48.65
2020-10-28, 07:27:30, 23.75, 48.68
2020-10-28, 07:27:32, 23.78, 48.68
2020-10-28, 07:27:33, 23.77, 48.68
2020-10-28, 07:27:34, 23.75, 48.65
2020-10-28, 07:27:36, 23.76, 48.65
2020-10-28, 07:27:37, 23.76, 48.68
2020-10-28, 07:27:38, 23.75, 48.68
2020-10-28, 07:27:40, 23.76, 48.68
2020-10-28, 07:27:41, 23.75, 48.68
2020-10-28, 07:27:43, 23.77, 48.65
2020-10-28, 07:27:44, 23.76, 48.65
2020-10-28, 07:27:45, 23.76, 48.68
2020-10-28, 07:27:47, 23.75, 48.65
2020-10-28, 07:27:48, 23.75, 48.68
2020-10-28, 07:27:49, 23.76, 48.68
2020-10-28, 07:27:51, 23.76, 48.68
2020-10-28, 07:27:52, 23.75, 48.68
2020-10-28, 07:27:53, 23.75, 48.65
2020-10-28, 07:27:55, 23.76, 48.68
2020-10-28, 07:27:56, 23.76, 48.68
2020-10-28, 07:27:58, 23.74, 48.68
2020-10-28, 07:27:59, 23.76, 48.68
2020-10-28, 07:28:00, 23.76, 48.68
2020-10-28, 07:28:02, 23.76, 48.68
2020-10-28, 07:28:03, 23.76, 48.68
2020-10-28, 07:28:04, 23.76, 48.68
2020-10-28, 07:28:06, 23.76, 48.68
2020-10-28, 07:28:07, 23.76, 48.68
2020-10-28, 07:28:08, 23.74, 48.68
2020-10-28, 07:28:10, 23.74, 48.68
2020-10-28, 07:28:11, 23.72, 48.67
2020-10-28, 07:28:12, 23.74, 48.71
2020-10-28, 07:28:14, 23.73, 48.68
2020-10-28, 07:28:15, 23.74, 48.68
2020-10-28, 07:28:17, 23.74, 48.68
2020-10-28, 07:28:18, 23.74, 48.68
2020-10-28, 07:28:19, 23.75, 48.68
2020-10-28, 07:28:21, 23.75, 48.68
2020-10-28, 07:28:22, 23.75, 48.68
2020-10-28, 07:28:23, 23.74, 48.68
2020-10-28, 07:28:25, 23.73, 48.68
2020-10-28, 07:28:26, 23.74, 48.68
2020-10-28, 07:28:27, 23.74, 48.68
2020-10-28, 07:28:29, 23.76, 48.68
2020-10-28, 07:28:30, 23.75, 48.68
2020-10-28, 07:28:31, 23.75, 48.68
2020-10-28, 07:28:33, 23.75, 48.68
2020-10-28, 07:28:34, 23.75, 48.68
2020-10-28, 07:28:36, 23.75, 48.68
2020-10-28, 07:28:37, 23.75, 48.71
2020-10-28, 07:28:38, 23.75, 48.68
2020-10-28, 07:28:40, 23.75, 48.68
2020-10-28, 07:28:41, 23.73, 48.68
2020-10-28, 07:28:42, 23.74, 48.68
2020-10-28, 07:28:44, 23.76, 48.68
2020-10-28, 07:28:45, 23.75, 48.68
2020-10-28, 07:28:46, 23.74, 48.68
2020-10-28, 07:28:48, 23.74, 48.68
2020-10-28, 07:28:49, 23.74, 48.68
2020-10-28, 07:28:50, 23.73, 48.68
2020-10-28, 07:28:52, 23.73, 48.68
2020-10-28, 07:28:53, 23.74, 48.68
2020-10-28, 07:28:55, 23.74, 48.68
2020-10-28, 07:28:56, 23.73, 48.68
2020-10-28, 07:28:57, 23.73, 48.68
2020-10-28, 07:28:59, 23.73, 48.68
2020-10-28, 07:29:00, 23.73, 48.68
2020-10-28, 07:29:01, 23.72, 48.67
2020-10-28, 07:29:03, 23.73, 48.68
2020-10-28, 07:29:04, 23.71, 48.67
2020-10-28, 07:29:05, 23.74, 48.68
2020-10-28, 07:29:07, 23.73, 48.68
2020-10-28, 07:29:08, 23.72, 48.67
2020-10-28, 07:29:09, 23.74, 48.68
2020-10-28, 07:29:11, 23.73, 48.68
2020-10-28, 07:29:12, 23.73, 48.68
2020-10-28, 07:29:14, 23.73, 48.71
2020-10-28, 07:29:15, 23.72, 48.67
2020-10-28, 07:29:16, 23.72, 48.67
2020-10-28, 07:29:18, 23.73, 48.68
2020-10-28, 07:29:19, 23.72, 48.67
2020-10-28, 07:29:20, 23.73, 48.68
2020-10-28, 07:29:22, 23.74, 48.68
2020-10-28, 07:29:23, 23.74, 48.68
2020-10-28, 07:29:24, 23.72, 48.67
2020-10-28, 07:29:26, 23.72, 48.67
2020-10-28, 07:29:27, 23.72, 48.67
2020-10-28, 07:29:28, 23.72, 48.67
2020-10-28, 07:29:30, 23.72, 48.67
2020-10-28, 07:29:31, 23.71, 48.7
2020-10-28, 07:29:33, 23.71, 48.67
2020-10-28, 07:29:34, 23.72, 48.71
2020-10-28, 07:29:35, 23.72, 48.71
2020-10-28, 07:29:37, 23.71, 48.7
2020-10-28, 07:29:38, 23.72, 48.71
2020-10-28, 07:29:39, 23.72, 48.71
2020-10-28, 07:29:41, 23.72, 48.71
2020-10-28, 07:29:42, 23.71, 48.67
2020-10-28, 07:29:43, 23.71, 48.67
2020-10-28, 07:29:45, 23.72, 48.67
2020-10-28, 07:29:46, 23.72, 48.71
2020-10-28, 07:29:47, 23.71, 48.67
2020-10-28, 07:29:49, 23.72, 48.67
2020-10-28, 07:29:50, 23.71, 48.67
2020-10-28, 07:29:52, 23.72, 48.67
2020-10-28, 07:29:53, 23.72, 48.67
2020-10-28, 07:29:54, 23.72, 48.67
2020-10-28, 07:29:56, 23.72, 48.67
2020-10-28, 07:29:57, 23.72, 48.67
2020-10-28, 07:29:58, 23.71, 48.67
2020-10-28, 07:30:00, 23.71, 48.67
2020-10-28, 07:30:01, 23.7, 48.67
2020-10-28, 07:30:02, 23.7, 48.67
2020-10-28, 07:30:04, 23.7, 48.67
2020-10-28, 07:30:05, 23.71, 48.67
2020-10-28, 07:30:06, 23.71, 48.67
2020-10-28, 07:30:08, 23.68, 48.7
2020-10-28, 07:30:09, 23.72, 48.71
2020-10-28, 07:30:11, 23.71, 48.7
2020-10-28, 07:30:12, 23.71, 48.7
2020-10-28, 07:30:13, 23.71, 48.7
2020-10-28, 07:30:15, 23.72, 48.67
2020-10-28, 07:30:16, 23.71, 48.67
2020-10-28, 07:30:17, 23.72, 48.71
2020-10-28, 07:30:19, 23.7, 48.7
2020-10-28, 07:30:20, 23.7, 48.7
2020-10-28, 07:30:21, 23.72, 48.67
2020-10-28, 07:30:23, 23.71, 48.67
2020-10-28, 07:30:24, 23.71, 48.7
2020-10-28, 07:30:26, 23.7, 48.67
2020-10-28, 07:30:27, 23.7, 48.7
2020-10-28, 07:30:28, 23.71, 48.67
2020-10-28, 07:30:30, 23.69, 48.67
2020-10-28, 07:30:31, 23.69, 48.67
2020-10-28, 07:30:32, 23.69, 48.7
2020-10-28, 07:30:34, 23.7, 48.67
2020-10-28, 07:30:35, 23.68, 48.67
2020-10-28, 07:30:36, 23.7, 48.67
2020-10-28, 07:30:38, 23.69, 48.7
2020-10-28, 07:30:39, 23.69, 48.7
2020-10-28, 07:30:40, 23.69, 48.7
2020-10-28, 07:30:42, 23.69, 48.7
2020-10-28, 07:30:43, 23.69, 48.7
2020-10-28, 07:30:45, 23.69, 48.73
2020-10-28, 07:30:46, 23.69, 48.7
2020-10-28, 07:30:47, 23.67, 48.7
2020-10-28, 07:30:49, 23.68, 48.73
2020-10-28, 07:30:50, 23.7, 48.7
2020-10-28, 07:30:51, 23.7, 48.73
2020-10-28, 07:30:53, 23.7, 48.73
2020-10-28, 07:30:54, 23.7, 48.73
2020-10-28, 07:30:55, 23.7, 48.73
2020-10-28, 07:30:57, 23.69, 48.7
2020-10-28, 07:30:58, 23.69, 48.73
2020-10-28, 07:31:00, 23.69, 48.73
2020-10-28, 07:31:01, 23.69, 48.73
2020-10-28, 07:31:02, 23.69, 48.73
2020-10-28, 07:31:04, 23.7, 48.73
2020-10-28, 07:31:05, 23.69, 48.73
2020-10-28, 07:31:06, 23.68, 48.73
2020-10-28, 07:31:08, 23.67, 48.73
2020-10-28, 07:31:09, 23.69, 48.73
2020-10-28, 07:31:10, 23.69, 48.73
2020-10-28, 07:31:12, 23.7, 48.73
2020-10-28, 07:31:13, 23.68, 48.73
2020-10-28, 07:31:14, 23.69, 48.73
2020-10-28, 07:31:16, 23.68, 48.73
2020-10-28, 07:31:17, 23.68, 48.73
2020-10-28, 07:31:19, 23.66, 48.73
2020-10-28, 07:31:20, 23.68, 48.73
2020-10-28, 07:31:21, 23.68, 48.73
2020-10-28, 07:31:23, 23.68, 48.73
2020-10-28, 07:31:24, 23.7, 48.73
2020-10-28, 07:31:25, 23.68, 48.73
2020-10-28, 07:31:27, 23.7, 48.73
2020-10-28, 07:31:28, 23.7, 48.73
2020-10-28, 07:31:29, 23.68, 48.73
2020-10-28, 07:31:31, 23.68, 48.73
2020-10-28, 07:31:32, 23.68, 48.73
2020-10-28, 07:31:34, 23.68, 48.73
2020-10-28, 07:31:35, 23.7, 48.73
2020-10-28, 07:31:36, 23.69, 48.73
2020-10-28, 07:31:38, 23.68, 48.73
2020-10-28, 07:31:39, 23.69, 48.73
2020-10-28, 07:31:40, 23.68, 48.73
2020-10-28, 07:31:42, 23.68, 48.7
2020-10-28, 07:31:43, 23.68, 48.73
2020-10-28, 07:31:44, 23.68, 48.73
2020-10-28, 07:31:46, 23.68, 48.73
2020-10-28, 07:31:47, 23.66, 48.73
2020-10-28, 07:31:48, 23.68, 48.73
2020-10-28, 07:31:50, 23.69, 48.73
2020-10-28, 07:31:51, 23.69, 48.73
2020-10-28, 07:31:53, 23.68, 48.73
2020-10-28, 07:31:54, 23.67, 48.73
2020-10-28, 07:31:55, 23.68, 48.73
2020-10-28, 07:31:57, 23.66, 48.73
2020-10-28, 07:31:58, 23.67, 48.73
2020-10-28, 07:31:59, 23.68, 48.73
2020-10-28, 07:32:01, 23.69, 48.73
2020-10-28, 07:32:02, 23.68, 48.73
2020-10-28, 07:32:03, 23.68, 48.73
2020-10-28, 07:32:05, 23.69, 48.73
2020-10-28, 07:32:06, 23.69, 48.73
2020-10-28, 07:32:07, 23.67, 48.73
2020-10-28, 07:32:09, 23.68, 48.73
2020-10-28, 07:32:10, 23.68, 48.73
2020-10-28, 07:32:12, 23.68, 48.73
2020-10-28, 07:32:13, 23.68, 48.73
2020-10-28, 07:32:14, 23.68, 48.73
2020-10-28, 07:32:16, 23.68, 48.73
2020-10-28, 07:32:17, 23.68, 48.73
2020-10-28, 07:32:18, 23.66, 48.73
2020-10-28, 07:32:20, 23.66, 48.73
2020-10-28, 07:32:21, 23.68, 48.73
2020-10-28, 07:32:22, 23.69, 48.73
2020-10-28, 07:32:24, 23.69, 48.73
2020-10-28, 07:32:25, 23.67, 48.73
2020-10-28, 07:32:26, 23.68, 48.73
2020-10-28, 07:32:28, 23.68, 48.73
2020-10-28, 07:32:29, 23.69, 48.73
2020-10-28, 07:32:31, 23.7, 48.73
2020-10-28, 07:32:32, 23.69, 48.73
2020-10-28, 07:32:33, 23.69, 48.7
2020-10-28, 07:32:35, 23.68, 48.73
2020-10-28, 07:32:36, 23.67, 48.7
2020-10-28, 07:32:37, 23.68, 48.73
2020-10-28, 07:32:39, 23.68, 48.73
2020-10-28, 07:32:40, 23.69, 48.73
2020-10-28, 07:32:41, 23.69, 48.73
2020-10-28, 07:32:43, 23.69, 48.73
2020-10-28, 07:32:44, 23.68, 48.7
2020-10-28, 07:32:45, 23.69, 48.73
2020-10-28, 07:32:47, 23.7, 48.7
2020-10-28, 07:32:48, 23.68, 48.7
2020-10-28, 07:32:50, 23.68, 48.73
2020-10-28, 07:32:51, 23.69, 48.7
2020-10-28, 07:32:52, 23.7, 48.73
2020-10-28, 07:32:54, 23.69, 48.73
2020-10-28, 07:32:55, 23.7, 48.73
2020-10-28, 07:32:56, 23.68, 48.73
2020-10-28, 07:32:58, 23.69, 48.73
2020-10-28, 07:32:59, 23.69, 48.73
2020-10-28, 07:33:00, 23.68, 48.7
2020-10-28, 07:33:02, 23.68, 48.73
2020-10-28, 07:33:03, 23.68, 48.73
2020-10-28, 07:33:04, 23.68, 48.73
2020-10-28, 07:33:06, 23.68, 48.73
2020-10-28, 07:33:07, 23.69, 48.73
2020-10-28, 07:33:09, 23.69, 48.73
2020-10-28, 07:33:10, 23.69, 48.73
2020-10-28, 07:33:11, 23.69, 48.73
2020-10-28, 07:33:13, 23.69, 48.73
2020-10-28, 07:33:14, 23.69, 48.7
2020-10-28, 07:33:15, 23.68, 48.73
2020-10-28, 07:33:17, 23.68, 48.73
2020-10-28, 07:33:18, 23.68, 48.7
2020-10-28, 07:33:19, 23.69, 48.7
2020-10-28, 07:33:21, 23.68, 48.7
2020-10-28, 07:33:22, 23.67, 48.73
2020-10-28, 07:33:23, 23.68, 48.73
2020-10-28, 07:33:25, 23.68, 48.73
2020-10-28, 07:33:26, 23.68, 48.73
2020-10-28, 07:33:28, 23.69, 48.73
2020-10-28, 07:33:29, 23.68, 48.73
2020-10-28, 07:33:30, 23.69, 48.73
2020-10-28, 07:33:32, 23.7, 48.73
2020-10-28, 07:33:33, 23.7, 48.73
2020-10-28, 07:33:34, 23.68, 48.73
2020-10-28, 07:33:36, 23.68, 48.73
2020-10-28, 07:33:37, 23.69, 48.73
2020-10-28, 07:33:38, 23.67, 48.73
2020-10-28, 07:33:40, 23.68, 48.73
2020-10-28, 07:33:41, 23.67, 48.73
2020-10-28, 07:33:43, 23.68, 48.73
2020-10-28, 07:33:44, 23.66, 48.76
2020-10-28, 07:33:45, 23.66, 48.76
2020-10-28, 07:33:47, 23.65, 48.76
2020-10-28, 07:33:48, 23.66, 48.79
2020-10-28, 07:33:49, 23.67, 48.79
2020-10-28, 07:33:51, 23.67, 48.79
2020-10-28, 07:33:52, 23.67, 48.79
2020-10-28, 07:33:53, 23.66, 48.79
2020-10-28, 07:33:55, 23.65, 48.79
2020-10-28, 07:33:56, 23.66, 48.79
2020-10-28, 07:33:57, 23.66, 48.79
2020-10-28, 07:33:59, 23.67, 48.79
2020-10-28, 07:34:00, 23.66, 48.79
2020-10-28, 07:34:02, 23.65, 48.79
2020-10-28, 07:34:03, 23.65, 48.82
2020-10-28, 07:34:04, 23.67, 48.83
2020-10-28, 07:34:06, 23.66, 48.79
2020-10-28, 07:34:07, 23.67, 48.83
2020-10-28, 07:34:08, 23.66, 48.83
2020-10-28, 07:34:10, 23.65, 48.79
2020-10-28, 07:34:11, 23.65, 48.79
2020-10-28, 07:34:12, 23.64, 48.82
2020-10-28, 07:34:14, 23.66, 48.86
2020-10-28, 07:34:15, 23.66, 48.86
2020-10-28, 07:34:16, 23.66, 48.86
2020-10-28, 07:34:18, 23.66, 48.86
2020-10-28, 07:34:19, 23.66, 48.86
2020-10-28, 07:34:21, 23.66, 48.86
2020-10-28, 07:34:22, 23.66, 48.86
2020-10-28, 07:34:23, 23.66, 48.89
2020-10-28, 07:34:25, 23.65, 48.92
2020-10-28, 07:34:26, 23.65, 48.92
2020-10-28, 07:34:27, 23.64, 48.89
2020-10-28, 07:34:29, 23.66, 48.92
2020-10-28, 07:34:30, 23.65, 48.89
2020-10-28, 07:34:31, 23.65, 48.92
2020-10-28, 07:34:33, 23.64, 48.92
2020-10-28, 07:34:34, 23.67, 48.92
2020-10-28, 07:34:35, 23.65, 48.92
2020-10-28, 07:34:37, 23.66, 48.89
2020-10-28, 07:34:38, 23.66, 48.92
2020-10-28, 07:34:40, 23.64, 48.92
2020-10-28, 07:34:41, 23.65, 48.92
2020-10-28, 07:34:42, 23.64, 48.92
2020-10-28, 07:34:44, 23.64, 48.95
2020-10-28, 07:34:45, 23.64, 48.92
2020-10-28, 07:34:46, 23.65, 48.92
2020-10-28, 07:34:48, 23.64, 48.95
2020-10-28, 07:34:49, 23.64, 48.98
2020-10-28, 07:34:50, 23.63, 48.98
2020-10-28, 07:34:52, 23.64, 48.98
2020-10-28, 07:34:53, 23.65, 48.98
2020-10-28, 07:34:55, 23.49, 48.96
2020-10-28, 07:34:56, 23.61, 49.04
2020-10-28, 07:34:58, 23.62, 49.04
2020-10-28, 07:34:59, 23.62, 49.04
2020-10-28, 07:35:00, 23.63, 49.04
2020-10-28, 07:35:02, 23.62, 49.04
2020-10-28, 07:35:03, 23.62, 49.04
2020-10-28, 07:35:04, 23.63, 49.01
2020-10-28, 07:35:06, 23.63, 49.01
2020-10-28, 07:35:07, 23.63, 49.01
2020-10-28, 07:35:09, 23.63, 49.01
2020-10-28, 07:35:10, 23.64, 49.05
2020-10-28, 07:35:11, 23.64, 49.01
2020-10-28, 07:35:13, 23.64, 48.98
2020-10-28, 07:35:14, 23.64, 49.01
2020-10-28, 07:35:15, 23.64, 49.01
2020-10-28, 07:35:17, 23.64, 49.01
2020-10-28, 07:35:18, 23.63, 49.01
2020-10-28, 07:35:19, 23.62, 49.01
2020-10-28, 07:35:21, 23.63, 49.01
2020-10-28, 07:35:22, 23.64, 49.01
2020-10-28, 07:35:23, 23.62, 49.04
2020-10-28, 07:35:25, 23.62, 49.04
2020-10-28, 07:35:26, 23.64, 49.05
2020-10-28, 07:35:27, 23.62, 49.04
2020-10-28, 07:35:29, 23.62, 49.04
2020-10-28, 07:35:30, 23.62, 49.04
2020-10-28, 07:35:32, 23.62, 49.04
2020-10-28, 07:35:33, 23.62, 49.07
2020-10-28, 07:35:34, 23.62, 49.07
2020-10-28, 07:35:36, 23.62, 49.07
2020-10-28, 07:35:37, 23.63, 49.08
2020-10-28, 07:35:38, 23.62, 49.07
2020-10-28, 07:35:40, 23.62, 49.07
2020-10-28, 07:35:41, 23.62, 49.07
2020-10-28, 07:35:42, 23.62, 49.07
2020-10-28, 07:35:44, 23.61, 49.07
2020-10-28, 07:35:45, 23.62, 49.11
2020-10-28, 07:35:46, 23.61, 49.07
2020-10-28, 07:35:48, 23.61, 49.11
2020-10-28, 07:35:49, 23.6, 49.1
2020-10-28, 07:35:51, 23.61, 49.07
2020-10-28, 07:35:52, 23.61, 49.11
2020-10-28, 07:35:53, 23.61, 49.11
2020-10-28, 07:35:55, 23.6, 49.1
2020-10-28, 07:35:56, 23.6, 49.1
2020-10-28, 07:35:57, 23.59, 49.1
2020-10-28, 07:35:59, 23.6, 49.1
2020-10-28, 07:36:00, 23.6, 49.14
2020-10-28, 07:36:01, 23.61, 49.14
2020-10-28, 07:36:03, 23.6, 49.1
2020-10-28, 07:36:04, 23.6, 49.14
2020-10-28, 07:36:05, 23.6, 49.1
2020-10-28, 07:36:07, 23.6, 49.14
2020-10-28, 07:36:08, 23.6, 49.17
2020-10-28, 07:36:10, 23.6, 49.14
2020-10-28, 07:36:11, 23.59, 49.17
2020-10-28, 07:36:12, 23.6, 49.17
2020-10-28, 07:36:14, 23.6, 49.17
2020-10-28, 07:36:15, 23.58, 49.17
2020-10-28, 07:36:16, 23.58, 49.17
2020-10-28, 07:36:18, 23.58, 49.2
2020-10-28, 07:36:19, 23.58, 49.2
2020-10-28, 07:36:20, 23.58, 49.23
2020-10-28, 07:36:22, 23.58, 49.23
2020-10-28, 07:36:23, 23.58, 49.23
2020-10-28, 07:36:24, 23.58, 49.23
2020-10-28, 07:36:26, 23.58, 49.23
2020-10-28, 07:36:27, 23.57, 49.23
2020-10-28, 07:36:28, 23.58, 49.23
2020-10-28, 07:36:30, 23.59, 49.23
2020-10-28, 07:36:31, 23.57, 49.23
2020-10-28, 07:36:33, 23.58, 49.26
2020-10-28, 07:36:34, 23.59, 49.23
2020-10-28, 07:36:35, 23.58, 49.23
2020-10-28, 07:36:37, 23.55, 49.26
2020-10-28, 07:36:38, 23.58, 49.26
2020-10-28, 07:36:39, 23.58, 49.23
2020-10-28, 07:36:41, 23.56, 49.26
2020-10-28, 07:36:42, 23.57, 49.26
2020-10-28, 07:36:43, 23.57, 49.26
2020-10-28, 07:36:45, 23.57, 49.26
2020-10-28, 07:36:46, 23.6, 49.26
2020-10-28, 07:36:48, 23.58, 49.26
2020-10-28, 07:36:49, 23.58, 49.26
2020-10-28, 07:36:50, 23.58, 49.26
2020-10-28, 07:36:52, 23.57, 49.29
2020-10-28, 07:36:53, 23.58, 49.29
2020-10-28, 07:36:54, 23.56, 49.29
2020-10-28, 07:36:56, 23.55, 49.29
2020-10-28, 07:36:57, 23.56, 49.29
2020-10-28, 07:36:58, 23.55, 49.29
2020-10-28, 07:37:00, 23.55, 49.32
2020-10-28, 07:37:01, 23.56, 49.32
2020-10-28, 07:37:02, 23.55, 49.32
2020-10-28, 07:37:04, 23.53, 49.32
2020-10-28, 07:37:05, 23.55, 49.35
2020-10-28, 07:37:07, 23.56, 49.35
2020-10-28, 07:37:08, 23.55, 49.32
2020-10-28, 07:37:09, 23.55, 49.35
2020-10-28, 07:37:11, 23.56, 49.35
2020-10-28, 07:37:12, 23.56, 49.35
2020-10-28, 07:37:13, 23.58, 49.36
2020-10-28, 07:37:15, 23.56, 49.35
2020-10-28, 07:37:16, 23.58, 49.36
2020-10-28, 07:37:17, 23.57, 49.35
2020-10-28, 07:37:19, 23.57, 49.35
2020-10-28, 07:37:20, 23.55, 49.38
2020-10-28, 07:37:21, 23.55, 49.35
2020-10-28, 07:37:23, 23.56, 49.35
2020-10-28, 07:37:24, 23.55, 49.35
2020-10-28, 07:37:26, 23.56, 49.35
2020-10-28, 07:37:27, 23.56, 49.39
2020-10-28, 07:37:28, 23.56, 49.39
2020-10-28, 07:37:30, 23.56, 49.39
2020-10-28, 07:37:31, 23.54, 49.41
2020-10-28, 07:37:32, 23.55, 49.38
2020-10-28, 07:37:34, 23.56, 49.39
2020-10-28, 07:37:35, 23.55, 49.42
2020-10-28, 07:37:36, 23.55, 49.38
2020-10-28, 07:37:38, 23.54, 49.41
2020-10-28, 07:37:39, 23.53, 49.41
2020-10-28, 07:37:41, 23.52, 49.41
2020-10-28, 07:37:42, 23.52, 49.44
2020-10-28, 07:37:43, 23.53, 49.44
2020-10-28, 07:37:45, 23.54, 49.45
2020-10-28, 07:37:46, 23.52, 49.44
2020-10-28, 07:37:47, 23.5, 49.47
2020-10-28, 07:37:49, 23.52, 49.48
2020-10-28, 07:37:50, 23.52, 49.44
2020-10-28, 07:37:51, 23.52, 49.48
2020-10-28, 07:37:53, 23.52, 49.44
2020-10-28, 07:37:54, 23.52, 49.44
2020-10-28, 07:37:55, 23.53, 49.48
2020-10-28, 07:37:57, 23.52, 49.48
2020-10-28, 07:37:58, 23.51, 49.47
2020-10-28, 07:38:00, 23.52, 49.48
2020-10-28, 07:38:01, 23.52, 49.48
2020-10-28, 07:38:02, 23.52, 49.48
2020-10-28, 07:38:04, 23.51, 49.47
2020-10-28, 07:38:05, 23.52, 49.51
2020-10-28, 07:38:06, 23.51, 49.51
2020-10-28, 07:38:08, 23.52, 49.51
2020-10-28, 07:38:09, 23.52, 49.51
2020-10-28, 07:38:10, 23.52, 49.48
2020-10-28, 07:38:12, 23.52, 49.51
2020-10-28, 07:38:13, 23.52, 49.51
2020-10-28, 07:38:15, 23.5, 49.5
2020-10-28, 07:38:16, 23.51, 49.51
2020-10-28, 07:38:17, 23.52, 49.54
2020-10-28, 07:38:19, 23.52, 49.54
2020-10-28, 07:38:20, 23.52, 49.54
2020-10-28, 07:38:21, 23.52, 49.51
2020-10-28, 07:38:23, 23.52, 49.54
2020-10-28, 07:38:24, 23.52, 49.54
2020-10-28, 07:38:25, 23.51, 49.54
2020-10-28, 07:38:27, 23.51, 49.54
2020-10-28, 07:38:28, 23.52, 49.54
2020-10-28, 07:38:29, 23.53, 49.54
2020-10-28, 07:38:31, 23.51, 49.57
2020-10-28, 07:38:32, 23.51, 49.57
2020-10-28, 07:38:34, 23.5, 49.57
2020-10-28, 07:38:35, 23.5, 49.57
2020-10-28, 07:38:36, 23.49, 49.57
2020-10-28, 07:38:38, 23.51, 49.6
2020-10-28, 07:38:39, 23.5, 49.6
2020-10-28, 07:38:40, 23.5, 49.6
2020-10-28, 07:38:42, 23.49, 49.6
2020-10-28, 07:38:43, 23.49, 49.6
2020-10-28, 07:38:44, 23.48, 49.6
2020-10-28, 07:38:46, 23.5, 49.6
2020-10-28, 07:38:47, 23.5, 49.6
2020-10-28, 07:38:48, 23.5, 49.63
2020-10-28, 07:38:50, 23.49, 49.63
2020-10-28, 07:38:51, 23.5, 49.63
2020-10-28, 07:38:53, 23.49, 49.63
2020-10-28, 07:38:54, 23.49, 49.63
2020-10-28, 07:38:55, 23.49, 49.66
2020-10-28, 07:38:57, 23.46, 49.66
2020-10-28, 07:38:58, 23.47, 49.66
2020-10-28, 07:38:59, 23.49, 49.66
2020-10-28, 07:39:01, 23.48, 49.66
2020-10-28, 07:39:02, 23.48, 49.66
2020-10-28, 07:39:03, 23.48, 49.66
2020-10-28, 07:39:05, 23.48, 49.66
2020-10-28, 07:39:06, 23.48, 49.66
2020-10-28, 07:39:07, 23.48, 49.69
2020-10-28, 07:39:09, 23.47, 49.69
2020-10-28, 07:39:10, 23.48, 49.69
2020-10-28, 07:39:12, 23.48, 49.69
2020-10-28, 07:39:13, 23.48, 49.69
2020-10-28, 07:39:14, 23.48, 49.69
2020-10-28, 07:39:16, 23.47, 49.72
2020-10-28, 07:39:17, 23.48, 49.69
2020-10-28, 07:39:18, 23.46, 49.72
2020-10-28, 07:39:20, 23.44, 49.72
2020-10-28, 07:39:21, 23.46, 49.72
2020-10-28, 07:39:22, 23.46, 49.72
2020-10-28, 07:39:24, 23.46, 49.75
2020-10-28, 07:39:25, 23.46, 49.72
2020-10-28, 07:39:27, 23.47, 49.72
2020-10-28, 07:39:30, 23.2, 49.85
2020-10-28, 07:39:31, 23.36, 49.96
2020-10-28, 07:39:32, 23.39, 49.97
2020-10-28, 07:39:34, 23.42, 49.97
2020-10-28, 07:39:35, 23.42, 49.91
2020-10-28, 07:39:36, 23.42, 49.91
2020-10-28, 07:39:38, 23.42, 49.87
2020-10-28, 07:39:39, 23.43, 49.88
2020-10-28, 07:39:41, 23.42, 49.87
2020-10-28, 07:39:42, 23.43, 49.88
2020-10-28, 07:39:43, 23.43, 49.88
2020-10-28, 07:39:45, 23.43, 49.88
2020-10-28, 07:39:46, 23.41, 49.84
2020-10-28, 07:39:47, 23.42, 49.84
2020-10-28, 07:39:49, 23.43, 49.84
2020-10-28, 07:39:50, 23.43, 49.84
2020-10-28, 07:39:51, 23.44, 49.85
2020-10-28, 07:39:53, 23.43, 49.84
2020-10-28, 07:39:54, 23.44, 49.85
2020-10-28, 07:39:55, 23.44, 49.85
2020-10-28, 07:39:57, 23.43, 49.84
2020-10-28, 07:39:58, 23.43, 49.84
2020-10-28, 07:40:00, 23.44, 49.85
2020-10-28, 07:40:01, 23.44, 49.85
2020-10-28, 07:40:02, 23.44, 49.85
2020-10-28, 07:40:04, 23.44, 49.85
2020-10-28, 07:40:05, 23.42, 49.84
2020-10-28, 07:40:06, 23.44, 49.85
2020-10-28, 07:40:08, 23.43, 49.84
2020-10-28, 07:40:09, 23.45, 49.88
2020-10-28, 07:40:10, 23.44, 49.85
2020-10-28, 07:40:12, 23.45, 49.85
2020-10-28, 07:40:13, 23.44, 49.85
2020-10-28, 07:40:15, 23.44, 49.88
2020-10-28, 07:40:16, 23.45, 49.88
2020-10-28, 07:40:17, 23.45, 49.85
2020-10-28, 07:40:19, 23.44, 49.88
2020-10-28, 07:40:20, 23.45, 49.88
2020-10-28, 07:40:21, 23.45, 49.85
2020-10-28, 07:40:23, 23.44, 49.88
2020-10-28, 07:40:24, 23.42, 49.91
2020-10-28, 07:40:25, 23.45, 49.91
2020-10-28, 07:40:27, 23.45, 49.91
2020-10-28, 07:40:28, 23.44, 49.91
2020-10-28, 07:40:29, 23.44, 49.91
2020-10-28, 07:40:31, 23.44, 49.94
2020-10-28, 07:40:32, 23.44, 49.91
2020-10-28, 07:40:34, 23.44, 49.91
2020-10-28, 07:40:35, 23.43, 49.91
2020-10-28, 07:40:36, 23.44, 49.91
2020-10-28, 07:40:38, 23.43, 49.91
2020-10-28, 07:40:39, 23.42, 49.91
2020-10-28, 07:40:40, 23.4, 49.94
2020-10-28, 07:40:42, 23.42, 49.94
2020-10-28, 07:40:43, 23.43, 49.97
2020-10-28, 07:40:44, 23.42, 49.97
2020-10-28, 07:40:46, 23.41, 49.97
2020-10-28, 07:40:47, 23.42, 49.97
2020-10-28, 07:40:48, 23.42, 49.97
2020-10-28, 07:40:50, 23.43, 49.97
2020-10-28, 07:40:51, 23.43, 49.97
2020-10-28, 07:40:53, 23.44, 49.97
2020-10-28, 07:40:54, 23.42, 49.97
2020-10-28, 07:40:55, 23.42, 49.97
2020-10-28, 07:40:57, 23.41, 49.97
2020-10-28, 07:40:58, 23.42, 49.97
2020-10-28, 07:40:59, 23.44, 49.97
2020-10-28, 07:41:01, 23.43, 50.0
2020-10-28, 07:41:02, 23.43, 49.97
2020-10-28, 07:41:03, 23.43, 49.97
2020-10-28, 07:41:05, 23.41, 49.97
2020-10-28, 07:41:06, 23.41, 49.97
2020-10-28, 07:41:08, 23.41, 50.0
2020-10-28, 07:41:09, 23.4, 50.0
2020-10-28, 07:41:10, 23.44, 50.0
2020-10-28, 07:41:12, 23.42, 50.0
2020-10-28, 07:41:13, 23.42, 50.0
2020-10-28, 07:41:14, 23.42, 50.03
2020-10-28, 07:41:16, 23.42, 50.0
2020-10-28, 07:41:17, 23.41, 50.03
2020-10-28, 07:41:18, 23.41, 50.03
2020-10-28, 07:41:20, 23.4, 50.03
2020-10-28, 07:41:21, 23.41, 50.03
2020-10-28, 07:41:22, 23.4, 50.03
2020-10-28, 07:41:28, 23.02, 50.39
2020-10-28, 07:41:29, 23.24, 50.52
2020-10-28, 07:41:30, 23.3, 50.52
2020-10-28, 07:41:32, 23.33, 50.46
2020-10-28, 07:41:33, 23.36, 50.44
2020-10-28, 07:41:34, 23.36, 50.37
2020-10-28, 07:41:36, 23.38, 50.34
2020-10-28, 07:41:37, 23.35, 50.31
2020-10-28, 07:41:39, 23.38, 50.28
2020-10-28, 07:41:40, 23.36, 50.28
2020-10-28, 07:41:41, 23.36, 50.22
2020-10-28, 07:41:43, 23.38, 50.22
2020-10-28, 07:41:44, 23.37, 50.22
2020-10-28, 07:41:45, 23.37, 50.19
2020-10-28, 07:41:47, 23.37, 50.19
2020-10-28, 07:41:48, 23.37, 50.19
2020-10-28, 07:41:49, 23.37, 50.19
2020-10-28, 07:41:51, 23.38, 50.19
2020-10-28, 07:41:52, 23.39, 50.19
2020-10-28, 07:41:53, 23.38, 50.15
2020-10-28, 07:41:55, 23.39, 50.16
2020-10-28, 07:41:56, 23.39, 50.16
2020-10-28, 07:41:57, 23.38, 50.15
2020-10-28, 07:41:59, 23.4, 50.16
2020-10-28, 07:42:00, 23.39, 50.16
2020-10-28, 07:42:02, 23.38, 50.15
2020-10-28, 07:42:03, 23.36, 50.15
2020-10-28, 07:42:04, 23.38, 50.15
2020-10-28, 07:42:06, 23.39, 50.16
2020-10-28, 07:42:07, 23.37, 50.19
2020-10-28, 07:42:08, 23.38, 50.15
2020-10-28, 07:42:10, 23.38, 50.19
2020-10-28, 07:42:11, 23.39, 50.19
2020-10-28, 07:42:12, 23.39, 50.16
2020-10-28, 07:42:14, 23.38, 50.19
2020-10-28, 07:42:15, 23.38, 50.19
2020-10-28, 07:42:16, 23.38, 50.19
2020-10-28, 07:42:18, 23.38, 50.22
2020-10-28, 07:42:19, 23.38, 50.15
2020-10-28, 07:42:21, 23.38, 50.19
2020-10-28, 07:42:22, 23.38, 50.22
2020-10-28, 07:42:23, 23.38, 50.22
2020-10-28, 07:42:25, 23.37, 50.22
2020-10-28, 07:42:26, 23.37, 50.22
2020-10-28, 07:42:27, 23.38, 50.19
2020-10-28, 07:42:29, 23.37, 50.22
2020-10-28, 07:42:30, 23.38, 50.19
2020-10-28, 07:42:31, 23.38, 50.19
2020-10-28, 07:42:33, 23.38, 50.19
2020-10-28, 07:42:34, 23.37, 50.22
2020-10-28, 07:42:35, 23.37, 50.22
2020-10-28, 07:42:37, 23.38, 50.22
2020-10-28, 07:42:38, 23.37, 50.19
2020-10-28, 07:42:40, 23.37, 50.22
2020-10-28, 07:42:41, 23.36, 50.22
2020-10-28, 07:42:42, 23.38, 50.22
2020-10-28, 07:42:44, 23.38, 50.22
2020-10-28, 07:42:45, 23.38, 50.22
2020-10-28, 07:42:46, 23.38, 50.22
2020-10-28, 07:42:48, 23.38, 50.22
2020-10-28, 07:42:49, 23.38, 50.22
2020-10-28, 07:42:50, 23.39, 50.22
2020-10-28, 07:42:52, 23.37, 50.22
2020-10-28, 07:42:53, 23.38, 50.22
2020-10-28, 07:42:55, 23.36, 50.22
2020-10-28, 07:42:56, 23.37, 50.22
2020-10-28, 07:42:57, 23.37, 50.25
2020-10-28, 07:42:59, 23.38, 50.22
2020-10-28, 07:43:00, 23.37, 50.22
2020-10-28, 07:43:01, 23.38, 50.22
2020-10-28, 07:43:03, 23.37, 50.22
2020-10-28, 07:43:04, 23.37, 50.25
2020-10-28, 07:43:05, 23.37, 50.28
2020-10-28, 07:43:07, 23.38, 50.28
2020-10-28, 07:43:08, 23.38, 50.25
2020-10-28, 07:43:09, 23.37, 50.28
2020-10-28, 07:43:11, 23.38, 50.28
2020-10-28, 07:43:12, 23.37, 50.28
2020-10-28, 07:43:14, 23.38, 50.28
2020-10-28, 07:43:15, 23.38, 50.28
2020-10-28, 07:43:16, 23.38, 50.28
2020-10-28, 07:43:18, 23.38, 50.28
2020-10-28, 07:43:19, 23.38, 50.31
2020-10-28, 07:43:20, 23.38, 50.28
2020-10-28, 07:43:22, 23.38, 50.31
2020-10-28, 07:43:23, 23.36, 50.28
2020-10-28, 07:43:24, 23.38, 50.28
2020-10-28, 07:43:26, 23.38, 50.28
2020-10-28, 07:43:27, 23.37, 50.28
2020-10-28, 07:43:28, 23.38, 50.28
2020-10-28, 07:43:30, 23.38, 50.31
2020-10-28, 07:43:31, 23.37, 50.28
2020-10-28, 07:43:33, 23.38, 50.28
2020-10-28, 07:43:34, 23.36, 50.31
2020-10-28, 07:43:35, 23.36, 50.28
2020-10-28, 07:43:37, 23.36, 50.31
2020-10-28, 07:43:38, 23.36, 50.28
2020-10-28, 07:43:39, 23.37, 50.31
2020-10-28, 07:43:41, 23.35, 50.31
2020-10-28, 07:43:42, 23.35, 50.31
2020-10-28, 07:43:43, 23.35, 50.31
2020-10-28, 07:43:45, 23.35, 50.34
2020-10-28, 07:43:46, 23.36, 50.34
2020-10-28, 07:43:47, 23.36, 50.34
2020-10-28, 07:43:49, 23.35, 50.34
2020-10-28, 07:43:50, 23.36, 50.34
2020-10-28, 07:43:51, 23.36, 50.34
2020-10-28, 07:43:53, 23.36, 50.34
2020-10-28, 07:43:54, 23.35, 50.34
2020-10-28, 07:43:56, 23.36, 50.34
2020-10-28, 07:43:57, 23.37, 50.34
2020-10-28, 07:43:58, 23.36, 50.37
2020-10-28, 07:44:00, 23.36, 50.34
2020-10-28, 07:44:01, 23.36, 50.34
2020-10-28, 07:44:02, 23.36, 50.34
2020-10-28, 07:44:04, 23.35, 50.37
2020-10-28, 07:44:05, 23.36, 50.34
2020-10-28, 07:44:06, 23.35, 50.34
2020-10-28, 07:44:08, 23.33, 50.34
2020-10-28, 07:44:09, 23.36, 50.34
2020-10-28, 07:44:10, 23.36, 50.37
2020-10-28, 07:44:12, 23.35, 50.34
2020-10-28, 07:44:13, 23.35, 50.37
2020-10-28, 07:44:15, 23.35, 50.34
2020-10-28, 07:44:16, 23.34, 50.37
2020-10-28, 07:44:17, 23.34, 50.37
2020-10-28, 07:44:19, 23.33, 50.34
2020-10-28, 07:44:20, 23.34, 50.4
2020-10-28, 07:44:21, 23.34, 50.37
2020-10-28, 07:44:23, 23.34, 50.4
2020-10-28, 07:44:24, 23.32, 50.4
2020-10-28, 07:44:25, 23.33, 50.4
2020-10-28, 07:44:27, 23.33, 50.43
2020-10-28, 07:44:28, 23.34, 50.43
2020-10-28, 07:44:29, 23.34, 50.43
2020-10-28, 07:44:31, 23.35, 50.44
2020-10-28, 07:44:32, 23.35, 50.44
2020-10-28, 07:44:34, 23.34, 50.43
2020-10-28, 07:44:35, 23.35, 50.44
2020-10-28, 07:44:36, 23.35, 50.44
2020-10-28, 07:44:38, 23.36, 50.44
2020-10-28, 07:44:39, 23.35, 50.44
2020-10-28, 07:44:40, 23.34, 50.43
2020-10-28, 07:44:42, 23.35, 50.44
2020-10-28, 07:44:43, 23.36, 50.44
2020-10-28, 07:44:44, 23.35, 50.44
2020-10-28, 07:44:46, 23.36, 50.44
2020-10-28, 07:44:47, 23.35, 50.44
2020-10-28, 07:44:48, 23.36, 50.44
2020-10-28, 07:44:50, 23.34, 50.43
2020-10-28, 07:44:51, 23.34, 50.43
2020-10-28, 07:44:53, 23.35, 50.44
2020-10-28, 07:44:54, 23.36, 50.47
2020-10-28, 07:44:55, 23.37, 50.44
2020-10-28, 07:44:57, 23.35, 50.47
2020-10-28, 07:44:58, 23.36, 50.47
2020-10-28, 07:44:59, 23.36, 50.47
2020-10-28, 07:45:01, 23.35, 50.47
2020-10-28, 07:45:02, 23.34, 50.47
2020-10-28, 07:45:03, 23.35, 50.47
2020-10-28, 07:45:05, 23.36, 50.47
2020-10-28, 07:45:06, 23.36, 50.47
2020-10-28, 07:45:07, 23.37, 50.47
2020-10-28, 07:45:09, 23.35, 50.47
2020-10-28, 07:45:10, 23.34, 50.47
2020-10-28, 07:45:12, 23.34, 50.47
2020-10-28, 07:45:13, 23.33, 50.46
2020-10-28, 07:45:14, 23.34, 50.47
2020-10-28, 07:45:16, 23.34, 50.47
2020-10-28, 07:45:17, 23.36, 50.47
2020-10-28, 07:45:18, 23.34, 50.47
2020-10-28, 07:45:20, 23.35, 50.47
2020-10-28, 07:45:21, 23.35, 50.47
2020-10-28, 07:45:22, 23.35, 50.5
2020-10-28, 07:45:24, 23.35, 50.47
2020-10-28, 07:45:25, 23.36, 50.47
2020-10-28, 07:45:26, 23.34, 50.5
2020-10-28, 07:45:28, 23.36, 50.5
2020-10-28, 07:45:29, 23.36, 50.47
2020-10-28, 07:45:31, 23.36, 50.47
2020-10-28, 07:45:32, 23.36, 50.47
2020-10-28, 07:45:33, 23.36, 50.5
2020-10-28, 07:45:35, 23.34, 50.53
2020-10-28, 07:45:36, 23.34, 50.53
2020-10-28, 07:45:38, 23.35, 50.53
2020-10-28, 07:45:39, 23.36, 50.53
2020-10-28, 07:45:40, 23.34, 50.5
2020-10-28, 07:45:42, 23.35, 50.5
2020-10-28, 07:45:43, 23.36, 50.5
2020-10-28, 07:45:44, 23.36, 50.47
2020-10-28, 07:45:46, 23.36, 50.5
2020-10-28, 07:45:47, 23.36, 50.5
2020-10-28, 07:45:48, 23.36, 50.47
2020-10-28, 07:45:50, 23.36, 50.5
2020-10-28, 07:45:51, 23.37, 50.47
2020-10-28, 07:45:52, 23.37, 50.5
2020-10-28, 07:45:54, 23.36, 50.47
2020-10-28, 07:45:55, 23.36, 50.5
2020-10-28, 07:45:57, 23.36, 50.47
2020-10-28, 07:45:58, 23.38, 50.5
2020-10-28, 07:45:59, 23.36, 50.47
2020-10-28, 07:46:01, 23.37, 50.5
2020-10-28, 07:46:02, 23.37, 50.47
2020-10-28, 07:46:03, 23.38, 50.47
2020-10-28, 07:46:05, 23.36, 50.47
2020-10-28, 07:46:06, 23.37, 50.5
2020-10-28, 07:46:07, 23.36, 50.47
2020-10-28, 07:46:09, 23.36, 50.47
2020-10-28, 07:46:10, 23.37, 50.5
2020-10-28, 07:46:12, 23.37, 50.5
2020-10-28, 07:46:13, 23.38, 50.5
2020-10-28, 07:46:14, 23.38, 50.47
2020-10-28, 07:46:16, 23.37, 50.47
2020-10-28, 07:46:17, 23.39, 50.47
2020-10-28, 07:46:18, 23.39, 50.47
2020-10-28, 07:46:20, 23.38, 50.47
2020-10-28, 07:46:21, 23.38, 50.47
2020-10-28, 07:46:22, 23.39, 50.47
2020-10-28, 07:46:24, 23.37, 50.47
2020-10-28, 07:46:25, 23.38, 50.47
2020-10-28, 07:46:26, 23.38, 50.47
2020-10-28, 07:46:28, 23.38, 50.47
2020-10-28, 07:46:29, 23.38, 50.47
2020-10-28, 07:46:30, 23.38, 50.47
2020-10-28, 07:46:32, 23.38, 50.47
2020-10-28, 07:46:33, 23.4, 50.47
2020-10-28, 07:46:35, 23.39, 50.47
2020-10-28, 07:46:36, 23.36, 50.47
2020-10-28, 07:46:37, 23.38, 50.47
2020-10-28, 07:46:39, 23.37, 50.47
2020-10-28, 07:46:40, 23.36, 50.47
2020-10-28, 07:46:41, 23.38, 50.47
2020-10-28, 07:46:43, 23.37, 50.5
2020-10-28, 07:46:44, 23.37, 50.47
2020-10-28, 07:46:45, 23.37, 50.47
2020-10-28, 07:46:47, 23.38, 50.47
2020-10-28, 07:46:48, 23.35, 50.47
2020-10-28, 07:46:49, 23.38, 50.5
2020-10-28, 07:46:51, 23.36, 50.47
2020-10-28, 07:46:52, 23.38, 50.47
2020-10-28, 07:46:54, 23.35, 50.47
2020-10-28, 07:46:55, 23.38, 50.47
2020-10-28, 07:46:56, 23.38, 50.5
2020-10-28, 07:46:58, 23.38, 50.47
2020-10-28, 07:46:59, 23.38, 50.5
2020-10-28, 07:47:00, 23.38, 50.47
2020-10-28, 07:47:02, 23.38, 50.47
2020-10-28, 07:47:03, 23.37, 50.47
2020-10-28, 07:47:04, 23.36, 50.5
2020-10-28, 07:47:06, 23.38, 50.5
2020-10-28, 07:47:07, 23.38, 50.47
2020-10-28, 07:47:08, 23.38, 50.5
2020-10-28, 07:47:10, 23.39, 50.47
2020-10-28, 07:47:11, 23.39, 50.47
2020-10-28, 07:47:12, 23.39, 50.47
2020-10-28, 07:47:14, 23.39, 50.47
2020-10-28, 07:47:15, 23.38, 50.47
2020-10-28, 07:47:17, 23.38, 50.47
2020-10-28, 07:47:18, 23.38, 50.47
2020-10-28, 07:47:19, 23.38, 50.47
2020-10-28, 07:47:26, 22.98, 50.99
2020-10-28, 07:47:28, 23.18, 51.08
2020-10-28, 07:47:29, 23.23, 51.05
2020-10-28, 07:47:30, 23.26, 50.99
2020-10-28, 07:47:32, 23.28, 50.96
2020-10-28, 07:47:33, 23.31, 50.87
2020-10-28, 07:47:34, 23.34, 50.85
2020-10-28, 07:47:36, 23.33, 50.78
2020-10-28, 07:47:37, 23.35, 50.72
2020-10-28, 07:47:39, 23.34, 50.72
2020-10-28, 07:47:40, 23.36, 50.66
2020-10-28, 07:47:41, 23.36, 50.66
2020-10-28, 07:47:43, 23.36, 50.63
2020-10-28, 07:47:44, 23.36, 50.63
2020-10-28, 07:47:45, 23.38, 50.6
2020-10-28, 07:47:47, 23.36, 50.56
2020-10-28, 07:47:48, 23.37, 50.6
2020-10-28, 07:47:49, 23.35, 50.56
2020-10-28, 07:47:51, 23.37, 50.57
2020-10-28, 07:47:52, 23.37, 50.57
2020-10-28, 07:47:53, 23.38, 50.57
2020-10-28, 07:47:55, 23.38, 50.57
2020-10-28, 07:47:56, 23.36, 50.53
2020-10-28, 07:47:58, 23.38, 50.53
2020-10-28, 07:47:59, 23.38, 50.53
2020-10-28, 07:48:00, 23.38, 50.5
2020-10-28, 07:48:02, 23.4, 50.54
2020-10-28, 07:48:03, 23.38, 50.5
2020-10-28, 07:48:04, 23.39, 50.54
2020-10-28, 07:48:06, 23.38, 50.5
2020-10-28, 07:48:07, 23.4, 50.51
2020-10-28, 07:48:08, 23.4, 50.47
2020-10-28, 07:48:10, 23.4, 50.47
2020-10-28, 07:48:11, 23.4, 50.47
2020-10-28, 07:48:12, 23.4, 50.47
2020-10-28, 07:48:14, 23.43, 50.48
2020-10-28, 07:48:15, 23.41, 50.48
2020-10-28, 07:48:17, 23.42, 50.48
2020-10-28, 07:48:18, 23.43, 50.48
2020-10-28, 07:48:19, 23.41, 50.48
2020-10-28, 07:48:21, 23.42, 50.48
2020-10-28, 07:48:22, 23.42, 50.45
2020-10-28, 07:48:23, 23.41, 50.44
2020-10-28, 07:48:25, 23.41, 50.44
2020-10-28, 07:48:26, 23.41, 50.44
2020-10-28, 07:48:27, 23.41, 50.44
2020-10-28, 07:48:29, 23.42, 50.45
2020-10-28, 07:48:30, 23.43, 50.45
2020-10-28, 07:48:31, 23.42, 50.45
2020-10-28, 07:48:33, 23.43, 50.41
2020-10-28, 07:48:34, 23.43, 50.45
2020-10-28, 07:48:36, 23.44, 50.42
2020-10-28, 07:48:37, 23.43, 50.41
2020-10-28, 07:48:38, 23.42, 50.41
2020-10-28, 07:48:40, 23.44, 50.42
2020-10-28, 07:48:41, 23.42, 50.41
2020-10-28, 07:48:42, 23.43, 50.41
2020-10-28, 07:48:44, 23.43, 50.41
2020-10-28, 07:48:45, 23.42, 50.41
2020-10-28, 07:48:46, 23.44, 50.42
2020-10-28, 07:48:48, 23.45, 50.42
2020-10-28, 07:48:49, 23.44, 50.42
2020-10-28, 07:48:50, 23.44, 50.42
2020-10-28, 07:48:52, 23.44, 50.38
2020-10-28, 07:48:53, 23.46, 50.39
2020-10-28, 07:48:55, 23.45, 50.39
2020-10-28, 07:48:56, 23.46, 50.36
2020-10-28, 07:48:57, 23.46, 50.36
2020-10-28, 07:48:59, 23.46, 50.36
2020-10-28, 07:49:00, 23.46, 50.36
2020-10-28, 07:49:01, 23.46, 50.36
2020-10-28, 07:49:03, 23.48, 50.36
2020-10-28, 07:49:04, 23.46, 50.36
2020-10-28, 07:49:05, 23.46, 50.36
2020-10-28, 07:49:07, 23.47, 50.36
2020-10-28, 07:49:08, 23.46, 50.36
2020-10-28, 07:49:09, 23.46, 50.36
2020-10-28, 07:49:11, 23.45, 50.35
2020-10-28, 07:49:12, 23.46, 50.36
2020-10-28, 07:49:14, 23.47, 50.36
2020-10-28, 07:49:15, 23.47, 50.36
2020-10-28, 07:49:16, 23.45, 50.32
2020-10-28, 07:49:18, 23.48, 50.36
2020-10-28, 07:49:19, 23.48, 50.33
2020-10-28, 07:49:20, 23.48, 50.33
2020-10-28, 07:49:22, 23.46, 50.32
2020-10-28, 07:49:23, 23.48, 50.33
2020-10-28, 07:49:24, 23.47, 50.33
2020-10-28, 07:49:26, 23.48, 50.29
2020-10-28, 07:49:27, 23.46, 50.29
2020-10-28, 07:49:28, 23.48, 50.29
2020-10-28, 07:49:30, 23.48, 50.29
2020-10-28, 07:49:31, 23.47, 50.29
2020-10-28, 07:49:33, 23.47, 50.29
2020-10-28, 07:49:34, 23.48, 50.29
2020-10-28, 07:49:35, 23.48, 50.29
2020-10-28, 07:49:37, 23.48, 50.29
2020-10-28, 07:49:38, 23.5, 50.3
2020-10-28, 07:49:39, 23.49, 50.3
2020-10-28, 07:49:41, 23.48, 50.29
2020-10-28, 07:49:42, 23.49, 50.3
2020-10-28, 07:49:43, 23.49, 50.3
2020-10-28, 07:49:45, 23.51, 50.3
2020-10-28, 07:49:46, 23.49, 50.26
2020-10-28, 07:49:47, 23.5, 50.3
2020-10-28, 07:49:49, 23.5, 50.3
2020-10-28, 07:49:50, 23.51, 50.27
2020-10-28, 07:49:51, 23.5, 50.27
2020-10-28, 07:49:53, 23.5, 50.27
2020-10-28, 07:49:54, 23.5, 50.27
2020-10-28, 07:49:56, 23.51, 50.27
2020-10-28, 07:49:57, 23.5, 50.27
2020-10-28, 07:49:58, 23.49, 50.26
2020-10-28, 07:50:00, 23.52, 50.24
2020-10-28, 07:50:01, 23.51, 50.27
2020-10-28, 07:50:02, 23.52, 50.24
2020-10-28, 07:50:04, 23.52, 50.27
2020-10-28, 07:50:05, 23.52, 50.24
2020-10-28, 07:50:06, 23.52, 50.24
2020-10-28, 07:50:08, 23.52, 50.24
2020-10-28, 07:50:09, 23.52, 50.24
2020-10-28, 07:50:10, 23.52, 50.24
2020-10-28, 07:50:12, 23.52, 50.24
2020-10-28, 07:50:13, 23.52, 50.24
2020-10-28, 07:50:15, 23.52, 50.24
2020-10-28, 07:50:16, 23.52, 50.24
2020-10-28, 07:50:17, 23.52, 50.24
2020-10-28, 07:50:19, 23.51, 50.2
2020-10-28, 07:50:20, 23.52, 50.24
2020-10-28, 07:50:21, 23.52, 50.21
2020-10-28, 07:50:23, 23.52, 50.21
2020-10-28, 07:50:24, 23.53, 50.21
2020-10-28, 07:50:25, 23.54, 50.21
2020-10-28, 07:50:27, 23.53, 50.21
2020-10-28, 07:50:28, 23.53, 50.21
2020-10-28, 07:50:29, 23.53, 50.17
2020-10-28, 07:50:31, 23.54, 50.21
2020-10-28, 07:50:32, 23.54, 50.18
2020-10-28, 07:50:34, 23.53, 50.17
2020-10-28, 07:50:35, 23.54, 50.18
2020-10-28, 07:50:36, 23.54, 50.18
2020-10-28, 07:50:38, 23.53, 50.17
2020-10-28, 07:50:39, 23.54, 50.18
2020-10-28, 07:50:40, 23.54, 50.18
2020-10-28, 07:50:42, 23.54, 50.18
2020-10-28, 07:50:43, 23.55, 50.18
2020-10-28, 07:50:44, 23.55, 50.18
2020-10-28, 07:50:46, 23.54, 50.18
2020-10-28, 07:50:47, 23.54, 50.14
2020-10-28, 07:50:48, 23.54, 50.14
2020-10-28, 07:50:50, 23.56, 50.15
2020-10-28, 07:50:51, 23.55, 50.15
2020-10-28, 07:50:53, 23.55, 50.15
2020-10-28, 07:50:54, 23.55, 50.11
2020-10-28, 07:50:55, 23.55, 50.11
2020-10-28, 07:50:57, 23.56, 50.12
2020-10-28, 07:50:58, 23.55, 50.11
2020-10-28, 07:50:59, 23.56, 50.12
2020-10-28, 07:51:01, 23.56, 50.12
2020-10-28, 07:51:02, 23.57, 50.12
2020-10-28, 07:51:03, 23.56, 50.12
2020-10-28, 07:51:05, 23.54, 50.11
2020-10-28, 07:51:06, 23.57, 50.12
2020-10-28, 07:51:08, 23.57, 50.12
2020-10-28, 07:51:09, 23.57, 50.12
2020-10-28, 07:51:10, 23.58, 50.12
2020-10-28, 07:51:12, 23.58, 50.12
2020-10-28, 07:51:13, 23.58, 50.12
2020-10-28, 07:51:14, 23.58, 50.09
2020-10-28, 07:51:16, 23.58, 50.12
2020-10-28, 07:51:17, 23.58, 50.09
2020-10-28, 07:51:18, 23.58, 50.12
2020-10-28, 07:51:20, 23.59, 50.09
2020-10-28, 07:51:21, 23.58, 50.09
2020-10-28, 07:51:22, 23.58, 50.09
2020-10-28, 07:51:24, 23.59, 50.09
2020-10-28, 07:51:25, 23.58, 50.09
2020-10-28, 07:51:26, 23.59, 50.06
2020-10-28, 07:51:28, 23.6, 50.06
2020-10-28, 07:51:29, 23.6, 50.06
2020-10-28, 07:51:31, 23.6, 50.06
2020-10-28, 07:51:32, 23.6, 50.06
2020-10-28, 07:51:33, 23.6, 50.06
2020-10-28, 07:51:35, 23.6, 50.06
2020-10-28, 07:51:36, 23.6, 50.03
2020-10-28, 07:51:37, 23.6, 50.06
2020-10-28, 07:51:39, 23.61, 50.06
2020-10-28, 07:51:40, 23.6, 50.06
2020-10-28, 07:51:41, 23.6, 50.06
2020-10-28, 07:51:43, 23.61, 50.06
2020-10-28, 07:51:44, 23.62, 50.03
2020-10-28, 07:51:46, 23.61, 50.03
2020-10-28, 07:51:47, 23.62, 50.0
2020-10-28, 07:51:48, 23.61, 50.03
2020-10-28, 07:51:50, 23.62, 50.03
2020-10-28, 07:51:51, 23.61, 50.03
2020-10-28, 07:51:52, 23.61, 49.99
2020-10-28, 07:51:54, 23.62, 50.0
2020-10-28, 07:51:55, 23.62, 50.0
2020-10-28, 07:51:56, 23.62, 50.0
2020-10-28, 07:51:58, 23.6, 49.99
2020-10-28, 07:51:59, 23.62, 50.0
2020-10-28, 07:52:00, 23.62, 50.0
2020-10-28, 07:52:02, 23.62, 50.0
2020-10-28, 07:52:03, 23.63, 50.0
2020-10-28, 07:52:04, 23.63, 50.0
2020-10-28, 07:52:06, 23.63, 50.0
2020-10-28, 07:52:07, 23.63, 50.0
2020-10-28, 07:52:09, 23.62, 50.0
2020-10-28, 07:52:10, 23.63, 50.0
2020-10-28, 07:52:11, 23.63, 49.97
2020-10-28, 07:52:13, 23.62, 49.96
2020-10-28, 07:52:14, 23.63, 49.97
2020-10-28, 07:52:15, 23.62, 49.96
2020-10-28, 07:52:17, 23.62, 49.96
2020-10-28, 07:52:18, 23.63, 49.97
2020-10-28, 07:52:19, 23.62, 49.96
2020-10-28, 07:52:21, 23.62, 49.96
2020-10-28, 07:52:22, 23.63, 49.97
2020-10-28, 07:52:23, 23.62, 49.96
2020-10-28, 07:52:25, 23.62, 49.96
2020-10-28, 07:52:26, 23.63, 49.93
2020-10-28, 07:52:28, 23.63, 49.93
2020-10-28, 07:52:29, 23.62, 49.93
2020-10-28, 07:52:30, 23.62, 49.93
2020-10-28, 07:52:32, 23.63, 49.93
2020-10-28, 07:52:33, 23.62, 49.93
2020-10-28, 07:52:34, 23.63, 49.93
2020-10-28, 07:52:36, 23.65, 49.94
2020-10-28, 07:52:37, 23.64, 49.94
2020-10-28, 07:52:38, 23.64, 49.94
2020-10-28, 07:52:40, 23.65, 49.94
2020-10-28, 07:52:41, 23.64, 49.94
2020-10-28, 07:52:42, 23.64, 49.94
2020-10-28, 07:52:44, 23.63, 49.9
2020-10-28, 07:52:45, 23.63, 49.93
2020-10-28, 07:52:47, 23.61, 49.9
2020-10-28, 07:52:48, 23.64, 49.94
2020-10-28, 07:52:49, 23.64, 49.94
2020-10-28, 07:52:51, 23.64, 49.94
2020-10-28, 07:52:52, 23.64, 49.9
2020-10-28, 07:52:53, 23.65, 49.91
2020-10-28, 07:52:55, 23.66, 49.87
2020-10-28, 07:52:56, 23.65, 49.87
2020-10-28, 07:52:57, 23.65, 49.91
2020-10-28, 07:52:59, 23.66, 49.91
2020-10-28, 07:53:00, 23.65, 49.87
2020-10-28, 07:53:02, 23.65, 49.87
2020-10-28, 07:53:03, 23.66, 49.87
2020-10-28, 07:53:04, 23.66, 49.87
2020-10-28, 07:53:06, 23.68, 49.88
2020-10-28, 07:53:07, 23.67, 49.88
2020-10-28, 07:53:08, 23.65, 49.87
2020-10-28, 07:53:10, 23.65, 49.84
2020-10-28, 07:53:11, 23.67, 49.88
2020-10-28, 07:53:12, 23.67, 49.84
2020-10-28, 07:53:14, 23.66, 49.84
2020-10-28, 07:53:15, 23.67, 49.84
2020-10-28, 07:53:16, 23.66, 49.84
2020-10-28, 07:53:18, 23.67, 49.84
2020-10-28, 07:53:19, 23.67, 49.84
2020-10-28, 07:53:21, 23.68, 49.85
2020-10-28, 07:53:22, 23.67, 49.84
2020-10-28, 07:53:23, 23.67, 49.84
2020-10-28, 07:53:25, 23.67, 49.84
2020-10-28, 07:53:26, 23.67, 49.84
2020-10-28, 07:53:27, 23.67, 49.81
2020-10-28, 07:53:29, 23.67, 49.81
2020-10-28, 07:53:30, 23.66, 49.81
2020-10-28, 07:53:31, 23.67, 49.81
2020-10-28, 07:53:33, 23.67, 49.78
2020-10-28, 07:53:34, 23.69, 49.78
2020-10-28, 07:53:35, 23.69, 49.78
2020-10-28, 07:53:37, 23.68, 49.81
2020-10-28, 07:53:38, 23.68, 49.81
2020-10-28, 07:53:40, 23.67, 49.81
2020-10-28, 07:53:41, 23.67, 49.78
2020-10-28, 07:53:42, 23.68, 49.78
2020-10-28, 07:53:44, 23.7, 49.82
2020-10-28, 07:53:45, 23.69, 49.82
2020-10-28, 07:53:46, 23.68, 49.78
2020-10-28, 07:53:48, 23.69, 49.78
2020-10-28, 07:53:49, 23.68, 49.78
2020-10-28, 07:53:50, 23.69, 49.78
2020-10-28, 07:53:52, 23.68, 49.78
2020-10-28, 07:53:53, 23.69, 49.78
2020-10-28, 07:53:55, 23.67, 49.78
2020-10-28, 07:53:56, 23.68, 49.78
2020-10-28, 07:53:57, 23.68, 49.78
2020-10-28, 07:53:59, 23.69, 49.75
2020-10-28, 07:54:00, 23.68, 49.78
2020-10-28, 07:54:01, 23.69, 49.75
2020-10-28, 07:54:03, 23.68, 49.78
2020-10-28, 07:54:04, 23.68, 49.75
2020-10-28, 07:54:05, 23.69, 49.75
2020-10-28, 07:54:07, 23.71, 49.75
2020-10-28, 07:54:08, 23.68, 49.75
2020-10-28, 07:54:10, 23.7, 49.75
2020-10-28, 07:54:11, 23.7, 49.75
2020-10-28, 07:54:12, 23.7, 49.75
2020-10-28, 07:54:14, 23.7, 49.75
2020-10-28, 07:54:15, 23.71, 49.72
2020-10-28, 07:54:16, 23.7, 49.75
2020-10-28, 07:54:18, 23.7, 49.75
2020-10-28, 07:54:19, 23.69, 49.75
2020-10-28, 07:54:20, 23.7, 49.72
2020-10-28, 07:54:22, 23.71, 49.72
2020-10-28, 07:54:23, 23.72, 49.76
2020-10-28, 07:54:24, 23.7, 49.72
2020-10-28, 07:54:26, 23.72, 49.72
2020-10-28, 07:54:27, 23.71, 49.69
2020-10-28, 07:54:29, 23.71, 49.69
2020-10-28, 07:54:30, 23.7, 49.72
2020-10-28, 07:54:31, 23.73, 49.69
2020-10-28, 07:54:33, 23.71, 49.72
2020-10-28, 07:54:34, 23.7, 49.69
2020-10-28, 07:54:35, 23.72, 49.72
2020-10-28, 07:54:37, 23.72, 49.69
2020-10-28, 07:54:38, 23.72, 49.69
2020-10-28, 07:54:39, 23.72, 49.69
2020-10-28, 07:54:41, 23.71, 49.69
2020-10-28, 07:54:42, 23.72, 49.69
2020-10-28, 07:54:44, 23.72, 49.69
2020-10-28, 07:54:45, 23.72, 49.69
2020-10-28, 07:54:46, 23.72, 49.69
2020-10-28, 07:54:48, 23.72, 49.69
2020-10-28, 07:54:49, 23.72, 49.69
2020-10-28, 07:54:50, 23.71, 49.69
2020-10-28, 07:54:52, 23.72, 49.69
2020-10-28, 07:54:53, 23.72, 49.69
2020-10-28, 07:54:54, 23.72, 49.69
2020-10-28, 07:54:56, 23.72, 49.69
2020-10-28, 07:54:57, 23.72, 49.69
2020-10-28, 07:54:58, 23.72, 49.69
2020-10-28, 07:55:00, 23.73, 49.69
2020-10-28, 07:55:01, 23.73, 49.69
2020-10-28, 07:55:02, 23.72, 49.69
2020-10-28, 07:55:04, 23.73, 49.69
2020-10-28, 07:55:05, 23.73, 49.66
2020-10-28, 07:55:07, 23.74, 49.66
2020-10-28, 07:55:08, 23.72, 49.66
2020-10-28, 07:55:09, 23.74, 49.69
2020-10-28, 07:55:11, 23.74, 49.66
2020-10-28, 07:55:12, 23.74, 49.69
2020-10-28, 07:55:13, 23.74, 49.66
2020-10-28, 07:55:15, 23.74, 49.66
2020-10-28, 07:55:16, 23.74, 49.63
2020-10-28, 07:55:17, 23.73, 49.66
2020-10-28, 07:55:19, 23.72, 49.66
2020-10-28, 07:55:20, 23.72, 49.63
2020-10-28, 07:55:21, 23.73, 49.66
2020-10-28, 07:55:23, 23.74, 49.63
2020-10-28, 07:55:24, 23.74, 49.66
2020-10-28, 07:55:26, 23.74, 49.66
2020-10-28, 07:55:27, 23.76, 49.63
2020-10-28, 07:55:28, 23.74, 49.63
2020-10-28, 07:55:30, 23.74, 49.63
2020-10-28, 07:55:31, 23.74, 49.63
2020-10-28, 07:55:32, 23.74, 49.63
2020-10-28, 07:55:34, 23.74, 49.63
2020-10-28, 07:55:35, 23.75, 49.63
2020-10-28, 07:55:36, 23.74, 49.63
2020-10-28, 07:55:38, 23.75, 49.6
2020-10-28, 07:55:39, 23.74, 49.63
2020-10-28, 07:55:40, 23.75, 49.63
2020-10-28, 07:55:42, 23.75, 49.63
2020-10-28, 07:55:43, 23.74, 49.63
2020-10-28, 07:55:45, 23.75, 49.63
2020-10-28, 07:55:46, 23.74, 49.6
2020-10-28, 07:55:47, 23.74, 49.63
2020-10-28, 07:55:49, 23.75, 49.63
2020-10-28, 07:55:50, 23.74, 49.6
2020-10-28, 07:55:51, 23.75, 49.6
2020-10-28, 07:55:53, 23.74, 49.63
2020-10-28, 07:55:54, 23.75, 49.6
2020-10-28, 07:55:55, 23.76, 49.6
2020-10-28, 07:55:57, 23.76, 49.57
2020-10-28, 07:55:58, 23.76, 49.57
2020-10-28, 07:55:59, 23.76, 49.6
2020-10-28, 07:56:01, 23.77, 49.57
2020-10-28, 07:56:02, 23.76, 49.57
2020-10-28, 07:56:03, 23.75, 49.57
2020-10-28, 07:56:05, 23.77, 49.57
2020-10-28, 07:56:06, 23.76, 49.57
2020-10-28, 07:56:08, 23.76, 49.57
2020-10-28, 07:56:09, 23.76, 49.57
2020-10-28, 07:56:10, 23.78, 49.57
2020-10-28, 07:56:12, 23.77, 49.57
2020-10-28, 07:56:14, 23.5, 49.63
2020-10-28, 07:56:16, 23.69, 49.75
2020-10-28, 07:56:17, 23.71, 49.75
2020-10-28, 07:56:18, 23.72, 49.72
2020-10-28, 07:56:20, 23.72, 49.72
2020-10-28, 07:56:21, 23.72, 49.66
2020-10-28, 07:56:23, 23.74, 49.69
2020-10-28, 07:56:24, 23.75, 49.66
2020-10-28, 07:56:25, 23.76, 49.63
2020-10-28, 07:56:27, 23.76, 49.63
2020-10-28, 07:56:28, 23.74, 49.6
2020-10-28, 07:56:29, 23.75, 49.6
2020-10-28, 07:56:31, 23.75, 49.6
2020-10-28, 07:56:32, 23.75, 49.6
2020-10-28, 07:56:33, 23.74, 49.6
2020-10-28, 07:56:35, 23.76, 49.57
2020-10-28, 07:56:36, 23.76, 49.57
2020-10-28, 07:56:37, 23.77, 49.57
2020-10-28, 07:56:39, 23.77, 49.57
2020-10-28, 07:56:40, 23.76, 49.57
2020-10-28, 07:56:42, 23.77, 49.57
2020-10-28, 07:56:43, 23.78, 49.54
2020-10-28, 07:56:44, 23.78, 49.54
2020-10-28, 07:56:46, 23.77, 49.54
2020-10-28, 07:56:47, 23.77, 49.54
2020-10-28, 07:56:48, 23.78, 49.54
2020-10-28, 07:56:50, 23.78, 49.57
2020-10-28, 07:56:51, 23.78, 49.51
2020-10-28, 07:56:52, 23.77, 49.54
2020-10-28, 07:56:54, 23.78, 49.54
2020-10-28, 07:56:55, 23.78, 49.51
2020-10-28, 07:56:56, 23.76, 49.54
2020-10-28, 07:56:58, 23.78, 49.51
2020-10-28, 07:56:59, 23.78, 49.54
2020-10-28, 07:57:01, 23.78, 49.51
2020-10-28, 07:57:02, 23.78, 49.51
2020-10-28, 07:57:03, 23.77, 49.51
2020-10-28, 07:57:05, 23.77, 49.51
2020-10-28, 07:57:06, 23.78, 49.51
2020-10-28, 07:57:07, 23.77, 49.51
2020-10-28, 07:57:09, 23.76, 49.51
2020-10-28, 07:57:10, 23.78, 49.51
2020-10-28, 07:57:11, 23.78, 49.51
2020-10-28, 07:57:13, 23.77, 49.51
2020-10-28, 07:57:14, 23.77, 49.51
2020-10-28, 07:57:15, 23.78, 49.51
2020-10-28, 07:57:17, 23.79, 49.51
2020-10-28, 07:57:18, 23.77, 49.51
2020-10-28, 07:57:20, 23.79, 49.48
2020-10-28, 07:57:21, 23.79, 49.51
2020-10-28, 07:57:22, 23.79, 49.48
2020-10-28, 07:57:24, 23.78, 49.48
2020-10-28, 07:57:25, 23.79, 49.48
2020-10-28, 07:57:26, 23.78, 49.48
2020-10-28, 07:57:28, 23.8, 49.48
2020-10-28, 07:57:29, 23.8, 49.48
2020-10-28, 07:57:30, 23.79, 49.48
2020-10-28, 07:57:32, 23.78, 49.48
2020-10-28, 07:57:33, 23.78, 49.48
2020-10-28, 07:57:34, 23.78, 49.45
2020-10-28, 07:57:36, 23.79, 49.48
2020-10-28, 07:57:37, 23.78, 49.48
2020-10-28, 07:57:39, 23.78, 49.48
2020-10-28, 07:57:40, 23.77, 49.48
2020-10-28, 07:57:41, 23.79, 49.48
2020-10-28, 07:57:43, 23.79, 49.48
2020-10-28, 07:57:44, 23.78, 49.48
2020-10-28, 07:57:45, 23.8, 49.45
2020-10-28, 07:57:47, 23.8, 49.45
2020-10-28, 07:57:48, 23.8, 49.45
2020-10-28, 07:57:49, 23.79, 49.42
2020-10-28, 07:57:51, 23.8, 49.45
2020-10-28, 07:57:52, 23.8, 49.42
2020-10-28, 07:57:53, 23.8, 49.42
2020-10-28, 07:57:55, 23.8, 49.42
2020-10-28, 07:57:56, 23.79, 49.42
2020-10-28, 07:57:57, 23.79, 49.38
2020-10-28, 07:57:59, 23.8, 49.38
2020-10-28, 07:58:00, 23.8, 49.38
2020-10-28, 07:58:02, 23.79, 49.38
2020-10-28, 07:58:03, 23.79, 49.38
2020-10-28, 07:58:04, 23.8, 49.38
2020-10-28, 07:58:06, 23.8, 49.38
2020-10-28, 07:58:07, 23.79, 49.38
2020-10-28, 07:58:08, 23.79, 49.38
2020-10-28, 07:58:10, 23.79, 49.38
2020-10-28, 07:58:11, 23.8, 49.38
2020-10-28, 07:58:12, 23.79, 49.38
2020-10-28, 07:58:14, 23.81, 49.39
2020-10-28, 07:58:15, 23.8, 49.35
2020-10-28, 07:58:16, 23.81, 49.39
2020-10-28, 07:58:18, 23.8, 49.38
2020-10-28, 07:58:19, 23.79, 49.38
2020-10-28, 07:58:21, 23.79, 49.38
2020-10-28, 07:58:22, 23.78, 49.38
2020-10-28, 07:58:23, 23.79, 49.38
2020-10-28, 07:58:25, 23.8, 49.38
2020-10-28, 07:58:26, 23.79, 49.38
2020-10-28, 07:58:27, 23.79, 49.35
2020-10-28, 07:58:29, 23.8, 49.38
2020-10-28, 07:58:30, 23.8, 49.35
2020-10-28, 07:58:31, 23.8, 49.35
2020-10-28, 07:58:33, 23.8, 49.35
2020-10-28, 07:58:34, 23.81, 49.35
2020-10-28, 07:58:35, 23.8, 49.35
2020-10-28, 07:58:37, 23.81, 49.32
2020-10-28, 07:58:38, 23.81, 49.35
2020-10-28, 07:58:40, 23.8, 49.35
2020-10-28, 07:58:41, 23.8, 49.32
2020-10-28, 07:58:42, 23.8, 49.32
2020-10-28, 07:58:44, 23.8, 49.32
2020-10-28, 07:58:45, 23.79, 49.32
2020-10-28, 07:58:46, 23.79, 49.32
2020-10-28, 07:58:48, 23.8, 49.32
2020-10-28, 07:58:49, 23.8, 49.32
2020-10-28, 07:58:50, 23.79, 49.32
2020-10-28, 07:58:52, 23.8, 49.32
2020-10-28, 07:58:53, 23.79, 49.32
2020-10-28, 07:58:54, 23.78, 49.32
2020-10-28, 07:58:56, 23.78, 49.32
2020-10-28, 07:58:57, 23.79, 49.32
2020-10-28, 07:58:59, 23.79, 49.32
2020-10-28, 07:59:00, 23.78, 49.32
2020-10-28, 07:59:01, 23.78, 49.32
2020-10-28, 07:59:03, 23.79, 49.32
2020-10-28, 07:59:04, 23.79, 49.32
2020-10-28, 07:59:05, 23.78, 49.35
2020-10-28, 07:59:07, 23.79, 49.32
2020-10-28, 07:59:08, 23.8, 49.32
2020-10-28, 07:59:09, 23.78, 49.32
2020-10-28, 07:59:11, 23.79, 49.32
2020-10-28, 07:59:12, 23.8, 49.32
2020-10-28, 07:59:14, 23.8, 49.32
2020-10-28, 07:59:15, 23.79, 49.32
2020-10-28, 07:59:16, 23.8, 49.32
2020-10-28, 07:59:18, 23.79, 49.32
2020-10-28, 07:59:19, 23.79, 49.32
2020-10-28, 07:59:20, 23.8, 49.32
2020-10-28, 07:59:22, 23.8, 49.32
2020-10-28, 07:59:23, 23.8, 49.32
2020-10-28, 07:59:24, 23.81, 49.32
2020-10-28, 07:59:26, 23.8, 49.32
2020-10-28, 07:59:27, 23.8, 49.32
2020-10-28, 07:59:28, 23.8, 49.32
2020-10-28, 07:59:30, 23.78, 49.32
2020-10-28, 07:59:31, 23.78, 49.32
2020-10-28, 07:59:32, 23.8, 49.32
2020-10-28, 07:59:34, 23.79, 49.32
2020-10-28, 07:59:35, 23.8, 49.32
2020-10-28, 07:59:37, 23.79, 49.32
2020-10-28, 07:59:38, 23.8, 49.32
2020-10-28, 07:59:39, 23.78, 49.32
2020-10-28, 07:59:41, 23.79, 49.32
2020-10-28, 07:59:42, 23.79, 49.32
2020-10-28, 07:59:43, 23.79, 49.32
2020-10-28, 07:59:45, 23.79, 49.32
2020-10-28, 07:59:46, 23.78, 49.32
2020-10-28, 07:59:47, 23.8, 49.32
2020-10-28, 07:59:49, 23.8, 49.35
2020-10-28, 07:59:50, 23.8, 49.32
2020-10-28, 07:59:51, 23.79, 49.32
2020-10-28, 07:59:53, 23.78, 49.32
2020-10-28, 07:59:54, 23.79, 49.32
2020-10-28, 07:59:56, 23.79, 49.32
2020-10-28, 07:59:57, 23.8, 49.32
2020-10-28, 07:59:58, 23.79, 49.32
2020-10-28, 08:00:00, 23.78, 49.32
2020-10-28, 08:00:01, 23.78, 49.32
2020-10-28, 08:00:02, 23.79, 49.32
2020-10-28, 08:00:04, 23.8, 49.32
2020-10-28, 08:00:05, 23.79, 49.32
2020-10-28, 08:00:06, 23.79, 49.32
2020-10-28, 08:00:08, 23.8, 49.32
2020-10-28, 08:00:09, 23.8, 49.32
2020-10-28, 08:00:10, 23.8, 49.32
2020-10-28, 08:00:12, 23.78, 49.32
2020-10-28, 08:00:13, 23.78, 49.32
2020-10-28, 08:00:15, 23.79, 49.32
2020-10-28, 08:00:16, 23.8, 49.32
2020-10-28, 08:00:17, 23.78, 49.32
2020-10-28, 08:00:19, 23.8, 49.32
2020-10-28, 08:00:20, 23.79, 49.32
2020-10-28, 08:00:21, 23.8, 49.32
2020-10-28, 08:00:23, 23.8, 49.29
2020-10-28, 08:00:24, 23.79, 49.32
2020-10-28, 08:00:25, 23.79, 49.32
2020-10-28, 08:00:27, 23.8, 49.29
2020-10-28, 08:00:28, 23.8, 49.29
2020-10-28, 08:00:29, 23.8, 49.32
2020-10-28, 08:00:31, 23.79, 49.29
2020-10-28, 08:00:32, 23.8, 49.29
2020-10-28, 08:00:34, 23.8, 49.32
2020-10-28, 08:00:35, 23.8, 49.29
2020-10-28, 08:00:36, 23.79, 49.29
2020-10-28, 08:00:38, 23.81, 49.29
2020-10-28, 08:00:39, 23.8, 49.26
2020-10-28, 08:00:40, 23.8, 49.29
2020-10-28, 08:00:42, 23.79, 49.29
2020-10-28, 08:00:43, 23.8, 49.26
2020-10-28, 08:00:44, 23.8, 49.26
2020-10-28, 08:00:46, 23.8, 49.26
2020-10-28, 08:00:47, 23.8, 49.26
2020-10-28, 08:00:48, 23.8, 49.26
2020-10-28, 08:00:50, 23.8, 49.26
2020-10-28, 08:00:51, 23.81, 49.26
2020-10-28, 08:00:52, 23.81, 49.26
2020-10-28, 08:00:54, 23.81, 49.23
2020-10-28, 08:00:55, 23.8, 49.26
2020-10-28, 08:00:57, 23.81, 49.26
2020-10-28, 08:00:58, 23.8, 49.26
2020-10-28, 08:00:59, 23.81, 49.26
2020-10-28, 08:01:01, 23.79, 49.22
2020-10-28, 08:01:02, 23.8, 49.23
2020-10-28, 08:01:03, 23.79, 49.26
2020-10-28, 08:01:05, 23.8, 49.23
2020-10-28, 08:01:06, 23.8, 49.26
2020-10-28, 08:01:07, 23.79, 49.22
2020-10-28, 08:01:09, 23.81, 49.26
2020-10-28, 08:01:10, 23.79, 49.22
2020-10-28, 08:01:11, 23.8, 49.26
2020-10-28, 08:01:13, 23.8, 49.23
2020-10-28, 08:01:14, 23.8, 49.26
2020-10-28, 08:01:15, 23.8, 49.23
2020-10-28, 08:01:17, 23.8, 49.23
2020-10-28, 08:01:18, 23.8, 49.26
2020-10-28, 08:01:20, 23.8, 49.23
2020-10-28, 08:01:21, 23.8, 49.23
2020-10-28, 08:01:22, 23.8, 49.23
2020-10-28, 08:01:24, 23.79, 49.26
2020-10-28, 08:01:25, 23.8, 49.23
2020-10-28, 08:01:26, 23.81, 49.23
2020-10-28, 08:01:28, 23.82, 49.23
2020-10-28, 08:01:29, 23.82, 49.23
2020-10-28, 08:01:30, 23.81, 49.23
2020-10-28, 08:01:32, 23.81, 49.23
2020-10-28, 08:01:33, 23.8, 49.23
2020-10-28, 08:01:34, 23.82, 49.23
2020-10-28, 08:01:36, 23.81, 49.23
2020-10-28, 08:01:37, 23.8, 49.23
2020-10-28, 08:01:39, 23.82, 49.23
2020-10-28, 08:01:40, 23.81, 49.23
2020-10-28, 08:01:41, 23.82, 49.26
2020-10-28, 08:01:43, 23.81, 49.23
2020-10-28, 08:01:44, 23.8, 49.23
2020-10-28, 08:01:45, 23.82, 49.23
2020-10-28, 08:01:47, 23.81, 49.23
2020-10-28, 08:01:48, 23.81, 49.23
2020-10-28, 08:01:49, 23.81, 49.23
2020-10-28, 08:01:51, 23.8, 49.23
2020-10-28, 08:01:52, 23.82, 49.23
2020-10-28, 08:01:53, 23.81, 49.23
2020-10-28, 08:01:55, 23.8, 49.23
2020-10-28, 08:01:56, 23.81, 49.26
2020-10-28, 08:01:58, 23.8, 49.23
2020-10-28, 08:01:59, 23.81, 49.23
2020-10-28, 08:02:00, 23.78, 49.22
2020-10-28, 08:02:02, 23.8, 49.23
2020-10-28, 08:02:03, 23.79, 49.22
2020-10-28, 08:02:04, 23.8, 49.23
2020-10-28, 08:02:06, 23.81, 49.23
2020-10-28, 08:02:07, 23.79, 49.22
2020-10-28, 08:02:08, 23.79, 49.22
2020-10-28, 08:02:10, 23.8, 49.23
2020-10-28, 08:02:11, 23.81, 49.26
2020-10-28, 08:02:12, 23.8, 49.23
2020-10-28, 08:02:14, 23.8, 49.23
2020-10-28, 08:02:15, 23.79, 49.26
2020-10-28, 08:02:17, 23.78, 49.25
2020-10-28, 08:02:18, 23.78, 49.25
2020-10-28, 08:02:19, 23.79, 49.26
2020-10-28, 08:02:21, 23.78, 49.25
2020-10-28, 08:02:22, 23.79, 49.26
2020-10-28, 08:02:23, 23.8, 49.26
2020-10-28, 08:02:25, 23.78, 49.25
2020-10-28, 08:02:26, 23.79, 49.26
2020-10-28, 08:02:27, 23.78, 49.25
2020-10-28, 08:02:29, 23.79, 49.26
2020-10-28, 08:02:30, 23.79, 49.26
2020-10-28, 08:02:32, 23.79, 49.26
2020-10-28, 08:02:33, 23.8, 49.26
2020-10-28, 08:02:34, 23.78, 49.22
2020-10-28, 08:02:36, 23.79, 49.26
2020-10-28, 08:02:37, 23.78, 49.25
2020-10-28, 08:02:38, 23.79, 49.26
2020-10-28, 08:02:40, 23.8, 49.26
2020-10-28, 08:02:41, 23.8, 49.26
2020-10-28, 08:02:42, 23.78, 49.25
2020-10-28, 08:02:44, 23.79, 49.26
2020-10-28, 08:02:45, 23.78, 49.25
2020-10-28, 08:02:46, 23.79, 49.26
2020-10-28, 08:02:48, 23.79, 49.26
2020-10-28, 08:02:49, 23.77, 49.25
2020-10-28, 08:02:51, 23.8, 49.26
2020-10-28, 08:02:52, 23.8, 49.26
2020-10-28, 08:02:53, 23.8, 49.26
2020-10-28, 08:02:55, 23.8, 49.26
2020-10-28, 08:02:56, 23.8, 49.26
2020-10-28, 08:02:57, 23.79, 49.26
2020-10-28, 08:02:59, 23.8, 49.23
2020-10-28, 08:03:00, 23.76, 49.22
2020-10-28, 08:03:01, 23.78, 49.22
2020-10-28, 08:03:03, 23.78, 49.22
2020-10-28, 08:03:04, 23.79, 49.19
2020-10-28, 08:03:05, 23.78, 49.22
2020-10-28, 08:03:07, 23.79, 49.19
2020-10-28, 08:03:08, 23.79, 49.19
2020-10-28, 08:03:10, 23.79, 49.22
2020-10-28, 08:03:11, 23.79, 49.22
2020-10-28, 08:03:12, 23.79, 49.22
2020-10-28, 08:03:14, 23.78, 49.22
2020-10-28, 08:03:15, 23.8, 49.23
2020-10-28, 08:03:16, 23.78, 49.22
2020-10-28, 08:03:18, 23.79, 49.22
2020-10-28, 08:03:19, 23.79, 49.26
2020-10-28, 08:03:20, 23.79, 49.22
2020-10-28, 08:03:22, 23.79, 49.26
2020-10-28, 08:03:23, 23.8, 49.23
2020-10-28, 08:03:25, 23.79, 49.22
2020-10-28, 08:03:26, 23.78, 49.22
2020-10-28, 08:03:27, 23.77, 49.22
2020-10-28, 08:03:29, 23.76, 49.25
2020-10-28, 08:03:30, 23.78, 49.25
2020-10-28, 08:03:32, 23.78, 49.25
2020-10-28, 08:03:33, 23.77, 49.25
2020-10-28, 08:03:34, 23.78, 49.25
2020-10-28, 08:03:36, 23.78, 49.25
2020-10-28, 08:03:37, 23.77, 49.25
2020-10-28, 08:03:38, 23.77, 49.25
2020-10-28, 08:03:40, 23.77, 49.25
2020-10-28, 08:03:41, 23.76, 49.22
2020-10-28, 08:03:42, 23.77, 49.22
2020-10-28, 08:03:44, 23.76, 49.25
2020-10-28, 08:03:45, 23.78, 49.22
2020-10-28, 08:03:47, 23.78, 49.25
2020-10-28, 08:03:48, 23.78, 49.25
2020-10-28, 08:03:49, 23.78, 49.25
2020-10-28, 08:03:51, 23.75, 49.25
2020-10-28, 08:03:52, 23.78, 49.25
2020-10-28, 08:03:53, 23.77, 49.25
2020-10-28, 08:03:55, 23.77, 49.25
2020-10-28, 08:03:56, 23.77, 49.25
2020-10-28, 08:03:57, 23.78, 49.29
2020-10-28, 08:03:59, 23.76, 49.25
2020-10-28, 08:04:00, 23.76, 49.25
2020-10-28, 08:04:01, 23.76, 49.25
2020-10-28, 08:04:03, 23.76, 49.25
2020-10-28, 08:04:04, 23.76, 49.25
2020-10-28, 08:04:06, 23.75, 49.25
2020-10-28, 08:04:07, 23.76, 49.25
2020-10-28, 08:04:08, 23.76, 49.25
2020-10-28, 08:04:10, 23.76, 49.22
2020-10-28, 08:04:11, 23.76, 49.25
2020-10-28, 08:04:12, 23.77, 49.25
2020-10-28, 08:04:14, 23.76, 49.22
2020-10-28, 08:04:15, 23.77, 49.25
2020-10-28, 08:04:16, 23.76, 49.25
2020-10-28, 08:04:18, 23.76, 49.25
2020-10-28, 08:04:19, 23.76, 49.25
2020-10-28, 08:04:20, 23.76, 49.25
2020-10-28, 08:04:22, 23.77, 49.25
2020-10-28, 08:04:23, 23.76, 49.25
2020-10-28, 08:04:25, 23.75, 49.25
2020-10-28, 08:04:26, 23.76, 49.25
2020-10-28, 08:04:27, 23.74, 49.25
2020-10-28, 08:04:29, 23.75, 49.25
2020-10-28, 08:04:30, 23.75, 49.25
2020-10-28, 08:04:31, 23.74, 49.25
2020-10-28, 08:04:33, 23.74, 49.25
2020-10-28, 08:04:34, 23.75, 49.25
2020-10-28, 08:04:35, 23.74, 49.25
2020-10-28, 08:04:37, 23.74, 49.25
2020-10-28, 08:04:38, 23.75, 49.25
2020-10-28, 08:04:39, 23.76, 49.25
2020-10-28, 08:04:41, 23.76, 49.25
2020-10-28, 08:04:42, 23.75, 49.25
2020-10-28, 08:04:44, 23.72, 49.25
2020-10-28, 08:04:45, 23.73, 49.25
2020-10-28, 08:04:46, 23.72, 49.25
2020-10-28, 08:04:48, 23.74, 49.25
2020-10-28, 08:04:49, 23.73, 49.25
2020-10-28, 08:04:50, 23.74, 49.25
2020-10-28, 08:04:52, 23.73, 49.25
2020-10-28, 08:04:53, 23.73, 49.25
2020-10-28, 08:04:54, 23.74, 49.28
2020-10-28, 08:04:56, 23.73, 49.28
2020-10-28, 08:04:57, 23.73, 49.28
2020-10-28, 08:04:59, 23.73, 49.28
2020-10-28, 08:05:00, 23.74, 49.28
2020-10-28, 08:05:01, 23.74, 49.28
2020-10-28, 08:05:03, 23.74, 49.28
2020-10-28, 08:05:04, 23.73, 49.28
2020-10-28, 08:05:05, 23.73, 49.31
2020-10-28, 08:05:07, 23.73, 49.28
2020-10-28, 08:05:08, 23.72, 49.28
2020-10-28, 08:05:09, 23.73, 49.31
2020-10-28, 08:05:11, 23.72, 49.31
2020-10-28, 08:05:12, 23.72, 49.31
2020-10-28, 08:05:13, 23.73, 49.28
2020-10-28, 08:05:15, 23.74, 49.31
2020-10-28, 08:05:16, 23.73, 49.31
2020-10-28, 08:05:18, 23.73, 49.28
2020-10-28, 08:05:19, 23.73, 49.31
2020-10-28, 08:05:20, 23.73, 49.31
2020-10-28, 08:05:22, 23.72, 49.28
2020-10-28, 08:05:23, 23.73, 49.28
2020-10-28, 08:05:24, 23.72, 49.28
2020-10-28, 08:05:26, 23.73, 49.28
2020-10-28, 08:05:27, 23.73, 49.28
2020-10-28, 08:05:28, 23.73, 49.28
2020-10-28, 08:05:30, 23.72, 49.28
2020-10-28, 08:05:31, 23.72, 49.31
2020-10-28, 08:05:32, 23.72, 49.28
2020-10-28, 08:05:34, 23.72, 49.31
2020-10-28, 08:05:35, 23.72, 49.31
2020-10-28, 08:05:37, 23.71, 49.31
2020-10-28, 08:05:38, 23.7, 49.31
2020-10-28, 08:05:39, 23.72, 49.31
2020-10-28, 08:05:41, 23.71, 49.31
2020-10-28, 08:05:42, 23.72, 49.31
2020-10-28, 08:05:43, 23.7, 49.31
2020-10-28, 08:05:45, 23.72, 49.28
2020-10-28, 08:05:46, 23.72, 49.31
2020-10-28, 08:05:47, 23.72, 49.31
2020-10-28, 08:05:49, 23.71, 49.31
2020-10-28, 08:05:50, 23.71, 49.31
2020-10-28, 08:05:51, 23.71, 49.28
2020-10-28, 08:05:53, 23.72, 49.28
2020-10-28, 08:05:54, 23.71, 49.28
2020-10-28, 08:05:56, 23.72, 49.28
2020-10-28, 08:05:57, 23.71, 49.28
2020-10-28, 08:05:58, 23.72, 49.31
2020-10-28, 08:06:00, 23.71, 49.28
2020-10-28, 08:06:01, 23.71, 49.31
2020-10-28, 08:06:02, 23.71, 49.31
2020-10-28, 08:06:04, 23.7, 49.31
2020-10-28, 08:06:05, 23.71, 49.28
2020-10-28, 08:06:06, 23.69, 49.31
2020-10-28, 08:06:08, 23.71, 49.31
2020-10-28, 08:06:09, 23.7, 49.28
2020-10-28, 08:06:10, 23.71, 49.28
2020-10-28, 08:06:12, 23.71, 49.31
2020-10-28, 08:06:13, 23.7, 49.31
2020-10-28, 08:06:15, 23.7, 49.31
2020-10-28, 08:06:16, 23.7, 49.31
2020-10-28, 08:06:17, 23.71, 49.31
2020-10-28, 08:06:19, 23.7, 49.31
2020-10-28, 08:06:20, 23.7, 49.31
2020-10-28, 08:06:21, 23.69, 49.31
2020-10-28, 08:06:23, 23.71, 49.31
2020-10-28, 08:06:24, 23.69, 49.31
2020-10-28, 08:06:25, 23.69, 49.31
2020-10-28, 08:06:27, 23.7, 49.31
2020-10-28, 08:06:28, 23.7, 49.31
2020-10-28, 08:06:29, 23.71, 49.31
2020-10-28, 08:06:31, 23.7, 49.31
2020-10-28, 08:06:32, 23.69, 49.31
2020-10-28, 08:06:34, 23.7, 49.31
2020-10-28, 08:06:35, 23.68, 49.31
2020-10-28, 08:06:36, 23.69, 49.34
2020-10-28, 08:06:38, 23.69, 49.31
2020-10-28, 08:06:39, 23.7, 49.31
2020-10-28, 08:06:40, 23.69, 49.34
2020-10-28, 08:06:42, 23.69, 49.31
2020-10-28, 08:06:43, 23.68, 49.34
2020-10-28, 08:06:44, 23.7, 49.34
2020-10-28, 08:06:46, 23.69, 49.34
2020-10-28, 08:06:47, 23.69, 49.34
2020-10-28, 08:06:48, 23.68, 49.34
2020-10-28, 08:06:50, 23.68, 49.34
2020-10-28, 08:06:51, 23.68, 49.37
2020-10-28, 08:06:53, 23.68, 49.34
2020-10-28, 08:06:54, 23.68, 49.34
2020-10-28, 08:06:55, 23.68, 49.37
2020-10-28, 08:06:57, 23.68, 49.37
2020-10-28, 08:06:58, 23.68, 49.37
2020-10-28, 08:06:59, 23.67, 49.34
2020-10-28, 08:07:01, 23.68, 49.34
2020-10-28, 08:07:02, 23.68, 49.37
2020-10-28, 08:07:03, 23.67, 49.37
2020-10-28, 08:07:05, 23.67, 49.34
2020-10-28, 08:07:06, 23.66, 49.37
2020-10-28, 08:07:07, 23.67, 49.37
2020-10-28, 08:07:09, 23.66, 49.37
2020-10-28, 08:07:10, 23.68, 49.37
2020-10-28, 08:07:12, 23.67, 49.37
2020-10-28, 08:07:13, 23.67, 49.34
2020-10-28, 08:07:14, 23.66, 49.37
2020-10-28, 08:07:16, 23.67, 49.34
2020-10-28, 08:07:17, 23.66, 49.37
2020-10-28, 08:07:18, 23.66, 49.37
2020-10-28, 08:07:20, 23.66, 49.37
2020-10-28, 08:07:21, 23.67, 49.37
2020-10-28, 08:07:22, 23.66, 49.37
2020-10-28, 08:07:24, 23.66, 49.37
2020-10-28, 08:07:25, 23.65, 49.37
2020-10-28, 08:07:26, 23.67, 49.37
2020-10-28, 08:07:28, 23.66, 49.4
2020-10-28, 08:07:29, 23.65, 49.4
2020-10-28, 08:07:31, 23.66, 49.4
2020-10-28, 08:07:32, 23.63, 49.39
2020-10-28, 08:07:33, 23.65, 49.4
2020-10-28, 08:07:35, 23.65, 49.4
2020-10-28, 08:07:36, 23.64, 49.36
2020-10-28, 08:07:37, 23.63, 49.36
2020-10-28, 08:07:39, 23.64, 49.43
2020-10-28, 08:07:40, 23.65, 49.4
2020-10-28, 08:07:41, 23.65, 49.4
2020-10-28, 08:07:43, 23.62, 49.39
2020-10-28, 08:07:44, 23.64, 49.4
2020-10-28, 08:07:46, 23.64, 49.4
2020-10-28, 08:07:47, 23.64, 49.4
2020-10-28, 08:07:48, 23.63, 49.39
2020-10-28, 08:07:50, 23.64, 49.4
2020-10-28, 08:07:51, 23.64, 49.4
2020-10-28, 08:07:52, 23.61, 49.39
2020-10-28, 08:07:54, 23.63, 49.39
2020-10-28, 08:07:55, 23.64, 49.4
2020-10-28, 08:07:56, 23.64, 49.4
2020-10-28, 08:07:58, 23.64, 49.4
2020-10-28, 08:07:59, 23.63, 49.39
2020-10-28, 08:08:01, 23.64, 49.43
2020-10-28, 08:08:02, 23.65, 49.4
2020-10-28, 08:08:03, 23.64, 49.4
2020-10-28, 08:08:05, 23.64, 49.43
2020-10-28, 08:08:06, 23.64, 49.4
2020-10-28, 08:08:07, 23.64, 49.43
2020-10-28, 08:08:09, 23.64, 49.43
2020-10-28, 08:08:10, 23.63, 49.43
2020-10-28, 08:08:11, 23.65, 49.4
2020-10-28, 08:08:13, 23.65, 49.43
2020-10-28, 08:08:14, 23.63, 49.39
2020-10-28, 08:08:15, 23.64, 49.4
2020-10-28, 08:08:17, 23.64, 49.4
2020-10-28, 08:08:18, 23.64, 49.43
2020-10-28, 08:08:19, 23.64, 49.4
2020-10-28, 08:08:21, 23.66, 49.4
2020-10-28, 08:08:22, 23.66, 49.43
2020-10-28, 08:08:24, 23.64, 49.4
2020-10-28, 08:08:25, 23.63, 49.43
2020-10-28, 08:08:26, 23.62, 49.42
2020-10-28, 08:08:28, 23.64, 49.43
2020-10-28, 08:08:29, 23.64, 49.43
2020-10-28, 08:08:30, 23.63, 49.43
2020-10-28, 08:08:32, 23.61, 49.42
2020-10-28, 08:08:33, 23.63, 49.46
2020-10-28, 08:08:34, 23.63, 49.43
2020-10-28, 08:08:36, 23.64, 49.46
2020-10-28, 08:08:37, 23.63, 49.46
2020-10-28, 08:08:38, 23.63, 49.43
2020-10-28, 08:08:40, 23.63, 49.46
2020-10-28, 08:08:41, 23.64, 49.46
2020-10-28, 08:08:43, 23.62, 49.42
2020-10-28, 08:08:44, 23.62, 49.46
2020-10-28, 08:08:45, 23.62, 49.46
2020-10-28, 08:08:47, 23.63, 49.46
2020-10-28, 08:08:48, 23.62, 49.46
2020-10-28, 08:08:49, 23.65, 49.46
2020-10-28, 08:08:51, 23.63, 49.46
2020-10-28, 08:08:52, 23.62, 49.46
2020-10-28, 08:08:53, 23.62, 49.42
2020-10-28, 08:08:55, 23.63, 49.46
2020-10-28, 08:08:56, 23.62, 49.42
2020-10-28, 08:08:57, 23.63, 49.46
2020-10-28, 08:08:59, 23.62, 49.46
2020-10-28, 08:09:00, 23.62, 49.46
2020-10-28, 08:09:02, 23.63, 49.46
2020-10-28, 08:09:03, 23.62, 49.49
2020-10-28, 08:09:04, 23.62, 49.49
2020-10-28, 08:09:06, 23.62, 49.46
2020-10-28, 08:09:07, 23.61, 49.49
2020-10-28, 08:09:08, 23.61, 49.49
2020-10-28, 08:09:10, 23.6, 49.45
2020-10-28, 08:09:11, 23.6, 49.45
2020-10-28, 08:09:12, 23.61, 49.49
2020-10-28, 08:09:14, 23.61, 49.49
2020-10-28, 08:09:15, 23.61, 49.49
2020-10-28, 08:09:16, 23.62, 49.49
2020-10-28, 08:09:18, 23.61, 49.49
2020-10-28, 08:09:19, 23.61, 49.49
2020-10-28, 08:09:20, 23.6, 49.49
2020-10-28, 08:09:22, 23.61, 49.49
2020-10-28, 08:09:23, 23.61, 49.49
2020-10-28, 08:09:25, 23.6, 49.49
2020-10-28, 08:09:26, 23.6, 49.49
2020-10-28, 08:09:27, 23.6, 49.45
2020-10-28, 08:09:29, 23.61, 49.49
2020-10-28, 08:09:30, 23.61, 49.49
2020-10-28, 08:09:31, 23.59, 49.48
2020-10-28, 08:09:33, 23.6, 49.49
2020-10-28, 08:09:34, 23.6, 49.49
2020-10-28, 08:09:35, 23.6, 49.49
2020-10-28, 08:09:37, 23.6, 49.49
2020-10-28, 08:09:38, 23.6, 49.49
2020-10-28, 08:09:39, 23.6, 49.49
2020-10-28, 08:09:41, 23.6, 49.49
2020-10-28, 08:09:42, 23.58, 49.48
2020-10-28, 08:09:43, 23.59, 49.48
2020-10-28, 08:09:45, 23.6, 49.49
2020-10-28, 08:09:46, 23.59, 49.48
2020-10-28, 08:09:48, 23.59, 49.52
2020-10-28, 08:09:49, 23.59, 49.48
2020-10-28, 08:09:50, 23.58, 49.48
2020-10-28, 08:09:52, 23.59, 49.48
2020-10-28, 08:09:53, 23.59, 49.48
2020-10-28, 08:09:54, 23.58, 49.48
2020-10-28, 08:09:56, 23.58, 49.48
2020-10-28, 08:09:57, 23.59, 49.48
2020-10-28, 08:09:58, 23.59, 49.48
2020-10-28, 08:10:00, 23.6, 49.49
2020-10-28, 08:10:01, 23.59, 49.48
2020-10-28, 08:10:02, 23.59, 49.48
2020-10-28, 08:10:04, 23.58, 49.48
2020-10-28, 08:10:05, 23.58, 49.48
2020-10-28, 08:10:06, 23.6, 49.45
2020-10-28, 08:10:08, 23.58, 49.48
2020-10-28, 08:10:09, 23.58, 49.48
2020-10-28, 08:10:11, 23.59, 49.48
2020-10-28, 08:10:12, 23.59, 49.48
2020-10-28, 08:10:13, 23.58, 49.48
2020-10-28, 08:10:15, 23.58, 49.48
2020-10-28, 08:10:16, 23.58, 49.48
2020-10-28, 08:10:17, 23.59, 49.48
2020-10-28, 08:10:19, 23.59, 49.48
2020-10-28, 08:10:20, 23.58, 49.48
2020-10-28, 08:10:21, 23.58, 49.48
2020-10-28, 08:10:23, 23.57, 49.48
2020-10-28, 08:10:24, 23.57, 49.51
2020-10-28, 08:10:25, 23.55, 49.48
2020-10-28, 08:10:27, 23.57, 49.51
2020-10-28, 08:10:28, 23.57, 49.51
2020-10-28, 08:10:30, 23.57, 49.51
2020-10-28, 08:10:31, 23.55, 49.51
2020-10-28, 08:10:32, 23.57, 49.51
2020-10-28, 08:10:34, 23.57, 49.51
2020-10-28, 08:10:35, 23.55, 49.51
2020-10-28, 08:10:36, 23.57, 49.51
2020-10-28, 08:10:38, 23.57, 49.51
2020-10-28, 08:10:39, 23.57, 49.51
2020-10-28, 08:10:40, 23.56, 49.51
2020-10-28, 08:10:42, 23.57, 49.51
2020-10-28, 08:10:43, 23.56, 49.51
2020-10-28, 08:10:44, 23.57, 49.51
2020-10-28, 08:10:46, 23.56, 49.48
2020-10-28, 08:10:47, 23.56, 49.51
2020-10-28, 08:10:49, 23.58, 49.51
2020-10-28, 08:10:50, 23.57, 49.51
2020-10-28, 08:10:51, 23.57, 49.51
2020-10-28, 08:10:53, 23.58, 49.48
2020-10-28, 08:10:54, 23.56, 49.48
2020-10-28, 08:10:55, 23.57, 49.51
2020-10-28, 08:10:57, 23.58, 49.48
2020-10-28, 08:10:58, 23.58, 49.48
2020-10-28, 08:10:59, 23.59, 49.52
2020-10-28, 08:11:01, 23.58, 49.48
2020-10-28, 08:11:02, 23.59, 49.48
2020-10-28, 08:11:03, 23.59, 49.48
2020-10-28, 08:11:05, 23.58, 49.48
2020-10-28, 08:11:06, 23.59, 49.48
2020-10-28, 08:11:08, 23.58, 49.48
2020-10-28, 08:11:09, 23.58, 49.48
2020-10-28, 08:11:10, 23.59, 49.48
2020-10-28, 08:11:12, 23.58, 49.48
2020-10-28, 08:11:13, 23.57, 49.48
2020-10-28, 08:11:14, 23.56, 49.48
2020-10-28, 08:11:16, 23.57, 49.48
2020-10-28, 08:11:17, 23.58, 49.51
2020-10-28, 08:11:18, 23.58, 49.48
2020-10-28, 08:11:20, 23.57, 49.48
2020-10-28, 08:11:21, 23.59, 49.48
2020-10-28, 08:11:22, 23.58, 49.48
2020-10-28, 08:11:24, 23.58, 49.48
2020-10-28, 08:11:25, 23.58, 49.48
2020-10-28, 08:11:26, 23.57, 49.45
2020-10-28, 08:11:28, 23.57, 49.48
2020-10-28, 08:11:29, 23.58, 49.45
2020-10-28, 08:11:31, 23.59, 49.48
2020-10-28, 08:11:32, 23.58, 49.45
2020-10-28, 08:11:33, 23.58, 49.45
2020-10-28, 08:11:35, 23.58, 49.45
2020-10-28, 08:11:36, 23.58, 49.45
2020-10-28, 08:11:37, 23.58, 49.45
2020-10-28, 08:11:39, 23.56, 49.48
2020-10-28, 08:11:40, 23.57, 49.48
2020-10-28, 08:11:41, 23.58, 49.45
2020-10-28, 08:11:43, 23.59, 49.45
2020-10-28, 08:11:44, 23.56, 49.45
2020-10-28, 08:11:45, 23.56, 49.45
2020-10-28, 08:11:47, 23.58, 49.48
2020-10-28, 08:11:48, 23.57, 49.45
2020-10-28, 08:11:50, 23.57, 49.48
2020-10-28, 08:11:51, 23.58, 49.45
2020-10-28, 08:11:52, 23.59, 49.48
2020-10-28, 08:11:54, 23.57, 49.45
2020-10-28, 08:11:55, 23.57, 49.45
2020-10-28, 08:11:56, 23.58, 49.45
2020-10-28, 08:11:58, 23.57, 49.45
2020-10-28, 08:11:59, 23.57, 49.45
2020-10-28, 08:12:00, 23.58, 49.45
2020-10-28, 08:12:02, 23.56, 49.48
2020-10-28, 08:12:03, 23.56, 49.48
2020-10-28, 08:12:04, 23.58, 49.45
2020-10-28, 08:12:06, 23.58, 49.48
2020-10-28, 08:12:07, 23.59, 49.45
2020-10-28, 08:12:08, 23.56, 49.45
2020-10-28, 08:12:10, 23.58, 49.48
2020-10-28, 08:12:11, 23.57, 49.45
2020-10-28, 08:12:13, 23.57, 49.45
2020-10-28, 08:12:14, 23.57, 49.45
2020-10-28, 08:12:15, 23.57, 49.48
2020-10-28, 08:12:17, 23.58, 49.48
2020-10-28, 08:12:18, 23.58, 49.45
2020-10-28, 08:12:19, 23.58, 49.48
2020-10-28, 08:12:21, 23.58, 49.48
2020-10-28, 08:12:22, 23.58, 49.45
2020-10-28, 08:12:23, 23.58, 49.45
2020-10-28, 08:12:25, 23.59, 49.48
2020-10-28, 08:12:26, 23.58, 49.48
2020-10-28, 08:12:27, 23.58, 49.48
2020-10-28, 08:12:29, 23.58, 49.45
2020-10-28, 08:12:30, 23.59, 49.48
2020-10-28, 08:12:32, 23.58, 49.45
2020-10-28, 08:12:33, 23.59, 49.45
2020-10-28, 08:12:34, 23.58, 49.45
2020-10-28, 08:12:36, 23.58, 49.48
2020-10-28, 08:12:37, 23.58, 49.48
2020-10-28, 08:12:38, 23.58, 49.45
2020-10-28, 08:12:40, 23.58, 49.48
2020-10-28, 08:12:41, 23.57, 49.48
2020-10-28, 08:12:42, 23.57, 49.48
2020-10-28, 08:12:44, 23.57, 49.48
2020-10-28, 08:12:45, 23.57, 49.48
2020-10-28, 08:12:46, 23.58, 49.48
2020-10-28, 08:12:48, 23.57, 49.48
2020-10-28, 08:12:49, 23.58, 49.45
2020-10-28, 08:12:50, 23.58, 49.48
2020-10-28, 08:12:52, 23.57, 49.45
2020-10-28, 08:12:53, 23.57, 49.45
2020-10-28, 08:12:55, 23.58, 49.45
2020-10-28, 08:12:56, 23.56, 49.48
2020-10-28, 08:12:57, 23.57, 49.45
2020-10-28, 08:12:59, 23.58, 49.45
2020-10-28, 08:13:00, 23.58, 49.48
2020-10-28, 08:13:01, 23.57, 49.45
2020-10-28, 08:13:03, 23.58, 49.48
2020-10-28, 08:13:04, 23.58, 49.48
2020-10-28, 08:13:05, 23.57, 49.45
2020-10-28, 08:13:07, 23.58, 49.48
2020-10-28, 08:13:08, 23.58, 49.48
2020-10-28, 08:13:10, 23.57, 49.48
2020-10-28, 08:13:11, 23.58, 49.48
2020-10-28, 08:13:12, 23.58, 49.48
2020-10-28, 08:13:14, 23.58, 49.45
2020-10-28, 08:13:15, 23.58, 49.48
2020-10-28, 08:13:16, 23.59, 49.45
2020-10-28, 08:13:18, 23.58, 49.45
2020-10-28, 08:13:19, 23.58, 49.45
2020-10-28, 08:13:20, 23.58, 49.45
2020-10-28, 08:13:22, 23.59, 49.48
2020-10-28, 08:13:23, 23.59, 49.45
2020-10-28, 08:13:24, 23.58, 49.45
2020-10-28, 08:13:26, 23.59, 49.45
2020-10-28, 08:13:27, 23.6, 49.45
2020-10-28, 08:13:29, 23.58, 49.42
2020-10-28, 08:13:30, 23.59, 49.45
2020-10-28, 08:13:31, 23.57, 49.42
2020-10-28, 08:13:33, 23.57, 49.42
2020-10-28, 08:13:34, 23.58, 49.42
2020-10-28, 08:13:35, 23.56, 49.45
2020-10-28, 08:13:37, 23.57, 49.42
2020-10-28, 08:13:38, 23.58, 49.45
2020-10-28, 08:13:39, 23.56, 49.42
2020-10-28, 08:13:41, 23.58, 49.45
2020-10-28, 08:13:42, 23.58, 49.42
2020-10-28, 08:13:43, 23.57, 49.45
2020-10-28, 08:13:45, 23.58, 49.45
2020-10-28, 08:13:46, 23.58, 49.45
2020-10-28, 08:13:48, 23.58, 49.42
2020-10-28, 08:13:49, 23.58, 49.48
2020-10-28, 08:13:50, 23.59, 49.42
2020-10-28, 08:13:52, 23.59, 49.42
2020-10-28, 08:13:53, 23.58, 49.42
2020-10-28, 08:13:54, 23.58, 49.42
2020-10-28, 08:13:56, 23.58, 49.45
2020-10-28, 08:13:57, 23.58, 49.42
2020-10-28, 08:13:58, 23.58, 49.45
2020-10-28, 08:14:00, 23.59, 49.45
2020-10-28, 08:14:01, 23.57, 49.45
2020-10-28, 08:14:02, 23.58, 49.45
2020-10-28, 08:14:04, 23.58, 49.45
2020-10-28, 08:14:05, 23.58, 49.45
2020-10-28, 08:14:07, 23.59, 49.48
2020-10-28, 08:14:08, 23.58, 49.48
2020-10-28, 08:14:09, 23.58, 49.45
2020-10-28, 08:14:11, 23.58, 49.45
2020-10-28, 08:14:12, 23.56, 49.45
2020-10-28, 08:14:13, 23.56, 49.42
2020-10-28, 08:14:15, 23.56, 49.45
2020-10-28, 08:14:16, 23.57, 49.45
2020-10-28, 08:14:17, 23.56, 49.45
2020-10-28, 08:14:19, 23.56, 49.45
2020-10-28, 08:14:20, 23.56, 49.45
2020-10-28, 08:14:21, 23.56, 49.45
2020-10-28, 08:14:23, 23.57, 49.45
2020-10-28, 08:14:24, 23.56, 49.48
2020-10-28, 08:14:26, 23.58, 49.48
2020-10-28, 08:14:27, 23.56, 49.45
2020-10-28, 08:14:28, 23.57, 49.45
2020-10-28, 08:14:30, 23.56, 49.48
2020-10-28, 08:14:31, 23.56, 49.48
2020-10-28, 08:14:32, 23.58, 49.48
2020-10-28, 08:14:34, 23.56, 49.48
2020-10-28, 08:14:35, 23.56, 49.45
2020-10-28, 08:14:36, 23.57, 49.48
2020-10-28, 08:14:38, 23.56, 49.48
2020-10-28, 08:14:39, 23.56, 49.48
2020-10-28, 08:14:40, 23.56, 49.48
2020-10-28, 08:14:42, 23.57, 49.48
2020-10-28, 08:14:43, 23.58, 49.48
2020-10-28, 08:14:45, 23.57, 49.45
2020-10-28, 08:14:46, 23.56, 49.48
2020-10-28, 08:14:47, 23.58, 49.45
2020-10-28, 08:14:49, 23.56, 49.48
2020-10-28, 08:14:50, 23.56, 49.48
2020-10-28, 08:14:51, 23.57, 49.48
2020-10-28, 08:14:53, 23.57, 49.48
2020-10-28, 08:14:54, 23.56, 49.48
2020-10-28, 08:14:55, 23.56, 49.48
2020-10-28, 08:14:57, 23.56, 49.48
2020-10-28, 08:14:58, 23.55, 49.48
2020-10-28, 08:15:00, 23.56, 49.48
2020-10-28, 08:15:01, 23.55, 49.48
2020-10-28, 08:15:02, 23.56, 49.48
2020-10-28, 08:15:04, 23.56, 49.48
2020-10-28, 08:15:05, 23.56, 49.45
2020-10-28, 08:15:06, 23.55, 49.48
2020-10-28, 08:15:08, 23.55, 49.48
2020-10-28, 08:15:09, 23.56, 49.48
2020-10-28, 08:15:10, 23.56, 49.48
2020-10-28, 08:15:12, 23.56, 49.48
2020-10-28, 08:15:13, 23.56, 49.45
2020-10-28, 08:15:14, 23.56, 49.48
2020-10-28, 08:15:16, 23.55, 49.48
2020-10-28, 08:15:17, 23.54, 49.48
2020-10-28, 08:15:19, 23.55, 49.48
2020-10-28, 08:15:20, 23.56, 49.45
2020-10-28, 08:15:21, 23.56, 49.48
2020-10-28, 08:15:23, 23.56, 49.48
2020-10-28, 08:15:24, 23.56, 49.45
2020-10-28, 08:15:25, 23.56, 49.48
2020-10-28, 08:15:27, 23.56, 49.45
2020-10-28, 08:15:28, 23.56, 49.45
2020-10-28, 08:15:29, 23.56, 49.48
2020-10-28, 08:15:31, 23.55, 49.45
2020-10-28, 08:15:32, 23.56, 49.48
2020-10-28, 08:15:33, 23.56, 49.45
2020-10-28, 08:15:35, 23.53, 49.44
2020-10-28, 08:15:36, 23.56, 49.45
2020-10-28, 08:15:38, 23.56, 49.45
2020-10-28, 08:15:39, 23.55, 49.45
2020-10-28, 08:15:40, 23.56, 49.45
2020-10-28, 08:15:42, 23.55, 49.45
2020-10-28, 08:15:43, 23.56, 49.45
2020-10-28, 08:15:44, 23.54, 49.45
2020-10-28, 08:15:46, 23.56, 49.45
2020-10-28, 08:15:47, 23.55, 49.45
2020-10-28, 08:15:48, 23.56, 49.45
2020-10-28, 08:15:50, 23.55, 49.45
2020-10-28, 08:15:51, 23.55, 49.45
2020-10-28, 08:15:52, 23.55, 49.45
2020-10-28, 08:15:54, 23.56, 49.45
2020-10-28, 08:15:55, 23.56, 49.45
2020-10-28, 08:15:57, 23.55, 49.45
2020-10-28, 08:15:58, 23.56, 49.45
2020-10-28, 08:15:59, 23.56, 49.45
2020-10-28, 08:16:01, 23.56, 49.45
2020-10-28, 08:16:02, 23.56, 49.45
2020-10-28, 08:16:03, 23.56, 49.42
2020-10-28, 08:16:05, 23.55, 49.45
2020-10-28, 08:16:06, 23.55, 49.45
2020-10-28, 08:16:07, 23.56, 49.45
2020-10-28, 08:16:09, 23.56, 49.45
2020-10-28, 08:16:10, 23.55, 49.45
2020-10-28, 08:16:11, 23.56, 49.45
2020-10-28, 08:16:13, 23.55, 49.42
2020-10-28, 08:16:14, 23.54, 49.45
2020-10-28, 08:16:16, 23.54, 49.45
2020-10-28, 08:16:17, 23.54, 49.45
2020-10-28, 08:16:18, 23.54, 49.45
2020-10-28, 08:16:20, 23.54, 49.48
2020-10-28, 08:16:21, 23.55, 49.45
2020-10-28, 08:16:22, 23.53, 49.44
2020-10-28, 08:16:24, 23.54, 49.48
2020-10-28, 08:16:25, 23.53, 49.44
2020-10-28, 08:16:26, 23.54, 49.48
2020-10-28, 08:16:28, 23.54, 49.45
2020-10-28, 08:16:29, 23.54, 49.45
2020-10-28, 08:16:30, 23.53, 49.48
2020-10-28, 08:16:32, 23.54, 49.48
2020-10-28, 08:16:33, 23.53, 49.48
2020-10-28, 08:16:35, 23.53, 49.44
2020-10-28, 08:16:36, 23.53, 49.48
2020-10-28, 08:16:37, 23.54, 49.48
2020-10-28, 08:16:39, 23.54, 49.48
2020-10-28, 08:16:40, 23.53, 49.44
2020-10-28, 08:16:41, 23.53, 49.48
2020-10-28, 08:16:43, 23.52, 49.48
2020-10-28, 08:16:44, 23.53, 49.48
2020-10-28, 08:16:45, 23.52, 49.48
2020-10-28, 08:16:47, 23.53, 49.48
2020-10-28, 08:16:48, 23.53, 49.48
2020-10-28, 08:16:49, 23.53, 49.44
2020-10-28, 08:16:51, 23.53, 49.44
2020-10-28, 08:16:52, 23.54, 49.48
2020-10-28, 08:16:54, 23.55, 49.48
2020-10-28, 08:16:55, 23.54, 49.45
2020-10-28, 08:16:56, 23.55, 49.45
2020-10-28, 08:16:58, 23.54, 49.45
2020-10-28, 08:16:59, 23.53, 49.48
2020-10-28, 08:17:00, 23.54, 49.45
2020-10-28, 08:17:02, 23.54, 49.48
2020-10-28, 08:17:03, 23.54, 49.48
2020-10-28, 08:17:04, 23.55, 49.45
2020-10-28, 08:17:07, 23.29, 49.54
2020-10-28, 08:17:09, 23.45, 49.66
2020-10-28, 08:17:10, 23.48, 49.66
2020-10-28, 08:17:12, 23.5, 49.63
2020-10-28, 08:17:13, 23.5, 49.63
2020-10-28, 08:17:14, 23.52, 49.6
2020-10-28, 08:17:16, 23.52, 49.57
2020-10-28, 08:17:17, 23.52, 49.57
2020-10-28, 08:17:18, 23.51, 49.54
2020-10-28, 08:17:20, 23.53, 49.54
2020-10-28, 08:17:21, 23.52, 49.51
2020-10-28, 08:17:22, 23.52, 49.51
2020-10-28, 08:17:24, 23.52, 49.48
2020-10-28, 08:17:25, 23.5, 49.47
2020-10-28, 08:17:26, 23.51, 49.47
2020-10-28, 08:17:28, 23.52, 49.48
2020-10-28, 08:17:29, 23.52, 49.48
2020-10-28, 08:17:31, 23.52, 49.48
2020-10-28, 08:17:32, 23.49, 49.5
2020-10-28, 08:17:33, 23.5, 49.47
2020-10-28, 08:17:35, 23.52, 49.48
2020-10-28, 08:17:36, 23.52, 49.51
2020-10-28, 08:17:37, 23.5, 49.47
2020-10-28, 08:17:39, 23.52, 49.48
2020-10-28, 08:17:40, 23.52, 49.48
2020-10-28, 08:17:41, 23.5, 49.5
2020-10-28, 08:17:43, 23.5, 49.47
2020-10-28, 08:17:44, 23.52, 49.48
2020-10-28, 08:17:45, 23.52, 49.48
2020-10-28, 08:17:47, 23.5, 49.47
2020-10-28, 08:17:48, 23.51, 49.47
2020-10-28, 08:17:50, 23.52, 49.48
2020-10-28, 08:17:51, 23.52, 49.48
2020-10-28, 08:17:52, 23.52, 49.51
2020-10-28, 08:17:54, 23.51, 49.47
2020-10-28, 08:17:55, 23.51, 49.47
2020-10-28, 08:17:56, 23.51, 49.47
2020-10-28, 08:17:58, 23.52, 49.48
2020-10-28, 08:17:59, 23.51, 49.47
2020-10-28, 08:18:00, 23.52, 49.48
2020-10-28, 08:18:02, 23.52, 49.48
2020-10-28, 08:18:03, 23.52, 49.48
2020-10-28, 08:18:05, 23.51, 49.47
2020-10-28, 08:18:06, 23.51, 49.47
2020-10-28, 08:18:07, 23.52, 49.48
2020-10-28, 08:18:09, 23.52, 49.48
2020-10-28, 08:18:10, 23.52, 49.48
2020-10-28, 08:18:11, 23.52, 49.48
2020-10-28, 08:18:13, 23.51, 49.47
2020-10-28, 08:18:14, 23.53, 49.48
2020-10-28, 08:18:15, 23.53, 49.48
2020-10-28, 08:18:17, 23.52, 49.48
2020-10-28, 08:18:18, 23.52, 49.44
2020-10-28, 08:18:19, 23.53, 49.48
2020-10-28, 08:18:21, 23.52, 49.44
2020-10-28, 08:18:22, 23.53, 49.44
2020-10-28, 08:18:23, 23.54, 49.45
2020-10-28, 08:18:25, 23.53, 49.44
2020-10-28, 08:18:26, 23.53, 49.44
2020-10-28, 08:18:28, 23.52, 49.41
2020-10-28, 08:18:29, 23.53, 49.44
2020-10-28, 08:18:30, 23.52, 49.44
2020-10-28, 08:18:32, 23.51, 49.44
2020-10-28, 08:18:33, 23.52, 49.44
2020-10-28, 08:18:34, 23.52, 49.41
2020-10-28, 08:18:36, 23.52, 49.44
2020-10-28, 08:18:37, 23.51, 49.44
2020-10-28, 08:18:38, 23.51, 49.44
2020-10-28, 08:18:40, 23.5, 49.47
2020-10-28, 08:18:41, 23.51, 49.44
2020-10-28, 08:18:43, 23.51, 49.44
2020-10-28, 08:18:44, 23.5, 49.47
2020-10-28, 08:18:45, 23.51, 49.47
2020-10-28, 08:18:47, 23.5, 49.44
2020-10-28, 08:18:48, 23.51, 49.47
2020-10-28, 08:18:49, 23.51, 49.47
2020-10-28, 08:18:51, 23.5, 49.47
2020-10-28, 08:18:52, 23.52, 49.48
2020-10-28, 08:18:53, 23.52, 49.48
2020-10-28, 08:18:55, 23.52, 49.48
2020-10-28, 08:18:56, 23.51, 49.44
2020-10-28, 08:18:57, 23.5, 49.47
2020-10-28, 08:18:59, 23.49, 49.47
2020-10-28, 08:19:00, 23.5, 49.47
2020-10-28, 08:19:01, 23.51, 49.47
2020-10-28, 08:19:03, 23.5, 49.47
2020-10-28, 08:19:04, 23.52, 49.48
2020-10-28, 08:19:06, 23.52, 49.48
2020-10-28, 08:19:07, 23.52, 49.48
2020-10-28, 08:19:08, 23.51, 49.47
2020-10-28, 08:19:10, 23.51, 49.47
2020-10-28, 08:19:11, 23.52, 49.48
2020-10-28, 08:19:12, 23.51, 49.47
2020-10-28, 08:19:14, 23.49, 49.47
2020-10-28, 08:19:15, 23.49, 49.47
2020-10-28, 08:19:17, 23.49, 49.5
2020-10-28, 08:19:18, 23.49, 49.5
2020-10-28, 08:19:19, 23.5, 49.5
2020-10-28, 08:19:21, 23.48, 49.5
2020-10-28, 08:19:22, 23.48, 49.5
2020-10-28, 08:19:23, 23.49, 49.5
2020-10-28, 08:19:25, 23.49, 49.5
2020-10-28, 08:19:26, 23.5, 49.47
2020-10-28, 08:19:28, 23.5, 49.47
2020-10-28, 08:19:29, 23.49, 49.47
2020-10-28, 08:19:30, 23.49, 49.47
2020-10-28, 08:19:32, 23.51, 49.47
2020-10-28, 08:19:33, 23.51, 49.51
2020-10-28, 08:19:34, 23.5, 49.5
2020-10-28, 08:19:36, 23.5, 49.47
2020-10-28, 08:19:37, 23.5, 49.47
2020-10-28, 08:19:38, 23.5, 49.47
2020-10-28, 08:19:40, 23.51, 49.47
2020-10-28, 08:19:41, 23.5, 49.47
2020-10-28, 08:19:42, 23.52, 49.51
2020-10-28, 08:19:44, 23.49, 49.47
2020-10-28, 08:19:45, 23.5, 49.5
2020-10-28, 08:19:47, 23.51, 49.47
2020-10-28, 08:19:48, 23.51, 49.47
2020-10-28, 08:19:49, 23.51, 49.47
2020-10-28, 08:19:51, 23.51, 49.51
2020-10-28, 08:19:52, 23.5, 49.47
2020-10-28, 08:19:53, 23.5, 49.5
2020-10-28, 08:19:55, 23.49, 49.5
2020-10-28, 08:19:56, 23.5, 49.5
2020-10-28, 08:19:57, 23.5, 49.54
2020-10-28, 08:19:59, 23.5, 49.5
2020-10-28, 08:20:00, 23.5, 49.47
2020-10-28, 08:20:01, 23.5, 49.5
2020-10-28, 08:20:03, 23.49, 49.53
2020-10-28, 08:20:04, 23.5, 49.5
2020-10-28, 08:20:06, 23.5, 49.5
2020-10-28, 08:20:07, 23.5, 49.5
2020-10-28, 08:20:08, 23.5, 49.5
2020-10-28, 08:20:10, 23.5, 49.5
2020-10-28, 08:20:11, 23.49, 49.5
2020-10-28, 08:20:12, 23.5, 49.5
2020-10-28, 08:20:14, 23.49, 49.47
2020-10-28, 08:20:15, 23.5, 49.5
2020-10-28, 08:20:16, 23.49, 49.5
2020-10-28, 08:20:18, 23.5, 49.5
2020-10-28, 08:20:19, 23.5, 49.47
2020-10-28, 08:20:20, 23.49, 49.47
2020-10-28, 08:20:22, 23.48, 49.5
2020-10-28, 08:20:23, 23.48, 49.5
2020-10-28, 08:20:24, 23.49, 49.5
2020-10-28, 08:20:26, 23.49, 49.5
2020-10-28, 08:20:27, 23.48, 49.5
2020-10-28, 08:20:29, 23.48, 49.5
2020-10-28, 08:20:30, 23.48, 49.5
2020-10-28, 08:20:31, 23.48, 49.53
2020-10-28, 08:20:33, 23.48, 49.5
2020-10-28, 08:20:34, 23.47, 49.5
2020-10-28, 08:20:35, 23.48, 49.53
2020-10-28, 08:20:37, 23.48, 49.53
2020-10-28, 08:20:38, 23.47, 49.53
2020-10-28, 08:20:39, 23.47, 49.53
2020-10-28, 08:20:41, 23.47, 49.5
2020-10-28, 08:20:42, 23.48, 49.53
2020-10-28, 08:20:43, 23.49, 49.53
2020-10-28, 08:20:45, 23.48, 49.53
2020-10-28, 08:20:46, 23.48, 49.53
2020-10-28, 08:20:48, 23.48, 49.53
2020-10-28, 08:20:49, 23.48, 49.53
2020-10-28, 08:20:50, 23.48, 49.53
2020-10-28, 08:20:52, 23.49, 49.53
2020-10-28, 08:20:53, 23.49, 49.53
2020-10-28, 08:20:54, 23.49, 49.53
2020-10-28, 08:20:56, 23.46, 49.53
2020-10-28, 08:20:57, 23.46, 49.53
2020-10-28, 08:20:58, 23.46, 49.53
2020-10-28, 08:21:00, 23.46, 49.56
2020-10-28, 08:21:01, 23.45, 49.56
2020-10-28, 08:21:02, 23.44, 49.56
2020-10-28, 08:21:04, 23.44, 49.56
2020-10-28, 08:21:05, 23.44, 49.59
2020-10-28, 08:21:07, 23.44, 49.56
2020-10-28, 08:21:08, 23.44, 49.59
2020-10-28, 08:21:09, 23.45, 49.59
2020-10-28, 08:21:11, 23.46, 49.59
2020-10-28, 08:21:12, 23.45, 49.59
2020-10-28, 08:21:13, 23.45, 49.59
2020-10-28, 08:21:15, 23.44, 49.59
2020-10-28, 08:21:16, 23.44, 49.59
2020-10-28, 08:21:17, 23.44, 49.59
2020-10-28, 08:21:19, 23.46, 49.59
2020-10-28, 08:21:20, 23.46, 49.59
2020-10-28, 08:21:21, 23.46, 49.59
2020-10-28, 08:21:23, 23.45, 49.59
2020-10-28, 08:21:24, 23.45, 49.59
2020-10-28, 08:21:26, 23.45, 49.59
2020-10-28, 08:21:27, 23.45, 49.59
2020-10-28, 08:21:28, 23.45, 49.59
2020-10-28, 08:21:30, 23.45, 49.59
2020-10-28, 08:21:31, 23.45, 49.59
2020-10-28, 08:21:32, 23.44, 49.59
2020-10-28, 08:21:34, 23.44, 49.59
2020-10-28, 08:21:35, 23.43, 49.59
2020-10-28, 08:21:36, 23.44, 49.62
2020-10-28, 08:21:38, 23.45, 49.59
2020-10-28, 08:21:39, 23.45, 49.59
2020-10-28, 08:21:40, 23.45, 49.59
2020-10-28, 08:21:42, 23.45, 49.59
2020-10-28, 08:21:43, 23.45, 49.59
2020-10-28, 08:21:45, 23.45, 49.59
2020-10-28, 08:21:46, 23.45, 49.59
2020-10-28, 08:21:47, 23.46, 49.59
2020-10-28, 08:21:49, 23.46, 49.59
2020-10-28, 08:21:50, 23.46, 49.59
2020-10-28, 08:21:51, 23.45, 49.62
2020-10-28, 08:21:53, 23.46, 49.59
2020-10-28, 08:21:54, 23.45, 49.59
2020-10-28, 08:21:55, 23.44, 49.59
2020-10-28, 08:21:57, 23.42, 49.59
2020-10-28, 08:21:58, 23.45, 49.62
2020-10-28, 08:21:59, 23.44, 49.59
2020-10-28, 08:22:01, 23.44, 49.62
2020-10-28, 08:22:02, 23.44, 49.62
2020-10-28, 08:22:03, 23.45, 49.62
2020-10-28, 08:22:05, 23.45, 49.62
2020-10-28, 08:22:06, 23.45, 49.62
2020-10-28, 08:22:08, 23.45, 49.59
2020-10-28, 08:22:09, 23.45, 49.62
2020-10-28, 08:22:10, 23.44, 49.59
2020-10-28, 08:22:12, 23.46, 49.63
2020-10-28, 08:22:13, 23.46, 49.63
2020-10-28, 08:22:14, 23.44, 49.59
2020-10-28, 08:22:16, 23.44, 49.59
2020-10-28, 08:22:17, 23.44, 49.59
2020-10-28, 08:22:18, 23.45, 49.59
2020-10-28, 08:22:20, 23.45, 49.59
2020-10-28, 08:22:21, 23.45, 49.59
2020-10-28, 08:22:22, 23.44, 49.59
2020-10-28, 08:22:24, 23.44, 49.59
2020-10-28, 08:22:25, 23.44, 49.59
2020-10-28, 08:22:27, 23.44, 49.59
2020-10-28, 08:22:28, 23.44, 49.59
2020-10-28, 08:22:29, 23.44, 49.59
2020-10-28, 08:22:31, 23.44, 49.59
2020-10-28, 08:22:32, 23.44, 49.59
2020-10-28, 08:22:33, 23.43, 49.59
2020-10-28, 08:22:35, 23.44, 49.59
2020-10-28, 08:22:36, 23.42, 49.59
2020-10-28, 08:22:37, 23.44, 49.62
2020-10-28, 08:22:39, 23.42, 49.62
2020-10-28, 08:22:40, 23.42, 49.59
2020-10-28, 08:22:41, 23.43, 49.62
2020-10-28, 08:22:43, 23.44, 49.62
2020-10-28, 08:22:44, 23.43, 49.62
2020-10-28, 08:22:46, 23.43, 49.62
2020-10-28, 08:22:47, 23.43, 49.59
2020-10-28, 08:22:48, 23.44, 49.59
2020-10-28, 08:22:50, 23.42, 49.62
2020-10-28, 08:22:51, 23.44, 49.62
2020-10-28, 08:22:52, 23.44, 49.59
2020-10-28, 08:22:54, 23.44, 49.62
2020-10-28, 08:22:55, 23.43, 49.62
2020-10-28, 08:22:56, 23.43, 49.62
2020-10-28, 08:22:58, 23.41, 49.59
2020-10-28, 08:22:59, 23.42, 49.62
2020-10-28, 08:23:00, 23.42, 49.59
2020-10-28, 08:23:02, 23.42, 49.59
2020-10-28, 08:23:03, 23.42, 49.59
2020-10-28, 08:23:05, 23.42, 49.62
2020-10-28, 08:23:06, 23.41, 49.59
2020-10-28, 08:23:07, 23.41, 49.62
2020-10-28, 08:23:09, 23.41, 49.59
2020-10-28, 08:23:10, 23.42, 49.59
2020-10-28, 08:23:11, 23.41, 49.62
2020-10-28, 08:23:13, 23.4, 49.62
2020-10-28, 08:23:14, 23.4, 49.62
2020-10-28, 08:23:15, 23.41, 49.62
2020-10-28, 08:23:17, 23.38, 49.65
2020-10-28, 08:23:18, 23.38, 49.65
2020-10-28, 08:23:19, 23.4, 49.65
2020-10-28, 08:23:21, 23.4, 49.65
2020-10-28, 08:23:22, 23.4, 49.65
2020-10-28, 08:23:23, 23.4, 49.65
2020-10-28, 08:23:25, 23.4, 49.65
2020-10-28, 08:23:26, 23.39, 49.65
2020-10-28, 08:23:28, 23.39, 49.65
2020-10-28, 08:23:29, 23.39, 49.65
2020-10-28, 08:23:30, 23.38, 49.65
2020-10-28, 08:23:32, 23.39, 49.65
2020-10-28, 08:23:33, 23.39, 49.65
2020-10-28, 08:23:34, 23.38, 49.65
2020-10-28, 08:23:36, 23.39, 49.68
2020-10-28, 08:23:37, 23.39, 49.65
2020-10-28, 08:23:38, 23.39, 49.65
2020-10-28, 08:23:40, 23.4, 49.65
2020-10-28, 08:23:41, 23.38, 49.65
2020-10-28, 08:23:43, 23.36, 49.64
2020-10-28, 08:23:44, 23.37, 49.68
2020-10-28, 08:23:45, 23.38, 49.68
2020-10-28, 08:23:47, 23.38, 49.68
2020-10-28, 08:23:48, 23.38, 49.68
2020-10-28, 08:23:49, 23.38, 49.68
2020-10-28, 08:23:51, 23.38, 49.68
2020-10-28, 08:23:52, 23.37, 49.68
2020-10-28, 08:23:53, 23.36, 49.64
2020-10-28, 08:23:55, 23.38, 49.68
2020-10-28, 08:23:56, 23.37, 49.68
2020-10-28, 08:23:57, 23.38, 49.68
2020-10-28, 08:23:59, 23.38, 49.68
2020-10-28, 08:24:00, 23.36, 49.68
2020-10-28, 08:24:02, 23.37, 49.65
2020-10-28, 08:24:03, 23.37, 49.68
2020-10-28, 08:24:04, 23.38, 49.68
2020-10-28, 08:24:06, 23.38, 49.65
2020-10-28, 08:24:07, 23.4, 49.65
2020-10-28, 08:24:08, 23.39, 49.65
2020-10-28, 08:24:10, 23.39, 49.65
2020-10-28, 08:24:11, 23.38, 49.65
2020-10-28, 08:24:12, 23.39, 49.65
2020-10-28, 08:24:14, 23.38, 49.65
2020-10-28, 08:24:15, 23.39, 49.65
2020-10-28, 08:24:16, 23.38, 49.65
2020-10-28, 08:24:18, 23.38, 49.65
2020-10-28, 08:24:19, 23.36, 49.68
2020-10-28, 08:24:21, 23.36, 49.68
2020-10-28, 08:24:22, 23.38, 49.68
2020-10-28, 08:24:23, 23.38, 49.68
2020-10-28, 08:24:25, 23.38, 49.68
2020-10-28, 08:24:26, 23.38, 49.65
2020-10-28, 08:24:28, 23.37, 49.65
2020-10-28, 08:24:29, 23.38, 49.68
2020-10-28, 08:24:30, 23.38, 49.68
2020-10-28, 08:24:32, 23.36, 49.71
2020-10-28, 08:24:33, 23.37, 49.68
2020-10-28, 08:24:34, 23.38, 49.68
2020-10-28, 08:24:36, 23.38, 49.71
2020-10-28, 08:24:37, 23.38, 49.71
2020-10-28, 08:24:38, 23.38, 49.68
2020-10-28, 08:24:40, 23.38, 49.68
2020-10-28, 08:24:41, 23.38, 49.68
2020-10-28, 08:24:42, 23.38, 49.68
2020-10-28, 08:24:44, 23.38, 49.68
2020-10-28, 08:24:45, 23.39, 49.68
2020-10-28, 08:24:47, 23.37, 49.68
2020-10-28, 08:24:48, 23.37, 49.68
2020-10-28, 08:24:49, 23.37, 49.71
2020-10-28, 08:24:51, 23.37, 49.68
2020-10-28, 08:24:52, 23.38, 49.71
2020-10-28, 08:24:53, 23.37, 49.71
2020-10-28, 08:24:55, 23.37, 49.71
2020-10-28, 08:24:56, 23.37, 49.71
2020-10-28, 08:24:57, 23.38, 49.71
2020-10-28, 08:24:59, 23.37, 49.68
2020-10-28, 08:25:00, 23.37, 49.68
2020-10-28, 08:25:01, 23.4, 49.71
2020-10-28, 08:25:03, 23.38, 49.68
2020-10-28, 08:25:04, 23.37, 49.68
2020-10-28, 08:25:06, 23.37, 49.71
2020-10-28, 08:25:07, 23.37, 49.68
2020-10-28, 08:25:08, 23.37, 49.68
2020-10-28, 08:25:10, 23.38, 49.68
2020-10-28, 08:25:11, 23.36, 49.68
2020-10-28, 08:25:12, 23.36, 49.68
2020-10-28, 08:25:14, 23.37, 49.68
2020-10-28, 08:25:15, 23.36, 49.71
2020-10-28, 08:25:16, 23.37, 49.68
2020-10-28, 08:25:18, 23.37, 49.68
2020-10-28, 08:25:19, 23.37, 49.68
2020-10-28, 08:25:20, 23.37, 49.68
2020-10-28, 08:25:22, 23.37, 49.68
2020-10-28, 08:25:23, 23.37, 49.65
2020-10-28, 08:25:24, 23.38, 49.65
2020-10-28, 08:25:26, 23.38, 49.65
2020-10-28, 08:25:27, 23.38, 49.65
2020-10-28, 08:25:29, 23.38, 49.65
2020-10-28, 08:25:30, 23.37, 49.65
2020-10-28, 08:25:31, 23.36, 49.64
2020-10-28, 08:25:33, 23.38, 49.65
2020-10-28, 08:25:34, 23.37, 49.65
2020-10-28, 08:25:35, 23.37, 49.65
2020-10-28, 08:25:37, 23.38, 49.65
2020-10-28, 08:25:38, 23.39, 49.65
2020-10-28, 08:25:39, 23.38, 49.65
2020-10-28, 08:25:41, 23.4, 49.65
2020-10-28, 08:25:42, 23.38, 49.65
2020-10-28, 08:25:43, 23.37, 49.65
2020-10-28, 08:25:45, 23.38, 49.65
2020-10-28, 08:25:46, 23.38, 49.65
2020-10-28, 08:25:48, 23.37, 49.65
2020-10-28, 08:25:49, 23.36, 49.64
2020-10-28, 08:25:50, 23.37, 49.65
2020-10-28, 08:25:52, 23.38, 49.65
2020-10-28, 08:25:53, 23.36, 49.64
2020-10-28, 08:25:54, 23.38, 49.65
2020-10-28, 08:25:56, 23.38, 49.65
2020-10-28, 08:25:57, 23.39, 49.65
2020-10-28, 08:25:58, 23.38, 49.65
2020-10-28, 08:26:00, 23.38, 49.65
2020-10-28, 08:26:01, 23.38, 49.62
2020-10-28, 08:26:02, 23.38, 49.62
2020-10-28, 08:26:04, 23.38, 49.62
2020-10-28, 08:26:05, 23.37, 49.65
2020-10-28, 08:26:06, 23.38, 49.62
2020-10-28, 08:26:08, 23.38, 49.62
2020-10-28, 08:26:09, 23.39, 49.62
2020-10-28, 08:26:11, 23.38, 49.62
2020-10-28, 08:26:12, 23.38, 49.62
2020-10-28, 08:26:13, 23.38, 49.62
2020-10-28, 08:26:15, 23.38, 49.62
2020-10-28, 08:26:16, 23.38, 49.62
2020-10-28, 08:26:17, 23.38, 49.62
2020-10-28, 08:26:19, 23.38, 49.62
2020-10-28, 08:26:20, 23.38, 49.65
2020-10-28, 08:26:21, 23.38, 49.62
2020-10-28, 08:26:23, 23.38, 49.65
2020-10-28, 08:26:24, 23.4, 49.62
2020-10-28, 08:26:25, 23.38, 49.65
2020-10-28, 08:26:27, 23.38, 49.65
2020-10-28, 08:26:28, 23.38, 49.65
2020-10-28, 08:26:30, 23.38, 49.65
2020-10-28, 08:26:31, 23.39, 49.65
2020-10-28, 08:26:32, 23.38, 49.62
2020-10-28, 08:26:34, 23.38, 49.65
2020-10-28, 08:26:35, 23.38, 49.65
2020-10-28, 08:26:36, 23.38, 49.65
2020-10-28, 08:26:38, 23.39, 49.65
2020-10-28, 08:26:39, 23.38, 49.65
2020-10-28, 08:26:40, 23.39, 49.65
2020-10-28, 08:26:42, 23.38, 49.65
2020-10-28, 08:26:43, 23.38, 49.65
2020-10-28, 08:26:44, 23.37, 49.65
2020-10-28, 08:26:46, 23.38, 49.65
2020-10-28, 08:26:47, 23.37, 49.65
2020-10-28, 08:26:49, 23.38, 49.65
2020-10-28, 08:26:50, 23.38, 49.65
2020-10-28, 08:26:51, 23.38, 49.62
2020-10-28, 08:26:53, 23.37, 49.65
2020-10-28, 08:26:54, 23.36, 49.64
2020-10-28, 08:26:55, 23.36, 49.64
2020-10-28, 08:26:57, 23.37, 49.65
2020-10-28, 08:26:58, 23.38, 49.65
2020-10-28, 08:26:59, 23.38, 49.65
2020-10-28, 08:27:01, 23.38, 49.65
2020-10-28, 08:27:02, 23.36, 49.64
2020-10-28, 08:27:04, 23.37, 49.65
2020-10-28, 08:27:05, 23.37, 49.65
2020-10-28, 08:27:06, 23.36, 49.64
2020-10-28, 08:27:08, 23.37, 49.61
2020-10-28, 08:27:09, 23.36, 49.64
2020-10-28, 08:27:10, 23.37, 49.61
2020-10-28, 08:27:12, 23.38, 49.65
2020-10-28, 08:27:13, 23.39, 49.62
2020-10-28, 08:27:14, 23.4, 49.62
2020-10-28, 08:27:16, 23.4, 49.65
2020-10-28, 08:27:17, 23.39, 49.62
2020-10-28, 08:27:18, 23.39, 49.62
2020-10-28, 08:27:20, 23.4, 49.62
2020-10-28, 08:27:21, 23.39, 49.62
2020-10-28, 08:27:22, 23.4, 49.62
2020-10-28, 08:27:24, 23.4, 49.62
2020-10-28, 08:27:25, 23.4, 49.62
2020-10-28, 08:27:27, 23.4, 49.62
2020-10-28, 08:27:28, 23.41, 49.59
2020-10-28, 08:27:29, 23.39, 49.62
2020-10-28, 08:27:31, 23.4, 49.62
2020-10-28, 08:27:32, 23.41, 49.62
2020-10-28, 08:27:33, 23.41, 49.62
2020-10-28, 08:27:35, 23.41, 49.59
2020-10-28, 08:27:36, 23.4, 49.59
2020-10-28, 08:27:37, 23.41, 49.62
2020-10-28, 08:27:39, 23.4, 49.62
2020-10-28, 08:27:40, 23.41, 49.65
2020-10-28, 08:27:41, 23.4, 49.59
2020-10-28, 08:27:43, 23.4, 49.65
2020-10-28, 08:27:44, 23.41, 49.62
2020-10-28, 08:27:46, 23.41, 49.59
2020-10-28, 08:27:47, 23.41, 49.59
2020-10-28, 08:27:48, 23.41, 49.62
2020-10-28, 08:27:50, 23.42, 49.62
2020-10-28, 08:27:51, 23.42, 49.62
2020-10-28, 08:27:52, 23.42, 49.62
2020-10-28, 08:27:54, 23.42, 49.59
2020-10-28, 08:27:55, 23.41, 49.59
2020-10-28, 08:27:56, 23.41, 49.59
2020-10-28, 08:27:58, 23.38, 49.58
2020-10-28, 08:27:59, 23.41, 49.59
2020-10-28, 08:28:00, 23.42, 49.59
2020-10-28, 08:28:02, 23.42, 49.59
2020-10-28, 08:28:03, 23.43, 49.59
2020-10-28, 08:28:05, 23.42, 49.59
2020-10-28, 08:28:06, 23.42, 49.59
2020-10-28, 08:28:07, 23.42, 49.59
2020-10-28, 08:28:09, 23.43, 49.59
2020-10-28, 08:28:10, 23.42, 49.59
2020-10-28, 08:28:11, 23.43, 49.56
2020-10-28, 08:28:13, 23.42, 49.56
2020-10-28, 08:28:14, 23.41, 49.56
2020-10-28, 08:28:15, 23.42, 49.59
2020-10-28, 08:28:17, 23.42, 49.56
2020-10-28, 08:28:18, 23.42, 49.56
2020-10-28, 08:28:19, 23.42, 49.59
2020-10-28, 08:28:21, 23.42, 49.56
2020-10-28, 08:28:22, 23.42, 49.59
2020-10-28, 08:28:24, 23.42, 49.59
2020-10-28, 08:28:25, 23.42, 49.56
2020-10-28, 08:28:26, 23.44, 49.56
2020-10-28, 08:28:28, 23.44, 49.56
2020-10-28, 08:28:29, 23.44, 49.56
2020-10-28, 08:28:30, 23.44, 49.56
2020-10-28, 08:28:32, 23.43, 49.56
2020-10-28, 08:28:33, 23.44, 49.53
2020-10-28, 08:28:34, 23.43, 49.56
2020-10-28, 08:28:36, 23.44, 49.53
2020-10-28, 08:28:37, 23.44, 49.53
2020-10-28, 08:28:38, 23.45, 49.53
2020-10-28, 08:28:40, 23.44, 49.53
2020-10-28, 08:28:41, 23.44, 49.53
2020-10-28, 08:28:43, 23.46, 49.53
2020-10-28, 08:28:44, 23.46, 49.53
2020-10-28, 08:28:45, 23.44, 49.53
2020-10-28, 08:28:47, 23.45, 49.53
2020-10-28, 08:28:48, 23.46, 49.5
2020-10-28, 08:28:49, 23.46, 49.53
2020-10-28, 08:28:51, 23.47, 49.5
2020-10-28, 08:28:52, 23.45, 49.5
2020-10-28, 08:28:53, 23.46, 49.5
2020-10-28, 08:28:55, 23.46, 49.5
2020-10-28, 08:28:56, 23.46, 49.47
2020-10-28, 08:28:57, 23.48, 49.5
2020-10-28, 08:28:59, 23.47, 49.47
2020-10-28, 08:29:00, 23.46, 49.47
2020-10-28, 08:29:01, 23.47, 49.47
2020-10-28, 08:29:03, 23.46, 49.47
2020-10-28, 08:29:04, 23.47, 49.47
2020-10-28, 08:29:06, 23.48, 49.47
2020-10-28, 08:29:07, 23.46, 49.47
2020-10-28, 08:29:08, 23.47, 49.47
2020-10-28, 08:29:10, 23.47, 49.47
2020-10-28, 08:29:11, 23.48, 49.47
2020-10-28, 08:29:12, 23.48, 49.47
2020-10-28, 08:29:14, 23.48, 49.47
2020-10-28, 08:29:15, 23.48, 49.47
2020-10-28, 08:29:16, 23.48, 49.47
2020-10-28, 08:29:18, 23.48, 49.47
2020-10-28, 08:29:19, 23.49, 49.47
2020-10-28, 08:29:20, 23.49, 49.47
2020-10-28, 08:29:22, 23.49, 49.47
2020-10-28, 08:29:23, 23.48, 49.47
2020-10-28, 08:29:25, 23.5, 49.47
2020-10-28, 08:29:26, 23.49, 49.47
2020-10-28, 08:29:27, 23.5, 49.44
2020-10-28, 08:29:29, 23.49, 49.44
2020-10-28, 08:29:30, 23.49, 49.44
2020-10-28, 08:29:31, 23.48, 49.44
2020-10-28, 08:29:33, 23.5, 49.41
2020-10-28, 08:29:34, 23.49, 49.44
2020-10-28, 08:29:35, 23.49, 49.41
2020-10-28, 08:29:37, 23.49, 49.41
2020-10-28, 08:29:38, 23.5, 49.41
2020-10-28, 08:29:39, 23.51, 49.41
2020-10-28, 08:29:41, 23.52, 49.41
2020-10-28, 08:29:42, 23.52, 49.41
2020-10-28, 08:29:44, 23.5, 49.41
2020-10-28, 08:29:45, 23.51, 49.41
2020-10-28, 08:29:46, 23.51, 49.41
2020-10-28, 08:29:48, 23.51, 49.41
2020-10-28, 08:29:49, 23.52, 49.41
2020-10-28, 08:29:50, 23.52, 49.38
2020-10-28, 08:29:52, 23.53, 49.41
2020-10-28, 08:29:53, 23.52, 49.38
2020-10-28, 08:29:54, 23.52, 49.41
2020-10-28, 08:29:56, 23.52, 49.38
2020-10-28, 08:29:57, 23.53, 49.38
2020-10-28, 08:29:58, 23.53, 49.38
2020-10-28, 08:30:00, 23.52, 49.35
2020-10-28, 08:30:01, 23.52, 49.38
2020-10-28, 08:30:02, 23.53, 49.35
2020-10-28, 08:30:04, 23.52, 49.38
2020-10-28, 08:30:05, 23.53, 49.35
2020-10-28, 08:30:07, 23.52, 49.35
2020-10-28, 08:30:08, 23.51, 49.35
2020-10-28, 08:30:09, 23.49, 49.34
2020-10-28, 08:30:11, 23.52, 49.35
2020-10-28, 08:30:12, 23.53, 49.32
2020-10-28, 08:30:13, 23.53, 49.35
2020-10-28, 08:30:15, 23.53, 49.35
2020-10-28, 08:30:16, 23.54, 49.35
2020-10-28, 08:30:17, 23.54, 49.32
2020-10-28, 08:30:19, 23.54, 49.32
2020-10-28, 08:30:20, 23.55, 49.32
2020-10-28, 08:30:21, 23.54, 49.32
2020-10-28, 08:30:23, 23.54, 49.32
2020-10-28, 08:30:24, 23.54, 49.29
2020-10-28, 08:30:26, 23.55, 49.29
2020-10-28, 08:30:27, 23.53, 49.32
2020-10-28, 08:30:28, 23.55, 49.29
2020-10-28, 08:30:30, 23.56, 49.29
2020-10-28, 08:30:31, 23.54, 49.29
2020-10-28, 08:30:32, 23.55, 49.29
2020-10-28, 08:30:34, 23.54, 49.29
2020-10-28, 08:30:35, 23.55, 49.29
2020-10-28, 08:30:36, 23.56, 49.29
2020-10-28, 08:30:38, 23.54, 49.29
2020-10-28, 08:30:39, 23.56, 49.26
2020-10-28, 08:30:40, 23.56, 49.29
2020-10-28, 08:30:42, 23.56, 49.26
2020-10-28, 08:30:43, 23.56, 49.26
2020-10-28, 08:30:45, 23.48, 49.31
2020-10-28, 08:30:47, 23.51, 49.31
2020-10-28, 08:30:50, 23.52, 49.32
2020-10-28, 08:30:52, 23.42, 49.59
2020-10-28, 08:30:53, 23.45, 49.59
2020-10-28, 08:30:54, 23.49, 49.57
2020-10-28, 08:30:56, 23.52, 49.54
2020-10-28, 08:30:57, 23.52, 49.48
2020-10-28, 08:30:59, 23.52, 49.44
2020-10-28, 08:31:00, 23.54, 49.41
2020-10-28, 08:31:01, 23.54, 49.41
2020-10-28, 08:31:03, 23.55, 49.38
2020-10-28, 08:31:04, 23.54, 49.35
2020-10-28, 08:31:05, 23.54, 49.35
2020-10-28, 08:31:07, 23.56, 49.32
2020-10-28, 08:31:08, 23.56, 49.32
2020-10-28, 08:31:09, 23.56, 49.32
2020-10-28, 08:31:11, 23.56, 49.29
2020-10-28, 08:31:12, 23.57, 49.29
2020-10-28, 08:31:13, 23.56, 49.29
2020-10-28, 08:31:15, 23.56, 49.26
2020-10-28, 08:31:16, 23.56, 49.29
2020-10-28, 08:31:18, 23.56, 49.26
2020-10-28, 08:31:19, 23.56, 49.26
2020-10-28, 08:31:20, 23.56, 49.23
2020-10-28, 08:31:22, 23.57, 49.26
2020-10-28, 08:31:23, 23.57, 49.23
2020-10-28, 08:31:24, 23.56, 49.23
2020-10-28, 08:31:26, 23.42, 49.21
2020-10-28, 08:31:27, 23.53, 49.29
2020-10-28, 08:31:29, 23.56, 49.26
2020-10-28, 08:31:30, 23.57, 49.26
2020-10-28, 08:31:32, 23.57, 49.29
2020-10-28, 08:31:33, 23.57, 49.26
2020-10-28, 08:31:34, 23.57, 49.26
2020-10-28, 08:31:36, 23.58, 49.23
2020-10-28, 08:31:37, 23.57, 49.23
2020-10-28, 08:31:38, 23.58, 49.23
2020-10-28, 08:31:40, 23.58, 49.23
2020-10-28, 08:31:41, 23.58, 49.2
2020-10-28, 08:31:42, 23.57, 49.23
2020-10-28, 08:31:44, 23.6, 49.2
2020-10-28, 08:31:45, 23.58, 49.2
2020-10-28, 08:31:46, 23.59, 49.2
2020-10-28, 08:31:48, 23.58, 49.2
2020-10-28, 08:31:49, 23.58, 49.17
2020-10-28, 08:31:51, 23.59, 49.17
2020-10-28, 08:31:52, 23.59, 49.17
2020-10-28, 08:31:53, 23.6, 49.17
2020-10-28, 08:31:55, 23.6, 49.17
2020-10-28, 08:31:56, 23.6, 49.17
2020-10-28, 08:31:57, 23.58, 49.17
2020-10-28, 08:31:59, 23.6, 49.17
2020-10-28, 08:32:00, 23.59, 49.17
2020-10-28, 08:32:01, 23.6, 49.17
2020-10-28, 08:32:03, 23.58, 49.17
2020-10-28, 08:32:04, 23.6, 49.17
2020-10-28, 08:32:05, 23.6, 49.17
2020-10-28, 08:32:07, 23.6, 49.14
2020-10-28, 08:32:08, 23.6, 49.17
2020-10-28, 08:32:10, 23.59, 49.13
2020-10-28, 08:32:11, 23.6, 49.17
2020-10-28, 08:32:12, 23.6, 49.14
2020-10-28, 08:32:14, 23.6, 49.1
2020-10-28, 08:32:15, 23.6, 49.14
2020-10-28, 08:32:16, 23.6, 49.1
2020-10-28, 08:32:18, 23.61, 49.11
2020-10-28, 08:32:19, 23.61, 49.14
2020-10-28, 08:32:20, 23.62, 49.11
2020-10-28, 08:32:22, 23.61, 49.11
2020-10-28, 08:32:23, 23.62, 49.14
2020-10-28, 08:32:24, 23.62, 49.11
2020-10-28, 08:32:26, 23.62, 49.11
2020-10-28, 08:32:27, 23.61, 49.11
2020-10-28, 08:32:28, 23.6, 49.1
2020-10-28, 08:32:30, 23.62, 49.11
2020-10-28, 08:32:31, 23.63, 49.11
2020-10-28, 08:32:33, 23.62, 49.11
2020-10-28, 08:32:34, 23.62, 49.11
2020-10-28, 08:32:35, 23.63, 49.11
2020-10-28, 08:32:37, 23.63, 49.11
2020-10-28, 08:32:38, 23.62, 49.07
2020-10-28, 08:32:39, 23.63, 49.04
2020-10-28, 08:32:41, 23.63, 49.08
2020-10-28, 08:32:42, 23.64, 49.05
2020-10-28, 08:32:43, 23.63, 49.08
2020-10-28, 08:32:45, 23.64, 49.05
2020-10-28, 08:32:46, 23.62, 49.04
2020-10-28, 08:32:47, 23.64, 49.05
2020-10-28, 08:32:49, 23.64, 49.05
2020-10-28, 08:32:50, 23.63, 49.04
2020-10-28, 08:32:52, 23.52, 49.06
2020-10-28, 08:32:53, 23.6, 49.07
2020-10-28, 08:32:55, 23.62, 49.07
2020-10-28, 08:32:56, 23.63, 49.08
2020-10-28, 08:32:57, 23.62, 49.04
2020-10-28, 08:32:59, 23.62, 49.07
2020-10-28, 08:33:00, 23.63, 49.04
2020-10-28, 08:33:01, 23.63, 49.04
2020-10-28, 08:33:03, 23.64, 49.05
2020-10-28, 08:33:04, 23.64, 49.05
2020-10-28, 08:33:05, 23.63, 49.04
2020-10-28, 08:33:07, 23.64, 49.05
2020-10-28, 08:33:08, 23.64, 49.05
2020-10-28, 08:33:09, 23.65, 49.05
2020-10-28, 08:33:11, 23.64, 49.05
2020-10-28, 08:33:12, 23.63, 49.01
2020-10-28, 08:33:14, 23.64, 49.01
2020-10-28, 08:33:15, 23.64, 49.01
2020-10-28, 08:33:16, 23.66, 49.02
2020-10-28, 08:33:18, 23.66, 49.02
2020-10-28, 08:33:19, 23.64, 49.05
2020-10-28, 08:33:20, 23.64, 49.01
2020-10-28, 08:33:22, 23.65, 49.02
2020-10-28, 08:33:23, 23.66, 49.02
2020-10-28, 08:33:24, 23.64, 48.98
2020-10-28, 08:33:26, 23.64, 49.01
2020-10-28, 08:33:27, 23.64, 49.01
2020-10-28, 08:33:28, 23.66, 48.98
2020-10-28, 08:33:30, 23.63, 49.01
2020-10-28, 08:33:31, 23.65, 49.02
2020-10-28, 08:33:33, 23.65, 48.98
2020-10-28, 08:33:34, 23.63, 48.98
2020-10-28, 08:33:35, 23.64, 48.98
2020-10-28, 08:33:37, 23.66, 48.98
2020-10-28, 08:33:38, 23.65, 48.98
2020-10-28, 08:33:39, 23.66, 48.98
2020-10-28, 08:33:41, 23.65, 48.98
2020-10-28, 08:33:42, 23.66, 48.98
2020-10-28, 08:33:43, 23.68, 48.99
2020-10-28, 08:33:45, 23.67, 48.99
2020-10-28, 08:33:46, 23.67, 48.99
2020-10-28, 08:33:48, 23.68, 48.99
2020-10-28, 08:33:49, 23.68, 48.99
2020-10-28, 08:33:50, 23.68, 48.99
2020-10-28, 08:33:52, 23.67, 48.95
2020-10-28, 08:33:53, 23.68, 48.96
2020-10-28, 08:33:54, 23.68, 48.96
2020-10-28, 08:33:56, 23.68, 48.96
2020-10-28, 08:33:57, 23.68, 48.96
2020-10-28, 08:33:58, 23.68, 48.96
2020-10-28, 08:34:00, 23.67, 48.92
2020-10-28, 08:34:01, 23.65, 48.92
2020-10-28, 08:34:02, 23.68, 48.92
2020-10-28, 08:34:04, 23.69, 48.92
2020-10-28, 08:34:05, 23.69, 48.92
2020-10-28, 08:34:07, 23.68, 48.92
2020-10-28, 08:34:08, 23.69, 48.89
2020-10-28, 08:34:09, 23.68, 48.92
2020-10-28, 08:34:11, 23.68, 48.89
2020-10-28, 08:34:12, 23.69, 48.89
2020-10-28, 08:34:13, 23.7, 48.93
2020-10-28, 08:34:15, 23.69, 48.89
2020-10-28, 08:34:16, 23.69, 48.89
2020-10-28, 08:34:17, 23.69, 48.92
2020-10-28, 08:34:19, 23.68, 48.92
2020-10-28, 08:34:20, 23.7, 48.89
2020-10-28, 08:34:21, 23.7, 48.89
2020-10-28, 08:34:23, 23.7, 48.89
2020-10-28, 08:34:24, 23.69, 48.89
2020-10-28, 08:34:25, 23.7, 48.86
2020-10-28, 08:34:27, 23.69, 48.89
2020-10-28, 08:34:28, 23.68, 48.89
2020-10-28, 08:34:30, 23.69, 48.89
2020-10-28, 08:34:31, 23.7, 48.86
2020-10-28, 08:34:32, 23.7, 48.86
2020-10-28, 08:34:34, 23.7, 48.86
2020-10-28, 08:34:35, 23.7, 48.86
2020-10-28, 08:34:36, 23.71, 48.86
2020-10-28, 08:34:38, 23.71, 48.86
2020-10-28, 08:34:39, 23.7, 48.86
2020-10-28, 08:34:40, 23.71, 48.86
2020-10-28, 08:34:42, 23.71, 48.86
2020-10-28, 08:34:43, 23.71, 48.86
2020-10-28, 08:34:44, 23.7, 48.86
2020-10-28, 08:34:46, 23.7, 48.86
2020-10-28, 08:34:47, 23.7, 48.86
2020-10-28, 08:34:49, 23.71, 48.86
2020-10-28, 08:34:50, 23.7, 48.83
2020-10-28, 08:34:51, 23.69, 48.83
2020-10-28, 08:34:53, 23.7, 48.86
2020-10-28, 08:34:54, 23.72, 48.83
2020-10-28, 08:34:55, 23.7, 48.8
2020-10-28, 08:34:57, 23.71, 48.83
2020-10-28, 08:34:58, 23.71, 48.8
2020-10-28, 08:34:59, 23.72, 48.8
2020-10-28, 08:35:01, 23.72, 48.8
2020-10-28, 08:35:02, 23.71, 48.8
2020-10-28, 08:35:03, 23.72, 48.8
2020-10-28, 08:35:05, 23.72, 48.8
2020-10-28, 08:35:06, 23.72, 48.8
2020-10-28, 08:35:08, 23.71, 48.8
2020-10-28, 08:35:09, 23.72, 48.8
2020-10-28, 08:35:10, 23.72, 48.8
2020-10-28, 08:35:12, 23.71, 48.8
2020-10-28, 08:35:13, 23.73, 48.8
2020-10-28, 08:35:14, 23.72, 48.8
2020-10-28, 08:35:16, 23.72, 48.8
2020-10-28, 08:35:17, 23.73, 48.8
2020-10-28, 08:35:18, 23.72, 48.8
2020-10-28, 08:35:20, 23.72, 48.8
2020-10-28, 08:35:21, 23.73, 48.8
2020-10-28, 08:35:22, 23.73, 48.77
2020-10-28, 08:35:24, 23.71, 48.8
2020-10-28, 08:35:25, 23.73, 48.8
2020-10-28, 08:35:27, 23.72, 48.8
2020-10-28, 08:35:28, 23.74, 48.8
2020-10-28, 08:35:29, 23.74, 48.8
2020-10-28, 08:35:31, 23.74, 48.8
2020-10-28, 08:35:32, 23.74, 48.8
2020-10-28, 08:35:33, 23.74, 48.8
2020-10-28, 08:35:35, 23.74, 48.8
2020-10-28, 08:35:36, 23.73, 48.8
2020-10-28, 08:35:37, 23.73, 48.8
2020-10-28, 08:35:39, 23.74, 48.8
2020-10-28, 08:35:40, 23.74, 48.8
2020-10-28, 08:35:42, 23.74, 48.8
2020-10-28, 08:35:43, 23.75, 48.77
2020-10-28, 08:35:44, 23.74, 48.77
2020-10-28, 08:35:46, 23.74, 48.77
2020-10-28, 08:35:47, 23.74, 48.77
2020-10-28, 08:35:48, 23.74, 48.77
2020-10-28, 08:35:50, 23.74, 48.77
2020-10-28, 08:35:51, 23.74, 48.77
2020-10-28, 08:35:52, 23.74, 48.77
2020-10-28, 08:35:54, 23.73, 48.77
2020-10-28, 08:35:55, 23.73, 48.77
2020-10-28, 08:35:56, 23.74, 48.77
2020-10-28, 08:35:58, 23.74, 48.77
2020-10-28, 08:35:59, 23.74, 48.77
2020-10-28, 08:36:00, 23.74, 48.77
2020-10-28, 08:36:02, 23.72, 48.74
2020-10-28, 08:36:03, 23.74, 48.74
2020-10-28, 08:36:05, 23.74, 48.74
2020-10-28, 08:36:06, 23.74, 48.77
2020-10-28, 08:36:07, 23.73, 48.74
2020-10-28, 08:36:09, 23.75, 48.74
2020-10-28, 08:36:10, 23.73, 48.74
2020-10-28, 08:36:11, 23.73, 48.74
2020-10-28, 08:36:13, 23.73, 48.74
2020-10-28, 08:36:14, 23.73, 48.74
2020-10-28, 08:36:15, 23.74, 48.74
2020-10-28, 08:36:17, 23.75, 48.74
2020-10-28, 08:36:18, 23.73, 48.74
2020-10-28, 08:36:19, 23.74, 48.74
2020-10-28, 08:36:21, 23.76, 48.74
2020-10-28, 08:36:22, 23.75, 48.74
2020-10-28, 08:36:24, 23.74, 48.74
2020-10-28, 08:36:25, 23.74, 48.71
2020-10-28, 08:36:26, 23.74, 48.74
2020-10-28, 08:36:28, 23.75, 48.71
2020-10-28, 08:36:29, 23.76, 48.71
2020-10-28, 08:36:30, 23.74, 48.71
2020-10-28, 08:36:32, 23.74, 48.74
2020-10-28, 08:36:33, 23.74, 48.71
2020-10-28, 08:36:34, 23.76, 48.71
2020-10-28, 08:36:36, 23.76, 48.71
2020-10-28, 08:36:37, 23.76, 48.71
2020-10-28, 08:36:38, 23.76, 48.68
2020-10-28, 08:36:40, 23.75, 48.71
2020-10-28, 08:36:41, 23.76, 48.71
2020-10-28, 08:36:43, 23.75, 48.71
2020-10-28, 08:36:44, 23.77, 48.71
2020-10-28, 08:36:45, 23.76, 48.68
2020-10-28, 08:36:47, 23.76, 48.68
2020-10-28, 08:36:48, 23.76, 48.68
2020-10-28, 08:36:49, 23.76, 48.68
2020-10-28, 08:36:51, 23.76, 48.68
2020-10-28, 08:36:52, 23.76, 48.68
2020-10-28, 08:36:53, 23.77, 48.68
2020-10-28, 08:36:55, 23.77, 48.68
2020-10-28, 08:36:56, 23.77, 48.68
2020-10-28, 08:36:57, 23.76, 48.68
2020-10-28, 08:36:59, 23.78, 48.68
2020-10-28, 08:37:00, 23.77, 48.68
2020-10-28, 08:37:02, 23.76, 48.68
2020-10-28, 08:37:03, 23.78, 48.68
2020-10-28, 08:37:04, 23.77, 48.68
2020-10-28, 08:37:06, 23.77, 48.68
2020-10-28, 08:37:07, 23.77, 48.68
2020-10-28, 08:37:08, 23.78, 48.68
2020-10-28, 08:37:10, 23.77, 48.68
2020-10-28, 08:37:11, 23.78, 48.68
2020-10-28, 08:37:12, 23.76, 48.68
2020-10-28, 08:37:14, 23.78, 48.68
2020-10-28, 08:37:15, 23.77, 48.65
2020-10-28, 08:37:16, 23.78, 48.65
2020-10-28, 08:37:18, 23.76, 48.68
2020-10-28, 08:37:19, 23.76, 48.65
2020-10-28, 08:37:21, 23.77, 48.68
2020-10-28, 08:37:22, 23.78, 48.65
2020-10-28, 08:37:23, 23.76, 48.65
2020-10-28, 08:37:25, 23.78, 48.65
2020-10-28, 08:37:26, 23.78, 48.62
2020-10-28, 08:37:27, 23.78, 48.62
2020-10-28, 08:37:29, 23.76, 48.62
2020-10-28, 08:37:30, 23.78, 48.62
2020-10-28, 08:37:31, 23.79, 48.62
2020-10-28, 08:37:33, 23.78, 48.62
2020-10-28, 08:37:34, 23.78, 48.62
2020-10-28, 08:37:35, 23.78, 48.62
2020-10-28, 08:37:37, 23.79, 48.62
2020-10-28, 08:37:38, 23.78, 48.62
2020-10-28, 08:37:39, 23.78, 48.62
2020-10-28, 08:37:41, 23.79, 48.62
2020-10-28, 08:37:42, 23.8, 48.62
2020-10-28, 08:37:44, 23.8, 48.62
2020-10-28, 08:37:45, 23.79, 48.62
2020-10-28, 08:37:46, 23.8, 48.62
2020-10-28, 08:37:48, 23.8, 48.62
2020-10-28, 08:37:49, 23.79, 48.62
2020-10-28, 08:37:50, 23.77, 48.62
2020-10-28, 08:37:52, 23.79, 48.62
2020-10-28, 08:37:53, 23.79, 48.62
2020-10-28, 08:37:54, 23.79, 48.62
2020-10-28, 08:37:56, 23.76, 48.62
2020-10-28, 08:37:57, 23.79, 48.62
2020-10-28, 08:37:59, 23.78, 48.65
2020-10-28, 08:38:00, 23.79, 48.62
2020-10-28, 08:38:01, 23.8, 48.65
2020-10-28, 08:38:03, 23.8, 48.62
2020-10-28, 08:38:04, 23.8, 48.62
2020-10-28, 08:38:05, 23.81, 48.62
2020-10-28, 08:38:07, 23.8, 48.62
2020-10-28, 08:38:08, 23.79, 48.62
2020-10-28, 08:38:09, 23.79, 48.62
2020-10-28, 08:38:11, 23.8, 48.62
2020-10-28, 08:38:12, 23.8, 48.62
2020-10-28, 08:38:13, 23.79, 48.59
2020-10-28, 08:38:15, 23.79, 48.62
2020-10-28, 08:38:16, 23.8, 48.62
2020-10-28, 08:38:17, 23.8, 48.59
2020-10-28, 08:38:19, 23.8, 48.62
2020-10-28, 08:38:20, 23.79, 48.62
2020-10-28, 08:38:22, 23.81, 48.59
2020-10-28, 08:38:23, 23.79, 48.59
2020-10-28, 08:38:24, 23.8, 48.59
2020-10-28, 08:38:26, 23.8, 48.56
2020-10-28, 08:38:27, 23.8, 48.56
2020-10-28, 08:38:28, 23.8, 48.56
2020-10-28, 08:38:30, 23.82, 48.56
2020-10-28, 08:38:31, 23.81, 48.59
2020-10-28, 08:38:32, 23.8, 48.59
2020-10-28, 08:38:34, 23.79, 48.59
2020-10-28, 08:38:35, 23.79, 48.56
2020-10-28, 08:38:36, 23.81, 48.59
2020-10-28, 08:38:38, 23.81, 48.56
2020-10-28, 08:38:39, 23.82, 48.56
2020-10-28, 08:38:41, 23.81, 48.56
2020-10-28, 08:38:42, 23.83, 48.56
2020-10-28, 08:38:43, 23.82, 48.56
2020-10-28, 08:38:45, 23.82, 48.56
2020-10-28, 08:38:46, 23.81, 48.56
2020-10-28, 08:38:47, 23.81, 48.56
2020-10-28, 08:38:49, 23.81, 48.56
2020-10-28, 08:38:50, 23.82, 48.56
2020-10-28, 08:38:51, 23.82, 48.56
2020-10-28, 08:38:53, 23.83, 48.53
2020-10-28, 08:38:54, 23.82, 48.56
2020-10-28, 08:38:55, 23.82, 48.56
2020-10-28, 08:38:57, 23.82, 48.56
2020-10-28, 08:38:58, 23.81, 48.56
2020-10-28, 08:39:00, 23.81, 48.56
2020-10-28, 08:39:01, 23.82, 48.56
2020-10-28, 08:39:02, 23.81, 48.56
2020-10-28, 08:39:04, 23.81, 48.56
2020-10-28, 08:39:05, 23.8, 48.56
2020-10-28, 08:39:06, 23.82, 48.56
2020-10-28, 08:39:08, 23.82, 48.53
2020-10-28, 08:39:09, 23.82, 48.56
2020-10-28, 08:39:10, 23.82, 48.56
2020-10-28, 08:39:12, 23.72, 48.55
2020-10-28, 08:39:13, 23.8, 48.56
2020-10-28, 08:39:15, 23.8, 48.59
2020-10-28, 08:39:16, 23.8, 48.56
2020-10-28, 08:39:17, 23.81, 48.56
2020-10-28, 08:39:19, 23.82, 48.56
2020-10-28, 08:39:20, 23.82, 48.56
2020-10-28, 08:39:22, 23.82, 48.56
2020-10-28, 08:39:23, 23.81, 48.56
2020-10-28, 08:39:24, 23.82, 48.56
2020-10-28, 08:39:26, 23.82, 48.56
2020-10-28, 08:39:27, 23.82, 48.56
2020-10-28, 08:39:28, 23.83, 48.56
2020-10-28, 08:39:30, 23.82, 48.56
2020-10-28, 08:39:31, 23.82, 48.56
2020-10-28, 08:39:32, 23.81, 48.56
2020-10-28, 08:39:34, 23.81, 48.53
2020-10-28, 08:39:35, 23.82, 48.56
2020-10-28, 08:39:36, 23.83, 48.56
2020-10-28, 08:39:38, 23.82, 48.56
2020-10-28, 08:39:39, 23.83, 48.56
2020-10-28, 08:39:40, 23.82, 48.56
2020-10-28, 08:39:42, 23.82, 48.56
2020-10-28, 08:39:43, 23.81, 48.53
2020-10-28, 08:39:45, 23.83, 48.56
2020-10-28, 08:39:46, 23.83, 48.53
2020-10-28, 08:39:47, 23.82, 48.53
2020-10-28, 08:39:49, 23.83, 48.53
2020-10-28, 08:39:50, 23.81, 48.53
2020-10-28, 08:39:51, 23.81, 48.53
2020-10-28, 08:39:53, 23.82, 48.53
2020-10-28, 08:39:54, 23.82, 48.53
2020-10-28, 08:39:56, 23.65, 48.51
2020-10-28, 08:39:57, 23.77, 48.55
2020-10-28, 08:39:59, 23.8, 48.59
2020-10-28, 08:40:00, 23.79, 48.59
2020-10-28, 08:40:01, 23.79, 48.56
2020-10-28, 08:40:03, 23.81, 48.56
2020-10-28, 08:40:04, 23.82, 48.56
2020-10-28, 08:40:05, 23.8, 48.56
2020-10-28, 08:40:07, 23.81, 48.56
2020-10-28, 08:40:08, 23.82, 48.56
2020-10-28, 08:40:10, 23.81, 48.56
2020-10-28, 08:40:11, 23.81, 48.56
2020-10-28, 08:40:12, 23.82, 48.56
2020-10-28, 08:40:14, 23.82, 48.53
2020-10-28, 08:40:15, 23.82, 48.56
2020-10-28, 08:40:16, 23.82, 48.56
2020-10-28, 08:40:18, 23.82, 48.53
2020-10-28, 08:40:19, 23.81, 48.53
2020-10-28, 08:40:20, 23.82, 48.53
2020-10-28, 08:40:22, 23.82, 48.53
2020-10-28, 08:40:23, 23.82, 48.53
2020-10-28, 08:40:24, 23.81, 48.53
2020-10-28, 08:40:26, 23.82, 48.53
2020-10-28, 08:40:27, 23.82, 48.53
2020-10-28, 08:40:29, 23.81, 48.49
2020-10-28, 08:40:30, 23.82, 48.53
2020-10-28, 08:40:31, 23.81, 48.53
2020-10-28, 08:40:33, 23.8, 48.52
2020-10-28, 08:40:34, 23.8, 48.52
2020-10-28, 08:40:35, 23.81, 48.53
2020-10-28, 08:40:37, 23.82, 48.53
2020-10-28, 08:40:38, 23.82, 48.53
2020-10-28, 08:40:39, 23.82, 48.53
2020-10-28, 08:40:41, 23.82, 48.53
2020-10-28, 08:40:42, 23.82, 48.53
2020-10-28, 08:40:43, 23.82, 48.53
2020-10-28, 08:40:45, 23.83, 48.5
2020-10-28, 08:40:46, 23.83, 48.53
2020-10-28, 08:40:48, 23.82, 48.5
2020-10-28, 08:40:49, 23.82, 48.53
2020-10-28, 08:40:50, 23.83, 48.5
2020-10-28, 08:40:52, 23.83, 48.5
2020-10-28, 08:40:53, 23.82, 48.5
2020-10-28, 08:40:54, 23.83, 48.5
2020-10-28, 08:40:56, 23.82, 48.53
2020-10-28, 08:40:57, 23.84, 48.5
2020-10-28, 08:40:58, 23.83, 48.5
2020-10-28, 08:41:00, 23.83, 48.5
2020-10-28, 08:41:01, 23.82, 48.5
2020-10-28, 08:41:02, 23.83, 48.5
2020-10-28, 08:41:04, 23.83, 48.5
2020-10-28, 08:41:05, 23.83, 48.5
2020-10-28, 08:41:07, 23.83, 48.5
2020-10-28, 08:41:08, 23.83, 48.5
2020-10-28, 08:41:09, 23.83, 48.5
2020-10-28, 08:41:11, 23.84, 48.5
2020-10-28, 08:41:12, 23.84, 48.5
2020-10-28, 08:41:13, 23.83, 48.46
2020-10-28, 08:41:15, 23.84, 48.5
2020-10-28, 08:41:16, 23.84, 48.47
2020-10-28, 08:41:17, 23.84, 48.5
2020-10-28, 08:41:19, 23.84, 48.5
2020-10-28, 08:41:20, 23.84, 48.47
2020-10-28, 08:41:21, 23.84, 48.47
2020-10-28, 08:41:23, 23.84, 48.43
2020-10-28, 08:41:24, 23.84, 48.47
2020-10-28, 08:41:26, 23.85, 48.47
2020-10-28, 08:41:27, 23.84, 48.47
2020-10-28, 08:41:28, 23.84, 48.43
2020-10-28, 08:41:30, 23.84, 48.43
2020-10-28, 08:41:31, 23.85, 48.47
2020-10-28, 08:41:32, 23.84, 48.47
2020-10-28, 08:41:34, 23.85, 48.44
2020-10-28, 08:41:35, 23.85, 48.44
2020-10-28, 08:41:36, 23.85, 48.44
2020-10-28, 08:41:38, 23.86, 48.44
2020-10-28, 08:41:39, 23.86, 48.44
2020-10-28, 08:41:41, 23.85, 48.44
2020-10-28, 08:41:42, 23.85, 48.44
2020-10-28, 08:41:43, 23.87, 48.44
2020-10-28, 08:41:47, 23.53, 48.59
2020-10-28, 08:41:48, 23.71, 48.7
2020-10-28, 08:41:50, 23.76, 48.71
2020-10-28, 08:41:51, 23.78, 48.68
2020-10-28, 08:41:52, 23.81, 48.69
2020-10-28, 08:41:54, 23.79, 48.62
2020-10-28, 08:41:55, 23.81, 48.62
2020-10-28, 08:41:56, 23.83, 48.62
2020-10-28, 08:41:58, 23.83, 48.59
2020-10-28, 08:41:59, 23.84, 48.56
2020-10-28, 08:42:00, 23.83, 48.56
2020-10-28, 08:42:02, 23.84, 48.53
2020-10-28, 08:42:03, 23.83, 48.5
2020-10-28, 08:42:04, 23.83, 48.5
2020-10-28, 08:42:06, 23.83, 48.5
2020-10-28, 08:42:07, 23.82, 48.5
2020-10-28, 08:42:09, 23.83, 48.5
2020-10-28, 08:42:10, 23.84, 48.5
2020-10-28, 08:42:11, 23.84, 48.5
2020-10-28, 08:42:13, 23.85, 48.5
2020-10-28, 08:42:14, 23.83, 48.5
2020-10-28, 08:42:15, 23.83, 48.46
2020-10-28, 08:42:17, 23.84, 48.47
2020-10-28, 08:42:18, 23.84, 48.5
2020-10-28, 08:42:19, 23.84, 48.5
2020-10-28, 08:42:21, 23.85, 48.5
2020-10-28, 08:42:22, 23.84, 48.5
2020-10-28, 08:42:23, 23.84, 48.47
2020-10-28, 08:42:25, 23.85, 48.47
2020-10-28, 08:42:26, 23.85, 48.47
2020-10-28, 08:42:27, 23.85, 48.44
2020-10-28, 08:42:29, 23.85, 48.47
2020-10-28, 08:42:30, 23.84, 48.47
2020-10-28, 08:42:32, 23.85, 48.47
2020-10-28, 08:42:33, 23.84, 48.43
2020-10-28, 08:42:34, 23.85, 48.47
2020-10-28, 08:42:36, 23.86, 48.44
2020-10-28, 08:42:37, 23.84, 48.43
2020-10-28, 08:42:38, 23.84, 48.43
2020-10-28, 08:42:40, 23.85, 48.47
2020-10-28, 08:42:41, 23.84, 48.43
2020-10-28, 08:42:42, 23.84, 48.43
2020-10-28, 08:42:44, 23.84, 48.47
2020-10-28, 08:42:45, 23.86, 48.47
2020-10-28, 08:42:46, 23.83, 48.43
2020-10-28, 08:42:48, 23.84, 48.43
2020-10-28, 08:42:49, 23.85, 48.44
2020-10-28, 08:42:51, 23.84, 48.43
2020-10-28, 08:42:52, 23.85, 48.44
2020-10-28, 08:42:53, 23.84, 48.43
2020-10-28, 08:42:55, 23.84, 48.43
2020-10-28, 08:42:56, 23.84, 48.43
2020-10-28, 08:42:57, 23.85, 48.44
2020-10-28, 08:42:59, 23.83, 48.43
2020-10-28, 08:43:00, 23.86, 48.44
2020-10-28, 08:43:01, 23.86, 48.44
2020-10-28, 08:43:03, 23.85, 48.47
2020-10-28, 08:43:04, 23.84, 48.43
2020-10-28, 08:43:05, 23.85, 48.44
2020-10-28, 08:43:07, 23.86, 48.44
2020-10-28, 08:43:08, 23.84, 48.43
2020-10-28, 08:43:10, 23.84, 48.43
2020-10-28, 08:43:11, 23.84, 48.43
2020-10-28, 08:43:12, 23.85, 48.44
2020-10-28, 08:43:14, 23.86, 48.44
2020-10-28, 08:43:15, 23.86, 48.44
2020-10-28, 08:43:16, 23.86, 48.44
2020-10-28, 08:43:18, 23.86, 48.44
2020-10-28, 08:43:19, 23.85, 48.44
2020-10-28, 08:43:20, 23.85, 48.44
2020-10-28, 08:43:22, 23.84, 48.47
2020-10-28, 08:43:23, 23.86, 48.44
2020-10-28, 08:43:24, 23.86, 48.44
2020-10-28, 08:43:26, 23.84, 48.43
2020-10-28, 08:43:27, 23.86, 48.44
2020-10-28, 08:43:28, 23.85, 48.4
2020-10-28, 08:43:30, 23.85, 48.44
2020-10-28, 08:43:31, 23.85, 48.44
2020-10-28, 08:43:33, 23.86, 48.44
2020-10-28, 08:43:34, 23.85, 48.44
2020-10-28, 08:43:35, 23.86, 48.44
2020-10-28, 08:43:37, 23.87, 48.44
2020-10-28, 08:43:38, 23.85, 48.44
2020-10-28, 08:43:39, 23.84, 48.43
2020-10-28, 08:43:41, 23.86, 48.44
2020-10-28, 08:43:42, 23.86, 48.44
2020-10-28, 08:43:44, 23.71, 48.42
2020-10-28, 08:43:45, 23.82, 48.46
2020-10-28, 08:43:47, 23.82, 48.5
2020-10-28, 08:43:48, 23.83, 48.5
2020-10-28, 08:43:49, 23.82, 48.46
2020-10-28, 08:43:51, 23.84, 48.47
2020-10-28, 08:43:52, 23.83, 48.46
2020-10-28, 08:43:53, 23.84, 48.47
2020-10-28, 08:43:55, 23.84, 48.47
2020-10-28, 08:43:56, 23.85, 48.47
2020-10-28, 08:43:57, 23.84, 48.43
2020-10-28, 08:43:59, 23.82, 48.43
2020-10-28, 08:44:00, 23.84, 48.43
2020-10-28, 08:44:02, 23.83, 48.43
2020-10-28, 08:44:03, 23.83, 48.43
2020-10-28, 08:44:04, 23.81, 48.43
2020-10-28, 08:44:06, 23.84, 48.47
2020-10-28, 08:44:07, 23.84, 48.43
2020-10-28, 08:44:08, 23.84, 48.43
2020-10-28, 08:44:10, 23.84, 48.43
2020-10-28, 08:44:11, 23.84, 48.43
2020-10-28, 08:44:12, 23.84, 48.43
2020-10-28, 08:44:14, 23.84, 48.43
2020-10-28, 08:44:15, 23.83, 48.43
2020-10-28, 08:44:17, 23.85, 48.44
2020-10-28, 08:44:18, 23.84, 48.43
2020-10-28, 08:44:19, 23.83, 48.43
2020-10-28, 08:44:21, 23.85, 48.44
2020-10-28, 08:44:22, 23.85, 48.44
2020-10-28, 08:44:23, 23.85, 48.44
2020-10-28, 08:44:25, 23.84, 48.43
2020-10-28, 08:44:26, 23.84, 48.43
2020-10-28, 08:44:27, 23.84, 48.43
2020-10-28, 08:44:29, 23.84, 48.43
2020-10-28, 08:44:30, 23.84, 48.43
2020-10-28, 08:44:31, 23.85, 48.44
2020-10-28, 08:44:33, 23.85, 48.44
2020-10-28, 08:44:34, 23.83, 48.43
2020-10-28, 08:44:36, 23.84, 48.43
2020-10-28, 08:44:37, 23.84, 48.47
2020-10-28, 08:44:38, 23.84, 48.43
2020-10-28, 08:44:40, 23.84, 48.43
2020-10-28, 08:44:41, 23.84, 48.43
2020-10-28, 08:44:42, 23.84, 48.43
2020-10-28, 08:44:44, 23.85, 48.44
2020-10-28, 08:44:45, 23.84, 48.43
2020-10-28, 08:44:46, 23.85, 48.44
2020-10-28, 08:44:48, 23.86, 48.44
2020-10-28, 08:44:49, 23.83, 48.43
2020-10-28, 08:44:50, 23.84, 48.43
2020-10-28, 08:44:52, 23.83, 48.43
2020-10-28, 08:44:53, 23.85, 48.44
2020-10-28, 08:44:55, 23.84, 48.43
2020-10-28, 08:44:56, 23.84, 48.43
2020-10-28, 08:44:57, 23.83, 48.43
2020-10-28, 08:44:59, 23.83, 48.43
2020-10-28, 08:45:00, 23.82, 48.43
2020-10-28, 08:45:01, 23.84, 48.43
2020-10-28, 08:45:03, 23.83, 48.43
2020-10-28, 08:45:04, 23.84, 48.43
2020-10-28, 08:45:05, 23.84, 48.47
2020-10-28, 08:45:07, 23.83, 48.46
2020-10-28, 08:45:08, 23.83, 48.43
2020-10-28, 08:45:09, 23.84, 48.47
2020-10-28, 08:45:11, 23.84, 48.43
2020-10-28, 08:45:12, 23.84, 48.43
2020-10-28, 08:45:14, 23.85, 48.44
2020-10-28, 08:45:15, 23.83, 48.46
2020-10-28, 08:45:16, 23.84, 48.43
2020-10-28, 08:45:18, 23.84, 48.43
2020-10-28, 08:45:19, 23.83, 48.43
2020-10-28, 08:45:20, 23.82, 48.43
2020-10-28, 08:45:22, 23.84, 48.43
2020-10-28, 08:45:23, 23.85, 48.44
2020-10-28, 08:45:24, 23.84, 48.43
2020-10-28, 08:45:26, 23.84, 48.43
2020-10-28, 08:45:27, 23.84, 48.43
2020-10-28, 08:45:28, 23.84, 48.43
2020-10-28, 08:45:30, 23.84, 48.43
2020-10-28, 08:45:31, 23.85, 48.44
2020-10-28, 08:45:33, 23.84, 48.43
2020-10-28, 08:45:34, 23.83, 48.43
2020-10-28, 08:45:35, 23.84, 48.43
2020-10-28, 08:45:37, 23.84, 48.43
2020-10-28, 08:45:38, 23.84, 48.43
2020-10-28, 08:45:39, 23.84, 48.43
2020-10-28, 08:45:41, 23.84, 48.43
2020-10-28, 08:45:42, 23.84, 48.43
2020-10-28, 08:45:43, 23.84, 48.43
2020-10-28, 08:45:45, 23.82, 48.43
2020-10-28, 08:45:46, 23.82, 48.43
2020-10-28, 08:45:47, 23.83, 48.43
2020-10-28, 08:45:49, 23.82, 48.43
2020-10-28, 08:45:50, 23.82, 48.43
2020-10-28, 08:45:52, 23.82, 48.43
2020-10-28, 08:45:53, 23.82, 48.43
2020-10-28, 08:45:54, 23.84, 48.43
2020-10-28, 08:45:56, 23.83, 48.43
2020-10-28, 08:45:57, 23.84, 48.43
2020-10-28, 08:45:58, 23.82, 48.43
2020-10-28, 08:46:00, 23.83, 48.43
2020-10-28, 08:46:01, 23.83, 48.43
2020-10-28, 08:46:02, 23.82, 48.46
2020-10-28, 08:46:04, 23.82, 48.43
2020-10-28, 08:46:05, 23.82, 48.43
2020-10-28, 08:46:06, 23.82, 48.43
2020-10-28, 08:46:08, 23.82, 48.43
2020-10-28, 08:46:09, 23.82, 48.43
2020-10-28, 08:46:11, 23.82, 48.46
2020-10-28, 08:46:12, 23.82, 48.46
2020-10-28, 08:46:13, 23.82, 48.46
2020-10-28, 08:46:15, 23.81, 48.46
2020-10-28, 08:46:16, 23.82, 48.46
2020-10-28, 08:46:17, 23.81, 48.43
2020-10-28, 08:46:19, 23.82, 48.46
2020-10-28, 08:46:20, 23.82, 48.46
2020-10-28, 08:46:21, 23.81, 48.46
2020-10-28, 08:46:23, 23.82, 48.46
2020-10-28, 08:46:24, 23.82, 48.46
2020-10-28, 08:46:25, 23.83, 48.46
2020-10-28, 08:46:27, 23.81, 48.46
2020-10-28, 08:46:28, 23.8, 48.43
2020-10-28, 08:46:30, 23.8, 48.43
2020-10-28, 08:46:31, 23.8, 48.43
2020-10-28, 08:46:32, 23.8, 48.46
2020-10-28, 08:46:34, 23.8, 48.43
2020-10-28, 08:46:35, 23.8, 48.46
2020-10-28, 08:46:36, 23.8, 48.46
2020-10-28, 08:46:38, 23.82, 48.46
2020-10-28, 08:46:39, 23.8, 48.46
2020-10-28, 08:46:40, 23.81, 48.46
2020-10-28, 08:46:42, 23.8, 48.46
2020-10-28, 08:46:43, 23.8, 48.46
2020-10-28, 08:46:44, 23.79, 48.46
2020-10-28, 08:46:46, 23.81, 48.46
2020-10-28, 08:46:47, 23.81, 48.49
2020-10-28, 08:46:48, 23.8, 48.46
2020-10-28, 08:46:50, 23.8, 48.46
2020-10-28, 08:46:51, 23.8, 48.46
2020-10-28, 08:46:53, 23.76, 48.49
2020-10-28, 08:46:54, 23.79, 48.49
2020-10-28, 08:46:55, 23.8, 48.49
2020-10-28, 08:46:57, 23.78, 48.49
2020-10-28, 08:46:58, 23.78, 48.49
2020-10-28, 08:46:59, 23.79, 48.49
2020-10-28, 08:47:01, 23.79, 48.49
2020-10-28, 08:47:02, 23.79, 48.49
2020-10-28, 08:47:03, 23.78, 48.49
2020-10-28, 08:47:05, 23.78, 48.52
2020-10-28, 08:47:06, 23.77, 48.52
2020-10-28, 08:47:08, 23.78, 48.49
2020-10-28, 08:47:09, 23.77, 48.49
2020-10-28, 08:47:10, 23.79, 48.52
2020-10-28, 08:47:12, 23.78, 48.49
2020-10-28, 08:47:13, 23.78, 48.49
2020-10-28, 08:47:14, 23.77, 48.52
2020-10-28, 08:47:16, 23.78, 48.49
2020-10-28, 08:47:17, 23.78, 48.52
2020-10-28, 08:47:18, 23.8, 48.49
2020-10-28, 08:47:20, 23.79, 48.52
2020-10-28, 08:47:21, 23.79, 48.49
2020-10-28, 08:47:22, 23.79, 48.49
2020-10-28, 08:47:24, 23.79, 48.49
2020-10-28, 08:47:25, 23.79, 48.49
2020-10-28, 08:47:27, 23.78, 48.49
2020-10-28, 08:47:28, 23.78, 48.49
2020-10-28, 08:47:29, 23.79, 48.49
2020-10-28, 08:47:31, 23.78, 48.52
2020-10-28, 08:47:32, 23.76, 48.49
2020-10-28, 08:47:33, 23.77, 48.49
2020-10-28, 08:47:35, 23.77, 48.49
2020-10-28, 08:47:36, 23.75, 48.49
2020-10-28, 08:47:37, 23.77, 48.52
2020-10-28, 08:47:39, 23.78, 48.52
2020-10-28, 08:47:40, 23.77, 48.52
2020-10-28, 08:47:42, 23.76, 48.52
2020-10-28, 08:47:43, 23.78, 48.55
2020-10-28, 08:47:44, 23.76, 48.52
2020-10-28, 08:47:46, 23.76, 48.55
2020-10-28, 08:47:47, 23.74, 48.52
2020-10-28, 08:47:48, 23.76, 48.55
2020-10-28, 08:47:50, 23.77, 48.52
2020-10-28, 08:47:51, 23.76, 48.55
2020-10-28, 08:47:52, 23.77, 48.55
2020-10-28, 08:47:54, 23.76, 48.55
2020-10-28, 08:47:55, 23.75, 48.55
2020-10-28, 08:47:56, 23.76, 48.55
2020-10-28, 08:47:58, 23.74, 48.55
2020-10-28, 08:47:59, 23.76, 48.55
2020-10-28, 08:48:01, 23.74, 48.55
2020-10-28, 08:48:02, 23.74, 48.55
2020-10-28, 08:48:03, 23.73, 48.55
2020-10-28, 08:48:05, 23.74, 48.58
2020-10-28, 08:48:06, 23.72, 48.58
2020-10-28, 08:48:07, 23.72, 48.61
2020-10-28, 08:48:09, 23.72, 48.61
2020-10-28, 08:48:10, 23.72, 48.61
2020-10-28, 08:48:11, 23.72, 48.61
2020-10-28, 08:48:13, 23.72, 48.61
2020-10-28, 08:48:14, 23.71, 48.64
2020-10-28, 08:48:15, 23.72, 48.64
2020-10-28, 08:48:17, 23.73, 48.64
2020-10-28, 08:48:18, 23.71, 48.64
2020-10-28, 08:48:20, 23.72, 48.64
2020-10-28, 08:48:21, 23.72, 48.64
2020-10-28, 08:48:22, 23.73, 48.68
2020-10-28, 08:48:24, 23.72, 48.64
2020-10-28, 08:48:25, 23.72, 48.64
2020-10-28, 08:48:26, 23.73, 48.61
2020-10-28, 08:48:28, 23.72, 48.64
2020-10-28, 08:48:29, 23.73, 48.64
2020-10-28, 08:48:30, 23.71, 48.64
2020-10-28, 08:48:32, 23.72, 48.61
2020-10-28, 08:48:33, 23.71, 48.64
2020-10-28, 08:48:34, 23.7, 48.67
2020-10-28, 08:48:36, 23.72, 48.64
2020-10-28, 08:48:37, 23.71, 48.64
2020-10-28, 08:48:39, 23.7, 48.67
2020-10-28, 08:48:40, 23.7, 48.64
2020-10-28, 08:48:41, 23.72, 48.67
2020-10-28, 08:48:43, 23.71, 48.67
2020-10-28, 08:48:44, 23.71, 48.67
2020-10-28, 08:48:45, 23.72, 48.67
2020-10-28, 08:48:47, 23.69, 48.67
2020-10-28, 08:48:48, 23.71, 48.67
2020-10-28, 08:48:49, 23.7, 48.67
2020-10-28, 08:48:51, 23.7, 48.67
2020-10-28, 08:48:52, 23.7, 48.67
2020-10-28, 08:48:54, 23.68, 48.67
2020-10-28, 08:48:55, 23.68, 48.7
2020-10-28, 08:48:56, 23.69, 48.7
2020-10-28, 08:48:58, 23.71, 48.67
2020-10-28, 08:48:59, 23.7, 48.7
2020-10-28, 08:49:00, 23.7, 48.7
2020-10-28, 08:49:02, 23.71, 48.7
2020-10-28, 08:49:03, 23.71, 48.7
2020-10-28, 08:49:04, 23.71, 48.67
2020-10-28, 08:49:06, 23.7, 48.67
2020-10-28, 08:49:07, 23.69, 48.67
2020-10-28, 08:49:08, 23.7, 48.67
2020-10-28, 08:49:10, 23.7, 48.7
2020-10-28, 08:49:11, 23.72, 48.71
2020-10-28, 08:49:13, 23.72, 48.67
2020-10-28, 08:49:14, 23.71, 48.67
2020-10-28, 08:49:15, 23.71, 48.67
2020-10-28, 08:49:17, 23.7, 48.7
2020-10-28, 08:49:18, 23.71, 48.67
2020-10-28, 08:49:19, 23.7, 48.7
2020-10-28, 08:49:21, 23.7, 48.7
2020-10-28, 08:49:22, 23.7, 48.7
2020-10-28, 08:49:23, 23.69, 48.7
2020-10-28, 08:49:25, 23.68, 48.73
2020-10-28, 08:49:26, 23.68, 48.7
2020-10-28, 08:49:27, 23.68, 48.73
2020-10-28, 08:49:29, 23.68, 48.73
2020-10-28, 08:49:30, 23.67, 48.73
2020-10-28, 08:49:31, 23.69, 48.73
2020-10-28, 08:49:33, 23.68, 48.73
2020-10-28, 08:49:34, 23.68, 48.73
2020-10-28, 08:49:36, 23.7, 48.73
2020-10-28, 08:49:37, 23.68, 48.73
2020-10-28, 08:49:38, 23.68, 48.73
2020-10-28, 08:49:40, 23.68, 48.76
2020-10-28, 08:49:41, 23.68, 48.76
2020-10-28, 08:49:42, 23.68, 48.73
2020-10-28, 08:49:44, 23.68, 48.76
2020-10-28, 08:49:45, 23.68, 48.76
2020-10-28, 08:49:46, 23.68, 48.73
2020-10-28, 08:49:48, 23.68, 48.76
2020-10-28, 08:49:49, 23.68, 48.73
2020-10-28, 08:49:50, 23.68, 48.73
2020-10-28, 08:49:52, 23.68, 48.73
2020-10-28, 08:49:53, 23.67, 48.76
2020-10-28, 08:49:54, 23.68, 48.73
2020-10-28, 08:49:56, 23.68, 48.76
2020-10-28, 08:49:57, 23.67, 48.73
2020-10-28, 08:49:59, 23.67, 48.73
2020-10-28, 08:50:00, 23.68, 48.73
2020-10-28, 08:50:01, 23.68, 48.76
2020-10-28, 08:50:03, 23.68, 48.76
2020-10-28, 08:50:04, 23.68, 48.73
2020-10-28, 08:50:05, 23.66, 48.73
2020-10-28, 08:50:07, 23.66, 48.76
2020-10-28, 08:50:08, 23.67, 48.73
2020-10-28, 08:50:09, 23.68, 48.76
2020-10-28, 08:50:11, 23.68, 48.73
2020-10-28, 08:50:12, 23.68, 48.76
2020-10-28, 08:50:13, 23.66, 48.76
2020-10-28, 08:50:15, 23.67, 48.76
2020-10-28, 08:50:16, 23.66, 48.76
2020-10-28, 08:50:18, 23.66, 48.76
2020-10-28, 08:50:19, 23.66, 48.79
2020-10-28, 08:50:20, 23.66, 48.76
2020-10-28, 08:50:22, 23.67, 48.79
2020-10-28, 08:50:23, 23.66, 48.79
2020-10-28, 08:50:24, 23.66, 48.79
2020-10-28, 08:50:26, 23.66, 48.79
2020-10-28, 08:50:27, 23.66, 48.76
2020-10-28, 08:50:28, 23.65, 48.79
2020-10-28, 08:50:30, 23.65, 48.79
2020-10-28, 08:50:31, 23.65, 48.79
2020-10-28, 08:50:32, 23.65, 48.79
2020-10-28, 08:50:34, 23.65, 48.79
2020-10-28, 08:50:35, 23.65, 48.79
2020-10-28, 08:50:37, 23.65, 48.79
2020-10-28, 08:50:38, 23.66, 48.79
2020-10-28, 08:50:39, 23.64, 48.79
2020-10-28, 08:50:41, 23.64, 48.79
2020-10-28, 08:50:42, 23.64, 48.79
2020-10-28, 08:50:43, 23.64, 48.79
2020-10-28, 08:50:45, 23.64, 48.79
2020-10-28, 08:50:46, 23.64, 48.79
2020-10-28, 08:50:47, 23.64, 48.79
2020-10-28, 08:50:49, 23.64, 48.79
2020-10-28, 08:50:50, 23.64, 48.82
2020-10-28, 08:50:51, 23.64, 48.79
2020-10-28, 08:50:53, 23.66, 48.79
2020-10-28, 08:50:54, 23.65, 48.82
2020-10-28, 08:50:56, 23.66, 48.79
2020-10-28, 08:51:02, 23.23, 49.34
2020-10-28, 08:51:04, 23.43, 49.4
2020-10-28, 08:51:05, 23.47, 49.41
2020-10-28, 08:51:07, 23.52, 49.35
2020-10-28, 08:51:08, 23.52, 49.28
2020-10-28, 08:51:09, 23.54, 49.26
2020-10-28, 08:51:11, 23.54, 49.19
2020-10-28, 08:51:12, 23.56, 49.16
2020-10-28, 08:51:13, 23.57, 49.13
2020-10-28, 08:51:15, 23.56, 49.1
2020-10-28, 08:51:16, 23.58, 49.07
2020-10-28, 08:51:17, 23.58, 49.04
2020-10-28, 08:51:19, 23.58, 49.04
2020-10-28, 08:51:20, 23.58, 49.04
2020-10-28, 08:51:21, 23.59, 49.01
2020-10-28, 08:51:23, 23.59, 48.98
2020-10-28, 08:51:24, 23.6, 48.98
2020-10-28, 08:51:26, 23.59, 48.98
2020-10-28, 08:51:27, 23.6, 48.98
2020-10-28, 08:51:28, 23.59, 48.98
2020-10-28, 08:51:30, 23.6, 48.98
2020-10-28, 08:51:31, 23.59, 48.98
2020-10-28, 08:51:32, 23.6, 48.98
2020-10-28, 08:51:34, 23.6, 48.94
2020-10-28, 08:51:35, 23.6, 48.94
2020-10-28, 08:51:36, 23.6, 48.94
2020-10-28, 08:51:38, 23.6, 48.91
2020-10-28, 08:51:39, 23.6, 48.94
2020-10-28, 08:51:40, 23.6, 48.91
2020-10-28, 08:51:42, 23.6, 48.91
2020-10-28, 08:51:43, 23.61, 48.91
2020-10-28, 08:51:45, 23.6, 48.91
2020-10-28, 08:51:46, 23.6, 48.91
2020-10-28, 08:51:47, 23.6, 48.91
2020-10-28, 08:51:49, 23.59, 48.91
2020-10-28, 08:51:50, 23.62, 48.92
2020-10-28, 08:51:51, 23.6, 48.91
2020-10-28, 08:51:53, 23.6, 48.91
2020-10-28, 08:51:54, 23.6, 48.91
2020-10-28, 08:51:55, 23.6, 48.91
2020-10-28, 08:51:57, 23.59, 48.91
2020-10-28, 08:51:58, 23.59, 48.91
2020-10-28, 08:51:59, 23.6, 48.91
2020-10-28, 08:52:01, 23.59, 48.91
2020-10-28, 08:52:02, 23.6, 48.91
2020-10-28, 08:52:03, 23.6, 48.91
2020-10-28, 08:52:05, 23.6, 48.91
2020-10-28, 08:52:06, 23.6, 48.91
2020-10-28, 08:52:08, 23.6, 48.91
2020-10-28, 08:52:09, 23.6, 48.91
2020-10-28, 08:52:10, 23.61, 48.91
2020-10-28, 08:52:12, 23.61, 48.91
2020-10-28, 08:52:13, 23.6, 48.91
2020-10-28, 08:52:14, 23.6, 48.91
2020-10-28, 08:52:16, 23.58, 48.91
2020-10-28, 08:52:17, 23.59, 48.91
2020-10-28, 08:52:18, 23.59, 48.91
2020-10-28, 08:52:20, 23.58, 48.91
2020-10-28, 08:52:21, 23.6, 48.91
2020-10-28, 08:52:22, 23.6, 48.94
2020-10-28, 08:52:24, 23.59, 48.94
2020-10-28, 08:52:25, 23.6, 48.94
2020-10-28, 08:52:27, 23.59, 48.91
2020-10-28, 08:52:28, 23.6, 48.91
2020-10-28, 08:52:29, 23.6, 48.91
2020-10-28, 08:52:31, 23.59, 48.94
2020-10-28, 08:52:32, 23.59, 48.91
2020-10-28, 08:52:33, 23.59, 48.94
2020-10-28, 08:52:35, 23.59, 48.91
2020-10-28, 08:52:36, 23.6, 48.91
2020-10-28, 08:52:37, 23.6, 48.91
2020-10-28, 08:52:39, 23.61, 48.95
2020-10-28, 08:52:40, 23.6, 48.91
2020-10-28, 08:52:41, 23.6, 48.91
2020-10-28, 08:52:43, 23.58, 48.91
2020-10-28, 08:52:44, 23.6, 48.91
2020-10-28, 08:52:46, 23.61, 48.95
2020-10-28, 08:52:47, 23.6, 48.91
2020-10-28, 08:52:48, 23.6, 48.94
2020-10-28, 08:52:50, 23.59, 48.91
2020-10-28, 08:52:51, 23.59, 48.91
2020-10-28, 08:52:52, 23.59, 48.91
2020-10-28, 08:52:54, 23.6, 48.91
2020-10-28, 08:52:55, 23.58, 48.94
2020-10-28, 08:52:56, 23.6, 48.91
2020-10-28, 08:52:58, 23.58, 48.91
2020-10-28, 08:52:59, 23.58, 48.94
2020-10-28, 08:53:00, 23.6, 48.94
2020-10-28, 08:53:02, 23.6, 48.91
2020-10-28, 08:53:03, 23.6, 48.94
2020-10-28, 08:53:04, 23.6, 48.91
2020-10-28, 08:53:06, 23.6, 48.94
2020-10-28, 08:53:07, 23.59, 48.91
2020-10-28, 08:53:09, 23.59, 48.91
2020-10-28, 08:53:10, 23.59, 48.94
2020-10-28, 08:53:11, 23.6, 48.91
2020-10-28, 08:53:13, 23.59, 48.91
2020-10-28, 08:53:14, 23.6, 48.91
2020-10-28, 08:53:15, 23.6, 48.91
2020-10-28, 08:53:17, 23.61, 48.91
2020-10-28, 08:53:18, 23.6, 48.91
2020-10-28, 08:53:19, 23.6, 48.91
2020-10-28, 08:53:21, 23.59, 48.94
2020-10-28, 08:53:22, 23.6, 48.91
2020-10-28, 08:53:23, 23.6, 48.91
2020-10-28, 08:53:25, 23.6, 48.91
2020-10-28, 08:53:26, 23.59, 48.91
2020-10-28, 08:53:28, 23.6, 48.91
2020-10-28, 08:53:29, 23.6, 48.91
2020-10-28, 08:53:30, 23.6, 48.91
2020-10-28, 08:53:32, 23.6, 48.91
2020-10-28, 08:53:33, 23.59, 48.91
2020-10-28, 08:53:34, 23.59, 48.91
2020-10-28, 08:53:36, 23.6, 48.91
2020-10-28, 08:53:37, 23.6, 48.91
2020-10-28, 08:53:38, 23.59, 48.91
2020-10-28, 08:53:40, 23.6, 48.94
2020-10-28, 08:53:41, 23.6, 48.91
2020-10-28, 08:53:43, 23.61, 48.91
2020-10-28, 08:53:44, 23.59, 48.91
2020-10-28, 08:53:45, 23.59, 48.91
2020-10-28, 08:53:47, 23.6, 48.91
2020-10-28, 08:53:48, 23.58, 48.91
2020-10-28, 08:53:49, 23.59, 48.91
2020-10-28, 08:53:51, 23.58, 48.91
2020-10-28, 08:53:52, 23.58, 48.91
2020-10-28, 08:53:53, 23.59, 48.91
2020-10-28, 08:53:55, 23.58, 48.91
2020-10-28, 08:53:56, 23.58, 48.91
2020-10-28, 08:53:57, 23.57, 48.94
2020-10-28, 08:53:59, 23.59, 48.94
2020-10-28, 08:54:00, 23.59, 48.91
2020-10-28, 08:54:02, 23.59, 48.94
2020-10-28, 08:54:03, 23.59, 48.94
2020-10-28, 08:54:04, 23.59, 48.94
2020-10-28, 08:54:06, 23.6, 48.94
2020-10-28, 08:54:07, 23.59, 48.94
2020-10-28, 08:54:08, 23.58, 48.94
2020-10-28, 08:54:10, 23.59, 48.94
2020-10-28, 08:54:11, 23.6, 48.94
2020-10-28, 08:54:12, 23.6, 48.94
2020-10-28, 08:54:14, 23.6, 48.94
2020-10-28, 08:54:15, 23.61, 48.95
2020-10-28, 08:54:16, 23.6, 48.94
2020-10-28, 08:54:18, 23.58, 48.94
2020-10-28, 08:54:19, 23.59, 48.94
2020-10-28, 08:54:20, 23.6, 48.94
2020-10-28, 08:54:22, 23.59, 48.94
2020-10-28, 08:54:23, 23.59, 48.94
2020-10-28, 08:54:25, 23.6, 48.94
2020-10-28, 08:54:26, 23.59, 48.94
2020-10-28, 08:54:27, 23.59, 48.94
2020-10-28, 08:54:29, 23.6, 48.94
2020-10-28, 08:54:30, 23.6, 48.94
2020-10-28, 08:54:31, 23.6, 48.91
2020-10-28, 08:54:33, 23.6, 48.91
2020-10-28, 08:54:34, 23.59, 48.91
2020-10-28, 08:54:35, 23.6, 48.94
2020-10-28, 08:54:37, 23.6, 48.91
2020-10-28, 08:54:38, 23.6, 48.91
2020-10-28, 08:54:39, 23.59, 48.91
2020-10-28, 08:54:41, 23.6, 48.91
2020-10-28, 08:54:42, 23.58, 48.91
2020-10-28, 08:54:44, 23.59, 48.91
2020-10-28, 08:54:45, 23.58, 48.91
2020-10-28, 08:54:46, 23.59, 48.91
2020-10-28, 08:54:48, 23.6, 48.91
2020-10-28, 08:54:49, 23.59, 48.91
2020-10-28, 08:54:50, 23.59, 48.91
2020-10-28, 08:54:52, 23.58, 48.91
2020-10-28, 08:54:53, 23.58, 48.91
2020-10-28, 08:54:54, 23.59, 48.91
2020-10-28, 08:54:56, 23.58, 48.91
2020-10-28, 08:54:57, 23.59, 48.91
2020-10-28, 08:54:58, 23.59, 48.91
2020-10-28, 08:55:00, 23.59, 48.91
2020-10-28, 08:55:01, 23.6, 48.91
2020-10-28, 08:55:02, 23.58, 48.91
2020-10-28, 08:55:04, 23.59, 48.91
2020-10-28, 08:55:05, 23.6, 48.91
2020-10-28, 08:55:07, 23.6, 48.91
2020-10-28, 08:55:08, 23.6, 48.91
2020-10-28, 08:55:09, 23.6, 48.91
2020-10-28, 08:55:11, 23.59, 48.91
2020-10-28, 08:55:12, 23.59, 48.91
2020-10-28, 08:55:13, 23.6, 48.91
2020-10-28, 08:55:15, 23.58, 48.91
2020-10-28, 08:55:16, 23.59, 48.91
2020-10-28, 08:55:17, 23.59, 48.91
2020-10-28, 08:55:19, 23.58, 48.91
2020-10-28, 08:55:20, 23.6, 48.91
2020-10-28, 08:55:21, 23.58, 48.91
2020-10-28, 08:55:23, 23.6, 48.91
2020-10-28, 08:55:24, 23.58, 48.91
2020-10-28, 08:55:26, 23.58, 48.91
2020-10-28, 08:55:27, 23.6, 48.91
2020-10-28, 08:55:28, 23.58, 48.91
2020-10-28, 08:55:30, 23.58, 48.91
2020-10-28, 08:55:31, 23.59, 48.91
2020-10-28, 08:55:32, 23.59, 48.91
2020-10-28, 08:55:34, 23.58, 48.91
2020-10-28, 08:55:35, 23.59, 48.91
2020-10-28, 08:55:36, 23.59, 48.91
2020-10-28, 08:55:38, 23.59, 48.91
2020-10-28, 08:55:39, 23.59, 48.91
2020-10-28, 08:55:40, 23.57, 48.91
2020-10-28, 08:55:42, 23.58, 48.88
2020-10-28, 08:55:43, 23.57, 48.91
2020-10-28, 08:55:45, 23.58, 48.91
2020-10-28, 08:55:46, 23.59, 48.91
2020-10-28, 08:55:47, 23.59, 48.91
2020-10-28, 08:55:49, 23.58, 48.91
2020-10-28, 08:55:50, 23.58, 48.91
2020-10-28, 08:55:51, 23.57, 48.91
2020-10-28, 08:55:53, 23.58, 48.91
2020-10-28, 08:55:54, 23.57, 48.91
2020-10-28, 08:55:55, 23.59, 48.91
2020-10-28, 08:55:57, 23.59, 48.91
2020-10-28, 08:55:58, 23.6, 48.91
2020-10-28, 08:55:59, 23.58, 48.91
2020-10-28, 08:56:01, 23.58, 48.91
2020-10-28, 08:56:02, 23.58, 48.91
2020-10-28, 08:56:04, 23.58, 48.91
2020-10-28, 08:56:05, 23.59, 48.91
2020-10-28, 08:56:06, 23.58, 48.91
2020-10-28, 08:56:08, 23.58, 48.91
2020-10-28, 08:56:09, 23.58, 48.91
2020-10-28, 08:56:10, 23.58, 48.91
2020-10-28, 08:56:12, 23.57, 48.91
2020-10-28, 08:56:13, 23.58, 48.91
2020-10-28, 08:56:14, 23.57, 48.91
2020-10-28, 08:56:16, 23.59, 48.91
2020-10-28, 08:56:17, 23.58, 48.91
2020-10-28, 08:56:18, 23.58, 48.91
2020-10-28, 08:56:20, 23.59, 48.91
2020-10-28, 08:56:21, 23.58, 48.91
2020-10-28, 08:56:23, 23.58, 48.91
2020-10-28, 08:56:24, 23.59, 48.91
2020-10-28, 08:56:25, 23.58, 48.91
2020-10-28, 08:56:27, 23.57, 48.91
2020-10-28, 08:56:28, 23.58, 48.91
2020-10-28, 08:56:29, 23.59, 48.91
2020-10-28, 08:56:31, 23.59, 48.91
2020-10-28, 08:56:32, 23.6, 48.91
2020-10-28, 08:56:33, 23.59, 48.91
2020-10-28, 08:56:35, 23.6, 48.91
2020-10-28, 08:56:36, 23.6, 48.91
2020-10-28, 08:56:37, 23.58, 48.88
2020-10-28, 08:56:39, 23.58, 48.91
2020-10-28, 08:56:40, 23.58, 48.91
2020-10-28, 08:56:41, 23.59, 48.91
2020-10-28, 08:56:43, 23.59, 48.91
2020-10-28, 08:56:44, 23.59, 48.91
2020-10-28, 08:56:46, 23.59, 48.91
2020-10-28, 08:56:47, 23.57, 48.91
2020-10-28, 08:56:48, 23.58, 48.88
2020-10-28, 08:56:50, 23.57, 48.91
2020-10-28, 08:56:51, 23.58, 48.91
2020-10-28, 08:56:52, 23.59, 48.91
2020-10-28, 08:56:54, 23.6, 48.91
2020-10-28, 08:56:55, 23.59, 48.88
2020-10-28, 08:56:56, 23.6, 48.88
2020-10-28, 08:56:58, 23.59, 48.91
2020-10-28, 08:56:59, 23.59, 48.88
2020-10-28, 08:57:00, 23.59, 48.88
2020-10-28, 08:57:02, 23.6, 48.88
2020-10-28, 08:57:03, 23.6, 48.88
2020-10-28, 08:57:05, 23.6, 48.88
2020-10-28, 08:57:06, 23.59, 48.88
2020-10-28, 08:57:07, 23.59, 48.88
2020-10-28, 08:57:09, 23.59, 48.88
2020-10-28, 08:57:10, 23.59, 48.88
2020-10-28, 08:57:11, 23.6, 48.88
2020-10-28, 08:57:13, 23.6, 48.88
2020-10-28, 08:57:14, 23.6, 48.88
2020-10-28, 08:57:15, 23.6, 48.88
2020-10-28, 08:57:17, 23.61, 48.88
2020-10-28, 08:57:18, 23.59, 48.88
2020-10-28, 08:57:19, 23.59, 48.88
2020-10-28, 08:57:21, 23.6, 48.85
2020-10-28, 08:57:22, 23.6, 48.88
2020-10-28, 08:57:23, 23.59, 48.88
2020-10-28, 08:57:25, 23.58, 48.88
2020-10-28, 08:57:26, 23.6, 48.85
2020-10-28, 08:57:28, 23.58, 48.85
2020-10-28, 08:57:29, 23.59, 48.88
2020-10-28, 08:57:30, 23.56, 48.88
2020-10-28, 08:57:32, 23.58, 48.88
2020-10-28, 08:57:33, 23.58, 48.88
2020-10-28, 08:57:34, 23.59, 48.88
2020-10-28, 08:57:36, 23.59, 48.88
2020-10-28, 08:57:37, 23.59, 48.88
2020-10-28, 08:57:38, 23.58, 48.88
2020-10-28, 08:57:40, 23.59, 48.88
2020-10-28, 08:57:41, 23.59, 48.88
2020-10-28, 08:57:42, 23.58, 48.88
2020-10-28, 08:57:44, 23.59, 48.91
2020-10-28, 08:57:45, 23.59, 48.88
2020-10-28, 08:57:47, 23.59, 48.88
2020-10-28, 08:57:48, 23.58, 48.88
2020-10-28, 08:57:49, 23.58, 48.88
2020-10-28, 08:57:51, 23.59, 48.88
2020-10-28, 08:57:52, 23.59, 48.88
2020-10-28, 08:57:53, 23.58, 48.91
2020-10-28, 08:57:55, 23.57, 48.88
2020-10-28, 08:57:56, 23.59, 48.88
2020-10-28, 08:57:57, 23.58, 48.88
2020-10-28, 08:57:59, 23.58, 48.88
2020-10-28, 08:58:00, 23.58, 48.88
2020-10-28, 08:58:01, 23.59, 48.91
2020-10-28, 08:58:03, 23.58, 48.91
2020-10-28, 08:58:04, 23.57, 48.91
2020-10-28, 08:58:06, 23.56, 48.88
2020-10-28, 08:58:07, 23.59, 48.91
2020-10-28, 08:58:08, 23.57, 48.91
2020-10-28, 08:58:10, 23.58, 48.88
2020-10-28, 08:58:11, 23.58, 48.91
2020-10-28, 08:58:12, 23.59, 48.91
2020-10-28, 08:58:14, 23.58, 48.91
2020-10-28, 08:58:15, 23.57, 48.91
2020-10-28, 08:58:16, 23.58, 48.91
2020-10-28, 08:58:18, 23.58, 48.91
2020-10-28, 08:58:19, 23.58, 48.91
2020-10-28, 08:58:20, 23.58, 48.91
2020-10-28, 08:58:22, 23.57, 48.88
2020-10-28, 08:58:23, 23.58, 48.88
2020-10-28, 08:58:25, 23.57, 48.91
2020-10-28, 08:58:26, 23.58, 48.88
2020-10-28, 08:58:27, 23.57, 48.88
2020-10-28, 08:58:29, 23.59, 48.88
2020-10-28, 08:58:30, 23.59, 48.88
2020-10-28, 08:58:31, 23.58, 48.85
2020-10-28, 08:58:33, 23.58, 48.88
2020-10-28, 08:58:34, 23.58, 48.85
2020-10-28, 08:58:35, 23.58, 48.88
2020-10-28, 08:58:37, 23.58, 48.88
2020-10-28, 08:58:38, 23.57, 48.88
2020-10-28, 08:58:39, 23.58, 48.88
2020-10-28, 08:58:41, 23.58, 48.88
2020-10-28, 08:58:42, 23.57, 48.85
2020-10-28, 08:58:43, 23.57, 48.85
2020-10-28, 08:58:45, 23.57, 48.88
2020-10-28, 08:58:46, 23.57, 48.88
2020-10-28, 08:58:48, 23.58, 48.88
2020-10-28, 08:58:49, 23.58, 48.88
2020-10-28, 08:58:50, 23.59, 48.88
2020-10-28, 08:58:52, 23.58, 48.88
2020-10-28, 08:58:53, 23.58, 48.88
2020-10-28, 08:58:54, 23.58, 48.85
2020-10-28, 08:58:56, 23.57, 48.88
2020-10-28, 08:58:57, 23.58, 48.88
2020-10-28, 08:58:58, 23.58, 48.85
2020-10-28, 08:59:00, 23.57, 48.88
2020-10-28, 08:59:01, 23.58, 48.85
2020-10-28, 08:59:02, 23.59, 48.85
2020-10-28, 08:59:04, 23.57, 48.85
2020-10-28, 08:59:05, 23.58, 48.88
2020-10-28, 08:59:07, 23.58, 48.85
2020-10-28, 08:59:08, 23.57, 48.88
2020-10-28, 08:59:09, 23.59, 48.85
2020-10-28, 08:59:11, 23.59, 48.88
2020-10-28, 08:59:12, 23.58, 48.88
2020-10-28, 08:59:13, 23.57, 48.88
2020-10-28, 08:59:15, 23.58, 48.88
2020-10-28, 08:59:16, 23.57, 48.88
2020-10-28, 08:59:17, 23.58, 48.88
2020-10-28, 08:59:19, 23.58, 48.88
2020-10-28, 08:59:20, 23.58, 48.88
2020-10-28, 08:59:21, 23.59, 48.88
2020-10-28, 08:59:23, 23.57, 48.88
2020-10-28, 08:59:24, 23.58, 48.88
2020-10-28, 08:59:26, 23.57, 48.88
2020-10-28, 08:59:27, 23.56, 48.84
2020-10-28, 08:59:28, 23.58, 48.88
2020-10-28, 08:59:30, 23.58, 48.88
2020-10-28, 08:59:31, 23.58, 48.88
2020-10-28, 08:59:32, 23.56, 48.88
2020-10-28, 08:59:34, 23.57, 48.88
2020-10-28, 08:59:35, 23.57, 48.85
2020-10-28, 08:59:36, 23.57, 48.88
2020-10-28, 08:59:38, 23.57, 48.88
2020-10-28, 08:59:39, 23.57, 48.88
2020-10-28, 08:59:40, 23.56, 48.91
2020-10-28, 08:59:42, 23.56, 48.91
2020-10-28, 08:59:43, 23.57, 48.88
2020-10-28, 08:59:45, 23.56, 48.88
2020-10-28, 08:59:46, 23.57, 48.88
2020-10-28, 08:59:47, 23.58, 48.88
2020-10-28, 08:59:49, 23.56, 48.88
2020-10-28, 08:59:50, 23.57, 48.88
2020-10-28, 08:59:51, 23.58, 48.88
2020-10-28, 08:59:53, 23.56, 48.84
2020-10-28, 08:59:54, 23.56, 48.88
2020-10-28, 08:59:55, 23.58, 48.88
2020-10-28, 08:59:57, 23.58, 48.85
2020-10-28, 08:59:58, 23.56, 48.84
2020-10-28, 08:59:59, 23.57, 48.88
2020-10-28, 09:00:01, 23.57, 48.88
2020-10-28, 09:00:02, 23.56, 48.88
2020-10-28, 09:00:04, 23.56, 48.88
2020-10-28, 09:00:05, 23.56, 48.88
2020-10-28, 09:00:06, 23.54, 48.91
2020-10-28, 09:00:08, 23.55, 48.87
2020-10-28, 09:00:09, 23.55, 48.91
2020-10-28, 09:00:10, 23.56, 48.91
2020-10-28, 09:00:12, 23.55, 48.91
2020-10-28, 09:00:13, 23.55, 48.91
2020-10-28, 09:00:14, 23.57, 48.88
2020-10-28, 09:00:16, 23.55, 48.87
2020-10-28, 09:00:17, 23.54, 48.87
2020-10-28, 09:00:18, 23.55, 48.87
2020-10-28, 09:00:20, 23.56, 48.88
2020-10-28, 09:00:21, 23.56, 48.88
2020-10-28, 09:00:22, 23.57, 48.88
2020-10-28, 09:00:24, 23.58, 48.88
2020-10-28, 09:00:25, 23.58, 48.88
2020-10-28, 09:00:27, 23.56, 48.88
2020-10-28, 09:00:28, 23.58, 48.88
2020-10-28, 09:00:29, 23.56, 48.84
2020-10-28, 09:00:31, 23.57, 48.88
2020-10-28, 09:00:32, 23.57, 48.91
2020-10-28, 09:00:33, 23.56, 48.88
2020-10-28, 09:00:35, 23.57, 48.88
2020-10-28, 09:00:36, 23.56, 48.88
2020-10-28, 09:00:37, 23.56, 48.88
2020-10-28, 09:00:39, 23.56, 48.88
2020-10-28, 09:00:40, 23.55, 48.87
2020-10-28, 09:00:41, 23.56, 48.88
2020-10-28, 09:00:45, 23.45, 49.08
2020-10-28, 09:00:46, 23.49, 49.12
2020-10-28, 09:00:47, 23.51, 49.09
2020-10-28, 09:00:49, 23.51, 49.06
2020-10-28, 09:00:50, 23.52, 49.06
2020-10-28, 09:00:51, 23.52, 49.03
2020-10-28, 09:00:53, 23.53, 49.03
2020-10-28, 09:00:54, 23.53, 49.0
2020-10-28, 09:00:55, 23.54, 49.0
2020-10-28, 09:00:57, 23.54, 48.97
2020-10-28, 09:00:58, 23.55, 48.97
2020-10-28, 09:01:00, 23.54, 48.97
2020-10-28, 09:01:01, 23.53, 48.97
2020-10-28, 09:01:02, 23.53, 48.97
2020-10-28, 09:01:04, 23.54, 48.94
2020-10-28, 09:01:05, 23.54, 48.94
2020-10-28, 09:01:06, 23.54, 48.94
2020-10-28, 09:01:08, 23.54, 48.94
2020-10-28, 09:01:09, 23.54, 48.91
2020-10-28, 09:01:10, 23.54, 48.94
2020-10-28, 09:01:12, 23.55, 48.94
2020-10-28, 09:01:13, 23.54, 48.94
2020-10-28, 09:01:14, 23.55, 48.94
2020-10-28, 09:01:16, 23.56, 48.91
2020-10-28, 09:01:17, 23.54, 48.91
2020-10-28, 09:01:18, 23.54, 48.94
2020-10-28, 09:01:20, 23.54, 48.94
2020-10-28, 09:01:21, 23.54, 48.91
2020-10-28, 09:01:23, 23.54, 48.91
2020-10-28, 09:01:24, 23.54, 48.94
2020-10-28, 09:01:25, 23.54, 48.91
2020-10-28, 09:01:27, 23.54, 48.91
2020-10-28, 09:01:28, 23.54, 48.94
2020-10-28, 09:01:29, 23.55, 48.94
2020-10-28, 09:01:31, 23.54, 48.91
2020-10-28, 09:01:32, 23.55, 48.94
2020-10-28, 09:01:33, 23.55, 48.94
2020-10-28, 09:01:35, 23.54, 48.94
2020-10-28, 09:01:36, 23.54, 48.91
2020-10-28, 09:01:37, 23.53, 48.9
2020-10-28, 09:01:39, 23.54, 48.91
2020-10-28, 09:01:40, 23.56, 48.94
2020-10-28, 09:01:42, 23.54, 48.91
2020-10-28, 09:01:43, 23.53, 48.9
2020-10-28, 09:01:44, 23.52, 48.9
2020-10-28, 09:01:46, 23.55, 48.91
2020-10-28, 09:01:47, 23.54, 48.91
2020-10-28, 09:01:48, 23.54, 48.91
2020-10-28, 09:01:50, 23.53, 48.9
2020-10-28, 09:01:51, 23.54, 48.91
2020-10-28, 09:01:52, 23.53, 48.94
2020-10-28, 09:01:54, 23.54, 48.91
2020-10-28, 09:01:55, 23.53, 48.94
2020-10-28, 09:01:56, 23.53, 48.9
2020-10-28, 09:01:58, 23.53, 48.9
2020-10-28, 09:01:59, 23.53, 48.9
2020-10-28, 09:02:00, 23.54, 48.94
2020-10-28, 09:02:02, 23.52, 48.93
2020-10-28, 09:02:03, 23.53, 48.97
2020-10-28, 09:02:05, 23.52, 48.9
2020-10-28, 09:02:06, 23.54, 48.94
2020-10-28, 09:02:07, 23.53, 48.94
2020-10-28, 09:02:09, 23.53, 48.9
2020-10-28, 09:02:10, 23.53, 48.94
2020-10-28, 09:02:11, 23.52, 48.9
2020-10-28, 09:02:13, 23.53, 48.9
2020-10-28, 09:02:14, 23.52, 48.93
2020-10-28, 09:02:15, 23.52, 48.9
2020-10-28, 09:02:17, 23.52, 48.9
2020-10-28, 09:02:18, 23.52, 48.9
2020-10-28, 09:02:20, 23.52, 48.93
2020-10-28, 09:02:21, 23.52, 48.9
2020-10-28, 09:02:22, 23.53, 48.9
2020-10-28, 09:02:24, 23.52, 48.9
2020-10-28, 09:02:25, 23.52, 48.9
2020-10-28, 09:02:26, 23.51, 48.9
2020-10-28, 09:02:28, 23.51, 48.9
2020-10-28, 09:02:29, 23.52, 48.9
2020-10-28, 09:02:30, 23.52, 48.9
2020-10-28, 09:02:32, 23.53, 48.94
2020-10-28, 09:02:33, 23.53, 48.94
2020-10-28, 09:02:34, 23.51, 48.93
2020-10-28, 09:02:36, 23.54, 48.94
2020-10-28, 09:02:37, 23.52, 48.93
2020-10-28, 09:02:38, 23.52, 48.9
2020-10-28, 09:02:40, 23.53, 48.9
2020-10-28, 09:02:41, 23.53, 48.9
2020-10-28, 09:02:43, 23.52, 48.93
2020-10-28, 09:02:44, 23.53, 48.9
2020-10-28, 09:02:45, 23.53, 48.94
2020-10-28, 09:02:47, 23.53, 48.9
2020-10-28, 09:02:48, 23.51, 48.93
2020-10-28, 09:02:49, 23.53, 48.9
2020-10-28, 09:02:51, 23.52, 48.93
2020-10-28, 09:02:52, 23.53, 48.9
2020-10-28, 09:02:53, 23.53, 48.94
2020-10-28, 09:02:55, 23.52, 48.9
2020-10-28, 09:02:56, 23.52, 48.9
2020-10-28, 09:02:57, 23.52, 48.93
2020-10-28, 09:02:59, 23.54, 48.91
2020-10-28, 09:03:00, 23.53, 48.94
2020-10-28, 09:03:01, 23.51, 48.93
2020-10-28, 09:03:03, 23.51, 48.93
2020-10-28, 09:03:04, 23.52, 48.93
2020-10-28, 09:03:06, 23.53, 48.9
2020-10-28, 09:03:07, 23.53, 48.94
2020-10-28, 09:03:08, 23.52, 48.93
2020-10-28, 09:03:10, 23.52, 48.93
2020-10-28, 09:03:11, 23.52, 48.93
2020-10-28, 09:03:12, 23.51, 48.93
2020-10-28, 09:03:14, 23.51, 48.93
2020-10-28, 09:03:15, 23.51, 48.97
2020-10-28, 09:03:16, 23.51, 48.97
2020-10-28, 09:03:18, 23.5, 48.96
2020-10-28, 09:03:19, 23.51, 48.97
2020-10-28, 09:03:20, 23.51, 48.93
2020-10-28, 09:03:22, 23.5, 48.93
2020-10-28, 09:03:23, 23.49, 48.96
2020-10-28, 09:03:25, 23.49, 48.93
2020-10-28, 09:03:26, 23.49, 48.96
2020-10-28, 09:03:27, 23.5, 48.96
2020-10-28, 09:03:29, 23.5, 48.96
2020-10-28, 09:03:30, 23.5, 48.96
2020-10-28, 09:03:31, 23.51, 48.97
2020-10-28, 09:03:33, 23.48, 48.96
2020-10-28, 09:03:34, 23.5, 48.96
2020-10-28, 09:03:35, 23.48, 48.96
2020-10-28, 09:03:37, 23.49, 48.96
2020-10-28, 09:03:38, 23.48, 48.96
2020-10-28, 09:03:39, 23.49, 48.99
2020-10-28, 09:03:41, 23.5, 49.0
2020-10-28, 09:03:42, 23.5, 48.96
2020-10-28, 09:03:44, 23.49, 48.99
2020-10-28, 09:03:45, 23.49, 48.99
2020-10-28, 09:03:46, 23.51, 48.97
2020-10-28, 09:03:48, 23.5, 48.96
2020-10-28, 09:03:49, 23.5, 48.96
2020-10-28, 09:03:50, 23.49, 48.99
2020-10-28, 09:03:52, 23.49, 48.96
2020-10-28, 09:03:53, 23.5, 49.0
2020-10-28, 09:03:54, 23.48, 48.96
2020-10-28, 09:03:56, 23.48, 48.99
2020-10-28, 09:03:57, 23.48, 48.96
2020-10-28, 09:03:58, 23.48, 48.99
2020-10-28, 09:04:00, 23.5, 49.0
2020-10-28, 09:04:01, 23.49, 48.96
2020-10-28, 09:04:03, 23.48, 48.99
2020-10-28, 09:04:04, 23.49, 48.99
2020-10-28, 09:04:05, 23.48, 48.96
2020-10-28, 09:04:07, 23.48, 48.96
2020-10-28, 09:04:08, 23.48, 48.99
2020-10-28, 09:04:09, 23.49, 48.99
2020-10-28, 09:04:11, 23.5, 48.96
2020-10-28, 09:04:12, 23.49, 48.99
2020-10-28, 09:04:13, 23.49, 48.96
2020-10-28, 09:04:15, 23.48, 48.96
2020-10-28, 09:04:16, 23.49, 48.99
2020-10-28, 09:04:17, 23.47, 48.96
2020-10-28, 09:04:19, 23.48, 48.99
2020-10-28, 09:04:20, 23.49, 48.96
2020-10-28, 09:04:22, 23.48, 48.96
2020-10-28, 09:04:23, 23.47, 48.99
2020-10-28, 09:04:24, 23.48, 48.99
2020-10-28, 09:04:26, 23.47, 48.99
2020-10-28, 09:04:27, 23.48, 48.99
2020-10-28, 09:04:28, 23.48, 48.99
2020-10-28, 09:04:30, 23.48, 48.96
2020-10-28, 09:04:31, 23.5, 49.0
2020-10-28, 09:04:32, 23.48, 48.99
2020-10-28, 09:04:34, 23.48, 48.99
2020-10-28, 09:04:35, 23.48, 48.96
2020-10-28, 09:04:36, 23.48, 48.96
2020-10-28, 09:04:38, 23.48, 48.99
2020-10-28, 09:04:39, 23.48, 48.96
2020-10-28, 09:04:41, 23.48, 48.99
2020-10-28, 09:04:42, 23.48, 48.96
2020-10-28, 09:04:43, 23.49, 48.96
2020-10-28, 09:04:45, 23.47, 48.99
2020-10-28, 09:04:46, 23.47, 48.99
2020-10-28, 09:04:47, 23.48, 48.96
2020-10-28, 09:04:49, 23.48, 48.96
2020-10-28, 09:04:50, 23.46, 48.99
2020-10-28, 09:04:51, 23.46, 48.99
2020-10-28, 09:04:53, 23.46, 48.99
2020-10-28, 09:04:54, 23.48, 48.99
2020-10-28, 09:04:56, 23.47, 48.99
2020-10-28, 09:04:57, 23.47, 49.02
2020-10-28, 09:04:58, 23.47, 48.99
2020-10-28, 09:05:00, 23.46, 48.99
2020-10-28, 09:05:01, 23.45, 49.02
2020-10-28, 09:05:02, 23.45, 48.99
2020-10-28, 09:05:04, 23.47, 48.99
2020-10-28, 09:05:05, 23.46, 49.02
2020-10-28, 09:05:06, 23.46, 48.99
2020-10-28, 09:05:08, 23.45, 49.02
2020-10-28, 09:05:09, 23.46, 48.99
2020-10-28, 09:05:10, 23.45, 48.99
2020-10-28, 09:05:12, 23.44, 49.02
2020-10-28, 09:05:13, 23.46, 49.02
2020-10-28, 09:05:15, 23.46, 49.02
2020-10-28, 09:05:16, 23.46, 48.99
2020-10-28, 09:05:17, 23.45, 48.99
2020-10-28, 09:05:19, 23.46, 49.02
2020-10-28, 09:05:20, 23.45, 49.02
2020-10-28, 09:05:21, 23.46, 48.99
2020-10-28, 09:05:23, 23.46, 49.02
2020-10-28, 09:05:24, 23.39, 49.01
2020-10-28, 09:05:26, 23.44, 49.02
2020-10-28, 09:05:27, 23.45, 49.02
2020-10-28, 09:05:28, 23.45, 49.02
2020-10-28, 09:05:30, 23.45, 49.05
2020-10-28, 09:05:31, 23.46, 49.02
2020-10-28, 09:05:32, 23.46, 49.02
2020-10-28, 09:05:34, 23.46, 49.02
2020-10-28, 09:05:35, 23.45, 49.02
2020-10-28, 09:05:36, 23.45, 49.02
2020-10-28, 09:05:38, 23.45, 49.02
2020-10-28, 09:05:39, 23.46, 49.02
2020-10-28, 09:05:41, 23.46, 49.02
2020-10-28, 09:05:42, 23.47, 49.02
2020-10-28, 09:05:43, 23.45, 49.02
2020-10-28, 09:05:45, 23.46, 49.02
2020-10-28, 09:05:46, 23.45, 49.02
2020-10-28, 09:05:47, 23.46, 49.02
2020-10-28, 09:05:49, 23.45, 49.02
2020-10-28, 09:05:50, 23.44, 49.02
2020-10-28, 09:05:51, 23.45, 49.02
2020-10-28, 09:05:53, 23.44, 48.99
2020-10-28, 09:05:54, 23.44, 49.02
2020-10-28, 09:05:55, 23.44, 49.02
2020-10-28, 09:05:57, 23.43, 49.02
2020-10-28, 09:05:58, 23.44, 49.02
2020-10-28, 09:05:59, 23.43, 49.02
2020-10-28, 09:06:01, 23.4, 49.01
2020-10-28, 09:06:02, 23.43, 49.02
2020-10-28, 09:06:04, 23.42, 49.02
2020-10-28, 09:06:05, 23.43, 49.02
2020-10-28, 09:06:06, 23.43, 49.02
2020-10-28, 09:06:08, 23.43, 49.02
2020-10-28, 09:06:09, 23.43, 49.02
2020-10-28, 09:06:10, 23.43, 49.02
2020-10-28, 09:06:12, 23.43, 49.02
2020-10-28, 09:06:13, 23.42, 49.02
2020-10-28, 09:06:14, 23.43, 49.02
2020-10-28, 09:06:16, 23.42, 49.02
2020-10-28, 09:06:17, 23.42, 49.02
2020-10-28, 09:06:19, 23.42, 49.05
2020-10-28, 09:06:20, 23.42, 49.02
2020-10-28, 09:06:21, 23.42, 49.02
2020-10-28, 09:06:23, 23.41, 49.02
2020-10-28, 09:06:24, 23.42, 49.02
2020-10-28, 09:06:25, 23.42, 49.02
2020-10-28, 09:06:27, 23.41, 49.02
2020-10-28, 09:06:28, 23.4, 49.01
2020-10-28, 09:06:29, 23.4, 49.01
2020-10-28, 09:06:31, 23.4, 49.01
2020-10-28, 09:06:32, 23.41, 49.05
2020-10-28, 09:06:33, 23.41, 49.02
2020-10-28, 09:06:35, 23.4, 49.01
2020-10-28, 09:06:36, 23.41, 49.02
2020-10-28, 09:06:38, 23.4, 49.01
2020-10-28, 09:06:39, 23.4, 49.01
2020-10-28, 09:06:40, 23.41, 49.02
2020-10-28, 09:06:42, 23.42, 49.02
2020-10-28, 09:06:43, 23.42, 49.02
2020-10-28, 09:06:44, 23.41, 49.02
2020-10-28, 09:06:46, 23.4, 48.98
2020-10-28, 09:06:47, 23.41, 48.98
2020-10-28, 09:06:48, 23.4, 49.01
2020-10-28, 09:06:50, 23.4, 49.01
2020-10-28, 09:06:51, 23.41, 49.02
2020-10-28, 09:06:52, 23.4, 49.01
2020-10-28, 09:06:54, 23.39, 48.98
2020-10-28, 09:06:55, 23.41, 49.02
2020-10-28, 09:06:57, 23.4, 49.01
2020-10-28, 09:06:58, 23.42, 49.02
2020-10-28, 09:06:59, 23.4, 48.98
2020-10-28, 09:07:01, 23.42, 48.99
2020-10-28, 09:07:02, 23.41, 49.02
2020-10-28, 09:07:03, 23.42, 49.02
2020-10-28, 09:07:05, 23.41, 48.98
2020-10-28, 09:07:06, 23.41, 48.98
2020-10-28, 09:07:07, 23.42, 48.99
2020-10-28, 09:07:09, 23.43, 48.99
2020-10-28, 09:07:10, 23.41, 48.98
2020-10-28, 09:07:11, 23.41, 48.98
2020-10-28, 09:07:13, 23.4, 48.98
2020-10-28, 09:07:14, 23.4, 48.98
2020-10-28, 09:07:16, 23.41, 48.98
2020-10-28, 09:07:17, 23.4, 49.01
2020-10-28, 09:07:18, 23.4, 48.98
2020-10-28, 09:07:20, 23.4, 48.98
2020-10-28, 09:07:21, 23.4, 48.98
2020-10-28, 09:07:22, 23.41, 48.98
2020-10-28, 09:07:24, 23.41, 48.98
2020-10-28, 09:07:25, 23.39, 49.01
2020-10-28, 09:07:26, 23.4, 49.01
2020-10-28, 09:07:28, 23.4, 49.01
2020-10-28, 09:07:29, 23.4, 49.01
2020-10-28, 09:07:31, 23.38, 49.01
2020-10-28, 09:07:32, 23.38, 49.01
2020-10-28, 09:07:33, 23.4, 49.01
2020-10-28, 09:07:35, 23.38, 49.01
2020-10-28, 09:07:36, 23.38, 49.01
2020-10-28, 09:07:37, 23.38, 49.04
2020-10-28, 09:07:39, 23.38, 49.01
2020-10-28, 09:07:40, 23.38, 49.01
2020-10-28, 09:07:41, 23.38, 49.01
2020-10-28, 09:07:43, 23.39, 49.05
2020-10-28, 09:07:44, 23.39, 49.01
2020-10-28, 09:07:45, 23.39, 49.05
2020-10-28, 09:07:47, 23.39, 49.01
2020-10-28, 09:07:48, 23.38, 49.01
2020-10-28, 09:07:50, 23.4, 49.05
2020-10-28, 09:07:51, 23.4, 49.01
2020-10-28, 09:07:52, 23.39, 49.01
2020-10-28, 09:07:54, 23.38, 49.01
2020-10-28, 09:07:55, 23.4, 49.01
2020-10-28, 09:07:56, 23.39, 49.01
2020-10-28, 09:07:58, 23.38, 49.01
2020-10-28, 09:07:59, 23.38, 49.01
2020-10-28, 09:08:00, 23.4, 49.01
2020-10-28, 09:08:02, 23.4, 49.01
2020-10-28, 09:08:03, 23.4, 49.05
2020-10-28, 09:08:04, 23.4, 49.01
2020-10-28, 09:08:06, 23.4, 49.01
2020-10-28, 09:08:07, 23.39, 49.01
2020-10-28, 09:08:09, 23.39, 49.01
2020-10-28, 09:08:10, 23.4, 49.01
2020-10-28, 09:08:11, 23.4, 49.01
2020-10-28, 09:08:13, 23.4, 49.01
2020-10-28, 09:08:14, 23.4, 49.01
2020-10-28, 09:08:15, 23.38, 49.01
2020-10-28, 09:08:17, 23.4, 49.01
2020-10-28, 09:08:18, 23.4, 49.01
2020-10-28, 09:08:19, 23.4, 49.01
2020-10-28, 09:08:21, 23.38, 48.98
2020-10-28, 09:08:22, 23.4, 49.01
2020-10-28, 09:08:23, 23.4, 49.01
2020-10-28, 09:08:25, 23.4, 48.98
2020-10-28, 09:08:26, 23.4, 49.01
2020-10-28, 09:08:28, 23.4, 48.98
2020-10-28, 09:08:29, 23.41, 48.98
2020-10-28, 09:08:30, 23.41, 49.02
2020-10-28, 09:08:32, 23.4, 49.01
2020-10-28, 09:08:33, 23.41, 49.02
2020-10-28, 09:08:34, 23.4, 48.98
2020-10-28, 09:08:36, 23.4, 49.01
2020-10-28, 09:08:37, 23.4, 48.98
2020-10-28, 09:08:38, 23.38, 49.01
2020-10-28, 09:08:40, 23.39, 48.98
2020-10-28, 09:08:41, 23.4, 49.01
2020-10-28, 09:08:42, 23.4, 49.01
2020-10-28, 09:08:44, 23.4, 48.98
2020-10-28, 09:08:45, 23.41, 48.98
2020-10-28, 09:08:47, 23.4, 48.98
2020-10-28, 09:08:48, 23.4, 48.95
2020-10-28, 09:08:49, 23.4, 48.98
2020-10-28, 09:08:51, 23.39, 48.98
2020-10-28, 09:08:52, 23.39, 48.98
2020-10-28, 09:08:53, 23.38, 48.98
2020-10-28, 09:08:55, 23.39, 48.98
2020-10-28, 09:08:56, 23.39, 48.98
2020-10-28, 09:08:57, 23.39, 48.98
2020-10-28, 09:08:59, 23.4, 48.98
2020-10-28, 09:09:00, 23.39, 48.98
2020-10-28, 09:09:01, 23.39, 48.98
2020-10-28, 09:09:03, 23.4, 48.98
2020-10-28, 09:09:04, 23.4, 48.98
2020-10-28, 09:09:06, 23.39, 48.98
2020-10-28, 09:09:07, 23.39, 48.95
2020-10-28, 09:09:08, 23.38, 48.98
2020-10-28, 09:09:10, 23.38, 48.95
2020-10-28, 09:09:11, 23.38, 48.95
2020-10-28, 09:09:12, 23.38, 48.95
2020-10-28, 09:09:14, 23.38, 48.95
2020-10-28, 09:09:15, 23.37, 48.98
2020-10-28, 09:09:16, 23.38, 48.95
2020-10-28, 09:09:18, 23.38, 48.95
2020-10-28, 09:09:19, 23.38, 48.95
2020-10-28, 09:09:20, 23.38, 48.95
2020-10-28, 09:09:22, 23.38, 48.95
2020-10-28, 09:09:23, 23.4, 48.95
2020-10-28, 09:09:24, 23.39, 48.95
2020-10-28, 09:09:26, 23.39, 48.95
2020-10-28, 09:09:27, 23.37, 48.95
2020-10-28, 09:09:29, 23.38, 48.98
2020-10-28, 09:09:30, 23.38, 48.95
2020-10-28, 09:09:31, 23.38, 48.95
2020-10-28, 09:09:33, 23.39, 48.95
2020-10-28, 09:09:34, 23.39, 48.98
2020-10-28, 09:09:35, 23.38, 48.95
2020-10-28, 09:09:37, 23.38, 48.95
2020-10-28, 09:09:38, 23.38, 48.95
2020-10-28, 09:09:39, 23.38, 48.95
2020-10-28, 09:09:41, 23.39, 48.95
2020-10-28, 09:09:42, 23.39, 48.95
2020-10-28, 09:09:44, 23.38, 48.95
2020-10-28, 09:09:45, 23.39, 48.95
2020-10-28, 09:09:46, 23.38, 48.95
2020-10-28, 09:09:48, 23.38, 48.95
2020-10-28, 09:09:49, 23.38, 48.95
2020-10-28, 09:09:50, 23.38, 48.95
2020-10-28, 09:09:52, 23.37, 48.95
2020-10-28, 09:09:53, 23.38, 48.95
2020-10-28, 09:09:54, 23.38, 48.98
2020-10-28, 09:09:56, 23.38, 48.95
2020-10-28, 09:09:57, 23.38, 48.95
2020-10-28, 09:09:58, 23.37, 48.95
2020-10-28, 09:10:00, 23.37, 48.95
2020-10-28, 09:10:01, 23.37, 48.95
2020-10-28, 09:10:02, 23.36, 48.95
2020-10-28, 09:10:04, 23.36, 48.95
2020-10-28, 09:10:05, 23.38, 48.98
2020-10-28, 09:10:07, 23.37, 48.95
2020-10-28, 09:10:08, 23.38, 48.98
2020-10-28, 09:10:09, 23.38, 48.95
2020-10-28, 09:10:11, 23.38, 48.98
2020-10-28, 09:10:12, 23.38, 48.95
2020-10-28, 09:10:13, 23.38, 48.95
2020-10-28, 09:10:15, 23.38, 48.95
2020-10-28, 09:10:16, 23.38, 48.98
2020-10-28, 09:10:17, 23.37, 48.95
2020-10-28, 09:10:19, 23.38, 48.95
2020-10-28, 09:10:20, 23.38, 48.95
2020-10-28, 09:10:21, 23.37, 48.95
2020-10-28, 09:10:23, 23.36, 48.95
2020-10-28, 09:10:24, 23.36, 48.95
2020-10-28, 09:10:26, 23.36, 48.95
2020-10-28, 09:10:27, 23.37, 48.95
2020-10-28, 09:10:28, 23.36, 48.98
2020-10-28, 09:10:30, 23.37, 48.98
2020-10-28, 09:10:31, 23.37, 48.95
2020-10-28, 09:10:32, 23.37, 48.95
2020-10-28, 09:10:34, 23.36, 49.01
2020-10-28, 09:10:35, 23.36, 49.07
2020-10-28, 09:10:36, 23.36, 49.07
2020-10-28, 09:10:38, 23.36, 49.1
2020-10-28, 09:10:39, 23.36, 49.1
2020-10-28, 09:10:40, 23.35, 49.1
2020-10-28, 09:10:42, 23.34, 49.1
2020-10-28, 09:10:43, 23.34, 49.1
2020-10-28, 09:10:44, 23.34, 49.1
2020-10-28, 09:10:46, 23.34, 49.1
2020-10-28, 09:10:47, 23.35, 49.1
2020-10-28, 09:10:49, 23.34, 49.13
2020-10-28, 09:10:50, 23.35, 49.14
2020-10-28, 09:10:51, 23.36, 49.17
2020-10-28, 09:10:53, 23.36, 49.14
2020-10-28, 09:10:54, 23.36, 49.14
2020-10-28, 09:10:55, 23.35, 49.17
2020-10-28, 09:10:57, 23.36, 49.14
2020-10-28, 09:10:58, 23.36, 49.14
2020-10-28, 09:10:59, 23.36, 49.14
2020-10-28, 09:11:01, 23.36, 49.17
2020-10-28, 09:11:02, 23.36, 49.2
2020-10-28, 09:11:03, 23.36, 49.2
2020-10-28, 09:11:05, 23.36, 49.23
2020-10-28, 09:11:06, 23.36, 49.23
2020-10-28, 09:11:08, 23.36, 49.23
2020-10-28, 09:11:09, 23.35, 49.23
2020-10-28, 09:11:10, 23.37, 49.2
2020-10-28, 09:11:12, 23.37, 49.2
2020-10-28, 09:11:13, 23.36, 49.2
2020-10-28, 09:11:14, 23.36, 49.2
2020-10-28, 09:11:16, 23.36, 49.23
2020-10-28, 09:11:17, 23.36, 49.23
2020-10-28, 09:11:18, 23.38, 49.27
2020-10-28, 09:11:20, 23.36, 49.26
2020-10-28, 09:11:21, 23.38, 49.27
2020-10-28, 09:11:22, 23.37, 49.26
2020-10-28, 09:11:24, 23.38, 49.27
2020-10-28, 09:11:25, 23.39, 49.24
2020-10-28, 09:11:27, 23.39, 49.24
2020-10-28, 09:11:28, 23.38, 49.2
2020-10-28, 09:11:29, 23.38, 49.17
2020-10-28, 09:11:31, 23.38, 49.14
2020-10-28, 09:11:32, 23.37, 49.14
2020-10-28, 09:11:33, 23.39, 49.14
2020-10-28, 09:11:35, 23.38, 49.11
2020-10-28, 09:11:36, 23.4, 49.11
2020-10-28, 09:11:37, 23.38, 49.08
2020-10-28, 09:11:39, 23.39, 49.08
2020-10-28, 09:11:40, 23.4, 49.05
2020-10-28, 09:11:41, 23.39, 49.05
2020-10-28, 09:11:43, 23.4, 49.01
2020-10-28, 09:11:44, 23.4, 49.01
2020-10-28, 09:11:45, 23.4, 49.01
2020-10-28, 09:11:47, 23.4, 49.05
2020-10-28, 09:11:48, 23.39, 49.01
2020-10-28, 09:11:50, 23.4, 48.98
2020-10-28, 09:11:51, 23.41, 49.02
2020-10-28, 09:11:52, 23.41, 49.02
2020-10-28, 09:11:54, 23.42, 49.02
2020-10-28, 09:11:55, 23.41, 48.98
2020-10-28, 09:11:56, 23.4, 49.01
2020-10-28, 09:11:58, 23.4, 49.01
2020-10-28, 09:11:59, 23.41, 49.05
2020-10-28, 09:12:00, 23.41, 49.05
2020-10-28, 09:12:02, 23.41, 49.02
2020-10-28, 09:12:03, 23.42, 49.02
2020-10-28, 09:12:05, 23.4, 49.01
2020-10-28, 09:12:06, 23.42, 49.05
2020-10-28, 09:12:07, 23.41, 49.08
2020-10-28, 09:12:09, 23.4, 49.11
2020-10-28, 09:12:10, 23.41, 49.08
2020-10-28, 09:12:11, 23.42, 49.08
2020-10-28, 09:12:13, 23.44, 49.08
2020-10-28, 09:12:14, 23.42, 49.08
2020-10-28, 09:12:15, 23.42, 49.08
2020-10-28, 09:12:17, 23.42, 49.08
2020-10-28, 09:12:18, 23.42, 49.08
2020-10-28, 09:12:19, 23.42, 49.08
2020-10-28, 09:12:21, 23.41, 49.08
2020-10-28, 09:12:22, 23.42, 49.08
2020-10-28, 09:12:24, 23.42, 49.08
2020-10-28, 09:12:25, 23.42, 49.08
2020-10-28, 09:12:26, 23.44, 49.08
2020-10-28, 09:12:28, 23.42, 49.08
2020-10-28, 09:12:29, 23.42, 49.08
2020-10-28, 09:12:30, 23.44, 49.02
2020-10-28, 09:12:32, 23.43, 49.05
2020-10-28, 09:12:33, 23.42, 49.08
2020-10-28, 09:12:34, 23.44, 49.05
2020-10-28, 09:12:36, 23.41, 49.08
2020-10-28, 09:12:37, 23.43, 49.08
2020-10-28, 09:12:38, 23.43, 49.08
2020-10-28, 09:12:40, 23.43, 49.08
2020-10-28, 09:12:41, 23.44, 49.05
2020-10-28, 09:12:43, 23.44, 49.05
2020-10-28, 09:12:44, 23.42, 49.05
2020-10-28, 09:12:45, 23.44, 49.05
2020-10-28, 09:12:47, 23.43, 49.05
2020-10-28, 09:12:48, 23.43, 49.05
2020-10-28, 09:12:49, 23.43, 49.05
2020-10-28, 09:12:51, 23.43, 49.05
2020-10-28, 09:12:52, 23.44, 49.02
2020-10-28, 09:12:53, 23.44, 49.02
2020-10-28, 09:12:55, 23.44, 49.05
2020-10-28, 09:12:56, 23.45, 49.02
2020-10-28, 09:12:57, 23.45, 49.02
2020-10-28, 09:12:59, 23.46, 49.02
2020-10-28, 09:13:00, 23.45, 49.02
2020-10-28, 09:13:02, 23.46, 49.02
2020-10-28, 09:13:03, 23.44, 49.02
2020-10-28, 09:13:04, 23.44, 49.02
2020-10-28, 09:13:06, 23.44, 49.02
2020-10-28, 09:13:07, 23.46, 48.99
2020-10-28, 09:13:08, 23.46, 48.99
2020-10-28, 09:13:10, 23.46, 48.99
2020-10-28, 09:13:11, 23.46, 48.99
2020-10-28, 09:13:12, 23.46, 48.96
2020-10-28, 09:13:14, 23.48, 48.99
2020-10-28, 09:13:15, 23.47, 48.96
2020-10-28, 09:13:17, 23.48, 48.96
2020-10-28, 09:13:18, 23.48, 48.96
2020-10-28, 09:13:19, 23.46, 48.96
2020-10-28, 09:13:21, 23.47, 48.96
2020-10-28, 09:13:22, 23.47, 48.96
2020-10-28, 09:13:23, 23.48, 48.93
2020-10-28, 09:13:25, 23.47, 48.93
2020-10-28, 09:13:26, 23.47, 48.93
2020-10-28, 09:13:27, 23.45, 48.93
2020-10-28, 09:13:29, 23.48, 48.93
2020-10-28, 09:13:30, 23.48, 48.93
2020-10-28, 09:13:31, 23.48, 48.9
2020-10-28, 09:13:33, 23.47, 48.93
2020-10-28, 09:13:34, 23.47, 48.93
2020-10-28, 09:13:36, 23.47, 48.93
2020-10-28, 09:13:37, 23.47, 48.9
2020-10-28, 09:13:38, 23.47, 48.9
2020-10-28, 09:13:40, 23.48, 48.9
2020-10-28, 09:13:41, 23.5, 48.9
2020-10-28, 09:13:42, 23.5, 48.9
2020-10-28, 09:13:44, 23.49, 48.9
2020-10-28, 09:13:45, 23.48, 48.9
2020-10-28, 09:13:46, 23.48, 48.9
2020-10-28, 09:13:48, 23.49, 48.87
2020-10-28, 09:13:49, 23.49, 48.87
2020-10-28, 09:13:50, 23.49, 48.87
2020-10-28, 09:13:52, 23.5, 48.84
2020-10-28, 09:13:53, 23.49, 48.87
2020-10-28, 09:13:54, 23.49, 48.84
2020-10-28, 09:13:56, 23.5, 48.87
2020-10-28, 09:13:57, 23.52, 48.9
2020-10-28, 09:13:59, 23.5, 48.87
2020-10-28, 09:14:00, 23.5, 48.87
2020-10-28, 09:14:01, 23.5, 48.84
2020-10-28, 09:14:03, 23.51, 48.84
2020-10-28, 09:14:04, 23.5, 48.84
2020-10-28, 09:14:05, 23.51, 48.81
2020-10-28, 09:14:07, 23.52, 48.84
2020-10-28, 09:14:08, 23.52, 48.84
2020-10-28, 09:14:09, 23.52, 48.81
2020-10-28, 09:14:11, 23.52, 48.81
2020-10-28, 09:14:12, 23.51, 48.81
2020-10-28, 09:14:13, 23.5, 48.8
2020-10-28, 09:14:15, 23.5, 48.8
2020-10-28, 09:14:16, 23.5, 48.84
2020-10-28, 09:14:18, 23.5, 48.8
2020-10-28, 09:14:19, 23.5, 48.8
2020-10-28, 09:14:20, 23.5, 48.8
2020-10-28, 09:14:22, 23.52, 48.78
2020-10-28, 09:14:23, 23.52, 48.78
2020-10-28, 09:14:24, 23.51, 48.77
2020-10-28, 09:14:26, 23.53, 48.78
2020-10-28, 09:14:27, 23.52, 48.78
2020-10-28, 09:14:28, 23.51, 48.77
2020-10-28, 09:14:30, 23.52, 48.78
2020-10-28, 09:14:31, 23.53, 48.74
2020-10-28, 09:14:32, 23.53, 48.78
2020-10-28, 09:14:34, 23.53, 48.78
2020-10-28, 09:14:35, 23.53, 48.78
2020-10-28, 09:14:37, 23.53, 48.78
2020-10-28, 09:14:38, 23.52, 48.78
2020-10-28, 09:14:39, 23.52, 48.74
2020-10-28, 09:14:41, 23.52, 48.78
2020-10-28, 09:14:42, 23.52, 48.78
2020-10-28, 09:14:43, 23.53, 48.78
2020-10-28, 09:14:45, 23.53, 48.78
2020-10-28, 09:14:46, 23.54, 48.78
2020-10-28, 09:14:47, 23.53, 48.78
2020-10-28, 09:14:49, 23.53, 48.78
2020-10-28, 09:14:50, 23.52, 48.78
2020-10-28, 09:14:52, 23.52, 48.78
2020-10-28, 09:14:53, 23.52, 48.78
2020-10-28, 09:14:54, 23.54, 48.78
2020-10-28, 09:14:56, 23.53, 48.78
2020-10-28, 09:14:57, 23.54, 48.75
2020-10-28, 09:14:58, 23.54, 48.78
2020-10-28, 09:15:00, 23.53, 48.74
2020-10-28, 09:15:01, 23.54, 48.71
2020-10-28, 09:15:02, 23.53, 48.74
2020-10-28, 09:15:04, 23.53, 48.74
2020-10-28, 09:15:05, 23.53, 48.74
2020-10-28, 09:15:06, 23.55, 48.72
2020-10-28, 09:15:08, 23.55, 48.72
2020-10-28, 09:15:09, 23.53, 48.71
2020-10-28, 09:15:11, 23.53, 48.74
2020-10-28, 09:15:12, 23.53, 48.78
2020-10-28, 09:15:13, 23.54, 48.75
2020-10-28, 09:15:15, 23.54, 48.75
2020-10-28, 09:15:16, 23.54, 48.71
2020-10-28, 09:15:17, 23.55, 48.75
2020-10-28, 09:15:19, 23.53, 48.71
2020-10-28, 09:15:20, 23.56, 48.72
2020-10-28, 09:15:21, 23.54, 48.71
2020-10-28, 09:15:23, 23.54, 48.71
2020-10-28, 09:15:24, 23.54, 48.68
2020-10-28, 09:15:26, 23.55, 48.72
2020-10-28, 09:15:27, 23.54, 48.71
2020-10-28, 09:15:28, 23.54, 48.71
2020-10-28, 09:15:30, 23.55, 48.72
2020-10-28, 09:15:31, 23.56, 48.72
2020-10-28, 09:15:32, 23.56, 48.72
2020-10-28, 09:15:34, 23.57, 48.72
2020-10-28, 09:15:35, 23.56, 48.72
2020-10-28, 09:15:36, 23.56, 48.69
2020-10-28, 09:15:38, 23.56, 48.69
2020-10-28, 09:15:39, 23.56, 48.65
2020-10-28, 09:15:41, 23.56, 48.69
2020-10-28, 09:15:42, 23.56, 48.69
2020-10-28, 09:15:43, 23.57, 48.69
2020-10-28, 09:15:45, 23.56, 48.65
2020-10-28, 09:15:46, 23.56, 48.69
2020-10-28, 09:15:47, 23.58, 48.66
2020-10-28, 09:15:49, 23.58, 48.69
2020-10-28, 09:15:50, 23.58, 48.66
2020-10-28, 09:15:51, 23.58, 48.66
2020-10-28, 09:15:53, 23.58, 48.66
2020-10-28, 09:15:54, 23.58, 48.66
2020-10-28, 09:15:55, 23.58, 48.66
2020-10-28, 09:15:57, 23.6, 48.63
2020-10-28, 09:15:58, 23.6, 48.66
2020-10-28, 09:15:59, 23.59, 48.63
2020-10-28, 09:16:01, 23.6, 48.59
2020-10-28, 09:16:02, 23.6, 48.59
2020-10-28, 09:16:04, 23.6, 48.59
2020-10-28, 09:16:05, 23.61, 48.6
2020-10-28, 09:16:06, 23.62, 48.6
2020-10-28, 09:16:08, 23.61, 48.6
2020-10-28, 09:16:09, 23.61, 48.6
2020-10-28, 09:16:10, 23.61, 48.56
2020-10-28, 09:16:12, 23.62, 48.57
2020-10-28, 09:16:13, 23.61, 48.6
2020-10-28, 09:16:14, 23.62, 48.57
2020-10-28, 09:16:16, 23.62, 48.57
2020-10-28, 09:16:17, 23.62, 48.57
2020-10-28, 09:16:18, 23.62, 48.57
2020-10-28, 09:16:20, 23.62, 48.57
2020-10-28, 09:16:21, 23.63, 48.57
2020-10-28, 09:16:23, 23.63, 48.53
2020-10-28, 09:16:24, 23.62, 48.53
2020-10-28, 09:16:25, 23.62, 48.53
2020-10-28, 09:16:27, 23.62, 48.53
2020-10-28, 09:16:28, 23.62, 48.53
2020-10-28, 09:16:29, 23.64, 48.54
2020-10-28, 09:16:31, 23.64, 48.5
2020-10-28, 09:16:32, 23.64, 48.54
2020-10-28, 09:16:33, 23.64, 48.54
2020-10-28, 09:16:35, 23.63, 48.5
2020-10-28, 09:16:36, 23.63, 48.5
2020-10-28, 09:16:38, 23.64, 48.5
2020-10-28, 09:16:39, 23.64, 48.47
2020-10-28, 09:16:40, 23.62, 48.47
2020-10-28, 09:16:42, 23.64, 48.47
2020-10-28, 09:16:43, 23.63, 48.47
2020-10-28, 09:16:44, 23.64, 48.44
2020-10-28, 09:16:46, 23.64, 48.47
2020-10-28, 09:16:47, 23.62, 48.44
2020-10-28, 09:16:48, 23.64, 48.47
2020-10-28, 09:16:50, 23.64, 48.47
2020-10-28, 09:16:51, 23.66, 48.47
2020-10-28, 09:16:52, 23.64, 48.44
2020-10-28, 09:16:54, 23.65, 48.41
2020-10-28, 09:16:55, 23.64, 48.41
2020-10-28, 09:16:57, 23.64, 48.41
2020-10-28, 09:16:58, 23.64, 48.41
2020-10-28, 09:16:59, 23.65, 48.41
2020-10-28, 09:17:01, 23.65, 48.41
2020-10-28, 09:17:02, 23.65, 48.41
2020-10-28, 09:17:03, 23.65, 48.41
2020-10-28, 09:17:05, 23.66, 48.41
2020-10-28, 09:17:06, 23.65, 48.41
2020-10-28, 09:17:07, 23.67, 48.41
2020-10-28, 09:17:09, 23.68, 48.41
2020-10-28, 09:17:10, 23.66, 48.41
2020-10-28, 09:17:12, 23.68, 48.41
2020-10-28, 09:17:13, 23.68, 48.38
2020-10-28, 09:17:14, 23.68, 48.38
2020-10-28, 09:17:16, 23.68, 48.41
2020-10-28, 09:17:17, 23.69, 48.35
2020-10-28, 09:17:18, 23.7, 48.35
2020-10-28, 09:17:20, 23.69, 48.38
2020-10-28, 09:17:21, 23.69, 48.35
2020-10-28, 09:17:22, 23.69, 48.35
2020-10-28, 09:17:24, 23.68, 48.35
2020-10-28, 09:17:25, 23.69, 48.29
2020-10-28, 09:17:26, 23.69, 48.29
2020-10-28, 09:17:28, 23.7, 48.32
2020-10-28, 09:17:29, 23.68, 48.29
2020-10-28, 09:17:31, 23.67, 48.32
2020-10-28, 09:17:32, 23.68, 48.32
2020-10-28, 09:17:33, 23.68, 48.35
2020-10-28, 09:17:35, 23.67, 48.32
2020-10-28, 09:17:36, 23.7, 48.35
2020-10-28, 09:17:37, 23.7, 48.35
2020-10-28, 09:17:39, 23.69, 48.32
2020-10-28, 09:17:40, 23.7, 48.32
2020-10-28, 09:17:41, 23.7, 48.29
2020-10-28, 09:17:43, 23.71, 48.32
2020-10-28, 09:17:44, 23.7, 48.32
2020-10-28, 09:17:45, 23.71, 48.32
2020-10-28, 09:17:47, 23.7, 48.29
2020-10-28, 09:17:48, 23.7, 48.29
2020-10-28, 09:17:50, 23.72, 48.29
2020-10-28, 09:17:51, 23.72, 48.29
2020-10-28, 09:17:52, 23.71, 48.29
2020-10-28, 09:17:54, 23.7, 48.26
2020-10-28, 09:17:55, 23.72, 48.26
2020-10-28, 09:17:56, 23.72, 48.26
2020-10-28, 09:17:58, 23.72, 48.26
2020-10-28, 09:17:59, 23.74, 48.23
2020-10-28, 09:18:00, 23.74, 48.23
2020-10-28, 09:18:02, 23.73, 48.23
2020-10-28, 09:18:03, 23.74, 48.23
2020-10-28, 09:18:04, 23.72, 48.23
2020-10-28, 09:18:06, 23.73, 48.23
2020-10-28, 09:18:07, 23.73, 48.23
2020-10-28, 09:18:09, 23.74, 48.23
2020-10-28, 09:18:10, 23.74, 48.23
2020-10-28, 09:18:11, 23.74, 48.23
2020-10-28, 09:18:13, 23.74, 48.23
2020-10-28, 09:18:14, 23.75, 48.2
2020-10-28, 09:18:15, 23.74, 48.2
2020-10-28, 09:18:17, 23.75, 48.17
2020-10-28, 09:18:18, 23.74, 48.17
2020-10-28, 09:18:19, 23.75, 48.17
2020-10-28, 09:18:21, 23.74, 48.17
2020-10-28, 09:18:22, 23.76, 48.17
2020-10-28, 09:18:23, 23.75, 48.17
2020-10-28, 09:18:25, 23.75, 48.14
2020-10-28, 09:18:26, 23.75, 48.14
2020-10-28, 09:18:27, 23.75, 48.14
2020-10-28, 09:18:29, 23.76, 48.14
2020-10-28, 09:18:30, 23.76, 48.14
2020-10-28, 09:18:32, 23.76, 48.1
2020-10-28, 09:18:33, 23.76, 48.1
2020-10-28, 09:18:34, 23.74, 48.1
2020-10-28, 09:18:36, 23.76, 48.1
2020-10-28, 09:18:37, 23.76, 48.1
2020-10-28, 09:18:38, 23.75, 48.1
2020-10-28, 09:18:40, 23.76, 48.1
2020-10-28, 09:18:41, 23.76, 48.1
2020-10-28, 09:18:42, 23.75, 48.1
2020-10-28, 09:18:44, 23.76, 48.1
2020-10-28, 09:18:45, 23.77, 48.11
2020-10-28, 09:18:46, 23.76, 48.1
2020-10-28, 09:18:48, 23.76, 48.1
2020-10-28, 09:18:49, 23.76, 48.1
2020-10-28, 09:18:51, 23.77, 48.11
2020-10-28, 09:18:52, 23.76, 48.07
2020-10-28, 09:18:53, 23.78, 48.11
2020-10-28, 09:18:55, 23.78, 48.08
2020-10-28, 09:18:56, 23.76, 48.07
2020-10-28, 09:18:57, 23.78, 48.08
2020-10-28, 09:18:59, 23.78, 48.08
2020-10-28, 09:19:00, 23.77, 48.11
2020-10-28, 09:19:01, 23.78, 48.08
2020-10-28, 09:19:03, 23.78, 48.04
2020-10-28, 09:19:04, 23.78, 48.04
2020-10-28, 09:19:05, 23.76, 48.04
2020-10-28, 09:19:07, 23.79, 48.04
2020-10-28, 09:19:08, 23.79, 48.04
2020-10-28, 09:19:09, 23.78, 48.04
2020-10-28, 09:19:11, 23.78, 48.04
2020-10-28, 09:19:12, 23.76, 48.04
2020-10-28, 09:19:14, 23.79, 48.04
2020-10-28, 09:19:15, 23.79, 48.08
2020-10-28, 09:19:16, 23.78, 48.04
2020-10-28, 09:19:18, 23.78, 48.04
2020-10-28, 09:19:19, 23.79, 48.04
2020-10-28, 09:19:20, 23.79, 48.04
2020-10-28, 09:19:22, 23.79, 48.04
2020-10-28, 09:19:23, 23.78, 48.04
2020-10-28, 09:19:24, 23.78, 48.04
2020-10-28, 09:19:26, 23.78, 48.04
2020-10-28, 09:19:27, 23.78, 48.04
2020-10-28, 09:19:28, 23.78, 48.04
2020-10-28, 09:19:30, 23.78, 48.04
2020-10-28, 09:19:31, 23.78, 48.04
2020-10-28, 09:19:33, 23.79, 48.04
2020-10-28, 09:19:34, 23.79, 48.04
2020-10-28, 09:19:35, 23.79, 48.04
2020-10-28, 09:19:37, 23.8, 48.05
2020-10-28, 09:19:38, 23.8, 48.05
2020-10-28, 09:19:39, 23.79, 48.01
2020-10-28, 09:19:41, 23.79, 48.01
2020-10-28, 09:19:42, 23.8, 47.98
2020-10-28, 09:19:43, 23.8, 48.01
2020-10-28, 09:19:45, 23.8, 47.98
2020-10-28, 09:19:46, 23.8, 47.98
2020-10-28, 09:19:47, 23.8, 47.98
2020-10-28, 09:19:49, 23.8, 47.98
2020-10-28, 09:19:50, 23.8, 47.98
2020-10-28, 09:19:52, 23.78, 47.98
2020-10-28, 09:19:53, 23.79, 47.98
2020-10-28, 09:19:54, 23.81, 47.98
2020-10-28, 09:19:56, 23.8, 47.98
2020-10-28, 09:19:57, 23.8, 47.95
2020-10-28, 09:19:58, 23.8, 47.98
2020-10-28, 09:20:00, 23.79, 47.95
2020-10-28, 09:20:01, 23.8, 47.95
2020-10-28, 09:20:02, 23.8, 47.98
2020-10-28, 09:20:04, 23.78, 47.95
2020-10-28, 09:20:05, 23.8, 47.98
2020-10-28, 09:20:07, 23.79, 47.98
2020-10-28, 09:20:08, 23.81, 47.98
2020-10-28, 09:20:09, 23.8, 47.98
2020-10-28, 09:20:11, 23.81, 47.98
2020-10-28, 09:20:12, 23.8, 47.98
2020-10-28, 09:20:13, 23.81, 47.95
2020-10-28, 09:20:15, 23.8, 47.98
2020-10-28, 09:20:16, 23.8, 47.98
2020-10-28, 09:20:17, 23.82, 47.98
2020-10-28, 09:20:19, 23.8, 47.95
2020-10-28, 09:20:20, 23.82, 47.95
2020-10-28, 09:20:21, 23.81, 47.92
2020-10-28, 09:20:23, 23.81, 47.95
2020-10-28, 09:20:24, 23.81, 47.92
2020-10-28, 09:20:25, 23.8, 47.95
2020-10-28, 09:20:27, 23.81, 47.95
2020-10-28, 09:20:28, 23.79, 47.95
2020-10-28, 09:20:30, 23.81, 47.92
2020-10-28, 09:20:31, 23.8, 47.92
2020-10-28, 09:20:32, 23.82, 47.95
2020-10-28, 09:20:34, 23.81, 47.92
2020-10-28, 09:20:35, 23.82, 47.92
2020-10-28, 09:20:36, 23.81, 47.92
2020-10-28, 09:20:38, 23.8, 47.95
2020-10-28, 09:20:39, 23.81, 47.95
2020-10-28, 09:20:40, 23.81, 47.92
2020-10-28, 09:20:42, 23.82, 47.95
2020-10-28, 09:20:43, 23.82, 47.92
2020-10-28, 09:20:45, 23.82, 47.92
2020-10-28, 09:20:46, 23.81, 47.92
2020-10-28, 09:20:47, 23.82, 47.95
2020-10-28, 09:20:49, 23.81, 47.92
2020-10-28, 09:20:50, 23.82, 47.92
2020-10-28, 09:20:51, 23.82, 47.92
2020-10-28, 09:20:53, 23.81, 47.92
2020-10-28, 09:20:54, 23.82, 47.92
2020-10-28, 09:20:55, 23.82, 47.92
2020-10-28, 09:20:57, 23.82, 47.92
2020-10-28, 09:20:58, 23.82, 47.92
2020-10-28, 09:20:59, 23.8, 47.92
2020-10-28, 09:21:01, 23.82, 47.92
2020-10-28, 09:21:02, 23.82, 47.92
2020-10-28, 09:21:04, 23.83, 47.92
2020-10-28, 09:21:05, 23.82, 47.92
2020-10-28, 09:21:06, 23.83, 47.92
2020-10-28, 09:21:08, 23.83, 47.92
2020-10-28, 09:21:09, 23.82, 47.92
2020-10-28, 09:21:10, 23.83, 47.92
2020-10-28, 09:21:12, 23.82, 47.92
2020-10-28, 09:21:13, 23.82, 47.92
2020-10-28, 09:21:14, 23.82, 47.92
2020-10-28, 09:21:16, 23.82, 47.92
2020-10-28, 09:21:17, 23.84, 47.92
2020-10-28, 09:21:18, 23.82, 47.92
2020-10-28, 09:21:20, 23.83, 47.92
2020-10-28, 09:21:21, 23.83, 47.92
2020-10-28, 09:21:22, 23.81, 47.92
2020-10-28, 09:21:24, 23.83, 47.92
2020-10-28, 09:21:25, 23.83, 47.92
2020-10-28, 09:21:27, 23.83, 47.92
2020-10-28, 09:21:28, 23.84, 47.92
2020-10-28, 09:21:29, 23.82, 47.92
2020-10-28, 09:21:31, 23.84, 47.89
2020-10-28, 09:21:32, 23.82, 47.92
2020-10-28, 09:21:33, 23.84, 47.92
2020-10-28, 09:21:35, 23.83, 47.92
2020-10-28, 09:21:36, 23.83, 47.92
2020-10-28, 09:21:37, 23.85, 47.92
2020-10-28, 09:21:39, 23.83, 47.92
2020-10-28, 09:21:40, 23.83, 47.92
2020-10-28, 09:21:41, 23.84, 47.92
2020-10-28, 09:21:43, 23.83, 47.92
2020-10-28, 09:21:44, 23.84, 47.89
2020-10-28, 09:21:46, 23.84, 47.92
2020-10-28, 09:21:47, 23.84, 47.92
2020-10-28, 09:21:48, 23.83, 47.92
2020-10-28, 09:21:50, 23.84, 47.92
2020-10-28, 09:21:51, 23.84, 47.92
2020-10-28, 09:21:52, 23.84, 47.92
2020-10-28, 09:21:54, 23.84, 47.92
2020-10-28, 09:21:55, 23.85, 47.89
2020-10-28, 09:21:56, 23.84, 47.89
2020-10-28, 09:21:58, 23.85, 47.89
2020-10-28, 09:21:59, 23.86, 47.89
2020-10-28, 09:22:00, 23.85, 47.89
2020-10-28, 09:22:02, 23.84, 47.89
2020-10-28, 09:22:03, 23.86, 47.89
2020-10-28, 09:22:04, 23.84, 47.89
2020-10-28, 09:22:06, 23.85, 47.89
2020-10-28, 09:22:07, 23.85, 47.89
2020-10-28, 09:22:09, 23.86, 47.89
2020-10-28, 09:22:10, 23.86, 47.86
2020-10-28, 09:22:11, 23.87, 47.9
2020-10-28, 09:22:13, 23.86, 47.86
2020-10-28, 09:22:14, 23.86, 47.86
2020-10-28, 09:22:15, 23.85, 47.92
2020-10-28, 09:22:17, 23.86, 47.86
2020-10-28, 09:22:18, 23.84, 47.86
2020-10-28, 09:22:19, 23.84, 47.89
2020-10-28, 09:22:21, 23.84, 47.89
2020-10-28, 09:22:22, 23.86, 47.86
2020-10-28, 09:22:23, 23.86, 47.89
2020-10-28, 09:22:25, 23.86, 47.89
2020-10-28, 09:22:26, 23.86, 47.89
2020-10-28, 09:22:28, 23.86, 47.89
2020-10-28, 09:22:29, 23.86, 47.89
2020-10-28, 09:22:30, 23.86, 47.89
2020-10-28, 09:22:32, 23.87, 47.93
2020-10-28, 09:22:33, 23.86, 47.89
2020-10-28, 09:22:34, 23.86, 47.89
2020-10-28, 09:22:36, 23.87, 47.86
2020-10-28, 09:22:37, 23.86, 47.86
2020-10-28, 09:22:38, 23.87, 47.9
2020-10-28, 09:22:40, 23.87, 47.9
2020-10-28, 09:22:41, 23.88, 47.86
2020-10-28, 09:22:42, 23.87, 47.9
2020-10-28, 09:22:44, 23.86, 47.89
2020-10-28, 09:22:45, 23.88, 47.9
2020-10-28, 09:22:46, 23.87, 47.9
2020-10-28, 09:22:48, 23.87, 47.9
2020-10-28, 09:22:49, 23.88, 47.9
2020-10-28, 09:22:51, 23.88, 47.9
2020-10-28, 09:22:52, 23.86, 47.89
2020-10-28, 09:22:53, 23.86, 47.86
2020-10-28, 09:22:55, 23.87, 47.86
2020-10-28, 09:22:56, 23.86, 47.86
2020-10-28, 09:22:57, 23.86, 47.89
2020-10-28, 09:22:59, 23.87, 47.9
2020-10-28, 09:23:00, 23.88, 47.9
2020-10-28, 09:23:01, 23.88, 47.9
2020-10-28, 09:23:03, 23.87, 47.9
2020-10-28, 09:23:04, 23.88, 47.9
2020-10-28, 09:23:05, 23.88, 47.9
2020-10-28, 09:23:07, 23.88, 47.9
2020-10-28, 09:23:08, 23.88, 47.86
2020-10-28, 09:23:10, 23.86, 47.89
2020-10-28, 09:23:11, 23.88, 47.9
2020-10-28, 09:23:12, 23.88, 47.9
2020-10-28, 09:23:14, 23.88, 47.93
2020-10-28, 09:23:15, 23.86, 47.93
2020-10-28, 09:23:16, 23.87, 47.93
2020-10-28, 09:23:18, 23.87, 47.93
2020-10-28, 09:23:19, 23.87, 47.93
2020-10-28, 09:23:20, 23.88, 47.93
2020-10-28, 09:23:22, 23.89, 47.93
2020-10-28, 09:23:23, 23.88, 47.9
2020-10-28, 09:23:24, 23.88, 47.93
2020-10-28, 09:23:26, 23.87, 47.93
2020-10-28, 09:23:27, 23.88, 47.9
2020-10-28, 09:23:29, 23.87, 47.9
2020-10-28, 09:23:30, 23.88, 47.93
2020-10-28, 09:23:31, 23.88, 47.93
2020-10-28, 09:23:33, 23.87, 47.93
2020-10-28, 09:23:34, 23.86, 47.93
2020-10-28, 09:23:35, 23.88, 47.93
2020-10-28, 09:23:37, 23.88, 47.93
2020-10-28, 09:23:38, 23.88, 47.93
2020-10-28, 09:23:39, 23.89, 47.93
2020-10-28, 09:23:41, 23.88, 47.93
2020-10-28, 09:23:42, 23.87, 47.93
2020-10-28, 09:23:43, 23.88, 47.93
2020-10-28, 09:23:45, 23.89, 47.93
2020-10-28, 09:23:46, 23.89, 47.93
2020-10-28, 09:23:47, 23.9, 47.9
2020-10-28, 09:23:49, 23.88, 47.9
2020-10-28, 09:23:50, 23.88, 47.9
2020-10-28, 09:23:52, 23.88, 47.9
2020-10-28, 09:23:53, 23.88, 47.9
2020-10-28, 09:23:54, 23.88, 47.9
2020-10-28, 09:23:56, 23.87, 47.86
2020-10-28, 09:23:57, 23.87, 47.93
2020-10-28, 09:23:58, 23.88, 47.9
2020-10-28, 09:24:00, 23.9, 47.87
2020-10-28, 09:24:01, 23.88, 47.9
2020-10-28, 09:24:02, 23.89, 47.87
2020-10-28, 09:24:04, 23.88, 47.9
2020-10-28, 09:24:05, 23.9, 47.9
2020-10-28, 09:24:06, 23.88, 47.9
2020-10-28, 09:24:08, 23.89, 47.9
2020-10-28, 09:24:09, 23.87, 47.9
2020-10-28, 09:24:11, 23.87, 47.9
2020-10-28, 09:24:12, 23.87, 47.86
2020-10-28, 09:24:13, 23.87, 47.9
2020-10-28, 09:24:15, 23.87, 47.9
2020-10-28, 09:24:16, 23.86, 47.93
2020-10-28, 09:24:17, 23.88, 47.93
2020-10-28, 09:24:19, 23.88, 47.9
2020-10-28, 09:24:20, 23.86, 47.89
2020-10-28, 09:24:21, 23.87, 47.93
2020-10-28, 09:24:23, 23.88, 47.93
2020-10-28, 09:24:24, 23.88, 47.93
2020-10-28, 09:24:25, 23.89, 47.9
2020-10-28, 09:24:27, 23.88, 47.93
2020-10-28, 09:24:28, 23.88, 47.93
2020-10-28, 09:24:30, 23.88, 47.93
2020-10-28, 09:24:31, 23.88, 47.93
2020-10-28, 09:24:32, 23.88, 47.93
2020-10-28, 09:24:34, 23.88, 47.93
2020-10-28, 09:24:35, 23.89, 47.93
2020-10-28, 09:24:36, 23.89, 47.93
2020-10-28, 09:24:38, 23.89, 47.93
2020-10-28, 09:24:39, 23.89, 47.93
2020-10-28, 09:24:40, 23.9, 47.93
2020-10-28, 09:24:42, 23.88, 47.93
2020-10-28, 09:24:43, 23.9, 47.93
2020-10-28, 09:24:44, 23.9, 47.93
2020-10-28, 09:24:46, 23.9, 47.93
2020-10-28, 09:24:47, 23.9, 47.93
2020-10-28, 09:24:48, 23.9, 47.93
2020-10-28, 09:24:50, 23.9, 47.96
2020-10-28, 09:24:51, 23.9, 47.96
2020-10-28, 09:24:53, 23.89, 47.93
2020-10-28, 09:24:54, 23.89, 47.96
2020-10-28, 09:24:55, 23.89, 47.96
2020-10-28, 09:24:57, 23.89, 47.96
2020-10-28, 09:24:58, 23.88, 47.93
2020-10-28, 09:24:59, 23.88, 47.96
2020-10-28, 09:25:01, 23.9, 47.93
2020-10-28, 09:25:02, 23.9, 47.96
2020-10-28, 09:25:03, 23.9, 47.96
2020-10-28, 09:25:05, 23.9, 47.93
2020-10-28, 09:25:06, 23.89, 47.93
2020-10-28, 09:25:07, 23.9, 47.93
2020-10-28, 09:25:09, 23.89, 47.93
2020-10-28, 09:25:10, 23.9, 47.93
2020-10-28, 09:25:12, 23.9, 47.93
2020-10-28, 09:25:13, 23.9, 47.93
2020-10-28, 09:25:14, 23.9, 47.93
2020-10-28, 09:25:16, 23.9, 47.9
2020-10-28, 09:25:17, 23.91, 47.93
2020-10-28, 09:25:18, 23.9, 47.9
2020-10-28, 09:25:20, 23.89, 47.9
2020-10-28, 09:25:21, 23.89, 47.9
2020-10-28, 09:25:22, 23.89, 47.9
2020-10-28, 09:25:24, 23.9, 47.93
2020-10-28, 09:25:25, 23.89, 47.93
2020-10-28, 09:25:26, 23.9, 47.93
2020-10-28, 09:25:28, 23.91, 47.93
2020-10-28, 09:25:29, 23.91, 47.93
2020-10-28, 09:25:31, 23.9, 47.93
2020-10-28, 09:25:32, 23.9, 47.93
2020-10-28, 09:25:33, 23.9, 47.93
2020-10-28, 09:25:35, 23.9, 47.93
2020-10-28, 09:25:36, 23.89, 47.93
2020-10-28, 09:25:37, 23.89, 47.93
2020-10-28, 09:25:39, 23.89, 47.93
2020-10-28, 09:25:40, 23.91, 47.96
2020-10-28, 09:25:41, 23.88, 47.96
2020-10-28, 09:25:43, 23.89, 47.96
2020-10-28, 09:25:44, 23.88, 47.99
2020-10-28, 09:25:45, 23.9, 47.99
2020-10-28, 09:25:47, 23.91, 47.96
2020-10-28, 09:25:48, 23.89, 47.99
2020-10-28, 09:25:49, 23.9, 47.99
2020-10-28, 09:25:51, 23.89, 47.99
2020-10-28, 09:25:52, 23.89, 47.99
2020-10-28, 09:25:54, 23.88, 47.99
2020-10-28, 09:25:55, 23.9, 47.99
2020-10-28, 09:25:56, 23.89, 47.99
2020-10-28, 09:25:58, 23.89, 47.99
2020-10-28, 09:25:59, 23.88, 47.99
2020-10-28, 09:26:00, 23.9, 47.99
2020-10-28, 09:26:02, 23.9, 47.99
2020-10-28, 09:26:03, 23.89, 47.99
2020-10-28, 09:26:04, 23.9, 47.99
2020-10-28, 09:26:06, 23.9, 47.99
2020-10-28, 09:26:07, 23.91, 48.0
2020-10-28, 09:26:08, 23.88, 47.99
2020-10-28, 09:26:10, 23.89, 47.99
2020-10-28, 09:26:11, 23.89, 47.99
2020-10-28, 09:26:13, 23.89, 48.03
2020-10-28, 09:26:14, 23.89, 47.99
2020-10-28, 09:26:15, 23.89, 47.99
2020-10-28, 09:26:17, 23.89, 47.99
2020-10-28, 09:26:18, 23.89, 47.99
2020-10-28, 09:26:19, 23.88, 47.99
2020-10-28, 09:26:21, 23.89, 47.99
2020-10-28, 09:26:22, 23.89, 47.99
2020-10-28, 09:26:23, 23.88, 47.99
2020-10-28, 09:26:25, 23.89, 47.99
2020-10-28, 09:26:26, 23.89, 47.99
2020-10-28, 09:26:27, 23.88, 47.99
2020-10-28, 09:26:29, 23.89, 47.99
2020-10-28, 09:26:30, 23.89, 47.99
2020-10-28, 09:26:32, 23.88, 47.99
2020-10-28, 09:26:33, 23.88, 47.99
2020-10-28, 09:26:34, 23.88, 47.99
2020-10-28, 09:26:36, 23.89, 47.99
2020-10-28, 09:26:37, 23.88, 47.99
2020-10-28, 09:26:38, 23.89, 47.99
2020-10-28, 09:26:40, 23.89, 48.03
2020-10-28, 09:26:41, 23.89, 48.03
2020-10-28, 09:26:42, 23.88, 48.02
2020-10-28, 09:26:44, 23.88, 48.02
2020-10-28, 09:26:45, 23.89, 48.03
2020-10-28, 09:26:46, 23.87, 47.99
2020-10-28, 09:26:48, 23.88, 48.02
2020-10-28, 09:26:49, 23.87, 48.02
2020-10-28, 09:26:51, 23.88, 47.99
2020-10-28, 09:26:52, 23.88, 48.02
2020-10-28, 09:26:53, 23.88, 47.99
2020-10-28, 09:26:55, 23.88, 47.99
2020-10-28, 09:26:56, 23.88, 47.99
2020-10-28, 09:26:57, 23.87, 47.99
2020-10-28, 09:26:59, 23.88, 48.02
2020-10-28, 09:27:00, 23.89, 47.99
2020-10-28, 09:27:01, 23.89, 47.99
2020-10-28, 09:27:03, 23.87, 47.99
2020-10-28, 09:27:04, 23.88, 47.99
2020-10-28, 09:27:06, 23.89, 47.99
2020-10-28, 09:27:07, 23.87, 47.99
2020-10-28, 09:27:08, 23.88, 47.99
2020-10-28, 09:27:10, 23.88, 48.02
2020-10-28, 09:27:11, 23.88, 47.99
2020-10-28, 09:27:12, 23.88, 48.02
2020-10-28, 09:27:14, 23.87, 48.02
2020-10-28, 09:27:15, 23.88, 48.02
2020-10-28, 09:27:16, 23.88, 48.02
2020-10-28, 09:27:18, 23.87, 48.02
2020-10-28, 09:27:19, 23.86, 48.02
2020-10-28, 09:27:20, 23.86, 48.05
2020-10-28, 09:27:22, 23.87, 48.02
2020-10-28, 09:27:23, 23.86, 48.02
2020-10-28, 09:27:25, 23.85, 48.02
2020-10-28, 09:27:26, 23.86, 47.99
2020-10-28, 09:27:27, 23.88, 48.02
2020-10-28, 09:27:29, 23.86, 48.02
2020-10-28, 09:27:30, 23.86, 48.02
2020-10-28, 09:27:31, 23.86, 47.99
2020-10-28, 09:27:33, 23.85, 47.99
2020-10-28, 09:27:34, 23.86, 48.02
2020-10-28, 09:27:35, 23.85, 48.02
2020-10-28, 09:27:37, 23.86, 47.99
2020-10-28, 09:27:38, 23.86, 48.02
2020-10-28, 09:27:39, 23.86, 48.02
2020-10-28, 09:27:41, 23.86, 48.02
2020-10-28, 09:27:42, 23.86, 48.02
2020-10-28, 09:27:44, 23.85, 47.99
2020-10-28, 09:27:45, 23.86, 47.99
2020-10-28, 09:27:46, 23.86, 48.02
2020-10-28, 09:27:48, 23.85, 48.02
2020-10-28, 09:27:49, 23.86, 48.02
2020-10-28, 09:27:50, 23.86, 48.02
2020-10-28, 09:27:52, 23.86, 48.02
2020-10-28, 09:27:53, 23.87, 48.05
2020-10-28, 09:27:54, 23.86, 48.05
2020-10-28, 09:27:56, 23.86, 48.02
2020-10-28, 09:27:57, 23.85, 48.02
2020-10-28, 09:27:58, 23.86, 48.02
2020-10-28, 09:28:00, 23.85, 48.02
2020-10-28, 09:28:01, 23.84, 48.02
2020-10-28, 09:28:03, 23.84, 48.02
2020-10-28, 09:28:04, 23.86, 48.02
2020-10-28, 09:28:05, 23.85, 48.05
2020-10-28, 09:28:07, 23.86, 48.02
2020-10-28, 09:28:08, 23.85, 47.99
2020-10-28, 09:28:09, 23.85, 48.02
2020-10-28, 09:28:11, 23.87, 48.02
2020-10-28, 09:28:12, 23.86, 48.02
2020-10-28, 09:28:13, 23.86, 48.02
2020-10-28, 09:28:15, 23.86, 48.02
2020-10-28, 09:28:16, 23.86, 48.02
2020-10-28, 09:28:17, 23.85, 47.99
2020-10-28, 09:28:19, 23.85, 48.02
2020-10-28, 09:28:20, 23.86, 48.02
2020-10-28, 09:28:21, 23.86, 47.99
2020-10-28, 09:28:23, 23.86, 48.02
2020-10-28, 09:28:24, 23.85, 47.99
2020-10-28, 09:28:26, 23.86, 48.02
2020-10-28, 09:28:27, 23.86, 48.02
2020-10-28, 09:28:28, 23.85, 48.02
2020-10-28, 09:28:30, 23.86, 48.02
2020-10-28, 09:28:31, 23.86, 48.02
2020-10-28, 09:28:32, 23.86, 47.99
2020-10-28, 09:28:34, 23.85, 48.02
2020-10-28, 09:28:35, 23.86, 48.02
2020-10-28, 09:28:36, 23.83, 48.02
2020-10-28, 09:28:38, 23.86, 48.02
2020-10-28, 09:28:39, 23.86, 48.02
2020-10-28, 09:28:40, 23.86, 47.99
2020-10-28, 09:28:42, 23.86, 48.02
2020-10-28, 09:28:43, 23.85, 47.99
2020-10-28, 09:28:45, 23.86, 47.99
2020-10-28, 09:28:46, 23.86, 47.99
2020-10-28, 09:28:47, 23.86, 47.99
2020-10-28, 09:28:49, 23.86, 47.99
2020-10-28, 09:28:50, 23.86, 47.99
2020-10-28, 09:28:51, 23.85, 47.99
2020-10-28, 09:28:53, 23.85, 47.99
2020-10-28, 09:28:54, 23.84, 47.99
2020-10-28, 09:28:55, 23.85, 47.99
2020-10-28, 09:28:57, 23.86, 47.99
2020-10-28, 09:28:58, 23.85, 47.99
2020-10-28, 09:28:59, 23.85, 47.99
2020-10-28, 09:29:01, 23.86, 47.99
2020-10-28, 09:29:02, 23.86, 47.99
2020-10-28, 09:29:03, 23.86, 47.99
2020-10-28, 09:29:05, 23.84, 47.99
2020-10-28, 09:29:06, 23.84, 47.99
2020-10-28, 09:29:08, 23.84, 47.96
2020-10-28, 09:29:09, 23.85, 47.99
2020-10-28, 09:29:10, 23.85, 47.99
2020-10-28, 09:29:12, 23.85, 47.92
2020-10-28, 09:29:13, 23.85, 47.96
2020-10-28, 09:29:14, 23.84, 47.96
2020-10-28, 09:29:16, 23.83, 47.95
2020-10-28, 09:29:17, 23.84, 47.96
2020-10-28, 09:29:18, 23.84, 47.99
2020-10-28, 09:29:20, 23.83, 47.99
2020-10-28, 09:29:21, 23.84, 47.99
2020-10-28, 09:29:22, 23.84, 47.96
2020-10-28, 09:29:24, 23.84, 47.99
2020-10-28, 09:29:25, 23.85, 47.99
2020-10-28, 09:29:27, 23.84, 47.96
2020-10-28, 09:29:28, 23.84, 47.96
2020-10-28, 09:29:29, 23.83, 47.95
2020-10-28, 09:29:31, 23.82, 47.98
2020-10-28, 09:29:32, 23.84, 47.96
2020-10-28, 09:29:33, 23.83, 47.95
2020-10-28, 09:29:35, 23.83, 47.99
2020-10-28, 09:29:36, 23.82, 47.98
2020-10-28, 09:29:37, 23.83, 47.95
2020-10-28, 09:29:39, 23.84, 47.96
2020-10-28, 09:29:40, 23.83, 47.92
2020-10-28, 09:29:41, 23.82, 47.95
2020-10-28, 09:29:43, 23.82, 47.92
2020-10-28, 09:29:44, 23.82, 47.95
2020-10-28, 09:29:46, 23.82, 47.95
2020-10-28, 09:29:47, 23.81, 47.92
2020-10-28, 09:29:48, 23.82, 47.95
2020-10-28, 09:29:50, 23.82, 47.92
2020-10-28, 09:29:51, 23.82, 47.95
2020-10-28, 09:29:52, 23.82, 47.95
2020-10-28, 09:29:54, 23.83, 47.95
2020-10-28, 09:29:55, 23.83, 47.95
2020-10-28, 09:29:56, 23.82, 47.95
2020-10-28, 09:29:58, 23.8, 47.98
2020-10-28, 09:29:59, 23.81, 47.98
2020-10-28, 09:30:00, 23.82, 47.98
2020-10-28, 09:30:02, 23.8, 47.98
2020-10-28, 09:30:03, 23.82, 47.95
2020-10-28, 09:30:04, 23.81, 47.98
2020-10-28, 09:30:06, 23.82, 47.98
2020-10-28, 09:30:07, 23.81, 47.98
2020-10-28, 09:30:09, 23.79, 47.95
2020-10-28, 09:30:10, 23.81, 47.95
2020-10-28, 09:30:11, 23.8, 47.98
2020-10-28, 09:30:13, 23.8, 47.98
2020-10-28, 09:30:14, 23.8, 47.98
2020-10-28, 09:30:15, 23.8, 47.98
2020-10-28, 09:30:17, 23.81, 47.98
2020-10-28, 09:30:18, 23.8, 47.98
2020-10-28, 09:30:19, 23.8, 47.98
2020-10-28, 09:30:21, 23.8, 47.98
2020-10-28, 09:30:22, 23.8, 47.98
2020-10-28, 09:30:23, 23.8, 47.98
2020-10-28, 09:30:25, 23.8, 47.98
2020-10-28, 09:30:26, 23.79, 47.98
2020-10-28, 09:30:27, 23.79, 47.98
2020-10-28, 09:30:29, 23.8, 47.98
2020-10-28, 09:30:30, 23.8, 47.98
2020-10-28, 09:30:32, 23.8, 47.98
2020-10-28, 09:30:33, 23.8, 48.01
2020-10-28, 09:30:34, 23.78, 47.98
2020-10-28, 09:30:36, 23.8, 48.01
2020-10-28, 09:30:37, 23.78, 48.01
2020-10-28, 09:30:38, 23.78, 48.01
2020-10-28, 09:30:40, 23.79, 47.98
2020-10-28, 09:30:41, 23.78, 48.01
2020-10-28, 09:30:42, 23.79, 48.04
2020-10-28, 09:30:44, 23.8, 48.05
2020-10-28, 09:30:45, 23.79, 48.04
2020-10-28, 09:30:46, 23.79, 48.04
2020-10-28, 09:30:48, 23.79, 48.01
2020-10-28, 09:30:49, 23.78, 48.04
2020-10-28, 09:30:51, 23.79, 48.04
2020-10-28, 09:30:52, 23.79, 48.04
2020-10-28, 09:30:53, 23.8, 48.05
2020-10-28, 09:30:55, 23.78, 48.04
2020-10-28, 09:30:56, 23.8, 48.05
2020-10-28, 09:30:57, 23.78, 48.04
2020-10-28, 09:30:59, 23.79, 48.04
2020-10-28, 09:31:00, 23.78, 48.01
2020-10-28, 09:31:01, 23.78, 48.04
2020-10-28, 09:31:03, 23.78, 48.04
2020-10-28, 09:31:04, 23.78, 48.04
2020-10-28, 09:31:05, 23.79, 48.04
2020-10-28, 09:31:07, 23.79, 48.04
2020-10-28, 09:31:08, 23.78, 48.04
2020-10-28, 09:31:09, 23.77, 48.04
2020-10-28, 09:31:11, 23.76, 48.04
2020-10-28, 09:31:12, 23.77, 48.04
2020-10-28, 09:31:14, 23.77, 48.07
2020-10-28, 09:31:15, 23.78, 48.04
2020-10-28, 09:31:16, 23.78, 48.04
2020-10-28, 09:31:18, 23.78, 48.08
2020-10-28, 09:31:19, 23.76, 48.07
2020-10-28, 09:31:20, 23.77, 48.07
2020-10-28, 09:31:22, 23.75, 48.07
2020-10-28, 09:31:23, 23.76, 48.1
2020-10-28, 09:31:24, 23.75, 48.1
2020-10-28, 09:31:26, 23.75, 48.1
2020-10-28, 09:31:27, 23.75, 48.1
2020-10-28, 09:31:28, 23.75, 48.1
2020-10-28, 09:31:30, 23.75, 48.1
2020-10-28, 09:31:31, 23.75, 48.14
2020-10-28, 09:31:33, 23.76, 48.14
2020-10-28, 09:31:34, 23.76, 48.14
2020-10-28, 09:31:35, 23.76, 48.1
2020-10-28, 09:31:37, 23.77, 48.14
2020-10-28, 09:31:38, 23.76, 48.14
2020-10-28, 09:31:39, 23.77, 48.14
2020-10-28, 09:31:41, 23.76, 48.14
2020-10-28, 09:31:42, 23.77, 48.14
2020-10-28, 09:31:43, 23.76, 48.1
2020-10-28, 09:31:45, 23.75, 48.1
2020-10-28, 09:31:46, 23.76, 48.14
2020-10-28, 09:31:47, 23.76, 48.14
2020-10-28, 09:31:49, 23.75, 48.14
2020-10-28, 09:31:50, 23.75, 48.14
2020-10-28, 09:31:52, 23.74, 48.17
2020-10-28, 09:31:53, 23.75, 48.17
2020-10-28, 09:31:54, 23.75, 48.17
2020-10-28, 09:31:56, 23.75, 48.17
2020-10-28, 09:31:57, 23.74, 48.17
2020-10-28, 09:31:58, 23.74, 48.17
2020-10-28, 09:32:00, 23.74, 48.17
2020-10-28, 09:32:01, 23.73, 48.2
2020-10-28, 09:32:02, 23.73, 48.2
2020-10-28, 09:32:04, 23.73, 48.2
2020-10-28, 09:32:05, 23.74, 48.2
2020-10-28, 09:32:06, 23.71, 48.23
2020-10-28, 09:32:08, 23.72, 48.23
2020-10-28, 09:32:09, 23.73, 48.23
2020-10-28, 09:32:10, 23.72, 48.23
2020-10-28, 09:32:12, 23.73, 48.26
2020-10-28, 09:32:13, 23.72, 48.26
2020-10-28, 09:32:15, 23.72, 48.23
2020-10-28, 09:32:16, 23.72, 48.23
2020-10-28, 09:32:17, 23.71, 48.26
2020-10-28, 09:32:19, 23.74, 48.26
2020-10-28, 09:32:20, 23.73, 48.26
2020-10-28, 09:32:21, 23.7, 48.26
2020-10-28, 09:32:23, 23.72, 48.26
2020-10-28, 09:32:24, 23.73, 48.26
2020-10-28, 09:32:25, 23.75, 48.26
2020-10-28, 09:32:27, 23.72, 48.26
2020-10-28, 09:32:28, 23.72, 48.23
2020-10-28, 09:32:29, 23.71, 48.26
2020-10-28, 09:32:31, 23.72, 48.23
2020-10-28, 09:32:32, 23.72, 48.26
2020-10-28, 09:32:34, 23.72, 48.29
2020-10-28, 09:32:35, 23.72, 48.29
2020-10-28, 09:32:36, 23.72, 48.26
2020-10-28, 09:32:38, 23.72, 48.29
2020-10-28, 09:32:39, 23.72, 48.29
2020-10-28, 09:32:40, 23.72, 48.29
2020-10-28, 09:32:42, 23.72, 48.29
2020-10-28, 09:32:43, 23.72, 48.29
2020-10-28, 09:32:44, 23.71, 48.32
2020-10-28, 09:32:46, 23.7, 48.29
2020-10-28, 09:32:47, 23.7, 48.29
2020-10-28, 09:32:48, 23.69, 48.29
2020-10-28, 09:32:50, 23.71, 48.32
2020-10-28, 09:32:51, 23.71, 48.29
2020-10-28, 09:32:53, 23.7, 48.32
2020-10-28, 09:32:54, 23.7, 48.32
2020-10-28, 09:32:55, 23.71, 48.29
2020-10-28, 09:32:57, 23.72, 48.32
2020-10-28, 09:32:58, 23.7, 48.32
2020-10-28, 09:32:59, 23.7, 48.32
2020-10-28, 09:33:01, 23.71, 48.32
2020-10-28, 09:33:02, 23.72, 48.32
2020-10-28, 09:33:03, 23.71, 48.32
2020-10-28, 09:33:05, 23.7, 48.32
2020-10-28, 09:33:06, 23.71, 48.32
2020-10-28, 09:33:07, 23.72, 48.32
2020-10-28, 09:33:09, 23.72, 48.32
2020-10-28, 09:33:10, 23.72, 48.35
2020-10-28, 09:33:12, 23.71, 48.35
2020-10-28, 09:33:13, 23.71, 48.35
2020-10-28, 09:33:14, 23.7, 48.35
2020-10-28, 09:33:16, 23.7, 48.32
2020-10-28, 09:33:17, 23.72, 48.35
2020-10-28, 09:33:18, 23.7, 48.35
2020-10-28, 09:33:20, 23.7, 48.35
2020-10-28, 09:33:21, 23.67, 48.35
2020-10-28, 09:33:22, 23.7, 48.35
2020-10-28, 09:33:24, 23.69, 48.35
2020-10-28, 09:33:25, 23.7, 48.35
2020-10-28, 09:33:26, 23.71, 48.35
2020-10-28, 09:33:28, 23.69, 48.35
2020-10-28, 09:33:29, 23.69, 48.35
2020-10-28, 09:33:31, 23.68, 48.35
2020-10-28, 09:33:32, 23.68, 48.38
2020-10-28, 09:33:33, 23.68, 48.35
2020-10-28, 09:33:35, 23.68, 48.38
2020-10-28, 09:33:36, 23.68, 48.41
2020-10-28, 09:33:37, 23.66, 48.41
2020-10-28, 09:33:39, 23.67, 48.41
2020-10-28, 09:33:40, 23.68, 48.41
2020-10-28, 09:33:41, 23.68, 48.41
2020-10-28, 09:33:43, 23.67, 48.41
2020-10-28, 09:33:44, 23.68, 48.41
2020-10-28, 09:33:45, 23.66, 48.41
2020-10-28, 09:33:47, 23.7, 48.42
2020-10-28, 09:33:48, 23.67, 48.41
2020-10-28, 09:33:50, 23.67, 48.41
2020-10-28, 09:33:51, 23.67, 48.41
2020-10-28, 09:33:52, 23.68, 48.41
2020-10-28, 09:33:54, 23.68, 48.41
2020-10-28, 09:33:55, 23.68, 48.41
2020-10-28, 09:33:56, 23.67, 48.41
2020-10-28, 09:33:58, 23.67, 48.41
2020-10-28, 09:33:59, 23.68, 48.41
2020-10-28, 09:34:00, 23.66, 48.44
2020-10-28, 09:34:02, 23.66, 48.44
2020-10-28, 09:34:03, 23.67, 48.44
2020-10-28, 09:34:04, 23.66, 48.44
2020-10-28, 09:34:06, 23.67, 48.44
2020-10-28, 09:34:07, 23.67, 48.44
2020-10-28, 09:34:08, 23.67, 48.44
2020-10-28, 09:34:10, 23.66, 48.44
2020-10-28, 09:34:11, 23.67, 48.48
2020-10-28, 09:34:13, 23.68, 48.45
2020-10-28, 09:34:14, 23.68, 48.48
2020-10-28, 09:34:15, 23.66, 48.47
2020-10-28, 09:34:17, 23.65, 48.47
2020-10-28, 09:34:18, 23.65, 48.47
2020-10-28, 09:34:19, 23.65, 48.51
2020-10-28, 09:34:21, 23.65, 48.51
2020-10-28, 09:34:22, 23.65, 48.51
2020-10-28, 09:34:23, 23.65, 48.51
2020-10-28, 09:34:25, 23.65, 48.51
2020-10-28, 09:34:26, 23.65, 48.51
2020-10-28, 09:34:28, 23.66, 48.47
2020-10-28, 09:34:29, 23.66, 48.51
2020-10-28, 09:34:30, 23.65, 48.51
2020-10-28, 09:34:32, 23.66, 48.51
2020-10-28, 09:34:33, 23.65, 48.51
2020-10-28, 09:34:34, 23.64, 48.5
2020-10-28, 09:34:36, 23.64, 48.5
2020-10-28, 09:34:37, 23.64, 48.5
2020-10-28, 09:34:38, 23.65, 48.51
2020-10-28, 09:34:40, 23.64, 48.5
2020-10-28, 09:34:41, 23.65, 48.51
2020-10-28, 09:34:42, 23.64, 48.54
2020-10-28, 09:34:44, 23.65, 48.54
2020-10-28, 09:34:45, 23.65, 48.54
2020-10-28, 09:34:47, 23.64, 48.54
2020-10-28, 09:34:48, 23.64, 48.54
2020-10-28, 09:34:49, 23.64, 48.54
2020-10-28, 09:34:51, 23.64, 48.54
2020-10-28, 09:34:52, 23.64, 48.54
2020-10-28, 09:34:53, 23.64, 48.54
2020-10-28, 09:34:55, 23.64, 48.54
2020-10-28, 09:34:56, 23.63, 48.57
2020-10-28, 09:34:57, 23.63, 48.53
2020-10-28, 09:34:59, 23.61, 48.56
2020-10-28, 09:35:00, 23.62, 48.57
2020-10-28, 09:35:01, 23.62, 48.57
2020-10-28, 09:35:03, 23.64, 48.6
2020-10-28, 09:35:04, 23.64, 48.6
2020-10-28, 09:35:06, 23.64, 48.6
2020-10-28, 09:35:07, 23.63, 48.6
2020-10-28, 09:35:08, 23.62, 48.6
2020-10-28, 09:35:10, 23.62, 48.6
2020-10-28, 09:35:11, 23.61, 48.6
2020-10-28, 09:35:12, 23.62, 48.63
2020-10-28, 09:35:14, 23.61, 48.63
2020-10-28, 09:35:15, 23.6, 48.63
2020-10-28, 09:35:17, 23.61, 48.63
2020-10-28, 09:35:18, 23.62, 48.63
2020-10-28, 09:35:19, 23.61, 48.6
2020-10-28, 09:35:21, 23.62, 48.63
2020-10-28, 09:35:22, 23.63, 48.6
2020-10-28, 09:35:23, 23.62, 48.6
2020-10-28, 09:35:25, 23.62, 48.63
2020-10-28, 09:35:26, 23.62, 48.63
2020-10-28, 09:35:27, 23.62, 48.63
2020-10-28, 09:35:29, 23.62, 48.63
2020-10-28, 09:35:30, 23.61, 48.6
2020-10-28, 09:35:31, 23.62, 48.63
2020-10-28, 09:35:33, 23.62, 48.63
2020-10-28, 09:35:34, 23.62, 48.6
2020-10-28, 09:35:36, 23.62, 48.63
2020-10-28, 09:35:37, 23.62, 48.63
2020-10-28, 09:35:38, 23.62, 48.63
2020-10-28, 09:35:40, 23.62, 48.63
2020-10-28, 09:35:41, 23.62, 48.66
2020-10-28, 09:35:42, 23.62, 48.63
2020-10-28, 09:35:44, 23.62, 48.63
2020-10-28, 09:35:45, 23.62, 48.63
2020-10-28, 09:35:46, 23.61, 48.63
2020-10-28, 09:35:48, 23.63, 48.66
2020-10-28, 09:35:49, 23.62, 48.66
2020-10-28, 09:35:50, 23.62, 48.66
2020-10-28, 09:35:52, 23.63, 48.66
2020-10-28, 09:35:53, 23.62, 48.66
2020-10-28, 09:35:55, 23.64, 48.66
2020-10-28, 09:35:56, 23.62, 48.66
2020-10-28, 09:35:57, 23.62, 48.66
2020-10-28, 09:35:59, 23.61, 48.66
2020-10-28, 09:36:00, 23.62, 48.66
2020-10-28, 09:36:01, 23.62, 48.66
2020-10-28, 09:36:03, 23.61, 48.66
2020-10-28, 09:36:04, 23.6, 48.66
2020-10-28, 09:36:06, 23.61, 48.69
2020-10-28, 09:36:07, 23.6, 48.69
2020-10-28, 09:36:08, 23.62, 48.69
2020-10-28, 09:36:10, 23.61, 48.72
2020-10-28, 09:36:11, 23.62, 48.69
2020-10-28, 09:36:12, 23.61, 48.72
2020-10-28, 09:36:14, 23.62, 48.72
2020-10-28, 09:36:15, 23.62, 48.72
2020-10-28, 09:36:16, 23.62, 48.69
2020-10-28, 09:36:18, 23.61, 48.69
2020-10-28, 09:36:19, 23.61, 48.69
2020-10-28, 09:36:20, 23.62, 48.69
2020-10-28, 09:36:22, 23.61, 48.72
2020-10-28, 09:36:23, 23.63, 48.69
2020-10-28, 09:36:24, 23.62, 48.72
2020-10-28, 09:36:26, 23.61, 48.72
2020-10-28, 09:36:27, 23.62, 48.69
2020-10-28, 09:36:29, 23.62, 48.72
2020-10-28, 09:36:30, 23.61, 48.69
2020-10-28, 09:36:31, 23.62, 48.69
2020-10-28, 09:36:33, 23.62, 48.72
2020-10-28, 09:36:34, 23.62, 48.69
2020-10-28, 09:36:35, 23.61, 48.69
2020-10-28, 09:36:37, 23.62, 48.66
2020-10-28, 09:36:38, 23.63, 48.69
2020-10-28, 09:36:39, 23.63, 48.69
2020-10-28, 09:36:41, 23.62, 48.69
2020-10-28, 09:36:42, 23.62, 48.69
2020-10-28, 09:36:44, 23.63, 48.69
2020-10-28, 09:36:45, 23.61, 48.69
2020-10-28, 09:36:46, 23.62, 48.72
2020-10-28, 09:36:48, 23.63, 48.69
2020-10-28, 09:36:49, 23.64, 48.73
2020-10-28, 09:36:50, 23.63, 48.69
2020-10-28, 09:36:52, 23.62, 48.69
2020-10-28, 09:36:53, 23.62, 48.69
2020-10-28, 09:36:54, 23.64, 48.7
2020-10-28, 09:36:56, 23.63, 48.69
2020-10-28, 09:36:57, 23.62, 48.69
2020-10-28, 09:36:58, 23.63, 48.73
2020-10-28, 09:37:00, 23.62, 48.72
2020-10-28, 09:37:01, 23.63, 48.73
2020-10-28, 09:37:02, 23.63, 48.73
2020-10-28, 09:37:04, 23.63, 48.73
2020-10-28, 09:37:05, 23.64, 48.73
2020-10-28, 09:37:07, 23.64, 48.73
2020-10-28, 09:37:08, 23.62, 48.72
2020-10-28, 09:37:09, 23.63, 48.69
2020-10-28, 09:37:11, 23.62, 48.72
2020-10-28, 09:37:12, 23.63, 48.73
2020-10-28, 09:37:13, 23.62, 48.72
2020-10-28, 09:37:15, 23.62, 48.72
2020-10-28, 09:37:16, 23.62, 48.72
2020-10-28, 09:37:17, 23.62, 48.72
2020-10-28, 09:37:19, 23.61, 48.72
2020-10-28, 09:37:20, 23.62, 48.72
2020-10-28, 09:37:22, 23.61, 48.72
2020-10-28, 09:37:23, 23.62, 48.72
2020-10-28, 09:37:24, 23.62, 48.72
2020-10-28, 09:37:26, 23.62, 48.72
2020-10-28, 09:37:27, 23.62, 48.72
2020-10-28, 09:37:28, 23.62, 48.72
2020-10-28, 09:37:30, 23.62, 48.72
2020-10-28, 09:37:31, 23.63, 48.73
2020-10-28, 09:37:32, 23.6, 48.72
2020-10-28, 09:37:34, 23.62, 48.72
2020-10-28, 09:37:35, 23.61, 48.72
2020-10-28, 09:37:36, 23.63, 48.73
2020-10-28, 09:37:38, 23.61, 48.72
2020-10-28, 09:37:39, 23.62, 48.72
2020-10-28, 09:37:41, 23.61, 48.72
2020-10-28, 09:37:42, 23.63, 48.73
2020-10-28, 09:37:43, 23.62, 48.72
2020-10-28, 09:37:45, 23.62, 48.72
2020-10-28, 09:37:46, 23.62, 48.72
2020-10-28, 09:37:47, 23.6, 48.72
2020-10-28, 09:37:49, 23.61, 48.72
2020-10-28, 09:37:50, 23.62, 48.72
2020-10-28, 09:37:51, 23.61, 48.72
2020-10-28, 09:37:53, 23.62, 48.72
2020-10-28, 09:37:54, 23.61, 48.72
2020-10-28, 09:37:55, 23.62, 48.72
2020-10-28, 09:37:57, 23.61, 48.76
2020-10-28, 09:37:58, 23.62, 48.72
2020-10-28, 09:38:00, 23.62, 48.72
2020-10-28, 09:38:01, 23.61, 48.76
2020-10-28, 09:38:02, 23.61, 48.76
2020-10-28, 09:38:04, 23.62, 48.72
2020-10-28, 09:38:05, 23.62, 48.72
2020-10-28, 09:38:06, 23.62, 48.72
2020-10-28, 09:38:08, 23.62, 48.76
2020-10-28, 09:38:09, 23.62, 48.76
2020-10-28, 09:38:10, 23.61, 48.76
2020-10-28, 09:38:12, 23.6, 48.75
2020-10-28, 09:38:13, 23.6, 48.75
2020-10-28, 09:38:15, 23.62, 48.76
2020-10-28, 09:38:16, 23.61, 48.79
2020-10-28, 09:38:17, 23.62, 48.79
2020-10-28, 09:38:19, 23.62, 48.79
2020-10-28, 09:38:20, 23.62, 48.79
2020-10-28, 09:38:21, 23.62, 48.79
2020-10-28, 09:38:23, 23.62, 48.76
2020-10-28, 09:38:24, 23.62, 48.76
2020-10-28, 09:38:25, 23.61, 48.76
2020-10-28, 09:38:27, 23.61, 48.76
2020-10-28, 09:38:28, 23.61, 48.76
2020-10-28, 09:38:29, 23.63, 48.76
2020-10-28, 09:38:31, 23.61, 48.79
2020-10-28, 09:38:32, 23.61, 48.76
2020-10-28, 09:38:33, 23.61, 48.79
2020-10-28, 09:38:35, 23.6, 48.79
2020-10-28, 09:38:36, 23.61, 48.79
2020-10-28, 09:38:38, 23.6, 48.79
2020-10-28, 09:38:39, 23.61, 48.82
2020-10-28, 09:38:40, 23.61, 48.79
2020-10-28, 09:38:42, 23.62, 48.79
2020-10-28, 09:38:43, 23.61, 48.79
2020-10-28, 09:38:44, 23.63, 48.79
2020-10-28, 09:38:46, 23.62, 48.79
2020-10-28, 09:38:47, 23.62, 48.79
2020-10-28, 09:38:48, 23.62, 48.79
2020-10-28, 09:38:50, 23.62, 48.79
2020-10-28, 09:38:51, 23.6, 48.79
2020-10-28, 09:38:52, 23.61, 48.79
2020-10-28, 09:38:54, 23.62, 48.79
2020-10-28, 09:38:55, 23.6, 48.79
2020-10-28, 09:38:57, 23.6, 48.79
2020-10-28, 09:38:58, 23.62, 48.79
2020-10-28, 09:38:59, 23.62, 48.79
2020-10-28, 09:39:01, 23.62, 48.79
2020-10-28, 09:39:02, 23.62, 48.79
2020-10-28, 09:39:03, 23.63, 48.79
2020-10-28, 09:39:05, 23.63, 48.79
2020-10-28, 09:39:06, 23.64, 48.79
2020-10-28, 09:39:07, 23.63, 48.79
2020-10-28, 09:39:09, 23.63, 48.79
2020-10-28, 09:39:10, 23.64, 48.79
2020-10-28, 09:39:11, 23.62, 48.79
2020-10-28, 09:39:13, 23.63, 48.79
2020-10-28, 09:39:14, 23.62, 48.79
2020-10-28, 09:39:15, 23.62, 48.79
2020-10-28, 09:39:17, 23.64, 48.82
2020-10-28, 09:39:18, 23.61, 48.82
2020-10-28, 09:39:20, 23.63, 48.79
2020-10-28, 09:39:21, 23.62, 48.82
2020-10-28, 09:39:22, 23.63, 48.79
2020-10-28, 09:39:24, 23.62, 48.79
2020-10-28, 09:39:25, 23.65, 48.79
2020-10-28, 09:39:26, 23.64, 48.79
2020-10-28, 09:39:28, 23.62, 48.79
2020-10-28, 09:39:29, 23.63, 48.82
2020-10-28, 09:39:30, 23.63, 48.79
2020-10-28, 09:39:32, 23.63, 48.79
2020-10-28, 09:39:33, 23.63, 48.82
2020-10-28, 09:39:34, 23.62, 48.79
2020-10-28, 09:39:36, 23.63, 48.79
2020-10-28, 09:39:37, 23.63, 48.79
2020-10-28, 09:39:39, 23.61, 48.79
2020-10-28, 09:39:40, 23.64, 48.79
2020-10-28, 09:39:41, 23.64, 48.82
2020-10-28, 09:39:43, 23.63, 48.79
2020-10-28, 09:39:44, 23.64, 48.82
2020-10-28, 09:39:45, 23.62, 48.79
2020-10-28, 09:39:47, 23.64, 48.82
2020-10-28, 09:39:48, 23.63, 48.82
2020-10-28, 09:39:49, 23.64, 48.82
2020-10-28, 09:39:51, 23.65, 48.79
2020-10-28, 09:39:52, 23.64, 48.82
2020-10-28, 09:39:53, 23.64, 48.82
2020-10-28, 09:39:55, 23.62, 48.82
2020-10-28, 09:39:56, 23.64, 48.82
2020-10-28, 09:39:58, 23.63, 48.82
2020-10-28, 09:39:59, 23.64, 48.82
2020-10-28, 09:40:00, 23.62, 48.85
2020-10-28, 09:40:02, 23.64, 48.85
2020-10-28, 09:40:03, 23.63, 48.82
2020-10-28, 09:40:04, 23.64, 48.82
2020-10-28, 09:40:06, 23.64, 48.82
2020-10-28, 09:40:07, 23.64, 48.85
2020-10-28, 09:40:08, 23.65, 48.86
2020-10-28, 09:40:10, 23.64, 48.85
2020-10-28, 09:40:11, 23.64, 48.85
2020-10-28, 09:40:12, 23.63, 48.85
2020-10-28, 09:40:14, 23.63, 48.85
2020-10-28, 09:40:15, 23.62, 48.85
2020-10-28, 09:40:17, 23.63, 48.85
2020-10-28, 09:40:18, 23.62, 48.85
2020-10-28, 09:40:19, 23.62, 48.85
2020-10-28, 09:40:21, 23.63, 48.85
2020-10-28, 09:40:22, 23.62, 48.85
2020-10-28, 09:40:23, 23.62, 48.85
2020-10-28, 09:40:25, 23.64, 48.85
2020-10-28, 09:40:26, 23.64, 48.85
2020-10-28, 09:40:27, 23.64, 48.85
2020-10-28, 09:40:29, 23.64, 48.85
2020-10-28, 09:40:30, 23.63, 48.85
2020-10-28, 09:40:31, 23.64, 48.85
2020-10-28, 09:40:33, 23.63, 48.82
2020-10-28, 09:40:34, 23.65, 48.86
2020-10-28, 09:40:35, 23.64, 48.85
2020-10-28, 09:40:37, 23.64, 48.85
2020-10-28, 09:40:38, 23.64, 48.82
2020-10-28, 09:40:40, 23.64, 48.85
2020-10-28, 09:40:41, 23.64, 48.85
2020-10-28, 09:40:42, 23.64, 48.85
2020-10-28, 09:40:44, 23.64, 48.85
2020-10-28, 09:40:45, 23.64, 48.85
2020-10-28, 09:40:46, 23.64, 48.82
2020-10-28, 09:40:48, 23.64, 48.82
2020-10-28, 09:40:49, 23.65, 48.86
2020-10-28, 09:40:50, 23.65, 48.86
2020-10-28, 09:40:52, 23.65, 48.86
2020-10-28, 09:40:53, 23.64, 48.82
2020-10-28, 09:40:54, 23.64, 48.82
2020-10-28, 09:40:56, 23.65, 48.86
2020-10-28, 09:40:57, 23.65, 48.82
2020-10-28, 09:40:59, 23.65, 48.86
2020-10-28, 09:41:00, 23.64, 48.82
2020-10-28, 09:41:01, 23.64, 48.85
2020-10-28, 09:41:03, 23.66, 48.86
2020-10-28, 09:41:04, 23.64, 48.85
2020-10-28, 09:41:05, 23.64, 48.85
2020-10-28, 09:41:07, 23.65, 48.86
2020-10-28, 09:41:08, 23.65, 48.86
2020-10-28, 09:41:09, 23.65, 48.86
2020-10-28, 09:41:11, 23.65, 48.86
2020-10-28, 09:41:12, 23.66, 48.86
2020-10-28, 09:41:14, 23.64, 48.85
2020-10-28, 09:41:15, 23.65, 48.86
2020-10-28, 09:41:16, 23.65, 48.86
2020-10-28, 09:41:18, 23.65, 48.86
2020-10-28, 09:41:19, 23.65, 48.86
2020-10-28, 09:41:20, 23.66, 48.86
2020-10-28, 09:41:22, 23.65, 48.86
2020-10-28, 09:41:23, 23.67, 48.86
2020-10-28, 09:41:24, 23.65, 48.86
2020-10-28, 09:41:26, 23.66, 48.86
2020-10-28, 09:41:27, 23.65, 48.86
2020-10-28, 09:41:28, 23.66, 48.86
2020-10-28, 09:41:30, 23.67, 48.86
2020-10-28, 09:41:31, 23.66, 48.86
2020-10-28, 09:41:33, 23.66, 48.86
2020-10-28, 09:41:34, 23.66, 48.86
2020-10-28, 09:41:35, 23.66, 48.83
2020-10-28, 09:41:37, 23.66, 48.83
2020-10-28, 09:41:38, 23.66, 48.86
2020-10-28, 09:41:39, 23.66, 48.86
2020-10-28, 09:41:41, 23.64, 48.85
2020-10-28, 09:41:42, 23.66, 48.86
2020-10-28, 09:41:43, 23.66, 48.86
2020-10-28, 09:41:45, 23.65, 48.86
2020-10-28, 09:41:46, 23.66, 48.86
2020-10-28, 09:41:48, 23.65, 48.86
2020-10-28, 09:41:49, 23.65, 48.86
2020-10-28, 09:41:50, 23.63, 48.85
2020-10-28, 09:41:52, 23.64, 48.85
2020-10-28, 09:41:53, 23.65, 48.86
2020-10-28, 09:41:54, 23.65, 48.86
2020-10-28, 09:41:56, 23.64, 48.85
2020-10-28, 09:41:57, 23.66, 48.86
2020-10-28, 09:41:58, 23.66, 48.86
2020-10-28, 09:42:00, 23.64, 48.85
2020-10-28, 09:42:01, 23.65, 48.86
2020-10-28, 09:42:02, 23.66, 48.86
2020-10-28, 09:42:04, 23.65, 48.86
2020-10-28, 09:42:05, 23.64, 48.85
2020-10-28, 09:42:07, 23.66, 48.86
2020-10-28, 09:42:08, 23.64, 48.85
2020-10-28, 09:42:09, 23.65, 48.86
2020-10-28, 09:42:11, 23.64, 48.85
2020-10-28, 09:42:12, 23.65, 48.86
2020-10-28, 09:42:13, 23.65, 48.86
2020-10-28, 09:42:15, 23.66, 48.86
2020-10-28, 09:42:16, 23.65, 48.86
2020-10-28, 09:42:17, 23.64, 48.85
2020-10-28, 09:42:19, 23.66, 48.86
2020-10-28, 09:42:20, 23.65, 48.86
2020-10-28, 09:42:21, 23.65, 48.86
2020-10-28, 09:42:23, 23.65, 48.86
2020-10-28, 09:42:24, 23.66, 48.86
2020-10-28, 09:42:26, 23.66, 48.86
2020-10-28, 09:42:27, 23.67, 48.86
2020-10-28, 09:42:28, 23.64, 48.85
2020-10-28, 09:42:30, 23.65, 48.86
2020-10-28, 09:42:31, 23.65, 48.82
2020-10-28, 09:42:32, 23.66, 48.83
2020-10-28, 09:42:34, 23.64, 48.82
2020-10-28, 09:42:35, 23.66, 48.83
2020-10-28, 09:42:36, 23.66, 48.83
2020-10-28, 09:42:38, 23.66, 48.83
2020-10-28, 09:42:39, 23.66, 48.83
2020-10-28, 09:42:41, 23.66, 48.79
2020-10-28, 09:42:42, 23.68, 48.83
2020-10-28, 09:42:43, 23.67, 48.79
2020-10-28, 09:42:45, 23.67, 48.79
2020-10-28, 09:42:46, 23.66, 48.79
2020-10-28, 09:42:47, 23.66, 48.79
2020-10-28, 09:42:49, 23.65, 48.79
2020-10-28, 09:42:50, 23.64, 48.79
2020-10-28, 09:42:51, 23.65, 48.79
2020-10-28, 09:42:53, 23.66, 48.83
2020-10-28, 09:42:54, 23.68, 48.83
2020-10-28, 09:42:55, 23.66, 48.79
2020-10-28, 09:42:57, 23.67, 48.79
2020-10-28, 09:42:58, 23.68, 48.83
2020-10-28, 09:43:00, 23.68, 48.8
2020-10-28, 09:43:01, 23.67, 48.79
2020-10-28, 09:43:02, 23.68, 48.8
2020-10-28, 09:43:04, 23.67, 48.79
2020-10-28, 09:43:05, 23.67, 48.79
2020-10-28, 09:43:06, 23.67, 48.79
2020-10-28, 09:43:08, 23.67, 48.79
2020-10-28, 09:43:09, 23.67, 48.79
2020-10-28, 09:43:10, 23.68, 48.8
2020-10-28, 09:43:12, 23.67, 48.79
2020-10-28, 09:43:13, 23.67, 48.79
2020-10-28, 09:43:14, 23.68, 48.8
2020-10-28, 09:43:16, 23.67, 48.79
2020-10-28, 09:43:17, 23.67, 48.79
2020-10-28, 09:43:19, 23.68, 48.8
2020-10-28, 09:43:20, 23.68, 48.8
2020-10-28, 09:43:21, 23.67, 48.79
2020-10-28, 09:43:23, 23.67, 48.79
2020-10-28, 09:43:24, 23.69, 48.8
2020-10-28, 09:43:25, 23.67, 48.79
2020-10-28, 09:43:27, 23.67, 48.79
2020-10-28, 09:43:28, 23.68, 48.8
2020-10-28, 09:43:29, 23.68, 48.76
2020-10-28, 09:43:31, 23.68, 48.76
2020-10-28, 09:43:32, 23.68, 48.8
2020-10-28, 09:43:33, 23.67, 48.76
2020-10-28, 09:43:35, 23.68, 48.76
2020-10-28, 09:43:36, 23.69, 48.77
2020-10-28, 09:43:38, 23.68, 48.76
2020-10-28, 09:43:39, 23.69, 48.73
2020-10-28, 09:43:40, 23.69, 48.73
2020-10-28, 09:43:42, 23.68, 48.73
2020-10-28, 09:43:43, 23.69, 48.73
2020-10-28, 09:43:44, 23.7, 48.73
2020-10-28, 09:43:46, 23.7, 48.73
2020-10-28, 09:43:47, 23.68, 48.73
2020-10-28, 09:43:48, 23.7, 48.73
2020-10-28, 09:43:50, 23.7, 48.73
2020-10-28, 09:43:51, 23.7, 48.73
2020-10-28, 09:43:52, 23.69, 48.73
2020-10-28, 09:43:54, 23.68, 48.7
2020-10-28, 09:43:55, 23.69, 48.73
2020-10-28, 09:43:57, 23.69, 48.73
2020-10-28, 09:43:58, 23.69, 48.7
2020-10-28, 09:43:59, 23.68, 48.7
2020-10-28, 09:44:01, 23.65, 48.7
2020-10-28, 09:44:02, 23.68, 48.7
2020-10-28, 09:44:03, 23.69, 48.73
2020-10-28, 09:44:05, 23.68, 48.7
2020-10-28, 09:44:06, 23.7, 48.73
2020-10-28, 09:44:07, 23.7, 48.73
2020-10-28, 09:44:09, 23.69, 48.7
2020-10-28, 09:44:10, 23.69, 48.67
2020-10-28, 09:44:11, 23.7, 48.67
2020-10-28, 09:44:13, 23.7, 48.67
2020-10-28, 09:44:14, 23.68, 48.67
2020-10-28, 09:44:16, 23.68, 48.67
2020-10-28, 09:44:17, 23.68, 48.67
2020-10-28, 09:44:18, 23.68, 48.67
2020-10-28, 09:44:20, 23.7, 48.67
2020-10-28, 09:44:21, 23.69, 48.67
2020-10-28, 09:44:22, 23.71, 48.67
2020-10-28, 09:44:24, 23.7, 48.67
2020-10-28, 09:44:25, 23.7, 48.67
2020-10-28, 09:44:26, 23.71, 48.67
2020-10-28, 09:44:28, 23.7, 48.67
2020-10-28, 09:44:29, 23.72, 48.67
2020-10-28, 09:44:30, 23.71, 48.64
2020-10-28, 09:44:32, 23.72, 48.64
2020-10-28, 09:44:33, 23.71, 48.64
2020-10-28, 09:44:34, 23.7, 48.64
2020-10-28, 09:44:36, 23.71, 48.64
2020-10-28, 09:44:37, 23.72, 48.64
2020-10-28, 09:44:39, 23.71, 48.64
2020-10-28, 09:44:40, 23.73, 48.64
2020-10-28, 09:44:41, 23.71, 48.64
2020-10-28, 09:44:43, 23.72, 48.61
2020-10-28, 09:44:44, 23.72, 48.61
2020-10-28, 09:44:45, 23.73, 48.61
2020-10-28, 09:44:47, 23.71, 48.61
2020-10-28, 09:44:48, 23.72, 48.61
2020-10-28, 09:44:49, 23.71, 48.61
2020-10-28, 09:44:51, 23.73, 48.58
2020-10-28, 09:44:52, 23.71, 48.58
2020-10-28, 09:44:54, 23.7, 48.58
2020-10-28, 09:44:55, 23.71, 48.61
2020-10-28, 09:44:56, 23.72, 48.58
2020-10-28, 09:44:58, 23.7, 48.61
2020-10-28, 09:44:59, 23.7, 48.58
2020-10-28, 09:45:00, 23.69, 48.61
2020-10-28, 09:45:02, 23.7, 48.58
2020-10-28, 09:45:03, 23.71, 48.61
2020-10-28, 09:45:04, 23.69, 48.61
2020-10-28, 09:45:06, 23.7, 48.58
2020-10-28, 09:45:07, 23.7, 48.58
2020-10-28, 09:45:08, 23.71, 48.61
2020-10-28, 09:45:10, 23.72, 48.61
2020-10-28, 09:45:11, 23.7, 48.61
2020-10-28, 09:45:13, 23.71, 48.61
2020-10-28, 09:45:14, 23.69, 48.61
2020-10-28, 09:45:15, 23.71, 48.61
2020-10-28, 09:45:17, 23.7, 48.61
2020-10-28, 09:45:18, 23.71, 48.58
2020-10-28, 09:45:19, 23.68, 48.57
2020-10-28, 09:45:21, 23.71, 48.58
2020-10-28, 09:45:22, 23.71, 48.58
2020-10-28, 09:45:23, 23.72, 48.58
2020-10-28, 09:45:25, 23.7, 48.58
2020-10-28, 09:45:26, 23.7, 48.58
2020-10-28, 09:45:28, 23.71, 48.55
2020-10-28, 09:45:29, 23.71, 48.55
2020-10-28, 09:45:30, 23.7, 48.54
2020-10-28, 09:45:32, 23.72, 48.51
2020-10-28, 09:45:33, 23.72, 48.55
2020-10-28, 09:45:34, 23.72, 48.51
2020-10-28, 09:45:36, 23.73, 48.55
2020-10-28, 09:45:37, 23.7, 48.54
2020-10-28, 09:45:38, 23.71, 48.51
2020-10-28, 09:45:40, 23.7, 48.54
2020-10-28, 09:45:41, 23.73, 48.55
2020-10-28, 09:45:42, 23.72, 48.55
2020-10-28, 09:45:44, 23.72, 48.55
2020-10-28, 09:45:45, 23.72, 48.51
2020-10-28, 09:45:47, 23.72, 48.55
2020-10-28, 09:45:48, 23.72, 48.55
2020-10-28, 09:45:49, 23.73, 48.55
2020-10-28, 09:45:51, 23.72, 48.51
2020-10-28, 09:45:52, 23.72, 48.51
2020-10-28, 09:45:53, 23.73, 48.52
2020-10-28, 09:45:55, 23.72, 48.51
2020-10-28, 09:45:56, 23.74, 48.52
2020-10-28, 09:45:57, 23.72, 48.51
2020-10-28, 09:45:59, 23.74, 48.49
2020-10-28, 09:46:00, 23.73, 48.52
2020-10-28, 09:46:01, 23.74, 48.52
2020-10-28, 09:46:03, 23.73, 48.52
2020-10-28, 09:46:04, 23.73, 48.48
2020-10-28, 09:46:06, 23.73, 48.52
2020-10-28, 09:46:07, 23.72, 48.48
2020-10-28, 09:46:08, 23.75, 48.49
2020-10-28, 09:46:10, 23.74, 48.49
2020-10-28, 09:46:11, 23.74, 48.49
2020-10-28, 09:46:12, 23.73, 48.48
2020-10-28, 09:46:14, 23.73, 48.48
2020-10-28, 09:46:15, 23.74, 48.49
2020-10-28, 09:46:16, 23.73, 48.48
2020-10-28, 09:46:18, 23.73, 48.48
2020-10-28, 09:46:19, 23.73, 48.48
2020-10-28, 09:46:20, 23.74, 48.49
2020-10-28, 09:46:22, 23.74, 48.49
2020-10-28, 09:46:23, 23.74, 48.49
2020-10-28, 09:46:25, 23.75, 48.49
2020-10-28, 09:46:26, 23.74, 48.45
2020-10-28, 09:46:27, 23.73, 48.48
2020-10-28, 09:46:29, 23.74, 48.45
2020-10-28, 09:46:30, 23.75, 48.45
2020-10-28, 09:46:31, 23.75, 48.45
2020-10-28, 09:46:33, 23.76, 48.46
2020-10-28, 09:46:34, 23.74, 48.45
2020-10-28, 09:46:35, 23.75, 48.45
2020-10-28, 09:46:37, 23.75, 48.45
2020-10-28, 09:46:38, 23.76, 48.42
2020-10-28, 09:46:39, 23.75, 48.42
2020-10-28, 09:46:41, 23.75, 48.45
2020-10-28, 09:46:42, 23.76, 48.42
2020-10-28, 09:46:43, 23.76, 48.42
2020-10-28, 09:46:45, 23.76, 48.42
2020-10-28, 09:46:46, 23.75, 48.42
2020-10-28, 09:46:48, 23.77, 48.43
2020-10-28, 09:46:49, 23.75, 48.42
2020-10-28, 09:46:50, 23.76, 48.42
2020-10-28, 09:46:52, 23.76, 48.42
2020-10-28, 09:46:53, 23.76, 48.42
2020-10-28, 09:46:54, 23.76, 48.42
2020-10-28, 09:46:56, 23.75, 48.42
2020-10-28, 09:46:57, 23.76, 48.42
2020-10-28, 09:46:58, 23.76, 48.42
2020-10-28, 09:47:00, 23.76, 48.42
2020-10-28, 09:47:01, 23.76, 48.42
2020-10-28, 09:47:03, 23.75, 48.42
2020-10-28, 09:47:04, 23.75, 48.39
2020-10-28, 09:47:05, 23.76, 48.39
2020-10-28, 09:47:07, 23.76, 48.39
2020-10-28, 09:47:08, 23.75, 48.39
2020-10-28, 09:47:09, 23.75, 48.42
2020-10-28, 09:47:11, 23.74, 48.36
2020-10-28, 09:47:12, 23.74, 48.39
2020-10-28, 09:47:13, 23.75, 48.39
2020-10-28, 09:47:15, 23.75, 48.39
2020-10-28, 09:47:16, 23.74, 48.39
2020-10-28, 09:47:17, 23.74, 48.39
2020-10-28, 09:47:19, 23.76, 48.39
2020-10-28, 09:47:20, 23.75, 48.39
2020-10-28, 09:47:21, 23.75, 48.39
2020-10-28, 09:47:23, 23.74, 48.39
2020-10-28, 09:47:24, 23.74, 48.39
2020-10-28, 09:47:26, 23.73, 48.39
2020-10-28, 09:47:27, 23.74, 48.36
2020-10-28, 09:47:28, 23.75, 48.39
2020-10-28, 09:47:30, 23.74, 48.39
2020-10-28, 09:47:31, 23.76, 48.36
2020-10-28, 09:47:32, 23.74, 48.36
2020-10-28, 09:47:34, 23.75, 48.39
2020-10-28, 09:47:35, 23.75, 48.36
2020-10-28, 09:47:36, 23.75, 48.39
2020-10-28, 09:47:38, 23.75, 48.36
2020-10-28, 09:47:39, 23.76, 48.36
2020-10-28, 09:47:40, 23.76, 48.36
2020-10-28, 09:47:42, 23.76, 48.39
2020-10-28, 09:47:43, 23.75, 48.36
2020-10-28, 09:47:45, 23.74, 48.36
2020-10-28, 09:47:46, 23.76, 48.36
2020-10-28, 09:47:47, 23.75, 48.39
2020-10-28, 09:47:49, 23.74, 48.36
2020-10-28, 09:47:50, 23.75, 48.36
2020-10-28, 09:47:51, 23.75, 48.36
2020-10-28, 09:47:53, 23.75, 48.36
2020-10-28, 09:47:54, 23.74, 48.36
2020-10-28, 09:47:55, 23.75, 48.36
2020-10-28, 09:47:57, 23.75, 48.36
2020-10-28, 09:47:58, 23.76, 48.36
2020-10-28, 09:48:00, 23.76, 48.36
2020-10-28, 09:48:01, 23.74, 48.36
2020-10-28, 09:48:02, 23.76, 48.36
2020-10-28, 09:48:04, 23.75, 48.36
2020-10-28, 09:48:05, 23.76, 48.36
2020-10-28, 09:48:06, 23.76, 48.36
2020-10-28, 09:48:08, 23.76, 48.36
2020-10-28, 09:48:09, 23.76, 48.36
2020-10-28, 09:48:10, 23.74, 48.36
2020-10-28, 09:48:12, 23.74, 48.36
2020-10-28, 09:48:13, 23.75, 48.33
2020-10-28, 09:48:14, 23.75, 48.36
2020-10-28, 09:48:16, 23.76, 48.36
2020-10-28, 09:48:17, 23.75, 48.33
2020-10-28, 09:48:19, 23.75, 48.36
2020-10-28, 09:48:20, 23.75, 48.36
2020-10-28, 09:48:21, 23.74, 48.36
2020-10-28, 09:48:23, 23.75, 48.36
2020-10-28, 09:48:24, 23.75, 48.36
2020-10-28, 09:48:25, 23.75, 48.36
2020-10-28, 09:48:27, 23.74, 48.36
2020-10-28, 09:48:28, 23.77, 48.36
2020-10-28, 09:48:29, 23.76, 48.33
2020-10-28, 09:48:31, 23.76, 48.36
2020-10-28, 09:48:32, 23.77, 48.36
2020-10-28, 09:48:33, 23.77, 48.36
2020-10-28, 09:48:35, 23.75, 48.36
2020-10-28, 09:48:36, 23.76, 48.36
2020-10-28, 09:48:37, 23.76, 48.36
2020-10-28, 09:48:39, 23.77, 48.36
2020-10-28, 09:48:40, 23.78, 48.36
2020-10-28, 09:48:42, 23.76, 48.33
2020-10-28, 09:48:43, 23.77, 48.36
2020-10-28, 09:48:44, 23.76, 48.36
2020-10-28, 09:48:46, 23.76, 48.36
2020-10-28, 09:48:47, 23.76, 48.36
2020-10-28, 09:48:48, 23.77, 48.36
2020-10-28, 09:48:50, 23.78, 48.36
2020-10-28, 09:48:51, 23.77, 48.36
2020-10-28, 09:48:52, 23.77, 48.33
2020-10-28, 09:48:54, 23.77, 48.36
2020-10-28, 09:48:55, 23.77, 48.36
2020-10-28, 09:48:56, 23.78, 48.36
2020-10-28, 09:48:58, 23.78, 48.36
2020-10-28, 09:48:59, 23.77, 48.36
2020-10-28, 09:49:01, 23.77, 48.36
2020-10-28, 09:49:02, 23.78, 48.36
2020-10-28, 09:49:03, 23.78, 48.36
2020-10-28, 09:49:05, 23.77, 48.36
2020-10-28, 09:49:06, 23.77, 48.36
2020-10-28, 09:49:07, 23.78, 48.36
2020-10-28, 09:49:09, 23.79, 48.36
2020-10-28, 09:49:10, 23.77, 48.36
2020-10-28, 09:49:11, 23.78, 48.36
2020-10-28, 09:49:13, 23.78, 48.36
2020-10-28, 09:49:14, 23.76, 48.36
2020-10-28, 09:49:15, 23.76, 48.36
2020-10-28, 09:49:17, 23.78, 48.36
2020-10-28, 09:49:18, 23.78, 48.36
2020-10-28, 09:49:19, 23.78, 48.36
2020-10-28, 09:49:21, 23.78, 48.36
2020-10-28, 09:49:22, 23.77, 48.36
2020-10-28, 09:49:24, 23.76, 48.39
2020-10-28, 09:49:25, 23.77, 48.39
2020-10-28, 09:49:26, 23.78, 48.36
2020-10-28, 09:49:28, 23.78, 48.39
2020-10-28, 09:49:29, 23.76, 48.36
2020-10-28, 09:49:30, 23.78, 48.36
2020-10-28, 09:49:32, 23.77, 48.36
2020-10-28, 09:49:33, 23.77, 48.36
2020-10-28, 09:49:34, 23.77, 48.36
2020-10-28, 09:49:36, 23.77, 48.39
2020-10-28, 09:49:37, 23.77, 48.36
2020-10-28, 09:49:38, 23.76, 48.36
2020-10-28, 09:49:40, 23.78, 48.36
2020-10-28, 09:49:41, 23.76, 48.36
2020-10-28, 09:49:43, 23.77, 48.36
2020-10-28, 09:49:44, 23.77, 48.39
2020-10-28, 09:49:45, 23.75, 48.39
2020-10-28, 09:49:47, 23.76, 48.39
2020-10-28, 09:49:48, 23.76, 48.42
2020-10-28, 09:49:49, 23.75, 48.42
2020-10-28, 09:49:51, 23.77, 48.43
2020-10-28, 09:49:52, 23.75, 48.42
2020-10-28, 09:49:53, 23.76, 48.39
2020-10-28, 09:49:55, 23.76, 48.39
2020-10-28, 09:49:56, 23.77, 48.43
2020-10-28, 09:49:57, 23.76, 48.42
2020-10-28, 09:49:59, 23.76, 48.42
2020-10-28, 09:50:00, 23.76, 48.42
2020-10-28, 09:50:01, 23.78, 48.43
2020-10-28, 09:50:03, 23.77, 48.43
2020-10-28, 09:50:04, 23.77, 48.43
2020-10-28, 09:50:06, 23.77, 48.43
2020-10-28, 09:50:07, 23.78, 48.39
2020-10-28, 09:50:08, 23.77, 48.43
2020-10-28, 09:50:10, 23.78, 48.43
2020-10-28, 09:50:11, 23.77, 48.43
2020-10-28, 09:50:12, 23.78, 48.43
2020-10-28, 09:50:14, 23.77, 48.43
2020-10-28, 09:50:15, 23.78, 48.43
2020-10-28, 09:50:16, 23.77, 48.43
2020-10-28, 09:50:18, 23.76, 48.42
2020-10-28, 09:50:19, 23.77, 48.43
2020-10-28, 09:50:20, 23.77, 48.43
2020-10-28, 09:50:22, 23.76, 48.42
2020-10-28, 09:50:23, 23.76, 48.46
2020-10-28, 09:50:24, 23.75, 48.45
2020-10-28, 09:50:26, 23.76, 48.46
2020-10-28, 09:50:27, 23.76, 48.46
2020-10-28, 09:50:29, 23.76, 48.49
2020-10-28, 09:50:30, 23.77, 48.49
2020-10-28, 09:50:31, 23.76, 48.49
2020-10-28, 09:50:33, 23.75, 48.49
2020-10-28, 09:50:34, 23.77, 48.49
2020-10-28, 09:50:35, 23.76, 48.49
2020-10-28, 09:50:37, 23.76, 48.49
2020-10-28, 09:50:38, 23.76, 48.49
2020-10-28, 09:50:39, 23.75, 48.49
2020-10-28, 09:50:41, 23.76, 48.49
2020-10-28, 09:50:42, 23.76, 48.49
2020-10-28, 09:50:43, 23.76, 48.49
2020-10-28, 09:50:45, 23.77, 48.49
2020-10-28, 09:50:46, 23.74, 48.49
2020-10-28, 09:50:48, 23.74, 48.49
2020-10-28, 09:50:49, 23.76, 48.49
2020-10-28, 09:50:50, 23.75, 48.45
2020-10-28, 09:50:52, 23.76, 48.49
2020-10-28, 09:50:53, 23.74, 48.49
2020-10-28, 09:50:54, 23.76, 48.46
2020-10-28, 09:50:56, 23.75, 48.49
2020-10-28, 09:50:57, 23.75, 48.49
2020-10-28, 09:50:58, 23.75, 48.49
2020-10-28, 09:51:00, 23.75, 48.49
2020-10-28, 09:51:01, 23.74, 48.49
2020-10-28, 09:51:02, 23.76, 48.46
2020-10-28, 09:51:04, 23.76, 48.49
2020-10-28, 09:51:05, 23.75, 48.49
2020-10-28, 09:51:07, 23.76, 48.49
2020-10-28, 09:51:08, 23.76, 48.49
2020-10-28, 09:51:09, 23.76, 48.49
2020-10-28, 09:51:11, 23.75, 48.49
2020-10-28, 09:51:12, 23.75, 48.49
2020-10-28, 09:51:13, 23.75, 48.49
2020-10-28, 09:51:15, 23.75, 48.49
2020-10-28, 09:51:16, 23.75, 48.49
2020-10-28, 09:51:17, 23.76, 48.52
2020-10-28, 09:51:19, 23.75, 48.49
2020-10-28, 09:51:20, 23.76, 48.52
2020-10-28, 09:51:21, 23.76, 48.52
2020-10-28, 09:51:23, 23.75, 48.55
2020-10-28, 09:51:24, 23.74, 48.52
2020-10-28, 09:51:26, 23.75, 48.52
2020-10-28, 09:51:27, 23.76, 48.55
2020-10-28, 09:51:28, 23.75, 48.55
2020-10-28, 09:51:30, 23.74, 48.55
2020-10-28, 09:51:31, 23.74, 48.55
2020-10-28, 09:51:32, 23.74, 48.55
2020-10-28, 09:51:34, 23.74, 48.55
2020-10-28, 09:51:35, 23.74, 48.55
2020-10-28, 09:51:36, 23.73, 48.55
2020-10-28, 09:51:38, 23.75, 48.55
2020-10-28, 09:51:39, 23.75, 48.55
2020-10-28, 09:51:40, 23.76, 48.55
2020-10-28, 09:51:42, 23.76, 48.55
2020-10-28, 09:51:43, 23.76, 48.55
2020-10-28, 09:51:44, 23.74, 48.55
2020-10-28, 09:51:46, 23.74, 48.55
2020-10-28, 09:51:47, 23.74, 48.55
2020-10-28, 09:51:49, 23.75, 48.55
2020-10-28, 09:51:50, 23.75, 48.55
2020-10-28, 09:51:51, 23.74, 48.58
2020-10-28, 09:51:53, 23.74, 48.55
2020-10-28, 09:51:54, 23.74, 48.58
2020-10-28, 09:51:55, 23.75, 48.58
2020-10-28, 09:51:57, 23.74, 48.58
2020-10-28, 09:51:58, 23.74, 48.58
2020-10-28, 09:51:59, 23.74, 48.58
2020-10-28, 09:52:01, 23.72, 48.58
2020-10-28, 09:52:02, 23.74, 48.58
2020-10-28, 09:52:03, 23.73, 48.58
2020-10-28, 09:52:05, 23.74, 48.61
2020-10-28, 09:52:06, 23.74, 48.58
2020-10-28, 09:52:08, 23.74, 48.58
2020-10-28, 09:52:09, 23.73, 48.61
2020-10-28, 09:52:10, 23.75, 48.61
2020-10-28, 09:52:12, 23.74, 48.58
2020-10-28, 09:52:13, 23.74, 48.61
2020-10-28, 09:52:14, 23.74, 48.61
2020-10-28, 09:52:16, 23.74, 48.58
2020-10-28, 09:52:17, 23.73, 48.58
2020-10-28, 09:52:18, 23.74, 48.61
2020-10-28, 09:52:20, 23.73, 48.61
2020-10-28, 09:52:21, 23.73, 48.61
2020-10-28, 09:52:22, 23.73, 48.64
2020-10-28, 09:52:24, 23.74, 48.64
2020-10-28, 09:52:25, 23.72, 48.64
2020-10-28, 09:52:27, 23.74, 48.64
2020-10-28, 09:52:28, 23.74, 48.61
2020-10-28, 09:52:29, 23.74, 48.61
2020-10-28, 09:52:31, 23.73, 48.64
2020-10-28, 09:52:32, 23.73, 48.64
2020-10-28, 09:52:33, 23.74, 48.64
2020-10-28, 09:52:35, 23.73, 48.64
2020-10-28, 09:52:36, 23.74, 48.64
2020-10-28, 09:52:37, 23.74, 48.68
2020-10-28, 09:52:39, 23.72, 48.67
2020-10-28, 09:52:40, 23.72, 48.67
2020-10-28, 09:52:41, 23.73, 48.68
2020-10-28, 09:52:43, 23.73, 48.68
2020-10-28, 09:52:44, 23.74, 48.68
2020-10-28, 09:52:45, 23.73, 48.68
2020-10-28, 09:52:47, 23.72, 48.67
2020-10-28, 09:52:48, 23.72, 48.67
2020-10-28, 09:52:50, 23.72, 48.67
2020-10-28, 09:52:51, 23.71, 48.7
2020-10-28, 09:52:52, 23.72, 48.71
2020-10-28, 09:52:54, 23.7, 48.67
2020-10-28, 09:52:55, 23.72, 48.71
2020-10-28, 09:52:56, 23.72, 48.71
2020-10-28, 09:52:58, 23.72, 48.71
2020-10-28, 09:52:59, 23.73, 48.71
2020-10-28, 09:53:00, 23.71, 48.7
2020-10-28, 09:53:02, 23.73, 48.71
2020-10-28, 09:53:03, 23.72, 48.67
2020-10-28, 09:53:04, 23.72, 48.67
2020-10-28, 09:53:06, 23.72, 48.67
2020-10-28, 09:53:07, 23.72, 48.71
2020-10-28, 09:53:09, 23.72, 48.67
2020-10-28, 09:53:10, 23.73, 48.71
2020-10-28, 09:53:11, 23.72, 48.71
2020-10-28, 09:53:13, 23.73, 48.71
2020-10-28, 09:53:14, 23.72, 48.74
2020-10-28, 09:53:15, 23.72, 48.71
2020-10-28, 09:53:17, 23.72, 48.71
2020-10-28, 09:53:18, 23.72, 48.74
2020-10-28, 09:53:19, 23.72, 48.71
2020-10-28, 09:53:21, 23.71, 48.74
2020-10-28, 09:53:22, 23.72, 48.71
2020-10-28, 09:53:23, 23.72, 48.71
2020-10-28, 09:53:25, 23.73, 48.71
2020-10-28, 09:53:26, 23.72, 48.71
2020-10-28, 09:53:27, 23.74, 48.71
2020-10-28, 09:53:29, 23.72, 48.71
2020-10-28, 09:53:30, 23.72, 48.67
2020-10-28, 09:53:32, 23.72, 48.74
2020-10-28, 09:53:33, 23.71, 48.7
2020-10-28, 09:53:34, 23.72, 48.71
2020-10-28, 09:53:36, 23.72, 48.71
2020-10-28, 09:53:37, 23.73, 48.68
2020-10-28, 09:53:38, 23.73, 48.71
2020-10-28, 09:53:40, 23.73, 48.71
2020-10-28, 09:53:41, 23.71, 48.74
2020-10-28, 09:53:42, 23.72, 48.71
2020-10-28, 09:53:44, 23.73, 48.71
2020-10-28, 09:53:45, 23.72, 48.74
2020-10-28, 09:53:46, 23.72, 48.71
2020-10-28, 09:53:48, 23.72, 48.74
2020-10-28, 09:53:49, 23.72, 48.74
2020-10-28, 09:53:50, 23.72, 48.74
2020-10-28, 09:53:52, 23.72, 48.74
2020-10-28, 09:53:53, 23.72, 48.74
2020-10-28, 09:53:55, 23.72, 48.74
2020-10-28, 09:53:56, 23.72, 48.74
2020-10-28, 09:53:57, 23.72, 48.74
2020-10-28, 09:53:59, 23.72, 48.74
2020-10-28, 09:54:00, 23.72, 48.74
2020-10-28, 09:54:01, 23.71, 48.74
2020-10-28, 09:54:03, 23.7, 48.73
2020-10-28, 09:54:04, 23.72, 48.74
2020-10-28, 09:54:05, 23.7, 48.77
2020-10-28, 09:54:07, 23.72, 48.77
2020-10-28, 09:54:08, 23.72, 48.77
2020-10-28, 09:54:09, 23.71, 48.77
2020-10-28, 09:54:11, 23.69, 48.77
2020-10-28, 09:54:12, 23.72, 48.77
2020-10-28, 09:54:14, 23.72, 48.77
2020-10-28, 09:54:15, 23.7, 48.73
2020-10-28, 09:54:16, 23.7, 48.77
2020-10-28, 09:54:18, 23.7, 48.77
2020-10-28, 09:54:19, 23.69, 48.77
2020-10-28, 09:54:20, 23.72, 48.8
2020-10-28, 09:54:22, 23.7, 48.8
2020-10-28, 09:54:23, 23.71, 48.77
2020-10-28, 09:54:24, 23.7, 48.77
2020-10-28, 09:54:26, 23.7, 48.8
2020-10-28, 09:54:27, 23.69, 48.8
2020-10-28, 09:54:28, 23.7, 48.8
2020-10-28, 09:54:30, 23.7, 48.8
2020-10-28, 09:54:31, 23.7, 48.8
2020-10-28, 09:54:32, 23.7, 48.8
2020-10-28, 09:54:34, 23.7, 48.8
2020-10-28, 09:54:35, 23.72, 48.77
2020-10-28, 09:54:37, 23.71, 48.8
2020-10-28, 09:54:38, 23.7, 48.8
2020-10-28, 09:54:39, 23.7, 48.8
2020-10-28, 09:54:41, 23.7, 48.8
2020-10-28, 09:54:42, 23.7, 48.8
2020-10-28, 09:54:43, 23.71, 48.8
2020-10-28, 09:54:45, 23.7, 48.8
2020-10-28, 09:54:46, 23.7, 48.8
2020-10-28, 09:54:47, 23.71, 48.8
2020-10-28, 09:54:49, 23.71, 48.8
2020-10-28, 09:54:50, 23.71, 48.8
2020-10-28, 09:54:51, 23.7, 48.8
2020-10-28, 09:54:53, 23.71, 48.8
2020-10-28, 09:54:54, 23.7, 48.8
2020-10-28, 09:54:55, 23.71, 48.8
2020-10-28, 09:54:57, 23.71, 48.8
2020-10-28, 09:54:58, 23.7, 48.8
2020-10-28, 09:55:00, 23.7, 48.83
2020-10-28, 09:55:01, 23.69, 48.8
2020-10-28, 09:55:02, 23.72, 48.83
2020-10-28, 09:55:04, 23.71, 48.8
2020-10-28, 09:55:05, 23.71, 48.8
2020-10-28, 09:55:06, 23.72, 48.83
2020-10-28, 09:55:08, 23.7, 48.83
2020-10-28, 09:55:09, 23.71, 48.83
2020-10-28, 09:55:10, 23.7, 48.83
2020-10-28, 09:55:12, 23.72, 48.83
2020-10-28, 09:55:13, 23.72, 48.86
2020-10-28, 09:55:14, 23.7, 48.86
2020-10-28, 09:55:16, 23.69, 48.86
2020-10-28, 09:55:17, 23.69, 48.83
2020-10-28, 09:55:19, 23.69, 48.86
2020-10-28, 09:55:20, 23.7, 48.83
2020-10-28, 09:55:21, 23.69, 48.86
2020-10-28, 09:55:23, 23.7, 48.86
2020-10-28, 09:55:24, 23.69, 48.89
2020-10-28, 09:55:25, 23.7, 48.89
2020-10-28, 09:55:27, 23.68, 48.89
2020-10-28, 09:55:28, 23.69, 48.92
2020-10-28, 09:55:29, 23.68, 48.89
2020-10-28, 09:55:31, 23.67, 48.89
2020-10-28, 09:55:32, 23.68, 48.89
2020-10-28, 09:55:33, 23.67, 48.89
2020-10-28, 09:55:35, 23.68, 48.92
2020-10-28, 09:55:36, 23.67, 48.92
2020-10-28, 09:55:38, 23.68, 48.92
2020-10-28, 09:55:39, 23.68, 48.92
2020-10-28, 09:55:40, 23.68, 48.92
2020-10-28, 09:55:42, 23.67, 48.92
2020-10-28, 09:55:43, 23.68, 48.92
2020-10-28, 09:55:44, 23.67, 48.92
2020-10-28, 09:55:46, 23.67, 48.92
2020-10-28, 09:55:47, 23.68, 48.92
2020-10-28, 09:55:48, 23.67, 48.92
2020-10-28, 09:55:50, 23.66, 48.92
2020-10-28, 09:55:51, 23.68, 48.92
2020-10-28, 09:55:52, 23.67, 48.92
2020-10-28, 09:55:54, 23.68, 48.92
2020-10-28, 09:55:55, 23.68, 48.92
2020-10-28, 09:55:57, 23.68, 48.96
2020-10-28, 09:55:58, 23.68, 48.92
2020-10-28, 09:55:59, 23.68, 48.92
2020-10-28, 09:56:01, 23.68, 48.92
2020-10-28, 09:56:02, 23.66, 48.92
2020-10-28, 09:56:03, 23.66, 48.92
2020-10-28, 09:56:05, 23.66, 48.92
2020-10-28, 09:56:06, 23.68, 48.92
2020-10-28, 09:56:07, 23.67, 48.95
2020-10-28, 09:56:09, 23.67, 48.92
2020-10-28, 09:56:10, 23.66, 48.92
2020-10-28, 09:56:11, 23.66, 48.92
2020-10-28, 09:56:13, 23.66, 48.95
2020-10-28, 09:56:14, 23.64, 48.95
2020-10-28, 09:56:15, 23.66, 48.95
2020-10-28, 09:56:17, 23.66, 48.98
2020-10-28, 09:56:18, 23.67, 48.99
2020-10-28, 09:56:20, 23.67, 48.99
2020-10-28, 09:56:21, 23.65, 48.98
2020-10-28, 09:56:22, 23.66, 48.98
2020-10-28, 09:56:24, 23.66, 48.98
2020-10-28, 09:56:25, 23.66, 48.98
2020-10-28, 09:56:26, 23.66, 48.98
2020-10-28, 09:56:28, 23.65, 48.98
2020-10-28, 09:56:29, 23.65, 48.98
2020-10-28, 09:56:30, 23.66, 48.98
2020-10-28, 09:56:32, 23.64, 48.98
2020-10-28, 09:56:33, 23.64, 48.98
2020-10-28, 09:56:34, 23.65, 48.98
2020-10-28, 09:56:36, 23.64, 49.01
2020-10-28, 09:56:37, 23.64, 49.01
2020-10-28, 09:56:39, 23.63, 49.01
2020-10-28, 09:56:40, 23.65, 49.02
2020-10-28, 09:56:41, 23.65, 49.02
2020-10-28, 09:56:43, 23.64, 49.01
2020-10-28, 09:56:44, 23.64, 49.05
2020-10-28, 09:56:45, 23.63, 49.04
2020-10-28, 09:56:47, 23.63, 49.01
2020-10-28, 09:56:48, 23.64, 49.05
2020-10-28, 09:56:49, 23.64, 49.01
2020-10-28, 09:56:51, 23.64, 49.05
2020-10-28, 09:56:52, 23.64, 49.05
2020-10-28, 09:56:53, 23.63, 49.01
2020-10-28, 09:56:55, 23.62, 49.04
2020-10-28, 09:56:56, 23.63, 49.04
2020-10-28, 09:56:58, 23.64, 49.05
2020-10-28, 09:56:59, 23.63, 49.04
2020-10-28, 09:57:00, 23.62, 49.04
2020-10-28, 09:57:02, 23.63, 49.08
2020-10-28, 09:57:03, 23.63, 49.04
2020-10-28, 09:57:04, 23.64, 49.05
2020-10-28, 09:57:06, 23.63, 49.04
2020-10-28, 09:57:07, 23.62, 49.07
2020-10-28, 09:57:08, 23.64, 49.05
2020-10-28, 09:57:10, 23.62, 49.07
2020-10-28, 09:57:11, 23.62, 49.07
2020-10-28, 09:57:12, 23.61, 49.07
2020-10-28, 09:57:14, 23.62, 49.07
2020-10-28, 09:57:15, 23.62, 49.07
2020-10-28, 09:57:17, 23.6, 49.07
2020-10-28, 09:57:18, 23.61, 49.11
2020-10-28, 09:57:19, 23.61, 49.11
2020-10-28, 09:57:21, 23.62, 49.11
2020-10-28, 09:57:22, 23.62, 49.11
2020-10-28, 09:57:23, 23.62, 49.11
2020-10-28, 09:57:25, 23.61, 49.11
2020-10-28, 09:57:26, 23.61, 49.11
2020-10-28, 09:57:27, 23.62, 49.14
2020-10-28, 09:57:29, 23.61, 49.11
2020-10-28, 09:57:30, 23.59, 49.13
2020-10-28, 09:57:31, 23.61, 49.14
2020-10-28, 09:57:33, 23.62, 49.14
2020-10-28, 09:57:34, 23.62, 49.14
2020-10-28, 09:57:36, 23.61, 49.14
2020-10-28, 09:57:37, 23.61, 49.14
2020-10-28, 09:57:38, 23.6, 49.14
2020-10-28, 09:57:40, 23.6, 49.1
2020-10-28, 09:57:41, 23.59, 49.13
2020-10-28, 09:57:42, 23.6, 49.14
2020-10-28, 09:57:44, 23.62, 49.14
2020-10-28, 09:57:45, 23.6, 49.17
2020-10-28, 09:57:46, 23.61, 49.17
2020-10-28, 09:57:48, 23.6, 49.14
2020-10-28, 09:57:49, 23.62, 49.17
2020-10-28, 09:57:50, 23.6, 49.17
2020-10-28, 09:57:52, 23.6, 49.17
2020-10-28, 09:57:53, 23.59, 49.17
2020-10-28, 09:57:55, 23.6, 49.17
2020-10-28, 09:57:56, 23.59, 49.17
2020-10-28, 09:57:57, 23.6, 49.17
2020-10-28, 09:57:59, 23.6, 49.17
2020-10-28, 09:58:00, 23.6, 49.17
2020-10-28, 09:58:01, 23.6, 49.17
2020-10-28, 09:58:03, 23.6, 49.17
2020-10-28, 09:58:04, 23.6, 49.17
2020-10-28, 09:58:05, 23.6, 49.17
2020-10-28, 09:58:07, 23.59, 49.17
2020-10-28, 09:58:08, 23.59, 49.2
2020-10-28, 09:58:09, 23.6, 49.17
2020-10-28, 09:58:11, 23.6, 49.17
2020-10-28, 09:58:12, 23.59, 49.2
2020-10-28, 09:58:14, 23.6, 49.2
2020-10-28, 09:58:15, 23.6, 49.2
2020-10-28, 09:58:16, 23.6, 49.23
2020-10-28, 09:58:18, 23.59, 49.2
2020-10-28, 09:58:19, 23.58, 49.23
2020-10-28, 09:58:20, 23.58, 49.2
2020-10-28, 09:58:22, 23.58, 49.23
2020-10-28, 09:58:23, 23.59, 49.23
2020-10-28, 09:58:24, 23.59, 49.23
2020-10-28, 09:58:26, 23.6, 49.23
2020-10-28, 09:58:27, 23.59, 49.23
2020-10-28, 09:58:28, 23.58, 49.23
2020-10-28, 09:58:30, 23.59, 49.23
2020-10-28, 09:58:31, 23.59, 49.23
2020-10-28, 09:58:33, 23.58, 49.23
2020-10-28, 09:58:34, 23.59, 49.23
2020-10-28, 09:58:35, 23.59, 49.23
2020-10-28, 09:58:37, 23.58, 49.23
2020-10-28, 09:58:38, 23.58, 49.23
2020-10-28, 09:58:39, 23.59, 49.23
2020-10-28, 09:58:41, 23.58, 49.23
2020-10-28, 09:58:42, 23.59, 49.23
2020-10-28, 09:58:43, 23.58, 49.2
2020-10-28, 09:58:45, 23.58, 49.23
2020-10-28, 09:58:46, 23.59, 49.2
2020-10-28, 09:58:47, 23.58, 49.23
2020-10-28, 09:58:49, 23.59, 49.23
2020-10-28, 09:58:50, 23.58, 49.23
2020-10-28, 09:58:51, 23.59, 49.2
2020-10-28, 09:58:53, 23.59, 49.2
2020-10-28, 09:58:54, 23.59, 49.23
2020-10-28, 09:58:56, 23.6, 49.2
2020-10-28, 09:58:57, 23.61, 49.2
2020-10-28, 09:58:58, 23.6, 49.2
2020-10-28, 09:59:00, 23.6, 49.2
2020-10-28, 09:59:01, 23.6, 49.2
2020-10-28, 09:59:02, 23.59, 49.2
2020-10-28, 09:59:04, 23.6, 49.2
2020-10-28, 09:59:05, 23.59, 49.2
2020-10-28, 09:59:06, 23.6, 49.17
2020-10-28, 09:59:08, 23.59, 49.17
2020-10-28, 09:59:09, 23.6, 49.17
2020-10-28, 09:59:10, 23.59, 49.17
2020-10-28, 09:59:12, 23.59, 49.17
2020-10-28, 09:59:13, 23.58, 49.17
2020-10-28, 09:59:15, 23.59, 49.17
2020-10-28, 09:59:16, 23.59, 49.17
2020-10-28, 09:59:17, 23.6, 49.17
2020-10-28, 09:59:19, 23.6, 49.17
2020-10-28, 09:59:20, 23.6, 49.17
2020-10-28, 09:59:21, 23.59, 49.13
2020-10-28, 09:59:23, 23.6, 49.17
2020-10-28, 09:59:24, 23.6, 49.14
2020-10-28, 09:59:25, 23.59, 49.13
2020-10-28, 09:59:27, 23.6, 49.14
2020-10-28, 09:59:28, 23.59, 49.17
2020-10-28, 09:59:29, 23.58, 49.13
2020-10-28, 09:59:31, 23.6, 49.14
2020-10-28, 09:59:32, 23.6, 49.14
2020-10-28, 09:59:34, 23.61, 49.17
2020-10-28, 09:59:35, 23.6, 49.14
2020-10-28, 09:59:36, 23.61, 49.14
2020-10-28, 09:59:38, 23.59, 49.13
2020-10-28, 09:59:39, 23.59, 49.1
2020-10-28, 09:59:40, 23.6, 49.1
2020-10-28, 09:59:42, 23.61, 49.11
2020-10-28, 09:59:43, 23.6, 49.14
2020-10-28, 09:59:44, 23.59, 49.1
2020-10-28, 09:59:46, 23.6, 49.14
2020-10-28, 09:59:47, 23.6, 49.1
2020-10-28, 09:59:48, 23.59, 49.1
2020-10-28, 09:59:50, 23.6, 49.1
2020-10-28, 09:59:51, 23.6, 49.1
2020-10-28, 09:59:53, 23.6, 49.1
2020-10-28, 09:59:54, 23.59, 49.1
2020-10-28, 09:59:55, 23.58, 49.1
2020-10-28, 09:59:57, 23.6, 49.1
2020-10-28, 09:59:58, 23.59, 49.1
2020-10-28, 09:59:59, 23.6, 49.1
2020-10-28, 10:00:01, 23.59, 49.1
2020-10-28, 10:00:02, 23.58, 49.1
2020-10-28, 10:00:03, 23.59, 49.1
2020-10-28, 10:00:05, 23.56, 49.1
2020-10-28, 10:00:06, 23.56, 49.13
2020-10-28, 10:00:08, 23.59, 49.13
2020-10-28, 10:00:09, 23.6, 49.1
2020-10-28, 10:00:10, 23.58, 49.1
2020-10-28, 10:00:12, 23.58, 49.13
2020-10-28, 10:00:13, 23.58, 49.13
2020-10-28, 10:00:15, 23.59, 49.1
2020-10-28, 10:00:16, 23.6, 49.14
2020-10-28, 10:00:17, 23.58, 49.1
2020-10-28, 10:00:19, 23.59, 49.1
2020-10-28, 10:00:20, 23.58, 49.1
2020-10-28, 10:00:21, 23.59, 49.1
2020-10-28, 10:00:23, 23.6, 49.1
2020-10-28, 10:00:24, 23.6, 49.1
2020-10-28, 10:00:25, 23.6, 49.1
2020-10-28, 10:00:27, 23.6, 49.1
2020-10-28, 10:00:28, 23.59, 49.1
2020-10-28, 10:00:30, 23.59, 49.1
2020-10-28, 10:00:31, 23.59, 49.1
2020-10-28, 10:00:32, 23.6, 49.1
2020-10-28, 10:00:34, 23.6, 49.1
2020-10-28, 10:00:35, 23.61, 49.07
2020-10-28, 10:00:36, 23.59, 49.07
2020-10-28, 10:00:38, 23.61, 49.07
2020-10-28, 10:00:39, 23.6, 49.07
2020-10-28, 10:00:40, 23.6, 49.07
2020-10-28, 10:00:42, 23.6, 49.07
2020-10-28, 10:00:43, 23.61, 49.07
2020-10-28, 10:00:44, 23.6, 49.07
2020-10-28, 10:00:46, 23.6, 49.04
2020-10-28, 10:00:47, 23.59, 49.04
2020-10-28, 10:00:49, 23.62, 49.04
2020-10-28, 10:00:50, 23.6, 49.04
2020-10-28, 10:00:51, 23.61, 49.04
2020-10-28, 10:00:53, 23.6, 49.04
2020-10-28, 10:00:54, 23.6, 49.04
2020-10-28, 10:00:55, 23.59, 49.04
2020-10-28, 10:00:57, 23.59, 49.04
2020-10-28, 10:00:58, 23.58, 49.04
2020-10-28, 10:00:59, 23.6, 49.04
2020-10-28, 10:01:01, 23.59, 49.04
2020-10-28, 10:01:02, 23.6, 49.04
2020-10-28, 10:01:04, 23.59, 49.04
2020-10-28, 10:01:05, 23.61, 49.04
2020-10-28, 10:01:06, 23.61, 49.04
2020-10-28, 10:01:08, 23.62, 49.04
2020-10-28, 10:01:09, 23.6, 49.04
2020-10-28, 10:01:10, 23.62, 49.04
2020-10-28, 10:01:12, 23.62, 49.01
2020-10-28, 10:01:13, 23.61, 49.01
2020-10-28, 10:01:14, 23.62, 49.01
2020-10-28, 10:01:16, 23.61, 49.01
2020-10-28, 10:01:17, 23.62, 49.01
2020-10-28, 10:01:18, 23.62, 48.98
2020-10-28, 10:01:20, 23.62, 49.01
2020-10-28, 10:01:21, 23.62, 48.98
2020-10-28, 10:01:23, 23.61, 48.98
2020-10-28, 10:01:24, 23.62, 48.98
2020-10-28, 10:01:25, 23.61, 48.98
2020-10-28, 10:01:27, 23.6, 48.98
2020-10-28, 10:01:28, 23.62, 48.98
2020-10-28, 10:01:29, 23.61, 48.98
2020-10-28, 10:01:31, 23.61, 48.98
2020-10-28, 10:01:32, 23.62, 48.98
2020-10-28, 10:01:33, 23.6, 48.98
2020-10-28, 10:01:35, 23.62, 48.98
2020-10-28, 10:01:36, 23.61, 48.98
2020-10-28, 10:01:37, 23.62, 48.98
2020-10-28, 10:01:39, 23.62, 48.95
2020-10-28, 10:01:40, 23.62, 48.98
2020-10-28, 10:01:42, 23.61, 48.91
2020-10-28, 10:01:43, 23.62, 48.95
2020-10-28, 10:01:44, 23.62, 48.95
2020-10-28, 10:01:46, 23.61, 48.95
2020-10-28, 10:01:47, 23.63, 48.95
2020-10-28, 10:01:48, 23.61, 48.91
2020-10-28, 10:01:50, 23.62, 48.95
2020-10-28, 10:01:51, 23.62, 48.95
2020-10-28, 10:01:52, 23.62, 48.95
2020-10-28, 10:01:54, 23.62, 48.95
2020-10-28, 10:01:55, 23.62, 48.95
2020-10-28, 10:01:56, 23.62, 48.95
2020-10-28, 10:01:58, 23.61, 48.91
2020-10-28, 10:01:59, 23.62, 48.95
2020-10-28, 10:02:01, 23.62, 48.92
2020-10-28, 10:02:02, 23.63, 48.92
2020-10-28, 10:02:03, 23.62, 48.95
2020-10-28, 10:02:05, 23.62, 48.92
2020-10-28, 10:02:06, 23.62, 48.92
2020-10-28, 10:02:07, 23.61, 48.91
2020-10-28, 10:02:09, 23.62, 48.92
2020-10-28, 10:02:10, 23.62, 48.92
2020-10-28, 10:02:11, 23.63, 48.92
2020-10-28, 10:02:13, 23.63, 48.92
2020-10-28, 10:02:14, 23.61, 48.91
2020-10-28, 10:02:15, 23.64, 48.92
2020-10-28, 10:02:17, 23.62, 48.92
2020-10-28, 10:02:18, 23.61, 48.91
2020-10-28, 10:02:20, 23.63, 48.92
2020-10-28, 10:02:21, 23.62, 48.92
2020-10-28, 10:02:22, 23.62, 48.92
2020-10-28, 10:02:24, 23.63, 48.92
2020-10-28, 10:02:25, 23.62, 48.88
2020-10-28, 10:02:26, 23.62, 48.88
2020-10-28, 10:02:28, 23.62, 48.88
2020-10-28, 10:02:29, 23.62, 48.88
2020-10-28, 10:02:30, 23.62, 48.85
2020-10-28, 10:02:32, 23.62, 48.85
2020-10-28, 10:02:33, 23.62, 48.85
2020-10-28, 10:02:34, 23.62, 48.85
2020-10-28, 10:02:36, 23.63, 48.85
2020-10-28, 10:02:37, 23.62, 48.85
2020-10-28, 10:02:39, 23.63, 48.85
2020-10-28, 10:02:40, 23.62, 48.85
2020-10-28, 10:02:41, 23.63, 48.85
2020-10-28, 10:02:43, 23.63, 48.85
2020-10-28, 10:02:44, 23.63, 48.85
2020-10-28, 10:02:45, 23.63, 48.85
2020-10-28, 10:02:47, 23.62, 48.85
2020-10-28, 10:02:48, 23.62, 48.85
2020-10-28, 10:02:49, 23.62, 48.85
2020-10-28, 10:02:51, 23.63, 48.82
2020-10-28, 10:02:52, 23.64, 48.85
2020-10-28, 10:02:53, 23.63, 48.82
2020-10-28, 10:02:55, 23.63, 48.82
2020-10-28, 10:02:56, 23.62, 48.85
2020-10-28, 10:02:58, 23.62, 48.82
2020-10-28, 10:02:59, 23.63, 48.85
2020-10-28, 10:03:00, 23.63, 48.82
2020-10-28, 10:03:02, 23.63, 48.82
2020-10-28, 10:03:03, 23.64, 48.82
2020-10-28, 10:03:04, 23.64, 48.82
2020-10-28, 10:03:06, 23.64, 48.82
2020-10-28, 10:03:07, 23.63, 48.82
2020-10-28, 10:03:08, 23.62, 48.82
2020-10-28, 10:03:10, 23.64, 48.82
2020-10-28, 10:03:11, 23.63, 48.82
2020-10-28, 10:03:12, 23.63, 48.82
2020-10-28, 10:03:14, 23.63, 48.82
2020-10-28, 10:03:15, 23.63, 48.82
2020-10-28, 10:03:17, 23.63, 48.79
2020-10-28, 10:03:18, 23.63, 48.82
2020-10-28, 10:03:19, 23.64, 48.79
2020-10-28, 10:03:21, 23.64, 48.79
2020-10-28, 10:03:22, 23.62, 48.82
2020-10-28, 10:03:23, 23.62, 48.79
2020-10-28, 10:03:25, 23.64, 48.79
2020-10-28, 10:03:26, 23.64, 48.79
2020-10-28, 10:03:27, 23.62, 48.79
2020-10-28, 10:03:29, 23.62, 48.79
2020-10-28, 10:03:30, 23.63, 48.79
2020-10-28, 10:03:31, 23.62, 48.79
2020-10-28, 10:03:33, 23.63, 48.79
2020-10-28, 10:03:34, 23.63, 48.79
2020-10-28, 10:03:36, 23.62, 48.79
2020-10-28, 10:03:37, 23.62, 48.79
2020-10-28, 10:03:38, 23.62, 48.79
2020-10-28, 10:03:40, 23.63, 48.79
2020-10-28, 10:03:41, 23.61, 48.79
2020-10-28, 10:03:42, 23.63, 48.79
2020-10-28, 10:03:44, 23.62, 48.79
2020-10-28, 10:03:45, 23.63, 48.79
2020-10-28, 10:03:46, 23.63, 48.79
2020-10-28, 10:03:48, 23.64, 48.79
2020-10-28, 10:03:49, 23.64, 48.76
2020-10-28, 10:03:50, 23.64, 48.79
2020-10-28, 10:03:52, 23.63, 48.76
2020-10-28, 10:03:53, 23.63, 48.76
2020-10-28, 10:03:54, 23.63, 48.76
2020-10-28, 10:03:56, 23.64, 48.76
2020-10-28, 10:03:57, 23.63, 48.73
2020-10-28, 10:03:59, 23.63, 48.76
2020-10-28, 10:04:00, 23.64, 48.73
2020-10-28, 10:04:01, 23.64, 48.76
2020-10-28, 10:04:03, 23.64, 48.73
2020-10-28, 10:04:04, 23.64, 48.76
2020-10-28, 10:04:05, 23.64, 48.73
2020-10-28, 10:04:07, 23.64, 48.73
2020-10-28, 10:04:08, 23.63, 48.73
2020-10-28, 10:04:09, 23.65, 48.73
2020-10-28, 10:04:11, 23.64, 48.73
2020-10-28, 10:04:12, 23.64, 48.73
2020-10-28, 10:04:13, 23.64, 48.73
2020-10-28, 10:04:15, 23.64, 48.73
2020-10-28, 10:04:16, 23.64, 48.73
2020-10-28, 10:04:18, 23.65, 48.73
2020-10-28, 10:04:19, 23.64, 48.73
2020-10-28, 10:04:20, 23.65, 48.73
2020-10-28, 10:04:22, 23.64, 48.73
2020-10-28, 10:04:23, 23.64, 48.73
2020-10-28, 10:04:24, 23.64, 48.7
2020-10-28, 10:04:26, 23.64, 48.73
2020-10-28, 10:04:27, 23.64, 48.7
2020-10-28, 10:04:28, 23.63, 48.69
2020-10-28, 10:04:30, 23.64, 48.73
2020-10-28, 10:04:31, 23.64, 48.7
2020-10-28, 10:04:32, 23.64, 48.7
2020-10-28, 10:04:34, 23.64, 48.7
2020-10-28, 10:04:35, 23.64, 48.7
2020-10-28, 10:04:37, 23.64, 48.7
2020-10-28, 10:04:38, 23.63, 48.69
2020-10-28, 10:04:39, 23.62, 48.69
2020-10-28, 10:04:41, 23.62, 48.69
2020-10-28, 10:04:42, 23.64, 48.7
2020-10-28, 10:04:43, 23.64, 48.66
2020-10-28, 10:04:45, 23.64, 48.7
2020-10-28, 10:04:46, 23.62, 48.66
2020-10-28, 10:04:47, 23.64, 48.7
2020-10-28, 10:04:49, 23.64, 48.7
2020-10-28, 10:04:50, 23.64, 48.66
2020-10-28, 10:04:51, 23.63, 48.66
2020-10-28, 10:04:53, 23.64, 48.66
2020-10-28, 10:04:54, 23.64, 48.66
2020-10-28, 10:04:56, 23.64, 48.66
2020-10-28, 10:04:57, 23.64, 48.66
2020-10-28, 10:04:58, 23.64, 48.66
2020-10-28, 10:05:00, 23.64, 48.63
2020-10-28, 10:05:01, 23.64, 48.66
2020-10-28, 10:05:02, 23.66, 48.67
2020-10-28, 10:05:04, 23.64, 48.66
2020-10-28, 10:05:05, 23.65, 48.66
2020-10-28, 10:05:06, 23.66, 48.67
2020-10-28, 10:05:08, 23.65, 48.66
2020-10-28, 10:05:09, 23.66, 48.67
2020-10-28, 10:05:10, 23.66, 48.67
2020-10-28, 10:05:12, 23.65, 48.63
2020-10-28, 10:05:13, 23.65, 48.63
2020-10-28, 10:05:15, 23.67, 48.64
2020-10-28, 10:05:16, 23.66, 48.63
2020-10-28, 10:05:17, 23.67, 48.64
2020-10-28, 10:05:19, 23.63, 48.6
2020-10-28, 10:05:20, 23.66, 48.63
2020-10-28, 10:05:21, 23.66, 48.63
2020-10-28, 10:05:23, 23.65, 48.63
2020-10-28, 10:05:24, 23.66, 48.63
2020-10-28, 10:05:25, 23.64, 48.63
2020-10-28, 10:05:27, 23.65, 48.63
2020-10-28, 10:05:28, 23.66, 48.6
2020-10-28, 10:05:29, 23.65, 48.6
2020-10-28, 10:05:31, 23.64, 48.6
2020-10-28, 10:05:32, 23.64, 48.6
2020-10-28, 10:05:34, 23.65, 48.6
2020-10-28, 10:05:35, 23.66, 48.6
2020-10-28, 10:05:36, 23.66, 48.6
2020-10-28, 10:05:38, 23.66, 48.6
2020-10-28, 10:05:39, 23.67, 48.6
2020-10-28, 10:05:40, 23.66, 48.6
2020-10-28, 10:05:42, 23.65, 48.6
2020-10-28, 10:05:43, 23.66, 48.6
2020-10-28, 10:05:44, 23.64, 48.6
2020-10-28, 10:05:46, 23.66, 48.6
2020-10-28, 10:05:47, 23.66, 48.6
2020-10-28, 10:05:48, 23.65, 48.6
2020-10-28, 10:05:50, 23.66, 48.6
2020-10-28, 10:05:51, 23.66, 48.6
2020-10-28, 10:05:52, 23.66, 48.6
2020-10-28, 10:05:54, 23.66, 48.6
2020-10-28, 10:05:55, 23.66, 48.57
2020-10-28, 10:05:57, 23.66, 48.6
2020-10-28, 10:05:58, 23.66, 48.57
2020-10-28, 10:05:59, 23.65, 48.6
2020-10-28, 10:06:01, 23.66, 48.6
2020-10-28, 10:06:02, 23.67, 48.57
2020-10-28, 10:06:03, 23.66, 48.57
2020-10-28, 10:06:05, 23.65, 48.6
2020-10-28, 10:06:06, 23.66, 48.57
2020-10-28, 10:06:07, 23.65, 48.57
2020-10-28, 10:06:09, 23.67, 48.57
2020-10-28, 10:06:10, 23.66, 48.57
2020-10-28, 10:06:11, 23.66, 48.57
2020-10-28, 10:06:13, 23.66, 48.57
2020-10-28, 10:06:14, 23.66, 48.57
2020-10-28, 10:06:16, 23.65, 48.54
2020-10-28, 10:06:17, 23.66, 48.57
2020-10-28, 10:06:18, 23.67, 48.54
2020-10-28, 10:06:20, 23.67, 48.54
2020-10-28, 10:06:21, 23.66, 48.54
2020-10-28, 10:06:22, 23.66, 48.54
2020-10-28, 10:06:24, 23.66, 48.54
2020-10-28, 10:06:25, 23.66, 48.54
2020-10-28, 10:06:26, 23.66, 48.54
2020-10-28, 10:06:28, 23.66, 48.54
2020-10-28, 10:06:29, 23.66, 48.54
2020-10-28, 10:06:30, 23.66, 48.54
2020-10-28, 10:06:32, 23.66, 48.54
2020-10-28, 10:06:33, 23.66, 48.54
2020-10-28, 10:06:34, 23.66, 48.54
2020-10-28, 10:06:36, 23.65, 48.54
2020-10-28, 10:06:37, 23.66, 48.54
2020-10-28, 10:06:39, 23.67, 48.54
2020-10-28, 10:06:40, 23.66, 48.54
2020-10-28, 10:06:41, 23.65, 48.54
2020-10-28, 10:06:43, 23.67, 48.54
2020-10-28, 10:06:44, 23.67, 48.54
2020-10-28, 10:06:45, 23.67, 48.51
2020-10-28, 10:06:47, 23.68, 48.54
2020-10-28, 10:06:48, 23.68, 48.51
2020-10-28, 10:06:49, 23.66, 48.51
2020-10-28, 10:06:51, 23.66, 48.54
2020-10-28, 10:06:52, 23.66, 48.54
2020-10-28, 10:06:53, 23.66, 48.54
2020-10-28, 10:06:55, 23.68, 48.54
2020-10-28, 10:06:56, 23.67, 48.51
2020-10-28, 10:06:58, 23.68, 48.51
2020-10-28, 10:06:59, 23.68, 48.51
2020-10-28, 10:07:00, 23.68, 48.51
2020-10-28, 10:07:02, 23.68, 48.51
2020-10-28, 10:07:03, 23.68, 48.51
2020-10-28, 10:07:04, 23.67, 48.51
2020-10-28, 10:07:06, 23.69, 48.51
2020-10-28, 10:07:07, 23.67, 48.51
2020-10-28, 10:07:08, 23.69, 48.51
2020-10-28, 10:07:10, 23.68, 48.51
2020-10-28, 10:07:11, 23.68, 48.48
2020-10-28, 10:07:13, 23.68, 48.48
2020-10-28, 10:07:14, 23.69, 48.48
2020-10-28, 10:07:15, 23.68, 48.48
2020-10-28, 10:07:17, 23.69, 48.48
2020-10-28, 10:07:18, 23.66, 48.47
2020-10-28, 10:07:19, 23.67, 48.48
2020-10-28, 10:07:21, 23.68, 48.48
2020-10-28, 10:07:22, 23.68, 48.48
2020-10-28, 10:07:23, 23.69, 48.45
2020-10-28, 10:07:25, 23.68, 48.48
2020-10-28, 10:07:26, 23.69, 48.48
2020-10-28, 10:07:27, 23.68, 48.45
2020-10-28, 10:07:29, 23.67, 48.48
2020-10-28, 10:07:30, 23.68, 48.48
2020-10-28, 10:07:32, 23.68, 48.48
2020-10-28, 10:07:33, 23.7, 48.48
2020-10-28, 10:07:34, 23.68, 48.45
2020-10-28, 10:07:36, 23.69, 48.45
2020-10-28, 10:07:37, 23.69, 48.45
2020-10-28, 10:07:38, 23.7, 48.45
2020-10-28, 10:07:40, 23.68, 48.45
2020-10-28, 10:07:41, 23.7, 48.45
2020-10-28, 10:07:42, 23.69, 48.45
2020-10-28, 10:07:44, 23.69, 48.45
2020-10-28, 10:07:45, 23.7, 48.45
2020-10-28, 10:07:46, 23.7, 48.45
2020-10-28, 10:07:48, 23.7, 48.45
2020-10-28, 10:07:49, 23.69, 48.41
2020-10-28, 10:07:51, 23.7, 48.42
2020-10-28, 10:07:52, 23.7, 48.42
2020-10-28, 10:07:53, 23.71, 48.45
2020-10-28, 10:07:55, 23.71, 48.42
2020-10-28, 10:07:56, 23.7, 48.42
2020-10-28, 10:07:57, 23.7, 48.42
2020-10-28, 10:07:59, 23.71, 48.42
2020-10-28, 10:08:00, 23.7, 48.42
2020-10-28, 10:08:01, 23.7, 48.42
2020-10-28, 10:08:03, 23.71, 48.42
2020-10-28, 10:08:04, 23.71, 48.42
2020-10-28, 10:08:05, 23.72, 48.42
2020-10-28, 10:08:07, 23.72, 48.42
2020-10-28, 10:08:08, 23.72, 48.42
2020-10-28, 10:08:10, 23.73, 48.42
2020-10-28, 10:08:11, 23.73, 48.42
2020-10-28, 10:08:12, 23.72, 48.39
2020-10-28, 10:08:14, 23.74, 48.39
2020-10-28, 10:08:15, 23.72, 48.35
2020-10-28, 10:08:16, 23.74, 48.39
2020-10-28, 10:08:18, 23.72, 48.39
2020-10-28, 10:08:19, 23.72, 48.39
2020-10-28, 10:08:20, 23.73, 48.39
2020-10-28, 10:08:22, 23.73, 48.36
2020-10-28, 10:08:23, 23.72, 48.35
2020-10-28, 10:08:24, 23.74, 48.39
2020-10-28, 10:08:26, 23.73, 48.39
2020-10-28, 10:08:27, 23.72, 48.39
2020-10-28, 10:08:28, 23.75, 48.39
2020-10-28, 10:08:30, 23.74, 48.36
2020-10-28, 10:08:31, 23.73, 48.36
2020-10-28, 10:08:33, 23.74, 48.36
2020-10-28, 10:08:34, 23.73, 48.36
2020-10-28, 10:08:35, 23.74, 48.36
2020-10-28, 10:08:37, 23.75, 48.36
2020-10-28, 10:08:38, 23.74, 48.36
2020-10-28, 10:08:39, 23.74, 48.36
2020-10-28, 10:08:41, 23.74, 48.36
2020-10-28, 10:08:42, 23.75, 48.36
2020-10-28, 10:08:43, 23.74, 48.36
2020-10-28, 10:08:45, 23.74, 48.36
2020-10-28, 10:08:46, 23.76, 48.33
2020-10-28, 10:08:47, 23.75, 48.33
2020-10-28, 10:08:49, 23.74, 48.36
2020-10-28, 10:08:50, 23.75, 48.33
2020-10-28, 10:08:52, 23.76, 48.3
2020-10-28, 10:08:53, 23.76, 48.33
2020-10-28, 10:08:54, 23.75, 48.33
2020-10-28, 10:08:56, 23.75, 48.33
2020-10-28, 10:08:57, 23.75, 48.33
2020-10-28, 10:08:58, 23.76, 48.33
2020-10-28, 10:09:00, 23.76, 48.3
2020-10-28, 10:09:01, 23.76, 48.33
2020-10-28, 10:09:02, 23.74, 48.29
2020-10-28, 10:09:04, 23.75, 48.29
2020-10-28, 10:09:05, 23.76, 48.3
2020-10-28, 10:09:06, 23.76, 48.3
2020-10-28, 10:09:08, 23.76, 48.3
2020-10-28, 10:09:09, 23.76, 48.3
2020-10-28, 10:09:10, 23.75, 48.29
2020-10-28, 10:09:12, 23.76, 48.3
2020-10-28, 10:09:13, 23.76, 48.3
2020-10-28, 10:09:15, 23.76, 48.3
2020-10-28, 10:09:16, 23.76, 48.3
2020-10-28, 10:09:17, 23.75, 48.29
2020-10-28, 10:09:19, 23.75, 48.29
2020-10-28, 10:09:20, 23.76, 48.26
2020-10-28, 10:09:21, 23.76, 48.3
2020-10-28, 10:09:23, 23.74, 48.29
2020-10-28, 10:09:24, 23.76, 48.3
2020-10-28, 10:09:25, 23.76, 48.26
2020-10-28, 10:09:27, 23.76, 48.3
2020-10-28, 10:09:28, 23.77, 48.3
2020-10-28, 10:09:29, 23.77, 48.27
2020-10-28, 10:09:31, 23.75, 48.26
2020-10-28, 10:09:32, 23.77, 48.27
2020-10-28, 10:09:34, 23.76, 48.26
2020-10-28, 10:09:35, 23.76, 48.26
2020-10-28, 10:09:36, 23.76, 48.26
2020-10-28, 10:09:38, 23.76, 48.26
2020-10-28, 10:09:39, 23.75, 48.26
2020-10-28, 10:09:40, 23.76, 48.26
2020-10-28, 10:09:42, 23.74, 48.26
2020-10-28, 10:09:43, 23.76, 48.26
2020-10-28, 10:09:44, 23.74, 48.26
2020-10-28, 10:09:46, 23.74, 48.26
2020-10-28, 10:09:47, 23.76, 48.3
2020-10-28, 10:09:48, 23.75, 48.26
2020-10-28, 10:09:50, 23.75, 48.29
2020-10-28, 10:09:51, 23.76, 48.26
2020-10-28, 10:09:53, 23.76, 48.3
2020-10-28, 10:09:54, 23.76, 48.26
2020-10-28, 10:09:55, 23.76, 48.3
2020-10-28, 10:09:57, 23.76, 48.26
2020-10-28, 10:09:58, 23.77, 48.27
2020-10-28, 10:09:59, 23.76, 48.26
2020-10-28, 10:10:01, 23.77, 48.27
2020-10-28, 10:10:02, 23.76, 48.26
2020-10-28, 10:10:03, 23.76, 48.26
2020-10-28, 10:10:05, 23.77, 48.27
2020-10-28, 10:10:06, 23.78, 48.27
2020-10-28, 10:10:07, 23.77, 48.27
2020-10-28, 10:10:09, 23.77, 48.27
2020-10-28, 10:10:10, 23.77, 48.27
2020-10-28, 10:10:12, 23.78, 48.3
2020-10-28, 10:10:13, 23.78, 48.27
2020-10-28, 10:10:14, 23.76, 48.26
2020-10-28, 10:10:16, 23.77, 48.27
2020-10-28, 10:10:17, 23.76, 48.26
2020-10-28, 10:10:18, 23.77, 48.3
2020-10-28, 10:10:20, 23.76, 48.26
2020-10-28, 10:10:21, 23.76, 48.3
2020-10-28, 10:10:22, 23.77, 48.27
2020-10-28, 10:10:24, 23.76, 48.26
2020-10-28, 10:10:25, 23.77, 48.27
2020-10-28, 10:10:26, 23.76, 48.26
2020-10-28, 10:10:28, 23.77, 48.3
2020-10-28, 10:10:29, 23.77, 48.3
2020-10-28, 10:10:30, 23.76, 48.23
2020-10-28, 10:10:32, 23.77, 48.27
2020-10-28, 10:10:33, 23.76, 48.23
2020-10-28, 10:10:35, 23.77, 48.27
2020-10-28, 10:10:36, 23.77, 48.27
2020-10-28, 10:10:37, 23.76, 48.26
2020-10-28, 10:10:39, 23.77, 48.3
2020-10-28, 10:10:40, 23.77, 48.23
2020-10-28, 10:10:41, 23.77, 48.3
2020-10-28, 10:10:43, 23.77, 48.27
2020-10-28, 10:10:44, 23.75, 48.26
2020-10-28, 10:10:45, 23.77, 48.27
2020-10-28, 10:10:47, 23.78, 48.27
2020-10-28, 10:10:48, 23.77, 48.27
2020-10-28, 10:10:49, 23.78, 48.27
2020-10-28, 10:10:51, 23.76, 48.26
2020-10-28, 10:10:52, 23.78, 48.27
2020-10-28, 10:10:54, 23.76, 48.26
2020-10-28, 10:10:55, 23.77, 48.27
2020-10-28, 10:10:56, 23.76, 48.3
2020-10-28, 10:10:58, 23.77, 48.27
2020-10-28, 10:10:59, 23.77, 48.23
2020-10-28, 10:11:00, 23.78, 48.27
2020-10-28, 10:11:02, 23.78, 48.27
2020-10-28, 10:11:03, 23.77, 48.27
2020-10-28, 10:11:04, 23.79, 48.3
2020-10-28, 10:11:06, 23.78, 48.3
2020-10-28, 10:11:07, 23.78, 48.27
2020-10-28, 10:11:08, 23.78, 48.3
2020-10-28, 10:11:10, 23.78, 48.3
2020-10-28, 10:11:11, 23.77, 48.27
2020-10-28, 10:11:12, 23.78, 48.27
2020-10-28, 10:11:14, 23.79, 48.27
2020-10-28, 10:11:15, 23.79, 48.27
2020-10-28, 10:11:17, 23.77, 48.27
2020-10-28, 10:11:18, 23.78, 48.27
2020-10-28, 10:11:19, 23.79, 48.27
2020-10-28, 10:11:21, 23.78, 48.23
2020-10-28, 10:11:22, 23.78, 48.27
2020-10-28, 10:11:23, 23.79, 48.27
2020-10-28, 10:11:25, 23.78, 48.3
2020-10-28, 10:11:26, 23.79, 48.3
2020-10-28, 10:11:27, 23.78, 48.3
2020-10-28, 10:11:29, 23.78, 48.3
2020-10-28, 10:11:30, 23.77, 48.3
2020-10-28, 10:11:31, 23.79, 48.3
2020-10-28, 10:11:33, 23.77, 48.3
2020-10-28, 10:11:34, 23.79, 48.3
2020-10-28, 10:11:36, 23.79, 48.3
2020-10-28, 10:11:37, 23.78, 48.3
2020-10-28, 10:11:38, 23.78, 48.33
2020-10-28, 10:11:40, 23.78, 48.3
2020-10-28, 10:11:41, 23.76, 48.3
2020-10-28, 10:11:42, 23.76, 48.3
2020-10-28, 10:11:44, 23.78, 48.3
2020-10-28, 10:11:45, 23.77, 48.3
2020-10-28, 10:11:46, 23.78, 48.3
2020-10-28, 10:11:48, 23.78, 48.3
2020-10-28, 10:11:49, 23.77, 48.3
2020-10-28, 10:11:50, 23.78, 48.3
2020-10-28, 10:11:52, 23.78, 48.3
2020-10-28, 10:11:53, 23.79, 48.3
2020-10-28, 10:11:54, 23.8, 48.3
2020-10-28, 10:11:56, 23.79, 48.3
2020-10-28, 10:11:57, 23.8, 48.3
2020-10-28, 10:11:59, 23.79, 48.3
2020-10-28, 10:12:00, 23.8, 48.3
2020-10-28, 10:12:01, 23.8, 48.33
2020-10-28, 10:12:03, 23.8, 48.3
2020-10-28, 10:12:04, 23.8, 48.3
2020-10-28, 10:12:05, 23.81, 48.3
2020-10-28, 10:12:07, 23.79, 48.3
2020-10-28, 10:12:08, 23.8, 48.3
2020-10-28, 10:12:09, 23.8, 48.3
2020-10-28, 10:12:11, 23.79, 48.3
2020-10-28, 10:12:12, 23.8, 48.3
2020-10-28, 10:12:13, 23.8, 48.3
2020-10-28, 10:12:15, 23.8, 48.3
2020-10-28, 10:12:16, 23.8, 48.3
2020-10-28, 10:12:18, 23.8, 48.3
2020-10-28, 10:12:19, 23.79, 48.33
2020-10-28, 10:12:20, 23.79, 48.33
2020-10-28, 10:12:22, 23.79, 48.33
2020-10-28, 10:12:23, 23.79, 48.33
2020-10-28, 10:12:24, 23.8, 48.3
2020-10-28, 10:12:26, 23.8, 48.33
2020-10-28, 10:12:27, 23.8, 48.3
2020-10-28, 10:12:28, 23.79, 48.3
2020-10-28, 10:12:30, 23.8, 48.3
2020-10-28, 10:12:31, 23.8, 48.3
2020-10-28, 10:12:32, 23.8, 48.33
2020-10-28, 10:12:34, 23.79, 48.33
2020-10-28, 10:12:35, 23.8, 48.33
2020-10-28, 10:12:36, 23.8, 48.33
2020-10-28, 10:12:38, 23.8, 48.33
2020-10-28, 10:12:39, 23.8, 48.33
2020-10-28, 10:12:41, 23.8, 48.3
2020-10-28, 10:12:42, 23.8, 48.33
2020-10-28, 10:12:43, 23.8, 48.33
2020-10-28, 10:12:45, 23.8, 48.33
2020-10-28, 10:12:46, 23.8, 48.33
2020-10-28, 10:12:47, 23.79, 48.33
2020-10-28, 10:12:49, 23.8, 48.33
2020-10-28, 10:12:50, 23.79, 48.33
2020-10-28, 10:12:51, 23.8, 48.37
2020-10-28, 10:12:53, 23.79, 48.36
2020-10-28, 10:12:54, 23.81, 48.37
2020-10-28, 10:12:55, 23.8, 48.37
2020-10-28, 10:12:57, 23.8, 48.37
2020-10-28, 10:12:58, 23.78, 48.36
2020-10-28, 10:13:00, 23.79, 48.36
2020-10-28, 10:13:01, 23.8, 48.33
2020-10-28, 10:13:02, 23.79, 48.36
2020-10-28, 10:13:04, 23.8, 48.37
2020-10-28, 10:13:05, 23.78, 48.33
2020-10-28, 10:13:06, 23.78, 48.33
2020-10-28, 10:13:08, 23.78, 48.36
2020-10-28, 10:13:09, 23.79, 48.36
2020-10-28, 10:13:10, 23.78, 48.36
2020-10-28, 10:13:12, 23.78, 48.36
2020-10-28, 10:13:13, 23.79, 48.36
2020-10-28, 10:13:14, 23.78, 48.36
2020-10-28, 10:13:16, 23.79, 48.36
2020-10-28, 10:13:17, 23.78, 48.36
2020-10-28, 10:13:18, 23.79, 48.36
2020-10-28, 10:13:20, 23.78, 48.39
2020-10-28, 10:13:21, 23.78, 48.36
2020-10-28, 10:13:23, 23.78, 48.36
2020-10-28, 10:13:24, 23.78, 48.39
2020-10-28, 10:13:25, 23.78, 48.36
2020-10-28, 10:13:27, 23.79, 48.4
2020-10-28, 10:13:28, 23.78, 48.36
2020-10-28, 10:13:29, 23.79, 48.4
2020-10-28, 10:13:31, 23.79, 48.36
2020-10-28, 10:13:32, 23.78, 48.36
2020-10-28, 10:13:33, 23.79, 48.36
2020-10-28, 10:13:35, 23.79, 48.36
2020-10-28, 10:13:36, 23.78, 48.39
2020-10-28, 10:13:38, 23.78, 48.36
2020-10-28, 10:13:39, 23.78, 48.36
2020-10-28, 10:13:40, 23.79, 48.4
2020-10-28, 10:13:42, 23.78, 48.36
2020-10-28, 10:13:43, 23.79, 48.4
2020-10-28, 10:13:44, 23.78, 48.36
2020-10-28, 10:13:46, 23.79, 48.4
2020-10-28, 10:13:47, 23.79, 48.43
2020-10-28, 10:13:48, 23.78, 48.43
2020-10-28, 10:13:50, 23.78, 48.43
2020-10-28, 10:13:51, 23.78, 48.43
2020-10-28, 10:13:52, 23.78, 48.46
2020-10-28, 10:13:54, 23.77, 48.46
2020-10-28, 10:13:55, 23.78, 48.46
2020-10-28, 10:13:57, 23.77, 48.46
2020-10-28, 10:13:58, 23.78, 48.46
2020-10-28, 10:13:59, 23.77, 48.43
2020-10-28, 10:14:01, 23.78, 48.43
2020-10-28, 10:14:02, 23.77, 48.46
2020-10-28, 10:14:03, 23.77, 48.46
2020-10-28, 10:14:05, 23.77, 48.46
2020-10-28, 10:14:06, 23.77, 48.46
2020-10-28, 10:14:07, 23.77, 48.49
2020-10-28, 10:14:09, 23.77, 48.49
2020-10-28, 10:14:10, 23.76, 48.49
2020-10-28, 10:14:11, 23.78, 48.49
2020-10-28, 10:14:13, 23.77, 48.46
2020-10-28, 10:14:14, 23.77, 48.46
2020-10-28, 10:14:16, 23.77, 48.49
2020-10-28, 10:14:17, 23.78, 48.49
2020-10-28, 10:14:18, 23.78, 48.46
2020-10-28, 10:14:20, 23.78, 48.46
2020-10-28, 10:14:21, 23.78, 48.49
2020-10-28, 10:14:22, 23.77, 48.46
2020-10-28, 10:14:24, 23.77, 48.46
2020-10-28, 10:14:25, 23.77, 48.46
2020-10-28, 10:14:26, 23.78, 48.46
2020-10-28, 10:14:28, 23.78, 48.46
2020-10-28, 10:14:29, 23.78, 48.46
2020-10-28, 10:14:30, 23.77, 48.49
2020-10-28, 10:14:32, 23.77, 48.49
2020-10-28, 10:14:33, 23.78, 48.49
2020-10-28, 10:14:35, 23.78, 48.46
2020-10-28, 10:14:36, 23.76, 48.46
2020-10-28, 10:14:37, 23.78, 48.46
2020-10-28, 10:14:39, 23.77, 48.49
2020-10-28, 10:14:40, 23.77, 48.49
2020-10-28, 10:14:41, 23.77, 48.49
2020-10-28, 10:14:43, 23.78, 48.49
2020-10-28, 10:14:44, 23.78, 48.49
2020-10-28, 10:14:45, 23.78, 48.49
2020-10-28, 10:14:47, 23.77, 48.49
2020-10-28, 10:14:48, 23.77, 48.49
2020-10-28, 10:14:49, 23.78, 48.49
2020-10-28, 10:14:51, 23.76, 48.49
2020-10-28, 10:14:52, 23.76, 48.49
2020-10-28, 10:14:54, 23.77, 48.52
2020-10-28, 10:14:55, 23.76, 48.55
2020-10-28, 10:14:56, 23.77, 48.55
2020-10-28, 10:14:58, 23.76, 48.55
2020-10-28, 10:14:59, 23.76, 48.55
2020-10-28, 10:15:00, 23.77, 48.55
2020-10-28, 10:15:02, 23.76, 48.55
2020-10-28, 10:15:03, 23.76, 48.55
2020-10-28, 10:15:04, 23.76, 48.55
2020-10-28, 10:15:06, 23.76, 48.55
2020-10-28, 10:15:07, 23.76, 48.55
2020-10-28, 10:15:08, 23.76, 48.55
2020-10-28, 10:15:10, 23.76, 48.55
2020-10-28, 10:15:11, 23.76, 48.55
2020-10-28, 10:15:13, 23.76, 48.55
2020-10-28, 10:15:14, 23.76, 48.58
2020-10-28, 10:15:15, 23.76, 48.58
2020-10-28, 10:15:17, 23.77, 48.58
2020-10-28, 10:15:18, 23.76, 48.55
2020-10-28, 10:15:19, 23.76, 48.58
2020-10-28, 10:15:21, 23.75, 48.61
2020-10-28, 10:15:22, 23.75, 48.58
2020-10-28, 10:15:23, 23.76, 48.58
2020-10-28, 10:15:25, 23.76, 48.58
2020-10-28, 10:15:26, 23.76, 48.58
2020-10-28, 10:15:27, 23.74, 48.61
2020-10-28, 10:15:29, 23.74, 48.61
2020-10-28, 10:15:30, 23.75, 48.61
2020-10-28, 10:15:32, 23.75, 48.61
2020-10-28, 10:15:33, 23.74, 48.64
2020-10-28, 10:15:34, 23.75, 48.61
2020-10-28, 10:15:36, 23.74, 48.61
2020-10-28, 10:15:37, 23.73, 48.64
2020-10-28, 10:15:38, 23.74, 48.68
2020-10-28, 10:15:40, 23.74, 48.64
2020-10-28, 10:15:41, 23.75, 48.65
2020-10-28, 10:15:42, 23.72, 48.64
2020-10-28, 10:15:44, 23.75, 48.68
2020-10-28, 10:15:45, 23.74, 48.68
2020-10-28, 10:15:47, 23.76, 48.68
2020-10-28, 10:15:48, 23.75, 48.68
2020-10-28, 10:15:49, 23.74, 48.68
2020-10-28, 10:15:51, 23.73, 48.68
2020-10-28, 10:15:52, 23.74, 48.64
2020-10-28, 10:15:53, 23.75, 48.65
2020-10-28, 10:15:55, 23.75, 48.65
2020-10-28, 10:15:56, 23.76, 48.68
2020-10-28, 10:15:57, 23.76, 48.65
2020-10-28, 10:15:59, 23.74, 48.64
2020-10-28, 10:16:00, 23.74, 48.68
2020-10-28, 10:16:01, 23.75, 48.68
2020-10-28, 10:16:03, 23.74, 48.68
2020-10-28, 10:16:04, 23.74, 48.68
2020-10-28, 10:16:05, 23.76, 48.68
2020-10-28, 10:16:07, 23.76, 48.68
2020-10-28, 10:16:08, 23.74, 48.64
2020-10-28, 10:16:10, 23.74, 48.68
2020-10-28, 10:16:11, 23.74, 48.68
2020-10-28, 10:16:12, 23.76, 48.68
2020-10-28, 10:16:14, 23.75, 48.68
2020-10-28, 10:16:15, 23.74, 48.68
2020-10-28, 10:16:16, 23.74, 48.68
2020-10-28, 10:16:18, 23.75, 48.68
2020-10-28, 10:16:19, 23.75, 48.68
2020-10-28, 10:16:20, 23.75, 48.68
2020-10-28, 10:16:22, 23.74, 48.68
2020-10-28, 10:16:23, 23.76, 48.68
2020-10-28, 10:16:24, 23.74, 48.68
2020-10-28, 10:16:26, 23.74, 48.71
2020-10-28, 10:16:27, 23.74, 48.68
2020-10-28, 10:16:29, 23.74, 48.68
2020-10-28, 10:16:30, 23.74, 48.71
2020-10-28, 10:16:31, 23.74, 48.71
2020-10-28, 10:16:33, 23.74, 48.71
2020-10-28, 10:16:34, 23.74, 48.71
2020-10-28, 10:16:35, 23.74, 48.71
2020-10-28, 10:16:37, 23.75, 48.71
2020-10-28, 10:16:38, 23.74, 48.71
2020-10-28, 10:16:39, 23.75, 48.71
2020-10-28, 10:16:41, 23.75, 48.71
2020-10-28, 10:16:42, 23.75, 48.74
2020-10-28, 10:16:43, 23.74, 48.74
2020-10-28, 10:16:45, 23.74, 48.71
2020-10-28, 10:16:46, 23.74, 48.74
2020-10-28, 10:16:47, 23.73, 48.74
2020-10-28, 10:16:49, 23.73, 48.77
2020-10-28, 10:16:50, 23.72, 48.74
2020-10-28, 10:16:52, 23.72, 48.77
2020-10-28, 10:16:53, 23.7, 48.77
2020-10-28, 10:16:54, 23.72, 48.8
2020-10-28, 10:16:56, 23.71, 48.8
2020-10-28, 10:16:57, 23.71, 48.8
2020-10-28, 10:16:58, 23.72, 48.8
2020-10-28, 10:17:00, 23.71, 48.77
2020-10-28, 10:17:01, 23.72, 48.8
2020-10-28, 10:17:02, 23.72, 48.8
2020-10-28, 10:17:04, 23.71, 48.8
2020-10-28, 10:17:05, 23.72, 48.8
2020-10-28, 10:17:06, 23.72, 48.8
2020-10-28, 10:17:08, 23.72, 48.8
2020-10-28, 10:17:09, 23.72, 48.8
2020-10-28, 10:17:11, 23.71, 48.8
2020-10-28, 10:17:12, 23.72, 48.8
2020-10-28, 10:17:13, 23.72, 48.8
2020-10-28, 10:17:15, 23.7, 48.8
2020-10-28, 10:17:16, 23.7, 48.8
2020-10-28, 10:17:17, 23.71, 48.8
2020-10-28, 10:17:19, 23.71, 48.8
2020-10-28, 10:17:20, 23.7, 48.8
2020-10-28, 10:17:21, 23.71, 48.83
2020-10-28, 10:17:23, 23.7, 48.83
2020-10-28, 10:17:24, 23.71, 48.83
2020-10-28, 10:17:25, 23.7, 48.83
2020-10-28, 10:17:27, 23.7, 48.86
2020-10-28, 10:17:28, 23.7, 48.86
2020-10-28, 10:17:29, 23.69, 48.83
2020-10-28, 10:17:31, 23.68, 48.83
2020-10-28, 10:17:32, 23.69, 48.86
2020-10-28, 10:17:34, 23.7, 48.83
2020-10-28, 10:17:35, 23.68, 48.86
2020-10-28, 10:17:36, 23.68, 48.86
2020-10-28, 10:17:38, 23.69, 48.86
2020-10-28, 10:17:39, 23.69, 48.86
2020-10-28, 10:17:40, 23.69, 48.89
2020-10-28, 10:17:42, 23.67, 48.86
2020-10-28, 10:17:43, 23.69, 48.86
2020-10-28, 10:17:44, 23.68, 48.86
2020-10-28, 10:17:46, 23.68, 48.86
2020-10-28, 10:17:47, 23.68, 48.86
2020-10-28, 10:17:48, 23.67, 48.86
2020-10-28, 10:17:50, 23.66, 48.89
2020-10-28, 10:17:51, 23.7, 48.86
2020-10-28, 10:17:53, 23.69, 48.86
2020-10-28, 10:17:54, 23.68, 48.86
2020-10-28, 10:17:55, 23.69, 48.86
2020-10-28, 10:17:57, 23.69, 48.89
2020-10-28, 10:17:58, 23.68, 48.89
2020-10-28, 10:17:59, 23.67, 48.89
2020-10-28, 10:18:01, 23.67, 48.89
2020-10-28, 10:18:02, 23.67, 48.89
2020-10-28, 10:18:03, 23.66, 48.92
2020-10-28, 10:18:05, 23.66, 48.92
2020-10-28, 10:18:06, 23.65, 48.92
2020-10-28, 10:18:07, 23.66, 48.92
2020-10-28, 10:18:09, 23.66, 48.92
2020-10-28, 10:18:10, 23.67, 48.92
2020-10-28, 10:18:11, 23.66, 48.92
2020-10-28, 10:18:13, 23.66, 48.92
2020-10-28, 10:18:14, 23.66, 48.92
2020-10-28, 10:18:16, 23.66, 48.92
2020-10-28, 10:18:17, 23.65, 48.92
2020-10-28, 10:18:18, 23.63, 48.92
2020-10-28, 10:18:20, 23.64, 48.92
2020-10-28, 10:18:21, 23.63, 48.92
2020-10-28, 10:18:22, 23.64, 48.92
2020-10-28, 10:18:24, 23.64, 48.95
2020-10-28, 10:18:25, 23.64, 48.95
2020-10-28, 10:18:26, 23.65, 48.95
2020-10-28, 10:18:28, 23.65, 48.95
2020-10-28, 10:18:29, 23.65, 48.95
2020-10-28, 10:18:30, 23.65, 48.95
2020-10-28, 10:18:32, 23.66, 48.95
2020-10-28, 10:18:33, 23.64, 48.95
2020-10-28, 10:18:35, 23.65, 48.95
2020-10-28, 10:18:36, 23.66, 48.95
2020-10-28, 10:18:37, 23.66, 48.95
2020-10-28, 10:18:39, 23.64, 48.95
2020-10-28, 10:18:40, 23.65, 48.98
2020-10-28, 10:18:41, 23.66, 48.95
2020-10-28, 10:18:43, 23.66, 48.95
2020-10-28, 10:18:44, 23.65, 48.95
2020-10-28, 10:18:45, 23.65, 48.95
2020-10-28, 10:18:47, 23.64, 48.95
2020-10-28, 10:18:48, 23.64, 48.98
2020-10-28, 10:18:49, 23.64, 48.98
2020-10-28, 10:18:51, 23.64, 48.95
2020-10-28, 10:18:52, 23.62, 48.95
2020-10-28, 10:18:54, 23.64, 48.95
2020-10-28, 10:18:55, 23.64, 48.95
2020-10-28, 10:18:56, 23.64, 48.95
2020-10-28, 10:18:58, 23.65, 48.95
2020-10-28, 10:18:59, 23.64, 48.95
2020-10-28, 10:19:00, 23.66, 48.95
2020-10-28, 10:19:02, 23.66, 48.98
2020-10-28, 10:19:03, 23.64, 48.95
2020-10-28, 10:19:04, 23.63, 48.95
2020-10-28, 10:19:06, 23.64, 48.95
2020-10-28, 10:19:07, 23.64, 48.95
2020-10-28, 10:19:08, 23.63, 48.95
2020-10-28, 10:19:10, 23.65, 48.95
2020-10-28, 10:19:11, 23.65, 48.95
2020-10-28, 10:19:13, 23.64, 48.95
2020-10-28, 10:19:14, 23.64, 48.92
2020-10-28, 10:19:15, 23.64, 48.95
2020-10-28, 10:19:17, 23.64, 48.95
2020-10-28, 10:19:18, 23.64, 48.92
2020-10-28, 10:19:19, 23.64, 48.92
2020-10-28, 10:19:21, 23.64, 48.92
2020-10-28, 10:19:22, 23.64, 48.92
2020-10-28, 10:19:23, 23.64, 48.92
2020-10-28, 10:19:25, 23.64, 48.92
2020-10-28, 10:19:26, 23.64, 48.92
2020-10-28, 10:19:27, 23.63, 48.92
2020-10-28, 10:19:29, 23.63, 48.92
2020-10-28, 10:19:30, 23.59, 48.91
2020-10-28, 10:19:32, 23.63, 48.92
2020-10-28, 10:19:33, 23.63, 48.92
2020-10-28, 10:19:34, 23.62, 48.92
2020-10-28, 10:19:36, 23.63, 48.92
2020-10-28, 10:19:37, 23.62, 48.92
2020-10-28, 10:19:38, 23.62, 48.92
2020-10-28, 10:19:40, 23.62, 48.92
2020-10-28, 10:19:41, 23.61, 48.91
2020-10-28, 10:19:42, 23.62, 48.92
2020-10-28, 10:19:44, 23.63, 48.92
2020-10-28, 10:19:45, 23.62, 48.92
2020-10-28, 10:19:47, 23.62, 48.92
2020-10-28, 10:19:48, 23.62, 48.92
2020-10-28, 10:19:49, 23.62, 48.92
2020-10-28, 10:19:51, 23.62, 48.92
2020-10-28, 10:19:52, 23.64, 48.92
2020-10-28, 10:19:53, 23.63, 48.92
2020-10-28, 10:19:55, 23.63, 48.92
2020-10-28, 10:19:56, 23.63, 48.92
2020-10-28, 10:19:57, 23.64, 48.89
2020-10-28, 10:19:59, 23.64, 48.89
2020-10-28, 10:20:00, 23.63, 48.89
2020-10-28, 10:20:01, 23.62, 48.88
2020-10-28, 10:20:03, 23.62, 48.88
2020-10-28, 10:20:04, 23.62, 48.88
2020-10-28, 10:20:06, 23.63, 48.89
2020-10-28, 10:20:07, 23.63, 48.89
2020-10-28, 10:20:08, 23.62, 48.88
2020-10-28, 10:20:10, 23.63, 48.89
2020-10-28, 10:20:11, 23.64, 48.89
2020-10-28, 10:20:12, 23.62, 48.85
2020-10-28, 10:20:14, 23.62, 48.85
2020-10-28, 10:20:15, 23.63, 48.85
2020-10-28, 10:20:16, 23.63, 48.85
2020-10-28, 10:20:18, 23.62, 48.85
2020-10-28, 10:20:19, 23.63, 48.85
2020-10-28, 10:20:20, 23.63, 48.85
2020-10-28, 10:20:22, 23.62, 48.85
2020-10-28, 10:20:23, 23.62, 48.85
2020-10-28, 10:20:24, 23.61, 48.85
2020-10-28, 10:20:26, 23.61, 48.85
2020-10-28, 10:20:27, 23.6, 48.85
2020-10-28, 10:20:29, 23.61, 48.85
2020-10-28, 10:20:30, 23.6, 48.85
2020-10-28, 10:20:31, 23.6, 48.85
2020-10-28, 10:20:33, 23.61, 48.88
2020-10-28, 10:20:34, 23.61, 48.85
2020-10-28, 10:20:35, 23.59, 48.85
2020-10-28, 10:20:37, 23.61, 48.85
2020-10-28, 10:20:38, 23.62, 48.85
2020-10-28, 10:20:39, 23.6, 48.88
2020-10-28, 10:20:41, 23.61, 48.85
2020-10-28, 10:20:42, 23.62, 48.85
2020-10-28, 10:20:43, 23.61, 48.88
2020-10-28, 10:20:45, 23.62, 48.85
2020-10-28, 10:20:46, 23.6, 48.85
2020-10-28, 10:20:48, 23.62, 48.85
2020-10-28, 10:20:49, 23.6, 48.88
2020-10-28, 10:20:50, 23.62, 48.85
2020-10-28, 10:20:52, 23.61, 48.85
2020-10-28, 10:20:53, 23.6, 48.85
2020-10-28, 10:20:54, 23.6, 48.85
2020-10-28, 10:20:56, 23.59, 48.85
2020-10-28, 10:20:57, 23.6, 48.85
2020-10-28, 10:20:58, 23.58, 48.85
2020-10-28, 10:21:00, 23.59, 48.85
2020-10-28, 10:21:01, 23.58, 48.85
2020-10-28, 10:21:02, 23.58, 48.85
2020-10-28, 10:21:04, 23.57, 48.88
2020-10-28, 10:21:05, 23.58, 48.85
2020-10-28, 10:21:06, 23.59, 48.85
2020-10-28, 10:21:08, 23.59, 48.85
2020-10-28, 10:21:09, 23.58, 48.85
2020-10-28, 10:21:11, 23.59, 48.85
2020-10-28, 10:21:12, 23.6, 48.85
2020-10-28, 10:21:13, 23.59, 48.85
2020-10-28, 10:21:15, 23.59, 48.85
2020-10-28, 10:21:16, 23.6, 48.88
2020-10-28, 10:21:17, 23.6, 48.85
2020-10-28, 10:21:19, 23.59, 48.85
2020-10-28, 10:21:20, 23.59, 48.85
2020-10-28, 10:21:21, 23.6, 48.85
2020-10-28, 10:21:23, 23.59, 48.85
2020-10-28, 10:21:24, 23.6, 48.82
2020-10-28, 10:21:25, 23.6, 48.85
2020-10-28, 10:21:27, 23.6, 48.85
2020-10-28, 10:21:28, 23.6, 48.82
2020-10-28, 10:21:29, 23.59, 48.82
2020-10-28, 10:21:31, 23.6, 48.85
2020-10-28, 10:21:32, 23.6, 48.82
2020-10-28, 10:21:34, 23.6, 48.82
2020-10-28, 10:21:35, 23.61, 48.85
2020-10-28, 10:21:36, 23.6, 48.82
2020-10-28, 10:21:38, 23.61, 48.85
2020-10-28, 10:21:39, 23.59, 48.82
2020-10-28, 10:21:40, 23.6, 48.82
2020-10-28, 10:21:42, 23.6, 48.85
2020-10-28, 10:21:43, 23.59, 48.82
2020-10-28, 10:21:44, 23.59, 48.82
2020-10-28, 10:21:46, 23.6, 48.82
2020-10-28, 10:21:47, 23.6, 48.82
2020-10-28, 10:21:48, 23.58, 48.82
2020-10-28, 10:21:50, 23.59, 48.82
2020-10-28, 10:21:51, 23.59, 48.82
2020-10-28, 10:21:53, 23.6, 48.82
2020-10-28, 10:21:54, 23.58, 48.82
2020-10-28, 10:21:55, 23.58, 48.82
2020-10-28, 10:21:57, 23.57, 48.85
2020-10-28, 10:21:58, 23.58, 48.82
2020-10-28, 10:21:59, 23.57, 48.85
2020-10-28, 10:22:01, 23.58, 48.85
2020-10-28, 10:22:02, 23.57, 48.85
2020-10-28, 10:22:03, 23.58, 48.85
2020-10-28, 10:22:05, 23.58, 48.85
2020-10-28, 10:22:06, 23.57, 48.85
2020-10-28, 10:22:07, 23.57, 48.85
2020-10-28, 10:22:09, 23.57, 48.85
2020-10-28, 10:22:10, 23.58, 48.85
2020-10-28, 10:22:12, 23.58, 48.82
2020-10-28, 10:22:13, 23.58, 48.82
2020-10-28, 10:22:14, 23.56, 48.81
2020-10-28, 10:22:16, 23.56, 48.84
2020-10-28, 10:22:17, 23.58, 48.85
2020-10-28, 10:22:18, 23.57, 48.85
2020-10-28, 10:22:20, 23.56, 48.84
2020-10-28, 10:22:21, 23.57, 48.85
2020-10-28, 10:22:22, 23.56, 48.84
2020-10-28, 10:22:24, 23.56, 48.84
2020-10-28, 10:22:25, 23.58, 48.85
2020-10-28, 10:22:26, 23.58, 48.85
2020-10-28, 10:22:28, 23.56, 48.84
2020-10-28, 10:22:29, 23.56, 48.84
2020-10-28, 10:22:30, 23.57, 48.85
2020-10-28, 10:22:32, 23.58, 48.85
2020-10-28, 10:22:33, 23.56, 48.84
2020-10-28, 10:22:35, 23.55, 48.87
2020-10-28, 10:22:36, 23.57, 48.88
2020-10-28, 10:22:37, 23.56, 48.84
2020-10-28, 10:22:39, 23.55, 48.87
2020-10-28, 10:22:40, 23.55, 48.87
2020-10-28, 10:22:41, 23.56, 48.88
2020-10-28, 10:22:43, 23.55, 48.87
2020-10-28, 10:22:44, 23.56, 48.88
2020-10-28, 10:22:45, 23.56, 48.88
2020-10-28, 10:22:47, 23.54, 48.87
2020-10-28, 10:22:48, 23.56, 48.88
2020-10-28, 10:22:49, 23.54, 48.87
2020-10-28, 10:22:51, 23.55, 48.84
2020-10-28, 10:22:52, 23.53, 48.87
2020-10-28, 10:22:54, 23.55, 48.87
2020-10-28, 10:22:55, 23.54, 48.84
2020-10-28, 10:22:56, 23.54, 48.87
2020-10-28, 10:22:58, 23.54, 48.87
2020-10-28, 10:22:59, 23.54, 48.87
2020-10-28, 10:23:00, 23.54, 48.84
2020-10-28, 10:23:02, 23.52, 48.87
2020-10-28, 10:23:03, 23.53, 48.84
2020-10-28, 10:23:04, 23.53, 48.84
2020-10-28, 10:23:06, 23.51, 48.87
2020-10-28, 10:23:07, 23.51, 48.87
2020-10-28, 10:23:08, 23.51, 48.87
2020-10-28, 10:23:10, 23.51, 48.87
2020-10-28, 10:23:11, 23.5, 48.9
2020-10-28, 10:23:12, 23.49, 48.87
2020-10-28, 10:23:14, 23.49, 48.9
2020-10-28, 10:23:15, 23.49, 48.9
2020-10-28, 10:23:17, 23.48, 48.9
2020-10-28, 10:23:18, 23.48, 48.9
2020-10-28, 10:23:19, 23.47, 48.9
2020-10-28, 10:23:21, 23.47, 48.9
2020-10-28, 10:23:22, 23.46, 48.9
2020-10-28, 10:23:23, 23.47, 48.9
2020-10-28, 10:23:25, 23.47, 48.93
2020-10-28, 10:23:26, 23.47, 48.9
2020-10-28, 10:23:27, 23.46, 48.93
2020-10-28, 10:23:29, 23.46, 48.93
2020-10-28, 10:23:30, 23.45, 48.93
2020-10-28, 10:23:31, 23.45, 48.96
2020-10-28, 10:23:33, 23.45, 48.93
2020-10-28, 10:23:34, 23.44, 48.96
2020-10-28, 10:23:36, 23.45, 48.96
2020-10-28, 10:23:37, 23.45, 48.96
2020-10-28, 10:23:38, 23.45, 48.96
2020-10-28, 10:23:40, 23.45, 48.93
2020-10-28, 10:23:41, 23.46, 48.96
2020-10-28, 10:23:42, 23.45, 48.96
2020-10-28, 10:23:44, 23.46, 48.96
2020-10-28, 10:23:45, 23.45, 48.96
2020-10-28, 10:23:46, 23.45, 48.96
2020-10-28, 10:23:48, 23.45, 48.96
2020-10-28, 10:23:49, 23.45, 48.96
2020-10-28, 10:23:50, 23.45, 48.96
2020-10-28, 10:23:52, 23.45, 48.96
2020-10-28, 10:23:53, 23.45, 48.96
2020-10-28, 10:23:55, 23.45, 48.96
2020-10-28, 10:23:56, 23.44, 48.96
2020-10-28, 10:23:57, 23.44, 48.96
2020-10-28, 10:23:59, 23.44, 48.96
2020-10-28, 10:24:00, 23.44, 48.99
2020-10-28, 10:24:01, 23.44, 48.96
2020-10-28, 10:24:03, 23.44, 48.99
2020-10-28, 10:24:04, 23.45, 48.99
2020-10-28, 10:24:05, 23.45, 48.99
2020-10-28, 10:24:07, 23.44, 48.99
2020-10-28, 10:24:08, 23.45, 48.96
2020-10-28, 10:24:09, 23.45, 48.99
2020-10-28, 10:24:11, 23.44, 48.99
2020-10-28, 10:24:12, 23.44, 48.99
2020-10-28, 10:24:14, 23.45, 48.99
2020-10-28, 10:24:15, 23.44, 48.99
2020-10-28, 10:24:16, 23.44, 48.96
2020-10-28, 10:24:18, 23.44, 48.99
2020-10-28, 10:24:19, 23.44, 48.99
2020-10-28, 10:24:20, 23.44, 48.99
2020-10-28, 10:24:22, 23.44, 48.99
2020-10-28, 10:24:23, 23.43, 48.99
2020-10-28, 10:24:24, 23.44, 48.96
2020-10-28, 10:24:26, 23.45, 48.99
2020-10-28, 10:24:27, 23.45, 49.02
2020-10-28, 10:24:28, 23.44, 48.99
2020-10-28, 10:24:30, 23.44, 48.99
2020-10-28, 10:24:31, 23.45, 48.96
2020-10-28, 10:24:32, 23.45, 48.99
2020-10-28, 10:24:34, 23.45, 48.99
2020-10-28, 10:24:35, 23.45, 48.99
2020-10-28, 10:24:37, 23.46, 48.96
2020-10-28, 10:24:38, 23.46, 48.99
2020-10-28, 10:24:39, 23.45, 48.96
2020-10-28, 10:24:41, 23.46, 48.96
2020-10-28, 10:24:42, 23.45, 48.96
2020-10-28, 10:24:43, 23.45, 48.96
2020-10-28, 10:24:45, 23.46, 48.96
2020-10-28, 10:24:46, 23.46, 48.96
2020-10-28, 10:24:47, 23.47, 48.96
2020-10-28, 10:24:49, 23.46, 48.93
2020-10-28, 10:24:50, 23.46, 48.93
2020-10-28, 10:24:51, 23.46, 48.96
2020-10-28, 10:24:53, 23.46, 48.96
2020-10-28, 10:24:54, 23.45, 48.96
2020-10-28, 10:24:56, 23.47, 48.96
2020-10-28, 10:24:57, 23.47, 48.93
2020-10-28, 10:24:58, 23.46, 48.93
2020-10-28, 10:25:00, 23.46, 48.96
2020-10-28, 10:25:01, 23.46, 48.93
2020-10-28, 10:25:02, 23.48, 48.96
2020-10-28, 10:25:04, 23.5, 48.93
2020-10-28, 10:25:05, 23.48, 48.93
2020-10-28, 10:25:06, 23.48, 48.93
2020-10-28, 10:25:08, 23.49, 48.93
2020-10-28, 10:25:09, 23.48, 48.9
2020-10-28, 10:25:11, 23.49, 48.93
2020-10-28, 10:25:12, 23.49, 48.9
2020-10-28, 10:25:13, 23.48, 48.9
2020-10-28, 10:25:15, 23.48, 48.9
2020-10-28, 10:25:16, 23.49, 48.9
2020-10-28, 10:25:17, 23.49, 48.9
2020-10-28, 10:25:19, 23.49, 48.9
2020-10-28, 10:25:20, 23.5, 48.9
2020-10-28, 10:25:21, 23.49, 48.9
2020-10-28, 10:25:23, 23.5, 48.9
2020-10-28, 10:25:24, 23.5, 48.9
2020-10-28, 10:25:25, 23.49, 48.9
2020-10-28, 10:25:27, 23.48, 48.9
2020-10-28, 10:25:28, 23.48, 48.9
2020-10-28, 10:25:30, 23.49, 48.9
2020-10-28, 10:25:31, 23.49, 48.87
2020-10-28, 10:25:32, 23.48, 48.9
2020-10-28, 10:25:34, 23.48, 48.9
2020-10-28, 10:25:35, 23.49, 48.9
2020-10-28, 10:25:36, 23.48, 48.9
2020-10-28, 10:25:38, 23.5, 48.9
2020-10-28, 10:25:39, 23.49, 48.87
2020-10-28, 10:25:40, 23.49, 48.84
2020-10-28, 10:25:42, 23.5, 48.9
2020-10-28, 10:25:43, 23.52, 48.9
2020-10-28, 10:25:44, 23.49, 48.87
2020-10-28, 10:25:46, 23.5, 48.87
2020-10-28, 10:25:47, 23.5, 48.87
2020-10-28, 10:25:49, 23.5, 48.87
2020-10-28, 10:25:50, 23.5, 48.87
2020-10-28, 10:25:51, 23.5, 48.87
2020-10-28, 10:25:53, 23.51, 48.87
2020-10-28, 10:25:54, 23.5, 48.84
2020-10-28, 10:25:55, 23.51, 48.84
2020-10-28, 10:25:57, 23.52, 48.84
2020-10-28, 10:25:58, 23.51, 48.84
2020-10-28, 10:25:59, 23.5, 48.84
2020-10-28, 10:26:01, 23.52, 48.84
2020-10-28, 10:26:02, 23.51, 48.84
2020-10-28, 10:26:03, 23.51, 48.81
2020-10-28, 10:26:05, 23.51, 48.84
2020-10-28, 10:26:06, 23.5, 48.84
2020-10-28, 10:26:08, 23.52, 48.81
2020-10-28, 10:26:09, 23.52, 48.81
2020-10-28, 10:26:10, 23.51, 48.84
2020-10-28, 10:26:12, 23.52, 48.81
2020-10-28, 10:26:13, 23.51, 48.84
2020-10-28, 10:26:14, 23.51, 48.81
2020-10-28, 10:26:16, 23.5, 48.77
2020-10-28, 10:26:17, 23.52, 48.81
2020-10-28, 10:26:18, 23.53, 48.81
2020-10-28, 10:26:20, 23.53, 48.78
2020-10-28, 10:26:21, 23.53, 48.78
2020-10-28, 10:26:22, 23.53, 48.78
2020-10-28, 10:26:24, 23.52, 48.78
2020-10-28, 10:26:25, 23.52, 48.78
2020-10-28, 10:26:26, 23.51, 48.77
2020-10-28, 10:26:28, 23.52, 48.78
2020-10-28, 10:26:29, 23.52, 48.74
2020-10-28, 10:26:31, 23.52, 48.78
2020-10-28, 10:26:32, 23.52, 48.78
2020-10-28, 10:26:33, 23.52, 48.74
2020-10-28, 10:26:35, 23.53, 48.71
2020-10-28, 10:26:36, 23.51, 48.74
2020-10-28, 10:26:37, 23.52, 48.74
2020-10-28, 10:26:39, 23.51, 48.71
2020-10-28, 10:26:40, 23.52, 48.74
2020-10-28, 10:26:41, 23.51, 48.71
2020-10-28, 10:26:43, 23.52, 48.74
2020-10-28, 10:26:44, 23.51, 48.74
2020-10-28, 10:26:45, 23.51, 48.77
2020-10-28, 10:26:47, 23.52, 48.74
2020-10-28, 10:26:48, 23.52, 48.74
2020-10-28, 10:26:50, 23.51, 48.77
2020-10-28, 10:26:51, 23.52, 48.74
2020-10-28, 10:26:52, 23.52, 48.78
2020-10-28, 10:26:54, 23.53, 48.71
2020-10-28, 10:26:55, 23.53, 48.74
2020-10-28, 10:26:56, 23.51, 48.71
2020-10-28, 10:26:58, 23.53, 48.71
2020-10-28, 10:26:59, 23.52, 48.71
2020-10-28, 10:27:00, 23.52, 48.71
2020-10-28, 10:27:02, 23.51, 48.74
2020-10-28, 10:27:03, 23.53, 48.74
2020-10-28, 10:27:04, 23.52, 48.71
2020-10-28, 10:27:06, 23.52, 48.71
2020-10-28, 10:27:07, 23.53, 48.74
2020-10-28, 10:27:09, 23.5, 48.74
2020-10-28, 10:27:10, 23.52, 48.71
2020-10-28, 10:27:11, 23.51, 48.71
2020-10-28, 10:27:13, 23.52, 48.71
2020-10-28, 10:27:14, 23.52, 48.71
2020-10-28, 10:27:15, 23.53, 48.71
2020-10-28, 10:27:17, 23.53, 48.71
2020-10-28, 10:27:18, 23.53, 48.71
2020-10-28, 10:27:19, 23.53, 48.71
2020-10-28, 10:27:21, 23.54, 48.68
2020-10-28, 10:27:22, 23.54, 48.71
2020-10-28, 10:27:24, 23.55, 48.72
2020-10-28, 10:27:25, 23.54, 48.68
2020-10-28, 10:27:26, 23.55, 48.68
2020-10-28, 10:27:28, 23.54, 48.68
2020-10-28, 10:27:29, 23.54, 48.68
2020-10-28, 10:27:30, 23.55, 48.68
2020-10-28, 10:27:32, 23.55, 48.68
2020-10-28, 10:27:33, 23.55, 48.68
2020-10-28, 10:27:34, 23.56, 48.65
2020-10-28, 10:27:36, 23.55, 48.65
2020-10-28, 10:27:37, 23.56, 48.65
2020-10-28, 10:27:38, 23.55, 48.65
2020-10-28, 10:27:40, 23.56, 48.65
2020-10-28, 10:27:41, 23.56, 48.65
2020-10-28, 10:27:43, 23.54, 48.65
2020-10-28, 10:27:44, 23.53, 48.65
2020-10-28, 10:27:45, 23.55, 48.65
2020-10-28, 10:27:47, 23.55, 48.65
2020-10-28, 10:27:48, 23.55, 48.62
2020-10-28, 10:27:49, 23.56, 48.65
2020-10-28, 10:27:51, 23.57, 48.62
2020-10-28, 10:27:52, 23.55, 48.62
2020-10-28, 10:27:53, 23.56, 48.62
2020-10-28, 10:27:55, 23.56, 48.65
2020-10-28, 10:27:56, 23.56, 48.62
2020-10-28, 10:27:57, 23.55, 48.62
2020-10-28, 10:27:59, 23.57, 48.62
2020-10-28, 10:28:00, 23.56, 48.62
2020-10-28, 10:28:02, 23.57, 48.62
2020-10-28, 10:28:03, 23.58, 48.59
2020-10-28, 10:28:04, 23.56, 48.59
2020-10-28, 10:28:06, 23.56, 48.59
2020-10-28, 10:28:07, 23.57, 48.59
2020-10-28, 10:28:08, 23.58, 48.59
2020-10-28, 10:28:10, 23.55, 48.59
2020-10-28, 10:28:11, 23.57, 48.59
2020-10-28, 10:28:12, 23.57, 48.62
2020-10-28, 10:28:14, 23.56, 48.59
2020-10-28, 10:28:15, 23.57, 48.59
2020-10-28, 10:28:17, 23.57, 48.59
2020-10-28, 10:28:18, 23.56, 48.59
2020-10-28, 10:28:19, 23.55, 48.59
2020-10-28, 10:28:21, 23.56, 48.59
2020-10-28, 10:28:22, 23.56, 48.59
2020-10-28, 10:28:23, 23.58, 48.59
2020-10-28, 10:28:25, 23.58, 48.59
2020-10-28, 10:28:26, 23.58, 48.59
2020-10-28, 10:28:27, 23.56, 48.59
2020-10-28, 10:28:29, 23.58, 48.59
2020-10-28, 10:28:30, 23.57, 48.59
2020-10-28, 10:28:31, 23.58, 48.56
2020-10-28, 10:28:33, 23.58, 48.59
2020-10-28, 10:28:34, 23.58, 48.56
2020-10-28, 10:28:36, 23.58, 48.56
2020-10-28, 10:28:37, 23.58, 48.59
2020-10-28, 10:28:38, 23.58, 48.56
2020-10-28, 10:28:40, 23.57, 48.56
2020-10-28, 10:28:41, 23.58, 48.56
2020-10-28, 10:28:42, 23.58, 48.56
2020-10-28, 10:28:44, 23.59, 48.53
2020-10-28, 10:28:45, 23.59, 48.53
2020-10-28, 10:28:46, 23.58, 48.53
2020-10-28, 10:28:48, 23.58, 48.53
2020-10-28, 10:28:49, 23.58, 48.53
2020-10-28, 10:28:50, 23.59, 48.53
2020-10-28, 10:28:52, 23.59, 48.53
2020-10-28, 10:28:53, 23.58, 48.53
2020-10-28, 10:28:54, 23.59, 48.53
2020-10-28, 10:28:56, 23.59, 48.53
2020-10-28, 10:28:57, 23.58, 48.53
2020-10-28, 10:28:59, 23.56, 48.53
2020-10-28, 10:29:00, 23.58, 48.53
2020-10-28, 10:29:01, 23.58, 48.53
2020-10-28, 10:29:03, 23.59, 48.53
2020-10-28, 10:29:04, 23.58, 48.53
2020-10-28, 10:29:05, 23.58, 48.5
2020-10-28, 10:29:07, 23.57, 48.5
2020-10-28, 10:29:08, 23.58, 48.5
2020-10-28, 10:29:09, 23.58, 48.53
2020-10-28, 10:29:11, 23.57, 48.53
2020-10-28, 10:29:12, 23.57, 48.5
2020-10-28, 10:29:13, 23.58, 48.5
2020-10-28, 10:29:15, 23.58, 48.5
2020-10-28, 10:29:16, 23.58, 48.53
2020-10-28, 10:29:18, 23.58, 48.5
2020-10-28, 10:29:19, 23.58, 48.5
2020-10-28, 10:29:20, 23.59, 48.5
2020-10-28, 10:29:22, 23.58, 48.5
2020-10-28, 10:29:23, 23.6, 48.47
2020-10-28, 10:29:24, 23.57, 48.5
2020-10-28, 10:29:26, 23.57, 48.46
2020-10-28, 10:29:27, 23.58, 48.5
2020-10-28, 10:29:28, 23.58, 48.5
2020-10-28, 10:29:30, 23.59, 48.5
2020-10-28, 10:29:31, 23.58, 48.46
2020-10-28, 10:29:32, 23.58, 48.46
2020-10-28, 10:29:34, 23.59, 48.5
2020-10-28, 10:29:35, 23.58, 48.5
2020-10-28, 10:29:37, 23.58, 48.5
2020-10-28, 10:29:38, 23.58, 48.46
2020-10-28, 10:29:39, 23.59, 48.47
2020-10-28, 10:29:41, 23.59, 48.47
2020-10-28, 10:29:42, 23.59, 48.47
2020-10-28, 10:29:43, 23.61, 48.47
2020-10-28, 10:29:45, 23.59, 48.47
2020-10-28, 10:29:46, 23.59, 48.47
2020-10-28, 10:29:47, 23.59, 48.47
2020-10-28, 10:29:49, 23.6, 48.47
2020-10-28, 10:29:50, 23.58, 48.43
2020-10-28, 10:29:51, 23.6, 48.47
2020-10-28, 10:29:53, 23.6, 48.47
2020-10-28, 10:29:54, 23.59, 48.43
2020-10-28, 10:29:56, 23.6, 48.44
2020-10-28, 10:29:57, 23.59, 48.47
2020-10-28, 10:29:58, 23.6, 48.47
2020-10-28, 10:30:00, 23.6, 48.44
2020-10-28, 10:30:01, 23.6, 48.44
2020-10-28, 10:30:02, 23.59, 48.43
2020-10-28, 10:30:04, 23.59, 48.47
2020-10-28, 10:30:05, 23.6, 48.44
2020-10-28, 10:30:06, 23.6, 48.47
2020-10-28, 10:30:08, 23.6, 48.44
2020-10-28, 10:30:09, 23.6, 48.4
2020-10-28, 10:30:10, 23.6, 48.44
2020-10-28, 10:30:12, 23.6, 48.44
2020-10-28, 10:30:13, 23.61, 48.4
2020-10-28, 10:30:14, 23.6, 48.4
2020-10-28, 10:30:16, 23.61, 48.4
2020-10-28, 10:30:17, 23.6, 48.4
2020-10-28, 10:30:19, 23.61, 48.4
2020-10-28, 10:30:20, 23.59, 48.4
2020-10-28, 10:30:21, 23.6, 48.4
2020-10-28, 10:30:23, 23.61, 48.4
2020-10-28, 10:30:24, 23.61, 48.4
2020-10-28, 10:30:25, 23.6, 48.4
2020-10-28, 10:30:27, 23.62, 48.41
2020-10-28, 10:30:28, 23.62, 48.37
2020-10-28, 10:30:29, 23.61, 48.37
2020-10-28, 10:30:31, 23.61, 48.37
2020-10-28, 10:30:32, 23.63, 48.38
2020-10-28, 10:30:33, 23.62, 48.37
2020-10-28, 10:30:35, 23.62, 48.37
2020-10-28, 10:30:36, 23.62, 48.37
2020-10-28, 10:30:38, 23.63, 48.34
2020-10-28, 10:30:39, 23.62, 48.34
2020-10-28, 10:30:40, 23.6, 48.37
2020-10-28, 10:30:42, 23.61, 48.34
2020-10-28, 10:30:43, 23.61, 48.34
2020-10-28, 10:30:44, 23.62, 48.34
2020-10-28, 10:30:46, 23.62, 48.34
2020-10-28, 10:30:47, 23.62, 48.34
2020-10-28, 10:30:48, 23.63, 48.34
2020-10-28, 10:30:50, 23.63, 48.34
2020-10-28, 10:30:51, 23.63, 48.34
2020-10-28, 10:30:52, 23.61, 48.37
2020-10-28, 10:30:54, 23.62, 48.34
2020-10-28, 10:30:55, 23.62, 48.37
2020-10-28, 10:30:57, 23.61, 48.34
2020-10-28, 10:30:58, 23.64, 48.38
2020-10-28, 10:30:59, 23.62, 48.37
2020-10-28, 10:31:01, 23.63, 48.38
2020-10-28, 10:31:02, 23.64, 48.34
2020-10-28, 10:31:03, 23.64, 48.34
2020-10-28, 10:31:05, 23.64, 48.34
2020-10-28, 10:31:06, 23.64, 48.34
2020-10-28, 10:31:07, 23.64, 48.34
2020-10-28, 10:31:09, 23.64, 48.38
2020-10-28, 10:31:10, 23.64, 48.34
2020-10-28, 10:31:11, 23.65, 48.35
2020-10-28, 10:31:13, 23.64, 48.34
2020-10-28, 10:31:14, 23.64, 48.34
2020-10-28, 10:31:15, 23.64, 48.34
2020-10-28, 10:31:17, 23.64, 48.34
2020-10-28, 10:31:18, 23.64, 48.34
2020-10-28, 10:31:20, 23.62, 48.34
2020-10-28, 10:31:21, 23.65, 48.35
2020-10-28, 10:31:22, 23.64, 48.34
2020-10-28, 10:31:24, 23.64, 48.34
2020-10-28, 10:31:25, 23.64, 48.34
2020-10-28, 10:31:26, 23.65, 48.35
2020-10-28, 10:31:28, 23.64, 48.34
2020-10-28, 10:31:29, 23.65, 48.35
2020-10-28, 10:31:30, 23.63, 48.34
2020-10-28, 10:31:32, 23.64, 48.34
2020-10-28, 10:31:33, 23.64, 48.34
2020-10-28, 10:31:34, 23.64, 48.34
2020-10-28, 10:31:36, 23.65, 48.35
2020-10-28, 10:31:37, 23.64, 48.34
2020-10-28, 10:31:39, 23.65, 48.35
2020-10-28, 10:31:40, 23.65, 48.38
2020-10-28, 10:31:41, 23.65, 48.35
2020-10-28, 10:31:43, 23.66, 48.35
2020-10-28, 10:31:44, 23.65, 48.35
2020-10-28, 10:31:45, 23.66, 48.35
2020-10-28, 10:31:47, 23.66, 48.35
2020-10-28, 10:31:48, 23.66, 48.35
2020-10-28, 10:31:49, 23.66, 48.35
2020-10-28, 10:31:51, 23.66, 48.35
2020-10-28, 10:31:52, 23.61, 48.34
2020-10-28, 10:31:54, 23.66, 48.35
2020-10-28, 10:31:55, 23.66, 48.35
2020-10-28, 10:31:56, 23.64, 48.34
2020-10-28, 10:31:58, 23.66, 48.35
2020-10-28, 10:31:59, 23.67, 48.35
2020-10-28, 10:32:00, 23.66, 48.35
2020-10-28, 10:32:02, 23.66, 48.35
2020-10-28, 10:32:03, 23.66, 48.35
2020-10-28, 10:32:04, 23.66, 48.35
2020-10-28, 10:32:06, 23.67, 48.35
2020-10-28, 10:32:07, 23.66, 48.38
2020-10-28, 10:32:08, 23.66, 48.35
2020-10-28, 10:32:10, 23.66, 48.38
2020-10-28, 10:32:11, 23.67, 48.38
2020-10-28, 10:32:12, 23.67, 48.38
2020-10-28, 10:32:14, 23.65, 48.38
2020-10-28, 10:32:15, 23.64, 48.38
2020-10-28, 10:32:17, 23.66, 48.38
2020-10-28, 10:32:18, 23.68, 48.35
2020-10-28, 10:32:19, 23.67, 48.38
2020-10-28, 10:32:21, 23.68, 48.38
2020-10-28, 10:32:22, 23.68, 48.35
2020-10-28, 10:32:24, 23.66, 48.38
2020-10-28, 10:32:25, 23.66, 48.38
2020-10-28, 10:32:26, 23.67, 48.38
2020-10-28, 10:32:28, 23.67, 48.38
2020-10-28, 10:32:29, 23.66, 48.35
2020-10-28, 10:32:30, 23.68, 48.38
2020-10-28, 10:32:32, 23.68, 48.38
2020-10-28, 10:32:33, 23.68, 48.35
2020-10-28, 10:32:34, 23.68, 48.35
2020-10-28, 10:32:36, 23.68, 48.35
2020-10-28, 10:32:37, 23.68, 48.35
2020-10-28, 10:32:38, 23.68, 48.35
2020-10-28, 10:32:40, 23.67, 48.35
2020-10-28, 10:32:41, 23.68, 48.35
2020-10-28, 10:32:43, 23.68, 48.35
2020-10-28, 10:32:44, 23.67, 48.35
2020-10-28, 10:32:45, 23.67, 48.38
2020-10-28, 10:32:47, 23.67, 48.38
2020-10-28, 10:32:48, 23.68, 48.35
2020-10-28, 10:32:49, 23.67, 48.35
2020-10-28, 10:32:51, 23.67, 48.35
2020-10-28, 10:32:52, 23.68, 48.35
2020-10-28, 10:32:53, 23.68, 48.35
2020-10-28, 10:32:55, 23.67, 48.35
2020-10-28, 10:32:56, 23.68, 48.35
2020-10-28, 10:32:57, 23.68, 48.35
2020-10-28, 10:32:59, 23.67, 48.35
2020-10-28, 10:33:00, 23.69, 48.35
2020-10-28, 10:33:02, 23.68, 48.35
2020-10-28, 10:33:03, 23.68, 48.35
2020-10-28, 10:33:04, 23.69, 48.35
2020-10-28, 10:33:06, 23.7, 48.35
2020-10-28, 10:33:07, 23.69, 48.35
2020-10-28, 10:33:08, 23.69, 48.35
2020-10-28, 10:33:10, 23.68, 48.35
2020-10-28, 10:33:11, 23.7, 48.35
2020-10-28, 10:33:12, 23.68, 48.35
2020-10-28, 10:33:14, 23.68, 48.35
2020-10-28, 10:33:15, 23.68, 48.35
2020-10-28, 10:33:16, 23.68, 48.35
2020-10-28, 10:33:18, 23.69, 48.35
2020-10-28, 10:33:19, 23.68, 48.35
2020-10-28, 10:33:21, 23.69, 48.35
2020-10-28, 10:33:22, 23.68, 48.35
2020-10-28, 10:33:23, 23.68, 48.35
2020-10-28, 10:33:25, 23.69, 48.38
2020-10-28, 10:33:26, 23.68, 48.38
2020-10-28, 10:33:27, 23.68, 48.38
2020-10-28, 10:33:29, 23.68, 48.38
2020-10-28, 10:33:30, 23.69, 48.38
2020-10-28, 10:33:31, 23.7, 48.38
2020-10-28, 10:33:33, 23.7, 48.38
2020-10-28, 10:33:34, 23.68, 48.38
2020-10-28, 10:33:35, 23.67, 48.38
2020-10-28, 10:33:37, 23.68, 48.41
2020-10-28, 10:33:38, 23.69, 48.38
2020-10-28, 10:33:40, 23.68, 48.38
2020-10-28, 10:33:41, 23.69, 48.38
2020-10-28, 10:33:42, 23.69, 48.38
2020-10-28, 10:33:44, 23.68, 48.41
2020-10-28, 10:33:45, 23.69, 48.41
2020-10-28, 10:33:46, 23.68, 48.38
2020-10-28, 10:33:48, 23.69, 48.38
2020-10-28, 10:33:49, 23.69, 48.38
2020-10-28, 10:33:50, 23.68, 48.38
2020-10-28, 10:33:52, 23.7, 48.38
2020-10-28, 10:33:53, 23.69, 48.38
2020-10-28, 10:33:55, 23.7, 48.38
2020-10-28, 10:33:56, 23.7, 48.38
2020-10-28, 10:33:57, 23.7, 48.38
2020-10-28, 10:33:59, 23.7, 48.38
2020-10-28, 10:34:00, 23.71, 48.39
2020-10-28, 10:34:01, 23.7, 48.38
2020-10-28, 10:34:03, 23.71, 48.39
2020-10-28, 10:34:04, 23.71, 48.39
2020-10-28, 10:34:05, 23.7, 48.42
2020-10-28, 10:34:07, 23.69, 48.41
2020-10-28, 10:34:08, 23.69, 48.41
2020-10-28, 10:34:09, 23.69, 48.41
2020-10-28, 10:34:11, 23.7, 48.42
2020-10-28, 10:34:12, 23.7, 48.42
2020-10-28, 10:34:13, 23.71, 48.42
2020-10-28, 10:34:15, 23.7, 48.42
2020-10-28, 10:34:16, 23.7, 48.42
2020-10-28, 10:34:18, 23.7, 48.42
2020-10-28, 10:34:19, 23.7, 48.42
2020-10-28, 10:34:20, 23.71, 48.42
2020-10-28, 10:34:22, 23.7, 48.42
2020-10-28, 10:34:23, 23.71, 48.42
2020-10-28, 10:34:24, 23.7, 48.42
2020-10-28, 10:34:26, 23.7, 48.42
2020-10-28, 10:34:27, 23.71, 48.42
2020-10-28, 10:34:28, 23.7, 48.42
2020-10-28, 10:34:30, 23.72, 48.42
2020-10-28, 10:34:31, 23.72, 48.42
2020-10-28, 10:34:32, 23.71, 48.42
2020-10-28, 10:34:34, 23.69, 48.41
2020-10-28, 10:34:35, 23.71, 48.42
2020-10-28, 10:34:37, 23.71, 48.42
2020-10-28, 10:34:38, 23.7, 48.42
2020-10-28, 10:34:39, 23.71, 48.42
2020-10-28, 10:34:41, 23.71, 48.42
2020-10-28, 10:34:42, 23.7, 48.42
2020-10-28, 10:34:43, 23.7, 48.42
2020-10-28, 10:34:45, 23.71, 48.42
2020-10-28, 10:34:46, 23.7, 48.42
2020-10-28, 10:34:47, 23.71, 48.42
2020-10-28, 10:34:49, 23.7, 48.42
2020-10-28, 10:34:50, 23.7, 48.42
2020-10-28, 10:34:51, 23.7, 48.42
2020-10-28, 10:34:53, 23.7, 48.38
2020-10-28, 10:34:54, 23.7, 48.42
2020-10-28, 10:34:56, 23.7, 48.42
2020-10-28, 10:34:57, 23.7, 48.42
2020-10-28, 10:34:58, 23.69, 48.41
2020-10-28, 10:35:00, 23.7, 48.45
2020-10-28, 10:35:01, 23.7, 48.45
2020-10-28, 10:35:02, 23.7, 48.45
2020-10-28, 10:35:04, 23.71, 48.45
2020-10-28, 10:35:05, 23.7, 48.45
2020-10-28, 10:35:06, 23.7, 48.45
2020-10-28, 10:35:08, 23.7, 48.42
2020-10-28, 10:35:09, 23.71, 48.45
2020-10-28, 10:35:11, 23.7, 48.45
2020-10-28, 10:35:12, 23.7, 48.45
2020-10-28, 10:35:13, 23.7, 48.45
2020-10-28, 10:35:15, 23.7, 48.45
2020-10-28, 10:35:16, 23.72, 48.45
2020-10-28, 10:35:17, 23.71, 48.48
2020-10-28, 10:35:19, 23.71, 48.45
2020-10-28, 10:35:20, 23.71, 48.45
2020-10-28, 10:35:21, 23.72, 48.48
2020-10-28, 10:35:23, 23.7, 48.45
2020-10-28, 10:35:24, 23.7, 48.48
2020-10-28, 10:35:25, 23.69, 48.45
2020-10-28, 10:35:27, 23.7, 48.45
2020-10-28, 10:35:28, 23.7, 48.45
2020-10-28, 10:35:29, 23.71, 48.48
2020-10-28, 10:35:31, 23.7, 48.45
2020-10-28, 10:35:32, 23.71, 48.48
2020-10-28, 10:35:34, 23.7, 48.45
2020-10-28, 10:35:35, 23.7, 48.45
2020-10-28, 10:35:36, 23.7, 48.48
2020-10-28, 10:35:38, 23.69, 48.48
2020-10-28, 10:35:39, 23.7, 48.48
2020-10-28, 10:35:40, 23.7, 48.45
2020-10-28, 10:35:42, 23.7, 48.45
2020-10-28, 10:35:43, 23.69, 48.48
2020-10-28, 10:35:44, 23.7, 48.48
2020-10-28, 10:35:46, 23.69, 48.48
2020-10-28, 10:35:47, 23.69, 48.48
2020-10-28, 10:35:48, 23.7, 48.48
2020-10-28, 10:35:50, 23.7, 48.48
2020-10-28, 10:35:51, 23.7, 48.48
2020-10-28, 10:35:53, 23.7, 48.45
2020-10-28, 10:35:54, 23.7, 48.48
2020-10-28, 10:35:55, 23.71, 48.45
2020-10-28, 10:35:57, 23.72, 48.45
2020-10-28, 10:35:58, 23.7, 48.45
2020-10-28, 10:35:59, 23.7, 48.48
2020-10-28, 10:36:01, 23.7, 48.48
2020-10-28, 10:36:02, 23.71, 48.48
2020-10-28, 10:36:03, 23.69, 48.48
2020-10-28, 10:36:05, 23.7, 48.48
2020-10-28, 10:36:06, 23.69, 48.48
2020-10-28, 10:36:07, 23.69, 48.48
2020-10-28, 10:36:09, 23.68, 48.51
2020-10-28, 10:36:10, 23.7, 48.48
2020-10-28, 10:36:12, 23.69, 48.51
2020-10-28, 10:36:13, 23.69, 48.48
2020-10-28, 10:36:14, 23.68, 48.48
2020-10-28, 10:36:16, 23.7, 48.51
2020-10-28, 10:36:17, 23.7, 48.48
2020-10-28, 10:36:18, 23.7, 48.48
2020-10-28, 10:36:20, 23.7, 48.48
2020-10-28, 10:36:21, 23.69, 48.48
2020-10-28, 10:36:22, 23.7, 48.51
2020-10-28, 10:36:24, 23.71, 48.48
2020-10-28, 10:36:25, 23.7, 48.48
2020-10-28, 10:36:26, 23.7, 48.48
2020-10-28, 10:36:28, 23.72, 48.48
2020-10-28, 10:36:29, 23.7, 48.51
2020-10-28, 10:36:31, 23.7, 48.48
2020-10-28, 10:36:32, 23.7, 48.48
2020-10-28, 10:36:33, 23.72, 48.48
2020-10-28, 10:36:35, 23.72, 48.48
2020-10-28, 10:36:36, 23.73, 48.48
2020-10-28, 10:36:37, 23.71, 48.48
2020-10-28, 10:36:39, 23.7, 48.48
2020-10-28, 10:36:40, 23.7, 48.48
2020-10-28, 10:36:41, 23.7, 48.48
2020-10-28, 10:36:43, 23.7, 48.48
2020-10-28, 10:36:44, 23.7, 48.48
2020-10-28, 10:36:45, 23.71, 48.51
2020-10-28, 10:36:47, 23.69, 48.54
2020-10-28, 10:36:48, 23.7, 48.54
2020-10-28, 10:36:50, 23.7, 48.54
2020-10-28, 10:36:51, 23.7, 48.51
2020-10-28, 10:36:52, 23.71, 48.55
2020-10-28, 10:36:54, 23.7, 48.54
2020-10-28, 10:36:55, 23.7, 48.54
2020-10-28, 10:36:56, 23.71, 48.51
2020-10-28, 10:36:58, 23.7, 48.54
2020-10-28, 10:36:59, 23.7, 48.54
2020-10-28, 10:37:01, 23.71, 48.55
2020-10-28, 10:37:02, 23.7, 48.54
2020-10-28, 10:37:03, 23.7, 48.54
2020-10-28, 10:37:05, 23.7, 48.54
2020-10-28, 10:37:06, 23.7, 48.54
2020-10-28, 10:37:07, 23.7, 48.54
2020-10-28, 10:37:09, 23.7, 48.51
2020-10-28, 10:37:10, 23.71, 48.55
2020-10-28, 10:37:11, 23.69, 48.54
2020-10-28, 10:37:13, 23.7, 48.54
2020-10-28, 10:37:14, 23.69, 48.54
2020-10-28, 10:37:15, 23.7, 48.54
2020-10-28, 10:37:17, 23.68, 48.54
2020-10-28, 10:37:18, 23.71, 48.55
2020-10-28, 10:37:20, 23.7, 48.54
2020-10-28, 10:37:21, 23.7, 48.54
2020-10-28, 10:37:22, 23.69, 48.54
2020-10-28, 10:37:24, 23.72, 48.55
2020-10-28, 10:37:25, 23.71, 48.55
2020-10-28, 10:37:26, 23.71, 48.55
2020-10-28, 10:37:28, 23.71, 48.55
2020-10-28, 10:37:29, 23.71, 48.51
2020-10-28, 10:37:30, 23.71, 48.55
2020-10-28, 10:37:32, 23.71, 48.55
2020-10-28, 10:37:33, 23.71, 48.51
2020-10-28, 10:37:35, 23.71, 48.51
2020-10-28, 10:37:36, 23.71, 48.55
2020-10-28, 10:37:37, 23.71, 48.51
2020-10-28, 10:37:39, 23.72, 48.55
2020-10-28, 10:37:40, 23.71, 48.55
2020-10-28, 10:37:41, 23.71, 48.55
2020-10-28, 10:37:43, 23.7, 48.54
2020-10-28, 10:37:44, 23.71, 48.55
2020-10-28, 10:37:45, 23.72, 48.55
2020-10-28, 10:37:47, 23.71, 48.55
2020-10-28, 10:37:48, 23.72, 48.55
2020-10-28, 10:37:49, 23.7, 48.54
2020-10-28, 10:37:51, 23.71, 48.55
2020-10-28, 10:37:52, 23.7, 48.54
2020-10-28, 10:37:54, 23.7, 48.58
2020-10-28, 10:37:55, 23.7, 48.54
2020-10-28, 10:37:56, 23.7, 48.54
2020-10-28, 10:37:58, 23.7, 48.54
2020-10-28, 10:37:59, 23.7, 48.54
2020-10-28, 10:38:00, 23.7, 48.58
2020-10-28, 10:38:02, 23.7, 48.58
2020-10-28, 10:38:03, 23.7, 48.58
2020-10-28, 10:38:04, 23.69, 48.57
2020-10-28, 10:38:06, 23.69, 48.57
2020-10-28, 10:38:07, 23.69, 48.61
2020-10-28, 10:38:08, 23.7, 48.61
2020-10-28, 10:38:10, 23.69, 48.61
2020-10-28, 10:38:11, 23.7, 48.61
2020-10-28, 10:38:13, 23.7, 48.61
2020-10-28, 10:38:14, 23.69, 48.61
2020-10-28, 10:38:15, 23.71, 48.61
2020-10-28, 10:38:17, 23.69, 48.61
2020-10-28, 10:38:18, 23.67, 48.6
2020-10-28, 10:38:19, 23.7, 48.64
2020-10-28, 10:38:21, 23.7, 48.61
2020-10-28, 10:38:22, 23.7, 48.64
2020-10-28, 10:38:23, 23.7, 48.61
2020-10-28, 10:38:25, 23.69, 48.64
2020-10-28, 10:38:26, 23.7, 48.64
2020-10-28, 10:38:27, 23.69, 48.64
2020-10-28, 10:38:29, 23.69, 48.64
2020-10-28, 10:38:30, 23.7, 48.64
2020-10-28, 10:38:31, 23.68, 48.64
2020-10-28, 10:38:33, 23.7, 48.67
2020-10-28, 10:38:34, 23.7, 48.67
2020-10-28, 10:38:36, 23.68, 48.67
2020-10-28, 10:38:37, 23.68, 48.67
2020-10-28, 10:38:38, 23.68, 48.67
2020-10-28, 10:38:40, 23.69, 48.67
2020-10-28, 10:38:41, 23.68, 48.67
2020-10-28, 10:38:42, 23.69, 48.7
2020-10-28, 10:38:44, 23.67, 48.7
2020-10-28, 10:38:45, 23.68, 48.7
2020-10-28, 10:38:46, 23.68, 48.7
2020-10-28, 10:38:48, 23.68, 48.7
2020-10-28, 10:38:49, 23.67, 48.7
2020-10-28, 10:38:51, 23.69, 48.7
2020-10-28, 10:38:52, 23.68, 48.7
2020-10-28, 10:38:53, 23.68, 48.7
2020-10-28, 10:38:55, 23.66, 48.73
2020-10-28, 10:38:56, 23.67, 48.73
2020-10-28, 10:38:57, 23.67, 48.7
2020-10-28, 10:38:59, 23.67, 48.73
2020-10-28, 10:39:00, 23.67, 48.73
2020-10-28, 10:39:01, 23.67, 48.73
2020-10-28, 10:39:03, 23.67, 48.73
2020-10-28, 10:39:04, 23.68, 48.73
2020-10-28, 10:39:05, 23.66, 48.73
2020-10-28, 10:39:07, 23.68, 48.73
2020-10-28, 10:39:08, 23.68, 48.73
2020-10-28, 10:39:10, 23.67, 48.73
2020-10-28, 10:39:11, 23.65, 48.73
2020-10-28, 10:39:12, 23.68, 48.76
2020-10-28, 10:39:14, 23.68, 48.73
2020-10-28, 10:39:15, 23.69, 48.73
2020-10-28, 10:39:16, 23.68, 48.73
2020-10-28, 10:39:18, 23.68, 48.73
2020-10-28, 10:39:19, 23.67, 48.73
2020-10-28, 10:39:20, 23.69, 48.73
2020-10-28, 10:39:22, 23.68, 48.73
2020-10-28, 10:39:23, 23.68, 48.73
2020-10-28, 10:39:24, 23.68, 48.73
2020-10-28, 10:39:26, 23.68, 48.73
2020-10-28, 10:39:27, 23.68, 48.73
2020-10-28, 10:39:29, 23.68, 48.73
2020-10-28, 10:39:30, 23.68, 48.76
2020-10-28, 10:39:31, 23.68, 48.73
2020-10-28, 10:39:33, 23.68, 48.73
2020-10-28, 10:39:34, 23.68, 48.73
2020-10-28, 10:39:35, 23.68, 48.76
2020-10-28, 10:39:37, 23.68, 48.73
2020-10-28, 10:39:38, 23.69, 48.73
2020-10-28, 10:39:39, 23.68, 48.73
2020-10-28, 10:39:41, 23.67, 48.73
2020-10-28, 10:39:42, 23.67, 48.76
2020-10-28, 10:39:43, 23.68, 48.76
2020-10-28, 10:39:45, 23.68, 48.76
2020-10-28, 10:39:46, 23.68, 48.73
2020-10-28, 10:39:48, 23.68, 48.76
2020-10-28, 10:39:49, 23.68, 48.76
2020-10-28, 10:39:50, 23.68, 48.76
2020-10-28, 10:39:52, 23.7, 48.73
2020-10-28, 10:39:53, 23.68, 48.73
2020-10-28, 10:39:54, 23.67, 48.76
2020-10-28, 10:39:56, 23.68, 48.73
2020-10-28, 10:39:57, 23.68, 48.76
2020-10-28, 10:39:58, 23.67, 48.76
2020-10-28, 10:40:00, 23.66, 48.76
2020-10-28, 10:40:01, 23.68, 48.76
2020-10-28, 10:40:02, 23.67, 48.76
2020-10-28, 10:40:04, 23.68, 48.76
2020-10-28, 10:40:05, 23.68, 48.76
2020-10-28, 10:40:06, 23.68, 48.76
2020-10-28, 10:40:08, 23.67, 48.76
2020-10-28, 10:40:09, 23.68, 48.8
2020-10-28, 10:40:11, 23.65, 48.76
2020-10-28, 10:40:12, 23.65, 48.76
2020-10-28, 10:40:13, 23.66, 48.79
2020-10-28, 10:40:15, 23.66, 48.79
2020-10-28, 10:40:16, 23.67, 48.79
2020-10-28, 10:40:17, 23.68, 48.76
2020-10-28, 10:40:19, 23.67, 48.79
2020-10-28, 10:40:20, 23.7, 48.8
2020-10-28, 10:40:21, 23.68, 48.8
2020-10-28, 10:40:23, 23.68, 48.8
2020-10-28, 10:40:24, 23.68, 48.8
2020-10-28, 10:40:25, 23.68, 48.76
2020-10-28, 10:40:27, 23.67, 48.76
2020-10-28, 10:40:28, 23.68, 48.8
2020-10-28, 10:40:30, 23.68, 48.8
2020-10-28, 10:40:31, 23.68, 48.8
2020-10-28, 10:40:32, 23.65, 48.79
2020-10-28, 10:40:34, 23.68, 48.8
2020-10-28, 10:40:35, 23.68, 48.8
2020-10-28, 10:40:36, 23.67, 48.83
2020-10-28, 10:40:38, 23.66, 48.79
2020-10-28, 10:40:39, 23.67, 48.83
2020-10-28, 10:40:40, 23.69, 48.8
2020-10-28, 10:40:42, 23.68, 48.8
2020-10-28, 10:40:43, 23.68, 48.83
2020-10-28, 10:40:44, 23.68, 48.8
2020-10-28, 10:40:46, 23.67, 48.79
2020-10-28, 10:40:47, 23.68, 48.83
2020-10-28, 10:40:49, 23.68, 48.83
2020-10-28, 10:40:50, 23.66, 48.83
2020-10-28, 10:40:51, 23.68, 48.83
2020-10-28, 10:40:53, 23.66, 48.83
2020-10-28, 10:40:54, 23.67, 48.83
2020-10-28, 10:40:55, 23.68, 48.83
2020-10-28, 10:40:57, 23.67, 48.83
2020-10-28, 10:40:58, 23.66, 48.83
2020-10-28, 10:40:59, 23.65, 48.86
2020-10-28, 10:41:01, 23.66, 48.83
2020-10-28, 10:41:02, 23.66, 48.86
2020-10-28, 10:41:03, 23.66, 48.86
2020-10-28, 10:41:05, 23.65, 48.86
2020-10-28, 10:41:06, 23.65, 48.86
2020-10-28, 10:41:08, 23.66, 48.86
2020-10-28, 10:41:09, 23.66, 48.86
2020-10-28, 10:41:10, 23.66, 48.86
2020-10-28, 10:41:12, 23.67, 48.86
2020-10-28, 10:41:13, 23.66, 48.86
2020-10-28, 10:41:14, 23.67, 48.86
2020-10-28, 10:41:16, 23.67, 48.86
2020-10-28, 10:41:17, 23.66, 48.86
2020-10-28, 10:41:18, 23.66, 48.86
2020-10-28, 10:41:20, 23.66, 48.86
2020-10-28, 10:41:21, 23.67, 48.86
2020-10-28, 10:41:22, 23.67, 48.86
2020-10-28, 10:41:24, 23.66, 48.86
2020-10-28, 10:41:25, 23.67, 48.86
2020-10-28, 10:41:27, 23.66, 48.86
2020-10-28, 10:41:28, 23.66, 48.86
2020-10-28, 10:41:29, 23.67, 48.86
2020-10-28, 10:41:31, 23.67, 48.86
2020-10-28, 10:41:32, 23.67, 48.86
2020-10-28, 10:41:33, 23.66, 48.86
2020-10-28, 10:41:35, 23.66, 48.86
2020-10-28, 10:41:36, 23.66, 48.86
2020-10-28, 10:41:37, 23.66, 48.86
2020-10-28, 10:41:39, 23.68, 48.86
2020-10-28, 10:41:40, 23.66, 48.86
2020-10-28, 10:41:41, 23.66, 48.86
2020-10-28, 10:41:43, 23.66, 48.86
2020-10-28, 10:41:44, 23.66, 48.86
2020-10-28, 10:41:46, 23.67, 48.86
2020-10-28, 10:41:47, 23.66, 48.86
2020-10-28, 10:41:48, 23.65, 48.86
2020-10-28, 10:41:50, 23.66, 48.86
2020-10-28, 10:41:51, 23.66, 48.86
2020-10-28, 10:41:52, 23.66, 48.86
2020-10-28, 10:41:54, 23.65, 48.86
2020-10-28, 10:41:55, 23.66, 48.86
2020-10-28, 10:41:56, 23.64, 48.85
2020-10-28, 10:41:58, 23.64, 48.85
2020-10-28, 10:41:59, 23.65, 48.86
2020-10-28, 10:42:00, 23.65, 48.86
2020-10-28, 10:42:02, 23.65, 48.86
2020-10-28, 10:42:03, 23.64, 48.85
2020-10-28, 10:42:05, 23.64, 48.85
2020-10-28, 10:42:06, 23.64, 48.85
2020-10-28, 10:42:07, 23.65, 48.89
2020-10-28, 10:42:09, 23.64, 48.85
2020-10-28, 10:42:10, 23.65, 48.86
2020-10-28, 10:42:11, 23.64, 48.89
2020-10-28, 10:42:13, 23.64, 48.89
2020-10-28, 10:42:14, 23.64, 48.85
2020-10-28, 10:42:15, 23.65, 48.86
2020-10-28, 10:42:17, 23.64, 48.85
2020-10-28, 10:42:18, 23.64, 48.85
2020-10-28, 10:42:19, 23.64, 48.85
2020-10-28, 10:42:21, 23.64, 48.85
2020-10-28, 10:42:22, 23.64, 48.85
2020-10-28, 10:42:23, 23.63, 48.85
2020-10-28, 10:42:25, 23.64, 48.85
2020-10-28, 10:42:26, 23.62, 48.85
2020-10-28, 10:42:28, 23.62, 48.85
2020-10-28, 10:42:29, 23.63, 48.85
2020-10-28, 10:42:30, 23.62, 48.85
2020-10-28, 10:42:32, 23.62, 48.88
2020-10-28, 10:42:33, 23.62, 48.85
2020-10-28, 10:42:34, 23.62, 48.88
2020-10-28, 10:42:36, 23.61, 48.88
2020-10-28, 10:42:37, 23.62, 48.88
2020-10-28, 10:42:38, 23.62, 48.88
2020-10-28, 10:42:40, 23.62, 48.88
2020-10-28, 10:42:41, 23.62, 48.85
2020-10-28, 10:42:42, 23.62, 48.88
2020-10-28, 10:42:44, 23.62, 48.85
2020-10-28, 10:42:45, 23.62, 48.85
2020-10-28, 10:42:47, 23.62, 48.85
2020-10-28, 10:42:48, 23.61, 48.85
2020-10-28, 10:42:49, 23.62, 48.85
2020-10-28, 10:42:51, 23.62, 48.88
2020-10-28, 10:42:52, 23.62, 48.88
2020-10-28, 10:42:53, 23.61, 48.85
2020-10-28, 10:42:55, 23.61, 48.88
2020-10-28, 10:42:56, 23.62, 48.88
2020-10-28, 10:42:57, 23.62, 48.85
2020-10-28, 10:42:59, 23.61, 48.85
2020-10-28, 10:43:00, 23.62, 48.88
2020-10-28, 10:43:01, 23.61, 48.88
2020-10-28, 10:43:03, 23.6, 48.85
2020-10-28, 10:43:04, 23.62, 48.85
2020-10-28, 10:43:06, 23.6, 48.85
2020-10-28, 10:43:07, 23.6, 48.85
2020-10-28, 10:43:08, 23.61, 48.85
2020-10-28, 10:43:11, 23.37, 48.88
2020-10-28, 10:43:12, 23.53, 49.0
2020-10-28, 10:43:14, 23.55, 49.0
2020-10-28, 10:43:15, 23.56, 48.97
2020-10-28, 10:43:16, 23.58, 48.97
2020-10-28, 10:43:18, 23.58, 48.97
2020-10-28, 10:43:19, 23.57, 48.94
2020-10-28, 10:43:20, 23.59, 48.91
2020-10-28, 10:43:22, 23.59, 48.91
2020-10-28, 10:43:23, 23.59, 48.91
2020-10-28, 10:43:24, 23.58, 48.88
2020-10-28, 10:43:26, 23.59, 48.88
2020-10-28, 10:43:27, 23.58, 48.88
2020-10-28, 10:43:28, 23.6, 48.88
2020-10-28, 10:43:30, 23.59, 48.85
2020-10-28, 10:43:31, 23.59, 48.85
2020-10-28, 10:43:33, 23.58, 48.85
2020-10-28, 10:43:34, 23.59, 48.85
2020-10-28, 10:43:35, 23.58, 48.85
2020-10-28, 10:43:37, 23.59, 48.85
2020-10-28, 10:43:38, 23.59, 48.85
2020-10-28, 10:43:39, 23.59, 48.85
2020-10-28, 10:43:41, 23.59, 48.85
2020-10-28, 10:43:42, 23.58, 48.85
2020-10-28, 10:43:43, 23.58, 48.85
2020-10-28, 10:43:45, 23.59, 48.85
2020-10-28, 10:43:46, 23.58, 48.85
2020-10-28, 10:43:47, 23.58, 48.85
2020-10-28, 10:43:49, 23.6, 48.85
2020-10-28, 10:43:50, 23.59, 48.85
2020-10-28, 10:43:52, 23.59, 48.85
2020-10-28, 10:43:53, 23.58, 48.85
2020-10-28, 10:43:54, 23.58, 48.82
2020-10-28, 10:43:56, 23.59, 48.85
2020-10-28, 10:43:57, 23.6, 48.82
2020-10-28, 10:43:58, 23.6, 48.82
2020-10-28, 10:44:00, 23.6, 48.82
2020-10-28, 10:44:01, 23.59, 48.82
2020-10-28, 10:44:02, 23.6, 48.82
2020-10-28, 10:44:04, 23.59, 48.82
2020-10-28, 10:44:05, 23.6, 48.79
2020-10-28, 10:44:06, 23.59, 48.82
2020-10-28, 10:44:08, 23.58, 48.82
2020-10-28, 10:44:11, 23.3, 48.91
2020-10-28, 10:44:13, 23.48, 49.02
2020-10-28, 10:44:14, 23.5, 49.03
2020-10-28, 10:44:15, 23.53, 49.0
2020-10-28, 10:44:17, 23.54, 49.0
2020-10-28, 10:44:18, 23.55, 48.97
2020-10-28, 10:44:19, 23.56, 48.94
2020-10-28, 10:44:21, 23.57, 48.91
2020-10-28, 10:44:22, 23.57, 48.91
2020-10-28, 10:44:23, 23.57, 48.88
2020-10-28, 10:44:25, 23.58, 48.88
2020-10-28, 10:44:26, 23.58, 48.88
2020-10-28, 10:44:27, 23.58, 48.85
2020-10-28, 10:44:29, 23.58, 48.85
2020-10-28, 10:44:30, 23.57, 48.85
2020-10-28, 10:44:32, 23.58, 48.82
2020-10-28, 10:44:33, 23.58, 48.82
2020-10-28, 10:44:34, 23.58, 48.78
2020-10-28, 10:44:36, 23.58, 48.78
2020-10-28, 10:44:37, 23.58, 48.78
2020-10-28, 10:44:38, 23.58, 48.78
2020-10-28, 10:44:40, 23.59, 48.78
2020-10-28, 10:44:41, 23.58, 48.78
2020-10-28, 10:44:42, 23.58, 48.78
2020-10-28, 10:44:44, 23.58, 48.78
2020-10-28, 10:44:45, 23.59, 48.78
2020-10-28, 10:44:46, 23.59, 48.78
2020-10-28, 10:44:48, 23.58, 48.78
2020-10-28, 10:44:49, 23.58, 48.78
2020-10-28, 10:44:51, 23.58, 48.75
2020-10-28, 10:44:52, 23.56, 48.75
2020-10-28, 10:44:53, 23.58, 48.75
2020-10-28, 10:44:55, 23.59, 48.75
2020-10-28, 10:44:56, 23.57, 48.78
2020-10-28, 10:44:57, 23.58, 48.75
2020-10-28, 10:44:59, 23.58, 48.75
2020-10-28, 10:45:00, 23.58, 48.75
2020-10-28, 10:45:01, 23.58, 48.75
2020-10-28, 10:45:03, 23.56, 48.75
2020-10-28, 10:45:04, 23.58, 48.75
2020-10-28, 10:45:06, 23.56, 48.72
2020-10-28, 10:45:07, 23.57, 48.75
2020-10-28, 10:45:08, 23.58, 48.72
2020-10-28, 10:45:10, 23.58, 48.75
2020-10-28, 10:45:11, 23.58, 48.72
2020-10-28, 10:45:12, 23.59, 48.72
2020-10-28, 10:45:14, 23.57, 48.72
2020-10-28, 10:45:15, 23.59, 48.72
2020-10-28, 10:45:16, 23.58, 48.75
2020-10-28, 10:45:18, 23.58, 48.72
2020-10-28, 10:45:19, 23.58, 48.72
2020-10-28, 10:45:20, 23.58, 48.72
2020-10-28, 10:45:22, 23.58, 48.75
2020-10-28, 10:45:23, 23.59, 48.72
2020-10-28, 10:45:24, 23.58, 48.72
2020-10-28, 10:45:26, 23.59, 48.72
2020-10-28, 10:45:27, 23.58, 48.72
2020-10-28, 10:45:29, 23.59, 48.72
2020-10-28, 10:45:30, 23.58, 48.72
2020-10-28, 10:45:31, 23.58, 48.72
2020-10-28, 10:45:33, 23.57, 48.72
2020-10-28, 10:45:34, 23.56, 48.72
2020-10-28, 10:45:35, 23.57, 48.69
2020-10-28, 10:45:37, 23.57, 48.72
2020-10-28, 10:45:38, 23.58, 48.72
2020-10-28, 10:45:39, 23.58, 48.69
2020-10-28, 10:45:43, 23.31, 48.78
2020-10-28, 10:45:44, 23.48, 48.9
2020-10-28, 10:45:45, 23.51, 48.9
2020-10-28, 10:45:47, 23.52, 48.87
2020-10-28, 10:45:48, 23.54, 48.84
2020-10-28, 10:45:49, 23.54, 48.81
2020-10-28, 10:45:51, 23.54, 48.81
2020-10-28, 10:45:52, 23.54, 48.78
2020-10-28, 10:45:53, 23.55, 48.78
2020-10-28, 10:45:55, 23.55, 48.78
2020-10-28, 10:45:56, 23.55, 48.78
2020-10-28, 10:45:57, 23.56, 48.75
2020-10-28, 10:45:59, 23.57, 48.72
2020-10-28, 10:46:00, 23.56, 48.72
2020-10-28, 10:46:02, 23.56, 48.72
2020-10-28, 10:46:03, 23.55, 48.72
2020-10-28, 10:46:04, 23.57, 48.72
2020-10-28, 10:46:06, 23.58, 48.72
2020-10-28, 10:46:07, 23.56, 48.72
2020-10-28, 10:46:08, 23.56, 48.69
2020-10-28, 10:46:10, 23.58, 48.69
2020-10-28, 10:46:11, 23.56, 48.65
2020-10-28, 10:46:12, 23.56, 48.65
2020-10-28, 10:46:14, 23.56, 48.69
2020-10-28, 10:46:15, 23.56, 48.69
2020-10-28, 10:46:16, 23.57, 48.65
2020-10-28, 10:46:18, 23.56, 48.69
2020-10-28, 10:46:19, 23.56, 48.65
2020-10-28, 10:46:20, 23.57, 48.65
2020-10-28, 10:46:22, 23.56, 48.65
2020-10-28, 10:46:23, 23.57, 48.69
2020-10-28, 10:46:25, 23.58, 48.69
2020-10-28, 10:46:26, 23.57, 48.65
2020-10-28, 10:46:27, 23.56, 48.65
2020-10-28, 10:46:29, 23.56, 48.65
2020-10-28, 10:46:30, 23.54, 48.65
2020-10-28, 10:46:31, 23.55, 48.65
2020-10-28, 10:46:33, 23.55, 48.65
2020-10-28, 10:46:34, 23.56, 48.65
2020-10-28, 10:46:35, 23.56, 48.65
2020-10-28, 10:46:37, 23.56, 48.65
2020-10-28, 10:46:38, 23.56, 48.62
2020-10-28, 10:46:39, 23.56, 48.62
2020-10-28, 10:46:41, 23.57, 48.65
2020-10-28, 10:46:42, 23.57, 48.65
2020-10-28, 10:46:44, 23.58, 48.66
2020-10-28, 10:46:45, 23.58, 48.66
2020-10-28, 10:46:46, 23.57, 48.65
2020-10-28, 10:46:48, 23.57, 48.65
2020-10-28, 10:46:49, 23.56, 48.62
2020-10-28, 10:46:50, 23.55, 48.65
2020-10-28, 10:46:52, 23.56, 48.62
2020-10-28, 10:46:53, 23.56, 48.62
2020-10-28, 10:46:54, 23.56, 48.62
2020-10-28, 10:46:56, 23.57, 48.65
2020-10-28, 10:46:57, 23.56, 48.62
2020-10-28, 10:46:58, 23.56, 48.65
2020-10-28, 10:47:00, 23.57, 48.62
2020-10-28, 10:47:01, 23.56, 48.62
2020-10-28, 10:47:03, 23.56, 48.62
2020-10-28, 10:47:04, 23.56, 48.62
2020-10-28, 10:47:05, 23.58, 48.62
2020-10-28, 10:47:07, 23.58, 48.62
2020-10-28, 10:47:08, 23.58, 48.62
2020-10-28, 10:47:09, 23.56, 48.62
2020-10-28, 10:47:11, 23.57, 48.62
2020-10-28, 10:47:12, 23.57, 48.59
2020-10-28, 10:47:13, 23.57, 48.62
2020-10-28, 10:47:15, 23.56, 48.59
2020-10-28, 10:47:16, 23.56, 48.59
2020-10-28, 10:47:17, 23.57, 48.59
2020-10-28, 10:47:19, 23.57, 48.59
2020-10-28, 10:47:20, 23.57, 48.59
2020-10-28, 10:47:22, 23.57, 48.59
2020-10-28, 10:47:23, 23.56, 48.59
2020-10-28, 10:47:24, 23.57, 48.59
2020-10-28, 10:47:26, 23.58, 48.59
2020-10-28, 10:47:27, 23.57, 48.59
2020-10-28, 10:47:28, 23.56, 48.59
2020-10-28, 10:47:30, 23.56, 48.59
2020-10-28, 10:47:31, 23.56, 48.59
2020-10-28, 10:47:32, 23.56, 48.59
2020-10-28, 10:47:34, 23.56, 48.59
2020-10-28, 10:47:35, 23.56, 48.59
2020-10-28, 10:47:36, 23.57, 48.59
2020-10-28, 10:47:38, 23.54, 48.59
2020-10-28, 10:47:39, 23.55, 48.59
2020-10-28, 10:47:41, 23.56, 48.59
2020-10-28, 10:47:42, 23.54, 48.59
2020-10-28, 10:47:43, 23.56, 48.59
2020-10-28, 10:47:45, 23.56, 48.59
2020-10-28, 10:47:46, 23.57, 48.59
2020-10-28, 10:47:47, 23.56, 48.62
2020-10-28, 10:47:49, 23.5, 48.58
2020-10-28, 10:47:50, 23.54, 48.62
2020-10-28, 10:47:52, 23.56, 48.59
2020-10-28, 10:47:53, 23.56, 48.59
2020-10-28, 10:47:54, 23.56, 48.59
2020-10-28, 10:47:56, 23.56, 48.59
2020-10-28, 10:47:57, 23.57, 48.59
2020-10-28, 10:47:58, 23.57, 48.59
2020-10-28, 10:48:00, 23.56, 48.59
2020-10-28, 10:48:01, 23.58, 48.59
2020-10-28, 10:48:02, 23.57, 48.56
2020-10-28, 10:48:04, 23.58, 48.56
2020-10-28, 10:48:05, 23.58, 48.56
2020-10-28, 10:48:06, 23.58, 48.56
2020-10-28, 10:48:08, 23.59, 48.56
2020-10-28, 10:48:09, 23.58, 48.53
2020-10-28, 10:48:11, 23.58, 48.53
2020-10-28, 10:48:12, 23.58, 48.53
2020-10-28, 10:48:13, 23.58, 48.53
2020-10-28, 10:48:15, 23.57, 48.53
2020-10-28, 10:48:16, 23.56, 48.53
2020-10-28, 10:48:17, 23.58, 48.53
2020-10-28, 10:48:19, 23.58, 48.53
2020-10-28, 10:48:20, 23.6, 48.53
2020-10-28, 10:48:21, 23.58, 48.53
2020-10-28, 10:48:23, 23.58, 48.53
2020-10-28, 10:48:24, 23.58, 48.53
2020-10-28, 10:48:25, 23.58, 48.53
2020-10-28, 10:48:27, 23.57, 48.53
2020-10-28, 10:48:28, 23.56, 48.49
2020-10-28, 10:48:29, 23.58, 48.5
2020-10-28, 10:48:31, 23.58, 48.5
2020-10-28, 10:48:32, 23.58, 48.53
2020-10-28, 10:48:34, 23.59, 48.5
2020-10-28, 10:48:35, 23.58, 48.53
2020-10-28, 10:48:36, 23.59, 48.5
2020-10-28, 10:48:38, 23.59, 48.5
2020-10-28, 10:48:39, 23.59, 48.53
2020-10-28, 10:48:40, 23.6, 48.5
2020-10-28, 10:48:42, 23.59, 48.5
2020-10-28, 10:48:43, 23.58, 48.5
2020-10-28, 10:48:44, 23.6, 48.47
2020-10-28, 10:48:46, 23.58, 48.46
2020-10-28, 10:48:47, 23.59, 48.5
2020-10-28, 10:48:49, 23.58, 48.46
2020-10-28, 10:48:50, 23.59, 48.47
2020-10-28, 10:48:51, 23.6, 48.47
2020-10-28, 10:48:53, 23.6, 48.47
2020-10-28, 10:48:54, 23.59, 48.47
2020-10-28, 10:48:55, 23.6, 48.47
2020-10-28, 10:48:57, 23.59, 48.47
2020-10-28, 10:48:58, 23.57, 48.46
2020-10-28, 10:48:59, 23.6, 48.47
2020-10-28, 10:49:01, 23.61, 48.47
2020-10-28, 10:49:02, 23.6, 48.47
2020-10-28, 10:49:03, 23.62, 48.47
2020-10-28, 10:49:05, 23.61, 48.47
2020-10-28, 10:49:06, 23.61, 48.47
2020-10-28, 10:49:07, 23.62, 48.44
2020-10-28, 10:49:09, 23.61, 48.47
2020-10-28, 10:49:10, 23.59, 48.43
2020-10-28, 10:49:12, 23.61, 48.44
2020-10-28, 10:49:13, 23.6, 48.44
2020-10-28, 10:49:14, 23.6, 48.44
2020-10-28, 10:49:16, 23.6, 48.44
2020-10-28, 10:49:17, 23.6, 48.44
2020-10-28, 10:49:18, 23.59, 48.43
2020-10-28, 10:49:20, 23.6, 48.44
2020-10-28, 10:49:21, 23.57, 48.43
2020-10-28, 10:49:22, 23.58, 48.46
2020-10-28, 10:49:24, 23.6, 48.47
2020-10-28, 10:49:25, 23.59, 48.43
2020-10-28, 10:49:26, 23.6, 48.47
2020-10-28, 10:49:28, 23.6, 48.44
2020-10-28, 10:49:29, 23.59, 48.47
2020-10-28, 10:49:31, 23.6, 48.44
2020-10-28, 10:49:32, 23.6, 48.44
2020-10-28, 10:49:33, 23.61, 48.44
2020-10-28, 10:49:35, 23.61, 48.44
2020-10-28, 10:49:36, 23.61, 48.44
2020-10-28, 10:49:37, 23.6, 48.44
2020-10-28, 10:49:39, 23.6, 48.44
2020-10-28, 10:49:40, 23.6, 48.44
2020-10-28, 10:49:41, 23.61, 48.4
2020-10-28, 10:49:43, 23.61, 48.4
2020-10-28, 10:49:44, 23.61, 48.4
2020-10-28, 10:49:45, 23.61, 48.4
2020-10-28, 10:49:47, 23.61, 48.4
2020-10-28, 10:49:48, 23.59, 48.4
2020-10-28, 10:49:50, 23.6, 48.4
2020-10-28, 10:49:51, 23.59, 48.4
2020-10-28, 10:49:52, 23.6, 48.4
2020-10-28, 10:49:54, 23.6, 48.4
2020-10-28, 10:49:55, 23.62, 48.41
2020-10-28, 10:49:56, 23.61, 48.4
2020-10-28, 10:49:58, 23.63, 48.41
2020-10-28, 10:49:59, 23.62, 48.41
2020-10-28, 10:50:00, 23.6, 48.4
2020-10-28, 10:50:02, 23.62, 48.41
2020-10-28, 10:50:03, 23.62, 48.41
2020-10-28, 10:50:04, 23.63, 48.41
2020-10-28, 10:50:06, 23.62, 48.41
2020-10-28, 10:50:07, 23.61, 48.37
2020-10-28, 10:50:08, 23.62, 48.37
2020-10-28, 10:50:10, 23.61, 48.37
2020-10-28, 10:50:11, 23.6, 48.37
2020-10-28, 10:50:13, 23.6, 48.37
2020-10-28, 10:50:14, 23.62, 48.34
2020-10-28, 10:50:15, 23.61, 48.34
2020-10-28, 10:50:17, 23.61, 48.37
2020-10-28, 10:50:18, 23.62, 48.34
2020-10-28, 10:50:19, 23.62, 48.37
2020-10-28, 10:50:21, 23.62, 48.34
2020-10-28, 10:50:22, 23.63, 48.34
2020-10-28, 10:50:23, 23.62, 48.34
2020-10-28, 10:50:25, 23.62, 48.34
2020-10-28, 10:50:26, 23.62, 48.34
2020-10-28, 10:50:27, 23.63, 48.34
2020-10-28, 10:50:29, 23.63, 48.34
2020-10-28, 10:50:30, 23.62, 48.34
2020-10-28, 10:50:31, 23.62, 48.34
2020-10-28, 10:50:33, 23.61, 48.34
2020-10-28, 10:50:34, 23.63, 48.34
2020-10-28, 10:50:36, 23.64, 48.34
2020-10-28, 10:50:37, 23.62, 48.34
2020-10-28, 10:50:38, 23.63, 48.31
2020-10-28, 10:50:40, 23.62, 48.31
2020-10-28, 10:50:41, 23.62, 48.31
2020-10-28, 10:50:42, 23.61, 48.28
2020-10-28, 10:50:44, 23.62, 48.31
2020-10-28, 10:50:45, 23.64, 48.31
2020-10-28, 10:50:46, 23.63, 48.31
2020-10-28, 10:50:48, 23.62, 48.28
2020-10-28, 10:50:49, 23.63, 48.31
2020-10-28, 10:50:51, 23.64, 48.31
2020-10-28, 10:50:52, 23.62, 48.31
2020-10-28, 10:50:53, 23.62, 48.31
2020-10-28, 10:50:55, 23.62, 48.28
2020-10-28, 10:50:56, 23.63, 48.28
2020-10-28, 10:50:57, 23.64, 48.28
2020-10-28, 10:50:59, 23.64, 48.28
2020-10-28, 10:51:00, 23.63, 48.28
2020-10-28, 10:51:01, 23.64, 48.28
2020-10-28, 10:51:03, 23.64, 48.28
2020-10-28, 10:51:04, 23.65, 48.25
2020-10-28, 10:51:05, 23.64, 48.28
2020-10-28, 10:51:07, 23.62, 48.28
2020-10-28, 10:51:08, 23.63, 48.28
2020-10-28, 10:51:10, 23.61, 48.28
2020-10-28, 10:51:11, 23.63, 48.28
2020-10-28, 10:51:12, 23.64, 48.28
2020-10-28, 10:51:14, 23.62, 48.25
2020-10-28, 10:51:15, 23.63, 48.28
2020-10-28, 10:51:16, 23.63, 48.25
2020-10-28, 10:51:18, 23.64, 48.25
2020-10-28, 10:51:19, 23.64, 48.25
2020-10-28, 10:51:20, 23.64, 48.25
2020-10-28, 10:51:22, 23.63, 48.25
2020-10-28, 10:51:23, 23.64, 48.25
2020-10-28, 10:51:24, 23.66, 48.25
2020-10-28, 10:51:26, 23.64, 48.25
2020-10-28, 10:51:27, 23.64, 48.25
2020-10-28, 10:51:29, 23.64, 48.25
2020-10-28, 10:51:30, 23.63, 48.22
2020-10-28, 10:51:31, 23.64, 48.22
2020-10-28, 10:51:33, 23.65, 48.25
2020-10-28, 10:51:34, 23.66, 48.22
2020-10-28, 10:51:35, 23.65, 48.22
2020-10-28, 10:51:37, 23.65, 48.22
2020-10-28, 10:51:38, 23.65, 48.22
2020-10-28, 10:51:39, 23.65, 48.22
2020-10-28, 10:51:41, 23.66, 48.19
2020-10-28, 10:51:42, 23.66, 48.19
2020-10-28, 10:51:44, 23.64, 48.22
2020-10-28, 10:51:45, 23.64, 48.22
2020-10-28, 10:51:46, 23.65, 48.22
2020-10-28, 10:51:48, 23.64, 48.22
2020-10-28, 10:51:49, 23.64, 48.19
2020-10-28, 10:51:50, 23.64, 48.22
2020-10-28, 10:51:52, 23.66, 48.22
2020-10-28, 10:51:53, 23.64, 48.19
2020-10-28, 10:51:54, 23.64, 48.22
2020-10-28, 10:51:56, 23.64, 48.19
2020-10-28, 10:51:57, 23.64, 48.19
2020-10-28, 10:51:59, 23.66, 48.19
2020-10-28, 10:52:00, 23.66, 48.19
2020-10-28, 10:52:01, 23.66, 48.19
2020-10-28, 10:52:03, 23.66, 48.19
2020-10-28, 10:52:04, 23.66, 48.19
2020-10-28, 10:52:05, 23.67, 48.19
2020-10-28, 10:52:07, 23.65, 48.19
2020-10-28, 10:52:08, 23.65, 48.15
2020-10-28, 10:52:09, 23.66, 48.16
2020-10-28, 10:52:11, 23.65, 48.15
2020-10-28, 10:52:12, 23.65, 48.15
2020-10-28, 10:52:13, 23.66, 48.16
2020-10-28, 10:52:15, 23.66, 48.16
2020-10-28, 10:52:16, 23.66, 48.16
2020-10-28, 10:52:18, 23.66, 48.16
2020-10-28, 10:52:19, 23.66, 48.16
2020-10-28, 10:52:20, 23.67, 48.16
2020-10-28, 10:52:22, 23.66, 48.16
2020-10-28, 10:52:23, 23.66, 48.16
2020-10-28, 10:52:24, 23.68, 48.16
2020-10-28, 10:52:26, 23.66, 48.12
2020-10-28, 10:52:27, 23.67, 48.13
2020-10-28, 10:52:28, 23.66, 48.16
2020-10-28, 10:52:30, 23.68, 48.13
2020-10-28, 10:52:31, 23.65, 48.12
2020-10-28, 10:52:32, 23.66, 48.12
2020-10-28, 10:52:34, 23.67, 48.09
2020-10-28, 10:52:35, 23.67, 48.13
2020-10-28, 10:52:37, 23.68, 48.13
2020-10-28, 10:52:38, 23.67, 48.09
2020-10-28, 10:52:39, 23.67, 48.09
2020-10-28, 10:52:41, 23.67, 48.09
2020-10-28, 10:52:42, 23.68, 48.09
2020-10-28, 10:52:43, 23.68, 48.09
2020-10-28, 10:52:45, 23.68, 48.09
2020-10-28, 10:52:46, 23.68, 48.09
2020-10-28, 10:52:47, 23.65, 48.09
2020-10-28, 10:52:49, 23.66, 48.06
2020-10-28, 10:52:50, 23.66, 48.09
2020-10-28, 10:52:51, 23.66, 48.09
2020-10-28, 10:52:53, 23.67, 48.09
2020-10-28, 10:52:54, 23.67, 48.09
2020-10-28, 10:52:56, 23.68, 48.06
2020-10-28, 10:52:57, 23.67, 48.09
2020-10-28, 10:52:58, 23.67, 48.06
2020-10-28, 10:53:00, 23.66, 48.06
2020-10-28, 10:53:01, 23.66, 48.06
2020-10-28, 10:53:02, 23.67, 48.06
2020-10-28, 10:53:04, 23.66, 48.06
2020-10-28, 10:53:05, 23.68, 48.06
2020-10-28, 10:53:06, 23.65, 48.09
2020-10-28, 10:53:08, 23.66, 48.06
2020-10-28, 10:53:09, 23.66, 48.06
2020-10-28, 10:53:10, 23.66, 48.06
2020-10-28, 10:53:12, 23.67, 48.06
2020-10-28, 10:53:13, 23.67, 48.06
2020-10-28, 10:53:15, 23.65, 48.09
2020-10-28, 10:53:16, 23.66, 48.06
2020-10-28, 10:53:17, 23.67, 48.06
2020-10-28, 10:53:19, 23.67, 48.06
2020-10-28, 10:53:20, 23.68, 48.06
2020-10-28, 10:53:21, 23.68, 48.06
2020-10-28, 10:53:23, 23.68, 48.06
2020-10-28, 10:53:24, 23.67, 48.03
2020-10-28, 10:53:25, 23.68, 48.06
2020-10-28, 10:53:27, 23.68, 48.06
2020-10-28, 10:53:28, 23.68, 48.03
2020-10-28, 10:53:29, 23.68, 48.03
2020-10-28, 10:53:31, 23.68, 48.03
2020-10-28, 10:53:32, 23.67, 48.03
2020-10-28, 10:53:33, 23.68, 48.03
2020-10-28, 10:53:35, 23.66, 48.03
2020-10-28, 10:53:36, 23.68, 48.03
2020-10-28, 10:53:38, 23.68, 48.03
2020-10-28, 10:53:39, 23.68, 48.03
2020-10-28, 10:53:40, 23.67, 48.03
2020-10-28, 10:53:42, 23.68, 48.06
2020-10-28, 10:53:43, 23.67, 48.06
2020-10-28, 10:53:44, 23.68, 48.03
2020-10-28, 10:53:46, 23.68, 48.06
2020-10-28, 10:53:47, 23.67, 48.03
2020-10-28, 10:53:48, 23.67, 48.06
2020-10-28, 10:53:50, 23.68, 48.06
2020-10-28, 10:53:51, 23.67, 48.06
2020-10-28, 10:53:52, 23.69, 48.06
2020-10-28, 10:53:54, 23.68, 48.03
2020-10-28, 10:53:55, 23.68, 48.06
2020-10-28, 10:53:57, 23.68, 48.06
2020-10-28, 10:53:58, 23.7, 48.07
2020-10-28, 10:53:59, 23.68, 48.03
2020-10-28, 10:54:01, 23.69, 48.03
2020-10-28, 10:54:02, 23.7, 48.07
2020-10-28, 10:54:03, 23.68, 48.03
2020-10-28, 10:54:05, 23.69, 48.03
2020-10-28, 10:54:06, 23.68, 48.03
2020-10-28, 10:54:07, 23.68, 48.03
2020-10-28, 10:54:09, 23.68, 48.06
2020-10-28, 10:54:10, 23.68, 48.03
2020-10-28, 10:54:11, 23.69, 48.06
2020-10-28, 10:54:13, 23.68, 48.03
2020-10-28, 10:54:14, 23.69, 48.06
2020-10-28, 10:54:16, 23.69, 48.03
2020-10-28, 10:54:17, 23.69, 48.03
2020-10-28, 10:54:18, 23.68, 48.06
2020-10-28, 10:54:20, 23.68, 48.03
2020-10-28, 10:54:21, 23.69, 48.03
2020-10-28, 10:54:22, 23.68, 48.03
2020-10-28, 10:54:24, 23.69, 48.03
2020-10-28, 10:54:25, 23.69, 48.06
2020-10-28, 10:54:26, 23.69, 48.03
2020-10-28, 10:54:28, 23.7, 48.03
2020-10-28, 10:54:29, 23.7, 48.03
2020-10-28, 10:54:30, 23.7, 48.03
2020-10-28, 10:54:32, 23.69, 48.03
2020-10-28, 10:54:33, 23.7, 48.07
2020-10-28, 10:54:34, 23.69, 48.03
2020-10-28, 10:54:36, 23.7, 48.03
2020-10-28, 10:54:37, 23.7, 48.03
2020-10-28, 10:54:39, 23.7, 48.03
2020-10-28, 10:54:40, 23.7, 48.03
2020-10-28, 10:54:41, 23.7, 48.03
2020-10-28, 10:54:43, 23.7, 48.03
2020-10-28, 10:54:44, 23.69, 48.03
2020-10-28, 10:54:45, 23.69, 48.03
2020-10-28, 10:54:47, 23.7, 48.03
2020-10-28, 10:54:48, 23.7, 48.03
2020-10-28, 10:54:49, 23.7, 48.03
2020-10-28, 10:54:51, 23.69, 48.03
2020-10-28, 10:54:52, 23.68, 48.06
2020-10-28, 10:54:53, 23.7, 48.07
2020-10-28, 10:54:55, 23.7, 48.07
2020-10-28, 10:54:56, 23.67, 48.09
2020-10-28, 10:54:58, 23.69, 48.1
2020-10-28, 10:54:59, 23.68, 48.09
2020-10-28, 10:55:00, 23.7, 48.1
2020-10-28, 10:55:02, 23.7, 48.1
2020-10-28, 10:55:03, 23.7, 48.1
2020-10-28, 10:55:04, 23.7, 48.1
2020-10-28, 10:55:06, 23.7, 48.1
2020-10-28, 10:55:07, 23.7, 48.1
2020-10-28, 10:55:08, 23.7, 48.1
2020-10-28, 10:55:10, 23.69, 48.1
2020-10-28, 10:55:11, 23.69, 48.1
2020-10-28, 10:55:12, 23.67, 48.09
2020-10-28, 10:55:14, 23.69, 48.1
2020-10-28, 10:55:15, 23.69, 48.1
2020-10-28, 10:55:17, 23.7, 48.1
2020-10-28, 10:55:18, 23.7, 48.13
2020-10-28, 10:55:19, 23.69, 48.1
2020-10-28, 10:55:21, 23.68, 48.13
2020-10-28, 10:55:22, 23.69, 48.1
2020-10-28, 10:55:23, 23.68, 48.09
2020-10-28, 10:55:25, 23.7, 48.1
2020-10-28, 10:55:26, 23.7, 48.1
2020-10-28, 10:55:27, 23.7, 48.13
2020-10-28, 10:55:29, 23.7, 48.1
2020-10-28, 10:55:30, 23.7, 48.1
2020-10-28, 10:55:31, 23.7, 48.13
2020-10-28, 10:55:33, 23.71, 48.1
2020-10-28, 10:55:34, 23.7, 48.1
2020-10-28, 10:55:36, 23.7, 48.1
2020-10-28, 10:55:37, 23.72, 48.1
2020-10-28, 10:55:38, 23.71, 48.1
2020-10-28, 10:55:40, 23.71, 48.1
2020-10-28, 10:55:41, 23.7, 48.13
2020-10-28, 10:55:42, 23.71, 48.1
2020-10-28, 10:55:44, 23.71, 48.1
2020-10-28, 10:55:45, 23.68, 48.09
2020-10-28, 10:55:46, 23.7, 48.1
2020-10-28, 10:55:48, 23.7, 48.1
2020-10-28, 10:55:49, 23.71, 48.1
2020-10-28, 10:55:50, 23.72, 48.1
2020-10-28, 10:55:52, 23.72, 48.1
2020-10-28, 10:55:53, 23.72, 48.1
2020-10-28, 10:55:55, 23.72, 48.1
2020-10-28, 10:55:56, 23.71, 48.13
2020-10-28, 10:55:57, 23.72, 48.1
2020-10-28, 10:55:59, 23.72, 48.1
2020-10-28, 10:56:00, 23.72, 48.1
2020-10-28, 10:56:01, 23.72, 48.1
2020-10-28, 10:56:03, 23.73, 48.1
2020-10-28, 10:56:04, 23.74, 48.1
2020-10-28, 10:56:05, 23.74, 48.1
2020-10-28, 10:56:07, 23.73, 48.1
2020-10-28, 10:56:08, 23.73, 48.1
2020-10-28, 10:56:09, 23.72, 48.1
2020-10-28, 10:56:11, 23.72, 48.1
2020-10-28, 10:56:12, 23.71, 48.1
2020-10-28, 10:56:14, 23.73, 48.1
2020-10-28, 10:56:15, 23.72, 48.1
2020-10-28, 10:56:16, 23.73, 48.1
2020-10-28, 10:56:18, 23.74, 48.1
2020-10-28, 10:56:19, 23.74, 48.1
2020-10-28, 10:56:20, 23.74, 48.07
2020-10-28, 10:56:22, 23.75, 48.07
2020-10-28, 10:56:23, 23.74, 48.07
2020-10-28, 10:56:24, 23.75, 48.07
2020-10-28, 10:56:26, 23.74, 48.07
2020-10-28, 10:56:27, 23.74, 48.04
2020-10-28, 10:56:29, 23.74, 48.07
2020-10-28, 10:56:30, 23.75, 48.07
2020-10-28, 10:56:31, 23.75, 48.04
2020-10-28, 10:56:33, 23.74, 48.04
2020-10-28, 10:56:34, 23.74, 48.07
2020-10-28, 10:56:35, 23.75, 48.07
2020-10-28, 10:56:37, 23.74, 48.07
2020-10-28, 10:56:38, 23.75, 48.07
2020-10-28, 10:56:39, 23.73, 48.07
2020-10-28, 10:56:41, 23.75, 48.07
2020-10-28, 10:56:42, 23.76, 48.07
2020-10-28, 10:56:43, 23.74, 48.07
2020-10-28, 10:56:45, 23.74, 48.07
2020-10-28, 10:56:46, 23.75, 48.07
2020-10-28, 10:56:48, 23.74, 48.07
2020-10-28, 10:56:49, 23.74, 48.07
2020-10-28, 10:56:50, 23.74, 48.07
2020-10-28, 10:56:52, 23.75, 48.1
2020-10-28, 10:56:53, 23.74, 48.1
2020-10-28, 10:56:54, 23.74, 48.1
2020-10-28, 10:56:56, 23.74, 48.1
2020-10-28, 10:56:57, 23.74, 48.1
2020-10-28, 10:56:58, 23.75, 48.1
2020-10-28, 10:57:00, 23.75, 48.1
2020-10-28, 10:57:01, 23.76, 48.1
2020-10-28, 10:57:02, 23.76, 48.1
2020-10-28, 10:57:04, 23.75, 48.1
2020-10-28, 10:57:05, 23.75, 48.1
2020-10-28, 10:57:07, 23.73, 48.13
2020-10-28, 10:57:08, 23.75, 48.1
2020-10-28, 10:57:09, 23.74, 48.1
2020-10-28, 10:57:11, 23.75, 48.14
2020-10-28, 10:57:12, 23.75, 48.1
2020-10-28, 10:57:13, 23.76, 48.1
2020-10-28, 10:57:15, 23.76, 48.1
2020-10-28, 10:57:16, 23.74, 48.13
2020-10-28, 10:57:17, 23.72, 48.1
2020-10-28, 10:57:19, 23.74, 48.1
2020-10-28, 10:57:20, 23.74, 48.1
2020-10-28, 10:57:22, 23.74, 48.13
2020-10-28, 10:57:23, 23.74, 48.1
2020-10-28, 10:57:24, 23.76, 48.1
2020-10-28, 10:57:26, 23.75, 48.1
2020-10-28, 10:57:27, 23.76, 48.1
2020-10-28, 10:57:28, 23.76, 48.1
2020-10-28, 10:57:30, 23.74, 48.1
2020-10-28, 10:57:31, 23.74, 48.1
2020-10-28, 10:57:32, 23.74, 48.07
2020-10-28, 10:57:34, 23.73, 48.1
2020-10-28, 10:57:35, 23.75, 48.1
2020-10-28, 10:57:36, 23.76, 48.07
2020-10-28, 10:57:38, 23.76, 48.1
2020-10-28, 10:57:39, 23.76, 48.1
2020-10-28, 10:57:41, 23.76, 48.07
2020-10-28, 10:57:42, 23.76, 48.07
2020-10-28, 10:57:43, 23.75, 48.1
2020-10-28, 10:57:45, 23.76, 48.07
2020-10-28, 10:57:46, 23.76, 48.1
2020-10-28, 10:57:47, 23.75, 48.07
2020-10-28, 10:57:49, 23.75, 48.1
2020-10-28, 10:57:50, 23.74, 48.1
2020-10-28, 10:57:51, 23.74, 48.1
2020-10-28, 10:57:53, 23.74, 48.1
2020-10-28, 10:57:54, 23.74, 48.1
2020-10-28, 10:57:55, 23.75, 48.1
2020-10-28, 10:57:57, 23.74, 48.1
2020-10-28, 10:57:58, 23.74, 48.1
2020-10-28, 10:58:00, 23.76, 48.1
2020-10-28, 10:58:01, 23.76, 48.1
2020-10-28, 10:58:02, 23.76, 48.1
2020-10-28, 10:58:04, 23.77, 48.11
2020-10-28, 10:58:05, 23.75, 48.1
2020-10-28, 10:58:06, 23.76, 48.1
2020-10-28, 10:58:08, 23.76, 48.1
2020-10-28, 10:58:09, 23.75, 48.1
2020-10-28, 10:58:10, 23.78, 48.11
2020-10-28, 10:58:12, 23.75, 48.1
2020-10-28, 10:58:13, 23.76, 48.1
2020-10-28, 10:58:14, 23.77, 48.11
2020-10-28, 10:58:16, 23.76, 48.1
2020-10-28, 10:58:17, 23.75, 48.1
2020-10-28, 10:58:19, 23.77, 48.11
2020-10-28, 10:58:20, 23.77, 48.11
2020-10-28, 10:58:21, 23.78, 48.11
2020-10-28, 10:58:23, 23.76, 48.1
2020-10-28, 10:58:24, 23.77, 48.11
2020-10-28, 10:58:25, 23.77, 48.11
2020-10-28, 10:58:27, 23.77, 48.11
2020-10-28, 10:58:28, 23.76, 48.1
2020-10-28, 10:58:29, 23.78, 48.11
2020-10-28, 10:58:31, 23.78, 48.08
2020-10-28, 10:58:32, 23.78, 48.11
2020-10-28, 10:58:33, 23.77, 48.07
2020-10-28, 10:58:35, 23.76, 48.07
2020-10-28, 10:58:36, 23.78, 48.11
2020-10-28, 10:58:38, 23.8, 48.11
2020-10-28, 10:58:39, 23.78, 48.08
2020-10-28, 10:58:40, 23.78, 48.11
2020-10-28, 10:58:42, 23.78, 48.08
2020-10-28, 10:58:43, 23.77, 48.07
2020-10-28, 10:58:44, 23.77, 48.11
2020-10-28, 10:58:46, 23.78, 48.11
2020-10-28, 10:58:47, 23.77, 48.11
2020-10-28, 10:58:48, 23.78, 48.11
2020-10-28, 10:58:50, 23.76, 48.1
2020-10-28, 10:58:51, 23.76, 48.1
2020-10-28, 10:58:53, 23.75, 48.1
2020-10-28, 10:58:54, 23.76, 48.1
2020-10-28, 10:58:55, 23.76, 48.1
2020-10-28, 10:58:57, 23.75, 48.1
2020-10-28, 10:58:58, 23.77, 48.14
2020-10-28, 10:58:59, 23.78, 48.11
2020-10-28, 10:59:01, 23.76, 48.17
2020-10-28, 10:59:02, 23.76, 48.14
2020-10-28, 10:59:03, 23.76, 48.14
2020-10-28, 10:59:05, 23.76, 48.17
2020-10-28, 10:59:06, 23.76, 48.17
2020-10-28, 10:59:07, 23.75, 48.14
2020-10-28, 10:59:09, 23.76, 48.17
2020-10-28, 10:59:10, 23.75, 48.14
2020-10-28, 10:59:12, 23.75, 48.14
2020-10-28, 10:59:13, 23.76, 48.17
2020-10-28, 10:59:14, 23.76, 48.14
2020-10-28, 10:59:16, 23.76, 48.17
2020-10-28, 10:59:17, 23.77, 48.14
2020-10-28, 10:59:18, 23.77, 48.17
2020-10-28, 10:59:20, 23.76, 48.17
2020-10-28, 10:59:21, 23.76, 48.17
2020-10-28, 10:59:22, 23.77, 48.17
2020-10-28, 10:59:24, 23.77, 48.17
2020-10-28, 10:59:25, 23.77, 48.17
2020-10-28, 10:59:26, 23.77, 48.17
2020-10-28, 10:59:28, 23.77, 48.14
2020-10-28, 10:59:29, 23.76, 48.17
2020-10-28, 10:59:31, 23.77, 48.17
2020-10-28, 10:59:32, 23.75, 48.17
2020-10-28, 10:59:33, 23.76, 48.17
2020-10-28, 10:59:35, 23.76, 48.17
2020-10-28, 10:59:36, 23.76, 48.17
2020-10-28, 10:59:37, 23.76, 48.17
2020-10-28, 10:59:39, 23.76, 48.17
2020-10-28, 10:59:40, 23.76, 48.17
2020-10-28, 10:59:41, 23.75, 48.17
2020-10-28, 10:59:43, 23.74, 48.17
2020-10-28, 10:59:44, 23.74, 48.2
2020-10-28, 10:59:45, 23.76, 48.17
2020-10-28, 10:59:47, 23.76, 48.2
2020-10-28, 10:59:48, 23.76, 48.17
2020-10-28, 10:59:50, 23.75, 48.17
2020-10-28, 10:59:51, 23.76, 48.2
2020-10-28, 10:59:52, 23.77, 48.17
2020-10-28, 10:59:54, 23.76, 48.17
2020-10-28, 10:59:55, 23.77, 48.17
2020-10-28, 10:59:56, 23.77, 48.17
2020-10-28, 10:59:58, 23.78, 48.17
2020-10-28, 10:59:59, 23.78, 48.17
2020-10-28, 11:00:00, 23.78, 48.17
2020-10-28, 11:00:02, 23.75, 48.17
2020-10-28, 11:00:03, 23.76, 48.17
2020-10-28, 11:00:04, 23.75, 48.17
2020-10-28, 11:00:06, 23.73, 48.2
2020-10-28, 11:00:07, 23.73, 48.2
2020-10-28, 11:00:09, 23.75, 48.2
2020-10-28, 11:00:10, 23.73, 48.23
2020-10-28, 11:00:11, 23.73, 48.23
2020-10-28, 11:00:13, 23.74, 48.23
2020-10-28, 11:00:14, 23.74, 48.23
2020-10-28, 11:00:15, 23.74, 48.23
2020-10-28, 11:00:17, 23.74, 48.23
2020-10-28, 11:00:18, 23.74, 48.23
2020-10-28, 11:00:20, 23.76, 48.23
2020-10-28, 11:00:21, 23.76, 48.23
2020-10-28, 11:00:22, 23.77, 48.23
2020-10-28, 11:00:24, 23.76, 48.2
2020-10-28, 11:00:25, 23.76, 48.23
2020-10-28, 11:00:26, 23.75, 48.2
2020-10-28, 11:00:28, 23.75, 48.2
2020-10-28, 11:00:29, 23.76, 48.23
2020-10-28, 11:00:30, 23.76, 48.2
2020-10-28, 11:00:32, 23.76, 48.23
2020-10-28, 11:00:33, 23.75, 48.23
2020-10-28, 11:00:34, 23.76, 48.23
2020-10-28, 11:00:36, 23.75, 48.23
2020-10-28, 11:00:37, 23.75, 48.2
2020-10-28, 11:00:38, 23.75, 48.2
2020-10-28, 11:00:40, 23.75, 48.23
2020-10-28, 11:00:41, 23.76, 48.2
2020-10-28, 11:00:43, 23.76, 48.2
2020-10-28, 11:00:44, 23.75, 48.2
2020-10-28, 11:00:45, 23.76, 48.23
2020-10-28, 11:00:47, 23.76, 48.2
2020-10-28, 11:00:48, 23.75, 48.23
2020-10-28, 11:00:49, 23.76, 48.23
2020-10-28, 11:00:51, 23.77, 48.23
2020-10-28, 11:00:52, 23.77, 48.23
2020-10-28, 11:00:53, 23.76, 48.23
2020-10-28, 11:00:55, 23.76, 48.23
2020-10-28, 11:00:56, 23.76, 48.23
2020-10-28, 11:00:57, 23.76, 48.23
2020-10-28, 11:01:01, 23.47, 48.32
2020-10-28, 11:01:02, 23.65, 48.41
2020-10-28, 11:01:03, 23.69, 48.45
2020-10-28, 11:01:05, 23.71, 48.42
2020-10-28, 11:01:06, 23.71, 48.42
2020-10-28, 11:01:08, 23.71, 48.39
2020-10-28, 11:01:09, 23.7, 48.38
2020-10-28, 11:01:10, 23.68, 48.35
2020-10-28, 11:01:12, 23.7, 48.35
2020-10-28, 11:01:13, 23.71, 48.35
2020-10-28, 11:01:14, 23.73, 48.36
2020-10-28, 11:01:16, 23.74, 48.33
2020-10-28, 11:01:17, 23.73, 48.32
2020-10-28, 11:01:18, 23.72, 48.29
2020-10-28, 11:01:20, 23.73, 48.29
2020-10-28, 11:01:21, 23.74, 48.33
2020-10-28, 11:01:22, 23.74, 48.33
2020-10-28, 11:01:24, 23.74, 48.33
2020-10-28, 11:01:25, 23.74, 48.29
2020-10-28, 11:01:27, 23.74, 48.29
2020-10-28, 11:01:28, 23.74, 48.29
2020-10-28, 11:01:29, 23.74, 48.33
2020-10-28, 11:01:31, 23.74, 48.33
2020-10-28, 11:01:32, 23.74, 48.33
2020-10-28, 11:01:33, 23.75, 48.33
2020-10-28, 11:01:35, 23.74, 48.33
2020-10-28, 11:01:36, 23.74, 48.33
2020-10-28, 11:01:37, 23.74, 48.33
2020-10-28, 11:01:39, 23.73, 48.29
2020-10-28, 11:01:40, 23.73, 48.32
2020-10-28, 11:01:41, 23.73, 48.36
2020-10-28, 11:01:43, 23.73, 48.32
2020-10-28, 11:01:44, 23.74, 48.33
2020-10-28, 11:01:45, 23.73, 48.32
2020-10-28, 11:01:47, 23.72, 48.32
2020-10-28, 11:01:48, 23.72, 48.32
2020-10-28, 11:01:50, 23.73, 48.36
2020-10-28, 11:01:51, 23.73, 48.32
2020-10-28, 11:01:52, 23.72, 48.35
2020-10-28, 11:01:54, 23.71, 48.35
2020-10-28, 11:01:55, 23.72, 48.35
2020-10-28, 11:01:56, 23.72, 48.35
2020-10-28, 11:01:58, 23.72, 48.35
2020-10-28, 11:01:59, 23.71, 48.35
2020-10-28, 11:02:00, 23.72, 48.35
2020-10-28, 11:02:02, 23.71, 48.35
2020-10-28, 11:02:03, 23.71, 48.35
2020-10-28, 11:02:04, 23.73, 48.36
2020-10-28, 11:02:06, 23.74, 48.36
2020-10-28, 11:02:07, 23.72, 48.35
2020-10-28, 11:02:09, 23.74, 48.36
2020-10-28, 11:02:10, 23.72, 48.35
2020-10-28, 11:02:11, 23.73, 48.36
2020-10-28, 11:02:13, 23.73, 48.39
2020-10-28, 11:02:14, 23.73, 48.36
2020-10-28, 11:02:15, 23.73, 48.39
2020-10-28, 11:02:17, 23.74, 48.39
2020-10-28, 11:02:18, 23.74, 48.36
2020-10-28, 11:02:19, 23.73, 48.36
2020-10-28, 11:02:21, 23.74, 48.36
2020-10-28, 11:02:22, 23.73, 48.36
2020-10-28, 11:02:23, 23.73, 48.39
2020-10-28, 11:02:25, 23.73, 48.36
2020-10-28, 11:02:26, 23.73, 48.36
2020-10-28, 11:02:28, 23.74, 48.36
2020-10-28, 11:02:29, 23.74, 48.36
2020-10-28, 11:02:30, 23.75, 48.36
2020-10-28, 11:02:32, 23.75, 48.36
2020-10-28, 11:02:33, 23.76, 48.36
2020-10-28, 11:02:34, 23.75, 48.36
2020-10-28, 11:02:36, 23.75, 48.36
2020-10-28, 11:02:37, 23.74, 48.36
2020-10-28, 11:02:38, 23.74, 48.36
2020-10-28, 11:02:40, 23.72, 48.35
2020-10-28, 11:02:41, 23.74, 48.36
2020-10-28, 11:02:42, 23.74, 48.36
2020-10-28, 11:02:44, 23.73, 48.36
2020-10-28, 11:02:45, 23.74, 48.36
2020-10-28, 11:02:47, 23.74, 48.36
2020-10-28, 11:02:48, 23.74, 48.36
2020-10-28, 11:02:49, 23.73, 48.36
2020-10-28, 11:02:51, 23.74, 48.36
2020-10-28, 11:02:52, 23.74, 48.39
2020-10-28, 11:02:53, 23.72, 48.35
2020-10-28, 11:02:55, 23.72, 48.39
2020-10-28, 11:02:56, 23.73, 48.39
2020-10-28, 11:02:57, 23.73, 48.39
2020-10-28, 11:02:59, 23.73, 48.39
2020-10-28, 11:03:00, 23.73, 48.39
2020-10-28, 11:03:01, 23.74, 48.39
2020-10-28, 11:03:03, 23.73, 48.36
2020-10-28, 11:03:04, 23.74, 48.36
2020-10-28, 11:03:06, 23.73, 48.36
2020-10-28, 11:03:07, 23.76, 48.39
2020-10-28, 11:03:08, 23.74, 48.36
2020-10-28, 11:03:10, 23.74, 48.39
2020-10-28, 11:03:11, 23.74, 48.36
2020-10-28, 11:03:12, 23.74, 48.36
2020-10-28, 11:03:14, 23.73, 48.39
2020-10-28, 11:03:15, 23.75, 48.39
2020-10-28, 11:03:16, 23.74, 48.36
2020-10-28, 11:03:18, 23.75, 48.39
2020-10-28, 11:03:19, 23.75, 48.36
2020-10-28, 11:03:20, 23.74, 48.36
2020-10-28, 11:03:22, 23.74, 48.36
2020-10-28, 11:03:23, 23.74, 48.36
2020-10-28, 11:03:24, 23.74, 48.36
2020-10-28, 11:03:26, 23.74, 48.36
2020-10-28, 11:03:27, 23.75, 48.39
2020-10-28, 11:03:29, 23.74, 48.39
2020-10-28, 11:03:30, 23.73, 48.39
2020-10-28, 11:03:31, 23.72, 48.39
2020-10-28, 11:03:33, 23.72, 48.39
2020-10-28, 11:03:34, 23.72, 48.42
2020-10-28, 11:03:35, 23.73, 48.42
2020-10-28, 11:03:37, 23.73, 48.42
2020-10-28, 11:03:38, 23.72, 48.42
2020-10-28, 11:03:39, 23.73, 48.42
2020-10-28, 11:03:41, 23.71, 48.42
2020-10-28, 11:03:42, 23.71, 48.42
2020-10-28, 11:03:43, 23.71, 48.42
2020-10-28, 11:03:45, 23.71, 48.42
2020-10-28, 11:03:46, 23.7, 48.48
2020-10-28, 11:03:48, 23.7, 48.48
2020-10-28, 11:03:49, 23.7, 48.48
2020-10-28, 11:03:50, 23.7, 48.48
2020-10-28, 11:03:52, 23.7, 48.48
2020-10-28, 11:03:53, 23.69, 48.48
2020-10-28, 11:03:54, 23.7, 48.48
2020-10-28, 11:03:56, 23.69, 48.48
2020-10-28, 11:03:57, 23.7, 48.48
2020-10-28, 11:03:58, 23.69, 48.51
2020-10-28, 11:04:00, 23.7, 48.51
2020-10-28, 11:04:01, 23.69, 48.51
2020-10-28, 11:04:02, 23.68, 48.54
2020-10-28, 11:04:04, 23.68, 48.51
2020-10-28, 11:04:05, 23.68, 48.54
2020-10-28, 11:04:06, 23.68, 48.51
2020-10-28, 11:04:08, 23.69, 48.54
2020-10-28, 11:04:09, 23.67, 48.54
2020-10-28, 11:04:11, 23.67, 48.54
2020-10-28, 11:04:12, 23.68, 48.54
2020-10-28, 11:04:13, 23.68, 48.57
2020-10-28, 11:04:15, 23.66, 48.57
2020-10-28, 11:04:16, 23.66, 48.57
2020-10-28, 11:04:17, 23.67, 48.57
2020-10-28, 11:04:19, 23.69, 48.57
2020-10-28, 11:04:20, 23.68, 48.57
2020-10-28, 11:04:21, 23.68, 48.57
2020-10-28, 11:04:23, 23.68, 48.57
2020-10-28, 11:04:24, 23.68, 48.57
2020-10-28, 11:04:26, 23.65, 48.6
2020-10-28, 11:04:27, 23.68, 48.6
2020-10-28, 11:04:28, 23.67, 48.57
2020-10-28, 11:04:30, 23.67, 48.6
2020-10-28, 11:04:31, 23.66, 48.6
2020-10-28, 11:04:32, 23.66, 48.6
2020-10-28, 11:04:34, 23.66, 48.6
2020-10-28, 11:04:35, 23.66, 48.6
2020-10-28, 11:04:36, 23.66, 48.63
2020-10-28, 11:04:38, 23.65, 48.6
2020-10-28, 11:04:39, 23.65, 48.6
2020-10-28, 11:04:40, 23.64, 48.6
2020-10-28, 11:04:42, 23.65, 48.63
2020-10-28, 11:04:43, 23.64, 48.63
2020-10-28, 11:04:44, 23.66, 48.63
2020-10-28, 11:04:46, 23.67, 48.64
2020-10-28, 11:04:47, 23.65, 48.63
2020-10-28, 11:04:49, 23.65, 48.63
2020-10-28, 11:04:50, 23.63, 48.66
2020-10-28, 11:04:51, 23.65, 48.63
2020-10-28, 11:04:53, 23.63, 48.63
2020-10-28, 11:04:54, 23.64, 48.66
2020-10-28, 11:04:55, 23.64, 48.66
2020-10-28, 11:04:57, 23.64, 48.66
2020-10-28, 11:04:58, 23.64, 48.66
2020-10-28, 11:04:59, 23.65, 48.66
2020-10-28, 11:05:01, 23.65, 48.66
2020-10-28, 11:05:02, 23.64, 48.66
2020-10-28, 11:05:03, 23.62, 48.66
2020-10-28, 11:05:05, 23.64, 48.66
2020-10-28, 11:05:06, 23.65, 48.66
2020-10-28, 11:05:08, 23.65, 48.66
2020-10-28, 11:05:09, 23.65, 48.66
2020-10-28, 11:05:10, 23.65, 48.66
2020-10-28, 11:05:12, 23.66, 48.67
2020-10-28, 11:05:13, 23.64, 48.66
2020-10-28, 11:05:14, 23.64, 48.66
2020-10-28, 11:05:16, 23.64, 48.66
2020-10-28, 11:05:17, 23.64, 48.66
2020-10-28, 11:05:18, 23.64, 48.66
2020-10-28, 11:05:20, 23.64, 48.66
2020-10-28, 11:05:21, 23.63, 48.66
2020-10-28, 11:05:22, 23.62, 48.66
2020-10-28, 11:05:24, 23.63, 48.66
2020-10-28, 11:05:25, 23.62, 48.66
2020-10-28, 11:05:27, 23.63, 48.66
2020-10-28, 11:05:28, 23.62, 48.66
2020-10-28, 11:05:29, 23.61, 48.69
2020-10-28, 11:05:31, 23.62, 48.69
2020-10-28, 11:05:32, 23.62, 48.69
2020-10-28, 11:05:33, 23.64, 48.7
2020-10-28, 11:05:35, 23.63, 48.73
2020-10-28, 11:05:36, 23.63, 48.69
2020-10-28, 11:05:37, 23.64, 48.7
2020-10-28, 11:05:39, 23.64, 48.66
2020-10-28, 11:05:40, 23.63, 48.66
2020-10-28, 11:05:41, 23.63, 48.69
2020-10-28, 11:05:43, 23.63, 48.69
2020-10-28, 11:05:44, 23.63, 48.66
2020-10-28, 11:05:46, 23.64, 48.66
2020-10-28, 11:05:47, 23.62, 48.69
2020-10-28, 11:05:48, 23.64, 48.7
2020-10-28, 11:05:50, 23.63, 48.69
2020-10-28, 11:05:51, 23.63, 48.69
2020-10-28, 11:05:52, 23.62, 48.69
2020-10-28, 11:05:54, 23.63, 48.73
2020-10-28, 11:05:55, 23.63, 48.73
2020-10-28, 11:05:56, 23.64, 48.73
2020-10-28, 11:05:58, 23.63, 48.69
2020-10-28, 11:05:59, 23.62, 48.72
2020-10-28, 11:06:00, 23.62, 48.69
2020-10-28, 11:06:02, 23.61, 48.72
2020-10-28, 11:06:03, 23.61, 48.72
2020-10-28, 11:06:05, 23.61, 48.72
2020-10-28, 11:06:06, 23.62, 48.72
2020-10-28, 11:06:07, 23.62, 48.72
2020-10-28, 11:06:09, 23.62, 48.72
2020-10-28, 11:06:10, 23.63, 48.73
2020-10-28, 11:06:11, 23.62, 48.72
2020-10-28, 11:06:13, 23.61, 48.72
2020-10-28, 11:06:14, 23.6, 48.72
2020-10-28, 11:06:15, 23.59, 48.72
2020-10-28, 11:06:17, 23.6, 48.75
2020-10-28, 11:06:18, 23.6, 48.75
2020-10-28, 11:06:19, 23.57, 48.75
2020-10-28, 11:06:21, 23.58, 48.78
2020-10-28, 11:06:22, 23.59, 48.78
2020-10-28, 11:06:24, 23.59, 48.78
2020-10-28, 11:06:25, 23.58, 48.78
2020-10-28, 11:06:26, 23.59, 48.78
2020-10-28, 11:06:28, 23.59, 48.78
2020-10-28, 11:06:29, 23.6, 48.79
2020-10-28, 11:06:30, 23.59, 48.78
2020-10-28, 11:06:32, 23.59, 48.78
2020-10-28, 11:06:33, 23.59, 48.82
2020-10-28, 11:06:34, 23.6, 48.79
2020-10-28, 11:06:36, 23.59, 48.78
2020-10-28, 11:06:37, 23.6, 48.79
2020-10-28, 11:06:38, 23.6, 48.79
2020-10-28, 11:06:40, 23.6, 48.82
2020-10-28, 11:06:41, 23.58, 48.82
2020-10-28, 11:06:43, 23.59, 48.82
2020-10-28, 11:06:44, 23.58, 48.82
2020-10-28, 11:06:45, 23.58, 48.85
2020-10-28, 11:06:47, 23.56, 48.81
2020-10-28, 11:06:48, 23.58, 48.85
2020-10-28, 11:06:49, 23.57, 48.85
2020-10-28, 11:06:51, 23.56, 48.84
2020-10-28, 11:06:52, 23.58, 48.85
2020-10-28, 11:06:53, 23.57, 48.88
2020-10-28, 11:06:55, 23.57, 48.85
2020-10-28, 11:06:56, 23.58, 48.88
2020-10-28, 11:06:59, 23.3, 48.94
2020-10-28, 11:07:00, 23.46, 49.09
2020-10-28, 11:07:02, 23.5, 49.09
2020-10-28, 11:07:03, 23.53, 49.06
2020-10-28, 11:07:04, 23.53, 49.03
2020-10-28, 11:07:06, 23.54, 49.03
2020-10-28, 11:07:07, 23.54, 49.0
2020-10-28, 11:07:09, 23.54, 48.97
2020-10-28, 11:07:10, 23.54, 48.97
2020-10-28, 11:07:11, 23.53, 48.97
2020-10-28, 11:07:13, 23.55, 48.97
2020-10-28, 11:07:14, 23.54, 48.94
2020-10-28, 11:07:15, 23.54, 48.94
2020-10-28, 11:07:17, 23.55, 48.94
2020-10-28, 11:07:18, 23.55, 48.94
2020-10-28, 11:07:19, 23.54, 48.94
2020-10-28, 11:07:21, 23.54, 48.91
2020-10-28, 11:07:22, 23.54, 48.91
2020-10-28, 11:07:23, 23.56, 48.94
2020-10-28, 11:07:25, 23.54, 48.91
2020-10-28, 11:07:26, 23.56, 48.94
2020-10-28, 11:07:28, 23.55, 48.94
2020-10-28, 11:07:29, 23.54, 48.91
2020-10-28, 11:07:30, 23.54, 48.91
2020-10-28, 11:07:32, 23.54, 48.91
2020-10-28, 11:07:33, 23.54, 48.91
2020-10-28, 11:07:34, 23.52, 48.93
2020-10-28, 11:07:36, 23.53, 48.94
2020-10-28, 11:07:37, 23.52, 48.93
2020-10-28, 11:07:38, 23.53, 48.97
2020-10-28, 11:07:40, 23.51, 48.93
2020-10-28, 11:07:41, 23.52, 48.97
2020-10-28, 11:07:43, 23.52, 48.97
2020-10-28, 11:07:44, 23.52, 48.97
2020-10-28, 11:07:45, 23.52, 48.97
2020-10-28, 11:07:47, 23.53, 48.97
2020-10-28, 11:07:48, 23.54, 48.94
2020-10-28, 11:07:49, 23.53, 48.94
2020-10-28, 11:07:51, 23.54, 48.97
2020-10-28, 11:07:52, 23.54, 48.94
2020-10-28, 11:07:53, 23.55, 48.91
2020-10-28, 11:07:55, 23.54, 48.94
2020-10-28, 11:07:56, 23.56, 48.94
2020-10-28, 11:07:58, 23.52, 48.97
2020-10-28, 11:07:59, 23.53, 48.94
2020-10-28, 11:08:00, 23.53, 48.97
2020-10-28, 11:08:02, 23.52, 48.93
2020-10-28, 11:08:03, 23.55, 48.94
2020-10-28, 11:08:05, 23.53, 48.9
2020-10-28, 11:08:06, 23.53, 48.94
2020-10-28, 11:08:07, 23.52, 48.9
2020-10-28, 11:08:09, 23.54, 48.91
2020-10-28, 11:08:10, 23.55, 48.91
2020-10-28, 11:08:11, 23.53, 48.9
2020-10-28, 11:08:13, 23.52, 48.9
2020-10-28, 11:08:14, 23.53, 48.9
2020-10-28, 11:08:15, 23.53, 48.9
2020-10-28, 11:08:17, 23.53, 48.9
2020-10-28, 11:08:18, 23.53, 48.9
2020-10-28, 11:08:19, 23.54, 48.91
2020-10-28, 11:08:21, 23.52, 48.9
2020-10-28, 11:08:22, 23.56, 48.91
2020-10-28, 11:08:23, 23.55, 48.91
2020-10-28, 11:08:25, 23.54, 48.91
2020-10-28, 11:08:26, 23.54, 48.91
2020-10-28, 11:08:28, 23.54, 48.91
2020-10-28, 11:08:29, 23.53, 48.87
2020-10-28, 11:08:30, 23.55, 48.91
2020-10-28, 11:08:32, 23.54, 48.91
2020-10-28, 11:08:33, 23.54, 48.91
2020-10-28, 11:08:34, 23.55, 48.87
2020-10-28, 11:08:36, 23.55, 48.87
2020-10-28, 11:08:37, 23.55, 48.91
2020-10-28, 11:08:38, 23.54, 48.87
2020-10-28, 11:08:40, 23.55, 48.87
2020-10-28, 11:08:41, 23.54, 48.84
2020-10-28, 11:08:42, 23.55, 48.87
2020-10-28, 11:08:44, 23.55, 48.87
2020-10-28, 11:08:45, 23.56, 48.84
2020-10-28, 11:08:47, 23.55, 48.84
2020-10-28, 11:08:48, 23.55, 48.84
2020-10-28, 11:08:49, 23.55, 48.87
2020-10-28, 11:08:51, 23.55, 48.84
2020-10-28, 11:08:52, 23.55, 48.84
2020-10-28, 11:08:53, 23.56, 48.84
2020-10-28, 11:08:55, 23.54, 48.84
2020-10-28, 11:08:56, 23.53, 48.84
2020-10-28, 11:08:57, 23.55, 48.87
2020-10-28, 11:08:59, 23.54, 48.84
2020-10-28, 11:09:00, 23.54, 48.84
2020-10-28, 11:09:02, 23.53, 48.84
2020-10-28, 11:09:03, 23.54, 48.87
2020-10-28, 11:09:04, 23.54, 48.84
2020-10-28, 11:09:06, 23.55, 48.87
2020-10-28, 11:09:07, 23.51, 48.87
2020-10-28, 11:09:08, 23.53, 48.87
2020-10-28, 11:09:10, 23.52, 48.87
2020-10-28, 11:09:11, 23.52, 48.87
2020-10-28, 11:09:12, 23.52, 48.84
2020-10-28, 11:09:14, 23.54, 48.84
2020-10-28, 11:09:15, 23.54, 48.84
2020-10-28, 11:09:16, 23.54, 48.87
2020-10-28, 11:09:18, 23.53, 48.84
2020-10-28, 11:09:19, 23.52, 48.84
2020-10-28, 11:09:21, 23.53, 48.84
2020-10-28, 11:09:22, 23.53, 48.84
2020-10-28, 11:09:23, 23.52, 48.84
2020-10-28, 11:09:25, 23.52, 48.81
2020-10-28, 11:09:26, 23.52, 48.84
2020-10-28, 11:09:27, 23.52, 48.84
2020-10-28, 11:09:29, 23.51, 48.84
2020-10-28, 11:09:30, 23.52, 48.84
2020-10-28, 11:09:31, 23.51, 48.84
2020-10-28, 11:09:33, 23.52, 48.84
2020-10-28, 11:09:34, 23.52, 48.84
2020-10-28, 11:09:35, 23.52, 48.84
2020-10-28, 11:09:37, 23.51, 48.84
2020-10-28, 11:09:38, 23.51, 48.84
2020-10-28, 11:09:40, 23.51, 48.84
2020-10-28, 11:09:41, 23.5, 48.84
2020-10-28, 11:09:42, 23.52, 48.84
2020-10-28, 11:09:44, 23.52, 48.84
2020-10-28, 11:09:45, 23.51, 48.84
2020-10-28, 11:09:46, 23.51, 48.84
2020-10-28, 11:09:48, 23.52, 48.84
2020-10-28, 11:09:49, 23.53, 48.84
2020-10-28, 11:09:50, 23.51, 48.84
2020-10-28, 11:09:52, 23.52, 48.84
2020-10-28, 11:09:53, 23.53, 48.84
2020-10-28, 11:09:55, 23.53, 48.84
2020-10-28, 11:09:56, 23.54, 48.84
2020-10-28, 11:09:57, 23.54, 48.84
2020-10-28, 11:09:59, 23.52, 48.84
2020-10-28, 11:10:00, 23.52, 48.81
2020-10-28, 11:10:01, 23.5, 48.8
2020-10-28, 11:10:03, 23.51, 48.84
2020-10-28, 11:10:04, 23.5, 48.84
2020-10-28, 11:10:05, 23.52, 48.84
2020-10-28, 11:10:07, 23.51, 48.81
2020-10-28, 11:10:08, 23.52, 48.84
2020-10-28, 11:10:09, 23.51, 48.84
2020-10-28, 11:10:11, 23.52, 48.84
2020-10-28, 11:10:12, 23.52, 48.84
2020-10-28, 11:10:14, 23.51, 48.84
2020-10-28, 11:10:15, 23.52, 48.84
2020-10-28, 11:10:16, 23.52, 48.84
2020-10-28, 11:10:18, 23.51, 48.84
2020-10-28, 11:10:19, 23.51, 48.84
2020-10-28, 11:10:20, 23.51, 48.84
2020-10-28, 11:10:22, 23.52, 48.84
2020-10-28, 11:10:23, 23.51, 48.84
2020-10-28, 11:10:24, 23.53, 48.81
2020-10-28, 11:10:26, 23.53, 48.84
2020-10-28, 11:10:27, 23.52, 48.81
2020-10-28, 11:10:28, 23.5, 48.84
2020-10-28, 11:10:30, 23.52, 48.81
2020-10-28, 11:10:31, 23.52, 48.81
2020-10-28, 11:10:33, 23.51, 48.81
2020-10-28, 11:10:34, 23.52, 48.78
2020-10-28, 11:10:35, 23.51, 48.81
2020-10-28, 11:10:37, 23.51, 48.81
2020-10-28, 11:10:38, 23.51, 48.81
2020-10-28, 11:10:39, 23.5, 48.8
2020-10-28, 11:10:41, 23.51, 48.81
2020-10-28, 11:10:42, 23.51, 48.81
2020-10-28, 11:10:43, 23.49, 48.8
2020-10-28, 11:10:45, 23.47, 48.8
2020-10-28, 11:10:46, 23.5, 48.8
2020-10-28, 11:10:47, 23.5, 48.8
2020-10-28, 11:10:49, 23.5, 48.84
2020-10-28, 11:10:50, 23.48, 48.83
2020-10-28, 11:10:52, 23.48, 48.83
2020-10-28, 11:10:53, 23.5, 48.8
2020-10-28, 11:10:54, 23.5, 48.8
2020-10-28, 11:10:56, 23.49, 48.84
2020-10-28, 11:10:57, 23.49, 48.8
2020-10-28, 11:10:58, 23.5, 48.84
2020-10-28, 11:11:00, 23.49, 48.84
2020-10-28, 11:11:01, 23.49, 48.8
2020-10-28, 11:11:02, 23.5, 48.8
2020-10-28, 11:11:04, 23.49, 48.84
2020-10-28, 11:11:05, 23.5, 48.8
2020-10-28, 11:11:06, 23.49, 48.8
2020-10-28, 11:11:08, 23.48, 48.8
2020-10-28, 11:11:09, 23.49, 48.8
2020-10-28, 11:11:11, 23.48, 48.77
2020-10-28, 11:11:12, 23.48, 48.8
2020-10-28, 11:11:13, 23.48, 48.83
2020-10-28, 11:11:15, 23.48, 48.8
2020-10-28, 11:11:16, 23.48, 48.8
2020-10-28, 11:11:17, 23.48, 48.8
2020-10-28, 11:11:19, 23.48, 48.83
2020-10-28, 11:11:20, 23.48, 48.83
2020-10-28, 11:11:21, 23.48, 48.83
2020-10-28, 11:11:23, 23.48, 48.83
2020-10-28, 11:11:24, 23.47, 48.83
2020-10-28, 11:11:25, 23.49, 48.84
2020-10-28, 11:11:27, 23.49, 48.8
2020-10-28, 11:11:28, 23.46, 48.83
2020-10-28, 11:11:30, 23.48, 48.83
2020-10-28, 11:11:31, 23.48, 48.8
2020-10-28, 11:11:32, 23.49, 48.8
2020-10-28, 11:11:34, 23.49, 48.84
2020-10-28, 11:11:35, 23.49, 48.84
2020-10-28, 11:11:36, 23.48, 48.83
2020-10-28, 11:11:38, 23.48, 48.83
2020-10-28, 11:11:39, 23.5, 48.8
2020-10-28, 11:11:40, 23.49, 48.84
2020-10-28, 11:11:42, 23.48, 48.83
2020-10-28, 11:11:43, 23.48, 48.83
2020-10-28, 11:11:44, 23.46, 48.83
2020-10-28, 11:11:46, 23.46, 48.83
2020-10-28, 11:11:47, 23.47, 48.83
2020-10-28, 11:11:49, 23.46, 48.86
2020-10-28, 11:11:50, 23.44, 48.83
2020-10-28, 11:11:51, 23.46, 48.86
2020-10-28, 11:11:53, 23.46, 48.86
2020-10-28, 11:11:54, 23.47, 48.83
2020-10-28, 11:11:55, 23.46, 48.86
2020-10-28, 11:11:57, 23.46, 48.86
2020-10-28, 11:11:58, 23.46, 48.86
2020-10-28, 11:11:59, 23.46, 48.83
2020-10-28, 11:12:01, 23.45, 48.86
2020-10-28, 11:12:02, 23.46, 48.83
2020-10-28, 11:12:04, 23.48, 48.83
2020-10-28, 11:12:05, 23.47, 48.86
2020-10-28, 11:12:06, 23.46, 48.83
2020-10-28, 11:12:08, 23.44, 48.83
2020-10-28, 11:12:09, 23.45, 48.83
2020-10-28, 11:12:10, 23.45, 48.86
2020-10-28, 11:12:12, 23.44, 48.86
2020-10-28, 11:12:13, 23.44, 48.89
2020-10-28, 11:12:14, 23.45, 48.86
2020-10-28, 11:12:16, 23.44, 48.89
2020-10-28, 11:12:17, 23.44, 48.86
2020-10-28, 11:12:18, 23.44, 48.89
2020-10-28, 11:12:20, 23.45, 48.89
2020-10-28, 11:12:21, 23.46, 48.9
2020-10-28, 11:12:23, 23.46, 48.86
2020-10-28, 11:12:24, 23.46, 48.86
2020-10-28, 11:12:25, 23.46, 48.86
2020-10-28, 11:12:27, 23.46, 48.86
2020-10-28, 11:12:28, 23.45, 48.86
2020-10-28, 11:12:29, 23.45, 48.83
2020-10-28, 11:12:31, 23.46, 48.86
2020-10-28, 11:12:32, 23.46, 48.86
2020-10-28, 11:12:33, 23.45, 48.86
2020-10-28, 11:12:35, 23.46, 48.86
2020-10-28, 11:12:36, 23.46, 48.86
2020-10-28, 11:12:37, 23.46, 48.86
2020-10-28, 11:12:39, 23.44, 48.83
2020-10-28, 11:12:40, 23.48, 48.83
2020-10-28, 11:12:42, 23.46, 48.83
2020-10-28, 11:12:43, 23.48, 48.83
2020-10-28, 11:12:44, 23.48, 48.83
2020-10-28, 11:12:46, 23.48, 48.83
2020-10-28, 11:12:47, 23.48, 48.8
2020-10-28, 11:12:48, 23.47, 48.8
2020-10-28, 11:12:50, 23.48, 48.8
2020-10-28, 11:12:51, 23.48, 48.8
2020-10-28, 11:12:52, 23.49, 48.77
2020-10-28, 11:12:54, 23.47, 48.8
2020-10-28, 11:12:55, 23.46, 48.8
2020-10-28, 11:12:56, 23.47, 48.8
2020-10-28, 11:12:58, 23.47, 48.77
2020-10-28, 11:12:59, 23.48, 48.8
2020-10-28, 11:13:01, 23.46, 48.77
2020-10-28, 11:13:02, 23.46, 48.8
2020-10-28, 11:13:03, 23.48, 48.8
2020-10-28, 11:13:05, 23.46, 48.77
2020-10-28, 11:13:06, 23.46, 48.8
2020-10-28, 11:13:07, 23.46, 48.77
2020-10-28, 11:13:09, 23.46, 48.77
2020-10-28, 11:13:10, 23.46, 48.8
2020-10-28, 11:13:11, 23.45, 48.8
2020-10-28, 11:13:13, 23.47, 48.77
2020-10-28, 11:13:14, 23.47, 48.77
2020-10-28, 11:13:15, 23.47, 48.8
2020-10-28, 11:13:17, 23.48, 48.77
2020-10-28, 11:13:18, 23.48, 48.77
2020-10-28, 11:13:20, 23.47, 48.77
2020-10-28, 11:13:21, 23.48, 48.77
2020-10-28, 11:13:22, 23.48, 48.77
2020-10-28, 11:13:24, 23.46, 48.77
2020-10-28, 11:13:25, 23.46, 48.77
2020-10-28, 11:13:26, 23.47, 48.77
2020-10-28, 11:13:28, 23.46, 48.77
2020-10-28, 11:13:29, 23.47, 48.77
2020-10-28, 11:13:30, 23.47, 48.77
2020-10-28, 11:13:32, 23.47, 48.77
2020-10-28, 11:13:33, 23.48, 48.74
2020-10-28, 11:13:34, 23.49, 48.77
2020-10-28, 11:13:36, 23.48, 48.74
2020-10-28, 11:13:37, 23.48, 48.77
2020-10-28, 11:13:38, 23.49, 48.74
2020-10-28, 11:13:40, 23.46, 48.74
2020-10-28, 11:13:41, 23.47, 48.71
2020-10-28, 11:13:43, 23.47, 48.74
2020-10-28, 11:13:44, 23.47, 48.74
2020-10-28, 11:13:45, 23.49, 48.74
2020-10-28, 11:13:47, 23.49, 48.74
2020-10-28, 11:13:48, 23.48, 48.71
2020-10-28, 11:13:49, 23.47, 48.71
2020-10-28, 11:13:51, 23.47, 48.71
2020-10-28, 11:13:52, 23.47, 48.71
2020-10-28, 11:13:53, 23.47, 48.71
2020-10-28, 11:13:55, 23.48, 48.71
2020-10-28, 11:13:56, 23.47, 48.71
2020-10-28, 11:13:57, 23.47, 48.71
2020-10-28, 11:13:59, 23.48, 48.71
2020-10-28, 11:14:00, 23.47, 48.71
2020-10-28, 11:14:01, 23.48, 48.71
2020-10-28, 11:14:03, 23.48, 48.71
2020-10-28, 11:14:04, 23.49, 48.71
2020-10-28, 11:14:06, 23.48, 48.71
2020-10-28, 11:14:07, 23.5, 48.71
2020-10-28, 11:14:08, 23.49, 48.71
2020-10-28, 11:14:10, 23.48, 48.71
2020-10-28, 11:14:11, 23.48, 48.71
2020-10-28, 11:14:12, 23.48, 48.71
2020-10-28, 11:14:14, 23.48, 48.71
2020-10-28, 11:14:15, 23.49, 48.71
2020-10-28, 11:14:16, 23.48, 48.67
2020-10-28, 11:14:18, 23.48, 48.71
2020-10-28, 11:14:19, 23.48, 48.67
2020-10-28, 11:14:20, 23.48, 48.67
2020-10-28, 11:14:23, 23.28, 48.71
2020-10-28, 11:14:24, 23.41, 48.79
2020-10-28, 11:14:25, 23.44, 48.8
2020-10-28, 11:14:27, 23.44, 48.8
2020-10-28, 11:14:28, 23.45, 48.8
2020-10-28, 11:14:29, 23.46, 48.77
2020-10-28, 11:14:31, 23.46, 48.77
2020-10-28, 11:14:32, 23.45, 48.77
2020-10-28, 11:14:33, 23.46, 48.77
2020-10-28, 11:14:35, 23.47, 48.77
2020-10-28, 11:14:36, 23.47, 48.74
2020-10-28, 11:14:38, 23.46, 48.74
2020-10-28, 11:14:39, 23.47, 48.74
2020-10-28, 11:14:40, 23.47, 48.74
2020-10-28, 11:14:42, 23.48, 48.74
2020-10-28, 11:14:43, 23.48, 48.71
2020-10-28, 11:14:44, 23.48, 48.74
2020-10-28, 11:14:46, 23.49, 48.71
2020-10-28, 11:14:47, 23.48, 48.71
2020-10-28, 11:14:48, 23.49, 48.71
2020-10-28, 11:14:50, 23.5, 48.71
2020-10-28, 11:14:51, 23.48, 48.71
2020-10-28, 11:14:52, 23.48, 48.71
2020-10-28, 11:14:54, 23.48, 48.67
2020-10-28, 11:14:55, 23.5, 48.65
2020-10-28, 11:14:57, 23.49, 48.68
2020-10-28, 11:14:58, 23.49, 48.68
2020-10-28, 11:14:59, 23.48, 48.64
2020-10-28, 11:15:01, 23.49, 48.64
2020-10-28, 11:15:02, 23.5, 48.65
2020-10-28, 11:15:03, 23.49, 48.64
2020-10-28, 11:15:05, 23.49, 48.64
2020-10-28, 11:15:06, 23.5, 48.65
2020-10-28, 11:15:07, 23.49, 48.64
2020-10-28, 11:15:09, 23.49, 48.64
2020-10-28, 11:15:10, 23.49, 48.64
2020-10-28, 11:15:11, 23.51, 48.61
2020-10-28, 11:15:13, 23.49, 48.64
2020-10-28, 11:15:14, 23.5, 48.65
2020-10-28, 11:15:16, 23.49, 48.64
2020-10-28, 11:15:17, 23.5, 48.65
2020-10-28, 11:15:18, 23.51, 48.61
2020-10-28, 11:15:20, 23.5, 48.65
2020-10-28, 11:15:21, 23.51, 48.61
2020-10-28, 11:15:22, 23.5, 48.61
2020-10-28, 11:15:24, 23.5, 48.61
2020-10-28, 11:15:25, 23.52, 48.65
2020-10-28, 11:15:26, 23.5, 48.61
2020-10-28, 11:15:28, 23.5, 48.58
2020-10-28, 11:15:29, 23.5, 48.58
2020-10-28, 11:15:30, 23.5, 48.58
2020-10-28, 11:15:32, 23.47, 48.58
2020-10-28, 11:15:33, 23.49, 48.58
2020-10-28, 11:15:35, 23.49, 48.58
2020-10-28, 11:15:36, 23.5, 48.58
2020-10-28, 11:15:37, 23.5, 48.58
2020-10-28, 11:15:39, 23.51, 48.58
2020-10-28, 11:15:40, 23.5, 48.58
2020-10-28, 11:15:41, 23.5, 48.58
2020-10-28, 11:15:43, 23.51, 48.58
2020-10-28, 11:15:44, 23.53, 48.59
2020-10-28, 11:15:45, 23.51, 48.58
2020-10-28, 11:15:47, 23.51, 48.58
2020-10-28, 11:15:49, 23.29, 48.59
2020-10-28, 11:15:51, 23.44, 48.67
2020-10-28, 11:15:52, 23.48, 48.67
2020-10-28, 11:15:53, 23.47, 48.67
2020-10-28, 11:15:55, 23.49, 48.64
2020-10-28, 11:15:56, 23.48, 48.61
2020-10-28, 11:15:57, 23.49, 48.58
2020-10-28, 11:15:59, 23.51, 48.58
2020-10-28, 11:16:00, 23.49, 48.58
2020-10-28, 11:16:01, 23.5, 48.58
2020-10-28, 11:16:03, 23.5, 48.58
2020-10-28, 11:16:04, 23.5, 48.55
2020-10-28, 11:16:05, 23.51, 48.55
2020-10-28, 11:16:07, 23.5, 48.55
2020-10-28, 11:16:08, 23.52, 48.55
2020-10-28, 11:16:09, 23.51, 48.55
2020-10-28, 11:16:11, 23.5, 48.52
2020-10-28, 11:16:12, 23.52, 48.52
2020-10-28, 11:16:14, 23.52, 48.52
2020-10-28, 11:16:15, 23.51, 48.52
2020-10-28, 11:16:16, 23.5, 48.52
2020-10-28, 11:16:18, 23.51, 48.52
2020-10-28, 11:16:19, 23.52, 48.52
2020-10-28, 11:16:20, 23.52, 48.52
2020-10-28, 11:16:22, 23.51, 48.52
2020-10-28, 11:16:23, 23.52, 48.52
2020-10-28, 11:16:24, 23.52, 48.52
2020-10-28, 11:16:26, 23.52, 48.49
2020-10-28, 11:16:27, 23.53, 48.49
2020-10-28, 11:16:28, 23.52, 48.49
2020-10-28, 11:16:30, 23.54, 48.49
2020-10-28, 11:16:31, 23.53, 48.49
2020-10-28, 11:16:33, 23.54, 48.46
2020-10-28, 11:16:34, 23.54, 48.46
2020-10-28, 11:16:35, 23.55, 48.46
2020-10-28, 11:16:37, 23.53, 48.46
2020-10-28, 11:16:38, 23.53, 48.46
2020-10-28, 11:16:39, 23.53, 48.46
2020-10-28, 11:16:41, 23.54, 48.46
2020-10-28, 11:16:42, 23.54, 48.46
2020-10-28, 11:16:43, 23.54, 48.46
2020-10-28, 11:16:45, 23.54, 48.46
2020-10-28, 11:16:46, 23.54, 48.43
2020-10-28, 11:16:47, 23.54, 48.46
2020-10-28, 11:16:49, 23.54, 48.46
2020-10-28, 11:16:50, 23.54, 48.4
2020-10-28, 11:16:52, 23.54, 48.43
2020-10-28, 11:16:53, 23.55, 48.43
2020-10-28, 11:16:54, 23.56, 48.43
2020-10-28, 11:16:56, 23.54, 48.43
2020-10-28, 11:16:57, 23.53, 48.39
2020-10-28, 11:16:58, 23.53, 48.39
2020-10-28, 11:17:00, 23.54, 48.43
2020-10-28, 11:17:01, 23.55, 48.4
2020-10-28, 11:17:02, 23.54, 48.43
2020-10-28, 11:17:04, 23.52, 48.43
2020-10-28, 11:17:05, 23.53, 48.43
2020-10-28, 11:17:06, 23.53, 48.43
2020-10-28, 11:17:08, 23.53, 48.39
2020-10-28, 11:17:09, 23.54, 48.43
2020-10-28, 11:17:11, 23.54, 48.43
2020-10-28, 11:17:12, 23.53, 48.39
2020-10-28, 11:17:13, 23.54, 48.43
2020-10-28, 11:17:15, 23.51, 48.39
2020-10-28, 11:17:16, 23.54, 48.4
2020-10-28, 11:17:17, 23.54, 48.4
2020-10-28, 11:17:19, 23.52, 48.43
2020-10-28, 11:17:20, 23.53, 48.39
2020-10-28, 11:17:21, 23.52, 48.39
2020-10-28, 11:17:23, 23.53, 48.43
2020-10-28, 11:17:24, 23.52, 48.39
2020-10-28, 11:17:25, 23.52, 48.39
2020-10-28, 11:17:27, 23.54, 48.4
2020-10-28, 11:17:28, 23.52, 48.39
2020-10-28, 11:17:30, 23.54, 48.43
2020-10-28, 11:17:31, 23.52, 48.39
2020-10-28, 11:17:32, 23.52, 48.43
2020-10-28, 11:17:34, 23.52, 48.43
2020-10-28, 11:17:35, 23.54, 48.4
2020-10-28, 11:17:36, 23.53, 48.39
2020-10-28, 11:17:38, 23.54, 48.4
2020-10-28, 11:17:39, 23.55, 48.4
2020-10-28, 11:17:40, 23.54, 48.4
2020-10-28, 11:17:42, 23.55, 48.4
2020-10-28, 11:17:43, 23.54, 48.4
2020-10-28, 11:17:44, 23.55, 48.4
2020-10-28, 11:17:46, 23.54, 48.36
2020-10-28, 11:17:47, 23.54, 48.4
2020-10-28, 11:17:48, 23.56, 48.37
2020-10-28, 11:17:50, 23.55, 48.37
2020-10-28, 11:17:51, 23.54, 48.36
2020-10-28, 11:17:53, 23.54, 48.33
2020-10-28, 11:17:54, 23.54, 48.33
2020-10-28, 11:17:55, 23.54, 48.36
2020-10-28, 11:17:57, 23.54, 48.33
2020-10-28, 11:17:58, 23.54, 48.36
2020-10-28, 11:17:59, 23.54, 48.33
2020-10-28, 11:18:01, 23.53, 48.33
2020-10-28, 11:18:02, 23.54, 48.33
2020-10-28, 11:18:03, 23.54, 48.36
2020-10-28, 11:18:05, 23.54, 48.36
2020-10-28, 11:18:06, 23.54, 48.36
2020-10-28, 11:18:07, 23.54, 48.33
2020-10-28, 11:18:09, 23.54, 48.33
2020-10-28, 11:18:10, 23.54, 48.33
2020-10-28, 11:18:12, 23.54, 48.33
2020-10-28, 11:18:13, 23.53, 48.33
2020-10-28, 11:18:14, 23.54, 48.33
2020-10-28, 11:18:16, 23.54, 48.33
2020-10-28, 11:18:17, 23.55, 48.33
2020-10-28, 11:18:18, 23.54, 48.33
2020-10-28, 11:18:20, 23.55, 48.33
2020-10-28, 11:18:21, 23.54, 48.33
2020-10-28, 11:18:22, 23.54, 48.33
2020-10-28, 11:18:24, 23.54, 48.33
2020-10-28, 11:18:25, 23.54, 48.33
2020-10-28, 11:18:27, 23.55, 48.33
2020-10-28, 11:18:28, 23.55, 48.33
2020-10-28, 11:18:29, 23.55, 48.33
2020-10-28, 11:18:31, 23.54, 48.3
2020-10-28, 11:18:32, 23.56, 48.3
2020-10-28, 11:18:33, 23.56, 48.3
2020-10-28, 11:18:35, 23.54, 48.3
2020-10-28, 11:18:36, 23.56, 48.3
2020-10-28, 11:18:37, 23.54, 48.27
2020-10-28, 11:18:39, 23.55, 48.27
2020-10-28, 11:18:40, 23.54, 48.27
2020-10-28, 11:18:41, 23.55, 48.3
2020-10-28, 11:18:43, 23.55, 48.27
2020-10-28, 11:18:44, 23.57, 48.27
2020-10-28, 11:18:46, 23.56, 48.27
2020-10-28, 11:18:47, 23.56, 48.27
2020-10-28, 11:18:48, 23.56, 48.27
2020-10-28, 11:18:50, 23.55, 48.27
2020-10-28, 11:18:51, 23.56, 48.27
2020-10-28, 11:18:52, 23.55, 48.27
2020-10-28, 11:18:54, 23.56, 48.27
2020-10-28, 11:18:55, 23.56, 48.24
2020-10-28, 11:18:56, 23.57, 48.27
2020-10-28, 11:18:58, 23.56, 48.24
2020-10-28, 11:18:59, 23.57, 48.27
2020-10-28, 11:19:00, 23.56, 48.21
2020-10-28, 11:19:02, 23.54, 48.24
2020-10-28, 11:19:03, 23.56, 48.24
2020-10-28, 11:19:05, 23.56, 48.24
2020-10-28, 11:19:06, 23.56, 48.24
2020-10-28, 11:19:07, 23.55, 48.21
2020-10-28, 11:19:09, 23.55, 48.21
2020-10-28, 11:19:10, 23.57, 48.21
2020-10-28, 11:19:11, 23.56, 48.24
2020-10-28, 11:19:13, 23.55, 48.21
2020-10-28, 11:19:14, 23.56, 48.21
2020-10-28, 11:19:15, 23.56, 48.21
2020-10-28, 11:19:17, 23.57, 48.21
2020-10-28, 11:19:18, 23.57, 48.21
2020-10-28, 11:19:19, 23.57, 48.18
2020-10-28, 11:19:21, 23.56, 48.21
2020-10-28, 11:19:22, 23.57, 48.21
2020-10-28, 11:19:23, 23.57, 48.21
2020-10-28, 11:19:25, 23.57, 48.21
2020-10-28, 11:19:26, 23.56, 48.21
2020-10-28, 11:19:28, 23.56, 48.21
2020-10-28, 11:19:29, 23.56, 48.18
2020-10-28, 11:19:30, 23.56, 48.21
2020-10-28, 11:19:32, 23.56, 48.21
2020-10-28, 11:19:33, 23.57, 48.21
2020-10-28, 11:19:34, 23.57, 48.21
2020-10-28, 11:19:36, 23.57, 48.18
2020-10-28, 11:19:37, 23.57, 48.18
2020-10-28, 11:19:38, 23.58, 48.18
2020-10-28, 11:19:40, 23.56, 48.18
2020-10-28, 11:19:41, 23.57, 48.18
2020-10-28, 11:19:43, 23.58, 48.15
2020-10-28, 11:19:44, 23.58, 48.18
2020-10-28, 11:19:45, 23.57, 48.18
2020-10-28, 11:19:47, 23.58, 48.15
2020-10-28, 11:19:48, 23.58, 48.18
2020-10-28, 11:19:49, 23.56, 48.14
2020-10-28, 11:19:51, 23.56, 48.14
2020-10-28, 11:19:52, 23.59, 48.15
2020-10-28, 11:19:53, 23.58, 48.15
2020-10-28, 11:19:55, 23.58, 48.15
2020-10-28, 11:19:56, 23.6, 48.15
2020-10-28, 11:19:57, 23.6, 48.15
2020-10-28, 11:19:59, 23.59, 48.15
2020-10-28, 11:20:00, 23.59, 48.15
2020-10-28, 11:20:02, 23.59, 48.15
2020-10-28, 11:20:03, 23.58, 48.15
2020-10-28, 11:20:04, 23.58, 48.15
2020-10-28, 11:20:06, 23.58, 48.11
2020-10-28, 11:20:07, 23.59, 48.15
2020-10-28, 11:20:08, 23.59, 48.12
2020-10-28, 11:20:10, 23.58, 48.15
2020-10-28, 11:20:11, 23.58, 48.15
2020-10-28, 11:20:12, 23.58, 48.15
2020-10-28, 11:20:14, 23.58, 48.11
2020-10-28, 11:20:15, 23.58, 48.11
2020-10-28, 11:20:16, 23.58, 48.11
2020-10-28, 11:20:18, 23.58, 48.11
2020-10-28, 11:20:19, 23.59, 48.08
2020-10-28, 11:20:21, 23.59, 48.12
2020-10-28, 11:20:22, 23.59, 48.12
2020-10-28, 11:20:23, 23.58, 48.08
2020-10-28, 11:20:25, 23.59, 48.12
2020-10-28, 11:20:26, 23.6, 48.08
2020-10-28, 11:20:27, 23.6, 48.08
2020-10-28, 11:20:29, 23.58, 48.08
2020-10-28, 11:20:30, 23.59, 48.08
2020-10-28, 11:20:31, 23.6, 48.08
2020-10-28, 11:20:33, 23.61, 48.09
2020-10-28, 11:20:34, 23.61, 48.09
2020-10-28, 11:20:35, 23.6, 48.08
2020-10-28, 11:20:37, 23.6, 48.05
2020-10-28, 11:20:38, 23.61, 48.05
2020-10-28, 11:20:40, 23.61, 48.05
2020-10-28, 11:20:41, 23.61, 48.05
2020-10-28, 11:20:42, 23.61, 48.05
2020-10-28, 11:20:44, 23.62, 48.06
2020-10-28, 11:20:45, 23.62, 48.02
2020-10-28, 11:20:46, 23.62, 48.06
2020-10-28, 11:20:48, 23.62, 48.02
2020-10-28, 11:20:49, 23.62, 48.02
2020-10-28, 11:20:50, 23.6, 48.02
2020-10-28, 11:20:52, 23.62, 48.02
2020-10-28, 11:20:53, 23.62, 48.02
2020-10-28, 11:20:54, 23.62, 48.02
2020-10-28, 11:20:56, 23.62, 48.02
2020-10-28, 11:20:57, 23.62, 48.02
2020-10-28, 11:20:59, 23.63, 47.99
2020-10-28, 11:21:00, 23.61, 47.99
2020-10-28, 11:21:01, 23.62, 47.99
2020-10-28, 11:21:03, 23.63, 47.96
2020-10-28, 11:21:04, 23.61, 47.99
2020-10-28, 11:21:05, 23.62, 47.96
2020-10-28, 11:21:07, 23.62, 47.99
2020-10-28, 11:21:08, 23.63, 47.99
2020-10-28, 11:21:09, 23.62, 47.99
2020-10-28, 11:21:11, 23.64, 47.99
2020-10-28, 11:21:12, 23.64, 47.99
2020-10-28, 11:21:13, 23.65, 47.99
2020-10-28, 11:21:15, 23.64, 47.96
2020-10-28, 11:21:16, 23.64, 47.96
2020-10-28, 11:21:18, 23.62, 47.96
2020-10-28, 11:21:19, 23.64, 47.96
2020-10-28, 11:21:20, 23.64, 47.96
2020-10-28, 11:21:22, 23.65, 47.96
2020-10-28, 11:21:23, 23.63, 47.96
2020-10-28, 11:21:24, 23.64, 47.96
2020-10-28, 11:21:26, 23.64, 47.93
2020-10-28, 11:21:27, 23.64, 47.93
2020-10-28, 11:21:28, 23.64, 47.96
2020-10-28, 11:21:30, 23.65, 47.96
2020-10-28, 11:21:31, 23.64, 47.9
2020-10-28, 11:21:32, 23.65, 47.93
2020-10-28, 11:21:34, 23.64, 47.93
2020-10-28, 11:21:35, 23.64, 47.9
2020-10-28, 11:21:36, 23.66, 47.9
2020-10-28, 11:21:38, 23.65, 47.9
2020-10-28, 11:21:39, 23.64, 47.9
2020-10-28, 11:21:41, 23.64, 47.9
2020-10-28, 11:21:42, 23.63, 47.9
2020-10-28, 11:21:43, 23.64, 47.93
2020-10-28, 11:21:45, 23.65, 47.9
2020-10-28, 11:21:46, 23.65, 47.9
2020-10-28, 11:21:47, 23.64, 47.9
2020-10-28, 11:21:49, 23.62, 47.9
2020-10-28, 11:21:50, 23.63, 47.9
2020-10-28, 11:21:51, 23.64, 47.9
2020-10-28, 11:21:53, 23.64, 47.9
2020-10-28, 11:21:54, 23.65, 47.9
2020-10-28, 11:21:55, 23.64, 47.9
2020-10-28, 11:21:57, 23.64, 47.9
2020-10-28, 11:21:58, 23.63, 47.9
2020-10-28, 11:22:00, 23.63, 47.9
2020-10-28, 11:22:01, 23.62, 47.9
2020-10-28, 11:22:02, 23.62, 47.9
2020-10-28, 11:22:04, 23.62, 47.9
2020-10-28, 11:22:05, 23.64, 47.9
2020-10-28, 11:22:06, 23.63, 47.9
2020-10-28, 11:22:08, 23.62, 47.86
2020-10-28, 11:22:09, 23.62, 47.86
2020-10-28, 11:22:10, 23.62, 47.86
2020-10-28, 11:22:12, 23.62, 47.9
2020-10-28, 11:22:13, 23.62, 47.86
2020-10-28, 11:22:14, 23.63, 47.9
2020-10-28, 11:22:16, 23.62, 47.86
2020-10-28, 11:22:17, 23.62, 47.86
2020-10-28, 11:22:19, 23.62, 47.9
2020-10-28, 11:22:20, 23.62, 47.86
2020-10-28, 11:22:21, 23.62, 47.86
2020-10-28, 11:22:23, 23.63, 47.9
2020-10-28, 11:22:24, 23.64, 47.9
2020-10-28, 11:22:25, 23.63, 47.86
2020-10-28, 11:22:27, 23.64, 47.87
2020-10-28, 11:22:28, 23.64, 47.87
2020-10-28, 11:22:29, 23.62, 47.9
2020-10-28, 11:22:31, 23.63, 47.86
2020-10-28, 11:22:32, 23.64, 47.87
2020-10-28, 11:22:33, 23.64, 47.87
2020-10-28, 11:22:35, 23.64, 47.83
2020-10-28, 11:22:36, 23.65, 47.84
2020-10-28, 11:22:37, 23.63, 47.83
2020-10-28, 11:22:39, 23.63, 47.83
2020-10-28, 11:22:40, 23.64, 47.83
2020-10-28, 11:22:42, 23.64, 47.83
2020-10-28, 11:22:43, 23.65, 47.87
2020-10-28, 11:22:44, 23.64, 47.83
2020-10-28, 11:22:46, 23.64, 47.83
2020-10-28, 11:22:47, 23.64, 47.83
2020-10-28, 11:22:48, 23.64, 47.83
2020-10-28, 11:22:50, 23.64, 47.83
2020-10-28, 11:22:51, 23.64, 47.83
2020-10-28, 11:22:52, 23.64, 47.83
2020-10-28, 11:22:54, 23.64, 47.83
2020-10-28, 11:22:55, 23.65, 47.84
2020-10-28, 11:22:57, 23.64, 47.83
2020-10-28, 11:22:58, 23.65, 47.84
2020-10-28, 11:22:59, 23.64, 47.83
2020-10-28, 11:23:01, 23.64, 47.83
2020-10-28, 11:23:02, 23.65, 47.84
2020-10-28, 11:23:03, 23.64, 47.83
2020-10-28, 11:23:05, 23.66, 47.87
2020-10-28, 11:23:06, 23.66, 47.84
2020-10-28, 11:23:07, 23.65, 47.84
2020-10-28, 11:23:09, 23.65, 47.84
2020-10-28, 11:23:10, 23.62, 47.83
2020-10-28, 11:23:11, 23.65, 47.84
2020-10-28, 11:23:13, 23.65, 47.84
2020-10-28, 11:23:14, 23.65, 47.84
2020-10-28, 11:23:16, 23.66, 47.84
2020-10-28, 11:23:17, 23.66, 47.84
2020-10-28, 11:23:18, 23.65, 47.84
2020-10-28, 11:23:20, 23.65, 47.84
2020-10-28, 11:23:21, 23.65, 47.84
2020-10-28, 11:23:22, 23.65, 47.84
2020-10-28, 11:23:24, 23.66, 47.84
2020-10-28, 11:23:25, 23.64, 47.83
2020-10-28, 11:23:26, 23.64, 47.83
2020-10-28, 11:23:28, 23.64, 47.83
2020-10-28, 11:23:29, 23.66, 47.87
2020-10-28, 11:23:30, 23.64, 47.87
2020-10-28, 11:23:32, 23.64, 47.87
2020-10-28, 11:23:33, 23.64, 47.87
2020-10-28, 11:23:35, 23.64, 47.87
2020-10-28, 11:23:36, 23.64, 47.87
2020-10-28, 11:23:37, 23.65, 47.87
2020-10-28, 11:23:39, 23.65, 47.9
2020-10-28, 11:23:40, 23.65, 47.9
2020-10-28, 11:23:41, 23.63, 47.9
2020-10-28, 11:23:43, 23.63, 47.9
2020-10-28, 11:23:44, 23.64, 47.87
2020-10-28, 11:23:45, 23.65, 47.9
2020-10-28, 11:23:47, 23.64, 47.9
2020-10-28, 11:23:48, 23.61, 47.89
2020-10-28, 11:23:50, 23.63, 47.9
2020-10-28, 11:23:51, 23.64, 47.9
2020-10-28, 11:23:52, 23.64, 47.9
2020-10-28, 11:23:54, 23.65, 47.9
2020-10-28, 11:23:55, 23.64, 47.9
2020-10-28, 11:23:56, 23.62, 47.86
2020-10-28, 11:23:58, 23.62, 47.9
2020-10-28, 11:23:59, 23.62, 47.9
2020-10-28, 11:24:00, 23.62, 47.9
2020-10-28, 11:24:02, 23.63, 47.9
2020-10-28, 11:24:03, 23.62, 47.9
2020-10-28, 11:24:04, 23.62, 47.9
2020-10-28, 11:24:06, 23.62, 47.9
2020-10-28, 11:24:07, 23.62, 47.9
2020-10-28, 11:24:09, 23.62, 47.9
2020-10-28, 11:24:10, 23.61, 47.89
2020-10-28, 11:24:11, 23.61, 47.93
2020-10-28, 11:24:13, 23.6, 47.92
2020-10-28, 11:24:14, 23.61, 47.93
2020-10-28, 11:24:15, 23.62, 47.9
2020-10-28, 11:24:17, 23.6, 47.92
2020-10-28, 11:24:18, 23.62, 47.96
2020-10-28, 11:24:19, 23.63, 47.96
2020-10-28, 11:24:21, 23.63, 47.93
2020-10-28, 11:24:22, 23.6, 47.89
2020-10-28, 11:24:24, 23.61, 47.96
2020-10-28, 11:24:25, 23.62, 47.93
2020-10-28, 11:24:26, 23.62, 47.93
2020-10-28, 11:24:28, 23.61, 47.93
2020-10-28, 11:24:29, 23.62, 47.96
2020-10-28, 11:24:30, 23.61, 47.93
2020-10-28, 11:24:32, 23.62, 47.96
2020-10-28, 11:24:33, 23.61, 47.93
2020-10-28, 11:24:34, 23.61, 47.93
2020-10-28, 11:24:36, 23.61, 47.96
2020-10-28, 11:24:37, 23.62, 47.96
2020-10-28, 11:24:38, 23.6, 47.96
2020-10-28, 11:24:40, 23.61, 47.96
2020-10-28, 11:24:41, 23.61, 47.96
2020-10-28, 11:24:42, 23.61, 47.96
2020-10-28, 11:24:44, 23.61, 47.96
2020-10-28, 11:24:45, 23.6, 47.96
2020-10-28, 11:24:47, 23.62, 47.96
2020-10-28, 11:24:48, 23.62, 47.96
2020-10-28, 11:24:49, 23.62, 47.96
2020-10-28, 11:24:51, 23.62, 47.96
2020-10-28, 11:24:52, 23.6, 47.99
2020-10-28, 11:24:53, 23.6, 47.99
2020-10-28, 11:24:55, 23.59, 47.99
2020-10-28, 11:24:56, 23.6, 47.99
2020-10-28, 11:24:57, 23.6, 47.99
2020-10-28, 11:24:59, 23.58, 47.99
2020-10-28, 11:25:00, 23.59, 48.02
2020-10-28, 11:25:02, 23.6, 48.02
2020-10-28, 11:25:03, 23.59, 48.02
2020-10-28, 11:25:04, 23.61, 48.02
2020-10-28, 11:25:06, 23.61, 48.02
2020-10-28, 11:25:07, 23.6, 48.02
2020-10-28, 11:25:08, 23.61, 48.02
2020-10-28, 11:25:10, 23.6, 48.02
2020-10-28, 11:25:11, 23.6, 48.02
2020-10-28, 11:25:12, 23.6, 48.02
2020-10-28, 11:25:14, 23.61, 47.99
2020-10-28, 11:25:15, 23.61, 48.02
2020-10-28, 11:25:16, 23.61, 48.02
2020-10-28, 11:25:18, 23.61, 48.02
2020-10-28, 11:25:19, 23.61, 48.02
2020-10-28, 11:25:20, 23.61, 48.02
2020-10-28, 11:25:22, 23.62, 48.02
2020-10-28, 11:25:23, 23.62, 47.99
2020-10-28, 11:25:25, 23.62, 47.99
2020-10-28, 11:25:26, 23.61, 47.99
2020-10-28, 11:25:27, 23.62, 48.02
2020-10-28, 11:25:29, 23.62, 47.99
2020-10-28, 11:25:30, 23.62, 47.99
2020-10-28, 11:25:31, 23.61, 47.99
2020-10-28, 11:25:33, 23.62, 47.99
2020-10-28, 11:25:34, 23.6, 47.99
2020-10-28, 11:25:35, 23.61, 48.02
2020-10-28, 11:25:37, 23.62, 47.99
2020-10-28, 11:25:38, 23.61, 48.02
2020-10-28, 11:25:40, 23.61, 47.99
2020-10-28, 11:25:41, 23.6, 48.02
2020-10-28, 11:25:42, 23.6, 48.02
2020-10-28, 11:25:44, 23.6, 48.02
2020-10-28, 11:25:45, 23.6, 48.02
2020-10-28, 11:25:46, 23.58, 48.02
2020-10-28, 11:25:48, 23.57, 48.05
2020-10-28, 11:25:49, 23.58, 48.02
2020-10-28, 11:25:51, 23.58, 48.05
2020-10-28, 11:25:52, 23.58, 48.08
2020-10-28, 11:25:53, 23.59, 48.08
2020-10-28, 11:25:55, 23.59, 48.08
2020-10-28, 11:25:56, 23.58, 48.05
2020-10-28, 11:25:57, 23.59, 48.05
2020-10-28, 11:25:59, 23.57, 48.08
2020-10-28, 11:26:00, 23.58, 48.08
2020-10-28, 11:26:01, 23.58, 48.08
2020-10-28, 11:26:03, 23.58, 48.11
2020-10-28, 11:26:04, 23.56, 48.08
2020-10-28, 11:26:06, 23.57, 48.08
2020-10-28, 11:26:07, 23.56, 48.08
2020-10-28, 11:26:08, 23.58, 48.08
2020-10-28, 11:26:10, 23.58, 48.08
2020-10-28, 11:26:11, 23.58, 48.08
2020-10-28, 11:26:12, 23.58, 48.11
2020-10-28, 11:26:14, 23.56, 48.11
2020-10-28, 11:26:15, 23.58, 48.11
2020-10-28, 11:26:17, 23.57, 48.14
2020-10-28, 11:26:18, 23.56, 48.11
2020-10-28, 11:26:19, 23.57, 48.11
2020-10-28, 11:26:21, 23.57, 48.11
2020-10-28, 11:26:22, 23.56, 48.14
2020-10-28, 11:26:23, 23.56, 48.14
2020-10-28, 11:26:25, 23.58, 48.15
2020-10-28, 11:26:26, 23.56, 48.14
2020-10-28, 11:26:27, 23.56, 48.14
2020-10-28, 11:26:29, 23.56, 48.14
2020-10-28, 11:26:30, 23.56, 48.14
2020-10-28, 11:26:31, 23.55, 48.14
2020-10-28, 11:26:33, 23.54, 48.14
2020-10-28, 11:26:34, 23.56, 48.18
2020-10-28, 11:26:36, 23.56, 48.18
2020-10-28, 11:26:37, 23.55, 48.17
2020-10-28, 11:26:38, 23.56, 48.14
2020-10-28, 11:26:40, 23.56, 48.14
2020-10-28, 11:26:41, 23.54, 48.14
2020-10-28, 11:26:42, 23.56, 48.14
2020-10-28, 11:26:44, 23.56, 48.14
2020-10-28, 11:26:45, 23.55, 48.17
2020-10-28, 11:26:46, 23.56, 48.18
2020-10-28, 11:26:48, 23.55, 48.17
2020-10-28, 11:26:49, 23.54, 48.14
2020-10-28, 11:26:50, 23.55, 48.17
2020-10-28, 11:26:52, 23.55, 48.21
2020-10-28, 11:26:53, 23.54, 48.17
2020-10-28, 11:26:54, 23.54, 48.17
2020-10-28, 11:26:56, 23.55, 48.17
2020-10-28, 11:26:57, 23.55, 48.17
2020-10-28, 11:26:59, 23.54, 48.17
2020-10-28, 11:27:00, 23.55, 48.17
2020-10-28, 11:27:01, 23.54, 48.17
2020-10-28, 11:27:03, 23.55, 48.17
2020-10-28, 11:27:04, 23.55, 48.17
2020-10-28, 11:27:05, 23.55, 48.21
2020-10-28, 11:27:07, 23.55, 48.17
2020-10-28, 11:27:08, 23.54, 48.2
2020-10-28, 11:27:09, 23.52, 48.17
2020-10-28, 11:27:11, 23.52, 48.2
2020-10-28, 11:27:12, 23.52, 48.2
2020-10-28, 11:27:13, 23.52, 48.23
2020-10-28, 11:27:15, 23.52, 48.2
2020-10-28, 11:27:16, 23.52, 48.23
2020-10-28, 11:27:18, 23.51, 48.26
2020-10-28, 11:27:19, 23.53, 48.27
2020-10-28, 11:27:20, 23.52, 48.27
2020-10-28, 11:27:22, 23.52, 48.23
2020-10-28, 11:27:23, 23.52, 48.27
2020-10-28, 11:27:24, 23.53, 48.27
2020-10-28, 11:27:26, 23.53, 48.27
2020-10-28, 11:27:27, 23.53, 48.27
2020-10-28, 11:27:28, 23.5, 48.26
2020-10-28, 11:27:30, 23.51, 48.26
2020-10-28, 11:27:31, 23.52, 48.27
2020-10-28, 11:27:32, 23.52, 48.27
2020-10-28, 11:27:34, 23.52, 48.27
2020-10-28, 11:27:35, 23.51, 48.26
2020-10-28, 11:27:36, 23.52, 48.27
2020-10-28, 11:27:38, 23.52, 48.3
2020-10-28, 11:27:39, 23.5, 48.26
2020-10-28, 11:27:41, 23.52, 48.3
2020-10-28, 11:27:42, 23.51, 48.3
2020-10-28, 11:27:43, 23.5, 48.29
2020-10-28, 11:27:45, 23.5, 48.33
2020-10-28, 11:27:46, 23.5, 48.33
2020-10-28, 11:27:47, 23.51, 48.33
2020-10-28, 11:27:49, 23.5, 48.33
2020-10-28, 11:27:50, 23.5, 48.33
2020-10-28, 11:27:51, 23.5, 48.33
2020-10-28, 11:27:53, 23.5, 48.33
2020-10-28, 11:27:54, 23.5, 48.36
2020-10-28, 11:27:55, 23.5, 48.33
2020-10-28, 11:27:57, 23.51, 48.36
2020-10-28, 11:27:58, 23.5, 48.33
2020-10-28, 11:27:59, 23.5, 48.33
2020-10-28, 11:28:01, 23.48, 48.36
2020-10-28, 11:28:02, 23.5, 48.36
2020-10-28, 11:28:04, 23.48, 48.39
2020-10-28, 11:28:05, 23.48, 48.39
2020-10-28, 11:28:06, 23.49, 48.39
2020-10-28, 11:28:08, 23.5, 48.39
2020-10-28, 11:28:09, 23.49, 48.39
2020-10-28, 11:28:10, 23.48, 48.39
2020-10-28, 11:28:12, 23.48, 48.39
2020-10-28, 11:28:13, 23.49, 48.39
2020-10-28, 11:28:14, 23.48, 48.39
2020-10-28, 11:28:16, 23.48, 48.42
2020-10-28, 11:28:17, 23.5, 48.42
2020-10-28, 11:28:18, 23.49, 48.45
2020-10-28, 11:28:20, 23.48, 48.42
2020-10-28, 11:28:21, 23.48, 48.45
2020-10-28, 11:28:23, 23.47, 48.45
2020-10-28, 11:28:24, 23.47, 48.45
2020-10-28, 11:28:25, 23.47, 48.45
2020-10-28, 11:28:27, 23.48, 48.45
2020-10-28, 11:28:28, 23.48, 48.45
2020-10-28, 11:28:29, 23.48, 48.45
2020-10-28, 11:28:31, 23.48, 48.48
2020-10-28, 11:28:32, 23.48, 48.48
2020-10-28, 11:28:33, 23.47, 48.48
2020-10-28, 11:28:35, 23.46, 48.48
2020-10-28, 11:28:36, 23.44, 48.48
2020-10-28, 11:28:37, 23.46, 48.48
2020-10-28, 11:28:39, 23.43, 48.51
2020-10-28, 11:28:40, 23.46, 48.51
2020-10-28, 11:28:42, 23.45, 48.51
2020-10-28, 11:28:43, 23.46, 48.51
2020-10-28, 11:28:44, 23.45, 48.51
2020-10-28, 11:28:46, 23.46, 48.51
2020-10-28, 11:28:47, 23.45, 48.51
2020-10-28, 11:28:48, 23.46, 48.51
2020-10-28, 11:28:50, 23.46, 48.51
2020-10-28, 11:28:51, 23.46, 48.51
2020-10-28, 11:28:52, 23.45, 48.51
2020-10-28, 11:28:54, 23.46, 48.51
2020-10-28, 11:28:55, 23.44, 48.51
2020-10-28, 11:28:56, 23.45, 48.51
2020-10-28, 11:28:58, 23.44, 48.54
2020-10-28, 11:28:59, 23.43, 48.54
2020-10-28, 11:29:00, 23.44, 48.54
2020-10-28, 11:29:02, 23.42, 48.57
2020-10-28, 11:29:03, 23.44, 48.57
2020-10-28, 11:29:05, 23.44, 48.57
2020-10-28, 11:29:06, 23.42, 48.6
2020-10-28, 11:29:07, 23.43, 48.57
2020-10-28, 11:29:09, 23.43, 48.57
2020-10-28, 11:29:10, 23.43, 48.6
2020-10-28, 11:29:11, 23.43, 48.6
2020-10-28, 11:29:13, 23.42, 48.6
2020-10-28, 11:29:14, 23.42, 48.6
2020-10-28, 11:29:15, 23.42, 48.6
2020-10-28, 11:29:17, 23.42, 48.64
2020-10-28, 11:29:18, 23.42, 48.64
2020-10-28, 11:29:19, 23.41, 48.63
2020-10-28, 11:29:21, 23.4, 48.63
2020-10-28, 11:29:22, 23.41, 48.63
2020-10-28, 11:29:23, 23.41, 48.67
2020-10-28, 11:29:25, 23.4, 48.66
2020-10-28, 11:29:26, 23.4, 48.7
2020-10-28, 11:29:28, 23.39, 48.7
2020-10-28, 11:29:29, 23.38, 48.69
2020-10-28, 11:29:30, 23.37, 48.69
2020-10-28, 11:29:32, 23.37, 48.69
2020-10-28, 11:29:33, 23.38, 48.69
2020-10-28, 11:29:34, 23.38, 48.73
2020-10-28, 11:29:36, 23.37, 48.76
2020-10-28, 11:29:37, 23.36, 48.75
2020-10-28, 11:29:38, 23.37, 48.76
2020-10-28, 11:29:40, 23.36, 48.75
2020-10-28, 11:29:41, 23.36, 48.72
2020-10-28, 11:29:42, 23.36, 48.75
2020-10-28, 11:29:44, 23.37, 48.76
2020-10-28, 11:29:45, 23.34, 48.78
2020-10-28, 11:29:47, 23.36, 48.79
2020-10-28, 11:29:48, 23.34, 48.82
2020-10-28, 11:29:49, 23.34, 48.78
2020-10-28, 11:29:51, 23.36, 48.79
2020-10-28, 11:29:52, 23.36, 48.82
2020-10-28, 11:29:53, 23.36, 48.79
2020-10-28, 11:29:55, 23.35, 48.82
2020-10-28, 11:29:56, 23.34, 48.82
2020-10-28, 11:29:57, 23.34, 48.82
2020-10-28, 11:29:59, 23.36, 48.82
2020-10-28, 11:30:00, 23.36, 48.82
2020-10-28, 11:30:01, 23.36, 48.82
2020-10-28, 11:30:03, 23.35, 48.82
2020-10-28, 11:30:04, 23.34, 48.82
2020-10-28, 11:30:06, 23.35, 48.82
2020-10-28, 11:30:07, 23.37, 48.82
2020-10-28, 11:30:08, 23.37, 48.82
2020-10-28, 11:30:10, 23.34, 48.78
2020-10-28, 11:30:11, 23.36, 48.82
2020-10-28, 11:30:12, 23.36, 48.79
2020-10-28, 11:30:14, 23.37, 48.82
2020-10-28, 11:30:15, 23.37, 48.82
2020-10-28, 11:30:16, 23.38, 48.82
2020-10-28, 11:30:18, 23.38, 48.82
2020-10-28, 11:30:19, 23.37, 48.79
2020-10-28, 11:30:20, 23.37, 48.79
2020-10-28, 11:30:22, 23.36, 48.79
2020-10-28, 11:30:23, 23.37, 48.82
2020-10-28, 11:30:25, 23.36, 48.79
2020-10-28, 11:30:26, 23.36, 48.82
2020-10-28, 11:30:27, 23.37, 48.82
2020-10-28, 11:30:29, 23.37, 48.82
2020-10-28, 11:30:30, 23.35, 48.82
2020-10-28, 11:30:31, 23.35, 48.82
2020-10-28, 11:30:33, 23.34, 48.82
2020-10-28, 11:30:34, 23.36, 48.82
2020-10-28, 11:30:35, 23.36, 48.82
2020-10-28, 11:30:37, 23.34, 48.82
2020-10-28, 11:30:38, 23.36, 48.82
2020-10-28, 11:30:39, 23.36, 48.82
2020-10-28, 11:30:41, 23.36, 48.82
2020-10-28, 11:30:42, 23.37, 48.82
2020-10-28, 11:30:44, 23.38, 48.82
2020-10-28, 11:30:45, 23.35, 48.82
2020-10-28, 11:30:46, 23.35, 48.82
2020-10-28, 11:30:48, 23.36, 48.82
2020-10-28, 11:30:49, 23.37, 48.82
2020-10-28, 11:30:50, 23.37, 48.82
2020-10-28, 11:30:52, 23.37, 48.82
2020-10-28, 11:30:53, 23.38, 48.82
2020-10-28, 11:30:54, 23.37, 48.82
2020-10-28, 11:30:56, 23.37, 48.82
2020-10-28, 11:30:57, 23.37, 48.82
2020-10-28, 11:30:58, 23.36, 48.79
2020-10-28, 11:31:00, 23.37, 48.82
2020-10-28, 11:31:01, 23.36, 48.82
2020-10-28, 11:31:03, 23.36, 48.82
2020-10-28, 11:31:04, 23.37, 48.82
2020-10-28, 11:31:05, 23.37, 48.82
2020-10-28, 11:31:07, 23.37, 48.82
2020-10-28, 11:31:08, 23.37, 48.82
2020-10-28, 11:31:09, 23.36, 48.82
2020-10-28, 11:31:11, 23.36, 48.82
2020-10-28, 11:31:12, 23.36, 48.82
2020-10-28, 11:31:13, 23.38, 48.82
2020-10-28, 11:31:15, 23.39, 48.82
2020-10-28, 11:31:16, 23.37, 48.82
2020-10-28, 11:31:17, 23.38, 48.82
2020-10-28, 11:31:19, 23.37, 48.82
2020-10-28, 11:31:20, 23.37, 48.82
2020-10-28, 11:31:22, 23.36, 48.82
2020-10-28, 11:31:23, 23.37, 48.82
2020-10-28, 11:31:24, 23.36, 48.82
2020-10-28, 11:31:26, 23.38, 48.82
2020-10-28, 11:31:27, 23.37, 48.85
2020-10-28, 11:31:28, 23.36, 48.82
2020-10-28, 11:31:30, 23.36, 48.85
2020-10-28, 11:31:31, 23.38, 48.82
2020-10-28, 11:31:32, 23.36, 48.85
2020-10-28, 11:31:34, 23.37, 48.85
2020-10-28, 11:31:35, 23.37, 48.82
2020-10-28, 11:31:36, 23.36, 48.85
2020-10-28, 11:31:38, 23.37, 48.82
2020-10-28, 11:31:39, 23.36, 48.85
2020-10-28, 11:31:40, 23.36, 48.82
2020-10-28, 11:31:42, 23.35, 48.82
2020-10-28, 11:31:43, 23.36, 48.82
2020-10-28, 11:31:45, 23.36, 48.85
2020-10-28, 11:31:46, 23.36, 48.85
2020-10-28, 11:31:47, 23.36, 48.85
2020-10-28, 11:31:49, 23.37, 48.85
2020-10-28, 11:31:50, 23.36, 48.82
2020-10-28, 11:31:51, 23.36, 48.82
2020-10-28, 11:31:53, 23.37, 48.82
2020-10-28, 11:31:54, 23.37, 48.82
2020-10-28, 11:31:55, 23.38, 48.82
2020-10-28, 11:31:57, 23.39, 48.82
2020-10-28, 11:31:58, 23.38, 48.82
2020-10-28, 11:31:59, 23.39, 48.82
2020-10-28, 11:32:01, 23.38, 48.82
2020-10-28, 11:32:02, 23.38, 48.82
2020-10-28, 11:32:04, 23.37, 48.82
2020-10-28, 11:32:05, 23.39, 48.82
2020-10-28, 11:32:06, 23.39, 48.82
2020-10-28, 11:32:08, 23.37, 48.82
2020-10-28, 11:32:09, 23.38, 48.79
2020-10-28, 11:32:10, 23.38, 48.79
2020-10-28, 11:32:12, 23.38, 48.79
2020-10-28, 11:32:13, 23.38, 48.82
2020-10-28, 11:32:14, 23.38, 48.79
2020-10-28, 11:32:16, 23.39, 48.79
2020-10-28, 11:32:17, 23.38, 48.76
2020-10-28, 11:32:18, 23.38, 48.79
2020-10-28, 11:32:20, 23.38, 48.79
2020-10-28, 11:32:21, 23.4, 48.76
2020-10-28, 11:32:22, 23.39, 48.76
2020-10-28, 11:32:24, 23.38, 48.76
2020-10-28, 11:32:25, 23.39, 48.76
2020-10-28, 11:32:27, 23.37, 48.79
2020-10-28, 11:32:28, 23.38, 48.79
2020-10-28, 11:32:29, 23.38, 48.79
2020-10-28, 11:32:31, 23.4, 48.79
2020-10-28, 11:32:32, 23.39, 48.79
2020-10-28, 11:32:33, 23.4, 48.79
2020-10-28, 11:32:35, 23.4, 48.76
2020-10-28, 11:32:36, 23.38, 48.76
2020-10-28, 11:32:37, 23.39, 48.76
2020-10-28, 11:32:39, 23.4, 48.76
2020-10-28, 11:32:40, 23.4, 48.76
2020-10-28, 11:32:41, 23.38, 48.76
2020-10-28, 11:32:43, 23.39, 48.76
2020-10-28, 11:32:44, 23.4, 48.76
2020-10-28, 11:32:46, 23.4, 48.73
2020-10-28, 11:32:47, 23.41, 48.76
2020-10-28, 11:32:48, 23.4, 48.76
2020-10-28, 11:32:50, 23.39, 48.76
2020-10-28, 11:32:51, 23.39, 48.76
2020-10-28, 11:32:52, 23.39, 48.76
2020-10-28, 11:32:54, 23.39, 48.76
2020-10-28, 11:32:55, 23.4, 48.76
2020-10-28, 11:32:56, 23.39, 48.73
2020-10-28, 11:32:58, 23.4, 48.76
2020-10-28, 11:32:59, 23.39, 48.76
2020-10-28, 11:33:00, 23.39, 48.76
2020-10-28, 11:33:02, 23.39, 48.76
2020-10-28, 11:33:03, 23.38, 48.76
2020-10-28, 11:33:05, 23.38, 48.76
2020-10-28, 11:33:06, 23.38, 48.76
2020-10-28, 11:33:07, 23.39, 48.76
2020-10-28, 11:33:09, 23.38, 48.76
2020-10-28, 11:33:10, 23.38, 48.76
2020-10-28, 11:33:11, 23.38, 48.76
2020-10-28, 11:33:13, 23.38, 48.76
2020-10-28, 11:33:14, 23.38, 48.76
2020-10-28, 11:33:15, 23.39, 48.76
2020-10-28, 11:33:17, 23.4, 48.73
2020-10-28, 11:33:18, 23.38, 48.73
2020-10-28, 11:33:19, 23.4, 48.73
2020-10-28, 11:33:21, 23.4, 48.73
2020-10-28, 11:33:22, 23.4, 48.73
2020-10-28, 11:33:23, 23.39, 48.7
2020-10-28, 11:33:25, 23.39, 48.7
2020-10-28, 11:33:26, 23.38, 48.69
2020-10-28, 11:33:28, 23.39, 48.7
2020-10-28, 11:33:29, 23.38, 48.69
2020-10-28, 11:33:30, 23.4, 48.7
2020-10-28, 11:33:32, 23.4, 48.7
2020-10-28, 11:33:33, 23.41, 48.7
2020-10-28, 11:33:34, 23.4, 48.7
2020-10-28, 11:33:36, 23.39, 48.7
2020-10-28, 11:33:37, 23.4, 48.7
2020-10-28, 11:33:38, 23.39, 48.7
2020-10-28, 11:33:40, 23.4, 48.7
2020-10-28, 11:33:41, 23.4, 48.7
2020-10-28, 11:33:42, 23.4, 48.7
2020-10-28, 11:33:44, 23.4, 48.7
2020-10-28, 11:33:45, 23.4, 48.7
2020-10-28, 11:33:47, 23.39, 48.7
2020-10-28, 11:33:48, 23.38, 48.66
2020-10-28, 11:33:49, 23.41, 48.7
2020-10-28, 11:33:51, 23.4, 48.7
2020-10-28, 11:33:52, 23.4, 48.66
2020-10-28, 11:33:53, 23.4, 48.7
2020-10-28, 11:33:55, 23.39, 48.66
2020-10-28, 11:33:56, 23.39, 48.66
2020-10-28, 11:33:57, 23.39, 48.66
2020-10-28, 11:33:59, 23.39, 48.66
2020-10-28, 11:34:00, 23.4, 48.66
2020-10-28, 11:34:01, 23.42, 48.7
2020-10-28, 11:34:03, 23.42, 48.67
2020-10-28, 11:34:04, 23.41, 48.63
2020-10-28, 11:34:06, 23.4, 48.63
2020-10-28, 11:34:07, 23.4, 48.66
2020-10-28, 11:34:08, 23.41, 48.67
2020-10-28, 11:34:10, 23.4, 48.66
2020-10-28, 11:34:11, 23.4, 48.63
2020-10-28, 11:34:12, 23.41, 48.67
2020-10-28, 11:34:14, 23.4, 48.66
2020-10-28, 11:34:15, 23.41, 48.67
2020-10-28, 11:34:17, 23.38, 48.66
2020-10-28, 11:34:18, 23.4, 48.66
2020-10-28, 11:34:19, 23.38, 48.66
2020-10-28, 11:34:21, 23.38, 48.69
2020-10-28, 11:34:22, 23.38, 48.69
2020-10-28, 11:34:23, 23.38, 48.69
2020-10-28, 11:34:25, 23.38, 48.69
2020-10-28, 11:34:26, 23.38, 48.69
2020-10-28, 11:34:27, 23.38, 48.66
2020-10-28, 11:34:29, 23.38, 48.69
2020-10-28, 11:34:30, 23.38, 48.66
2020-10-28, 11:34:32, 23.38, 48.66
2020-10-28, 11:34:33, 23.38, 48.66
2020-10-28, 11:34:34, 23.38, 48.66
2020-10-28, 11:34:36, 23.39, 48.66
2020-10-28, 11:34:37, 23.39, 48.66
2020-10-28, 11:34:38, 23.39, 48.66
2020-10-28, 11:34:40, 23.39, 48.66
2020-10-28, 11:34:41, 23.39, 48.66
2020-10-28, 11:34:42, 23.4, 48.63
2020-10-28, 11:34:44, 23.39, 48.66
2020-10-28, 11:34:45, 23.4, 48.63
2020-10-28, 11:34:46, 23.39, 48.63
2020-10-28, 11:34:48, 23.39, 48.63
2020-10-28, 11:34:49, 23.4, 48.63
2020-10-28, 11:34:51, 23.4, 48.63
2020-10-28, 11:34:52, 23.41, 48.63
2020-10-28, 11:34:53, 23.4, 48.63
2020-10-28, 11:34:55, 23.41, 48.6
2020-10-28, 11:34:56, 23.4, 48.63
2020-10-28, 11:34:57, 23.4, 48.6
2020-10-28, 11:34:59, 23.39, 48.63
2020-10-28, 11:35:00, 23.41, 48.6
2020-10-28, 11:35:01, 23.4, 48.6
2020-10-28, 11:35:03, 23.41, 48.6
2020-10-28, 11:35:04, 23.41, 48.6
2020-10-28, 11:35:06, 23.4, 48.6
2020-10-28, 11:35:07, 23.42, 48.57
2020-10-28, 11:35:08, 23.43, 48.57
2020-10-28, 11:35:10, 23.41, 48.57
2020-10-28, 11:35:11, 23.42, 48.6
2020-10-28, 11:35:12, 23.41, 48.57
2020-10-28, 11:35:14, 23.41, 48.57
2020-10-28, 11:35:15, 23.42, 48.6
2020-10-28, 11:35:16, 23.41, 48.6
2020-10-28, 11:35:18, 23.4, 48.57
2020-10-28, 11:35:19, 23.43, 48.57
2020-10-28, 11:35:20, 23.42, 48.57
2020-10-28, 11:35:22, 23.43, 48.57
2020-10-28, 11:35:23, 23.42, 48.57
2020-10-28, 11:35:24, 23.43, 48.57
2020-10-28, 11:35:26, 23.4, 48.57
2020-10-28, 11:35:27, 23.41, 48.57
2020-10-28, 11:35:29, 23.42, 48.57
2020-10-28, 11:35:30, 23.4, 48.57
2020-10-28, 11:35:31, 23.42, 48.57
2020-10-28, 11:35:33, 23.42, 48.57
2020-10-28, 11:35:34, 23.41, 48.57
2020-10-28, 11:35:35, 23.39, 48.57
2020-10-28, 11:35:37, 23.38, 48.57
2020-10-28, 11:35:38, 23.4, 48.57
2020-10-28, 11:35:39, 23.39, 48.57
2020-10-28, 11:35:41, 23.39, 48.6
2020-10-28, 11:35:42, 23.41, 48.57
2020-10-28, 11:35:43, 23.42, 48.57
2020-10-28, 11:35:45, 23.42, 48.57
2020-10-28, 11:35:46, 23.42, 48.57
2020-10-28, 11:35:48, 23.4, 48.57
2020-10-28, 11:35:49, 23.41, 48.54
2020-10-28, 11:35:50, 23.4, 48.57
2020-10-28, 11:35:52, 23.41, 48.57
2020-10-28, 11:35:53, 23.42, 48.57
2020-10-28, 11:35:54, 23.4, 48.54
2020-10-28, 11:35:56, 23.42, 48.57
2020-10-28, 11:35:57, 23.41, 48.57
2020-10-28, 11:35:58, 23.4, 48.57
2020-10-28, 11:36:00, 23.42, 48.57
2020-10-28, 11:36:01, 23.41, 48.54
2020-10-28, 11:36:02, 23.42, 48.57
2020-10-28, 11:36:04, 23.39, 48.57
2020-10-28, 11:36:05, 23.41, 48.57
2020-10-28, 11:36:07, 23.42, 48.57
2020-10-28, 11:36:08, 23.42, 48.57
2020-10-28, 11:36:09, 23.41, 48.57
2020-10-28, 11:36:11, 23.42, 48.57
2020-10-28, 11:36:12, 23.43, 48.54
2020-10-28, 11:36:13, 23.42, 48.54
2020-10-28, 11:36:15, 23.41, 48.57
2020-10-28, 11:36:16, 23.43, 48.54
2020-10-28, 11:36:17, 23.41, 48.51
2020-10-28, 11:36:19, 23.42, 48.51
2020-10-28, 11:36:20, 23.42, 48.51
2020-10-28, 11:36:21, 23.42, 48.51
2020-10-28, 11:36:23, 23.43, 48.51
2020-10-28, 11:36:24, 23.43, 48.51
2020-10-28, 11:36:26, 23.42, 48.51
2020-10-28, 11:36:27, 23.43, 48.51
2020-10-28, 11:36:28, 23.43, 48.51
2020-10-28, 11:36:30, 23.43, 48.51
2020-10-28, 11:36:31, 23.43, 48.51
2020-10-28, 11:36:32, 23.43, 48.51
2020-10-28, 11:36:34, 23.44, 48.51
2020-10-28, 11:36:35, 23.43, 48.51
2020-10-28, 11:36:36, 23.42, 48.51
2020-10-28, 11:36:38, 23.44, 48.51
2020-10-28, 11:36:39, 23.45, 48.51
2020-10-28, 11:36:40, 23.43, 48.51
2020-10-28, 11:36:42, 23.44, 48.51
2020-10-28, 11:36:43, 23.46, 48.51
2020-10-28, 11:36:45, 23.45, 48.48
2020-10-28, 11:36:46, 23.46, 48.51
2020-10-28, 11:36:47, 23.44, 48.48
2020-10-28, 11:36:49, 23.46, 48.45
2020-10-28, 11:36:50, 23.46, 48.48
2020-10-28, 11:36:51, 23.44, 48.48
2020-10-28, 11:36:53, 23.43, 48.45
2020-10-28, 11:36:54, 23.44, 48.48
2020-10-28, 11:36:55, 23.44, 48.48
2020-10-28, 11:36:57, 23.44, 48.48
2020-10-28, 11:36:58, 23.45, 48.45
2020-10-28, 11:37:00, 23.44, 48.45
2020-10-28, 11:37:01, 23.45, 48.45
2020-10-28, 11:37:02, 23.46, 48.45
2020-10-28, 11:37:04, 23.45, 48.45
2020-10-28, 11:37:05, 23.44, 48.45
2020-10-28, 11:37:06, 23.44, 48.45
2020-10-28, 11:37:08, 23.45, 48.45
2020-10-28, 11:37:09, 23.45, 48.45
2020-10-28, 11:37:10, 23.45, 48.45
2020-10-28, 11:37:12, 23.44, 48.45
2020-10-28, 11:37:13, 23.44, 48.45
2020-10-28, 11:37:14, 23.46, 48.42
2020-10-28, 11:37:16, 23.45, 48.42
2020-10-28, 11:37:17, 23.46, 48.45
2020-10-28, 11:37:18, 23.46, 48.45
2020-10-28, 11:37:20, 23.46, 48.42
2020-10-28, 11:37:21, 23.46, 48.42
2020-10-28, 11:37:23, 23.46, 48.42
2020-10-28, 11:37:24, 23.45, 48.42
2020-10-28, 11:37:25, 23.44, 48.41
2020-10-28, 11:37:27, 23.45, 48.42
2020-10-28, 11:37:28, 23.46, 48.39
2020-10-28, 11:37:29, 23.46, 48.39
2020-10-28, 11:37:31, 23.46, 48.42
2020-10-28, 11:37:32, 23.45, 48.42
2020-10-28, 11:37:33, 23.44, 48.41
2020-10-28, 11:37:35, 23.46, 48.39
2020-10-28, 11:37:36, 23.46, 48.39
2020-10-28, 11:37:37, 23.46, 48.39
2020-10-28, 11:37:39, 23.47, 48.39
2020-10-28, 11:37:40, 23.48, 48.39
2020-10-28, 11:37:42, 23.46, 48.35
2020-10-28, 11:37:43, 23.47, 48.39
2020-10-28, 11:37:44, 23.47, 48.39
2020-10-28, 11:37:46, 23.46, 48.35
2020-10-28, 11:37:47, 23.44, 48.35
2020-10-28, 11:37:48, 23.46, 48.39
2020-10-28, 11:37:50, 23.46, 48.39
2020-10-28, 11:37:51, 23.44, 48.35
2020-10-28, 11:37:52, 23.44, 48.35
2020-10-28, 11:37:54, 23.44, 48.32
2020-10-28, 11:37:55, 23.45, 48.32
2020-10-28, 11:37:57, 23.46, 48.35
2020-10-28, 11:37:58, 23.46, 48.35
2020-10-28, 11:37:59, 23.44, 48.35
2020-10-28, 11:38:01, 23.46, 48.35
2020-10-28, 11:38:02, 23.46, 48.35
2020-10-28, 11:38:03, 23.45, 48.32
2020-10-28, 11:38:05, 23.46, 48.32
2020-10-28, 11:38:06, 23.46, 48.35
2020-10-28, 11:38:07, 23.47, 48.32
2020-10-28, 11:38:09, 23.46, 48.32
2020-10-28, 11:38:10, 23.46, 48.32
2020-10-28, 11:38:11, 23.47, 48.32
2020-10-28, 11:38:13, 23.46, 48.32
2020-10-28, 11:38:14, 23.46, 48.32
2020-10-28, 11:38:15, 23.47, 48.29
2020-10-28, 11:38:17, 23.48, 48.32
2020-10-28, 11:38:18, 23.47, 48.32
2020-10-28, 11:38:20, 23.46, 48.32
2020-10-28, 11:38:21, 23.46, 48.32
2020-10-28, 11:38:22, 23.46, 48.32
2020-10-28, 11:38:24, 23.47, 48.32
2020-10-28, 11:38:25, 23.48, 48.32
2020-10-28, 11:38:26, 23.47, 48.32
2020-10-28, 11:38:28, 23.47, 48.32
2020-10-28, 11:38:29, 23.47, 48.32
2020-10-28, 11:38:30, 23.48, 48.29
2020-10-28, 11:38:32, 23.48, 48.29
2020-10-28, 11:38:33, 23.48, 48.29
2020-10-28, 11:38:34, 23.48, 48.32
2020-10-28, 11:38:36, 23.49, 48.29
2020-10-28, 11:38:37, 23.5, 48.29
2020-10-28, 11:38:39, 23.5, 48.26
2020-10-28, 11:38:40, 23.49, 48.26
2020-10-28, 11:38:41, 23.5, 48.26
2020-10-28, 11:38:43, 23.5, 48.26
2020-10-28, 11:38:44, 23.49, 48.26
2020-10-28, 11:38:45, 23.5, 48.26
2020-10-28, 11:38:47, 23.49, 48.23
2020-10-28, 11:38:48, 23.48, 48.26
2020-10-28, 11:38:49, 23.49, 48.26
2020-10-28, 11:38:51, 23.5, 48.23
2020-10-28, 11:38:52, 23.5, 48.26
2020-10-28, 11:38:53, 23.5, 48.26
2020-10-28, 11:38:55, 23.5, 48.26
2020-10-28, 11:38:56, 23.5, 48.26
2020-10-28, 11:38:57, 23.5, 48.23
2020-10-28, 11:38:59, 23.5, 48.23
2020-10-28, 11:39:00, 23.49, 48.23
2020-10-28, 11:39:02, 23.5, 48.2
2020-10-28, 11:39:03, 23.5, 48.2
2020-10-28, 11:39:04, 23.5, 48.23
2020-10-28, 11:39:06, 23.5, 48.23
2020-10-28, 11:39:07, 23.5, 48.23
2020-10-28, 11:39:08, 23.5, 48.2
2020-10-28, 11:39:10, 23.51, 48.2
2020-10-28, 11:39:11, 23.5, 48.2
2020-10-28, 11:39:12, 23.5, 48.23
2020-10-28, 11:39:14, 23.49, 48.2
2020-10-28, 11:39:15, 23.48, 48.2
2020-10-28, 11:39:16, 23.49, 48.2
2020-10-28, 11:39:18, 23.5, 48.2
2020-10-28, 11:39:19, 23.48, 48.23
2020-10-28, 11:39:21, 23.49, 48.23
2020-10-28, 11:39:22, 23.5, 48.23
2020-10-28, 11:39:23, 23.49, 48.23
2020-10-28, 11:39:25, 23.48, 48.2
2020-10-28, 11:39:26, 23.48, 48.23
2020-10-28, 11:39:27, 23.5, 48.2
2020-10-28, 11:39:29, 23.49, 48.23
2020-10-28, 11:39:30, 23.47, 48.2
2020-10-28, 11:39:31, 23.49, 48.2
2020-10-28, 11:39:33, 23.49, 48.2
2020-10-28, 11:39:34, 23.5, 48.2
2020-10-28, 11:39:36, 23.5, 48.2
2020-10-28, 11:39:37, 23.49, 48.2
2020-10-28, 11:39:38, 23.5, 48.2
2020-10-28, 11:39:40, 23.5, 48.2
2020-10-28, 11:39:41, 23.52, 48.2
2020-10-28, 11:39:42, 23.51, 48.2
2020-10-28, 11:39:44, 23.52, 48.2
2020-10-28, 11:39:45, 23.48, 48.16
2020-10-28, 11:39:46, 23.49, 48.17
2020-10-28, 11:39:48, 23.49, 48.17
2020-10-28, 11:39:49, 23.49, 48.17
2020-10-28, 11:39:50, 23.5, 48.17
2020-10-28, 11:39:52, 23.5, 48.17
2020-10-28, 11:39:53, 23.49, 48.17
2020-10-28, 11:39:54, 23.51, 48.17
2020-10-28, 11:39:56, 23.5, 48.17
2020-10-28, 11:39:57, 23.5, 48.17
2020-10-28, 11:39:59, 23.51, 48.17
2020-10-28, 11:40:00, 23.51, 48.14
2020-10-28, 11:40:01, 23.52, 48.14
2020-10-28, 11:40:03, 23.5, 48.14
2020-10-28, 11:40:04, 23.51, 48.14
2020-10-28, 11:40:05, 23.53, 48.14
2020-10-28, 11:40:07, 23.51, 48.14
2020-10-28, 11:40:08, 23.52, 48.14
2020-10-28, 11:40:09, 23.53, 48.11
2020-10-28, 11:40:11, 23.52, 48.11
2020-10-28, 11:40:12, 23.52, 48.11
2020-10-28, 11:40:14, 23.52, 48.11
2020-10-28, 11:40:15, 23.52, 48.11
2020-10-28, 11:40:16, 23.52, 48.07
2020-10-28, 11:40:18, 23.54, 48.11
2020-10-28, 11:40:19, 23.53, 48.11
2020-10-28, 11:40:20, 23.53, 48.08
2020-10-28, 11:40:22, 23.53, 48.08
2020-10-28, 11:40:23, 23.55, 48.08
2020-10-28, 11:40:24, 23.53, 48.08
2020-10-28, 11:40:26, 23.54, 48.08
2020-10-28, 11:40:27, 23.54, 48.04
2020-10-28, 11:40:28, 23.54, 48.04
2020-10-28, 11:40:30, 23.53, 48.08
2020-10-28, 11:40:31, 23.54, 48.04
2020-10-28, 11:40:33, 23.53, 48.08
2020-10-28, 11:40:34, 23.53, 48.04
2020-10-28, 11:40:35, 23.51, 48.04
2020-10-28, 11:40:37, 23.54, 48.08
2020-10-28, 11:40:38, 23.54, 48.04
2020-10-28, 11:40:39, 23.53, 48.04
2020-10-28, 11:40:41, 23.54, 48.04
2020-10-28, 11:40:42, 23.55, 48.05
2020-10-28, 11:40:43, 23.54, 48.04
2020-10-28, 11:40:45, 23.54, 48.01
2020-10-28, 11:40:46, 23.54, 48.01
2020-10-28, 11:40:47, 23.54, 48.01
2020-10-28, 11:40:49, 23.54, 48.01
2020-10-28, 11:40:50, 23.54, 48.01
2020-10-28, 11:40:52, 23.53, 48.01
2020-10-28, 11:40:53, 23.56, 48.02
2020-10-28, 11:40:54, 23.56, 48.02
2020-10-28, 11:40:56, 23.56, 48.02
2020-10-28, 11:40:57, 23.56, 48.02
2020-10-28, 11:40:58, 23.55, 48.01
2020-10-28, 11:41:00, 23.55, 48.01
2020-10-28, 11:41:01, 23.55, 48.01
2020-10-28, 11:41:02, 23.54, 48.01
2020-10-28, 11:41:04, 23.54, 48.01
2020-10-28, 11:41:05, 23.54, 48.01
2020-10-28, 11:41:07, 23.55, 48.01
2020-10-28, 11:41:08, 23.52, 48.01
2020-10-28, 11:41:09, 23.54, 48.01
2020-10-28, 11:41:11, 23.54, 48.01
2020-10-28, 11:41:12, 23.54, 48.04
2020-10-28, 11:41:13, 23.52, 48.04
2020-10-28, 11:41:15, 23.55, 48.05
2020-10-28, 11:41:16, 23.54, 48.04
2020-10-28, 11:41:17, 23.54, 48.01
2020-10-28, 11:41:19, 23.54, 48.01
2020-10-28, 11:41:20, 23.54, 48.01
2020-10-28, 11:41:21, 23.54, 48.01
2020-10-28, 11:41:23, 23.54, 48.01
2020-10-28, 11:41:24, 23.55, 48.01
2020-10-28, 11:41:26, 23.55, 48.01
2020-10-28, 11:41:27, 23.55, 48.01
2020-10-28, 11:41:28, 23.54, 48.01
2020-10-28, 11:41:30, 23.55, 47.98
2020-10-28, 11:41:31, 23.54, 48.01
2020-10-28, 11:41:32, 23.56, 47.98
2020-10-28, 11:41:34, 23.55, 48.01
2020-10-28, 11:41:35, 23.53, 48.01
2020-10-28, 11:41:36, 23.56, 48.02
2020-10-28, 11:41:38, 23.55, 47.98
2020-10-28, 11:41:39, 23.52, 48.01
2020-10-28, 11:41:40, 23.53, 47.98
2020-10-28, 11:41:42, 23.54, 48.01
2020-10-28, 11:41:43, 23.55, 48.01
2020-10-28, 11:41:45, 23.52, 48.01
2020-10-28, 11:41:46, 23.56, 48.02
2020-10-28, 11:41:47, 23.56, 47.98
2020-10-28, 11:41:49, 23.57, 47.98
2020-10-28, 11:41:50, 23.56, 47.98
2020-10-28, 11:41:51, 23.56, 47.98
2020-10-28, 11:41:53, 23.56, 47.98
2020-10-28, 11:41:54, 23.56, 47.98
2020-10-28, 11:41:55, 23.55, 47.98
2020-10-28, 11:41:57, 23.56, 48.02
2020-10-28, 11:41:58, 23.56, 47.98
2020-10-28, 11:41:59, 23.56, 47.98
2020-10-28, 11:42:01, 23.56, 47.98
2020-10-28, 11:42:02, 23.55, 47.98
2020-10-28, 11:42:04, 23.56, 48.02
2020-10-28, 11:42:05, 23.56, 48.02
2020-10-28, 11:42:06, 23.55, 47.98
2020-10-28, 11:42:08, 23.55, 47.98
2020-10-28, 11:42:09, 23.55, 48.01
2020-10-28, 11:42:10, 23.55, 48.01
2020-10-28, 11:42:12, 23.56, 48.02
2020-10-28, 11:42:13, 23.55, 48.01
2020-10-28, 11:42:14, 23.54, 48.01
2020-10-28, 11:42:16, 23.54, 48.01
2020-10-28, 11:42:17, 23.54, 48.01
2020-10-28, 11:42:18, 23.52, 48.04
2020-10-28, 11:42:20, 23.53, 48.04
2020-10-28, 11:42:21, 23.54, 48.04
2020-10-28, 11:42:22, 23.54, 48.04
2020-10-28, 11:42:24, 23.54, 48.04
2020-10-28, 11:42:25, 23.54, 48.08
2020-10-28, 11:42:27, 23.54, 48.04
2020-10-28, 11:42:28, 23.54, 48.04
2020-10-28, 11:42:29, 23.53, 48.08
2020-10-28, 11:42:31, 23.54, 48.04
2020-10-28, 11:42:32, 23.54, 48.04
2020-10-28, 11:42:33, 23.54, 48.04
2020-10-28, 11:42:35, 23.55, 48.05
2020-10-28, 11:42:36, 23.56, 48.02
2020-10-28, 11:42:37, 23.55, 48.01
2020-10-28, 11:42:39, 23.54, 48.01
2020-10-28, 11:42:40, 23.54, 48.01
2020-10-28, 11:42:41, 23.55, 48.01
2020-10-28, 11:42:43, 23.56, 48.02
2020-10-28, 11:42:44, 23.56, 48.02
2020-10-28, 11:42:45, 23.56, 48.02
2020-10-28, 11:42:47, 23.56, 48.02
2020-10-28, 11:42:48, 23.58, 48.05
2020-10-28, 11:42:50, 23.55, 48.01
2020-10-28, 11:42:51, 23.56, 48.02
2020-10-28, 11:42:52, 23.56, 48.02
2020-10-28, 11:42:54, 23.56, 48.02
2020-10-28, 11:42:55, 23.56, 47.98
2020-10-28, 11:42:56, 23.55, 48.01
2020-10-28, 11:42:58, 23.56, 47.98
2020-10-28, 11:42:59, 23.54, 48.01
2020-10-28, 11:43:00, 23.56, 48.02
2020-10-28, 11:43:02, 23.56, 48.02
2020-10-28, 11:43:03, 23.55, 48.01
2020-10-28, 11:43:04, 23.55, 48.01
2020-10-28, 11:43:06, 23.54, 48.01
2020-10-28, 11:43:07, 23.54, 48.01
2020-10-28, 11:43:09, 23.55, 48.01
2020-10-28, 11:43:10, 23.54, 48.01
2020-10-28, 11:43:11, 23.54, 48.01
2020-10-28, 11:43:13, 23.54, 48.01
2020-10-28, 11:43:14, 23.54, 48.01
2020-10-28, 11:43:15, 23.54, 48.04
2020-10-28, 11:43:17, 23.53, 48.01
2020-10-28, 11:43:18, 23.54, 48.04
2020-10-28, 11:43:19, 23.55, 48.05
2020-10-28, 11:43:21, 23.56, 48.05
2020-10-28, 11:43:22, 23.54, 48.04
2020-10-28, 11:43:23, 23.55, 48.01
2020-10-28, 11:43:25, 23.55, 48.05
2020-10-28, 11:43:26, 23.53, 48.04
2020-10-28, 11:43:28, 23.52, 48.04
2020-10-28, 11:43:29, 23.54, 48.04
2020-10-28, 11:43:30, 23.54, 48.04
2020-10-28, 11:43:32, 23.55, 48.05
2020-10-28, 11:43:33, 23.54, 48.04
2020-10-28, 11:43:34, 23.54, 48.08
2020-10-28, 11:43:36, 23.55, 48.05
2020-10-28, 11:43:37, 23.54, 48.04
2020-10-28, 11:43:38, 23.55, 48.08
2020-10-28, 11:43:40, 23.55, 48.08
2020-10-28, 11:43:41, 23.54, 48.08
2020-10-28, 11:43:42, 23.55, 48.08
2020-10-28, 11:43:44, 23.55, 48.08
2020-10-28, 11:43:45, 23.54, 48.08
2020-10-28, 11:43:46, 23.55, 48.08
2020-10-28, 11:43:48, 23.55, 48.08
2020-10-28, 11:43:49, 23.52, 48.07
2020-10-28, 11:43:51, 23.54, 48.08
2020-10-28, 11:43:52, 23.54, 48.08
2020-10-28, 11:43:53, 23.54, 48.08
2020-10-28, 11:43:55, 23.54, 48.08
2020-10-28, 11:43:56, 23.53, 48.08
2020-10-28, 11:43:57, 23.53, 48.11
2020-10-28, 11:43:59, 23.53, 48.11
2020-10-28, 11:44:00, 23.54, 48.11
2020-10-28, 11:44:01, 23.54, 48.11
2020-10-28, 11:44:03, 23.54, 48.11
2020-10-28, 11:44:04, 23.54, 48.11
2020-10-28, 11:44:05, 23.54, 48.11
2020-10-28, 11:44:07, 23.53, 48.11
2020-10-28, 11:44:08, 23.55, 48.11
2020-10-28, 11:44:10, 23.54, 48.11
2020-10-28, 11:44:11, 23.52, 48.14
2020-10-28, 11:44:12, 23.52, 48.14
2020-10-28, 11:44:14, 23.52, 48.14
2020-10-28, 11:44:15, 23.53, 48.14
2020-10-28, 11:44:16, 23.53, 48.14
2020-10-28, 11:44:18, 23.52, 48.14
2020-10-28, 11:44:19, 23.54, 48.14
2020-10-28, 11:44:20, 23.52, 48.14
2020-10-28, 11:44:22, 23.53, 48.14
2020-10-28, 11:44:23, 23.53, 48.14
2020-10-28, 11:44:25, 23.54, 48.14
2020-10-28, 11:44:26, 23.55, 48.14
2020-10-28, 11:44:27, 23.54, 48.11
2020-10-28, 11:44:29, 23.54, 48.11
2020-10-28, 11:44:30, 23.54, 48.14
2020-10-28, 11:44:31, 23.54, 48.11
2020-10-28, 11:44:33, 23.53, 48.14
2020-10-28, 11:44:34, 23.53, 48.14
2020-10-28, 11:44:35, 23.55, 48.14
2020-10-28, 11:44:37, 23.53, 48.14
2020-10-28, 11:44:38, 23.54, 48.14
2020-10-28, 11:44:39, 23.53, 48.14
2020-10-28, 11:44:41, 23.54, 48.14
2020-10-28, 11:44:42, 23.54, 48.14
2020-10-28, 11:44:43, 23.55, 48.14
2020-10-28, 11:44:45, 23.54, 48.14
2020-10-28, 11:44:46, 23.54, 48.14
2020-10-28, 11:44:48, 23.54, 48.14
2020-10-28, 11:44:49, 23.53, 48.11
2020-10-28, 11:44:50, 23.54, 48.14
2020-10-28, 11:44:52, 23.53, 48.14
2020-10-28, 11:44:53, 23.52, 48.14
2020-10-28, 11:44:54, 23.52, 48.14
2020-10-28, 11:44:56, 23.53, 48.17
2020-10-28, 11:44:57, 23.52, 48.17
2020-10-28, 11:44:58, 23.52, 48.14
2020-10-28, 11:45:00, 23.52, 48.17
2020-10-28, 11:45:01, 23.52, 48.2
2020-10-28, 11:45:02, 23.52, 48.2
2020-10-28, 11:45:04, 23.52, 48.2
2020-10-28, 11:45:05, 23.51, 48.17
2020-10-28, 11:45:07, 23.52, 48.17
2020-10-28, 11:45:08, 23.53, 48.2
2020-10-28, 11:45:09, 23.52, 48.2
2020-10-28, 11:45:11, 23.51, 48.2
2020-10-28, 11:45:12, 23.51, 48.2
2020-10-28, 11:45:13, 23.5, 48.23
2020-10-28, 11:45:15, 23.49, 48.2
2020-10-28, 11:45:16, 23.49, 48.23
2020-10-28, 11:45:17, 23.5, 48.23
2020-10-28, 11:45:19, 23.5, 48.23
2020-10-28, 11:45:20, 23.5, 48.23
2020-10-28, 11:45:21, 23.5, 48.26
2020-10-28, 11:45:23, 23.5, 48.23
2020-10-28, 11:45:24, 23.5, 48.26
2020-10-28, 11:45:25, 23.5, 48.23
2020-10-28, 11:45:27, 23.5, 48.23
2020-10-28, 11:45:28, 23.5, 48.23
2020-10-28, 11:45:30, 23.5, 48.26
2020-10-28, 11:45:31, 23.5, 48.26
2020-10-28, 11:45:32, 23.49, 48.26
2020-10-28, 11:45:34, 23.5, 48.26
2020-10-28, 11:45:35, 23.49, 48.23
2020-10-28, 11:45:36, 23.48, 48.26
2020-10-28, 11:45:38, 23.51, 48.26
2020-10-28, 11:45:39, 23.5, 48.23
2020-10-28, 11:45:40, 23.5, 48.26
2020-10-28, 11:45:42, 23.5, 48.26
2020-10-28, 11:45:43, 23.48, 48.26
2020-10-28, 11:45:44, 23.5, 48.23
2020-10-28, 11:45:46, 23.5, 48.26
2020-10-28, 11:45:47, 23.48, 48.26
2020-10-28, 11:45:49, 23.5, 48.23
2020-10-28, 11:45:50, 23.5, 48.26
2020-10-28, 11:45:51, 23.5, 48.26
2020-10-28, 11:45:53, 23.5, 48.23
2020-10-28, 11:45:54, 23.52, 48.23
2020-10-28, 11:45:55, 23.5, 48.26
2020-10-28, 11:45:57, 23.51, 48.23
2020-10-28, 11:45:58, 23.51, 48.23
2020-10-28, 11:45:59, 23.51, 48.26
2020-10-28, 11:46:01, 23.5, 48.23
2020-10-28, 11:46:02, 23.5, 48.23
2020-10-28, 11:46:03, 23.49, 48.23
2020-10-28, 11:46:05, 23.5, 48.26
2020-10-28, 11:46:06, 23.5, 48.26
2020-10-28, 11:46:07, 23.5, 48.26
2020-10-28, 11:46:09, 23.49, 48.26
2020-10-28, 11:46:10, 23.49, 48.26
2020-10-28, 11:46:12, 23.49, 48.26
2020-10-28, 11:46:13, 23.49, 48.29
2020-10-28, 11:46:14, 23.48, 48.29
2020-10-28, 11:46:16, 23.48, 48.29
2020-10-28, 11:46:17, 23.49, 48.29
2020-10-28, 11:46:18, 23.48, 48.32
2020-10-28, 11:46:20, 23.46, 48.32
2020-10-28, 11:46:21, 23.47, 48.32
2020-10-28, 11:46:22, 23.47, 48.32
2020-10-28, 11:46:24, 23.48, 48.32
2020-10-28, 11:46:25, 23.48, 48.32
2020-10-28, 11:46:27, 23.48, 48.32
2020-10-28, 11:46:28, 23.48, 48.32
2020-10-28, 11:46:29, 23.5, 48.33
2020-10-28, 11:46:31, 23.49, 48.29
2020-10-28, 11:46:32, 23.5, 48.33
2020-10-28, 11:46:33, 23.5, 48.33
2020-10-28, 11:46:35, 23.49, 48.29
2020-10-28, 11:46:36, 23.49, 48.29
2020-10-28, 11:46:37, 23.49, 48.33
2020-10-28, 11:46:39, 23.49, 48.33
2020-10-28, 11:46:40, 23.49, 48.33
2020-10-28, 11:46:41, 23.48, 48.32
2020-10-28, 11:46:43, 23.49, 48.33
2020-10-28, 11:46:44, 23.48, 48.32
2020-10-28, 11:46:46, 23.48, 48.32
2020-10-28, 11:46:47, 23.48, 48.32
2020-10-28, 11:46:48, 23.49, 48.33
2020-10-28, 11:46:50, 23.49, 48.33
2020-10-28, 11:46:51, 23.5, 48.33
2020-10-28, 11:46:52, 23.49, 48.33
2020-10-28, 11:46:54, 23.48, 48.32
2020-10-28, 11:46:55, 23.49, 48.29
2020-10-28, 11:46:56, 23.49, 48.33
2020-10-28, 11:46:58, 23.48, 48.32
2020-10-28, 11:46:59, 23.5, 48.33
2020-10-28, 11:47:00, 23.48, 48.32
2020-10-28, 11:47:02, 23.49, 48.33
2020-10-28, 11:47:03, 23.49, 48.33
2020-10-28, 11:47:05, 23.49, 48.29
2020-10-28, 11:47:06, 23.5, 48.33
2020-10-28, 11:47:07, 23.48, 48.32
2020-10-28, 11:47:09, 23.49, 48.33
2020-10-28, 11:47:10, 23.5, 48.33
2020-10-28, 11:47:11, 23.49, 48.33
2020-10-28, 11:47:13, 23.5, 48.33
2020-10-28, 11:47:14, 23.5, 48.33
2020-10-28, 11:47:15, 23.49, 48.33
2020-10-28, 11:47:17, 23.5, 48.33
2020-10-28, 11:47:18, 23.5, 48.33
2020-10-28, 11:47:19, 23.5, 48.33
2020-10-28, 11:47:21, 23.5, 48.29
2020-10-28, 11:47:22, 23.51, 48.33
2020-10-28, 11:47:23, 23.5, 48.29
2020-10-28, 11:47:25, 23.52, 48.3
2020-10-28, 11:47:26, 23.51, 48.33
2020-10-28, 11:47:28, 23.51, 48.3
2020-10-28, 11:47:29, 23.51, 48.3
2020-10-28, 11:47:30, 23.5, 48.29
2020-10-28, 11:47:32, 23.5, 48.26
2020-10-28, 11:47:33, 23.52, 48.27
2020-10-28, 11:47:34, 23.5, 48.26
2020-10-28, 11:47:36, 23.49, 48.26
2020-10-28, 11:47:37, 23.51, 48.26
2020-10-28, 11:47:38, 23.52, 48.27
2020-10-28, 11:47:40, 23.51, 48.26
2020-10-28, 11:47:41, 23.49, 48.26
2020-10-28, 11:47:42, 23.52, 48.27
2020-10-28, 11:47:44, 23.51, 48.26
2020-10-28, 11:47:45, 23.5, 48.26
2020-10-28, 11:47:47, 23.51, 48.26
2020-10-28, 11:47:48, 23.51, 48.26
2020-10-28, 11:47:49, 23.5, 48.26
2020-10-28, 11:47:51, 23.51, 48.26
2020-10-28, 11:47:52, 23.5, 48.26
2020-10-28, 11:47:53, 23.5, 48.29
2020-10-28, 11:47:55, 23.5, 48.29
2020-10-28, 11:47:56, 23.5, 48.29
2020-10-28, 11:47:57, 23.49, 48.26
2020-10-28, 11:47:59, 23.5, 48.29
2020-10-28, 11:48:00, 23.5, 48.26
2020-10-28, 11:48:01, 23.5, 48.26
2020-10-28, 11:48:03, 23.5, 48.26
2020-10-28, 11:48:04, 23.51, 48.26
2020-10-28, 11:48:06, 23.51, 48.26
2020-10-28, 11:48:07, 23.5, 48.26
2020-10-28, 11:48:08, 23.51, 48.26
2020-10-28, 11:48:10, 23.5, 48.26
2020-10-28, 11:48:11, 23.51, 48.26
2020-10-28, 11:48:12, 23.5, 48.26
2020-10-28, 11:48:14, 23.49, 48.26
2020-10-28, 11:48:15, 23.48, 48.26
2020-10-28, 11:48:16, 23.51, 48.26
2020-10-28, 11:48:18, 23.51, 48.26
2020-10-28, 11:48:19, 23.51, 48.26
2020-10-28, 11:48:20, 23.5, 48.26
2020-10-28, 11:48:22, 23.51, 48.26
2020-10-28, 11:48:23, 23.51, 48.26
2020-10-28, 11:48:24, 23.51, 48.26
2020-10-28, 11:48:26, 23.51, 48.26
2020-10-28, 11:48:27, 23.51, 48.26
2020-10-28, 11:48:29, 23.51, 48.26
2020-10-28, 11:48:30, 23.52, 48.27
2020-10-28, 11:48:31, 23.52, 48.27
2020-10-28, 11:48:33, 23.54, 48.27
2020-10-28, 11:48:34, 23.53, 48.27
2020-10-28, 11:48:35, 23.53, 48.27
2020-10-28, 11:48:37, 23.54, 48.27
2020-10-28, 11:48:38, 23.53, 48.27
2020-10-28, 11:48:39, 23.52, 48.27
2020-10-28, 11:48:41, 23.51, 48.26
2020-10-28, 11:48:42, 23.52, 48.27
2020-10-28, 11:48:43, 23.52, 48.27
2020-10-28, 11:48:45, 23.52, 48.27
2020-10-28, 11:48:46, 23.52, 48.27
2020-10-28, 11:48:48, 23.53, 48.27
2020-10-28, 11:48:49, 23.51, 48.26
2020-10-28, 11:48:50, 23.52, 48.27
2020-10-28, 11:48:52, 23.51, 48.26
2020-10-28, 11:48:53, 23.52, 48.27
2020-10-28, 11:48:54, 23.52, 48.27
2020-10-28, 11:48:56, 23.52, 48.27
2020-10-28, 11:48:57, 23.52, 48.27
2020-10-28, 11:48:58, 23.51, 48.26
2020-10-28, 11:49:00, 23.5, 48.26
2020-10-28, 11:49:01, 23.52, 48.27
2020-10-28, 11:49:02, 23.5, 48.26
2020-10-28, 11:49:04, 23.5, 48.26
2020-10-28, 11:49:05, 23.51, 48.26
2020-10-28, 11:49:06, 23.51, 48.3
2020-10-28, 11:49:08, 23.5, 48.26
2020-10-28, 11:49:09, 23.5, 48.26
2020-10-28, 11:49:11, 23.5, 48.26
2020-10-28, 11:49:12, 23.5, 48.26
2020-10-28, 11:49:13, 23.5, 48.26
2020-10-28, 11:49:15, 23.52, 48.27
2020-10-28, 11:49:16, 23.51, 48.26
2020-10-28, 11:49:17, 23.51, 48.26
2020-10-28, 11:49:19, 23.5, 48.26
2020-10-28, 11:49:20, 23.51, 48.26
2020-10-28, 11:49:21, 23.5, 48.26
2020-10-28, 11:49:23, 23.5, 48.26
2020-10-28, 11:49:24, 23.52, 48.27
2020-10-28, 11:49:26, 23.5, 48.26
2020-10-28, 11:49:27, 23.52, 48.27
2020-10-28, 11:49:28, 23.52, 48.27
2020-10-28, 11:49:30, 23.5, 48.26
2020-10-28, 11:49:31, 23.51, 48.26
2020-10-28, 11:49:32, 23.51, 48.26
2020-10-28, 11:49:34, 23.51, 48.26
2020-10-28, 11:49:35, 23.5, 48.26
2020-10-28, 11:49:36, 23.5, 48.26
2020-10-28, 11:49:38, 23.5, 48.26
2020-10-28, 11:49:39, 23.5, 48.26
2020-10-28, 11:49:40, 23.51, 48.23
2020-10-28, 11:49:42, 23.5, 48.26
2020-10-28, 11:49:43, 23.5, 48.26
2020-10-28, 11:49:45, 23.49, 48.26
2020-10-28, 11:49:46, 23.5, 48.26
2020-10-28, 11:49:47, 23.5, 48.26
2020-10-28, 11:49:49, 23.5, 48.26
2020-10-28, 11:49:50, 23.5, 48.26
2020-10-28, 11:49:51, 23.48, 48.26
2020-10-28, 11:49:53, 23.5, 48.26
2020-10-28, 11:49:54, 23.5, 48.26
2020-10-28, 11:49:55, 23.5, 48.26
2020-10-28, 11:49:57, 23.5, 48.26
2020-10-28, 11:49:58, 23.51, 48.26
2020-10-28, 11:49:59, 23.5, 48.23
2020-10-28, 11:50:01, 23.5, 48.23
2020-10-28, 11:50:02, 23.5, 48.26
2020-10-28, 11:50:04, 23.49, 48.26
2020-10-28, 11:50:05, 23.48, 48.26
2020-10-28, 11:50:06, 23.5, 48.26
2020-10-28, 11:50:08, 23.49, 48.26
2020-10-28, 11:50:09, 23.48, 48.26
2020-10-28, 11:50:10, 23.5, 48.26
2020-10-28, 11:50:12, 23.49, 48.26
2020-10-28, 11:50:13, 23.49, 48.26
2020-10-28, 11:50:14, 23.46, 48.26
2020-10-28, 11:50:16, 23.48, 48.26
2020-10-28, 11:50:17, 23.49, 48.26
2020-10-28, 11:50:19, 23.49, 48.26
2020-10-28, 11:50:20, 23.5, 48.26
2020-10-28, 11:50:21, 23.5, 48.26
2020-10-28, 11:50:23, 23.48, 48.26
2020-10-28, 11:50:24, 23.5, 48.23
2020-10-28, 11:50:25, 23.5, 48.26
2020-10-28, 11:50:27, 23.49, 48.26
2020-10-28, 11:50:28, 23.52, 48.27
2020-10-28, 11:50:29, 23.52, 48.23
2020-10-28, 11:50:31, 23.5, 48.23
2020-10-28, 11:50:32, 23.52, 48.23
2020-10-28, 11:50:33, 23.5, 48.2
2020-10-28, 11:50:35, 23.5, 48.23
2020-10-28, 11:50:36, 23.5, 48.23
2020-10-28, 11:50:38, 23.51, 48.26
2020-10-28, 11:50:39, 23.5, 48.23
2020-10-28, 11:50:40, 23.48, 48.23
2020-10-28, 11:50:42, 23.5, 48.23
2020-10-28, 11:50:43, 23.5, 48.23
2020-10-28, 11:50:44, 23.52, 48.23
2020-10-28, 11:50:46, 23.52, 48.2
2020-10-28, 11:50:47, 23.52, 48.23
2020-10-28, 11:50:48, 23.51, 48.23
2020-10-28, 11:50:50, 23.5, 48.2
2020-10-28, 11:50:51, 23.5, 48.2
2020-10-28, 11:50:53, 23.51, 48.23
2020-10-28, 11:50:54, 23.5, 48.23
2020-10-28, 11:50:55, 23.5, 48.23
2020-10-28, 11:50:57, 23.49, 48.23
2020-10-28, 11:50:58, 23.49, 48.26
2020-10-28, 11:50:59, 23.5, 48.23
2020-10-28, 11:51:01, 23.51, 48.23
2020-10-28, 11:51:02, 23.5, 48.26
2020-10-28, 11:51:03, 23.5, 48.23
2020-10-28, 11:51:05, 23.51, 48.23
2020-10-28, 11:51:06, 23.5, 48.26
2020-10-28, 11:51:07, 23.5, 48.23
2020-10-28, 11:51:09, 23.51, 48.23
2020-10-28, 11:51:10, 23.5, 48.23
2020-10-28, 11:51:11, 23.51, 48.23
2020-10-28, 11:51:13, 23.51, 48.23
2020-10-28, 11:51:14, 23.5, 48.2
2020-10-28, 11:51:16, 23.5, 48.2
2020-10-28, 11:51:17, 23.49, 48.2
2020-10-28, 11:51:18, 23.49, 48.2
2020-10-28, 11:51:20, 23.48, 48.2
2020-10-28, 11:51:21, 23.48, 48.2
2020-10-28, 11:51:22, 23.5, 48.2
2020-10-28, 11:51:24, 23.48, 48.2
2020-10-28, 11:51:25, 23.5, 48.2
2020-10-28, 11:51:26, 23.5, 48.23
2020-10-28, 11:51:28, 23.49, 48.26
2020-10-28, 11:51:29, 23.49, 48.26
2020-10-28, 11:51:31, 23.5, 48.23
2020-10-28, 11:51:32, 23.5, 48.2
2020-10-28, 11:51:33, 23.49, 48.23
2020-10-28, 11:51:35, 23.48, 48.2
2020-10-28, 11:51:36, 23.5, 48.23
2020-10-28, 11:51:37, 23.49, 48.2
2020-10-28, 11:51:39, 23.49, 48.2
2020-10-28, 11:51:40, 23.5, 48.2
2020-10-28, 11:51:41, 23.5, 48.2
2020-10-28, 11:51:43, 23.5, 48.2
2020-10-28, 11:51:44, 23.51, 48.2
2020-10-28, 11:51:45, 23.49, 48.2
2020-10-28, 11:51:47, 23.48, 48.2
2020-10-28, 11:51:48, 23.48, 48.2
2020-10-28, 11:51:50, 23.47, 48.2
2020-10-28, 11:51:51, 23.48, 48.2
2020-10-28, 11:51:52, 23.48, 48.2
2020-10-28, 11:51:54, 23.46, 48.19
2020-10-28, 11:51:55, 23.49, 48.2
2020-10-28, 11:51:56, 23.48, 48.23
2020-10-28, 11:51:58, 23.46, 48.23
2020-10-28, 11:51:59, 23.48, 48.23
2020-10-28, 11:52:00, 23.48, 48.23
2020-10-28, 11:52:02, 23.48, 48.23
2020-10-28, 11:52:03, 23.47, 48.23
2020-10-28, 11:52:04, 23.48, 48.23
2020-10-28, 11:52:06, 23.48, 48.23
2020-10-28, 11:52:07, 23.48, 48.2
2020-10-28, 11:52:08, 23.48, 48.23
2020-10-28, 11:52:10, 23.49, 48.23
2020-10-28, 11:52:11, 23.5, 48.23
2020-10-28, 11:52:13, 23.49, 48.2
2020-10-28, 11:52:14, 23.48, 48.2
2020-10-28, 11:52:15, 23.48, 48.2
2020-10-28, 11:52:17, 23.49, 48.2
2020-10-28, 11:52:18, 23.48, 48.2
2020-10-28, 11:52:19, 23.49, 48.2
2020-10-28, 11:52:21, 23.5, 48.2
2020-10-28, 11:52:22, 23.5, 48.2
2020-10-28, 11:52:23, 23.5, 48.2
2020-10-28, 11:52:25, 23.51, 48.2
2020-10-28, 11:52:26, 23.5, 48.2
2020-10-28, 11:52:27, 23.5, 48.2
2020-10-28, 11:52:29, 23.5, 48.2
2020-10-28, 11:52:30, 23.5, 48.2
2020-10-28, 11:52:32, 23.5, 48.17
2020-10-28, 11:52:33, 23.5, 48.17
2020-10-28, 11:52:34, 23.51, 48.14
2020-10-28, 11:52:36, 23.52, 48.17
2020-10-28, 11:52:37, 23.51, 48.14
2020-10-28, 11:52:38, 23.52, 48.14
2020-10-28, 11:52:40, 23.5, 48.14
2020-10-28, 11:52:41, 23.5, 48.14
2020-10-28, 11:52:42, 23.49, 48.13
2020-10-28, 11:52:44, 23.49, 48.13
2020-10-28, 11:52:45, 23.48, 48.13
2020-10-28, 11:52:46, 23.5, 48.14
2020-10-28, 11:52:48, 23.49, 48.13
2020-10-28, 11:52:49, 23.5, 48.14
2020-10-28, 11:52:51, 23.5, 48.17
2020-10-28, 11:52:52, 23.5, 48.14
2020-10-28, 11:52:53, 23.49, 48.13
2020-10-28, 11:52:55, 23.5, 48.14
2020-10-28, 11:52:56, 23.49, 48.13
2020-10-28, 11:52:57, 23.5, 48.14
2020-10-28, 11:52:59, 23.48, 48.13
2020-10-28, 11:53:00, 23.48, 48.13
2020-10-28, 11:53:01, 23.48, 48.13
2020-10-28, 11:53:03, 23.5, 48.14
2020-10-28, 11:53:04, 23.48, 48.13
2020-10-28, 11:53:05, 23.48, 48.13
2020-10-28, 11:53:07, 23.48, 48.13
2020-10-28, 11:53:08, 23.49, 48.13
2020-10-28, 11:53:10, 23.48, 48.13
2020-10-28, 11:53:11, 23.5, 48.14
2020-10-28, 11:53:12, 23.5, 48.14
2020-10-28, 11:53:14, 23.49, 48.1
2020-10-28, 11:53:15, 23.49, 48.13
2020-10-28, 11:53:16, 23.5, 48.14
2020-10-28, 11:53:18, 23.49, 48.1
2020-10-28, 11:53:19, 23.48, 48.1
2020-10-28, 11:53:20, 23.49, 48.1
2020-10-28, 11:53:22, 23.5, 48.14
2020-10-28, 11:53:23, 23.49, 48.1
2020-10-28, 11:53:24, 23.5, 48.1
2020-10-28, 11:53:26, 23.5, 48.1
2020-10-28, 11:53:27, 23.5, 48.1
2020-10-28, 11:53:29, 23.48, 48.1
2020-10-28, 11:53:30, 23.49, 48.1
2020-10-28, 11:53:31, 23.5, 48.14
2020-10-28, 11:53:33, 23.5, 48.1
2020-10-28, 11:53:34, 23.5, 48.1
2020-10-28, 11:53:35, 23.5, 48.1
2020-10-28, 11:53:37, 23.49, 48.13
2020-10-28, 11:53:38, 23.49, 48.1
2020-10-28, 11:53:39, 23.49, 48.1
2020-10-28, 11:53:41, 23.5, 48.1
2020-10-28, 11:53:42, 23.48, 48.1
2020-10-28, 11:53:43, 23.5, 48.1
2020-10-28, 11:53:45, 23.5, 48.1
2020-10-28, 11:53:46, 23.5, 48.07
2020-10-28, 11:53:48, 23.49, 48.07
2020-10-28, 11:53:49, 23.5, 48.07
2020-10-28, 11:53:50, 23.49, 48.07
2020-10-28, 11:53:52, 23.48, 48.07
2020-10-28, 11:53:53, 23.48, 48.07
2020-10-28, 11:53:54, 23.48, 48.07
2020-10-28, 11:53:56, 23.46, 48.07
2020-10-28, 11:53:57, 23.47, 48.1
2020-10-28, 11:53:58, 23.48, 48.07
2020-10-28, 11:54:00, 23.47, 48.07
2020-10-28, 11:54:01, 23.47, 48.07
2020-10-28, 11:54:02, 23.47, 48.07
2020-10-28, 11:54:04, 23.48, 48.07
2020-10-28, 11:54:05, 23.46, 48.1
2020-10-28, 11:54:07, 23.46, 48.1
2020-10-28, 11:54:08, 23.46, 48.13
2020-10-28, 11:54:09, 23.46, 48.1
2020-10-28, 11:54:11, 23.46, 48.1
2020-10-28, 11:54:12, 23.45, 48.1
2020-10-28, 11:54:13, 23.46, 48.13
2020-10-28, 11:54:15, 23.46, 48.1
2020-10-28, 11:54:16, 23.45, 48.1
2020-10-28, 11:54:17, 23.46, 48.1
2020-10-28, 11:54:19, 23.47, 48.1
2020-10-28, 11:54:20, 23.47, 48.13
2020-10-28, 11:54:22, 23.46, 48.1
2020-10-28, 11:54:23, 23.46, 48.1
2020-10-28, 11:54:24, 23.45, 48.1
2020-10-28, 11:54:26, 23.46, 48.1
2020-10-28, 11:54:27, 23.47, 48.1
2020-10-28, 11:54:28, 23.45, 48.1
2020-10-28, 11:54:30, 23.46, 48.1
2020-10-28, 11:54:31, 23.46, 48.1
2020-10-28, 11:54:32, 23.46, 48.1
2020-10-28, 11:54:34, 23.44, 48.1
2020-10-28, 11:54:35, 23.46, 48.1
2020-10-28, 11:54:37, 23.46, 48.1
2020-10-28, 11:54:38, 23.46, 48.1
2020-10-28, 11:54:39, 23.43, 48.09
2020-10-28, 11:54:41, 23.44, 48.1
2020-10-28, 11:54:42, 23.46, 48.13
2020-10-28, 11:54:43, 23.46, 48.07
2020-10-28, 11:54:45, 23.45, 48.1
2020-10-28, 11:54:46, 23.45, 48.07
2020-10-28, 11:54:47, 23.46, 48.07
2020-10-28, 11:54:49, 23.46, 48.07
2020-10-28, 11:54:50, 23.46, 48.07
2020-10-28, 11:54:51, 23.46, 48.07
2020-10-28, 11:54:53, 23.44, 48.06
2020-10-28, 11:54:54, 23.45, 48.1
2020-10-28, 11:54:56, 23.42, 48.09
2020-10-28, 11:54:57, 23.43, 48.13
2020-10-28, 11:54:58, 23.44, 48.1
2020-10-28, 11:55:00, 23.43, 48.13
2020-10-28, 11:55:01, 23.43, 48.09
2020-10-28, 11:55:02, 23.44, 48.13
2020-10-28, 11:55:04, 23.44, 48.13
2020-10-28, 11:55:05, 23.43, 48.13
2020-10-28, 11:55:06, 23.43, 48.13
2020-10-28, 11:55:08, 23.42, 48.13
2020-10-28, 11:55:09, 23.42, 48.13
2020-10-28, 11:55:10, 23.42, 48.13
2020-10-28, 11:55:12, 23.4, 48.12
2020-10-28, 11:55:13, 23.41, 48.12
2020-10-28, 11:55:15, 23.42, 48.13
2020-10-28, 11:55:16, 23.4, 48.12
2020-10-28, 11:55:17, 23.41, 48.12
2020-10-28, 11:55:19, 23.42, 48.13
2020-10-28, 11:55:20, 23.42, 48.13
2020-10-28, 11:55:21, 23.42, 48.13
2020-10-28, 11:55:23, 23.41, 48.16
2020-10-28, 11:55:24, 23.39, 48.12
2020-10-28, 11:55:25, 23.4, 48.12
2020-10-28, 11:55:27, 23.41, 48.12
2020-10-28, 11:55:28, 23.42, 48.13
2020-10-28, 11:55:29, 23.42, 48.16
2020-10-28, 11:55:31, 23.42, 48.13
2020-10-28, 11:55:32, 23.42, 48.13
2020-10-28, 11:55:34, 23.42, 48.13
2020-10-28, 11:55:35, 23.41, 48.12
2020-10-28, 11:55:36, 23.42, 48.13
2020-10-28, 11:55:38, 23.42, 48.16
2020-10-28, 11:55:39, 23.42, 48.13
2020-10-28, 11:55:40, 23.42, 48.16
2020-10-28, 11:55:42, 23.41, 48.16
2020-10-28, 11:55:43, 23.42, 48.13
2020-10-28, 11:55:45, 23.31, 48.14
2020-10-28, 11:55:46, 23.38, 48.18
2020-10-28, 11:55:47, 23.4, 48.19
2020-10-28, 11:55:49, 23.39, 48.19
2020-10-28, 11:55:50, 23.38, 48.18
2020-10-28, 11:55:52, 23.41, 48.19
2020-10-28, 11:55:53, 23.4, 48.19
2020-10-28, 11:55:54, 23.41, 48.16
2020-10-28, 11:55:56, 23.4, 48.19
2020-10-28, 11:55:57, 23.4, 48.19
2020-10-28, 11:55:58, 23.41, 48.16
2020-10-28, 11:56:00, 23.4, 48.15
2020-10-28, 11:56:01, 23.4, 48.15
2020-10-28, 11:56:02, 23.4, 48.15
2020-10-28, 11:56:04, 23.39, 48.15
2020-10-28, 11:56:05, 23.39, 48.15
2020-10-28, 11:56:06, 23.38, 48.18
2020-10-28, 11:56:08, 23.38, 48.15
2020-10-28, 11:56:09, 23.4, 48.15
2020-10-28, 11:56:11, 23.4, 48.19
2020-10-28, 11:56:12, 23.4, 48.19
2020-10-28, 11:56:13, 23.39, 48.19
2020-10-28, 11:56:15, 23.39, 48.19
2020-10-28, 11:56:16, 23.39, 48.19
2020-10-28, 11:56:17, 23.38, 48.18
2020-10-28, 11:56:19, 23.39, 48.19
2020-10-28, 11:56:20, 23.39, 48.15
2020-10-28, 11:56:21, 23.38, 48.15
2020-10-28, 11:56:23, 23.38, 48.15
2020-10-28, 11:56:24, 23.38, 48.15
2020-10-28, 11:56:26, 23.38, 48.18
2020-10-28, 11:56:27, 23.38, 48.18
2020-10-28, 11:56:28, 23.36, 48.18
2020-10-28, 11:56:30, 23.38, 48.18
2020-10-28, 11:56:31, 23.38, 48.18
2020-10-28, 11:56:32, 23.4, 48.19
2020-10-28, 11:56:34, 23.4, 48.19
2020-10-28, 11:56:35, 23.39, 48.19
2020-10-28, 11:56:36, 23.39, 48.19
2020-10-28, 11:56:38, 23.4, 48.15
2020-10-28, 11:56:39, 23.39, 48.15
2020-10-28, 11:56:40, 23.38, 48.15
2020-10-28, 11:56:42, 23.38, 48.12
2020-10-28, 11:56:43, 23.38, 48.15
2020-10-28, 11:56:45, 23.37, 48.15
2020-10-28, 11:56:46, 23.38, 48.15
2020-10-28, 11:56:47, 23.38, 48.15
2020-10-28, 11:56:49, 23.38, 48.15
2020-10-28, 11:56:50, 23.38, 48.18
2020-10-28, 11:56:51, 23.39, 48.15
2020-10-28, 11:56:53, 23.36, 48.15
2020-10-28, 11:56:54, 23.38, 48.15
2020-10-28, 11:56:55, 23.37, 48.15
2020-10-28, 11:56:57, 23.37, 48.18
2020-10-28, 11:56:58, 23.38, 48.15
2020-10-28, 11:57:00, 23.38, 48.15
2020-10-28, 11:57:01, 23.38, 48.18
2020-10-28, 11:57:02, 23.38, 48.18
2020-10-28, 11:57:04, 23.37, 48.15
2020-10-28, 11:57:05, 23.38, 48.15
2020-10-28, 11:57:06, 23.37, 48.15
2020-10-28, 11:57:08, 23.39, 48.19
2020-10-28, 11:57:09, 23.39, 48.15
2020-10-28, 11:57:10, 23.39, 48.15
2020-10-28, 11:57:12, 23.39, 48.15
2020-10-28, 11:57:13, 23.4, 48.15
2020-10-28, 11:57:14, 23.4, 48.19
2020-10-28, 11:57:16, 23.4, 48.15
2020-10-28, 11:57:17, 23.4, 48.15
2020-10-28, 11:57:19, 23.38, 48.12
2020-10-28, 11:57:20, 23.39, 48.12
2020-10-28, 11:57:21, 23.38, 48.12
2020-10-28, 11:57:23, 23.38, 48.12
2020-10-28, 11:57:24, 23.38, 48.12
2020-10-28, 11:57:25, 23.38, 48.12
2020-10-28, 11:57:27, 23.38, 48.12
2020-10-28, 11:57:28, 23.39, 48.12
2020-10-28, 11:57:29, 23.38, 48.12
2020-10-28, 11:57:31, 23.38, 48.12
2020-10-28, 11:57:32, 23.38, 48.12
2020-10-28, 11:57:33, 23.39, 48.12
2020-10-28, 11:57:35, 23.38, 48.12
2020-10-28, 11:57:36, 23.38, 48.12
2020-10-28, 11:57:38, 23.39, 48.12
2020-10-28, 11:57:39, 23.37, 48.12
2020-10-28, 11:57:40, 23.39, 48.12
2020-10-28, 11:57:42, 23.36, 48.12
2020-10-28, 11:57:43, 23.38, 48.12
2020-10-28, 11:57:44, 23.36, 48.12
2020-10-28, 11:57:46, 23.36, 48.12
2020-10-28, 11:57:47, 23.36, 48.15
2020-10-28, 11:57:48, 23.36, 48.12
2020-10-28, 11:57:50, 23.36, 48.15
2020-10-28, 11:57:51, 23.38, 48.15
2020-10-28, 11:57:52, 23.36, 48.15
2020-10-28, 11:57:54, 23.38, 48.15
2020-10-28, 11:57:55, 23.36, 48.15
2020-10-28, 11:57:57, 23.35, 48.15
2020-10-28, 11:57:58, 23.36, 48.18
2020-10-28, 11:57:59, 23.36, 48.15
2020-10-28, 11:58:01, 23.36, 48.15
2020-10-28, 11:58:02, 23.36, 48.15
2020-10-28, 11:58:03, 23.37, 48.15
2020-10-28, 11:58:05, 23.38, 48.15
2020-10-28, 11:58:06, 23.38, 48.12
2020-10-28, 11:58:07, 23.37, 48.15
2020-10-28, 11:58:09, 23.37, 48.12
2020-10-28, 11:58:10, 23.38, 48.12
2020-10-28, 11:58:11, 23.38, 48.12
2020-10-28, 11:58:13, 23.38, 48.12
2020-10-28, 11:58:14, 23.38, 48.12
2020-10-28, 11:58:16, 23.37, 48.12
2020-10-28, 11:58:17, 23.37, 48.12
2020-10-28, 11:58:18, 23.36, 48.09
2020-10-28, 11:58:20, 23.37, 48.12
2020-10-28, 11:58:21, 23.38, 48.09
2020-10-28, 11:58:22, 23.38, 48.12
2020-10-28, 11:58:24, 23.38, 48.12
2020-10-28, 11:58:25, 23.39, 48.09
2020-10-28, 11:58:26, 23.39, 48.09
2020-10-28, 11:58:28, 23.37, 48.09
2020-10-28, 11:58:29, 23.38, 48.09
2020-10-28, 11:58:30, 23.38, 48.09
2020-10-28, 11:58:32, 23.38, 48.09
2020-10-28, 11:58:33, 23.37, 48.09
2020-10-28, 11:58:34, 23.36, 48.09
2020-10-28, 11:58:36, 23.38, 48.09
2020-10-28, 11:58:37, 23.38, 48.06
2020-10-28, 11:58:39, 23.35, 48.08
2020-10-28, 11:58:40, 23.38, 48.09
2020-10-28, 11:58:41, 23.38, 48.09
2020-10-28, 11:58:43, 23.36, 48.09
2020-10-28, 11:58:44, 23.36, 48.09
2020-10-28, 11:58:45, 23.38, 48.09
2020-10-28, 11:58:47, 23.39, 48.09
2020-10-28, 11:58:48, 23.38, 48.06
2020-10-28, 11:58:49, 23.38, 48.06
2020-10-28, 11:58:51, 23.38, 48.06
2020-10-28, 11:58:52, 23.38, 48.06
2020-10-28, 11:58:54, 23.38, 48.06
2020-10-28, 11:58:55, 23.4, 48.06
2020-10-28, 11:58:56, 23.38, 48.06
2020-10-28, 11:58:58, 23.39, 48.06
2020-10-28, 11:58:59, 23.4, 48.06
2020-10-28, 11:59:00, 23.4, 48.03
2020-10-28, 11:59:02, 23.39, 48.06
2020-10-28, 11:59:03, 23.4, 48.03
2020-10-28, 11:59:04, 23.39, 48.03
2020-10-28, 11:59:06, 23.39, 48.03
2020-10-28, 11:59:07, 23.39, 48.03
2020-10-28, 11:59:08, 23.4, 48.03
2020-10-28, 11:59:10, 23.39, 48.03
2020-10-28, 11:59:11, 23.4, 48.03
2020-10-28, 11:59:13, 23.38, 48.02
2020-10-28, 11:59:14, 23.38, 48.02
2020-10-28, 11:59:15, 23.38, 47.99
2020-10-28, 11:59:17, 23.36, 48.02
2020-10-28, 11:59:18, 23.38, 47.99
2020-10-28, 11:59:19, 23.39, 48.03
2020-10-28, 11:59:21, 23.39, 48.03
2020-10-28, 11:59:22, 23.39, 48.03
2020-10-28, 11:59:23, 23.38, 48.02
2020-10-28, 11:59:25, 23.39, 48.03
2020-10-28, 11:59:26, 23.38, 48.02
2020-10-28, 11:59:27, 23.38, 48.02
2020-10-28, 11:59:29, 23.39, 48.03
2020-10-28, 11:59:30, 23.4, 48.03
2020-10-28, 11:59:32, 23.39, 48.03
2020-10-28, 11:59:33, 23.39, 48.03
2020-10-28, 11:59:34, 23.39, 48.03
2020-10-28, 11:59:36, 23.39, 48.03
2020-10-28, 11:59:37, 23.4, 48.03
2020-10-28, 11:59:38, 23.4, 48.0
2020-10-28, 11:59:40, 23.4, 48.0
2020-10-28, 11:59:41, 23.41, 48.0
2020-10-28, 11:59:42, 23.42, 48.0
2020-10-28, 11:59:44, 23.41, 48.0
2020-10-28, 11:59:45, 23.41, 48.0
2020-10-28, 11:59:46, 23.42, 47.97
2020-10-28, 11:59:48, 23.42, 47.97
2020-10-28, 11:59:49, 23.41, 48.0
2020-10-28, 11:59:50, 23.42, 47.97
2020-10-28, 11:59:52, 23.42, 47.97
2020-10-28, 11:59:53, 23.41, 47.96
2020-10-28, 11:59:55, 23.42, 47.97
2020-10-28, 11:59:56, 23.42, 47.93
2020-10-28, 11:59:57, 23.41, 47.93
2020-10-28, 11:59:59, 23.42, 47.93
2020-10-28, 12:00:00, 23.42, 47.93
2020-10-28, 12:00:01, 23.38, 47.93
2020-10-28, 12:00:03, 23.4, 47.96
2020-10-28, 12:00:04, 23.41, 47.96
2020-10-28, 12:00:05, 23.4, 47.93
2020-10-28, 12:00:07, 23.41, 47.96
2020-10-28, 12:00:08, 23.42, 47.97
2020-10-28, 12:00:09, 23.4, 47.96
2020-10-28, 12:00:11, 23.41, 47.93
2020-10-28, 12:00:12, 23.42, 48.0
2020-10-28, 12:00:14, 23.42, 47.93
2020-10-28, 12:00:15, 23.42, 47.93
2020-10-28, 12:00:16, 23.43, 47.94
2020-10-28, 12:00:18, 23.43, 47.94
2020-10-28, 12:00:19, 23.44, 47.94
2020-10-28, 12:00:20, 23.44, 47.94
2020-10-28, 12:00:22, 23.42, 47.9
2020-10-28, 12:00:23, 23.41, 47.93
2020-10-28, 12:00:24, 23.42, 47.93
2020-10-28, 12:00:26, 23.42, 47.9
2020-10-28, 12:00:27, 23.43, 47.9
2020-10-28, 12:00:29, 23.42, 47.93
2020-10-28, 12:00:30, 23.43, 47.87
2020-10-28, 12:00:31, 23.44, 47.9
2020-10-28, 12:00:33, 23.44, 47.9
2020-10-28, 12:00:34, 23.44, 47.9
2020-10-28, 12:00:35, 23.43, 47.94
2020-10-28, 12:00:37, 23.44, 47.87
2020-10-28, 12:00:38, 23.42, 47.87
2020-10-28, 12:00:39, 23.42, 47.87
2020-10-28, 12:00:41, 23.44, 47.87
2020-10-28, 12:00:42, 23.44, 47.87
2020-10-28, 12:00:43, 23.41, 47.87
2020-10-28, 12:00:45, 23.42, 47.87
2020-10-28, 12:00:46, 23.43, 47.87
2020-10-28, 12:00:48, 23.44, 47.87
2020-10-28, 12:00:49, 23.44, 47.87
2020-10-28, 12:00:50, 23.43, 47.87
2020-10-28, 12:00:52, 23.44, 47.87
2020-10-28, 12:00:53, 23.43, 47.87
2020-10-28, 12:00:54, 23.43, 47.87
2020-10-28, 12:00:56, 23.44, 47.87
2020-10-28, 12:00:57, 23.44, 47.87
2020-10-28, 12:00:58, 23.44, 47.87
2020-10-28, 12:01:00, 23.42, 47.87
2020-10-28, 12:01:01, 23.44, 47.87
2020-10-28, 12:01:02, 23.43, 47.84
2020-10-28, 12:01:04, 23.43, 47.84
2020-10-28, 12:01:05, 23.43, 47.84
2020-10-28, 12:01:07, 23.43, 47.84
2020-10-28, 12:01:08, 23.42, 47.84
2020-10-28, 12:01:09, 23.43, 47.84
2020-10-28, 12:01:11, 23.44, 47.84
2020-10-28, 12:01:12, 23.43, 47.84
2020-10-28, 12:01:13, 23.43, 47.84
2020-10-28, 12:01:15, 23.43, 47.84
2020-10-28, 12:01:16, 23.43, 47.84
2020-10-28, 12:01:17, 23.42, 47.84
2020-10-28, 12:01:19, 23.42, 47.84
2020-10-28, 12:01:20, 23.43, 47.84
2020-10-28, 12:01:21, 23.42, 47.84
2020-10-28, 12:01:23, 23.44, 47.84
2020-10-28, 12:01:24, 23.42, 47.81
2020-10-28, 12:01:25, 23.42, 47.84
2020-10-28, 12:01:27, 23.42, 47.84
2020-10-28, 12:01:28, 23.42, 47.87
2020-10-28, 12:01:30, 23.42, 47.87
2020-10-28, 12:01:31, 23.42, 47.84
2020-10-28, 12:01:32, 23.42, 47.84
2020-10-28, 12:01:34, 23.4, 47.87
2020-10-28, 12:01:35, 23.42, 47.87
2020-10-28, 12:01:36, 23.42, 47.87
2020-10-28, 12:01:38, 23.42, 47.87
2020-10-28, 12:01:39, 23.43, 47.87
2020-10-28, 12:01:40, 23.43, 47.87
2020-10-28, 12:01:42, 23.42, 47.87
2020-10-28, 12:01:43, 23.42, 47.87
2020-10-28, 12:01:44, 23.43, 47.87
2020-10-28, 12:01:46, 23.43, 47.87
2020-10-28, 12:01:47, 23.41, 47.87
2020-10-28, 12:01:49, 23.4, 47.87
2020-10-28, 12:01:50, 23.4, 47.87
2020-10-28, 12:01:51, 23.41, 47.87
2020-10-28, 12:01:53, 23.41, 47.87
2020-10-28, 12:01:54, 23.4, 47.87
2020-10-28, 12:01:55, 23.41, 47.87
2020-10-28, 12:01:57, 23.42, 47.87
2020-10-28, 12:01:58, 23.4, 47.87
2020-10-28, 12:01:59, 23.41, 47.9
2020-10-28, 12:02:01, 23.41, 47.87
2020-10-28, 12:02:02, 23.42, 47.87
2020-10-28, 12:02:03, 23.41, 47.87
2020-10-28, 12:02:05, 23.41, 47.87
2020-10-28, 12:02:06, 23.42, 47.87
2020-10-28, 12:02:08, 23.42, 47.9
2020-10-28, 12:02:09, 23.42, 47.87
2020-10-28, 12:02:10, 23.42, 47.87
2020-10-28, 12:02:12, 23.42, 47.87
2020-10-28, 12:02:13, 23.41, 47.87
2020-10-28, 12:02:14, 23.43, 47.9
2020-10-28, 12:02:16, 23.4, 47.87
2020-10-28, 12:02:17, 23.42, 47.87
2020-10-28, 12:02:18, 23.41, 47.9
2020-10-28, 12:02:20, 23.42, 47.9
2020-10-28, 12:02:21, 23.43, 47.9
2020-10-28, 12:02:22, 23.43, 47.94
2020-10-28, 12:02:24, 23.43, 47.9
2020-10-28, 12:02:25, 23.43, 47.9
2020-10-28, 12:02:27, 23.44, 47.94
2020-10-28, 12:02:28, 23.43, 47.9
2020-10-28, 12:02:29, 23.42, 47.9
2020-10-28, 12:02:31, 23.44, 47.9
2020-10-28, 12:02:32, 23.42, 47.9
2020-10-28, 12:02:33, 23.44, 47.9
2020-10-28, 12:02:35, 23.44, 47.9
2020-10-28, 12:02:36, 23.43, 47.9
2020-10-28, 12:02:37, 23.42, 47.9
2020-10-28, 12:02:39, 23.43, 47.9
2020-10-28, 12:02:40, 23.43, 47.9
2020-10-28, 12:02:41, 23.44, 47.9
2020-10-28, 12:02:43, 23.44, 47.87
2020-10-28, 12:02:44, 23.44, 47.87
2020-10-28, 12:02:46, 23.44, 47.87
2020-10-28, 12:02:47, 23.44, 47.87
2020-10-28, 12:02:48, 23.44, 47.87
2020-10-28, 12:02:50, 23.44, 47.87
2020-10-28, 12:02:51, 23.44, 47.87
2020-10-28, 12:02:52, 23.44, 47.87
2020-10-28, 12:02:54, 23.44, 47.9
2020-10-28, 12:02:55, 23.44, 47.87
2020-10-28, 12:02:56, 23.44, 47.87
2020-10-28, 12:02:58, 23.45, 47.87
2020-10-28, 12:02:59, 23.43, 47.87
2020-10-28, 12:03:00, 23.43, 47.87
2020-10-28, 12:03:02, 23.43, 47.87
2020-10-28, 12:03:03, 23.42, 47.87
2020-10-28, 12:03:05, 23.42, 47.87
2020-10-28, 12:03:06, 23.43, 47.87
2020-10-28, 12:03:07, 23.42, 47.9
2020-10-28, 12:03:09, 23.42, 47.87
2020-10-28, 12:03:10, 23.44, 47.87
2020-10-28, 12:03:11, 23.42, 47.9
2020-10-28, 12:03:13, 23.43, 47.9
2020-10-28, 12:03:14, 23.44, 47.87
2020-10-28, 12:03:15, 23.41, 47.9
2020-10-28, 12:03:17, 23.42, 47.87
2020-10-28, 12:03:18, 23.42, 47.9
2020-10-28, 12:03:19, 23.44, 47.87
2020-10-28, 12:03:21, 23.44, 47.87
2020-10-28, 12:03:22, 23.43, 47.9
2020-10-28, 12:03:24, 23.43, 47.87
2020-10-28, 12:03:25, 23.41, 47.9
2020-10-28, 12:03:26, 23.42, 47.9
2020-10-28, 12:03:28, 23.44, 47.87
2020-10-28, 12:03:29, 23.44, 47.87
2020-10-28, 12:03:30, 23.44, 47.9
2020-10-28, 12:03:32, 23.44, 47.87
2020-10-28, 12:03:33, 23.44, 47.87
2020-10-28, 12:03:34, 23.43, 47.87
2020-10-28, 12:03:36, 23.43, 47.9
2020-10-28, 12:03:37, 23.43, 47.9
2020-10-28, 12:03:38, 23.44, 47.9
2020-10-28, 12:03:40, 23.44, 47.9
2020-10-28, 12:03:41, 23.44, 47.9
2020-10-28, 12:03:43, 23.42, 47.9
2020-10-28, 12:03:44, 23.43, 47.9
2020-10-28, 12:03:45, 23.44, 47.9
2020-10-28, 12:03:47, 23.44, 47.9
2020-10-28, 12:03:48, 23.42, 47.9
2020-10-28, 12:03:49, 23.45, 47.91
2020-10-28, 12:03:51, 23.44, 47.87
2020-10-28, 12:03:52, 23.43, 47.9
2020-10-28, 12:03:54, 23.42, 47.9
2020-10-28, 12:03:55, 23.45, 47.91
2020-10-28, 12:03:56, 23.44, 47.87
2020-10-28, 12:03:58, 23.45, 47.91
2020-10-28, 12:03:59, 23.45, 47.87
2020-10-28, 12:04:00, 23.45, 47.87
2020-10-28, 12:04:02, 23.46, 47.88
2020-10-28, 12:04:03, 23.45, 47.87
2020-10-28, 12:04:04, 23.45, 47.87
2020-10-28, 12:04:06, 23.47, 47.91
2020-10-28, 12:04:07, 23.46, 47.88
2020-10-28, 12:04:08, 23.45, 47.87
2020-10-28, 12:04:10, 23.45, 47.87
2020-10-28, 12:04:11, 23.45, 47.87
2020-10-28, 12:04:13, 23.46, 47.88
2020-10-28, 12:04:14, 23.45, 47.87
2020-10-28, 12:04:15, 23.46, 47.88
2020-10-28, 12:04:17, 23.46, 47.88
2020-10-28, 12:04:18, 23.45, 47.87
2020-10-28, 12:04:19, 23.46, 47.88
2020-10-28, 12:04:21, 23.47, 47.88
2020-10-28, 12:04:22, 23.46, 47.88
2020-10-28, 12:04:23, 23.47, 47.88
2020-10-28, 12:04:25, 23.47, 47.88
2020-10-28, 12:04:26, 23.47, 47.88
2020-10-28, 12:04:27, 23.46, 47.88
2020-10-28, 12:04:29, 23.47, 47.88
2020-10-28, 12:04:30, 23.48, 47.85
2020-10-28, 12:04:31, 23.48, 47.85
2020-10-28, 12:04:33, 23.48, 47.85
2020-10-28, 12:04:34, 23.47, 47.84
2020-10-28, 12:04:36, 23.48, 47.85
2020-10-28, 12:04:37, 23.47, 47.88
2020-10-28, 12:04:38, 23.44, 47.87
2020-10-28, 12:04:40, 23.46, 47.88
2020-10-28, 12:04:41, 23.45, 47.84
2020-10-28, 12:04:42, 23.46, 47.88
2020-10-28, 12:04:44, 23.44, 47.87
2020-10-28, 12:04:45, 23.45, 47.91
2020-10-28, 12:04:46, 23.45, 47.91
2020-10-28, 12:04:48, 23.45, 47.91
2020-10-28, 12:04:49, 23.44, 47.9
2020-10-28, 12:04:50, 23.45, 47.94
2020-10-28, 12:04:52, 23.44, 47.9
2020-10-28, 12:04:53, 23.43, 47.9
2020-10-28, 12:04:55, 23.44, 47.94
2020-10-28, 12:04:56, 23.45, 47.94
2020-10-28, 12:04:57, 23.44, 47.94
2020-10-28, 12:04:59, 23.44, 47.94
2020-10-28, 12:05:00, 23.44, 47.94
2020-10-28, 12:05:01, 23.44, 47.97
2020-10-28, 12:05:03, 23.45, 47.94
2020-10-28, 12:05:04, 23.45, 47.94
2020-10-28, 12:05:05, 23.44, 47.94
2020-10-28, 12:05:07, 23.45, 47.94
2020-10-28, 12:05:08, 23.46, 47.94
2020-10-28, 12:05:09, 23.45, 47.94
2020-10-28, 12:05:11, 23.44, 47.94
2020-10-28, 12:05:12, 23.45, 47.94
2020-10-28, 12:05:14, 23.45, 47.94
2020-10-28, 12:05:15, 23.43, 47.94
2020-10-28, 12:05:16, 23.43, 47.94
2020-10-28, 12:05:18, 23.44, 47.94
2020-10-28, 12:05:19, 23.43, 47.94
2020-10-28, 12:05:20, 23.39, 47.93
2020-10-28, 12:05:22, 23.43, 47.94
2020-10-28, 12:05:23, 23.44, 47.97
2020-10-28, 12:05:24, 23.44, 47.97
2020-10-28, 12:05:26, 23.45, 47.94
2020-10-28, 12:05:27, 23.44, 47.94
2020-10-28, 12:05:29, 23.45, 47.94
2020-10-28, 12:05:30, 23.44, 47.97
2020-10-28, 12:05:31, 23.44, 47.94
2020-10-28, 12:05:33, 23.44, 47.94
2020-10-28, 12:05:34, 23.44, 47.94
2020-10-28, 12:05:35, 23.44, 47.94
2020-10-28, 12:05:37, 23.44, 47.94
2020-10-28, 12:05:38, 23.44, 47.94
2020-10-28, 12:05:39, 23.46, 47.94
2020-10-28, 12:05:41, 23.46, 47.94
2020-10-28, 12:05:42, 23.45, 47.94
2020-10-28, 12:05:43, 23.45, 47.94
2020-10-28, 12:05:45, 23.44, 47.94
2020-10-28, 12:05:46, 23.45, 47.97
2020-10-28, 12:05:48, 23.46, 47.94
2020-10-28, 12:05:49, 23.45, 47.97
2020-10-28, 12:05:50, 23.46, 47.97
2020-10-28, 12:05:52, 23.45, 47.94
2020-10-28, 12:05:53, 23.46, 47.97
2020-10-28, 12:05:54, 23.46, 47.94
2020-10-28, 12:05:56, 23.45, 47.94
2020-10-28, 12:05:57, 23.46, 47.94
2020-10-28, 12:05:58, 23.43, 47.94
2020-10-28, 12:06:00, 23.46, 47.94
2020-10-28, 12:06:01, 23.44, 47.97
2020-10-28, 12:06:02, 23.44, 47.94
2020-10-28, 12:06:04, 23.45, 47.97
2020-10-28, 12:06:05, 23.45, 47.94
2020-10-28, 12:06:07, 23.44, 47.97
2020-10-28, 12:06:08, 23.44, 47.97
2020-10-28, 12:06:09, 23.45, 47.97
2020-10-28, 12:06:11, 23.46, 47.97
2020-10-28, 12:06:12, 23.46, 47.94
2020-10-28, 12:06:13, 23.46, 47.97
2020-10-28, 12:06:15, 23.47, 47.97
2020-10-28, 12:06:16, 23.46, 47.97
2020-10-28, 12:06:17, 23.45, 47.97
2020-10-28, 12:06:19, 23.45, 47.94
2020-10-28, 12:06:20, 23.45, 47.94
2020-10-28, 12:06:21, 23.46, 47.97
2020-10-28, 12:06:23, 23.46, 47.97
2020-10-28, 12:06:24, 23.46, 47.94
2020-10-28, 12:06:26, 23.45, 47.97
2020-10-28, 12:06:27, 23.45, 48.0
2020-10-28, 12:06:28, 23.45, 48.0
2020-10-28, 12:06:30, 23.46, 47.97
2020-10-28, 12:06:31, 23.46, 48.0
2020-10-28, 12:06:32, 23.47, 48.0
2020-10-28, 12:06:34, 23.47, 47.97
2020-10-28, 12:06:35, 23.48, 47.97
2020-10-28, 12:06:37, 23.46, 47.97
2020-10-28, 12:06:38, 23.47, 47.97
2020-10-28, 12:06:39, 23.46, 47.97
2020-10-28, 12:06:41, 23.48, 47.97
2020-10-28, 12:06:42, 23.48, 47.94
2020-10-28, 12:06:43, 23.48, 47.97
2020-10-28, 12:06:45, 23.48, 47.97
2020-10-28, 12:06:46, 23.49, 47.94
2020-10-28, 12:06:47, 23.48, 47.94
2020-10-28, 12:06:49, 23.48, 47.94
2020-10-28, 12:06:50, 23.48, 47.94
2020-10-28, 12:06:52, 23.48, 47.94
2020-10-28, 12:06:53, 23.48, 47.94
2020-10-28, 12:06:54, 23.48, 47.94
2020-10-28, 12:06:56, 23.49, 47.94
2020-10-28, 12:06:57, 23.49, 47.94
2020-10-28, 12:06:58, 23.48, 47.94
2020-10-28, 12:07:00, 23.48, 47.94
2020-10-28, 12:07:01, 23.49, 47.94
2020-10-28, 12:07:02, 23.48, 47.94
2020-10-28, 12:07:04, 23.48, 47.94
2020-10-28, 12:07:05, 23.48, 47.94
2020-10-28, 12:07:06, 23.45, 47.97
2020-10-28, 12:07:08, 23.48, 47.97
2020-10-28, 12:07:09, 23.48, 47.97
2020-10-28, 12:07:11, 23.47, 47.97
2020-10-28, 12:07:12, 23.48, 47.94
2020-10-28, 12:07:13, 23.48, 47.97
2020-10-28, 12:07:15, 23.48, 47.94
2020-10-28, 12:07:16, 23.48, 47.97
2020-10-28, 12:07:17, 23.47, 47.97
2020-10-28, 12:07:19, 23.47, 47.97
2020-10-28, 12:07:20, 23.48, 48.01
2020-10-28, 12:07:21, 23.47, 47.97
2020-10-28, 12:07:23, 23.46, 47.97
2020-10-28, 12:07:24, 23.48, 47.97
2020-10-28, 12:07:25, 23.48, 47.97
2020-10-28, 12:07:27, 23.48, 47.97
2020-10-28, 12:07:28, 23.48, 48.01
2020-10-28, 12:07:30, 23.48, 48.01
2020-10-28, 12:07:31, 23.48, 48.01
2020-10-28, 12:07:32, 23.49, 48.01
2020-10-28, 12:07:34, 23.49, 48.01
2020-10-28, 12:07:35, 23.48, 48.01
2020-10-28, 12:07:36, 23.46, 48.0
2020-10-28, 12:07:38, 23.47, 48.0
2020-10-28, 12:07:39, 23.48, 48.01
2020-10-28, 12:07:40, 23.48, 47.97
2020-10-28, 12:07:42, 23.48, 48.01
2020-10-28, 12:07:43, 23.46, 48.03
2020-10-28, 12:07:45, 23.48, 48.04
2020-10-28, 12:07:46, 23.48, 48.01
2020-10-28, 12:07:47, 23.47, 48.0
2020-10-28, 12:07:49, 23.48, 48.01
2020-10-28, 12:07:50, 23.48, 48.01
2020-10-28, 12:07:52, 23.49, 48.01
2020-10-28, 12:07:53, 23.46, 48.0
2020-10-28, 12:07:54, 23.48, 48.01
2020-10-28, 12:07:56, 23.47, 48.0
2020-10-28, 12:07:57, 23.48, 48.01
2020-10-28, 12:07:58, 23.48, 48.01
2020-10-28, 12:08:00, 23.48, 48.01
2020-10-28, 12:08:01, 23.48, 48.01
2020-10-28, 12:08:02, 23.48, 48.01
2020-10-28, 12:08:04, 23.48, 48.01
2020-10-28, 12:08:05, 23.48, 48.01
2020-10-28, 12:08:06, 23.47, 48.0
2020-10-28, 12:08:08, 23.46, 48.0
2020-10-28, 12:08:09, 23.47, 48.0
2020-10-28, 12:08:11, 23.47, 48.0
2020-10-28, 12:08:12, 23.48, 48.04
2020-10-28, 12:08:13, 23.48, 48.01
2020-10-28, 12:08:15, 23.46, 48.0
2020-10-28, 12:08:16, 23.47, 48.0
2020-10-28, 12:08:17, 23.46, 48.0
2020-10-28, 12:08:19, 23.47, 48.0
2020-10-28, 12:08:20, 23.5, 48.01
2020-10-28, 12:08:21, 23.48, 48.01
2020-10-28, 12:08:23, 23.5, 48.01
2020-10-28, 12:08:24, 23.5, 48.01
2020-10-28, 12:08:25, 23.49, 48.01
2020-10-28, 12:08:27, 23.5, 48.01
2020-10-28, 12:08:28, 23.5, 47.98
2020-10-28, 12:08:30, 23.49, 47.97
2020-10-28, 12:08:31, 23.5, 48.01
2020-10-28, 12:08:32, 23.5, 47.98
2020-10-28, 12:08:34, 23.5, 47.98
2020-10-28, 12:08:37, 23.23, 48.1
2020-10-28, 12:08:38, 23.4, 48.19
2020-10-28, 12:08:40, 23.44, 48.19
2020-10-28, 12:08:41, 23.46, 48.19
2020-10-28, 12:08:42, 23.46, 48.13
2020-10-28, 12:08:44, 23.48, 48.13
2020-10-28, 12:08:45, 23.48, 48.1
2020-10-28, 12:08:46, 23.48, 48.07
2020-10-28, 12:08:48, 23.47, 48.07
2020-10-28, 12:08:49, 23.47, 48.07
2020-10-28, 12:08:50, 23.48, 48.07
2020-10-28, 12:08:52, 23.47, 48.07
2020-10-28, 12:08:53, 23.48, 48.07
2020-10-28, 12:08:55, 23.49, 48.04
2020-10-28, 12:08:56, 23.48, 48.04
2020-10-28, 12:08:57, 23.48, 48.04
2020-10-28, 12:08:59, 23.48, 48.01
2020-10-28, 12:09:00, 23.5, 48.01
2020-10-28, 12:09:01, 23.49, 48.01
2020-10-28, 12:09:03, 23.5, 48.01
2020-10-28, 12:09:04, 23.5, 48.01
2020-10-28, 12:09:05, 23.51, 48.01
2020-10-28, 12:09:07, 23.5, 48.01
2020-10-28, 12:09:08, 23.52, 47.98
2020-10-28, 12:09:09, 23.52, 47.98
2020-10-28, 12:09:11, 23.52, 48.01
2020-10-28, 12:09:12, 23.52, 47.95
2020-10-28, 12:09:14, 23.5, 47.94
2020-10-28, 12:09:15, 23.5, 47.94
2020-10-28, 12:09:16, 23.5, 47.98
2020-10-28, 12:09:18, 23.52, 47.95
2020-10-28, 12:09:19, 23.52, 47.98
2020-10-28, 12:09:20, 23.52, 47.95
2020-10-28, 12:09:22, 23.52, 47.95
2020-10-28, 12:09:23, 23.53, 47.95
2020-10-28, 12:09:24, 23.52, 47.95
2020-10-28, 12:09:26, 23.54, 47.95
2020-10-28, 12:09:27, 23.52, 47.95
2020-10-28, 12:09:28, 23.53, 47.95
2020-10-28, 12:09:30, 23.52, 47.95
2020-10-28, 12:09:31, 23.53, 47.95
2020-10-28, 12:09:33, 23.53, 47.95
2020-10-28, 12:09:34, 23.53, 47.95
2020-10-28, 12:09:35, 23.54, 47.95
2020-10-28, 12:09:37, 23.53, 47.95
2020-10-28, 12:09:38, 23.53, 47.95
2020-10-28, 12:09:39, 23.52, 47.95
2020-10-28, 12:09:41, 23.53, 47.92
2020-10-28, 12:09:42, 23.52, 47.95
2020-10-28, 12:09:43, 23.53, 47.95
2020-10-28, 12:09:45, 23.52, 47.91
2020-10-28, 12:09:46, 23.53, 47.95
2020-10-28, 12:09:47, 23.53, 47.92
2020-10-28, 12:09:49, 23.54, 47.95
2020-10-28, 12:09:50, 23.51, 47.91
2020-10-28, 12:09:51, 23.54, 47.92
2020-10-28, 12:09:53, 23.52, 47.91
2020-10-28, 12:09:54, 23.52, 47.88
2020-10-28, 12:09:56, 23.54, 47.92
2020-10-28, 12:09:57, 23.52, 47.91
2020-10-28, 12:09:58, 23.54, 47.92
2020-10-28, 12:10:00, 23.53, 47.92
2020-10-28, 12:10:01, 23.53, 47.88
2020-10-28, 12:10:02, 23.53, 47.88
2020-10-28, 12:10:04, 23.54, 47.92
2020-10-28, 12:10:05, 23.54, 47.92
2020-10-28, 12:10:06, 23.54, 47.89
2020-10-28, 12:10:08, 23.53, 47.88
2020-10-28, 12:10:09, 23.54, 47.89
2020-10-28, 12:10:10, 23.54, 47.89
2020-10-28, 12:10:12, 23.53, 47.92
2020-10-28, 12:10:13, 23.54, 47.89
2020-10-28, 12:10:14, 23.53, 47.88
2020-10-28, 12:10:16, 23.55, 47.89
2020-10-28, 12:10:17, 23.53, 47.88
2020-10-28, 12:10:19, 23.54, 47.89
2020-10-28, 12:10:20, 23.54, 47.89
2020-10-28, 12:10:21, 23.54, 47.89
2020-10-28, 12:10:23, 23.54, 47.89
2020-10-28, 12:10:24, 23.54, 47.89
2020-10-28, 12:10:25, 23.54, 47.89
2020-10-28, 12:10:27, 23.54, 47.89
2020-10-28, 12:10:28, 23.54, 47.89
2020-10-28, 12:10:29, 23.53, 47.88
2020-10-28, 12:10:31, 23.54, 47.89
2020-10-28, 12:10:32, 23.55, 47.89
2020-10-28, 12:10:33, 23.55, 47.89
2020-10-28, 12:10:35, 23.55, 47.89
2020-10-28, 12:10:36, 23.56, 47.89
2020-10-28, 12:10:37, 23.54, 47.89
2020-10-28, 12:10:39, 23.56, 47.89
2020-10-28, 12:10:40, 23.56, 47.89
2020-10-28, 12:10:42, 23.55, 47.85
2020-10-28, 12:10:43, 23.55, 47.89
2020-10-28, 12:10:44, 23.54, 47.85
2020-10-28, 12:10:46, 23.56, 47.86
2020-10-28, 12:10:47, 23.55, 47.85
2020-10-28, 12:10:48, 23.56, 47.86
2020-10-28, 12:10:50, 23.54, 47.85
2020-10-28, 12:10:51, 23.54, 47.89
2020-10-28, 12:10:52, 23.56, 47.86
2020-10-28, 12:10:54, 23.53, 47.85
2020-10-28, 12:10:55, 23.56, 47.86
2020-10-28, 12:10:56, 23.55, 47.85
2020-10-28, 12:10:58, 23.54, 47.85
2020-10-28, 12:10:59, 23.54, 47.82
2020-10-28, 12:11:01, 23.56, 47.86
2020-10-28, 12:11:02, 23.54, 47.85
2020-10-28, 12:11:03, 23.54, 47.85
2020-10-28, 12:11:05, 23.55, 47.85
2020-10-28, 12:11:06, 23.56, 47.86
2020-10-28, 12:11:07, 23.54, 47.85
2020-10-28, 12:11:09, 23.54, 47.85
2020-10-28, 12:11:10, 23.56, 47.86
2020-10-28, 12:11:11, 23.55, 47.85
2020-10-28, 12:11:13, 23.55, 47.85
2020-10-28, 12:11:14, 23.54, 47.85
2020-10-28, 12:11:15, 23.56, 47.82
2020-10-28, 12:11:17, 23.56, 47.86
2020-10-28, 12:11:18, 23.55, 47.82
2020-10-28, 12:11:19, 23.55, 47.82
2020-10-28, 12:11:21, 23.56, 47.82
2020-10-28, 12:11:22, 23.54, 47.82
2020-10-28, 12:11:24, 23.54, 47.82
2020-10-28, 12:11:25, 23.55, 47.82
2020-10-28, 12:11:26, 23.55, 47.82
2020-10-28, 12:11:28, 23.55, 47.82
2020-10-28, 12:11:29, 23.55, 47.82
2020-10-28, 12:11:30, 23.54, 47.82
2020-10-28, 12:11:32, 23.54, 47.82
2020-10-28, 12:11:33, 23.53, 47.85
2020-10-28, 12:11:34, 23.55, 47.85
2020-10-28, 12:11:36, 23.55, 47.85
2020-10-28, 12:11:37, 23.56, 47.86
2020-10-28, 12:11:39, 23.56, 47.86
2020-10-28, 12:11:40, 23.55, 47.82
2020-10-28, 12:11:41, 23.56, 47.86
2020-10-28, 12:11:43, 23.55, 47.82
2020-10-28, 12:11:44, 23.55, 47.85
2020-10-28, 12:11:45, 23.54, 47.82
2020-10-28, 12:11:47, 23.54, 47.82
2020-10-28, 12:11:48, 23.54, 47.82
2020-10-28, 12:11:49, 23.55, 47.82
2020-10-28, 12:11:51, 23.56, 47.82
2020-10-28, 12:11:52, 23.56, 47.82
2020-10-28, 12:11:53, 23.55, 47.82
2020-10-28, 12:11:55, 23.56, 47.82
2020-10-28, 12:11:56, 23.56, 47.82
2020-10-28, 12:11:57, 23.56, 47.82
2020-10-28, 12:11:59, 23.55, 47.82
2020-10-28, 12:12:00, 23.54, 47.79
2020-10-28, 12:12:02, 23.56, 47.82
2020-10-28, 12:12:03, 23.55, 47.82
2020-10-28, 12:12:04, 23.56, 47.79
2020-10-28, 12:12:06, 23.55, 47.79
2020-10-28, 12:12:07, 23.56, 47.79
2020-10-28, 12:12:08, 23.56, 47.76
2020-10-28, 12:12:10, 23.58, 47.79
2020-10-28, 12:12:11, 23.56, 47.79
2020-10-28, 12:12:12, 23.56, 47.79
2020-10-28, 12:12:14, 23.57, 47.79
2020-10-28, 12:12:15, 23.56, 47.79
2020-10-28, 12:12:16, 23.57, 47.76
2020-10-28, 12:12:18, 23.58, 47.79
2020-10-28, 12:12:19, 23.56, 47.79
2020-10-28, 12:12:21, 23.56, 47.79
2020-10-28, 12:12:22, 23.56, 47.76
2020-10-28, 12:12:23, 23.56, 47.76
2020-10-28, 12:12:25, 23.56, 47.76
2020-10-28, 12:12:26, 23.57, 47.76
2020-10-28, 12:12:27, 23.56, 47.76
2020-10-28, 12:12:29, 23.56, 47.76
2020-10-28, 12:12:30, 23.56, 47.76
2020-10-28, 12:12:31, 23.57, 47.76
2020-10-28, 12:12:33, 23.56, 47.76
2020-10-28, 12:12:34, 23.56, 47.76
2020-10-28, 12:12:35, 23.56, 47.76
2020-10-28, 12:12:37, 23.56, 47.76
2020-10-28, 12:12:38, 23.56, 47.76
2020-10-28, 12:12:39, 23.56, 47.76
2020-10-28, 12:12:41, 23.56, 47.76
2020-10-28, 12:12:42, 23.56, 47.76
2020-10-28, 12:12:44, 23.58, 47.76
2020-10-28, 12:12:45, 23.57, 47.76
2020-10-28, 12:12:46, 23.57, 47.76
2020-10-28, 12:12:48, 23.57, 47.76
2020-10-28, 12:12:49, 23.56, 47.76
2020-10-28, 12:12:50, 23.56, 47.76
2020-10-28, 12:12:52, 23.58, 47.76
2020-10-28, 12:12:53, 23.58, 47.76
2020-10-28, 12:12:54, 23.58, 47.76
2020-10-28, 12:12:56, 23.57, 47.73
2020-10-28, 12:12:57, 23.58, 47.73
2020-10-28, 12:12:58, 23.58, 47.73
2020-10-28, 12:13:00, 23.59, 47.73
2020-10-28, 12:13:01, 23.58, 47.73
2020-10-28, 12:13:03, 23.58, 47.73
2020-10-28, 12:13:04, 23.57, 47.7
2020-10-28, 12:13:05, 23.58, 47.7
2020-10-28, 12:13:07, 23.58, 47.73
2020-10-28, 12:13:08, 23.56, 47.73
2020-10-28, 12:13:09, 23.56, 47.7
2020-10-28, 12:13:11, 23.56, 47.73
2020-10-28, 12:13:12, 23.57, 47.73
2020-10-28, 12:13:13, 23.57, 47.73
2020-10-28, 12:13:15, 23.57, 47.73
2020-10-28, 12:13:16, 23.58, 47.73
2020-10-28, 12:13:17, 23.56, 47.73
2020-10-28, 12:13:19, 23.57, 47.73
2020-10-28, 12:13:20, 23.58, 47.73
2020-10-28, 12:13:22, 23.55, 47.76
2020-10-28, 12:13:23, 23.56, 47.76
2020-10-28, 12:13:24, 23.57, 47.73
2020-10-28, 12:13:26, 23.56, 47.76
2020-10-28, 12:13:27, 23.57, 47.73
2020-10-28, 12:13:28, 23.57, 47.73
2020-10-28, 12:13:30, 23.57, 47.73
2020-10-28, 12:13:31, 23.56, 47.73
2020-10-28, 12:13:32, 23.57, 47.73
2020-10-28, 12:13:34, 23.56, 47.73
2020-10-28, 12:13:35, 23.57, 47.7
2020-10-28, 12:13:36, 23.57, 47.7
2020-10-28, 12:13:38, 23.57, 47.73
2020-10-28, 12:13:39, 23.57, 47.7
2020-10-28, 12:13:41, 23.58, 47.73
2020-10-28, 12:13:42, 23.58, 47.73
2020-10-28, 12:13:43, 23.57, 47.7
2020-10-28, 12:13:45, 23.57, 47.73
2020-10-28, 12:13:46, 23.56, 47.7
2020-10-28, 12:13:47, 23.56, 47.7
2020-10-28, 12:13:49, 23.57, 47.7
2020-10-28, 12:13:50, 23.56, 47.7
2020-10-28, 12:13:51, 23.56, 47.7
2020-10-28, 12:13:53, 23.56, 47.7
2020-10-28, 12:13:54, 23.56, 47.73
2020-10-28, 12:13:55, 23.56, 47.7
2020-10-28, 12:13:57, 23.56, 47.73
2020-10-28, 12:13:58, 23.55, 47.73
2020-10-28, 12:13:59, 23.57, 47.73
2020-10-28, 12:14:01, 23.56, 47.7
2020-10-28, 12:14:02, 23.56, 47.73
2020-10-28, 12:14:04, 23.56, 47.73
2020-10-28, 12:14:05, 23.56, 47.7
2020-10-28, 12:14:06, 23.56, 47.73
2020-10-28, 12:14:08, 23.57, 47.7
2020-10-28, 12:14:09, 23.58, 47.73
2020-10-28, 12:14:10, 23.58, 47.73
2020-10-28, 12:14:12, 23.56, 47.73
2020-10-28, 12:14:13, 23.56, 47.73
2020-10-28, 12:14:14, 23.56, 47.7
2020-10-28, 12:14:16, 23.56, 47.7
2020-10-28, 12:14:17, 23.56, 47.7
2020-10-28, 12:14:18, 23.56, 47.7
2020-10-28, 12:14:20, 23.54, 47.69
2020-10-28, 12:14:21, 23.56, 47.7
2020-10-28, 12:14:23, 23.54, 47.69
2020-10-28, 12:14:24, 23.56, 47.73
2020-10-28, 12:14:25, 23.55, 47.73
2020-10-28, 12:14:27, 23.54, 47.73
2020-10-28, 12:14:28, 23.56, 47.73
2020-10-28, 12:14:29, 23.56, 47.73
2020-10-28, 12:14:31, 23.55, 47.73
2020-10-28, 12:14:32, 23.55, 47.73
2020-10-28, 12:14:33, 23.54, 47.73
2020-10-28, 12:14:35, 23.54, 47.73
2020-10-28, 12:14:36, 23.52, 47.69
2020-10-28, 12:14:37, 23.51, 47.75
2020-10-28, 12:14:39, 23.52, 47.75
2020-10-28, 12:14:40, 23.54, 47.76
2020-10-28, 12:14:41, 23.53, 47.76
2020-10-28, 12:14:43, 23.52, 47.75
2020-10-28, 12:14:44, 23.52, 47.75
2020-10-28, 12:14:46, 23.53, 47.76
2020-10-28, 12:14:47, 23.53, 47.76
2020-10-28, 12:14:48, 23.53, 47.76
2020-10-28, 12:14:50, 23.52, 47.79
2020-10-28, 12:14:51, 23.52, 47.75
2020-10-28, 12:14:52, 23.53, 47.79
2020-10-28, 12:14:54, 23.53, 47.79
2020-10-28, 12:14:55, 23.5, 47.78
2020-10-28, 12:14:56, 23.52, 47.75
2020-10-28, 12:14:58, 23.53, 47.79
2020-10-28, 12:14:59, 23.51, 47.79
2020-10-28, 12:15:00, 23.54, 47.79
2020-10-28, 12:15:02, 23.54, 47.79
2020-10-28, 12:15:03, 23.52, 47.79
2020-10-28, 12:15:05, 23.54, 47.76
2020-10-28, 12:15:06, 23.52, 47.75
2020-10-28, 12:15:07, 23.52, 47.75
2020-10-28, 12:15:09, 23.52, 47.79
2020-10-28, 12:15:10, 23.53, 47.76
2020-10-28, 12:15:11, 23.54, 47.79
2020-10-28, 12:15:13, 23.53, 47.82
2020-10-28, 12:15:14, 23.54, 47.79
2020-10-28, 12:15:15, 23.53, 47.79
2020-10-28, 12:15:17, 23.55, 47.79
2020-10-28, 12:15:18, 23.54, 47.79
2020-10-28, 12:15:19, 23.54, 47.79
2020-10-28, 12:15:21, 23.52, 47.79
2020-10-28, 12:15:22, 23.52, 47.79
2020-10-28, 12:15:24, 23.52, 47.79
2020-10-28, 12:15:25, 23.53, 47.82
2020-10-28, 12:15:26, 23.52, 47.79
2020-10-28, 12:15:28, 23.52, 47.82
2020-10-28, 12:15:29, 23.52, 47.82
2020-10-28, 12:15:30, 23.52, 47.82
2020-10-28, 12:15:32, 23.52, 47.82
2020-10-28, 12:15:33, 23.51, 47.82
2020-10-28, 12:15:34, 23.53, 47.82
2020-10-28, 12:15:36, 23.52, 47.82
2020-10-28, 12:15:37, 23.53, 47.82
2020-10-28, 12:15:38, 23.52, 47.82
2020-10-28, 12:15:40, 23.52, 47.82
2020-10-28, 12:15:41, 23.51, 47.82
2020-10-28, 12:15:43, 23.52, 47.82
2020-10-28, 12:15:44, 23.52, 47.82
2020-10-28, 12:15:45, 23.5, 47.82
2020-10-28, 12:15:47, 23.52, 47.82
2020-10-28, 12:15:48, 23.51, 47.82
2020-10-28, 12:15:49, 23.52, 47.82
2020-10-28, 12:15:51, 23.52, 47.82
2020-10-28, 12:15:52, 23.51, 47.82
2020-10-28, 12:15:53, 23.51, 47.82
2020-10-28, 12:15:55, 23.5, 47.82
2020-10-28, 12:15:56, 23.52, 47.82
2020-10-28, 12:15:57, 23.52, 47.85
2020-10-28, 12:15:59, 23.52, 47.82
2020-10-28, 12:16:00, 23.51, 47.82
2020-10-28, 12:16:02, 23.5, 47.85
2020-10-28, 12:16:03, 23.51, 47.85
2020-10-28, 12:16:04, 23.5, 47.88
2020-10-28, 12:16:06, 23.49, 47.85
2020-10-28, 12:16:07, 23.5, 47.88
2020-10-28, 12:16:08, 23.51, 47.88
2020-10-28, 12:16:10, 23.49, 47.88
2020-10-28, 12:16:11, 23.49, 47.88
2020-10-28, 12:16:12, 23.49, 47.91
2020-10-28, 12:16:14, 23.47, 47.88
2020-10-28, 12:16:15, 23.48, 47.91
2020-10-28, 12:16:16, 23.46, 47.94
2020-10-28, 12:16:18, 23.48, 47.94
2020-10-28, 12:16:19, 23.49, 47.94
2020-10-28, 12:16:21, 23.48, 47.94
2020-10-28, 12:16:22, 23.47, 47.94
2020-10-28, 12:16:23, 23.47, 47.94
2020-10-28, 12:16:25, 23.46, 47.94
2020-10-28, 12:16:26, 23.48, 47.91
2020-10-28, 12:16:27, 23.48, 47.91
2020-10-28, 12:16:29, 23.49, 47.94
2020-10-28, 12:16:30, 23.48, 47.94
2020-10-28, 12:16:31, 23.48, 47.91
2020-10-28, 12:16:33, 23.48, 47.94
2020-10-28, 12:16:34, 23.48, 47.94
2020-10-28, 12:16:35, 23.48, 47.94
2020-10-28, 12:16:37, 23.49, 47.94
2020-10-28, 12:16:38, 23.49, 47.94
2020-10-28, 12:16:40, 23.49, 47.94
2020-10-28, 12:16:41, 23.49, 47.94
2020-10-28, 12:16:42, 23.47, 47.94
2020-10-28, 12:16:44, 23.47, 47.91
2020-10-28, 12:16:45, 23.48, 47.94
2020-10-28, 12:16:46, 23.49, 47.94
2020-10-28, 12:16:48, 23.48, 47.97
2020-10-28, 12:16:49, 23.46, 47.94
2020-10-28, 12:16:50, 23.48, 47.97
2020-10-28, 12:16:52, 23.48, 47.97
2020-10-28, 12:16:53, 23.5, 47.98
2020-10-28, 12:16:54, 23.49, 47.94
2020-10-28, 12:16:56, 23.49, 47.94
2020-10-28, 12:16:57, 23.49, 47.94
2020-10-28, 12:16:59, 23.48, 47.94
2020-10-28, 12:17:00, 23.48, 47.97
2020-10-28, 12:17:01, 23.48, 47.97
2020-10-28, 12:17:03, 23.48, 47.97
2020-10-28, 12:17:04, 23.5, 48.01
2020-10-28, 12:17:05, 23.47, 48.0
2020-10-28, 12:17:07, 23.48, 48.01
2020-10-28, 12:17:08, 23.48, 48.01
2020-10-28, 12:17:09, 23.48, 48.01
2020-10-28, 12:17:11, 23.48, 48.01
2020-10-28, 12:17:12, 23.46, 48.0
2020-10-28, 12:17:14, 23.46, 48.0
2020-10-28, 12:17:15, 23.46, 48.0
2020-10-28, 12:17:16, 23.48, 48.04
2020-10-28, 12:17:18, 23.48, 48.01
2020-10-28, 12:17:19, 23.46, 48.0
2020-10-28, 12:17:20, 23.47, 48.0
2020-10-28, 12:17:22, 23.46, 48.03
2020-10-28, 12:17:23, 23.46, 48.0
2020-10-28, 12:17:24, 23.47, 48.04
2020-10-28, 12:17:26, 23.48, 48.04
2020-10-28, 12:17:27, 23.46, 48.03
2020-10-28, 12:17:28, 23.46, 48.03
2020-10-28, 12:17:30, 23.46, 48.03
2020-10-28, 12:17:31, 23.47, 48.07
2020-10-28, 12:17:33, 23.47, 48.04
2020-10-28, 12:17:34, 23.47, 48.07
2020-10-28, 12:17:35, 23.45, 48.07
2020-10-28, 12:17:37, 23.47, 48.07
2020-10-28, 12:17:38, 23.45, 48.07
2020-10-28, 12:17:39, 23.46, 48.1
2020-10-28, 12:17:41, 23.45, 48.1
2020-10-28, 12:17:42, 23.45, 48.07
2020-10-28, 12:17:43, 23.45, 48.1
2020-10-28, 12:17:45, 23.44, 48.13
2020-10-28, 12:17:46, 23.44, 48.13
2020-10-28, 12:17:47, 23.45, 48.13
2020-10-28, 12:17:49, 23.44, 48.13
2020-10-28, 12:17:50, 23.44, 48.13
2020-10-28, 12:17:52, 23.44, 48.13
2020-10-28, 12:17:53, 23.43, 48.13
2020-10-28, 12:17:54, 23.42, 48.13
2020-10-28, 12:17:56, 23.44, 48.13
2020-10-28, 12:17:57, 23.46, 48.13
2020-10-28, 12:17:58, 23.45, 48.13
2020-10-28, 12:18:00, 23.45, 48.13
2020-10-28, 12:18:01, 23.44, 48.1
2020-10-28, 12:18:02, 23.46, 48.13
2020-10-28, 12:18:04, 23.45, 48.13
2020-10-28, 12:18:05, 23.44, 48.1
2020-10-28, 12:18:06, 23.46, 48.1
2020-10-28, 12:18:08, 23.43, 48.13
2020-10-28, 12:18:09, 23.44, 48.1
2020-10-28, 12:18:11, 23.42, 48.13
2020-10-28, 12:18:12, 23.42, 48.13
2020-10-28, 12:18:13, 23.42, 48.16
2020-10-28, 12:18:15, 23.42, 48.16
2020-10-28, 12:18:16, 23.42, 48.16
2020-10-28, 12:18:17, 23.43, 48.19
2020-10-28, 12:18:19, 23.42, 48.16
2020-10-28, 12:18:20, 23.42, 48.19
2020-10-28, 12:18:21, 23.41, 48.19
2020-10-28, 12:18:23, 23.42, 48.19
2020-10-28, 12:18:24, 23.41, 48.19
2020-10-28, 12:18:25, 23.42, 48.19
2020-10-28, 12:18:27, 23.42, 48.19
2020-10-28, 12:18:28, 23.42, 48.19
2020-10-28, 12:18:30, 23.4, 48.19
2020-10-28, 12:18:31, 23.4, 48.19
2020-10-28, 12:18:32, 23.42, 48.19
2020-10-28, 12:18:34, 23.42, 48.22
2020-10-28, 12:18:35, 23.41, 48.19
2020-10-28, 12:18:36, 23.42, 48.19
2020-10-28, 12:18:38, 23.42, 48.22
2020-10-28, 12:18:39, 23.41, 48.25
2020-10-28, 12:18:40, 23.42, 48.22
2020-10-28, 12:18:42, 23.41, 48.22
2020-10-28, 12:18:43, 23.42, 48.22
2020-10-28, 12:18:44, 23.4, 48.25
2020-10-28, 12:18:46, 23.4, 48.25
2020-10-28, 12:18:47, 23.4, 48.25
2020-10-28, 12:18:49, 23.41, 48.25
2020-10-28, 12:18:50, 23.4, 48.28
2020-10-28, 12:18:51, 23.4, 48.28
2020-10-28, 12:18:53, 23.41, 48.28
2020-10-28, 12:18:54, 23.41, 48.25
2020-10-28, 12:18:55, 23.4, 48.28
2020-10-28, 12:18:57, 23.41, 48.25
2020-10-28, 12:18:58, 23.4, 48.25
2020-10-28, 12:18:59, 23.4, 48.28
2020-10-28, 12:19:01, 23.4, 48.28
2020-10-28, 12:19:02, 23.42, 48.25
2020-10-28, 12:19:03, 23.42, 48.28
2020-10-28, 12:19:05, 23.4, 48.25
2020-10-28, 12:19:06, 23.41, 48.25
2020-10-28, 12:19:08, 23.42, 48.25
2020-10-28, 12:19:09, 23.41, 48.28
2020-10-28, 12:19:10, 23.4, 48.28
2020-10-28, 12:19:12, 23.39, 48.31
2020-10-28, 12:19:13, 23.41, 48.32
2020-10-28, 12:19:14, 23.41, 48.32
2020-10-28, 12:19:16, 23.4, 48.31
2020-10-28, 12:19:17, 23.4, 48.31
2020-10-28, 12:19:18, 23.38, 48.31
2020-10-28, 12:19:20, 23.4, 48.35
2020-10-28, 12:19:21, 23.4, 48.31
2020-10-28, 12:19:22, 23.39, 48.34
2020-10-28, 12:19:24, 23.4, 48.31
2020-10-28, 12:19:25, 23.4, 48.35
2020-10-28, 12:19:27, 23.39, 48.34
2020-10-28, 12:19:28, 23.4, 48.31
2020-10-28, 12:19:29, 23.4, 48.35
2020-10-28, 12:19:31, 23.4, 48.31
2020-10-28, 12:19:32, 23.39, 48.34
2020-10-28, 12:19:33, 23.4, 48.31
2020-10-28, 12:19:35, 23.38, 48.34
2020-10-28, 12:19:36, 23.39, 48.34
2020-10-28, 12:19:37, 23.38, 48.34
2020-10-28, 12:19:39, 23.39, 48.34
2020-10-28, 12:19:40, 23.39, 48.38
2020-10-28, 12:19:41, 23.4, 48.35
2020-10-28, 12:19:43, 23.4, 48.38
2020-10-28, 12:19:44, 23.4, 48.35
2020-10-28, 12:19:45, 23.39, 48.38
2020-10-28, 12:19:47, 23.39, 48.34
2020-10-28, 12:19:48, 23.39, 48.34
2020-10-28, 12:19:50, 23.39, 48.38
2020-10-28, 12:19:51, 23.4, 48.38
2020-10-28, 12:19:52, 23.37, 48.37
2020-10-28, 12:19:54, 23.38, 48.38
2020-10-28, 12:19:55, 23.38, 48.38
2020-10-28, 12:19:56, 23.38, 48.41
2020-10-28, 12:19:58, 23.38, 48.41
2020-10-28, 12:19:59, 23.38, 48.41
2020-10-28, 12:20:00, 23.38, 48.41
2020-10-28, 12:20:02, 23.38, 48.41
2020-10-28, 12:20:03, 23.36, 48.44
2020-10-28, 12:20:04, 23.38, 48.44
2020-10-28, 12:20:06, 23.38, 48.41
2020-10-28, 12:20:07, 23.37, 48.44
2020-10-28, 12:20:09, 23.37, 48.44
2020-10-28, 12:20:10, 23.37, 48.41
2020-10-28, 12:20:11, 23.38, 48.44
2020-10-28, 12:20:13, 23.38, 48.41
2020-10-28, 12:20:14, 23.38, 48.41
2020-10-28, 12:20:15, 23.39, 48.41
2020-10-28, 12:20:17, 23.38, 48.41
2020-10-28, 12:20:18, 23.39, 48.44
2020-10-28, 12:20:19, 23.39, 48.41
2020-10-28, 12:20:21, 23.39, 48.44
2020-10-28, 12:20:22, 23.39, 48.44
2020-10-28, 12:20:23, 23.4, 48.41
2020-10-28, 12:20:25, 23.39, 48.41
2020-10-28, 12:20:26, 23.39, 48.41
2020-10-28, 12:20:28, 23.39, 48.41
2020-10-28, 12:20:29, 23.37, 48.41
2020-10-28, 12:20:30, 23.37, 48.41
2020-10-28, 12:20:32, 23.37, 48.41
2020-10-28, 12:20:33, 23.38, 48.44
2020-10-28, 12:20:34, 23.38, 48.44
2020-10-28, 12:20:36, 23.39, 48.44
2020-10-28, 12:20:37, 23.39, 48.41
2020-10-28, 12:20:38, 23.38, 48.44
2020-10-28, 12:20:40, 23.38, 48.41
2020-10-28, 12:20:41, 23.38, 48.44
2020-10-28, 12:20:42, 23.38, 48.44
2020-10-28, 12:20:44, 23.38, 48.44
2020-10-28, 12:20:45, 23.38, 48.44
2020-10-28, 12:20:47, 23.37, 48.44
2020-10-28, 12:20:48, 23.39, 48.44
2020-10-28, 12:20:49, 23.39, 48.44
2020-10-28, 12:20:51, 23.38, 48.44
2020-10-28, 12:20:52, 23.38, 48.47
2020-10-28, 12:20:53, 23.36, 48.47
2020-10-28, 12:20:55, 23.38, 48.5
2020-10-28, 12:20:56, 23.35, 48.47
2020-10-28, 12:20:57, 23.36, 48.47
2020-10-28, 12:20:59, 23.36, 48.5
2020-10-28, 12:21:00, 23.37, 48.5
2020-10-28, 12:21:02, 23.36, 48.47
2020-10-28, 12:21:03, 23.35, 48.5
2020-10-28, 12:21:04, 23.35, 48.5
2020-10-28, 12:21:06, 23.36, 48.47
2020-10-28, 12:21:07, 23.36, 48.47
2020-10-28, 12:21:08, 23.36, 48.5
2020-10-28, 12:21:10, 23.37, 48.5
2020-10-28, 12:21:11, 23.36, 48.5
2020-10-28, 12:21:12, 23.36, 48.47
2020-10-28, 12:21:14, 23.38, 48.5
2020-10-28, 12:21:15, 23.36, 48.5
2020-10-28, 12:21:16, 23.36, 48.5
2020-10-28, 12:21:18, 23.35, 48.5
2020-10-28, 12:21:19, 23.36, 48.5
2020-10-28, 12:21:21, 23.35, 48.53
2020-10-28, 12:21:22, 23.35, 48.53
2020-10-28, 12:21:23, 23.36, 48.53
2020-10-28, 12:21:25, 23.36, 48.56
2020-10-28, 12:21:26, 23.36, 48.53
2020-10-28, 12:21:27, 23.35, 48.56
2020-10-28, 12:21:29, 23.36, 48.53
2020-10-28, 12:21:30, 23.36, 48.53
2020-10-28, 12:21:31, 23.35, 48.53
2020-10-28, 12:21:33, 23.35, 48.56
2020-10-28, 12:21:34, 23.36, 48.56
2020-10-28, 12:21:35, 23.36, 48.56
2020-10-28, 12:21:37, 23.36, 48.56
2020-10-28, 12:21:38, 23.36, 48.56
2020-10-28, 12:21:39, 23.35, 48.56
2020-10-28, 12:21:41, 23.34, 48.59
2020-10-28, 12:21:42, 23.35, 48.59
2020-10-28, 12:21:44, 23.35, 48.59
2020-10-28, 12:21:45, 23.34, 48.59
2020-10-28, 12:21:46, 23.34, 48.62
2020-10-28, 12:21:48, 23.34, 48.62
2020-10-28, 12:21:49, 23.32, 48.62
2020-10-28, 12:21:50, 23.34, 48.62
2020-10-28, 12:21:52, 23.34, 48.62
2020-10-28, 12:21:53, 23.33, 48.66
2020-10-28, 12:21:54, 23.34, 48.62
2020-10-28, 12:21:56, 23.33, 48.66
2020-10-28, 12:21:57, 23.34, 48.62
2020-10-28, 12:21:58, 23.33, 48.62
2020-10-28, 12:22:00, 23.34, 48.59
2020-10-28, 12:22:01, 23.33, 48.59
2020-10-28, 12:22:03, 23.34, 48.59
2020-10-28, 12:22:04, 23.34, 48.62
2020-10-28, 12:22:05, 23.32, 48.62
2020-10-28, 12:22:07, 23.34, 48.62
2020-10-28, 12:22:08, 23.33, 48.62
2020-10-28, 12:22:09, 23.34, 48.62
2020-10-28, 12:22:11, 23.34, 48.62
2020-10-28, 12:22:12, 23.34, 48.62
2020-10-28, 12:22:13, 23.34, 48.59
2020-10-28, 12:22:15, 23.34, 48.62
2020-10-28, 12:22:16, 23.33, 48.62
2020-10-28, 12:22:17, 23.34, 48.62
2020-10-28, 12:22:19, 23.33, 48.62
2020-10-28, 12:22:20, 23.34, 48.62
2020-10-28, 12:22:22, 23.33, 48.62
2020-10-28, 12:22:23, 23.34, 48.62
2020-10-28, 12:22:24, 23.35, 48.63
2020-10-28, 12:22:26, 23.34, 48.62
2020-10-28, 12:22:27, 23.35, 48.66
2020-10-28, 12:22:28, 23.33, 48.66
2020-10-28, 12:22:30, 23.32, 48.65
2020-10-28, 12:22:31, 23.33, 48.66
2020-10-28, 12:22:32, 23.31, 48.68
2020-10-28, 12:22:34, 23.32, 48.69
2020-10-28, 12:22:35, 23.31, 48.68
2020-10-28, 12:22:36, 23.32, 48.69
2020-10-28, 12:22:38, 23.33, 48.69
2020-10-28, 12:22:39, 23.32, 48.72
2020-10-28, 12:22:41, 23.33, 48.72
2020-10-28, 12:22:42, 23.33, 48.69
2020-10-28, 12:22:43, 23.3, 48.68
2020-10-28, 12:22:45, 23.34, 48.72
2020-10-28, 12:22:46, 23.34, 48.72
2020-10-28, 12:22:47, 23.33, 48.69
2020-10-28, 12:22:49, 23.33, 48.72
2020-10-28, 12:22:50, 23.34, 48.72
2020-10-28, 12:22:51, 23.34, 48.72
2020-10-28, 12:22:53, 23.33, 48.72
2020-10-28, 12:22:54, 23.33, 48.69
2020-10-28, 12:22:55, 23.34, 48.69
2020-10-28, 12:22:57, 23.34, 48.72
2020-10-28, 12:22:58, 23.34, 48.72
2020-10-28, 12:23:00, 23.34, 48.69
2020-10-28, 12:23:01, 23.34, 48.69
2020-10-28, 12:23:02, 23.34, 48.69
2020-10-28, 12:23:04, 23.34, 48.69
2020-10-28, 12:23:05, 23.27, 48.71
2020-10-28, 12:23:06, 23.31, 48.75
2020-10-28, 12:23:08, 23.3, 48.75
2020-10-28, 12:23:09, 23.31, 48.78
2020-10-28, 12:23:11, 23.31, 48.78
2020-10-28, 12:23:12, 23.32, 48.78
2020-10-28, 12:23:13, 23.32, 48.81
2020-10-28, 12:23:15, 23.32, 48.78
2020-10-28, 12:23:16, 23.32, 48.78
2020-10-28, 12:23:17, 23.32, 48.78
2020-10-28, 12:23:19, 23.32, 48.78
2020-10-28, 12:23:20, 23.32, 48.78
2020-10-28, 12:23:21, 23.32, 48.78
2020-10-28, 12:23:23, 23.34, 48.78
2020-10-28, 12:23:24, 23.34, 48.82
2020-10-28, 12:23:25, 23.34, 48.78
2020-10-28, 12:23:27, 23.35, 48.79
2020-10-28, 12:23:28, 23.35, 48.79
2020-10-28, 12:23:30, 23.35, 48.79
2020-10-28, 12:23:31, 23.35, 48.82
2020-10-28, 12:23:32, 23.33, 48.81
2020-10-28, 12:23:34, 23.34, 48.78
2020-10-28, 12:23:35, 23.34, 48.78
2020-10-28, 12:23:36, 23.34, 48.75
2020-10-28, 12:23:38, 23.34, 48.75
2020-10-28, 12:23:39, 23.34, 48.75
2020-10-28, 12:23:40, 23.34, 48.75
2020-10-28, 12:23:42, 23.33, 48.75
2020-10-28, 12:23:43, 23.33, 48.75
2020-10-28, 12:23:45, 23.34, 48.75
2020-10-28, 12:23:46, 23.35, 48.75
2020-10-28, 12:23:47, 23.34, 48.75
2020-10-28, 12:23:49, 23.32, 48.75
2020-10-28, 12:23:50, 23.34, 48.75
2020-10-28, 12:23:51, 23.33, 48.75
2020-10-28, 12:23:53, 23.34, 48.75
2020-10-28, 12:23:54, 23.34, 48.75
2020-10-28, 12:23:55, 23.33, 48.75
2020-10-28, 12:23:57, 23.34, 48.75
2020-10-28, 12:23:58, 23.35, 48.75
2020-10-28, 12:23:59, 23.34, 48.75
2020-10-28, 12:24:01, 23.36, 48.75
2020-10-28, 12:24:02, 23.36, 48.75
2020-10-28, 12:24:04, 23.35, 48.75
2020-10-28, 12:24:05, 23.36, 48.75
2020-10-28, 12:24:06, 23.35, 48.75
2020-10-28, 12:24:08, 23.36, 48.75
2020-10-28, 12:24:09, 23.34, 48.75
2020-10-28, 12:24:10, 23.35, 48.75
2020-10-28, 12:24:12, 23.34, 48.72
2020-10-28, 12:24:13, 23.33, 48.75
2020-10-28, 12:24:14, 23.35, 48.72
2020-10-28, 12:24:16, 23.22, 48.74
2020-10-28, 12:24:17, 23.34, 48.75
2020-10-28, 12:24:19, 23.35, 48.79
2020-10-28, 12:24:20, 23.35, 48.75
2020-10-28, 12:24:22, 23.35, 48.79
2020-10-28, 12:24:23, 23.36, 48.79
2020-10-28, 12:24:24, 23.35, 48.75
2020-10-28, 12:24:26, 23.37, 48.76
2020-10-28, 12:24:27, 23.36, 48.75
2020-10-28, 12:24:28, 23.36, 48.75
2020-10-28, 12:24:30, 23.37, 48.72
2020-10-28, 12:24:31, 23.38, 48.73
2020-10-28, 12:24:32, 23.37, 48.69
2020-10-28, 12:24:34, 23.39, 48.73
2020-10-28, 12:24:35, 23.38, 48.73
2020-10-28, 12:24:36, 23.38, 48.69
2020-10-28, 12:24:38, 23.38, 48.69
2020-10-28, 12:24:39, 23.38, 48.69
2020-10-28, 12:24:40, 23.38, 48.69
2020-10-28, 12:24:42, 23.4, 48.7
2020-10-28, 12:24:43, 23.39, 48.7
2020-10-28, 12:24:45, 23.36, 48.69
2020-10-28, 12:24:46, 23.38, 48.69
2020-10-28, 12:24:47, 23.38, 48.69
2020-10-28, 12:24:49, 23.36, 48.69
2020-10-28, 12:24:50, 23.37, 48.69
2020-10-28, 12:24:51, 23.36, 48.69
2020-10-28, 12:24:53, 23.38, 48.69
2020-10-28, 12:24:54, 23.35, 48.69
2020-10-28, 12:24:55, 23.38, 48.69
2020-10-28, 12:24:57, 23.37, 48.69
2020-10-28, 12:24:58, 23.38, 48.69
2020-10-28, 12:25:00, 23.39, 48.7
2020-10-28, 12:25:01, 23.39, 48.7
2020-10-28, 12:25:02, 23.38, 48.69
2020-10-28, 12:25:04, 23.38, 48.69
2020-10-28, 12:25:05, 23.38, 48.69
2020-10-28, 12:25:06, 23.38, 48.69
2020-10-28, 12:25:08, 23.38, 48.69
2020-10-28, 12:25:09, 23.38, 48.69
2020-10-28, 12:25:10, 23.38, 48.69
2020-10-28, 12:25:12, 23.38, 48.69
2020-10-28, 12:25:13, 23.38, 48.69
2020-10-28, 12:25:14, 23.38, 48.69
2020-10-28, 12:25:16, 23.38, 48.69
2020-10-28, 12:25:17, 23.39, 48.7
2020-10-28, 12:25:18, 23.39, 48.7
2020-10-28, 12:25:20, 23.38, 48.69
2020-10-28, 12:25:21, 23.38, 48.69
2020-10-28, 12:25:23, 23.38, 48.69
2020-10-28, 12:25:24, 23.4, 48.73
2020-10-28, 12:25:25, 23.39, 48.7
2020-10-28, 12:25:27, 23.38, 48.69
2020-10-28, 12:25:28, 23.38, 48.69
2020-10-28, 12:25:29, 23.4, 48.7
2020-10-28, 12:25:31, 23.38, 48.69
2020-10-28, 12:25:32, 23.4, 48.7
2020-10-28, 12:25:33, 23.4, 48.7
2020-10-28, 12:25:35, 23.4, 48.7
2020-10-28, 12:25:36, 23.4, 48.7
2020-10-28, 12:25:37, 23.39, 48.7
2020-10-28, 12:25:39, 23.4, 48.7
2020-10-28, 12:25:40, 23.4, 48.7
2020-10-28, 12:25:42, 23.4, 48.7
2020-10-28, 12:25:43, 23.4, 48.7
2020-10-28, 12:25:44, 23.4, 48.7
2020-10-28, 12:25:46, 23.4, 48.7
2020-10-28, 12:25:47, 23.41, 48.7
2020-10-28, 12:25:48, 23.41, 48.67
2020-10-28, 12:25:50, 23.4, 48.66
2020-10-28, 12:25:51, 23.41, 48.63
2020-10-28, 12:25:52, 23.41, 48.67
2020-10-28, 12:25:54, 23.4, 48.63
2020-10-28, 12:25:55, 23.42, 48.7
2020-10-28, 12:25:56, 23.42, 48.7
2020-10-28, 12:25:58, 23.42, 48.7
2020-10-28, 12:25:59, 23.41, 48.7
2020-10-28, 12:26:01, 23.41, 48.67
2020-10-28, 12:26:02, 23.41, 48.7
2020-10-28, 12:26:03, 23.42, 48.7
2020-10-28, 12:26:05, 23.4, 48.7
2020-10-28, 12:26:06, 23.41, 48.7
2020-10-28, 12:26:07, 23.41, 48.7
2020-10-28, 12:26:09, 23.42, 48.7
2020-10-28, 12:26:10, 23.42, 48.7
2020-10-28, 12:26:11, 23.41, 48.7
2020-10-28, 12:26:13, 23.4, 48.7
2020-10-28, 12:26:14, 23.42, 48.7
2020-10-28, 12:26:15, 23.4, 48.7
2020-10-28, 12:26:17, 23.42, 48.7
2020-10-28, 12:26:18, 23.41, 48.7
2020-10-28, 12:26:20, 23.41, 48.7
2020-10-28, 12:26:21, 23.4, 48.7
2020-10-28, 12:26:22, 23.4, 48.7
2020-10-28, 12:26:24, 23.41, 48.7
2020-10-28, 12:26:25, 23.42, 48.7
2020-10-28, 12:26:26, 23.41, 48.7
2020-10-28, 12:26:28, 23.43, 48.7
2020-10-28, 12:26:29, 23.42, 48.7
2020-10-28, 12:26:30, 23.41, 48.7
2020-10-28, 12:26:32, 23.41, 48.67
2020-10-28, 12:26:33, 23.42, 48.7
2020-10-28, 12:26:35, 23.43, 48.7
2020-10-28, 12:26:36, 23.43, 48.67
2020-10-28, 12:26:37, 23.43, 48.67
2020-10-28, 12:26:39, 23.44, 48.67
2020-10-28, 12:26:40, 23.45, 48.67
2020-10-28, 12:26:41, 23.44, 48.64
2020-10-28, 12:26:43, 23.44, 48.67
2020-10-28, 12:26:44, 23.44, 48.67
2020-10-28, 12:26:45, 23.44, 48.67
2020-10-28, 12:26:47, 23.44, 48.7
2020-10-28, 12:26:48, 23.44, 48.7
2020-10-28, 12:26:49, 23.43, 48.7
2020-10-28, 12:26:51, 23.45, 48.7
2020-10-28, 12:26:52, 23.43, 48.7
2020-10-28, 12:26:53, 23.45, 48.7
2020-10-28, 12:26:55, 23.44, 48.67
2020-10-28, 12:26:56, 23.46, 48.67
2020-10-28, 12:26:58, 23.46, 48.67
2020-10-28, 12:26:59, 23.46, 48.67
2020-10-28, 12:27:00, 23.45, 48.67
2020-10-28, 12:27:02, 23.46, 48.67
2020-10-28, 12:27:03, 23.44, 48.64
2020-10-28, 12:27:04, 23.47, 48.64
2020-10-28, 12:27:06, 23.46, 48.67
2020-10-28, 12:27:07, 23.46, 48.64
2020-10-28, 12:27:08, 23.46, 48.64
2020-10-28, 12:27:10, 23.46, 48.64
2020-10-28, 12:27:11, 23.46, 48.64
2020-10-28, 12:27:12, 23.46, 48.67
2020-10-28, 12:27:14, 23.47, 48.64
2020-10-28, 12:27:15, 23.46, 48.64
2020-10-28, 12:27:17, 23.46, 48.64
2020-10-28, 12:27:18, 23.46, 48.64
2020-10-28, 12:27:19, 23.44, 48.64
2020-10-28, 12:27:21, 23.46, 48.64
2020-10-28, 12:27:22, 23.48, 48.64
2020-10-28, 12:27:23, 23.46, 48.64
2020-10-28, 12:27:25, 23.46, 48.64
2020-10-28, 12:27:26, 23.46, 48.64
2020-10-28, 12:27:27, 23.46, 48.64
2020-10-28, 12:27:29, 23.45, 48.64
2020-10-28, 12:27:30, 23.46, 48.64
2020-10-28, 12:27:31, 23.45, 48.64
2020-10-28, 12:27:33, 23.45, 48.64
2020-10-28, 12:27:34, 23.46, 48.64
2020-10-28, 12:27:35, 23.45, 48.64
2020-10-28, 12:27:37, 23.46, 48.64
2020-10-28, 12:27:38, 23.46, 48.64
2020-10-28, 12:27:40, 23.46, 48.64
2020-10-28, 12:27:41, 23.46, 48.64
2020-10-28, 12:27:42, 23.46, 48.64
2020-10-28, 12:27:44, 23.45, 48.64
2020-10-28, 12:27:45, 23.47, 48.64
2020-10-28, 12:27:47, 23.46, 48.64
2020-10-28, 12:27:48, 23.47, 48.64
2020-10-28, 12:27:49, 23.47, 48.64
2020-10-28, 12:27:51, 23.46, 48.64
2020-10-28, 12:27:52, 23.46, 48.64
2020-10-28, 12:27:53, 23.46, 48.64
2020-10-28, 12:27:55, 23.47, 48.61
2020-10-28, 12:27:56, 23.47, 48.61
2020-10-28, 12:27:57, 23.48, 48.64
2020-10-28, 12:27:59, 23.49, 48.61
2020-10-28, 12:28:00, 23.48, 48.61
2020-10-28, 12:28:01, 23.48, 48.64
2020-10-28, 12:28:03, 23.48, 48.61
2020-10-28, 12:28:04, 23.5, 48.61
2020-10-28, 12:28:06, 23.5, 48.61
2020-10-28, 12:28:07, 23.5, 48.61
2020-10-28, 12:28:08, 23.51, 48.61
2020-10-28, 12:28:10, 23.5, 48.61
2020-10-28, 12:28:11, 23.5, 48.58
2020-10-28, 12:28:12, 23.5, 48.58
2020-10-28, 12:28:14, 23.5, 48.58
2020-10-28, 12:28:15, 23.5, 48.58
2020-10-28, 12:28:16, 23.5, 48.58
2020-10-28, 12:28:18, 23.5, 48.58
2020-10-28, 12:28:20, 23.33, 48.56
2020-10-28, 12:28:21, 23.46, 48.64
2020-10-28, 12:28:23, 23.46, 48.64
2020-10-28, 12:28:24, 23.48, 48.64
2020-10-28, 12:28:25, 23.48, 48.64
2020-10-28, 12:28:27, 23.48, 48.64
2020-10-28, 12:28:28, 23.48, 48.61
2020-10-28, 12:28:29, 23.49, 48.61
2020-10-28, 12:28:31, 23.5, 48.58
2020-10-28, 12:28:32, 23.51, 48.61
2020-10-28, 12:28:33, 23.5, 48.58
2020-10-28, 12:28:35, 23.51, 48.58
2020-10-28, 12:28:36, 23.52, 48.55
2020-10-28, 12:28:38, 23.51, 48.55
2020-10-28, 12:28:39, 23.51, 48.58
2020-10-28, 12:28:40, 23.51, 48.55
2020-10-28, 12:28:42, 23.51, 48.55
2020-10-28, 12:28:43, 23.51, 48.55
2020-10-28, 12:28:44, 23.51, 48.55
2020-10-28, 12:28:46, 23.51, 48.55
2020-10-28, 12:28:47, 23.53, 48.55
2020-10-28, 12:28:48, 23.52, 48.52
2020-10-28, 12:28:50, 23.52, 48.52
2020-10-28, 12:28:51, 23.51, 48.52
2020-10-28, 12:28:52, 23.52, 48.52
2020-10-28, 12:28:54, 23.5, 48.52
2020-10-28, 12:28:55, 23.5, 48.52
2020-10-28, 12:28:59, 23.21, 48.67
2020-10-28, 12:29:00, 23.39, 48.82
2020-10-28, 12:29:02, 23.44, 48.8
2020-10-28, 12:29:03, 23.45, 48.77
2020-10-28, 12:29:04, 23.47, 48.74
2020-10-28, 12:29:06, 23.48, 48.71
2020-10-28, 12:29:07, 23.49, 48.71
2020-10-28, 12:29:08, 23.5, 48.68
2020-10-28, 12:29:10, 23.5, 48.65
2020-10-28, 12:29:11, 23.51, 48.61
2020-10-28, 12:29:13, 23.52, 48.58
2020-10-28, 12:29:14, 23.5, 48.58
2020-10-28, 12:29:15, 23.51, 48.58
2020-10-28, 12:29:17, 23.52, 48.55
2020-10-28, 12:29:18, 23.52, 48.55
2020-10-28, 12:29:19, 23.53, 48.52
2020-10-28, 12:29:21, 23.53, 48.52
2020-10-28, 12:29:22, 23.54, 48.52
2020-10-28, 12:29:23, 23.54, 48.52
2020-10-28, 12:29:25, 23.54, 48.52
2020-10-28, 12:29:26, 23.53, 48.49
2020-10-28, 12:29:27, 23.53, 48.49
2020-10-28, 12:29:29, 23.54, 48.46
2020-10-28, 12:29:30, 23.54, 48.49
2020-10-28, 12:29:31, 23.54, 48.46
2020-10-28, 12:29:33, 23.54, 48.49
2020-10-28, 12:29:34, 23.53, 48.46
2020-10-28, 12:29:36, 23.54, 48.46
2020-10-28, 12:29:37, 23.54, 48.46
2020-10-28, 12:29:38, 23.54, 48.46
2020-10-28, 12:29:40, 23.52, 48.46
2020-10-28, 12:29:41, 23.53, 48.46
2020-10-28, 12:29:42, 23.54, 48.46
2020-10-28, 12:29:44, 23.53, 48.46
2020-10-28, 12:29:45, 23.54, 48.46
2020-10-28, 12:29:46, 23.54, 48.46
2020-10-28, 12:29:48, 23.55, 48.46
2020-10-28, 12:29:49, 23.54, 48.46
2020-10-28, 12:29:50, 23.54, 48.43
2020-10-28, 12:29:52, 23.54, 48.46
2020-10-28, 12:29:53, 23.54, 48.43
2020-10-28, 12:29:55, 23.55, 48.46
2020-10-28, 12:29:56, 23.55, 48.43
2020-10-28, 12:29:57, 23.55, 48.43
2020-10-28, 12:29:59, 23.56, 48.43
2020-10-28, 12:30:00, 23.55, 48.43
2020-10-28, 12:30:01, 23.54, 48.4
2020-10-28, 12:30:03, 23.56, 48.4
2020-10-28, 12:30:04, 23.55, 48.4
2020-10-28, 12:30:05, 23.56, 48.4
2020-10-28, 12:30:07, 23.56, 48.4
2020-10-28, 12:30:08, 23.56, 48.4
2020-10-28, 12:30:09, 23.57, 48.43
2020-10-28, 12:30:11, 23.56, 48.4
2020-10-28, 12:30:12, 23.55, 48.4
2020-10-28, 12:30:14, 23.56, 48.4
2020-10-28, 12:30:15, 23.55, 48.4
2020-10-28, 12:30:16, 23.56, 48.4
2020-10-28, 12:30:18, 23.56, 48.4
2020-10-28, 12:30:19, 23.56, 48.4
2020-10-28, 12:30:20, 23.56, 48.4
2020-10-28, 12:30:22, 23.55, 48.4
2020-10-28, 12:30:23, 23.56, 48.37
2020-10-28, 12:30:24, 23.55, 48.37
2020-10-28, 12:30:26, 23.54, 48.36
2020-10-28, 12:30:27, 23.56, 48.4
2020-10-28, 12:30:29, 23.56, 48.37
2020-10-28, 12:30:30, 23.58, 48.37
2020-10-28, 12:30:31, 23.56, 48.37
2020-10-28, 12:30:33, 23.56, 48.37
2020-10-28, 12:30:34, 23.56, 48.37
2020-10-28, 12:30:35, 23.56, 48.37
2020-10-28, 12:30:37, 23.57, 48.37
2020-10-28, 12:30:38, 23.56, 48.33
2020-10-28, 12:30:39, 23.56, 48.37
2020-10-28, 12:30:41, 23.57, 48.34
2020-10-28, 12:30:42, 23.56, 48.37
2020-10-28, 12:30:43, 23.56, 48.33
2020-10-28, 12:30:45, 23.57, 48.37
2020-10-28, 12:30:46, 23.54, 48.36
2020-10-28, 12:30:48, 23.56, 48.37
2020-10-28, 12:30:49, 23.57, 48.37
2020-10-28, 12:30:50, 23.58, 48.37
2020-10-28, 12:30:52, 23.56, 48.33
2020-10-28, 12:30:53, 23.56, 48.33
2020-10-28, 12:30:55, 23.56, 48.33
2020-10-28, 12:30:56, 23.57, 48.34
2020-10-28, 12:30:57, 23.56, 48.33
2020-10-28, 12:30:59, 23.56, 48.33
2020-10-28, 12:31:00, 23.57, 48.34
2020-10-28, 12:31:01, 23.57, 48.3
2020-10-28, 12:31:03, 23.57, 48.34
2020-10-28, 12:31:04, 23.57, 48.3
2020-10-28, 12:31:05, 23.56, 48.3
2020-10-28, 12:31:07, 23.57, 48.3
2020-10-28, 12:31:08, 23.56, 48.33
2020-10-28, 12:31:09, 23.58, 48.31
2020-10-28, 12:31:11, 23.58, 48.31
2020-10-28, 12:31:12, 23.58, 48.27
2020-10-28, 12:31:13, 23.6, 48.31
2020-10-28, 12:31:15, 23.6, 48.31
2020-10-28, 12:31:16, 23.59, 48.31
2020-10-28, 12:31:18, 23.58, 48.27
2020-10-28, 12:31:19, 23.59, 48.27
2020-10-28, 12:31:20, 23.61, 48.28
2020-10-28, 12:31:22, 23.61, 48.28
2020-10-28, 12:31:23, 23.6, 48.24
2020-10-28, 12:31:24, 23.6, 48.28
2020-10-28, 12:31:26, 23.61, 48.25
2020-10-28, 12:31:27, 23.61, 48.21
2020-10-28, 12:31:28, 23.61, 48.25
2020-10-28, 12:31:30, 23.6, 48.24
2020-10-28, 12:31:31, 23.6, 48.21
2020-10-28, 12:31:32, 23.6, 48.21
2020-10-28, 12:31:34, 23.6, 48.21
2020-10-28, 12:31:35, 23.61, 48.21
2020-10-28, 12:31:37, 23.59, 48.24
2020-10-28, 12:31:38, 23.61, 48.21
2020-10-28, 12:31:39, 23.6, 48.21
2020-10-28, 12:31:41, 23.6, 48.21
2020-10-28, 12:31:42, 23.6, 48.21
2020-10-28, 12:31:43, 23.61, 48.25
2020-10-28, 12:31:45, 23.62, 48.21
2020-10-28, 12:31:46, 23.62, 48.21
2020-10-28, 12:31:47, 23.62, 48.21
2020-10-28, 12:31:49, 23.61, 48.21
2020-10-28, 12:31:50, 23.62, 48.21
2020-10-28, 12:31:51, 23.62, 48.21
2020-10-28, 12:31:53, 23.6, 48.21
2020-10-28, 12:31:54, 23.63, 48.18
2020-10-28, 12:31:56, 23.63, 48.18
2020-10-28, 12:31:57, 23.62, 48.21
2020-10-28, 12:31:58, 23.62, 48.18
2020-10-28, 12:32:00, 23.62, 48.18
2020-10-28, 12:32:01, 23.61, 48.21
2020-10-28, 12:32:02, 23.61, 48.18
2020-10-28, 12:32:04, 23.62, 48.18
2020-10-28, 12:32:05, 23.62, 48.21
2020-10-28, 12:32:06, 23.62, 48.21
2020-10-28, 12:32:08, 23.62, 48.21
2020-10-28, 12:32:09, 23.64, 48.19
2020-10-28, 12:32:10, 23.62, 48.18
2020-10-28, 12:32:12, 23.63, 48.18
2020-10-28, 12:32:13, 23.62, 48.18
2020-10-28, 12:32:15, 23.63, 48.18
2020-10-28, 12:32:16, 23.63, 48.15
2020-10-28, 12:32:17, 23.61, 48.15
2020-10-28, 12:32:19, 23.63, 48.18
2020-10-28, 12:32:20, 23.62, 48.15
2020-10-28, 12:32:21, 23.61, 48.15
2020-10-28, 12:32:23, 23.62, 48.21
2020-10-28, 12:32:24, 23.62, 48.18
2020-10-28, 12:32:25, 23.62, 48.18
2020-10-28, 12:32:27, 23.64, 48.19
2020-10-28, 12:32:28, 23.62, 48.21
2020-10-28, 12:32:29, 23.63, 48.18
2020-10-28, 12:32:31, 23.62, 48.18
2020-10-28, 12:32:32, 23.62, 48.15
2020-10-28, 12:32:34, 23.64, 48.15
2020-10-28, 12:32:35, 23.62, 48.15
2020-10-28, 12:32:36, 23.62, 48.15
2020-10-28, 12:32:38, 23.62, 48.15
2020-10-28, 12:32:39, 23.62, 48.15
2020-10-28, 12:32:40, 23.64, 48.19
2020-10-28, 12:32:42, 23.63, 48.15
2020-10-28, 12:32:43, 23.62, 48.15
2020-10-28, 12:32:44, 23.63, 48.15
2020-10-28, 12:32:46, 23.63, 48.15
2020-10-28, 12:32:47, 23.64, 48.15
2020-10-28, 12:32:48, 23.64, 48.15
2020-10-28, 12:32:50, 23.63, 48.15
2020-10-28, 12:32:51, 23.64, 48.15
2020-10-28, 12:32:53, 23.64, 48.15
2020-10-28, 12:32:54, 23.64, 48.15
2020-10-28, 12:32:55, 23.65, 48.12
2020-10-28, 12:32:57, 23.64, 48.12
2020-10-28, 12:32:58, 23.65, 48.15
2020-10-28, 12:32:59, 23.64, 48.12
2020-10-28, 12:33:01, 23.65, 48.12
2020-10-28, 12:33:02, 23.65, 48.09
2020-10-28, 12:33:03, 23.65, 48.12
2020-10-28, 12:33:05, 23.65, 48.09
2020-10-28, 12:33:06, 23.65, 48.09
2020-10-28, 12:33:07, 23.64, 48.09
2020-10-28, 12:33:09, 23.64, 48.09
2020-10-28, 12:33:10, 23.64, 48.09
2020-10-28, 12:33:12, 23.65, 48.09
2020-10-28, 12:33:13, 23.64, 48.12
2020-10-28, 12:33:14, 23.63, 48.09
2020-10-28, 12:33:16, 23.63, 48.09
2020-10-28, 12:33:17, 23.64, 48.09
2020-10-28, 12:33:18, 23.64, 48.09
2020-10-28, 12:33:20, 23.65, 48.09
2020-10-28, 12:33:21, 23.65, 48.09
2020-10-28, 12:33:22, 23.65, 48.09
2020-10-28, 12:33:24, 23.65, 48.09
2020-10-28, 12:33:25, 23.64, 48.06
2020-10-28, 12:33:26, 23.64, 48.09
2020-10-28, 12:33:28, 23.65, 48.06
2020-10-28, 12:33:29, 23.64, 48.06
2020-10-28, 12:33:31, 23.66, 48.06
2020-10-28, 12:33:32, 23.64, 48.06
2020-10-28, 12:33:33, 23.65, 48.06
2020-10-28, 12:33:35, 23.65, 48.06
2020-10-28, 12:33:36, 23.63, 48.06
2020-10-28, 12:33:37, 23.66, 48.06
2020-10-28, 12:33:39, 23.66, 48.09
2020-10-28, 12:33:40, 23.66, 48.06
2020-10-28, 12:33:41, 23.66, 48.06
2020-10-28, 12:33:43, 23.66, 48.03
2020-10-28, 12:33:44, 23.66, 48.03
2020-10-28, 12:33:45, 23.66, 48.06
2020-10-28, 12:33:47, 23.65, 48.03
2020-10-28, 12:33:48, 23.66, 48.03
2020-10-28, 12:33:49, 23.65, 48.03
2020-10-28, 12:33:51, 23.66, 48.03
2020-10-28, 12:33:52, 23.66, 48.06
2020-10-28, 12:33:54, 23.65, 48.03
2020-10-28, 12:33:55, 23.66, 48.06
2020-10-28, 12:33:56, 23.65, 48.06
2020-10-28, 12:33:58, 23.66, 48.03
2020-10-28, 12:33:59, 23.68, 48.03
2020-10-28, 12:34:00, 23.66, 48.03
2020-10-28, 12:34:02, 23.66, 48.03
2020-10-28, 12:34:03, 23.66, 48.03
2020-10-28, 12:34:04, 23.66, 48.03
2020-10-28, 12:34:06, 23.66, 48.03
2020-10-28, 12:34:07, 23.67, 48.03
2020-10-28, 12:34:09, 23.67, 48.03
2020-10-28, 12:34:10, 23.66, 48.0
2020-10-28, 12:34:11, 23.65, 48.03
2020-10-28, 12:34:13, 23.66, 48.03
2020-10-28, 12:34:14, 23.68, 48.0
2020-10-28, 12:34:15, 23.67, 48.0
2020-10-28, 12:34:17, 23.65, 48.03
2020-10-28, 12:34:18, 23.66, 48.0
2020-10-28, 12:34:19, 23.67, 48.03
2020-10-28, 12:34:21, 23.66, 48.03
2020-10-28, 12:34:22, 23.67, 48.03
2020-10-28, 12:34:23, 23.66, 48.03
2020-10-28, 12:34:25, 23.66, 48.03
2020-10-28, 12:34:26, 23.67, 48.0
2020-10-28, 12:34:28, 23.66, 48.03
2020-10-28, 12:34:29, 23.66, 48.03
2020-10-28, 12:34:30, 23.66, 48.0
2020-10-28, 12:34:32, 23.68, 48.03
2020-10-28, 12:34:33, 23.67, 48.03
2020-10-28, 12:34:34, 23.67, 48.03
2020-10-28, 12:34:36, 23.66, 48.03
2020-10-28, 12:34:37, 23.66, 48.03
2020-10-28, 12:34:38, 23.66, 48.03
2020-10-28, 12:34:40, 23.67, 48.03
2020-10-28, 12:34:41, 23.67, 48.03
2020-10-28, 12:34:42, 23.68, 48.03
2020-10-28, 12:34:44, 23.68, 48.03
2020-10-28, 12:34:45, 23.68, 48.03
2020-10-28, 12:34:46, 23.67, 48.03
2020-10-28, 12:34:48, 23.67, 48.03
2020-10-28, 12:34:49, 23.66, 48.03
2020-10-28, 12:34:51, 23.66, 48.03
2020-10-28, 12:34:52, 23.66, 48.03
2020-10-28, 12:34:53, 23.66, 48.03
2020-10-28, 12:34:55, 23.66, 48.06
2020-10-28, 12:34:56, 23.65, 48.03
2020-10-28, 12:34:57, 23.64, 48.06
2020-10-28, 12:34:59, 23.64, 48.03
2020-10-28, 12:35:00, 23.65, 48.06
2020-10-28, 12:35:01, 23.64, 48.09
2020-10-28, 12:35:03, 23.66, 48.09
2020-10-28, 12:35:04, 23.64, 48.06
2020-10-28, 12:35:06, 23.65, 48.09
2020-10-28, 12:35:07, 23.66, 48.09
2020-10-28, 12:35:08, 23.65, 48.09
2020-10-28, 12:35:10, 23.65, 48.09
2020-10-28, 12:35:11, 23.65, 48.09
2020-10-28, 12:35:12, 23.64, 48.09
2020-10-28, 12:35:14, 23.65, 48.09
2020-10-28, 12:35:15, 23.64, 48.09
2020-10-28, 12:35:16, 23.64, 48.12
2020-10-28, 12:35:18, 23.63, 48.09
2020-10-28, 12:35:19, 23.64, 48.09
2020-10-28, 12:35:20, 23.64, 48.12
2020-10-28, 12:35:22, 23.64, 48.09
2020-10-28, 12:35:23, 23.63, 48.15
2020-10-28, 12:35:25, 23.64, 48.12
2020-10-28, 12:35:26, 23.64, 48.12
2020-10-28, 12:35:27, 23.65, 48.12
2020-10-28, 12:35:29, 23.62, 48.12
2020-10-28, 12:35:30, 23.63, 48.12
2020-10-28, 12:35:31, 23.63, 48.15
2020-10-28, 12:35:33, 23.63, 48.15
2020-10-28, 12:35:34, 23.64, 48.15
2020-10-28, 12:35:35, 23.64, 48.15
2020-10-28, 12:35:37, 23.64, 48.15
2020-10-28, 12:35:38, 23.64, 48.15
2020-10-28, 12:35:39, 23.64, 48.15
2020-10-28, 12:35:41, 23.63, 48.18
2020-10-28, 12:35:42, 23.64, 48.19
2020-10-28, 12:35:44, 23.63, 48.15
2020-10-28, 12:35:45, 23.65, 48.15
2020-10-28, 12:35:46, 23.64, 48.15
2020-10-28, 12:35:48, 23.64, 48.15
2020-10-28, 12:35:49, 23.64, 48.15
2020-10-28, 12:35:50, 23.65, 48.15
2020-10-28, 12:35:52, 23.64, 48.15
2020-10-28, 12:35:53, 23.64, 48.15
2020-10-28, 12:35:54, 23.64, 48.19
2020-10-28, 12:35:56, 23.64, 48.19
2020-10-28, 12:35:57, 23.63, 48.22
2020-10-28, 12:35:58, 23.64, 48.19
2020-10-28, 12:36:00, 23.64, 48.19
2020-10-28, 12:36:01, 23.64, 48.19
2020-10-28, 12:36:02, 23.63, 48.22
2020-10-28, 12:36:04, 23.63, 48.22
2020-10-28, 12:36:05, 23.62, 48.21
2020-10-28, 12:36:07, 23.61, 48.21
2020-10-28, 12:36:08, 23.62, 48.21
2020-10-28, 12:36:09, 23.62, 48.21
2020-10-28, 12:36:11, 23.62, 48.21
2020-10-28, 12:36:12, 23.62, 48.21
2020-10-28, 12:36:13, 23.61, 48.25
2020-10-28, 12:36:15, 23.64, 48.22
2020-10-28, 12:36:16, 23.63, 48.25
2020-10-28, 12:36:17, 23.63, 48.22
2020-10-28, 12:36:19, 23.62, 48.25
2020-10-28, 12:36:20, 23.63, 48.22
2020-10-28, 12:36:22, 23.64, 48.22
2020-10-28, 12:36:23, 23.64, 48.22
2020-10-28, 12:36:24, 23.62, 48.21
2020-10-28, 12:36:26, 23.64, 48.22
2020-10-28, 12:36:27, 23.62, 48.21
2020-10-28, 12:36:28, 23.63, 48.25
2020-10-28, 12:36:30, 23.62, 48.25
2020-10-28, 12:36:31, 23.62, 48.25
2020-10-28, 12:36:32, 23.64, 48.22
2020-10-28, 12:36:34, 23.63, 48.22
2020-10-28, 12:36:35, 23.62, 48.25
2020-10-28, 12:36:36, 23.64, 48.22
2020-10-28, 12:36:38, 23.63, 48.25
2020-10-28, 12:36:39, 23.63, 48.22
2020-10-28, 12:36:41, 23.63, 48.25
2020-10-28, 12:36:42, 23.64, 48.25
2020-10-28, 12:36:43, 23.62, 48.25
2020-10-28, 12:36:45, 23.62, 48.25
2020-10-28, 12:36:46, 23.62, 48.25
2020-10-28, 12:36:47, 23.62, 48.25
2020-10-28, 12:36:49, 23.62, 48.28
2020-10-28, 12:36:50, 23.62, 48.28
2020-10-28, 12:36:51, 23.61, 48.25
2020-10-28, 12:36:53, 23.62, 48.25
2020-10-28, 12:36:54, 23.61, 48.25
2020-10-28, 12:36:55, 23.62, 48.28
2020-10-28, 12:36:57, 23.6, 48.28
2020-10-28, 12:36:58, 23.62, 48.28
2020-10-28, 12:37:00, 23.61, 48.25
2020-10-28, 12:37:01, 23.62, 48.28
2020-10-28, 12:37:02, 23.62, 48.28
2020-10-28, 12:37:04, 23.61, 48.28
2020-10-28, 12:37:05, 23.61, 48.34
2020-10-28, 12:37:06, 23.62, 48.31
2020-10-28, 12:37:08, 23.61, 48.31
2020-10-28, 12:37:09, 23.61, 48.31
2020-10-28, 12:37:10, 23.61, 48.31
2020-10-28, 12:37:12, 23.61, 48.34
2020-10-28, 12:37:13, 23.6, 48.34
2020-10-28, 12:37:14, 23.61, 48.31
2020-10-28, 12:37:16, 23.62, 48.31
2020-10-28, 12:37:17, 23.61, 48.31
2020-10-28, 12:37:18, 23.6, 48.31
2020-10-28, 12:37:20, 23.6, 48.28
2020-10-28, 12:37:21, 23.61, 48.31
2020-10-28, 12:37:23, 23.61, 48.28
2020-10-28, 12:37:24, 23.6, 48.28
2020-10-28, 12:37:25, 23.61, 48.31
2020-10-28, 12:37:27, 23.61, 48.31
2020-10-28, 12:37:28, 23.61, 48.31
2020-10-28, 12:37:29, 23.63, 48.31
2020-10-28, 12:37:31, 23.6, 48.31
2020-10-28, 12:37:32, 23.6, 48.28
2020-10-28, 12:37:33, 23.62, 48.31
2020-10-28, 12:37:35, 23.62, 48.28
2020-10-28, 12:37:36, 23.61, 48.28
2020-10-28, 12:37:37, 23.61, 48.28
2020-10-28, 12:37:39, 23.61, 48.28
2020-10-28, 12:37:40, 23.62, 48.31
2020-10-28, 12:37:42, 23.61, 48.31
2020-10-28, 12:37:43, 23.62, 48.31
2020-10-28, 12:37:44, 23.62, 48.31
2020-10-28, 12:37:46, 23.63, 48.28
2020-10-28, 12:37:47, 23.61, 48.28
2020-10-28, 12:37:48, 23.61, 48.28
2020-10-28, 12:37:50, 23.62, 48.28
2020-10-28, 12:37:51, 23.62, 48.28
2020-10-28, 12:37:52, 23.62, 48.28
2020-10-28, 12:37:54, 23.61, 48.28
2020-10-28, 12:37:55, 23.62, 48.28
2020-10-28, 12:37:56, 23.6, 48.28
2020-10-28, 12:37:58, 23.62, 48.31
2020-10-28, 12:37:59, 23.62, 48.31
2020-10-28, 12:38:01, 23.61, 48.31
2020-10-28, 12:38:02, 23.62, 48.31
2020-10-28, 12:38:03, 23.62, 48.31
2020-10-28, 12:38:05, 23.62, 48.34
2020-10-28, 12:38:06, 23.62, 48.31
2020-10-28, 12:38:07, 23.62, 48.31
2020-10-28, 12:38:09, 23.62, 48.28
2020-10-28, 12:38:10, 23.64, 48.31
2020-10-28, 12:38:11, 23.63, 48.28
2020-10-28, 12:38:13, 23.63, 48.28
2020-10-28, 12:38:14, 23.61, 48.28
2020-10-28, 12:38:15, 23.61, 48.31
2020-10-28, 12:38:17, 23.61, 48.31
2020-10-28, 12:38:18, 23.61, 48.34
2020-10-28, 12:38:19, 23.62, 48.34
2020-10-28, 12:38:21, 23.61, 48.31
2020-10-28, 12:38:22, 23.62, 48.34
2020-10-28, 12:38:24, 23.61, 48.34
2020-10-28, 12:38:25, 23.62, 48.34
2020-10-28, 12:38:26, 23.61, 48.34
2020-10-28, 12:38:28, 23.62, 48.31
2020-10-28, 12:38:29, 23.62, 48.34
2020-10-28, 12:38:30, 23.62, 48.34
2020-10-28, 12:38:32, 23.62, 48.34
2020-10-28, 12:38:33, 23.61, 48.34
2020-10-28, 12:38:34, 23.62, 48.34
2020-10-28, 12:38:36, 23.62, 48.34
2020-10-28, 12:38:37, 23.62, 48.34
2020-10-28, 12:38:38, 23.62, 48.34
2020-10-28, 12:38:40, 23.61, 48.34
2020-10-28, 12:38:41, 23.6, 48.37
2020-10-28, 12:38:43, 23.6, 48.4
2020-10-28, 12:38:44, 23.61, 48.4
2020-10-28, 12:38:45, 23.6, 48.4
2020-10-28, 12:38:47, 23.62, 48.37
2020-10-28, 12:38:48, 23.61, 48.37
2020-10-28, 12:38:49, 23.61, 48.4
2020-10-28, 12:38:51, 23.61, 48.37
2020-10-28, 12:38:52, 23.62, 48.37
2020-10-28, 12:38:53, 23.62, 48.37
2020-10-28, 12:38:55, 23.61, 48.4
2020-10-28, 12:38:56, 23.61, 48.37
2020-10-28, 12:38:57, 23.62, 48.37
2020-10-28, 12:38:59, 23.62, 48.37
2020-10-28, 12:39:00, 23.61, 48.37
2020-10-28, 12:39:02, 23.62, 48.37
2020-10-28, 12:39:03, 23.62, 48.37
2020-10-28, 12:39:04, 23.62, 48.41
2020-10-28, 12:39:06, 23.62, 48.37
2020-10-28, 12:39:07, 23.62, 48.37
2020-10-28, 12:39:08, 23.62, 48.41
2020-10-28, 12:39:10, 23.62, 48.37
2020-10-28, 12:39:11, 23.61, 48.4
2020-10-28, 12:39:12, 23.62, 48.41
2020-10-28, 12:39:14, 23.62, 48.41
2020-10-28, 12:39:15, 23.6, 48.4
2020-10-28, 12:39:16, 23.6, 48.4
2020-10-28, 12:39:18, 23.61, 48.4
2020-10-28, 12:39:19, 23.61, 48.4
2020-10-28, 12:39:20, 23.61, 48.4
2020-10-28, 12:39:22, 23.61, 48.4
2020-10-28, 12:39:23, 23.6, 48.4
2020-10-28, 12:39:25, 23.6, 48.4
2020-10-28, 12:39:26, 23.61, 48.4
2020-10-28, 12:39:27, 23.62, 48.41
2020-10-28, 12:39:29, 23.6, 48.44
2020-10-28, 12:39:30, 23.61, 48.4
2020-10-28, 12:39:31, 23.6, 48.4
2020-10-28, 12:39:33, 23.61, 48.4
2020-10-28, 12:39:34, 23.61, 48.4
2020-10-28, 12:39:35, 23.62, 48.41
2020-10-28, 12:39:37, 23.62, 48.41
2020-10-28, 12:39:38, 23.62, 48.41
2020-10-28, 12:39:39, 23.62, 48.41
2020-10-28, 12:39:41, 23.62, 48.41
2020-10-28, 12:39:42, 23.63, 48.41
2020-10-28, 12:39:43, 23.61, 48.4
2020-10-28, 12:39:45, 23.63, 48.41
2020-10-28, 12:39:46, 23.64, 48.41
2020-10-28, 12:39:48, 23.62, 48.41
2020-10-28, 12:39:49, 23.62, 48.41
2020-10-28, 12:39:50, 23.63, 48.41
2020-10-28, 12:39:52, 23.64, 48.41
2020-10-28, 12:39:53, 23.64, 48.41
2020-10-28, 12:39:54, 23.62, 48.37
2020-10-28, 12:39:56, 23.62, 48.41
2020-10-28, 12:39:57, 23.63, 48.38
2020-10-28, 12:39:58, 23.61, 48.4
2020-10-28, 12:40:00, 23.62, 48.37
2020-10-28, 12:40:01, 23.61, 48.4
2020-10-28, 12:40:03, 23.64, 48.41
2020-10-28, 12:40:04, 23.64, 48.38
2020-10-28, 12:40:05, 23.64, 48.38
2020-10-28, 12:40:07, 23.64, 48.41
2020-10-28, 12:40:08, 23.63, 48.41
2020-10-28, 12:40:09, 23.64, 48.38
2020-10-28, 12:40:11, 23.64, 48.41
2020-10-28, 12:40:12, 23.63, 48.41
2020-10-28, 12:40:13, 23.64, 48.41
2020-10-28, 12:40:15, 23.64, 48.38
2020-10-28, 12:40:16, 23.64, 48.41
2020-10-28, 12:40:17, 23.62, 48.41
2020-10-28, 12:40:19, 23.64, 48.41
2020-10-28, 12:40:20, 23.64, 48.41
2020-10-28, 12:40:21, 23.64, 48.41
2020-10-28, 12:40:23, 23.64, 48.41
2020-10-28, 12:40:24, 23.64, 48.41
2020-10-28, 12:40:26, 23.64, 48.41
2020-10-28, 12:40:27, 23.62, 48.41
2020-10-28, 12:40:28, 23.63, 48.41
2020-10-28, 12:40:30, 23.64, 48.41
2020-10-28, 12:40:31, 23.64, 48.41
2020-10-28, 12:40:32, 23.63, 48.41
2020-10-28, 12:40:34, 23.62, 48.41
2020-10-28, 12:40:35, 23.63, 48.41
2020-10-28, 12:40:36, 23.64, 48.41
2020-10-28, 12:40:38, 23.64, 48.41
2020-10-28, 12:40:39, 23.64, 48.41
2020-10-28, 12:40:41, 23.64, 48.41
2020-10-28, 12:40:42, 23.63, 48.41
2020-10-28, 12:40:43, 23.64, 48.41
2020-10-28, 12:40:45, 23.63, 48.41
2020-10-28, 12:40:46, 23.64, 48.44
2020-10-28, 12:40:47, 23.64, 48.44
2020-10-28, 12:40:49, 23.64, 48.41
2020-10-28, 12:40:50, 23.62, 48.44
2020-10-28, 12:40:51, 23.63, 48.44
2020-10-28, 12:40:53, 23.62, 48.41
2020-10-28, 12:40:54, 23.62, 48.44
2020-10-28, 12:40:55, 23.62, 48.44
2020-10-28, 12:40:57, 23.63, 48.44
2020-10-28, 12:40:58, 23.62, 48.44
2020-10-28, 12:41:00, 23.6, 48.44
2020-10-28, 12:41:01, 23.62, 48.44
2020-10-28, 12:41:02, 23.62, 48.44
2020-10-28, 12:41:04, 23.62, 48.47
2020-10-28, 12:41:05, 23.62, 48.44
2020-10-28, 12:41:06, 23.62, 48.44
2020-10-28, 12:41:08, 23.62, 48.41
2020-10-28, 12:41:09, 23.61, 48.44
2020-10-28, 12:41:10, 23.62, 48.44
2020-10-28, 12:41:12, 23.62, 48.47
2020-10-28, 12:41:13, 23.63, 48.41
2020-10-28, 12:41:14, 23.63, 48.44
2020-10-28, 12:41:16, 23.62, 48.44
2020-10-28, 12:41:17, 23.62, 48.44
2020-10-28, 12:41:19, 23.62, 48.47
2020-10-28, 12:41:20, 23.62, 48.47
2020-10-28, 12:41:21, 23.62, 48.47
2020-10-28, 12:41:23, 23.61, 48.47
2020-10-28, 12:41:24, 23.62, 48.47
2020-10-28, 12:41:25, 23.62, 48.47
2020-10-28, 12:41:27, 23.62, 48.47
2020-10-28, 12:41:28, 23.6, 48.47
2020-10-28, 12:41:29, 23.62, 48.47
2020-10-28, 12:41:31, 23.62, 48.47
2020-10-28, 12:41:32, 23.61, 48.47
2020-10-28, 12:41:33, 23.6, 48.44
2020-10-28, 12:41:35, 23.6, 48.47
2020-10-28, 12:41:36, 23.62, 48.47
2020-10-28, 12:41:38, 23.61, 48.47
2020-10-28, 12:41:39, 23.62, 48.47
2020-10-28, 12:41:40, 23.61, 48.47
2020-10-28, 12:41:42, 23.61, 48.5
2020-10-28, 12:41:43, 23.62, 48.5
2020-10-28, 12:41:44, 23.61, 48.47
2020-10-28, 12:41:46, 23.61, 48.47
2020-10-28, 12:41:47, 23.63, 48.47
2020-10-28, 12:41:48, 23.61, 48.47
2020-10-28, 12:41:50, 23.63, 48.47
2020-10-28, 12:41:51, 23.62, 48.47
2020-10-28, 12:41:52, 23.62, 48.47
2020-10-28, 12:41:54, 23.62, 48.5
2020-10-28, 12:41:55, 23.62, 48.47
2020-10-28, 12:41:57, 23.62, 48.47
2020-10-28, 12:41:58, 23.62, 48.47
2020-10-28, 12:41:59, 23.61, 48.47
2020-10-28, 12:42:01, 23.61, 48.47
2020-10-28, 12:42:02, 23.6, 48.47
2020-10-28, 12:42:03, 23.62, 48.47
2020-10-28, 12:42:05, 23.62, 48.47
2020-10-28, 12:42:06, 23.61, 48.5
2020-10-28, 12:42:07, 23.62, 48.47
2020-10-28, 12:42:09, 23.62, 48.47
2020-10-28, 12:42:10, 23.61, 48.5
2020-10-28, 12:42:11, 23.62, 48.47
2020-10-28, 12:42:13, 23.62, 48.47
2020-10-28, 12:42:14, 23.63, 48.47
2020-10-28, 12:42:16, 23.62, 48.47
2020-10-28, 12:42:17, 23.62, 48.47
2020-10-28, 12:42:18, 23.62, 48.47
2020-10-28, 12:42:20, 23.61, 48.47
2020-10-28, 12:42:21, 23.61, 48.47
2020-10-28, 12:42:22, 23.61, 48.5
2020-10-28, 12:42:24, 23.62, 48.47
2020-10-28, 12:42:25, 23.63, 48.47
2020-10-28, 12:42:26, 23.63, 48.47
2020-10-28, 12:42:28, 23.62, 48.47
2020-10-28, 12:42:29, 23.62, 48.47
2020-10-28, 12:42:30, 23.62, 48.47
2020-10-28, 12:42:32, 23.62, 48.5
2020-10-28, 12:42:33, 23.61, 48.5
2020-10-28, 12:42:35, 23.6, 48.47
2020-10-28, 12:42:36, 23.61, 48.47
2020-10-28, 12:42:37, 23.62, 48.47
2020-10-28, 12:42:39, 23.61, 48.5
2020-10-28, 12:42:40, 23.62, 48.47
2020-10-28, 12:42:41, 23.62, 48.47
2020-10-28, 12:42:43, 23.62, 48.5
2020-10-28, 12:42:44, 23.62, 48.47
2020-10-28, 12:42:45, 23.62, 48.5
2020-10-28, 12:42:47, 23.62, 48.47
2020-10-28, 12:42:48, 23.61, 48.5
2020-10-28, 12:42:49, 23.61, 48.47
2020-10-28, 12:42:51, 23.62, 48.5
2020-10-28, 12:42:52, 23.61, 48.47
2020-10-28, 12:42:54, 23.62, 48.47
2020-10-28, 12:42:55, 23.62, 48.47
2020-10-28, 12:42:56, 23.61, 48.47
2020-10-28, 12:42:58, 23.62, 48.47
2020-10-28, 12:42:59, 23.61, 48.47
2020-10-28, 12:43:00, 23.62, 48.47
2020-10-28, 12:43:02, 23.62, 48.47
2020-10-28, 12:43:03, 23.62, 48.47
2020-10-28, 12:43:04, 23.61, 48.5
2020-10-28, 12:43:06, 23.62, 48.47
2020-10-28, 12:43:07, 23.63, 48.47
2020-10-28, 12:43:08, 23.62, 48.47
2020-10-28, 12:43:10, 23.61, 48.47
2020-10-28, 12:43:11, 23.63, 48.47
2020-10-28, 12:43:13, 23.63, 48.47
2020-10-28, 12:43:14, 23.63, 48.47
2020-10-28, 12:43:15, 23.62, 48.47
2020-10-28, 12:43:17, 23.62, 48.47
2020-10-28, 12:43:18, 23.62, 48.47
2020-10-28, 12:43:19, 23.62, 48.47
2020-10-28, 12:43:21, 23.6, 48.47
2020-10-28, 12:43:22, 23.62, 48.47
2020-10-28, 12:43:23, 23.62, 48.47
2020-10-28, 12:43:25, 23.62, 48.47
2020-10-28, 12:43:26, 23.62, 48.47
2020-10-28, 12:43:27, 23.61, 48.47
2020-10-28, 12:43:29, 23.62, 48.47
2020-10-28, 12:43:30, 23.61, 48.47
2020-10-28, 12:43:32, 23.62, 48.47
2020-10-28, 12:43:33, 23.6, 48.47
2020-10-28, 12:43:34, 23.59, 48.47
2020-10-28, 12:43:36, 23.59, 48.5
2020-10-28, 12:43:37, 23.6, 48.47
2020-10-28, 12:43:38, 23.58, 48.46
2020-10-28, 12:43:40, 23.58, 48.5
2020-10-28, 12:43:41, 23.58, 48.5
2020-10-28, 12:43:42, 23.58, 48.5
2020-10-28, 12:43:44, 23.58, 48.5
2020-10-28, 12:43:45, 23.58, 48.46
2020-10-28, 12:43:46, 23.58, 48.5
2020-10-28, 12:43:48, 23.57, 48.5
2020-10-28, 12:43:49, 23.58, 48.5
2020-10-28, 12:43:50, 23.6, 48.5
2020-10-28, 12:43:52, 23.59, 48.5
2020-10-28, 12:43:53, 23.59, 48.5
2020-10-28, 12:43:55, 23.6, 48.5
2020-10-28, 12:43:56, 23.58, 48.5
2020-10-28, 12:43:57, 23.59, 48.5
2020-10-28, 12:43:59, 23.58, 48.5
2020-10-28, 12:44:00, 23.58, 48.53
2020-10-28, 12:44:01, 23.59, 48.5
2020-10-28, 12:44:03, 23.59, 48.53
2020-10-28, 12:44:04, 23.58, 48.5
2020-10-28, 12:44:05, 23.58, 48.53
2020-10-28, 12:44:07, 23.58, 48.5
2020-10-28, 12:44:08, 23.58, 48.53
2020-10-28, 12:44:10, 23.57, 48.53
2020-10-28, 12:44:11, 23.57, 48.53
2020-10-28, 12:44:12, 23.57, 48.53
2020-10-28, 12:44:14, 23.57, 48.53
2020-10-28, 12:44:15, 23.57, 48.53
2020-10-28, 12:44:16, 23.58, 48.53
2020-10-28, 12:44:18, 23.56, 48.53
2020-10-28, 12:44:19, 23.58, 48.53
2020-10-28, 12:44:20, 23.56, 48.53
2020-10-28, 12:44:22, 23.58, 48.53
2020-10-28, 12:44:23, 23.58, 48.56
2020-10-28, 12:44:24, 23.58, 48.53
2020-10-28, 12:44:26, 23.58, 48.53
2020-10-28, 12:44:27, 23.58, 48.53
2020-10-28, 12:44:28, 23.57, 48.53
2020-10-28, 12:44:30, 23.58, 48.53
2020-10-28, 12:44:31, 23.58, 48.53
2020-10-28, 12:44:33, 23.58, 48.53
2020-10-28, 12:44:34, 23.58, 48.53
2020-10-28, 12:44:35, 23.59, 48.53
2020-10-28, 12:44:37, 23.58, 48.53
2020-10-28, 12:44:38, 23.58, 48.53
2020-10-28, 12:44:39, 23.58, 48.53
2020-10-28, 12:44:41, 23.59, 48.53
2020-10-28, 12:44:42, 23.59, 48.53
2020-10-28, 12:44:43, 23.58, 48.53
2020-10-28, 12:44:45, 23.6, 48.53
2020-10-28, 12:44:46, 23.58, 48.5
2020-10-28, 12:44:47, 23.59, 48.53
2020-10-28, 12:44:49, 23.59, 48.53
2020-10-28, 12:44:50, 23.6, 48.53
2020-10-28, 12:44:52, 23.59, 48.5
2020-10-28, 12:44:53, 23.59, 48.53
2020-10-28, 12:44:54, 23.59, 48.5
2020-10-28, 12:44:56, 23.59, 48.5
2020-10-28, 12:44:57, 23.59, 48.5
2020-10-28, 12:44:58, 23.59, 48.5
2020-10-28, 12:45:00, 23.58, 48.53
2020-10-28, 12:45:01, 23.59, 48.53
2020-10-28, 12:45:02, 23.58, 48.53
2020-10-28, 12:45:04, 23.58, 48.5
2020-10-28, 12:45:05, 23.57, 48.5
2020-10-28, 12:45:06, 23.59, 48.5
2020-10-28, 12:45:08, 23.57, 48.5
2020-10-28, 12:45:09, 23.57, 48.5
2020-10-28, 12:45:11, 23.58, 48.53
2020-10-28, 12:45:12, 23.58, 48.5
2020-10-28, 12:45:13, 23.59, 48.5
2020-10-28, 12:45:15, 23.58, 48.5
2020-10-28, 12:45:16, 23.58, 48.5
2020-10-28, 12:45:17, 23.58, 48.5
2020-10-28, 12:45:19, 23.59, 48.5
2020-10-28, 12:45:20, 23.58, 48.46
2020-10-28, 12:45:21, 23.57, 48.46
2020-10-28, 12:45:23, 23.59, 48.5
2020-10-28, 12:45:24, 23.59, 48.5
2020-10-28, 12:45:26, 23.58, 48.5
2020-10-28, 12:45:27, 23.59, 48.47
2020-10-28, 12:45:28, 23.6, 48.47
2020-10-28, 12:45:30, 23.58, 48.5
2020-10-28, 12:45:31, 23.58, 48.46
2020-10-28, 12:45:32, 23.59, 48.47
2020-10-28, 12:45:34, 23.58, 48.5
2020-10-28, 12:45:35, 23.6, 48.47
2020-10-28, 12:45:36, 23.58, 48.46
2020-10-28, 12:45:38, 23.57, 48.5
2020-10-28, 12:45:39, 23.57, 48.5
2020-10-28, 12:45:41, 23.58, 48.46
2020-10-28, 12:45:42, 23.6, 48.47
2020-10-28, 12:45:43, 23.6, 48.47
2020-10-28, 12:45:45, 23.6, 48.5
2020-10-28, 12:45:46, 23.59, 48.47
2020-10-28, 12:45:47, 23.58, 48.46
2020-10-28, 12:45:49, 23.59, 48.47
2020-10-28, 12:45:50, 23.6, 48.47
2020-10-28, 12:45:51, 23.59, 48.47
2020-10-28, 12:45:53, 23.6, 48.47
2020-10-28, 12:45:54, 23.58, 48.46
2020-10-28, 12:45:55, 23.58, 48.46
2020-10-28, 12:45:57, 23.58, 48.46
2020-10-28, 12:45:58, 23.58, 48.46
2020-10-28, 12:46:00, 23.58, 48.46
2020-10-28, 12:46:01, 23.59, 48.47
2020-10-28, 12:46:02, 23.59, 48.47
2020-10-28, 12:46:04, 23.58, 48.43
2020-10-28, 12:46:05, 23.6, 48.47
2020-10-28, 12:46:06, 23.59, 48.47
2020-10-28, 12:46:08, 23.57, 48.43
2020-10-28, 12:46:09, 23.58, 48.43
2020-10-28, 12:46:10, 23.59, 48.43
2020-10-28, 12:46:12, 23.58, 48.43
2020-10-28, 12:46:13, 23.58, 48.46
2020-10-28, 12:46:14, 23.56, 48.43
2020-10-28, 12:46:16, 23.58, 48.43
2020-10-28, 12:46:17, 23.57, 48.43
2020-10-28, 12:46:19, 23.59, 48.43
2020-10-28, 12:46:20, 23.57, 48.43
2020-10-28, 12:46:21, 23.58, 48.46
2020-10-28, 12:46:23, 23.58, 48.46
2020-10-28, 12:46:24, 23.58, 48.43
2020-10-28, 12:46:25, 23.57, 48.46
2020-10-28, 12:46:27, 23.58, 48.46
2020-10-28, 12:46:28, 23.57, 48.43
2020-10-28, 12:46:29, 23.58, 48.46
2020-10-28, 12:46:31, 23.57, 48.46
2020-10-28, 12:46:32, 23.58, 48.46
2020-10-28, 12:46:33, 23.57, 48.46
2020-10-28, 12:46:35, 23.58, 48.46
2020-10-28, 12:46:36, 23.57, 48.46
2020-10-28, 12:46:38, 23.58, 48.43
2020-10-28, 12:46:39, 23.57, 48.43
2020-10-28, 12:46:40, 23.59, 48.43
2020-10-28, 12:46:42, 23.56, 48.46
2020-10-28, 12:46:43, 23.57, 48.46
2020-10-28, 12:46:44, 23.57, 48.46
2020-10-28, 12:46:46, 23.57, 48.43
2020-10-28, 12:46:47, 23.57, 48.43
2020-10-28, 12:46:48, 23.57, 48.46
2020-10-28, 12:46:50, 23.57, 48.46
2020-10-28, 12:46:51, 23.57, 48.43
2020-10-28, 12:46:52, 23.56, 48.46
2020-10-28, 12:46:54, 23.57, 48.46
2020-10-28, 12:46:55, 23.57, 48.46
2020-10-28, 12:46:56, 23.57, 48.46
2020-10-28, 12:46:58, 23.57, 48.46
2020-10-28, 12:46:59, 23.57, 48.46
2020-10-28, 12:47:01, 23.56, 48.46
2020-10-28, 12:47:02, 23.56, 48.46
2020-10-28, 12:47:03, 23.57, 48.46
2020-10-28, 12:47:05, 23.56, 48.46
2020-10-28, 12:47:06, 23.56, 48.46
2020-10-28, 12:47:07, 23.56, 48.46
2020-10-28, 12:47:09, 23.56, 48.46
2020-10-28, 12:47:10, 23.55, 48.46
2020-10-28, 12:47:11, 23.56, 48.46
2020-10-28, 12:47:13, 23.55, 48.43
2020-10-28, 12:47:14, 23.56, 48.46
2020-10-28, 12:47:15, 23.56, 48.46
2020-10-28, 12:47:17, 23.57, 48.43
2020-10-28, 12:47:18, 23.56, 48.46
2020-10-28, 12:47:20, 23.57, 48.46
2020-10-28, 12:47:21, 23.56, 48.46
2020-10-28, 12:47:22, 23.57, 48.46
2020-10-28, 12:47:24, 23.57, 48.43
2020-10-28, 12:47:25, 23.57, 48.43
2020-10-28, 12:47:26, 23.58, 48.43
2020-10-28, 12:47:28, 23.57, 48.43
2020-10-28, 12:47:29, 23.58, 48.43
2020-10-28, 12:47:30, 23.59, 48.43
2020-10-28, 12:47:32, 23.58, 48.43
2020-10-28, 12:47:33, 23.59, 48.4
2020-10-28, 12:47:34, 23.58, 48.4
2020-10-28, 12:47:36, 23.57, 48.4
2020-10-28, 12:47:37, 23.57, 48.4
2020-10-28, 12:47:38, 23.57, 48.4
2020-10-28, 12:47:40, 23.58, 48.4
2020-10-28, 12:47:41, 23.57, 48.4
2020-10-28, 12:47:43, 23.57, 48.4
2020-10-28, 12:47:44, 23.57, 48.4
2020-10-28, 12:47:45, 23.58, 48.4
2020-10-28, 12:47:47, 23.56, 48.4
2020-10-28, 12:47:48, 23.57, 48.4
2020-10-28, 12:47:49, 23.58, 48.4
2020-10-28, 12:47:51, 23.59, 48.4
2020-10-28, 12:47:52, 23.57, 48.4
2020-10-28, 12:47:53, 23.58, 48.4
2020-10-28, 12:47:55, 23.59, 48.4
2020-10-28, 12:47:56, 23.59, 48.4
2020-10-28, 12:47:57, 23.58, 48.4
2020-10-28, 12:47:59, 23.58, 48.4
2020-10-28, 12:48:00, 23.59, 48.4
2020-10-28, 12:48:02, 23.58, 48.4
2020-10-28, 12:48:03, 23.58, 48.4
2020-10-28, 12:48:04, 23.58, 48.4
2020-10-28, 12:48:06, 23.59, 48.4
2020-10-28, 12:48:07, 23.58, 48.37
2020-10-28, 12:48:08, 23.57, 48.37
2020-10-28, 12:48:10, 23.56, 48.37
2020-10-28, 12:48:11, 23.58, 48.4
2020-10-28, 12:48:12, 23.6, 48.37
2020-10-28, 12:48:14, 23.58, 48.4
2020-10-28, 12:48:15, 23.57, 48.37
2020-10-28, 12:48:16, 23.57, 48.37
2020-10-28, 12:48:18, 23.57, 48.37
2020-10-28, 12:48:19, 23.57, 48.37
2020-10-28, 12:48:20, 23.56, 48.37
2020-10-28, 12:48:22, 23.57, 48.37
2020-10-28, 12:48:23, 23.58, 48.37
2020-10-28, 12:48:25, 23.58, 48.34
2020-10-28, 12:48:26, 23.58, 48.37
2020-10-28, 12:48:27, 23.58, 48.37
2020-10-28, 12:48:29, 23.59, 48.34
2020-10-28, 12:48:30, 23.58, 48.37
2020-10-28, 12:48:31, 23.57, 48.34
2020-10-28, 12:48:33, 23.58, 48.34
2020-10-28, 12:48:34, 23.58, 48.34
2020-10-28, 12:48:35, 23.58, 48.34
2020-10-28, 12:48:37, 23.58, 48.37
2020-10-28, 12:48:38, 23.59, 48.34
2020-10-28, 12:48:39, 23.58, 48.34
2020-10-28, 12:48:41, 23.57, 48.34
2020-10-28, 12:48:42, 23.58, 48.34
2020-10-28, 12:48:43, 23.59, 48.34
2020-10-28, 12:48:45, 23.6, 48.34
2020-10-28, 12:48:46, 23.58, 48.34
2020-10-28, 12:48:48, 23.58, 48.34
2020-10-28, 12:48:49, 23.6, 48.34
2020-10-28, 12:48:50, 23.58, 48.34
2020-10-28, 12:48:52, 23.59, 48.34
2020-10-28, 12:48:53, 23.6, 48.34
2020-10-28, 12:48:54, 23.59, 48.31
2020-10-28, 12:48:56, 23.6, 48.31
2020-10-28, 12:48:57, 23.59, 48.34
2020-10-28, 12:48:58, 23.59, 48.34
2020-10-28, 12:49:00, 23.58, 48.34
2020-10-28, 12:49:01, 23.59, 48.31
2020-10-28, 12:49:03, 23.58, 48.34
2020-10-28, 12:49:04, 23.58, 48.34
2020-10-28, 12:49:05, 23.58, 48.34
2020-10-28, 12:49:07, 23.58, 48.34
2020-10-28, 12:49:08, 23.59, 48.31
2020-10-28, 12:49:09, 23.6, 48.31
2020-10-28, 12:49:11, 23.59, 48.31
2020-10-28, 12:49:12, 23.59, 48.31
2020-10-28, 12:49:13, 23.58, 48.31
2020-10-28, 12:49:15, 23.57, 48.3
2020-10-28, 12:49:16, 23.58, 48.34
2020-10-28, 12:49:17, 23.58, 48.31
2020-10-28, 12:49:19, 23.58, 48.34
2020-10-28, 12:49:20, 23.58, 48.31
2020-10-28, 12:49:21, 23.58, 48.31
2020-10-28, 12:49:23, 23.58, 48.31
2020-10-28, 12:49:24, 23.6, 48.31
2020-10-28, 12:49:26, 23.58, 48.34
2020-10-28, 12:49:27, 23.6, 48.28
2020-10-28, 12:49:28, 23.6, 48.31
2020-10-28, 12:49:30, 23.59, 48.31
2020-10-28, 12:49:31, 23.59, 48.27
2020-10-28, 12:49:32, 23.6, 48.28
2020-10-28, 12:49:34, 23.58, 48.31
2020-10-28, 12:49:35, 23.6, 48.28
2020-10-28, 12:49:36, 23.58, 48.27
2020-10-28, 12:49:38, 23.6, 48.28
2020-10-28, 12:49:39, 23.59, 48.27
2020-10-28, 12:49:40, 23.6, 48.28
2020-10-28, 12:49:42, 23.59, 48.27
2020-10-28, 12:49:43, 23.58, 48.27
2020-10-28, 12:49:45, 23.58, 48.27
2020-10-28, 12:49:46, 23.58, 48.27
2020-10-28, 12:49:47, 23.58, 48.27
2020-10-28, 12:49:49, 23.58, 48.27
2020-10-28, 12:49:50, 23.58, 48.31
2020-10-28, 12:49:51, 23.56, 48.27
2020-10-28, 12:49:53, 23.58, 48.27
2020-10-28, 12:49:54, 23.57, 48.3
2020-10-28, 12:49:55, 23.57, 48.3
2020-10-28, 12:49:57, 23.58, 48.27
2020-10-28, 12:49:58, 23.58, 48.27
2020-10-28, 12:49:59, 23.59, 48.27
2020-10-28, 12:50:01, 23.6, 48.28
2020-10-28, 12:50:02, 23.58, 48.27
2020-10-28, 12:50:04, 23.59, 48.27
2020-10-28, 12:50:05, 23.61, 48.28
2020-10-28, 12:50:06, 23.6, 48.28
2020-10-28, 12:50:08, 23.6, 48.28
2020-10-28, 12:50:09, 23.62, 48.28
2020-10-28, 12:50:10, 23.61, 48.28
2020-10-28, 12:50:12, 23.59, 48.24
2020-10-28, 12:50:13, 23.61, 48.21
2020-10-28, 12:50:14, 23.6, 48.24
2020-10-28, 12:50:16, 23.6, 48.24
2020-10-28, 12:50:17, 23.61, 48.28
2020-10-28, 12:50:18, 23.6, 48.24
2020-10-28, 12:50:20, 23.6, 48.24
2020-10-28, 12:50:21, 23.62, 48.21
2020-10-28, 12:50:23, 23.61, 48.25
2020-10-28, 12:50:24, 23.6, 48.24
2020-10-28, 12:50:25, 23.6, 48.21
2020-10-28, 12:50:27, 23.6, 48.21
2020-10-28, 12:50:28, 23.62, 48.25
2020-10-28, 12:50:29, 23.6, 48.21
2020-10-28, 12:50:31, 23.62, 48.21
2020-10-28, 12:50:32, 23.61, 48.21
2020-10-28, 12:50:33, 23.61, 48.18
2020-10-28, 12:50:35, 23.61, 48.18
2020-10-28, 12:50:36, 23.61, 48.18
2020-10-28, 12:50:37, 23.62, 48.18
2020-10-28, 12:50:39, 23.6, 48.18
2020-10-28, 12:50:40, 23.62, 48.18
2020-10-28, 12:50:41, 23.61, 48.18
2020-10-28, 12:50:43, 23.61, 48.18
2020-10-28, 12:50:44, 23.59, 48.18
2020-10-28, 12:50:46, 23.61, 48.21
2020-10-28, 12:50:47, 23.6, 48.18
2020-10-28, 12:50:48, 23.62, 48.18
2020-10-28, 12:50:50, 23.61, 48.18
2020-10-28, 12:50:51, 23.62, 48.15
2020-10-28, 12:50:52, 23.62, 48.18
2020-10-28, 12:50:54, 23.6, 48.15
2020-10-28, 12:50:55, 23.6, 48.18
2020-10-28, 12:50:56, 23.62, 48.15
2020-10-28, 12:50:58, 23.61, 48.18
2020-10-28, 12:50:59, 23.62, 48.18
2020-10-28, 12:51:01, 23.61, 48.15
2020-10-28, 12:51:02, 23.61, 48.18
2020-10-28, 12:51:03, 23.62, 48.15
2020-10-28, 12:51:05, 23.62, 48.15
2020-10-28, 12:51:06, 23.59, 48.15
2020-10-28, 12:51:07, 23.62, 48.15
2020-10-28, 12:51:09, 23.62, 48.15
2020-10-28, 12:51:10, 23.61, 48.15
2020-10-28, 12:51:11, 23.6, 48.15
2020-10-28, 12:51:13, 23.64, 48.15
2020-10-28, 12:51:14, 23.62, 48.15
2020-10-28, 12:51:15, 23.62, 48.15
2020-10-28, 12:51:17, 23.62, 48.15
2020-10-28, 12:51:18, 23.61, 48.12
2020-10-28, 12:51:20, 23.63, 48.12
2020-10-28, 12:51:21, 23.62, 48.12
2020-10-28, 12:51:22, 23.64, 48.12
2020-10-28, 12:51:24, 23.64, 48.12
2020-10-28, 12:51:25, 23.63, 48.12
2020-10-28, 12:51:26, 23.64, 48.12
2020-10-28, 12:51:28, 23.62, 48.12
2020-10-28, 12:51:29, 23.65, 48.12
2020-10-28, 12:51:30, 23.64, 48.12
2020-10-28, 12:51:32, 23.64, 48.12
2020-10-28, 12:51:33, 23.64, 48.09
2020-10-28, 12:51:35, 23.65, 48.09
2020-10-28, 12:51:36, 23.66, 48.09
2020-10-28, 12:51:37, 23.64, 48.09
2020-10-28, 12:51:39, 23.64, 48.09
2020-10-28, 12:51:40, 23.64, 48.09
2020-10-28, 12:51:41, 23.64, 48.06
2020-10-28, 12:51:43, 23.64, 48.06
2020-10-28, 12:51:44, 23.63, 48.09
2020-10-28, 12:51:45, 23.64, 48.09
2020-10-28, 12:51:47, 23.64, 48.06
2020-10-28, 12:51:48, 23.64, 48.06
2020-10-28, 12:51:49, 23.65, 48.06
2020-10-28, 12:51:51, 23.64, 48.06
2020-10-28, 12:51:52, 23.64, 48.06
2020-10-28, 12:51:53, 23.64, 48.03
2020-10-28, 12:51:55, 23.64, 48.03
2020-10-28, 12:51:56, 23.64, 48.03
2020-10-28, 12:51:58, 23.63, 48.02
2020-10-28, 12:51:59, 23.64, 48.03
2020-10-28, 12:52:00, 23.64, 48.03
2020-10-28, 12:52:02, 23.65, 48.03
2020-10-28, 12:52:03, 23.64, 48.03
2020-10-28, 12:52:04, 23.65, 48.03
2020-10-28, 12:52:06, 23.66, 48.03
2020-10-28, 12:52:07, 23.64, 48.03
2020-10-28, 12:52:08, 23.64, 48.03
2020-10-28, 12:52:10, 23.64, 48.03
2020-10-28, 12:52:11, 23.65, 48.03
2020-10-28, 12:52:12, 23.63, 48.02
2020-10-28, 12:52:14, 23.62, 48.02
2020-10-28, 12:52:15, 23.64, 48.03
2020-10-28, 12:52:17, 23.64, 48.03
2020-10-28, 12:52:18, 23.65, 48.03
2020-10-28, 12:52:19, 23.64, 47.99
2020-10-28, 12:52:21, 23.66, 48.03
2020-10-28, 12:52:22, 23.64, 48.03
2020-10-28, 12:52:23, 23.64, 48.03
2020-10-28, 12:52:25, 23.64, 47.99
2020-10-28, 12:52:26, 23.64, 47.99
2020-10-28, 12:52:27, 23.64, 47.99
2020-10-28, 12:52:29, 23.65, 47.99
2020-10-28, 12:52:30, 23.64, 47.99
2020-10-28, 12:52:31, 23.64, 47.99
2020-10-28, 12:52:33, 23.65, 47.99
2020-10-28, 12:52:34, 23.64, 47.99
2020-10-28, 12:52:36, 23.65, 47.96
2020-10-28, 12:52:37, 23.66, 48.0
2020-10-28, 12:52:38, 23.64, 47.99
2020-10-28, 12:52:40, 23.63, 47.99
2020-10-28, 12:52:41, 23.64, 47.96
2020-10-28, 12:52:42, 23.65, 47.96
2020-10-28, 12:52:44, 23.64, 47.99
2020-10-28, 12:52:45, 23.64, 47.96
2020-10-28, 12:52:46, 23.64, 47.96
2020-10-28, 12:52:48, 23.63, 47.99
2020-10-28, 12:52:49, 23.64, 47.96
2020-10-28, 12:52:50, 23.64, 47.99
2020-10-28, 12:52:52, 23.64, 47.96
2020-10-28, 12:52:53, 23.64, 47.99
2020-10-28, 12:52:55, 23.62, 47.99
2020-10-28, 12:52:56, 23.64, 47.99
2020-10-28, 12:52:57, 23.64, 47.99
2020-10-28, 12:52:59, 23.66, 48.0
2020-10-28, 12:53:00, 23.64, 47.99
2020-10-28, 12:53:01, 23.65, 47.99
2020-10-28, 12:53:03, 23.64, 47.99
2020-10-28, 12:53:04, 23.65, 47.99
2020-10-28, 12:53:05, 23.64, 47.99
2020-10-28, 12:53:07, 23.64, 47.96
2020-10-28, 12:53:08, 23.64, 47.96
2020-10-28, 12:53:09, 23.64, 47.96
2020-10-28, 12:53:11, 23.65, 47.96
2020-10-28, 12:53:12, 23.64, 47.96
2020-10-28, 12:53:14, 23.63, 47.96
2020-10-28, 12:53:15, 23.65, 47.96
2020-10-28, 12:53:16, 23.63, 47.96
2020-10-28, 12:53:18, 23.64, 47.96
2020-10-28, 12:53:19, 23.64, 47.96
2020-10-28, 12:53:20, 23.63, 47.99
2020-10-28, 12:53:22, 23.64, 47.96
2020-10-28, 12:53:23, 23.63, 47.96
2020-10-28, 12:53:24, 23.64, 47.99
2020-10-28, 12:53:26, 23.64, 47.96
2020-10-28, 12:53:27, 23.64, 47.96
2020-10-28, 12:53:28, 23.64, 47.96
2020-10-28, 12:53:30, 23.64, 47.96
2020-10-28, 12:53:31, 23.63, 47.99
2020-10-28, 12:53:32, 23.63, 47.96
2020-10-28, 12:53:34, 23.64, 47.96
2020-10-28, 12:53:35, 23.63, 47.99
2020-10-28, 12:53:37, 23.63, 47.96
2020-10-28, 12:53:38, 23.62, 47.96
2020-10-28, 12:53:39, 23.64, 47.96
2020-10-28, 12:53:41, 23.64, 47.96
2020-10-28, 12:53:42, 23.65, 47.96
2020-10-28, 12:53:43, 23.65, 47.96
2020-10-28, 12:53:45, 23.65, 47.96
2020-10-28, 12:53:46, 23.63, 47.96
2020-10-28, 12:53:47, 23.64, 47.96
2020-10-28, 12:53:49, 23.65, 47.96
2020-10-28, 12:53:50, 23.64, 47.96
2020-10-28, 12:53:51, 23.64, 47.96
2020-10-28, 12:53:53, 23.64, 47.96
2020-10-28, 12:53:54, 23.64, 47.96
2020-10-28, 12:53:56, 23.64, 47.96
2020-10-28, 12:53:57, 23.65, 47.96
2020-10-28, 12:53:58, 23.65, 47.96
2020-10-28, 12:54:00, 23.63, 47.96
2020-10-28, 12:54:01, 23.65, 47.96
2020-10-28, 12:54:02, 23.65, 47.96
2020-10-28, 12:54:04, 23.65, 47.96
2020-10-28, 12:54:05, 23.65, 47.96
2020-10-28, 12:54:06, 23.65, 47.96
2020-10-28, 12:54:08, 23.64, 47.96
2020-10-28, 12:54:09, 23.65, 47.96
2020-10-28, 12:54:10, 23.65, 47.96
2020-10-28, 12:54:12, 23.64, 47.93
2020-10-28, 12:54:13, 23.64, 47.93
2020-10-28, 12:54:15, 23.64, 47.93
2020-10-28, 12:54:16, 23.65, 47.93
2020-10-28, 12:54:17, 23.65, 47.93
2020-10-28, 12:54:19, 23.65, 47.93
2020-10-28, 12:54:20, 23.64, 47.9
2020-10-28, 12:54:21, 23.65, 47.9
2020-10-28, 12:54:23, 23.65, 47.93
2020-10-28, 12:54:24, 23.66, 47.93
2020-10-28, 12:54:25, 23.66, 47.9
2020-10-28, 12:54:27, 23.65, 47.9
2020-10-28, 12:54:28, 23.64, 47.9
2020-10-28, 12:54:29, 23.63, 47.9
2020-10-28, 12:54:31, 23.64, 47.9
2020-10-28, 12:54:32, 23.64, 47.9
2020-10-28, 12:54:34, 23.63, 47.9
2020-10-28, 12:54:35, 23.64, 47.9
2020-10-28, 12:54:36, 23.63, 47.9
2020-10-28, 12:54:38, 23.63, 47.9
2020-10-28, 12:54:39, 23.65, 47.9
2020-10-28, 12:54:40, 23.62, 47.93
2020-10-28, 12:54:42, 23.63, 47.9
2020-10-28, 12:54:43, 23.64, 47.9
2020-10-28, 12:54:44, 23.63, 47.9
2020-10-28, 12:54:46, 23.64, 47.93
2020-10-28, 12:54:47, 23.64, 47.9
2020-10-28, 12:54:48, 23.64, 47.9
2020-10-28, 12:54:50, 23.63, 47.9
2020-10-28, 12:54:51, 23.63, 47.9
2020-10-28, 12:54:53, 23.62, 47.9
2020-10-28, 12:54:54, 23.62, 47.9
2020-10-28, 12:54:55, 23.61, 47.89
2020-10-28, 12:54:57, 23.63, 47.9
2020-10-28, 12:54:58, 23.58, 47.89
2020-10-28, 12:54:59, 23.62, 47.93
2020-10-28, 12:55:01, 23.62, 47.93
2020-10-28, 12:55:02, 23.64, 47.93
2020-10-28, 12:55:03, 23.64, 47.93
2020-10-28, 12:55:05, 23.64, 47.93
2020-10-28, 12:55:06, 23.64, 47.9
2020-10-28, 12:55:08, 23.64, 47.9
2020-10-28, 12:55:09, 23.63, 47.9
2020-10-28, 12:55:10, 23.64, 47.9
2020-10-28, 12:55:12, 23.64, 47.9
2020-10-28, 12:55:13, 23.64, 47.9
2020-10-28, 12:55:14, 23.63, 47.9
2020-10-28, 12:55:16, 23.64, 47.9
2020-10-28, 12:55:17, 23.63, 47.9
2020-10-28, 12:55:18, 23.64, 47.9
2020-10-28, 12:55:20, 23.63, 47.93
2020-10-28, 12:55:21, 23.64, 47.93
2020-10-28, 12:55:23, 23.65, 47.93
2020-10-28, 12:55:24, 23.65, 47.93
2020-10-28, 12:55:25, 23.64, 47.9
2020-10-28, 12:55:27, 23.65, 47.9
2020-10-28, 12:55:28, 23.63, 47.9
2020-10-28, 12:55:29, 23.63, 47.9
2020-10-28, 12:55:31, 23.66, 47.9
2020-10-28, 12:55:32, 23.64, 47.9
2020-10-28, 12:55:33, 23.64, 47.9
2020-10-28, 12:55:35, 23.64, 47.9
2020-10-28, 12:55:36, 23.64, 47.9
2020-10-28, 12:55:37, 23.65, 47.9
2020-10-28, 12:55:39, 23.65, 47.9
2020-10-28, 12:55:40, 23.65, 47.9
2020-10-28, 12:55:42, 23.66, 47.9
2020-10-28, 12:55:43, 23.65, 47.9
2020-10-28, 12:55:44, 23.64, 47.9
2020-10-28, 12:55:46, 23.64, 47.9
2020-10-28, 12:55:47, 23.66, 47.9
2020-10-28, 12:55:48, 23.64, 47.9
2020-10-28, 12:55:50, 23.65, 47.9
2020-10-28, 12:55:51, 23.64, 47.9
2020-10-28, 12:55:52, 23.65, 47.9
2020-10-28, 12:55:54, 23.65, 47.9
2020-10-28, 12:55:55, 23.64, 47.9
2020-10-28, 12:55:56, 23.66, 47.9
2020-10-28, 12:55:58, 23.66, 47.9
2020-10-28, 12:55:59, 23.65, 47.9
2020-10-28, 12:56:01, 23.66, 47.9
2020-10-28, 12:56:02, 23.64, 47.9
2020-10-28, 12:56:03, 23.65, 47.9
2020-10-28, 12:56:05, 23.65, 47.9
2020-10-28, 12:56:06, 23.65, 47.9
2020-10-28, 12:56:07, 23.66, 47.9
2020-10-28, 12:56:09, 23.66, 47.9
2020-10-28, 12:56:10, 23.64, 47.9
2020-10-28, 12:56:11, 23.64, 47.9
2020-10-28, 12:56:13, 23.66, 47.9
2020-10-28, 12:56:14, 23.66, 47.9
2020-10-28, 12:56:16, 23.67, 47.9
2020-10-28, 12:56:17, 23.67, 47.9
2020-10-28, 12:56:18, 23.66, 47.87
2020-10-28, 12:56:20, 23.67, 47.9
2020-10-28, 12:56:21, 23.66, 47.9
2020-10-28, 12:56:22, 23.66, 47.9
2020-10-28, 12:56:24, 23.68, 47.9
2020-10-28, 12:56:25, 23.68, 47.9
2020-10-28, 12:56:26, 23.66, 47.87
2020-10-28, 12:56:28, 23.66, 47.87
2020-10-28, 12:56:29, 23.66, 47.9
2020-10-28, 12:56:30, 23.66, 47.87
2020-10-28, 12:56:32, 23.68, 47.9
2020-10-28, 12:56:33, 23.64, 47.9
2020-10-28, 12:56:35, 23.66, 47.9
2020-10-28, 12:56:36, 23.66, 47.9
2020-10-28, 12:56:37, 23.66, 47.9
2020-10-28, 12:56:39, 23.65, 47.9
2020-10-28, 12:56:40, 23.65, 47.9
2020-10-28, 12:56:41, 23.65, 47.9
2020-10-28, 12:56:43, 23.64, 47.9
2020-10-28, 12:56:44, 23.65, 47.9
2020-10-28, 12:56:45, 23.67, 47.9
2020-10-28, 12:56:47, 23.66, 47.9
2020-10-28, 12:56:48, 23.67, 47.9
2020-10-28, 12:56:49, 23.67, 47.9
2020-10-28, 12:56:51, 23.67, 47.9
2020-10-28, 12:56:52, 23.67, 47.9
2020-10-28, 12:56:54, 23.66, 47.9
2020-10-28, 12:56:55, 23.67, 47.9
2020-10-28, 12:56:56, 23.67, 47.9
2020-10-28, 12:56:58, 23.68, 47.9
2020-10-28, 12:56:59, 23.67, 47.9
2020-10-28, 12:57:00, 23.66, 47.9
2020-10-28, 12:57:02, 23.65, 47.9
2020-10-28, 12:57:03, 23.66, 47.9
2020-10-28, 12:57:04, 23.67, 47.9
2020-10-28, 12:57:06, 23.67, 47.9
2020-10-28, 12:57:07, 23.68, 47.9
2020-10-28, 12:57:08, 23.67, 47.9
2020-10-28, 12:57:10, 23.67, 47.9
2020-10-28, 12:57:11, 23.66, 47.9
2020-10-28, 12:57:12, 23.67, 47.9
2020-10-28, 12:57:14, 23.67, 47.93
2020-10-28, 12:57:15, 23.65, 47.9
2020-10-28, 12:57:17, 23.66, 47.93
2020-10-28, 12:57:18, 23.66, 47.9
2020-10-28, 12:57:19, 23.65, 47.9
2020-10-28, 12:57:21, 23.62, 47.93
2020-10-28, 12:57:22, 23.62, 47.93
2020-10-28, 12:57:23, 23.62, 47.96
2020-10-28, 12:57:25, 23.64, 47.96
2020-10-28, 12:57:26, 23.63, 47.96
2020-10-28, 12:57:27, 23.62, 47.96
2020-10-28, 12:57:29, 23.64, 47.96
2020-10-28, 12:57:30, 23.65, 47.96
2020-10-28, 12:57:31, 23.64, 47.96
2020-10-28, 12:57:33, 23.65, 47.96
2020-10-28, 12:57:34, 23.63, 47.96
2020-10-28, 12:57:36, 23.65, 47.96
2020-10-28, 12:57:37, 23.64, 47.93
2020-10-28, 12:57:38, 23.64, 47.96
2020-10-28, 12:57:40, 23.63, 47.96
2020-10-28, 12:57:41, 23.64, 47.96
2020-10-28, 12:57:42, 23.65, 47.96
2020-10-28, 12:57:44, 23.65, 47.96
2020-10-28, 12:57:45, 23.64, 47.96
2020-10-28, 12:57:46, 23.65, 47.96
2020-10-28, 12:57:48, 23.65, 47.96
2020-10-28, 12:57:49, 23.65, 47.96
2020-10-28, 12:57:51, 23.64, 47.96
2020-10-28, 12:57:52, 23.64, 47.96
2020-10-28, 12:57:53, 23.64, 47.99
2020-10-28, 12:57:55, 23.65, 47.96
2020-10-28, 12:57:56, 23.65, 47.99
2020-10-28, 12:57:57, 23.65, 47.96
2020-10-28, 12:57:59, 23.66, 47.96
2020-10-28, 12:58:00, 23.66, 47.96
2020-10-28, 12:58:01, 23.66, 47.96
2020-10-28, 12:58:03, 23.66, 47.96
2020-10-28, 12:58:04, 23.67, 48.0
2020-10-28, 12:58:05, 23.66, 47.96
2020-10-28, 12:58:07, 23.66, 47.96
2020-10-28, 12:58:08, 23.66, 47.96
2020-10-28, 12:58:10, 23.66, 48.0
2020-10-28, 12:58:11, 23.67, 48.0
2020-10-28, 12:58:12, 23.65, 47.99
2020-10-28, 12:58:14, 23.65, 47.99
2020-10-28, 12:58:15, 23.65, 48.03
2020-10-28, 12:58:16, 23.65, 47.96
2020-10-28, 12:58:18, 23.66, 48.0
2020-10-28, 12:58:19, 23.67, 48.0
2020-10-28, 12:58:20, 23.64, 47.99
2020-10-28, 12:58:22, 23.65, 47.99
2020-10-28, 12:58:23, 23.67, 48.03
2020-10-28, 12:58:24, 23.66, 48.0
2020-10-28, 12:58:26, 23.65, 48.03
2020-10-28, 12:58:27, 23.66, 48.03
2020-10-28, 12:58:29, 23.62, 48.02
2020-10-28, 12:58:30, 23.64, 48.03
2020-10-28, 12:58:31, 23.65, 48.03
2020-10-28, 12:58:33, 23.64, 47.99
2020-10-28, 12:58:34, 23.66, 48.03
2020-10-28, 12:58:35, 23.66, 48.03
2020-10-28, 12:58:37, 23.65, 48.03
2020-10-28, 12:58:38, 23.66, 48.03
2020-10-28, 12:58:39, 23.66, 48.0
2020-10-28, 12:58:41, 23.66, 48.0
2020-10-28, 12:58:42, 23.66, 48.03
2020-10-28, 12:58:44, 23.67, 48.0
2020-10-28, 12:58:45, 23.66, 48.0
2020-10-28, 12:58:46, 23.65, 47.99
2020-10-28, 12:58:48, 23.66, 48.03
2020-10-28, 12:58:49, 23.67, 48.0
2020-10-28, 12:58:50, 23.66, 48.03
2020-10-28, 12:58:52, 23.68, 48.0
2020-10-28, 12:58:53, 23.67, 48.0
2020-10-28, 12:58:54, 23.66, 48.0
2020-10-28, 12:58:56, 23.66, 48.0
2020-10-28, 12:58:57, 23.65, 48.03
2020-10-28, 12:58:58, 23.66, 48.0
2020-10-28, 12:59:00, 23.66, 48.0
2020-10-28, 12:59:01, 23.66, 48.03
2020-10-28, 12:59:03, 23.66, 48.03
2020-10-28, 12:59:04, 23.66, 48.03
2020-10-28, 12:59:05, 23.67, 48.03
2020-10-28, 12:59:07, 23.66, 48.03
2020-10-28, 12:59:08, 23.66, 48.03
2020-10-28, 12:59:09, 23.67, 48.03
2020-10-28, 12:59:11, 23.67, 48.03
2020-10-28, 12:59:12, 23.66, 48.03
2020-10-28, 12:59:13, 23.66, 48.03
2020-10-28, 12:59:15, 23.66, 48.06
2020-10-28, 12:59:16, 23.66, 48.06
2020-10-28, 12:59:17, 23.67, 48.06
2020-10-28, 12:59:19, 23.66, 48.06
2020-10-28, 12:59:20, 23.66, 48.03
2020-10-28, 12:59:21, 23.65, 48.06
2020-10-28, 12:59:23, 23.66, 48.03
2020-10-28, 12:59:24, 23.66, 48.06
2020-10-28, 12:59:26, 23.66, 48.06
2020-10-28, 12:59:27, 23.65, 48.06
2020-10-28, 12:59:28, 23.65, 48.06
2020-10-28, 12:59:30, 23.66, 48.06
2020-10-28, 12:59:31, 23.65, 48.03
2020-10-28, 12:59:32, 23.66, 48.03
2020-10-28, 12:59:34, 23.66, 48.03
2020-10-28, 12:59:35, 23.67, 48.03
2020-10-28, 12:59:36, 23.67, 48.03
2020-10-28, 12:59:38, 23.66, 48.06
2020-10-28, 12:59:39, 23.64, 48.06
2020-10-28, 12:59:40, 23.65, 48.06
2020-10-28, 12:59:42, 23.65, 48.06
2020-10-28, 12:59:43, 23.66, 48.06
2020-10-28, 12:59:45, 23.67, 48.09
2020-10-28, 12:59:46, 23.67, 48.09
2020-10-28, 12:59:47, 23.67, 48.06
2020-10-28, 12:59:49, 23.67, 48.09
2020-10-28, 12:59:50, 23.67, 48.06
2020-10-28, 12:59:51, 23.65, 48.09
2020-10-28, 12:59:53, 23.66, 48.09
2020-10-28, 12:59:54, 23.66, 48.09
2020-10-28, 12:59:55, 23.67, 48.09
2020-10-28, 12:59:57, 23.68, 48.09
2020-10-28, 12:59:58, 23.66, 48.12
2020-10-28, 12:59:59, 23.65, 48.09
2020-10-28, 13:00:01, 23.66, 48.09
2020-10-28, 13:00:02, 23.66, 48.09
2020-10-28, 13:00:04, 23.66, 48.12
2020-10-28, 13:00:05, 23.66, 48.09
2020-10-28, 13:00:06, 23.65, 48.12
2020-10-28, 13:00:08, 23.66, 48.12
2020-10-28, 13:00:09, 23.66, 48.09
2020-10-28, 13:00:10, 23.66, 48.09
2020-10-28, 13:00:12, 23.66, 48.09
2020-10-28, 13:00:13, 23.66, 48.09
2020-10-28, 13:00:14, 23.66, 48.12
2020-10-28, 13:00:16, 23.66, 48.09
2020-10-28, 13:00:17, 23.67, 48.09
2020-10-28, 13:00:18, 23.66, 48.12
2020-10-28, 13:00:20, 23.68, 48.13
2020-10-28, 13:00:21, 23.67, 48.13
2020-10-28, 13:00:23, 23.68, 48.13
2020-10-28, 13:00:24, 23.68, 48.13
2020-10-28, 13:00:25, 23.68, 48.13
2020-10-28, 13:00:27, 23.68, 48.13
2020-10-28, 13:00:28, 23.68, 48.13
2020-10-28, 13:00:29, 23.67, 48.13
2020-10-28, 13:00:31, 23.68, 48.09
2020-10-28, 13:00:32, 23.68, 48.13
2020-10-28, 13:00:33, 23.68, 48.09
2020-10-28, 13:00:35, 23.68, 48.13
2020-10-28, 13:00:36, 23.68, 48.09
2020-10-28, 13:00:37, 23.68, 48.09
2020-10-28, 13:00:39, 23.68, 48.09
2020-10-28, 13:00:40, 23.69, 48.1
2020-10-28, 13:00:42, 23.68, 48.09
2020-10-28, 13:00:43, 23.69, 48.1
2020-10-28, 13:00:44, 23.69, 48.1
2020-10-28, 13:00:46, 23.69, 48.1
2020-10-28, 13:00:47, 23.69, 48.1
2020-10-28, 13:00:48, 23.68, 48.09
2020-10-28, 13:00:50, 23.68, 48.09
2020-10-28, 13:00:51, 23.68, 48.09
2020-10-28, 13:00:53, 23.68, 48.09
2020-10-28, 13:00:54, 23.68, 48.09
2020-10-28, 13:00:55, 23.7, 48.1
2020-10-28, 13:00:57, 23.68, 48.09
2020-10-28, 13:00:58, 23.7, 48.1
2020-10-28, 13:00:59, 23.69, 48.1
2020-10-28, 13:01:01, 23.69, 48.1
2020-10-28, 13:01:02, 23.7, 48.1
2020-10-28, 13:01:03, 23.68, 48.09
2020-10-28, 13:01:05, 23.68, 48.09
2020-10-28, 13:01:06, 23.67, 48.09
2020-10-28, 13:01:07, 23.68, 48.09
2020-10-28, 13:01:09, 23.69, 48.13
2020-10-28, 13:01:10, 23.69, 48.1
2020-10-28, 13:01:12, 23.68, 48.13
2020-10-28, 13:01:13, 23.68, 48.09
2020-10-28, 13:01:14, 23.69, 48.13
2020-10-28, 13:01:16, 23.68, 48.13
2020-10-28, 13:01:17, 23.68, 48.13
2020-10-28, 13:01:18, 23.66, 48.16
2020-10-28, 13:01:20, 23.68, 48.16
2020-10-28, 13:01:21, 23.68, 48.16
2020-10-28, 13:01:22, 23.68, 48.16
2020-10-28, 13:01:24, 23.67, 48.13
2020-10-28, 13:01:25, 23.66, 48.16
2020-10-28, 13:01:26, 23.66, 48.12
2020-10-28, 13:01:28, 23.68, 48.16
2020-10-28, 13:01:29, 23.69, 48.16
2020-10-28, 13:01:31, 23.69, 48.13
2020-10-28, 13:01:32, 23.68, 48.16
2020-10-28, 13:01:33, 23.69, 48.13
2020-10-28, 13:01:35, 23.7, 48.13
2020-10-28, 13:01:36, 23.68, 48.13
2020-10-28, 13:01:37, 23.68, 48.13
2020-10-28, 13:01:39, 23.68, 48.13
2020-10-28, 13:01:40, 23.69, 48.13
2020-10-28, 13:01:41, 23.68, 48.13
2020-10-28, 13:01:43, 23.68, 48.13
2020-10-28, 13:01:44, 23.68, 48.16
2020-10-28, 13:01:45, 23.68, 48.13
2020-10-28, 13:01:47, 23.67, 48.13
2020-10-28, 13:01:48, 23.66, 48.16
2020-10-28, 13:01:50, 23.68, 48.16
2020-10-28, 13:01:51, 23.68, 48.13
2020-10-28, 13:01:52, 23.69, 48.13
2020-10-28, 13:01:54, 23.69, 48.16
2020-10-28, 13:01:55, 23.69, 48.13
2020-10-28, 13:01:56, 23.69, 48.13
2020-10-28, 13:01:58, 23.7, 48.13
2020-10-28, 13:01:59, 23.68, 48.16
2020-10-28, 13:02:00, 23.68, 48.13
2020-10-28, 13:02:02, 23.7, 48.13
2020-10-28, 13:02:03, 23.68, 48.16
2020-10-28, 13:02:04, 23.69, 48.16
2020-10-28, 13:02:06, 23.68, 48.16
2020-10-28, 13:02:07, 23.68, 48.13
2020-10-28, 13:02:09, 23.68, 48.13
2020-10-28, 13:02:10, 23.68, 48.13
2020-10-28, 13:02:11, 23.68, 48.16
2020-10-28, 13:02:13, 23.68, 48.16
2020-10-28, 13:02:14, 23.69, 48.13
2020-10-28, 13:02:15, 23.68, 48.13
2020-10-28, 13:02:17, 23.68, 48.13
2020-10-28, 13:02:18, 23.68, 48.13
2020-10-28, 13:02:19, 23.67, 48.16
2020-10-28, 13:02:21, 23.67, 48.13
2020-10-28, 13:02:22, 23.69, 48.16
2020-10-28, 13:02:23, 23.68, 48.13
2020-10-28, 13:02:25, 23.68, 48.13
2020-10-28, 13:02:26, 23.67, 48.13
2020-10-28, 13:02:28, 23.67, 48.16
2020-10-28, 13:02:29, 23.67, 48.16
2020-10-28, 13:02:30, 23.68, 48.13
2020-10-28, 13:02:32, 23.68, 48.13
2020-10-28, 13:02:33, 23.68, 48.13
2020-10-28, 13:02:34, 23.68, 48.13
2020-10-28, 13:02:36, 23.67, 48.13
2020-10-28, 13:02:37, 23.68, 48.13
2020-10-28, 13:02:38, 23.68, 48.09
2020-10-28, 13:02:40, 23.68, 48.13
2020-10-28, 13:02:41, 23.67, 48.13
2020-10-28, 13:02:42, 23.68, 48.13
2020-10-28, 13:02:44, 23.68, 48.13
2020-10-28, 13:02:45, 23.69, 48.13
2020-10-28, 13:02:47, 23.69, 48.13
2020-10-28, 13:02:48, 23.7, 48.13
2020-10-28, 13:02:49, 23.69, 48.1
2020-10-28, 13:02:51, 23.69, 48.1
2020-10-28, 13:02:52, 23.7, 48.1
2020-10-28, 13:02:53, 23.7, 48.1
2020-10-28, 13:02:55, 23.7, 48.1
2020-10-28, 13:02:56, 23.69, 48.1
2020-10-28, 13:02:57, 23.7, 48.1
2020-10-28, 13:02:59, 23.7, 48.1
2020-10-28, 13:03:00, 23.7, 48.1
2020-10-28, 13:03:01, 23.7, 48.1
2020-10-28, 13:03:03, 23.72, 48.1
2020-10-28, 13:03:04, 23.72, 48.1
2020-10-28, 13:03:06, 23.7, 48.1
2020-10-28, 13:03:07, 23.7, 48.1
2020-10-28, 13:03:08, 23.71, 48.1
2020-10-28, 13:03:10, 23.7, 48.07
2020-10-28, 13:03:11, 23.7, 48.07
2020-10-28, 13:03:12, 23.7, 48.1
2020-10-28, 13:03:14, 23.7, 48.07
2020-10-28, 13:03:15, 23.7, 48.1
2020-10-28, 13:03:16, 23.71, 48.1
2020-10-28, 13:03:18, 23.7, 48.1
2020-10-28, 13:03:19, 23.69, 48.06
2020-10-28, 13:03:20, 23.68, 48.09
2020-10-28, 13:03:22, 23.68, 48.09
2020-10-28, 13:03:23, 23.68, 48.09
2020-10-28, 13:03:25, 23.68, 48.09
2020-10-28, 13:03:26, 23.7, 48.1
2020-10-28, 13:03:27, 23.68, 48.09
2020-10-28, 13:03:29, 23.67, 48.09
2020-10-28, 13:03:30, 23.67, 48.09
2020-10-28, 13:03:31, 23.67, 48.09
2020-10-28, 13:03:33, 23.67, 48.09
2020-10-28, 13:03:34, 23.67, 48.09
2020-10-28, 13:03:35, 23.68, 48.09
2020-10-28, 13:03:37, 23.68, 48.09
2020-10-28, 13:03:38, 23.68, 48.09
2020-10-28, 13:03:40, 23.69, 48.1
2020-10-28, 13:03:41, 23.68, 48.09
2020-10-28, 13:03:42, 23.68, 48.09
2020-10-28, 13:03:44, 23.68, 48.09
2020-10-28, 13:03:45, 23.69, 48.1
2020-10-28, 13:03:46, 23.68, 48.09
2020-10-28, 13:03:48, 23.7, 48.1
2020-10-28, 13:03:49, 23.69, 48.1
2020-10-28, 13:03:50, 23.68, 48.09
2020-10-28, 13:03:52, 23.69, 48.1
2020-10-28, 13:03:53, 23.69, 48.1
2020-10-28, 13:03:54, 23.67, 48.09
2020-10-28, 13:03:56, 23.68, 48.09
2020-10-28, 13:03:57, 23.7, 48.1
2020-10-28, 13:03:59, 23.68, 48.09
2020-10-28, 13:04:00, 23.69, 48.06
2020-10-28, 13:04:01, 23.7, 48.1
2020-10-28, 13:04:03, 23.69, 48.06
2020-10-28, 13:04:04, 23.69, 48.1
2020-10-28, 13:04:05, 23.69, 48.1
2020-10-28, 13:04:07, 23.7, 48.1
2020-10-28, 13:04:08, 23.69, 48.06
2020-10-28, 13:04:09, 23.69, 48.06
2020-10-28, 13:04:11, 23.69, 48.06
2020-10-28, 13:04:12, 23.69, 48.1
2020-10-28, 13:04:13, 23.68, 48.06
2020-10-28, 13:04:15, 23.69, 48.06
2020-10-28, 13:04:16, 23.68, 48.09
2020-10-28, 13:04:17, 23.67, 48.09
2020-10-28, 13:04:19, 23.68, 48.09
2020-10-28, 13:04:20, 23.66, 48.09
2020-10-28, 13:04:22, 23.66, 48.09
2020-10-28, 13:04:23, 23.65, 48.09
2020-10-28, 13:04:24, 23.66, 48.09
2020-10-28, 13:04:26, 23.68, 48.09
2020-10-28, 13:04:27, 23.68, 48.09
2020-10-28, 13:04:28, 23.67, 48.09
2020-10-28, 13:04:30, 23.67, 48.09
2020-10-28, 13:04:31, 23.66, 48.09
2020-10-28, 13:04:32, 23.67, 48.09
2020-10-28, 13:04:34, 23.68, 48.09
2020-10-28, 13:04:35, 23.67, 48.09
2020-10-28, 13:04:36, 23.67, 48.09
2020-10-28, 13:04:38, 23.67, 48.09
2020-10-28, 13:04:39, 23.67, 48.09
2020-10-28, 13:04:41, 23.66, 48.09
2020-10-28, 13:04:42, 23.67, 48.09
2020-10-28, 13:04:43, 23.67, 48.09
2020-10-28, 13:04:45, 23.67, 48.09
2020-10-28, 13:04:46, 23.67, 48.09
2020-10-28, 13:04:47, 23.67, 48.09
2020-10-28, 13:04:49, 23.67, 48.09
2020-10-28, 13:04:50, 23.68, 48.09
2020-10-28, 13:04:51, 23.67, 48.09
2020-10-28, 13:04:53, 23.67, 48.09
2020-10-28, 13:04:54, 23.67, 48.09
2020-10-28, 13:04:55, 23.67, 48.09
2020-10-28, 13:04:57, 23.67, 48.09
2020-10-28, 13:04:58, 23.66, 48.09
2020-10-28, 13:04:59, 23.64, 48.09
2020-10-28, 13:05:01, 23.65, 48.09
2020-10-28, 13:05:02, 23.65, 48.09
2020-10-28, 13:05:04, 23.66, 48.09
2020-10-28, 13:05:05, 23.65, 48.09
2020-10-28, 13:05:06, 23.66, 48.09
2020-10-28, 13:05:08, 23.66, 48.09
2020-10-28, 13:05:09, 23.66, 48.09
2020-10-28, 13:05:10, 23.67, 48.09
2020-10-28, 13:05:12, 23.66, 48.09
2020-10-28, 13:05:13, 23.66, 48.09
2020-10-28, 13:05:14, 23.66, 48.09
2020-10-28, 13:05:16, 23.66, 48.09
2020-10-28, 13:05:17, 23.67, 48.09
2020-10-28, 13:05:18, 23.66, 48.09
2020-10-28, 13:05:20, 23.65, 48.09
2020-10-28, 13:05:21, 23.66, 48.09
2020-10-28, 13:05:23, 23.67, 48.09
2020-10-28, 13:05:24, 23.67, 48.09
2020-10-28, 13:05:25, 23.66, 48.09
2020-10-28, 13:05:27, 23.68, 48.09
2020-10-28, 13:05:28, 23.69, 48.1
2020-10-28, 13:05:29, 23.68, 48.06
2020-10-28, 13:05:31, 23.68, 48.06
2020-10-28, 13:05:32, 23.68, 48.06
2020-10-28, 13:05:33, 23.69, 48.06
2020-10-28, 13:05:35, 23.68, 48.06
2020-10-28, 13:05:36, 23.68, 48.06
2020-10-28, 13:05:37, 23.68, 48.03
2020-10-28, 13:05:39, 23.68, 48.06
2020-10-28, 13:05:40, 23.68, 48.03
2020-10-28, 13:05:41, 23.69, 48.03
2020-10-28, 13:05:43, 23.69, 48.03
2020-10-28, 13:05:44, 23.68, 48.03
2020-10-28, 13:05:46, 23.68, 48.03
2020-10-28, 13:05:47, 23.67, 48.06
2020-10-28, 13:05:48, 23.68, 48.03
2020-10-28, 13:05:50, 23.66, 48.03
2020-10-28, 13:05:51, 23.66, 48.06
2020-10-28, 13:05:52, 23.68, 48.06
2020-10-28, 13:05:54, 23.68, 48.03
2020-10-28, 13:05:55, 23.68, 48.06
2020-10-28, 13:05:56, 23.66, 48.03
2020-10-28, 13:05:58, 23.67, 48.06
2020-10-28, 13:05:59, 23.68, 48.03
2020-10-28, 13:06:00, 23.67, 48.03
2020-10-28, 13:06:02, 23.66, 48.06
2020-10-28, 13:06:03, 23.66, 48.03
2020-10-28, 13:06:05, 23.67, 48.06
2020-10-28, 13:06:06, 23.67, 48.03
2020-10-28, 13:06:07, 23.68, 48.03
2020-10-28, 13:06:09, 23.67, 48.06
2020-10-28, 13:06:10, 23.68, 48.03
2020-10-28, 13:06:11, 23.68, 48.03
2020-10-28, 13:06:13, 23.68, 48.03
2020-10-28, 13:06:14, 23.66, 48.03
2020-10-28, 13:06:15, 23.67, 48.06
2020-10-28, 13:06:17, 23.68, 48.03
2020-10-28, 13:06:18, 23.66, 48.03
2020-10-28, 13:06:19, 23.64, 48.06
2020-10-28, 13:06:21, 23.65, 48.03
2020-10-28, 13:06:22, 23.66, 48.09
2020-10-28, 13:06:24, 23.66, 48.06
2020-10-28, 13:06:25, 23.65, 48.03
2020-10-28, 13:06:26, 23.65, 48.06
2020-10-28, 13:06:28, 23.66, 48.06
2020-10-28, 13:06:29, 23.66, 48.03
2020-10-28, 13:06:30, 23.66, 48.06
2020-10-28, 13:06:32, 23.65, 48.06
2020-10-28, 13:06:33, 23.65, 48.09
2020-10-28, 13:06:34, 23.65, 48.06
2020-10-28, 13:06:36, 23.66, 48.06
2020-10-28, 13:06:37, 23.66, 48.06
2020-10-28, 13:06:38, 23.66, 48.06
2020-10-28, 13:06:40, 23.65, 48.03
2020-10-28, 13:06:41, 23.64, 48.06
2020-10-28, 13:06:43, 23.66, 48.03
2020-10-28, 13:06:44, 23.65, 48.06
2020-10-28, 13:06:45, 23.65, 48.06
2020-10-28, 13:06:47, 23.65, 48.06
2020-10-28, 13:06:48, 23.65, 48.06
2020-10-28, 13:06:49, 23.64, 48.06
2020-10-28, 13:06:51, 23.64, 48.09
2020-10-28, 13:06:52, 23.65, 48.09
2020-10-28, 13:06:53, 23.64, 48.09
2020-10-28, 13:06:55, 23.63, 48.09
2020-10-28, 13:06:56, 23.64, 48.09
2020-10-28, 13:06:57, 23.62, 48.09
2020-10-28, 13:06:59, 23.63, 48.09
2020-10-28, 13:07:00, 23.63, 48.09
2020-10-28, 13:07:02, 23.64, 48.09
2020-10-28, 13:07:03, 23.63, 48.09
2020-10-28, 13:07:04, 23.64, 48.09
2020-10-28, 13:07:06, 23.65, 48.09
2020-10-28, 13:07:07, 23.64, 48.09
2020-10-28, 13:07:08, 23.63, 48.09
2020-10-28, 13:07:10, 23.63, 48.09
2020-10-28, 13:07:11, 23.64, 48.09
2020-10-28, 13:07:12, 23.63, 48.09
2020-10-28, 13:07:14, 23.64, 48.09
2020-10-28, 13:07:15, 23.64, 48.09
2020-10-28, 13:07:17, 23.65, 48.09
2020-10-28, 13:07:18, 23.66, 48.09
2020-10-28, 13:07:19, 23.65, 48.09
2020-10-28, 13:07:21, 23.64, 48.09
2020-10-28, 13:07:22, 23.65, 48.06
2020-10-28, 13:07:23, 23.65, 48.03
2020-10-28, 13:07:25, 23.64, 48.06
2020-10-28, 13:07:26, 23.65, 48.03
2020-10-28, 13:07:27, 23.64, 48.03
2020-10-28, 13:07:29, 23.64, 48.03
2020-10-28, 13:07:30, 23.64, 48.03
2020-10-28, 13:07:31, 23.65, 48.03
2020-10-28, 13:07:33, 23.63, 48.02
2020-10-28, 13:07:34, 23.63, 48.02
2020-10-28, 13:07:36, 23.62, 48.02
2020-10-28, 13:07:37, 23.64, 48.03
2020-10-28, 13:07:38, 23.62, 48.06
2020-10-28, 13:07:40, 23.63, 48.06
2020-10-28, 13:07:41, 23.62, 48.06
2020-10-28, 13:07:42, 23.63, 48.09
2020-10-28, 13:07:44, 23.63, 48.06
2020-10-28, 13:07:45, 23.62, 48.06
2020-10-28, 13:07:46, 23.63, 48.06
2020-10-28, 13:07:48, 23.64, 48.06
2020-10-28, 13:07:49, 23.64, 48.06
2020-10-28, 13:07:50, 23.65, 48.06
2020-10-28, 13:07:52, 23.64, 48.06
2020-10-28, 13:07:53, 23.64, 48.06
2020-10-28, 13:07:55, 23.63, 48.06
2020-10-28, 13:07:56, 23.63, 48.06
2020-10-28, 13:07:57, 23.63, 48.06
2020-10-28, 13:07:59, 23.64, 48.03
2020-10-28, 13:08:00, 23.62, 48.06
2020-10-28, 13:08:01, 23.63, 48.06
2020-10-28, 13:08:03, 23.63, 48.09
2020-10-28, 13:08:04, 23.62, 48.06
2020-10-28, 13:08:05, 23.61, 48.09
2020-10-28, 13:08:07, 23.61, 48.09
2020-10-28, 13:08:08, 23.62, 48.09
2020-10-28, 13:08:09, 23.63, 48.09
2020-10-28, 13:08:11, 23.63, 48.09
2020-10-28, 13:08:12, 23.64, 48.09
2020-10-28, 13:08:14, 23.63, 48.09
2020-10-28, 13:08:15, 23.64, 48.09
2020-10-28, 13:08:16, 23.64, 48.06
2020-10-28, 13:08:18, 23.63, 48.06
2020-10-28, 13:08:19, 23.63, 48.06
2020-10-28, 13:08:20, 23.61, 48.05
2020-10-28, 13:08:22, 23.62, 48.06
2020-10-28, 13:08:23, 23.6, 48.05
2020-10-28, 13:08:24, 23.62, 48.09
2020-10-28, 13:08:26, 23.62, 48.09
2020-10-28, 13:08:27, 23.61, 48.05
2020-10-28, 13:08:28, 23.62, 48.09
2020-10-28, 13:08:30, 23.61, 48.09
2020-10-28, 13:08:31, 23.62, 48.09
2020-10-28, 13:08:33, 23.62, 48.09
2020-10-28, 13:08:34, 23.62, 48.09
2020-10-28, 13:08:35, 23.61, 48.09
2020-10-28, 13:08:37, 23.62, 48.09
2020-10-28, 13:08:38, 23.62, 48.09
2020-10-28, 13:08:39, 23.62, 48.09
2020-10-28, 13:08:41, 23.61, 48.09
2020-10-28, 13:08:42, 23.62, 48.06
2020-10-28, 13:08:43, 23.62, 48.06
2020-10-28, 13:08:45, 23.62, 48.09
2020-10-28, 13:08:46, 23.62, 48.06
2020-10-28, 13:08:47, 23.62, 48.09
2020-10-28, 13:08:49, 23.62, 48.06
2020-10-28, 13:08:50, 23.6, 48.08
2020-10-28, 13:08:52, 23.62, 48.06
2020-10-28, 13:08:53, 23.61, 48.05
2020-10-28, 13:08:54, 23.61, 48.09
2020-10-28, 13:08:56, 23.61, 48.09
2020-10-28, 13:08:57, 23.61, 48.09
2020-10-28, 13:08:58, 23.61, 48.09
2020-10-28, 13:09:00, 23.61, 48.09
2020-10-28, 13:09:01, 23.62, 48.09
2020-10-28, 13:09:02, 23.62, 48.09
2020-10-28, 13:09:04, 23.62, 48.09
2020-10-28, 13:09:05, 23.61, 48.05
2020-10-28, 13:09:06, 23.6, 48.05
2020-10-28, 13:09:08, 23.62, 48.09
2020-10-28, 13:09:09, 23.61, 48.09
2020-10-28, 13:09:11, 23.62, 48.09
2020-10-28, 13:09:12, 23.61, 48.05
2020-10-28, 13:09:13, 23.6, 48.05
2020-10-28, 13:09:15, 23.61, 48.05
2020-10-28, 13:09:16, 23.6, 48.05
2020-10-28, 13:09:17, 23.61, 48.05
2020-10-28, 13:09:19, 23.6, 48.05
2020-10-28, 13:09:20, 23.6, 48.08
2020-10-28, 13:09:21, 23.6, 48.05
2020-10-28, 13:09:23, 23.6, 48.05
2020-10-28, 13:09:24, 23.61, 48.05
2020-10-28, 13:09:25, 23.61, 48.05
2020-10-28, 13:09:27, 23.62, 48.06
2020-10-28, 13:09:28, 23.59, 48.08
2020-10-28, 13:09:30, 23.59, 48.05
2020-10-28, 13:09:31, 23.6, 48.05
2020-10-28, 13:09:32, 23.59, 48.05
2020-10-28, 13:09:34, 23.57, 48.02
2020-10-28, 13:09:35, 23.6, 48.05
2020-10-28, 13:09:36, 23.59, 48.05
2020-10-28, 13:09:38, 23.6, 48.05
2020-10-28, 13:09:39, 23.6, 48.05
2020-10-28, 13:09:40, 23.58, 48.02
2020-10-28, 13:09:42, 23.58, 48.05
2020-10-28, 13:09:43, 23.59, 48.05
2020-10-28, 13:09:44, 23.58, 48.02
2020-10-28, 13:09:46, 23.57, 48.05
2020-10-28, 13:09:47, 23.57, 48.05
2020-10-28, 13:09:49, 23.58, 48.05
2020-10-28, 13:09:50, 23.59, 48.05
2020-10-28, 13:09:51, 23.58, 48.02
2020-10-28, 13:09:53, 23.58, 48.05
2020-10-28, 13:09:54, 23.58, 48.05
2020-10-28, 13:09:55, 23.57, 48.02
2020-10-28, 13:09:57, 23.58, 48.05
2020-10-28, 13:09:58, 23.58, 48.05
2020-10-28, 13:09:59, 23.6, 48.05
2020-10-28, 13:10:01, 23.58, 48.05
2020-10-28, 13:10:02, 23.59, 48.05
2020-10-28, 13:10:03, 23.58, 48.02
2020-10-28, 13:10:05, 23.58, 48.05
2020-10-28, 13:10:06, 23.59, 48.05
2020-10-28, 13:10:08, 23.58, 48.05
2020-10-28, 13:10:09, 23.59, 48.02
2020-10-28, 13:10:10, 23.58, 48.05
2020-10-28, 13:10:12, 23.57, 48.02
2020-10-28, 13:10:13, 23.58, 48.05
2020-10-28, 13:10:14, 23.59, 48.05
2020-10-28, 13:10:16, 23.58, 48.02
2020-10-28, 13:10:17, 23.58, 48.05
2020-10-28, 13:10:18, 23.57, 48.02
2020-10-28, 13:10:20, 23.58, 48.02
2020-10-28, 13:10:21, 23.57, 48.02
2020-10-28, 13:10:22, 23.57, 48.02
2020-10-28, 13:10:24, 23.57, 48.02
2020-10-28, 13:10:25, 23.57, 48.05
2020-10-28, 13:10:27, 23.57, 48.05
2020-10-28, 13:10:28, 23.57, 48.05
2020-10-28, 13:10:29, 23.56, 48.05
2020-10-28, 13:10:31, 23.57, 48.05
2020-10-28, 13:10:32, 23.57, 48.05
2020-10-28, 13:10:33, 23.56, 48.05
2020-10-28, 13:10:35, 23.56, 48.08
2020-10-28, 13:10:36, 23.57, 48.08
2020-10-28, 13:10:37, 23.57, 48.08
2020-10-28, 13:10:39, 23.57, 48.08
2020-10-28, 13:10:40, 23.57, 48.05
2020-10-28, 13:10:41, 23.58, 48.05
2020-10-28, 13:10:43, 23.57, 48.08
2020-10-28, 13:10:44, 23.56, 48.08
2020-10-28, 13:10:46, 23.57, 48.08
2020-10-28, 13:10:47, 23.55, 48.08
2020-10-28, 13:10:48, 23.56, 48.08
2020-10-28, 13:10:50, 23.56, 48.08
2020-10-28, 13:10:51, 23.56, 48.08
2020-10-28, 13:10:52, 23.56, 48.08
2020-10-28, 13:10:54, 23.55, 48.08
2020-10-28, 13:10:55, 23.56, 48.08
2020-10-28, 13:10:56, 23.55, 48.11
2020-10-28, 13:10:58, 23.54, 48.08
2020-10-28, 13:10:59, 23.55, 48.08
2020-10-28, 13:11:00, 23.55, 48.08
2020-10-28, 13:11:02, 23.55, 48.11
2020-10-28, 13:11:03, 23.56, 48.08
2020-10-28, 13:11:05, 23.56, 48.08
2020-10-28, 13:11:06, 23.56, 48.08
2020-10-28, 13:11:07, 23.56, 48.08
2020-10-28, 13:11:09, 23.57, 48.08
2020-10-28, 13:11:10, 23.56, 48.08
2020-10-28, 13:11:11, 23.56, 48.08
2020-10-28, 13:11:13, 23.57, 48.08
2020-10-28, 13:11:14, 23.56, 48.08
2020-10-28, 13:11:15, 23.57, 48.08
2020-10-28, 13:11:17, 23.57, 48.08
2020-10-28, 13:11:18, 23.56, 48.08
2020-10-28, 13:11:19, 23.57, 48.05
2020-10-28, 13:11:21, 23.56, 48.05
2020-10-28, 13:11:22, 23.56, 48.08
2020-10-28, 13:11:24, 23.56, 48.08
2020-10-28, 13:11:25, 23.56, 48.08
2020-10-28, 13:11:26, 23.57, 48.05
2020-10-28, 13:11:28, 23.56, 48.05
2020-10-28, 13:11:29, 23.55, 48.05
2020-10-28, 13:11:30, 23.56, 48.08
2020-10-28, 13:11:32, 23.55, 48.08
2020-10-28, 13:11:33, 23.54, 48.04
2020-10-28, 13:11:34, 23.56, 48.05
2020-10-28, 13:11:36, 23.54, 48.04
2020-10-28, 13:11:37, 23.56, 48.02
2020-10-28, 13:11:38, 23.55, 48.05
2020-10-28, 13:11:40, 23.55, 48.05
2020-10-28, 13:11:41, 23.56, 48.08
2020-10-28, 13:11:43, 23.55, 48.08
2020-10-28, 13:11:44, 23.55, 48.08
2020-10-28, 13:11:45, 23.55, 48.05
2020-10-28, 13:11:47, 23.53, 48.04
2020-10-28, 13:11:48, 23.56, 48.05
2020-10-28, 13:11:49, 23.54, 48.04
2020-10-28, 13:11:51, 23.56, 48.05
2020-10-28, 13:11:52, 23.57, 48.05
2020-10-28, 13:11:53, 23.56, 48.05
2020-10-28, 13:11:55, 23.56, 48.05
2020-10-28, 13:11:56, 23.56, 48.05
2020-10-28, 13:11:58, 23.56, 48.05
2020-10-28, 13:11:59, 23.56, 48.05
2020-10-28, 13:12:00, 23.55, 48.05
2020-10-28, 13:12:02, 23.56, 48.05
2020-10-28, 13:12:03, 23.56, 48.05
2020-10-28, 13:12:04, 23.55, 48.05
2020-10-28, 13:12:06, 23.56, 48.05
2020-10-28, 13:12:07, 23.56, 48.05
2020-10-28, 13:12:08, 23.54, 48.04
2020-10-28, 13:12:10, 23.55, 48.05
2020-10-28, 13:12:11, 23.56, 48.05
2020-10-28, 13:12:12, 23.56, 48.05
2020-10-28, 13:12:14, 23.55, 48.01
2020-10-28, 13:12:15, 23.55, 48.05
2020-10-28, 13:12:17, 23.56, 48.08
2020-10-28, 13:12:18, 23.56, 48.05
2020-10-28, 13:12:19, 23.54, 48.01
2020-10-28, 13:12:21, 23.56, 48.05
2020-10-28, 13:12:22, 23.54, 48.04
2020-10-28, 13:12:23, 23.53, 48.04
2020-10-28, 13:12:25, 23.53, 48.08
2020-10-28, 13:12:26, 23.53, 48.04
2020-10-28, 13:12:27, 23.55, 48.05
2020-10-28, 13:12:29, 23.55, 48.05
2020-10-28, 13:12:30, 23.55, 48.05
2020-10-28, 13:12:31, 23.55, 48.08
2020-10-28, 13:12:33, 23.54, 48.04
2020-10-28, 13:12:34, 23.54, 48.04
2020-10-28, 13:12:36, 23.53, 48.04
2020-10-28, 13:12:37, 23.54, 48.04
2020-10-28, 13:12:38, 23.55, 48.05
2020-10-28, 13:12:40, 23.54, 48.04
2020-10-28, 13:12:41, 23.55, 48.08
2020-10-28, 13:12:42, 23.54, 48.04
2020-10-28, 13:12:44, 23.55, 48.05
2020-10-28, 13:12:45, 23.56, 48.05
2020-10-28, 13:12:46, 23.55, 48.01
2020-10-28, 13:12:48, 23.53, 48.04
2020-10-28, 13:12:49, 23.53, 48.04
2020-10-28, 13:12:50, 23.54, 48.04
2020-10-28, 13:12:52, 23.53, 48.04
2020-10-28, 13:12:53, 23.52, 48.04
2020-10-28, 13:12:54, 23.53, 48.04
2020-10-28, 13:12:56, 23.52, 48.04
2020-10-28, 13:12:57, 23.52, 48.04
2020-10-28, 13:12:59, 23.52, 48.07
2020-10-28, 13:13:00, 23.52, 48.07
2020-10-28, 13:13:01, 23.52, 48.04
2020-10-28, 13:13:03, 23.52, 48.04
2020-10-28, 13:13:04, 23.53, 48.08
2020-10-28, 13:13:05, 23.52, 48.07
2020-10-28, 13:13:07, 23.54, 48.08
2020-10-28, 13:13:08, 23.55, 48.08
2020-10-28, 13:13:09, 23.54, 48.08
2020-10-28, 13:13:11, 23.53, 48.04
2020-10-28, 13:13:12, 23.54, 48.08
2020-10-28, 13:13:14, 23.54, 48.08
2020-10-28, 13:13:15, 23.54, 48.08
2020-10-28, 13:13:16, 23.55, 48.08
2020-10-28, 13:13:18, 23.54, 48.04
2020-10-28, 13:13:19, 23.54, 48.04
2020-10-28, 13:13:20, 23.54, 48.04
2020-10-28, 13:13:22, 23.55, 48.05
2020-10-28, 13:13:23, 23.55, 48.05
2020-10-28, 13:13:24, 23.53, 48.01
2020-10-28, 13:13:26, 23.54, 48.01
2020-10-28, 13:13:27, 23.53, 48.01
2020-10-28, 13:13:28, 23.53, 48.01
2020-10-28, 13:13:30, 23.54, 48.01
2020-10-28, 13:13:31, 23.54, 48.01
2020-10-28, 13:13:33, 23.54, 48.01
2020-10-28, 13:13:34, 23.56, 48.02
2020-10-28, 13:13:35, 23.54, 48.01
2020-10-28, 13:13:37, 23.54, 48.01
2020-10-28, 13:13:38, 23.54, 48.01
2020-10-28, 13:13:39, 23.55, 48.01
2020-10-28, 13:13:41, 23.54, 48.04
2020-10-28, 13:13:42, 23.55, 48.01
2020-10-28, 13:13:43, 23.55, 48.01
2020-10-28, 13:13:45, 23.56, 48.02
2020-10-28, 13:13:46, 23.56, 48.02
2020-10-28, 13:13:47, 23.56, 48.05
2020-10-28, 13:13:49, 23.56, 48.02
2020-10-28, 13:13:50, 23.56, 48.02
2020-10-28, 13:13:51, 23.56, 48.02
2020-10-28, 13:13:53, 23.56, 48.02
2020-10-28, 13:13:54, 23.57, 48.02
2020-10-28, 13:13:56, 23.56, 47.98
2020-10-28, 13:13:57, 23.56, 47.98
2020-10-28, 13:13:58, 23.56, 47.98
2020-10-28, 13:14:00, 23.56, 47.98
2020-10-28, 13:14:01, 23.56, 47.98
2020-10-28, 13:14:02, 23.56, 47.98
2020-10-28, 13:14:04, 23.55, 47.98
2020-10-28, 13:14:05, 23.56, 47.98
2020-10-28, 13:14:06, 23.56, 47.98
2020-10-28, 13:14:08, 23.57, 47.98
2020-10-28, 13:14:09, 23.58, 47.95
2020-10-28, 13:14:10, 23.58, 47.95
2020-10-28, 13:14:12, 23.55, 47.95
2020-10-28, 13:14:13, 23.56, 47.98
2020-10-28, 13:14:15, 23.56, 47.95
2020-10-28, 13:14:16, 23.55, 47.98
2020-10-28, 13:14:17, 23.56, 47.95
2020-10-28, 13:14:19, 23.57, 47.98
2020-10-28, 13:14:20, 23.56, 47.95
2020-10-28, 13:14:21, 23.57, 47.95
2020-10-28, 13:14:23, 23.56, 47.95
2020-10-28, 13:14:24, 23.56, 47.95
2020-10-28, 13:14:25, 23.56, 47.95
2020-10-28, 13:14:27, 23.54, 47.95
2020-10-28, 13:14:28, 23.57, 47.95
2020-10-28, 13:14:29, 23.57, 47.95
2020-10-28, 13:14:31, 23.57, 47.95
2020-10-28, 13:14:32, 23.58, 47.95
2020-10-28, 13:14:34, 23.57, 47.95
2020-10-28, 13:14:35, 23.58, 47.95
2020-10-28, 13:14:36, 23.56, 47.95
2020-10-28, 13:14:38, 23.59, 47.96
2020-10-28, 13:14:39, 23.57, 47.95
2020-10-28, 13:14:40, 23.57, 47.95
2020-10-28, 13:14:42, 23.57, 47.95
2020-10-28, 13:14:43, 23.58, 47.95
2020-10-28, 13:14:44, 23.58, 47.95
2020-10-28, 13:14:46, 23.58, 47.95
2020-10-28, 13:14:47, 23.57, 47.89
2020-10-28, 13:14:48, 23.56, 47.92
2020-10-28, 13:14:50, 23.56, 47.92
2020-10-28, 13:14:51, 23.58, 47.89
2020-10-28, 13:14:52, 23.58, 47.89
2020-10-28, 13:14:54, 23.58, 47.89
2020-10-28, 13:14:55, 23.57, 47.89
2020-10-28, 13:14:57, 23.58, 47.89
2020-10-28, 13:14:58, 23.59, 47.89
2020-10-28, 13:14:59, 23.59, 47.92
2020-10-28, 13:15:01, 23.6, 47.89
2020-10-28, 13:15:02, 23.58, 47.89
2020-10-28, 13:15:03, 23.58, 47.89
2020-10-28, 13:15:05, 23.56, 47.89
2020-10-28, 13:15:06, 23.57, 47.89
2020-10-28, 13:15:07, 23.58, 47.86
2020-10-28, 13:15:09, 23.58, 47.89
2020-10-28, 13:15:10, 23.58, 47.86
2020-10-28, 13:15:11, 23.58, 47.89
2020-10-28, 13:15:13, 23.59, 47.83
2020-10-28, 13:15:14, 23.58, 47.86
2020-10-28, 13:15:15, 23.59, 47.86
2020-10-28, 13:15:17, 23.58, 47.86
2020-10-28, 13:15:18, 23.58, 47.86
2020-10-28, 13:15:20, 23.58, 47.86
2020-10-28, 13:15:21, 23.6, 47.86
2020-10-28, 13:15:22, 23.59, 47.86
2020-10-28, 13:15:24, 23.6, 47.86
2020-10-28, 13:15:25, 23.6, 47.83
2020-10-28, 13:15:26, 23.59, 47.83
2020-10-28, 13:15:28, 23.61, 47.83
2020-10-28, 13:15:29, 23.6, 47.83
2020-10-28, 13:15:30, 23.58, 47.83
2020-10-28, 13:15:32, 23.59, 47.83
2020-10-28, 13:15:33, 23.6, 47.83
2020-10-28, 13:15:34, 23.6, 47.83
2020-10-28, 13:15:36, 23.6, 47.83
2020-10-28, 13:15:37, 23.6, 47.83
2020-10-28, 13:15:39, 23.6, 47.83
2020-10-28, 13:15:40, 23.6, 47.83
2020-10-28, 13:15:41, 23.6, 47.83
2020-10-28, 13:15:43, 23.59, 47.83
2020-10-28, 13:15:44, 23.61, 47.83
2020-10-28, 13:15:45, 23.61, 47.83
2020-10-28, 13:15:47, 23.6, 47.8
2020-10-28, 13:15:48, 23.6, 47.83
2020-10-28, 13:15:49, 23.6, 47.83
2020-10-28, 13:15:51, 23.61, 47.83
2020-10-28, 13:15:52, 23.61, 47.83
2020-10-28, 13:15:53, 23.6, 47.8
2020-10-28, 13:15:55, 23.6, 47.77
2020-10-28, 13:15:56, 23.6, 47.77
2020-10-28, 13:15:58, 23.59, 47.8
2020-10-28, 13:15:59, 23.59, 47.8
2020-10-28, 13:16:00, 23.59, 47.8
2020-10-28, 13:16:02, 23.6, 47.8
2020-10-28, 13:16:03, 23.59, 47.8
2020-10-28, 13:16:04, 23.58, 47.83
2020-10-28, 13:16:06, 23.6, 47.8
2020-10-28, 13:16:07, 23.6, 47.8
2020-10-28, 13:16:08, 23.6, 47.8
2020-10-28, 13:16:10, 23.58, 47.79
2020-10-28, 13:16:11, 23.59, 47.8
2020-10-28, 13:16:13, 23.6, 47.8
2020-10-28, 13:16:14, 23.59, 47.83
2020-10-28, 13:16:15, 23.59, 47.8
2020-10-28, 13:16:17, 23.6, 47.8
2020-10-28, 13:16:18, 23.59, 47.83
2020-10-28, 13:16:19, 23.6, 47.83
2020-10-28, 13:16:21, 23.59, 47.8
2020-10-28, 13:16:22, 23.6, 47.8
2020-10-28, 13:16:23, 23.6, 47.8
2020-10-28, 13:16:25, 23.59, 47.8
2020-10-28, 13:16:26, 23.6, 47.8
2020-10-28, 13:16:27, 23.6, 47.83
2020-10-28, 13:16:29, 23.58, 47.79
2020-10-28, 13:16:30, 23.59, 47.8
2020-10-28, 13:16:32, 23.58, 47.79
2020-10-28, 13:16:33, 23.59, 47.8
2020-10-28, 13:16:34, 23.6, 47.8
2020-10-28, 13:16:36, 23.6, 47.83
2020-10-28, 13:16:37, 23.59, 47.8
2020-10-28, 13:16:38, 23.59, 47.76
2020-10-28, 13:16:40, 23.58, 47.76
2020-10-28, 13:16:41, 23.57, 47.76
2020-10-28, 13:16:42, 23.58, 47.79
2020-10-28, 13:16:44, 23.59, 47.76
2020-10-28, 13:16:45, 23.58, 47.79
2020-10-28, 13:16:46, 23.59, 47.76
2020-10-28, 13:16:48, 23.58, 47.76
2020-10-28, 13:16:49, 23.59, 47.76
2020-10-28, 13:16:51, 23.58, 47.76
2020-10-28, 13:16:52, 23.57, 47.76
2020-10-28, 13:16:53, 23.58, 47.76
2020-10-28, 13:16:55, 23.58, 47.79
2020-10-28, 13:16:56, 23.58, 47.76
2020-10-28, 13:16:57, 23.58, 47.76
2020-10-28, 13:16:59, 23.58, 47.76
2020-10-28, 13:17:00, 23.59, 47.76
2020-10-28, 13:17:01, 23.58, 47.79
2020-10-28, 13:17:03, 23.58, 47.76
2020-10-28, 13:17:04, 23.57, 47.79
2020-10-28, 13:17:05, 23.58, 47.79
2020-10-28, 13:17:07, 23.57, 47.79
2020-10-28, 13:17:08, 23.58, 47.79
2020-10-28, 13:17:10, 23.57, 47.76
2020-10-28, 13:17:11, 23.58, 47.79
2020-10-28, 13:17:12, 23.57, 47.79
2020-10-28, 13:17:14, 23.58, 47.79
2020-10-28, 13:17:15, 23.58, 47.79
2020-10-28, 13:17:16, 23.58, 47.79
2020-10-28, 13:17:18, 23.58, 47.79
2020-10-28, 13:17:19, 23.58, 47.76
2020-10-28, 13:17:20, 23.56, 47.76
2020-10-28, 13:17:22, 23.57, 47.79
2020-10-28, 13:17:23, 23.59, 47.76
2020-10-28, 13:17:24, 23.58, 47.76
2020-10-28, 13:17:26, 23.58, 47.76
2020-10-28, 13:17:27, 23.58, 47.76
2020-10-28, 13:17:29, 23.6, 47.77
2020-10-28, 13:17:30, 23.59, 47.76
2020-10-28, 13:17:31, 23.59, 47.76
2020-10-28, 13:17:33, 23.58, 47.76
2020-10-28, 13:17:34, 23.59, 47.76
2020-10-28, 13:17:35, 23.59, 47.76
2020-10-28, 13:17:37, 23.59, 47.76
2020-10-28, 13:17:38, 23.59, 47.76
2020-10-28, 13:17:39, 23.58, 47.76
2020-10-28, 13:17:41, 23.59, 47.76
2020-10-28, 13:17:42, 23.58, 47.76
2020-10-28, 13:17:43, 23.59, 47.76
2020-10-28, 13:17:45, 23.6, 47.77
2020-10-28, 13:17:46, 23.59, 47.76
2020-10-28, 13:17:48, 23.58, 47.76
2020-10-28, 13:17:49, 23.58, 47.76
2020-10-28, 13:17:50, 23.58, 47.76
2020-10-28, 13:17:52, 23.6, 47.77
2020-10-28, 13:17:53, 23.59, 47.76
2020-10-28, 13:17:54, 23.59, 47.73
2020-10-28, 13:17:56, 23.59, 47.76
2020-10-28, 13:17:57, 23.6, 47.73
2020-10-28, 13:17:58, 23.6, 47.77
2020-10-28, 13:18:00, 23.6, 47.77
2020-10-28, 13:18:01, 23.61, 47.77
2020-10-28, 13:18:02, 23.59, 47.76
2020-10-28, 13:18:04, 23.58, 47.73
2020-10-28, 13:18:05, 23.6, 47.77
2020-10-28, 13:18:07, 23.58, 47.73
2020-10-28, 13:18:08, 23.59, 47.76
2020-10-28, 13:18:09, 23.59, 47.73
2020-10-28, 13:18:11, 23.59, 47.76
2020-10-28, 13:18:12, 23.59, 47.76
2020-10-28, 13:18:13, 23.59, 47.76
2020-10-28, 13:18:15, 23.59, 47.76
2020-10-28, 13:18:16, 23.6, 47.77
2020-10-28, 13:18:17, 23.6, 47.77
2020-10-28, 13:18:19, 23.59, 47.76
2020-10-28, 13:18:20, 23.6, 47.77
2020-10-28, 13:18:21, 23.6, 47.77
2020-10-28, 13:18:23, 23.59, 47.73
2020-10-28, 13:18:24, 23.6, 47.77
2020-10-28, 13:18:26, 23.6, 47.73
2020-10-28, 13:18:27, 23.58, 47.76
2020-10-28, 13:18:28, 23.59, 47.76
2020-10-28, 13:18:30, 23.59, 47.76
2020-10-28, 13:18:31, 23.58, 47.76
2020-10-28, 13:18:32, 23.59, 47.76
2020-10-28, 13:18:34, 23.59, 47.76
2020-10-28, 13:18:35, 23.58, 47.76
2020-10-28, 13:18:36, 23.6, 47.77
2020-10-28, 13:18:38, 23.59, 47.76
2020-10-28, 13:18:39, 23.58, 47.76
2020-10-28, 13:18:40, 23.59, 47.76
2020-10-28, 13:18:42, 23.59, 47.76
2020-10-28, 13:18:43, 23.59, 47.76
2020-10-28, 13:18:45, 23.6, 47.77
2020-10-28, 13:18:46, 23.58, 47.76
2020-10-28, 13:18:47, 23.6, 47.77
2020-10-28, 13:18:49, 23.6, 47.77
2020-10-28, 13:18:50, 23.62, 47.74
2020-10-28, 13:18:51, 23.62, 47.74
2020-10-28, 13:18:53, 23.61, 47.77
2020-10-28, 13:18:54, 23.62, 47.74
2020-10-28, 13:18:55, 23.61, 47.73
2020-10-28, 13:18:57, 23.6, 47.73
2020-10-28, 13:18:58, 23.61, 47.73
2020-10-28, 13:18:59, 23.6, 47.73
2020-10-28, 13:19:01, 23.61, 47.73
2020-10-28, 13:19:02, 23.61, 47.77
2020-10-28, 13:19:04, 23.6, 47.77
2020-10-28, 13:19:05, 23.61, 47.73
2020-10-28, 13:19:06, 23.61, 47.73
2020-10-28, 13:19:08, 23.58, 47.76
2020-10-28, 13:19:09, 23.6, 47.73
2020-10-28, 13:19:10, 23.61, 47.77
2020-10-28, 13:19:12, 23.61, 47.77
2020-10-28, 13:19:13, 23.62, 47.77
2020-10-28, 13:19:14, 23.62, 47.74
2020-10-28, 13:19:16, 23.6, 47.77
2020-10-28, 13:19:17, 23.61, 47.73
2020-10-28, 13:19:19, 23.58, 47.76
2020-10-28, 13:19:20, 23.61, 47.77
2020-10-28, 13:19:21, 23.61, 47.77
2020-10-28, 13:19:23, 23.61, 47.77
2020-10-28, 13:19:24, 23.61, 47.77
2020-10-28, 13:19:25, 23.62, 47.77
2020-10-28, 13:19:27, 23.62, 47.74
2020-10-28, 13:19:28, 23.63, 47.74
2020-10-28, 13:19:29, 23.61, 47.73
2020-10-28, 13:19:31, 23.61, 47.73
2020-10-28, 13:19:32, 23.63, 47.77
2020-10-28, 13:19:33, 23.64, 47.74
2020-10-28, 13:19:35, 23.62, 47.74
2020-10-28, 13:19:36, 23.62, 47.74
2020-10-28, 13:19:38, 23.63, 47.74
2020-10-28, 13:19:39, 23.63, 47.74
2020-10-28, 13:19:40, 23.62, 47.74
2020-10-28, 13:19:42, 23.62, 47.74
2020-10-28, 13:19:43, 23.63, 47.74
2020-10-28, 13:19:44, 23.63, 47.74
2020-10-28, 13:19:46, 23.61, 47.7
2020-10-28, 13:19:47, 23.62, 47.7
2020-10-28, 13:19:48, 23.63, 47.7
2020-10-28, 13:19:50, 23.62, 47.7
2020-10-28, 13:19:51, 23.62, 47.7
2020-10-28, 13:19:52, 23.62, 47.7
2020-10-28, 13:19:54, 23.62, 47.7
2020-10-28, 13:19:55, 23.63, 47.74
2020-10-28, 13:19:57, 23.62, 47.7
2020-10-28, 13:19:58, 23.62, 47.7
2020-10-28, 13:19:59, 23.63, 47.74
2020-10-28, 13:20:01, 23.62, 47.74
2020-10-28, 13:20:02, 23.62, 47.74
2020-10-28, 13:20:03, 23.62, 47.77
2020-10-28, 13:20:05, 23.62, 47.77
2020-10-28, 13:20:06, 23.63, 47.77
2020-10-28, 13:20:08, 23.62, 47.74
2020-10-28, 13:20:09, 23.62, 47.77
2020-10-28, 13:20:10, 23.62, 47.74
2020-10-28, 13:20:12, 23.61, 47.73
2020-10-28, 13:20:13, 23.62, 47.77
2020-10-28, 13:20:14, 23.62, 47.77
2020-10-28, 13:20:16, 23.63, 47.77
2020-10-28, 13:20:17, 23.63, 47.77
2020-10-28, 13:20:18, 23.64, 47.74
2020-10-28, 13:20:20, 23.63, 47.77
2020-10-28, 13:20:21, 23.64, 47.74
2020-10-28, 13:20:22, 23.65, 47.74
2020-10-28, 13:20:24, 23.64, 47.74
2020-10-28, 13:20:25, 23.64, 47.74
2020-10-28, 13:20:27, 23.65, 47.74
2020-10-28, 13:20:28, 23.63, 47.74
2020-10-28, 13:20:29, 23.64, 47.77
2020-10-28, 13:20:31, 23.64, 47.77
2020-10-28, 13:20:32, 23.63, 47.77
2020-10-28, 13:20:33, 23.63, 47.74
2020-10-28, 13:20:35, 23.63, 47.77
2020-10-28, 13:20:36, 23.63, 47.74
2020-10-28, 13:20:37, 23.63, 47.77
2020-10-28, 13:20:39, 23.6, 47.77
2020-10-28, 13:20:40, 23.62, 47.77
2020-10-28, 13:20:41, 23.62, 47.77
2020-10-28, 13:20:43, 23.62, 47.8
2020-10-28, 13:20:44, 23.6, 47.77
2020-10-28, 13:20:46, 23.61, 47.8
2020-10-28, 13:20:47, 23.6, 47.8
2020-10-28, 13:20:48, 23.62, 47.83
2020-10-28, 13:20:50, 23.61, 47.83
2020-10-28, 13:20:51, 23.62, 47.83
2020-10-28, 13:20:52, 23.62, 47.8
2020-10-28, 13:20:54, 23.62, 47.83
2020-10-28, 13:20:55, 23.62, 47.8
2020-10-28, 13:20:56, 23.62, 47.8
2020-10-28, 13:20:58, 23.63, 47.8
2020-10-28, 13:20:59, 23.62, 47.8
2020-10-28, 13:21:00, 23.62, 47.8
2020-10-28, 13:21:02, 23.62, 47.8
2020-10-28, 13:21:03, 23.63, 47.83
2020-10-28, 13:21:05, 23.62, 47.8
2020-10-28, 13:21:06, 23.63, 47.8
2020-10-28, 13:21:07, 23.64, 47.83
2020-10-28, 13:21:09, 23.62, 47.8
2020-10-28, 13:21:10, 23.62, 47.8
2020-10-28, 13:21:11, 23.6, 47.83
2020-10-28, 13:21:13, 23.61, 47.83
2020-10-28, 13:21:14, 23.62, 47.83
2020-10-28, 13:21:15, 23.62, 47.83
2020-10-28, 13:21:17, 23.62, 47.83
2020-10-28, 13:21:18, 23.64, 47.83
2020-10-28, 13:21:19, 23.64, 47.83
2020-10-28, 13:21:21, 23.64, 47.83
2020-10-28, 13:21:22, 23.63, 47.8
2020-10-28, 13:21:24, 23.61, 47.8
2020-10-28, 13:21:25, 23.62, 47.83
2020-10-28, 13:21:26, 23.63, 47.83
2020-10-28, 13:21:28, 23.64, 47.83
2020-10-28, 13:21:29, 23.62, 47.8
2020-10-28, 13:21:30, 23.62, 47.8
2020-10-28, 13:21:32, 23.62, 47.83
2020-10-28, 13:21:33, 23.62, 47.8
2020-10-28, 13:21:34, 23.64, 47.83
2020-10-28, 13:21:36, 23.63, 47.83
2020-10-28, 13:21:37, 23.64, 47.83
2020-10-28, 13:21:38, 23.62, 47.83
2020-10-28, 13:21:40, 23.62, 47.83
2020-10-28, 13:21:41, 23.63, 47.83
2020-10-28, 13:21:43, 23.64, 47.83
2020-10-28, 13:21:44, 23.64, 47.83
2020-10-28, 13:21:45, 23.64, 47.83
2020-10-28, 13:21:47, 23.62, 47.83
2020-10-28, 13:21:48, 23.63, 47.83
2020-10-28, 13:21:49, 23.62, 47.83
2020-10-28, 13:21:51, 23.64, 47.83
2020-10-28, 13:21:52, 23.66, 47.84
2020-10-28, 13:21:53, 23.65, 47.84
2020-10-28, 13:21:55, 23.64, 47.83
2020-10-28, 13:21:56, 23.64, 47.83
2020-10-28, 13:21:58, 23.64, 47.83
2020-10-28, 13:21:59, 23.64, 47.83
2020-10-28, 13:22:00, 23.65, 47.84
2020-10-28, 13:22:02, 23.66, 47.84
2020-10-28, 13:22:03, 23.64, 47.83
2020-10-28, 13:22:04, 23.64, 47.8
2020-10-28, 13:22:06, 23.64, 47.83
2020-10-28, 13:22:07, 23.64, 47.8
2020-10-28, 13:22:08, 23.65, 47.8
2020-10-28, 13:22:10, 23.65, 47.8
2020-10-28, 13:22:11, 23.65, 47.84
2020-10-28, 13:22:12, 23.65, 47.84
2020-10-28, 13:22:14, 23.66, 47.84
2020-10-28, 13:22:15, 23.65, 47.8
2020-10-28, 13:22:16, 23.64, 47.8
2020-10-28, 13:22:18, 23.64, 47.8
2020-10-28, 13:22:19, 23.64, 47.83
2020-10-28, 13:22:21, 23.63, 47.8
2020-10-28, 13:22:22, 23.64, 47.83
2020-10-28, 13:22:23, 23.65, 47.84
2020-10-28, 13:22:25, 23.66, 47.84
2020-10-28, 13:22:26, 23.65, 47.84
2020-10-28, 13:22:27, 23.66, 47.84
2020-10-28, 13:22:29, 23.65, 47.84
2020-10-28, 13:22:30, 23.66, 47.8
2020-10-28, 13:22:31, 23.65, 47.8
2020-10-28, 13:22:33, 23.65, 47.84
2020-10-28, 13:22:34, 23.65, 47.84
2020-10-28, 13:22:35, 23.62, 47.83
2020-10-28, 13:22:37, 23.64, 47.83
2020-10-28, 13:22:38, 23.64, 47.83
2020-10-28, 13:22:40, 23.63, 47.86
2020-10-28, 13:22:41, 23.64, 47.83
2020-10-28, 13:22:42, 23.64, 47.83
2020-10-28, 13:22:44, 23.64, 47.87
2020-10-28, 13:22:45, 23.64, 47.83
2020-10-28, 13:22:46, 23.65, 47.84
2020-10-28, 13:22:48, 23.64, 47.83
2020-10-28, 13:22:49, 23.65, 47.84
2020-10-28, 13:22:50, 23.65, 47.84
2020-10-28, 13:22:52, 23.63, 47.83
2020-10-28, 13:22:53, 23.64, 47.83
2020-10-28, 13:22:54, 23.64, 47.87
2020-10-28, 13:22:56, 23.65, 47.87
2020-10-28, 13:22:57, 23.64, 47.83
2020-10-28, 13:22:59, 23.63, 47.9
2020-10-28, 13:23:00, 23.64, 47.9
2020-10-28, 13:23:01, 23.64, 47.9
2020-10-28, 13:23:03, 23.64, 47.87
2020-10-28, 13:23:04, 23.64, 47.9
2020-10-28, 13:23:05, 23.64, 47.9
2020-10-28, 13:23:07, 23.65, 47.9
2020-10-28, 13:23:08, 23.64, 47.9
2020-10-28, 13:23:09, 23.64, 47.87
2020-10-28, 13:23:11, 23.63, 47.9
2020-10-28, 13:23:12, 23.64, 47.9
2020-10-28, 13:23:14, 23.64, 47.9
2020-10-28, 13:23:15, 23.63, 47.9
2020-10-28, 13:23:16, 23.63, 47.9
2020-10-28, 13:23:18, 23.62, 47.9
2020-10-28, 13:23:19, 23.63, 47.9
2020-10-28, 13:23:20, 23.62, 47.9
2020-10-28, 13:23:22, 23.62, 47.93
2020-10-28, 13:23:23, 23.61, 47.93
2020-10-28, 13:23:24, 23.62, 47.93
2020-10-28, 13:23:26, 23.62, 47.93
2020-10-28, 13:23:27, 23.62, 47.93
2020-10-28, 13:23:28, 23.62, 47.93
2020-10-28, 13:23:30, 23.6, 47.96
2020-10-28, 13:23:31, 23.62, 47.96
2020-10-28, 13:23:32, 23.62, 47.96
2020-10-28, 13:23:34, 23.62, 47.96
2020-10-28, 13:23:35, 23.63, 47.93
2020-10-28, 13:23:37, 23.62, 47.93
2020-10-28, 13:23:38, 23.63, 47.93
2020-10-28, 13:23:39, 23.62, 47.96
2020-10-28, 13:23:41, 23.62, 47.93
2020-10-28, 13:23:42, 23.63, 47.93
2020-10-28, 13:23:43, 23.64, 47.93
2020-10-28, 13:23:45, 23.61, 47.96
2020-10-28, 13:23:46, 23.62, 47.96
2020-10-28, 13:23:47, 23.63, 47.96
2020-10-28, 13:23:49, 23.62, 47.96
2020-10-28, 13:23:50, 23.62, 47.96
2020-10-28, 13:23:52, 23.62, 47.96
2020-10-28, 13:23:53, 23.62, 47.96
2020-10-28, 13:23:54, 23.61, 47.96
2020-10-28, 13:23:56, 23.61, 47.96
2020-10-28, 13:23:57, 23.62, 47.96
2020-10-28, 13:23:58, 23.63, 47.96
2020-10-28, 13:24:00, 23.62, 47.96
2020-10-28, 13:24:01, 23.63, 47.96
2020-10-28, 13:24:02, 23.63, 47.96
2020-10-28, 13:24:04, 23.63, 47.96
2020-10-28, 13:24:05, 23.63, 47.96
2020-10-28, 13:24:06, 23.63, 47.96
2020-10-28, 13:24:08, 23.62, 47.96
2020-10-28, 13:24:09, 23.63, 47.96
2020-10-28, 13:24:10, 23.64, 47.96
2020-10-28, 13:24:12, 23.63, 47.96
2020-10-28, 13:24:13, 23.61, 47.96
2020-10-28, 13:24:15, 23.62, 47.96
2020-10-28, 13:24:16, 23.62, 47.96
2020-10-28, 13:24:17, 23.62, 47.96
2020-10-28, 13:24:19, 23.62, 47.96
2020-10-28, 13:24:20, 23.61, 47.96
2020-10-28, 13:24:21, 23.61, 47.96
2020-10-28, 13:24:23, 23.61, 47.96
2020-10-28, 13:24:24, 23.64, 47.96
2020-10-28, 13:24:25, 23.62, 47.99
2020-10-28, 13:24:27, 23.61, 47.96
2020-10-28, 13:24:28, 23.61, 47.96
2020-10-28, 13:24:29, 23.61, 47.99
2020-10-28, 13:24:31, 23.6, 47.99
2020-10-28, 13:24:32, 23.6, 48.02
2020-10-28, 13:24:34, 23.6, 48.02
2020-10-28, 13:24:35, 23.6, 48.02
2020-10-28, 13:24:36, 23.61, 48.02
2020-10-28, 13:24:38, 23.59, 48.02
2020-10-28, 13:24:39, 23.6, 48.02
2020-10-28, 13:24:40, 23.6, 48.02
2020-10-28, 13:24:42, 23.6, 47.99
2020-10-28, 13:24:43, 23.6, 48.02
2020-10-28, 13:24:44, 23.61, 48.02
2020-10-28, 13:24:46, 23.61, 48.02
2020-10-28, 13:24:47, 23.62, 48.02
2020-10-28, 13:24:48, 23.6, 48.02
2020-10-28, 13:24:50, 23.6, 48.02
2020-10-28, 13:24:51, 23.61, 48.02
2020-10-28, 13:24:53, 23.6, 48.02
2020-10-28, 13:24:54, 23.6, 48.02
2020-10-28, 13:24:55, 23.6, 48.02
2020-10-28, 13:24:57, 23.62, 48.02
2020-10-28, 13:24:58, 23.61, 48.02
2020-10-28, 13:24:59, 23.62, 47.99
2020-10-28, 13:25:01, 23.61, 48.02
2020-10-28, 13:25:02, 23.61, 48.02
2020-10-28, 13:25:03, 23.61, 48.02
2020-10-28, 13:25:05, 23.62, 48.02
2020-10-28, 13:25:06, 23.62, 48.02
2020-10-28, 13:25:07, 23.62, 47.99
2020-10-28, 13:25:09, 23.61, 48.02
2020-10-28, 13:25:10, 23.61, 48.02
2020-10-28, 13:25:11, 23.62, 48.02
2020-10-28, 13:25:13, 23.62, 47.99
2020-10-28, 13:25:14, 23.62, 47.99
2020-10-28, 13:25:16, 23.62, 47.99
2020-10-28, 13:25:17, 23.61, 47.99
2020-10-28, 13:25:18, 23.61, 47.99
2020-10-28, 13:25:20, 23.62, 47.99
2020-10-28, 13:25:21, 23.62, 47.96
2020-10-28, 13:25:22, 23.63, 47.99
2020-10-28, 13:25:24, 23.62, 47.99
2020-10-28, 13:25:25, 23.62, 47.99
2020-10-28, 13:25:26, 23.62, 47.99
2020-10-28, 13:25:28, 23.6, 47.99
2020-10-28, 13:25:29, 23.61, 47.99
2020-10-28, 13:25:30, 23.63, 48.02
2020-10-28, 13:25:32, 23.62, 47.99
2020-10-28, 13:25:33, 23.6, 47.99
2020-10-28, 13:25:35, 23.61, 48.02
2020-10-28, 13:25:36, 23.6, 48.02
2020-10-28, 13:25:37, 23.61, 47.99
2020-10-28, 13:25:39, 23.6, 48.02
2020-10-28, 13:25:40, 23.61, 48.02
2020-10-28, 13:25:41, 23.59, 47.99
2020-10-28, 13:25:43, 23.61, 48.02
2020-10-28, 13:25:44, 23.62, 48.02
2020-10-28, 13:25:45, 23.61, 47.99
2020-10-28, 13:25:47, 23.61, 47.99
2020-10-28, 13:25:48, 23.62, 48.02
2020-10-28, 13:25:49, 23.61, 48.02
2020-10-28, 13:25:51, 23.62, 47.99
2020-10-28, 13:25:52, 23.62, 47.99
2020-10-28, 13:25:54, 23.62, 47.99
2020-10-28, 13:25:55, 23.62, 47.99
2020-10-28, 13:25:56, 23.62, 47.99
2020-10-28, 13:25:58, 23.63, 47.99
2020-10-28, 13:25:59, 23.61, 47.99
2020-10-28, 13:26:00, 23.62, 48.02
2020-10-28, 13:26:02, 23.63, 47.99
2020-10-28, 13:26:03, 23.63, 47.96
2020-10-28, 13:26:04, 23.63, 47.99
2020-10-28, 13:26:06, 23.62, 47.96
2020-10-28, 13:26:07, 23.62, 47.99
2020-10-28, 13:26:08, 23.63, 47.99
2020-10-28, 13:26:10, 23.63, 47.99
2020-10-28, 13:26:11, 23.63, 47.99
2020-10-28, 13:26:13, 23.62, 47.99
2020-10-28, 13:26:14, 23.63, 47.99
2020-10-28, 13:26:15, 23.62, 47.99
2020-10-28, 13:26:17, 23.62, 47.96
2020-10-28, 13:26:18, 23.64, 47.96
2020-10-28, 13:26:19, 23.63, 47.99
2020-10-28, 13:26:21, 23.63, 47.99
2020-10-28, 13:26:22, 23.63, 47.96
2020-10-28, 13:26:23, 23.62, 47.99
2020-10-28, 13:26:25, 23.62, 47.99
2020-10-28, 13:26:26, 23.62, 47.99
2020-10-28, 13:26:27, 23.62, 47.96
2020-10-28, 13:26:29, 23.62, 47.99
2020-10-28, 13:26:30, 23.63, 47.99
2020-10-28, 13:26:32, 23.62, 47.99
2020-10-28, 13:26:33, 23.62, 48.02
2020-10-28, 13:26:34, 23.62, 48.02
2020-10-28, 13:26:36, 23.64, 47.99
2020-10-28, 13:26:37, 23.64, 47.96
2020-10-28, 13:26:38, 23.63, 47.99
2020-10-28, 13:26:40, 23.62, 47.99
2020-10-28, 13:26:41, 23.62, 47.99
2020-10-28, 13:26:42, 23.62, 47.99
2020-10-28, 13:26:44, 23.61, 48.02
2020-10-28, 13:26:45, 23.62, 47.99
2020-10-28, 13:26:47, 23.62, 47.99
2020-10-28, 13:26:48, 23.62, 48.02
2020-10-28, 13:26:49, 23.62, 48.02
2020-10-28, 13:26:51, 23.62, 48.02
2020-10-28, 13:26:52, 23.62, 48.02
2020-10-28, 13:26:53, 23.62, 48.02
2020-10-28, 13:26:55, 23.61, 48.02
2020-10-28, 13:26:56, 23.61, 48.02
2020-10-28, 13:26:57, 23.63, 48.02
2020-10-28, 13:26:59, 23.62, 47.99
2020-10-28, 13:27:00, 23.6, 48.02
2020-10-28, 13:27:01, 23.62, 48.02
2020-10-28, 13:27:03, 23.62, 48.02
2020-10-28, 13:27:04, 23.61, 48.02
2020-10-28, 13:27:06, 23.63, 48.02
2020-10-28, 13:27:07, 23.6, 48.02
2020-10-28, 13:27:08, 23.62, 48.02
2020-10-28, 13:27:10, 23.61, 48.02
2020-10-28, 13:27:11, 23.62, 48.02
2020-10-28, 13:27:12, 23.61, 48.02
2020-10-28, 13:27:14, 23.62, 48.02
2020-10-28, 13:27:15, 23.62, 48.02
2020-10-28, 13:27:16, 23.6, 48.02
2020-10-28, 13:27:18, 23.62, 48.02
2020-10-28, 13:27:19, 23.62, 48.02
2020-10-28, 13:27:20, 23.61, 48.02
2020-10-28, 13:27:22, 23.61, 48.02
2020-10-28, 13:27:23, 23.6, 48.02
2020-10-28, 13:27:25, 23.61, 48.02
2020-10-28, 13:27:26, 23.62, 48.02
2020-10-28, 13:27:27, 23.62, 48.02
2020-10-28, 13:27:29, 23.6, 48.02
2020-10-28, 13:27:30, 23.61, 48.02
2020-10-28, 13:27:31, 23.61, 48.02
2020-10-28, 13:27:33, 23.61, 48.02
2020-10-28, 13:27:34, 23.61, 48.02
2020-10-28, 13:27:35, 23.61, 48.02
2020-10-28, 13:27:37, 23.61, 48.02
2020-10-28, 13:27:38, 23.61, 48.02
2020-10-28, 13:27:39, 23.6, 48.02
2020-10-28, 13:27:41, 23.6, 48.02
2020-10-28, 13:27:42, 23.6, 48.02
2020-10-28, 13:27:44, 23.61, 48.02
2020-10-28, 13:27:45, 23.6, 48.05
2020-10-28, 13:27:46, 23.59, 48.05
2020-10-28, 13:27:48, 23.6, 48.08
2020-10-28, 13:27:49, 23.6, 48.05
2020-10-28, 13:27:50, 23.59, 48.05
2020-10-28, 13:27:52, 23.6, 48.05
2020-10-28, 13:27:53, 23.59, 48.08
2020-10-28, 13:27:54, 23.58, 48.08
2020-10-28, 13:27:56, 23.58, 48.08
2020-10-28, 13:27:57, 23.58, 48.08
2020-10-28, 13:27:58, 23.57, 48.08
2020-10-28, 13:28:00, 23.58, 48.08
2020-10-28, 13:28:01, 23.57, 48.08
2020-10-28, 13:28:03, 23.59, 48.08
2020-10-28, 13:28:04, 23.58, 48.08
2020-10-28, 13:28:05, 23.6, 48.08
2020-10-28, 13:28:07, 23.58, 48.08
2020-10-28, 13:28:08, 23.58, 48.08
2020-10-28, 13:28:09, 23.59, 48.08
2020-10-28, 13:28:11, 23.59, 48.05
2020-10-28, 13:28:12, 23.58, 48.08
2020-10-28, 13:28:13, 23.58, 48.08
2020-10-28, 13:28:15, 23.58, 48.08
2020-10-28, 13:28:16, 23.58, 48.08
2020-10-28, 13:28:17, 23.58, 48.08
2020-10-28, 13:28:19, 23.58, 48.08
2020-10-28, 13:28:20, 23.58, 48.08
2020-10-28, 13:28:21, 23.57, 48.08
2020-10-28, 13:28:23, 23.58, 48.08
2020-10-28, 13:28:24, 23.57, 48.08
2020-10-28, 13:28:26, 23.56, 48.08
2020-10-28, 13:28:27, 23.57, 48.08
2020-10-28, 13:28:28, 23.58, 48.08
2020-10-28, 13:28:30, 23.58, 48.08
2020-10-28, 13:28:31, 23.58, 48.08
2020-10-28, 13:28:32, 23.56, 48.08
2020-10-28, 13:28:34, 23.57, 48.08
2020-10-28, 13:28:35, 23.57, 48.08
2020-10-28, 13:28:36, 23.57, 48.11
2020-10-28, 13:28:38, 23.56, 48.11
2020-10-28, 13:28:39, 23.56, 48.08
2020-10-28, 13:28:41, 23.55, 48.08
2020-10-28, 13:28:42, 23.56, 48.08
2020-10-28, 13:28:43, 23.56, 48.08
2020-10-28, 13:28:45, 23.56, 48.11
2020-10-28, 13:28:46, 23.56, 48.11
2020-10-28, 13:28:47, 23.57, 48.11
2020-10-28, 13:28:49, 23.55, 48.11
2020-10-28, 13:28:50, 23.56, 48.11
2020-10-28, 13:28:51, 23.56, 48.11
2020-10-28, 13:28:53, 23.56, 48.11
2020-10-28, 13:28:54, 23.56, 48.11
2020-10-28, 13:28:55, 23.55, 48.11
2020-10-28, 13:28:57, 23.56, 48.14
2020-10-28, 13:28:58, 23.56, 48.11
2020-10-28, 13:29:00, 23.54, 48.11
2020-10-28, 13:29:01, 23.55, 48.11
2020-10-28, 13:29:02, 23.56, 48.08
2020-10-28, 13:29:04, 23.56, 48.08
2020-10-28, 13:29:05, 23.55, 48.11
2020-10-28, 13:29:06, 23.56, 48.11
2020-10-28, 13:29:08, 23.56, 48.08
2020-10-28, 13:29:09, 23.56, 48.08
2020-10-28, 13:29:10, 23.56, 48.08
2020-10-28, 13:29:12, 23.56, 48.08
2020-10-28, 13:29:13, 23.55, 48.11
2020-10-28, 13:29:14, 23.56, 48.08
2020-10-28, 13:29:16, 23.55, 48.11
2020-10-28, 13:29:17, 23.54, 48.11
2020-10-28, 13:29:19, 23.55, 48.11
2020-10-28, 13:29:20, 23.56, 48.11
2020-10-28, 13:29:21, 23.55, 48.14
2020-10-28, 13:29:23, 23.54, 48.11
2020-10-28, 13:29:24, 23.54, 48.11
2020-10-28, 13:29:25, 23.54, 48.11
2020-10-28, 13:29:27, 23.53, 48.14
2020-10-28, 13:29:28, 23.54, 48.14
2020-10-28, 13:29:29, 23.54, 48.14
2020-10-28, 13:29:31, 23.53, 48.14
2020-10-28, 13:29:32, 23.52, 48.14
2020-10-28, 13:29:33, 23.53, 48.14
2020-10-28, 13:29:35, 23.52, 48.14
2020-10-28, 13:29:36, 23.54, 48.14
2020-10-28, 13:29:38, 23.53, 48.14
2020-10-28, 13:29:39, 23.55, 48.14
2020-10-28, 13:29:40, 23.54, 48.14
2020-10-28, 13:29:42, 23.55, 48.11
2020-10-28, 13:29:43, 23.54, 48.14
2020-10-28, 13:29:44, 23.54, 48.14
2020-10-28, 13:29:46, 23.55, 48.14
2020-10-28, 13:29:47, 23.55, 48.14
2020-10-28, 13:29:48, 23.54, 48.14
2020-10-28, 13:29:50, 23.54, 48.14
2020-10-28, 13:29:51, 23.54, 48.14
2020-10-28, 13:29:52, 23.54, 48.14
2020-10-28, 13:29:54, 23.53, 48.14
2020-10-28, 13:29:55, 23.54, 48.14
2020-10-28, 13:29:56, 23.55, 48.14
2020-10-28, 13:29:58, 23.54, 48.14
2020-10-28, 13:29:59, 23.54, 48.14
2020-10-28, 13:30:01, 23.54, 48.14
2020-10-28, 13:30:02, 23.52, 48.14
2020-10-28, 13:30:03, 23.54, 48.14
2020-10-28, 13:30:05, 23.53, 48.14
2020-10-28, 13:30:06, 23.53, 48.17
2020-10-28, 13:30:07, 23.54, 48.14
2020-10-28, 13:30:09, 23.52, 48.14
2020-10-28, 13:30:10, 23.54, 48.14
2020-10-28, 13:30:11, 23.54, 48.14
2020-10-28, 13:30:13, 23.53, 48.14
2020-10-28, 13:30:14, 23.52, 48.14
2020-10-28, 13:30:15, 23.53, 48.14
2020-10-28, 13:30:17, 23.53, 48.14
2020-10-28, 13:30:18, 23.53, 48.14
2020-10-28, 13:30:19, 23.53, 48.14
2020-10-28, 13:30:21, 23.53, 48.14
2020-10-28, 13:30:22, 23.53, 48.14
2020-10-28, 13:30:24, 23.53, 48.17
2020-10-28, 13:30:25, 23.52, 48.14
2020-10-28, 13:30:26, 23.52, 48.14
2020-10-28, 13:30:28, 23.52, 48.14
2020-10-28, 13:30:29, 23.53, 48.17
2020-10-28, 13:30:30, 23.53, 48.14
2020-10-28, 13:30:32, 23.53, 48.14
2020-10-28, 13:30:33, 23.53, 48.14
2020-10-28, 13:30:34, 23.53, 48.14
2020-10-28, 13:30:36, 23.52, 48.17
2020-10-28, 13:30:37, 23.52, 48.14
2020-10-28, 13:30:38, 23.53, 48.17
2020-10-28, 13:30:40, 23.54, 48.17
2020-10-28, 13:30:41, 23.51, 48.17
2020-10-28, 13:30:43, 23.53, 48.17
2020-10-28, 13:30:44, 23.52, 48.17
2020-10-28, 13:30:45, 23.5, 48.17
2020-10-28, 13:30:47, 23.51, 48.2
2020-10-28, 13:30:48, 23.51, 48.17
2020-10-28, 13:30:49, 23.51, 48.17
2020-10-28, 13:30:51, 23.52, 48.17
2020-10-28, 13:30:52, 23.5, 48.2
2020-10-28, 13:30:53, 23.5, 48.17
2020-10-28, 13:30:55, 23.49, 48.2
2020-10-28, 13:30:56, 23.49, 48.17
2020-10-28, 13:30:57, 23.48, 48.2
2020-10-28, 13:30:59, 23.49, 48.2
2020-10-28, 13:31:00, 23.49, 48.2
2020-10-28, 13:31:01, 23.48, 48.2
2020-10-28, 13:31:03, 23.49, 48.2
2020-10-28, 13:31:04, 23.49, 48.2
2020-10-28, 13:31:06, 23.5, 48.2
2020-10-28, 13:31:07, 23.52, 48.2
2020-10-28, 13:31:08, 23.51, 48.23
2020-10-28, 13:31:10, 23.49, 48.2
2020-10-28, 13:31:11, 23.5, 48.2
2020-10-28, 13:31:12, 23.5, 48.2
2020-10-28, 13:31:14, 23.49, 48.2
2020-10-28, 13:31:15, 23.5, 48.23
2020-10-28, 13:31:16, 23.49, 48.23
2020-10-28, 13:31:18, 23.49, 48.2
2020-10-28, 13:31:19, 23.49, 48.2
2020-10-28, 13:31:20, 23.52, 48.2
2020-10-28, 13:31:22, 23.5, 48.2
2020-10-28, 13:31:23, 23.5, 48.2
2020-10-28, 13:31:24, 23.51, 48.2
2020-10-28, 13:31:26, 23.51, 48.2
2020-10-28, 13:31:27, 23.51, 48.2
2020-10-28, 13:31:29, 23.51, 48.2
2020-10-28, 13:31:30, 23.51, 48.2
2020-10-28, 13:31:31, 23.5, 48.2
2020-10-28, 13:31:33, 23.49, 48.2
2020-10-28, 13:31:34, 23.49, 48.2
2020-10-28, 13:31:35, 23.49, 48.2
2020-10-28, 13:31:37, 23.48, 48.2
2020-10-28, 13:31:38, 23.49, 48.23
2020-10-28, 13:31:39, 23.48, 48.2
2020-10-28, 13:31:41, 23.49, 48.2
2020-10-28, 13:31:42, 23.5, 48.23
2020-10-28, 13:31:43, 23.5, 48.2
2020-10-28, 13:31:45, 23.49, 48.2
2020-10-28, 13:31:46, 23.5, 48.2
2020-10-28, 13:31:47, 23.5, 48.2
2020-10-28, 13:31:49, 23.49, 48.23
2020-10-28, 13:31:50, 23.49, 48.2
2020-10-28, 13:31:52, 23.5, 48.2
2020-10-28, 13:31:53, 23.5, 48.2
2020-10-28, 13:31:54, 23.5, 48.2
2020-10-28, 13:31:56, 23.51, 48.2
2020-10-28, 13:31:57, 23.49, 48.2
2020-10-28, 13:31:58, 23.48, 48.23
2020-10-28, 13:32:00, 23.49, 48.23
2020-10-28, 13:32:01, 23.48, 48.23
2020-10-28, 13:32:02, 23.48, 48.23
2020-10-28, 13:32:04, 23.48, 48.23
2020-10-28, 13:32:05, 23.48, 48.23
2020-10-28, 13:32:06, 23.48, 48.23
2020-10-28, 13:32:08, 23.48, 48.26
2020-10-28, 13:32:09, 23.47, 48.23
2020-10-28, 13:32:11, 23.48, 48.23
2020-10-28, 13:32:12, 23.48, 48.26
2020-10-28, 13:32:13, 23.48, 48.26
2020-10-28, 13:32:15, 23.47, 48.26
2020-10-28, 13:32:16, 23.48, 48.23
2020-10-28, 13:32:17, 23.49, 48.23
2020-10-28, 13:32:19, 23.46, 48.23
2020-10-28, 13:32:20, 23.48, 48.26
2020-10-28, 13:32:21, 23.47, 48.26
2020-10-28, 13:32:23, 23.47, 48.26
2020-10-28, 13:32:24, 23.48, 48.26
2020-10-28, 13:32:25, 23.46, 48.26
2020-10-28, 13:32:27, 23.47, 48.26
2020-10-28, 13:32:28, 23.46, 48.26
2020-10-28, 13:32:29, 23.46, 48.26
2020-10-28, 13:32:31, 23.47, 48.26
2020-10-28, 13:32:32, 23.46, 48.26
2020-10-28, 13:32:34, 23.46, 48.26
2020-10-28, 13:32:35, 23.46, 48.26
2020-10-28, 13:32:36, 23.47, 48.26
2020-10-28, 13:32:38, 23.46, 48.26
2020-10-28, 13:32:39, 23.46, 48.26
2020-10-28, 13:32:40, 23.46, 48.26
2020-10-28, 13:32:42, 23.46, 48.26
2020-10-28, 13:32:43, 23.47, 48.26
2020-10-28, 13:32:44, 23.46, 48.26
2020-10-28, 13:32:46, 23.47, 48.26
2020-10-28, 13:32:47, 23.48, 48.26
2020-10-28, 13:32:48, 23.46, 48.26
2020-10-28, 13:32:50, 23.47, 48.26
2020-10-28, 13:32:51, 23.47, 48.26
2020-10-28, 13:32:53, 23.46, 48.29
2020-10-28, 13:32:54, 23.47, 48.29
2020-10-28, 13:32:55, 23.46, 48.26
2020-10-28, 13:32:57, 23.47, 48.29
2020-10-28, 13:32:58, 23.46, 48.29
2020-10-28, 13:32:59, 23.46, 48.26
2020-10-28, 13:33:01, 23.46, 48.29
2020-10-28, 13:33:02, 23.47, 48.29
2020-10-28, 13:33:03, 23.46, 48.29
2020-10-28, 13:33:05, 23.46, 48.29
2020-10-28, 13:33:06, 23.45, 48.29
2020-10-28, 13:33:07, 23.44, 48.32
2020-10-28, 13:33:09, 23.46, 48.32
2020-10-28, 13:33:10, 23.46, 48.32
2020-10-28, 13:33:11, 23.46, 48.32
2020-10-28, 13:33:13, 23.45, 48.32
2020-10-28, 13:33:14, 23.45, 48.32
2020-10-28, 13:33:16, 23.44, 48.32
2020-10-28, 13:33:17, 23.46, 48.32
2020-10-28, 13:33:18, 23.46, 48.32
2020-10-28, 13:33:20, 23.46, 48.32
2020-10-28, 13:33:21, 23.44, 48.32
2020-10-28, 13:33:22, 23.44, 48.32
2020-10-28, 13:33:24, 23.45, 48.32
2020-10-28, 13:33:25, 23.44, 48.32
2020-10-28, 13:33:26, 23.46, 48.32
2020-10-28, 13:33:28, 23.44, 48.32
2020-10-28, 13:33:29, 23.46, 48.32
2020-10-28, 13:33:30, 23.45, 48.32
2020-10-28, 13:33:32, 23.44, 48.32
2020-10-28, 13:33:33, 23.42, 48.32
2020-10-28, 13:33:35, 23.45, 48.35
2020-10-28, 13:33:36, 23.45, 48.35
2020-10-28, 13:33:37, 23.45, 48.35
2020-10-28, 13:33:39, 23.45, 48.35
2020-10-28, 13:33:40, 23.46, 48.35
2020-10-28, 13:33:41, 23.45, 48.35
2020-10-28, 13:33:43, 23.44, 48.35
2020-10-28, 13:33:44, 23.45, 48.35
2020-10-28, 13:33:45, 23.44, 48.35
2020-10-28, 13:33:47, 23.46, 48.35
2020-10-28, 13:33:48, 23.46, 48.35
2020-10-28, 13:33:49, 23.45, 48.35
2020-10-28, 13:33:51, 23.46, 48.39
2020-10-28, 13:33:52, 23.45, 48.35
2020-10-28, 13:33:54, 23.46, 48.35
2020-10-28, 13:33:55, 23.46, 48.32
2020-10-28, 13:33:56, 23.46, 48.32
2020-10-28, 13:33:58, 23.47, 48.32
2020-10-28, 13:33:59, 23.46, 48.32
2020-10-28, 13:34:00, 23.45, 48.32
2020-10-28, 13:34:02, 23.46, 48.32
2020-10-28, 13:34:03, 23.47, 48.32
2020-10-28, 13:34:04, 23.47, 48.32
2020-10-28, 13:34:06, 23.46, 48.32
2020-10-28, 13:34:07, 23.46, 48.32
2020-10-28, 13:34:08, 23.46, 48.32
2020-10-28, 13:34:10, 23.46, 48.29
2020-10-28, 13:34:11, 23.46, 48.29
2020-10-28, 13:34:12, 23.46, 48.29
2020-10-28, 13:34:14, 23.47, 48.32
2020-10-28, 13:34:15, 23.47, 48.29
2020-10-28, 13:34:17, 23.46, 48.29
2020-10-28, 13:34:18, 23.47, 48.29
2020-10-28, 13:34:19, 23.46, 48.29
2020-10-28, 13:34:21, 23.47, 48.29
2020-10-28, 13:34:22, 23.47, 48.26
2020-10-28, 13:34:23, 23.46, 48.32
2020-10-28, 13:34:25, 23.47, 48.29
2020-10-28, 13:34:26, 23.46, 48.29
2020-10-28, 13:34:27, 23.46, 48.29
2020-10-28, 13:34:29, 23.45, 48.26
2020-10-28, 13:34:30, 23.45, 48.29
2020-10-28, 13:34:31, 23.45, 48.29
2020-10-28, 13:34:33, 23.46, 48.29
2020-10-28, 13:34:34, 23.46, 48.32
2020-10-28, 13:34:36, 23.45, 48.32
2020-10-28, 13:34:37, 23.46, 48.32
2020-10-28, 13:34:38, 23.46, 48.32
2020-10-28, 13:34:40, 23.47, 48.32
2020-10-28, 13:34:41, 23.46, 48.32
2020-10-28, 13:34:42, 23.47, 48.32
2020-10-28, 13:34:44, 23.46, 48.32
2020-10-28, 13:34:45, 23.46, 48.32
2020-10-28, 13:34:46, 23.48, 48.32
2020-10-28, 13:34:48, 23.45, 48.29
2020-10-28, 13:34:49, 23.46, 48.32
2020-10-28, 13:34:50, 23.47, 48.29
2020-10-28, 13:34:52, 23.46, 48.32
2020-10-28, 13:34:53, 23.46, 48.32
2020-10-28, 13:34:54, 23.46, 48.29
2020-10-28, 13:34:56, 23.46, 48.32
2020-10-28, 13:34:57, 23.46, 48.29
2020-10-28, 13:34:59, 23.46, 48.29
2020-10-28, 13:35:00, 23.48, 48.29
2020-10-28, 13:35:01, 23.48, 48.32
2020-10-28, 13:35:03, 23.48, 48.29
2020-10-28, 13:35:04, 23.47, 48.29
2020-10-28, 13:35:05, 23.47, 48.29
2020-10-28, 13:35:07, 23.46, 48.29
2020-10-28, 13:35:08, 23.46, 48.29
2020-10-28, 13:35:09, 23.46, 48.29
2020-10-28, 13:35:11, 23.47, 48.29
2020-10-28, 13:35:12, 23.46, 48.32
2020-10-28, 13:35:13, 23.45, 48.32
2020-10-28, 13:35:15, 23.46, 48.32
2020-10-28, 13:35:16, 23.46, 48.32
2020-10-28, 13:35:18, 23.45, 48.32
2020-10-28, 13:35:19, 23.45, 48.32
2020-10-28, 13:35:20, 23.46, 48.32
2020-10-28, 13:35:22, 23.45, 48.32
2020-10-28, 13:35:23, 23.47, 48.32
2020-10-28, 13:35:24, 23.46, 48.32
2020-10-28, 13:35:26, 23.47, 48.32
2020-10-28, 13:35:27, 23.46, 48.32
2020-10-28, 13:35:28, 23.47, 48.32
2020-10-28, 13:35:30, 23.46, 48.29
2020-10-28, 13:35:31, 23.46, 48.32
2020-10-28, 13:35:33, 23.48, 48.29
2020-10-28, 13:35:34, 23.47, 48.32
2020-10-28, 13:35:35, 23.47, 48.32
2020-10-28, 13:35:37, 23.47, 48.29
2020-10-28, 13:35:38, 23.46, 48.29
2020-10-28, 13:35:39, 23.46, 48.29
2020-10-28, 13:35:41, 23.49, 48.33
2020-10-28, 13:35:42, 23.48, 48.29
2020-10-28, 13:35:43, 23.48, 48.29
2020-10-28, 13:35:45, 23.5, 48.33
2020-10-28, 13:35:46, 23.49, 48.29
2020-10-28, 13:35:47, 23.48, 48.32
2020-10-28, 13:35:49, 23.48, 48.32
2020-10-28, 13:35:50, 23.49, 48.33
2020-10-28, 13:35:52, 23.48, 48.29
2020-10-28, 13:35:53, 23.48, 48.29
2020-10-28, 13:35:54, 23.5, 48.29
2020-10-28, 13:35:56, 23.5, 48.29
2020-10-28, 13:35:57, 23.5, 48.26
2020-10-28, 13:35:58, 23.5, 48.26
2020-10-28, 13:36:00, 23.5, 48.26
2020-10-28, 13:36:01, 23.51, 48.26
2020-10-28, 13:36:02, 23.49, 48.26
2020-10-28, 13:36:04, 23.49, 48.23
2020-10-28, 13:36:05, 23.5, 48.26
2020-10-28, 13:36:06, 23.5, 48.23
2020-10-28, 13:36:08, 23.51, 48.23
2020-10-28, 13:36:09, 23.5, 48.23
2020-10-28, 13:36:10, 23.5, 48.26
2020-10-28, 13:36:12, 23.5, 48.23
2020-10-28, 13:36:13, 23.51, 48.23
2020-10-28, 13:36:15, 23.51, 48.26
2020-10-28, 13:36:16, 23.51, 48.23
2020-10-28, 13:36:17, 23.5, 48.26
2020-10-28, 13:36:19, 23.52, 48.23
2020-10-28, 13:36:20, 23.52, 48.2
2020-10-28, 13:36:21, 23.52, 48.23
2020-10-28, 13:36:23, 23.52, 48.2
2020-10-28, 13:36:24, 23.52, 48.2
2020-10-28, 13:36:25, 23.52, 48.2
2020-10-28, 13:36:27, 23.52, 48.2
2020-10-28, 13:36:28, 23.54, 48.2
2020-10-28, 13:36:29, 23.54, 48.2
2020-10-28, 13:36:31, 23.53, 48.2
2020-10-28, 13:36:32, 23.54, 48.2
2020-10-28, 13:36:34, 23.55, 48.21
2020-10-28, 13:36:35, 23.53, 48.2
2020-10-28, 13:36:36, 23.55, 48.21
2020-10-28, 13:36:38, 23.53, 48.2
2020-10-28, 13:36:39, 23.54, 48.2
2020-10-28, 13:36:40, 23.55, 48.17
2020-10-28, 13:36:42, 23.54, 48.17
2020-10-28, 13:36:43, 23.54, 48.17
2020-10-28, 13:36:44, 23.54, 48.17
2020-10-28, 13:36:46, 23.54, 48.14
2020-10-28, 13:36:47, 23.54, 48.14
2020-10-28, 13:36:48, 23.53, 48.14
2020-10-28, 13:36:50, 23.53, 48.14
2020-10-28, 13:36:51, 23.54, 48.14
2020-10-28, 13:36:53, 23.54, 48.14
2020-10-28, 13:36:54, 23.54, 48.14
2020-10-28, 13:36:55, 23.53, 48.14
2020-10-28, 13:36:57, 23.53, 48.14
2020-10-28, 13:36:58, 23.53, 48.14
2020-10-28, 13:36:59, 23.54, 48.14
2020-10-28, 13:37:01, 23.54, 48.14
2020-10-28, 13:37:02, 23.52, 48.14
2020-10-28, 13:37:03, 23.53, 48.11
2020-10-28, 13:37:05, 23.52, 48.14
2020-10-28, 13:37:06, 23.53, 48.14
2020-10-28, 13:37:07, 23.53, 48.14
2020-10-28, 13:37:09, 23.51, 48.1
2020-10-28, 13:37:10, 23.53, 48.11
2020-10-28, 13:37:12, 23.54, 48.14
2020-10-28, 13:37:13, 23.55, 48.11
2020-10-28, 13:37:14, 23.54, 48.11
2020-10-28, 13:37:16, 23.55, 48.11
2020-10-28, 13:37:17, 23.54, 48.08
2020-10-28, 13:37:18, 23.54, 48.11
2020-10-28, 13:37:20, 23.54, 48.11
2020-10-28, 13:37:21, 23.54, 48.14
2020-10-28, 13:37:22, 23.53, 48.14
2020-10-28, 13:37:24, 23.53, 48.14
2020-10-28, 13:37:25, 23.54, 48.14
2020-10-28, 13:37:26, 23.53, 48.14
2020-10-28, 13:37:28, 23.53, 48.14
2020-10-28, 13:37:29, 23.54, 48.11
2020-10-28, 13:37:30, 23.54, 48.14
2020-10-28, 13:37:32, 23.54, 48.14
2020-10-28, 13:37:33, 23.54, 48.14
2020-10-28, 13:37:35, 23.54, 48.14
2020-10-28, 13:37:36, 23.54, 48.14
2020-10-28, 13:37:37, 23.55, 48.14
2020-10-28, 13:37:39, 23.55, 48.14
2020-10-28, 13:37:40, 23.54, 48.11
2020-10-28, 13:37:41, 23.54, 48.11
2020-10-28, 13:37:43, 23.54, 48.11
2020-10-28, 13:37:44, 23.54, 48.11
2020-10-28, 13:37:45, 23.56, 48.11
2020-10-28, 13:37:47, 23.54, 48.11
2020-10-28, 13:37:48, 23.54, 48.08
2020-10-28, 13:37:49, 23.54, 48.08
2020-10-28, 13:37:51, 23.55, 48.11
2020-10-28, 13:37:52, 23.55, 48.11
2020-10-28, 13:37:54, 23.55, 48.11
2020-10-28, 13:37:55, 23.55, 48.08
2020-10-28, 13:37:56, 23.56, 48.08
2020-10-28, 13:37:58, 23.55, 48.08
2020-10-28, 13:37:59, 23.56, 48.08
2020-10-28, 13:38:00, 23.55, 48.08
2020-10-28, 13:38:02, 23.56, 48.08
2020-10-28, 13:38:03, 23.55, 48.08
2020-10-28, 13:38:04, 23.56, 48.08
2020-10-28, 13:38:06, 23.55, 48.08
2020-10-28, 13:38:07, 23.56, 48.08
2020-10-28, 13:38:08, 23.56, 48.05
2020-10-28, 13:38:10, 23.57, 48.08
2020-10-28, 13:38:11, 23.56, 48.05
2020-10-28, 13:38:13, 23.56, 48.05
2020-10-28, 13:38:14, 23.55, 48.08
2020-10-28, 13:38:15, 23.56, 48.08
2020-10-28, 13:38:17, 23.56, 48.11
2020-10-28, 13:38:18, 23.56, 48.08
2020-10-28, 13:38:19, 23.52, 48.07
2020-10-28, 13:38:21, 23.56, 48.11
2020-10-28, 13:38:22, 23.56, 48.08
2020-10-28, 13:38:23, 23.56, 48.08
2020-10-28, 13:38:25, 23.56, 48.08
2020-10-28, 13:38:26, 23.56, 48.08
2020-10-28, 13:38:28, 23.57, 48.08
2020-10-28, 13:38:29, 23.57, 48.05
2020-10-28, 13:38:30, 23.58, 48.05
2020-10-28, 13:38:32, 23.56, 48.05
2020-10-28, 13:38:33, 23.57, 48.05
2020-10-28, 13:38:34, 23.58, 48.08
2020-10-28, 13:38:36, 23.56, 48.05
2020-10-28, 13:38:37, 23.58, 48.02
2020-10-28, 13:38:38, 23.58, 48.02
2020-10-28, 13:38:40, 23.58, 48.02
2020-10-28, 13:38:41, 23.59, 48.02
2020-10-28, 13:38:42, 23.58, 48.02
2020-10-28, 13:38:44, 23.58, 48.02
2020-10-28, 13:38:45, 23.58, 48.02
2020-10-28, 13:38:47, 23.58, 48.02
2020-10-28, 13:38:48, 23.58, 48.02
2020-10-28, 13:38:49, 23.58, 48.02
2020-10-28, 13:38:51, 23.59, 48.02
2020-10-28, 13:38:52, 23.58, 48.02
2020-10-28, 13:38:53, 23.58, 48.02
2020-10-28, 13:38:55, 23.58, 48.02
2020-10-28, 13:38:56, 23.58, 48.02
2020-10-28, 13:38:57, 23.58, 48.02
2020-10-28, 13:38:59, 23.58, 48.02
2020-10-28, 13:39:00, 23.58, 48.02
2020-10-28, 13:39:01, 23.57, 48.02
2020-10-28, 13:39:03, 23.57, 48.02
2020-10-28, 13:39:04, 23.57, 48.02
2020-10-28, 13:39:06, 23.57, 48.02
2020-10-28, 13:39:07, 23.58, 48.02
2020-10-28, 13:39:08, 23.57, 48.02
2020-10-28, 13:39:10, 23.57, 48.02
2020-10-28, 13:39:11, 23.58, 48.02
2020-10-28, 13:39:12, 23.58, 48.02
2020-10-28, 13:39:14, 23.58, 48.02
2020-10-28, 13:39:15, 23.58, 47.99
2020-10-28, 13:39:16, 23.59, 47.99
2020-10-28, 13:39:18, 23.57, 48.02
2020-10-28, 13:39:19, 23.59, 47.99
2020-10-28, 13:39:20, 23.57, 47.98
2020-10-28, 13:39:22, 23.58, 47.99
2020-10-28, 13:39:23, 23.58, 47.95
2020-10-28, 13:39:25, 23.57, 48.02
2020-10-28, 13:39:26, 23.57, 47.98
2020-10-28, 13:39:27, 23.58, 47.95
2020-10-28, 13:39:29, 23.57, 47.98
2020-10-28, 13:39:30, 23.57, 47.98
2020-10-28, 13:39:31, 23.56, 47.95
2020-10-28, 13:39:33, 23.57, 47.98
2020-10-28, 13:39:34, 23.58, 47.99
2020-10-28, 13:39:35, 23.56, 47.95
2020-10-28, 13:39:37, 23.57, 47.98
2020-10-28, 13:39:38, 23.59, 47.96
2020-10-28, 13:39:39, 23.57, 47.95
2020-10-28, 13:39:41, 23.58, 47.95
2020-10-28, 13:39:42, 23.56, 47.95
2020-10-28, 13:39:44, 23.59, 47.96
2020-10-28, 13:39:45, 23.58, 47.95
2020-10-28, 13:39:46, 23.58, 47.95
2020-10-28, 13:39:48, 23.58, 47.95
2020-10-28, 13:39:49, 23.58, 47.95
2020-10-28, 13:39:50, 23.57, 47.95
2020-10-28, 13:39:52, 23.55, 47.95
2020-10-28, 13:39:53, 23.58, 47.95
2020-10-28, 13:39:54, 23.57, 47.95
2020-10-28, 13:39:56, 23.57, 47.95
2020-10-28, 13:39:57, 23.58, 47.95
2020-10-28, 13:39:58, 23.59, 47.96
2020-10-28, 13:40:00, 23.59, 47.96
2020-10-28, 13:40:01, 23.58, 47.95
2020-10-28, 13:40:03, 23.58, 47.95
2020-10-28, 13:40:04, 23.58, 47.95
2020-10-28, 13:40:05, 23.6, 47.96
2020-10-28, 13:40:07, 23.58, 47.95
2020-10-28, 13:40:08, 23.58, 47.95
2020-10-28, 13:40:09, 23.6, 47.96
2020-10-28, 13:40:11, 23.6, 47.96
2020-10-28, 13:40:12, 23.6, 47.96
2020-10-28, 13:40:13, 23.58, 47.92
2020-10-28, 13:40:15, 23.59, 47.96
2020-10-28, 13:40:16, 23.6, 47.96
2020-10-28, 13:40:17, 23.59, 47.92
2020-10-28, 13:40:19, 23.57, 47.92
2020-10-28, 13:40:20, 23.58, 47.92
2020-10-28, 13:40:22, 23.58, 47.95
2020-10-28, 13:40:23, 23.59, 47.96
2020-10-28, 13:40:24, 23.59, 47.92
2020-10-28, 13:40:26, 23.58, 47.95
2020-10-28, 13:40:27, 23.59, 47.96
2020-10-28, 13:40:28, 23.58, 47.92
2020-10-28, 13:40:30, 23.58, 47.95
2020-10-28, 13:40:31, 23.58, 47.92
2020-10-28, 13:40:32, 23.59, 47.92
2020-10-28, 13:40:34, 23.59, 47.92
2020-10-28, 13:40:35, 23.6, 47.92
2020-10-28, 13:40:37, 23.6, 47.92
2020-10-28, 13:40:38, 23.58, 47.92
2020-10-28, 13:40:39, 23.6, 47.92
2020-10-28, 13:40:41, 23.6, 47.92
2020-10-28, 13:40:42, 23.6, 47.92
2020-10-28, 13:40:43, 23.6, 47.89
2020-10-28, 13:40:45, 23.61, 47.89
2020-10-28, 13:40:46, 23.6, 47.92
2020-10-28, 13:40:47, 23.6, 47.99
2020-10-28, 13:40:49, 23.6, 48.02
2020-10-28, 13:40:50, 23.6, 48.02
2020-10-28, 13:40:51, 23.61, 48.02
2020-10-28, 13:40:53, 23.6, 48.02
2020-10-28, 13:40:54, 23.6, 47.99
2020-10-28, 13:40:56, 23.62, 47.96
2020-10-28, 13:40:57, 23.61, 47.96
2020-10-28, 13:40:58, 23.61, 47.96
2020-10-28, 13:41:00, 23.6, 47.96
2020-10-28, 13:41:01, 23.61, 47.96
2020-10-28, 13:41:02, 23.61, 47.89
2020-10-28, 13:41:04, 23.61, 47.96
2020-10-28, 13:41:05, 23.62, 47.96
2020-10-28, 13:41:06, 23.61, 47.96
2020-10-28, 13:41:08, 23.62, 47.96
2020-10-28, 13:41:09, 23.6, 47.96
2020-10-28, 13:41:10, 23.62, 47.93
2020-10-28, 13:41:12, 23.62, 47.93
2020-10-28, 13:41:13, 23.62, 47.93
2020-10-28, 13:41:15, 23.62, 47.93
2020-10-28, 13:41:16, 23.62, 47.96
2020-10-28, 13:41:17, 23.62, 47.93
2020-10-28, 13:41:19, 23.61, 47.93
2020-10-28, 13:41:20, 23.62, 47.9
2020-10-28, 13:41:21, 23.62, 47.9
2020-10-28, 13:41:23, 23.62, 47.9
2020-10-28, 13:41:24, 23.6, 47.89
2020-10-28, 13:41:25, 23.61, 47.89
2020-10-28, 13:41:27, 23.62, 47.9
2020-10-28, 13:41:28, 23.62, 47.9
2020-10-28, 13:41:29, 23.62, 47.9
2020-10-28, 13:41:31, 23.62, 47.9
2020-10-28, 13:41:32, 23.62, 47.86
2020-10-28, 13:41:34, 23.62, 47.9
2020-10-28, 13:41:35, 23.62, 47.9
2020-10-28, 13:41:36, 23.62, 47.9
2020-10-28, 13:41:38, 23.64, 47.9
2020-10-28, 13:41:39, 23.64, 47.9
2020-10-28, 13:41:40, 23.64, 47.93
2020-10-28, 13:41:42, 23.62, 47.93
2020-10-28, 13:41:43, 23.62, 47.93
2020-10-28, 13:41:44, 23.62, 47.93
2020-10-28, 13:41:46, 23.62, 47.93
2020-10-28, 13:41:47, 23.61, 47.96
2020-10-28, 13:41:48, 23.63, 47.96
2020-10-28, 13:41:50, 23.63, 47.93
2020-10-28, 13:41:51, 23.64, 47.93
2020-10-28, 13:41:53, 23.62, 47.93
2020-10-28, 13:41:54, 23.63, 47.93
2020-10-28, 13:41:55, 23.64, 47.93
2020-10-28, 13:41:57, 23.62, 47.96
2020-10-28, 13:41:58, 23.64, 47.96
2020-10-28, 13:41:59, 23.64, 47.96
2020-10-28, 13:42:01, 23.63, 47.96
2020-10-28, 13:42:02, 23.63, 47.96
2020-10-28, 13:42:03, 23.62, 47.99
2020-10-28, 13:42:05, 23.63, 47.96
2020-10-28, 13:42:06, 23.63, 47.96
2020-10-28, 13:42:07, 23.63, 47.99
2020-10-28, 13:42:09, 23.63, 47.96
2020-10-28, 13:42:10, 23.64, 47.96
2020-10-28, 13:42:12, 23.64, 47.96
2020-10-28, 13:42:13, 23.62, 48.02
2020-10-28, 13:42:14, 23.62, 48.15
2020-10-28, 13:42:16, 23.63, 48.15
2020-10-28, 13:42:17, 23.62, 48.12
2020-10-28, 13:42:18, 23.63, 48.09
2020-10-28, 13:42:20, 23.62, 48.09
2020-10-28, 13:42:21, 23.64, 48.06
2020-10-28, 13:42:22, 23.64, 47.99
2020-10-28, 13:42:24, 23.63, 47.99
2020-10-28, 13:42:25, 23.63, 47.96
2020-10-28, 13:42:26, 23.64, 47.96
2020-10-28, 13:42:28, 23.64, 47.96
2020-10-28, 13:42:29, 23.63, 47.99
2020-10-28, 13:42:31, 23.64, 48.03
2020-10-28, 13:42:32, 23.64, 48.09
2020-10-28, 13:42:33, 23.65, 48.15
2020-10-28, 13:42:35, 23.64, 48.12
2020-10-28, 13:42:36, 23.64, 48.09
2020-10-28, 13:42:37, 23.64, 48.09
2020-10-28, 13:42:39, 23.64, 48.09
2020-10-28, 13:42:40, 23.62, 48.09
2020-10-28, 13:42:41, 23.65, 48.06
2020-10-28, 13:42:43, 23.65, 48.03
2020-10-28, 13:42:44, 23.64, 48.03
2020-10-28, 13:42:45, 23.63, 48.06
2020-10-28, 13:42:47, 23.63, 48.06
2020-10-28, 13:42:48, 23.64, 48.06
2020-10-28, 13:42:50, 23.65, 48.06
2020-10-28, 13:42:51, 23.64, 48.06
2020-10-28, 13:42:52, 23.66, 48.06
2020-10-28, 13:42:54, 23.65, 48.06
2020-10-28, 13:42:55, 23.64, 48.06
2020-10-28, 13:42:56, 23.64, 48.09
2020-10-28, 13:42:58, 23.62, 48.09
2020-10-28, 13:42:59, 23.62, 48.02
2020-10-28, 13:43:00, 23.62, 48.02
2020-10-28, 13:43:02, 23.63, 48.02
2020-10-28, 13:43:03, 23.63, 47.99
2020-10-28, 13:43:04, 23.64, 47.99
2020-10-28, 13:43:06, 23.64, 47.96
2020-10-28, 13:43:07, 23.62, 47.96
2020-10-28, 13:43:09, 23.61, 47.96
2020-10-28, 13:43:10, 23.62, 47.96
2020-10-28, 13:43:11, 23.61, 47.99
2020-10-28, 13:43:13, 23.62, 48.02
2020-10-28, 13:43:14, 23.62, 48.02
2020-10-28, 13:43:15, 23.6, 47.99
2020-10-28, 13:43:17, 23.6, 47.99
2020-10-28, 13:43:18, 23.61, 48.02
2020-10-28, 13:43:19, 23.62, 48.02
2020-10-28, 13:43:21, 23.61, 48.02
2020-10-28, 13:43:22, 23.62, 48.02
2020-10-28, 13:43:23, 23.62, 48.02
2020-10-28, 13:43:25, 23.62, 48.02
2020-10-28, 13:43:26, 23.62, 48.02
2020-10-28, 13:43:27, 23.62, 47.99
2020-10-28, 13:43:29, 23.61, 47.99
2020-10-28, 13:43:30, 23.63, 47.99
2020-10-28, 13:43:32, 23.62, 47.96
2020-10-28, 13:43:33, 23.62, 48.02
2020-10-28, 13:43:34, 23.62, 48.02
2020-10-28, 13:43:36, 23.62, 47.99
2020-10-28, 13:43:37, 23.63, 48.02
2020-10-28, 13:43:38, 23.62, 48.06
2020-10-28, 13:43:40, 23.6, 48.05
2020-10-28, 13:43:41, 23.62, 48.06
2020-10-28, 13:43:42, 23.63, 48.06
2020-10-28, 13:43:44, 23.62, 48.06
2020-10-28, 13:43:45, 23.62, 48.02
2020-10-28, 13:43:46, 23.62, 48.02
2020-10-28, 13:43:48, 23.62, 48.02
2020-10-28, 13:43:49, 23.61, 48.02
2020-10-28, 13:43:51, 23.62, 48.02
2020-10-28, 13:43:52, 23.63, 48.02
2020-10-28, 13:43:53, 23.64, 48.06
2020-10-28, 13:43:55, 23.63, 48.09
2020-10-28, 13:43:56, 23.64, 48.09
2020-10-28, 13:43:57, 23.64, 48.03
2020-10-28, 13:43:59, 23.62, 48.02
2020-10-28, 13:44:00, 23.64, 48.03
2020-10-28, 13:44:01, 23.62, 48.02
2020-10-28, 13:44:03, 23.62, 48.02
2020-10-28, 13:44:04, 23.63, 48.02
2020-10-28, 13:44:05, 23.64, 48.03
2020-10-28, 13:44:07, 23.62, 48.02
2020-10-28, 13:44:08, 23.62, 48.02
2020-10-28, 13:44:10, 23.62, 48.06
2020-10-28, 13:44:11, 23.63, 48.06
2020-10-28, 13:44:12, 23.62, 48.06
2020-10-28, 13:44:14, 23.64, 48.06
2020-10-28, 13:44:15, 23.63, 48.06
2020-10-28, 13:44:16, 23.64, 48.09
2020-10-28, 13:44:18, 23.63, 48.06
2020-10-28, 13:44:19, 23.63, 48.06
2020-10-28, 13:44:20, 23.64, 48.06
2020-10-28, 13:44:22, 23.63, 48.06
2020-10-28, 13:44:23, 23.63, 48.02
2020-10-28, 13:44:24, 23.63, 48.02
2020-10-28, 13:44:26, 23.62, 48.06
2020-10-28, 13:44:27, 23.63, 48.06
2020-10-28, 13:44:29, 23.64, 48.03
2020-10-28, 13:44:30, 23.64, 48.03
2020-10-28, 13:44:31, 23.63, 48.06
2020-10-28, 13:44:33, 23.63, 48.02
2020-10-28, 13:44:34, 23.64, 48.06
2020-10-28, 13:44:35, 23.61, 48.05
2020-10-28, 13:44:37, 23.62, 48.06
2020-10-28, 13:44:38, 23.62, 48.09
2020-10-28, 13:44:39, 23.62, 48.06
2020-10-28, 13:44:41, 23.63, 48.06
2020-10-28, 13:44:42, 23.62, 48.06
2020-10-28, 13:44:43, 23.62, 48.06
2020-10-28, 13:44:45, 23.62, 48.06
2020-10-28, 13:44:46, 23.63, 48.09
2020-10-28, 13:44:48, 23.64, 48.09
2020-10-28, 13:44:49, 23.63, 48.09
2020-10-28, 13:44:50, 23.63, 48.09
2020-10-28, 13:44:52, 23.63, 48.12
2020-10-28, 13:44:53, 23.64, 48.12
2020-10-28, 13:44:54, 23.63, 48.12
2020-10-28, 13:44:56, 23.61, 48.09
2020-10-28, 13:44:57, 23.62, 48.09
2020-10-28, 13:44:58, 23.63, 48.15
2020-10-28, 13:45:00, 23.64, 48.15
2020-10-28, 13:45:01, 23.62, 48.12
2020-10-28, 13:45:02, 23.63, 48.12
2020-10-28, 13:45:04, 23.62, 48.12
2020-10-28, 13:45:05, 23.63, 48.12
2020-10-28, 13:45:07, 23.64, 48.12
2020-10-28, 13:45:08, 23.63, 48.12
2020-10-28, 13:45:09, 23.63, 48.09
2020-10-28, 13:45:11, 23.6, 48.12
2020-10-28, 13:45:12, 23.63, 48.12
2020-10-28, 13:45:13, 23.63, 48.15
2020-10-28, 13:45:15, 23.62, 48.15
2020-10-28, 13:45:16, 23.62, 48.18
2020-10-28, 13:45:17, 23.62, 48.15
2020-10-28, 13:45:19, 23.62, 48.15
2020-10-28, 13:45:20, 23.62, 48.15
2020-10-28, 13:45:21, 23.62, 48.15
2020-10-28, 13:45:23, 23.62, 48.15
2020-10-28, 13:45:24, 23.63, 48.15
2020-10-28, 13:45:26, 23.62, 48.15
2020-10-28, 13:45:27, 23.62, 48.21
2020-10-28, 13:45:28, 23.63, 48.22
2020-10-28, 13:45:30, 23.63, 48.22
2020-10-28, 13:45:31, 23.62, 48.25
2020-10-28, 13:45:32, 23.64, 48.22
2020-10-28, 13:45:34, 23.61, 48.21
2020-10-28, 13:45:35, 23.62, 48.21
2020-10-28, 13:45:36, 23.63, 48.22
2020-10-28, 13:45:38, 23.63, 48.22
2020-10-28, 13:45:39, 23.62, 48.18
2020-10-28, 13:45:40, 23.62, 48.21
2020-10-28, 13:45:42, 23.62, 48.18
2020-10-28, 13:45:43, 23.62, 48.21
2020-10-28, 13:45:45, 23.61, 48.21
2020-10-28, 13:45:46, 23.6, 48.21
2020-10-28, 13:45:47, 23.62, 48.21
2020-10-28, 13:45:49, 23.6, 48.21
2020-10-28, 13:45:50, 23.61, 48.25
2020-10-28, 13:45:51, 23.61, 48.25
2020-10-28, 13:45:53, 23.61, 48.25
2020-10-28, 13:45:54, 23.59, 48.24
2020-10-28, 13:45:55, 23.58, 48.24
2020-10-28, 13:45:57, 23.61, 48.28
2020-10-28, 13:45:58, 23.59, 48.27
2020-10-28, 13:45:59, 23.6, 48.31
2020-10-28, 13:46:01, 23.6, 48.31
2020-10-28, 13:46:02, 23.6, 48.31
2020-10-28, 13:46:04, 23.6, 48.34
2020-10-28, 13:46:05, 23.6, 48.34
2020-10-28, 13:46:06, 23.58, 48.34
2020-10-28, 13:46:08, 23.6, 48.31
2020-10-28, 13:46:09, 23.58, 48.34
2020-10-28, 13:46:10, 23.58, 48.34
2020-10-28, 13:46:12, 23.57, 48.34
2020-10-28, 13:46:13, 23.57, 48.34
2020-10-28, 13:46:14, 23.58, 48.34
2020-10-28, 13:46:16, 23.58, 48.34
2020-10-28, 13:46:17, 23.58, 48.34
2020-10-28, 13:46:18, 23.58, 48.37
2020-10-28, 13:46:20, 23.59, 48.37
2020-10-28, 13:46:21, 23.58, 48.4
2020-10-28, 13:46:23, 23.59, 48.4
2020-10-28, 13:46:24, 23.58, 48.4
2020-10-28, 13:46:25, 23.58, 48.4
2020-10-28, 13:46:27, 23.58, 48.4
2020-10-28, 13:46:28, 23.56, 48.33
2020-10-28, 13:46:29, 23.58, 48.34
2020-10-28, 13:46:31, 23.58, 48.34
2020-10-28, 13:46:32, 23.58, 48.37
2020-10-28, 13:46:33, 23.58, 48.37
2020-10-28, 13:46:35, 23.6, 48.4
2020-10-28, 13:46:36, 23.6, 48.4
2020-10-28, 13:46:38, 23.59, 48.37
2020-10-28, 13:46:39, 23.56, 48.37
2020-10-28, 13:46:40, 23.58, 48.37
2020-10-28, 13:46:42, 23.58, 48.37
2020-10-28, 13:46:43, 23.57, 48.37
2020-10-28, 13:46:44, 23.58, 48.37
2020-10-28, 13:46:46, 23.58, 48.4
2020-10-28, 13:46:47, 23.58, 48.37
2020-10-28, 13:46:48, 23.58, 48.37
2020-10-28, 13:46:50, 23.57, 48.37
2020-10-28, 13:46:51, 23.58, 48.37
2020-10-28, 13:46:52, 23.58, 48.37
2020-10-28, 13:46:54, 23.58, 48.4
2020-10-28, 13:46:55, 23.58, 48.4
2020-10-28, 13:46:57, 23.57, 48.4
2020-10-28, 13:46:58, 23.56, 48.4
2020-10-28, 13:46:59, 23.56, 48.4
2020-10-28, 13:47:01, 23.56, 48.4
2020-10-28, 13:47:02, 23.57, 48.4
2020-10-28, 13:47:03, 23.57, 48.4
2020-10-28, 13:47:05, 23.57, 48.4
2020-10-28, 13:47:06, 23.54, 48.4
2020-10-28, 13:47:07, 23.57, 48.43
2020-10-28, 13:47:09, 23.56, 48.43
2020-10-28, 13:47:10, 23.56, 48.46
2020-10-28, 13:47:11, 23.56, 48.46
2020-10-28, 13:47:13, 23.56, 48.46
2020-10-28, 13:47:14, 23.56, 48.46
2020-10-28, 13:47:15, 23.55, 48.46
2020-10-28, 13:47:17, 23.54, 48.46
2020-10-28, 13:47:18, 23.56, 48.43
2020-10-28, 13:47:20, 23.56, 48.46
2020-10-28, 13:47:21, 23.55, 48.46
2020-10-28, 13:47:22, 23.54, 48.43
2020-10-28, 13:47:24, 23.54, 48.43
2020-10-28, 13:47:25, 23.55, 48.43
2020-10-28, 13:47:26, 23.54, 48.43
2020-10-28, 13:47:28, 23.55, 48.46
2020-10-28, 13:47:29, 23.54, 48.46
2020-10-28, 13:47:30, 23.53, 48.49
2020-10-28, 13:47:32, 23.53, 48.49
2020-10-28, 13:47:33, 23.54, 48.49
2020-10-28, 13:47:35, 23.54, 48.52
2020-10-28, 13:47:36, 23.53, 48.52
2020-10-28, 13:47:37, 23.52, 48.52
2020-10-28, 13:47:39, 23.53, 48.55
2020-10-28, 13:47:40, 23.51, 48.58
2020-10-28, 13:47:41, 23.53, 48.55
2020-10-28, 13:47:43, 23.54, 48.56
2020-10-28, 13:47:44, 23.53, 48.59
2020-10-28, 13:47:45, 23.52, 48.58
2020-10-28, 13:47:47, 23.54, 48.59
2020-10-28, 13:47:48, 23.52, 48.58
2020-10-28, 13:47:49, 23.53, 48.59
2020-10-28, 13:47:51, 23.52, 48.62
2020-10-28, 13:47:52, 23.5, 48.61
2020-10-28, 13:47:53, 23.5, 48.61
2020-10-28, 13:47:55, 23.5, 48.61
2020-10-28, 13:47:56, 23.52, 48.62
2020-10-28, 13:47:58, 23.5, 48.65
2020-10-28, 13:47:59, 23.51, 48.68
2020-10-28, 13:48:00, 23.51, 48.71
2020-10-28, 13:48:02, 23.51, 48.71
2020-10-28, 13:48:03, 23.51, 48.68
2020-10-28, 13:48:04, 23.52, 48.65
2020-10-28, 13:48:06, 23.51, 48.65
2020-10-28, 13:48:07, 23.5, 48.68
2020-10-28, 13:48:08, 23.51, 48.65
2020-10-28, 13:48:10, 23.5, 48.68
2020-10-28, 13:48:11, 23.5, 48.68
2020-10-28, 13:48:12, 23.51, 48.68
2020-10-28, 13:48:14, 23.5, 48.68
2020-10-28, 13:48:15, 23.5, 48.68
2020-10-28, 13:48:17, 23.51, 48.68
2020-10-28, 13:48:18, 23.51, 48.68
2020-10-28, 13:48:19, 23.5, 48.71
2020-10-28, 13:48:21, 23.52, 48.71
2020-10-28, 13:48:22, 23.5, 48.71
2020-10-28, 13:48:23, 23.51, 48.71
2020-10-28, 13:48:25, 23.52, 48.71
2020-10-28, 13:48:26, 23.51, 48.77
2020-10-28, 13:48:27, 23.5, 48.77
2020-10-28, 13:48:29, 23.5, 48.71
2020-10-28, 13:48:30, 23.5, 48.74
2020-10-28, 13:48:31, 23.5, 48.77
2020-10-28, 13:48:33, 23.5, 48.71
2020-10-28, 13:48:34, 23.5, 48.71
2020-10-28, 13:48:35, 23.51, 48.71
2020-10-28, 13:48:37, 23.51, 48.71
2020-10-28, 13:48:38, 23.49, 48.71
2020-10-28, 13:48:40, 23.5, 48.71
2020-10-28, 13:48:41, 23.51, 48.71
2020-10-28, 13:48:42, 23.5, 48.71
2020-10-28, 13:48:44, 23.51, 48.71
2020-10-28, 13:48:45, 23.5, 48.71
2020-10-28, 13:48:46, 23.52, 48.74
2020-10-28, 13:48:48, 23.51, 48.71
2020-10-28, 13:48:49, 23.5, 48.71
2020-10-28, 13:48:50, 23.5, 48.71
2020-10-28, 13:48:52, 23.51, 48.71
2020-10-28, 13:48:53, 23.5, 48.71
2020-10-28, 13:48:54, 23.5, 48.68
2020-10-28, 13:48:56, 23.5, 48.71
2020-10-28, 13:48:57, 23.49, 48.71
2020-10-28, 13:48:59, 23.5, 48.71
2020-10-28, 13:49:00, 23.5, 48.71
2020-10-28, 13:49:01, 23.5, 48.71
2020-10-28, 13:49:03, 23.5, 48.71
2020-10-28, 13:49:04, 23.5, 48.71
2020-10-28, 13:49:05, 23.49, 48.68
2020-10-28, 13:49:07, 23.5, 48.71
2020-10-28, 13:49:08, 23.51, 48.71
2020-10-28, 13:49:09, 23.49, 48.71
2020-10-28, 13:49:11, 23.49, 48.71
2020-10-28, 13:49:12, 23.48, 48.67
2020-10-28, 13:49:13, 23.48, 48.71
2020-10-28, 13:49:15, 23.48, 48.71
2020-10-28, 13:49:16, 23.48, 48.71
2020-10-28, 13:49:18, 23.48, 48.71
2020-10-28, 13:49:19, 23.49, 48.71
2020-10-28, 13:49:20, 23.5, 48.71
2020-10-28, 13:49:22, 23.47, 48.71
2020-10-28, 13:49:23, 23.48, 48.71
2020-10-28, 13:49:24, 23.48, 48.71
2020-10-28, 13:49:26, 23.47, 48.71
2020-10-28, 13:49:27, 23.49, 48.71
2020-10-28, 13:49:28, 23.48, 48.71
2020-10-28, 13:49:30, 23.48, 48.71
2020-10-28, 13:49:31, 23.5, 48.71
2020-10-28, 13:49:32, 23.48, 48.71
2020-10-28, 13:49:34, 23.49, 48.71
2020-10-28, 13:49:35, 23.47, 48.71
2020-10-28, 13:49:37, 23.48, 48.71
2020-10-28, 13:49:38, 23.46, 48.7
2020-10-28, 13:49:39, 23.47, 48.71
2020-10-28, 13:49:41, 23.49, 48.71
2020-10-28, 13:49:42, 23.48, 48.74
2020-10-28, 13:49:43, 23.48, 48.71
2020-10-28, 13:49:45, 23.49, 48.71
2020-10-28, 13:49:46, 23.49, 48.71
2020-10-28, 13:49:47, 23.48, 48.71
2020-10-28, 13:49:49, 23.48, 48.71
2020-10-28, 13:49:50, 23.47, 48.71
2020-10-28, 13:49:51, 23.47, 48.71
2020-10-28, 13:49:53, 23.49, 48.71
2020-10-28, 13:49:54, 23.48, 48.71
2020-10-28, 13:49:56, 23.47, 48.71
2020-10-28, 13:49:57, 23.46, 48.7
2020-10-28, 13:49:58, 23.47, 48.71
2020-10-28, 13:50:00, 23.48, 48.74
2020-10-28, 13:50:01, 23.48, 48.71
2020-10-28, 13:50:02, 23.46, 48.74
2020-10-28, 13:50:04, 23.47, 48.74
2020-10-28, 13:50:05, 23.45, 48.7
2020-10-28, 13:50:06, 23.48, 48.74
2020-10-28, 13:50:08, 23.48, 48.71
2020-10-28, 13:50:09, 23.49, 48.71
2020-10-28, 13:50:10, 23.48, 48.71
2020-10-28, 13:50:12, 23.47, 48.74
2020-10-28, 13:50:13, 23.47, 48.71
2020-10-28, 13:50:15, 23.47, 48.71
2020-10-28, 13:50:16, 23.45, 48.73
2020-10-28, 13:50:17, 23.46, 48.7
2020-10-28, 13:50:19, 23.46, 48.74
2020-10-28, 13:50:20, 23.46, 48.74
2020-10-28, 13:50:21, 23.45, 48.73
2020-10-28, 13:50:23, 23.45, 48.73
2020-10-28, 13:50:24, 23.44, 48.73
2020-10-28, 13:50:25, 23.44, 48.73
2020-10-28, 13:50:27, 23.44, 48.73
2020-10-28, 13:50:28, 23.46, 48.77
2020-10-28, 13:50:29, 23.45, 48.77
2020-10-28, 13:50:31, 23.47, 48.74
2020-10-28, 13:50:32, 23.43, 48.76
2020-10-28, 13:50:34, 23.44, 48.77
2020-10-28, 13:50:35, 23.44, 48.77
2020-10-28, 13:50:36, 23.43, 48.76
2020-10-28, 13:50:38, 23.44, 48.77
2020-10-28, 13:50:39, 23.43, 48.76
2020-10-28, 13:50:40, 23.44, 48.77
2020-10-28, 13:50:42, 23.44, 48.77
2020-10-28, 13:50:43, 23.46, 48.77
2020-10-28, 13:50:44, 23.46, 48.77
2020-10-28, 13:50:46, 23.46, 48.77
2020-10-28, 13:50:47, 23.45, 48.77
2020-10-28, 13:50:48, 23.44, 48.77
2020-10-28, 13:50:50, 23.45, 48.77
2020-10-28, 13:50:51, 23.45, 48.77
2020-10-28, 13:50:53, 23.45, 48.77
2020-10-28, 13:50:54, 23.44, 48.77
2020-10-28, 13:50:55, 23.45, 48.77
2020-10-28, 13:50:57, 23.45, 48.77
2020-10-28, 13:50:58, 23.45, 48.77
2020-10-28, 13:50:59, 23.44, 48.77
2020-10-28, 13:51:01, 23.44, 48.77
2020-10-28, 13:51:02, 23.44, 48.77
2020-10-28, 13:51:03, 23.44, 48.77
2020-10-28, 13:51:05, 23.44, 48.77
2020-10-28, 13:51:06, 23.43, 48.76
2020-10-28, 13:51:07, 23.44, 48.77
2020-10-28, 13:51:09, 23.44, 48.77
2020-10-28, 13:51:10, 23.42, 48.79
2020-10-28, 13:51:12, 23.44, 48.77
2020-10-28, 13:51:13, 23.43, 48.8
2020-10-28, 13:51:14, 23.44, 48.8
2020-10-28, 13:51:16, 23.42, 48.79
2020-10-28, 13:51:17, 23.44, 48.83
2020-10-28, 13:51:18, 23.44, 48.83
2020-10-28, 13:51:20, 23.45, 48.83
2020-10-28, 13:51:21, 23.42, 48.83
2020-10-28, 13:51:23, 23.44, 48.83
2020-10-28, 13:51:24, 23.44, 48.83
2020-10-28, 13:51:25, 23.44, 48.83
2020-10-28, 13:51:27, 23.43, 48.83
2020-10-28, 13:51:28, 23.44, 48.83
2020-10-28, 13:51:29, 23.43, 48.83
2020-10-28, 13:51:31, 23.42, 48.83
2020-10-28, 13:51:32, 23.42, 48.83
2020-10-28, 13:51:33, 23.42, 48.83
2020-10-28, 13:51:35, 23.4, 48.82
2020-10-28, 13:51:36, 23.42, 48.83
2020-10-28, 13:51:37, 23.4, 48.82
2020-10-28, 13:51:39, 23.4, 48.82
2020-10-28, 13:51:40, 23.41, 48.82
2020-10-28, 13:51:41, 23.42, 48.83
2020-10-28, 13:51:43, 23.42, 48.83
2020-10-28, 13:51:44, 23.42, 48.83
2020-10-28, 13:51:46, 23.42, 48.86
2020-10-28, 13:51:47, 23.42, 48.83
2020-10-28, 13:51:48, 23.41, 48.86
2020-10-28, 13:51:50, 23.43, 48.86
2020-10-28, 13:51:51, 23.43, 48.83
2020-10-28, 13:51:52, 23.42, 48.86
2020-10-28, 13:51:54, 23.42, 48.86
2020-10-28, 13:51:55, 23.42, 48.83
2020-10-28, 13:51:56, 23.42, 48.83
2020-10-28, 13:51:58, 23.42, 48.83
2020-10-28, 13:51:59, 23.42, 48.86
2020-10-28, 13:52:01, 23.42, 48.86
2020-10-28, 13:52:02, 23.42, 48.83
2020-10-28, 13:52:03, 23.41, 48.82
2020-10-28, 13:52:05, 23.41, 48.82
2020-10-28, 13:52:06, 23.4, 48.86
2020-10-28, 13:52:07, 23.42, 48.86
2020-10-28, 13:52:09, 23.41, 48.86
2020-10-28, 13:52:10, 23.41, 48.82
2020-10-28, 13:52:11, 23.42, 48.86
2020-10-28, 13:52:13, 23.42, 48.83
2020-10-28, 13:52:14, 23.43, 48.83
2020-10-28, 13:52:15, 23.4, 48.86
2020-10-28, 13:52:17, 23.43, 48.86
2020-10-28, 13:52:18, 23.43, 48.83
2020-10-28, 13:52:19, 23.42, 48.83
2020-10-28, 13:52:21, 23.4, 48.82
2020-10-28, 13:52:22, 23.42, 48.83
2020-10-28, 13:52:24, 23.42, 48.86
2020-10-28, 13:52:25, 23.42, 48.86
2020-10-28, 13:52:26, 23.4, 48.82
2020-10-28, 13:52:28, 23.42, 48.83
2020-10-28, 13:52:29, 23.42, 48.83
2020-10-28, 13:52:30, 23.43, 48.83
2020-10-28, 13:52:32, 23.41, 48.82
2020-10-28, 13:52:33, 23.42, 48.83
2020-10-28, 13:52:34, 23.44, 48.83
2020-10-28, 13:52:36, 23.43, 48.83
2020-10-28, 13:52:37, 23.43, 48.83
2020-10-28, 13:52:39, 23.44, 48.83
2020-10-28, 13:52:40, 23.42, 48.83
2020-10-28, 13:52:41, 23.42, 48.83
2020-10-28, 13:52:43, 23.41, 48.79
2020-10-28, 13:52:44, 23.42, 48.79
2020-10-28, 13:52:45, 23.44, 48.8
2020-10-28, 13:52:47, 23.43, 48.8
2020-10-28, 13:52:48, 23.42, 48.79
2020-10-28, 13:52:49, 23.42, 48.76
2020-10-28, 13:52:51, 23.43, 48.76
2020-10-28, 13:52:52, 23.44, 48.8
2020-10-28, 13:52:53, 23.42, 48.76
2020-10-28, 13:52:55, 23.43, 48.8
2020-10-28, 13:52:56, 23.43, 48.76
2020-10-28, 13:52:57, 23.43, 48.76
2020-10-28, 13:52:59, 23.44, 48.8
2020-10-28, 13:53:00, 23.44, 48.77
2020-10-28, 13:53:02, 23.44, 48.8
2020-10-28, 13:53:03, 23.45, 48.77
2020-10-28, 13:53:04, 23.44, 48.77
2020-10-28, 13:53:06, 23.44, 48.77
2020-10-28, 13:53:07, 23.44, 48.77
2020-10-28, 13:53:08, 23.45, 48.77
2020-10-28, 13:53:10, 23.44, 48.77
2020-10-28, 13:53:11, 23.44, 48.77
2020-10-28, 13:53:12, 23.44, 48.77
2020-10-28, 13:53:14, 23.44, 48.73
2020-10-28, 13:53:15, 23.44, 48.73
2020-10-28, 13:53:16, 23.44, 48.77
2020-10-28, 13:53:18, 23.45, 48.77
2020-10-28, 13:53:19, 23.45, 48.77
2020-10-28, 13:53:21, 23.44, 48.77
2020-10-28, 13:53:22, 23.44, 48.73
2020-10-28, 13:53:23, 23.44, 48.77
2020-10-28, 13:53:25, 23.44, 48.77
2020-10-28, 13:53:26, 23.43, 48.76
2020-10-28, 13:53:27, 23.43, 48.76
2020-10-28, 13:53:29, 23.44, 48.77
2020-10-28, 13:53:30, 23.45, 48.73
2020-10-28, 13:53:31, 23.44, 48.77
2020-10-28, 13:53:33, 23.44, 48.73
2020-10-28, 13:53:34, 23.44, 48.73
2020-10-28, 13:53:36, 23.44, 48.77
2020-10-28, 13:53:37, 23.42, 48.73
2020-10-28, 13:53:38, 23.44, 48.73
2020-10-28, 13:53:40, 23.44, 48.73
2020-10-28, 13:53:41, 23.44, 48.73
2020-10-28, 13:53:42, 23.44, 48.73
2020-10-28, 13:53:44, 23.44, 48.7
2020-10-28, 13:53:45, 23.45, 48.7
2020-10-28, 13:53:46, 23.46, 48.74
2020-10-28, 13:53:48, 23.45, 48.7
2020-10-28, 13:53:49, 23.44, 48.7
2020-10-28, 13:53:50, 23.44, 48.7
2020-10-28, 13:53:52, 23.44, 48.7
2020-10-28, 13:53:53, 23.44, 48.7
2020-10-28, 13:53:55, 23.45, 48.7
2020-10-28, 13:53:56, 23.45, 48.7
2020-10-28, 13:53:57, 23.46, 48.7
2020-10-28, 13:53:59, 23.45, 48.7
2020-10-28, 13:54:00, 23.46, 48.7
2020-10-28, 13:54:01, 23.46, 48.7
2020-10-28, 13:54:03, 23.46, 48.7
2020-10-28, 13:54:04, 23.46, 48.7
2020-10-28, 13:54:05, 23.46, 48.7
2020-10-28, 13:54:07, 23.46, 48.7
2020-10-28, 13:54:08, 23.44, 48.7
2020-10-28, 13:54:09, 23.46, 48.67
2020-10-28, 13:54:11, 23.45, 48.7
2020-10-28, 13:54:12, 23.45, 48.67
2020-10-28, 13:54:14, 23.45, 48.67
2020-10-28, 13:54:15, 23.45, 48.67
2020-10-28, 13:54:16, 23.46, 48.67
2020-10-28, 13:54:18, 23.47, 48.67
2020-10-28, 13:54:19, 23.46, 48.67
2020-10-28, 13:54:20, 23.44, 48.67
2020-10-28, 13:54:22, 23.46, 48.7
2020-10-28, 13:54:23, 23.46, 48.64
2020-10-28, 13:54:24, 23.46, 48.67
2020-10-28, 13:54:26, 23.48, 48.67
2020-10-28, 13:54:27, 23.48, 48.64
2020-10-28, 13:54:28, 23.46, 48.64
2020-10-28, 13:54:30, 23.47, 48.64
2020-10-28, 13:54:31, 23.46, 48.64
2020-10-28, 13:54:32, 23.47, 48.64
2020-10-28, 13:54:34, 23.46, 48.64
2020-10-28, 13:54:35, 23.46, 48.64
2020-10-28, 13:54:37, 23.46, 48.64
2020-10-28, 13:54:38, 23.45, 48.64
2020-10-28, 13:54:39, 23.46, 48.64
2020-10-28, 13:54:41, 23.45, 48.64
2020-10-28, 13:54:42, 23.46, 48.64
2020-10-28, 13:54:43, 23.46, 48.64
2020-10-28, 13:54:45, 23.45, 48.64
2020-10-28, 13:54:46, 23.45, 48.64
2020-10-28, 13:54:47, 23.46, 48.64
2020-10-28, 13:54:49, 23.46, 48.64
2020-10-28, 13:54:50, 23.47, 48.64
2020-10-28, 13:54:51, 23.46, 48.64
2020-10-28, 13:54:53, 23.46, 48.64
2020-10-28, 13:54:54, 23.47, 48.64
2020-10-28, 13:54:56, 23.47, 48.64
2020-10-28, 13:54:57, 23.46, 48.64
2020-10-28, 13:54:58, 23.47, 48.64
2020-10-28, 13:55:00, 23.46, 48.64
2020-10-28, 13:55:01, 23.46, 48.64
2020-10-28, 13:55:02, 23.48, 48.61
2020-10-28, 13:55:04, 23.47, 48.64
2020-10-28, 13:55:05, 23.45, 48.61
2020-10-28, 13:55:06, 23.46, 48.61
2020-10-28, 13:55:08, 23.47, 48.64
2020-10-28, 13:55:09, 23.47, 48.64
2020-10-28, 13:55:10, 23.48, 48.64
2020-10-28, 13:55:12, 23.46, 48.61
2020-10-28, 13:55:13, 23.46, 48.64
2020-10-28, 13:55:14, 23.46, 48.61
2020-10-28, 13:55:16, 23.47, 48.61
2020-10-28, 13:55:17, 23.47, 48.61
2020-10-28, 13:55:19, 23.46, 48.61
2020-10-28, 13:55:20, 23.46, 48.61
2020-10-28, 13:55:21, 23.46, 48.61
2020-10-28, 13:55:23, 23.46, 48.61
2020-10-28, 13:55:24, 23.46, 48.61
2020-10-28, 13:55:25, 23.46, 48.61
2020-10-28, 13:55:27, 23.45, 48.64
2020-10-28, 13:55:28, 23.46, 48.61
2020-10-28, 13:55:29, 23.47, 48.58
2020-10-28, 13:55:31, 23.46, 48.58
2020-10-28, 13:55:32, 23.47, 48.61
2020-10-28, 13:55:33, 23.46, 48.58
2020-10-28, 13:55:35, 23.47, 48.58
2020-10-28, 13:55:36, 23.46, 48.58
2020-10-28, 13:55:38, 23.46, 48.58
2020-10-28, 13:55:39, 23.46, 48.61
2020-10-28, 13:55:40, 23.48, 48.58
2020-10-28, 13:55:42, 23.47, 48.58
2020-10-28, 13:55:43, 23.46, 48.58
2020-10-28, 13:55:44, 23.48, 48.58
2020-10-28, 13:55:46, 23.47, 48.58
2020-10-28, 13:55:47, 23.47, 48.58
2020-10-28, 13:55:48, 23.46, 48.58
2020-10-28, 13:55:50, 23.46, 48.58
2020-10-28, 13:55:51, 23.48, 48.58
2020-10-28, 13:55:52, 23.46, 48.58
2020-10-28, 13:55:54, 23.46, 48.58
2020-10-28, 13:55:55, 23.47, 48.58
2020-10-28, 13:55:56, 23.48, 48.58
2020-10-28, 13:55:58, 23.48, 48.58
2020-10-28, 13:55:59, 23.47, 48.58
2020-10-28, 13:56:01, 23.48, 48.58
2020-10-28, 13:56:02, 23.46, 48.58
2020-10-28, 13:56:03, 23.46, 48.58
2020-10-28, 13:56:05, 23.47, 48.58
2020-10-28, 13:56:06, 23.48, 48.58
2020-10-28, 13:56:07, 23.47, 48.58
2020-10-28, 13:56:09, 23.47, 48.58
2020-10-28, 13:56:10, 23.48, 48.58
2020-10-28, 13:56:11, 23.47, 48.55
2020-10-28, 13:56:13, 23.47, 48.58
2020-10-28, 13:56:14, 23.46, 48.58
2020-10-28, 13:56:15, 23.46, 48.54
2020-10-28, 13:56:17, 23.45, 48.54
2020-10-28, 13:56:18, 23.47, 48.58
2020-10-28, 13:56:19, 23.46, 48.54
2020-10-28, 13:56:21, 23.46, 48.54
2020-10-28, 13:56:22, 23.46, 48.54
2020-10-28, 13:56:24, 23.47, 48.55
2020-10-28, 13:56:25, 23.47, 48.55
2020-10-28, 13:56:26, 23.46, 48.54
2020-10-28, 13:56:28, 23.46, 48.54
2020-10-28, 13:56:29, 23.46, 48.54
2020-10-28, 13:56:30, 23.47, 48.51
2020-10-28, 13:56:32, 23.46, 48.54
2020-10-28, 13:56:33, 23.48, 48.52
2020-10-28, 13:56:34, 23.47, 48.51
2020-10-28, 13:56:36, 23.48, 48.52
2020-10-28, 13:56:37, 23.49, 48.52
2020-10-28, 13:56:38, 23.47, 48.51
2020-10-28, 13:56:40, 23.48, 48.52
2020-10-28, 13:56:41, 23.47, 48.51
2020-10-28, 13:56:43, 23.48, 48.52
2020-10-28, 13:56:44, 23.47, 48.51
2020-10-28, 13:56:45, 23.48, 48.52
2020-10-28, 13:56:47, 23.48, 48.52
2020-10-28, 13:56:48, 23.48, 48.48
2020-10-28, 13:56:49, 23.48, 48.52
2020-10-28, 13:56:51, 23.47, 48.51
2020-10-28, 13:56:52, 23.48, 48.52
2020-10-28, 13:56:53, 23.48, 48.52
2020-10-28, 13:56:55, 23.48, 48.48
2020-10-28, 13:56:56, 23.47, 48.48
2020-10-28, 13:56:57, 23.48, 48.48
2020-10-28, 13:56:59, 23.49, 48.52
2020-10-28, 13:57:00, 23.48, 48.48
2020-10-28, 13:57:02, 23.47, 48.48
2020-10-28, 13:57:03, 23.48, 48.48
2020-10-28, 13:57:04, 23.49, 48.48
2020-10-28, 13:57:06, 23.48, 48.45
2020-10-28, 13:57:07, 23.48, 48.45
2020-10-28, 13:57:08, 23.48, 48.45
2020-10-28, 13:57:10, 23.49, 48.45
2020-10-28, 13:57:11, 23.48, 48.45
2020-10-28, 13:57:12, 23.47, 48.45
2020-10-28, 13:57:14, 23.48, 48.45
2020-10-28, 13:57:15, 23.48, 48.45
2020-10-28, 13:57:16, 23.49, 48.45
2020-10-28, 13:57:18, 23.47, 48.45
2020-10-28, 13:57:19, 23.48, 48.45
2020-10-28, 13:57:21, 23.47, 48.45
2020-10-28, 13:57:22, 23.48, 48.45
2020-10-28, 13:57:23, 23.48, 48.45
2020-10-28, 13:57:25, 23.48, 48.45
2020-10-28, 13:57:26, 23.49, 48.45
2020-10-28, 13:57:27, 23.5, 48.45
2020-10-28, 13:57:29, 23.47, 48.45
2020-10-28, 13:57:30, 23.5, 48.45
2020-10-28, 13:57:31, 23.5, 48.45
2020-10-28, 13:57:33, 23.5, 48.45
2020-10-28, 13:57:34, 23.49, 48.42
2020-10-28, 13:57:35, 23.5, 48.42
2020-10-28, 13:57:37, 23.5, 48.45
2020-10-28, 13:57:38, 23.5, 48.42
2020-10-28, 13:57:40, 23.49, 48.45
2020-10-28, 13:57:41, 23.5, 48.42
2020-10-28, 13:57:42, 23.5, 48.42
2020-10-28, 13:57:44, 23.5, 48.42
2020-10-28, 13:57:45, 23.51, 48.42
2020-10-28, 13:57:46, 23.52, 48.43
2020-10-28, 13:57:48, 23.53, 48.39
2020-10-28, 13:57:49, 23.53, 48.39
2020-10-28, 13:57:50, 23.52, 48.39
2020-10-28, 13:57:52, 23.53, 48.39
2020-10-28, 13:57:53, 23.52, 48.39
2020-10-28, 13:57:54, 23.53, 48.36
2020-10-28, 13:57:56, 23.54, 48.36
2020-10-28, 13:57:57, 23.53, 48.36
2020-10-28, 13:57:59, 23.52, 48.36
2020-10-28, 13:58:00, 23.54, 48.33
2020-10-28, 13:58:01, 23.54, 48.36
2020-10-28, 13:58:03, 23.54, 48.33
2020-10-28, 13:58:04, 23.54, 48.33
2020-10-28, 13:58:05, 23.54, 48.33
2020-10-28, 13:58:07, 23.52, 48.33
2020-10-28, 13:58:08, 23.54, 48.33
2020-10-28, 13:58:09, 23.53, 48.33
2020-10-28, 13:58:11, 23.52, 48.33
2020-10-28, 13:58:12, 23.53, 48.33
2020-10-28, 13:58:13, 23.53, 48.33
2020-10-28, 13:58:15, 23.53, 48.33
2020-10-28, 13:58:16, 23.53, 48.33
2020-10-28, 13:58:17, 23.54, 48.33
2020-10-28, 13:58:19, 23.54, 48.33
2020-10-28, 13:58:20, 23.54, 48.33
2020-10-28, 13:58:22, 23.53, 48.33
2020-10-28, 13:58:23, 23.55, 48.33
2020-10-28, 13:58:24, 23.54, 48.33
2020-10-28, 13:58:26, 23.54, 48.33
2020-10-28, 13:58:27, 23.54, 48.3
2020-10-28, 13:58:28, 23.55, 48.3
2020-10-28, 13:58:30, 23.54, 48.3
2020-10-28, 13:58:31, 23.55, 48.3
2020-10-28, 13:58:32, 23.56, 48.3
2020-10-28, 13:58:34, 23.55, 48.3
2020-10-28, 13:58:35, 23.55, 48.3
2020-10-28, 13:58:36, 23.55, 48.3
2020-10-28, 13:58:38, 23.54, 48.27
2020-10-28, 13:58:39, 23.56, 48.27
2020-10-28, 13:58:41, 23.57, 48.27
2020-10-28, 13:58:42, 23.56, 48.27
2020-10-28, 13:58:43, 23.55, 48.27
2020-10-28, 13:58:45, 23.55, 48.27
2020-10-28, 13:58:46, 23.55, 48.27
2020-10-28, 13:58:47, 23.55, 48.27
2020-10-28, 13:58:49, 23.55, 48.27
2020-10-28, 13:58:50, 23.56, 48.27
2020-10-28, 13:58:51, 23.55, 48.27
2020-10-28, 13:58:53, 23.56, 48.27
2020-10-28, 13:58:54, 23.56, 48.27
2020-10-28, 13:58:55, 23.56, 48.27
2020-10-28, 13:58:57, 23.57, 48.27
2020-10-28, 13:58:58, 23.57, 48.24
2020-10-28, 13:59:00, 23.56, 48.24
2020-10-28, 13:59:01, 23.57, 48.24
2020-10-28, 13:59:02, 23.56, 48.24
2020-10-28, 13:59:04, 23.58, 48.24
2020-10-28, 13:59:05, 23.58, 48.21
2020-10-28, 13:59:06, 23.56, 48.21
2020-10-28, 13:59:08, 23.56, 48.21
2020-10-28, 13:59:09, 23.57, 48.24
2020-10-28, 13:59:10, 23.56, 48.21
2020-10-28, 13:59:12, 23.57, 48.21
2020-10-28, 13:59:13, 23.57, 48.18
2020-10-28, 13:59:14, 23.57, 48.21
2020-10-28, 13:59:16, 23.57, 48.21
2020-10-28, 13:59:17, 23.57, 48.21
2020-10-28, 13:59:18, 23.57, 48.21
2020-10-28, 13:59:20, 23.57, 48.18
2020-10-28, 13:59:21, 23.56, 48.18
2020-10-28, 13:59:23, 23.57, 48.18
2020-10-28, 13:59:24, 23.58, 48.18
2020-10-28, 13:59:25, 23.58, 48.15
2020-10-28, 13:59:27, 23.59, 48.15
2020-10-28, 13:59:28, 23.58, 48.15
2020-10-28, 13:59:29, 23.58, 48.18
2020-10-28, 13:59:31, 23.56, 48.14
2020-10-28, 13:59:32, 23.58, 48.15
2020-10-28, 13:59:33, 23.58, 48.15
2020-10-28, 13:59:35, 23.58, 48.15
2020-10-28, 13:59:36, 23.58, 48.15
2020-10-28, 13:59:37, 23.58, 48.15
2020-10-28, 13:59:39, 23.58, 48.15
2020-10-28, 13:59:40, 23.59, 48.15
2020-10-28, 13:59:42, 23.58, 48.15
2020-10-28, 13:59:43, 23.58, 48.15
2020-10-28, 13:59:44, 23.58, 48.15
2020-10-28, 13:59:46, 23.57, 48.14
2020-10-28, 13:59:47, 23.58, 48.15
2020-10-28, 13:59:48, 23.58, 48.15
2020-10-28, 13:59:50, 23.58, 48.11
2020-10-28, 13:59:51, 23.59, 48.12
2020-10-28, 13:59:52, 23.61, 48.15
2020-10-28, 13:59:54, 23.58, 48.15
2020-10-28, 13:59:55, 23.6, 48.15
2020-10-28, 13:59:57, 23.6, 48.15
2020-10-28, 13:59:58, 23.61, 48.15
2020-10-28, 13:59:59, 23.58, 48.11
2020-10-28, 14:00:01, 23.6, 48.12
2020-10-28, 14:00:02, 23.59, 48.08
2020-10-28, 14:00:03, 23.58, 48.11
2020-10-28, 14:00:05, 23.56, 48.11
2020-10-28, 14:00:06, 23.58, 48.11
2020-10-28, 14:00:07, 23.58, 48.11
2020-10-28, 14:00:09, 23.58, 48.08
2020-10-28, 14:00:10, 23.58, 48.11
2020-10-28, 14:00:11, 23.56, 48.14
2020-10-28, 14:00:13, 23.58, 48.11
2020-10-28, 14:00:14, 23.58, 48.11
2020-10-28, 14:00:16, 23.58, 48.11
2020-10-28, 14:00:17, 23.59, 48.12
2020-10-28, 14:00:18, 23.58, 48.11
2020-10-28, 14:00:20, 23.59, 48.12
2020-10-28, 14:00:21, 23.58, 48.11
2020-10-28, 14:00:22, 23.6, 48.08
2020-10-28, 14:00:24, 23.58, 48.08
2020-10-28, 14:00:25, 23.6, 48.12
2020-10-28, 14:00:26, 23.58, 48.08
2020-10-28, 14:00:28, 23.57, 48.08
2020-10-28, 14:00:29, 23.58, 48.08
2020-10-28, 14:00:30, 23.58, 48.08
2020-10-28, 14:00:32, 23.59, 48.08
2020-10-28, 14:00:33, 23.58, 48.11
2020-10-28, 14:00:35, 23.59, 48.12
2020-10-28, 14:00:36, 23.59, 48.12
2020-10-28, 14:00:37, 23.56, 48.08
2020-10-28, 14:00:39, 23.58, 48.11
2020-10-28, 14:00:40, 23.59, 48.12
2020-10-28, 14:00:41, 23.59, 48.12
2020-10-28, 14:00:43, 23.59, 48.08
2020-10-28, 14:00:44, 23.58, 48.11
2020-10-28, 14:00:45, 23.59, 48.08
2020-10-28, 14:00:47, 23.6, 48.08
2020-10-28, 14:00:48, 23.58, 48.08
2020-10-28, 14:00:49, 23.59, 48.08
2020-10-28, 14:00:51, 23.58, 48.08
2020-10-28, 14:00:52, 23.59, 48.08
2020-10-28, 14:00:54, 23.59, 48.08
2020-10-28, 14:00:55, 23.58, 48.08
2020-10-28, 14:00:56, 23.6, 48.08
2020-10-28, 14:00:58, 23.58, 48.08
2020-10-28, 14:00:59, 23.6, 48.08
2020-10-28, 14:01:00, 23.59, 48.08
2020-10-28, 14:01:02, 23.59, 48.08
2020-10-28, 14:01:03, 23.6, 48.08
2020-10-28, 14:01:04, 23.59, 48.08
2020-10-28, 14:01:06, 23.6, 48.08
2020-10-28, 14:01:07, 23.59, 48.08
2020-10-28, 14:01:08, 23.59, 48.08
2020-10-28, 14:01:10, 23.58, 48.08
2020-10-28, 14:01:11, 23.59, 48.08
2020-10-28, 14:01:13, 23.59, 48.08
2020-10-28, 14:01:14, 23.59, 48.08
2020-10-28, 14:01:15, 23.58, 48.08
2020-10-28, 14:01:17, 23.58, 48.08
2020-10-28, 14:01:18, 23.58, 48.08
2020-10-28, 14:01:19, 23.59, 48.08
2020-10-28, 14:01:21, 23.6, 48.08
2020-10-28, 14:01:22, 23.59, 48.08
2020-10-28, 14:01:23, 23.6, 48.08
2020-10-28, 14:01:25, 23.59, 48.08
2020-10-28, 14:01:26, 23.6, 48.08
2020-10-28, 14:01:27, 23.58, 48.08
2020-10-28, 14:01:29, 23.58, 48.08
2020-10-28, 14:01:30, 23.58, 48.08
2020-10-28, 14:01:31, 23.58, 48.08
2020-10-28, 14:01:33, 23.58, 48.08
2020-10-28, 14:01:34, 23.58, 48.08
2020-10-28, 14:01:36, 23.58, 48.08
2020-10-28, 14:01:37, 23.58, 48.08
2020-10-28, 14:01:38, 23.59, 48.08
2020-10-28, 14:01:40, 23.59, 48.08
2020-10-28, 14:01:41, 23.6, 48.08
2020-10-28, 14:01:42, 23.59, 48.08
2020-10-28, 14:01:44, 23.59, 48.08
2020-10-28, 14:01:45, 23.58, 48.08
2020-10-28, 14:01:46, 23.58, 48.08
2020-10-28, 14:01:48, 23.56, 48.08
2020-10-28, 14:01:49, 23.59, 48.08
2020-10-28, 14:01:50, 23.59, 48.08
2020-10-28, 14:01:52, 23.57, 48.08
2020-10-28, 14:01:53, 23.57, 48.08
2020-10-28, 14:01:55, 23.57, 48.11
2020-10-28, 14:01:56, 23.58, 48.11
2020-10-28, 14:01:57, 23.58, 48.11
2020-10-28, 14:01:59, 23.57, 48.11
2020-10-28, 14:02:00, 23.56, 48.14
2020-10-28, 14:02:01, 23.58, 48.15
2020-10-28, 14:02:03, 23.58, 48.15
2020-10-28, 14:02:04, 23.58, 48.15
2020-10-28, 14:02:05, 23.58, 48.15
2020-10-28, 14:02:07, 23.57, 48.14
2020-10-28, 14:02:08, 23.58, 48.15
2020-10-28, 14:02:09, 23.58, 48.15
2020-10-28, 14:02:11, 23.58, 48.11
2020-10-28, 14:02:12, 23.58, 48.11
2020-10-28, 14:02:14, 23.58, 48.15
2020-10-28, 14:02:15, 23.58, 48.15
2020-10-28, 14:02:16, 23.58, 48.15
2020-10-28, 14:02:18, 23.56, 48.14
2020-10-28, 14:02:19, 23.58, 48.15
2020-10-28, 14:02:20, 23.57, 48.11
2020-10-28, 14:02:22, 23.58, 48.11
2020-10-28, 14:02:23, 23.58, 48.15
2020-10-28, 14:02:24, 23.57, 48.11
2020-10-28, 14:02:26, 23.58, 48.11
2020-10-28, 14:02:27, 23.59, 48.12
2020-10-28, 14:02:28, 23.59, 48.12
2020-10-28, 14:02:30, 23.58, 48.11
2020-10-28, 14:02:31, 23.59, 48.15
2020-10-28, 14:02:32, 23.58, 48.11
2020-10-28, 14:02:34, 23.58, 48.11
2020-10-28, 14:02:35, 23.57, 48.11
2020-10-28, 14:02:37, 23.58, 48.15
2020-10-28, 14:02:38, 23.57, 48.14
2020-10-28, 14:02:39, 23.56, 48.14
2020-10-28, 14:02:41, 23.57, 48.14
2020-10-28, 14:02:42, 23.54, 48.14
2020-10-28, 14:02:43, 23.57, 48.18
2020-10-28, 14:02:45, 23.58, 48.15
2020-10-28, 14:02:46, 23.57, 48.18
2020-10-28, 14:02:47, 23.56, 48.18
2020-10-28, 14:02:49, 23.58, 48.18
2020-10-28, 14:02:50, 23.58, 48.15
2020-10-28, 14:02:51, 23.58, 48.15
2020-10-28, 14:02:53, 23.58, 48.15
2020-10-28, 14:02:54, 23.58, 48.15
2020-10-28, 14:02:56, 23.59, 48.15
2020-10-28, 14:02:57, 23.58, 48.15
2020-10-28, 14:02:58, 23.58, 48.18
2020-10-28, 14:03:00, 23.59, 48.18
2020-10-28, 14:03:01, 23.58, 48.18
2020-10-28, 14:03:02, 23.58, 48.18
2020-10-28, 14:03:04, 23.57, 48.18
2020-10-28, 14:03:05, 23.57, 48.18
2020-10-28, 14:03:06, 23.59, 48.18
2020-10-28, 14:03:08, 23.58, 48.18
2020-10-28, 14:03:09, 23.58, 48.18
2020-10-28, 14:03:10, 23.58, 48.15
2020-10-28, 14:03:12, 23.57, 48.18
2020-10-28, 14:03:13, 23.57, 48.21
2020-10-28, 14:03:15, 23.56, 48.18
2020-10-28, 14:03:16, 23.58, 48.21
2020-10-28, 14:03:17, 23.57, 48.21
2020-10-28, 14:03:19, 23.58, 48.21
2020-10-28, 14:03:20, 23.56, 48.21
2020-10-28, 14:03:21, 23.56, 48.21
2020-10-28, 14:03:23, 23.57, 48.21
2020-10-28, 14:03:24, 23.58, 48.21
2020-10-28, 14:03:25, 23.57, 48.21
2020-10-28, 14:03:27, 23.57, 48.21
2020-10-28, 14:03:28, 23.58, 48.21
2020-10-28, 14:03:29, 23.58, 48.24
2020-10-28, 14:03:31, 23.54, 48.2
2020-10-28, 14:03:32, 23.54, 48.24
2020-10-28, 14:03:34, 23.56, 48.24
2020-10-28, 14:03:35, 23.56, 48.24
2020-10-28, 14:03:36, 23.55, 48.27
2020-10-28, 14:03:38, 23.56, 48.27
2020-10-28, 14:03:39, 23.55, 48.27
2020-10-28, 14:03:40, 23.56, 48.27
2020-10-28, 14:03:42, 23.56, 48.27
2020-10-28, 14:03:43, 23.56, 48.27
2020-10-28, 14:03:44, 23.56, 48.27
2020-10-28, 14:03:46, 23.56, 48.27
2020-10-28, 14:03:47, 23.56, 48.27
2020-10-28, 14:03:48, 23.55, 48.27
2020-10-28, 14:03:50, 23.56, 48.27
2020-10-28, 14:03:51, 23.57, 48.27
2020-10-28, 14:03:53, 23.56, 48.27
2020-10-28, 14:03:54, 23.54, 48.27
2020-10-28, 14:03:55, 23.56, 48.27
2020-10-28, 14:03:57, 23.57, 48.27
2020-10-28, 14:03:58, 23.57, 48.27
2020-10-28, 14:03:59, 23.55, 48.3
2020-10-28, 14:04:01, 23.56, 48.3
2020-10-28, 14:04:02, 23.56, 48.27
2020-10-28, 14:04:03, 23.57, 48.3
2020-10-28, 14:04:05, 23.54, 48.27
2020-10-28, 14:04:06, 23.55, 48.27
2020-10-28, 14:04:08, 23.55, 48.3
2020-10-28, 14:04:09, 23.56, 48.3
2020-10-28, 14:04:10, 23.55, 48.3
2020-10-28, 14:04:12, 23.54, 48.3
2020-10-28, 14:04:13, 23.56, 48.33
2020-10-28, 14:04:14, 23.55, 48.33
2020-10-28, 14:04:16, 23.55, 48.33
2020-10-28, 14:04:17, 23.54, 48.33
2020-10-28, 14:04:18, 23.56, 48.33
2020-10-28, 14:04:20, 23.55, 48.33
2020-10-28, 14:04:21, 23.56, 48.33
2020-10-28, 14:04:22, 23.55, 48.33
2020-10-28, 14:04:24, 23.54, 48.33
2020-10-28, 14:04:25, 23.56, 48.33
2020-10-28, 14:04:26, 23.55, 48.33
2020-10-28, 14:04:28, 23.54, 48.33
2020-10-28, 14:04:29, 23.56, 48.33
2020-10-28, 14:04:31, 23.55, 48.33
2020-10-28, 14:04:32, 23.55, 48.33
2020-10-28, 14:04:33, 23.54, 48.33
2020-10-28, 14:04:35, 23.54, 48.33
2020-10-28, 14:04:36, 23.54, 48.36
2020-10-28, 14:04:37, 23.55, 48.37
2020-10-28, 14:04:39, 23.54, 48.33
2020-10-28, 14:04:40, 23.56, 48.33
2020-10-28, 14:04:41, 23.55, 48.33
2020-10-28, 14:04:43, 23.56, 48.37
2020-10-28, 14:04:44, 23.55, 48.37
2020-10-28, 14:04:45, 23.55, 48.37
2020-10-28, 14:04:47, 23.55, 48.37
2020-10-28, 14:04:48, 23.55, 48.37
2020-10-28, 14:04:50, 23.56, 48.37
2020-10-28, 14:04:51, 23.55, 48.37
2020-10-28, 14:04:52, 23.56, 48.37
2020-10-28, 14:04:54, 23.54, 48.4
2020-10-28, 14:04:55, 23.54, 48.36
2020-10-28, 14:04:56, 23.54, 48.36
2020-10-28, 14:04:58, 23.54, 48.4
2020-10-28, 14:04:59, 23.54, 48.4
2020-10-28, 14:05:00, 23.55, 48.4
2020-10-28, 14:05:02, 23.54, 48.4
2020-10-28, 14:05:03, 23.54, 48.4
2020-10-28, 14:05:04, 23.54, 48.4
2020-10-28, 14:05:06, 23.53, 48.39
2020-10-28, 14:05:07, 23.53, 48.39
2020-10-28, 14:05:09, 23.54, 48.43
2020-10-28, 14:05:10, 23.53, 48.43
2020-10-28, 14:05:11, 23.54, 48.43
2020-10-28, 14:05:13, 23.55, 48.43
2020-10-28, 14:05:14, 23.54, 48.43
2020-10-28, 14:05:15, 23.54, 48.4
2020-10-28, 14:05:17, 23.55, 48.4
2020-10-28, 14:05:18, 23.55, 48.43
2020-10-28, 14:05:20, 23.55, 48.4
2020-10-28, 14:05:21, 23.55, 48.4
2020-10-28, 14:05:22, 23.54, 48.4
2020-10-28, 14:05:24, 23.56, 48.4
2020-10-28, 14:05:25, 23.54, 48.4
2020-10-28, 14:05:26, 23.56, 48.4
2020-10-28, 14:05:28, 23.55, 48.4
2020-10-28, 14:05:29, 23.56, 48.43
2020-10-28, 14:05:30, 23.54, 48.43
2020-10-28, 14:05:32, 23.52, 48.43
2020-10-28, 14:05:33, 23.53, 48.43
2020-10-28, 14:05:34, 23.54, 48.43
2020-10-28, 14:05:36, 23.53, 48.43
2020-10-28, 14:05:37, 23.54, 48.43
2020-10-28, 14:05:39, 23.54, 48.46
2020-10-28, 14:05:40, 23.55, 48.43
2020-10-28, 14:05:41, 23.54, 48.46
2020-10-28, 14:05:43, 23.53, 48.46
2020-10-28, 14:05:44, 23.54, 48.46
2020-10-28, 14:05:45, 23.53, 48.43
2020-10-28, 14:05:47, 23.52, 48.46
2020-10-28, 14:05:48, 23.54, 48.46
2020-10-28, 14:05:49, 23.52, 48.46
2020-10-28, 14:05:51, 23.53, 48.46
2020-10-28, 14:05:52, 23.54, 48.46
2020-10-28, 14:05:54, 23.54, 48.46
2020-10-28, 14:05:55, 23.54, 48.46
2020-10-28, 14:05:56, 23.54, 48.46
2020-10-28, 14:05:58, 23.52, 48.49
2020-10-28, 14:05:59, 23.54, 48.46
2020-10-28, 14:06:00, 23.54, 48.49
2020-10-28, 14:06:02, 23.54, 48.49
2020-10-28, 14:06:03, 23.53, 48.46
2020-10-28, 14:06:04, 23.52, 48.46
2020-10-28, 14:06:06, 23.53, 48.49
2020-10-28, 14:06:07, 23.53, 48.49
2020-10-28, 14:06:08, 23.53, 48.46
2020-10-28, 14:06:10, 23.52, 48.46
2020-10-28, 14:06:11, 23.52, 48.49
2020-10-28, 14:06:13, 23.52, 48.49
2020-10-28, 14:06:14, 23.52, 48.49
2020-10-28, 14:06:15, 23.53, 48.49
2020-10-28, 14:06:17, 23.52, 48.49
2020-10-28, 14:06:18, 23.52, 48.49
2020-10-28, 14:06:19, 23.53, 48.49
2020-10-28, 14:06:21, 23.52, 48.49
2020-10-28, 14:06:22, 23.54, 48.49
2020-10-28, 14:06:23, 23.53, 48.49
2020-10-28, 14:06:25, 23.54, 48.49
2020-10-28, 14:06:26, 23.54, 48.52
2020-10-28, 14:06:27, 23.53, 48.49
2020-10-28, 14:06:29, 23.54, 48.52
2020-10-28, 14:06:30, 23.53, 48.52
2020-10-28, 14:06:32, 23.54, 48.49
2020-10-28, 14:06:33, 23.53, 48.49
2020-10-28, 14:06:34, 23.54, 48.52
2020-10-28, 14:06:36, 23.54, 48.49
2020-10-28, 14:06:37, 23.54, 48.49
2020-10-28, 14:06:38, 23.54, 48.49
2020-10-28, 14:06:40, 23.54, 48.49
2020-10-28, 14:06:41, 23.53, 48.49
2020-10-28, 14:06:42, 23.53, 48.49
2020-10-28, 14:06:44, 23.53, 48.49
2020-10-28, 14:06:45, 23.52, 48.52
2020-10-28, 14:06:46, 23.52, 48.49
2020-10-28, 14:06:48, 23.52, 48.52
2020-10-28, 14:06:49, 23.51, 48.52
2020-10-28, 14:06:51, 23.52, 48.52
2020-10-28, 14:06:52, 23.52, 48.52
2020-10-28, 14:06:53, 23.52, 48.52
2020-10-28, 14:06:55, 23.52, 48.52
2020-10-28, 14:06:56, 23.52, 48.52
2020-10-28, 14:06:57, 23.52, 48.55
2020-10-28, 14:06:59, 23.52, 48.52
2020-10-28, 14:07:00, 23.52, 48.55
2020-10-28, 14:07:01, 23.52, 48.52
2020-10-28, 14:07:03, 23.52, 48.52
2020-10-28, 14:07:04, 23.52, 48.52
2020-10-28, 14:07:05, 23.53, 48.52
2020-10-28, 14:07:07, 23.52, 48.52
2020-10-28, 14:07:08, 23.52, 48.55
2020-10-28, 14:07:10, 23.53, 48.52
2020-10-28, 14:07:11, 23.52, 48.52
2020-10-28, 14:07:12, 23.52, 48.52
2020-10-28, 14:07:14, 23.51, 48.52
2020-10-28, 14:07:15, 23.52, 48.55
2020-10-28, 14:07:16, 23.52, 48.55
2020-10-28, 14:07:18, 23.53, 48.52
2020-10-28, 14:07:19, 23.53, 48.55
2020-10-28, 14:07:20, 23.52, 48.52
2020-10-28, 14:07:22, 23.53, 48.55
2020-10-28, 14:07:23, 23.54, 48.52
2020-10-28, 14:07:24, 23.53, 48.52
2020-10-28, 14:07:26, 23.54, 48.52
2020-10-28, 14:07:27, 23.53, 48.52
2020-10-28, 14:07:29, 23.54, 48.52
2020-10-28, 14:07:30, 23.53, 48.52
2020-10-28, 14:07:31, 23.54, 48.52
2020-10-28, 14:07:33, 23.54, 48.52
2020-10-28, 14:07:34, 23.54, 48.52
2020-10-28, 14:07:35, 23.53, 48.52
2020-10-28, 14:07:37, 23.55, 48.52
2020-10-28, 14:07:38, 23.55, 48.56
2020-10-28, 14:07:39, 23.55, 48.52
2020-10-28, 14:07:41, 23.55, 48.56
2020-10-28, 14:07:42, 23.54, 48.52
2020-10-28, 14:07:43, 23.54, 48.56
2020-10-28, 14:07:45, 23.54, 48.56
2020-10-28, 14:07:46, 23.54, 48.56
2020-10-28, 14:07:48, 23.54, 48.56
2020-10-28, 14:07:49, 23.54, 48.56
2020-10-28, 14:07:50, 23.53, 48.55
2020-10-28, 14:07:52, 23.53, 48.55
2020-10-28, 14:07:53, 23.54, 48.56
2020-10-28, 14:07:54, 23.54, 48.59
2020-10-28, 14:07:56, 23.53, 48.59
2020-10-28, 14:07:57, 23.51, 48.58
2020-10-28, 14:07:58, 23.53, 48.59
2020-10-28, 14:08:00, 23.54, 48.59
2020-10-28, 14:08:01, 23.54, 48.59
2020-10-28, 14:08:03, 23.54, 48.59
2020-10-28, 14:08:04, 23.54, 48.56
2020-10-28, 14:08:05, 23.54, 48.59
2020-10-28, 14:08:07, 23.54, 48.59
2020-10-28, 14:08:08, 23.53, 48.59
2020-10-28, 14:08:09, 23.54, 48.56
2020-10-28, 14:08:11, 23.54, 48.56
2020-10-28, 14:08:12, 23.54, 48.52
2020-10-28, 14:08:13, 23.54, 48.56
2020-10-28, 14:08:15, 23.54, 48.56
2020-10-28, 14:08:16, 23.54, 48.56
2020-10-28, 14:08:17, 23.53, 48.55
2020-10-28, 14:08:19, 23.53, 48.55
2020-10-28, 14:08:20, 23.54, 48.56
2020-10-28, 14:08:22, 23.54, 48.56
2020-10-28, 14:08:23, 23.56, 48.56
2020-10-28, 14:08:24, 23.54, 48.56
2020-10-28, 14:08:26, 23.54, 48.56
2020-10-28, 14:08:27, 23.54, 48.56
2020-10-28, 14:08:28, 23.53, 48.55
2020-10-28, 14:08:30, 23.53, 48.55
2020-10-28, 14:08:31, 23.54, 48.56
2020-10-28, 14:08:32, 23.53, 48.59
2020-10-28, 14:08:34, 23.54, 48.56
2020-10-28, 14:08:35, 23.54, 48.56
2020-10-28, 14:08:36, 23.53, 48.55
2020-10-28, 14:08:38, 23.54, 48.59
2020-10-28, 14:08:39, 23.54, 48.56
2020-10-28, 14:08:41, 23.53, 48.55
2020-10-28, 14:08:42, 23.54, 48.56
2020-10-28, 14:08:43, 23.55, 48.56
2020-10-28, 14:08:45, 23.54, 48.56
2020-10-28, 14:08:46, 23.54, 48.56
2020-10-28, 14:08:47, 23.54, 48.59
2020-10-28, 14:08:49, 23.54, 48.56
2020-10-28, 14:08:50, 23.52, 48.52
2020-10-28, 14:08:51, 23.53, 48.52
2020-10-28, 14:08:53, 23.53, 48.55
2020-10-28, 14:08:54, 23.53, 48.55
2020-10-28, 14:08:55, 23.52, 48.58
2020-10-28, 14:08:57, 23.52, 48.58
2020-10-28, 14:08:58, 23.51, 48.58
2020-10-28, 14:09:00, 23.52, 48.58
2020-10-28, 14:09:01, 23.52, 48.58
2020-10-28, 14:09:02, 23.51, 48.58
2020-10-28, 14:09:04, 23.53, 48.59
2020-10-28, 14:09:05, 23.51, 48.58
2020-10-28, 14:09:06, 23.51, 48.61
2020-10-28, 14:09:08, 23.5, 48.61
2020-10-28, 14:09:09, 23.5, 48.58
2020-10-28, 14:09:10, 23.51, 48.61
2020-10-28, 14:09:12, 23.5, 48.61
2020-10-28, 14:09:13, 23.5, 48.61
2020-10-28, 14:09:15, 23.51, 48.58
2020-10-28, 14:09:16, 23.5, 48.61
2020-10-28, 14:09:17, 23.5, 48.58
2020-10-28, 14:09:19, 23.5, 48.61
2020-10-28, 14:09:20, 23.51, 48.61
2020-10-28, 14:09:21, 23.51, 48.61
2020-10-28, 14:09:23, 23.5, 48.58
2020-10-28, 14:09:24, 23.52, 48.58
2020-10-28, 14:09:25, 23.51, 48.61
2020-10-28, 14:09:27, 23.5, 48.58
2020-10-28, 14:09:28, 23.5, 48.61
2020-10-28, 14:09:29, 23.5, 48.58
2020-10-28, 14:09:31, 23.5, 48.61
2020-10-28, 14:09:32, 23.5, 48.61
2020-10-28, 14:09:34, 23.49, 48.61
2020-10-28, 14:09:35, 23.5, 48.61
2020-10-28, 14:09:36, 23.5, 48.61
2020-10-28, 14:09:38, 23.5, 48.61
2020-10-28, 14:09:39, 23.5, 48.61
2020-10-28, 14:09:40, 23.52, 48.58
2020-10-28, 14:09:42, 23.51, 48.61
2020-10-28, 14:09:43, 23.52, 48.58
2020-10-28, 14:09:44, 23.52, 48.62
2020-10-28, 14:09:46, 23.52, 48.62
2020-10-28, 14:09:47, 23.51, 48.58
2020-10-28, 14:09:49, 23.51, 48.61
2020-10-28, 14:09:50, 23.51, 48.61
2020-10-28, 14:09:51, 23.51, 48.61
2020-10-28, 14:09:53, 23.52, 48.58
2020-10-28, 14:09:54, 23.52, 48.62
2020-10-28, 14:09:55, 23.51, 48.58
2020-10-28, 14:09:57, 23.5, 48.58
2020-10-28, 14:09:58, 23.49, 48.58
2020-10-28, 14:09:59, 23.51, 48.58
2020-10-28, 14:10:01, 23.52, 48.58
2020-10-28, 14:10:02, 23.51, 48.55
2020-10-28, 14:10:03, 23.52, 48.58
2020-10-28, 14:10:05, 23.52, 48.58
2020-10-28, 14:10:06, 23.54, 48.59
2020-10-28, 14:10:08, 23.52, 48.58
2020-10-28, 14:10:09, 23.53, 48.59
2020-10-28, 14:10:10, 23.51, 48.58
2020-10-28, 14:10:12, 23.51, 48.58
2020-10-28, 14:10:13, 23.52, 48.58
2020-10-28, 14:10:14, 23.52, 48.58
2020-10-28, 14:10:16, 23.52, 48.58
2020-10-28, 14:10:17, 23.52, 48.58
2020-10-28, 14:10:18, 23.51, 48.58
2020-10-28, 14:10:20, 23.51, 48.58
2020-10-28, 14:10:21, 23.52, 48.58
2020-10-28, 14:10:22, 23.52, 48.58
2020-10-28, 14:10:24, 23.51, 48.58
2020-10-28, 14:10:25, 23.51, 48.58
2020-10-28, 14:10:27, 23.5, 48.58
2020-10-28, 14:10:28, 23.51, 48.58
2020-10-28, 14:10:29, 23.51, 48.58
2020-10-28, 14:10:31, 23.51, 48.58
2020-10-28, 14:10:32, 23.51, 48.58
2020-10-28, 14:10:33, 23.51, 48.58
2020-10-28, 14:10:35, 23.52, 48.58
2020-10-28, 14:10:36, 23.53, 48.59
2020-10-28, 14:10:37, 23.52, 48.58
2020-10-28, 14:10:39, 23.52, 48.58
2020-10-28, 14:10:40, 23.52, 48.55
2020-10-28, 14:10:41, 23.52, 48.58
2020-10-28, 14:10:43, 23.52, 48.58
2020-10-28, 14:10:44, 23.52, 48.58
2020-10-28, 14:10:45, 23.51, 48.58
2020-10-28, 14:10:47, 23.52, 48.58
2020-10-28, 14:10:48, 23.52, 48.58
2020-10-28, 14:10:50, 23.52, 48.58
2020-10-28, 14:10:51, 23.52, 48.58
2020-10-28, 14:10:52, 23.53, 48.59
2020-10-28, 14:10:54, 23.52, 48.58
2020-10-28, 14:10:55, 23.52, 48.58
2020-10-28, 14:10:56, 23.53, 48.59
2020-10-28, 14:10:58, 23.5, 48.55
2020-10-28, 14:10:59, 23.5, 48.55
2020-10-28, 14:11:00, 23.49, 48.58
2020-10-28, 14:11:02, 23.49, 48.55
2020-10-28, 14:11:03, 23.51, 48.55
2020-10-28, 14:11:04, 23.51, 48.58
2020-10-28, 14:11:06, 23.52, 48.58
2020-10-28, 14:11:07, 23.51, 48.58
2020-10-28, 14:11:09, 23.51, 48.55
2020-10-28, 14:11:10, 23.51, 48.58
2020-10-28, 14:11:11, 23.51, 48.58
2020-10-28, 14:11:13, 23.5, 48.55
2020-10-28, 14:11:14, 23.5, 48.55
2020-10-28, 14:11:15, 23.5, 48.55
2020-10-28, 14:11:17, 23.5, 48.58
2020-10-28, 14:11:18, 23.48, 48.55
2020-10-28, 14:11:19, 23.51, 48.58
2020-10-28, 14:11:21, 23.5, 48.58
2020-10-28, 14:11:22, 23.5, 48.58
2020-10-28, 14:11:24, 23.5, 48.58
2020-10-28, 14:11:25, 23.51, 48.58
2020-10-28, 14:11:26, 23.5, 48.58
2020-10-28, 14:11:28, 23.5, 48.55
2020-10-28, 14:11:29, 23.52, 48.55
2020-10-28, 14:11:30, 23.51, 48.58
2020-10-28, 14:11:32, 23.52, 48.58
2020-10-28, 14:11:33, 23.52, 48.55
2020-10-28, 14:11:34, 23.5, 48.55
2020-10-28, 14:11:36, 23.52, 48.55
2020-10-28, 14:11:37, 23.52, 48.52
2020-10-28, 14:11:38, 23.52, 48.55
2020-10-28, 14:11:40, 23.5, 48.55
2020-10-28, 14:11:41, 23.5, 48.55
2020-10-28, 14:11:43, 23.5, 48.55
2020-10-28, 14:11:44, 23.49, 48.55
2020-10-28, 14:11:45, 23.48, 48.55
2020-10-28, 14:11:47, 23.5, 48.55
2020-10-28, 14:11:48, 23.5, 48.58
2020-10-28, 14:11:49, 23.5, 48.55
2020-10-28, 14:11:51, 23.5, 48.55
2020-10-28, 14:11:52, 23.51, 48.58
2020-10-28, 14:11:53, 23.5, 48.55
2020-10-28, 14:11:55, 23.49, 48.55
2020-10-28, 14:11:56, 23.5, 48.58
2020-10-28, 14:11:58, 23.5, 48.58
2020-10-28, 14:11:59, 23.5, 48.58
2020-10-28, 14:12:00, 23.5, 48.58
2020-10-28, 14:12:02, 23.49, 48.58
2020-10-28, 14:12:03, 23.49, 48.58
2020-10-28, 14:12:04, 23.5, 48.58
2020-10-28, 14:12:06, 23.49, 48.58
2020-10-28, 14:12:07, 23.49, 48.55
2020-10-28, 14:12:08, 23.5, 48.58
2020-10-28, 14:12:10, 23.49, 48.58
2020-10-28, 14:12:11, 23.5, 48.58
2020-10-28, 14:12:12, 23.48, 48.58
2020-10-28, 14:12:14, 23.5, 48.58
2020-10-28, 14:12:15, 23.49, 48.58
2020-10-28, 14:12:17, 23.49, 48.58
2020-10-28, 14:12:18, 23.5, 48.58
2020-10-28, 14:12:19, 23.49, 48.55
2020-10-28, 14:12:21, 23.5, 48.55
2020-10-28, 14:12:22, 23.5, 48.55
2020-10-28, 14:12:23, 23.48, 48.55
2020-10-28, 14:12:25, 23.49, 48.58
2020-10-28, 14:12:26, 23.5, 48.55
2020-10-28, 14:12:27, 23.49, 48.55
2020-10-28, 14:12:29, 23.49, 48.55
2020-10-28, 14:12:30, 23.49, 48.58
2020-10-28, 14:12:31, 23.5, 48.55
2020-10-28, 14:12:33, 23.5, 48.55
2020-10-28, 14:12:34, 23.5, 48.55
2020-10-28, 14:12:36, 23.5, 48.52
2020-10-28, 14:12:37, 23.5, 48.55
2020-10-28, 14:12:38, 23.5, 48.52
2020-10-28, 14:12:40, 23.47, 48.51
2020-10-28, 14:12:41, 23.49, 48.55
2020-10-28, 14:12:42, 23.5, 48.52
2020-10-28, 14:12:44, 23.5, 48.52
2020-10-28, 14:12:45, 23.5, 48.52
2020-10-28, 14:12:46, 23.52, 48.52
2020-10-28, 14:12:48, 23.51, 48.55
2020-10-28, 14:12:49, 23.51, 48.52
2020-10-28, 14:12:50, 23.5, 48.52
2020-10-28, 14:12:52, 23.52, 48.52
2020-10-28, 14:12:53, 23.5, 48.52
2020-10-28, 14:12:55, 23.51, 48.52
2020-10-28, 14:12:56, 23.5, 48.52
2020-10-28, 14:12:57, 23.51, 48.52
2020-10-28, 14:12:59, 23.51, 48.49
2020-10-28, 14:13:00, 23.5, 48.52
2020-10-28, 14:13:01, 23.51, 48.52
2020-10-28, 14:13:03, 23.51, 48.52
2020-10-28, 14:13:04, 23.5, 48.52
2020-10-28, 14:13:05, 23.51, 48.52
2020-10-28, 14:13:07, 23.51, 48.52
2020-10-28, 14:13:08, 23.49, 48.52
2020-10-28, 14:13:09, 23.5, 48.52
2020-10-28, 14:13:11, 23.5, 48.52
2020-10-28, 14:13:12, 23.5, 48.52
2020-10-28, 14:13:14, 23.5, 48.52
2020-10-28, 14:13:15, 23.51, 48.52
2020-10-28, 14:13:16, 23.5, 48.52
2020-10-28, 14:13:18, 23.48, 48.52
2020-10-28, 14:13:19, 23.48, 48.52
2020-10-28, 14:13:20, 23.47, 48.51
2020-10-28, 14:13:22, 23.48, 48.52
2020-10-28, 14:13:23, 23.48, 48.55
2020-10-28, 14:13:24, 23.49, 48.52
2020-10-28, 14:13:26, 23.48, 48.55
2020-10-28, 14:13:27, 23.48, 48.55
2020-10-28, 14:13:28, 23.48, 48.55
2020-10-28, 14:13:30, 23.48, 48.55
2020-10-28, 14:13:31, 23.48, 48.55
2020-10-28, 14:13:33, 23.48, 48.55
2020-10-28, 14:13:34, 23.47, 48.55
2020-10-28, 14:13:35, 23.48, 48.55
2020-10-28, 14:13:37, 23.47, 48.55
2020-10-28, 14:13:38, 23.47, 48.55
2020-10-28, 14:13:39, 23.46, 48.54
2020-10-28, 14:13:41, 23.47, 48.55
2020-10-28, 14:13:42, 23.47, 48.55
2020-10-28, 14:13:43, 23.47, 48.55
2020-10-28, 14:13:45, 23.45, 48.58
2020-10-28, 14:13:46, 23.47, 48.58
2020-10-28, 14:13:47, 23.48, 48.58
2020-10-28, 14:13:49, 23.47, 48.58
2020-10-28, 14:13:50, 23.47, 48.58
2020-10-28, 14:13:51, 23.46, 48.58
2020-10-28, 14:13:53, 23.46, 48.54
2020-10-28, 14:13:54, 23.46, 48.58
2020-10-28, 14:13:56, 23.44, 48.57
2020-10-28, 14:13:57, 23.46, 48.58
2020-10-28, 14:13:58, 23.46, 48.58
2020-10-28, 14:14:00, 23.46, 48.58
2020-10-28, 14:14:01, 23.47, 48.58
2020-10-28, 14:14:02, 23.46, 48.58
2020-10-28, 14:14:04, 23.46, 48.58
2020-10-28, 14:14:05, 23.38, 48.57
2020-10-28, 14:14:07, 23.43, 48.57
2020-10-28, 14:14:08, 23.46, 48.58
2020-10-28, 14:14:09, 23.46, 48.58
2020-10-28, 14:14:11, 23.46, 48.58
2020-10-28, 14:14:12, 23.44, 48.57
2020-10-28, 14:14:13, 23.44, 48.57
2020-10-28, 14:14:15, 23.42, 48.57
2020-10-28, 14:14:16, 23.46, 48.58
2020-10-28, 14:14:17, 23.44, 48.57
2020-10-28, 14:14:19, 23.46, 48.58
2020-10-28, 14:14:20, 23.46, 48.58
2020-10-28, 14:14:22, 23.47, 48.58
2020-10-28, 14:14:23, 23.46, 48.58
2020-10-28, 14:14:24, 23.47, 48.58
2020-10-28, 14:14:26, 23.46, 48.58
2020-10-28, 14:14:27, 23.46, 48.58
2020-10-28, 14:14:28, 23.46, 48.58
2020-10-28, 14:14:30, 23.46, 48.58
2020-10-28, 14:14:31, 23.46, 48.58
2020-10-28, 14:14:32, 23.46, 48.58
2020-10-28, 14:14:34, 23.46, 48.58
2020-10-28, 14:14:35, 23.46, 48.58
2020-10-28, 14:14:36, 23.45, 48.58
2020-10-28, 14:14:38, 23.46, 48.58
2020-10-28, 14:14:39, 23.46, 48.58
2020-10-28, 14:14:41, 23.44, 48.57
2020-10-28, 14:14:42, 23.46, 48.58
2020-10-28, 14:14:43, 23.46, 48.58
2020-10-28, 14:14:45, 23.45, 48.54
2020-10-28, 14:14:46, 23.46, 48.58
2020-10-28, 14:14:47, 23.45, 48.58
2020-10-28, 14:14:49, 23.46, 48.54
2020-10-28, 14:14:50, 23.44, 48.54
2020-10-28, 14:14:51, 23.44, 48.54
2020-10-28, 14:14:53, 23.44, 48.57
2020-10-28, 14:14:54, 23.45, 48.54
2020-10-28, 14:14:55, 23.44, 48.57
2020-10-28, 14:14:57, 23.45, 48.58
2020-10-28, 14:14:58, 23.44, 48.57
2020-10-28, 14:15:00, 23.44, 48.57
2020-10-28, 14:15:01, 23.43, 48.57
2020-10-28, 14:15:02, 23.43, 48.57
2020-10-28, 14:15:04, 23.43, 48.57
2020-10-28, 14:15:05, 23.43, 48.57
2020-10-28, 14:15:06, 23.43, 48.57
2020-10-28, 14:15:08, 23.44, 48.57
2020-10-28, 14:15:09, 23.44, 48.57
2020-10-28, 14:15:10, 23.45, 48.58
2020-10-28, 14:15:12, 23.44, 48.57
2020-10-28, 14:15:13, 23.44, 48.57
2020-10-28, 14:15:14, 23.44, 48.57
2020-10-28, 14:15:16, 23.44, 48.61
2020-10-28, 14:15:17, 23.44, 48.61
2020-10-28, 14:15:19, 23.45, 48.58
2020-10-28, 14:15:20, 23.44, 48.57
2020-10-28, 14:15:21, 23.44, 48.57
2020-10-28, 14:15:23, 23.43, 48.57
2020-10-28, 14:15:24, 23.43, 48.57
2020-10-28, 14:15:25, 23.43, 48.57
2020-10-28, 14:15:27, 23.43, 48.57
2020-10-28, 14:15:28, 23.43, 48.57
2020-10-28, 14:15:29, 23.44, 48.57
2020-10-28, 14:15:31, 23.43, 48.57
2020-10-28, 14:15:32, 23.43, 48.57
2020-10-28, 14:15:33, 23.43, 48.57
2020-10-28, 14:15:35, 23.43, 48.57
2020-10-28, 14:15:36, 23.43, 48.57
2020-10-28, 14:15:37, 23.44, 48.57
2020-10-28, 14:15:39, 23.44, 48.57
2020-10-28, 14:15:40, 23.44, 48.57
2020-10-28, 14:15:42, 23.43, 48.57
2020-10-28, 14:15:43, 23.44, 48.57
2020-10-28, 14:15:44, 23.43, 48.57
2020-10-28, 14:15:46, 23.44, 48.57
2020-10-28, 14:15:47, 23.44, 48.57
2020-10-28, 14:15:48, 23.44, 48.57
2020-10-28, 14:15:50, 23.44, 48.54
2020-10-28, 14:15:51, 23.45, 48.58
2020-10-28, 14:15:52, 23.43, 48.57
2020-10-28, 14:15:54, 23.44, 48.57
2020-10-28, 14:15:55, 23.44, 48.57
2020-10-28, 14:15:56, 23.45, 48.58
2020-10-28, 14:15:58, 23.43, 48.57
2020-10-28, 14:15:59, 23.44, 48.57
2020-10-28, 14:16:00, 23.44, 48.54
2020-10-28, 14:16:02, 23.44, 48.54
2020-10-28, 14:16:03, 23.44, 48.57
2020-10-28, 14:16:05, 23.43, 48.57
2020-10-28, 14:16:06, 23.43, 48.57
2020-10-28, 14:16:07, 23.43, 48.57
2020-10-28, 14:16:09, 23.44, 48.57
2020-10-28, 14:16:10, 23.44, 48.57
2020-10-28, 14:16:11, 23.42, 48.57
2020-10-28, 14:16:13, 23.44, 48.57
2020-10-28, 14:16:14, 23.44, 48.54
2020-10-28, 14:16:15, 23.45, 48.58
2020-10-28, 14:16:17, 23.45, 48.54
2020-10-28, 14:16:18, 23.46, 48.58
2020-10-28, 14:16:19, 23.45, 48.54
2020-10-28, 14:16:21, 23.44, 48.54
2020-10-28, 14:16:22, 23.44, 48.54
2020-10-28, 14:16:24, 23.44, 48.51
2020-10-28, 14:16:25, 23.44, 48.54
2020-10-28, 14:16:26, 23.44, 48.51
2020-10-28, 14:16:28, 23.45, 48.54
2020-10-28, 14:16:29, 23.46, 48.51
2020-10-28, 14:16:30, 23.45, 48.54
2020-10-28, 14:16:32, 23.46, 48.54
2020-10-28, 14:16:33, 23.44, 48.51
2020-10-28, 14:16:34, 23.44, 48.51
2020-10-28, 14:16:36, 23.44, 48.51
2020-10-28, 14:16:37, 23.44, 48.51
2020-10-28, 14:16:38, 23.45, 48.51
2020-10-28, 14:16:40, 23.46, 48.51
2020-10-28, 14:16:41, 23.43, 48.54
2020-10-28, 14:16:43, 23.44, 48.51
2020-10-28, 14:16:44, 23.43, 48.51
2020-10-28, 14:16:45, 23.46, 48.54
2020-10-28, 14:16:47, 23.44, 48.51
2020-10-28, 14:16:48, 23.44, 48.51
2020-10-28, 14:16:49, 23.44, 48.51
2020-10-28, 14:16:51, 23.44, 48.54
2020-10-28, 14:16:52, 23.45, 48.54
2020-10-28, 14:16:53, 23.46, 48.54
2020-10-28, 14:16:55, 23.44, 48.54
2020-10-28, 14:16:56, 23.45, 48.51
2020-10-28, 14:16:57, 23.46, 48.51
2020-10-28, 14:16:59, 23.45, 48.51
2020-10-28, 14:17:00, 23.44, 48.48
2020-10-28, 14:17:02, 23.46, 48.51
2020-10-28, 14:17:03, 23.46, 48.51
2020-10-28, 14:17:04, 23.45, 48.51
2020-10-28, 14:17:06, 23.46, 48.51
2020-10-28, 14:17:07, 23.45, 48.51
2020-10-28, 14:17:08, 23.45, 48.51
2020-10-28, 14:17:10, 23.46, 48.48
2020-10-28, 14:17:11, 23.45, 48.48
2020-10-28, 14:17:12, 23.46, 48.48
2020-10-28, 14:17:14, 23.44, 48.48
2020-10-28, 14:17:15, 23.44, 48.48
2020-10-28, 14:17:16, 23.45, 48.45
2020-10-28, 14:17:18, 23.46, 48.48
2020-10-28, 14:17:19, 23.46, 48.45
2020-10-28, 14:17:20, 23.46, 48.45
2020-10-28, 14:17:22, 23.46, 48.45
2020-10-28, 14:17:23, 23.46, 48.45
2020-10-28, 14:17:25, 23.46, 48.48
2020-10-28, 14:17:26, 23.46, 48.45
2020-10-28, 14:17:27, 23.47, 48.45
2020-10-28, 14:17:29, 23.46, 48.45
2020-10-28, 14:17:30, 23.48, 48.45
2020-10-28, 14:17:31, 23.47, 48.45
2020-10-28, 14:17:33, 23.42, 48.44
2020-10-28, 14:17:34, 23.45, 48.45
2020-10-28, 14:17:36, 23.46, 48.45
2020-10-28, 14:17:37, 23.47, 48.45
2020-10-28, 14:17:38, 23.46, 48.45
2020-10-28, 14:17:40, 23.47, 48.45
2020-10-28, 14:17:41, 23.47, 48.45
2020-10-28, 14:17:42, 23.46, 48.45
2020-10-28, 14:17:44, 23.47, 48.45
2020-10-28, 14:17:45, 23.47, 48.45
2020-10-28, 14:17:46, 23.45, 48.45
2020-10-28, 14:17:48, 23.46, 48.45
2020-10-28, 14:17:49, 23.46, 48.45
2020-10-28, 14:17:50, 23.47, 48.45
2020-10-28, 14:17:52, 23.46, 48.45
2020-10-28, 14:17:53, 23.48, 48.42
2020-10-28, 14:17:54, 23.48, 48.45
2020-10-28, 14:17:56, 23.48, 48.45
2020-10-28, 14:17:57, 23.47, 48.42
2020-10-28, 14:17:59, 23.48, 48.42
2020-10-28, 14:18:00, 23.48, 48.39
2020-10-28, 14:18:01, 23.49, 48.39
2020-10-28, 14:18:03, 23.48, 48.42
2020-10-28, 14:18:04, 23.47, 48.39
2020-10-28, 14:18:05, 23.46, 48.42
2020-10-28, 14:18:07, 23.48, 48.39
2020-10-28, 14:18:08, 23.49, 48.39
2020-10-28, 14:18:09, 23.49, 48.39
2020-10-28, 14:18:11, 23.5, 48.39
2020-10-28, 14:18:12, 23.48, 48.39
2020-10-28, 14:18:13, 23.5, 48.39
2020-10-28, 14:18:15, 23.49, 48.39
2020-10-28, 14:18:16, 23.5, 48.39
2020-10-28, 14:18:18, 23.48, 48.36
2020-10-28, 14:18:19, 23.5, 48.39
2020-10-28, 14:18:20, 23.5, 48.39
2020-10-28, 14:18:22, 23.49, 48.39
2020-10-28, 14:18:23, 23.49, 48.39
2020-10-28, 14:18:24, 23.5, 48.39
2020-10-28, 14:18:26, 23.49, 48.36
2020-10-28, 14:18:27, 23.49, 48.39
2020-10-28, 14:18:28, 23.49, 48.36
2020-10-28, 14:18:30, 23.5, 48.36
2020-10-28, 14:18:31, 23.49, 48.39
2020-10-28, 14:18:32, 23.49, 48.36
2020-10-28, 14:18:34, 23.5, 48.36
2020-10-28, 14:18:35, 23.48, 48.36
2020-10-28, 14:18:37, 23.5, 48.36
2020-10-28, 14:18:38, 23.51, 48.36
2020-10-28, 14:18:39, 23.49, 48.33
2020-10-28, 14:18:41, 23.51, 48.33
2020-10-28, 14:18:42, 23.49, 48.33
2020-10-28, 14:18:43, 23.49, 48.36
2020-10-28, 14:18:45, 23.49, 48.33
2020-10-28, 14:18:46, 23.5, 48.33
2020-10-28, 14:18:47, 23.5, 48.33
2020-10-28, 14:18:49, 23.5, 48.33
2020-10-28, 14:18:50, 23.49, 48.33
2020-10-28, 14:18:51, 23.49, 48.33
2020-10-28, 14:18:53, 23.51, 48.33
2020-10-28, 14:18:54, 23.49, 48.33
2020-10-28, 14:18:55, 23.48, 48.32
2020-10-28, 14:18:57, 23.49, 48.33
2020-10-28, 14:18:58, 23.49, 48.33
2020-10-28, 14:19:00, 23.49, 48.33
2020-10-28, 14:19:01, 23.48, 48.32
2020-10-28, 14:19:02, 23.48, 48.32
2020-10-28, 14:19:04, 23.5, 48.33
2020-10-28, 14:19:05, 23.49, 48.33
2020-10-28, 14:19:06, 23.5, 48.33
2020-10-28, 14:19:08, 23.49, 48.33
2020-10-28, 14:19:09, 23.5, 48.29
2020-10-28, 14:19:10, 23.5, 48.29
2020-10-28, 14:19:12, 23.51, 48.3
2020-10-28, 14:19:13, 23.5, 48.26
2020-10-28, 14:19:14, 23.5, 48.29
2020-10-28, 14:19:16, 23.49, 48.29
2020-10-28, 14:19:17, 23.5, 48.26
2020-10-28, 14:19:19, 23.49, 48.29
2020-10-28, 14:19:20, 23.5, 48.29
2020-10-28, 14:19:21, 23.48, 48.26
2020-10-28, 14:19:23, 23.5, 48.26
2020-10-28, 14:19:24, 23.5, 48.29
2020-10-28, 14:19:25, 23.49, 48.26
2020-10-28, 14:19:27, 23.5, 48.26
2020-10-28, 14:19:28, 23.5, 48.29
2020-10-28, 14:19:29, 23.48, 48.29
2020-10-28, 14:19:31, 23.49, 48.29
2020-10-28, 14:19:32, 23.49, 48.29
2020-10-28, 14:19:33, 23.49, 48.29
2020-10-28, 14:19:35, 23.5, 48.29
2020-10-28, 14:19:36, 23.5, 48.26
2020-10-28, 14:19:38, 23.5, 48.29
2020-10-28, 14:19:39, 23.5, 48.26
2020-10-28, 14:19:40, 23.5, 48.26
2020-10-28, 14:19:42, 23.5, 48.26
2020-10-28, 14:19:43, 23.5, 48.29
2020-10-28, 14:19:44, 23.5, 48.26
2020-10-28, 14:19:46, 23.52, 48.27
2020-10-28, 14:19:47, 23.51, 48.26
2020-10-28, 14:19:48, 23.51, 48.26
2020-10-28, 14:19:50, 23.52, 48.27
2020-10-28, 14:19:51, 23.52, 48.23
2020-10-28, 14:19:52, 23.51, 48.23
2020-10-28, 14:19:54, 23.5, 48.26
2020-10-28, 14:19:55, 23.52, 48.23
2020-10-28, 14:19:57, 23.53, 48.24
2020-10-28, 14:19:58, 23.49, 48.23
2020-10-28, 14:19:59, 23.51, 48.23
2020-10-28, 14:20:01, 23.51, 48.2
2020-10-28, 14:20:02, 23.5, 48.23
2020-10-28, 14:20:03, 23.5, 48.23
2020-10-28, 14:20:05, 23.5, 48.23
2020-10-28, 14:20:06, 23.5, 48.26
2020-10-28, 14:20:07, 23.49, 48.23
2020-10-28, 14:20:09, 23.5, 48.23
2020-10-28, 14:20:10, 23.5, 48.23
2020-10-28, 14:20:11, 23.5, 48.23
2020-10-28, 14:20:13, 23.5, 48.23
2020-10-28, 14:20:14, 23.5, 48.23
2020-10-28, 14:20:16, 23.5, 48.23
2020-10-28, 14:20:17, 23.5, 48.23
2020-10-28, 14:20:18, 23.49, 48.2
2020-10-28, 14:20:20, 23.48, 48.23
2020-10-28, 14:20:21, 23.5, 48.23
2020-10-28, 14:20:22, 23.5, 48.23
2020-10-28, 14:20:24, 23.51, 48.23
2020-10-28, 14:20:25, 23.5, 48.23
2020-10-28, 14:20:26, 23.49, 48.2
2020-10-28, 14:20:28, 23.5, 48.23
2020-10-28, 14:20:29, 23.49, 48.2
2020-10-28, 14:20:30, 23.5, 48.2
2020-10-28, 14:20:32, 23.48, 48.2
2020-10-28, 14:20:33, 23.49, 48.2
2020-10-28, 14:20:35, 23.5, 48.2
2020-10-28, 14:20:36, 23.49, 48.2
2020-10-28, 14:20:37, 23.5, 48.2
2020-10-28, 14:20:39, 23.5, 48.2
2020-10-28, 14:20:40, 23.5, 48.2
2020-10-28, 14:20:41, 23.5, 48.2
2020-10-28, 14:20:43, 23.51, 48.2
2020-10-28, 14:20:44, 23.5, 48.2
2020-10-28, 14:20:45, 23.51, 48.2
2020-10-28, 14:20:47, 23.51, 48.2
2020-10-28, 14:20:48, 23.51, 48.2
2020-10-28, 14:20:49, 23.51, 48.2
2020-10-28, 14:20:51, 23.5, 48.2
2020-10-28, 14:20:52, 23.52, 48.2
2020-10-28, 14:20:54, 23.52, 48.2
2020-10-28, 14:20:55, 23.52, 48.2
2020-10-28, 14:20:56, 23.52, 48.2
2020-10-28, 14:20:58, 23.52, 48.2
2020-10-28, 14:20:59, 23.52, 48.17
2020-10-28, 14:21:00, 23.51, 48.17
2020-10-28, 14:21:02, 23.52, 48.17
2020-10-28, 14:21:03, 23.5, 48.17
2020-10-28, 14:21:04, 23.49, 48.17
2020-10-28, 14:21:06, 23.5, 48.2
2020-10-28, 14:21:07, 23.5, 48.2
2020-10-28, 14:21:09, 23.52, 48.2
2020-10-28, 14:21:10, 23.49, 48.2
2020-10-28, 14:21:11, 23.5, 48.2
2020-10-28, 14:21:13, 23.5, 48.2
2020-10-28, 14:21:14, 23.51, 48.2
2020-10-28, 14:21:15, 23.5, 48.2
2020-10-28, 14:21:17, 23.52, 48.17
2020-10-28, 14:21:18, 23.53, 48.2
2020-10-28, 14:21:19, 23.52, 48.2
2020-10-28, 14:21:21, 23.52, 48.14
2020-10-28, 14:21:22, 23.52, 48.14
2020-10-28, 14:21:24, 23.52, 48.17
2020-10-28, 14:21:25, 23.52, 48.17
2020-10-28, 14:21:26, 23.5, 48.14
2020-10-28, 14:21:28, 23.52, 48.14
2020-10-28, 14:21:29, 23.52, 48.17
2020-10-28, 14:21:30, 23.52, 48.14
2020-10-28, 14:21:32, 23.51, 48.14
2020-10-28, 14:21:33, 23.52, 48.14
2020-10-28, 14:21:34, 23.52, 48.14
2020-10-28, 14:21:36, 23.53, 48.14
2020-10-28, 14:21:37, 23.54, 48.14
2020-10-28, 14:21:39, 23.53, 48.14
2020-10-28, 14:21:40, 23.54, 48.14
2020-10-28, 14:21:41, 23.53, 48.11
2020-10-28, 14:21:43, 23.54, 48.14
2020-10-28, 14:21:44, 23.55, 48.11
2020-10-28, 14:21:45, 23.54, 48.11
2020-10-28, 14:21:47, 23.54, 48.08
2020-10-28, 14:21:48, 23.54, 48.11
2020-10-28, 14:21:49, 23.55, 48.08
2020-10-28, 14:21:51, 23.54, 48.08
2020-10-28, 14:21:52, 23.54, 48.08
2020-10-28, 14:21:53, 23.53, 48.08
2020-10-28, 14:21:55, 23.54, 48.11
2020-10-28, 14:21:56, 23.55, 48.08
2020-10-28, 14:21:58, 23.54, 48.08
2020-10-28, 14:21:59, 23.55, 48.08
2020-10-28, 14:22:00, 23.54, 48.08
2020-10-28, 14:22:02, 23.55, 48.08
2020-10-28, 14:22:03, 23.56, 48.08
2020-10-28, 14:22:04, 23.54, 48.08
2020-10-28, 14:22:06, 23.56, 48.05
2020-10-28, 14:22:07, 23.55, 48.05
2020-10-28, 14:22:08, 23.56, 48.05
2020-10-28, 14:22:10, 23.54, 48.04
2020-10-28, 14:22:11, 23.54, 48.04
2020-10-28, 14:22:12, 23.55, 48.05
2020-10-28, 14:22:14, 23.55, 48.05
2020-10-28, 14:22:15, 23.55, 48.08
2020-10-28, 14:22:17, 23.56, 48.08
2020-10-28, 14:22:18, 23.56, 48.08
2020-10-28, 14:22:19, 23.55, 48.05
2020-10-28, 14:22:21, 23.54, 48.04
2020-10-28, 14:22:22, 23.54, 48.04
2020-10-28, 14:22:23, 23.53, 48.04
2020-10-28, 14:22:25, 23.54, 48.04
2020-10-28, 14:22:26, 23.55, 48.05
2020-10-28, 14:22:27, 23.56, 48.05
2020-10-28, 14:22:29, 23.55, 48.05
2020-10-28, 14:22:30, 23.55, 48.01
2020-10-28, 14:22:31, 23.55, 48.01
2020-10-28, 14:22:33, 23.55, 48.01
2020-10-28, 14:22:34, 23.56, 48.02
2020-10-28, 14:22:36, 23.55, 48.01
2020-10-28, 14:22:37, 23.55, 48.01
2020-10-28, 14:22:38, 23.56, 48.02
2020-10-28, 14:22:40, 23.57, 48.02
2020-10-28, 14:22:41, 23.57, 48.02
2020-10-28, 14:22:42, 23.56, 48.02
2020-10-28, 14:22:44, 23.56, 48.02
2020-10-28, 14:22:45, 23.56, 48.02
2020-10-28, 14:22:46, 23.57, 48.02
2020-10-28, 14:22:48, 23.57, 48.02
2020-10-28, 14:22:49, 23.57, 47.98
2020-10-28, 14:22:51, 23.56, 48.02
2020-10-28, 14:22:52, 23.56, 47.95
2020-10-28, 14:22:53, 23.56, 47.98
2020-10-28, 14:22:55, 23.57, 47.98
2020-10-28, 14:22:56, 23.56, 47.98
2020-10-28, 14:22:57, 23.56, 48.02
2020-10-28, 14:22:59, 23.55, 48.01
2020-10-28, 14:23:00, 23.56, 47.98
2020-10-28, 14:23:01, 23.55, 48.01
2020-10-28, 14:23:03, 23.57, 47.98
2020-10-28, 14:23:04, 23.57, 47.98
2020-10-28, 14:23:05, 23.57, 47.98
2020-10-28, 14:23:07, 23.55, 47.98
2020-10-28, 14:23:08, 23.56, 47.98
2020-10-28, 14:23:10, 23.57, 47.98
2020-10-28, 14:23:11, 23.56, 47.95
2020-10-28, 14:23:12, 23.57, 47.95
2020-10-28, 14:23:14, 23.57, 47.95
2020-10-28, 14:23:15, 23.58, 47.95
2020-10-28, 14:23:16, 23.56, 47.95
2020-10-28, 14:23:18, 23.57, 47.95
2020-10-28, 14:23:19, 23.57, 47.95
2020-10-28, 14:23:20, 23.56, 47.95
2020-10-28, 14:23:22, 23.57, 47.95
2020-10-28, 14:23:23, 23.56, 47.95
2020-10-28, 14:23:24, 23.57, 47.95
2020-10-28, 14:23:26, 23.56, 47.95
2020-10-28, 14:23:27, 23.56, 47.95
2020-10-28, 14:23:29, 23.58, 47.95
2020-10-28, 14:23:30, 23.59, 47.96
2020-10-28, 14:23:31, 23.57, 47.95
2020-10-28, 14:23:33, 23.58, 47.95
2020-10-28, 14:23:34, 23.58, 47.92
2020-10-28, 14:23:35, 23.57, 47.92
2020-10-28, 14:23:37, 23.58, 47.95
2020-10-28, 14:23:38, 23.58, 47.92
2020-10-28, 14:23:39, 23.58, 47.89
2020-10-28, 14:23:41, 23.57, 47.92
2020-10-28, 14:23:42, 23.56, 47.92
2020-10-28, 14:23:43, 23.56, 47.92
2020-10-28, 14:23:45, 23.56, 47.92
2020-10-28, 14:23:46, 23.58, 47.92
2020-10-28, 14:23:48, 23.56, 47.92
2020-10-28, 14:23:49, 23.58, 47.95
2020-10-28, 14:23:50, 23.59, 47.92
2020-10-28, 14:23:52, 23.58, 47.92
2020-10-28, 14:23:53, 23.59, 47.92
2020-10-28, 14:23:54, 23.6, 47.92
2020-10-28, 14:23:56, 23.6, 47.92
2020-10-28, 14:23:57, 23.6, 47.92
2020-10-28, 14:23:58, 23.59, 47.89
2020-10-28, 14:24:00, 23.6, 47.89
2020-10-28, 14:24:01, 23.6, 47.92
2020-10-28, 14:24:02, 23.58, 47.92
2020-10-28, 14:24:04, 23.58, 47.89
2020-10-28, 14:24:05, 23.59, 47.89
2020-10-28, 14:24:07, 23.6, 47.89
2020-10-28, 14:24:08, 23.6, 47.89
2020-10-28, 14:24:09, 23.6, 47.86
2020-10-28, 14:24:11, 23.6, 47.89
2020-10-28, 14:24:12, 23.6, 47.89
2020-10-28, 14:24:13, 23.6, 47.89
2020-10-28, 14:24:15, 23.6, 47.89
2020-10-28, 14:24:16, 23.6, 47.89
2020-10-28, 14:24:17, 23.61, 47.89
2020-10-28, 14:24:19, 23.61, 47.86
2020-10-28, 14:24:20, 23.61, 47.86
2020-10-28, 14:24:21, 23.62, 47.86
2020-10-28, 14:24:23, 23.62, 47.86
2020-10-28, 14:24:24, 23.62, 47.86
2020-10-28, 14:24:26, 23.62, 47.86
2020-10-28, 14:24:27, 23.61, 47.86
2020-10-28, 14:24:28, 23.61, 47.86
2020-10-28, 14:24:30, 23.62, 47.86
2020-10-28, 14:24:31, 23.62, 47.86
2020-10-28, 14:24:32, 23.62, 47.83
2020-10-28, 14:24:34, 23.62, 47.83
2020-10-28, 14:24:35, 23.61, 47.83
2020-10-28, 14:24:36, 23.61, 47.83
2020-10-28, 14:24:38, 23.62, 47.83
2020-10-28, 14:24:39, 23.64, 47.83
2020-10-28, 14:24:40, 23.63, 47.83
2020-10-28, 14:24:42, 23.62, 47.83
2020-10-28, 14:24:43, 23.64, 47.83
2020-10-28, 14:24:44, 23.63, 47.83
2020-10-28, 14:24:46, 23.64, 47.83
2020-10-28, 14:24:47, 23.64, 47.83
2020-10-28, 14:24:49, 23.64, 47.83
2020-10-28, 14:24:50, 23.63, 47.83
2020-10-28, 14:24:51, 23.64, 47.83
2020-10-28, 14:24:53, 23.6, 47.83
2020-10-28, 14:24:54, 23.62, 47.83
2020-10-28, 14:24:55, 23.64, 47.83
2020-10-28, 14:24:57, 23.63, 47.83
2020-10-28, 14:24:58, 23.64, 47.83
2020-10-28, 14:24:59, 23.63, 47.83
2020-10-28, 14:25:01, 23.62, 47.83
2020-10-28, 14:25:02, 23.63, 47.83
2020-10-28, 14:25:03, 23.63, 47.86
2020-10-28, 14:25:05, 23.63, 47.83
2020-10-28, 14:25:06, 23.63, 47.83
2020-10-28, 14:25:08, 23.62, 47.86
2020-10-28, 14:25:09, 23.62, 47.86
2020-10-28, 14:25:10, 23.62, 47.86
2020-10-28, 14:25:12, 23.63, 47.9
2020-10-28, 14:25:13, 23.62, 47.86
2020-10-28, 14:25:14, 23.61, 47.86
2020-10-28, 14:25:16, 23.62, 47.83
2020-10-28, 14:25:17, 23.62, 47.86
2020-10-28, 14:25:18, 23.62, 47.86
2020-10-28, 14:25:20, 23.61, 47.86
2020-10-28, 14:25:21, 23.63, 47.86
2020-10-28, 14:25:22, 23.62, 47.86
2020-10-28, 14:25:24, 23.62, 47.9
2020-10-28, 14:25:25, 23.63, 47.86
2020-10-28, 14:25:27, 23.62, 47.9
2020-10-28, 14:25:28, 23.62, 47.86
2020-10-28, 14:25:29, 23.62, 47.9
2020-10-28, 14:25:31, 23.6, 47.86
2020-10-28, 14:25:32, 23.6, 47.89
2020-10-28, 14:25:33, 23.61, 47.89
2020-10-28, 14:25:35, 23.6, 47.89
2020-10-28, 14:25:36, 23.6, 47.89
2020-10-28, 14:25:37, 23.62, 47.86
2020-10-28, 14:25:39, 23.61, 47.89
2020-10-28, 14:25:40, 23.59, 47.89
2020-10-28, 14:25:42, 23.6, 47.89
2020-10-28, 14:25:43, 23.62, 47.9
2020-10-28, 14:25:44, 23.6, 47.89
2020-10-28, 14:25:46, 23.61, 47.89
2020-10-28, 14:25:47, 23.61, 47.89
2020-10-28, 14:25:48, 23.61, 47.89
2020-10-28, 14:25:50, 23.62, 47.9
2020-10-28, 14:25:51, 23.62, 47.9
2020-10-28, 14:25:52, 23.61, 47.86
2020-10-28, 14:25:54, 23.62, 47.9
2020-10-28, 14:25:55, 23.62, 47.9
2020-10-28, 14:25:56, 23.62, 47.86
2020-10-28, 14:25:58, 23.62, 47.86
2020-10-28, 14:25:59, 23.62, 47.86
2020-10-28, 14:26:00, 23.62, 47.9
2020-10-28, 14:26:02, 23.62, 47.9
2020-10-28, 14:26:03, 23.62, 47.9
2020-10-28, 14:26:05, 23.62, 47.86
2020-10-28, 14:26:06, 23.63, 47.9
2020-10-28, 14:26:07, 23.63, 47.9
2020-10-28, 14:26:09, 23.64, 47.87
2020-10-28, 14:26:10, 23.63, 47.86
2020-10-28, 14:26:11, 23.64, 47.83
2020-10-28, 14:26:13, 23.63, 47.86
2020-10-28, 14:26:14, 23.63, 47.86
2020-10-28, 14:26:15, 23.63, 47.86
2020-10-28, 14:26:17, 23.63, 47.9
2020-10-28, 14:26:18, 23.63, 47.9
2020-10-28, 14:26:19, 23.63, 47.9
2020-10-28, 14:26:21, 23.63, 47.9
2020-10-28, 14:26:22, 23.62, 47.9
2020-10-28, 14:26:24, 23.63, 47.9
2020-10-28, 14:26:25, 23.63, 47.9
2020-10-28, 14:26:26, 23.64, 47.9
2020-10-28, 14:26:28, 23.64, 47.9
2020-10-28, 14:26:29, 23.64, 47.9
2020-10-28, 14:26:30, 23.63, 47.9
2020-10-28, 14:26:32, 23.65, 47.9
2020-10-28, 14:26:33, 23.64, 47.9
2020-10-28, 14:26:34, 23.63, 47.9
2020-10-28, 14:26:36, 23.64, 47.9
2020-10-28, 14:26:37, 23.64, 47.9
2020-10-28, 14:26:39, 23.63, 47.9
2020-10-28, 14:26:40, 23.65, 47.9
2020-10-28, 14:26:41, 23.64, 47.9
2020-10-28, 14:26:43, 23.65, 47.9
2020-10-28, 14:26:44, 23.64, 47.9
2020-10-28, 14:26:45, 23.65, 47.9
2020-10-28, 14:26:47, 23.65, 47.9
2020-10-28, 14:26:48, 23.63, 47.9
2020-10-28, 14:26:49, 23.64, 47.9
2020-10-28, 14:26:51, 23.65, 47.9
2020-10-28, 14:26:52, 23.65, 47.9
2020-10-28, 14:26:53, 23.65, 47.87
2020-10-28, 14:26:55, 23.64, 47.9
2020-10-28, 14:26:56, 23.65, 47.9
2020-10-28, 14:26:58, 23.64, 47.9
2020-10-28, 14:26:59, 23.63, 47.9
2020-10-28, 14:27:00, 23.63, 47.9
2020-10-28, 14:27:02, 23.64, 47.9
2020-10-28, 14:27:03, 23.64, 47.9
2020-10-28, 14:27:04, 23.64, 47.9
2020-10-28, 14:27:06, 23.65, 47.9
2020-10-28, 14:27:07, 23.64, 47.9
2020-10-28, 14:27:09, 23.64, 47.87
2020-10-28, 14:27:10, 23.65, 47.9
2020-10-28, 14:27:11, 23.64, 47.9
2020-10-28, 14:27:13, 23.65, 47.9
2020-10-28, 14:27:14, 23.65, 47.9
2020-10-28, 14:27:15, 23.65, 47.9
2020-10-28, 14:27:17, 23.64, 47.9
2020-10-28, 14:27:18, 23.64, 47.9
2020-10-28, 14:27:19, 23.64, 47.9
2020-10-28, 14:27:21, 23.63, 47.93
2020-10-28, 14:27:22, 23.63, 47.93
2020-10-28, 14:27:23, 23.64, 47.93
2020-10-28, 14:27:25, 23.64, 47.96
2020-10-28, 14:27:26, 23.62, 47.93
2020-10-28, 14:27:28, 23.63, 47.96
2020-10-28, 14:27:29, 23.61, 47.96
2020-10-28, 14:27:30, 23.62, 47.99
2020-10-28, 14:27:32, 23.62, 47.96
2020-10-28, 14:27:33, 23.62, 47.99
2020-10-28, 14:27:34, 23.63, 47.96
2020-10-28, 14:27:36, 23.63, 47.96
2020-10-28, 14:27:37, 23.62, 47.99
2020-10-28, 14:27:38, 23.63, 47.96
2020-10-28, 14:27:40, 23.64, 47.96
2020-10-28, 14:27:41, 23.62, 47.96
2020-10-28, 14:27:42, 23.63, 47.96
2020-10-28, 14:27:44, 23.64, 47.96
2020-10-28, 14:27:45, 23.63, 47.96
2020-10-28, 14:27:47, 23.63, 47.96
2020-10-28, 14:27:48, 23.64, 47.96
2020-10-28, 14:27:49, 23.62, 47.99
2020-10-28, 14:27:51, 23.63, 47.99
2020-10-28, 14:27:52, 23.63, 47.99
2020-10-28, 14:27:53, 23.62, 47.99
2020-10-28, 14:27:55, 23.64, 48.03
2020-10-28, 14:27:56, 23.63, 48.02
2020-10-28, 14:27:57, 23.62, 48.02
2020-10-28, 14:27:59, 23.62, 48.02
2020-10-28, 14:28:00, 23.62, 48.02
2020-10-28, 14:28:01, 23.62, 48.02
2020-10-28, 14:28:03, 23.62, 48.02
2020-10-28, 14:28:04, 23.62, 48.02
2020-10-28, 14:28:05, 23.63, 48.02
2020-10-28, 14:28:07, 23.63, 48.02
2020-10-28, 14:28:08, 23.64, 48.03
2020-10-28, 14:28:10, 23.63, 48.02
2020-10-28, 14:28:11, 23.64, 48.03
2020-10-28, 14:28:12, 23.61, 48.02
2020-10-28, 14:28:14, 23.63, 48.02
2020-10-28, 14:28:15, 23.63, 48.02
2020-10-28, 14:28:16, 23.63, 48.02
2020-10-28, 14:28:18, 23.62, 48.02
2020-10-28, 14:28:19, 23.64, 48.06
2020-10-28, 14:28:20, 23.64, 48.06
2020-10-28, 14:28:22, 23.62, 48.06
2020-10-28, 14:28:23, 23.61, 48.05
2020-10-28, 14:28:24, 23.63, 48.06
2020-10-28, 14:28:26, 23.62, 48.06
2020-10-28, 14:28:27, 23.63, 48.06
2020-10-28, 14:28:29, 23.62, 48.09
2020-10-28, 14:28:30, 23.63, 48.02
2020-10-28, 14:28:31, 23.63, 48.06
2020-10-28, 14:28:33, 23.62, 48.06
2020-10-28, 14:28:34, 23.63, 48.06
2020-10-28, 14:28:35, 23.64, 48.06
2020-10-28, 14:28:37, 23.64, 48.06
2020-10-28, 14:28:38, 23.64, 48.09
2020-10-28, 14:28:39, 23.61, 48.05
2020-10-28, 14:28:41, 23.63, 48.09
2020-10-28, 14:28:42, 23.62, 48.09
2020-10-28, 14:28:43, 23.63, 48.09
2020-10-28, 14:28:45, 23.62, 48.09
2020-10-28, 14:28:46, 23.64, 48.09
2020-10-28, 14:28:48, 23.63, 48.09
2020-10-28, 14:28:49, 23.62, 48.09
2020-10-28, 14:28:50, 23.63, 48.09
2020-10-28, 14:28:52, 23.62, 48.09
2020-10-28, 14:28:53, 23.62, 48.09
2020-10-28, 14:28:54, 23.63, 48.09
2020-10-28, 14:28:56, 23.63, 48.09
2020-10-28, 14:28:57, 23.63, 48.09
2020-10-28, 14:28:58, 23.63, 48.09
2020-10-28, 14:29:00, 23.63, 48.09
2020-10-28, 14:29:01, 23.64, 48.09
2020-10-28, 14:29:03, 23.64, 48.09
2020-10-28, 14:29:04, 23.63, 48.09
2020-10-28, 14:29:05, 23.62, 48.06
2020-10-28, 14:29:07, 23.63, 48.09
2020-10-28, 14:29:08, 23.64, 48.09
2020-10-28, 14:29:09, 23.63, 48.09
2020-10-28, 14:29:11, 23.63, 48.09
2020-10-28, 14:29:12, 23.63, 48.06
2020-10-28, 14:29:13, 23.64, 48.06
2020-10-28, 14:29:15, 23.64, 48.09
2020-10-28, 14:29:16, 23.64, 48.09
2020-10-28, 14:29:17, 23.66, 48.09
2020-10-28, 14:29:19, 23.64, 48.09
2020-10-28, 14:29:20, 23.64, 48.09
2020-10-28, 14:29:21, 23.64, 48.09
2020-10-28, 14:29:23, 23.62, 48.09
2020-10-28, 14:29:24, 23.64, 48.09
2020-10-28, 14:29:26, 23.62, 48.09
2020-10-28, 14:29:27, 23.62, 48.09
2020-10-28, 14:29:28, 23.62, 48.09
2020-10-28, 14:29:30, 23.62, 48.09
2020-10-28, 14:29:31, 23.63, 48.12
2020-10-28, 14:29:32, 23.63, 48.12
2020-10-28, 14:29:34, 23.63, 48.15
2020-10-28, 14:29:35, 23.62, 48.12
2020-10-28, 14:29:36, 23.63, 48.15
2020-10-28, 14:29:38, 23.62, 48.15
2020-10-28, 14:29:39, 23.63, 48.15
2020-10-28, 14:29:41, 23.63, 48.15
2020-10-28, 14:29:42, 23.62, 48.12
2020-10-28, 14:29:43, 23.62, 48.15
2020-10-28, 14:29:45, 23.62, 48.15
2020-10-28, 14:29:46, 23.62, 48.15
2020-10-28, 14:29:47, 23.62, 48.15
2020-10-28, 14:29:49, 23.63, 48.15
2020-10-28, 14:29:50, 23.63, 48.15
2020-10-28, 14:29:51, 23.63, 48.15
2020-10-28, 14:29:53, 23.63, 48.15
2020-10-28, 14:29:54, 23.64, 48.19
2020-10-28, 14:29:56, 23.61, 48.15
2020-10-28, 14:29:57, 23.62, 48.18
2020-10-28, 14:29:58, 23.64, 48.15
2020-10-28, 14:30:00, 23.62, 48.15
2020-10-28, 14:30:01, 23.62, 48.15
2020-10-28, 14:30:02, 23.63, 48.15
2020-10-28, 14:30:04, 23.64, 48.15
2020-10-28, 14:30:05, 23.63, 48.15
2020-10-28, 14:30:06, 23.61, 48.18
2020-10-28, 14:30:08, 23.63, 48.18
2020-10-28, 14:30:09, 23.62, 48.21
2020-10-28, 14:30:10, 23.61, 48.21
2020-10-28, 14:30:12, 23.61, 48.21
2020-10-28, 14:30:13, 23.62, 48.21
2020-10-28, 14:30:15, 23.6, 48.18
2020-10-28, 14:30:16, 23.61, 48.21
2020-10-28, 14:30:17, 23.62, 48.21
2020-10-28, 14:30:19, 23.62, 48.21
2020-10-28, 14:30:20, 23.61, 48.21
2020-10-28, 14:30:21, 23.62, 48.21
2020-10-28, 14:30:23, 23.6, 48.21
2020-10-28, 14:30:24, 23.61, 48.21
2020-10-28, 14:30:25, 23.62, 48.21
2020-10-28, 14:30:27, 23.61, 48.21
2020-10-28, 14:30:28, 23.62, 48.21
2020-10-28, 14:30:30, 23.62, 48.21
2020-10-28, 14:30:31, 23.61, 48.21
2020-10-28, 14:30:32, 23.61, 48.21
2020-10-28, 14:30:34, 23.61, 48.21
2020-10-28, 14:30:35, 23.62, 48.25
2020-10-28, 14:30:36, 23.61, 48.21
2020-10-28, 14:30:38, 23.62, 48.21
2020-10-28, 14:30:39, 23.61, 48.21
2020-10-28, 14:30:40, 23.61, 48.25
2020-10-28, 14:30:42, 23.62, 48.25
2020-10-28, 14:30:43, 23.62, 48.25
2020-10-28, 14:30:44, 23.62, 48.25
2020-10-28, 14:30:46, 23.62, 48.21
2020-10-28, 14:30:47, 23.62, 48.21
2020-10-28, 14:30:49, 23.62, 48.25
2020-10-28, 14:30:50, 23.62, 48.21
2020-10-28, 14:30:51, 23.62, 48.28
2020-10-28, 14:30:53, 23.62, 48.25
2020-10-28, 14:30:54, 23.61, 48.28
2020-10-28, 14:30:55, 23.61, 48.28
2020-10-28, 14:30:57, 23.61, 48.28
2020-10-28, 14:30:58, 23.62, 48.28
2020-10-28, 14:30:59, 23.6, 48.28
2020-10-28, 14:31:01, 23.6, 48.28
2020-10-28, 14:31:02, 23.6, 48.31
2020-10-28, 14:31:03, 23.59, 48.31
2020-10-28, 14:31:05, 23.59, 48.31
2020-10-28, 14:31:06, 23.59, 48.31
2020-10-28, 14:31:08, 23.59, 48.34
2020-10-28, 14:31:09, 23.58, 48.34
2020-10-28, 14:31:10, 23.6, 48.34
2020-10-28, 14:31:12, 23.58, 48.34
2020-10-28, 14:31:13, 23.59, 48.34
2020-10-28, 14:31:14, 23.59, 48.34
2020-10-28, 14:31:16, 23.58, 48.37
2020-10-28, 14:31:17, 23.58, 48.37
2020-10-28, 14:31:18, 23.59, 48.34
2020-10-28, 14:31:20, 23.58, 48.34
2020-10-28, 14:31:21, 23.58, 48.34
2020-10-28, 14:31:22, 23.58, 48.37
2020-10-28, 14:31:24, 23.58, 48.37
2020-10-28, 14:31:25, 23.59, 48.37
2020-10-28, 14:31:27, 23.59, 48.37
2020-10-28, 14:31:28, 23.57, 48.37
2020-10-28, 14:31:29, 23.58, 48.37
2020-10-28, 14:31:31, 23.57, 48.37
2020-10-28, 14:31:32, 23.59, 48.37
2020-10-28, 14:31:33, 23.58, 48.4
2020-10-28, 14:31:35, 23.58, 48.4
2020-10-28, 14:31:36, 23.59, 48.37
2020-10-28, 14:31:37, 23.59, 48.4
2020-10-28, 14:31:39, 23.57, 48.37
2020-10-28, 14:31:40, 23.59, 48.4
2020-10-28, 14:31:41, 23.58, 48.4
2020-10-28, 14:31:43, 23.58, 48.4
2020-10-28, 14:31:44, 23.59, 48.4
2020-10-28, 14:31:46, 23.58, 48.4
2020-10-28, 14:31:47, 23.58, 48.4
2020-10-28, 14:31:48, 23.56, 48.4
2020-10-28, 14:31:50, 23.56, 48.43
2020-10-28, 14:31:51, 23.54, 48.4
2020-10-28, 14:31:52, 23.56, 48.4
2020-10-28, 14:31:54, 23.56, 48.43
2020-10-28, 14:31:55, 23.56, 48.46
2020-10-28, 14:31:56, 23.56, 48.43
2020-10-28, 14:31:58, 23.56, 48.46
2020-10-28, 14:31:59, 23.56, 48.46
2020-10-28, 14:32:01, 23.57, 48.46
2020-10-28, 14:32:02, 23.57, 48.46
2020-10-28, 14:32:03, 23.57, 48.43
2020-10-28, 14:32:05, 23.58, 48.46
2020-10-28, 14:32:06, 23.58, 48.46
2020-10-28, 14:32:07, 23.58, 48.46
2020-10-28, 14:32:09, 23.57, 48.43
2020-10-28, 14:32:10, 23.58, 48.46
2020-10-28, 14:32:11, 23.57, 48.46
2020-10-28, 14:32:13, 23.58, 48.46
2020-10-28, 14:32:14, 23.58, 48.46
2020-10-28, 14:32:15, 23.58, 48.43
2020-10-28, 14:32:17, 23.58, 48.46
2020-10-28, 14:32:18, 23.58, 48.46
2020-10-28, 14:32:20, 23.58, 48.46
2020-10-28, 14:32:21, 23.6, 48.47
2020-10-28, 14:32:22, 23.58, 48.46
2020-10-28, 14:32:24, 23.58, 48.46
2020-10-28, 14:32:25, 23.58, 48.43
2020-10-28, 14:32:26, 23.57, 48.43
2020-10-28, 14:32:28, 23.58, 48.43
2020-10-28, 14:32:29, 23.57, 48.46
2020-10-28, 14:32:30, 23.57, 48.43
2020-10-28, 14:32:32, 23.56, 48.46
2020-10-28, 14:32:33, 23.58, 48.46
2020-10-28, 14:32:34, 23.56, 48.46
2020-10-28, 14:32:36, 23.58, 48.46
2020-10-28, 14:32:37, 23.57, 48.46
2020-10-28, 14:32:39, 23.54, 48.46
2020-10-28, 14:32:40, 23.56, 48.49
2020-10-28, 14:32:41, 23.57, 48.5
2020-10-28, 14:32:43, 23.55, 48.49
2020-10-28, 14:32:44, 23.56, 48.53
2020-10-28, 14:32:45, 23.56, 48.53
2020-10-28, 14:32:47, 23.56, 48.53
2020-10-28, 14:32:48, 23.57, 48.53
2020-10-28, 14:32:49, 23.57, 48.53
2020-10-28, 14:32:51, 23.57, 48.53
2020-10-28, 14:32:52, 23.56, 48.53
2020-10-28, 14:32:53, 23.56, 48.53
2020-10-28, 14:32:55, 23.56, 48.53
2020-10-28, 14:32:56, 23.55, 48.52
2020-10-28, 14:32:58, 23.55, 48.52
2020-10-28, 14:32:59, 23.56, 48.53
2020-10-28, 14:33:00, 23.56, 48.53
2020-10-28, 14:33:02, 23.56, 48.53
2020-10-28, 14:33:03, 23.56, 48.53
2020-10-28, 14:33:04, 23.56, 48.53
2020-10-28, 14:33:06, 23.55, 48.52
2020-10-28, 14:33:07, 23.55, 48.56
2020-10-28, 14:33:08, 23.55, 48.52
2020-10-28, 14:33:10, 23.56, 48.59
2020-10-28, 14:33:11, 23.55, 48.59
2020-10-28, 14:33:12, 23.54, 48.56
2020-10-28, 14:33:14, 23.54, 48.59
2020-10-28, 14:33:15, 23.56, 48.56
2020-10-28, 14:33:16, 23.54, 48.59
2020-10-28, 14:33:18, 23.55, 48.59
2020-10-28, 14:33:19, 23.54, 48.59
2020-10-28, 14:33:21, 23.55, 48.59
2020-10-28, 14:33:22, 23.55, 48.59
2020-10-28, 14:33:23, 23.55, 48.59
2020-10-28, 14:33:25, 23.54, 48.62
2020-10-28, 14:33:26, 23.55, 48.59
2020-10-28, 14:33:27, 23.54, 48.59
2020-10-28, 14:33:29, 23.54, 48.59
2020-10-28, 14:33:30, 23.54, 48.62
2020-10-28, 14:33:31, 23.55, 48.59
2020-10-28, 14:33:33, 23.54, 48.62
2020-10-28, 14:33:34, 23.53, 48.62
2020-10-28, 14:33:35, 23.53, 48.62
2020-10-28, 14:33:37, 23.54, 48.62
2020-10-28, 14:33:38, 23.54, 48.62
2020-10-28, 14:33:40, 23.54, 48.59
2020-10-28, 14:33:41, 23.54, 48.62
2020-10-28, 14:33:42, 23.54, 48.59
2020-10-28, 14:33:44, 23.54, 48.59
2020-10-28, 14:33:45, 23.53, 48.59
2020-10-28, 14:33:46, 23.54, 48.62
2020-10-28, 14:33:48, 23.55, 48.62
2020-10-28, 14:33:49, 23.53, 48.62
2020-10-28, 14:33:50, 23.54, 48.62
2020-10-28, 14:33:52, 23.53, 48.62
2020-10-28, 14:33:53, 23.53, 48.65
2020-10-28, 14:33:55, 23.53, 48.65
2020-10-28, 14:33:56, 23.54, 48.62
2020-10-28, 14:33:57, 23.52, 48.65
2020-10-28, 14:33:59, 23.53, 48.65
2020-10-28, 14:34:00, 23.54, 48.62
2020-10-28, 14:34:01, 23.53, 48.65
2020-10-28, 14:34:03, 23.53, 48.62
2020-10-28, 14:34:04, 23.52, 48.65
2020-10-28, 14:34:05, 23.53, 48.62
2020-10-28, 14:34:07, 23.55, 48.65
2020-10-28, 14:34:08, 23.55, 48.65
2020-10-28, 14:34:09, 23.56, 48.62
2020-10-28, 14:34:11, 23.55, 48.65
2020-10-28, 14:34:12, 23.54, 48.62
2020-10-28, 14:34:13, 23.56, 48.62
2020-10-28, 14:34:15, 23.56, 48.62
2020-10-28, 14:34:16, 23.54, 48.62
2020-10-28, 14:34:18, 23.55, 48.62
2020-10-28, 14:34:19, 23.54, 48.59
2020-10-28, 14:34:20, 23.53, 48.62
2020-10-28, 14:34:22, 23.53, 48.62
2020-10-28, 14:34:23, 23.52, 48.62
2020-10-28, 14:34:24, 23.54, 48.62
2020-10-28, 14:34:26, 23.54, 48.62
2020-10-28, 14:34:27, 23.53, 48.65
2020-10-28, 14:34:28, 23.53, 48.65
2020-10-28, 14:34:30, 23.53, 48.65
2020-10-28, 14:34:31, 23.54, 48.65
2020-10-28, 14:34:32, 23.53, 48.62
2020-10-28, 14:34:34, 23.53, 48.65
2020-10-28, 14:34:35, 23.53, 48.65
2020-10-28, 14:34:37, 23.53, 48.65
2020-10-28, 14:34:38, 23.53, 48.65
2020-10-28, 14:34:39, 23.53, 48.65
2020-10-28, 14:34:41, 23.52, 48.65
2020-10-28, 14:34:42, 23.54, 48.65
2020-10-28, 14:34:43, 23.54, 48.65
2020-10-28, 14:34:45, 23.51, 48.65
2020-10-28, 14:34:46, 23.52, 48.65
2020-10-28, 14:34:47, 23.52, 48.65
2020-10-28, 14:34:49, 23.52, 48.68
2020-10-28, 14:34:50, 23.52, 48.68
2020-10-28, 14:34:51, 23.52, 48.68
2020-10-28, 14:34:53, 23.53, 48.68
2020-10-28, 14:34:54, 23.52, 48.71
2020-10-28, 14:34:56, 23.51, 48.71
2020-10-28, 14:34:57, 23.51, 48.71
2020-10-28, 14:34:58, 23.5, 48.71
2020-10-28, 14:35:00, 23.5, 48.71
2020-10-28, 14:35:01, 23.5, 48.74
2020-10-28, 14:35:02, 23.5, 48.74
2020-10-28, 14:35:04, 23.52, 48.71
2020-10-28, 14:35:05, 23.51, 48.74
2020-10-28, 14:35:06, 23.52, 48.74
2020-10-28, 14:35:08, 23.52, 48.71
2020-10-28, 14:35:09, 23.52, 48.71
2020-10-28, 14:35:10, 23.52, 48.71
2020-10-28, 14:35:12, 23.52, 48.71
2020-10-28, 14:35:13, 23.54, 48.71
2020-10-28, 14:35:15, 23.53, 48.71
2020-10-28, 14:35:16, 23.51, 48.71
2020-10-28, 14:35:17, 23.54, 48.68
2020-10-28, 14:35:19, 23.54, 48.71
2020-10-28, 14:35:20, 23.53, 48.71
2020-10-28, 14:35:21, 23.53, 48.71
2020-10-28, 14:35:23, 23.53, 48.68
2020-10-28, 14:35:24, 23.54, 48.68
2020-10-28, 14:35:25, 23.53, 48.71
2020-10-28, 14:35:27, 23.54, 48.68
2020-10-28, 14:35:28, 23.54, 48.71
2020-10-28, 14:35:29, 23.53, 48.71
2020-10-28, 14:35:31, 23.54, 48.71
2020-10-28, 14:35:32, 23.53, 48.71
2020-10-28, 14:35:34, 23.53, 48.71
2020-10-28, 14:35:35, 23.53, 48.71
2020-10-28, 14:35:36, 23.52, 48.71
2020-10-28, 14:35:38, 23.52, 48.71
2020-10-28, 14:35:39, 23.53, 48.68
2020-10-28, 14:35:40, 23.53, 48.68
2020-10-28, 14:35:42, 23.53, 48.71
2020-10-28, 14:35:43, 23.52, 48.71
2020-10-28, 14:35:44, 23.54, 48.68
2020-10-28, 14:35:46, 23.55, 48.72
2020-10-28, 14:35:47, 23.54, 48.68
2020-10-28, 14:35:48, 23.54, 48.71
2020-10-28, 14:35:50, 23.55, 48.68
2020-10-28, 14:35:51, 23.54, 48.71
2020-10-28, 14:35:53, 23.52, 48.71
2020-10-28, 14:35:54, 23.53, 48.68
2020-10-28, 14:35:55, 23.52, 48.68
2020-10-28, 14:35:57, 23.53, 48.68
2020-10-28, 14:35:58, 23.52, 48.68
2020-10-28, 14:35:59, 23.54, 48.68
2020-10-28, 14:36:01, 23.53, 48.68
2020-10-28, 14:36:02, 23.53, 48.68
2020-10-28, 14:36:03, 23.54, 48.71
2020-10-28, 14:36:05, 23.55, 48.68
2020-10-28, 14:36:06, 23.54, 48.71
2020-10-28, 14:36:07, 23.53, 48.71
2020-10-28, 14:36:09, 23.53, 48.71
2020-10-28, 14:36:10, 23.52, 48.71
2020-10-28, 14:36:12, 23.54, 48.71
2020-10-28, 14:36:13, 23.54, 48.71
2020-10-28, 14:36:14, 23.53, 48.71
2020-10-28, 14:36:16, 23.54, 48.71
2020-10-28, 14:36:17, 23.54, 48.71
2020-10-28, 14:36:18, 23.53, 48.71
2020-10-28, 14:36:20, 23.52, 48.71
2020-10-28, 14:36:21, 23.54, 48.71
2020-10-28, 14:36:22, 23.54, 48.71
2020-10-28, 14:36:24, 23.54, 48.68
2020-10-28, 14:36:25, 23.54, 48.71
2020-10-28, 14:36:26, 23.53, 48.71
2020-10-28, 14:36:28, 23.54, 48.71
2020-10-28, 14:36:29, 23.54, 48.71
2020-10-28, 14:36:31, 23.54, 48.71
2020-10-28, 14:36:32, 23.53, 48.68
2020-10-28, 14:36:33, 23.53, 48.68
2020-10-28, 14:36:35, 23.54, 48.71
2020-10-28, 14:36:36, 23.54, 48.71
2020-10-28, 14:36:37, 23.54, 48.71
2020-10-28, 14:36:39, 23.55, 48.72
2020-10-28, 14:36:40, 23.54, 48.71
2020-10-28, 14:36:41, 23.54, 48.71
2020-10-28, 14:36:43, 23.54, 48.71
2020-10-28, 14:36:44, 23.54, 48.71
2020-10-28, 14:36:45, 23.54, 48.71
2020-10-28, 14:36:47, 23.53, 48.71
2020-10-28, 14:36:48, 23.51, 48.71
2020-10-28, 14:36:50, 23.52, 48.71
2020-10-28, 14:36:51, 23.52, 48.71
2020-10-28, 14:36:52, 23.52, 48.71
2020-10-28, 14:36:54, 23.51, 48.71
2020-10-28, 14:36:55, 23.52, 48.71
2020-10-28, 14:36:56, 23.52, 48.74
2020-10-28, 14:36:58, 23.52, 48.74
2020-10-28, 14:36:59, 23.51, 48.74
2020-10-28, 14:37:00, 23.51, 48.77
2020-10-28, 14:37:02, 23.5, 48.74
2020-10-28, 14:37:03, 23.5, 48.74
2020-10-28, 14:37:04, 23.51, 48.74
2020-10-28, 14:37:06, 23.49, 48.74
2020-10-28, 14:37:07, 23.5, 48.74
2020-10-28, 14:37:09, 23.5, 48.71
2020-10-28, 14:37:10, 23.5, 48.74
2020-10-28, 14:37:11, 23.49, 48.74
2020-10-28, 14:37:13, 23.48, 48.74
2020-10-28, 14:37:14, 23.48, 48.74
2020-10-28, 14:37:15, 23.49, 48.74
2020-10-28, 14:37:17, 23.49, 48.77
2020-10-28, 14:37:18, 23.48, 48.74
2020-10-28, 14:37:19, 23.48, 48.74
2020-10-28, 14:37:21, 23.49, 48.74
2020-10-28, 14:37:22, 23.49, 48.77
2020-10-28, 14:37:23, 23.49, 48.77
2020-10-28, 14:37:25, 23.49, 48.77
2020-10-28, 14:37:26, 23.49, 48.74
2020-10-28, 14:37:27, 23.5, 48.77
2020-10-28, 14:37:29, 23.48, 48.74
2020-10-28, 14:37:30, 23.49, 48.74
2020-10-28, 14:37:32, 23.48, 48.74
2020-10-28, 14:37:33, 23.5, 48.74
2020-10-28, 14:37:34, 23.48, 48.74
2020-10-28, 14:37:36, 23.48, 48.74
2020-10-28, 14:37:37, 23.48, 48.77
2020-10-28, 14:37:38, 23.49, 48.77
2020-10-28, 14:37:40, 23.49, 48.74
2020-10-28, 14:37:41, 23.48, 48.74
2020-10-28, 14:37:42, 23.48, 48.74
2020-10-28, 14:37:44, 23.48, 48.74
2020-10-28, 14:37:45, 23.49, 48.77
2020-10-28, 14:37:46, 23.49, 48.74
2020-10-28, 14:37:48, 23.49, 48.77
2020-10-28, 14:37:49, 23.49, 48.77
2020-10-28, 14:37:51, 23.5, 48.71
2020-10-28, 14:37:52, 23.5, 48.74
2020-10-28, 14:37:53, 23.5, 48.71
2020-10-28, 14:37:55, 23.5, 48.74
2020-10-28, 14:37:56, 23.51, 48.74
2020-10-28, 14:37:57, 23.5, 48.74
2020-10-28, 14:37:59, 23.49, 48.74
2020-10-28, 14:38:00, 23.5, 48.74
2020-10-28, 14:38:01, 23.49, 48.74
2020-10-28, 14:38:03, 23.5, 48.74
2020-10-28, 14:38:04, 23.5, 48.74
2020-10-28, 14:38:05, 23.49, 48.74
2020-10-28, 14:38:07, 23.5, 48.77
2020-10-28, 14:38:08, 23.49, 48.74
2020-10-28, 14:38:11, 23.19, 48.86
2020-10-28, 14:38:13, 23.38, 48.98
2020-10-28, 14:38:14, 23.42, 49.02
2020-10-28, 14:38:15, 23.45, 48.96
2020-10-28, 14:38:17, 23.46, 48.96
2020-10-28, 14:38:18, 23.45, 48.89
2020-10-28, 14:38:20, 23.45, 48.89
2020-10-28, 14:38:21, 23.47, 48.9
2020-10-28, 14:38:22, 23.47, 48.86
2020-10-28, 14:38:24, 23.47, 48.83
2020-10-28, 14:38:25, 23.46, 48.83
2020-10-28, 14:38:26, 23.48, 48.83
2020-10-28, 14:38:28, 23.48, 48.83
2020-10-28, 14:38:29, 23.48, 48.8
2020-10-28, 14:38:30, 23.48, 48.83
2020-10-28, 14:38:32, 23.46, 48.83
2020-10-28, 14:38:33, 23.48, 48.8
2020-10-28, 14:38:34, 23.48, 48.83
2020-10-28, 14:38:36, 23.5, 48.77
2020-10-28, 14:38:37, 23.47, 48.8
2020-10-28, 14:38:39, 23.48, 48.8
2020-10-28, 14:38:40, 23.49, 48.77
2020-10-28, 14:38:41, 23.48, 48.77
2020-10-28, 14:38:43, 23.49, 48.77
2020-10-28, 14:38:44, 23.49, 48.77
2020-10-28, 14:38:45, 23.49, 48.77
2020-10-28, 14:38:47, 23.48, 48.77
2020-10-28, 14:38:48, 23.49, 48.77
2020-10-28, 14:38:49, 23.49, 48.77
2020-10-28, 14:38:51, 23.5, 48.77
2020-10-28, 14:38:52, 23.5, 48.77
2020-10-28, 14:38:54, 23.48, 48.77
2020-10-28, 14:38:55, 23.48, 48.77
2020-10-28, 14:38:56, 23.49, 48.77
2020-10-28, 14:38:58, 23.48, 48.74
2020-10-28, 14:38:59, 23.5, 48.74
2020-10-28, 14:39:00, 23.48, 48.77
2020-10-28, 14:39:02, 23.49, 48.74
2020-10-28, 14:39:03, 23.48, 48.74
2020-10-28, 14:39:04, 23.47, 48.74
2020-10-28, 14:39:06, 23.48, 48.74
2020-10-28, 14:39:07, 23.47, 48.74
2020-10-28, 14:39:08, 23.49, 48.74
2020-10-28, 14:39:10, 23.49, 48.74
2020-10-28, 14:39:11, 23.49, 48.74
2020-10-28, 14:39:12, 23.49, 48.74
2020-10-28, 14:39:14, 23.48, 48.74
2020-10-28, 14:39:15, 23.48, 48.74
2020-10-28, 14:39:17, 23.49, 48.74
2020-10-28, 14:39:18, 23.48, 48.74
2020-10-28, 14:39:19, 23.49, 48.71
2020-10-28, 14:39:21, 23.5, 48.71
2020-10-28, 14:39:22, 23.5, 48.71
2020-10-28, 14:39:23, 23.49, 48.71
2020-10-28, 14:39:25, 23.48, 48.71
2020-10-28, 14:39:26, 23.5, 48.71
2020-10-28, 14:39:27, 23.5, 48.71
2020-10-28, 14:39:29, 23.5, 48.71
2020-10-28, 14:39:30, 23.5, 48.71
2020-10-28, 14:39:32, 23.48, 48.74
2020-10-28, 14:39:33, 23.48, 48.71
2020-10-28, 14:39:34, 23.47, 48.71
2020-10-28, 14:39:36, 23.48, 48.71
2020-10-28, 14:39:37, 23.48, 48.71
2020-10-28, 14:39:38, 23.47, 48.71
2020-10-28, 14:39:40, 23.48, 48.71
2020-10-28, 14:39:41, 23.48, 48.71
2020-10-28, 14:39:42, 23.46, 48.74
2020-10-28, 14:39:44, 23.47, 48.74
2020-10-28, 14:39:45, 23.47, 48.74
2020-10-28, 14:39:46, 23.46, 48.7
2020-10-28, 14:39:48, 23.47, 48.71
2020-10-28, 14:39:49, 23.48, 48.74
2020-10-28, 14:39:51, 23.48, 48.74
2020-10-28, 14:39:52, 23.49, 48.74
2020-10-28, 14:39:53, 23.46, 48.74
2020-10-28, 14:39:55, 23.48, 48.71
2020-10-28, 14:39:56, 23.49, 48.74
2020-10-28, 14:39:57, 23.5, 48.71
2020-10-28, 14:39:59, 23.5, 48.71
2020-10-28, 14:40:00, 23.49, 48.71
2020-10-28, 14:40:01, 23.5, 48.71
2020-10-28, 14:40:03, 23.5, 48.71
2020-10-28, 14:40:04, 23.5, 48.68
2020-10-28, 14:40:05, 23.5, 48.68
2020-10-28, 14:40:07, 23.5, 48.68
2020-10-28, 14:40:08, 23.5, 48.68
2020-10-28, 14:40:10, 23.5, 48.68
2020-10-28, 14:40:11, 23.5, 48.68
2020-10-28, 14:40:12, 23.51, 48.68
2020-10-28, 14:40:14, 23.5, 48.68
2020-10-28, 14:40:15, 23.51, 48.68
2020-10-28, 14:40:16, 23.49, 48.68
2020-10-28, 14:40:18, 23.5, 48.65
2020-10-28, 14:40:19, 23.49, 48.68
2020-10-28, 14:40:20, 23.49, 48.64
2020-10-28, 14:40:22, 23.5, 48.68
2020-10-28, 14:40:23, 23.5, 48.68
2020-10-28, 14:40:24, 23.5, 48.68
2020-10-28, 14:40:26, 23.48, 48.67
2020-10-28, 14:40:27, 23.49, 48.64
2020-10-28, 14:40:29, 23.5, 48.68
2020-10-28, 14:40:30, 23.5, 48.68
2020-10-28, 14:40:31, 23.48, 48.67
2020-10-28, 14:40:33, 23.48, 48.67
2020-10-28, 14:40:34, 23.49, 48.68
2020-10-28, 14:40:35, 23.48, 48.71
2020-10-28, 14:40:37, 23.5, 48.68
2020-10-28, 14:40:38, 23.5, 48.65
2020-10-28, 14:40:39, 23.49, 48.64
2020-10-28, 14:40:41, 23.5, 48.68
2020-10-28, 14:40:42, 23.48, 48.64
2020-10-28, 14:40:43, 23.49, 48.64
2020-10-28, 14:40:45, 23.5, 48.65
2020-10-28, 14:40:46, 23.5, 48.65
2020-10-28, 14:40:47, 23.48, 48.64
2020-10-28, 14:40:49, 23.48, 48.64
2020-10-28, 14:40:50, 23.49, 48.68
2020-10-28, 14:40:52, 23.49, 48.64
2020-10-28, 14:40:53, 23.48, 48.64
2020-10-28, 14:40:54, 23.5, 48.65
2020-10-28, 14:40:56, 23.5, 48.65
2020-10-28, 14:40:57, 23.5, 48.65
2020-10-28, 14:40:58, 23.5, 48.65
2020-10-28, 14:41:00, 23.5, 48.65
2020-10-28, 14:41:01, 23.5, 48.65
2020-10-28, 14:41:02, 23.5, 48.65
2020-10-28, 14:41:04, 23.5, 48.65
2020-10-28, 14:41:05, 23.5, 48.65
2020-10-28, 14:41:06, 23.5, 48.65
2020-10-28, 14:41:08, 23.51, 48.65
2020-10-28, 14:41:09, 23.49, 48.64
2020-10-28, 14:41:11, 23.48, 48.64
2020-10-28, 14:41:12, 23.48, 48.64
2020-10-28, 14:41:13, 23.46, 48.67
2020-10-28, 14:41:15, 23.49, 48.64
2020-10-28, 14:41:16, 23.5, 48.65
2020-10-28, 14:41:17, 23.5, 48.65
2020-10-28, 14:41:19, 23.48, 48.64
2020-10-28, 14:41:20, 23.48, 48.64
2020-10-28, 14:41:21, 23.49, 48.64
2020-10-28, 14:41:23, 23.49, 48.64
2020-10-28, 14:41:24, 23.5, 48.65
2020-10-28, 14:41:26, 23.49, 48.64
2020-10-28, 14:41:27, 23.49, 48.64
2020-10-28, 14:41:28, 23.48, 48.64
2020-10-28, 14:41:30, 23.48, 48.67
2020-10-28, 14:41:31, 23.49, 48.64
2020-10-28, 14:41:32, 23.49, 48.68
2020-10-28, 14:41:34, 23.49, 48.64
2020-10-28, 14:41:35, 23.5, 48.65
2020-10-28, 14:41:36, 23.49, 48.64
2020-10-28, 14:41:38, 23.48, 48.64
2020-10-28, 14:41:39, 23.49, 48.64
2020-10-28, 14:41:40, 23.48, 48.64
2020-10-28, 14:41:42, 23.5, 48.65
2020-10-28, 14:41:43, 23.48, 48.64
2020-10-28, 14:41:44, 23.48, 48.64
2020-10-28, 14:41:46, 23.47, 48.64
2020-10-28, 14:41:47, 23.48, 48.64
2020-10-28, 14:41:49, 23.47, 48.64
2020-10-28, 14:41:50, 23.49, 48.64
2020-10-28, 14:41:51, 23.48, 48.64
2020-10-28, 14:41:53, 23.47, 48.64
2020-10-28, 14:41:54, 23.48, 48.64
2020-10-28, 14:41:55, 23.48, 48.64
2020-10-28, 14:41:57, 23.48, 48.64
2020-10-28, 14:41:58, 23.48, 48.64
2020-10-28, 14:41:59, 23.49, 48.64
2020-10-28, 14:42:01, 23.49, 48.64
2020-10-28, 14:42:02, 23.49, 48.61
2020-10-28, 14:42:03, 23.48, 48.64
2020-10-28, 14:42:05, 23.49, 48.61
2020-10-28, 14:42:06, 23.48, 48.61
2020-10-28, 14:42:08, 23.46, 48.61
2020-10-28, 14:42:09, 23.48, 48.61
2020-10-28, 14:42:10, 23.46, 48.61
2020-10-28, 14:42:12, 23.46, 48.61
2020-10-28, 14:42:13, 23.48, 48.61
2020-10-28, 14:42:14, 23.48, 48.64
2020-10-28, 14:42:16, 23.48, 48.61
2020-10-28, 14:42:17, 23.48, 48.61
2020-10-28, 14:42:18, 23.48, 48.64
2020-10-28, 14:42:20, 23.47, 48.64
2020-10-28, 14:42:21, 23.47, 48.61
2020-10-28, 14:42:23, 23.46, 48.61
2020-10-28, 14:42:24, 23.48, 48.64
2020-10-28, 14:42:25, 23.48, 48.64
2020-10-28, 14:42:27, 23.46, 48.64
2020-10-28, 14:42:28, 23.47, 48.61
2020-10-28, 14:42:29, 23.46, 48.61
2020-10-28, 14:42:31, 23.47, 48.61
2020-10-28, 14:42:32, 23.48, 48.61
2020-10-28, 14:42:33, 23.48, 48.61
2020-10-28, 14:42:35, 23.49, 48.61
2020-10-28, 14:42:36, 23.48, 48.61
2020-10-28, 14:42:37, 23.48, 48.58
2020-10-28, 14:42:39, 23.49, 48.58
2020-10-28, 14:42:40, 23.47, 48.58
2020-10-28, 14:42:41, 23.48, 48.58
2020-10-28, 14:42:43, 23.47, 48.58
2020-10-28, 14:42:44, 23.48, 48.61
2020-10-28, 14:42:46, 23.46, 48.61
2020-10-28, 14:42:47, 23.47, 48.61
2020-10-28, 14:42:48, 23.48, 48.61
2020-10-28, 14:42:50, 23.48, 48.61
2020-10-28, 14:42:51, 23.46, 48.61
2020-10-28, 14:42:52, 23.46, 48.58
2020-10-28, 14:42:54, 23.48, 48.61
2020-10-28, 14:42:55, 23.49, 48.61
2020-10-28, 14:42:56, 23.46, 48.61
2020-10-28, 14:42:58, 23.48, 48.61
2020-10-28, 14:42:59, 23.5, 48.58
2020-10-28, 14:43:00, 23.5, 48.58
2020-10-28, 14:43:02, 23.48, 48.58
2020-10-28, 14:43:03, 23.49, 48.58
2020-10-28, 14:43:05, 23.49, 48.58
2020-10-28, 14:43:06, 23.49, 48.58
2020-10-28, 14:43:07, 23.49, 48.58
2020-10-28, 14:43:09, 23.49, 48.58
2020-10-28, 14:43:10, 23.48, 48.58
2020-10-28, 14:43:11, 23.5, 48.58
2020-10-28, 14:43:13, 23.48, 48.58
2020-10-28, 14:43:14, 23.5, 48.58
2020-10-28, 14:43:15, 23.49, 48.58
2020-10-28, 14:43:17, 23.5, 48.58
2020-10-28, 14:43:18, 23.48, 48.55
2020-10-28, 14:43:20, 23.49, 48.58
2020-10-28, 14:43:21, 23.48, 48.58
2020-10-28, 14:43:22, 23.48, 48.58
2020-10-28, 14:43:24, 23.49, 48.58
2020-10-28, 14:43:25, 23.49, 48.58
2020-10-28, 14:43:26, 23.5, 48.55
2020-10-28, 14:43:28, 23.5, 48.58
2020-10-28, 14:43:29, 23.5, 48.55
2020-10-28, 14:43:30, 23.5, 48.58
2020-10-28, 14:43:32, 23.51, 48.55
2020-10-28, 14:43:33, 23.5, 48.55
2020-10-28, 14:43:34, 23.5, 48.55
2020-10-28, 14:43:36, 23.5, 48.55
2020-10-28, 14:43:37, 23.5, 48.55
2020-10-28, 14:43:39, 23.5, 48.55
2020-10-28, 14:43:40, 23.49, 48.52
2020-10-28, 14:43:41, 23.5, 48.58
2020-10-28, 14:43:43, 23.51, 48.52
2020-10-28, 14:43:44, 23.5, 48.52
2020-10-28, 14:43:45, 23.5, 48.52
2020-10-28, 14:43:47, 23.5, 48.52
2020-10-28, 14:43:48, 23.51, 48.52
2020-10-28, 14:43:49, 23.5, 48.52
2020-10-28, 14:43:51, 23.52, 48.52
2020-10-28, 14:43:52, 23.52, 48.52
2020-10-28, 14:43:54, 23.52, 48.52
2020-10-28, 14:43:55, 23.52, 48.52
2020-10-28, 14:43:56, 23.5, 48.49
2020-10-28, 14:43:58, 23.5, 48.52
2020-10-28, 14:43:59, 23.51, 48.52
2020-10-28, 14:44:00, 23.51, 48.52
2020-10-28, 14:44:02, 23.51, 48.49
2020-10-28, 14:44:03, 23.52, 48.49
2020-10-28, 14:44:04, 23.51, 48.52
2020-10-28, 14:44:06, 23.51, 48.49
2020-10-28, 14:44:07, 23.51, 48.49
2020-10-28, 14:44:08, 23.5, 48.49
2020-10-28, 14:44:10, 23.51, 48.49
2020-10-28, 14:44:11, 23.52, 48.49
2020-10-28, 14:44:12, 23.51, 48.46
2020-10-28, 14:44:14, 23.52, 48.46
2020-10-28, 14:44:15, 23.51, 48.46
2020-10-28, 14:44:17, 23.51, 48.46
2020-10-28, 14:44:18, 23.5, 48.45
2020-10-28, 14:44:19, 23.5, 48.45
2020-10-28, 14:44:21, 23.51, 48.46
2020-10-28, 14:44:22, 23.51, 48.46
2020-10-28, 14:44:23, 23.5, 48.45
2020-10-28, 14:44:25, 23.51, 48.46
2020-10-28, 14:44:26, 23.5, 48.45
2020-10-28, 14:44:27, 23.5, 48.45
2020-10-28, 14:44:29, 23.5, 48.45
2020-10-28, 14:44:30, 23.52, 48.46
2020-10-28, 14:44:31, 23.5, 48.45
2020-10-28, 14:44:33, 23.5, 48.45
2020-10-28, 14:44:34, 23.5, 48.45
2020-10-28, 14:44:36, 23.5, 48.45
2020-10-28, 14:44:37, 23.48, 48.45
2020-10-28, 14:44:38, 23.5, 48.45
2020-10-28, 14:44:40, 23.5, 48.45
2020-10-28, 14:44:41, 23.5, 48.45
2020-10-28, 14:44:42, 23.49, 48.45
2020-10-28, 14:44:44, 23.49, 48.45
2020-10-28, 14:44:45, 23.5, 48.42
2020-10-28, 14:44:46, 23.5, 48.45
2020-10-28, 14:44:48, 23.5, 48.45
2020-10-28, 14:44:49, 23.51, 48.46
2020-10-28, 14:44:50, 23.5, 48.45
2020-10-28, 14:44:52, 23.5, 48.45
2020-10-28, 14:44:53, 23.5, 48.45
2020-10-28, 14:44:54, 23.5, 48.45
2020-10-28, 14:44:56, 23.5, 48.42
2020-10-28, 14:44:57, 23.5, 48.45
2020-10-28, 14:44:59, 23.5, 48.45
2020-10-28, 14:45:00, 23.5, 48.45
2020-10-28, 14:45:01, 23.49, 48.45
2020-10-28, 14:45:03, 23.49, 48.45
2020-10-28, 14:45:04, 23.49, 48.45
2020-10-28, 14:45:05, 23.49, 48.45
2020-10-28, 14:45:07, 23.46, 48.45
2020-10-28, 14:45:08, 23.5, 48.45
2020-10-28, 14:45:09, 23.5, 48.45
2020-10-28, 14:45:11, 23.49, 48.45
2020-10-28, 14:45:12, 23.48, 48.45
2020-10-28, 14:45:13, 23.5, 48.45
2020-10-28, 14:45:15, 23.5, 48.45
2020-10-28, 14:45:16, 23.5, 48.45
2020-10-28, 14:45:18, 23.49, 48.45
2020-10-28, 14:45:19, 23.5, 48.45
2020-10-28, 14:45:20, 23.5, 48.45
2020-10-28, 14:45:22, 23.5, 48.45
2020-10-28, 14:45:23, 23.51, 48.46
2020-10-28, 14:45:24, 23.52, 48.46
2020-10-28, 14:45:26, 23.51, 48.42
2020-10-28, 14:45:27, 23.51, 48.42
2020-10-28, 14:45:28, 23.51, 48.39
2020-10-28, 14:45:30, 23.51, 48.39
2020-10-28, 14:45:31, 23.5, 48.42
2020-10-28, 14:45:32, 23.5, 48.39
2020-10-28, 14:45:34, 23.5, 48.42
2020-10-28, 14:45:35, 23.5, 48.42
2020-10-28, 14:45:36, 23.51, 48.39
2020-10-28, 14:45:38, 23.5, 48.39
2020-10-28, 14:45:39, 23.51, 48.39
2020-10-28, 14:45:41, 23.52, 48.39
2020-10-28, 14:45:42, 23.51, 48.39
2020-10-28, 14:45:43, 23.51, 48.42
2020-10-28, 14:45:45, 23.52, 48.39
2020-10-28, 14:45:46, 23.51, 48.39
2020-10-28, 14:45:47, 23.5, 48.39
2020-10-28, 14:45:49, 23.5, 48.39
2020-10-28, 14:45:50, 23.51, 48.39
2020-10-28, 14:45:51, 23.51, 48.36
2020-10-28, 14:45:53, 23.51, 48.36
2020-10-28, 14:45:54, 23.51, 48.39
2020-10-28, 14:45:55, 23.51, 48.36
2020-10-28, 14:45:57, 23.51, 48.39
2020-10-28, 14:45:58, 23.5, 48.39
2020-10-28, 14:46:00, 23.51, 48.39
2020-10-28, 14:46:01, 23.51, 48.36
2020-10-28, 14:46:02, 23.51, 48.36
2020-10-28, 14:46:04, 23.51, 48.39
2020-10-28, 14:46:05, 23.52, 48.36
2020-10-28, 14:46:06, 23.52, 48.36
2020-10-28, 14:46:08, 23.52, 48.36
2020-10-28, 14:46:09, 23.51, 48.36
2020-10-28, 14:46:10, 23.51, 48.36
2020-10-28, 14:46:12, 23.52, 48.36
2020-10-28, 14:46:13, 23.52, 48.36
2020-10-28, 14:46:14, 23.51, 48.39
2020-10-28, 14:46:16, 23.52, 48.39
2020-10-28, 14:46:17, 23.52, 48.36
2020-10-28, 14:46:19, 23.52, 48.36
2020-10-28, 14:46:20, 23.52, 48.33
2020-10-28, 14:46:21, 23.52, 48.33
2020-10-28, 14:46:23, 23.52, 48.33
2020-10-28, 14:46:24, 23.52, 48.33
2020-10-28, 14:46:25, 23.53, 48.33
2020-10-28, 14:46:27, 23.51, 48.33
2020-10-28, 14:46:28, 23.54, 48.33
2020-10-28, 14:46:29, 23.54, 48.33
2020-10-28, 14:46:31, 23.55, 48.3
2020-10-28, 14:46:32, 23.54, 48.3
2020-10-28, 14:46:33, 23.53, 48.3
2020-10-28, 14:46:35, 23.53, 48.3
2020-10-28, 14:46:36, 23.55, 48.27
2020-10-28, 14:46:37, 23.54, 48.27
2020-10-28, 14:46:39, 23.54, 48.27
2020-10-28, 14:46:40, 23.54, 48.27
2020-10-28, 14:46:42, 23.54, 48.3
2020-10-28, 14:46:43, 23.52, 48.27
2020-10-28, 14:46:44, 23.54, 48.3
2020-10-28, 14:46:46, 23.54, 48.27
2020-10-28, 14:46:47, 23.54, 48.27
2020-10-28, 14:46:48, 23.53, 48.27
2020-10-28, 14:46:50, 23.53, 48.27
2020-10-28, 14:46:51, 23.55, 48.27
2020-10-28, 14:46:52, 23.56, 48.27
2020-10-28, 14:46:54, 23.54, 48.27
2020-10-28, 14:46:55, 23.55, 48.27
2020-10-28, 14:46:57, 23.56, 48.24
2020-10-28, 14:46:58, 23.55, 48.24
2020-10-28, 14:46:59, 23.54, 48.27
2020-10-28, 14:47:01, 23.56, 48.24
2020-10-28, 14:47:02, 23.56, 48.24
2020-10-28, 14:47:03, 23.55, 48.21
2020-10-28, 14:47:05, 23.55, 48.24
2020-10-28, 14:47:06, 23.56, 48.21
2020-10-28, 14:47:07, 23.55, 48.24
2020-10-28, 14:47:09, 23.54, 48.24
2020-10-28, 14:47:10, 23.55, 48.21
2020-10-28, 14:47:11, 23.55, 48.24
2020-10-28, 14:47:13, 23.55, 48.21
2020-10-28, 14:47:14, 23.56, 48.24
2020-10-28, 14:47:16, 23.55, 48.21
2020-10-28, 14:47:17, 23.57, 48.21
2020-10-28, 14:47:18, 23.55, 48.21
2020-10-28, 14:47:20, 23.56, 48.21
2020-10-28, 14:47:21, 23.54, 48.2
2020-10-28, 14:47:22, 23.56, 48.21
2020-10-28, 14:47:24, 23.57, 48.21
2020-10-28, 14:47:25, 23.54, 48.2
2020-10-28, 14:47:26, 23.55, 48.21
2020-10-28, 14:47:28, 23.56, 48.21
2020-10-28, 14:47:29, 23.55, 48.21
2020-10-28, 14:47:30, 23.54, 48.2
2020-10-28, 14:47:32, 23.56, 48.21
2020-10-28, 14:47:33, 23.54, 48.2
2020-10-28, 14:47:35, 23.55, 48.21
2020-10-28, 14:47:36, 23.55, 48.21
2020-10-28, 14:47:37, 23.53, 48.2
2020-10-28, 14:47:39, 23.54, 48.2
2020-10-28, 14:47:40, 23.54, 48.2
2020-10-28, 14:47:41, 23.55, 48.21
2020-10-28, 14:47:43, 23.54, 48.2
2020-10-28, 14:47:44, 23.54, 48.2
2020-10-28, 14:47:45, 23.55, 48.21
2020-10-28, 14:47:47, 23.55, 48.21
2020-10-28, 14:47:48, 23.56, 48.21
2020-10-28, 14:47:49, 23.55, 48.21
2020-10-28, 14:47:51, 23.56, 48.18
2020-10-28, 14:47:52, 23.55, 48.21
2020-10-28, 14:47:54, 23.55, 48.21
2020-10-28, 14:47:55, 23.57, 48.21
2020-10-28, 14:47:56, 23.57, 48.21
2020-10-28, 14:47:58, 23.55, 48.21
2020-10-28, 14:47:59, 23.55, 48.21
2020-10-28, 14:48:00, 23.56, 48.21
2020-10-28, 14:48:02, 23.56, 48.21
2020-10-28, 14:48:03, 23.56, 48.21
2020-10-28, 14:48:04, 23.58, 48.21
2020-10-28, 14:48:06, 23.57, 48.18
2020-10-28, 14:48:07, 23.58, 48.15
2020-10-28, 14:48:08, 23.58, 48.18
2020-10-28, 14:48:10, 23.58, 48.18
2020-10-28, 14:48:11, 23.57, 48.18
2020-10-28, 14:48:13, 23.58, 48.18
2020-10-28, 14:48:14, 23.56, 48.14
2020-10-28, 14:48:15, 23.57, 48.14
2020-10-28, 14:48:17, 23.56, 48.14
2020-10-28, 14:48:18, 23.56, 48.14
2020-10-28, 14:48:19, 23.57, 48.14
2020-10-28, 14:48:21, 23.58, 48.15
2020-10-28, 14:48:22, 23.56, 48.14
2020-10-28, 14:48:23, 23.57, 48.14
2020-10-28, 14:48:25, 23.58, 48.15
2020-10-28, 14:48:26, 23.58, 48.15
2020-10-28, 14:48:27, 23.58, 48.15
2020-10-28, 14:48:29, 23.57, 48.14
2020-10-28, 14:48:30, 23.57, 48.14
2020-10-28, 14:48:32, 23.56, 48.14
2020-10-28, 14:48:33, 23.58, 48.11
2020-10-28, 14:48:34, 23.56, 48.11
2020-10-28, 14:48:36, 23.58, 48.15
2020-10-28, 14:48:37, 23.58, 48.15
2020-10-28, 14:48:38, 23.58, 48.15
2020-10-28, 14:48:40, 23.58, 48.15
2020-10-28, 14:48:41, 23.58, 48.15
2020-10-28, 14:48:42, 23.57, 48.11
2020-10-28, 14:48:44, 23.58, 48.11
2020-10-28, 14:48:45, 23.59, 48.08
2020-10-28, 14:48:46, 23.59, 48.08
2020-10-28, 14:48:48, 23.59, 48.12
2020-10-28, 14:48:49, 23.58, 48.11
2020-10-28, 14:48:51, 23.58, 48.08
2020-10-28, 14:48:52, 23.59, 48.08
2020-10-28, 14:48:53, 23.6, 48.08
2020-10-28, 14:48:55, 23.59, 48.08
2020-10-28, 14:48:56, 23.59, 48.08
2020-10-28, 14:48:57, 23.6, 48.08
2020-10-28, 14:48:59, 23.59, 48.08
2020-10-28, 14:49:00, 23.6, 48.08
2020-10-28, 14:49:01, 23.59, 48.08
2020-10-28, 14:49:03, 23.59, 48.08
2020-10-28, 14:49:04, 23.59, 48.05
2020-10-28, 14:49:05, 23.58, 48.08
2020-10-28, 14:49:07, 23.58, 48.08
2020-10-28, 14:49:08, 23.59, 48.08
2020-10-28, 14:49:09, 23.58, 48.08
2020-10-28, 14:49:11, 23.59, 48.08
2020-10-28, 14:49:12, 23.58, 48.05
2020-10-28, 14:49:14, 23.59, 48.08
2020-10-28, 14:49:15, 23.6, 48.08
2020-10-28, 14:49:16, 23.59, 48.05
2020-10-28, 14:49:18, 23.6, 48.08
2020-10-28, 14:49:19, 23.58, 48.08
2020-10-28, 14:49:20, 23.59, 48.08
2020-10-28, 14:49:22, 23.59, 48.08
2020-10-28, 14:49:23, 23.58, 48.08
2020-10-28, 14:49:24, 23.6, 48.08
2020-10-28, 14:49:26, 23.58, 48.08
2020-10-28, 14:49:27, 23.58, 48.08
2020-10-28, 14:49:28, 23.59, 48.08
2020-10-28, 14:49:30, 23.6, 48.08
2020-10-28, 14:49:31, 23.59, 48.08
2020-10-28, 14:49:33, 23.6, 48.05
2020-10-28, 14:49:34, 23.59, 48.08
2020-10-28, 14:49:35, 23.6, 48.08
2020-10-28, 14:49:37, 23.58, 48.08
2020-10-28, 14:49:38, 23.59, 48.08
2020-10-28, 14:49:39, 23.59, 48.08
2020-10-28, 14:49:41, 23.59, 48.08
2020-10-28, 14:49:42, 23.59, 48.08
2020-10-28, 14:49:43, 23.6, 48.08
2020-10-28, 14:49:45, 23.6, 48.08
2020-10-28, 14:49:46, 23.6, 48.08
2020-10-28, 14:49:47, 23.58, 48.08
2020-10-28, 14:49:49, 23.59, 48.08
2020-10-28, 14:49:50, 23.59, 48.08
2020-10-28, 14:49:52, 23.59, 48.08
2020-10-28, 14:49:53, 23.59, 48.08
2020-10-28, 14:49:54, 23.6, 48.08
2020-10-28, 14:49:56, 23.59, 48.08
2020-10-28, 14:49:57, 23.6, 48.05
2020-10-28, 14:49:58, 23.6, 48.08
2020-10-28, 14:50:00, 23.6, 48.08
2020-10-28, 14:50:01, 23.58, 48.08
2020-10-28, 14:50:02, 23.59, 48.05
2020-10-28, 14:50:04, 23.58, 48.08
2020-10-28, 14:50:05, 23.59, 48.08
2020-10-28, 14:50:06, 23.59, 48.05
2020-10-28, 14:50:08, 23.61, 48.05
2020-10-28, 14:50:09, 23.59, 48.08
2020-10-28, 14:50:11, 23.59, 48.05
2020-10-28, 14:50:12, 23.6, 48.08
2020-10-28, 14:50:13, 23.6, 48.08
2020-10-28, 14:50:15, 23.58, 48.08
2020-10-28, 14:50:16, 23.58, 48.08
2020-10-28, 14:50:17, 23.59, 48.08
2020-10-28, 14:50:19, 23.59, 48.08
2020-10-28, 14:50:20, 23.59, 48.08
2020-10-28, 14:50:21, 23.58, 48.08
2020-10-28, 14:50:23, 23.58, 48.08
2020-10-28, 14:50:24, 23.59, 48.08
2020-10-28, 14:50:25, 23.59, 48.08
2020-10-28, 14:50:27, 23.58, 48.08
2020-10-28, 14:50:28, 23.59, 48.12
2020-10-28, 14:50:29, 23.58, 48.11
2020-10-28, 14:50:31, 23.59, 48.12
2020-10-28, 14:50:32, 23.59, 48.08
2020-10-28, 14:50:34, 23.59, 48.08
2020-10-28, 14:50:35, 23.58, 48.08
2020-10-28, 14:50:36, 23.59, 48.08
2020-10-28, 14:50:38, 23.59, 48.08
2020-10-28, 14:50:39, 23.59, 48.08
2020-10-28, 14:50:40, 23.59, 48.12
2020-10-28, 14:50:42, 23.59, 48.12
2020-10-28, 14:50:43, 23.6, 48.12
2020-10-28, 14:50:44, 23.58, 48.08
2020-10-28, 14:50:46, 23.58, 48.11
2020-10-28, 14:50:47, 23.57, 48.11
2020-10-28, 14:50:48, 23.58, 48.11
2020-10-28, 14:50:50, 23.57, 48.11
2020-10-28, 14:50:51, 23.58, 48.15
2020-10-28, 14:50:53, 23.58, 48.15
2020-10-28, 14:50:54, 23.58, 48.15
2020-10-28, 14:50:55, 23.6, 48.12
2020-10-28, 14:50:57, 23.6, 48.15
2020-10-28, 14:50:58, 23.58, 48.11
2020-10-28, 14:50:59, 23.57, 48.14
2020-10-28, 14:51:01, 23.58, 48.15
2020-10-28, 14:51:02, 23.59, 48.15
2020-10-28, 14:51:03, 23.59, 48.12
2020-10-28, 14:51:05, 23.58, 48.11
2020-10-28, 14:51:06, 23.58, 48.11
2020-10-28, 14:51:07, 23.58, 48.15
2020-10-28, 14:51:09, 23.6, 48.15
2020-10-28, 14:51:10, 23.58, 48.15
2020-10-28, 14:51:12, 23.58, 48.11
2020-10-28, 14:51:13, 23.57, 48.11
2020-10-28, 14:51:14, 23.58, 48.15
2020-10-28, 14:51:16, 23.57, 48.14
2020-10-28, 14:51:17, 23.57, 48.14
2020-10-28, 14:51:18, 23.58, 48.15
2020-10-28, 14:51:20, 23.56, 48.14
2020-10-28, 14:51:21, 23.56, 48.14
2020-10-28, 14:51:22, 23.57, 48.14
2020-10-28, 14:51:24, 23.58, 48.15
2020-10-28, 14:51:25, 23.58, 48.15
2020-10-28, 14:51:26, 23.57, 48.14
2020-10-28, 14:51:28, 23.57, 48.14
2020-10-28, 14:51:29, 23.58, 48.15
2020-10-28, 14:51:31, 23.57, 48.14
2020-10-28, 14:51:32, 23.57, 48.14
2020-10-28, 14:51:33, 23.58, 48.15
2020-10-28, 14:51:35, 23.58, 48.15
2020-10-28, 14:51:36, 23.58, 48.15
2020-10-28, 14:51:37, 23.58, 48.15
2020-10-28, 14:51:39, 23.59, 48.15
2020-10-28, 14:51:40, 23.59, 48.15
2020-10-28, 14:51:41, 23.6, 48.12
2020-10-28, 14:51:43, 23.6, 48.15
2020-10-28, 14:51:44, 23.58, 48.15
2020-10-28, 14:51:45, 23.58, 48.11
2020-10-28, 14:51:47, 23.58, 48.11
2020-10-28, 14:51:48, 23.58, 48.15
2020-10-28, 14:51:49, 23.58, 48.15
2020-10-28, 14:51:51, 23.6, 48.15
2020-10-28, 14:51:52, 23.58, 48.15
2020-10-28, 14:51:54, 23.58, 48.15
2020-10-28, 14:51:55, 23.58, 48.15
2020-10-28, 14:51:56, 23.57, 48.14
2020-10-28, 14:51:58, 23.56, 48.14
2020-10-28, 14:51:59, 23.58, 48.15
2020-10-28, 14:52:00, 23.58, 48.15
2020-10-28, 14:52:02, 23.58, 48.15
2020-10-28, 14:52:03, 23.58, 48.15
2020-10-28, 14:52:04, 23.56, 48.14
2020-10-28, 14:52:06, 23.58, 48.15
2020-10-28, 14:52:07, 23.57, 48.18
2020-10-28, 14:52:08, 23.56, 48.14
2020-10-28, 14:52:10, 23.58, 48.18
2020-10-28, 14:52:11, 23.58, 48.15
2020-10-28, 14:52:13, 23.58, 48.18
2020-10-28, 14:52:14, 23.59, 48.21
2020-10-28, 14:52:15, 23.57, 48.21
2020-10-28, 14:52:17, 23.58, 48.18
2020-10-28, 14:52:18, 23.59, 48.21
2020-10-28, 14:52:19, 23.57, 48.21
2020-10-28, 14:52:21, 23.58, 48.18
2020-10-28, 14:52:22, 23.58, 48.18
2020-10-28, 14:52:23, 23.58, 48.18
2020-10-28, 14:52:25, 23.58, 48.18
2020-10-28, 14:52:26, 23.58, 48.21
2020-10-28, 14:52:27, 23.58, 48.18
2020-10-28, 14:52:29, 23.59, 48.21
2020-10-28, 14:52:30, 23.58, 48.18
2020-10-28, 14:52:32, 23.58, 48.21
2020-10-28, 14:52:33, 23.58, 48.21
2020-10-28, 14:52:34, 23.57, 48.21
2020-10-28, 14:52:36, 23.56, 48.21
2020-10-28, 14:52:37, 23.56, 48.21
2020-10-28, 14:52:38, 23.57, 48.24
2020-10-28, 14:52:40, 23.58, 48.24
2020-10-28, 14:52:41, 23.58, 48.24
2020-10-28, 14:52:42, 23.57, 48.21
2020-10-28, 14:52:44, 23.56, 48.24
2020-10-28, 14:52:45, 23.56, 48.24
2020-10-28, 14:52:46, 23.57, 48.24
2020-10-28, 14:52:48, 23.57, 48.24
2020-10-28, 14:52:49, 23.58, 48.24
2020-10-28, 14:52:50, 23.57, 48.21
2020-10-28, 14:52:52, 23.57, 48.24
2020-10-28, 14:52:53, 23.56, 48.24
2020-10-28, 14:52:55, 23.56, 48.24
2020-10-28, 14:52:56, 23.56, 48.21
2020-10-28, 14:52:57, 23.57, 48.24
2020-10-28, 14:52:59, 23.57, 48.27
2020-10-28, 14:53:00, 23.56, 48.27
2020-10-28, 14:53:01, 23.57, 48.27
2020-10-28, 14:53:03, 23.56, 48.27
2020-10-28, 14:53:04, 23.55, 48.27
2020-10-28, 14:53:05, 23.56, 48.3
2020-10-28, 14:53:07, 23.56, 48.3
2020-10-28, 14:53:08, 23.56, 48.3
2020-10-28, 14:53:09, 23.56, 48.3
2020-10-28, 14:53:11, 23.55, 48.27
2020-10-28, 14:53:12, 23.56, 48.3
2020-10-28, 14:53:13, 23.54, 48.3
2020-10-28, 14:53:15, 23.55, 48.33
2020-10-28, 14:53:16, 23.55, 48.3
2020-10-28, 14:53:18, 23.54, 48.33
2020-10-28, 14:53:19, 23.52, 48.33
2020-10-28, 14:53:20, 23.54, 48.33
2020-10-28, 14:53:22, 23.54, 48.33
2020-10-28, 14:53:23, 23.54, 48.33
2020-10-28, 14:53:24, 23.55, 48.33
2020-10-28, 14:53:26, 23.54, 48.33
2020-10-28, 14:53:27, 23.53, 48.33
2020-10-28, 14:53:28, 23.54, 48.33
2020-10-28, 14:53:30, 23.55, 48.33
2020-10-28, 14:53:31, 23.55, 48.33
2020-10-28, 14:53:32, 23.54, 48.33
2020-10-28, 14:53:34, 23.55, 48.33
2020-10-28, 14:53:35, 23.53, 48.33
2020-10-28, 14:53:37, 23.54, 48.33
2020-10-28, 14:53:38, 23.54, 48.36
2020-10-28, 14:53:39, 23.54, 48.4
2020-10-28, 14:53:41, 23.53, 48.39
2020-10-28, 14:53:42, 23.54, 48.4
2020-10-28, 14:53:43, 23.54, 48.4
2020-10-28, 14:53:45, 23.53, 48.39
2020-10-28, 14:53:46, 23.52, 48.39
2020-10-28, 14:53:47, 23.52, 48.43
2020-10-28, 14:53:49, 23.53, 48.39
2020-10-28, 14:53:50, 23.52, 48.39
2020-10-28, 14:53:51, 23.52, 48.43
2020-10-28, 14:53:53, 23.51, 48.39
2020-10-28, 14:53:54, 23.5, 48.42
2020-10-28, 14:53:56, 23.51, 48.42
2020-10-28, 14:54:01, 23.16, 48.73
2020-10-28, 14:54:02, 23.36, 48.82
2020-10-28, 14:54:03, 23.41, 48.82
2020-10-28, 14:54:07, 23.16, 48.86
2020-10-28, 14:54:08, 23.36, 48.95
2020-10-28, 14:54:09, 23.42, 48.92
2020-10-28, 14:54:11, 23.42, 48.86
2020-10-28, 14:54:12, 23.46, 48.83
2020-10-28, 14:54:13, 23.46, 48.77
2020-10-28, 14:54:15, 23.46, 48.74
2020-10-28, 14:54:16, 23.48, 48.71
2020-10-28, 14:54:17, 23.49, 48.71
2020-10-28, 14:54:19, 23.5, 48.65
2020-10-28, 14:54:20, 23.49, 48.61
2020-10-28, 14:54:22, 23.49, 48.61
2020-10-28, 14:54:23, 23.5, 48.61
2020-10-28, 14:54:24, 23.5, 48.58
2020-10-28, 14:54:26, 23.5, 48.58
2020-10-28, 14:54:27, 23.5, 48.55
2020-10-28, 14:54:28, 23.51, 48.58
2020-10-28, 14:54:30, 23.5, 48.58
2020-10-28, 14:54:31, 23.51, 48.58
2020-10-28, 14:54:32, 23.5, 48.58
2020-10-28, 14:54:34, 23.5, 48.55
2020-10-28, 14:54:35, 23.51, 48.58
2020-10-28, 14:54:36, 23.52, 48.58
2020-10-28, 14:54:38, 23.51, 48.58
2020-10-28, 14:54:39, 23.51, 48.55
2020-10-28, 14:54:40, 23.51, 48.58
2020-10-28, 14:54:42, 23.51, 48.55
2020-10-28, 14:54:43, 23.52, 48.55
2020-10-28, 14:54:45, 23.52, 48.58
2020-10-28, 14:54:46, 23.51, 48.58
2020-10-28, 14:54:50, 23.18, 48.8
2020-10-28, 14:54:52, 23.36, 48.95
2020-10-28, 14:54:53, 23.4, 48.95
2020-10-28, 14:54:54, 23.43, 48.92
2020-10-28, 14:54:56, 23.45, 48.89
2020-10-28, 14:54:57, 23.46, 48.83
2020-10-28, 14:54:58, 23.47, 48.83
2020-10-28, 14:55:00, 23.47, 48.77
2020-10-28, 14:55:01, 23.47, 48.77
2020-10-28, 14:55:02, 23.48, 48.77
2020-10-28, 14:55:04, 23.48, 48.74
2020-10-28, 14:55:05, 23.49, 48.71
2020-10-28, 14:55:07, 23.5, 48.71
2020-10-28, 14:55:08, 23.5, 48.71
2020-10-28, 14:55:09, 23.49, 48.68
2020-10-28, 14:55:11, 23.51, 48.68
2020-10-28, 14:55:12, 23.5, 48.65
2020-10-28, 14:55:13, 23.52, 48.65
2020-10-28, 14:55:15, 23.5, 48.65
2020-10-28, 14:55:16, 23.52, 48.65
2020-10-28, 14:55:17, 23.52, 48.62
2020-10-28, 14:55:19, 23.52, 48.65
2020-10-28, 14:55:20, 23.52, 48.65
2020-10-28, 14:55:21, 23.5, 48.61
2020-10-28, 14:55:23, 23.52, 48.58
2020-10-28, 14:55:24, 23.53, 48.59
2020-10-28, 14:55:26, 23.52, 48.58
2020-10-28, 14:55:27, 23.53, 48.59
2020-10-28, 14:55:28, 23.52, 48.62
2020-10-28, 14:55:30, 23.52, 48.62
2020-10-28, 14:55:31, 23.49, 48.58
2020-10-28, 14:55:32, 23.52, 48.58
2020-10-28, 14:55:34, 23.52, 48.62
2020-10-28, 14:55:35, 23.51, 48.58
2020-10-28, 14:55:36, 23.51, 48.61
2020-10-28, 14:55:38, 23.52, 48.62
2020-10-28, 14:55:39, 23.52, 48.58
2020-10-28, 14:55:40, 23.54, 48.59
2020-10-28, 14:55:42, 23.53, 48.59
2020-10-28, 14:55:43, 23.53, 48.59
2020-10-28, 14:55:45, 23.53, 48.59
2020-10-28, 14:55:46, 23.53, 48.59
2020-10-28, 14:55:47, 23.52, 48.58
2020-10-28, 14:55:49, 23.52, 48.58
2020-10-28, 14:55:50, 23.52, 48.58
2020-10-28, 14:55:51, 23.52, 48.58
2020-10-28, 14:55:53, 23.51, 48.65
2020-10-28, 14:55:54, 23.51, 48.61
2020-10-28, 14:55:55, 23.52, 48.62
2020-10-28, 14:55:57, 23.51, 48.61
2020-10-28, 14:55:58, 23.53, 48.65
2020-10-28, 14:55:59, 23.53, 48.65
2020-10-28, 14:56:01, 23.52, 48.65
2020-10-28, 14:56:02, 23.52, 48.65
2020-10-28, 14:56:03, 23.52, 48.65
2020-10-28, 14:56:05, 23.52, 48.65
2020-10-28, 14:56:06, 23.53, 48.62
2020-10-28, 14:56:08, 23.52, 48.65
2020-10-28, 14:56:09, 23.52, 48.65
2020-10-28, 14:56:10, 23.52, 48.65
2020-10-28, 14:56:12, 23.51, 48.65
2020-10-28, 14:56:13, 23.5, 48.65
2020-10-28, 14:56:14, 23.5, 48.65
2020-10-28, 14:56:16, 23.51, 48.68
2020-10-28, 14:56:17, 23.5, 48.68
2020-10-28, 14:56:18, 23.49, 48.71
2020-10-28, 14:56:20, 23.49, 48.71
2020-10-28, 14:56:21, 23.5, 48.71
2020-10-28, 14:56:23, 23.49, 48.71
2020-10-28, 14:56:24, 23.5, 48.74
2020-10-28, 14:56:25, 23.51, 48.71
2020-10-28, 14:56:27, 23.51, 48.71
2020-10-28, 14:56:28, 23.5, 48.71
2020-10-28, 14:56:29, 23.52, 48.71
2020-10-28, 14:56:31, 23.5, 48.74
2020-10-28, 14:56:32, 23.51, 48.74
2020-10-28, 14:56:33, 23.51, 48.74
2020-10-28, 14:56:35, 23.51, 48.71
2020-10-28, 14:56:36, 23.5, 48.74
2020-10-28, 14:56:37, 23.5, 48.74
2020-10-28, 14:56:39, 23.51, 48.77
2020-10-28, 14:56:40, 23.49, 48.77
2020-10-28, 14:56:41, 23.48, 48.77
2020-10-28, 14:56:43, 23.5, 48.77
2020-10-28, 14:56:44, 23.49, 48.77
2020-10-28, 14:56:46, 23.48, 48.77
2020-10-28, 14:56:47, 23.49, 48.77
2020-10-28, 14:56:48, 23.47, 48.77
2020-10-28, 14:56:50, 23.48, 48.77
2020-10-28, 14:56:51, 23.47, 48.77
2020-10-28, 14:56:52, 23.48, 48.8
2020-10-28, 14:56:54, 23.48, 48.77
2020-10-28, 14:56:55, 23.48, 48.8
2020-10-28, 14:56:56, 23.48, 48.8
2020-10-28, 14:56:58, 23.48, 48.8
2020-10-28, 14:56:59, 23.49, 48.77
2020-10-28, 14:57:00, 23.47, 48.77
2020-10-28, 14:57:02, 23.49, 48.8
2020-10-28, 14:57:03, 23.49, 48.8
2020-10-28, 14:57:04, 23.49, 48.8
2020-10-28, 14:57:06, 23.49, 48.8
2020-10-28, 14:57:07, 23.48, 48.8
2020-10-28, 14:57:09, 23.49, 48.8
2020-10-28, 14:57:10, 23.48, 48.83
2020-10-28, 14:57:11, 23.48, 48.8
2020-10-28, 14:57:13, 23.49, 48.8
2020-10-28, 14:57:14, 23.48, 48.83
2020-10-28, 14:57:15, 23.48, 48.83
2020-10-28, 14:57:17, 23.48, 48.83
2020-10-28, 14:57:18, 23.47, 48.83
2020-10-28, 14:57:19, 23.47, 48.83
2020-10-28, 14:57:21, 23.46, 48.83
2020-10-28, 14:57:22, 23.47, 48.83
2020-10-28, 14:57:23, 23.46, 48.83
2020-10-28, 14:57:25, 23.47, 48.86
2020-10-28, 14:57:26, 23.47, 48.83
2020-10-28, 14:57:28, 23.46, 48.83
2020-10-28, 14:57:29, 23.48, 48.87
2020-10-28, 14:57:30, 23.46, 48.86
2020-10-28, 14:57:32, 23.45, 48.83
2020-10-28, 14:57:33, 23.44, 48.83
2020-10-28, 14:57:34, 23.46, 48.86
2020-10-28, 14:57:36, 23.46, 48.86
2020-10-28, 14:57:37, 23.47, 48.86
2020-10-28, 14:57:38, 23.44, 48.89
2020-10-28, 14:57:40, 23.46, 48.86
2020-10-28, 14:57:41, 23.48, 48.9
2020-10-28, 14:57:42, 23.48, 48.87
2020-10-28, 14:57:44, 23.47, 48.86
2020-10-28, 14:57:45, 23.47, 48.86
2020-10-28, 14:57:47, 23.48, 48.87
2020-10-28, 14:57:48, 23.48, 48.87
2020-10-28, 14:57:49, 23.48, 48.87
2020-10-28, 14:57:51, 23.48, 48.83
2020-10-28, 14:57:52, 23.48, 48.87
2020-10-28, 14:57:53, 23.47, 48.86
2020-10-28, 14:57:55, 23.47, 48.83
2020-10-28, 14:57:56, 23.46, 48.86
2020-10-28, 14:57:57, 23.47, 48.86
2020-10-28, 14:57:59, 23.47, 48.86
2020-10-28, 14:58:00, 23.46, 48.86
2020-10-28, 14:58:01, 23.45, 48.86
2020-10-28, 14:58:03, 23.46, 48.86
2020-10-28, 14:58:04, 23.45, 48.86
2020-10-28, 14:58:05, 23.45, 48.89
2020-10-28, 14:58:07, 23.45, 48.89
2020-10-28, 14:58:08, 23.46, 48.9
2020-10-28, 14:58:10, 23.46, 48.9
2020-10-28, 14:58:11, 23.44, 48.89
2020-10-28, 14:58:12, 23.44, 48.89
2020-10-28, 14:58:14, 23.46, 48.9
2020-10-28, 14:58:15, 23.46, 48.9
2020-10-28, 14:58:16, 23.46, 48.9
2020-10-28, 14:58:18, 23.47, 48.9
2020-10-28, 14:58:19, 23.46, 48.9
2020-10-28, 14:58:20, 23.46, 48.9
2020-10-28, 14:58:22, 23.48, 48.9
2020-10-28, 14:58:23, 23.46, 48.86
2020-10-28, 14:58:25, 23.45, 48.86
2020-10-28, 14:58:26, 23.46, 48.86
2020-10-28, 14:58:27, 23.46, 48.9
2020-10-28, 14:58:29, 23.46, 48.9
2020-10-28, 14:58:30, 23.46, 48.9
2020-10-28, 14:58:31, 23.45, 48.89
2020-10-28, 14:58:33, 23.45, 48.89
2020-10-28, 14:58:34, 23.47, 48.9
2020-10-28, 14:58:35, 23.46, 48.9
2020-10-28, 14:58:37, 23.46, 48.9
2020-10-28, 14:58:38, 23.45, 48.89
2020-10-28, 14:58:39, 23.45, 48.89
2020-10-28, 14:58:41, 23.46, 48.9
2020-10-28, 14:58:42, 23.46, 48.9
2020-10-28, 14:58:44, 23.44, 48.89
2020-10-28, 14:58:45, 23.44, 48.89
2020-10-28, 14:58:46, 23.44, 48.92
2020-10-28, 14:58:48, 23.44, 48.92
2020-10-28, 14:58:49, 23.42, 48.95
2020-10-28, 14:58:50, 23.43, 48.92
2020-10-28, 14:58:52, 23.44, 48.92
2020-10-28, 14:58:53, 23.44, 48.96
2020-10-28, 14:58:54, 23.44, 48.96
2020-10-28, 14:58:56, 23.43, 48.95
2020-10-28, 14:58:57, 23.44, 48.96
2020-10-28, 14:58:58, 23.44, 48.96
2020-10-28, 14:59:00, 23.44, 48.96
2020-10-28, 14:59:01, 23.45, 48.93
2020-10-28, 14:59:03, 23.45, 48.96
2020-10-28, 14:59:04, 23.46, 48.93
2020-10-28, 14:59:05, 23.46, 48.93
2020-10-28, 14:59:07, 23.45, 48.93
2020-10-28, 14:59:08, 23.45, 48.93
2020-10-28, 14:59:09, 23.45, 48.93
2020-10-28, 14:59:11, 23.46, 48.93
2020-10-28, 14:59:12, 23.47, 48.93
2020-10-28, 14:59:13, 23.46, 48.9
2020-10-28, 14:59:15, 23.46, 48.93
2020-10-28, 14:59:16, 23.45, 48.89
2020-10-28, 14:59:17, 23.44, 48.89
2020-10-28, 14:59:19, 23.46, 48.9
2020-10-28, 14:59:20, 23.45, 48.89
2020-10-28, 14:59:22, 23.44, 48.89
2020-10-28, 14:59:23, 23.44, 48.89
2020-10-28, 14:59:24, 23.44, 48.89
2020-10-28, 14:59:26, 23.46, 48.9
2020-10-28, 14:59:27, 23.44, 48.89
2020-10-28, 14:59:28, 23.44, 48.92
2020-10-28, 14:59:30, 23.45, 48.93
2020-10-28, 14:59:31, 23.44, 48.89
2020-10-28, 14:59:32, 23.44, 48.92
2020-10-28, 14:59:34, 23.45, 48.93
2020-10-28, 14:59:35, 23.44, 48.92
2020-10-28, 14:59:36, 23.43, 48.92
2020-10-28, 14:59:38, 23.42, 48.95
2020-10-28, 14:59:39, 23.44, 48.92
2020-10-28, 14:59:41, 23.45, 48.93
2020-10-28, 14:59:42, 23.44, 48.92
2020-10-28, 14:59:43, 23.45, 48.93
2020-10-28, 14:59:45, 23.46, 48.93
2020-10-28, 14:59:46, 23.45, 48.93
2020-10-28, 14:59:47, 23.45, 48.93
2020-10-28, 14:59:49, 23.44, 48.89
2020-10-28, 14:59:50, 23.45, 48.93
2020-10-28, 14:59:51, 23.45, 48.93
2020-10-28, 14:59:53, 23.43, 48.89
2020-10-28, 14:59:54, 23.45, 48.93
2020-10-28, 14:59:55, 23.44, 48.92
2020-10-28, 14:59:57, 23.43, 48.92
2020-10-28, 14:59:58, 23.45, 48.96
2020-10-28, 15:00:00, 23.42, 48.92
2020-10-28, 15:00:01, 23.44, 48.92
2020-10-28, 15:00:02, 23.44, 48.92
2020-10-28, 15:00:04, 23.44, 48.92
2020-10-28, 15:00:05, 23.43, 48.95
2020-10-28, 15:00:06, 23.45, 48.93
2020-10-28, 15:00:08, 23.45, 48.93
2020-10-28, 15:00:09, 23.45, 48.93
2020-10-28, 15:00:10, 23.43, 48.92
2020-10-28, 15:00:12, 23.43, 48.92
2020-10-28, 15:00:13, 23.44, 48.92
2020-10-28, 15:00:14, 23.46, 48.9
2020-10-28, 15:00:16, 23.44, 48.92
2020-10-28, 15:00:17, 23.46, 48.93
2020-10-28, 15:00:19, 23.45, 48.93
2020-10-28, 15:00:20, 23.46, 48.93
2020-10-28, 15:00:21, 23.45, 48.93
2020-10-28, 15:00:23, 23.45, 48.93
2020-10-28, 15:00:24, 23.46, 48.93
2020-10-28, 15:00:25, 23.46, 48.93
2020-10-28, 15:00:27, 23.45, 48.93
2020-10-28, 15:00:28, 23.44, 48.89
2020-10-28, 15:00:29, 23.44, 48.92
2020-10-28, 15:00:31, 23.45, 48.89
2020-10-28, 15:00:32, 23.46, 48.93
2020-10-28, 15:00:33, 23.47, 48.93
2020-10-28, 15:00:35, 23.46, 48.9
2020-10-28, 15:00:36, 23.45, 48.89
2020-10-28, 15:00:38, 23.46, 48.9
2020-10-28, 15:00:39, 23.46, 48.9
2020-10-28, 15:00:40, 23.46, 48.93
2020-10-28, 15:00:42, 23.46, 48.9
2020-10-28, 15:00:43, 23.46, 48.93
2020-10-28, 15:00:44, 23.46, 48.9
2020-10-28, 15:00:46, 23.46, 48.9
2020-10-28, 15:00:47, 23.45, 48.89
2020-10-28, 15:00:48, 23.45, 48.89
2020-10-28, 15:00:50, 23.45, 48.86
2020-10-28, 15:00:51, 23.46, 48.9
2020-10-28, 15:00:52, 23.45, 48.89
2020-10-28, 15:00:54, 23.45, 48.89
2020-10-28, 15:00:55, 23.46, 48.9
2020-10-28, 15:00:56, 23.46, 48.9
2020-10-28, 15:00:58, 23.46, 48.9
2020-10-28, 15:00:59, 23.44, 48.89
2020-10-28, 15:01:01, 23.46, 48.9
2020-10-28, 15:01:02, 23.46, 48.9
2020-10-28, 15:01:03, 23.45, 48.89
2020-10-28, 15:01:05, 23.46, 48.9
2020-10-28, 15:01:06, 23.45, 48.89
2020-10-28, 15:01:07, 23.46, 48.86
2020-10-28, 15:01:09, 23.46, 48.86
2020-10-28, 15:01:10, 23.44, 48.86
2020-10-28, 15:01:11, 23.47, 48.86
2020-10-28, 15:01:13, 23.47, 48.86
2020-10-28, 15:01:14, 23.48, 48.9
2020-10-28, 15:01:16, 23.47, 48.9
2020-10-28, 15:01:17, 23.47, 48.86
2020-10-28, 15:01:18, 23.47, 48.86
2020-10-28, 15:01:20, 23.47, 48.86
2020-10-28, 15:01:21, 23.47, 48.86
2020-10-28, 15:01:22, 23.47, 48.83
2020-10-28, 15:01:24, 23.46, 48.86
2020-10-28, 15:01:25, 23.45, 48.86
2020-10-28, 15:01:26, 23.46, 48.86
2020-10-28, 15:01:28, 23.45, 48.86
2020-10-28, 15:01:29, 23.45, 48.86
2020-10-28, 15:01:30, 23.44, 48.89
2020-10-28, 15:01:32, 23.45, 48.89
2020-10-28, 15:01:33, 23.46, 48.9
2020-10-28, 15:01:35, 23.45, 48.89
2020-10-28, 15:01:36, 23.45, 48.89
2020-10-28, 15:01:37, 23.44, 48.89
2020-10-28, 15:01:39, 23.43, 48.89
2020-10-28, 15:01:40, 23.45, 48.89
2020-10-28, 15:01:41, 23.46, 48.86
2020-10-28, 15:01:43, 23.44, 48.86
2020-10-28, 15:01:44, 23.46, 48.9
2020-10-28, 15:01:45, 23.45, 48.86
2020-10-28, 15:01:47, 23.44, 48.89
2020-10-28, 15:01:48, 23.44, 48.89
2020-10-28, 15:01:49, 23.46, 48.9
2020-10-28, 15:01:51, 23.45, 48.89
2020-10-28, 15:01:52, 23.46, 48.9
2020-10-28, 15:01:54, 23.46, 48.9
2020-10-28, 15:01:55, 23.46, 48.86
2020-10-28, 15:01:56, 23.47, 48.86
2020-10-28, 15:01:58, 23.47, 48.86
2020-10-28, 15:01:59, 23.47, 48.86
2020-10-28, 15:02:00, 23.48, 48.83
2020-10-28, 15:02:02, 23.47, 48.83
2020-10-28, 15:02:03, 23.47, 48.83
2020-10-28, 15:02:04, 23.47, 48.83
2020-10-28, 15:02:06, 23.48, 48.87
2020-10-28, 15:02:07, 23.48, 48.83
2020-10-28, 15:02:08, 23.48, 48.83
2020-10-28, 15:02:10, 23.47, 48.83
2020-10-28, 15:02:11, 23.48, 48.83
2020-10-28, 15:02:13, 23.48, 48.83
2020-10-28, 15:02:14, 23.47, 48.83
2020-10-28, 15:02:15, 23.48, 48.83
2020-10-28, 15:02:17, 23.47, 48.83
2020-10-28, 15:02:18, 23.48, 48.83
2020-10-28, 15:02:19, 23.48, 48.8
2020-10-28, 15:02:21, 23.47, 48.83
2020-10-28, 15:02:22, 23.48, 48.83
2020-10-28, 15:02:23, 23.48, 48.8
2020-10-28, 15:02:25, 23.48, 48.8
2020-10-28, 15:02:26, 23.48, 48.83
2020-10-28, 15:02:28, 23.48, 48.83
2020-10-28, 15:02:29, 23.5, 48.8
2020-10-28, 15:02:30, 23.48, 48.8
2020-10-28, 15:02:32, 23.48, 48.77
2020-10-28, 15:02:33, 23.49, 48.8
2020-10-28, 15:02:34, 23.48, 48.8
2020-10-28, 15:02:36, 23.49, 48.77
2020-10-28, 15:02:37, 23.48, 48.8
2020-10-28, 15:02:38, 23.48, 48.77
2020-10-28, 15:02:40, 23.49, 48.77
2020-10-28, 15:02:41, 23.5, 48.77
2020-10-28, 15:02:42, 23.48, 48.8
2020-10-28, 15:02:44, 23.48, 48.8
2020-10-28, 15:02:45, 23.48, 48.77
2020-10-28, 15:02:47, 23.49, 48.8
2020-10-28, 15:02:48, 23.48, 48.77
2020-10-28, 15:02:49, 23.48, 48.77
2020-10-28, 15:02:51, 23.48, 48.77
2020-10-28, 15:02:52, 23.48, 48.77
2020-10-28, 15:02:53, 23.47, 48.77
2020-10-28, 15:02:55, 23.46, 48.77
2020-10-28, 15:02:56, 23.46, 48.77
2020-10-28, 15:02:57, 23.46, 48.77
2020-10-28, 15:02:59, 23.45, 48.77
2020-10-28, 15:03:00, 23.45, 48.8
2020-10-28, 15:03:02, 23.47, 48.77
2020-10-28, 15:03:03, 23.46, 48.8
2020-10-28, 15:03:04, 23.47, 48.77
2020-10-28, 15:03:06, 23.46, 48.77
2020-10-28, 15:03:07, 23.46, 48.8
2020-10-28, 15:03:08, 23.49, 48.8
2020-10-28, 15:03:10, 23.47, 48.77
2020-10-28, 15:03:11, 23.47, 48.8
2020-10-28, 15:03:12, 23.47, 48.8
2020-10-28, 15:03:14, 23.47, 48.77
2020-10-28, 15:03:15, 23.48, 48.77
2020-10-28, 15:03:16, 23.48, 48.77
2020-10-28, 15:03:18, 23.47, 48.77
2020-10-28, 15:03:19, 23.48, 48.77
2020-10-28, 15:03:20, 23.47, 48.77
2020-10-28, 15:03:22, 23.47, 48.77
2020-10-28, 15:03:23, 23.48, 48.77
2020-10-28, 15:03:25, 23.48, 48.77
2020-10-28, 15:03:26, 23.46, 48.77
2020-10-28, 15:03:27, 23.48, 48.77
2020-10-28, 15:03:29, 23.48, 48.77
2020-10-28, 15:03:30, 23.48, 48.77
2020-10-28, 15:03:31, 23.47, 48.74
2020-10-28, 15:03:33, 23.47, 48.77
2020-10-28, 15:03:34, 23.48, 48.77
2020-10-28, 15:03:35, 23.46, 48.74
2020-10-28, 15:03:37, 23.46, 48.77
2020-10-28, 15:03:38, 23.47, 48.74
2020-10-28, 15:03:39, 23.47, 48.74
2020-10-28, 15:03:41, 23.46, 48.77
2020-10-28, 15:03:42, 23.46, 48.74
2020-10-28, 15:03:44, 23.46, 48.74
2020-10-28, 15:03:45, 23.47, 48.77
2020-10-28, 15:03:46, 23.46, 48.77
2020-10-28, 15:03:48, 23.46, 48.74
2020-10-28, 15:03:49, 23.46, 48.77
2020-10-28, 15:03:50, 23.46, 48.77
2020-10-28, 15:03:52, 23.45, 48.73
2020-10-28, 15:03:53, 23.47, 48.77
2020-10-28, 15:03:54, 23.46, 48.77
2020-10-28, 15:03:56, 23.45, 48.77
2020-10-28, 15:03:57, 23.46, 48.77
2020-10-28, 15:03:59, 23.44, 48.73
2020-10-28, 15:04:00, 23.46, 48.77
2020-10-28, 15:04:01, 23.46, 48.77
2020-10-28, 15:04:03, 23.45, 48.77
2020-10-28, 15:04:04, 23.46, 48.77
2020-10-28, 15:04:05, 23.46, 48.77
2020-10-28, 15:04:07, 23.45, 48.77
2020-10-28, 15:04:08, 23.46, 48.77
2020-10-28, 15:04:09, 23.46, 48.77
2020-10-28, 15:04:11, 23.45, 48.73
2020-10-28, 15:04:12, 23.46, 48.77
2020-10-28, 15:04:13, 23.46, 48.74
2020-10-28, 15:04:15, 23.46, 48.74
2020-10-28, 15:04:16, 23.46, 48.77
2020-10-28, 15:04:18, 23.46, 48.74
2020-10-28, 15:04:19, 23.47, 48.77
2020-10-28, 15:04:20, 23.46, 48.74
2020-10-28, 15:04:22, 23.46, 48.77
2020-10-28, 15:04:23, 23.45, 48.7
2020-10-28, 15:04:24, 23.47, 48.71
2020-10-28, 15:04:26, 23.47, 48.71
2020-10-28, 15:04:27, 23.47, 48.71
2020-10-28, 15:04:28, 23.47, 48.71
2020-10-28, 15:04:30, 23.47, 48.71
2020-10-28, 15:04:31, 23.46, 48.7
2020-10-28, 15:04:32, 23.46, 48.7
2020-10-28, 15:04:34, 23.46, 48.7
2020-10-28, 15:04:35, 23.45, 48.7
2020-10-28, 15:04:37, 23.46, 48.7
2020-10-28, 15:04:38, 23.46, 48.7
2020-10-28, 15:04:39, 23.48, 48.71
2020-10-28, 15:04:41, 23.48, 48.71
2020-10-28, 15:04:42, 23.46, 48.7
2020-10-28, 15:04:43, 23.46, 48.7
2020-10-28, 15:04:45, 23.46, 48.7
2020-10-28, 15:04:46, 23.46, 48.67
2020-10-28, 15:04:47, 23.45, 48.67
2020-10-28, 15:04:49, 23.46, 48.67
2020-10-28, 15:04:50, 23.46, 48.7
2020-10-28, 15:04:51, 23.45, 48.67
2020-10-28, 15:04:53, 23.46, 48.67
2020-10-28, 15:04:54, 23.46, 48.67
2020-10-28, 15:04:56, 23.47, 48.67
2020-10-28, 15:04:57, 23.46, 48.67
2020-10-28, 15:04:58, 23.47, 48.67
2020-10-28, 15:05:00, 23.47, 48.67
2020-10-28, 15:05:01, 23.46, 48.64
2020-10-28, 15:05:02, 23.46, 48.67
2020-10-28, 15:05:04, 23.47, 48.67
2020-10-28, 15:05:05, 23.46, 48.64
2020-10-28, 15:05:06, 23.46, 48.64
2020-10-28, 15:05:08, 23.46, 48.67
2020-10-28, 15:05:09, 23.46, 48.67
2020-10-28, 15:05:10, 23.46, 48.67
2020-10-28, 15:05:12, 23.46, 48.67
2020-10-28, 15:05:13, 23.46, 48.64
2020-10-28, 15:05:15, 23.46, 48.67
2020-10-28, 15:05:16, 23.46, 48.67
2020-10-28, 15:05:17, 23.45, 48.64
2020-10-28, 15:05:19, 23.45, 48.67
2020-10-28, 15:05:20, 23.44, 48.7
2020-10-28, 15:05:21, 23.46, 48.7
2020-10-28, 15:05:23, 23.44, 48.67
2020-10-28, 15:05:24, 23.46, 48.67
2020-10-28, 15:05:25, 23.45, 48.67
2020-10-28, 15:05:27, 23.46, 48.67
2020-10-28, 15:05:28, 23.46, 48.67
2020-10-28, 15:05:29, 23.46, 48.64
2020-10-28, 15:05:31, 23.46, 48.64
2020-10-28, 15:05:32, 23.47, 48.67
2020-10-28, 15:05:34, 23.46, 48.64
2020-10-28, 15:05:35, 23.45, 48.64
2020-10-28, 15:05:36, 23.46, 48.67
2020-10-28, 15:05:38, 23.46, 48.64
2020-10-28, 15:05:39, 23.46, 48.67
2020-10-28, 15:05:40, 23.46, 48.64
2020-10-28, 15:05:42, 23.46, 48.64
2020-10-28, 15:05:43, 23.44, 48.67
2020-10-28, 15:05:44, 23.45, 48.64
2020-10-28, 15:05:46, 23.46, 48.67
2020-10-28, 15:05:47, 23.48, 48.64
2020-10-28, 15:05:48, 23.47, 48.64
2020-10-28, 15:05:50, 23.48, 48.64
2020-10-28, 15:05:51, 23.48, 48.64
2020-10-28, 15:05:53, 23.48, 48.64
2020-10-28, 15:05:54, 23.46, 48.64
2020-10-28, 15:05:55, 23.48, 48.61
2020-10-28, 15:05:57, 23.47, 48.64
2020-10-28, 15:05:58, 23.48, 48.61
2020-10-28, 15:05:59, 23.48, 48.61
2020-10-28, 15:06:01, 23.49, 48.61
2020-10-28, 15:06:02, 23.49, 48.64
2020-10-28, 15:06:03, 23.48, 48.61
2020-10-28, 15:06:05, 23.49, 48.61
2020-10-28, 15:06:06, 23.49, 48.58
2020-10-28, 15:06:07, 23.49, 48.61
2020-10-28, 15:06:09, 23.48, 48.58
2020-10-28, 15:06:10, 23.48, 48.58
2020-10-28, 15:06:12, 23.49, 48.58
2020-10-28, 15:06:13, 23.48, 48.58
2020-10-28, 15:06:14, 23.5, 48.61
2020-10-28, 15:06:16, 23.49, 48.61
2020-10-28, 15:06:17, 23.49, 48.61
2020-10-28, 15:06:18, 23.48, 48.58
2020-10-28, 15:06:20, 23.48, 48.58
2020-10-28, 15:06:21, 23.48, 48.58
2020-10-28, 15:06:22, 23.48, 48.58
2020-10-28, 15:06:24, 23.48, 48.58
2020-10-28, 15:06:25, 23.49, 48.61
2020-10-28, 15:06:26, 23.49, 48.58
2020-10-28, 15:06:28, 23.48, 48.58
2020-10-28, 15:06:29, 23.48, 48.58
2020-10-28, 15:06:31, 23.47, 48.58
2020-10-28, 15:06:32, 23.48, 48.58
2020-10-28, 15:06:33, 23.48, 48.58
2020-10-28, 15:06:35, 23.48, 48.58
2020-10-28, 15:06:36, 23.49, 48.58
2020-10-28, 15:06:37, 23.5, 48.58
2020-10-28, 15:06:39, 23.48, 48.58
2020-10-28, 15:06:40, 23.5, 48.58
2020-10-28, 15:06:41, 23.49, 48.58
2020-10-28, 15:06:43, 23.49, 48.58
2020-10-28, 15:06:44, 23.51, 48.58
2020-10-28, 15:06:45, 23.5, 48.55
2020-10-28, 15:06:47, 23.49, 48.58
2020-10-28, 15:06:48, 23.5, 48.55
2020-10-28, 15:06:50, 23.51, 48.55
2020-10-28, 15:06:51, 23.51, 48.55
2020-10-28, 15:06:52, 23.5, 48.52
2020-10-28, 15:06:54, 23.52, 48.52
2020-10-28, 15:06:55, 23.52, 48.55
2020-10-28, 15:06:56, 23.52, 48.52
2020-10-28, 15:06:58, 23.52, 48.52
2020-10-28, 15:06:59, 23.51, 48.52
2020-10-28, 15:07:00, 23.51, 48.52
2020-10-28, 15:07:02, 23.52, 48.49
2020-10-28, 15:07:03, 23.53, 48.52
2020-10-28, 15:07:04, 23.52, 48.52
2020-10-28, 15:07:06, 23.53, 48.49
2020-10-28, 15:07:07, 23.52, 48.49
2020-10-28, 15:07:08, 23.52, 48.46
2020-10-28, 15:07:10, 23.52, 48.46
2020-10-28, 15:07:11, 23.53, 48.46
2020-10-28, 15:07:13, 23.53, 48.46
2020-10-28, 15:07:14, 23.52, 48.49
2020-10-28, 15:07:15, 23.52, 48.46
2020-10-28, 15:07:17, 23.53, 48.46
2020-10-28, 15:07:18, 23.52, 48.46
2020-10-28, 15:07:19, 23.52, 48.46
2020-10-28, 15:07:21, 23.52, 48.46
2020-10-28, 15:07:22, 23.52, 48.46
2020-10-28, 15:07:23, 23.52, 48.46
2020-10-28, 15:07:25, 23.53, 48.46
2020-10-28, 15:07:26, 23.52, 48.46
2020-10-28, 15:07:27, 23.52, 48.46
2020-10-28, 15:07:29, 23.52, 48.46
2020-10-28, 15:07:30, 23.52, 48.46
2020-10-28, 15:07:32, 23.53, 48.46
2020-10-28, 15:07:33, 23.53, 48.46
2020-10-28, 15:07:34, 23.54, 48.46
2020-10-28, 15:07:36, 23.54, 48.46
2020-10-28, 15:07:37, 23.53, 48.46
2020-10-28, 15:07:38, 23.54, 48.46
2020-10-28, 15:07:40, 23.52, 48.43
2020-10-28, 15:07:41, 23.52, 48.46
2020-10-28, 15:07:42, 23.54, 48.46
2020-10-28, 15:07:44, 23.53, 48.46
2020-10-28, 15:07:45, 23.52, 48.46
2020-10-28, 15:07:46, 23.53, 48.46
2020-10-28, 15:07:48, 23.54, 48.46
2020-10-28, 15:07:49, 23.54, 48.46
2020-10-28, 15:07:51, 23.55, 48.43
2020-10-28, 15:07:52, 23.54, 48.43
2020-10-28, 15:07:53, 23.55, 48.43
2020-10-28, 15:07:55, 23.56, 48.43
2020-10-28, 15:07:56, 23.55, 48.43
2020-10-28, 15:07:57, 23.56, 48.43
2020-10-28, 15:07:59, 23.54, 48.4
2020-10-28, 15:08:00, 23.55, 48.4
2020-10-28, 15:08:01, 23.53, 48.39
2020-10-28, 15:08:03, 23.54, 48.4
2020-10-28, 15:08:04, 23.54, 48.43
2020-10-28, 15:08:05, 23.53, 48.43
2020-10-28, 15:08:07, 23.52, 48.43
2020-10-28, 15:08:08, 23.54, 48.43
2020-10-28, 15:08:10, 23.54, 48.43
2020-10-28, 15:08:11, 23.55, 48.43
2020-10-28, 15:08:12, 23.54, 48.43
2020-10-28, 15:08:14, 23.55, 48.4
2020-10-28, 15:08:15, 23.53, 48.43
2020-10-28, 15:08:16, 23.53, 48.43
2020-10-28, 15:08:18, 23.53, 48.39
2020-10-28, 15:08:19, 23.54, 48.43
2020-10-28, 15:08:20, 23.53, 48.39
2020-10-28, 15:08:22, 23.53, 48.43
2020-10-28, 15:08:23, 23.54, 48.43
2020-10-28, 15:08:24, 23.54, 48.4
2020-10-28, 15:08:26, 23.54, 48.4
2020-10-28, 15:08:27, 23.54, 48.43
2020-10-28, 15:08:28, 23.52, 48.39
2020-10-28, 15:08:30, 23.54, 48.4
2020-10-28, 15:08:31, 23.54, 48.4
2020-10-28, 15:08:33, 23.54, 48.4
2020-10-28, 15:08:34, 23.54, 48.4
2020-10-28, 15:08:35, 23.54, 48.4
2020-10-28, 15:08:37, 23.53, 48.39
2020-10-28, 15:08:38, 23.55, 48.4
2020-10-28, 15:08:39, 23.54, 48.4
2020-10-28, 15:08:41, 23.55, 48.4
2020-10-28, 15:08:42, 23.56, 48.4
2020-10-28, 15:08:43, 23.56, 48.4
2020-10-28, 15:08:45, 23.56, 48.4
2020-10-28, 15:08:46, 23.56, 48.37
2020-10-28, 15:08:47, 23.56, 48.37
2020-10-28, 15:08:49, 23.57, 48.34
2020-10-28, 15:08:50, 23.57, 48.34
2020-10-28, 15:08:52, 23.57, 48.34
2020-10-28, 15:08:53, 23.58, 48.34
2020-10-28, 15:08:54, 23.58, 48.34
2020-10-28, 15:08:56, 23.57, 48.34
2020-10-28, 15:08:57, 23.58, 48.34
2020-10-28, 15:08:58, 23.57, 48.34
2020-10-28, 15:09:00, 23.58, 48.34
2020-10-28, 15:09:01, 23.56, 48.3
2020-10-28, 15:09:02, 23.57, 48.3
2020-10-28, 15:09:04, 23.56, 48.3
2020-10-28, 15:09:05, 23.56, 48.3
2020-10-28, 15:09:06, 23.56, 48.3
2020-10-28, 15:09:08, 23.56, 48.27
2020-10-28, 15:09:09, 23.57, 48.3
2020-10-28, 15:09:11, 23.58, 48.31
2020-10-28, 15:09:12, 23.56, 48.27
2020-10-28, 15:09:13, 23.58, 48.31
2020-10-28, 15:09:15, 23.59, 48.31
2020-10-28, 15:09:16, 23.59, 48.27
2020-10-28, 15:09:17, 23.58, 48.27
2020-10-28, 15:09:19, 23.59, 48.27
2020-10-28, 15:09:20, 23.58, 48.27
2020-10-28, 15:09:21, 23.59, 48.27
2020-10-28, 15:09:23, 23.58, 48.27
2020-10-28, 15:09:24, 23.58, 48.27
2020-10-28, 15:09:25, 23.56, 48.27
2020-10-28, 15:09:27, 23.57, 48.27
2020-10-28, 15:09:28, 23.57, 48.27
2020-10-28, 15:09:30, 23.56, 48.27
2020-10-28, 15:09:31, 23.58, 48.24
2020-10-28, 15:09:32, 23.58, 48.24
2020-10-28, 15:09:34, 23.58, 48.27
2020-10-28, 15:09:35, 23.59, 48.27
2020-10-28, 15:09:36, 23.58, 48.24
2020-10-28, 15:09:38, 23.59, 48.24
2020-10-28, 15:09:39, 23.59, 48.24
2020-10-28, 15:09:40, 23.59, 48.24
2020-10-28, 15:09:42, 23.59, 48.24
2020-10-28, 15:09:43, 23.6, 48.24
2020-10-28, 15:09:45, 23.6, 48.21
2020-10-28, 15:09:46, 23.6, 48.21
2020-10-28, 15:09:47, 23.6, 48.21
2020-10-28, 15:09:49, 23.6, 48.21
2020-10-28, 15:09:50, 23.6, 48.21
2020-10-28, 15:09:51, 23.6, 48.21
2020-10-28, 15:09:53, 23.61, 48.21
2020-10-28, 15:09:54, 23.6, 48.18
2020-10-28, 15:09:55, 23.58, 48.21
2020-10-28, 15:09:57, 23.6, 48.18
2020-10-28, 15:09:58, 23.6, 48.21
2020-10-28, 15:09:59, 23.59, 48.18
2020-10-28, 15:10:01, 23.6, 48.18
2020-10-28, 15:10:02, 23.6, 48.18
2020-10-28, 15:10:04, 23.6, 48.18
2020-10-28, 15:10:05, 23.61, 48.21
2020-10-28, 15:10:06, 23.6, 48.18
2020-10-28, 15:10:08, 23.6, 48.18
2020-10-28, 15:10:09, 23.61, 48.15
2020-10-28, 15:10:10, 23.6, 48.15
2020-10-28, 15:10:12, 23.6, 48.15
2020-10-28, 15:10:13, 23.6, 48.15
2020-10-28, 15:10:14, 23.6, 48.15
2020-10-28, 15:10:16, 23.61, 48.15
2020-10-28, 15:10:17, 23.61, 48.15
2020-10-28, 15:10:18, 23.62, 48.15
2020-10-28, 15:10:20, 23.6, 48.15
2020-10-28, 15:10:21, 23.6, 48.15
2020-10-28, 15:10:23, 23.62, 48.15
2020-10-28, 15:10:24, 23.63, 48.15
2020-10-28, 15:10:25, 23.63, 48.15
2020-10-28, 15:10:27, 23.62, 48.15
2020-10-28, 15:10:28, 23.62, 48.15
2020-10-28, 15:10:29, 23.63, 48.15
2020-10-28, 15:10:31, 23.63, 48.15
2020-10-28, 15:10:32, 23.63, 48.12
2020-10-28, 15:10:33, 23.62, 48.12
2020-10-28, 15:10:35, 23.64, 48.12
2020-10-28, 15:10:36, 23.63, 48.12
2020-10-28, 15:10:37, 23.64, 48.12
2020-10-28, 15:10:39, 23.62, 48.12
2020-10-28, 15:10:40, 23.62, 48.12
2020-10-28, 15:10:42, 23.62, 48.15
2020-10-28, 15:10:43, 23.62, 48.15
2020-10-28, 15:10:44, 23.62, 48.12
2020-10-28, 15:10:46, 23.63, 48.12
2020-10-28, 15:10:47, 23.62, 48.12
2020-10-28, 15:10:48, 23.62, 48.12
2020-10-28, 15:10:50, 23.64, 48.09
2020-10-28, 15:10:51, 23.64, 48.09
2020-10-28, 15:10:52, 23.62, 48.09
2020-10-28, 15:10:54, 23.63, 48.09
2020-10-28, 15:10:55, 23.64, 48.09
2020-10-28, 15:10:56, 23.63, 48.09
2020-10-28, 15:10:58, 23.63, 48.09
2020-10-28, 15:10:59, 23.62, 48.09
2020-10-28, 15:11:01, 23.61, 48.09
2020-10-28, 15:11:02, 23.62, 48.09
2020-10-28, 15:11:03, 23.62, 48.09
2020-10-28, 15:11:05, 23.62, 48.09
2020-10-28, 15:11:06, 23.64, 48.09
2020-10-28, 15:11:07, 23.62, 48.09
2020-10-28, 15:11:09, 23.6, 48.08
2020-10-28, 15:11:10, 23.62, 48.09
2020-10-28, 15:11:11, 23.62, 48.09
2020-10-28, 15:11:13, 23.64, 48.09
2020-10-28, 15:11:14, 23.62, 48.09
2020-10-28, 15:11:15, 23.63, 48.09
2020-10-28, 15:11:17, 23.62, 48.09
2020-10-28, 15:11:18, 23.63, 48.09
2020-10-28, 15:11:19, 23.62, 48.09
2020-10-28, 15:11:21, 23.63, 48.09
2020-10-28, 15:11:22, 23.62, 48.09
2020-10-28, 15:11:24, 23.63, 48.09
2020-10-28, 15:11:25, 23.64, 48.06
2020-10-28, 15:11:26, 23.62, 48.09
2020-10-28, 15:11:28, 23.62, 48.06
2020-10-28, 15:11:29, 23.64, 48.09
2020-10-28, 15:11:30, 23.63, 48.09
2020-10-28, 15:11:32, 23.62, 48.06
2020-10-28, 15:11:33, 23.62, 48.06
2020-10-28, 15:11:34, 23.62, 48.09
2020-10-28, 15:11:36, 23.63, 48.09
2020-10-28, 15:11:37, 23.6, 48.05
2020-10-28, 15:11:39, 23.62, 48.09
2020-10-28, 15:11:40, 23.62, 48.09
2020-10-28, 15:11:41, 23.63, 48.09
2020-10-28, 15:11:43, 23.61, 48.09
2020-10-28, 15:11:44, 23.62, 48.12
2020-10-28, 15:11:45, 23.61, 48.12
2020-10-28, 15:11:47, 23.62, 48.09
2020-10-28, 15:11:48, 23.62, 48.09
2020-10-28, 15:11:49, 23.62, 48.09
2020-10-28, 15:11:51, 23.64, 48.09
2020-10-28, 15:11:52, 23.62, 48.09
2020-10-28, 15:11:53, 23.64, 48.09
2020-10-28, 15:11:55, 23.63, 48.09
2020-10-28, 15:11:56, 23.62, 48.09
2020-10-28, 15:11:57, 23.63, 48.09
2020-10-28, 15:11:59, 23.63, 48.09
2020-10-28, 15:12:00, 23.64, 48.09
2020-10-28, 15:12:02, 23.62, 48.09
2020-10-28, 15:12:03, 23.64, 48.09
2020-10-28, 15:12:04, 23.64, 48.09
2020-10-28, 15:12:06, 23.63, 48.09
2020-10-28, 15:12:07, 23.64, 48.09
2020-10-28, 15:12:08, 23.62, 48.06
2020-10-28, 15:12:10, 23.64, 48.06
2020-10-28, 15:12:11, 23.64, 48.06
2020-10-28, 15:12:12, 23.64, 48.06
2020-10-28, 15:12:14, 23.64, 48.06
2020-10-28, 15:12:15, 23.64, 48.06
2020-10-28, 15:12:16, 23.64, 48.03
2020-10-28, 15:12:18, 23.62, 48.09
2020-10-28, 15:12:19, 23.63, 48.06
2020-10-28, 15:12:21, 23.62, 48.06
2020-10-28, 15:12:22, 23.63, 48.09
2020-10-28, 15:12:23, 23.64, 48.09
2020-10-28, 15:12:25, 23.62, 48.09
2020-10-28, 15:12:26, 23.62, 48.06
2020-10-28, 15:12:27, 23.61, 48.05
2020-10-28, 15:12:29, 23.62, 48.06
2020-10-28, 15:12:30, 23.62, 48.09
2020-10-28, 15:12:31, 23.63, 48.09
2020-10-28, 15:12:33, 23.62, 48.06
2020-10-28, 15:12:34, 23.63, 48.06
2020-10-28, 15:12:35, 23.62, 48.09
2020-10-28, 15:12:37, 23.6, 48.08
2020-10-28, 15:12:38, 23.62, 48.09
2020-10-28, 15:12:40, 23.61, 48.09
2020-10-28, 15:12:41, 23.62, 48.09
2020-10-28, 15:12:42, 23.63, 48.09
2020-10-28, 15:12:44, 23.64, 48.09
2020-10-28, 15:12:45, 23.64, 48.09
2020-10-28, 15:12:46, 23.64, 48.09
2020-10-28, 15:12:48, 23.62, 48.09
2020-10-28, 15:12:49, 23.63, 48.09
2020-10-28, 15:12:50, 23.62, 48.09
2020-10-28, 15:12:52, 23.62, 48.09
2020-10-28, 15:12:53, 23.63, 48.09
2020-10-28, 15:12:54, 23.63, 48.09
2020-10-28, 15:12:56, 23.64, 48.09
2020-10-28, 15:12:57, 23.63, 48.09
2020-10-28, 15:12:59, 23.63, 48.12
2020-10-28, 15:13:00, 23.63, 48.12
2020-10-28, 15:13:01, 23.62, 48.09
2020-10-28, 15:13:03, 23.62, 48.09
2020-10-28, 15:13:04, 23.62, 48.12
2020-10-28, 15:13:05, 23.61, 48.15
2020-10-28, 15:13:07, 23.63, 48.15
2020-10-28, 15:13:08, 23.63, 48.15
2020-10-28, 15:13:09, 23.63, 48.15
2020-10-28, 15:13:11, 23.62, 48.12
2020-10-28, 15:13:12, 23.62, 48.15
2020-10-28, 15:13:14, 23.63, 48.12
2020-10-28, 15:13:15, 23.63, 48.15
2020-10-28, 15:13:16, 23.63, 48.15
2020-10-28, 15:13:18, 23.62, 48.15
2020-10-28, 15:13:19, 23.61, 48.15
2020-10-28, 15:13:20, 23.62, 48.15
2020-10-28, 15:13:22, 23.61, 48.15
2020-10-28, 15:13:23, 23.62, 48.15
2020-10-28, 15:13:24, 23.61, 48.15
2020-10-28, 15:13:26, 23.61, 48.15
2020-10-28, 15:13:27, 23.59, 48.15
2020-10-28, 15:13:28, 23.6, 48.15
2020-10-28, 15:13:30, 23.62, 48.15
2020-10-28, 15:13:31, 23.62, 48.18
2020-10-28, 15:13:32, 23.61, 48.15
2020-10-28, 15:13:34, 23.61, 48.18
2020-10-28, 15:13:35, 23.6, 48.18
2020-10-28, 15:13:37, 23.59, 48.21
2020-10-28, 15:13:38, 23.6, 48.21
2020-10-28, 15:13:39, 23.61, 48.21
2020-10-28, 15:13:41, 23.6, 48.21
2020-10-28, 15:13:42, 23.6, 48.21
2020-10-28, 15:13:43, 23.59, 48.21
2020-10-28, 15:13:45, 23.59, 48.21
2020-10-28, 15:13:46, 23.59, 48.24
2020-10-28, 15:13:47, 23.59, 48.21
2020-10-28, 15:13:49, 23.58, 48.21
2020-10-28, 15:13:50, 23.58, 48.21
2020-10-28, 15:13:51, 23.58, 48.24
2020-10-28, 15:13:53, 23.58, 48.21
2020-10-28, 15:13:54, 23.59, 48.24
2020-10-28, 15:13:56, 23.59, 48.21
2020-10-28, 15:13:57, 23.6, 48.24
2020-10-28, 15:13:58, 23.58, 48.24
2020-10-28, 15:14:00, 23.58, 48.24
2020-10-28, 15:14:01, 23.59, 48.27
2020-10-28, 15:14:02, 23.59, 48.21
2020-10-28, 15:14:04, 23.59, 48.24
2020-10-28, 15:14:05, 23.59, 48.27
2020-10-28, 15:14:06, 23.6, 48.24
2020-10-28, 15:14:08, 23.59, 48.24
2020-10-28, 15:14:09, 23.59, 48.27
2020-10-28, 15:14:10, 23.59, 48.24
2020-10-28, 15:14:12, 23.6, 48.28
2020-10-28, 15:14:13, 23.6, 48.24
2020-10-28, 15:14:14, 23.6, 48.24
2020-10-28, 15:14:16, 23.6, 48.24
2020-10-28, 15:14:17, 23.59, 48.27
2020-10-28, 15:14:19, 23.6, 48.24
2020-10-28, 15:14:20, 23.6, 48.28
2020-10-28, 15:14:21, 23.61, 48.28
2020-10-28, 15:14:23, 23.6, 48.28
2020-10-28, 15:14:24, 23.6, 48.24
2020-10-28, 15:14:25, 23.6, 48.24
2020-10-28, 15:14:27, 23.6, 48.28
2020-10-28, 15:14:28, 23.61, 48.28
2020-10-28, 15:14:29, 23.61, 48.25
2020-10-28, 15:14:31, 23.6, 48.24
2020-10-28, 15:14:32, 23.61, 48.25
2020-10-28, 15:14:33, 23.6, 48.24
2020-10-28, 15:14:35, 23.61, 48.25
2020-10-28, 15:14:36, 23.6, 48.24
2020-10-28, 15:14:37, 23.59, 48.27
2020-10-28, 15:14:39, 23.59, 48.27
2020-10-28, 15:14:40, 23.59, 48.24
2020-10-28, 15:14:42, 23.59, 48.24
2020-10-28, 15:14:43, 23.6, 48.28
2020-10-28, 15:14:44, 23.6, 48.28
2020-10-28, 15:14:46, 23.59, 48.27
2020-10-28, 15:14:47, 23.59, 48.27
2020-10-28, 15:14:48, 23.59, 48.27
2020-10-28, 15:14:50, 23.59, 48.31
2020-10-28, 15:14:51, 23.6, 48.28
2020-10-28, 15:14:52, 23.59, 48.31
2020-10-28, 15:14:54, 23.6, 48.31
2020-10-28, 15:14:55, 23.58, 48.31
2020-10-28, 15:14:56, 23.59, 48.31
2020-10-28, 15:14:58, 23.59, 48.31
2020-10-28, 15:14:59, 23.59, 48.31
2020-10-28, 15:15:01, 23.58, 48.31
2020-10-28, 15:15:02, 23.59, 48.31
2020-10-28, 15:15:03, 23.61, 48.31
2020-10-28, 15:15:05, 23.59, 48.31
2020-10-28, 15:15:06, 23.59, 48.31
2020-10-28, 15:15:07, 23.58, 48.31
2020-10-28, 15:15:09, 23.59, 48.31
2020-10-28, 15:15:10, 23.58, 48.31
2020-10-28, 15:15:11, 23.57, 48.34
2020-10-28, 15:15:13, 23.58, 48.34
2020-10-28, 15:15:14, 23.58, 48.34
2020-10-28, 15:15:15, 23.58, 48.34
2020-10-28, 15:15:17, 23.58, 48.34
2020-10-28, 15:15:18, 23.58, 48.34
2020-10-28, 15:15:19, 23.59, 48.34
2020-10-28, 15:15:21, 23.59, 48.34
2020-10-28, 15:15:22, 23.59, 48.34
2020-10-28, 15:15:24, 23.6, 48.34
2020-10-28, 15:15:25, 23.59, 48.34
2020-10-28, 15:15:26, 23.59, 48.34
2020-10-28, 15:15:28, 23.59, 48.31
2020-10-28, 15:15:29, 23.6, 48.31
2020-10-28, 15:15:30, 23.59, 48.34
2020-10-28, 15:15:32, 23.6, 48.34
2020-10-28, 15:15:33, 23.59, 48.34
2020-10-28, 15:15:34, 23.58, 48.31
2020-10-28, 15:15:36, 23.58, 48.31
2020-10-28, 15:15:37, 23.58, 48.31
2020-10-28, 15:15:38, 23.59, 48.34
2020-10-28, 15:15:40, 23.58, 48.34
2020-10-28, 15:15:41, 23.58, 48.34
2020-10-28, 15:15:42, 23.58, 48.34
2020-10-28, 15:15:44, 23.58, 48.34
2020-10-28, 15:15:45, 23.58, 48.34
2020-10-28, 15:15:47, 23.58, 48.34
2020-10-28, 15:15:48, 23.58, 48.34
2020-10-28, 15:15:49, 23.58, 48.37
2020-10-28, 15:15:51, 23.57, 48.37
2020-10-28, 15:15:52, 23.57, 48.37
2020-10-28, 15:15:53, 23.55, 48.4
2020-10-28, 15:15:55, 23.58, 48.4
2020-10-28, 15:15:56, 23.58, 48.4
2020-10-28, 15:15:57, 23.57, 48.4
2020-10-28, 15:15:59, 23.58, 48.4
2020-10-28, 15:16:00, 23.58, 48.4
2020-10-28, 15:16:01, 23.57, 48.4
2020-10-28, 15:16:03, 23.58, 48.4
2020-10-28, 15:16:04, 23.59, 48.4
2020-10-28, 15:16:06, 23.58, 48.4
2020-10-28, 15:16:07, 23.58, 48.4
2020-10-28, 15:16:08, 23.57, 48.4
2020-10-28, 15:16:10, 23.57, 48.4
2020-10-28, 15:16:11, 23.58, 48.4
2020-10-28, 15:16:12, 23.56, 48.4
2020-10-28, 15:16:14, 23.58, 48.4
2020-10-28, 15:16:15, 23.58, 48.4
2020-10-28, 15:16:16, 23.57, 48.4
2020-10-28, 15:16:18, 23.56, 48.43
2020-10-28, 15:16:19, 23.56, 48.43
2020-10-28, 15:16:20, 23.57, 48.43
2020-10-28, 15:16:22, 23.57, 48.46
2020-10-28, 15:16:23, 23.56, 48.46
2020-10-28, 15:16:24, 23.56, 48.46
2020-10-28, 15:16:26, 23.56, 48.46
2020-10-28, 15:16:27, 23.57, 48.46
2020-10-28, 15:16:29, 23.56, 48.49
2020-10-28, 15:16:30, 23.56, 48.49
2020-10-28, 15:16:31, 23.55, 48.49
2020-10-28, 15:16:33, 23.56, 48.53
2020-10-28, 15:16:34, 23.55, 48.49
2020-10-28, 15:16:35, 23.55, 48.52
2020-10-28, 15:16:37, 23.54, 48.52
2020-10-28, 15:16:38, 23.56, 48.53
2020-10-28, 15:16:39, 23.55, 48.52
2020-10-28, 15:16:41, 23.56, 48.53
2020-10-28, 15:16:42, 23.57, 48.53
2020-10-28, 15:16:43, 23.57, 48.53
2020-10-28, 15:16:45, 23.56, 48.49
2020-10-28, 15:16:46, 23.57, 48.53
2020-10-28, 15:16:47, 23.56, 48.49
2020-10-28, 15:16:49, 23.56, 48.49
2020-10-28, 15:16:50, 23.57, 48.53
2020-10-28, 15:16:52, 23.54, 48.49
2020-10-28, 15:16:53, 23.55, 48.49
2020-10-28, 15:16:54, 23.56, 48.49
2020-10-28, 15:16:56, 23.54, 48.52
2020-10-28, 15:16:57, 23.56, 48.53
2020-10-28, 15:16:58, 23.55, 48.52
2020-10-28, 15:17:00, 23.54, 48.52
2020-10-28, 15:17:01, 23.55, 48.52
2020-10-28, 15:17:02, 23.55, 48.56
2020-10-28, 15:17:04, 23.55, 48.56
2020-10-28, 15:17:05, 23.55, 48.56
2020-10-28, 15:17:06, 23.54, 48.52
2020-10-28, 15:17:08, 23.55, 48.56
2020-10-28, 15:17:09, 23.54, 48.56
2020-10-28, 15:17:11, 23.56, 48.56
2020-10-28, 15:17:12, 23.54, 48.56
2020-10-28, 15:17:13, 23.55, 48.56
2020-10-28, 15:17:15, 23.55, 48.56
2020-10-28, 15:17:16, 23.55, 48.56
2020-10-28, 15:17:17, 23.54, 48.59
2020-10-28, 15:17:19, 23.54, 48.59
2020-10-28, 15:17:20, 23.55, 48.56
2020-10-28, 15:17:21, 23.54, 48.59
2020-10-28, 15:17:23, 23.54, 48.56
2020-10-28, 15:17:24, 23.54, 48.59
2020-10-28, 15:17:25, 23.53, 48.59
2020-10-28, 15:17:27, 23.53, 48.59
2020-10-28, 15:17:28, 23.53, 48.59
2020-10-28, 15:17:29, 23.54, 48.59
2020-10-28, 15:17:31, 23.53, 48.59
2020-10-28, 15:17:32, 23.52, 48.58
2020-10-28, 15:17:34, 23.52, 48.58
2020-10-28, 15:17:35, 23.54, 48.59
2020-10-28, 15:17:36, 23.54, 48.59
2020-10-28, 15:17:38, 23.54, 48.59
2020-10-28, 15:17:39, 23.53, 48.59
2020-10-28, 15:17:40, 23.52, 48.58
2020-10-28, 15:17:42, 23.51, 48.61
2020-10-28, 15:17:43, 23.5, 48.61
2020-10-28, 15:17:44, 23.52, 48.65
2020-10-28, 15:17:46, 23.51, 48.65
2020-10-28, 15:17:47, 23.51, 48.65
2020-10-28, 15:17:48, 23.52, 48.65
2020-10-28, 15:17:50, 23.51, 48.65
2020-10-28, 15:17:51, 23.51, 48.65
2020-10-28, 15:17:53, 23.51, 48.65
2020-10-28, 15:17:54, 23.52, 48.65
2020-10-28, 15:17:55, 23.52, 48.65
2020-10-28, 15:17:57, 23.52, 48.65
2020-10-28, 15:17:58, 23.52, 48.65
2020-10-28, 15:17:59, 23.51, 48.65
2020-10-28, 15:18:01, 23.52, 48.68
2020-10-28, 15:18:02, 23.5, 48.65
2020-10-28, 15:18:03, 23.51, 48.65
2020-10-28, 15:18:05, 23.52, 48.65
2020-10-28, 15:18:06, 23.52, 48.65
2020-10-28, 15:18:07, 23.5, 48.65
2020-10-28, 15:18:09, 23.51, 48.65
2020-10-28, 15:18:10, 23.53, 48.65
2020-10-28, 15:18:11, 23.52, 48.65
2020-10-28, 15:18:13, 23.51, 48.65
2020-10-28, 15:18:14, 23.53, 48.65
2020-10-28, 15:18:16, 23.52, 48.68
2020-10-28, 15:18:17, 23.52, 48.68
2020-10-28, 15:18:18, 23.51, 48.68
2020-10-28, 15:18:20, 23.51, 48.68
2020-10-28, 15:18:21, 23.52, 48.68
2020-10-28, 15:18:22, 23.52, 48.68
2020-10-28, 15:18:24, 23.52, 48.68
2020-10-28, 15:18:25, 23.5, 48.68
2020-10-28, 15:18:26, 23.5, 48.71
2020-10-28, 15:18:28, 23.5, 48.68
2020-10-28, 15:18:29, 23.5, 48.71
2020-10-28, 15:18:30, 23.51, 48.68
2020-10-28, 15:18:32, 23.51, 48.71
2020-10-28, 15:18:33, 23.5, 48.71
2020-10-28, 15:18:34, 23.52, 48.71
2020-10-28, 15:18:36, 23.5, 48.71
2020-10-28, 15:18:37, 23.51, 48.68
2020-10-28, 15:18:39, 23.5, 48.68
2020-10-28, 15:18:40, 23.52, 48.68
2020-10-28, 15:18:41, 23.52, 48.71
2020-10-28, 15:18:43, 23.52, 48.71
2020-10-28, 15:18:44, 23.52, 48.68
2020-10-28, 15:18:45, 23.5, 48.71
2020-10-28, 15:18:47, 23.5, 48.71
2020-10-28, 15:18:48, 23.51, 48.71
2020-10-28, 15:18:49, 23.51, 48.71
2020-10-28, 15:18:51, 23.5, 48.71
2020-10-28, 15:18:52, 23.5, 48.71
2020-10-28, 15:18:53, 23.51, 48.71
2020-10-28, 15:18:55, 23.5, 48.71
2020-10-28, 15:18:56, 23.5, 48.74
2020-10-28, 15:18:58, 23.49, 48.74
2020-10-28, 15:18:59, 23.5, 48.74
2020-10-28, 15:19:00, 23.5, 48.71
2020-10-28, 15:19:02, 23.5, 48.74
2020-10-28, 15:19:03, 23.51, 48.71
2020-10-28, 15:19:04, 23.51, 48.71
2020-10-28, 15:19:06, 23.51, 48.71
2020-10-28, 15:19:07, 23.51, 48.74
2020-10-28, 15:19:08, 23.5, 48.71
2020-10-28, 15:19:10, 23.51, 48.74
2020-10-28, 15:19:11, 23.49, 48.71
2020-10-28, 15:19:12, 23.51, 48.74
2020-10-28, 15:19:14, 23.49, 48.71
2020-10-28, 15:19:15, 23.49, 48.74
2020-10-28, 15:19:17, 23.51, 48.71
2020-10-28, 15:19:18, 23.5, 48.74
2020-10-28, 15:19:19, 23.5, 48.77
2020-10-28, 15:19:21, 23.5, 48.77
2020-10-28, 15:19:22, 23.49, 48.77
2020-10-28, 15:19:23, 23.5, 48.77
2020-10-28, 15:19:25, 23.48, 48.77
2020-10-28, 15:19:26, 23.5, 48.77
2020-10-28, 15:19:27, 23.49, 48.77
2020-10-28, 15:19:29, 23.48, 48.8
2020-10-28, 15:19:30, 23.49, 48.8
2020-10-28, 15:19:31, 23.5, 48.8
2020-10-28, 15:19:33, 23.5, 48.84
2020-10-28, 15:19:34, 23.5, 48.8
2020-10-28, 15:19:35, 23.51, 48.81
2020-10-28, 15:19:37, 23.51, 48.81
2020-10-28, 15:19:38, 23.5, 48.8
2020-10-28, 15:19:40, 23.51, 48.81
2020-10-28, 15:19:41, 23.5, 48.8
2020-10-28, 15:19:42, 23.5, 48.84
2020-10-28, 15:19:44, 23.51, 48.81
2020-10-28, 15:19:45, 23.5, 48.8
2020-10-28, 15:19:46, 23.49, 48.8
2020-10-28, 15:19:48, 23.52, 48.84
2020-10-28, 15:19:49, 23.51, 48.81
2020-10-28, 15:19:50, 23.5, 48.84
2020-10-28, 15:19:52, 23.51, 48.81
2020-10-28, 15:19:53, 23.51, 48.81
2020-10-28, 15:19:54, 23.5, 48.84
2020-10-28, 15:19:56, 23.5, 48.8
2020-10-28, 15:19:57, 23.5, 48.84
2020-10-28, 15:19:59, 23.5, 48.84
2020-10-28, 15:20:00, 23.49, 48.84
2020-10-28, 15:20:01, 23.51, 48.84
2020-10-28, 15:20:03, 23.5, 48.87
2020-10-28, 15:20:04, 23.5, 48.9
2020-10-28, 15:20:05, 23.5, 48.87
2020-10-28, 15:20:07, 23.5, 48.9
2020-10-28, 15:20:08, 23.5, 48.9
2020-10-28, 15:20:09, 23.48, 48.9
2020-10-28, 15:20:11, 23.49, 48.9
2020-10-28, 15:20:12, 23.48, 48.9
2020-10-28, 15:20:13, 23.5, 48.9
2020-10-28, 15:20:15, 23.48, 48.93
2020-10-28, 15:20:16, 23.49, 48.9
2020-10-28, 15:20:17, 23.49, 48.9
2020-10-28, 15:20:19, 23.46, 48.9
2020-10-28, 15:20:20, 23.5, 48.9
2020-10-28, 15:20:22, 23.49, 48.9
2020-10-28, 15:20:23, 23.48, 48.9
2020-10-28, 15:20:24, 23.48, 48.9
2020-10-28, 15:20:26, 23.49, 48.9
2020-10-28, 15:20:27, 23.5, 48.93
2020-10-28, 15:20:28, 23.48, 48.93
2020-10-28, 15:20:30, 23.48, 48.93
2020-10-28, 15:20:31, 23.47, 48.93
2020-10-28, 15:20:32, 23.46, 48.96
2020-10-28, 15:20:34, 23.46, 48.93
2020-10-28, 15:20:35, 23.46, 48.9
2020-10-28, 15:20:37, 23.48, 48.93
2020-10-28, 15:20:38, 23.46, 48.93
2020-10-28, 15:20:39, 23.46, 48.93
2020-10-28, 15:20:41, 23.46, 48.96
2020-10-28, 15:20:42, 23.46, 48.96
2020-10-28, 15:20:43, 23.48, 48.96
2020-10-28, 15:20:45, 23.45, 48.96
2020-10-28, 15:20:46, 23.46, 48.96
2020-10-28, 15:20:47, 23.45, 48.96
2020-10-28, 15:20:49, 23.47, 48.96
2020-10-28, 15:20:50, 23.46, 48.96
2020-10-28, 15:20:51, 23.44, 48.99
2020-10-28, 15:20:53, 23.47, 48.96
2020-10-28, 15:20:54, 23.46, 48.99
2020-10-28, 15:20:56, 23.46, 48.96
2020-10-28, 15:20:57, 23.44, 48.96
2020-10-28, 15:20:58, 23.45, 48.96
2020-10-28, 15:21:00, 23.45, 48.96
2020-10-28, 15:21:01, 23.46, 48.99
2020-10-28, 15:21:02, 23.46, 49.02
2020-10-28, 15:21:04, 23.46, 48.99
2020-10-28, 15:21:05, 23.46, 49.02
2020-10-28, 15:21:06, 23.46, 48.99
2020-10-28, 15:21:08, 23.45, 48.99
2020-10-28, 15:21:09, 23.45, 48.99
2020-10-28, 15:21:10, 23.46, 48.99
2020-10-28, 15:21:12, 23.47, 48.99
2020-10-28, 15:21:13, 23.46, 49.02
2020-10-28, 15:21:14, 23.46, 49.02
2020-10-28, 15:21:16, 23.46, 48.99
2020-10-28, 15:21:17, 23.46, 48.99
2020-10-28, 15:21:19, 23.46, 48.99
2020-10-28, 15:21:20, 23.45, 48.99
2020-10-28, 15:21:21, 23.46, 48.99
2020-10-28, 15:21:23, 23.45, 48.99
2020-10-28, 15:21:24, 23.46, 48.99
2020-10-28, 15:21:25, 23.46, 48.99
2020-10-28, 15:21:27, 23.47, 48.99
2020-10-28, 15:21:28, 23.47, 48.96
2020-10-28, 15:21:29, 23.46, 48.96
2020-10-28, 15:21:31, 23.47, 48.96
2020-10-28, 15:21:32, 23.48, 48.99
2020-10-28, 15:21:33, 23.48, 48.99
2020-10-28, 15:21:35, 23.46, 48.99
2020-10-28, 15:21:36, 23.47, 48.96
2020-10-28, 15:21:38, 23.48, 48.96
2020-10-28, 15:21:39, 23.47, 48.99
2020-10-28, 15:21:40, 23.46, 48.96
2020-10-28, 15:21:42, 23.48, 48.99
2020-10-28, 15:21:43, 23.46, 48.99
2020-10-28, 15:21:44, 23.47, 48.96
2020-10-28, 15:21:46, 23.46, 48.99
2020-10-28, 15:21:47, 23.48, 48.99
2020-10-28, 15:21:48, 23.47, 48.99
2020-10-28, 15:21:50, 23.47, 48.96
2020-10-28, 15:21:51, 23.47, 48.99
2020-10-28, 15:21:52, 23.47, 48.96
2020-10-28, 15:21:54, 23.47, 48.99
2020-10-28, 15:21:55, 23.46, 48.99
2020-10-28, 15:21:56, 23.46, 48.96
2020-10-28, 15:21:58, 23.47, 49.02
2020-10-28, 15:21:59, 23.47, 49.02
2020-10-28, 15:22:01, 23.46, 49.02
2020-10-28, 15:22:02, 23.46, 48.99
2020-10-28, 15:22:03, 23.46, 49.02
2020-10-28, 15:22:05, 23.47, 49.02
2020-10-28, 15:22:06, 23.47, 49.02
2020-10-28, 15:22:07, 23.46, 49.02
2020-10-28, 15:22:09, 23.46, 49.02
2020-10-28, 15:22:10, 23.46, 49.02
2020-10-28, 15:22:11, 23.45, 49.02
2020-10-28, 15:22:13, 23.45, 48.99
2020-10-28, 15:22:14, 23.44, 49.02
2020-10-28, 15:22:16, 23.45, 49.02
2020-10-28, 15:22:17, 23.46, 49.02
2020-10-28, 15:22:18, 23.47, 49.02
2020-10-28, 15:22:20, 23.46, 49.02
2020-10-28, 15:22:21, 23.47, 49.02
2020-10-28, 15:22:22, 23.47, 49.02
2020-10-28, 15:22:24, 23.47, 49.02
2020-10-28, 15:22:25, 23.46, 49.02
2020-10-28, 15:22:26, 23.48, 49.02
2020-10-28, 15:22:28, 23.47, 48.99
2020-10-28, 15:22:29, 23.48, 48.99
2020-10-28, 15:22:30, 23.48, 48.99
2020-10-28, 15:22:32, 23.47, 49.02
2020-10-28, 15:22:33, 23.47, 48.99
2020-10-28, 15:22:34, 23.45, 49.02
2020-10-28, 15:22:36, 23.47, 49.02
2020-10-28, 15:22:37, 23.47, 49.02
2020-10-28, 15:22:39, 23.47, 49.02
2020-10-28, 15:22:40, 23.46, 49.02
2020-10-28, 15:22:41, 23.46, 49.02
2020-10-28, 15:22:43, 23.46, 49.02
2020-10-28, 15:22:44, 23.46, 49.02
2020-10-28, 15:22:45, 23.46, 49.02
2020-10-28, 15:22:47, 23.46, 49.05
2020-10-28, 15:22:48, 23.46, 49.02
2020-10-28, 15:22:49, 23.45, 49.05
2020-10-28, 15:22:51, 23.44, 49.05
2020-10-28, 15:22:52, 23.45, 49.05
2020-10-28, 15:22:53, 23.46, 49.05
2020-10-28, 15:22:55, 23.45, 49.05
2020-10-28, 15:22:56, 23.43, 49.05
2020-10-28, 15:22:58, 23.45, 49.05
2020-10-28, 15:22:59, 23.45, 49.08
2020-10-28, 15:23:00, 23.44, 49.05
2020-10-28, 15:23:02, 23.46, 49.05
2020-10-28, 15:23:03, 23.45, 49.05
2020-10-28, 15:23:04, 23.45, 49.05
2020-10-28, 15:23:06, 23.46, 49.09
2020-10-28, 15:23:07, 23.46, 49.05
2020-10-28, 15:23:08, 23.47, 49.06
2020-10-28, 15:23:10, 23.47, 49.09
2020-10-28, 15:23:11, 23.46, 49.05
2020-10-28, 15:23:12, 23.46, 49.05
2020-10-28, 15:23:14, 23.47, 49.06
2020-10-28, 15:23:15, 23.45, 49.05
2020-10-28, 15:23:17, 23.45, 49.05
2020-10-28, 15:23:18, 23.45, 49.05
2020-10-28, 15:23:19, 23.44, 49.05
2020-10-28, 15:23:21, 23.45, 49.05
2020-10-28, 15:23:22, 23.46, 49.05
2020-10-28, 15:23:23, 23.44, 49.05
2020-10-28, 15:23:25, 23.44, 49.08
2020-10-28, 15:23:26, 23.44, 49.08
2020-10-28, 15:23:27, 23.44, 49.08
2020-10-28, 15:23:29, 23.44, 49.08
2020-10-28, 15:23:30, 23.43, 49.08
2020-10-28, 15:23:31, 23.42, 49.05
2020-10-28, 15:23:33, 23.44, 49.08
2020-10-28, 15:23:34, 23.42, 49.08
2020-10-28, 15:23:36, 23.44, 49.08
2020-10-28, 15:23:37, 23.43, 49.08
2020-10-28, 15:23:38, 23.44, 49.08
2020-10-28, 15:23:40, 23.43, 49.08
2020-10-28, 15:23:41, 23.44, 49.08
2020-10-28, 15:23:42, 23.44, 49.08
2020-10-28, 15:23:44, 23.43, 49.08
2020-10-28, 15:23:45, 23.43, 49.08
2020-10-28, 15:23:46, 23.43, 49.08
2020-10-28, 15:23:48, 23.43, 49.08
2020-10-28, 15:23:49, 23.44, 49.08
2020-10-28, 15:23:50, 23.45, 49.08
2020-10-28, 15:23:52, 23.44, 49.08
2020-10-28, 15:23:53, 23.44, 49.08
2020-10-28, 15:23:54, 23.44, 49.08
2020-10-28, 15:23:56, 23.44, 49.08
2020-10-28, 15:23:57, 23.44, 49.05
2020-10-28, 15:23:59, 23.43, 49.08
2020-10-28, 15:24:00, 23.44, 49.08
2020-10-28, 15:24:01, 23.45, 49.08
2020-10-28, 15:24:03, 23.44, 49.08
2020-10-28, 15:24:04, 23.45, 49.08
2020-10-28, 15:24:05, 23.45, 49.05
2020-10-28, 15:24:07, 23.45, 49.05
2020-10-28, 15:24:08, 23.44, 49.05
2020-10-28, 15:24:09, 23.45, 49.05
2020-10-28, 15:24:11, 23.46, 49.05
2020-10-28, 15:24:12, 23.46, 49.09
2020-10-28, 15:24:13, 23.46, 49.09
2020-10-28, 15:24:15, 23.45, 49.08
2020-10-28, 15:24:16, 23.44, 49.08
2020-10-28, 15:24:18, 23.44, 49.08
2020-10-28, 15:24:19, 23.43, 49.08
2020-10-28, 15:24:20, 23.44, 49.08
2020-10-28, 15:24:22, 23.45, 49.08
2020-10-28, 15:24:23, 23.47, 49.09
2020-10-28, 15:24:24, 23.46, 49.09
2020-10-28, 15:24:26, 23.46, 49.05
2020-10-28, 15:24:27, 23.48, 49.09
2020-10-28, 15:24:28, 23.46, 49.09
2020-10-28, 15:24:30, 23.47, 49.09
2020-10-28, 15:24:31, 23.46, 49.09
2020-10-28, 15:24:32, 23.46, 49.09
2020-10-28, 15:24:34, 23.45, 49.08
2020-10-28, 15:24:35, 23.45, 49.08
2020-10-28, 15:24:36, 23.45, 49.08
2020-10-28, 15:24:38, 23.44, 49.08
2020-10-28, 15:24:39, 23.45, 49.08
2020-10-28, 15:24:41, 23.45, 49.08
2020-10-28, 15:24:42, 23.45, 49.08
2020-10-28, 15:24:43, 23.44, 49.08
2020-10-28, 15:24:45, 23.45, 49.08
2020-10-28, 15:24:46, 23.45, 49.08
2020-10-28, 15:24:47, 23.44, 49.08
2020-10-28, 15:24:49, 23.45, 49.08
2020-10-28, 15:24:50, 23.45, 49.08
2020-10-28, 15:24:51, 23.46, 49.09
2020-10-28, 15:24:53, 23.45, 49.08
2020-10-28, 15:24:54, 23.46, 49.09
2020-10-28, 15:24:55, 23.45, 49.08
2020-10-28, 15:24:57, 23.46, 49.09
2020-10-28, 15:24:58, 23.45, 49.05
2020-10-28, 15:25:00, 23.46, 49.09
2020-10-28, 15:25:01, 23.46, 49.05
2020-10-28, 15:25:02, 23.46, 49.05
2020-10-28, 15:25:04, 23.46, 49.05
2020-10-28, 15:25:05, 23.46, 49.05
2020-10-28, 15:25:06, 23.46, 49.05
2020-10-28, 15:25:08, 23.45, 49.05
2020-10-28, 15:25:09, 23.46, 49.02
2020-10-28, 15:25:10, 23.47, 49.02
2020-10-28, 15:25:12, 23.46, 49.02
2020-10-28, 15:25:13, 23.47, 49.06
2020-10-28, 15:25:14, 23.46, 49.02
2020-10-28, 15:25:16, 23.47, 49.02
2020-10-28, 15:25:17, 23.47, 49.02
2020-10-28, 15:25:19, 23.45, 49.02
2020-10-28, 15:25:20, 23.45, 49.02
2020-10-28, 15:25:21, 23.45, 49.02
2020-10-28, 15:25:23, 23.43, 49.02
2020-10-28, 15:25:24, 23.46, 49.02
2020-10-28, 15:25:25, 23.45, 49.02
2020-10-28, 15:25:27, 23.44, 49.02
2020-10-28, 15:25:28, 23.44, 49.05
2020-10-28, 15:25:29, 23.45, 49.02
2020-10-28, 15:25:31, 23.45, 49.02
2020-10-28, 15:25:32, 23.45, 49.05
2020-10-28, 15:25:33, 23.44, 49.02
2020-10-28, 15:25:35, 23.44, 49.02
2020-10-28, 15:25:36, 23.45, 49.05
2020-10-28, 15:25:38, 23.45, 49.02
2020-10-28, 15:25:39, 23.45, 49.02
2020-10-28, 15:25:40, 23.44, 49.02
2020-10-28, 15:25:42, 23.46, 49.02
2020-10-28, 15:25:43, 23.44, 49.02
2020-10-28, 15:25:44, 23.43, 49.02
2020-10-28, 15:25:46, 23.44, 49.02
2020-10-28, 15:25:47, 23.44, 49.02
2020-10-28, 15:25:48, 23.44, 49.02
2020-10-28, 15:25:50, 23.43, 49.02
2020-10-28, 15:25:51, 23.43, 49.02
2020-10-28, 15:25:52, 23.42, 49.02
2020-10-28, 15:25:54, 23.44, 49.02
2020-10-28, 15:25:55, 23.43, 49.02
2020-10-28, 15:25:57, 23.44, 49.02
2020-10-28, 15:25:58, 23.44, 49.02
2020-10-28, 15:25:59, 23.44, 49.02
2020-10-28, 15:26:01, 23.44, 49.02
2020-10-28, 15:26:02, 23.46, 49.02
2020-10-28, 15:26:03, 23.44, 49.02
2020-10-28, 15:26:05, 23.46, 48.99
2020-10-28, 15:26:06, 23.46, 48.99
2020-10-28, 15:26:07, 23.45, 48.99
2020-10-28, 15:26:09, 23.44, 48.99
2020-10-28, 15:26:10, 23.45, 48.99
2020-10-28, 15:26:11, 23.44, 48.96
2020-10-28, 15:26:13, 23.45, 48.96
2020-10-28, 15:26:14, 23.44, 48.96
2020-10-28, 15:26:16, 23.45, 48.96
2020-10-28, 15:26:17, 23.45, 48.99
2020-10-28, 15:26:18, 23.43, 48.95
2020-10-28, 15:26:20, 23.45, 48.96
2020-10-28, 15:26:21, 23.46, 48.96
2020-10-28, 15:26:22, 23.44, 48.96
2020-10-28, 15:26:24, 23.43, 48.99
2020-10-28, 15:26:25, 23.44, 48.99
2020-10-28, 15:26:26, 23.44, 48.99
2020-10-28, 15:26:28, 23.43, 48.95
2020-10-28, 15:26:29, 23.45, 48.96
2020-10-28, 15:26:31, 23.46, 48.96
2020-10-28, 15:26:32, 23.45, 48.93
2020-10-28, 15:26:33, 23.46, 48.96
2020-10-28, 15:26:35, 23.45, 48.93
2020-10-28, 15:26:36, 23.45, 48.93
2020-10-28, 15:26:37, 23.46, 48.96
2020-10-28, 15:26:39, 23.45, 48.93
2020-10-28, 15:26:40, 23.44, 48.96
2020-10-28, 15:26:41, 23.45, 48.96
2020-10-28, 15:26:43, 23.44, 48.92
2020-10-28, 15:26:44, 23.45, 48.93
2020-10-28, 15:26:45, 23.45, 48.93
2020-10-28, 15:26:47, 23.44, 48.96
2020-10-28, 15:26:48, 23.46, 48.96
2020-10-28, 15:26:50, 23.43, 48.95
2020-10-28, 15:26:51, 23.44, 48.96
2020-10-28, 15:26:52, 23.46, 48.96
2020-10-28, 15:26:54, 23.46, 48.96
2020-10-28, 15:26:55, 23.46, 48.93
2020-10-28, 15:26:56, 23.46, 48.96
2020-10-28, 15:26:58, 23.45, 48.96
2020-10-28, 15:26:59, 23.45, 48.96
2020-10-28, 15:27:00, 23.46, 48.96
2020-10-28, 15:27:02, 23.44, 48.96
2020-10-28, 15:27:03, 23.44, 48.92
2020-10-28, 15:27:04, 23.44, 48.96
2020-10-28, 15:27:06, 23.42, 48.95
2020-10-28, 15:27:07, 23.45, 48.96
2020-10-28, 15:27:09, 23.44, 48.96
2020-10-28, 15:27:10, 23.44, 48.96
2020-10-28, 15:27:11, 23.44, 48.96
2020-10-28, 15:27:13, 23.45, 48.96
2020-10-28, 15:27:14, 23.45, 48.96
2020-10-28, 15:27:15, 23.44, 48.96
2020-10-28, 15:27:17, 23.46, 48.96
2020-10-28, 15:27:18, 23.46, 48.96
2020-10-28, 15:27:19, 23.46, 48.93
2020-10-28, 15:27:21, 23.45, 48.93
2020-10-28, 15:27:22, 23.44, 48.92
2020-10-28, 15:27:24, 23.44, 48.96
2020-10-28, 15:27:25, 23.45, 48.93
2020-10-28, 15:27:26, 23.45, 48.96
2020-10-28, 15:27:28, 23.46, 48.93
2020-10-28, 15:27:29, 23.46, 48.93
2020-10-28, 15:27:30, 23.46, 48.96
2020-10-28, 15:27:32, 23.46, 48.9
2020-10-28, 15:27:33, 23.44, 48.92
2020-10-28, 15:27:34, 23.45, 48.96
2020-10-28, 15:27:36, 23.45, 48.93
2020-10-28, 15:27:37, 23.46, 48.93
2020-10-28, 15:27:38, 23.46, 48.93
2020-10-28, 15:27:40, 23.46, 48.93
2020-10-28, 15:27:41, 23.45, 48.93
2020-10-28, 15:27:43, 23.46, 48.93
2020-10-28, 15:27:44, 23.43, 48.89
2020-10-28, 15:27:45, 23.45, 48.93
2020-10-28, 15:27:47, 23.46, 48.93
2020-10-28, 15:27:48, 23.46, 48.93
2020-10-28, 15:27:49, 23.46, 48.9
2020-10-28, 15:27:51, 23.46, 48.9
2020-10-28, 15:27:52, 23.46, 48.9
2020-10-28, 15:27:53, 23.46, 48.9
2020-10-28, 15:27:55, 23.46, 48.9
2020-10-28, 15:27:56, 23.46, 48.9
2020-10-28, 15:27:57, 23.47, 48.9
2020-10-28, 15:27:59, 23.46, 48.9
2020-10-28, 15:28:00, 23.46, 48.9
2020-10-28, 15:28:02, 23.46, 48.9
2020-10-28, 15:28:03, 23.46, 48.9
2020-10-28, 15:28:04, 23.46, 48.9
2020-10-28, 15:28:06, 23.44, 48.89
2020-10-28, 15:28:07, 23.46, 48.9
2020-10-28, 15:28:08, 23.46, 48.86
2020-10-28, 15:28:10, 23.46, 48.9
2020-10-28, 15:28:11, 23.45, 48.89
2020-10-28, 15:28:12, 23.46, 48.9
2020-10-28, 15:28:14, 23.46, 48.9
2020-10-28, 15:28:15, 23.46, 48.9
2020-10-28, 15:28:17, 23.45, 48.89
2020-10-28, 15:28:18, 23.45, 48.89
2020-10-28, 15:28:19, 23.44, 48.89
2020-10-28, 15:28:21, 23.44, 48.89
2020-10-28, 15:28:22, 23.44, 48.89
2020-10-28, 15:28:23, 23.45, 48.86
2020-10-28, 15:28:25, 23.46, 48.86
2020-10-28, 15:28:26, 23.44, 48.86
2020-10-28, 15:28:27, 23.46, 48.86
2020-10-28, 15:28:29, 23.46, 48.9
2020-10-28, 15:28:30, 23.46, 48.86
2020-10-28, 15:28:31, 23.45, 48.86
2020-10-28, 15:28:33, 23.46, 48.86
2020-10-28, 15:28:34, 23.45, 48.86
2020-10-28, 15:28:36, 23.46, 48.86
2020-10-28, 15:28:37, 23.45, 48.86
2020-10-28, 15:28:38, 23.45, 48.86
2020-10-28, 15:28:40, 23.46, 48.86
2020-10-28, 15:28:41, 23.46, 48.86
2020-10-28, 15:28:42, 23.46, 48.86
2020-10-28, 15:28:44, 23.46, 48.83
2020-10-28, 15:28:45, 23.46, 48.83
2020-10-28, 15:28:46, 23.46, 48.83
2020-10-28, 15:28:48, 23.46, 48.83
2020-10-28, 15:28:49, 23.4, 48.82
2020-10-28, 15:28:51, 23.46, 48.83
2020-10-28, 15:28:52, 23.46, 48.83
2020-10-28, 15:28:53, 23.47, 48.83
2020-10-28, 15:28:55, 23.46, 48.83
2020-10-28, 15:28:56, 23.46, 48.83
2020-10-28, 15:28:57, 23.46, 48.83
2020-10-28, 15:28:59, 23.46, 48.83
2020-10-28, 15:29:00, 23.47, 48.83
2020-10-28, 15:29:01, 23.46, 48.83
2020-10-28, 15:29:03, 23.46, 48.8
2020-10-28, 15:29:04, 23.47, 48.83
2020-10-28, 15:29:05, 23.47, 48.83
2020-10-28, 15:29:07, 23.48, 48.83
2020-10-28, 15:29:08, 23.48, 48.8
2020-10-28, 15:29:09, 23.47, 48.8
2020-10-28, 15:29:11, 23.48, 48.8
2020-10-28, 15:29:12, 23.49, 48.8
2020-10-28, 15:29:14, 23.49, 48.77
2020-10-28, 15:29:15, 23.49, 48.77
2020-10-28, 15:29:16, 23.47, 48.77
2020-10-28, 15:29:18, 23.48, 48.77
2020-10-28, 15:29:19, 23.49, 48.77
2020-10-28, 15:29:20, 23.47, 48.77
2020-10-28, 15:29:22, 23.47, 48.77
2020-10-28, 15:29:23, 23.47, 48.77
2020-10-28, 15:29:24, 23.48, 48.77
2020-10-28, 15:29:26, 23.48, 48.77
2020-10-28, 15:29:27, 23.48, 48.77
2020-10-28, 15:29:28, 23.48, 48.77
2020-10-28, 15:29:30, 23.48, 48.77
2020-10-28, 15:29:31, 23.49, 48.77
2020-10-28, 15:29:33, 23.48, 48.77
2020-10-28, 15:29:34, 23.49, 48.77
2020-10-28, 15:29:35, 23.49, 48.77
2020-10-28, 15:29:37, 23.5, 48.74
2020-10-28, 15:29:38, 23.51, 48.74
2020-10-28, 15:29:39, 23.49, 48.74
2020-10-28, 15:29:41, 23.5, 48.74
2020-10-28, 15:29:42, 23.5, 48.74
2020-10-28, 15:29:43, 23.49, 48.71
2020-10-28, 15:29:45, 23.5, 48.74
2020-10-28, 15:29:46, 23.48, 48.74
2020-10-28, 15:29:47, 23.48, 48.74
2020-10-28, 15:29:49, 23.48, 48.74
2020-10-28, 15:29:50, 23.49, 48.74
2020-10-28, 15:29:51, 23.49, 48.71
2020-10-28, 15:29:53, 23.5, 48.74
2020-10-28, 15:29:54, 23.49, 48.71
2020-10-28, 15:29:56, 23.5, 48.74
2020-10-28, 15:29:57, 23.5, 48.71
2020-10-28, 15:29:58, 23.51, 48.71
2020-10-28, 15:30:00, 23.5, 48.71
2020-10-28, 15:30:01, 23.5, 48.71
2020-10-28, 15:30:02, 23.47, 48.71
2020-10-28, 15:30:04, 23.5, 48.71
2020-10-28, 15:30:05, 23.5, 48.71
2020-10-28, 15:30:06, 23.51, 48.71
2020-10-28, 15:30:08, 23.52, 48.68
2020-10-28, 15:30:09, 23.5, 48.68
2020-10-28, 15:30:10, 23.51, 48.68
2020-10-28, 15:30:12, 23.51, 48.65
2020-10-28, 15:30:13, 23.5, 48.68
2020-10-28, 15:30:14, 23.51, 48.65
2020-10-28, 15:30:16, 23.51, 48.65
2020-10-28, 15:30:17, 23.51, 48.65
2020-10-28, 15:30:19, 23.51, 48.65
2020-10-28, 15:30:20, 23.5, 48.65
2020-10-28, 15:30:21, 23.49, 48.64
2020-10-28, 15:30:23, 23.5, 48.65
2020-10-28, 15:30:24, 23.51, 48.65
2020-10-28, 15:30:25, 23.52, 48.65
2020-10-28, 15:30:27, 23.5, 48.65
2020-10-28, 15:30:28, 23.52, 48.65
2020-10-28, 15:30:29, 23.52, 48.65
2020-10-28, 15:30:31, 23.53, 48.65
2020-10-28, 15:30:32, 23.52, 48.62
2020-10-28, 15:30:33, 23.51, 48.61
2020-10-28, 15:30:35, 23.52, 48.62
2020-10-28, 15:30:36, 23.53, 48.62
2020-10-28, 15:30:38, 23.52, 48.62
2020-10-28, 15:30:39, 23.52, 48.62
2020-10-28, 15:30:40, 23.48, 48.64
2020-10-28, 15:30:42, 23.48, 48.64
2020-10-28, 15:30:43, 23.52, 48.65
2020-10-28, 15:30:44, 23.52, 48.62
2020-10-28, 15:30:46, 23.52, 48.62
2020-10-28, 15:30:47, 23.53, 48.59
2020-10-28, 15:30:48, 23.51, 48.58
2020-10-28, 15:30:50, 23.51, 48.61
2020-10-28, 15:30:51, 23.52, 48.58
2020-10-28, 15:30:53, 23.53, 48.59
2020-10-28, 15:30:54, 23.52, 48.58
2020-10-28, 15:30:55, 23.52, 48.58
2020-10-28, 15:30:57, 23.53, 48.59
2020-10-28, 15:30:58, 23.52, 48.55
2020-10-28, 15:30:59, 23.54, 48.56
2020-10-28, 15:31:01, 23.54, 48.59
2020-10-28, 15:31:02, 23.53, 48.55
2020-10-28, 15:31:03, 23.54, 48.56
2020-10-28, 15:31:05, 23.53, 48.55
2020-10-28, 15:31:06, 23.54, 48.56
2020-10-28, 15:31:07, 23.54, 48.56
2020-10-28, 15:31:09, 23.53, 48.55
2020-10-28, 15:31:10, 23.53, 48.55
2020-10-28, 15:31:11, 23.53, 48.55
2020-10-28, 15:31:13, 23.55, 48.56
2020-10-28, 15:31:14, 23.53, 48.55
2020-10-28, 15:31:16, 23.52, 48.52
2020-10-28, 15:31:17, 23.53, 48.55
2020-10-28, 15:31:18, 23.53, 48.52
2020-10-28, 15:31:20, 23.53, 48.52
2020-10-28, 15:31:21, 23.52, 48.55
2020-10-28, 15:31:22, 23.53, 48.52
2020-10-28, 15:31:24, 23.54, 48.56
2020-10-28, 15:31:25, 23.54, 48.56
2020-10-28, 15:31:26, 23.53, 48.52
2020-10-28, 15:31:28, 23.54, 48.52
2020-10-28, 15:31:29, 23.54, 48.52
2020-10-28, 15:31:30, 23.56, 48.53
2020-10-28, 15:31:32, 23.54, 48.52
2020-10-28, 15:31:33, 23.55, 48.52
2020-10-28, 15:31:35, 23.54, 48.52
2020-10-28, 15:31:36, 23.55, 48.52
2020-10-28, 15:31:37, 23.55, 48.49
2020-10-28, 15:31:39, 23.55, 48.52
2020-10-28, 15:31:40, 23.54, 48.52
2020-10-28, 15:31:41, 23.55, 48.49
2020-10-28, 15:31:43, 23.56, 48.49
2020-10-28, 15:31:44, 23.55, 48.49
2020-10-28, 15:31:45, 23.57, 48.5
2020-10-28, 15:31:47, 23.56, 48.49
2020-10-28, 15:31:48, 23.54, 48.49
2020-10-28, 15:31:49, 23.54, 48.46
2020-10-28, 15:31:51, 23.55, 48.46
2020-10-28, 15:31:52, 23.56, 48.46
2020-10-28, 15:31:53, 23.55, 48.46
2020-10-28, 15:31:55, 23.56, 48.46
2020-10-28, 15:31:56, 23.55, 48.46
2020-10-28, 15:31:58, 23.57, 48.46
2020-10-28, 15:31:59, 23.57, 48.46
2020-10-28, 15:32:00, 23.57, 48.46
2020-10-28, 15:32:02, 23.57, 48.46
2020-10-28, 15:32:03, 23.57, 48.46
2020-10-28, 15:32:04, 23.55, 48.46
2020-10-28, 15:32:06, 23.57, 48.46
2020-10-28, 15:32:07, 23.56, 48.46
2020-10-28, 15:32:08, 23.58, 48.46
2020-10-28, 15:32:10, 23.57, 48.43
2020-10-28, 15:32:11, 23.57, 48.46
2020-10-28, 15:32:12, 23.58, 48.46
2020-10-28, 15:32:14, 23.59, 48.43
2020-10-28, 15:32:15, 23.56, 48.43
2020-10-28, 15:32:17, 23.59, 48.43
2020-10-28, 15:32:18, 23.58, 48.43
2020-10-28, 15:32:19, 23.58, 48.4
2020-10-28, 15:32:21, 23.58, 48.4
2020-10-28, 15:32:22, 23.58, 48.4
2020-10-28, 15:32:23, 23.58, 48.4
2020-10-28, 15:32:25, 23.58, 48.4
2020-10-28, 15:32:26, 23.58, 48.4
2020-10-28, 15:32:27, 23.57, 48.4
2020-10-28, 15:32:29, 23.58, 48.4
2020-10-28, 15:32:30, 23.58, 48.4
2020-10-28, 15:32:31, 23.59, 48.4
2020-10-28, 15:32:33, 23.58, 48.4
2020-10-28, 15:32:34, 23.57, 48.4
2020-10-28, 15:32:36, 23.58, 48.37
2020-10-28, 15:32:37, 23.57, 48.37
2020-10-28, 15:32:38, 23.58, 48.4
2020-10-28, 15:32:40, 23.56, 48.4
2020-10-28, 15:32:41, 23.58, 48.37
2020-10-28, 15:32:42, 23.57, 48.37
2020-10-28, 15:32:44, 23.58, 48.37
2020-10-28, 15:32:45, 23.58, 48.37
2020-10-28, 15:32:46, 23.58, 48.4
2020-10-28, 15:32:48, 23.58, 48.4
2020-10-28, 15:32:49, 23.59, 48.37
2020-10-28, 15:32:50, 23.6, 48.37
2020-10-28, 15:32:52, 23.58, 48.34
2020-10-28, 15:32:53, 23.6, 48.34
2020-10-28, 15:32:55, 23.59, 48.34
2020-10-28, 15:32:56, 23.6, 48.34
2020-10-28, 15:32:57, 23.6, 48.34
2020-10-28, 15:32:59, 23.6, 48.34
2020-10-28, 15:33:00, 23.6, 48.34
2020-10-28, 15:33:01, 23.61, 48.34
2020-10-28, 15:33:03, 23.6, 48.31
2020-10-28, 15:33:04, 23.6, 48.31
2020-10-28, 15:33:05, 23.61, 48.31
2020-10-28, 15:33:07, 23.61, 48.34
2020-10-28, 15:33:08, 23.61, 48.31
2020-10-28, 15:33:09, 23.59, 48.31
2020-10-28, 15:33:11, 23.6, 48.31
2020-10-28, 15:33:12, 23.61, 48.31
2020-10-28, 15:33:14, 23.6, 48.31
2020-10-28, 15:33:15, 23.59, 48.31
2020-10-28, 15:33:16, 23.6, 48.31
2020-10-28, 15:33:18, 23.6, 48.31
2020-10-28, 15:33:19, 23.6, 48.31
2020-10-28, 15:33:20, 23.6, 48.31
2020-10-28, 15:33:22, 23.6, 48.28
2020-10-28, 15:33:23, 23.6, 48.31
2020-10-28, 15:33:24, 23.6, 48.28
2020-10-28, 15:33:26, 23.59, 48.31
2020-10-28, 15:33:27, 23.61, 48.28
2020-10-28, 15:33:28, 23.6, 48.31
2020-10-28, 15:33:30, 23.6, 48.28
2020-10-28, 15:33:31, 23.6, 48.28
2020-10-28, 15:33:33, 23.61, 48.28
2020-10-28, 15:33:34, 23.62, 48.28
2020-10-28, 15:33:35, 23.61, 48.28
2020-10-28, 15:33:37, 23.61, 48.28
2020-10-28, 15:33:38, 23.6, 48.28
2020-10-28, 15:33:39, 23.62, 48.28
2020-10-28, 15:33:41, 23.62, 48.28
2020-10-28, 15:33:42, 23.62, 48.28
2020-10-28, 15:33:43, 23.6, 48.28
2020-10-28, 15:33:45, 23.6, 48.28
2020-10-28, 15:33:46, 23.6, 48.28
2020-10-28, 15:33:47, 23.6, 48.24
2020-10-28, 15:33:49, 23.61, 48.25
2020-10-28, 15:33:50, 23.61, 48.25
2020-10-28, 15:33:52, 23.61, 48.21
2020-10-28, 15:33:53, 23.62, 48.25
2020-10-28, 15:33:54, 23.6, 48.21
2020-10-28, 15:33:56, 23.6, 48.21
2020-10-28, 15:33:57, 23.61, 48.21
2020-10-28, 15:33:58, 23.62, 48.25
2020-10-28, 15:34:00, 23.62, 48.25
2020-10-28, 15:34:01, 23.62, 48.21
2020-10-28, 15:34:02, 23.62, 48.21
2020-10-28, 15:34:04, 23.62, 48.21
2020-10-28, 15:34:05, 23.62, 48.21
2020-10-28, 15:34:06, 23.63, 48.22
2020-10-28, 15:34:08, 23.62, 48.21
2020-10-28, 15:34:09, 23.61, 48.21
2020-10-28, 15:34:11, 23.63, 48.22
2020-10-28, 15:34:12, 23.62, 48.21
2020-10-28, 15:34:13, 23.61, 48.21
2020-10-28, 15:34:15, 23.62, 48.21
2020-10-28, 15:34:16, 23.63, 48.22
2020-10-28, 15:34:17, 23.63, 48.22
2020-10-28, 15:34:19, 23.61, 48.21
2020-10-28, 15:34:20, 23.62, 48.21
2020-10-28, 15:34:21, 23.62, 48.18
2020-10-28, 15:34:23, 23.62, 48.18
2020-10-28, 15:34:24, 23.62, 48.21
2020-10-28, 15:34:25, 23.64, 48.22
2020-10-28, 15:34:27, 23.64, 48.22
2020-10-28, 15:34:28, 23.64, 48.22
2020-10-28, 15:34:29, 23.63, 48.18
2020-10-28, 15:34:31, 23.64, 48.22
2020-10-28, 15:34:32, 23.64, 48.19
2020-10-28, 15:34:34, 23.63, 48.18
2020-10-28, 15:34:35, 23.64, 48.19
2020-10-28, 15:34:36, 23.62, 48.21
2020-10-28, 15:34:38, 23.64, 48.15
2020-10-28, 15:34:39, 23.64, 48.15
2020-10-28, 15:34:40, 23.64, 48.19
2020-10-28, 15:34:42, 23.63, 48.18
2020-10-28, 15:34:43, 23.64, 48.15
2020-10-28, 15:34:44, 23.65, 48.15
2020-10-28, 15:34:46, 23.64, 48.19
2020-10-28, 15:34:47, 23.65, 48.15
2020-10-28, 15:34:48, 23.64, 48.15
2020-10-28, 15:34:50, 23.64, 48.15
2020-10-28, 15:34:51, 23.64, 48.15
2020-10-28, 15:34:53, 23.64, 48.15
2020-10-28, 15:34:54, 23.63, 48.12
2020-10-28, 15:34:55, 23.65, 48.15
2020-10-28, 15:34:57, 23.64, 48.15
2020-10-28, 15:34:58, 23.64, 48.12
2020-10-28, 15:34:59, 23.65, 48.15
2020-10-28, 15:35:01, 23.64, 48.12
2020-10-28, 15:35:02, 23.64, 48.15
2020-10-28, 15:35:03, 23.64, 48.15
2020-10-28, 15:35:05, 23.64, 48.15
2020-10-28, 15:35:06, 23.64, 48.12
2020-10-28, 15:35:07, 23.64, 48.12
2020-10-28, 15:35:09, 23.65, 48.12
2020-10-28, 15:35:10, 23.64, 48.15
2020-10-28, 15:35:11, 23.65, 48.12
2020-10-28, 15:35:13, 23.65, 48.12
2020-10-28, 15:35:14, 23.64, 48.15
2020-10-28, 15:35:16, 23.66, 48.16
2020-10-28, 15:35:17, 23.64, 48.12
2020-10-28, 15:35:18, 23.65, 48.12
2020-10-28, 15:35:20, 23.65, 48.12
2020-10-28, 15:35:21, 23.65, 48.12
2020-10-28, 15:35:22, 23.65, 48.09
2020-10-28, 15:35:24, 23.65, 48.12
2020-10-28, 15:35:25, 23.64, 48.12
2020-10-28, 15:35:26, 23.64, 48.12
2020-10-28, 15:35:28, 23.65, 48.12
2020-10-28, 15:35:29, 23.65, 48.12
2020-10-28, 15:35:30, 23.65, 48.12
2020-10-28, 15:35:32, 23.66, 48.09
2020-10-28, 15:35:33, 23.65, 48.12
2020-10-28, 15:35:35, 23.64, 48.12
2020-10-28, 15:35:36, 23.64, 48.12
2020-10-28, 15:35:37, 23.66, 48.09
2020-10-28, 15:35:39, 23.65, 48.12
2020-10-28, 15:35:40, 23.65, 48.12
2020-10-28, 15:35:41, 23.65, 48.12
2020-10-28, 15:35:43, 23.64, 48.12
2020-10-28, 15:35:44, 23.64, 48.12
2020-10-28, 15:35:45, 23.64, 48.12
2020-10-28, 15:35:47, 23.63, 48.12
2020-10-28, 15:35:48, 23.64, 48.12
2020-10-28, 15:35:49, 23.65, 48.12
2020-10-28, 15:35:51, 23.63, 48.15
2020-10-28, 15:35:52, 23.62, 48.15
2020-10-28, 15:35:54, 23.63, 48.12
2020-10-28, 15:35:55, 23.64, 48.15
2020-10-28, 15:35:56, 23.63, 48.15
2020-10-28, 15:35:58, 23.62, 48.12
2020-10-28, 15:35:59, 23.64, 48.12
2020-10-28, 15:36:00, 23.63, 48.12
2020-10-28, 15:36:02, 23.63, 48.12
2020-10-28, 15:36:03, 23.63, 48.15
2020-10-28, 15:36:04, 23.64, 48.15
2020-10-28, 15:36:06, 23.64, 48.15
2020-10-28, 15:36:07, 23.63, 48.12
2020-10-28, 15:36:08, 23.62, 48.15
2020-10-28, 15:36:10, 23.64, 48.12
2020-10-28, 15:36:11, 23.64, 48.12
2020-10-28, 15:36:13, 23.65, 48.12
2020-10-28, 15:36:14, 23.63, 48.12
2020-10-28, 15:36:15, 23.64, 48.15
2020-10-28, 15:36:17, 23.63, 48.15
2020-10-28, 15:36:18, 23.64, 48.12
2020-10-28, 15:36:19, 23.63, 48.15
2020-10-28, 15:36:21, 23.63, 48.15
2020-10-28, 15:36:22, 23.63, 48.15
2020-10-28, 15:36:23, 23.64, 48.15
2020-10-28, 15:36:25, 23.62, 48.15
2020-10-28, 15:36:26, 23.62, 48.15
2020-10-28, 15:36:27, 23.64, 48.15
2020-10-28, 15:36:29, 23.63, 48.15
2020-10-28, 15:36:30, 23.62, 48.15
2020-10-28, 15:36:32, 23.63, 48.15
2020-10-28, 15:36:33, 23.63, 48.15
2020-10-28, 15:36:34, 23.63, 48.15
2020-10-28, 15:36:36, 23.63, 48.15
2020-10-28, 15:36:37, 23.63, 48.15
2020-10-28, 15:36:38, 23.64, 48.15
2020-10-28, 15:36:40, 23.64, 48.15
2020-10-28, 15:36:41, 23.64, 48.15
2020-10-28, 15:36:42, 23.64, 48.15
2020-10-28, 15:36:44, 23.64, 48.15
2020-10-28, 15:36:45, 23.65, 48.15
2020-10-28, 15:36:47, 23.64, 48.15
2020-10-28, 15:36:48, 23.65, 48.15
2020-10-28, 15:36:49, 23.64, 48.15
2020-10-28, 15:36:51, 23.64, 48.15
2020-10-28, 15:36:52, 23.63, 48.15
2020-10-28, 15:36:53, 23.64, 48.15
2020-10-28, 15:36:55, 23.64, 48.15
2020-10-28, 15:36:56, 23.63, 48.15
2020-10-28, 15:36:57, 23.62, 48.15
2020-10-28, 15:36:59, 23.65, 48.15
2020-10-28, 15:37:00, 23.62, 48.15
2020-10-28, 15:37:01, 23.63, 48.15
2020-10-28, 15:37:03, 23.64, 48.19
2020-10-28, 15:37:04, 23.63, 48.18
2020-10-28, 15:37:06, 23.64, 48.19
2020-10-28, 15:37:07, 23.66, 48.16
2020-10-28, 15:37:08, 23.65, 48.15
2020-10-28, 15:37:10, 23.66, 48.16
2020-10-28, 15:37:11, 23.64, 48.19
2020-10-28, 15:37:12, 23.64, 48.15
2020-10-28, 15:37:14, 23.64, 48.15
2020-10-28, 15:37:15, 23.64, 48.19
2020-10-28, 15:37:16, 23.65, 48.15
2020-10-28, 15:37:18, 23.64, 48.15
2020-10-28, 15:37:19, 23.62, 48.18
2020-10-28, 15:37:20, 23.64, 48.15
2020-10-28, 15:37:22, 23.64, 48.19
2020-10-28, 15:37:23, 23.65, 48.15
2020-10-28, 15:37:25, 23.63, 48.18
2020-10-28, 15:37:26, 23.64, 48.19
2020-10-28, 15:37:27, 23.64, 48.19
2020-10-28, 15:37:29, 23.63, 48.18
2020-10-28, 15:37:30, 23.62, 48.18
2020-10-28, 15:37:31, 23.65, 48.19
2020-10-28, 15:37:33, 23.65, 48.19
2020-10-28, 15:37:34, 23.64, 48.19
2020-10-28, 15:37:35, 23.65, 48.22
2020-10-28, 15:37:37, 23.65, 48.19
2020-10-28, 15:37:38, 23.64, 48.19
2020-10-28, 15:37:40, 23.65, 48.19
2020-10-28, 15:37:41, 23.65, 48.22
2020-10-28, 15:37:42, 23.65, 48.19
2020-10-28, 15:37:44, 23.63, 48.18
2020-10-28, 15:37:45, 23.64, 48.22
2020-10-28, 15:37:46, 23.63, 48.22
2020-10-28, 15:37:48, 23.63, 48.22
2020-10-28, 15:37:49, 23.63, 48.18
2020-10-28, 15:37:50, 23.62, 48.18
2020-10-28, 15:37:52, 23.62, 48.18
2020-10-28, 15:37:53, 23.62, 48.18
2020-10-28, 15:37:54, 23.63, 48.18
2020-10-28, 15:37:56, 23.64, 48.19
2020-10-28, 15:37:57, 23.64, 48.19
2020-10-28, 15:37:59, 23.64, 48.19
2020-10-28, 15:38:00, 23.65, 48.19
2020-10-28, 15:38:01, 23.64, 48.19
2020-10-28, 15:38:03, 23.64, 48.22
2020-10-28, 15:38:04, 23.65, 48.19
2020-10-28, 15:38:05, 23.64, 48.22
2020-10-28, 15:38:07, 23.64, 48.22
2020-10-28, 15:38:08, 23.64, 48.19
2020-10-28, 15:38:09, 23.64, 48.22
2020-10-28, 15:38:11, 23.64, 48.22
2020-10-28, 15:38:12, 23.63, 48.22
2020-10-28, 15:38:13, 23.64, 48.25
2020-10-28, 15:38:15, 23.63, 48.22
2020-10-28, 15:38:16, 23.64, 48.22
2020-10-28, 15:38:18, 23.64, 48.25
2020-10-28, 15:38:19, 23.65, 48.25
2020-10-28, 15:38:20, 23.64, 48.22
2020-10-28, 15:38:22, 23.66, 48.25
2020-10-28, 15:38:23, 23.64, 48.22
2020-10-28, 15:38:24, 23.64, 48.22
2020-10-28, 15:38:26, 23.63, 48.25
2020-10-28, 15:38:27, 23.62, 48.25
2020-10-28, 15:38:28, 23.62, 48.25
2020-10-28, 15:38:30, 23.62, 48.28
2020-10-28, 15:38:31, 23.63, 48.28
2020-10-28, 15:38:32, 23.64, 48.25
2020-10-28, 15:38:34, 23.64, 48.28
2020-10-28, 15:38:35, 23.64, 48.28
2020-10-28, 15:38:37, 23.64, 48.28
2020-10-28, 15:38:38, 23.64, 48.28
2020-10-28, 15:38:39, 23.64, 48.28
2020-10-28, 15:38:41, 23.63, 48.28
2020-10-28, 15:38:42, 23.62, 48.31
2020-10-28, 15:38:43, 23.64, 48.28
2020-10-28, 15:38:45, 23.62, 48.31
2020-10-28, 15:38:46, 23.62, 48.28
2020-10-28, 15:38:47, 23.63, 48.34
2020-10-28, 15:38:49, 23.63, 48.28
2020-10-28, 15:38:50, 23.63, 48.28
2020-10-28, 15:38:51, 23.63, 48.28
2020-10-28, 15:38:53, 23.64, 48.28
2020-10-28, 15:38:54, 23.64, 48.31
2020-10-28, 15:38:56, 23.62, 48.31
2020-10-28, 15:38:57, 23.64, 48.28
2020-10-28, 15:38:58, 23.64, 48.28
2020-10-28, 15:39:00, 23.63, 48.28
2020-10-28, 15:39:01, 23.63, 48.28
2020-10-28, 15:39:02, 23.63, 48.28
2020-10-28, 15:39:04, 23.63, 48.28
2020-10-28, 15:39:05, 23.64, 48.28
2020-10-28, 15:39:06, 23.64, 48.28
2020-10-28, 15:39:08, 23.63, 48.28
2020-10-28, 15:39:09, 23.62, 48.31
2020-10-28, 15:39:10, 23.64, 48.31
2020-10-28, 15:39:12, 23.63, 48.31
2020-10-28, 15:39:13, 23.63, 48.31
2020-10-28, 15:39:15, 23.63, 48.31
2020-10-28, 15:39:16, 23.64, 48.31
2020-10-28, 15:39:17, 23.64, 48.31
2020-10-28, 15:39:19, 23.62, 48.31
2020-10-28, 15:39:20, 23.64, 48.34
2020-10-28, 15:39:21, 23.62, 48.34
2020-10-28, 15:39:23, 23.62, 48.34
2020-10-28, 15:39:24, 23.62, 48.31
2020-10-28, 15:39:25, 23.62, 48.34
2020-10-28, 15:39:27, 23.63, 48.34
2020-10-28, 15:39:28, 23.62, 48.34
2020-10-28, 15:39:29, 23.62, 48.34
2020-10-28, 15:39:31, 23.63, 48.34
2020-10-28, 15:39:32, 23.64, 48.34
2020-10-28, 15:39:33, 23.63, 48.38
2020-10-28, 15:39:35, 23.61, 48.34
2020-10-28, 15:39:36, 23.61, 48.37
2020-10-28, 15:39:38, 23.62, 48.37
2020-10-28, 15:39:39, 23.6, 48.34
2020-10-28, 15:39:40, 23.61, 48.37
2020-10-28, 15:39:42, 23.62, 48.34
2020-10-28, 15:39:43, 23.62, 48.34
2020-10-28, 15:39:44, 23.62, 48.37
2020-10-28, 15:39:46, 23.62, 48.37
2020-10-28, 15:39:47, 23.63, 48.38
2020-10-28, 15:39:48, 23.62, 48.37
2020-10-28, 15:39:50, 23.61, 48.34
2020-10-28, 15:39:51, 23.62, 48.37
2020-10-28, 15:39:52, 23.62, 48.37
2020-10-28, 15:39:54, 23.63, 48.41
2020-10-28, 15:39:55, 23.61, 48.37
2020-10-28, 15:39:57, 23.61, 48.37
2020-10-28, 15:39:58, 23.61, 48.4
2020-10-28, 15:39:59, 23.61, 48.37
2020-10-28, 15:40:01, 23.6, 48.4
2020-10-28, 15:40:02, 23.6, 48.4
2020-10-28, 15:40:03, 23.6, 48.4
2020-10-28, 15:40:05, 23.62, 48.41
2020-10-28, 15:40:06, 23.6, 48.44
2020-10-28, 15:40:07, 23.6, 48.44
2020-10-28, 15:40:09, 23.6, 48.47
2020-10-28, 15:40:10, 23.59, 48.47
2020-10-28, 15:40:11, 23.59, 48.47
2020-10-28, 15:40:13, 23.6, 48.47
2020-10-28, 15:40:14, 23.57, 48.46
2020-10-28, 15:40:16, 23.59, 48.5
2020-10-28, 15:40:17, 23.58, 48.46
2020-10-28, 15:40:18, 23.57, 48.5
2020-10-28, 15:40:20, 23.59, 48.5
2020-10-28, 15:40:21, 23.58, 48.46
2020-10-28, 15:40:22, 23.6, 48.47
2020-10-28, 15:40:24, 23.58, 48.46
2020-10-28, 15:40:25, 23.59, 48.5
2020-10-28, 15:40:26, 23.6, 48.47
2020-10-28, 15:40:28, 23.59, 48.5
2020-10-28, 15:40:29, 23.59, 48.5
2020-10-28, 15:40:30, 23.59, 48.5
2020-10-28, 15:40:32, 23.57, 48.5
2020-10-28, 15:40:33, 23.58, 48.53
2020-10-28, 15:40:35, 23.58, 48.53
2020-10-28, 15:40:36, 23.59, 48.53
2020-10-28, 15:40:37, 23.59, 48.53
2020-10-28, 15:40:39, 23.58, 48.53
2020-10-28, 15:40:40, 23.58, 48.53
2020-10-28, 15:40:41, 23.6, 48.47
2020-10-28, 15:40:43, 23.6, 48.5
2020-10-28, 15:40:44, 23.6, 48.53
2020-10-28, 15:40:45, 23.59, 48.53
2020-10-28, 15:40:47, 23.59, 48.53
2020-10-28, 15:40:48, 23.58, 48.5
2020-10-28, 15:40:49, 23.57, 48.5
2020-10-28, 15:40:51, 23.59, 48.5
2020-10-28, 15:40:52, 23.59, 48.53
2020-10-28, 15:40:54, 23.6, 48.53
2020-10-28, 15:40:55, 23.59, 48.53
2020-10-28, 15:40:56, 23.6, 48.5
2020-10-28, 15:40:58, 23.6, 48.5
2020-10-28, 15:40:59, 23.59, 48.53
2020-10-28, 15:41:00, 23.6, 48.5
2020-10-28, 15:41:02, 23.61, 48.47
2020-10-28, 15:41:03, 23.6, 48.5
2020-10-28, 15:41:04, 23.61, 48.5
2020-10-28, 15:41:06, 23.6, 48.53
2020-10-28, 15:41:07, 23.6, 48.53
2020-10-28, 15:41:08, 23.6, 48.5
2020-10-28, 15:41:10, 23.6, 48.53
2020-10-28, 15:41:11, 23.61, 48.53
2020-10-28, 15:41:13, 23.6, 48.53
2020-10-28, 15:41:14, 23.6, 48.53
2020-10-28, 15:41:15, 23.61, 48.53
2020-10-28, 15:41:17, 23.6, 48.53
2020-10-28, 15:41:18, 23.58, 48.53
2020-10-28, 15:41:19, 23.58, 48.53
2020-10-28, 15:41:21, 23.58, 48.56
2020-10-28, 15:41:22, 23.59, 48.56
2020-10-28, 15:41:23, 23.58, 48.59
2020-10-28, 15:41:25, 23.58, 48.56
2020-10-28, 15:41:26, 23.58, 48.59
2020-10-28, 15:41:27, 23.57, 48.59
2020-10-28, 15:41:29, 23.56, 48.56
2020-10-28, 15:41:30, 23.56, 48.59
2020-10-28, 15:41:32, 23.57, 48.59
2020-10-28, 15:41:33, 23.57, 48.59
2020-10-28, 15:41:34, 23.57, 48.59
2020-10-28, 15:41:36, 23.57, 48.59
2020-10-28, 15:41:37, 23.57, 48.59
2020-10-28, 15:41:38, 23.57, 48.59
2020-10-28, 15:41:40, 23.55, 48.59
2020-10-28, 15:41:41, 23.58, 48.59
2020-10-28, 15:41:42, 23.58, 48.59
2020-10-28, 15:41:44, 23.57, 48.59
2020-10-28, 15:41:45, 23.57, 48.59
2020-10-28, 15:41:47, 23.56, 48.59
2020-10-28, 15:41:48, 23.56, 48.59
2020-10-28, 15:41:49, 23.56, 48.62
2020-10-28, 15:41:51, 23.56, 48.59
2020-10-28, 15:41:52, 23.57, 48.62
2020-10-28, 15:41:53, 23.56, 48.62
2020-10-28, 15:41:55, 23.55, 48.65
2020-10-28, 15:41:56, 23.54, 48.65
2020-10-28, 15:41:57, 23.55, 48.65
2020-10-28, 15:41:59, 23.56, 48.65
2020-10-28, 15:42:00, 23.56, 48.65
2020-10-28, 15:42:01, 23.56, 48.65
2020-10-28, 15:42:03, 23.55, 48.65
2020-10-28, 15:42:04, 23.56, 48.65
2020-10-28, 15:42:05, 23.55, 48.65
2020-10-28, 15:42:07, 23.56, 48.65
2020-10-28, 15:42:08, 23.55, 48.65
2020-10-28, 15:42:10, 23.55, 48.65
2020-10-28, 15:42:11, 23.55, 48.65
2020-10-28, 15:42:12, 23.55, 48.65
2020-10-28, 15:42:14, 23.56, 48.65
2020-10-28, 15:42:15, 23.56, 48.65
2020-10-28, 15:42:16, 23.55, 48.65
2020-10-28, 15:42:18, 23.54, 48.65
2020-10-28, 15:42:19, 23.55, 48.65
2020-10-28, 15:42:20, 23.56, 48.65
2020-10-28, 15:42:22, 23.57, 48.65
2020-10-28, 15:42:23, 23.55, 48.65
2020-10-28, 15:42:24, 23.56, 48.65
2020-10-28, 15:42:26, 23.54, 48.65
2020-10-28, 15:42:27, 23.55, 48.68
2020-10-28, 15:42:29, 23.55, 48.68
2020-10-28, 15:42:30, 23.54, 48.68
2020-10-28, 15:42:31, 23.54, 48.68
2020-10-28, 15:42:33, 23.54, 48.68
2020-10-28, 15:42:34, 23.56, 48.69
2020-10-28, 15:42:35, 23.55, 48.68
2020-10-28, 15:42:37, 23.55, 48.68
2020-10-28, 15:42:38, 23.56, 48.65
2020-10-28, 15:42:39, 23.55, 48.65
2020-10-28, 15:42:41, 23.56, 48.69
2020-10-28, 15:42:42, 23.54, 48.65
2020-10-28, 15:42:43, 23.55, 48.68
2020-10-28, 15:42:45, 23.55, 48.65
2020-10-28, 15:42:46, 23.54, 48.68
2020-10-28, 15:42:48, 23.54, 48.68
2020-10-28, 15:42:49, 23.56, 48.69
2020-10-28, 15:42:50, 23.56, 48.69
2020-10-28, 15:42:52, 23.56, 48.69
2020-10-28, 15:42:53, 23.55, 48.72
2020-10-28, 15:42:54, 23.54, 48.71
2020-10-28, 15:42:56, 23.54, 48.68
2020-10-28, 15:42:57, 23.55, 48.72
2020-10-28, 15:42:58, 23.55, 48.72
2020-10-28, 15:43:00, 23.54, 48.71
2020-10-28, 15:43:01, 23.52, 48.71
2020-10-28, 15:43:02, 23.52, 48.71
2020-10-28, 15:43:04, 23.53, 48.71
2020-10-28, 15:43:05, 23.54, 48.75
2020-10-28, 15:43:06, 23.52, 48.71
2020-10-28, 15:43:08, 23.53, 48.74
2020-10-28, 15:43:09, 23.54, 48.75
2020-10-28, 15:43:11, 23.56, 48.78
2020-10-28, 15:43:12, 23.54, 48.75
2020-10-28, 15:43:13, 23.54, 48.75
2020-10-28, 15:43:15, 23.54, 48.75
2020-10-28, 15:43:16, 23.54, 48.75
2020-10-28, 15:43:17, 23.54, 48.78
2020-10-28, 15:43:19, 23.54, 48.75
2020-10-28, 15:43:20, 23.54, 48.75
2020-10-28, 15:43:21, 23.54, 48.78
2020-10-28, 15:43:23, 23.55, 48.75
2020-10-28, 15:43:24, 23.56, 48.78
2020-10-28, 15:43:25, 23.54, 48.78
2020-10-28, 15:43:27, 23.54, 48.78
2020-10-28, 15:43:28, 23.54, 48.78
2020-10-28, 15:43:30, 23.53, 48.78
2020-10-28, 15:43:31, 23.54, 48.78
2020-10-28, 15:43:32, 23.54, 48.78
2020-10-28, 15:43:34, 23.52, 48.78
2020-10-28, 15:43:35, 23.55, 48.78
2020-10-28, 15:43:36, 23.54, 48.78
2020-10-28, 15:43:38, 23.52, 48.78
2020-10-28, 15:43:39, 23.52, 48.78
2020-10-28, 15:43:40, 23.52, 48.78
2020-10-28, 15:43:42, 23.54, 48.81
2020-10-28, 15:43:43, 23.54, 48.81
2020-10-28, 15:43:44, 23.52, 48.81
2020-10-28, 15:43:46, 23.52, 48.81
2020-10-28, 15:43:47, 23.53, 48.81
2020-10-28, 15:43:48, 23.52, 48.81
2020-10-28, 15:43:50, 23.54, 48.81
2020-10-28, 15:43:51, 23.52, 48.81
2020-10-28, 15:43:53, 23.53, 48.81
2020-10-28, 15:43:54, 23.52, 48.81
2020-10-28, 15:43:55, 23.53, 48.81
2020-10-28, 15:43:57, 23.52, 48.81
2020-10-28, 15:43:58, 23.53, 48.78
2020-10-28, 15:43:59, 23.52, 48.81
2020-10-28, 15:44:01, 23.52, 48.84
2020-10-28, 15:44:02, 23.52, 48.81
2020-10-28, 15:44:03, 23.52, 48.81
2020-10-28, 15:44:05, 23.53, 48.81
2020-10-28, 15:44:06, 23.52, 48.81
2020-10-28, 15:44:07, 23.53, 48.81
2020-10-28, 15:44:09, 23.54, 48.81
2020-10-28, 15:44:10, 23.53, 48.81
2020-10-28, 15:44:11, 23.54, 48.81
2020-10-28, 15:44:13, 23.52, 48.81
2020-10-28, 15:44:14, 23.52, 48.81
2020-10-28, 15:44:16, 23.53, 48.78
2020-10-28, 15:44:17, 23.51, 48.81
2020-10-28, 15:44:18, 23.51, 48.84
2020-10-28, 15:44:20, 23.51, 48.81
2020-10-28, 15:44:21, 23.51, 48.84
2020-10-28, 15:44:22, 23.51, 48.84
2020-10-28, 15:44:24, 23.52, 48.84
2020-10-28, 15:44:25, 23.53, 48.84
2020-10-28, 15:44:26, 23.52, 48.84
2020-10-28, 15:44:28, 23.52, 48.84
2020-10-28, 15:44:29, 23.52, 48.84
2020-10-28, 15:44:30, 23.52, 48.81
2020-10-28, 15:44:32, 23.52, 48.84
2020-10-28, 15:44:33, 23.51, 48.84
2020-10-28, 15:44:35, 23.51, 48.84
2020-10-28, 15:44:36, 23.52, 48.84
2020-10-28, 15:44:37, 23.52, 48.84
2020-10-28, 15:44:39, 23.53, 48.84
2020-10-28, 15:44:40, 23.52, 48.84
2020-10-28, 15:44:41, 23.51, 48.84
2020-10-28, 15:44:43, 23.54, 48.84
2020-10-28, 15:44:44, 23.52, 48.81
2020-10-28, 15:44:45, 23.52, 48.84
2020-10-28, 15:44:47, 23.52, 48.81
2020-10-28, 15:44:48, 23.51, 48.81
2020-10-28, 15:44:50, 23.49, 48.8
2020-10-28, 15:44:51, 23.52, 48.84
2020-10-28, 15:44:52, 23.5, 48.84
2020-10-28, 15:44:54, 23.5, 48.84
2020-10-28, 15:44:55, 23.52, 48.84
2020-10-28, 15:44:56, 23.51, 48.84
2020-10-28, 15:44:58, 23.5, 48.84
2020-10-28, 15:44:59, 23.51, 48.84
2020-10-28, 15:45:00, 23.51, 48.84
2020-10-28, 15:45:02, 23.5, 48.84
2020-10-28, 15:45:03, 23.52, 48.84
2020-10-28, 15:45:04, 23.52, 48.84
2020-10-28, 15:45:06, 23.53, 48.84
2020-10-28, 15:45:07, 23.52, 48.84
2020-10-28, 15:45:08, 23.52, 48.84
2020-10-28, 15:45:10, 23.53, 48.84
2020-10-28, 15:45:11, 23.52, 48.84
2020-10-28, 15:45:13, 23.53, 48.84
2020-10-28, 15:45:14, 23.52, 48.84
2020-10-28, 15:45:15, 23.52, 48.84
2020-10-28, 15:45:17, 23.5, 48.84
2020-10-28, 15:45:18, 23.52, 48.84
2020-10-28, 15:45:19, 23.52, 48.84
2020-10-28, 15:45:21, 23.52, 48.84
2020-10-28, 15:45:22, 23.51, 48.84
2020-10-28, 15:45:23, 23.52, 48.84
2020-10-28, 15:45:25, 23.52, 48.84
2020-10-28, 15:45:26, 23.52, 48.84
2020-10-28, 15:45:28, 23.52, 48.84
2020-10-28, 15:45:29, 23.52, 48.84
2020-10-28, 15:45:30, 23.52, 48.84
2020-10-28, 15:45:32, 23.52, 48.81
2020-10-28, 15:45:33, 23.52, 48.84
2020-10-28, 15:45:34, 23.52, 48.84
2020-10-28, 15:45:36, 23.52, 48.81
2020-10-28, 15:45:37, 23.52, 48.81
2020-10-28, 15:45:38, 23.52, 48.81
2020-10-28, 15:45:40, 23.52, 48.81
2020-10-28, 15:45:41, 23.52, 48.84
2020-10-28, 15:45:42, 23.52, 48.81
2020-10-28, 15:45:44, 23.53, 48.84
2020-10-28, 15:45:45, 23.54, 48.81
2020-10-28, 15:45:46, 23.52, 48.78
2020-10-28, 15:45:48, 23.51, 48.77
2020-10-28, 15:45:49, 23.52, 48.81
2020-10-28, 15:45:51, 23.53, 48.81
2020-10-28, 15:45:52, 23.52, 48.81
2020-10-28, 15:45:53, 23.51, 48.81
2020-10-28, 15:45:55, 23.44, 48.8
2020-10-28, 15:45:56, 23.5, 48.84
2020-10-28, 15:45:58, 23.51, 48.84
2020-10-28, 15:45:59, 23.51, 48.84
2020-10-28, 15:46:00, 23.52, 48.84
2020-10-28, 15:46:02, 23.52, 48.84
2020-10-28, 15:46:03, 23.51, 48.84
2020-10-28, 15:46:04, 23.52, 48.84
2020-10-28, 15:46:06, 23.52, 48.84
2020-10-28, 15:46:07, 23.52, 48.84
2020-10-28, 15:46:08, 23.51, 48.84
2020-10-28, 15:46:10, 23.52, 48.84
2020-10-28, 15:46:11, 23.52, 48.84
2020-10-28, 15:46:12, 23.52, 48.81
2020-10-28, 15:46:14, 23.52, 48.84
2020-10-28, 15:46:15, 23.52, 48.84
2020-10-28, 15:46:17, 23.51, 48.81
2020-10-28, 15:46:18, 23.52, 48.81
2020-10-28, 15:46:19, 23.51, 48.81
2020-10-28, 15:46:21, 23.51, 48.81
2020-10-28, 15:46:22, 23.52, 48.81
2020-10-28, 15:46:23, 23.52, 48.81
2020-10-28, 15:46:25, 23.53, 48.78
2020-10-28, 15:46:26, 23.53, 48.78
2020-10-28, 15:46:27, 23.52, 48.81
2020-10-28, 15:46:29, 23.53, 48.78
2020-10-28, 15:46:30, 23.52, 48.81
2020-10-28, 15:46:31, 23.52, 48.78
2020-10-28, 15:46:33, 23.53, 48.81
2020-10-28, 15:46:34, 23.54, 48.81
2020-10-28, 15:46:36, 23.53, 48.78
2020-10-28, 15:46:37, 23.53, 48.78
2020-10-28, 15:46:38, 23.54, 48.78
2020-10-28, 15:46:40, 23.52, 48.78
2020-10-28, 15:46:41, 23.54, 48.78
2020-10-28, 15:46:42, 23.53, 48.81
2020-10-28, 15:46:44, 23.53, 48.78
2020-10-28, 15:46:45, 23.52, 48.78
2020-10-28, 15:46:46, 23.53, 48.78
2020-10-28, 15:46:48, 23.53, 48.78
2020-10-28, 15:46:49, 23.52, 48.78
2020-10-28, 15:46:50, 23.52, 48.78
2020-10-28, 15:46:52, 23.52, 48.81
2020-10-28, 15:46:53, 23.52, 48.81
2020-10-28, 15:46:54, 23.52, 48.78
2020-10-28, 15:46:56, 23.52, 48.81
2020-10-28, 15:46:57, 23.51, 48.81
2020-10-28, 15:46:59, 23.51, 48.81
2020-10-28, 15:47:00, 23.5, 48.8
2020-10-28, 15:47:02, 23.49, 48.84
2020-10-28, 15:47:03, 23.5, 48.84
2020-10-28, 15:47:04, 23.52, 48.84
2020-10-28, 15:47:06, 23.5, 48.84
2020-10-28, 15:47:07, 23.51, 48.84
2020-10-28, 15:47:08, 23.51, 48.84
2020-10-28, 15:47:10, 23.51, 48.84
2020-10-28, 15:47:11, 23.51, 48.84
2020-10-28, 15:47:12, 23.52, 48.81
2020-10-28, 15:47:14, 23.52, 48.81
2020-10-28, 15:47:15, 23.51, 48.81
2020-10-28, 15:47:16, 23.53, 48.81
2020-10-28, 15:47:18, 23.5, 48.8
2020-10-28, 15:47:19, 23.53, 48.81
2020-10-28, 15:47:20, 23.52, 48.81
2020-10-28, 15:47:22, 23.52, 48.78
2020-10-28, 15:47:23, 23.52, 48.78
2020-10-28, 15:47:25, 23.52, 48.81
2020-10-28, 15:47:26, 23.51, 48.77
2020-10-28, 15:47:27, 23.53, 48.78
2020-10-28, 15:47:29, 23.51, 48.77
2020-10-28, 15:47:30, 23.52, 48.78
2020-10-28, 15:47:31, 23.52, 48.78
2020-10-28, 15:47:33, 23.5, 48.77
2020-10-28, 15:47:34, 23.52, 48.78
2020-10-28, 15:47:35, 23.52, 48.78
2020-10-28, 15:47:37, 23.52, 48.78
2020-10-28, 15:47:38, 23.52, 48.78
2020-10-28, 15:47:39, 23.52, 48.78
2020-10-28, 15:47:41, 23.54, 48.78
2020-10-28, 15:47:42, 23.54, 48.78
2020-10-28, 15:47:44, 23.52, 48.74
2020-10-28, 15:47:45, 23.53, 48.78
2020-10-28, 15:47:46, 23.52, 48.78
2020-10-28, 15:47:48, 23.53, 48.74
2020-10-28, 15:47:49, 23.54, 48.78
2020-10-28, 15:47:50, 23.54, 48.75
2020-10-28, 15:47:52, 23.53, 48.74
2020-10-28, 15:47:53, 23.54, 48.75
2020-10-28, 15:47:54, 23.55, 48.75
2020-10-28, 15:47:56, 23.54, 48.75
2020-10-28, 15:47:57, 23.55, 48.75
2020-10-28, 15:47:58, 23.55, 48.72
2020-10-28, 15:48:00, 23.55, 48.72
2020-10-28, 15:48:01, 23.55, 48.75
2020-10-28, 15:48:03, 23.55, 48.72
2020-10-28, 15:48:04, 23.55, 48.72
2020-10-28, 15:48:05, 23.55, 48.72
2020-10-28, 15:48:07, 23.55, 48.72
2020-10-28, 15:48:08, 23.53, 48.71
2020-10-28, 15:48:09, 23.54, 48.71
2020-10-28, 15:48:11, 23.55, 48.72
2020-10-28, 15:48:12, 23.56, 48.72
2020-10-28, 15:48:13, 23.55, 48.72
2020-10-28, 15:48:15, 23.53, 48.71
2020-10-28, 15:48:16, 23.54, 48.71
2020-10-28, 15:48:17, 23.54, 48.71
2020-10-28, 15:48:19, 23.55, 48.72
2020-10-28, 15:48:20, 23.54, 48.71
2020-10-28, 15:48:21, 23.55, 48.72
2020-10-28, 15:48:23, 23.56, 48.72
2020-10-28, 15:48:24, 23.56, 48.72
2020-10-28, 15:48:26, 23.56, 48.72
2020-10-28, 15:48:27, 23.55, 48.72
2020-10-28, 15:48:28, 23.56, 48.72
2020-10-28, 15:48:30, 23.55, 48.72
2020-10-28, 15:48:31, 23.56, 48.72
2020-10-28, 15:48:32, 23.56, 48.72
2020-10-28, 15:48:34, 23.56, 48.69
2020-10-28, 15:48:35, 23.56, 48.69
2020-10-28, 15:48:36, 23.55, 48.72
2020-10-28, 15:48:38, 23.55, 48.68
2020-10-28, 15:48:39, 23.55, 48.68
2020-10-28, 15:48:40, 23.56, 48.69
2020-10-28, 15:48:42, 23.55, 48.68
2020-10-28, 15:48:43, 23.57, 48.69
2020-10-28, 15:48:44, 23.57, 48.65
2020-10-28, 15:48:46, 23.57, 48.69
2020-10-28, 15:48:47, 23.56, 48.65
2020-10-28, 15:48:49, 23.56, 48.69
2020-10-28, 15:48:50, 23.55, 48.65
2020-10-28, 15:48:51, 23.56, 48.65
2020-10-28, 15:48:53, 23.56, 48.65
2020-10-28, 15:48:54, 23.55, 48.68
2020-10-28, 15:48:56, 23.56, 48.65
2020-10-28, 15:48:57, 23.56, 48.65
2020-10-28, 15:48:58, 23.56, 48.69
2020-10-28, 15:49:00, 23.57, 48.65
2020-10-28, 15:49:01, 23.55, 48.65
2020-10-28, 15:49:02, 23.55, 48.65
2020-10-28, 15:49:04, 23.55, 48.65
2020-10-28, 15:49:05, 23.54, 48.65
2020-10-28, 15:49:06, 23.56, 48.65
2020-10-28, 15:49:08, 23.56, 48.65
2020-10-28, 15:49:09, 23.56, 48.65
2020-10-28, 15:49:10, 23.56, 48.65
2020-10-28, 15:49:12, 23.55, 48.65
2020-10-28, 15:49:13, 23.57, 48.65
2020-10-28, 15:49:15, 23.57, 48.65
2020-10-28, 15:49:16, 23.55, 48.65
2020-10-28, 15:49:17, 23.56, 48.65
2020-10-28, 15:49:19, 23.55, 48.65
2020-10-28, 15:49:20, 23.55, 48.65
2020-10-28, 15:49:21, 23.55, 48.65
2020-10-28, 15:49:23, 23.55, 48.65
2020-10-28, 15:49:24, 23.55, 48.65
2020-10-28, 15:49:26, 23.54, 48.65
2020-10-28, 15:49:27, 23.51, 48.65
2020-10-28, 15:49:28, 23.55, 48.65
2020-10-28, 15:49:30, 23.54, 48.68
2020-10-28, 15:49:31, 23.55, 48.65
2020-10-28, 15:49:32, 23.54, 48.65
2020-10-28, 15:49:34, 23.56, 48.65
2020-10-28, 15:49:35, 23.55, 48.65
2020-10-28, 15:49:36, 23.54, 48.65
2020-10-28, 15:49:38, 23.53, 48.65
2020-10-28, 15:49:39, 23.54, 48.65
2020-10-28, 15:49:41, 23.56, 48.62
2020-10-28, 15:49:42, 23.55, 48.65
2020-10-28, 15:49:43, 23.54, 48.65
2020-10-28, 15:49:45, 23.54, 48.65
2020-10-28, 15:49:46, 23.56, 48.65
2020-10-28, 15:49:47, 23.55, 48.65
2020-10-28, 15:49:49, 23.56, 48.65
2020-10-28, 15:49:50, 23.55, 48.62
2020-10-28, 15:49:51, 23.54, 48.65
2020-10-28, 15:49:53, 23.56, 48.62
2020-10-28, 15:49:54, 23.54, 48.62
2020-10-28, 15:49:56, 23.55, 48.62
2020-10-28, 15:49:57, 23.54, 48.62
2020-10-28, 15:49:58, 23.56, 48.62
2020-10-28, 15:50:00, 23.56, 48.62
2020-10-28, 15:50:01, 23.56, 48.65
2020-10-28, 15:50:02, 23.56, 48.62
2020-10-28, 15:50:04, 23.55, 48.62
2020-10-28, 15:50:05, 23.55, 48.65
2020-10-28, 15:50:06, 23.56, 48.62
2020-10-28, 15:50:08, 23.55, 48.62
2020-10-28, 15:50:09, 23.55, 48.59
2020-10-28, 15:50:10, 23.56, 48.59
2020-10-28, 15:50:12, 23.54, 48.62
2020-10-28, 15:50:13, 23.54, 48.62
2020-10-28, 15:50:15, 23.55, 48.62
2020-10-28, 15:50:16, 23.54, 48.62
2020-10-28, 15:50:17, 23.54, 48.65
2020-10-28, 15:50:19, 23.54, 48.65
2020-10-28, 15:50:20, 23.54, 48.65
2020-10-28, 15:50:21, 23.54, 48.62
2020-10-28, 15:50:23, 23.54, 48.62
2020-10-28, 15:50:24, 23.55, 48.65
2020-10-28, 15:50:25, 23.54, 48.62
2020-10-28, 15:50:27, 23.56, 48.65
2020-10-28, 15:50:28, 23.56, 48.62
2020-10-28, 15:50:29, 23.56, 48.59
2020-10-28, 15:50:31, 23.58, 48.62
2020-10-28, 15:50:32, 23.55, 48.62
2020-10-28, 15:50:34, 23.55, 48.62
2020-10-28, 15:50:35, 23.56, 48.62
2020-10-28, 15:50:36, 23.56, 48.62
2020-10-28, 15:50:38, 23.55, 48.62
2020-10-28, 15:50:39, 23.56, 48.59
2020-10-28, 15:50:40, 23.56, 48.59
2020-10-28, 15:50:42, 23.57, 48.59
2020-10-28, 15:50:43, 23.58, 48.59
2020-10-28, 15:50:45, 23.56, 48.59
2020-10-28, 15:50:46, 23.56, 48.59
2020-10-28, 15:50:47, 23.56, 48.56
2020-10-28, 15:50:49, 23.55, 48.56
2020-10-28, 15:50:50, 23.56, 48.56
2020-10-28, 15:50:51, 23.55, 48.56
2020-10-28, 15:50:53, 23.53, 48.59
2020-10-28, 15:50:54, 23.54, 48.56
2020-10-28, 15:50:55, 23.54, 48.59
2020-10-28, 15:50:57, 23.55, 48.59
2020-10-28, 15:50:58, 23.56, 48.56
2020-10-28, 15:50:59, 23.55, 48.56
2020-10-28, 15:51:01, 23.56, 48.56
2020-10-28, 15:51:02, 23.56, 48.56
2020-10-28, 15:51:04, 23.56, 48.59
2020-10-28, 15:51:05, 23.56, 48.59
2020-10-28, 15:51:06, 23.57, 48.56
2020-10-28, 15:51:08, 23.56, 48.53
2020-10-28, 15:51:09, 23.57, 48.56
2020-10-28, 15:51:10, 23.57, 48.56
2020-10-28, 15:51:12, 23.58, 48.56
2020-10-28, 15:51:13, 23.56, 48.53
2020-10-28, 15:51:14, 23.58, 48.53
2020-10-28, 15:51:16, 23.58, 48.53
2020-10-28, 15:51:17, 23.58, 48.53
2020-10-28, 15:51:18, 23.58, 48.53
2020-10-28, 15:51:20, 23.58, 48.53
2020-10-28, 15:51:21, 23.57, 48.53
2020-10-28, 15:51:23, 23.58, 48.5
2020-10-28, 15:51:24, 23.57, 48.53
2020-10-28, 15:51:25, 23.56, 48.49
2020-10-28, 15:51:27, 23.57, 48.53
2020-10-28, 15:51:28, 23.56, 48.53
2020-10-28, 15:51:29, 23.57, 48.5
2020-10-28, 15:51:31, 23.59, 48.53
2020-10-28, 15:51:32, 23.57, 48.53
2020-10-28, 15:51:33, 23.58, 48.53
2020-10-28, 15:51:35, 23.59, 48.53
2020-10-28, 15:51:36, 23.59, 48.53
2020-10-28, 15:51:37, 23.59, 48.53
2020-10-28, 15:51:39, 23.59, 48.53
2020-10-28, 15:51:40, 23.59, 48.53
2020-10-28, 15:51:42, 23.59, 48.53
2020-10-28, 15:51:43, 23.58, 48.5
2020-10-28, 15:51:44, 23.58, 48.5
2020-10-28, 15:51:46, 23.6, 48.5
2020-10-28, 15:51:47, 23.58, 48.5
2020-10-28, 15:51:48, 23.58, 48.5
2020-10-28, 15:51:50, 23.58, 48.5
2020-10-28, 15:51:51, 23.59, 48.5
2020-10-28, 15:51:52, 23.59, 48.47
2020-10-28, 15:51:54, 23.6, 48.47
2020-10-28, 15:51:55, 23.59, 48.47
2020-10-28, 15:51:56, 23.59, 48.47
2020-10-28, 15:51:58, 23.6, 48.47
2020-10-28, 15:51:59, 23.58, 48.46
2020-10-28, 15:52:01, 23.6, 48.5
2020-10-28, 15:52:02, 23.6, 48.47
2020-10-28, 15:52:03, 23.59, 48.47
2020-10-28, 15:52:05, 23.6, 48.47
2020-10-28, 15:52:06, 23.6, 48.44
2020-10-28, 15:52:07, 23.6, 48.47
2020-10-28, 15:52:09, 23.6, 48.47
2020-10-28, 15:52:10, 23.6, 48.47
2020-10-28, 15:52:11, 23.6, 48.47
2020-10-28, 15:52:13, 23.59, 48.47
2020-10-28, 15:52:14, 23.59, 48.43
2020-10-28, 15:52:16, 23.57, 48.46
2020-10-28, 15:52:17, 23.58, 48.43
2020-10-28, 15:52:18, 23.58, 48.43
2020-10-28, 15:52:20, 23.6, 48.44
2020-10-28, 15:52:21, 23.61, 48.44
2020-10-28, 15:52:22, 23.61, 48.44
2020-10-28, 15:52:24, 23.6, 48.4
2020-10-28, 15:52:25, 23.6, 48.4
2020-10-28, 15:52:26, 23.6, 48.4
2020-10-28, 15:52:28, 23.61, 48.4
2020-10-28, 15:52:29, 23.6, 48.4
2020-10-28, 15:52:30, 23.6, 48.4
2020-10-28, 15:52:32, 23.59, 48.4
2020-10-28, 15:52:33, 23.6, 48.37
2020-10-28, 15:52:34, 23.6, 48.37
2020-10-28, 15:52:36, 23.6, 48.37
2020-10-28, 15:52:37, 23.61, 48.34
2020-10-28, 15:52:39, 23.62, 48.37
2020-10-28, 15:52:40, 23.62, 48.37
2020-10-28, 15:52:41, 23.61, 48.34
2020-10-28, 15:52:43, 23.61, 48.37
2020-10-28, 15:52:44, 23.63, 48.34
2020-10-28, 15:52:45, 23.62, 48.34
2020-10-28, 15:52:47, 23.61, 48.34
2020-10-28, 15:52:48, 23.61, 48.34
2020-10-28, 15:52:49, 23.61, 48.34
2020-10-28, 15:52:51, 23.62, 48.34
2020-10-28, 15:52:52, 23.6, 48.34
2020-10-28, 15:52:53, 23.62, 48.34
2020-10-28, 15:52:55, 23.62, 48.34
2020-10-28, 15:52:56, 23.62, 48.34
2020-10-28, 15:52:57, 23.62, 48.34
2020-10-28, 15:52:59, 23.62, 48.34
2020-10-28, 15:53:00, 23.62, 48.34
2020-10-28, 15:53:02, 23.61, 48.34
2020-10-28, 15:53:03, 23.62, 48.31
2020-10-28, 15:53:04, 23.64, 48.34
2020-10-28, 15:53:06, 23.62, 48.31
2020-10-28, 15:53:07, 23.63, 48.31
2020-10-28, 15:53:08, 23.63, 48.31
2020-10-28, 15:53:10, 23.62, 48.28
2020-10-28, 15:53:11, 23.62, 48.31
2020-10-28, 15:53:12, 23.62, 48.31
2020-10-28, 15:53:14, 23.63, 48.31
2020-10-28, 15:53:15, 23.61, 48.28
2020-10-28, 15:53:16, 23.63, 48.28
2020-10-28, 15:53:18, 23.63, 48.28
2020-10-28, 15:53:19, 23.63, 48.31
2020-10-28, 15:53:21, 23.62, 48.31
2020-10-28, 15:53:22, 23.62, 48.28
2020-10-28, 15:53:23, 23.64, 48.28
2020-10-28, 15:53:25, 23.63, 48.31
2020-10-28, 15:53:26, 23.62, 48.28
2020-10-28, 15:53:27, 23.62, 48.28
2020-10-28, 15:53:29, 23.64, 48.28
2020-10-28, 15:53:30, 23.64, 48.28
2020-10-28, 15:53:31, 23.64, 48.28
2020-10-28, 15:53:33, 23.64, 48.28
2020-10-28, 15:53:34, 23.63, 48.28
2020-10-28, 15:53:35, 23.63, 48.28
2020-10-28, 15:53:37, 23.62, 48.28
2020-10-28, 15:53:38, 23.64, 48.28
2020-10-28, 15:53:39, 23.63, 48.28
2020-10-28, 15:53:41, 23.63, 48.28
2020-10-28, 15:53:42, 23.64, 48.25
2020-10-28, 15:53:44, 23.64, 48.25
2020-10-28, 15:53:45, 23.63, 48.25
2020-10-28, 15:53:46, 23.64, 48.25
2020-10-28, 15:53:48, 23.64, 48.25
2020-10-28, 15:53:49, 23.62, 48.25
2020-10-28, 15:53:50, 23.64, 48.25
2020-10-28, 15:53:52, 23.62, 48.21
2020-10-28, 15:53:53, 23.64, 48.22
2020-10-28, 15:53:54, 23.63, 48.25
2020-10-28, 15:53:56, 23.65, 48.22
2020-10-28, 15:53:57, 23.63, 48.25
2020-10-28, 15:53:58, 23.63, 48.25
2020-10-28, 15:54:00, 23.63, 48.25
2020-10-28, 15:54:01, 23.64, 48.22
2020-10-28, 15:54:03, 23.63, 48.22
2020-10-28, 15:54:04, 23.63, 48.22
2020-10-28, 15:54:05, 23.64, 48.22
2020-10-28, 15:54:07, 23.64, 48.22
2020-10-28, 15:54:08, 23.64, 48.22
2020-10-28, 15:54:09, 23.62, 48.21
2020-10-28, 15:54:11, 23.63, 48.22
2020-10-28, 15:54:12, 23.64, 48.25
2020-10-28, 15:54:13, 23.64, 48.22
2020-10-28, 15:54:15, 23.63, 48.22
2020-10-28, 15:54:16, 23.64, 48.22
2020-10-28, 15:54:18, 23.65, 48.22
2020-10-28, 15:54:19, 23.64, 48.22
2020-10-28, 15:54:20, 23.64, 48.22
2020-10-28, 15:54:22, 23.63, 48.22
2020-10-28, 15:54:23, 23.65, 48.22
2020-10-28, 15:54:24, 23.64, 48.22
2020-10-28, 15:54:26, 23.62, 48.21
2020-10-28, 15:54:27, 23.64, 48.19
2020-10-28, 15:54:28, 23.64, 48.19
2020-10-28, 15:54:30, 23.64, 48.19
2020-10-28, 15:54:31, 23.65, 48.19
2020-10-28, 15:54:33, 23.64, 48.19
2020-10-28, 15:54:34, 23.64, 48.19
2020-10-28, 15:54:35, 23.64, 48.22
2020-10-28, 15:54:37, 23.66, 48.19
2020-10-28, 15:54:38, 23.64, 48.19
2020-10-28, 15:54:39, 23.66, 48.19
2020-10-28, 15:54:41, 23.65, 48.19
2020-10-28, 15:54:42, 23.64, 48.19
2020-10-28, 15:54:43, 23.64, 48.19
2020-10-28, 15:54:45, 23.63, 48.15
2020-10-28, 15:54:46, 23.64, 48.15
2020-10-28, 15:54:47, 23.64, 48.19
2020-10-28, 15:54:49, 23.64, 48.15
2020-10-28, 15:54:50, 23.65, 48.19
2020-10-28, 15:54:52, 23.64, 48.19
2020-10-28, 15:54:53, 23.63, 48.18
2020-10-28, 15:54:54, 23.65, 48.15
2020-10-28, 15:54:56, 23.64, 48.19
2020-10-28, 15:54:57, 23.64, 48.15
2020-10-28, 15:54:58, 23.64, 48.15
2020-10-28, 15:55:00, 23.64, 48.15
2020-10-28, 15:55:01, 23.64, 48.15
2020-10-28, 15:55:02, 23.65, 48.15
2020-10-28, 15:55:04, 23.64, 48.15
2020-10-28, 15:55:05, 23.64, 48.15
2020-10-28, 15:55:07, 23.67, 48.16
2020-10-28, 15:55:08, 23.65, 48.15
2020-10-28, 15:55:09, 23.64, 48.15
2020-10-28, 15:55:11, 23.66, 48.16
2020-10-28, 15:55:12, 23.67, 48.16
2020-10-28, 15:55:13, 23.65, 48.12
2020-10-28, 15:55:15, 23.66, 48.16
2020-10-28, 15:55:16, 23.66, 48.12
2020-10-28, 15:55:17, 23.67, 48.13
2020-10-28, 15:55:19, 23.67, 48.13
2020-10-28, 15:55:20, 23.65, 48.09
2020-10-28, 15:55:21, 23.66, 48.12
2020-10-28, 15:55:23, 23.66, 48.12
2020-10-28, 15:55:24, 23.67, 48.13
2020-10-28, 15:55:26, 23.66, 48.12
2020-10-28, 15:55:27, 23.66, 48.12
2020-10-28, 15:55:28, 23.66, 48.12
2020-10-28, 15:55:30, 23.67, 48.16
2020-10-28, 15:55:31, 23.68, 48.13
2020-10-28, 15:55:32, 23.67, 48.16
2020-10-28, 15:55:34, 23.66, 48.09
2020-10-28, 15:55:35, 23.68, 48.09
2020-10-28, 15:55:36, 23.68, 48.09
2020-10-28, 15:55:38, 23.67, 48.09
2020-10-28, 15:55:39, 23.66, 48.09
2020-10-28, 15:55:40, 23.67, 48.09
2020-10-28, 15:55:42, 23.67, 48.09
2020-10-28, 15:55:43, 23.67, 48.06
2020-10-28, 15:55:44, 23.67, 48.06
2020-10-28, 15:55:46, 23.67, 48.06
2020-10-28, 15:55:47, 23.66, 48.06
2020-10-28, 15:55:49, 23.66, 48.09
2020-10-28, 15:55:50, 23.67, 48.09
2020-10-28, 15:55:51, 23.68, 48.09
2020-10-28, 15:55:53, 23.67, 48.09
2020-10-28, 15:55:54, 23.66, 48.09
2020-10-28, 15:55:55, 23.68, 48.09
2020-10-28, 15:55:57, 23.67, 48.09
2020-10-28, 15:55:58, 23.66, 48.09
2020-10-28, 15:55:59, 23.67, 48.06
2020-10-28, 15:56:01, 23.67, 48.09
2020-10-28, 15:56:02, 23.67, 48.09
2020-10-28, 15:56:03, 23.66, 48.09
2020-10-28, 15:56:05, 23.67, 48.09
2020-10-28, 15:56:06, 23.66, 48.09
2020-10-28, 15:56:08, 23.66, 48.09
2020-10-28, 15:56:09, 23.66, 48.09
2020-10-28, 15:56:10, 23.67, 48.09
2020-10-28, 15:56:12, 23.67, 48.09
2020-10-28, 15:56:13, 23.67, 48.06
2020-10-28, 15:56:14, 23.67, 48.09
2020-10-28, 15:56:16, 23.67, 48.09
2020-10-28, 15:56:17, 23.66, 48.09
2020-10-28, 15:56:18, 23.66, 48.09
2020-10-28, 15:56:20, 23.67, 48.06
2020-10-28, 15:56:21, 23.67, 48.06
2020-10-28, 15:56:22, 23.66, 48.09
2020-10-28, 15:56:24, 23.66, 48.09
2020-10-28, 15:56:25, 23.65, 48.09
2020-10-28, 15:56:27, 23.67, 48.09
2020-10-28, 15:56:28, 23.67, 48.09
2020-10-28, 15:56:29, 23.68, 48.09
2020-10-28, 15:56:31, 23.67, 48.09
2020-10-28, 15:56:32, 23.66, 48.09
2020-10-28, 15:56:33, 23.65, 48.09
2020-10-28, 15:56:35, 23.66, 48.06
2020-10-28, 15:56:36, 23.68, 48.09
2020-10-28, 15:56:37, 23.67, 48.09
2020-10-28, 15:56:39, 23.67, 48.09
2020-10-28, 15:56:40, 23.66, 48.09
2020-10-28, 15:56:42, 23.66, 48.09
2020-10-28, 15:56:43, 23.66, 48.09
2020-10-28, 15:56:44, 23.66, 48.09
2020-10-28, 15:56:46, 23.67, 48.09
2020-10-28, 15:56:47, 23.66, 48.09
2020-10-28, 15:56:48, 23.68, 48.09
2020-10-28, 15:56:50, 23.68, 48.09
2020-10-28, 15:56:51, 23.66, 48.09
2020-10-28, 15:56:52, 23.67, 48.06
2020-10-28, 15:56:54, 23.67, 48.09
2020-10-28, 15:56:55, 23.67, 48.09
2020-10-28, 15:56:56, 23.67, 48.09
2020-10-28, 15:56:58, 23.68, 48.06
2020-10-28, 15:56:59, 23.67, 48.06
2020-10-28, 15:57:00, 23.67, 48.06
2020-10-28, 15:57:02, 23.68, 48.09
2020-10-28, 15:57:03, 23.68, 48.09
2020-10-28, 15:57:05, 23.66, 48.09
2020-10-28, 15:57:06, 23.68, 48.09
2020-10-28, 15:57:07, 23.68, 48.09
2020-10-28, 15:57:09, 23.68, 48.09
2020-10-28, 15:57:10, 23.68, 48.06
2020-10-28, 15:57:11, 23.69, 48.06
2020-10-28, 15:57:13, 23.68, 48.06
2020-10-28, 15:57:14, 23.69, 48.06
2020-10-28, 15:57:15, 23.69, 48.06
2020-10-28, 15:57:17, 23.68, 48.03
2020-10-28, 15:57:18, 23.68, 48.03
2020-10-28, 15:57:19, 23.68, 48.06
2020-10-28, 15:57:21, 23.68, 48.03
2020-10-28, 15:57:22, 23.68, 48.03
2020-10-28, 15:57:24, 23.67, 48.06
2020-10-28, 15:57:25, 23.68, 48.03
2020-10-28, 15:57:26, 23.7, 48.07
2020-10-28, 15:57:28, 23.68, 48.06
2020-10-28, 15:57:29, 23.68, 48.06
2020-10-28, 15:57:30, 23.67, 48.06
2020-10-28, 15:57:32, 23.7, 48.1
2020-10-28, 15:57:33, 23.68, 48.09
2020-10-28, 15:57:34, 23.68, 48.06
2020-10-28, 15:57:36, 23.67, 48.06
2020-10-28, 15:57:37, 23.68, 48.06
2020-10-28, 15:57:38, 23.68, 48.09
2020-10-28, 15:57:40, 23.68, 48.06
2020-10-28, 15:57:41, 23.61, 48.09
2020-10-28, 15:57:43, 23.67, 48.09
2020-10-28, 15:57:44, 23.68, 48.09
2020-10-28, 15:57:45, 23.69, 48.13
2020-10-28, 15:57:47, 23.68, 48.09
2020-10-28, 15:57:48, 23.67, 48.09
2020-10-28, 15:57:49, 23.68, 48.09
2020-10-28, 15:57:51, 23.69, 48.1
2020-10-28, 15:57:52, 23.67, 48.09
2020-10-28, 15:57:53, 23.68, 48.09
2020-10-28, 15:57:55, 23.69, 48.1
2020-10-28, 15:57:56, 23.67, 48.09
2020-10-28, 15:57:58, 23.68, 48.09
2020-10-28, 15:57:59, 23.69, 48.1
2020-10-28, 15:58:00, 23.69, 48.1
2020-10-28, 15:58:02, 23.68, 48.09
2020-10-28, 15:58:03, 23.69, 48.1
2020-10-28, 15:58:04, 23.68, 48.09
2020-10-28, 15:58:06, 23.68, 48.09
2020-10-28, 15:58:07, 23.68, 48.09
2020-10-28, 15:58:08, 23.69, 48.1
2020-10-28, 15:58:10, 23.68, 48.09
2020-10-28, 15:58:11, 23.68, 48.09
2020-10-28, 15:58:12, 23.67, 48.09
2020-10-28, 15:58:14, 23.67, 48.09
2020-10-28, 15:58:15, 23.68, 48.09
2020-10-28, 15:58:17, 23.68, 48.09
2020-10-28, 15:58:18, 23.66, 48.09
2020-10-28, 15:58:19, 23.67, 48.09
2020-10-28, 15:58:21, 23.68, 48.09
2020-10-28, 15:58:22, 23.68, 48.09
2020-10-28, 15:58:24, 23.67, 48.09
2020-10-28, 15:58:25, 23.67, 48.13
2020-10-28, 15:58:26, 23.67, 48.16
2020-10-28, 15:58:28, 23.66, 48.12
2020-10-28, 15:58:29, 23.66, 48.12
2020-10-28, 15:58:30, 23.67, 48.16
2020-10-28, 15:58:32, 23.68, 48.13
2020-10-28, 15:58:33, 23.68, 48.16
2020-10-28, 15:58:34, 23.69, 48.13
2020-10-28, 15:58:36, 23.68, 48.13
2020-10-28, 15:58:37, 23.69, 48.13
2020-10-28, 15:58:38, 23.69, 48.13
2020-10-28, 15:58:40, 23.68, 48.13
2020-10-28, 15:58:41, 23.68, 48.13
2020-10-28, 15:58:42, 23.68, 48.16
2020-10-28, 15:58:44, 23.68, 48.13
2020-10-28, 15:58:45, 23.68, 48.16
2020-10-28, 15:58:47, 23.68, 48.16
2020-10-28, 15:58:48, 23.68, 48.16
2020-10-28, 15:58:49, 23.68, 48.13
2020-10-28, 15:58:51, 23.69, 48.16
2020-10-28, 15:58:52, 23.68, 48.13
2020-10-28, 15:58:53, 23.68, 48.13
2020-10-28, 15:58:55, 23.67, 48.16
2020-10-28, 15:58:56, 23.67, 48.16
2020-10-28, 15:58:57, 23.68, 48.16
2020-10-28, 15:58:59, 23.66, 48.16
2020-10-28, 15:59:00, 23.65, 48.15
2020-10-28, 15:59:02, 23.66, 48.16
2020-10-28, 15:59:03, 23.67, 48.16
2020-10-28, 15:59:04, 23.66, 48.19
2020-10-28, 15:59:06, 23.67, 48.16
2020-10-28, 15:59:07, 23.67, 48.16
2020-10-28, 15:59:08, 23.66, 48.19
2020-10-28, 15:59:10, 23.67, 48.19
2020-10-28, 15:59:11, 23.65, 48.19
2020-10-28, 15:59:13, 23.66, 48.19
2020-10-28, 15:59:14, 23.66, 48.19
2020-10-28, 15:59:15, 23.66, 48.19
2020-10-28, 15:59:17, 23.67, 48.22
2020-10-28, 15:59:18, 23.66, 48.22
2020-10-28, 15:59:19, 23.65, 48.22
2020-10-28, 15:59:21, 23.65, 48.22
2020-10-28, 15:59:22, 23.63, 48.18
2020-10-28, 15:59:23, 23.65, 48.19
2020-10-28, 15:59:25, 23.66, 48.22
2020-10-28, 15:59:26, 23.65, 48.22
2020-10-28, 15:59:27, 23.66, 48.22
2020-10-28, 15:59:29, 23.66, 48.22
2020-10-28, 15:59:30, 23.66, 48.22
2020-10-28, 15:59:32, 23.66, 48.22
2020-10-28, 15:59:33, 23.63, 48.25
2020-10-28, 15:59:34, 23.65, 48.22
2020-10-28, 15:59:36, 23.63, 48.22
2020-10-28, 15:59:37, 23.64, 48.25
2020-10-28, 15:59:38, 23.65, 48.22
2020-10-28, 15:59:40, 23.64, 48.25
2020-10-28, 15:59:41, 23.64, 48.25
2020-10-28, 15:59:42, 23.63, 48.25
2020-10-28, 15:59:44, 23.63, 48.28
2020-10-28, 15:59:45, 23.62, 48.28
2020-10-28, 15:59:46, 23.65, 48.28
2020-10-28, 15:59:48, 23.64, 48.28
2020-10-28, 15:59:49, 23.64, 48.28
2020-10-28, 15:59:51, 23.64, 48.28
2020-10-28, 15:59:52, 23.63, 48.28
2020-10-28, 15:59:53, 23.65, 48.28
2020-10-28, 15:59:55, 23.65, 48.28
2020-10-28, 15:59:56, 23.66, 48.28
2020-10-28, 15:59:57, 23.65, 48.28
2020-10-28, 15:59:59, 23.65, 48.28
2020-10-28, 16:00:00, 23.65, 48.28
2020-10-28, 16:00:01, 23.65, 48.28
2020-10-28, 16:00:03, 23.64, 48.28
2020-10-28, 16:00:04, 23.64, 48.28
2020-10-28, 16:00:05, 23.64, 48.28
2020-10-28, 16:00:07, 23.64, 48.28
2020-10-28, 16:00:08, 23.62, 48.28
2020-10-28, 16:00:10, 23.63, 48.28
2020-10-28, 16:00:11, 23.63, 48.31
2020-10-28, 16:00:12, 23.62, 48.31
2020-10-28, 16:00:14, 23.62, 48.31
2020-10-28, 16:00:15, 23.62, 48.31
2020-10-28, 16:00:16, 23.63, 48.31
2020-10-28, 16:00:18, 23.62, 48.34
2020-10-28, 16:00:19, 23.62, 48.34
2020-10-28, 16:00:20, 23.62, 48.34
2020-10-28, 16:00:22, 23.62, 48.34
2020-10-28, 16:00:23, 23.63, 48.34
2020-10-28, 16:00:25, 23.44, 48.35
2020-10-28, 16:00:27, 23.57, 48.43
2020-10-28, 16:00:28, 23.6, 48.47
2020-10-28, 16:00:29, 23.6, 48.44
2020-10-28, 16:00:31, 23.59, 48.43
2020-10-28, 16:00:32, 23.6, 48.44
2020-10-28, 16:00:33, 23.61, 48.44
2020-10-28, 16:00:35, 23.6, 48.44
2020-10-28, 16:00:36, 23.6, 48.44
2020-10-28, 16:00:37, 23.58, 48.4
2020-10-28, 16:00:39, 23.6, 48.44
2020-10-28, 16:00:40, 23.6, 48.44
2020-10-28, 16:00:41, 23.59, 48.43
2020-10-28, 16:00:43, 23.6, 48.44
2020-10-28, 16:00:44, 23.6, 48.44
2020-10-28, 16:00:45, 23.59, 48.43
2020-10-28, 16:00:47, 23.6, 48.44
2020-10-28, 16:00:48, 23.59, 48.47
2020-10-28, 16:00:50, 23.59, 48.43
2020-10-28, 16:00:51, 23.57, 48.4
2020-10-28, 16:00:52, 23.59, 48.43
2020-10-28, 16:00:54, 23.58, 48.43
2020-10-28, 16:00:55, 23.58, 48.46
2020-10-28, 16:00:56, 23.57, 48.46
2020-10-28, 16:00:58, 23.58, 48.46
2020-10-28, 16:00:59, 23.58, 48.46
2020-10-28, 16:01:00, 23.58, 48.46
2020-10-28, 16:01:02, 23.58, 48.46
2020-10-28, 16:01:03, 23.58, 48.46
2020-10-28, 16:01:04, 23.59, 48.47
2020-10-28, 16:01:06, 23.58, 48.46
2020-10-28, 16:01:07, 23.58, 48.46
2020-10-28, 16:01:09, 23.58, 48.46
2020-10-28, 16:01:10, 23.58, 48.46
2020-10-28, 16:01:11, 23.58, 48.46
2020-10-28, 16:01:13, 23.58, 48.5
2020-10-28, 16:01:14, 23.58, 48.46
2020-10-28, 16:01:15, 23.58, 48.46
2020-10-28, 16:01:17, 23.58, 48.5
2020-10-28, 16:01:18, 23.56, 48.49
2020-10-28, 16:01:19, 23.57, 48.5
2020-10-28, 16:01:21, 23.58, 48.53
2020-10-28, 16:01:22, 23.58, 48.53
2020-10-28, 16:01:23, 23.54, 48.52
2020-10-28, 16:01:25, 23.56, 48.53
2020-10-28, 16:01:26, 23.58, 48.53
2020-10-28, 16:01:28, 23.58, 48.53
2020-10-28, 16:01:29, 23.58, 48.53
2020-10-28, 16:01:30, 23.58, 48.53
2020-10-28, 16:01:32, 23.58, 48.53
2020-10-28, 16:01:33, 23.56, 48.53
2020-10-28, 16:01:34, 23.57, 48.53
2020-10-28, 16:01:36, 23.55, 48.52
2020-10-28, 16:01:37, 23.56, 48.53
2020-10-28, 16:01:38, 23.57, 48.56
2020-10-28, 16:01:40, 23.56, 48.56
2020-10-28, 16:01:41, 23.57, 48.59
2020-10-28, 16:01:42, 23.56, 48.59
2020-10-28, 16:01:44, 23.56, 48.59
2020-10-28, 16:01:45, 23.55, 48.59
2020-10-28, 16:01:46, 23.55, 48.59
2020-10-28, 16:01:48, 23.56, 48.59
2020-10-28, 16:01:49, 23.55, 48.59
2020-10-28, 16:01:51, 23.56, 48.59
2020-10-28, 16:01:52, 23.54, 48.62
2020-10-28, 16:01:53, 23.56, 48.62
2020-10-28, 16:01:55, 23.55, 48.62
2020-10-28, 16:01:56, 23.54, 48.62
2020-10-28, 16:01:57, 23.54, 48.59
2020-10-28, 16:01:59, 23.53, 48.62
2020-10-28, 16:02:00, 23.54, 48.59
2020-10-28, 16:02:01, 23.53, 48.62
2020-10-28, 16:02:03, 23.53, 48.62
2020-10-28, 16:02:04, 23.53, 48.65
2020-10-28, 16:02:05, 23.53, 48.62
2020-10-28, 16:02:07, 23.52, 48.65
2020-10-28, 16:02:08, 23.53, 48.62
2020-10-28, 16:02:10, 23.52, 48.65
2020-10-28, 16:02:11, 23.51, 48.65
2020-10-28, 16:02:12, 23.51, 48.65
2020-10-28, 16:02:14, 23.52, 48.65
2020-10-28, 16:02:15, 23.5, 48.68
2020-10-28, 16:02:16, 23.5, 48.65
2020-10-28, 16:02:18, 23.52, 48.65
2020-10-28, 16:02:19, 23.51, 48.65
2020-10-28, 16:02:20, 23.52, 48.65
2020-10-28, 16:02:22, 23.52, 48.65
2020-10-28, 16:02:23, 23.52, 48.68
2020-10-28, 16:02:24, 23.52, 48.68
2020-10-28, 16:02:26, 23.52, 48.68
2020-10-28, 16:02:27, 23.51, 48.71
2020-10-28, 16:02:28, 23.5, 48.68
2020-10-28, 16:02:30, 23.49, 48.68
2020-10-28, 16:02:31, 23.51, 48.68
2020-10-28, 16:02:33, 23.5, 48.68
2020-10-28, 16:02:34, 23.5, 48.68
2020-10-28, 16:02:35, 23.52, 48.71
2020-10-28, 16:02:37, 23.5, 48.71
2020-10-28, 16:02:38, 23.53, 48.71
2020-10-28, 16:02:39, 23.5, 48.68
2020-10-28, 16:02:41, 23.52, 48.68
2020-10-28, 16:02:42, 23.5, 48.71
2020-10-28, 16:02:43, 23.51, 48.68
2020-10-28, 16:02:45, 23.51, 48.68
2020-10-28, 16:02:46, 23.52, 48.68
2020-10-28, 16:02:47, 23.52, 48.68
2020-10-28, 16:02:49, 23.51, 48.68
2020-10-28, 16:02:50, 23.5, 48.68
2020-10-28, 16:02:52, 23.51, 48.68
2020-10-28, 16:02:53, 23.5, 48.71
2020-10-28, 16:02:54, 23.48, 48.71
2020-10-28, 16:02:56, 23.5, 48.71
2020-10-28, 16:02:57, 23.5, 48.71
2020-10-28, 16:02:58, 23.5, 48.74
2020-10-28, 16:03:00, 23.5, 48.77
2020-10-28, 16:03:01, 23.5, 48.74
2020-10-28, 16:03:02, 23.49, 48.74
2020-10-28, 16:03:04, 23.5, 48.74
2020-10-28, 16:03:05, 23.5, 48.74
2020-10-28, 16:03:06, 23.49, 48.74
2020-10-28, 16:03:08, 23.5, 48.74
2020-10-28, 16:03:09, 23.5, 48.74
2020-10-28, 16:03:10, 23.49, 48.74
2020-10-28, 16:03:12, 23.49, 48.77
2020-10-28, 16:03:13, 23.5, 48.74
2020-10-28, 16:03:15, 23.5, 48.77
2020-10-28, 16:03:16, 23.49, 48.74
2020-10-28, 16:03:17, 23.5, 48.77
2020-10-28, 16:03:19, 23.48, 48.77
2020-10-28, 16:03:20, 23.47, 48.77
2020-10-28, 16:03:21, 23.48, 48.77
2020-10-28, 16:03:23, 23.48, 48.77
2020-10-28, 16:03:24, 23.46, 48.8
2020-10-28, 16:03:25, 23.47, 48.83
2020-10-28, 16:03:27, 23.46, 48.8
2020-10-28, 16:03:28, 23.46, 48.83
2020-10-28, 16:03:29, 23.45, 48.83
2020-10-28, 16:03:31, 23.46, 48.83
2020-10-28, 16:03:32, 23.46, 48.83
2020-10-28, 16:03:34, 23.46, 48.83
2020-10-28, 16:03:35, 23.45, 48.83
2020-10-28, 16:03:36, 23.44, 48.83
2020-10-28, 16:03:38, 23.46, 48.83
2020-10-28, 16:03:39, 23.46, 48.83
2020-10-28, 16:03:40, 23.46, 48.83
2020-10-28, 16:03:42, 23.46, 48.83
2020-10-28, 16:03:43, 23.43, 48.83
2020-10-28, 16:03:44, 23.45, 48.83
2020-10-28, 16:03:46, 23.46, 48.83
2020-10-28, 16:03:47, 23.47, 48.83
2020-10-28, 16:03:48, 23.46, 48.86
2020-10-28, 16:03:50, 23.46, 48.86
2020-10-28, 16:03:51, 23.44, 48.86
2020-10-28, 16:03:53, 23.46, 48.9
2020-10-28, 16:03:54, 23.44, 48.89
2020-10-28, 16:03:55, 23.46, 48.9
2020-10-28, 16:03:57, 23.46, 48.9
2020-10-28, 16:03:58, 23.44, 48.89
2020-10-28, 16:03:59, 23.43, 48.89
2020-10-28, 16:04:01, 23.44, 48.89
2020-10-28, 16:04:02, 23.45, 48.89
2020-10-28, 16:04:03, 23.46, 48.9
2020-10-28, 16:04:05, 23.46, 48.9
2020-10-28, 16:04:06, 23.46, 48.9
2020-10-28, 16:04:07, 23.47, 48.9
2020-10-28, 16:04:09, 23.45, 48.86
2020-10-28, 16:04:10, 23.46, 48.86
2020-10-28, 16:04:11, 23.46, 48.86
2020-10-28, 16:04:13, 23.46, 48.86
2020-10-28, 16:04:14, 23.47, 48.86
2020-10-28, 16:04:16, 23.45, 48.86
2020-10-28, 16:04:17, 23.47, 48.86
2020-10-28, 16:04:18, 23.47, 48.86
2020-10-28, 16:04:20, 23.45, 48.86
2020-10-28, 16:04:21, 23.46, 48.9
2020-10-28, 16:04:22, 23.44, 48.89
2020-10-28, 16:04:24, 23.46, 48.9
2020-10-28, 16:04:25, 23.44, 48.89
2020-10-28, 16:04:26, 23.45, 48.89
2020-10-28, 16:04:28, 23.45, 48.93
2020-10-28, 16:04:29, 23.46, 48.93
2020-10-28, 16:04:30, 23.46, 48.93
2020-10-28, 16:04:32, 23.46, 48.93
2020-10-28, 16:04:33, 23.46, 48.93
2020-10-28, 16:04:35, 23.45, 48.93
2020-10-28, 16:04:36, 23.46, 48.96
2020-10-28, 16:04:37, 23.46, 48.93
2020-10-28, 16:04:39, 23.45, 48.93
2020-10-28, 16:04:40, 23.46, 48.93
2020-10-28, 16:04:41, 23.46, 48.93
2020-10-28, 16:04:43, 23.46, 48.9
2020-10-28, 16:04:44, 23.47, 48.9
2020-10-28, 16:04:45, 23.47, 48.9
2020-10-28, 16:04:47, 23.47, 48.9
2020-10-28, 16:04:48, 23.46, 48.9
2020-10-28, 16:04:49, 23.46, 48.9
2020-10-28, 16:04:51, 23.45, 48.89
2020-10-28, 16:04:52, 23.47, 48.9
2020-10-28, 16:04:54, 23.46, 48.9
2020-10-28, 16:04:55, 23.46, 48.9
2020-10-28, 16:04:56, 23.44, 48.89
2020-10-28, 16:04:58, 23.45, 48.93
2020-10-28, 16:04:59, 23.46, 48.96
2020-10-28, 16:05:00, 23.45, 48.89
2020-10-28, 16:05:02, 23.46, 48.93
2020-10-28, 16:05:03, 23.46, 48.93
2020-10-28, 16:05:04, 23.46, 48.93
2020-10-28, 16:05:06, 23.44, 48.96
2020-10-28, 16:05:07, 23.45, 48.96
2020-10-28, 16:05:08, 23.45, 48.93
2020-10-28, 16:05:10, 23.46, 48.9
2020-10-28, 16:05:11, 23.46, 48.96
2020-10-28, 16:05:12, 23.47, 48.93
2020-10-28, 16:05:14, 23.46, 48.93
2020-10-28, 16:05:15, 23.45, 48.93
2020-10-28, 16:05:17, 23.45, 48.93
2020-10-28, 16:05:18, 23.46, 48.93
2020-10-28, 16:05:19, 23.45, 48.93
2020-10-28, 16:05:21, 23.45, 48.93
2020-10-28, 16:05:22, 23.44, 48.92
2020-10-28, 16:05:23, 23.45, 48.96
2020-10-28, 16:05:25, 23.46, 48.93
2020-10-28, 16:05:26, 23.46, 48.96
2020-10-28, 16:05:27, 23.45, 48.93
2020-10-28, 16:05:29, 23.45, 48.96
2020-10-28, 16:05:30, 23.46, 48.96
2020-10-28, 16:05:31, 23.45, 48.96
2020-10-28, 16:05:33, 23.46, 48.96
2020-10-28, 16:05:34, 23.45, 48.96
2020-10-28, 16:05:36, 23.46, 48.96
2020-10-28, 16:05:37, 23.44, 48.96
2020-10-28, 16:05:38, 23.46, 48.96
2020-10-28, 16:05:40, 23.45, 48.96
2020-10-28, 16:05:41, 23.43, 48.95
2020-10-28, 16:05:42, 23.43, 48.95
2020-10-28, 16:05:44, 23.44, 48.96
2020-10-28, 16:05:45, 23.45, 48.96
2020-10-28, 16:05:46, 23.45, 48.96
2020-10-28, 16:05:48, 23.46, 48.96
2020-10-28, 16:05:49, 23.47, 48.96
2020-10-28, 16:05:50, 23.47, 48.96
2020-10-28, 16:05:52, 23.46, 48.96
2020-10-28, 16:05:53, 23.46, 48.96
2020-10-28, 16:05:55, 23.46, 48.96
2020-10-28, 16:05:56, 23.45, 48.96
2020-10-28, 16:05:57, 23.45, 48.96
2020-10-28, 16:05:59, 23.44, 48.96
2020-10-28, 16:06:00, 23.45, 48.96
2020-10-28, 16:06:01, 23.44, 48.99
2020-10-28, 16:06:03, 23.44, 48.99
2020-10-28, 16:06:04, 23.44, 48.99
2020-10-28, 16:06:05, 23.45, 49.02
2020-10-28, 16:06:07, 23.42, 49.02
2020-10-28, 16:06:08, 23.46, 49.02
2020-10-28, 16:06:09, 23.41, 49.02
2020-10-28, 16:06:11, 23.43, 49.02
2020-10-28, 16:06:12, 23.43, 49.02
2020-10-28, 16:06:13, 23.42, 49.02
2020-10-28, 16:06:15, 23.43, 49.05
2020-10-28, 16:06:16, 23.44, 49.05
2020-10-28, 16:06:18, 23.44, 49.05
2020-10-28, 16:06:19, 23.44, 49.08
2020-10-28, 16:06:20, 23.44, 49.08
2020-10-28, 16:06:22, 23.43, 49.05
2020-10-28, 16:06:23, 23.44, 49.05
2020-10-28, 16:06:24, 23.42, 49.05
2020-10-28, 16:06:26, 23.44, 49.05
2020-10-28, 16:06:27, 23.42, 49.02
2020-10-28, 16:06:28, 23.44, 49.05
2020-10-28, 16:06:30, 23.44, 49.05
2020-10-28, 16:06:31, 23.44, 49.02
2020-10-28, 16:06:32, 23.44, 49.05
2020-10-28, 16:06:34, 23.43, 49.05
2020-10-28, 16:06:35, 23.44, 49.05
2020-10-28, 16:06:36, 23.42, 49.05
2020-10-28, 16:06:38, 23.44, 49.05
2020-10-28, 16:06:39, 23.43, 49.08
2020-10-28, 16:06:41, 23.45, 49.08
2020-10-28, 16:06:42, 23.44, 49.08
2020-10-28, 16:06:43, 23.45, 49.05
2020-10-28, 16:06:45, 23.44, 49.08
2020-10-28, 16:06:46, 23.44, 49.05
2020-10-28, 16:06:47, 23.45, 49.05
2020-10-28, 16:06:49, 23.45, 49.02
2020-10-28, 16:06:50, 23.44, 49.05
2020-10-28, 16:06:51, 23.43, 49.02
2020-10-28, 16:06:53, 23.44, 49.02
2020-10-28, 16:06:54, 23.45, 49.02
2020-10-28, 16:06:55, 23.45, 49.02
2020-10-28, 16:06:57, 23.45, 49.05
2020-10-28, 16:06:58, 23.44, 49.05
2020-10-28, 16:07:00, 23.45, 49.05
2020-10-28, 16:07:01, 23.46, 49.05
2020-10-28, 16:07:02, 23.47, 49.06
2020-10-28, 16:07:04, 23.44, 49.05
2020-10-28, 16:07:05, 23.46, 49.05
2020-10-28, 16:07:06, 23.45, 49.02
2020-10-28, 16:07:08, 23.46, 49.02
2020-10-28, 16:07:09, 23.45, 49.02
2020-10-28, 16:07:10, 23.46, 49.02
2020-10-28, 16:07:12, 23.45, 49.05
2020-10-28, 16:07:13, 23.45, 49.02
2020-10-28, 16:07:15, 23.44, 49.05
2020-10-28, 16:07:16, 23.44, 49.02
2020-10-28, 16:07:17, 23.45, 49.05
2020-10-28, 16:07:19, 23.46, 49.02
2020-10-28, 16:07:20, 23.44, 49.05
2020-10-28, 16:07:21, 23.44, 49.05
2020-10-28, 16:07:23, 23.45, 49.08
2020-10-28, 16:07:24, 23.44, 49.05
2020-10-28, 16:07:25, 23.45, 49.05
2020-10-28, 16:07:27, 23.44, 49.05
2020-10-28, 16:07:28, 23.45, 49.05
2020-10-28, 16:07:29, 23.46, 49.05
2020-10-28, 16:07:31, 23.46, 49.05
2020-10-28, 16:07:32, 23.46, 49.05
2020-10-28, 16:07:34, 23.46, 49.02
2020-10-28, 16:07:35, 23.46, 49.05
2020-10-28, 16:07:36, 23.46, 49.02
2020-10-28, 16:07:38, 23.46, 49.05
2020-10-28, 16:07:39, 23.46, 49.05
2020-10-28, 16:07:40, 23.46, 49.02
2020-10-28, 16:07:42, 23.48, 49.06
2020-10-28, 16:07:43, 23.47, 49.02
2020-10-28, 16:07:44, 23.48, 49.06
2020-10-28, 16:07:46, 23.46, 49.05
2020-10-28, 16:07:47, 23.48, 49.06
2020-10-28, 16:07:48, 23.48, 49.06
2020-10-28, 16:07:50, 23.47, 49.09
2020-10-28, 16:07:51, 23.46, 49.09
2020-10-28, 16:07:53, 23.45, 49.08
2020-10-28, 16:07:54, 23.46, 49.09
2020-10-28, 16:07:55, 23.46, 49.05
2020-10-28, 16:07:57, 23.46, 49.09
2020-10-28, 16:07:58, 23.46, 49.05
2020-10-28, 16:07:59, 23.48, 49.09
2020-10-28, 16:08:01, 23.46, 49.05
2020-10-28, 16:08:02, 23.48, 49.06
2020-10-28, 16:08:03, 23.46, 49.05
2020-10-28, 16:08:05, 23.47, 49.06
2020-10-28, 16:08:06, 23.49, 49.06
2020-10-28, 16:08:07, 23.48, 49.06
2020-10-28, 16:08:09, 23.48, 49.06
2020-10-28, 16:08:10, 23.47, 49.02
2020-10-28, 16:08:12, 23.48, 49.06
2020-10-28, 16:08:13, 23.48, 49.06
2020-10-28, 16:08:14, 23.47, 49.06
2020-10-28, 16:08:16, 23.48, 49.06
2020-10-28, 16:08:17, 23.48, 49.06
2020-10-28, 16:08:18, 23.48, 49.02
2020-10-28, 16:08:20, 23.46, 49.05
2020-10-28, 16:08:21, 23.47, 49.06
2020-10-28, 16:08:22, 23.47, 49.06
2020-10-28, 16:08:24, 23.47, 49.06
2020-10-28, 16:08:25, 23.47, 49.06
2020-10-28, 16:08:26, 23.47, 49.06
2020-10-28, 16:08:28, 23.48, 49.06
2020-10-28, 16:08:29, 23.48, 49.06
2020-10-28, 16:08:31, 23.47, 49.06
2020-10-28, 16:08:32, 23.48, 49.06
2020-10-28, 16:08:33, 23.48, 49.02
2020-10-28, 16:08:35, 23.48, 49.06
2020-10-28, 16:08:36, 23.47, 49.06
2020-10-28, 16:08:37, 23.49, 49.06
2020-10-28, 16:08:39, 23.48, 49.06
2020-10-28, 16:08:40, 23.48, 49.02
2020-10-28, 16:08:41, 23.48, 49.02
2020-10-28, 16:08:43, 23.49, 49.03
2020-10-28, 16:08:44, 23.49, 49.03
2020-10-28, 16:08:46, 23.49, 49.06
2020-10-28, 16:08:47, 23.47, 49.02
2020-10-28, 16:08:48, 23.48, 49.02
2020-10-28, 16:08:50, 23.49, 49.03
2020-10-28, 16:08:51, 23.49, 49.03
2020-10-28, 16:08:52, 23.5, 49.03
2020-10-28, 16:08:54, 23.49, 49.03
2020-10-28, 16:08:55, 23.5, 49.03
2020-10-28, 16:08:56, 23.5, 49.03
2020-10-28, 16:08:58, 23.49, 49.03
2020-10-28, 16:08:59, 23.5, 49.03
2020-10-28, 16:09:00, 23.49, 49.03
2020-10-28, 16:09:02, 23.5, 49.03
2020-10-28, 16:09:03, 23.47, 49.02
2020-10-28, 16:09:05, 23.5, 49.03
2020-10-28, 16:09:06, 23.5, 49.03
2020-10-28, 16:09:07, 23.51, 49.03
2020-10-28, 16:09:09, 23.49, 49.03
2020-10-28, 16:09:10, 23.5, 49.03
2020-10-28, 16:09:11, 23.5, 49.03
2020-10-28, 16:09:13, 23.51, 49.03
2020-10-28, 16:09:14, 23.51, 49.0
2020-10-28, 16:09:15, 23.52, 49.03
2020-10-28, 16:09:17, 23.52, 49.0
2020-10-28, 16:09:18, 23.52, 49.0
2020-10-28, 16:09:20, 23.49, 48.99
2020-10-28, 16:09:21, 23.5, 49.0
2020-10-28, 16:09:22, 23.5, 49.03
2020-10-28, 16:09:24, 23.51, 49.03
2020-10-28, 16:09:25, 23.51, 49.03
2020-10-28, 16:09:26, 23.49, 49.03
2020-10-28, 16:09:28, 23.5, 49.0
2020-10-28, 16:09:29, 23.48, 48.99
2020-10-28, 16:09:30, 23.49, 49.03
2020-10-28, 16:09:32, 23.48, 49.02
2020-10-28, 16:09:33, 23.5, 49.03
2020-10-28, 16:09:34, 23.5, 49.03
2020-10-28, 16:09:36, 23.49, 49.03
2020-10-28, 16:09:37, 23.5, 49.0
2020-10-28, 16:09:38, 23.51, 49.03
2020-10-28, 16:09:40, 23.52, 49.03
2020-10-28, 16:09:41, 23.52, 49.0
2020-10-28, 16:09:43, 23.49, 49.03
2020-10-28, 16:09:44, 23.5, 49.03
2020-10-28, 16:09:46, 23.52, 49.03
2020-10-28, 16:09:47, 23.5, 49.03
2020-10-28, 16:09:48, 23.51, 49.03
2020-10-28, 16:09:50, 23.52, 49.0
2020-10-28, 16:09:51, 23.52, 49.0
2020-10-28, 16:09:52, 23.51, 49.0
2020-10-28, 16:09:54, 23.52, 49.0
2020-10-28, 16:09:55, 23.52, 49.0
2020-10-28, 16:09:56, 23.52, 49.0
2020-10-28, 16:09:58, 23.51, 49.0
2020-10-28, 16:09:59, 23.52, 48.97
2020-10-28, 16:10:01, 23.52, 48.97
2020-10-28, 16:10:02, 23.52, 49.0
2020-10-28, 16:10:03, 23.51, 49.0
2020-10-28, 16:10:05, 23.5, 49.0
2020-10-28, 16:10:06, 23.51, 48.97
2020-10-28, 16:10:07, 23.52, 49.0
2020-10-28, 16:10:09, 23.5, 48.96
2020-10-28, 16:10:10, 23.51, 49.0
2020-10-28, 16:10:11, 23.52, 48.97
2020-10-28, 16:10:13, 23.52, 48.97
2020-10-28, 16:10:14, 23.53, 49.0
2020-10-28, 16:10:16, 23.52, 48.97
2020-10-28, 16:10:17, 23.52, 48.97
2020-10-28, 16:10:18, 23.53, 48.97
2020-10-28, 16:10:20, 23.52, 48.97
2020-10-28, 16:10:21, 23.52, 48.97
2020-10-28, 16:10:22, 23.52, 48.97
2020-10-28, 16:10:24, 23.52, 48.97
2020-10-28, 16:10:25, 23.52, 48.97
2020-10-28, 16:10:26, 23.51, 48.97
2020-10-28, 16:10:28, 23.52, 48.97
2020-10-28, 16:10:29, 23.52, 48.93
2020-10-28, 16:10:30, 23.52, 48.97
2020-10-28, 16:10:32, 23.52, 48.93
2020-10-28, 16:10:33, 23.53, 48.97
2020-10-28, 16:10:35, 23.53, 48.94
2020-10-28, 16:10:36, 23.54, 48.94
2020-10-28, 16:10:37, 23.54, 48.94
2020-10-28, 16:10:39, 23.52, 48.93
2020-10-28, 16:10:40, 23.53, 48.9
2020-10-28, 16:10:41, 23.53, 48.94
2020-10-28, 16:10:43, 23.54, 48.91
2020-10-28, 16:10:44, 23.54, 48.91
2020-10-28, 16:10:45, 23.54, 48.91
2020-10-28, 16:10:47, 23.54, 48.91
2020-10-28, 16:10:48, 23.54, 48.91
2020-10-28, 16:10:49, 23.54, 48.91
2020-10-28, 16:10:51, 23.54, 48.91
2020-10-28, 16:10:52, 23.55, 48.91
2020-10-28, 16:10:54, 23.54, 48.91
2020-10-28, 16:10:55, 23.54, 48.91
2020-10-28, 16:10:56, 23.55, 48.91
2020-10-28, 16:10:58, 23.54, 48.91
2020-10-28, 16:10:59, 23.55, 48.91
2020-10-28, 16:11:00, 23.56, 48.88
2020-10-28, 16:11:02, 23.55, 48.84
2020-10-28, 16:11:03, 23.54, 48.91
2020-10-28, 16:11:04, 23.56, 48.88
2020-10-28, 16:11:06, 23.55, 48.87
2020-10-28, 16:11:07, 23.55, 48.87
2020-10-28, 16:11:08, 23.54, 48.87
2020-10-28, 16:11:10, 23.54, 48.87
2020-10-28, 16:11:11, 23.56, 48.88
2020-10-28, 16:11:13, 23.55, 48.84
2020-10-28, 16:11:14, 23.54, 48.84
2020-10-28, 16:11:15, 23.55, 48.87
2020-10-28, 16:11:17, 23.55, 48.84
2020-10-28, 16:11:18, 23.54, 48.87
2020-10-28, 16:11:19, 23.54, 48.87
2020-10-28, 16:11:21, 23.54, 48.87
2020-10-28, 16:11:22, 23.54, 48.87
2020-10-28, 16:11:23, 23.54, 48.87
2020-10-28, 16:11:25, 23.54, 48.84
2020-10-28, 16:11:26, 23.54, 48.87
2020-10-28, 16:11:28, 23.53, 48.84
2020-10-28, 16:11:29, 23.55, 48.87
2020-10-28, 16:11:30, 23.52, 48.84
2020-10-28, 16:11:32, 23.55, 48.84
2020-10-28, 16:11:33, 23.54, 48.87
2020-10-28, 16:11:34, 23.55, 48.87
2020-10-28, 16:11:36, 23.52, 48.84
2020-10-28, 16:11:37, 23.54, 48.84
2020-10-28, 16:11:38, 23.54, 48.84
2020-10-28, 16:11:40, 23.55, 48.87
2020-10-28, 16:11:41, 23.52, 48.84
2020-10-28, 16:11:43, 23.53, 48.84
2020-10-28, 16:11:44, 23.55, 48.84
2020-10-28, 16:11:45, 23.54, 48.84
2020-10-28, 16:11:47, 23.54, 48.84
2020-10-28, 16:11:48, 23.55, 48.84
2020-10-28, 16:11:49, 23.56, 48.84
2020-10-28, 16:11:51, 23.56, 48.84
2020-10-28, 16:11:52, 23.56, 48.84
2020-10-28, 16:11:53, 23.55, 48.84
2020-10-28, 16:11:55, 23.55, 48.81
2020-10-28, 16:11:56, 23.56, 48.81
2020-10-28, 16:11:57, 23.56, 48.84
2020-10-28, 16:11:59, 23.56, 48.81
2020-10-28, 16:12:00, 23.58, 48.85
2020-10-28, 16:12:02, 23.56, 48.81
2020-10-28, 16:12:03, 23.56, 48.84
2020-10-28, 16:12:04, 23.57, 48.81
2020-10-28, 16:12:06, 23.56, 48.81
2020-10-28, 16:12:07, 23.55, 48.84
2020-10-28, 16:12:08, 23.57, 48.85
2020-10-28, 16:12:10, 23.58, 48.85
2020-10-28, 16:12:11, 23.56, 48.81
2020-10-28, 16:12:12, 23.58, 48.85
2020-10-28, 16:12:14, 23.57, 48.85
2020-10-28, 16:12:15, 23.58, 48.82
2020-10-28, 16:12:16, 23.56, 48.81
2020-10-28, 16:12:18, 23.56, 48.81
2020-10-28, 16:12:19, 23.58, 48.82
2020-10-28, 16:12:21, 23.58, 48.82
2020-10-28, 16:12:22, 23.59, 48.82
2020-10-28, 16:12:23, 23.58, 48.82
2020-10-28, 16:12:25, 23.58, 48.78
2020-10-28, 16:12:26, 23.58, 48.78
2020-10-28, 16:12:27, 23.59, 48.78
2020-10-28, 16:12:29, 23.59, 48.78
2020-10-28, 16:12:30, 23.57, 48.78
2020-10-28, 16:12:31, 23.57, 48.78
2020-10-28, 16:12:33, 23.59, 48.78
2020-10-28, 16:12:34, 23.59, 48.78
2020-10-28, 16:12:35, 23.58, 48.78
2020-10-28, 16:12:37, 23.59, 48.78
2020-10-28, 16:12:38, 23.58, 48.78
2020-10-28, 16:12:39, 23.6, 48.79
2020-10-28, 16:12:41, 23.6, 48.79
2020-10-28, 16:12:42, 23.59, 48.78
2020-10-28, 16:12:44, 23.6, 48.79
2020-10-28, 16:12:45, 23.6, 48.79
2020-10-28, 16:12:46, 23.6, 48.75
2020-10-28, 16:12:48, 23.6, 48.75
2020-10-28, 16:12:49, 23.61, 48.76
2020-10-28, 16:12:50, 23.6, 48.75
2020-10-28, 16:12:52, 23.61, 48.76
2020-10-28, 16:12:53, 23.6, 48.75
2020-10-28, 16:12:54, 23.62, 48.72
2020-10-28, 16:12:56, 23.62, 48.72
2020-10-28, 16:12:57, 23.62, 48.72
2020-10-28, 16:12:58, 23.6, 48.72
2020-10-28, 16:13:00, 23.61, 48.72
2020-10-28, 16:13:01, 23.6, 48.72
2020-10-28, 16:13:03, 23.62, 48.72
2020-10-28, 16:13:04, 23.6, 48.72
2020-10-28, 16:13:05, 23.6, 48.72
2020-10-28, 16:13:07, 23.6, 48.72
2020-10-28, 16:13:08, 23.61, 48.72
2020-10-28, 16:13:09, 23.61, 48.72
2020-10-28, 16:13:11, 23.62, 48.69
2020-10-28, 16:13:12, 23.61, 48.72
2020-10-28, 16:13:13, 23.6, 48.72
2020-10-28, 16:13:15, 23.61, 48.72
2020-10-28, 16:13:16, 23.61, 48.72
2020-10-28, 16:13:17, 23.61, 48.72
2020-10-28, 16:13:19, 23.58, 48.72
2020-10-28, 16:13:20, 23.61, 48.72
2020-10-28, 16:13:22, 23.6, 48.69
2020-10-28, 16:13:23, 23.61, 48.72
2020-10-28, 16:13:24, 23.61, 48.72
2020-10-28, 16:13:26, 23.62, 48.72
2020-10-28, 16:13:27, 23.61, 48.72
2020-10-28, 16:13:28, 23.62, 48.72
2020-10-28, 16:13:30, 23.61, 48.69
2020-10-28, 16:13:31, 23.58, 48.69
2020-10-28, 16:13:32, 23.6, 48.72
2020-10-28, 16:13:34, 23.6, 48.69
2020-10-28, 16:13:35, 23.61, 48.69
2020-10-28, 16:13:36, 23.62, 48.66
2020-10-28, 16:13:38, 23.62, 48.69
2020-10-28, 16:13:39, 23.62, 48.69
2020-10-28, 16:13:41, 23.62, 48.66
2020-10-28, 16:13:42, 23.65, 48.66
2020-10-28, 16:13:43, 23.62, 48.66
2020-10-28, 16:13:45, 23.62, 48.69
2020-10-28, 16:13:46, 23.61, 48.66
2020-10-28, 16:13:47, 23.63, 48.66
2020-10-28, 16:13:49, 23.63, 48.66
2020-10-28, 16:13:50, 23.63, 48.66
2020-10-28, 16:13:51, 23.62, 48.66
2020-10-28, 16:13:53, 23.62, 48.66
2020-10-28, 16:13:54, 23.62, 48.66
2020-10-28, 16:13:55, 23.63, 48.63
2020-10-28, 16:13:57, 23.62, 48.63
2020-10-28, 16:13:58, 23.62, 48.63
2020-10-28, 16:14:00, 23.63, 48.63
2020-10-28, 16:14:01, 23.62, 48.63
2020-10-28, 16:14:02, 23.62, 48.6
2020-10-28, 16:14:04, 23.63, 48.63
2020-10-28, 16:14:05, 23.63, 48.63
2020-10-28, 16:14:06, 23.63, 48.6
2020-10-28, 16:14:08, 23.64, 48.6
2020-10-28, 16:14:09, 23.64, 48.6
2020-10-28, 16:14:10, 23.64, 48.63
2020-10-28, 16:14:12, 23.64, 48.63
2020-10-28, 16:14:13, 23.64, 48.6
2020-10-28, 16:14:14, 23.64, 48.6
2020-10-28, 16:14:16, 23.64, 48.6
2020-10-28, 16:14:17, 23.62, 48.6
2020-10-28, 16:14:19, 23.61, 48.6
2020-10-28, 16:14:20, 23.6, 48.66
2020-10-28, 16:14:22, 23.63, 48.66
2020-10-28, 16:14:23, 23.63, 48.63
2020-10-28, 16:14:24, 23.64, 48.63
2020-10-28, 16:14:26, 23.63, 48.63
2020-10-28, 16:14:27, 23.64, 48.6
2020-10-28, 16:14:28, 23.65, 48.6
2020-10-28, 16:14:30, 23.65, 48.6
2020-10-28, 16:14:31, 23.64, 48.6
2020-10-28, 16:14:32, 23.65, 48.6
2020-10-28, 16:14:34, 23.65, 48.6
2020-10-28, 16:14:35, 23.65, 48.57
2020-10-28, 16:14:36, 23.66, 48.6
2020-10-28, 16:14:38, 23.67, 48.57
2020-10-28, 16:14:39, 23.66, 48.57
2020-10-28, 16:14:41, 23.66, 48.57
2020-10-28, 16:14:42, 23.66, 48.54
2020-10-28, 16:14:43, 23.67, 48.54
2020-10-28, 16:14:45, 23.67, 48.57
2020-10-28, 16:14:46, 23.67, 48.54
2020-10-28, 16:14:47, 23.67, 48.54
2020-10-28, 16:14:49, 23.66, 48.54
2020-10-28, 16:14:50, 23.66, 48.54
2020-10-28, 16:14:51, 23.66, 48.54
2020-10-28, 16:14:53, 23.66, 48.54
2020-10-28, 16:14:54, 23.65, 48.54
2020-10-28, 16:14:55, 23.65, 48.54
2020-10-28, 16:14:57, 23.63, 48.53
2020-10-28, 16:14:58, 23.67, 48.54
2020-10-28, 16:15:00, 23.64, 48.5
2020-10-28, 16:15:01, 23.65, 48.54
2020-10-28, 16:15:02, 23.65, 48.54
2020-10-28, 16:15:04, 23.66, 48.54
2020-10-28, 16:15:05, 23.65, 48.54
2020-10-28, 16:15:06, 23.66, 48.51
2020-10-28, 16:15:08, 23.66, 48.51
2020-10-28, 16:15:09, 23.66, 48.51
2020-10-28, 16:15:10, 23.66, 48.51
2020-10-28, 16:15:12, 23.66, 48.51
2020-10-28, 16:15:13, 23.66, 48.54
2020-10-28, 16:15:14, 23.66, 48.51
2020-10-28, 16:15:16, 23.67, 48.51
2020-10-28, 16:15:17, 23.67, 48.51
2020-10-28, 16:15:19, 23.67, 48.51
2020-10-28, 16:15:20, 23.68, 48.51
2020-10-28, 16:15:21, 23.68, 48.48
2020-10-28, 16:15:23, 23.67, 48.48
2020-10-28, 16:15:24, 23.67, 48.48
2020-10-28, 16:15:25, 23.65, 48.47
2020-10-28, 16:15:27, 23.66, 48.47
2020-10-28, 16:15:28, 23.66, 48.47
2020-10-28, 16:15:29, 23.65, 48.47
2020-10-28, 16:15:31, 23.66, 48.47
2020-10-28, 16:15:32, 23.66, 48.47
2020-10-28, 16:15:33, 23.64, 48.47
2020-10-28, 16:15:35, 23.66, 48.47
2020-10-28, 16:15:36, 23.65, 48.47
2020-10-28, 16:15:37, 23.66, 48.47
2020-10-28, 16:15:39, 23.67, 48.48
2020-10-28, 16:15:40, 23.65, 48.47
2020-10-28, 16:15:42, 23.66, 48.47
2020-10-28, 16:15:43, 23.66, 48.47
2020-10-28, 16:15:44, 23.66, 48.47
2020-10-28, 16:15:46, 23.64, 48.47
2020-10-28, 16:15:47, 23.65, 48.47
2020-10-28, 16:15:48, 23.64, 48.47
2020-10-28, 16:15:50, 23.65, 48.47
2020-10-28, 16:15:51, 23.65, 48.47
2020-10-28, 16:15:52, 23.64, 48.47
2020-10-28, 16:15:54, 23.66, 48.44
2020-10-28, 16:15:55, 23.66, 48.47
2020-10-28, 16:15:56, 23.67, 48.48
2020-10-28, 16:15:58, 23.68, 48.48
2020-10-28, 16:15:59, 23.66, 48.47
2020-10-28, 16:16:01, 23.67, 48.44
2020-10-28, 16:16:02, 23.65, 48.47
2020-10-28, 16:16:03, 23.68, 48.48
2020-10-28, 16:16:05, 23.65, 48.44
2020-10-28, 16:16:06, 23.66, 48.44
2020-10-28, 16:16:07, 23.66, 48.44
2020-10-28, 16:16:09, 23.66, 48.47
2020-10-28, 16:16:10, 23.67, 48.44
2020-10-28, 16:16:11, 23.67, 48.44
2020-10-28, 16:16:13, 23.67, 48.44
2020-10-28, 16:16:14, 23.67, 48.44
2020-10-28, 16:16:15, 23.66, 48.44
2020-10-28, 16:16:17, 23.67, 48.44
2020-10-28, 16:16:18, 23.67, 48.44
2020-10-28, 16:16:19, 23.66, 48.44
2020-10-28, 16:16:21, 23.66, 48.44
2020-10-28, 16:16:22, 23.66, 48.41
2020-10-28, 16:16:24, 23.67, 48.44
2020-10-28, 16:16:25, 23.67, 48.44
2020-10-28, 16:16:26, 23.66, 48.44
2020-10-28, 16:16:28, 23.66, 48.44
2020-10-28, 16:16:29, 23.66, 48.47
2020-10-28, 16:16:30, 23.66, 48.47
2020-10-28, 16:16:32, 23.67, 48.48
2020-10-28, 16:16:33, 23.68, 48.45
2020-10-28, 16:16:34, 23.67, 48.48
2020-10-28, 16:16:36, 23.67, 48.48
2020-10-28, 16:16:37, 23.67, 48.48
2020-10-28, 16:16:38, 23.68, 48.48
2020-10-28, 16:16:40, 23.67, 48.48
2020-10-28, 16:16:41, 23.65, 48.47
2020-10-28, 16:16:43, 23.66, 48.47
2020-10-28, 16:16:44, 23.68, 48.51
2020-10-28, 16:16:46, 23.63, 48.47
2020-10-28, 16:16:47, 23.64, 48.47
2020-10-28, 16:16:48, 23.65, 48.47
2020-10-28, 16:16:50, 23.67, 48.48
2020-10-28, 16:16:51, 23.67, 48.48
2020-10-28, 16:16:52, 23.67, 48.48
2020-10-28, 16:16:54, 23.67, 48.48
2020-10-28, 16:16:55, 23.66, 48.47
2020-10-28, 16:16:56, 23.66, 48.47
2020-10-28, 16:16:58, 23.66, 48.47
2020-10-28, 16:16:59, 23.68, 48.48
2020-10-28, 16:17:01, 23.67, 48.48
2020-10-28, 16:17:02, 23.66, 48.47
2020-10-28, 16:17:03, 23.67, 48.48
2020-10-28, 16:17:05, 23.66, 48.47
2020-10-28, 16:17:06, 23.67, 48.48
2020-10-28, 16:17:07, 23.66, 48.47
2020-10-28, 16:17:09, 23.67, 48.48
2020-10-28, 16:17:10, 23.66, 48.51
2020-10-28, 16:17:11, 23.66, 48.47
2020-10-28, 16:17:13, 23.66, 48.51
2020-10-28, 16:17:14, 23.64, 48.54
2020-10-28, 16:17:15, 23.65, 48.54
2020-10-28, 16:17:17, 23.64, 48.54
2020-10-28, 16:17:18, 23.64, 48.54
2020-10-28, 16:17:20, 23.64, 48.54
2020-10-28, 16:17:21, 23.65, 48.54
2020-10-28, 16:17:22, 23.65, 48.54
2020-10-28, 16:17:24, 23.66, 48.54
2020-10-28, 16:17:25, 23.65, 48.54
2020-10-28, 16:17:26, 23.65, 48.54
2020-10-28, 16:17:28, 23.64, 48.54
2020-10-28, 16:17:29, 23.66, 48.54
2020-10-28, 16:17:30, 23.65, 48.54
2020-10-28, 16:17:32, 23.65, 48.57
2020-10-28, 16:17:33, 23.65, 48.57
2020-10-28, 16:17:34, 23.66, 48.54
2020-10-28, 16:17:36, 23.65, 48.57
2020-10-28, 16:17:37, 23.66, 48.54
2020-10-28, 16:17:38, 23.66, 48.57
2020-10-28, 16:17:40, 23.64, 48.54
2020-10-28, 16:17:41, 23.65, 48.57
2020-10-28, 16:17:43, 23.65, 48.57
2020-10-28, 16:17:44, 23.65, 48.57
2020-10-28, 16:17:45, 23.66, 48.54
2020-10-28, 16:17:47, 23.66, 48.54
2020-10-28, 16:17:48, 23.66, 48.54
2020-10-28, 16:17:49, 23.64, 48.54
2020-10-28, 16:17:51, 23.66, 48.57
2020-10-28, 16:17:52, 23.67, 48.54
2020-10-28, 16:17:53, 23.66, 48.54
2020-10-28, 16:17:55, 23.67, 48.54
2020-10-28, 16:17:56, 23.65, 48.54
2020-10-28, 16:17:57, 23.65, 48.54
2020-10-28, 16:17:59, 23.66, 48.54
2020-10-28, 16:18:00, 23.66, 48.54
2020-10-28, 16:18:02, 23.66, 48.54
2020-10-28, 16:18:03, 23.66, 48.54
2020-10-28, 16:18:04, 23.66, 48.57
2020-10-28, 16:18:06, 23.66, 48.54
2020-10-28, 16:18:07, 23.65, 48.57
2020-10-28, 16:18:08, 23.65, 48.57
2020-10-28, 16:18:10, 23.66, 48.54
2020-10-28, 16:18:11, 23.65, 48.57
2020-10-28, 16:18:12, 23.65, 48.54
2020-10-28, 16:18:14, 23.65, 48.54
2020-10-28, 16:18:15, 23.64, 48.57
2020-10-28, 16:18:16, 23.66, 48.54
2020-10-28, 16:18:18, 23.64, 48.54
2020-10-28, 16:18:19, 23.65, 48.54
2020-10-28, 16:18:21, 23.66, 48.57
2020-10-28, 16:18:22, 23.65, 48.54
2020-10-28, 16:18:23, 23.65, 48.54
2020-10-28, 16:18:25, 23.64, 48.57
2020-10-28, 16:18:26, 23.64, 48.6
2020-10-28, 16:18:27, 23.65, 48.57
2020-10-28, 16:18:29, 23.64, 48.57
2020-10-28, 16:18:30, 23.64, 48.57
2020-10-28, 16:18:31, 23.64, 48.6
2020-10-28, 16:18:33, 23.64, 48.6
2020-10-28, 16:18:34, 23.64, 48.6
2020-10-28, 16:18:35, 23.64, 48.6
2020-10-28, 16:18:37, 23.63, 48.6
2020-10-28, 16:18:38, 23.64, 48.6
2020-10-28, 16:18:39, 23.62, 48.63
2020-10-28, 16:18:41, 23.62, 48.6
2020-10-28, 16:18:42, 23.63, 48.6
2020-10-28, 16:18:44, 23.63, 48.63
2020-10-28, 16:18:45, 23.63, 48.6
2020-10-28, 16:18:46, 23.63, 48.6
2020-10-28, 16:18:48, 23.63, 48.63
2020-10-28, 16:18:49, 23.63, 48.63
2020-10-28, 16:18:50, 23.63, 48.63
2020-10-28, 16:18:52, 23.64, 48.63
2020-10-28, 16:18:53, 23.63, 48.63
2020-10-28, 16:18:54, 23.63, 48.63
2020-10-28, 16:18:56, 23.6, 48.63
2020-10-28, 16:18:57, 23.64, 48.63
2020-10-28, 16:18:58, 23.64, 48.63
2020-10-28, 16:19:00, 23.64, 48.63
2020-10-28, 16:19:01, 23.63, 48.63
2020-10-28, 16:19:03, 23.62, 48.63
2020-10-28, 16:19:04, 23.63, 48.63
2020-10-28, 16:19:05, 23.63, 48.66
2020-10-28, 16:19:07, 23.6, 48.66
2020-10-28, 16:19:08, 23.62, 48.66
2020-10-28, 16:19:09, 23.62, 48.66
2020-10-28, 16:19:11, 23.62, 48.66
2020-10-28, 16:19:12, 23.63, 48.66
2020-10-28, 16:19:13, 23.63, 48.66
2020-10-28, 16:19:15, 23.62, 48.66
2020-10-28, 16:19:16, 23.62, 48.66
2020-10-28, 16:19:17, 23.62, 48.66
2020-10-28, 16:19:19, 23.62, 48.66
2020-10-28, 16:19:20, 23.62, 48.66
2020-10-28, 16:19:22, 23.62, 48.66
2020-10-28, 16:19:23, 23.63, 48.66
2020-10-28, 16:19:24, 23.62, 48.66
2020-10-28, 16:19:26, 23.63, 48.66
2020-10-28, 16:19:27, 23.61, 48.66
2020-10-28, 16:19:28, 23.61, 48.69
2020-10-28, 16:19:30, 23.62, 48.69
2020-10-28, 16:19:31, 23.6, 48.69
2020-10-28, 16:19:32, 23.62, 48.69
2020-10-28, 16:19:34, 23.6, 48.69
2020-10-28, 16:19:35, 23.61, 48.72
2020-10-28, 16:19:36, 23.6, 48.72
2020-10-28, 16:19:38, 23.61, 48.72
2020-10-28, 16:19:39, 23.62, 48.72
2020-10-28, 16:19:41, 23.62, 48.72
2020-10-28, 16:19:42, 23.62, 48.72
2020-10-28, 16:19:43, 23.61, 48.72
2020-10-28, 16:19:45, 23.61, 48.72
2020-10-28, 16:19:46, 23.62, 48.69
2020-10-28, 16:19:47, 23.6, 48.69
2020-10-28, 16:19:49, 23.62, 48.72
2020-10-28, 16:19:50, 23.61, 48.72
2020-10-28, 16:19:51, 23.62, 48.72
2020-10-28, 16:19:53, 23.62, 48.72
2020-10-28, 16:19:54, 23.62, 48.72
2020-10-28, 16:19:55, 23.61, 48.72
2020-10-28, 16:19:57, 23.61, 48.72
2020-10-28, 16:19:58, 23.6, 48.72
2020-10-28, 16:20:00, 23.6, 48.69
2020-10-28, 16:20:01, 23.59, 48.72
2020-10-28, 16:20:02, 23.61, 48.72
2020-10-28, 16:20:04, 23.61, 48.72
2020-10-28, 16:20:05, 23.61, 48.72
2020-10-28, 16:20:06, 23.6, 48.72
2020-10-28, 16:20:08, 23.61, 48.72
2020-10-28, 16:20:09, 23.6, 48.72
2020-10-28, 16:20:10, 23.61, 48.72
2020-10-28, 16:20:12, 23.6, 48.72
2020-10-28, 16:20:13, 23.61, 48.72
2020-10-28, 16:20:14, 23.62, 48.72
2020-10-28, 16:20:16, 23.61, 48.72
2020-10-28, 16:20:17, 23.62, 48.72
2020-10-28, 16:20:19, 23.61, 48.72
2020-10-28, 16:20:20, 23.61, 48.72
2020-10-28, 16:20:21, 23.62, 48.76
2020-10-28, 16:20:23, 23.59, 48.72
2020-10-28, 16:20:24, 23.6, 48.72
2020-10-28, 16:20:25, 23.6, 48.72
2020-10-28, 16:20:27, 23.6, 48.72
2020-10-28, 16:20:28, 23.6, 48.72
2020-10-28, 16:20:29, 23.59, 48.72
2020-10-28, 16:20:31, 23.58, 48.72
2020-10-28, 16:20:32, 23.6, 48.75
2020-10-28, 16:20:33, 23.57, 48.75
2020-10-28, 16:20:35, 23.58, 48.75
2020-10-28, 16:20:36, 23.59, 48.78
2020-10-28, 16:20:38, 23.58, 48.78
2020-10-28, 16:20:39, 23.58, 48.75
2020-10-28, 16:20:40, 23.59, 48.78
2020-10-28, 16:20:42, 23.58, 48.78
2020-10-28, 16:20:43, 23.58, 48.78
2020-10-28, 16:20:44, 23.58, 48.78
2020-10-28, 16:20:46, 23.58, 48.78
2020-10-28, 16:20:47, 23.58, 48.78
2020-10-28, 16:20:48, 23.56, 48.78
2020-10-28, 16:20:50, 23.56, 48.81
2020-10-28, 16:20:51, 23.58, 48.78
2020-10-28, 16:20:52, 23.57, 48.78
2020-10-28, 16:20:54, 23.57, 48.81
2020-10-28, 16:20:55, 23.55, 48.81
2020-10-28, 16:20:57, 23.56, 48.81
2020-10-28, 16:20:58, 23.56, 48.81
2020-10-28, 16:20:59, 23.57, 48.81
2020-10-28, 16:21:01, 23.56, 48.81
2020-10-28, 16:21:02, 23.57, 48.81
2020-10-28, 16:21:03, 23.56, 48.81
2020-10-28, 16:21:05, 23.56, 48.84
2020-10-28, 16:21:06, 23.56, 48.84
2020-10-28, 16:21:07, 23.56, 48.81
2020-10-28, 16:21:09, 23.56, 48.84
2020-10-28, 16:21:10, 23.55, 48.84
2020-10-28, 16:21:12, 23.53, 48.84
2020-10-28, 16:21:13, 23.56, 48.84
2020-10-28, 16:21:14, 23.56, 48.84
2020-10-28, 16:21:16, 23.56, 48.88
2020-10-28, 16:21:17, 23.55, 48.87
2020-10-28, 16:21:18, 23.55, 48.91
2020-10-28, 16:21:20, 23.55, 48.87
2020-10-28, 16:21:21, 23.56, 48.88
2020-10-28, 16:21:22, 23.54, 48.87
2020-10-28, 16:21:24, 23.55, 48.87
2020-10-28, 16:21:25, 23.56, 48.91
2020-10-28, 16:21:26, 23.55, 48.91
2020-10-28, 16:21:28, 23.54, 48.87
2020-10-28, 16:21:29, 23.54, 48.91
2020-10-28, 16:21:31, 23.55, 48.91
2020-10-28, 16:21:32, 23.56, 48.91
2020-10-28, 16:21:33, 23.54, 48.91
2020-10-28, 16:21:35, 23.55, 48.91
2020-10-28, 16:21:36, 23.56, 48.91
2020-10-28, 16:21:37, 23.55, 48.91
2020-10-28, 16:21:39, 23.54, 48.91
2020-10-28, 16:21:40, 23.54, 48.91
2020-10-28, 16:21:41, 23.56, 48.91
2020-10-28, 16:21:43, 23.55, 48.91
2020-10-28, 16:21:44, 23.54, 48.91
2020-10-28, 16:21:45, 23.55, 48.91
2020-10-28, 16:21:47, 23.54, 48.94
2020-10-28, 16:21:48, 23.54, 48.94
2020-10-28, 16:21:50, 23.54, 48.91
2020-10-28, 16:21:51, 23.56, 48.97
2020-10-28, 16:21:52, 23.53, 48.97
2020-10-28, 16:21:54, 23.54, 48.97
2020-10-28, 16:21:55, 23.53, 48.97
2020-10-28, 16:21:56, 23.55, 48.97
2020-10-28, 16:21:58, 23.54, 48.94
2020-10-28, 16:21:59, 23.54, 48.94
2020-10-28, 16:22:00, 23.54, 48.94
2020-10-28, 16:22:02, 23.55, 48.94
2020-10-28, 16:22:03, 23.54, 48.94
2020-10-28, 16:22:04, 23.53, 48.97
2020-10-28, 16:22:06, 23.53, 48.94
2020-10-28, 16:22:07, 23.53, 48.97
2020-10-28, 16:22:09, 23.54, 48.94
2020-10-28, 16:22:10, 23.53, 48.9
2020-10-28, 16:22:11, 23.52, 48.93
2020-10-28, 16:22:13, 23.53, 48.97
2020-10-28, 16:22:14, 23.54, 48.97
2020-10-28, 16:22:15, 23.55, 48.94
2020-10-28, 16:22:17, 23.54, 48.94
2020-10-28, 16:22:18, 23.54, 48.94
2020-10-28, 16:22:19, 23.54, 48.94
2020-10-28, 16:22:21, 23.54, 48.97
2020-10-28, 16:22:22, 23.55, 48.94
2020-10-28, 16:22:24, 23.54, 48.97
2020-10-28, 16:22:25, 23.55, 48.97
2020-10-28, 16:22:26, 23.55, 48.94
2020-10-28, 16:22:28, 23.53, 48.97
2020-10-28, 16:22:29, 23.55, 48.97
2020-10-28, 16:22:30, 23.54, 48.94
2020-10-28, 16:22:32, 23.55, 48.94
2020-10-28, 16:22:33, 23.55, 48.94
2020-10-28, 16:22:34, 23.55, 48.94
2020-10-28, 16:22:36, 23.54, 48.94
2020-10-28, 16:22:37, 23.55, 48.97
2020-10-28, 16:22:38, 23.54, 48.94
2020-10-28, 16:22:40, 23.54, 48.94
2020-10-28, 16:22:41, 23.54, 48.94
2020-10-28, 16:22:43, 23.54, 48.94
2020-10-28, 16:22:44, 23.55, 48.94
2020-10-28, 16:22:45, 23.55, 48.91
2020-10-28, 16:22:47, 23.56, 48.94
2020-10-28, 16:22:48, 23.56, 48.94
2020-10-28, 16:22:49, 23.56, 48.94
2020-10-28, 16:22:51, 23.55, 48.94
2020-10-28, 16:22:52, 23.54, 48.91
2020-10-28, 16:22:53, 23.53, 48.94
2020-10-28, 16:22:55, 23.54, 48.91
2020-10-28, 16:22:56, 23.55, 48.91
2020-10-28, 16:22:57, 23.55, 48.91
2020-10-28, 16:22:59, 23.55, 48.91
2020-10-28, 16:23:00, 23.53, 48.9
2020-10-28, 16:23:02, 23.53, 48.9
2020-10-28, 16:23:03, 23.54, 48.94
2020-10-28, 16:23:04, 23.54, 48.97
2020-10-28, 16:23:06, 23.54, 48.94
2020-10-28, 16:23:07, 23.55, 48.94
2020-10-28, 16:23:08, 23.54, 48.94
2020-10-28, 16:23:10, 23.52, 48.97
2020-10-28, 16:23:11, 23.54, 48.97
2020-10-28, 16:23:12, 23.54, 48.97
2020-10-28, 16:23:14, 23.54, 48.97
2020-10-28, 16:23:15, 23.54, 48.97
2020-10-28, 16:23:16, 23.55, 48.97
2020-10-28, 16:23:18, 23.55, 48.97
2020-10-28, 16:23:19, 23.54, 48.97
2020-10-28, 16:23:20, 23.54, 48.97
2020-10-28, 16:23:22, 23.54, 48.97
2020-10-28, 16:23:23, 23.53, 48.97
2020-10-28, 16:23:25, 23.54, 48.97
2020-10-28, 16:23:26, 23.54, 48.97
2020-10-28, 16:23:27, 23.54, 48.97
2020-10-28, 16:23:29, 23.55, 48.97
2020-10-28, 16:23:30, 23.54, 48.97
2020-10-28, 16:23:31, 23.54, 49.0
2020-10-28, 16:23:33, 23.54, 49.0
2020-10-28, 16:23:34, 23.53, 48.97
2020-10-28, 16:23:35, 23.53, 49.0
2020-10-28, 16:23:37, 23.52, 49.0
2020-10-28, 16:23:38, 23.52, 49.0
2020-10-28, 16:23:39, 23.53, 49.0
2020-10-28, 16:23:41, 23.53, 49.0
2020-10-28, 16:23:42, 23.52, 49.0
2020-10-28, 16:23:44, 23.54, 48.97
2020-10-28, 16:23:45, 23.53, 49.0
2020-10-28, 16:23:46, 23.53, 49.0
2020-10-28, 16:23:48, 23.51, 48.97
2020-10-28, 16:23:49, 23.53, 49.0
2020-10-28, 16:23:50, 23.53, 49.03
2020-10-28, 16:23:52, 23.53, 49.0
2020-10-28, 16:23:53, 23.53, 49.0
2020-10-28, 16:23:54, 23.53, 49.03
2020-10-28, 16:23:56, 23.54, 49.0
2020-10-28, 16:23:57, 23.53, 49.03
2020-10-28, 16:23:59, 23.52, 49.0
2020-10-28, 16:24:00, 23.54, 49.0
2020-10-28, 16:24:01, 23.53, 49.0
2020-10-28, 16:24:03, 23.54, 49.03
2020-10-28, 16:24:04, 23.53, 49.0
2020-10-28, 16:24:05, 23.53, 49.0
2020-10-28, 16:24:07, 23.53, 49.0
2020-10-28, 16:24:08, 23.53, 49.0
2020-10-28, 16:24:09, 23.53, 49.03
2020-10-28, 16:24:11, 23.52, 49.03
2020-10-28, 16:24:12, 23.53, 49.03
2020-10-28, 16:24:13, 23.51, 49.03
2020-10-28, 16:24:15, 23.52, 49.03
2020-10-28, 16:24:16, 23.52, 49.03
2020-10-28, 16:24:18, 23.51, 49.03
2020-10-28, 16:24:19, 23.51, 49.03
2020-10-28, 16:24:20, 23.5, 49.03
2020-10-28, 16:24:22, 23.5, 49.03
2020-10-28, 16:24:23, 23.51, 49.03
2020-10-28, 16:24:24, 23.5, 49.06
2020-10-28, 16:24:26, 23.51, 49.03
2020-10-28, 16:24:27, 23.5, 49.06
2020-10-28, 16:24:28, 23.49, 49.06
2020-10-28, 16:24:30, 23.48, 49.06
2020-10-28, 16:24:31, 23.49, 49.06
2020-10-28, 16:24:33, 23.51, 49.06
2020-10-28, 16:24:34, 23.51, 49.06
2020-10-28, 16:24:35, 23.51, 49.06
2020-10-28, 16:24:37, 23.5, 49.06
2020-10-28, 16:24:38, 23.5, 49.06
2020-10-28, 16:24:39, 23.49, 49.06
2020-10-28, 16:24:41, 23.5, 49.06
2020-10-28, 16:24:42, 23.52, 49.03
2020-10-28, 16:24:43, 23.5, 49.06
2020-10-28, 16:24:45, 23.52, 49.06
2020-10-28, 16:24:46, 23.51, 49.03
2020-10-28, 16:24:47, 23.5, 49.03
2020-10-28, 16:24:49, 23.5, 49.06
2020-10-28, 16:24:50, 23.49, 49.09
2020-10-28, 16:24:52, 23.49, 49.06
2020-10-28, 16:24:53, 23.5, 49.06
2020-10-28, 16:24:54, 23.51, 49.06
2020-10-28, 16:24:56, 23.49, 49.09
2020-10-28, 16:24:57, 23.5, 49.09
2020-10-28, 16:24:58, 23.5, 49.09
2020-10-28, 16:25:00, 23.5, 49.06
2020-10-28, 16:25:01, 23.5, 49.06
2020-10-28, 16:25:02, 23.5, 49.09
2020-10-28, 16:25:04, 23.5, 49.06
2020-10-28, 16:25:05, 23.52, 49.06
2020-10-28, 16:25:06, 23.51, 49.06
2020-10-28, 16:25:08, 23.51, 49.06
2020-10-28, 16:25:09, 23.51, 49.06
2020-10-28, 16:25:10, 23.5, 49.06
2020-10-28, 16:25:12, 23.5, 49.06
2020-10-28, 16:25:13, 23.51, 49.06
2020-10-28, 16:25:15, 23.49, 49.06
2020-10-28, 16:25:16, 23.5, 49.09
2020-10-28, 16:25:17, 23.5, 49.09
2020-10-28, 16:25:19, 23.5, 49.09
2020-10-28, 16:25:20, 23.51, 49.09
2020-10-28, 16:25:21, 23.5, 49.09
2020-10-28, 16:25:23, 23.5, 49.06
2020-10-28, 16:25:24, 23.49, 49.06
2020-10-28, 16:25:25, 23.51, 49.06
2020-10-28, 16:25:27, 23.5, 49.06
2020-10-28, 16:25:28, 23.49, 49.06
2020-10-28, 16:25:29, 23.5, 49.06
2020-10-28, 16:25:31, 23.48, 49.09
2020-10-28, 16:25:32, 23.48, 49.09
2020-10-28, 16:25:34, 23.48, 49.09
2020-10-28, 16:25:35, 23.49, 49.12
2020-10-28, 16:25:37, 23.49, 49.09
2020-10-28, 16:25:38, 23.5, 49.09
2020-10-28, 16:25:39, 23.5, 49.09
2020-10-28, 16:25:41, 23.5, 49.09
2020-10-28, 16:25:42, 23.51, 49.09
2020-10-28, 16:25:43, 23.5, 49.09
2020-10-28, 16:25:45, 23.5, 49.09
2020-10-28, 16:25:46, 23.5, 49.09
2020-10-28, 16:25:47, 23.5, 49.09
2020-10-28, 16:25:49, 23.5, 49.09
2020-10-28, 16:25:50, 23.5, 49.09
2020-10-28, 16:25:51, 23.49, 49.09
2020-10-28, 16:25:53, 23.5, 49.09
2020-10-28, 16:25:54, 23.5, 49.09
2020-10-28, 16:25:56, 23.5, 49.09
2020-10-28, 16:25:57, 23.5, 49.09
2020-10-28, 16:25:58, 23.5, 49.09
2020-10-28, 16:26:00, 23.49, 49.09
2020-10-28, 16:26:01, 23.5, 49.09
2020-10-28, 16:26:02, 23.5, 49.09
2020-10-28, 16:26:04, 23.5, 49.06
2020-10-28, 16:26:05, 23.5, 49.09
2020-10-28, 16:26:06, 23.49, 49.06
2020-10-28, 16:26:08, 23.48, 49.09
2020-10-28, 16:26:09, 23.48, 49.09
2020-10-28, 16:26:10, 23.48, 49.09
2020-10-28, 16:26:12, 23.49, 49.09
2020-10-28, 16:26:13, 23.49, 49.09
2020-10-28, 16:26:15, 23.48, 49.09
2020-10-28, 16:26:16, 23.49, 49.09
2020-10-28, 16:26:17, 23.49, 49.09
2020-10-28, 16:26:19, 23.48, 49.09
2020-10-28, 16:26:20, 23.48, 49.09
2020-10-28, 16:26:21, 23.48, 49.09
2020-10-28, 16:26:23, 23.48, 49.09
2020-10-28, 16:26:24, 23.47, 49.09
2020-10-28, 16:26:25, 23.48, 49.09
2020-10-28, 16:26:27, 23.5, 49.09
2020-10-28, 16:26:28, 23.5, 49.06
2020-10-28, 16:26:29, 23.49, 49.03
2020-10-28, 16:26:31, 23.5, 49.06
2020-10-28, 16:26:32, 23.5, 49.06
2020-10-28, 16:26:34, 23.48, 49.06
2020-10-28, 16:26:35, 23.48, 49.06
2020-10-28, 16:26:36, 23.5, 49.06
2020-10-28, 16:26:38, 23.48, 49.09
2020-10-28, 16:26:39, 23.48, 49.02
2020-10-28, 16:26:40, 23.45, 49.05
2020-10-28, 16:26:42, 23.48, 49.06
2020-10-28, 16:26:43, 23.5, 49.06
2020-10-28, 16:26:45, 23.5, 49.06
2020-10-28, 16:26:46, 23.48, 49.06
2020-10-28, 16:26:47, 23.49, 49.06
2020-10-28, 16:26:49, 23.49, 49.03
2020-10-28, 16:26:50, 23.49, 49.06
2020-10-28, 16:26:51, 23.49, 49.06
2020-10-28, 16:26:53, 23.48, 49.02
2020-10-28, 16:26:54, 23.48, 49.02
2020-10-28, 16:26:55, 23.48, 49.02
2020-10-28, 16:26:57, 23.49, 49.03
2020-10-28, 16:26:58, 23.5, 49.03
2020-10-28, 16:26:59, 23.5, 49.03
2020-10-28, 16:27:01, 23.51, 49.03
2020-10-28, 16:27:02, 23.5, 49.03
2020-10-28, 16:27:04, 23.5, 49.03
2020-10-28, 16:27:05, 23.5, 49.0
2020-10-28, 16:27:06, 23.5, 49.0
2020-10-28, 16:27:08, 23.5, 49.03
2020-10-28, 16:27:09, 23.52, 49.0
2020-10-28, 16:27:10, 23.5, 49.0
2020-10-28, 16:27:12, 23.52, 48.97
2020-10-28, 16:27:13, 23.51, 49.0
2020-10-28, 16:27:14, 23.51, 48.97
2020-10-28, 16:27:16, 23.51, 48.97
2020-10-28, 16:27:17, 23.52, 48.97
2020-10-28, 16:27:18, 23.51, 48.97
2020-10-28, 16:27:20, 23.51, 48.97
2020-10-28, 16:27:21, 23.49, 48.96
2020-10-28, 16:27:23, 23.52, 48.97
2020-10-28, 16:27:24, 23.5, 48.96
2020-10-28, 16:27:25, 23.5, 48.96
2020-10-28, 16:27:27, 23.5, 48.96
2020-10-28, 16:27:28, 23.51, 48.97
2020-10-28, 16:27:29, 23.51, 48.97
2020-10-28, 16:27:31, 23.51, 48.97
2020-10-28, 16:27:32, 23.51, 48.97
2020-10-28, 16:27:33, 23.5, 48.96
2020-10-28, 16:27:35, 23.5, 48.96
2020-10-28, 16:27:36, 23.51, 48.97
2020-10-28, 16:27:37, 23.51, 48.97
2020-10-28, 16:27:39, 23.5, 48.96
2020-10-28, 16:27:40, 23.5, 48.96
2020-10-28, 16:27:42, 23.5, 48.96
2020-10-28, 16:27:43, 23.49, 48.96
2020-10-28, 16:27:44, 23.49, 48.96
2020-10-28, 16:27:46, 23.5, 48.96
2020-10-28, 16:27:47, 23.5, 48.96
2020-10-28, 16:27:48, 23.5, 48.96
2020-10-28, 16:27:50, 23.51, 48.97
2020-10-28, 16:27:51, 23.5, 48.96
2020-10-28, 16:27:52, 23.5, 48.93
2020-10-28, 16:27:54, 23.5, 48.96
2020-10-28, 16:27:55, 23.51, 48.93
2020-10-28, 16:27:56, 23.5, 48.93
2020-10-28, 16:27:58, 23.5, 48.9
2020-10-28, 16:27:59, 23.5, 48.93
2020-10-28, 16:28:00, 23.5, 48.93
2020-10-28, 16:28:02, 23.49, 48.93
2020-10-28, 16:28:03, 23.49, 48.93
2020-10-28, 16:28:05, 23.49, 48.93
2020-10-28, 16:28:06, 23.49, 48.93
2020-10-28, 16:28:07, 23.5, 48.96
2020-10-28, 16:28:09, 23.48, 48.96
2020-10-28, 16:28:10, 23.48, 48.96
2020-10-28, 16:28:11, 23.48, 48.96
2020-10-28, 16:28:13, 23.48, 48.96
2020-10-28, 16:28:14, 23.48, 48.96
2020-10-28, 16:28:15, 23.5, 48.96
2020-10-28, 16:28:17, 23.49, 48.96
2020-10-28, 16:28:18, 23.48, 48.96
2020-10-28, 16:28:19, 23.49, 48.96
2020-10-28, 16:28:21, 23.48, 48.96
2020-10-28, 16:28:22, 23.48, 48.96
2020-10-28, 16:28:23, 23.48, 48.96
2020-10-28, 16:28:25, 23.48, 48.96
2020-10-28, 16:28:26, 23.49, 48.96
2020-10-28, 16:28:28, 23.48, 48.99
2020-10-28, 16:28:29, 23.48, 48.96
2020-10-28, 16:28:30, 23.48, 48.96
2020-10-28, 16:28:32, 23.48, 48.96
2020-10-28, 16:28:33, 23.46, 48.96
2020-10-28, 16:28:34, 23.48, 48.96
2020-10-28, 16:28:36, 23.47, 48.96
2020-10-28, 16:28:37, 23.48, 48.99
2020-10-28, 16:28:38, 23.46, 48.96
2020-10-28, 16:28:40, 23.47, 48.99
2020-10-28, 16:28:41, 23.48, 48.99
2020-10-28, 16:28:43, 23.48, 48.96
2020-10-28, 16:28:44, 23.48, 48.96
2020-10-28, 16:28:45, 23.46, 48.96
2020-10-28, 16:28:47, 23.48, 48.96
2020-10-28, 16:28:48, 23.46, 48.99
2020-10-28, 16:28:49, 23.47, 48.99
2020-10-28, 16:28:51, 23.48, 48.99
2020-10-28, 16:28:52, 23.48, 48.99
2020-10-28, 16:28:53, 23.49, 48.96
2020-10-28, 16:28:55, 23.46, 48.99
2020-10-28, 16:28:56, 23.48, 48.99
2020-10-28, 16:28:57, 23.47, 48.96
2020-10-28, 16:28:59, 23.48, 48.99
2020-10-28, 16:29:00, 23.48, 48.96
2020-10-28, 16:29:02, 23.48, 48.96
2020-10-28, 16:29:03, 23.48, 48.96
2020-10-28, 16:29:04, 23.47, 48.96
2020-10-28, 16:29:06, 23.48, 48.96
2020-10-28, 16:29:07, 23.49, 48.96
2020-10-28, 16:29:08, 23.48, 48.96
2020-10-28, 16:29:10, 23.48, 48.96
2020-10-28, 16:29:11, 23.48, 48.96
2020-10-28, 16:29:12, 23.49, 48.96
2020-10-28, 16:29:14, 23.47, 48.96
2020-10-28, 16:29:15, 23.48, 48.96
2020-10-28, 16:29:16, 23.48, 48.96
2020-10-28, 16:29:18, 23.48, 48.93
2020-10-28, 16:29:19, 23.48, 48.96
2020-10-28, 16:29:21, 23.47, 48.96
2020-10-28, 16:29:22, 23.47, 48.96
2020-10-28, 16:29:23, 23.47, 48.96
2020-10-28, 16:29:25, 23.48, 48.96
2020-10-28, 16:29:26, 23.47, 48.96
2020-10-28, 16:29:27, 23.48, 48.96
2020-10-28, 16:29:29, 23.48, 48.96
2020-10-28, 16:29:30, 23.46, 48.96
2020-10-28, 16:29:31, 23.48, 48.96
2020-10-28, 16:29:33, 23.46, 48.93
2020-10-28, 16:29:34, 23.47, 48.96
2020-10-28, 16:29:35, 23.47, 48.93
2020-10-28, 16:29:37, 23.47, 48.93
2020-10-28, 16:29:38, 23.46, 48.96
2020-10-28, 16:29:40, 23.47, 48.96
2020-10-28, 16:29:41, 23.47, 48.96
2020-10-28, 16:29:42, 23.46, 48.96
2020-10-28, 16:29:44, 23.48, 48.96
2020-10-28, 16:29:45, 23.48, 48.96
2020-10-28, 16:29:46, 23.48, 48.96
2020-10-28, 16:29:48, 23.48, 48.96
2020-10-28, 16:29:49, 23.48, 48.93
2020-10-28, 16:29:50, 23.49, 48.93
2020-10-28, 16:29:52, 23.48, 48.93
2020-10-28, 16:29:53, 23.5, 48.93
2020-10-28, 16:29:54, 23.48, 48.93
2020-10-28, 16:29:56, 23.49, 48.93
2020-10-28, 16:29:57, 23.5, 48.93
2020-10-28, 16:29:58, 23.5, 48.93
2020-10-28, 16:30:00, 23.5, 48.93
2020-10-28, 16:30:01, 23.49, 48.93
2020-10-28, 16:30:03, 23.48, 48.9
2020-10-28, 16:30:04, 23.49, 48.93
2020-10-28, 16:30:05, 23.48, 48.93
2020-10-28, 16:30:07, 23.48, 48.93
2020-10-28, 16:30:08, 23.48, 48.9
2020-10-28, 16:30:09, 23.48, 48.93
2020-10-28, 16:30:11, 23.48, 48.9
2020-10-28, 16:30:12, 23.47, 48.93
2020-10-28, 16:30:13, 23.48, 48.9
2020-10-28, 16:30:15, 23.48, 48.9
2020-10-28, 16:30:16, 23.48, 48.93
2020-10-28, 16:30:17, 23.48, 48.93
2020-10-28, 16:30:19, 23.48, 48.9
2020-10-28, 16:30:20, 23.49, 48.9
2020-10-28, 16:30:22, 23.47, 48.9
2020-10-28, 16:30:23, 23.47, 48.93
2020-10-28, 16:30:24, 23.47, 48.93
2020-10-28, 16:30:26, 23.47, 48.9
2020-10-28, 16:30:27, 23.48, 48.9
2020-10-28, 16:30:29, 23.29, 48.94
2020-10-28, 16:30:31, 23.43, 49.02
2020-10-28, 16:30:32, 23.43, 49.02
2020-10-28, 16:30:33, 23.46, 49.02
2020-10-28, 16:30:35, 23.45, 49.02
2020-10-28, 16:30:36, 23.45, 48.99
2020-10-28, 16:30:37, 23.47, 48.96
2020-10-28, 16:30:39, 23.47, 48.96
2020-10-28, 16:30:40, 23.48, 48.96
2020-10-28, 16:30:41, 23.47, 48.96
2020-10-28, 16:30:43, 23.47, 48.93
2020-10-28, 16:30:44, 23.48, 48.93
2020-10-28, 16:30:45, 23.48, 48.93
2020-10-28, 16:30:47, 23.48, 48.93
2020-10-28, 16:30:48, 23.48, 48.9
2020-10-28, 16:30:50, 23.47, 48.9
2020-10-28, 16:30:51, 23.48, 48.9
2020-10-28, 16:30:52, 23.48, 48.9
2020-10-28, 16:30:54, 23.48, 48.9
2020-10-28, 16:30:55, 23.46, 48.9
2020-10-28, 16:30:56, 23.46, 48.86
2020-10-28, 16:30:58, 23.44, 48.89
2020-10-28, 16:30:59, 23.47, 48.86
2020-10-28, 16:31:00, 23.45, 48.89
2020-10-28, 16:31:02, 23.47, 48.9
2020-10-28, 16:31:03, 23.47, 48.9
2020-10-28, 16:31:04, 23.47, 48.9
2020-10-28, 16:31:06, 23.48, 48.9
2020-10-28, 16:31:07, 23.48, 48.9
2020-10-28, 16:31:09, 23.49, 48.9
2020-10-28, 16:31:10, 23.49, 48.87
2020-10-28, 16:31:11, 23.49, 48.9
2020-10-28, 16:31:13, 23.48, 48.87
2020-10-28, 16:31:14, 23.49, 48.84
2020-10-28, 16:31:15, 23.49, 48.87
2020-10-28, 16:31:17, 23.5, 48.87
2020-10-28, 16:31:18, 23.48, 48.87
2020-10-28, 16:31:19, 23.48, 48.83
2020-10-28, 16:31:21, 23.48, 48.83
2020-10-28, 16:31:22, 23.5, 48.87
2020-10-28, 16:31:23, 23.49, 48.87
2020-10-28, 16:31:25, 23.5, 48.87
2020-10-28, 16:31:26, 23.5, 48.84
2020-10-28, 16:31:28, 23.5, 48.87
2020-10-28, 16:31:29, 23.5, 48.87
2020-10-28, 16:31:30, 23.48, 48.83
2020-10-28, 16:31:32, 23.5, 48.84
2020-10-28, 16:31:33, 23.49, 48.84
2020-10-28, 16:31:34, 23.5, 48.84
2020-10-28, 16:31:36, 23.5, 48.84
2020-10-28, 16:31:37, 23.5, 48.84
2020-10-28, 16:31:38, 23.49, 48.84
2020-10-28, 16:31:40, 23.5, 48.84
2020-10-28, 16:31:41, 23.5, 48.84
2020-10-28, 16:31:42, 23.5, 48.84
2020-10-28, 16:31:44, 23.5, 48.84
2020-10-28, 16:31:45, 23.5, 48.84
2020-10-28, 16:31:47, 23.46, 48.83
2020-10-28, 16:31:48, 23.49, 48.84
2020-10-28, 16:31:49, 23.46, 48.83
2020-10-28, 16:31:51, 23.48, 48.83
2020-10-28, 16:31:52, 23.49, 48.84
2020-10-28, 16:31:53, 23.49, 48.84
2020-10-28, 16:31:55, 23.48, 48.83
2020-10-28, 16:31:56, 23.48, 48.83
2020-10-28, 16:31:58, 23.49, 48.84
2020-10-28, 16:31:59, 23.49, 48.84
2020-10-28, 16:32:00, 23.5, 48.84
2020-10-28, 16:32:02, 23.49, 48.8
2020-10-28, 16:32:03, 23.51, 48.81
2020-10-28, 16:32:04, 23.49, 48.84
2020-10-28, 16:32:06, 23.49, 48.84
2020-10-28, 16:32:07, 23.48, 48.8
2020-10-28, 16:32:08, 23.5, 48.8
2020-10-28, 16:32:10, 23.49, 48.8
2020-10-28, 16:32:11, 23.5, 48.77
2020-10-28, 16:32:12, 23.5, 48.8
2020-10-28, 16:32:14, 23.5, 48.77
2020-10-28, 16:32:15, 23.51, 48.77
2020-10-28, 16:32:16, 23.51, 48.77
2020-10-28, 16:32:18, 23.5, 48.77
2020-10-28, 16:32:19, 23.5, 48.77
2020-10-28, 16:32:21, 23.5, 48.77
2020-10-28, 16:32:22, 23.5, 48.77
2020-10-28, 16:32:23, 23.51, 48.77
2020-10-28, 16:32:25, 23.5, 48.77
2020-10-28, 16:32:26, 23.49, 48.74
2020-10-28, 16:32:27, 23.49, 48.74
2020-10-28, 16:32:29, 23.51, 48.74
2020-10-28, 16:32:30, 23.5, 48.74
2020-10-28, 16:32:31, 23.52, 48.74
2020-10-28, 16:32:33, 23.5, 48.74
2020-10-28, 16:32:34, 23.51, 48.74
2020-10-28, 16:32:35, 23.52, 48.74
2020-10-28, 16:32:37, 23.52, 48.74
2020-10-28, 16:32:38, 23.52, 48.74
2020-10-28, 16:32:40, 23.51, 48.74
2020-10-28, 16:32:41, 23.51, 48.71
2020-10-28, 16:32:42, 23.52, 48.71
2020-10-28, 16:32:44, 23.52, 48.71
2020-10-28, 16:32:45, 23.51, 48.71
2020-10-28, 16:32:46, 23.51, 48.71
2020-10-28, 16:32:48, 23.52, 48.71
2020-10-28, 16:32:49, 23.52, 48.71
2020-10-28, 16:32:50, 23.53, 48.71
2020-10-28, 16:32:52, 23.53, 48.71
2020-10-28, 16:32:53, 23.52, 48.71
2020-10-28, 16:32:54, 23.52, 48.71
2020-10-28, 16:32:56, 23.52, 48.71
2020-10-28, 16:32:57, 23.52, 48.71
2020-10-28, 16:32:58, 23.53, 48.71
2020-10-28, 16:33:00, 23.54, 48.68
2020-10-28, 16:33:01, 23.52, 48.71
2020-10-28, 16:33:03, 23.52, 48.68
2020-10-28, 16:33:04, 23.54, 48.71
2020-10-28, 16:33:05, 23.52, 48.71
2020-10-28, 16:33:07, 23.52, 48.71
2020-10-28, 16:33:08, 23.52, 48.68
2020-10-28, 16:33:09, 23.52, 48.71
2020-10-28, 16:33:11, 23.53, 48.68
2020-10-28, 16:33:12, 23.52, 48.68
2020-10-28, 16:33:13, 23.52, 48.71
2020-10-28, 16:33:15, 23.54, 48.68
2020-10-28, 16:33:16, 23.53, 48.68
2020-10-28, 16:33:17, 23.53, 48.68
2020-10-28, 16:33:19, 23.54, 48.68
2020-10-28, 16:33:20, 23.52, 48.68
2020-10-28, 16:33:21, 23.52, 48.68
2020-10-28, 16:33:23, 23.52, 48.65
2020-10-28, 16:33:24, 23.53, 48.68
2020-10-28, 16:33:26, 23.54, 48.68
2020-10-28, 16:33:27, 23.53, 48.68
2020-10-28, 16:33:28, 23.53, 48.65
2020-10-28, 16:33:30, 23.53, 48.65
2020-10-28, 16:33:31, 23.53, 48.68
2020-10-28, 16:33:32, 23.54, 48.65
2020-10-28, 16:33:34, 23.54, 48.65
2020-10-28, 16:33:35, 23.54, 48.65
2020-10-28, 16:33:36, 23.54, 48.65
2020-10-28, 16:33:38, 23.54, 48.65
2020-10-28, 16:33:39, 23.54, 48.65
2020-10-28, 16:33:40, 23.54, 48.65
2020-10-28, 16:33:42, 23.54, 48.65
2020-10-28, 16:33:43, 23.54, 48.62
2020-10-28, 16:33:45, 23.54, 48.62
2020-10-28, 16:33:46, 23.53, 48.62
2020-10-28, 16:33:47, 23.53, 48.62
2020-10-28, 16:33:49, 23.52, 48.62
2020-10-28, 16:33:50, 23.54, 48.62
2020-10-28, 16:33:51, 23.54, 48.62
2020-10-28, 16:33:53, 23.54, 48.62
2020-10-28, 16:33:54, 23.53, 48.62
2020-10-28, 16:33:55, 23.53, 48.62
2020-10-28, 16:33:57, 23.54, 48.62
2020-10-28, 16:33:58, 23.55, 48.62
2020-10-28, 16:33:59, 23.53, 48.62
2020-10-28, 16:34:01, 23.55, 48.62
2020-10-28, 16:34:02, 23.54, 48.62
2020-10-28, 16:34:04, 23.55, 48.59
2020-10-28, 16:34:05, 23.56, 48.59
2020-10-28, 16:34:06, 23.54, 48.59
2020-10-28, 16:34:08, 23.54, 48.59
2020-10-28, 16:34:09, 23.55, 48.59
2020-10-28, 16:34:10, 23.54, 48.59
2020-10-28, 16:34:12, 23.54, 48.59
2020-10-28, 16:34:13, 23.54, 48.56
2020-10-28, 16:34:14, 23.54, 48.59
2020-10-28, 16:34:16, 23.53, 48.59
2020-10-28, 16:34:17, 23.55, 48.59
2020-10-28, 16:34:18, 23.54, 48.59
2020-10-28, 16:34:20, 23.54, 48.56
2020-10-28, 16:34:21, 23.54, 48.59
2020-10-28, 16:34:23, 23.54, 48.59
2020-10-28, 16:34:24, 23.53, 48.55
2020-10-28, 16:34:25, 23.54, 48.59
2020-10-28, 16:34:27, 23.55, 48.56
2020-10-28, 16:34:28, 23.54, 48.52
2020-10-28, 16:34:29, 23.55, 48.56
2020-10-28, 16:34:31, 23.55, 48.56
2020-10-28, 16:34:32, 23.54, 48.52
2020-10-28, 16:34:33, 23.54, 48.56
2020-10-28, 16:34:35, 23.55, 48.52
2020-10-28, 16:34:36, 23.56, 48.53
2020-10-28, 16:34:37, 23.55, 48.52
2020-10-28, 16:34:39, 23.55, 48.52
2020-10-28, 16:34:40, 23.56, 48.53
2020-10-28, 16:34:41, 23.56, 48.53
2020-10-28, 16:34:43, 23.55, 48.52
2020-10-28, 16:34:44, 23.56, 48.53
2020-10-28, 16:34:46, 23.56, 48.53
2020-10-28, 16:34:47, 23.56, 48.53
2020-10-28, 16:34:48, 23.55, 48.52
2020-10-28, 16:34:50, 23.55, 48.52
2020-10-28, 16:34:51, 23.54, 48.52
2020-10-28, 16:34:52, 23.56, 48.49
2020-10-28, 16:34:54, 23.54, 48.52
2020-10-28, 16:34:55, 23.56, 48.53
2020-10-28, 16:34:56, 23.55, 48.46
2020-10-28, 16:34:58, 23.56, 48.53
2020-10-28, 16:34:59, 23.57, 48.5
2020-10-28, 16:35:00, 23.55, 48.49
2020-10-28, 16:35:02, 23.56, 48.46
2020-10-28, 16:35:03, 23.56, 48.49
2020-10-28, 16:35:05, 23.55, 48.49
2020-10-28, 16:35:06, 23.56, 48.46
2020-10-28, 16:35:07, 23.56, 48.49
2020-10-28, 16:35:09, 23.55, 48.49
2020-10-28, 16:35:10, 23.55, 48.46
2020-10-28, 16:35:11, 23.56, 48.46
2020-10-28, 16:35:13, 23.56, 48.46
2020-10-28, 16:35:14, 23.56, 48.46
2020-10-28, 16:35:15, 23.56, 48.46
2020-10-28, 16:35:17, 23.56, 48.46
2020-10-28, 16:35:18, 23.56, 48.46
2020-10-28, 16:35:19, 23.58, 48.46
2020-10-28, 16:35:21, 23.56, 48.46
2020-10-28, 16:35:22, 23.57, 48.46
2020-10-28, 16:35:24, 23.56, 48.46
2020-10-28, 16:35:25, 23.58, 48.43
2020-10-28, 16:35:26, 23.57, 48.46
2020-10-28, 16:35:28, 23.58, 48.43
2020-10-28, 16:35:29, 23.56, 48.43
2020-10-28, 16:35:30, 23.56, 48.43
2020-10-28, 16:35:32, 23.58, 48.43
2020-10-28, 16:35:33, 23.58, 48.46
2020-10-28, 16:35:34, 23.57, 48.46
2020-10-28, 16:35:36, 23.58, 48.43
2020-10-28, 16:35:37, 23.57, 48.43
2020-10-28, 16:35:38, 23.58, 48.43
2020-10-28, 16:35:40, 23.57, 48.4
2020-10-28, 16:35:41, 23.58, 48.4
2020-10-28, 16:35:43, 23.56, 48.43
2020-10-28, 16:35:44, 23.58, 48.43
2020-10-28, 16:35:45, 23.57, 48.4
2020-10-28, 16:35:47, 23.57, 48.4
2020-10-28, 16:35:48, 23.58, 48.4
2020-10-28, 16:35:49, 23.58, 48.4
2020-10-28, 16:35:51, 23.59, 48.4
2020-10-28, 16:35:52, 23.58, 48.4
2020-10-28, 16:35:53, 23.57, 48.4
2020-10-28, 16:35:55, 23.58, 48.4
2020-10-28, 16:35:56, 23.57, 48.4
2020-10-28, 16:35:57, 23.58, 48.4
2020-10-28, 16:35:59, 23.59, 48.4
2020-10-28, 16:36:00, 23.58, 48.4
2020-10-28, 16:36:02, 23.58, 48.37
2020-10-28, 16:36:03, 23.59, 48.4
2020-10-28, 16:36:04, 23.59, 48.4
2020-10-28, 16:36:06, 23.57, 48.4
2020-10-28, 16:36:07, 23.58, 48.37
2020-10-28, 16:36:08, 23.57, 48.37
2020-10-28, 16:36:10, 23.57, 48.4
2020-10-28, 16:36:11, 23.57, 48.37
2020-10-28, 16:36:12, 23.57, 48.37
2020-10-28, 16:36:14, 23.59, 48.37
2020-10-28, 16:36:15, 23.58, 48.37
2020-10-28, 16:36:16, 23.58, 48.37
2020-10-28, 16:36:18, 23.58, 48.4
2020-10-28, 16:36:19, 23.59, 48.37
2020-10-28, 16:36:21, 23.59, 48.37
2020-10-28, 16:36:22, 23.59, 48.37
2020-10-28, 16:36:23, 23.59, 48.34
2020-10-28, 16:36:25, 23.59, 48.37
2020-10-28, 16:36:26, 23.58, 48.34
2020-10-28, 16:36:27, 23.6, 48.34
2020-10-28, 16:36:29, 23.6, 48.34
2020-10-28, 16:36:30, 23.61, 48.34
2020-10-28, 16:36:31, 23.6, 48.34
2020-10-28, 16:36:33, 23.61, 48.34
2020-10-28, 16:36:34, 23.6, 48.34
2020-10-28, 16:36:35, 23.6, 48.34
2020-10-28, 16:36:37, 23.6, 48.34
2020-10-28, 16:36:38, 23.61, 48.34
2020-10-28, 16:36:40, 23.6, 48.34
2020-10-28, 16:36:41, 23.62, 48.31
2020-10-28, 16:36:42, 23.61, 48.31
2020-10-28, 16:36:44, 23.6, 48.31
2020-10-28, 16:36:45, 23.6, 48.34
2020-10-28, 16:36:46, 23.6, 48.34
2020-10-28, 16:36:48, 23.6, 48.31
2020-10-28, 16:36:49, 23.6, 48.31
2020-10-28, 16:36:50, 23.6, 48.31
2020-10-28, 16:36:52, 23.6, 48.31
2020-10-28, 16:36:53, 23.61, 48.31
2020-10-28, 16:36:54, 23.61, 48.31
2020-10-28, 16:36:56, 23.61, 48.31
2020-10-28, 16:36:57, 23.6, 48.31
2020-10-28, 16:36:59, 23.59, 48.31
2020-10-28, 16:37:00, 23.58, 48.34
2020-10-28, 16:37:02, 23.58, 48.34
2020-10-28, 16:37:03, 23.61, 48.31
2020-10-28, 16:37:04, 23.6, 48.31
2020-10-28, 16:37:06, 23.61, 48.34
2020-10-28, 16:37:07, 23.6, 48.31
2020-10-28, 16:37:08, 23.62, 48.28
2020-10-28, 16:37:10, 23.62, 48.31
2020-10-28, 16:37:11, 23.62, 48.31
2020-10-28, 16:37:12, 23.62, 48.31
2020-10-28, 16:37:14, 23.61, 48.28
2020-10-28, 16:37:15, 23.6, 48.28
2020-10-28, 16:37:16, 23.6, 48.28
2020-10-28, 16:37:18, 23.61, 48.25
2020-10-28, 16:37:19, 23.62, 48.28
2020-10-28, 16:37:21, 23.61, 48.25
2020-10-28, 16:37:22, 23.6, 48.24
2020-10-28, 16:37:23, 23.62, 48.25
2020-10-28, 16:37:25, 23.62, 48.25
2020-10-28, 16:37:26, 23.62, 48.25
2020-10-28, 16:37:27, 23.63, 48.25
2020-10-28, 16:37:29, 23.62, 48.21
2020-10-28, 16:37:30, 23.63, 48.22
2020-10-28, 16:37:31, 23.62, 48.21
2020-10-28, 16:37:33, 23.62, 48.21
2020-10-28, 16:37:34, 23.62, 48.21
2020-10-28, 16:37:35, 23.63, 48.22
2020-10-28, 16:37:37, 23.62, 48.18
2020-10-28, 16:37:38, 23.62, 48.21
2020-10-28, 16:37:39, 23.62, 48.21
2020-10-28, 16:37:41, 23.61, 48.18
2020-10-28, 16:37:42, 23.62, 48.21
2020-10-28, 16:37:44, 23.62, 48.21
2020-10-28, 16:37:45, 23.61, 48.21
2020-10-28, 16:37:46, 23.62, 48.21
2020-10-28, 16:37:48, 23.63, 48.22
2020-10-28, 16:37:49, 23.62, 48.18
2020-10-28, 16:37:50, 23.62, 48.21
2020-10-28, 16:37:52, 23.62, 48.18
2020-10-28, 16:37:53, 23.62, 48.21
2020-10-28, 16:37:54, 23.63, 48.18
2020-10-28, 16:37:56, 23.62, 48.18
2020-10-28, 16:37:57, 23.63, 48.18
2020-10-28, 16:37:58, 23.62, 48.18
2020-10-28, 16:38:00, 23.63, 48.18
2020-10-28, 16:38:01, 23.63, 48.18
2020-10-28, 16:38:03, 23.63, 48.18
2020-10-28, 16:38:04, 23.65, 48.15
2020-10-28, 16:38:05, 23.63, 48.15
2020-10-28, 16:38:07, 23.64, 48.15
2020-10-28, 16:38:08, 23.63, 48.15
2020-10-28, 16:38:09, 23.63, 48.15
2020-10-28, 16:38:11, 23.64, 48.15
2020-10-28, 16:38:12, 23.62, 48.15
2020-10-28, 16:38:13, 23.62, 48.15
2020-10-28, 16:38:15, 23.62, 48.15
2020-10-28, 16:38:16, 23.62, 48.15
2020-10-28, 16:38:17, 23.62, 48.15
2020-10-28, 16:38:19, 23.63, 48.15
2020-10-28, 16:38:20, 23.62, 48.15
2020-10-28, 16:38:21, 23.62, 48.15
2020-10-28, 16:38:23, 23.62, 48.15
2020-10-28, 16:38:24, 23.62, 48.15
2020-10-28, 16:38:26, 23.61, 48.18
2020-10-28, 16:38:27, 23.62, 48.15
2020-10-28, 16:38:28, 23.63, 48.18
2020-10-28, 16:38:30, 23.62, 48.15
2020-10-28, 16:38:31, 23.6, 48.18
2020-10-28, 16:38:32, 23.62, 48.18
2020-10-28, 16:38:34, 23.63, 48.15
2020-10-28, 16:38:35, 23.61, 48.18
2020-10-28, 16:38:36, 23.62, 48.18
2020-10-28, 16:38:38, 23.61, 48.18
2020-10-28, 16:38:39, 23.62, 48.15
2020-10-28, 16:38:40, 23.6, 48.18
2020-10-28, 16:38:42, 23.61, 48.15
2020-10-28, 16:38:43, 23.59, 48.18
2020-10-28, 16:38:44, 23.61, 48.18
2020-10-28, 16:38:46, 23.61, 48.21
2020-10-28, 16:38:47, 23.62, 48.18
2020-10-28, 16:38:49, 23.61, 48.15
2020-10-28, 16:38:50, 23.62, 48.18
2020-10-28, 16:38:51, 23.62, 48.18
2020-10-28, 16:38:53, 23.61, 48.18
2020-10-28, 16:38:54, 23.62, 48.18
2020-10-28, 16:38:55, 23.62, 48.18
2020-10-28, 16:38:57, 23.62, 48.18
2020-10-28, 16:38:58, 23.62, 48.18
2020-10-28, 16:38:59, 23.62, 48.18
2020-10-28, 16:39:01, 23.62, 48.15
2020-10-28, 16:39:02, 23.63, 48.15
2020-10-28, 16:39:03, 23.62, 48.15
2020-10-28, 16:39:05, 23.62, 48.15
2020-10-28, 16:39:06, 23.62, 48.15
2020-10-28, 16:39:08, 23.61, 48.15
2020-10-28, 16:39:09, 23.62, 48.18
2020-10-28, 16:39:10, 23.61, 48.18
2020-10-28, 16:39:12, 23.62, 48.18
2020-10-28, 16:39:13, 23.62, 48.18
2020-10-28, 16:39:14, 23.62, 48.21
2020-10-28, 16:39:16, 23.62, 48.21
2020-10-28, 16:39:17, 23.63, 48.18
2020-10-28, 16:39:18, 23.63, 48.22
2020-10-28, 16:39:20, 23.63, 48.18
2020-10-28, 16:39:21, 23.6, 48.18
2020-10-28, 16:39:22, 23.63, 48.18
2020-10-28, 16:39:24, 23.64, 48.19
2020-10-28, 16:39:25, 23.63, 48.18
2020-10-28, 16:39:27, 23.64, 48.15
2020-10-28, 16:39:28, 23.63, 48.15
2020-10-28, 16:39:29, 23.62, 48.18
2020-10-28, 16:39:31, 23.62, 48.18
2020-10-28, 16:39:32, 23.64, 48.15
2020-10-28, 16:39:33, 23.61, 48.18
2020-10-28, 16:39:35, 23.62, 48.15
2020-10-28, 16:39:36, 23.62, 48.18
2020-10-28, 16:39:37, 23.63, 48.18
2020-10-28, 16:39:39, 23.62, 48.18
2020-10-28, 16:39:40, 23.62, 48.18
2020-10-28, 16:39:41, 23.62, 48.18
2020-10-28, 16:39:43, 23.62, 48.18
2020-10-28, 16:39:44, 23.62, 48.18
2020-10-28, 16:39:45, 23.61, 48.18
2020-10-28, 16:39:47, 23.63, 48.18
2020-10-28, 16:39:48, 23.62, 48.18
2020-10-28, 16:39:50, 23.63, 48.18
2020-10-28, 16:39:51, 23.62, 48.18
2020-10-28, 16:39:52, 23.63, 48.18
2020-10-28, 16:39:54, 23.63, 48.18
2020-10-28, 16:39:55, 23.64, 48.19
2020-10-28, 16:39:56, 23.61, 48.21
2020-10-28, 16:39:58, 23.62, 48.18
2020-10-28, 16:39:59, 23.63, 48.22
2020-10-28, 16:40:00, 23.64, 48.19
2020-10-28, 16:40:02, 23.63, 48.22
2020-10-28, 16:40:03, 23.63, 48.18
2020-10-28, 16:40:04, 23.63, 48.22
2020-10-28, 16:40:06, 23.64, 48.22
2020-10-28, 16:40:07, 23.64, 48.22
2020-10-28, 16:40:08, 23.62, 48.18
2020-10-28, 16:40:10, 23.64, 48.19
2020-10-28, 16:40:11, 23.63, 48.22
2020-10-28, 16:40:13, 23.61, 48.18
2020-10-28, 16:40:14, 23.63, 48.22
2020-10-28, 16:40:15, 23.62, 48.21
2020-10-28, 16:40:17, 23.63, 48.18
2020-10-28, 16:40:18, 23.62, 48.21
2020-10-28, 16:40:19, 23.62, 48.21
2020-10-28, 16:40:21, 23.62, 48.21
2020-10-28, 16:40:22, 23.63, 48.22
2020-10-28, 16:40:23, 23.63, 48.18
2020-10-28, 16:40:25, 23.61, 48.18
2020-10-28, 16:40:26, 23.62, 48.21
2020-10-28, 16:40:28, 23.63, 48.22
2020-10-28, 16:40:29, 23.63, 48.22
2020-10-28, 16:40:30, 23.62, 48.21
2020-10-28, 16:40:32, 23.62, 48.21
2020-10-28, 16:40:33, 23.63, 48.22
2020-10-28, 16:40:34, 23.62, 48.21
2020-10-28, 16:40:36, 23.6, 48.21
2020-10-28, 16:40:37, 23.62, 48.21
2020-10-28, 16:40:38, 23.62, 48.21
2020-10-28, 16:40:40, 23.62, 48.21
2020-10-28, 16:40:41, 23.62, 48.21
2020-10-28, 16:40:42, 23.62, 48.21
2020-10-28, 16:40:44, 23.63, 48.22
2020-10-28, 16:40:45, 23.61, 48.21
2020-10-28, 16:40:47, 23.6, 48.21
2020-10-28, 16:40:48, 23.6, 48.21
2020-10-28, 16:40:49, 23.6, 48.24
2020-10-28, 16:40:51, 23.6, 48.21
2020-10-28, 16:40:52, 23.62, 48.21
2020-10-28, 16:40:53, 23.62, 48.21
2020-10-28, 16:40:55, 23.62, 48.21
2020-10-28, 16:40:56, 23.62, 48.21
2020-10-28, 16:40:57, 23.6, 48.21
2020-10-28, 16:40:59, 23.62, 48.21
2020-10-28, 16:41:00, 23.62, 48.21
2020-10-28, 16:41:02, 23.62, 48.21
2020-10-28, 16:41:03, 23.61, 48.21
2020-10-28, 16:41:04, 23.63, 48.22
2020-10-28, 16:41:06, 23.63, 48.22
2020-10-28, 16:41:07, 23.64, 48.22
2020-10-28, 16:41:08, 23.62, 48.21
2020-10-28, 16:41:10, 23.64, 48.22
2020-10-28, 16:41:11, 23.62, 48.21
2020-10-28, 16:41:12, 23.63, 48.18
2020-10-28, 16:41:14, 23.63, 48.18
2020-10-28, 16:41:15, 23.62, 48.18
2020-10-28, 16:41:16, 23.64, 48.22
2020-10-28, 16:41:18, 23.63, 48.18
2020-10-28, 16:41:19, 23.63, 48.22
2020-10-28, 16:41:21, 23.64, 48.22
2020-10-28, 16:41:22, 23.62, 48.21
2020-10-28, 16:41:23, 23.64, 48.22
2020-10-28, 16:41:25, 23.63, 48.22
2020-10-28, 16:41:26, 23.63, 48.22
2020-10-28, 16:41:27, 23.64, 48.22
2020-10-28, 16:41:29, 23.64, 48.25
2020-10-28, 16:41:30, 23.63, 48.25
2020-10-28, 16:41:31, 23.63, 48.22
2020-10-28, 16:41:33, 23.62, 48.21
2020-10-28, 16:41:34, 23.62, 48.21
2020-10-28, 16:41:35, 23.62, 48.21
2020-10-28, 16:41:37, 23.63, 48.22
2020-10-28, 16:41:38, 23.63, 48.25
2020-10-28, 16:41:39, 23.63, 48.25
2020-10-28, 16:41:41, 23.62, 48.25
2020-10-28, 16:41:42, 23.62, 48.28
2020-10-28, 16:41:44, 23.63, 48.28
2020-10-28, 16:41:45, 23.62, 48.25
2020-10-28, 16:41:46, 23.6, 48.28
2020-10-28, 16:41:48, 23.62, 48.25
2020-10-28, 16:41:49, 23.63, 48.28
2020-10-28, 16:41:50, 23.62, 48.28
2020-10-28, 16:41:52, 23.6, 48.28
2020-10-28, 16:41:53, 23.61, 48.28
2020-10-28, 16:41:54, 23.62, 48.28
2020-10-28, 16:41:56, 23.63, 48.28
2020-10-28, 16:41:57, 23.62, 48.28
2020-10-28, 16:41:59, 23.63, 48.28
2020-10-28, 16:42:00, 23.63, 48.28
2020-10-28, 16:42:01, 23.63, 48.28
2020-10-28, 16:42:03, 23.62, 48.28
2020-10-28, 16:42:04, 23.62, 48.28
2020-10-28, 16:42:05, 23.62, 48.28
2020-10-28, 16:42:07, 23.62, 48.31
2020-10-28, 16:42:08, 23.63, 48.28
2020-10-28, 16:42:09, 23.62, 48.31
2020-10-28, 16:42:11, 23.62, 48.28
2020-10-28, 16:42:12, 23.64, 48.28
2020-10-28, 16:42:13, 23.62, 48.28
2020-10-28, 16:42:15, 23.63, 48.31
2020-10-28, 16:42:16, 23.63, 48.28
2020-10-28, 16:42:18, 23.63, 48.31
2020-10-28, 16:42:19, 23.63, 48.28
2020-10-28, 16:42:20, 23.64, 48.28
2020-10-28, 16:42:22, 23.64, 48.28
2020-10-28, 16:42:23, 23.64, 48.28
2020-10-28, 16:42:24, 23.62, 48.28
2020-10-28, 16:42:26, 23.63, 48.28
2020-10-28, 16:42:27, 23.62, 48.28
2020-10-28, 16:42:28, 23.61, 48.28
2020-10-28, 16:42:30, 23.62, 48.31
2020-10-28, 16:42:31, 23.62, 48.31
2020-10-28, 16:42:32, 23.62, 48.31
2020-10-28, 16:42:34, 23.63, 48.31
2020-10-28, 16:42:35, 23.63, 48.28
2020-10-28, 16:42:37, 23.62, 48.31
2020-10-28, 16:42:38, 23.62, 48.31
2020-10-28, 16:42:39, 23.63, 48.34
2020-10-28, 16:42:41, 23.63, 48.34
2020-10-28, 16:42:42, 23.63, 48.34
2020-10-28, 16:42:43, 23.63, 48.31
2020-10-28, 16:42:45, 23.63, 48.34
2020-10-28, 16:42:46, 23.62, 48.34
2020-10-28, 16:42:47, 23.62, 48.34
2020-10-28, 16:42:49, 23.62, 48.31
2020-10-28, 16:42:50, 23.63, 48.34
2020-10-28, 16:42:51, 23.64, 48.31
2020-10-28, 16:42:53, 23.62, 48.34
2020-10-28, 16:42:54, 23.61, 48.34
2020-10-28, 16:42:56, 23.61, 48.34
2020-10-28, 16:42:57, 23.62, 48.34
2020-10-28, 16:42:58, 23.61, 48.37
2020-10-28, 16:43:00, 23.62, 48.34
2020-10-28, 16:43:01, 23.62, 48.34
2020-10-28, 16:43:02, 23.63, 48.38
2020-10-28, 16:43:04, 23.61, 48.34
2020-10-28, 16:43:05, 23.62, 48.34
2020-10-28, 16:43:06, 23.62, 48.37
2020-10-28, 16:43:08, 23.62, 48.34
2020-10-28, 16:43:09, 23.61, 48.34
2020-10-28, 16:43:10, 23.62, 48.37
2020-10-28, 16:43:12, 23.62, 48.37
2020-10-28, 16:43:13, 23.62, 48.37
2020-10-28, 16:43:15, 23.63, 48.34
2020-10-28, 16:43:16, 23.62, 48.34
2020-10-28, 16:43:17, 23.63, 48.38
2020-10-28, 16:43:19, 23.63, 48.38
2020-10-28, 16:43:20, 23.62, 48.37
2020-10-28, 16:43:21, 23.62, 48.37
2020-10-28, 16:43:23, 23.62, 48.41
2020-10-28, 16:43:24, 23.61, 48.4
2020-10-28, 16:43:25, 23.59, 48.4
2020-10-28, 16:43:27, 23.62, 48.41
2020-10-28, 16:43:28, 23.61, 48.4
2020-10-28, 16:43:29, 23.61, 48.4
2020-10-28, 16:43:31, 23.6, 48.4
2020-10-28, 16:43:32, 23.61, 48.4
2020-10-28, 16:43:34, 23.58, 48.4
2020-10-28, 16:43:35, 23.6, 48.44
2020-10-28, 16:43:36, 23.61, 48.44
2020-10-28, 16:43:38, 23.61, 48.47
2020-10-28, 16:43:39, 23.62, 48.47
2020-10-28, 16:43:40, 23.61, 48.47
2020-10-28, 16:43:42, 23.6, 48.44
2020-10-28, 16:43:43, 23.6, 48.47
2020-10-28, 16:43:44, 23.6, 48.47
2020-10-28, 16:43:46, 23.61, 48.47
2020-10-28, 16:43:47, 23.61, 48.44
2020-10-28, 16:43:48, 23.6, 48.47
2020-10-28, 16:43:50, 23.61, 48.47
2020-10-28, 16:43:51, 23.61, 48.47
2020-10-28, 16:43:52, 23.58, 48.46
2020-10-28, 16:43:54, 23.62, 48.5
2020-10-28, 16:43:55, 23.6, 48.5
2020-10-28, 16:43:57, 23.6, 48.5
2020-10-28, 16:43:58, 23.59, 48.5
2020-10-28, 16:43:59, 23.58, 48.53
2020-10-28, 16:44:01, 23.58, 48.5
2020-10-28, 16:44:02, 23.57, 48.5
2020-10-28, 16:44:03, 23.57, 48.5
2020-10-28, 16:44:05, 23.58, 48.5
2020-10-28, 16:44:06, 23.56, 48.49
2020-10-28, 16:44:07, 23.58, 48.53
2020-10-28, 16:44:09, 23.57, 48.5
2020-10-28, 16:44:10, 23.57, 48.53
2020-10-28, 16:44:11, 23.58, 48.53
2020-10-28, 16:44:13, 23.57, 48.5
2020-10-28, 16:44:14, 23.58, 48.5
2020-10-28, 16:44:16, 23.57, 48.5
2020-10-28, 16:44:17, 23.57, 48.53
2020-10-28, 16:44:18, 23.57, 48.5
2020-10-28, 16:44:20, 23.59, 48.47
2020-10-28, 16:44:21, 23.58, 48.5
2020-10-28, 16:44:22, 23.58, 48.46
2020-10-28, 16:44:24, 23.58, 48.53
2020-10-28, 16:44:25, 23.58, 48.5
2020-10-28, 16:44:26, 23.57, 48.5
2020-10-28, 16:44:28, 23.57, 48.5
2020-10-28, 16:44:29, 23.58, 48.5
2020-10-28, 16:44:31, 23.58, 48.5
2020-10-28, 16:44:32, 23.59, 48.5
2020-10-28, 16:44:33, 23.59, 48.5
2020-10-28, 16:44:35, 23.56, 48.49
2020-10-28, 16:44:36, 23.58, 48.53
2020-10-28, 16:44:37, 23.58, 48.5
2020-10-28, 16:44:39, 23.57, 48.5
2020-10-28, 16:44:40, 23.58, 48.5
2020-10-28, 16:44:41, 23.6, 48.5
2020-10-28, 16:44:43, 23.58, 48.5
2020-10-28, 16:44:44, 23.58, 48.5
2020-10-28, 16:44:45, 23.59, 48.53
2020-10-28, 16:44:47, 23.6, 48.53
2020-10-28, 16:44:48, 23.58, 48.53
2020-10-28, 16:44:49, 23.58, 48.53
2020-10-28, 16:44:51, 23.56, 48.53
2020-10-28, 16:44:52, 23.56, 48.53
2020-10-28, 16:44:54, 23.55, 48.52
2020-10-28, 16:44:55, 23.56, 48.53
2020-10-28, 16:44:56, 23.56, 48.53
2020-10-28, 16:44:58, 23.56, 48.53
2020-10-28, 16:44:59, 23.57, 48.53
2020-10-28, 16:45:00, 23.57, 48.53
2020-10-28, 16:45:02, 23.58, 48.53
2020-10-28, 16:45:03, 23.57, 48.53
2020-10-28, 16:45:04, 23.58, 48.53
2020-10-28, 16:45:06, 23.58, 48.53
2020-10-28, 16:45:07, 23.58, 48.59
2020-10-28, 16:45:08, 23.58, 48.56
2020-10-28, 16:45:10, 23.57, 48.56
2020-10-28, 16:45:11, 23.58, 48.56
2020-10-28, 16:45:13, 23.57, 48.56
2020-10-28, 16:45:14, 23.58, 48.56
2020-10-28, 16:45:15, 23.57, 48.56
2020-10-28, 16:45:17, 23.57, 48.56
2020-10-28, 16:45:18, 23.58, 48.56
2020-10-28, 16:45:19, 23.57, 48.59
2020-10-28, 16:45:21, 23.56, 48.59
2020-10-28, 16:45:22, 23.58, 48.59
2020-10-28, 16:45:23, 23.56, 48.59
2020-10-28, 16:45:25, 23.58, 48.59
2020-10-28, 16:45:26, 23.57, 48.59
2020-10-28, 16:45:27, 23.58, 48.59
2020-10-28, 16:45:29, 23.58, 48.59
2020-10-28, 16:45:30, 23.58, 48.59
2020-10-28, 16:45:31, 23.57, 48.59
2020-10-28, 16:45:33, 23.57, 48.59
2020-10-28, 16:45:34, 23.58, 48.59
2020-10-28, 16:45:36, 23.55, 48.59
2020-10-28, 16:45:37, 23.57, 48.59
2020-10-28, 16:45:38, 23.58, 48.59
2020-10-28, 16:45:40, 23.57, 48.59
2020-10-28, 16:45:41, 23.56, 48.59
2020-10-28, 16:45:42, 23.56, 48.59
2020-10-28, 16:45:44, 23.56, 48.59
2020-10-28, 16:45:45, 23.58, 48.59
2020-10-28, 16:45:46, 23.58, 48.59
2020-10-28, 16:45:48, 23.57, 48.59
2020-10-28, 16:45:49, 23.57, 48.59
2020-10-28, 16:45:50, 23.58, 48.59
2020-10-28, 16:45:52, 23.57, 48.59
2020-10-28, 16:45:53, 23.58, 48.59
2020-10-28, 16:45:55, 23.58, 48.59
2020-10-28, 16:45:56, 23.58, 48.59
2020-10-28, 16:45:57, 23.57, 48.59
2020-10-28, 16:45:59, 23.57, 48.59
2020-10-28, 16:46:00, 23.57, 48.59
2020-10-28, 16:46:01, 23.56, 48.59
2020-10-28, 16:46:03, 23.57, 48.59
2020-10-28, 16:46:04, 23.57, 48.59
2020-10-28, 16:46:05, 23.58, 48.59
2020-10-28, 16:46:07, 23.56, 48.59
2020-10-28, 16:46:08, 23.58, 48.59
2020-10-28, 16:46:09, 23.58, 48.59
2020-10-28, 16:46:11, 23.58, 48.59
2020-10-28, 16:46:12, 23.58, 48.59
2020-10-28, 16:46:14, 23.59, 48.59
2020-10-28, 16:46:15, 23.58, 48.59
2020-10-28, 16:46:16, 23.58, 48.59
2020-10-28, 16:46:18, 23.59, 48.59
2020-10-28, 16:46:19, 23.59, 48.59
2020-10-28, 16:46:20, 23.59, 48.56
2020-10-28, 16:46:22, 23.58, 48.56
2020-10-28, 16:46:23, 23.59, 48.59
2020-10-28, 16:46:24, 23.59, 48.59
2020-10-28, 16:46:26, 23.58, 48.59
2020-10-28, 16:46:27, 23.58, 48.59
2020-10-28, 16:46:28, 23.58, 48.59
2020-10-28, 16:46:30, 23.58, 48.59
2020-10-28, 16:46:31, 23.59, 48.63
2020-10-28, 16:46:33, 23.58, 48.59
2020-10-28, 16:46:34, 23.58, 48.59
2020-10-28, 16:46:35, 23.59, 48.63
2020-10-28, 16:46:37, 23.58, 48.59
2020-10-28, 16:46:38, 23.59, 48.59
2020-10-28, 16:46:39, 23.58, 48.59
2020-10-28, 16:46:41, 23.6, 48.59
2020-10-28, 16:46:42, 23.57, 48.59
2020-10-28, 16:46:43, 23.59, 48.59
2020-10-28, 16:46:45, 23.58, 48.59
2020-10-28, 16:46:46, 23.57, 48.59
2020-10-28, 16:46:47, 23.58, 48.59
2020-10-28, 16:46:49, 23.58, 48.62
2020-10-28, 16:46:50, 23.56, 48.59
2020-10-28, 16:46:51, 23.56, 48.59
2020-10-28, 16:46:53, 23.58, 48.62
2020-10-28, 16:46:54, 23.58, 48.62
2020-10-28, 16:46:56, 23.58, 48.62
2020-10-28, 16:46:57, 23.57, 48.59
2020-10-28, 16:46:58, 23.58, 48.59
2020-10-28, 16:47:00, 23.58, 48.62
2020-10-28, 16:47:01, 23.57, 48.62
2020-10-28, 16:47:02, 23.57, 48.62
2020-10-28, 16:47:04, 23.56, 48.62
2020-10-28, 16:47:05, 23.56, 48.62
2020-10-28, 16:47:06, 23.57, 48.62
2020-10-28, 16:47:08, 23.56, 48.62
2020-10-28, 16:47:09, 23.56, 48.62
2020-10-28, 16:47:10, 23.56, 48.62
2020-10-28, 16:47:12, 23.54, 48.65
2020-10-28, 16:47:13, 23.56, 48.65
2020-10-28, 16:47:15, 23.56, 48.65
2020-10-28, 16:47:16, 23.58, 48.66
2020-10-28, 16:47:17, 23.56, 48.65
2020-10-28, 16:47:19, 23.56, 48.65
2020-10-28, 16:47:20, 23.56, 48.65
2020-10-28, 16:47:21, 23.57, 48.65
2020-10-28, 16:47:23, 23.56, 48.65
2020-10-28, 16:47:24, 23.56, 48.62
2020-10-28, 16:47:25, 23.56, 48.65
2020-10-28, 16:47:27, 23.56, 48.65
2020-10-28, 16:47:28, 23.54, 48.65
2020-10-28, 16:47:30, 23.55, 48.65
2020-10-28, 16:47:31, 23.55, 48.65
2020-10-28, 16:47:32, 23.54, 48.65
2020-10-28, 16:47:34, 23.54, 48.65
2020-10-28, 16:47:35, 23.56, 48.65
2020-10-28, 16:47:36, 23.56, 48.65
2020-10-28, 16:47:38, 23.56, 48.65
2020-10-28, 16:47:39, 23.55, 48.65
2020-10-28, 16:47:40, 23.56, 48.65
2020-10-28, 16:47:42, 23.56, 48.65
2020-10-28, 16:47:43, 23.56, 48.69
2020-10-28, 16:47:44, 23.54, 48.65
2020-10-28, 16:47:46, 23.54, 48.65
2020-10-28, 16:47:47, 23.55, 48.65
2020-10-28, 16:47:49, 23.56, 48.65
2020-10-28, 16:47:50, 23.55, 48.68
2020-10-28, 16:47:51, 23.55, 48.68
2020-10-28, 16:47:53, 23.56, 48.69
2020-10-28, 16:47:54, 23.55, 48.68
2020-10-28, 16:47:55, 23.55, 48.65
2020-10-28, 16:47:57, 23.56, 48.65
2020-10-28, 16:47:58, 23.55, 48.68
2020-10-28, 16:47:59, 23.56, 48.69
2020-10-28, 16:48:01, 23.56, 48.69
2020-10-28, 16:48:02, 23.55, 48.65
2020-10-28, 16:48:03, 23.56, 48.69
2020-10-28, 16:48:05, 23.56, 48.69
2020-10-28, 16:48:06, 23.56, 48.65
2020-10-28, 16:48:08, 23.54, 48.68
2020-10-28, 16:48:09, 23.56, 48.69
2020-10-28, 16:48:10, 23.56, 48.69
2020-10-28, 16:48:12, 23.55, 48.68
2020-10-28, 16:48:13, 23.56, 48.69
2020-10-28, 16:48:14, 23.56, 48.69
2020-10-28, 16:48:16, 23.55, 48.68
2020-10-28, 16:48:17, 23.56, 48.65
2020-10-28, 16:48:18, 23.54, 48.68
2020-10-28, 16:48:20, 23.54, 48.68
2020-10-28, 16:48:21, 23.56, 48.69
2020-10-28, 16:48:22, 23.53, 48.68
2020-10-28, 16:48:24, 23.54, 48.68
2020-10-28, 16:48:25, 23.54, 48.68
2020-10-28, 16:48:27, 23.54, 48.71
2020-10-28, 16:48:28, 23.52, 48.68
2020-10-28, 16:48:29, 23.54, 48.68
2020-10-28, 16:48:31, 23.53, 48.68
2020-10-28, 16:48:32, 23.53, 48.71
2020-10-28, 16:48:33, 23.53, 48.68
2020-10-28, 16:48:35, 23.54, 48.71
2020-10-28, 16:48:36, 23.55, 48.68
2020-10-28, 16:48:37, 23.56, 48.69
2020-10-28, 16:48:39, 23.54, 48.71
2020-10-28, 16:48:40, 23.53, 48.71
2020-10-28, 16:48:41, 23.54, 48.68
2020-10-28, 16:48:43, 23.54, 48.68
2020-10-28, 16:48:44, 23.54, 48.68
2020-10-28, 16:48:46, 23.55, 48.68
2020-10-28, 16:48:47, 23.54, 48.68
2020-10-28, 16:48:48, 23.55, 48.72
2020-10-28, 16:48:50, 23.55, 48.68
2020-10-28, 16:48:51, 23.55, 48.68
2020-10-28, 16:48:52, 23.54, 48.68
2020-10-28, 16:48:54, 23.54, 48.65
2020-10-28, 16:48:55, 23.55, 48.68
2020-10-28, 16:48:56, 23.56, 48.69
2020-10-28, 16:48:58, 23.55, 48.65
2020-10-28, 16:48:59, 23.55, 48.65
2020-10-28, 16:49:01, 23.54, 48.68
2020-10-28, 16:49:02, 23.54, 48.65
2020-10-28, 16:49:03, 23.54, 48.65
2020-10-28, 16:49:05, 23.54, 48.65
2020-10-28, 16:49:06, 23.53, 48.68
2020-10-28, 16:49:07, 23.54, 48.65
2020-10-28, 16:49:09, 23.54, 48.68
2020-10-28, 16:49:10, 23.55, 48.68
2020-10-28, 16:49:11, 23.55, 48.68
2020-10-28, 16:49:13, 23.54, 48.65
2020-10-28, 16:49:14, 23.54, 48.68
2020-10-28, 16:49:15, 23.54, 48.68
2020-10-28, 16:49:17, 23.54, 48.68
2020-10-28, 16:49:18, 23.53, 48.68
2020-10-28, 16:49:19, 23.55, 48.68
2020-10-28, 16:49:21, 23.54, 48.65
2020-10-28, 16:49:22, 23.54, 48.65
2020-10-28, 16:49:24, 23.56, 48.69
2020-10-28, 16:49:25, 23.54, 48.65
2020-10-28, 16:49:26, 23.53, 48.65
2020-10-28, 16:49:28, 23.54, 48.68
2020-10-28, 16:49:29, 23.54, 48.68
2020-10-28, 16:49:30, 23.53, 48.68
2020-10-28, 16:49:32, 23.52, 48.65
2020-10-28, 16:49:33, 23.51, 48.65
2020-10-28, 16:49:34, 23.52, 48.65
2020-10-28, 16:49:36, 23.54, 48.65
2020-10-28, 16:49:37, 23.54, 48.65
2020-10-28, 16:49:39, 23.53, 48.65
2020-10-28, 16:49:40, 23.53, 48.65
2020-10-28, 16:49:41, 23.53, 48.65
2020-10-28, 16:49:43, 23.54, 48.65
2020-10-28, 16:49:44, 23.51, 48.65
2020-10-28, 16:49:45, 23.53, 48.65
2020-10-28, 16:49:47, 23.53, 48.65
2020-10-28, 16:49:48, 23.52, 48.65
2020-10-28, 16:49:49, 23.51, 48.68
2020-10-28, 16:49:51, 23.53, 48.68
2020-10-28, 16:49:52, 23.5, 48.65
2020-10-28, 16:49:54, 23.52, 48.68
2020-10-28, 16:49:55, 23.53, 48.68
2020-10-28, 16:49:56, 23.52, 48.68
2020-10-28, 16:49:58, 23.52, 48.68
2020-10-28, 16:49:59, 23.53, 48.68
2020-10-28, 16:50:00, 23.51, 48.68
2020-10-28, 16:50:02, 23.51, 48.65
2020-10-28, 16:50:03, 23.52, 48.68
2020-10-28, 16:50:04, 23.51, 48.65
2020-10-28, 16:50:06, 23.5, 48.65
2020-10-28, 16:50:07, 23.5, 48.65
2020-10-28, 16:50:08, 23.52, 48.65
2020-10-28, 16:50:10, 23.52, 48.65
2020-10-28, 16:50:11, 23.52, 48.68
2020-10-28, 16:50:13, 23.53, 48.65
2020-10-28, 16:50:14, 23.51, 48.65
2020-10-28, 16:50:15, 23.5, 48.65
2020-10-28, 16:50:17, 23.49, 48.64
2020-10-28, 16:50:18, 23.5, 48.68
2020-10-28, 16:50:19, 23.5, 48.68
2020-10-28, 16:50:21, 23.5, 48.68
2020-10-28, 16:50:22, 23.49, 48.68
2020-10-28, 16:50:23, 23.5, 48.68
2020-10-28, 16:50:25, 23.52, 48.68
2020-10-28, 16:50:26, 23.52, 48.65
2020-10-28, 16:50:27, 23.52, 48.68
2020-10-28, 16:50:29, 23.5, 48.65
2020-10-28, 16:50:30, 23.52, 48.68
2020-10-28, 16:50:31, 23.52, 48.68
2020-10-28, 16:50:33, 23.52, 48.68
2020-10-28, 16:50:34, 23.51, 48.65
2020-10-28, 16:50:36, 23.52, 48.65
2020-10-28, 16:50:37, 23.52, 48.65
2020-10-28, 16:50:38, 23.5, 48.65
2020-10-28, 16:50:40, 23.51, 48.65
2020-10-28, 16:50:41, 23.53, 48.65
2020-10-28, 16:50:42, 23.52, 48.65
2020-10-28, 16:50:44, 23.5, 48.65
2020-10-28, 16:50:45, 23.5, 48.65
2020-10-28, 16:50:46, 23.52, 48.65
2020-10-28, 16:50:48, 23.52, 48.62
2020-10-28, 16:50:49, 23.53, 48.65
2020-10-28, 16:50:50, 23.52, 48.65
2020-10-28, 16:50:52, 23.52, 48.65
2020-10-28, 16:50:53, 23.52, 48.65
2020-10-28, 16:50:55, 23.51, 48.65
2020-10-28, 16:50:56, 23.53, 48.65
2020-10-28, 16:50:57, 23.53, 48.62
2020-10-28, 16:50:59, 23.53, 48.65
2020-10-28, 16:51:00, 23.52, 48.65
2020-10-28, 16:51:01, 23.51, 48.61
2020-10-28, 16:51:03, 23.52, 48.62
2020-10-28, 16:51:04, 23.51, 48.61
2020-10-28, 16:51:05, 23.51, 48.65
2020-10-28, 16:51:07, 23.52, 48.65
2020-10-28, 16:51:08, 23.52, 48.65
2020-10-28, 16:51:09, 23.51, 48.65
2020-10-28, 16:51:11, 23.52, 48.65
2020-10-28, 16:51:12, 23.52, 48.65
2020-10-28, 16:51:14, 23.51, 48.65
2020-10-28, 16:51:15, 23.51, 48.65
2020-10-28, 16:51:16, 23.5, 48.65
2020-10-28, 16:51:18, 23.52, 48.65
2020-10-28, 16:51:19, 23.52, 48.65
2020-10-28, 16:51:20, 23.52, 48.65
2020-10-28, 16:51:22, 23.51, 48.65
2020-10-28, 16:51:23, 23.52, 48.65
2020-10-28, 16:51:24, 23.51, 48.65
2020-10-28, 16:51:26, 23.51, 48.65
2020-10-28, 16:51:27, 23.53, 48.65
2020-10-28, 16:51:28, 23.52, 48.65
2020-10-28, 16:51:30, 23.52, 48.65
2020-10-28, 16:51:31, 23.52, 48.62
2020-10-28, 16:51:32, 23.52, 48.65
2020-10-28, 16:51:34, 23.51, 48.65
2020-10-28, 16:51:35, 23.52, 48.65
2020-10-28, 16:51:37, 23.53, 48.62
2020-10-28, 16:51:38, 23.51, 48.65
2020-10-28, 16:51:39, 23.51, 48.61
2020-10-28, 16:51:41, 23.52, 48.58
2020-10-28, 16:51:42, 23.52, 48.62
2020-10-28, 16:51:43, 23.51, 48.61
2020-10-28, 16:51:45, 23.52, 48.62
2020-10-28, 16:51:46, 23.51, 48.58
2020-10-28, 16:51:47, 23.51, 48.61
2020-10-28, 16:51:49, 23.52, 48.62
2020-10-28, 16:51:50, 23.51, 48.61
2020-10-28, 16:51:51, 23.53, 48.59
2020-10-28, 16:51:53, 23.52, 48.58
2020-10-28, 16:51:54, 23.52, 48.62
2020-10-28, 16:51:55, 23.52, 48.62
2020-10-28, 16:51:57, 23.52, 48.62
2020-10-28, 16:51:58, 23.53, 48.59
2020-10-28, 16:52:00, 23.52, 48.62
2020-10-28, 16:52:01, 23.52, 48.58
2020-10-28, 16:52:02, 23.52, 48.58
2020-10-28, 16:52:04, 23.52, 48.58
2020-10-28, 16:52:05, 23.52, 48.58
2020-10-28, 16:52:06, 23.53, 48.59
2020-10-28, 16:52:08, 23.52, 48.58
2020-10-28, 16:52:09, 23.53, 48.59
2020-10-28, 16:52:10, 23.52, 48.58
2020-10-28, 16:52:12, 23.52, 48.58
2020-10-28, 16:52:13, 23.52, 48.58
2020-10-28, 16:52:14, 23.52, 48.55
2020-10-28, 16:52:16, 23.51, 48.58
2020-10-28, 16:52:17, 23.53, 48.59
2020-10-28, 16:52:18, 23.52, 48.58
2020-10-28, 16:52:20, 23.51, 48.58
2020-10-28, 16:52:21, 23.51, 48.58
2020-10-28, 16:52:23, 23.52, 48.58
2020-10-28, 16:52:24, 23.53, 48.59
2020-10-28, 16:52:25, 23.5, 48.55
2020-10-28, 16:52:27, 23.5, 48.58
2020-10-28, 16:52:28, 23.5, 48.58
2020-10-28, 16:52:29, 23.51, 48.58
2020-10-28, 16:52:31, 23.49, 48.58
2020-10-28, 16:52:32, 23.5, 48.58
2020-10-28, 16:52:33, 23.53, 48.59
2020-10-28, 16:52:35, 23.51, 48.58
2020-10-28, 16:52:36, 23.52, 48.58
2020-10-28, 16:52:38, 23.5, 48.55
2020-10-28, 16:52:39, 23.52, 48.55
2020-10-28, 16:52:40, 23.51, 48.55
2020-10-28, 16:52:42, 23.52, 48.55
2020-10-28, 16:52:43, 23.5, 48.55
2020-10-28, 16:52:44, 23.5, 48.58
2020-10-28, 16:52:46, 23.51, 48.58
2020-10-28, 16:52:47, 23.49, 48.58
2020-10-28, 16:52:48, 23.49, 48.55
2020-10-28, 16:52:50, 23.5, 48.58
2020-10-28, 16:52:51, 23.49, 48.58
2020-10-28, 16:52:52, 23.5, 48.58
2020-10-28, 16:52:54, 23.51, 48.58
2020-10-28, 16:52:55, 23.52, 48.58
2020-10-28, 16:52:56, 23.51, 48.58
2020-10-28, 16:52:58, 23.5, 48.55
2020-10-28, 16:52:59, 23.5, 48.58
2020-10-28, 16:53:01, 23.5, 48.55
2020-10-28, 16:53:02, 23.5, 48.58
2020-10-28, 16:53:03, 23.48, 48.55
2020-10-28, 16:53:05, 23.5, 48.58
2020-10-28, 16:53:06, 23.49, 48.58
2020-10-28, 16:53:07, 23.48, 48.58
2020-10-28, 16:53:09, 23.47, 48.58
2020-10-28, 16:53:10, 23.48, 48.58
2020-10-28, 16:53:11, 23.48, 48.58
2020-10-28, 16:53:13, 23.49, 48.58
2020-10-28, 16:53:14, 23.49, 48.58
2020-10-28, 16:53:15, 23.49, 48.58
2020-10-28, 16:53:17, 23.49, 48.58
2020-10-28, 16:53:18, 23.49, 48.58
2020-10-28, 16:53:20, 23.49, 48.55
2020-10-28, 16:53:21, 23.49, 48.58
2020-10-28, 16:53:22, 23.49, 48.55
2020-10-28, 16:53:24, 23.48, 48.55
2020-10-28, 16:53:25, 23.49, 48.58
2020-10-28, 16:53:26, 23.49, 48.58
2020-10-28, 16:53:28, 23.48, 48.55
2020-10-28, 16:53:29, 23.48, 48.58
2020-10-28, 16:53:30, 23.48, 48.58
2020-10-28, 16:53:32, 23.49, 48.58
2020-10-28, 16:53:33, 23.49, 48.58
2020-10-28, 16:53:34, 23.47, 48.58
2020-10-28, 16:53:36, 23.48, 48.58
2020-10-28, 16:53:37, 23.5, 48.58
2020-10-28, 16:53:39, 23.48, 48.58
2020-10-28, 16:53:40, 23.48, 48.58
2020-10-28, 16:53:41, 23.49, 48.58
2020-10-28, 16:53:43, 23.49, 48.55
2020-10-28, 16:53:44, 23.5, 48.58
2020-10-28, 16:53:45, 23.5, 48.58
2020-10-28, 16:53:47, 23.49, 48.58
2020-10-28, 16:53:48, 23.5, 48.58
2020-10-28, 16:53:49, 23.5, 48.58
2020-10-28, 16:53:51, 23.5, 48.58
2020-10-28, 16:53:52, 23.49, 48.58
2020-10-28, 16:53:53, 23.49, 48.55
2020-10-28, 16:53:55, 23.5, 48.58
2020-10-28, 16:53:56, 23.52, 48.55
2020-10-28, 16:53:57, 23.5, 48.55
2020-10-28, 16:53:59, 23.49, 48.55
2020-10-28, 16:54:00, 23.48, 48.58
2020-10-28, 16:54:02, 23.48, 48.55
2020-10-28, 16:54:03, 23.48, 48.55
2020-10-28, 16:54:04, 23.5, 48.52
2020-10-28, 16:54:06, 23.49, 48.55
2020-10-28, 16:54:07, 23.5, 48.52
2020-10-28, 16:54:08, 23.5, 48.52
2020-10-28, 16:54:10, 23.5, 48.55
2020-10-28, 16:54:11, 23.5, 48.52
2020-10-28, 16:54:12, 23.5, 48.52
2020-10-28, 16:54:14, 23.5, 48.52
2020-10-28, 16:54:15, 23.5, 48.52
2020-10-28, 16:54:16, 23.5, 48.52
2020-10-28, 16:54:18, 23.5, 48.52
2020-10-28, 16:54:19, 23.49, 48.52
2020-10-28, 16:54:21, 23.5, 48.52
2020-10-28, 16:54:22, 23.5, 48.55
2020-10-28, 16:54:23, 23.48, 48.52
2020-10-28, 16:54:25, 23.49, 48.52
2020-10-28, 16:54:26, 23.48, 48.52
2020-10-28, 16:54:27, 23.49, 48.52
2020-10-28, 16:54:29, 23.5, 48.52
2020-10-28, 16:54:30, 23.5, 48.52
2020-10-28, 16:54:31, 23.5, 48.52
2020-10-28, 16:54:33, 23.48, 48.52
2020-10-28, 16:54:34, 23.49, 48.48
2020-10-28, 16:54:36, 23.49, 48.48
2020-10-28, 16:54:37, 23.5, 48.49
2020-10-28, 16:54:38, 23.49, 48.48
2020-10-28, 16:54:40, 23.49, 48.48
2020-10-28, 16:54:41, 23.49, 48.48
2020-10-28, 16:54:42, 23.5, 48.49
2020-10-28, 16:54:44, 23.49, 48.48
2020-10-28, 16:54:45, 23.49, 48.48
2020-10-28, 16:54:46, 23.48, 48.45
2020-10-28, 16:54:48, 23.5, 48.49
2020-10-28, 16:54:49, 23.49, 48.48
2020-10-28, 16:54:50, 23.49, 48.48
2020-10-28, 16:54:52, 23.49, 48.48
2020-10-28, 16:54:53, 23.5, 48.52
2020-10-28, 16:54:55, 23.48, 48.45
2020-10-28, 16:54:56, 23.49, 48.48
2020-10-28, 16:54:57, 23.48, 48.48
2020-10-28, 16:54:59, 23.48, 48.45
2020-10-28, 16:55:00, 23.49, 48.48
2020-10-28, 16:55:01, 23.48, 48.48
2020-10-28, 16:55:03, 23.48, 48.45
2020-10-28, 16:55:04, 23.49, 48.48
2020-10-28, 16:55:05, 23.5, 48.49
2020-10-28, 16:55:07, 23.5, 48.49
2020-10-28, 16:55:08, 23.49, 48.48
2020-10-28, 16:55:09, 23.5, 48.49
2020-10-28, 16:55:11, 23.5, 48.45
2020-10-28, 16:55:12, 23.5, 48.45
2020-10-28, 16:55:14, 23.5, 48.45
2020-10-28, 16:55:15, 23.5, 48.45
2020-10-28, 16:55:16, 23.5, 48.42
2020-10-28, 16:55:18, 23.5, 48.45
2020-10-28, 16:55:19, 23.5, 48.42
2020-10-28, 16:55:20, 23.5, 48.45
2020-10-28, 16:55:22, 23.5, 48.45
2020-10-28, 16:55:23, 23.49, 48.42
2020-10-28, 16:55:24, 23.49, 48.42
2020-10-28, 16:55:26, 23.5, 48.45
2020-10-28, 16:55:27, 23.5, 48.42
2020-10-28, 16:55:28, 23.5, 48.45
2020-10-28, 16:55:30, 23.5, 48.42
2020-10-28, 16:55:31, 23.51, 48.42
2020-10-28, 16:55:33, 23.51, 48.42
2020-10-28, 16:55:34, 23.5, 48.42
2020-10-28, 16:55:35, 23.51, 48.42
2020-10-28, 16:55:37, 23.51, 48.42
2020-10-28, 16:55:38, 23.51, 48.42
2020-10-28, 16:55:39, 23.52, 48.39
2020-10-28, 16:55:41, 23.51, 48.39
2020-10-28, 16:55:42, 23.51, 48.39
2020-10-28, 16:55:43, 23.5, 48.42
2020-10-28, 16:55:45, 23.49, 48.39
2020-10-28, 16:55:46, 23.51, 48.42
2020-10-28, 16:55:47, 23.49, 48.39
2020-10-28, 16:55:49, 23.51, 48.39
2020-10-28, 16:55:50, 23.5, 48.39
2020-10-28, 16:55:52, 23.5, 48.39
2020-10-28, 16:55:53, 23.51, 48.39
2020-10-28, 16:55:54, 23.5, 48.39
2020-10-28, 16:55:56, 23.49, 48.39
2020-10-28, 16:55:57, 23.51, 48.39
2020-10-28, 16:55:58, 23.5, 48.39
2020-10-28, 16:56:00, 23.51, 48.39
2020-10-28, 16:56:01, 23.49, 48.39
2020-10-28, 16:56:02, 23.51, 48.39
2020-10-28, 16:56:04, 23.51, 48.39
2020-10-28, 16:56:05, 23.52, 48.39
2020-10-28, 16:56:06, 23.52, 48.39
2020-10-28, 16:56:08, 23.52, 48.39
2020-10-28, 16:56:09, 23.52, 48.36
2020-10-28, 16:56:10, 23.52, 48.36
2020-10-28, 16:56:12, 23.53, 48.36
2020-10-28, 16:56:13, 23.54, 48.36
2020-10-28, 16:56:15, 23.53, 48.36
2020-10-28, 16:56:16, 23.53, 48.36
2020-10-28, 16:56:17, 23.51, 48.36
2020-10-28, 16:56:19, 23.54, 48.36
2020-10-28, 16:56:20, 23.54, 48.33
2020-10-28, 16:56:21, 23.53, 48.33
2020-10-28, 16:56:23, 23.53, 48.33
2020-10-28, 16:56:24, 23.53, 48.36
2020-10-28, 16:56:25, 23.52, 48.33
2020-10-28, 16:56:27, 23.53, 48.33
2020-10-28, 16:56:28, 23.53, 48.33
2020-10-28, 16:56:29, 23.55, 48.33
2020-10-28, 16:56:31, 23.54, 48.33
2020-10-28, 16:56:32, 23.54, 48.33
2020-10-28, 16:56:34, 23.54, 48.33
2020-10-28, 16:56:35, 23.54, 48.33
2020-10-28, 16:56:36, 23.54, 48.3
2020-10-28, 16:56:38, 23.53, 48.33
2020-10-28, 16:56:39, 23.54, 48.3
2020-10-28, 16:56:40, 23.54, 48.33
2020-10-28, 16:56:42, 23.55, 48.3
2020-10-28, 16:56:43, 23.52, 48.33
2020-10-28, 16:56:44, 23.52, 48.3
2020-10-28, 16:56:46, 23.54, 48.3
2020-10-28, 16:56:47, 23.54, 48.3
2020-10-28, 16:56:48, 23.54, 48.27
2020-10-28, 16:56:50, 23.53, 48.27
2020-10-28, 16:56:51, 23.56, 48.3
2020-10-28, 16:56:53, 23.54, 48.27
2020-10-28, 16:56:54, 23.54, 48.27
2020-10-28, 16:56:55, 23.54, 48.27
2020-10-28, 16:56:57, 23.53, 48.27
2020-10-28, 16:56:58, 23.54, 48.27
2020-10-28, 16:56:59, 23.53, 48.27
2020-10-28, 16:57:01, 23.53, 48.27
2020-10-28, 16:57:02, 23.53, 48.27
2020-10-28, 16:57:03, 23.53, 48.27
2020-10-28, 16:57:05, 23.54, 48.27
2020-10-28, 16:57:06, 23.54, 48.27
2020-10-28, 16:57:07, 23.52, 48.27
2020-10-28, 16:57:09, 23.54, 48.27
2020-10-28, 16:57:10, 23.54, 48.27
2020-10-28, 16:57:12, 23.55, 48.27
2020-10-28, 16:57:13, 23.52, 48.27
2020-10-28, 16:57:14, 23.54, 48.27
2020-10-28, 16:57:16, 23.54, 48.27
2020-10-28, 16:57:17, 23.52, 48.27
2020-10-28, 16:57:18, 23.54, 48.27
2020-10-28, 16:57:20, 23.54, 48.27
2020-10-28, 16:57:21, 23.54, 48.24
2020-10-28, 16:57:22, 23.54, 48.27
2020-10-28, 16:57:24, 23.53, 48.24
2020-10-28, 16:57:25, 23.54, 48.24
2020-10-28, 16:57:26, 23.53, 48.24
2020-10-28, 16:57:28, 23.52, 48.23
2020-10-28, 16:57:29, 23.53, 48.24
2020-10-28, 16:57:31, 23.54, 48.27
2020-10-28, 16:57:32, 23.53, 48.24
2020-10-28, 16:57:33, 23.54, 48.27
2020-10-28, 16:57:35, 23.55, 48.27
2020-10-28, 16:57:36, 23.54, 48.24
2020-10-28, 16:57:37, 23.54, 48.27
2020-10-28, 16:57:39, 23.53, 48.24
2020-10-28, 16:57:40, 23.53, 48.24
2020-10-28, 16:57:41, 23.53, 48.24
2020-10-28, 16:57:43, 23.53, 48.24
2020-10-28, 16:57:44, 23.53, 48.27
2020-10-28, 16:57:45, 23.54, 48.24
2020-10-28, 16:57:47, 23.54, 48.2
2020-10-28, 16:57:48, 23.47, 48.23
2020-10-28, 16:57:50, 23.53, 48.27
2020-10-28, 16:57:51, 23.53, 48.27
2020-10-28, 16:57:52, 23.53, 48.27
2020-10-28, 16:57:54, 23.51, 48.23
2020-10-28, 16:57:55, 23.52, 48.23
2020-10-28, 16:57:56, 23.51, 48.23
2020-10-28, 16:57:58, 23.52, 48.23
2020-10-28, 16:57:59, 23.5, 48.2
2020-10-28, 16:58:01, 23.51, 48.2
2020-10-28, 16:58:02, 23.51, 48.23
2020-10-28, 16:58:03, 23.52, 48.23
2020-10-28, 16:58:05, 23.52, 48.2
2020-10-28, 16:58:06, 23.52, 48.2
2020-10-28, 16:58:07, 23.54, 48.2
2020-10-28, 16:58:09, 23.54, 48.2
2020-10-28, 16:58:10, 23.51, 48.2
2020-10-28, 16:58:11, 23.52, 48.2
2020-10-28, 16:58:13, 23.52, 48.2
2020-10-28, 16:58:14, 23.54, 48.2
2020-10-28, 16:58:15, 23.54, 48.2
2020-10-28, 16:58:17, 23.53, 48.2
2020-10-28, 16:58:18, 23.55, 48.21
2020-10-28, 16:58:20, 23.53, 48.2
2020-10-28, 16:58:21, 23.54, 48.2
2020-10-28, 16:58:22, 23.56, 48.21
2020-10-28, 16:58:24, 23.54, 48.2
2020-10-28, 16:58:25, 23.54, 48.2
2020-10-28, 16:58:26, 23.54, 48.17
2020-10-28, 16:58:28, 23.53, 48.17
2020-10-28, 16:58:29, 23.54, 48.17
2020-10-28, 16:58:30, 23.54, 48.17
2020-10-28, 16:58:32, 23.54, 48.17
2020-10-28, 16:58:33, 23.54, 48.17
2020-10-28, 16:58:34, 23.56, 48.18
2020-10-28, 16:58:36, 23.55, 48.17
2020-10-28, 16:58:37, 23.54, 48.17
2020-10-28, 16:58:39, 23.55, 48.17
2020-10-28, 16:58:40, 23.56, 48.14
2020-10-28, 16:58:41, 23.56, 48.14
2020-10-28, 16:58:43, 23.55, 48.14
2020-10-28, 16:58:44, 23.56, 48.14
2020-10-28, 16:58:45, 23.56, 48.14
2020-10-28, 16:58:47, 23.55, 48.14
2020-10-28, 16:58:48, 23.54, 48.14
2020-10-28, 16:58:49, 23.55, 48.14
2020-10-28, 16:58:51, 23.56, 48.14
2020-10-28, 16:58:52, 23.56, 48.11
2020-10-28, 16:58:53, 23.55, 48.14
2020-10-28, 16:58:55, 23.56, 48.14
2020-10-28, 16:58:56, 23.55, 48.14
2020-10-28, 16:58:58, 23.56, 48.11
2020-10-28, 16:58:59, 23.55, 48.11
2020-10-28, 16:59:00, 23.55, 48.11
2020-10-28, 16:59:02, 23.55, 48.11
2020-10-28, 16:59:03, 23.56, 48.11
2020-10-28, 16:59:04, 23.55, 48.11
2020-10-28, 16:59:06, 23.55, 48.11
2020-10-28, 16:59:07, 23.56, 48.11
2020-10-28, 16:59:08, 23.56, 48.11
2020-10-28, 16:59:10, 23.56, 48.08
2020-10-28, 16:59:11, 23.56, 48.08
2020-10-28, 16:59:12, 23.57, 48.08
2020-10-28, 16:59:14, 23.56, 48.08
2020-10-28, 16:59:15, 23.56, 48.08
2020-10-28, 16:59:17, 23.57, 48.08
2020-10-28, 16:59:18, 23.57, 48.11
2020-10-28, 16:59:19, 23.57, 48.08
2020-10-28, 16:59:21, 23.58, 48.08
2020-10-28, 16:59:22, 23.57, 48.08
2020-10-28, 16:59:23, 23.58, 48.08
2020-10-28, 16:59:25, 23.58, 48.08
2020-10-28, 16:59:26, 23.58, 48.08
2020-10-28, 16:59:27, 23.58, 48.08
2020-10-28, 16:59:29, 23.59, 48.08
2020-10-28, 16:59:30, 23.58, 48.05
2020-10-28, 16:59:31, 23.59, 48.05
2020-10-28, 16:59:33, 23.58, 48.05
2020-10-28, 16:59:34, 23.58, 48.05
2020-10-28, 16:59:35, 23.56, 48.05
2020-10-28, 16:59:37, 23.56, 48.05
2020-10-28, 16:59:38, 23.57, 48.05
2020-10-28, 16:59:40, 23.56, 48.05
2020-10-28, 16:59:41, 23.58, 48.02
2020-10-28, 16:59:42, 23.59, 48.02
2020-10-28, 16:59:44, 23.57, 48.02
2020-10-28, 16:59:45, 23.57, 48.02
2020-10-28, 16:59:46, 23.58, 48.05
2020-10-28, 16:59:48, 23.59, 48.02
2020-10-28, 16:59:49, 23.58, 48.02
2020-10-28, 16:59:50, 23.58, 48.02
2020-10-28, 16:59:52, 23.57, 48.02
2020-10-28, 16:59:53, 23.58, 48.02
2020-10-28, 16:59:54, 23.58, 48.02
2020-10-28, 16:59:56, 23.57, 48.02
2020-10-28, 16:59:57, 23.58, 48.02
2020-10-28, 16:59:59, 23.56, 48.02
2020-10-28, 17:00:00, 23.58, 48.02
2020-10-28, 17:00:01, 23.55, 48.01
2020-10-28, 17:00:03, 23.58, 48.02
2020-10-28, 17:00:04, 23.56, 48.02
2020-10-28, 17:00:06, 23.54, 48.04
2020-10-28, 17:00:07, 23.56, 48.08
2020-10-28, 17:00:08, 23.56, 48.08
2020-10-28, 17:00:10, 23.56, 48.05
2020-10-28, 17:00:11, 23.56, 48.05
2020-10-28, 17:00:12, 23.57, 48.05
2020-10-28, 17:00:14, 23.57, 48.02
2020-10-28, 17:00:15, 23.56, 48.02
2020-10-28, 17:00:16, 23.57, 48.02
2020-10-28, 17:00:18, 23.58, 48.02
2020-10-28, 17:00:19, 23.57, 48.02
2020-10-28, 17:00:21, 23.54, 48.08
2020-10-28, 17:00:23, 23.54, 48.08
2020-10-28, 17:00:24, 23.54, 48.08
2020-10-28, 17:00:25, 23.57, 48.08
2020-10-28, 17:00:27, 23.54, 48.08
2020-10-28, 17:00:28, 23.56, 48.05
2020-10-28, 17:00:29, 23.56, 48.05
2020-10-28, 17:00:31, 23.57, 48.02
2020-10-28, 17:00:32, 23.57, 48.02
2020-10-28, 17:00:33, 23.56, 48.02
2020-10-28, 17:00:35, 23.56, 48.02
2020-10-28, 17:00:36, 23.57, 48.02
2020-10-28, 17:00:38, 23.58, 48.02
2020-10-28, 17:00:39, 23.58, 48.02
2020-10-28, 17:00:40, 23.57, 47.98
2020-10-28, 17:00:42, 23.58, 48.02
2020-10-28, 17:00:43, 23.57, 47.98
2020-10-28, 17:00:44, 23.59, 47.99
2020-10-28, 17:00:46, 23.59, 47.99
2020-10-28, 17:00:47, 23.58, 47.99
2020-10-28, 17:00:48, 23.58, 47.95
2020-10-28, 17:00:50, 23.58, 47.99
2020-10-28, 17:00:51, 23.57, 48.02
2020-10-28, 17:00:52, 23.56, 48.02
2020-10-28, 17:00:54, 23.57, 47.98
2020-10-28, 17:00:55, 23.58, 47.99
2020-10-28, 17:00:56, 23.58, 47.99
2020-10-28, 17:00:58, 23.58, 47.99
2020-10-28, 17:00:59, 23.59, 47.99
2020-10-28, 17:01:01, 23.58, 47.99
2020-10-28, 17:01:02, 23.6, 47.96
2020-10-28, 17:01:03, 23.6, 47.99
2020-10-28, 17:01:05, 23.59, 47.99
2020-10-28, 17:01:06, 23.59, 47.99
2020-10-28, 17:01:07, 23.58, 47.99
2020-10-28, 17:01:09, 23.58, 47.99
2020-10-28, 17:01:10, 23.59, 47.99
2020-10-28, 17:01:11, 23.6, 47.99
2020-10-28, 17:01:13, 23.6, 47.99
2020-10-28, 17:01:14, 23.6, 47.99
2020-10-28, 17:01:15, 23.59, 47.99
2020-10-28, 17:01:17, 23.6, 47.99
2020-10-28, 17:01:18, 23.59, 47.99
2020-10-28, 17:01:20, 23.6, 47.99
2020-10-28, 17:01:21, 23.6, 47.99
2020-10-28, 17:01:22, 23.6, 47.96
2020-10-28, 17:01:24, 23.59, 47.96
2020-10-28, 17:01:25, 23.59, 47.96
2020-10-28, 17:01:26, 23.59, 47.96
2020-10-28, 17:01:28, 23.6, 47.96
2020-10-28, 17:01:29, 23.6, 47.96
2020-10-28, 17:01:30, 23.58, 47.99
2020-10-28, 17:01:32, 23.6, 47.99
2020-10-28, 17:01:33, 23.6, 47.96
2020-10-28, 17:01:34, 23.59, 47.96
2020-10-28, 17:01:36, 23.6, 47.96
2020-10-28, 17:01:37, 23.59, 47.96
2020-10-28, 17:01:38, 23.59, 47.96
2020-10-28, 17:01:40, 23.59, 47.96
2020-10-28, 17:01:41, 23.6, 47.96
2020-10-28, 17:01:43, 23.6, 47.96
2020-10-28, 17:01:44, 23.6, 47.96
2020-10-28, 17:01:45, 23.61, 47.96
2020-10-28, 17:01:47, 23.59, 47.96
2020-10-28, 17:01:48, 23.59, 47.99
2020-10-28, 17:01:49, 23.59, 47.96
2020-10-28, 17:01:51, 23.6, 47.96
2020-10-28, 17:01:52, 23.6, 47.96
2020-10-28, 17:01:53, 23.6, 47.96
2020-10-28, 17:01:55, 23.6, 47.96
2020-10-28, 17:01:56, 23.6, 47.96
2020-10-28, 17:01:57, 23.6, 47.96
2020-10-28, 17:01:59, 23.6, 47.96
2020-10-28, 17:02:00, 23.59, 47.96
2020-10-28, 17:02:02, 23.6, 47.96
2020-10-28, 17:02:03, 23.61, 47.96
2020-10-28, 17:02:04, 23.6, 47.96
2020-10-28, 17:02:06, 23.6, 47.96
2020-10-28, 17:02:07, 23.6, 47.96
2020-10-28, 17:02:08, 23.6, 47.96
2020-10-28, 17:02:10, 23.6, 47.96
2020-10-28, 17:02:11, 23.6, 47.96
2020-10-28, 17:02:12, 23.58, 47.95
2020-10-28, 17:02:14, 23.59, 47.96
2020-10-28, 17:02:15, 23.61, 47.96
2020-10-28, 17:02:16, 23.6, 47.96
2020-10-28, 17:02:18, 23.6, 47.96
2020-10-28, 17:02:19, 23.6, 47.96
2020-10-28, 17:02:21, 23.59, 47.96
2020-10-28, 17:02:22, 23.6, 47.96
2020-10-28, 17:02:23, 23.6, 47.96
2020-10-28, 17:02:25, 23.59, 47.96
2020-10-28, 17:02:26, 23.59, 47.96
2020-10-28, 17:02:27, 23.6, 47.96
2020-10-28, 17:02:29, 23.59, 47.96
2020-10-28, 17:02:30, 23.6, 47.96
2020-10-28, 17:02:31, 23.6, 47.96
2020-10-28, 17:02:33, 23.6, 47.96
2020-10-28, 17:02:34, 23.61, 47.96
2020-10-28, 17:02:35, 23.6, 47.96
2020-10-28, 17:02:37, 23.6, 47.92
2020-10-28, 17:02:38, 23.6, 47.96
2020-10-28, 17:02:39, 23.61, 47.96
2020-10-28, 17:02:41, 23.59, 47.96
2020-10-28, 17:02:42, 23.6, 47.96
2020-10-28, 17:02:44, 23.57, 47.95
2020-10-28, 17:02:45, 23.58, 47.95
2020-10-28, 17:02:46, 23.6, 47.96
2020-10-28, 17:02:48, 23.58, 47.95
2020-10-28, 17:02:49, 23.6, 47.96
2020-10-28, 17:02:50, 23.6, 47.96
2020-10-28, 17:02:52, 23.6, 47.96
2020-10-28, 17:02:53, 23.6, 47.96
2020-10-28, 17:02:54, 23.61, 47.96
2020-10-28, 17:02:56, 23.59, 47.96
2020-10-28, 17:02:57, 23.6, 47.96
2020-10-28, 17:02:58, 23.62, 47.96
2020-10-28, 17:03:00, 23.61, 47.96
2020-10-28, 17:03:01, 23.61, 47.96
2020-10-28, 17:03:02, 23.62, 47.96
2020-10-28, 17:03:04, 23.6, 47.96
2020-10-28, 17:03:05, 23.62, 47.96
2020-10-28, 17:03:07, 23.61, 47.96
2020-10-28, 17:03:08, 23.62, 47.96
2020-10-28, 17:03:09, 23.63, 47.96
2020-10-28, 17:03:11, 23.62, 47.96
2020-10-28, 17:03:12, 23.62, 47.93
2020-10-28, 17:03:13, 23.63, 47.93
2020-10-28, 17:03:15, 23.63, 47.96
2020-10-28, 17:03:16, 23.62, 47.93
2020-10-28, 17:03:17, 23.63, 47.93
2020-10-28, 17:03:19, 23.62, 47.93
2020-10-28, 17:03:20, 23.62, 47.93
2020-10-28, 17:03:21, 23.63, 47.93
2020-10-28, 17:03:23, 23.63, 47.93
2020-10-28, 17:03:24, 23.63, 47.9
2020-10-28, 17:03:26, 23.62, 47.93
2020-10-28, 17:03:27, 23.63, 47.93
2020-10-28, 17:03:28, 23.64, 47.93
2020-10-28, 17:03:30, 23.64, 47.93
2020-10-28, 17:03:31, 23.64, 47.96
2020-10-28, 17:03:32, 23.64, 47.93
2020-10-28, 17:03:34, 23.65, 47.93
2020-10-28, 17:03:35, 23.64, 47.9
2020-10-28, 17:03:36, 23.64, 47.9
2020-10-28, 17:03:38, 23.63, 47.9
2020-10-28, 17:03:39, 23.65, 47.9
2020-10-28, 17:03:40, 23.64, 47.9
2020-10-28, 17:03:42, 23.65, 47.9
2020-10-28, 17:03:43, 23.64, 47.9
2020-10-28, 17:03:45, 23.64, 47.9
2020-10-28, 17:03:46, 23.63, 47.9
2020-10-28, 17:03:47, 23.64, 47.9
2020-10-28, 17:03:49, 23.64, 47.9
2020-10-28, 17:03:50, 23.64, 47.9
2020-10-28, 17:03:51, 23.63, 47.9
2020-10-28, 17:03:53, 23.64, 47.9
2020-10-28, 17:03:54, 23.64, 47.93
2020-10-28, 17:03:55, 23.63, 47.9
2020-10-28, 17:03:57, 23.64, 47.9
2020-10-28, 17:03:58, 23.64, 47.93
2020-10-28, 17:03:59, 23.64, 47.9
2020-10-28, 17:04:01, 23.63, 47.9
2020-10-28, 17:04:02, 23.64, 47.93
2020-10-28, 17:04:04, 23.64, 47.9
2020-10-28, 17:04:05, 23.63, 47.9
2020-10-28, 17:04:06, 23.64, 47.9
2020-10-28, 17:04:08, 23.65, 47.9
2020-10-28, 17:04:09, 23.63, 47.93
2020-10-28, 17:04:10, 23.63, 47.93
2020-10-28, 17:04:12, 23.62, 47.93
2020-10-28, 17:04:13, 23.64, 47.96
2020-10-28, 17:04:14, 23.63, 47.93
2020-10-28, 17:04:16, 23.62, 47.93
2020-10-28, 17:04:17, 23.64, 47.96
2020-10-28, 17:04:18, 23.64, 47.93
2020-10-28, 17:04:20, 23.64, 47.96
2020-10-28, 17:04:21, 23.64, 47.93
2020-10-28, 17:04:22, 23.66, 47.93
2020-10-28, 17:04:24, 23.65, 47.96
2020-10-28, 17:04:25, 23.66, 47.9
2020-10-28, 17:04:27, 23.64, 47.93
2020-10-28, 17:04:28, 23.65, 47.93
2020-10-28, 17:04:29, 23.64, 47.93
2020-10-28, 17:04:31, 23.64, 47.93
2020-10-28, 17:04:32, 23.65, 47.93
2020-10-28, 17:04:33, 23.64, 47.93
2020-10-28, 17:04:35, 23.65, 47.93
2020-10-28, 17:04:36, 23.65, 47.93
2020-10-28, 17:04:37, 23.64, 47.9
2020-10-28, 17:04:39, 23.65, 47.93
2020-10-28, 17:04:40, 23.65, 47.93
2020-10-28, 17:04:41, 23.65, 47.9
2020-10-28, 17:04:43, 23.64, 47.93
2020-10-28, 17:04:44, 23.65, 47.93
2020-10-28, 17:04:46, 23.66, 47.93
2020-10-28, 17:04:47, 23.64, 47.9
2020-10-28, 17:04:48, 23.63, 47.93
2020-10-28, 17:04:50, 23.65, 47.93
2020-10-28, 17:04:51, 23.64, 47.9
2020-10-28, 17:04:52, 23.64, 47.93
2020-10-28, 17:04:54, 23.49, 47.91
2020-10-28, 17:04:56, 23.6, 47.99
2020-10-28, 17:04:57, 23.61, 47.99
2020-10-28, 17:04:58, 23.6, 47.99
2020-10-28, 17:05:00, 23.61, 47.99
2020-10-28, 17:05:01, 23.62, 47.99
2020-10-28, 17:05:02, 23.62, 47.99
2020-10-28, 17:05:04, 23.62, 47.99
2020-10-28, 17:05:05, 23.62, 48.02
2020-10-28, 17:05:06, 23.62, 47.99
2020-10-28, 17:05:08, 23.61, 47.99
2020-10-28, 17:05:09, 23.61, 47.99
2020-10-28, 17:05:10, 23.6, 48.02
2020-10-28, 17:05:12, 23.61, 48.02
2020-10-28, 17:05:13, 23.61, 48.02
2020-10-28, 17:05:15, 23.61, 48.02
2020-10-28, 17:05:16, 23.61, 48.02
2020-10-28, 17:05:17, 23.6, 48.02
2020-10-28, 17:05:19, 23.6, 48.05
2020-10-28, 17:05:20, 23.6, 48.05
2020-10-28, 17:05:21, 23.59, 48.05
2020-10-28, 17:05:23, 23.61, 48.05
2020-10-28, 17:05:24, 23.58, 48.05
2020-10-28, 17:05:25, 23.6, 48.02
2020-10-28, 17:05:27, 23.6, 48.02
2020-10-28, 17:05:28, 23.6, 48.05
2020-10-28, 17:05:29, 23.6, 48.05
2020-10-28, 17:05:31, 23.6, 48.08
2020-10-28, 17:05:32, 23.59, 48.08
2020-10-28, 17:05:34, 23.58, 48.08
2020-10-28, 17:05:35, 23.58, 48.08
2020-10-28, 17:05:36, 23.57, 48.08
2020-10-28, 17:05:38, 23.57, 48.11
2020-10-28, 17:05:39, 23.57, 48.11
2020-10-28, 17:05:40, 23.56, 48.11
2020-10-28, 17:05:42, 23.57, 48.14
2020-10-28, 17:05:43, 23.56, 48.14
2020-10-28, 17:05:44, 23.56, 48.14
2020-10-28, 17:05:46, 23.56, 48.14
2020-10-28, 17:05:47, 23.56, 48.14
2020-10-28, 17:05:48, 23.56, 48.14
2020-10-28, 17:05:50, 23.55, 48.17
2020-10-28, 17:05:51, 23.56, 48.18
2020-10-28, 17:05:53, 23.55, 48.17
2020-10-28, 17:05:54, 23.54, 48.17
2020-10-28, 17:05:55, 23.54, 48.2
2020-10-28, 17:05:57, 23.53, 48.2
2020-10-28, 17:05:58, 23.54, 48.2
2020-10-28, 17:05:59, 23.54, 48.2
2020-10-28, 17:06:01, 23.53, 48.2
2020-10-28, 17:06:02, 23.51, 48.2
2020-10-28, 17:06:03, 23.54, 48.2
2020-10-28, 17:06:05, 23.52, 48.23
2020-10-28, 17:06:06, 23.52, 48.23
2020-10-28, 17:06:07, 23.52, 48.23
2020-10-28, 17:06:09, 23.51, 48.23
2020-10-28, 17:06:10, 23.47, 48.26
2020-10-28, 17:06:12, 23.5, 48.26
2020-10-28, 17:06:13, 23.5, 48.26
2020-10-28, 17:06:14, 23.51, 48.26
2020-10-28, 17:06:16, 23.49, 48.29
2020-10-28, 17:06:17, 23.5, 48.33
2020-10-28, 17:06:18, 23.49, 48.29
2020-10-28, 17:06:20, 23.49, 48.33
2020-10-28, 17:06:21, 23.5, 48.33
2020-10-28, 17:06:22, 23.5, 48.33
2020-10-28, 17:06:24, 23.49, 48.33
2020-10-28, 17:06:25, 23.51, 48.33
2020-10-28, 17:06:27, 23.51, 48.33
2020-10-28, 17:06:28, 23.5, 48.33
2020-10-28, 17:06:29, 23.49, 48.33
2020-10-28, 17:06:31, 23.5, 48.33
2020-10-28, 17:06:32, 23.5, 48.33
2020-10-28, 17:06:33, 23.49, 48.33
2020-10-28, 17:06:35, 23.49, 48.33
2020-10-28, 17:06:36, 23.48, 48.32
2020-10-28, 17:06:37, 23.47, 48.32
2020-10-28, 17:06:39, 23.48, 48.36
2020-10-28, 17:06:40, 23.48, 48.39
2020-10-28, 17:06:41, 23.48, 48.39
2020-10-28, 17:06:43, 23.47, 48.39
2020-10-28, 17:06:44, 23.47, 48.39
2020-10-28, 17:06:46, 23.45, 48.42
2020-10-28, 17:06:47, 23.47, 48.42
2020-10-28, 17:06:48, 23.46, 48.45
2020-10-28, 17:06:50, 23.46, 48.45
2020-10-28, 17:06:51, 23.44, 48.45
2020-10-28, 17:06:52, 23.44, 48.48
2020-10-28, 17:06:54, 23.44, 48.48
2020-10-28, 17:06:55, 23.42, 48.48
2020-10-28, 17:06:56, 23.45, 48.51
2020-10-28, 17:06:58, 23.45, 48.51
2020-10-28, 17:06:59, 23.44, 48.51
2020-10-28, 17:07:00, 23.44, 48.51
2020-10-28, 17:07:02, 23.43, 48.51
2020-10-28, 17:07:03, 23.44, 48.51
2020-10-28, 17:07:05, 23.45, 48.51
2020-10-28, 17:07:06, 23.44, 48.54
2020-10-28, 17:07:07, 23.43, 48.54
2020-10-28, 17:07:09, 23.44, 48.54
2020-10-28, 17:07:10, 23.44, 48.54
2020-10-28, 17:07:11, 23.45, 48.51
2020-10-28, 17:07:13, 23.43, 48.54
2020-10-28, 17:07:14, 23.44, 48.51
2020-10-28, 17:07:15, 23.43, 48.54
2020-10-28, 17:07:17, 23.44, 48.54
2020-10-28, 17:07:18, 23.44, 48.54
2020-10-28, 17:07:20, 23.44, 48.54
2020-10-28, 17:07:21, 23.42, 48.54
2020-10-28, 17:07:22, 23.43, 48.54
2020-10-28, 17:07:24, 23.42, 48.54
2020-10-28, 17:07:25, 23.4, 48.54
2020-10-28, 17:07:26, 23.42, 48.57
2020-10-28, 17:07:28, 23.42, 48.57
2020-10-28, 17:07:29, 23.42, 48.57
2020-10-28, 17:07:30, 23.4, 48.57
2020-10-28, 17:07:32, 23.41, 48.57
2020-10-28, 17:07:33, 23.41, 48.57
2020-10-28, 17:07:34, 23.41, 48.57
2020-10-28, 17:07:36, 23.42, 48.6
2020-10-28, 17:07:37, 23.42, 48.6
2020-10-28, 17:07:38, 23.42, 48.57
2020-10-28, 17:07:40, 23.42, 48.6
2020-10-28, 17:07:41, 23.41, 48.6
2020-10-28, 17:07:43, 23.4, 48.6
2020-10-28, 17:07:44, 23.4, 48.6
2020-10-28, 17:07:45, 23.39, 48.63
2020-10-28, 17:07:47, 23.4, 48.63
2020-10-28, 17:07:48, 23.4, 48.63
2020-10-28, 17:07:49, 23.4, 48.63
2020-10-28, 17:07:51, 23.41, 48.63
2020-10-28, 17:07:52, 23.4, 48.63
2020-10-28, 17:07:53, 23.41, 48.63
2020-10-28, 17:07:55, 23.42, 48.64
2020-10-28, 17:07:56, 23.42, 48.64
2020-10-28, 17:07:57, 23.41, 48.63
2020-10-28, 17:07:59, 23.4, 48.63
2020-10-28, 17:08:00, 23.4, 48.63
2020-10-28, 17:08:02, 23.4, 48.63
2020-10-28, 17:08:03, 23.4, 48.66
2020-10-28, 17:08:04, 23.38, 48.66
2020-10-28, 17:08:06, 23.38, 48.66
2020-10-28, 17:08:07, 23.38, 48.66
2020-10-28, 17:08:08, 23.38, 48.69
2020-10-28, 17:08:10, 23.38, 48.69
2020-10-28, 17:08:11, 23.38, 48.69
2020-10-28, 17:08:12, 23.39, 48.7
2020-10-28, 17:08:14, 23.37, 48.69
2020-10-28, 17:08:15, 23.38, 48.69
2020-10-28, 17:08:16, 23.39, 48.73
2020-10-28, 17:08:18, 23.38, 48.69
2020-10-28, 17:08:19, 23.38, 48.69
2020-10-28, 17:08:20, 23.38, 48.69
2020-10-28, 17:08:22, 23.39, 48.7
2020-10-28, 17:08:23, 23.36, 48.69
2020-10-28, 17:08:25, 23.38, 48.73
2020-10-28, 17:08:26, 23.41, 48.73
2020-10-28, 17:08:27, 23.4, 48.73
2020-10-28, 17:08:29, 23.37, 48.72
2020-10-28, 17:08:30, 23.38, 48.73
2020-10-28, 17:08:31, 23.38, 48.73
2020-10-28, 17:08:33, 23.38, 48.73
2020-10-28, 17:08:34, 23.38, 48.73
2020-10-28, 17:08:35, 23.37, 48.72
2020-10-28, 17:08:37, 23.38, 48.73
2020-10-28, 17:08:38, 23.36, 48.75
2020-10-28, 17:08:40, 23.36, 48.75
2020-10-28, 17:08:41, 23.36, 48.75
2020-10-28, 17:08:42, 23.35, 48.75
2020-10-28, 17:08:44, 23.36, 48.79
2020-10-28, 17:08:45, 23.36, 48.79
2020-10-28, 17:08:46, 23.35, 48.79
2020-10-28, 17:08:48, 23.34, 48.82
2020-10-28, 17:08:49, 23.35, 48.82
2020-10-28, 17:08:50, 23.35, 48.82
2020-10-28, 17:08:52, 23.34, 48.82
2020-10-28, 17:08:53, 23.34, 48.82
2020-10-28, 17:08:54, 23.33, 48.81
2020-10-28, 17:08:56, 23.34, 48.85
2020-10-28, 17:08:57, 23.34, 48.85
2020-10-28, 17:08:58, 23.34, 48.85
2020-10-28, 17:09:00, 23.33, 48.88
2020-10-28, 17:09:01, 23.33, 48.85
2020-10-28, 17:09:03, 23.33, 48.85
2020-10-28, 17:09:04, 23.32, 48.85
2020-10-28, 17:09:05, 23.32, 48.88
2020-10-28, 17:09:07, 23.34, 48.88
2020-10-28, 17:09:08, 23.33, 48.88
2020-10-28, 17:09:09, 23.34, 48.88
2020-10-28, 17:09:11, 23.33, 48.88
2020-10-28, 17:09:12, 23.33, 48.88
2020-10-28, 17:09:13, 23.32, 48.88
2020-10-28, 17:09:15, 23.33, 48.88
2020-10-28, 17:09:16, 23.33, 48.88
2020-10-28, 17:09:18, 23.32, 48.88
2020-10-28, 17:09:19, 23.32, 48.88
2020-10-28, 17:09:20, 23.32, 48.88
2020-10-28, 17:09:22, 23.32, 48.88
2020-10-28, 17:09:23, 23.32, 48.88
2020-10-28, 17:09:24, 23.33, 48.88
2020-10-28, 17:09:26, 23.33, 48.88
2020-10-28, 17:09:27, 23.33, 48.88
2020-10-28, 17:09:28, 23.34, 48.88
2020-10-28, 17:09:30, 23.33, 48.88
2020-10-28, 17:09:31, 23.32, 48.88
2020-10-28, 17:09:32, 23.32, 48.88
2020-10-28, 17:09:34, 23.32, 48.88
2020-10-28, 17:09:35, 23.31, 48.88
2020-10-28, 17:09:36, 23.33, 48.88
2020-10-28, 17:09:38, 23.32, 48.88
2020-10-28, 17:09:39, 23.32, 48.91
2020-10-28, 17:09:41, 23.32, 48.91
2020-10-28, 17:09:42, 23.32, 48.91
2020-10-28, 17:09:43, 23.31, 48.91
2020-10-28, 17:09:45, 23.31, 48.94
2020-10-28, 17:09:46, 23.32, 48.94
2020-10-28, 17:09:47, 23.31, 48.94
2020-10-28, 17:09:49, 23.3, 48.91
2020-10-28, 17:09:50, 23.31, 48.94
2020-10-28, 17:09:51, 23.3, 48.94
2020-10-28, 17:09:53, 23.31, 48.94
2020-10-28, 17:09:54, 23.32, 48.94
2020-10-28, 17:09:55, 23.31, 48.94
2020-10-28, 17:09:57, 23.31, 48.91
2020-10-28, 17:09:58, 23.31, 48.94
2020-10-28, 17:10:00, 23.3, 48.94
2020-10-28, 17:10:01, 23.3, 48.94
2020-10-28, 17:10:02, 23.31, 48.94
2020-10-28, 17:10:04, 23.31, 48.94
2020-10-28, 17:10:05, 23.31, 48.94
2020-10-28, 17:10:06, 23.3, 48.94
2020-10-28, 17:10:08, 23.3, 48.94
2020-10-28, 17:10:09, 23.32, 48.94
2020-10-28, 17:10:10, 23.3, 48.94
2020-10-28, 17:10:12, 23.3, 48.94
2020-10-28, 17:10:13, 23.31, 48.94
2020-10-28, 17:10:14, 23.3, 48.94
2020-10-28, 17:10:16, 23.3, 48.94
2020-10-28, 17:10:17, 23.32, 48.94
2020-10-28, 17:10:18, 23.3, 48.94
2020-10-28, 17:10:20, 23.32, 48.94
2020-10-28, 17:10:21, 23.3, 48.94
2020-10-28, 17:10:23, 23.31, 48.94
2020-10-28, 17:10:24, 23.31, 48.94
2020-10-28, 17:10:25, 23.32, 48.94
2020-10-28, 17:10:27, 23.31, 48.94
2020-10-28, 17:10:28, 23.31, 48.94
2020-10-28, 17:10:29, 23.31, 48.94
2020-10-28, 17:10:31, 23.31, 48.94
2020-10-28, 17:10:32, 23.31, 48.94
2020-10-28, 17:10:33, 23.3, 48.94
2020-10-28, 17:10:35, 23.3, 48.94
2020-10-28, 17:10:36, 23.3, 48.94
2020-10-28, 17:10:37, 23.31, 48.94
2020-10-28, 17:10:39, 23.29, 48.94
2020-10-28, 17:10:40, 23.28, 48.94
2020-10-28, 17:10:42, 23.29, 48.94
2020-10-28, 17:10:43, 23.29, 48.97
2020-10-28, 17:10:44, 23.3, 48.94
2020-10-28, 17:10:46, 23.29, 48.97
2020-10-28, 17:10:47, 23.29, 48.97
2020-10-28, 17:10:48, 23.28, 48.97
2020-10-28, 17:10:50, 23.3, 49.0
2020-10-28, 17:10:51, 23.28, 48.97
2020-10-28, 17:10:52, 23.26, 48.96
2020-10-28, 17:10:54, 23.26, 48.96
2020-10-28, 17:10:55, 23.26, 49.0
2020-10-28, 17:10:56, 23.26, 49.0
2020-10-28, 17:10:58, 23.27, 48.97
2020-10-28, 17:10:59, 23.27, 49.0
2020-10-28, 17:11:01, 23.27, 49.0
2020-10-28, 17:11:02, 23.27, 49.0
2020-10-28, 17:11:03, 23.28, 49.0
2020-10-28, 17:11:05, 23.28, 49.0
2020-10-28, 17:11:06, 23.27, 49.0
2020-10-28, 17:11:07, 23.27, 49.0
2020-10-28, 17:11:09, 23.27, 49.0
2020-10-28, 17:11:10, 23.26, 49.0
2020-10-28, 17:11:11, 23.27, 49.0
2020-10-28, 17:11:13, 23.26, 49.0
2020-10-28, 17:11:14, 23.26, 49.0
2020-10-28, 17:11:15, 23.25, 49.0
2020-10-28, 17:11:17, 23.25, 49.0
2020-10-28, 17:11:18, 23.26, 49.0
2020-10-28, 17:11:19, 23.26, 49.0
2020-10-28, 17:11:21, 23.26, 49.0
2020-10-28, 17:11:22, 23.27, 49.0
2020-10-28, 17:11:24, 23.25, 49.0
2020-10-28, 17:11:25, 23.26, 49.03
2020-10-28, 17:11:26, 23.27, 49.0
2020-10-28, 17:11:28, 23.26, 49.0
2020-10-28, 17:11:29, 23.24, 48.99
2020-10-28, 17:11:30, 23.25, 49.03
2020-10-28, 17:11:32, 23.24, 48.99
2020-10-28, 17:11:33, 23.26, 49.0
2020-10-28, 17:11:34, 23.26, 49.0
2020-10-28, 17:11:36, 23.24, 49.03
2020-10-28, 17:11:37, 23.24, 49.03
2020-10-28, 17:11:38, 23.25, 49.03
2020-10-28, 17:11:40, 23.24, 49.03
2020-10-28, 17:11:41, 23.24, 49.03
2020-10-28, 17:11:43, 23.25, 49.03
2020-10-28, 17:11:44, 23.26, 49.03
2020-10-28, 17:11:45, 23.25, 49.03
2020-10-28, 17:11:47, 23.25, 49.03
2020-10-28, 17:11:48, 23.25, 49.03
2020-10-28, 17:11:49, 23.26, 49.03
2020-10-28, 17:11:51, 23.24, 49.03
2020-10-28, 17:11:52, 23.23, 48.99
2020-10-28, 17:11:53, 23.23, 49.02
2020-10-28, 17:11:55, 23.25, 49.03
2020-10-28, 17:11:56, 23.25, 49.03
2020-10-28, 17:11:57, 23.23, 48.99
2020-10-28, 17:11:59, 23.24, 48.99
2020-10-28, 17:12:00, 23.24, 49.03
2020-10-28, 17:12:01, 23.23, 48.99
2020-10-28, 17:12:03, 23.23, 48.99
2020-10-28, 17:12:04, 23.24, 49.03
2020-10-28, 17:12:06, 23.24, 49.03
2020-10-28, 17:12:07, 23.24, 49.03
2020-10-28, 17:12:08, 23.23, 49.02
2020-10-28, 17:12:10, 23.24, 48.99
2020-10-28, 17:12:11, 23.24, 49.03
2020-10-28, 17:12:12, 23.23, 49.02
2020-10-28, 17:12:14, 23.24, 48.99
2020-10-28, 17:12:15, 23.24, 48.99
2020-10-28, 17:12:16, 23.25, 49.03
2020-10-28, 17:12:18, 23.24, 48.99
2020-10-28, 17:12:19, 23.24, 48.99
2020-10-28, 17:12:20, 23.24, 48.99
2020-10-28, 17:12:22, 23.24, 48.99
2020-10-28, 17:12:23, 23.24, 48.99
2020-10-28, 17:12:25, 23.24, 48.99
2020-10-28, 17:12:26, 23.25, 49.0
2020-10-28, 17:12:27, 23.24, 48.99
2020-10-28, 17:12:29, 23.25, 49.0
2020-10-28, 17:12:30, 23.25, 49.0
2020-10-28, 17:12:31, 23.26, 49.0
2020-10-28, 17:12:33, 23.25, 49.0
2020-10-28, 17:12:34, 23.25, 49.0
2020-10-28, 17:12:35, 23.24, 48.96
2020-10-28, 17:12:37, 23.25, 49.0
2020-10-28, 17:12:38, 23.24, 48.99
2020-10-28, 17:12:39, 23.22, 48.99
2020-10-28, 17:12:43, 22.95, 49.15
2020-10-28, 17:12:44, 23.13, 49.23
2020-10-28, 17:12:46, 23.15, 49.27
2020-10-28, 17:12:47, 23.18, 49.24
2020-10-28, 17:12:49, 23.18, 49.21
2020-10-28, 17:12:50, 23.19, 49.21
2020-10-28, 17:12:51, 23.18, 49.18
2020-10-28, 17:12:53, 23.19, 49.18
2020-10-28, 17:12:54, 23.2, 49.15
2020-10-28, 17:12:55, 23.2, 49.12
2020-10-28, 17:12:57, 23.2, 49.12
2020-10-28, 17:12:58, 23.21, 49.12
2020-10-28, 17:12:59, 23.21, 49.09
2020-10-28, 17:13:01, 23.21, 49.05
2020-10-28, 17:13:02, 23.21, 49.09
2020-10-28, 17:13:03, 23.21, 49.05
2020-10-28, 17:13:05, 23.21, 49.05
2020-10-28, 17:13:06, 23.23, 49.06
2020-10-28, 17:13:08, 23.23, 49.06
2020-10-28, 17:13:09, 23.22, 49.05
2020-10-28, 17:13:10, 23.2, 49.05
2020-10-28, 17:13:12, 23.22, 49.05
2020-10-28, 17:13:13, 23.22, 49.05
2020-10-28, 17:13:14, 23.21, 49.05
2020-10-28, 17:13:16, 23.23, 49.06
2020-10-28, 17:13:17, 23.22, 49.05
2020-10-28, 17:13:18, 23.22, 49.05
2020-10-28, 17:13:20, 23.21, 49.05
2020-10-28, 17:13:21, 23.22, 49.05
2020-10-28, 17:13:22, 23.21, 49.05
2020-10-28, 17:13:24, 23.22, 49.05
2020-10-28, 17:13:25, 23.22, 49.05
2020-10-28, 17:13:26, 23.22, 49.05
2020-10-28, 17:13:28, 23.22, 49.02
2020-10-28, 17:13:29, 23.23, 49.02
2020-10-28, 17:13:31, 23.22, 49.02
2020-10-28, 17:13:32, 23.21, 49.02
2020-10-28, 17:13:33, 23.22, 49.02
2020-10-28, 17:13:35, 23.22, 49.02
2020-10-28, 17:13:36, 23.22, 49.02
2020-10-28, 17:13:37, 23.22, 49.05
2020-10-28, 17:13:39, 23.22, 49.02
2020-10-28, 17:13:40, 23.22, 49.05
2020-10-28, 17:13:41, 23.23, 49.06
2020-10-28, 17:13:43, 23.23, 49.02
2020-10-28, 17:13:44, 23.23, 49.02
2020-10-28, 17:13:45, 23.23, 49.02
2020-10-28, 17:13:47, 23.22, 49.02
2020-10-28, 17:13:48, 23.23, 49.02
2020-10-28, 17:13:49, 23.24, 48.99
2020-10-28, 17:13:51, 23.24, 48.99
2020-10-28, 17:13:52, 23.24, 48.99
2020-10-28, 17:13:54, 23.24, 48.99
2020-10-28, 17:13:55, 23.24, 48.99
2020-10-28, 17:13:56, 23.24, 48.99
2020-10-28, 17:13:58, 23.23, 48.99
2020-10-28, 17:13:59, 23.23, 48.99
2020-10-28, 17:14:00, 23.23, 48.99
2020-10-28, 17:14:02, 23.23, 48.96
2020-10-28, 17:14:03, 23.23, 48.99
2020-10-28, 17:14:04, 23.24, 48.99
2020-10-28, 17:14:06, 23.25, 48.96
2020-10-28, 17:14:07, 23.24, 48.96
2020-10-28, 17:14:08, 23.24, 48.96
2020-10-28, 17:14:10, 23.26, 48.93
2020-10-28, 17:14:11, 23.24, 48.96
2020-10-28, 17:14:13, 23.24, 48.93
2020-10-28, 17:14:14, 23.24, 48.96
2020-10-28, 17:14:15, 23.24, 48.93
2020-10-28, 17:14:17, 23.24, 48.96
2020-10-28, 17:14:18, 23.24, 48.93
2020-10-28, 17:14:19, 23.24, 48.96
2020-10-28, 17:14:21, 23.24, 48.96
2020-10-28, 17:14:22, 23.25, 48.93
2020-10-28, 17:14:23, 23.24, 48.96
2020-10-28, 17:14:25, 23.24, 48.96
2020-10-28, 17:14:26, 23.25, 48.96
2020-10-28, 17:14:27, 23.24, 48.93
2020-10-28, 17:14:29, 23.25, 48.93
2020-10-28, 17:14:30, 23.24, 48.93
2020-10-28, 17:14:31, 23.24, 48.93
2020-10-28, 17:14:33, 23.24, 48.93
2020-10-28, 17:14:34, 23.24, 48.93
2020-10-28, 17:14:36, 23.24, 48.93
2020-10-28, 17:14:37, 23.25, 48.93
2020-10-28, 17:14:38, 23.24, 48.93
2020-10-28, 17:14:40, 23.24, 48.93
2020-10-28, 17:14:41, 23.24, 48.9
2020-10-28, 17:14:42, 23.23, 48.9
2020-10-28, 17:14:44, 23.24, 48.93
2020-10-28, 17:14:45, 23.24, 48.9
2020-10-28, 17:14:46, 23.25, 48.9
2020-10-28, 17:14:48, 23.25, 48.9
2020-10-28, 17:14:49, 23.24, 48.9
2020-10-28, 17:14:51, 23.24, 48.9
2020-10-28, 17:14:52, 23.22, 48.9
2020-10-28, 17:14:53, 23.24, 48.9
2020-10-28, 17:14:55, 23.24, 48.9
2020-10-28, 17:14:56, 23.24, 48.9
2020-10-28, 17:14:57, 23.24, 48.9
2020-10-28, 17:14:59, 23.24, 48.9
2020-10-28, 17:15:00, 23.24, 48.87
2020-10-28, 17:15:01, 23.25, 48.87
2020-10-28, 17:15:03, 23.24, 48.87
2020-10-28, 17:15:04, 23.24, 48.87
2020-10-28, 17:15:05, 23.26, 48.9
2020-10-28, 17:15:07, 23.25, 48.87
2020-10-28, 17:15:08, 23.24, 48.87
2020-10-28, 17:15:10, 23.25, 48.87
2020-10-28, 17:15:11, 23.24, 48.87
2020-10-28, 17:15:12, 23.24, 48.87
2020-10-28, 17:15:14, 23.24, 48.87
2020-10-28, 17:15:15, 23.24, 48.9
2020-10-28, 17:15:16, 23.25, 48.87
2020-10-28, 17:15:18, 23.26, 48.9
2020-10-28, 17:15:19, 23.24, 48.87
2020-10-28, 17:15:21, 23.24, 48.87
2020-10-28, 17:15:22, 23.24, 48.87
2020-10-28, 17:15:23, 23.24, 48.87
2020-10-28, 17:15:25, 23.24, 48.87
2020-10-28, 17:15:26, 23.26, 48.87
2020-10-28, 17:15:27, 23.26, 48.87
2020-10-28, 17:15:29, 23.24, 48.87
2020-10-28, 17:15:30, 23.26, 48.87
2020-10-28, 17:15:31, 23.26, 48.87
2020-10-28, 17:15:33, 23.25, 48.87
2020-10-28, 17:15:34, 23.24, 48.83
2020-10-28, 17:15:35, 23.26, 48.84
2020-10-28, 17:15:37, 23.27, 48.87
2020-10-28, 17:15:38, 23.27, 48.87
2020-10-28, 17:15:40, 23.26, 48.84
2020-10-28, 17:15:41, 23.26, 48.84
2020-10-28, 17:15:42, 23.27, 48.84
2020-10-28, 17:15:44, 23.27, 48.81
2020-10-28, 17:15:45, 23.27, 48.81
2020-10-28, 17:15:46, 23.26, 48.81
2020-10-28, 17:15:48, 23.25, 48.8
2020-10-28, 17:15:49, 23.27, 48.81
2020-10-28, 17:15:50, 23.26, 48.84
2020-10-28, 17:15:52, 23.27, 48.87
2020-10-28, 17:15:53, 23.26, 48.81
2020-10-28, 17:15:54, 23.27, 48.87
2020-10-28, 17:15:56, 23.27, 48.81
2020-10-28, 17:15:57, 23.27, 48.84
2020-10-28, 17:15:59, 23.25, 48.8
2020-10-28, 17:16:00, 23.26, 48.81
2020-10-28, 17:16:01, 23.27, 48.81
2020-10-28, 17:16:03, 23.26, 48.81
2020-10-28, 17:16:04, 23.26, 48.81
2020-10-28, 17:16:05, 23.26, 48.81
2020-10-28, 17:16:07, 23.26, 48.81
2020-10-28, 17:16:08, 23.25, 48.8
2020-10-28, 17:16:09, 23.26, 48.81
2020-10-28, 17:16:11, 23.27, 48.81
2020-10-28, 17:16:12, 23.26, 48.81
2020-10-28, 17:16:13, 23.26, 48.81
2020-10-28, 17:16:15, 23.26, 48.81
2020-10-28, 17:16:16, 23.27, 48.81
2020-10-28, 17:16:18, 23.26, 48.81
2020-10-28, 17:16:19, 23.28, 48.81
2020-10-28, 17:16:20, 23.28, 48.81
2020-10-28, 17:16:22, 23.27, 48.81
2020-10-28, 17:16:23, 23.27, 48.81
2020-10-28, 17:16:24, 23.28, 48.81
2020-10-28, 17:16:26, 23.28, 48.78
2020-10-28, 17:16:27, 23.28, 48.78
2020-10-28, 17:16:28, 23.26, 48.81
2020-10-28, 17:16:30, 23.27, 48.78
2020-10-28, 17:16:31, 23.27, 48.78
2020-10-28, 17:16:33, 23.28, 48.74
2020-10-28, 17:16:34, 23.27, 48.74
2020-10-28, 17:16:35, 23.27, 48.74
2020-10-28, 17:16:37, 23.26, 48.74
2020-10-28, 17:16:38, 23.27, 48.74
2020-10-28, 17:16:39, 23.26, 48.74
2020-10-28, 17:16:41, 23.27, 48.74
2020-10-28, 17:16:42, 23.28, 48.74
2020-10-28, 17:16:43, 23.27, 48.74
2020-10-28, 17:16:45, 23.27, 48.74
2020-10-28, 17:16:46, 23.28, 48.74
2020-10-28, 17:16:47, 23.26, 48.74
2020-10-28, 17:16:49, 23.26, 48.74
2020-10-28, 17:16:50, 23.28, 48.74
2020-10-28, 17:16:52, 23.29, 48.75
2020-10-28, 17:16:53, 23.28, 48.71
2020-10-28, 17:16:54, 23.28, 48.71
2020-10-28, 17:16:56, 23.28, 48.74
2020-10-28, 17:16:57, 23.28, 48.74
2020-10-28, 17:16:58, 23.29, 48.75
2020-10-28, 17:17:00, 23.28, 48.71
2020-10-28, 17:17:01, 23.28, 48.71
2020-10-28, 17:17:02, 23.28, 48.68
2020-10-28, 17:17:04, 23.29, 48.68
2020-10-28, 17:17:05, 23.28, 48.68
2020-10-28, 17:17:07, 23.27, 48.68
2020-10-28, 17:17:08, 23.28, 48.68
2020-10-28, 17:17:09, 23.28, 48.71
2020-10-28, 17:17:11, 23.28, 48.68
2020-10-28, 17:17:12, 23.27, 48.68
2020-10-28, 17:17:13, 23.28, 48.68
2020-10-28, 17:17:15, 23.28, 48.68
2020-10-28, 17:17:16, 23.28, 48.68
2020-10-28, 17:17:17, 23.28, 48.68
2020-10-28, 17:17:19, 23.27, 48.71
2020-10-28, 17:17:20, 23.28, 48.68
2020-10-28, 17:17:21, 23.28, 48.68
2020-10-28, 17:17:23, 23.28, 48.68
2020-10-28, 17:17:24, 23.28, 48.68
2020-10-28, 17:17:26, 23.28, 48.68
2020-10-28, 17:17:27, 23.29, 48.68
2020-10-28, 17:17:28, 23.29, 48.65
2020-10-28, 17:17:30, 23.29, 48.68
2020-10-28, 17:17:31, 23.3, 48.65
2020-10-28, 17:17:32, 23.29, 48.68
2020-10-28, 17:17:34, 23.29, 48.68
2020-10-28, 17:17:35, 23.29, 48.65
2020-10-28, 17:17:36, 23.28, 48.65
2020-10-28, 17:17:38, 23.3, 48.65
2020-10-28, 17:17:39, 23.3, 48.65
2020-10-28, 17:17:40, 23.28, 48.62
2020-10-28, 17:17:42, 23.28, 48.65
2020-10-28, 17:17:43, 23.28, 48.62
2020-10-28, 17:17:45, 23.28, 48.65
2020-10-28, 17:17:46, 23.3, 48.65
2020-10-28, 17:17:47, 23.27, 48.65
2020-10-28, 17:17:49, 23.27, 48.65
2020-10-28, 17:17:50, 23.28, 48.65
2020-10-28, 17:17:51, 23.28, 48.65
2020-10-28, 17:17:53, 23.29, 48.65
2020-10-28, 17:17:54, 23.28, 48.62
2020-10-28, 17:17:55, 23.29, 48.62
2020-10-28, 17:17:57, 23.28, 48.62
2020-10-28, 17:17:58, 23.29, 48.65
2020-10-28, 17:17:59, 23.3, 48.65
2020-10-28, 17:18:01, 23.3, 48.65
2020-10-28, 17:18:02, 23.29, 48.65
2020-10-28, 17:18:04, 23.3, 48.65
2020-10-28, 17:18:05, 23.3, 48.62
2020-10-28, 17:18:06, 23.3, 48.62
2020-10-28, 17:18:08, 23.29, 48.62
2020-10-28, 17:18:09, 23.3, 48.62
2020-10-28, 17:18:10, 23.3, 48.62
2020-10-28, 17:18:12, 23.28, 48.62
2020-10-28, 17:18:13, 23.3, 48.62
2020-10-28, 17:18:14, 23.28, 48.62
2020-10-28, 17:18:16, 23.3, 48.62
2020-10-28, 17:18:17, 23.3, 48.62
2020-10-28, 17:18:18, 23.3, 48.62
2020-10-28, 17:18:20, 23.3, 48.62
2020-10-28, 17:18:21, 23.3, 48.62
2020-10-28, 17:18:23, 23.3, 48.62
2020-10-28, 17:18:24, 23.32, 48.62
2020-10-28, 17:18:25, 23.31, 48.59
2020-10-28, 17:18:27, 23.3, 48.59
2020-10-28, 17:18:28, 23.3, 48.59
2020-10-28, 17:18:29, 23.32, 48.59
2020-10-28, 17:18:31, 23.31, 48.59
2020-10-28, 17:18:32, 23.32, 48.59
2020-10-28, 17:18:33, 23.31, 48.59
2020-10-28, 17:18:35, 23.31, 48.56
2020-10-28, 17:18:36, 23.32, 48.56
2020-10-28, 17:18:37, 23.3, 48.59
2020-10-28, 17:18:39, 23.3, 48.59
2020-10-28, 17:18:40, 23.31, 48.59
2020-10-28, 17:18:41, 23.32, 48.56
2020-10-28, 17:18:43, 23.32, 48.56
2020-10-28, 17:18:44, 23.31, 48.56
2020-10-28, 17:18:46, 23.32, 48.56
2020-10-28, 17:18:47, 23.3, 48.56
2020-10-28, 17:18:48, 23.31, 48.53
2020-10-28, 17:18:50, 23.3, 48.56
2020-10-28, 17:18:51, 23.3, 48.56
2020-10-28, 17:18:53, 23.3, 48.59
2020-10-28, 17:18:54, 23.32, 48.56
2020-10-28, 17:18:55, 23.32, 48.56
2020-10-28, 17:18:57, 23.31, 48.56
2020-10-28, 17:18:58, 23.32, 48.56
2020-10-28, 17:18:59, 23.33, 48.56
2020-10-28, 17:19:01, 23.31, 48.56
2020-10-28, 17:19:02, 23.33, 48.56
2020-10-28, 17:19:04, 23.32, 48.56
2020-10-28, 17:19:05, 23.32, 48.56
2020-10-28, 17:19:06, 23.31, 48.56
2020-10-28, 17:19:08, 23.32, 48.56
2020-10-28, 17:19:09, 23.34, 48.53
2020-10-28, 17:19:10, 23.32, 48.56
2020-10-28, 17:19:12, 23.34, 48.53
2020-10-28, 17:19:13, 23.32, 48.56
2020-10-28, 17:19:14, 23.33, 48.53
2020-10-28, 17:19:16, 23.33, 48.53
2020-10-28, 17:19:17, 23.34, 48.56
2020-10-28, 17:19:18, 23.32, 48.53
2020-10-28, 17:19:20, 23.32, 48.53
2020-10-28, 17:19:21, 23.33, 48.56
2020-10-28, 17:19:22, 23.34, 48.53
2020-10-28, 17:19:24, 23.34, 48.53
2020-10-28, 17:19:25, 23.33, 48.5
2020-10-28, 17:19:27, 23.33, 48.53
2020-10-28, 17:19:28, 23.31, 48.53
2020-10-28, 17:19:29, 23.33, 48.53
2020-10-28, 17:19:31, 23.34, 48.56
2020-10-28, 17:19:32, 23.34, 48.53
2020-10-28, 17:19:33, 23.33, 48.53
2020-10-28, 17:19:35, 23.33, 48.53
2020-10-28, 17:19:36, 23.33, 48.53
2020-10-28, 17:19:38, 23.33, 48.53
2020-10-28, 17:19:39, 23.32, 48.53
2020-10-28, 17:19:40, 23.33, 48.53
2020-10-28, 17:19:42, 23.32, 48.53
2020-10-28, 17:19:43, 23.3, 48.52
2020-10-28, 17:19:44, 23.3, 48.52
2020-10-28, 17:19:46, 23.31, 48.53
2020-10-28, 17:19:47, 23.31, 48.53
2020-10-28, 17:19:48, 23.31, 48.56
2020-10-28, 17:19:50, 23.32, 48.53
2020-10-28, 17:19:51, 23.31, 48.53
2020-10-28, 17:19:52, 23.32, 48.53
2020-10-28, 17:19:54, 23.33, 48.56
2020-10-28, 17:19:55, 23.32, 48.56
2020-10-28, 17:19:57, 23.31, 48.53
2020-10-28, 17:19:58, 23.32, 48.53
2020-10-28, 17:19:59, 23.32, 48.53
2020-10-28, 17:20:01, 23.3, 48.52
2020-10-28, 17:20:02, 23.29, 48.55
2020-10-28, 17:20:03, 23.31, 48.56
2020-10-28, 17:20:05, 23.3, 48.56
2020-10-28, 17:20:06, 23.3, 48.56
2020-10-28, 17:20:08, 23.32, 48.56
2020-10-28, 17:20:09, 23.33, 48.56
2020-10-28, 17:20:10, 23.32, 48.56
2020-10-28, 17:20:12, 23.31, 48.56
2020-10-28, 17:20:13, 23.32, 48.56
2020-10-28, 17:20:14, 23.33, 48.56
2020-10-28, 17:20:16, 23.33, 48.56
2020-10-28, 17:20:17, 23.31, 48.56
2020-10-28, 17:20:18, 23.33, 48.56
2020-10-28, 17:20:20, 23.33, 48.56
2020-10-28, 17:20:21, 23.33, 48.56
2020-10-28, 17:20:22, 23.34, 48.56
2020-10-28, 17:20:24, 23.32, 48.56
2020-10-28, 17:20:25, 23.33, 48.56
2020-10-28, 17:20:27, 23.34, 48.53
2020-10-28, 17:20:28, 23.33, 48.53
2020-10-28, 17:20:29, 23.33, 48.53
2020-10-28, 17:20:31, 23.34, 48.53
2020-10-28, 17:20:32, 23.34, 48.56
2020-10-28, 17:20:33, 23.34, 48.53
2020-10-28, 17:20:35, 23.34, 48.53
2020-10-28, 17:20:36, 23.32, 48.53
2020-10-28, 17:20:37, 23.34, 48.53
2020-10-28, 17:20:39, 23.33, 48.5
2020-10-28, 17:20:40, 23.34, 48.5
2020-10-28, 17:20:41, 23.33, 48.53
2020-10-28, 17:20:43, 23.34, 48.53
2020-10-28, 17:20:44, 23.33, 48.53
2020-10-28, 17:20:46, 23.34, 48.53
2020-10-28, 17:20:47, 23.34, 48.53
2020-10-28, 17:20:48, 23.34, 48.53
2020-10-28, 17:20:50, 23.34, 48.56
2020-10-28, 17:20:51, 23.34, 48.53
2020-10-28, 17:20:52, 23.35, 48.56
2020-10-28, 17:20:54, 23.35, 48.53
2020-10-28, 17:20:55, 23.35, 48.53
2020-10-28, 17:20:56, 23.35, 48.53
2020-10-28, 17:20:58, 23.35, 48.56
2020-10-28, 17:20:59, 23.34, 48.56
2020-10-28, 17:21:01, 23.33, 48.56
2020-10-28, 17:21:02, 23.36, 48.53
2020-10-28, 17:21:03, 23.35, 48.53
2020-10-28, 17:21:05, 23.36, 48.53
2020-10-28, 17:21:06, 23.36, 48.53
2020-10-28, 17:21:07, 23.35, 48.5
2020-10-28, 17:21:09, 23.36, 48.5
2020-10-28, 17:21:10, 23.36, 48.53
2020-10-28, 17:21:11, 23.32, 48.53
2020-10-28, 17:21:13, 23.36, 48.56
2020-10-28, 17:21:14, 23.37, 48.53
2020-10-28, 17:21:16, 23.37, 48.53
2020-10-28, 17:21:17, 23.36, 48.53
2020-10-28, 17:21:18, 23.36, 48.53
2020-10-28, 17:21:20, 23.35, 48.56
2020-10-28, 17:21:21, 23.35, 48.56
2020-10-28, 17:21:22, 23.35, 48.56
2020-10-28, 17:21:24, 23.36, 48.56
2020-10-28, 17:21:25, 23.36, 48.56
2020-10-28, 17:21:26, 23.34, 48.56
2020-10-28, 17:21:28, 23.36, 48.6
2020-10-28, 17:21:29, 23.35, 48.59
2020-10-28, 17:21:30, 23.35, 48.56
2020-10-28, 17:21:32, 23.35, 48.59
2020-10-28, 17:21:33, 23.34, 48.59
2020-10-28, 17:21:35, 23.34, 48.59
2020-10-28, 17:21:36, 23.33, 48.59
2020-10-28, 17:21:37, 23.34, 48.59
2020-10-28, 17:21:39, 23.34, 48.59
2020-10-28, 17:21:40, 23.34, 48.56
2020-10-28, 17:21:41, 23.34, 48.59
2020-10-28, 17:21:43, 23.36, 48.6
2020-10-28, 17:21:44, 23.35, 48.59
2020-10-28, 17:21:45, 23.36, 48.6
2020-10-28, 17:21:47, 23.36, 48.6
2020-10-28, 17:21:48, 23.35, 48.59
2020-10-28, 17:21:49, 23.36, 48.6
2020-10-28, 17:21:51, 23.36, 48.6
2020-10-28, 17:21:52, 23.36, 48.6
2020-10-28, 17:21:53, 23.36, 48.6
2020-10-28, 17:21:55, 23.35, 48.59
2020-10-28, 17:21:56, 23.36, 48.6
2020-10-28, 17:21:58, 23.36, 48.6
2020-10-28, 17:21:59, 23.36, 48.6
2020-10-28, 17:22:00, 23.35, 48.56
2020-10-28, 17:22:02, 23.36, 48.6
2020-10-28, 17:22:03, 23.35, 48.56
2020-10-28, 17:22:04, 23.36, 48.6
2020-10-28, 17:22:06, 23.36, 48.6
2020-10-28, 17:22:07, 23.34, 48.56
2020-10-28, 17:22:08, 23.36, 48.56
2020-10-28, 17:22:10, 23.35, 48.59
2020-10-28, 17:22:11, 23.35, 48.59
2020-10-28, 17:22:12, 23.36, 48.56
2020-10-28, 17:22:14, 23.37, 48.63
2020-10-28, 17:22:15, 23.36, 48.6
2020-10-28, 17:22:17, 23.35, 48.59
2020-10-28, 17:22:18, 23.34, 48.62
2020-10-28, 17:22:19, 23.36, 48.63
2020-10-28, 17:22:21, 23.36, 48.63
2020-10-28, 17:22:22, 23.35, 48.63
2020-10-28, 17:22:23, 23.34, 48.62
2020-10-28, 17:22:25, 23.34, 48.62
2020-10-28, 17:22:26, 23.35, 48.63
2020-10-28, 17:22:28, 23.35, 48.63
2020-10-28, 17:22:29, 23.34, 48.62
2020-10-28, 17:22:30, 23.36, 48.63
2020-10-28, 17:22:32, 23.35, 48.63
2020-10-28, 17:22:33, 23.35, 48.63
2020-10-28, 17:22:34, 23.35, 48.63
2020-10-28, 17:22:36, 23.34, 48.62
2020-10-28, 17:22:37, 23.34, 48.62
2020-10-28, 17:22:38, 23.36, 48.63
2020-10-28, 17:22:40, 23.35, 48.63
2020-10-28, 17:22:41, 23.38, 48.63
2020-10-28, 17:22:42, 23.35, 48.63
2020-10-28, 17:22:44, 23.38, 48.63
2020-10-28, 17:22:45, 23.36, 48.63
2020-10-28, 17:22:47, 23.36, 48.6
2020-10-28, 17:22:48, 23.37, 48.6
2020-10-28, 17:22:49, 23.37, 48.63
2020-10-28, 17:22:51, 23.36, 48.63
2020-10-28, 17:22:52, 23.36, 48.63
2020-10-28, 17:22:53, 23.36, 48.63
2020-10-28, 17:22:55, 23.36, 48.63
2020-10-28, 17:22:56, 23.37, 48.63
2020-10-28, 17:22:57, 23.36, 48.63
2020-10-28, 17:22:59, 23.36, 48.63
2020-10-28, 17:23:00, 23.36, 48.63
2020-10-28, 17:23:01, 23.36, 48.63
2020-10-28, 17:23:03, 23.37, 48.63
2020-10-28, 17:23:04, 23.36, 48.63
2020-10-28, 17:23:06, 23.37, 48.63
2020-10-28, 17:23:07, 23.36, 48.63
2020-10-28, 17:23:08, 23.37, 48.63
2020-10-28, 17:23:10, 23.36, 48.63
2020-10-28, 17:23:11, 23.38, 48.63
2020-10-28, 17:23:12, 23.37, 48.63
2020-10-28, 17:23:14, 23.37, 48.63
2020-10-28, 17:23:15, 23.36, 48.63
2020-10-28, 17:23:16, 23.38, 48.63
2020-10-28, 17:23:18, 23.38, 48.63
2020-10-28, 17:23:19, 23.38, 48.6
2020-10-28, 17:23:20, 23.38, 48.63
2020-10-28, 17:23:22, 23.38, 48.63
2020-10-28, 17:23:23, 23.38, 48.63
2020-10-28, 17:23:25, 23.37, 48.6
2020-10-28, 17:23:26, 23.38, 48.57
2020-10-28, 17:23:27, 23.38, 48.6
2020-10-28, 17:23:29, 23.39, 48.6
2020-10-28, 17:23:30, 23.38, 48.63
2020-10-28, 17:23:31, 23.36, 48.63
2020-10-28, 17:23:33, 23.38, 48.63
2020-10-28, 17:23:34, 23.38, 48.63
2020-10-28, 17:23:35, 23.38, 48.63
2020-10-28, 17:23:37, 23.38, 48.63
2020-10-28, 17:23:38, 23.38, 48.63
2020-10-28, 17:23:40, 23.39, 48.63
2020-10-28, 17:23:41, 23.38, 48.63
2020-10-28, 17:23:42, 23.38, 48.63
2020-10-28, 17:23:44, 23.38, 48.63
2020-10-28, 17:23:45, 23.38, 48.63
2020-10-28, 17:23:46, 23.37, 48.63
2020-10-28, 17:23:48, 23.38, 48.63
2020-10-28, 17:23:49, 23.37, 48.63
2020-10-28, 17:23:50, 23.38, 48.63
2020-10-28, 17:23:52, 23.37, 48.63
2020-10-28, 17:23:53, 23.38, 48.63
2020-10-28, 17:23:54, 23.38, 48.63
2020-10-28, 17:23:56, 23.37, 48.63
2020-10-28, 17:23:57, 23.38, 48.63
2020-10-28, 17:23:59, 23.39, 48.63
2020-10-28, 17:24:00, 23.38, 48.63
2020-10-28, 17:24:01, 23.39, 48.63
2020-10-28, 17:24:03, 23.38, 48.6
2020-10-28, 17:24:04, 23.36, 48.63
2020-10-28, 17:24:05, 23.38, 48.63
2020-10-28, 17:24:07, 23.38, 48.63
2020-10-28, 17:24:08, 23.4, 48.63
2020-10-28, 17:24:09, 23.39, 48.6
2020-10-28, 17:24:11, 23.39, 48.63
2020-10-28, 17:24:12, 23.4, 48.6
2020-10-28, 17:24:14, 23.39, 48.63
2020-10-28, 17:24:15, 23.4, 48.6
2020-10-28, 17:24:16, 23.4, 48.63
2020-10-28, 17:24:18, 23.4, 48.63
2020-10-28, 17:24:19, 23.38, 48.63
2020-10-28, 17:24:20, 23.4, 48.66
2020-10-28, 17:24:22, 23.41, 48.63
2020-10-28, 17:24:23, 23.4, 48.63
2020-10-28, 17:24:24, 23.4, 48.6
2020-10-28, 17:24:26, 23.39, 48.63
2020-10-28, 17:24:27, 23.39, 48.63
2020-10-28, 17:24:28, 23.38, 48.63
2020-10-28, 17:24:30, 23.4, 48.63
2020-10-28, 17:24:31, 23.4, 48.6
2020-10-28, 17:24:33, 23.41, 48.6
2020-10-28, 17:24:34, 23.41, 48.6
2020-10-28, 17:24:35, 23.41, 48.6
2020-10-28, 17:24:37, 23.42, 48.6
2020-10-28, 17:24:38, 23.41, 48.63
2020-10-28, 17:24:39, 23.4, 48.6
2020-10-28, 17:24:41, 23.41, 48.6
2020-10-28, 17:24:42, 23.4, 48.63
2020-10-28, 17:24:43, 23.41, 48.63
2020-10-28, 17:24:45, 23.4, 48.63
2020-10-28, 17:24:46, 23.41, 48.63
2020-10-28, 17:24:47, 23.4, 48.6
2020-10-28, 17:24:49, 23.41, 48.63
2020-10-28, 17:24:50, 23.38, 48.63
2020-10-28, 17:24:52, 23.39, 48.6
2020-10-28, 17:24:53, 23.38, 48.63
2020-10-28, 17:24:54, 23.41, 48.6
2020-10-28, 17:24:56, 23.4, 48.63
2020-10-28, 17:24:57, 23.4, 48.63
2020-10-28, 17:24:58, 23.41, 48.63
2020-10-28, 17:25:00, 23.4, 48.6
2020-10-28, 17:25:01, 23.4, 48.63
2020-10-28, 17:25:02, 23.4, 48.63
2020-10-28, 17:25:04, 23.4, 48.63
2020-10-28, 17:25:05, 23.4, 48.63
2020-10-28, 17:25:06, 23.4, 48.6
2020-10-28, 17:25:08, 23.4, 48.6
2020-10-28, 17:25:09, 23.39, 48.6
2020-10-28, 17:25:11, 23.4, 48.6
2020-10-28, 17:25:12, 23.41, 48.6
2020-10-28, 17:25:13, 23.41, 48.6
2020-10-28, 17:25:15, 23.39, 48.57
2020-10-28, 17:25:16, 23.4, 48.6
2020-10-28, 17:25:17, 23.39, 48.6
2020-10-28, 17:25:19, 23.4, 48.57
2020-10-28, 17:25:20, 23.39, 48.57
2020-10-28, 17:25:21, 23.4, 48.57
2020-10-28, 17:25:23, 23.39, 48.6
2020-10-28, 17:25:24, 23.4, 48.6
2020-10-28, 17:25:25, 23.4, 48.6
2020-10-28, 17:25:27, 23.4, 48.6
2020-10-28, 17:25:28, 23.42, 48.57
2020-10-28, 17:25:30, 23.41, 48.57
2020-10-28, 17:25:31, 23.41, 48.6
2020-10-28, 17:25:32, 23.41, 48.57
2020-10-28, 17:25:34, 23.41, 48.57
2020-10-28, 17:25:35, 23.41, 48.57
2020-10-28, 17:25:36, 23.41, 48.57
2020-10-28, 17:25:38, 23.4, 48.57
2020-10-28, 17:25:39, 23.4, 48.6
2020-10-28, 17:25:40, 23.41, 48.6
2020-10-28, 17:25:42, 23.4, 48.63
2020-10-28, 17:25:43, 23.4, 48.63
2020-10-28, 17:25:44, 23.4, 48.63
2020-10-28, 17:25:46, 23.4, 48.63
2020-10-28, 17:25:47, 23.4, 48.6
2020-10-28, 17:25:49, 23.38, 48.63
2020-10-28, 17:25:50, 23.4, 48.63
2020-10-28, 17:25:51, 23.4, 48.63
2020-10-28, 17:25:53, 23.4, 48.63
2020-10-28, 17:25:54, 23.4, 48.63
2020-10-28, 17:25:55, 23.4, 48.63
2020-10-28, 17:25:57, 23.4, 48.63
2020-10-28, 17:25:58, 23.4, 48.66
2020-10-28, 17:25:59, 23.4, 48.63
2020-10-28, 17:26:01, 23.4, 48.63
2020-10-28, 17:26:02, 23.41, 48.63
2020-10-28, 17:26:04, 23.4, 48.66
2020-10-28, 17:26:05, 23.4, 48.63
2020-10-28, 17:26:06, 23.4, 48.63
2020-10-28, 17:26:08, 23.4, 48.66
2020-10-28, 17:26:09, 23.4, 48.66
2020-10-28, 17:26:10, 23.4, 48.66
2020-10-28, 17:26:12, 23.38, 48.66
2020-10-28, 17:26:13, 23.4, 48.66
2020-10-28, 17:26:14, 23.4, 48.7
2020-10-28, 17:26:16, 23.41, 48.67
2020-10-28, 17:26:17, 23.4, 48.7
2020-10-28, 17:26:18, 23.41, 48.67
2020-10-28, 17:26:20, 23.38, 48.66
2020-10-28, 17:26:21, 23.4, 48.66
2020-10-28, 17:26:22, 23.4, 48.7
2020-10-28, 17:26:24, 23.39, 48.66
2020-10-28, 17:26:25, 23.38, 48.66
2020-10-28, 17:26:27, 23.4, 48.66
2020-10-28, 17:26:28, 23.39, 48.7
2020-10-28, 17:26:29, 23.39, 48.7
2020-10-28, 17:26:31, 23.39, 48.7
2020-10-28, 17:26:32, 23.39, 48.7
2020-10-28, 17:26:33, 23.38, 48.69
2020-10-28, 17:26:35, 23.38, 48.69
2020-10-28, 17:26:36, 23.38, 48.69
2020-10-28, 17:26:37, 23.38, 48.69
2020-10-28, 17:26:39, 23.38, 48.69
2020-10-28, 17:26:40, 23.4, 48.7
2020-10-28, 17:26:41, 23.38, 48.73
2020-10-28, 17:26:43, 23.4, 48.7
2020-10-28, 17:26:44, 23.38, 48.69
2020-10-28, 17:26:46, 23.38, 48.69
2020-10-28, 17:26:47, 23.38, 48.73
2020-10-28, 17:26:48, 23.38, 48.69
2020-10-28, 17:26:50, 23.38, 48.69
2020-10-28, 17:26:51, 23.36, 48.69
2020-10-28, 17:26:52, 23.39, 48.7
2020-10-28, 17:26:54, 23.4, 48.73
2020-10-28, 17:26:55, 23.4, 48.7
2020-10-28, 17:26:56, 23.39, 48.73
2020-10-28, 17:26:58, 23.38, 48.69
2020-10-28, 17:26:59, 23.38, 48.69
2020-10-28, 17:27:00, 23.38, 48.69
2020-10-28, 17:27:02, 23.39, 48.73
2020-10-28, 17:27:03, 23.37, 48.76
2020-10-28, 17:27:05, 23.39, 48.73
2020-10-28, 17:27:06, 23.38, 48.73
2020-10-28, 17:27:07, 23.37, 48.72
2020-10-28, 17:27:09, 23.38, 48.76
2020-10-28, 17:27:10, 23.38, 48.76
2020-10-28, 17:27:11, 23.38, 48.76
2020-10-28, 17:27:13, 23.37, 48.76
2020-10-28, 17:27:14, 23.36, 48.75
2020-10-28, 17:27:15, 23.36, 48.75
2020-10-28, 17:27:17, 23.36, 48.75
2020-10-28, 17:27:18, 23.36, 48.75
2020-10-28, 17:27:19, 23.38, 48.76
2020-10-28, 17:27:21, 23.36, 48.75
2020-10-28, 17:27:22, 23.38, 48.76
2020-10-28, 17:27:24, 23.36, 48.75
2020-10-28, 17:27:25, 23.36, 48.75
2020-10-28, 17:27:26, 23.36, 48.75
2020-10-28, 17:27:28, 23.36, 48.75
2020-10-28, 17:27:29, 23.37, 48.79
2020-10-28, 17:27:30, 23.36, 48.79
2020-10-28, 17:27:32, 23.36, 48.79
2020-10-28, 17:27:33, 23.36, 48.79
2020-10-28, 17:27:34, 23.34, 48.78
2020-10-28, 17:27:36, 23.34, 48.78
2020-10-28, 17:27:37, 23.36, 48.79
2020-10-28, 17:27:38, 23.36, 48.82
2020-10-28, 17:27:40, 23.36, 48.79
2020-10-28, 17:27:41, 23.36, 48.79
2020-10-28, 17:27:43, 23.34, 48.78
2020-10-28, 17:27:44, 23.36, 48.82
2020-10-28, 17:27:45, 23.35, 48.79
2020-10-28, 17:27:47, 23.35, 48.79
2020-10-28, 17:27:48, 23.35, 48.79
2020-10-28, 17:27:49, 23.36, 48.79
2020-10-28, 17:27:51, 23.35, 48.82
2020-10-28, 17:27:52, 23.34, 48.78
2020-10-28, 17:27:53, 23.37, 48.82
2020-10-28, 17:27:55, 23.36, 48.82
2020-10-28, 17:27:56, 23.36, 48.82
2020-10-28, 17:27:57, 23.36, 48.82
2020-10-28, 17:27:59, 23.36, 48.82
2020-10-28, 17:28:00, 23.34, 48.82
2020-10-28, 17:28:01, 23.35, 48.82
2020-10-28, 17:28:03, 23.35, 48.82
2020-10-28, 17:28:04, 23.35, 48.82
2020-10-28, 17:28:06, 23.36, 48.82
2020-10-28, 17:28:07, 23.34, 48.82
2020-10-28, 17:28:08, 23.35, 48.82
2020-10-28, 17:28:10, 23.34, 48.82
2020-10-28, 17:28:11, 23.35, 48.82
2020-10-28, 17:28:12, 23.35, 48.82
2020-10-28, 17:28:14, 23.33, 48.81
2020-10-28, 17:28:15, 23.35, 48.82
2020-10-28, 17:28:16, 23.33, 48.81
2020-10-28, 17:28:18, 23.34, 48.82
2020-10-28, 17:28:19, 23.34, 48.78
2020-10-28, 17:28:20, 23.34, 48.82
2020-10-28, 17:28:22, 23.35, 48.79
2020-10-28, 17:28:23, 23.34, 48.82
2020-10-28, 17:28:25, 23.35, 48.82
2020-10-28, 17:28:26, 23.34, 48.82
2020-10-28, 17:28:27, 23.34, 48.82
2020-10-28, 17:28:29, 23.34, 48.82
2020-10-28, 17:28:30, 23.35, 48.82
2020-10-28, 17:28:31, 23.32, 48.81
2020-10-28, 17:28:33, 23.33, 48.81
2020-10-28, 17:28:34, 23.34, 48.82
2020-10-28, 17:28:35, 23.35, 48.82
2020-10-28, 17:28:37, 23.34, 48.82
2020-10-28, 17:28:38, 23.34, 48.82
2020-10-28, 17:28:39, 23.34, 48.82
2020-10-28, 17:28:41, 23.36, 48.82
2020-10-28, 17:28:42, 23.36, 48.82
2020-10-28, 17:28:44, 23.35, 48.82
2020-10-28, 17:28:45, 23.35, 48.82
2020-10-28, 17:28:46, 23.35, 48.82
2020-10-28, 17:28:48, 23.36, 48.82
2020-10-28, 17:28:49, 23.35, 48.82
2020-10-28, 17:28:50, 23.35, 48.82
2020-10-28, 17:28:52, 23.36, 48.82
2020-10-28, 17:28:53, 23.36, 48.82
2020-10-28, 17:28:54, 23.36, 48.82
2020-10-28, 17:28:56, 23.35, 48.82
2020-10-28, 17:28:57, 23.36, 48.82
2020-10-28, 17:28:58, 23.34, 48.82
2020-10-28, 17:29:00, 23.34, 48.82
2020-10-28, 17:29:01, 23.35, 48.82
2020-10-28, 17:29:03, 23.33, 48.81
2020-10-28, 17:29:04, 23.34, 48.82
2020-10-28, 17:29:05, 23.34, 48.82
2020-10-28, 17:29:07, 23.34, 48.82
2020-10-28, 17:29:08, 23.32, 48.81
2020-10-28, 17:29:09, 23.33, 48.81
2020-10-28, 17:29:11, 23.32, 48.81
2020-10-28, 17:29:12, 23.32, 48.81
2020-10-28, 17:29:13, 23.31, 48.81
2020-10-28, 17:29:15, 23.33, 48.81
2020-10-28, 17:29:16, 23.33, 48.81
2020-10-28, 17:29:17, 23.32, 48.81
2020-10-28, 17:29:19, 23.33, 48.81
2020-10-28, 17:29:20, 23.33, 48.81
2020-10-28, 17:29:22, 23.33, 48.81
2020-10-28, 17:29:23, 23.33, 48.81
2020-10-28, 17:29:24, 23.32, 48.81
2020-10-28, 17:29:26, 23.34, 48.82
2020-10-28, 17:29:27, 23.33, 48.81
2020-10-28, 17:29:28, 23.34, 48.82
2020-10-28, 17:29:30, 23.34, 48.82
2020-10-28, 17:29:31, 23.35, 48.82
2020-10-28, 17:29:32, 23.34, 48.82
2020-10-28, 17:29:34, 23.34, 48.82
2020-10-28, 17:29:35, 23.34, 48.82
2020-10-28, 17:29:36, 23.34, 48.82
2020-10-28, 17:29:38, 23.34, 48.82
2020-10-28, 17:29:39, 23.34, 48.82
2020-10-28, 17:29:41, 23.34, 48.82
2020-10-28, 17:29:42, 23.34, 48.82
2020-10-28, 17:29:43, 23.34, 48.82
2020-10-28, 17:29:45, 23.34, 48.82
2020-10-28, 17:29:46, 23.34, 48.82
2020-10-28, 17:29:47, 23.34, 48.82
2020-10-28, 17:29:49, 23.34, 48.82
2020-10-28, 17:29:50, 23.34, 48.82
2020-10-28, 17:29:51, 23.32, 48.81
2020-10-28, 17:29:53, 23.32, 48.81
2020-10-28, 17:29:54, 23.32, 48.81
2020-10-28, 17:29:55, 23.32, 48.81
2020-10-28, 17:29:57, 23.32, 48.81
2020-10-28, 17:29:58, 23.32, 48.81
2020-10-28, 17:29:59, 23.31, 48.81
2020-10-28, 17:30:01, 23.32, 48.81
2020-10-28, 17:30:02, 23.31, 48.84
2020-10-28, 17:30:04, 23.32, 48.81
2020-10-28, 17:30:05, 23.31, 48.84
2020-10-28, 17:30:06, 23.3, 48.84
2020-10-28, 17:30:08, 23.31, 48.81
2020-10-28, 17:30:09, 23.3, 48.84
2020-10-28, 17:30:10, 23.32, 48.85
2020-10-28, 17:30:12, 23.31, 48.84
2020-10-28, 17:30:13, 23.32, 48.85
2020-10-28, 17:30:14, 23.32, 48.85
2020-10-28, 17:30:16, 23.31, 48.81
2020-10-28, 17:30:17, 23.32, 48.81
2020-10-28, 17:30:19, 23.32, 48.81
2020-10-28, 17:30:20, 23.31, 48.81
2020-10-28, 17:30:21, 23.33, 48.81
2020-10-28, 17:30:23, 23.32, 48.81
2020-10-28, 17:30:24, 23.33, 48.81
2020-10-28, 17:30:25, 23.32, 48.81
2020-10-28, 17:30:27, 23.32, 48.85
2020-10-28, 17:30:28, 23.3, 48.81
2020-10-28, 17:30:29, 23.32, 48.81
2020-10-28, 17:30:31, 23.3, 48.81
2020-10-28, 17:30:32, 23.32, 48.85
2020-10-28, 17:30:33, 23.31, 48.81
2020-10-28, 17:30:35, 23.31, 48.84
2020-10-28, 17:30:36, 23.32, 48.81
2020-10-28, 17:30:38, 23.32, 48.85
2020-10-28, 17:30:39, 23.31, 48.81
2020-10-28, 17:30:40, 23.31, 48.81
2020-10-28, 17:30:42, 23.31, 48.81
2020-10-28, 17:30:43, 23.31, 48.81
2020-10-28, 17:30:44, 23.32, 48.81
2020-10-28, 17:30:46, 23.32, 48.85
2020-10-28, 17:30:47, 23.32, 48.81
2020-10-28, 17:30:48, 23.31, 48.81
2020-10-28, 17:30:50, 23.3, 48.81
2020-10-28, 17:30:51, 23.32, 48.81
2020-10-28, 17:30:52, 23.3, 48.84
2020-10-28, 17:30:54, 23.32, 48.81
2020-10-28, 17:30:55, 23.31, 48.81
2020-10-28, 17:30:56, 23.31, 48.81
2020-10-28, 17:30:58, 23.3, 48.81
2020-10-28, 17:30:59, 23.31, 48.81
2020-10-28, 17:31:01, 23.3, 48.84
2020-10-28, 17:31:02, 23.31, 48.81
2020-10-28, 17:31:03, 23.31, 48.81
2020-10-28, 17:31:05, 23.31, 48.81
2020-10-28, 17:31:06, 23.29, 48.84
2020-10-28, 17:31:07, 23.3, 48.84
2020-10-28, 17:31:09, 23.3, 48.84
2020-10-28, 17:31:10, 23.3, 48.84
2020-10-28, 17:31:11, 23.3, 48.84
2020-10-28, 17:31:13, 23.31, 48.84
2020-10-28, 17:31:14, 23.3, 48.81
2020-10-28, 17:31:16, 23.32, 48.85
2020-10-28, 17:31:17, 23.31, 48.81
2020-10-28, 17:31:18, 23.32, 48.81
2020-10-28, 17:31:20, 23.32, 48.81
2020-10-28, 17:31:21, 23.32, 48.85
2020-10-28, 17:31:22, 23.31, 48.81
2020-10-28, 17:31:24, 23.3, 48.81
2020-10-28, 17:31:25, 23.3, 48.81
2020-10-28, 17:31:26, 23.32, 48.81
2020-10-28, 17:31:28, 23.32, 48.81
2020-10-28, 17:31:29, 23.31, 48.81
2020-10-28, 17:31:30, 23.31, 48.81
2020-10-28, 17:31:32, 23.3, 48.81
2020-10-28, 17:31:33, 23.3, 48.81
2020-10-28, 17:31:35, 23.28, 48.84
2020-10-28, 17:31:36, 23.28, 48.84
2020-10-28, 17:31:37, 23.3, 48.84
2020-10-28, 17:31:39, 23.26, 48.84
2020-10-28, 17:31:40, 23.3, 48.84
2020-10-28, 17:31:41, 23.3, 48.84
2020-10-28, 17:31:43, 23.29, 48.81
2020-10-28, 17:31:44, 23.3, 48.84
2020-10-28, 17:31:45, 23.3, 48.84
2020-10-28, 17:31:47, 23.3, 48.84
2020-10-28, 17:31:48, 23.3, 48.84
2020-10-28, 17:31:49, 23.29, 48.84
2020-10-28, 17:31:51, 23.3, 48.84
2020-10-28, 17:31:52, 23.29, 48.84
2020-10-28, 17:31:54, 23.3, 48.81
2020-10-28, 17:31:55, 23.3, 48.84
2020-10-28, 17:31:56, 23.29, 48.84
2020-10-28, 17:31:58, 23.28, 48.84
2020-10-28, 17:31:59, 23.3, 48.81
2020-10-28, 17:32:00, 23.3, 48.81
2020-10-28, 17:32:02, 23.3, 48.81
2020-10-28, 17:32:03, 23.3, 48.84
2020-10-28, 17:32:04, 23.28, 48.81
2020-10-28, 17:32:06, 23.28, 48.81
2020-10-28, 17:32:07, 23.29, 48.84
2020-10-28, 17:32:08, 23.27, 48.84
2020-10-28, 17:32:10, 23.28, 48.81
2020-10-28, 17:32:11, 23.29, 48.84
2020-10-28, 17:32:13, 23.28, 48.84
2020-10-28, 17:32:14, 23.28, 48.84
2020-10-28, 17:32:15, 23.29, 48.81
2020-10-28, 17:32:17, 23.28, 48.81
2020-10-28, 17:32:18, 23.29, 48.81
2020-10-28, 17:32:19, 23.28, 48.81
2020-10-28, 17:32:21, 23.29, 48.81
2020-10-28, 17:32:22, 23.27, 48.81
2020-10-28, 17:32:23, 23.28, 48.81
2020-10-28, 17:32:25, 23.29, 48.84
2020-10-28, 17:32:26, 23.29, 48.81
2020-10-28, 17:32:27, 23.27, 48.81
2020-10-28, 17:32:29, 23.28, 48.81
2020-10-28, 17:32:30, 23.28, 48.81
2020-10-28, 17:32:32, 23.28, 48.81
2020-10-28, 17:32:33, 23.29, 48.81
2020-10-28, 17:32:34, 23.3, 48.81
2020-10-28, 17:32:36, 23.29, 48.81
2020-10-28, 17:32:37, 23.29, 48.84
2020-10-28, 17:32:38, 23.29, 48.81
2020-10-28, 17:32:40, 23.29, 48.81
2020-10-28, 17:32:41, 23.28, 48.81
2020-10-28, 17:32:42, 23.28, 48.81
2020-10-28, 17:32:44, 23.28, 48.81
2020-10-28, 17:32:45, 23.28, 48.81
2020-10-28, 17:32:46, 23.28, 48.81
2020-10-28, 17:32:48, 23.28, 48.81
2020-10-28, 17:32:49, 23.28, 48.81
2020-10-28, 17:32:51, 23.29, 48.84
2020-10-28, 17:32:52, 23.28, 48.81
2020-10-28, 17:32:53, 23.28, 48.81
2020-10-28, 17:32:55, 23.29, 48.81
2020-10-28, 17:32:56, 23.28, 48.81
2020-10-28, 17:32:57, 23.28, 48.81
2020-10-28, 17:32:59, 23.28, 48.81
2020-10-28, 17:33:00, 23.29, 48.81
2020-10-28, 17:33:01, 23.28, 48.81
2020-10-28, 17:33:03, 23.28, 48.81
2020-10-28, 17:33:04, 23.28, 48.81
2020-10-28, 17:33:05, 23.27, 48.81
2020-10-28, 17:33:07, 23.28, 48.81
2020-10-28, 17:33:08, 23.28, 48.81
2020-10-28, 17:33:10, 23.28, 48.81
2020-10-28, 17:33:11, 23.28, 48.81
2020-10-28, 17:33:12, 23.28, 48.81
2020-10-28, 17:33:14, 23.28, 48.81
2020-10-28, 17:33:15, 23.26, 48.81
2020-10-28, 17:33:16, 23.26, 48.81
2020-10-28, 17:33:18, 23.26, 48.81
2020-10-28, 17:33:19, 23.26, 48.81
2020-10-28, 17:33:20, 23.26, 48.81
2020-10-28, 17:33:22, 23.26, 48.81
2020-10-28, 17:33:23, 23.25, 48.8
2020-10-28, 17:33:24, 23.26, 48.81
2020-10-28, 17:33:26, 23.26, 48.84
2020-10-28, 17:33:27, 23.26, 48.81
2020-10-28, 17:33:29, 23.26, 48.81
2020-10-28, 17:33:30, 23.28, 48.84
2020-10-28, 17:33:31, 23.26, 48.84
2020-10-28, 17:33:33, 23.26, 48.84
2020-10-28, 17:33:34, 23.25, 48.8
2020-10-28, 17:33:35, 23.26, 48.84
2020-10-28, 17:33:37, 23.25, 48.84
2020-10-28, 17:33:38, 23.26, 48.84
2020-10-28, 17:33:39, 23.24, 48.83
2020-10-28, 17:33:41, 23.24, 48.83
2020-10-28, 17:33:42, 23.25, 48.84
2020-10-28, 17:33:43, 23.25, 48.87
2020-10-28, 17:33:45, 23.24, 48.83
2020-10-28, 17:33:46, 23.25, 48.84
2020-10-28, 17:33:48, 23.25, 48.8
2020-10-28, 17:33:49, 23.26, 48.81
2020-10-28, 17:33:50, 23.26, 48.81
2020-10-28, 17:33:52, 23.26, 48.84
2020-10-28, 17:33:53, 23.27, 48.84
2020-10-28, 17:33:54, 23.24, 48.8
2020-10-28, 17:33:56, 23.26, 48.81
2020-10-28, 17:33:57, 23.26, 48.81
2020-10-28, 17:33:58, 23.26, 48.81
2020-10-28, 17:34:00, 23.25, 48.8
2020-10-28, 17:34:01, 23.25, 48.8
2020-10-28, 17:34:02, 23.24, 48.8
2020-10-28, 17:34:04, 23.25, 48.8
2020-10-28, 17:34:05, 23.23, 48.8
2020-10-28, 17:34:07, 23.25, 48.8
2020-10-28, 17:34:08, 23.26, 48.81
2020-10-28, 17:34:09, 23.24, 48.8
2020-10-28, 17:34:11, 23.25, 48.8
2020-10-28, 17:34:12, 23.25, 48.8
2020-10-28, 17:34:13, 23.22, 48.8
2020-10-28, 17:34:15, 23.24, 48.8
2020-10-28, 17:34:16, 23.24, 48.8
2020-10-28, 17:34:17, 23.24, 48.8
2020-10-28, 17:34:19, 23.25, 48.8
2020-10-28, 17:34:20, 23.24, 48.8
2020-10-28, 17:34:21, 23.26, 48.81
2020-10-28, 17:34:23, 23.26, 48.81
2020-10-28, 17:34:24, 23.26, 48.81
2020-10-28, 17:34:26, 23.27, 48.81
2020-10-28, 17:34:27, 23.27, 48.81
2020-10-28, 17:34:28, 23.27, 48.78
2020-10-28, 17:34:30, 23.27, 48.78
2020-10-28, 17:34:31, 23.24, 48.8
2020-10-28, 17:34:33, 23.25, 48.77
2020-10-28, 17:34:34, 23.25, 48.77
2020-10-28, 17:34:35, 23.26, 48.77
2020-10-28, 17:34:37, 23.26, 48.77
2020-10-28, 17:34:38, 23.26, 48.74
2020-10-28, 17:34:39, 23.24, 48.77
2020-10-28, 17:34:41, 23.26, 48.77
2020-10-28, 17:34:42, 23.26, 48.77
2020-10-28, 17:34:43, 23.26, 48.74
2020-10-28, 17:34:45, 23.26, 48.74
2020-10-28, 17:34:46, 23.24, 48.74
2020-10-28, 17:34:47, 23.25, 48.74
2020-10-28, 17:34:49, 23.26, 48.74
2020-10-28, 17:34:50, 23.26, 48.77
2020-10-28, 17:34:52, 23.25, 48.74
2020-10-28, 17:34:53, 23.26, 48.74
2020-10-28, 17:34:54, 23.25, 48.74
2020-10-28, 17:34:56, 23.26, 48.77
2020-10-28, 17:34:57, 23.23, 48.74
2020-10-28, 17:34:58, 23.25, 48.74
2020-10-28, 17:35:00, 23.25, 48.74
2020-10-28, 17:35:01, 23.24, 48.74
2020-10-28, 17:35:02, 23.24, 48.74
2020-10-28, 17:35:04, 23.24, 48.74
2020-10-28, 17:35:05, 23.24, 48.77
2020-10-28, 17:35:06, 23.25, 48.77
2020-10-28, 17:35:08, 23.25, 48.77
2020-10-28, 17:35:09, 23.25, 48.77
2020-10-28, 17:35:11, 23.25, 48.77
2020-10-28, 17:35:12, 23.24, 48.77
2020-10-28, 17:35:13, 23.26, 48.77
2020-10-28, 17:35:15, 23.26, 48.77
2020-10-28, 17:35:16, 23.25, 48.77
2020-10-28, 17:35:17, 23.25, 48.77
2020-10-28, 17:35:19, 23.24, 48.77
2020-10-28, 17:35:20, 23.23, 48.77
2020-10-28, 17:35:21, 23.24, 48.77
2020-10-28, 17:35:23, 23.24, 48.77
2020-10-28, 17:35:24, 23.25, 48.77
2020-10-28, 17:35:25, 23.24, 48.74
2020-10-28, 17:35:27, 23.26, 48.74
2020-10-28, 17:35:28, 23.24, 48.74
2020-10-28, 17:35:30, 23.24, 48.74
2020-10-28, 17:35:31, 23.24, 48.74
2020-10-28, 17:35:32, 23.23, 48.74
2020-10-28, 17:35:34, 23.22, 48.74
2020-10-28, 17:35:35, 23.23, 48.74
2020-10-28, 17:35:36, 23.22, 48.77
2020-10-28, 17:35:38, 23.23, 48.77
2020-10-28, 17:35:39, 23.23, 48.74
2020-10-28, 17:35:40, 23.22, 48.77
2020-10-28, 17:35:42, 23.23, 48.8
2020-10-28, 17:35:43, 23.23, 48.77
2020-10-28, 17:35:44, 23.23, 48.77
2020-10-28, 17:35:46, 23.23, 48.77
2020-10-28, 17:35:47, 23.24, 48.77
2020-10-28, 17:35:48, 23.23, 48.77
2020-10-28, 17:35:50, 23.23, 48.74
2020-10-28, 17:35:51, 23.22, 48.77
2020-10-28, 17:35:53, 23.23, 48.74
2020-10-28, 17:35:54, 23.24, 48.74
2020-10-28, 17:35:55, 23.23, 48.77
2020-10-28, 17:35:57, 23.23, 48.77
2020-10-28, 17:35:58, 23.22, 48.77
2020-10-28, 17:35:59, 23.23, 48.77
2020-10-28, 17:36:01, 23.22, 48.77
2020-10-28, 17:36:02, 23.22, 48.77
2020-10-28, 17:36:03, 23.23, 48.77
2020-10-28, 17:36:05, 23.21, 48.77
2020-10-28, 17:36:06, 23.23, 48.77
2020-10-28, 17:36:08, 23.21, 48.77
2020-10-28, 17:36:09, 23.22, 48.77
2020-10-28, 17:36:10, 23.23, 48.77
2020-10-28, 17:36:12, 23.23, 48.77
2020-10-28, 17:36:13, 23.21, 48.77
2020-10-28, 17:36:14, 23.22, 48.77
2020-10-28, 17:36:16, 23.22, 48.77
2020-10-28, 17:36:17, 23.23, 48.77
2020-10-28, 17:36:18, 23.22, 48.77
2020-10-28, 17:36:20, 23.22, 48.77
2020-10-28, 17:36:21, 23.21, 48.77
2020-10-28, 17:36:22, 23.22, 48.77
2020-10-28, 17:36:24, 23.21, 48.77
2020-10-28, 17:36:25, 23.22, 48.77
2020-10-28, 17:36:27, 23.22, 48.77
2020-10-28, 17:36:28, 23.23, 48.77
2020-10-28, 17:36:29, 23.22, 48.77
2020-10-28, 17:36:31, 23.22, 48.77
2020-10-28, 17:36:32, 23.23, 48.77
2020-10-28, 17:36:33, 23.22, 48.77
2020-10-28, 17:36:35, 23.21, 48.77
2020-10-28, 17:36:36, 23.22, 48.77
2020-10-28, 17:36:37, 23.22, 48.74
2020-10-28, 17:36:39, 23.21, 48.74
2020-10-28, 17:36:40, 23.22, 48.77
2020-10-28, 17:36:41, 23.23, 48.77
2020-10-28, 17:36:43, 23.22, 48.74
2020-10-28, 17:36:44, 23.22, 48.74
2020-10-28, 17:36:46, 23.22, 48.77
2020-10-28, 17:36:47, 23.22, 48.77
2020-10-28, 17:36:48, 23.22, 48.77
2020-10-28, 17:36:50, 23.22, 48.8
2020-10-28, 17:36:51, 23.22, 48.77
2020-10-28, 17:36:52, 23.21, 48.77
2020-10-28, 17:36:54, 23.22, 48.77
2020-10-28, 17:36:55, 23.22, 48.74
2020-10-28, 17:36:56, 23.21, 48.77
2020-10-28, 17:36:58, 23.21, 48.77
2020-10-28, 17:36:59, 23.22, 48.74
2020-10-28, 17:37:00, 23.21, 48.77
2020-10-28, 17:37:02, 23.21, 48.77
2020-10-28, 17:37:03, 23.21, 48.77
2020-10-28, 17:37:05, 23.2, 48.77
2020-10-28, 17:37:06, 23.2, 48.77
2020-10-28, 17:37:07, 23.21, 48.77
2020-10-28, 17:37:09, 23.21, 48.77
2020-10-28, 17:37:10, 23.2, 48.77
2020-10-28, 17:37:11, 23.21, 48.77
2020-10-28, 17:37:13, 23.22, 48.77
2020-10-28, 17:37:14, 23.2, 48.77
2020-10-28, 17:37:15, 23.2, 48.8
2020-10-28, 17:37:17, 23.18, 48.8
2020-10-28, 17:37:18, 23.2, 48.77
2020-10-28, 17:37:19, 23.2, 48.8
2020-10-28, 17:37:21, 23.2, 48.8
2020-10-28, 17:37:22, 23.2, 48.77
2020-10-28, 17:37:24, 23.18, 48.8
2020-10-28, 17:37:25, 23.21, 48.8
2020-10-28, 17:37:26, 23.21, 48.77
2020-10-28, 17:37:28, 23.2, 48.8
2020-10-28, 17:37:29, 23.2, 48.8
2020-10-28, 17:37:30, 23.2, 48.8
2020-10-28, 17:37:32, 23.2, 48.8
2020-10-28, 17:37:33, 23.2, 48.8
2020-10-28, 17:37:34, 23.2, 48.8
2020-10-28, 17:37:36, 23.2, 48.77
2020-10-28, 17:37:37, 23.2, 48.8
2020-10-28, 17:37:38, 23.2, 48.77
2020-10-28, 17:37:40, 23.2, 48.8
2020-10-28, 17:37:41, 23.2, 48.8
2020-10-28, 17:37:42, 23.21, 48.8
2020-10-28, 17:37:44, 23.2, 48.77
2020-10-28, 17:37:45, 23.19, 48.76
2020-10-28, 17:37:47, 23.21, 48.77
2020-10-28, 17:37:48, 23.2, 48.8
2020-10-28, 17:37:49, 23.2, 48.77
2020-10-28, 17:37:51, 23.2, 48.77
2020-10-28, 17:37:52, 23.2, 48.8
2020-10-28, 17:37:53, 23.2, 48.77
2020-10-28, 17:37:55, 23.2, 48.8
2020-10-28, 17:37:56, 23.19, 48.76
2020-10-28, 17:37:57, 23.18, 48.76
2020-10-28, 17:37:59, 23.17, 48.76
2020-10-28, 17:38:00, 23.18, 48.76
2020-10-28, 17:38:02, 23.19, 48.8
2020-10-28, 17:38:03, 23.18, 48.8
2020-10-28, 17:38:04, 23.18, 48.8
2020-10-28, 17:38:06, 23.18, 48.8
2020-10-28, 17:38:07, 23.18, 48.8
2020-10-28, 17:38:08, 23.19, 48.8
2020-10-28, 17:38:10, 23.18, 48.8
2020-10-28, 17:38:11, 23.16, 48.79
2020-10-28, 17:38:12, 23.18, 48.8
2020-10-28, 17:38:14, 23.18, 48.8
2020-10-28, 17:38:15, 23.18, 48.8
2020-10-28, 17:38:17, 23.19, 48.8
2020-10-28, 17:38:18, 23.19, 48.76
2020-10-28, 17:38:19, 23.19, 48.76
2020-10-28, 17:38:21, 23.2, 48.77
2020-10-28, 17:38:22, 23.21, 48.74
2020-10-28, 17:38:23, 23.2, 48.73
2020-10-28, 17:38:25, 23.2, 48.73
2020-10-28, 17:38:26, 23.2, 48.73
2020-10-28, 17:38:27, 23.21, 48.74
2020-10-28, 17:38:29, 23.22, 48.74
2020-10-28, 17:38:30, 23.22, 48.74
2020-10-28, 17:38:31, 23.22, 48.74
2020-10-28, 17:38:33, 23.22, 48.74
2020-10-28, 17:38:34, 23.21, 48.74
2020-10-28, 17:38:36, 23.2, 48.73
2020-10-28, 17:38:37, 23.21, 48.7
2020-10-28, 17:38:38, 23.2, 48.7
2020-10-28, 17:38:40, 23.22, 48.7
2020-10-28, 17:38:41, 23.2, 48.7
2020-10-28, 17:38:42, 23.21, 48.7
2020-10-28, 17:38:44, 23.22, 48.7
2020-10-28, 17:38:45, 23.22, 48.7
2020-10-28, 17:38:46, 23.2, 48.7
2020-10-28, 17:38:48, 23.2, 48.7
2020-10-28, 17:38:49, 23.2, 48.7
2020-10-28, 17:38:50, 23.2, 48.7
2020-10-28, 17:38:52, 23.21, 48.67
2020-10-28, 17:38:53, 23.2, 48.7
2020-10-28, 17:38:55, 23.19, 48.73
2020-10-28, 17:38:56, 23.21, 48.67
2020-10-28, 17:38:57, 23.2, 48.67
2020-10-28, 17:38:59, 23.2, 48.67
2020-10-28, 17:39:00, 23.2, 48.7
2020-10-28, 17:39:01, 23.2, 48.7
2020-10-28, 17:39:03, 23.19, 48.7
2020-10-28, 17:39:04, 23.18, 48.73
2020-10-28, 17:39:05, 23.2, 48.7
2020-10-28, 17:39:07, 23.19, 48.73
2020-10-28, 17:39:08, 23.19, 48.73
2020-10-28, 17:39:09, 23.18, 48.73
2020-10-28, 17:39:11, 23.19, 48.73
2020-10-28, 17:39:12, 23.2, 48.7
2020-10-28, 17:39:14, 23.2, 48.67
2020-10-28, 17:39:15, 23.18, 48.7
2020-10-28, 17:39:16, 23.19, 48.7
2020-10-28, 17:39:18, 23.2, 48.7
2020-10-28, 17:39:19, 23.19, 48.7
2020-10-28, 17:39:20, 23.2, 48.7
2020-10-28, 17:39:22, 23.19, 48.7
2020-10-28, 17:39:23, 23.19, 48.7
2020-10-28, 17:39:24, 23.2, 48.7
2020-10-28, 17:39:26, 23.2, 48.7
2020-10-28, 17:39:27, 23.2, 48.7
2020-10-28, 17:39:28, 23.2, 48.7
2020-10-28, 17:39:30, 23.2, 48.73
2020-10-28, 17:39:31, 23.21, 48.67
2020-10-28, 17:39:33, 23.21, 48.67
2020-10-28, 17:39:34, 23.21, 48.67
2020-10-28, 17:39:35, 23.2, 48.67
2020-10-28, 17:39:37, 23.2, 48.67
2020-10-28, 17:39:38, 23.2, 48.67
2020-10-28, 17:39:39, 23.2, 48.7
2020-10-28, 17:39:41, 23.2, 48.67
2020-10-28, 17:39:42, 23.21, 48.67
2020-10-28, 17:39:43, 23.2, 48.67
2020-10-28, 17:39:45, 23.2, 48.67
2020-10-28, 17:39:46, 23.2, 48.67
2020-10-28, 17:39:47, 23.2, 48.67
2020-10-28, 17:39:49, 23.2, 48.67
2020-10-28, 17:39:50, 23.2, 48.67
2020-10-28, 17:39:52, 23.2, 48.67
2020-10-28, 17:39:53, 23.2, 48.67
2020-10-28, 17:39:54, 23.21, 48.67
2020-10-28, 17:39:56, 23.21, 48.7
2020-10-28, 17:39:57, 23.2, 48.67
2020-10-28, 17:39:58, 23.2, 48.67
2020-10-28, 17:40:00, 23.22, 48.67
2020-10-28, 17:40:01, 23.22, 48.67
2020-10-28, 17:40:02, 23.21, 48.67
2020-10-28, 17:40:04, 23.21, 48.67
2020-10-28, 17:40:05, 23.22, 48.67
2020-10-28, 17:40:06, 23.22, 48.67
2020-10-28, 17:40:08, 23.21, 48.67
2020-10-28, 17:40:09, 23.2, 48.64
2020-10-28, 17:40:10, 23.2, 48.67
2020-10-28, 17:40:12, 23.21, 48.64
2020-10-28, 17:40:13, 23.22, 48.64
2020-10-28, 17:40:15, 23.21, 48.64
2020-10-28, 17:40:16, 23.2, 48.67
2020-10-28, 17:40:17, 23.2, 48.67
2020-10-28, 17:40:19, 23.2, 48.67
2020-10-28, 17:40:20, 23.2, 48.64
2020-10-28, 17:40:21, 23.21, 48.64
2020-10-28, 17:40:23, 23.2, 48.61
2020-10-28, 17:40:24, 23.2, 48.67
2020-10-28, 17:40:25, 23.2, 48.64
2020-10-28, 17:40:27, 23.2, 48.64
2020-10-28, 17:40:28, 23.21, 48.64
2020-10-28, 17:40:29, 23.22, 48.61
2020-10-28, 17:40:31, 23.22, 48.64
2020-10-28, 17:40:32, 23.2, 48.64
2020-10-28, 17:40:34, 23.22, 48.64
2020-10-28, 17:40:35, 23.22, 48.61
2020-10-28, 17:40:36, 23.22, 48.61
2020-10-28, 17:40:38, 23.22, 48.61
2020-10-28, 17:40:39, 23.2, 48.61
2020-10-28, 17:40:40, 23.22, 48.61
2020-10-28, 17:40:42, 23.22, 48.61
2020-10-28, 17:40:43, 23.22, 48.61
2020-10-28, 17:40:44, 23.23, 48.61
2020-10-28, 17:40:46, 23.23, 48.61
2020-10-28, 17:40:47, 23.23, 48.61
2020-10-28, 17:40:48, 23.22, 48.58
2020-10-28, 17:40:50, 23.22, 48.58
2020-10-28, 17:40:51, 23.23, 48.58
2020-10-28, 17:40:53, 23.22, 48.61
2020-10-28, 17:40:54, 23.23, 48.61
2020-10-28, 17:40:55, 23.23, 48.58
2020-10-28, 17:40:57, 23.23, 48.58
2020-10-28, 17:40:58, 23.23, 48.58
2020-10-28, 17:40:59, 23.23, 48.58
2020-10-28, 17:41:01, 23.23, 48.58
2020-10-28, 17:41:02, 23.23, 48.58
2020-10-28, 17:41:03, 23.22, 48.58
2020-10-28, 17:41:05, 23.22, 48.58
2020-10-28, 17:41:06, 23.22, 48.58
2020-10-28, 17:41:07, 23.22, 48.58
2020-10-28, 17:41:09, 23.22, 48.58
2020-10-28, 17:41:10, 23.24, 48.58
2020-10-28, 17:41:11, 23.23, 48.55
2020-10-28, 17:41:13, 23.23, 48.58
2020-10-28, 17:41:14, 23.22, 48.55
2020-10-28, 17:41:16, 23.24, 48.55
2020-10-28, 17:41:17, 23.25, 48.55
2020-10-28, 17:41:18, 23.25, 48.55
2020-10-28, 17:41:20, 23.24, 48.55
2020-10-28, 17:41:21, 23.24, 48.55
2020-10-28, 17:41:22, 23.26, 48.55
2020-10-28, 17:41:24, 23.27, 48.55
2020-10-28, 17:41:25, 23.26, 48.55
2020-10-28, 17:41:26, 23.27, 48.55
2020-10-28, 17:41:28, 23.26, 48.55
2020-10-28, 17:41:29, 23.26, 48.52
2020-10-28, 17:41:30, 23.26, 48.55
2020-10-28, 17:41:32, 23.26, 48.52
2020-10-28, 17:41:33, 23.26, 48.52
2020-10-28, 17:41:35, 23.26, 48.52
2020-10-28, 17:41:36, 23.26, 48.52
2020-10-28, 17:41:37, 23.26, 48.55
2020-10-28, 17:41:39, 23.26, 48.52
2020-10-28, 17:41:40, 23.26, 48.49
2020-10-28, 17:41:41, 23.26, 48.52
2020-10-28, 17:41:43, 23.26, 48.52
2020-10-28, 17:41:44, 23.26, 48.52
2020-10-28, 17:41:45, 23.26, 48.52
2020-10-28, 17:41:47, 23.26, 48.52
2020-10-28, 17:41:48, 23.27, 48.52
2020-10-28, 17:41:49, 23.25, 48.52
2020-10-28, 17:41:51, 23.26, 48.52
2020-10-28, 17:41:52, 23.26, 48.52
2020-10-28, 17:41:54, 23.26, 48.52
2020-10-28, 17:41:55, 23.26, 48.52
2020-10-28, 17:41:56, 23.26, 48.52
2020-10-28, 17:41:58, 23.26, 48.52
2020-10-28, 17:41:59, 23.26, 48.49
2020-10-28, 17:42:00, 23.26, 48.52
2020-10-28, 17:42:02, 23.27, 48.52
2020-10-28, 17:42:03, 23.26, 48.52
2020-10-28, 17:42:04, 23.26, 48.49
2020-10-28, 17:42:06, 23.26, 48.49
2020-10-28, 17:42:07, 23.27, 48.52
2020-10-28, 17:42:08, 23.27, 48.49
2020-10-28, 17:42:10, 23.27, 48.49
2020-10-28, 17:42:11, 23.28, 48.49
2020-10-28, 17:42:12, 23.28, 48.49
2020-10-28, 17:42:14, 23.26, 48.49
2020-10-28, 17:42:15, 23.28, 48.49
2020-10-28, 17:42:17, 23.28, 48.49
2020-10-28, 17:42:18, 23.27, 48.49
2020-10-28, 17:42:19, 23.26, 48.49
2020-10-28, 17:42:21, 23.26, 48.49
2020-10-28, 17:42:22, 23.26, 48.52
2020-10-28, 17:42:24, 23.26, 48.49
2020-10-28, 17:42:25, 23.26, 48.49
2020-10-28, 17:42:26, 23.26, 48.49
2020-10-28, 17:42:28, 23.28, 48.49
2020-10-28, 17:42:29, 23.28, 48.49
2020-10-28, 17:42:30, 23.28, 48.49
2020-10-28, 17:42:32, 23.28, 48.49
2020-10-28, 17:42:33, 23.29, 48.49
2020-10-28, 17:42:34, 23.29, 48.46
2020-10-28, 17:42:36, 23.28, 48.46
2020-10-28, 17:42:37, 23.28, 48.49
2020-10-28, 17:42:38, 23.28, 48.46
2020-10-28, 17:42:40, 23.29, 48.46
2020-10-28, 17:42:41, 23.28, 48.46
2020-10-28, 17:42:42, 23.28, 48.49
2020-10-28, 17:42:44, 23.28, 48.49
2020-10-28, 17:42:45, 23.28, 48.49
2020-10-28, 17:42:47, 23.29, 48.49
2020-10-28, 17:42:48, 23.28, 48.49
2020-10-28, 17:42:49, 23.28, 48.49
2020-10-28, 17:42:51, 23.27, 48.49
2020-10-28, 17:42:52, 23.28, 48.49
2020-10-28, 17:42:53, 23.28, 48.49
2020-10-28, 17:42:55, 23.27, 48.49
2020-10-28, 17:42:56, 23.26, 48.49
2020-10-28, 17:42:57, 23.28, 48.49
2020-10-28, 17:42:59, 23.27, 48.49
2020-10-28, 17:43:00, 23.28, 48.49
2020-10-28, 17:43:02, 23.28, 48.49
2020-10-28, 17:43:03, 23.28, 48.49
2020-10-28, 17:43:04, 23.28, 48.49
2020-10-28, 17:43:06, 23.29, 48.49
2020-10-28, 17:43:07, 23.29, 48.49
2020-10-28, 17:43:08, 23.29, 48.49
2020-10-28, 17:43:10, 23.3, 48.49
2020-10-28, 17:43:11, 23.28, 48.49
2020-10-28, 17:43:12, 23.28, 48.49
2020-10-28, 17:43:14, 23.29, 48.49
2020-10-28, 17:43:15, 23.3, 48.49
2020-10-28, 17:43:16, 23.28, 48.49
2020-10-28, 17:43:18, 23.3, 48.49
2020-10-28, 17:43:19, 23.3, 48.49
2020-10-28, 17:43:21, 23.3, 48.49
2020-10-28, 17:43:22, 23.29, 48.46
2020-10-28, 17:43:23, 23.3, 48.46
2020-10-28, 17:43:25, 23.3, 48.46
2020-10-28, 17:43:26, 23.29, 48.46
2020-10-28, 17:43:27, 23.29, 48.43
2020-10-28, 17:43:29, 23.28, 48.46
2020-10-28, 17:43:30, 23.28, 48.43
2020-10-28, 17:43:31, 23.28, 48.46
2020-10-28, 17:43:33, 23.28, 48.49
2020-10-28, 17:43:34, 23.28, 48.49
2020-10-28, 17:43:35, 23.28, 48.46
2020-10-28, 17:43:37, 23.28, 48.49
2020-10-28, 17:43:38, 23.29, 48.49
2020-10-28, 17:43:39, 23.27, 48.49
2020-10-28, 17:43:41, 23.3, 48.46
2020-10-28, 17:43:42, 23.28, 48.46
2020-10-28, 17:43:44, 23.27, 48.49
2020-10-28, 17:43:45, 23.28, 48.46
2020-10-28, 17:43:46, 23.3, 48.46
2020-10-28, 17:43:48, 23.28, 48.49
2020-10-28, 17:43:49, 23.28, 48.46
2020-10-28, 17:43:50, 23.28, 48.46
2020-10-28, 17:43:52, 23.28, 48.46
2020-10-28, 17:43:53, 23.28, 48.49
2020-10-28, 17:43:54, 23.29, 48.46
2020-10-28, 17:43:56, 23.29, 48.49
2020-10-28, 17:43:57, 23.28, 48.49
2020-10-28, 17:43:58, 23.28, 48.46
2020-10-28, 17:44:00, 23.28, 48.46
2020-10-28, 17:44:01, 23.28, 48.49
2020-10-28, 17:44:03, 23.27, 48.49
2020-10-28, 17:44:04, 23.29, 48.49
2020-10-28, 17:44:05, 23.28, 48.49
2020-10-28, 17:44:07, 23.28, 48.49
2020-10-28, 17:44:08, 23.28, 48.49
2020-10-28, 17:44:09, 23.28, 48.49
2020-10-28, 17:44:11, 23.29, 48.49
2020-10-28, 17:44:12, 23.28, 48.49
2020-10-28, 17:44:13, 23.29, 48.49
2020-10-28, 17:44:15, 23.28, 48.49
2020-10-28, 17:44:16, 23.28, 48.49
2020-10-28, 17:44:17, 23.29, 48.49
2020-10-28, 17:44:19, 23.28, 48.49
2020-10-28, 17:44:20, 23.29, 48.49
2020-10-28, 17:44:22, 23.28, 48.49
2020-10-28, 17:44:23, 23.28, 48.49
2020-10-28, 17:44:24, 23.27, 48.49
2020-10-28, 17:44:26, 23.28, 48.49
2020-10-28, 17:44:27, 23.28, 48.49
2020-10-28, 17:44:28, 23.29, 48.49
2020-10-28, 17:44:30, 23.27, 48.52
2020-10-28, 17:44:31, 23.28, 48.52
2020-10-28, 17:44:32, 23.29, 48.49
2020-10-28, 17:44:34, 23.27, 48.49
2020-10-28, 17:44:35, 23.27, 48.49
2020-10-28, 17:44:36, 23.27, 48.49
2020-10-28, 17:44:38, 23.28, 48.49
2020-10-28, 17:44:39, 23.28, 48.52
2020-10-28, 17:44:40, 23.27, 48.49
2020-10-28, 17:44:42, 23.29, 48.52
2020-10-28, 17:44:43, 23.29, 48.52
2020-10-28, 17:44:45, 23.28, 48.49
2020-10-28, 17:44:46, 23.28, 48.52
2020-10-28, 17:44:47, 23.28, 48.52
2020-10-28, 17:44:49, 23.29, 48.52
2020-10-28, 17:44:50, 23.28, 48.49
2020-10-28, 17:44:51, 23.27, 48.52
2020-10-28, 17:44:53, 23.29, 48.52
2020-10-28, 17:44:54, 23.29, 48.49
2020-10-28, 17:44:55, 23.29, 48.55
2020-10-28, 17:44:57, 23.29, 48.52
2020-10-28, 17:44:58, 23.3, 48.52
2020-10-28, 17:44:59, 23.28, 48.52
2020-10-28, 17:45:01, 23.28, 48.52
2020-10-28, 17:45:02, 23.29, 48.52
2020-10-28, 17:45:04, 23.28, 48.52
2020-10-28, 17:45:05, 23.29, 48.52
2020-10-28, 17:45:06, 23.3, 48.52
2020-10-28, 17:45:08, 23.28, 48.55
2020-10-28, 17:45:09, 23.3, 48.52
2020-10-28, 17:45:10, 23.29, 48.55
2020-10-28, 17:45:12, 23.3, 48.56
2020-10-28, 17:45:13, 23.29, 48.55
2020-10-28, 17:45:14, 23.28, 48.52
2020-10-28, 17:45:16, 23.29, 48.55
2020-10-28, 17:45:17, 23.3, 48.52
2020-10-28, 17:45:18, 23.3, 48.56
2020-10-28, 17:45:20, 23.29, 48.55
2020-10-28, 17:45:21, 23.28, 48.55
2020-10-28, 17:45:22, 23.28, 48.55
2020-10-28, 17:45:24, 23.29, 48.55
2020-10-28, 17:45:25, 23.28, 48.55
2020-10-28, 17:45:27, 23.29, 48.55
2020-10-28, 17:45:28, 23.29, 48.55
2020-10-28, 17:45:29, 23.28, 48.55
2020-10-28, 17:45:31, 23.28, 48.55
2020-10-28, 17:45:32, 23.28, 48.55
2020-10-28, 17:45:33, 23.29, 48.55
2020-10-28, 17:45:35, 23.28, 48.55
2020-10-28, 17:45:36, 23.3, 48.56
2020-10-28, 17:45:37, 23.29, 48.55
2020-10-28, 17:45:39, 23.28, 48.55
2020-10-28, 17:45:40, 23.26, 48.55
2020-10-28, 17:45:41, 23.29, 48.55
2020-10-28, 17:45:43, 23.29, 48.55
2020-10-28, 17:45:44, 23.29, 48.55
2020-10-28, 17:45:46, 23.28, 48.55
2020-10-28, 17:45:47, 23.3, 48.56
2020-10-28, 17:45:48, 23.3, 48.56
2020-10-28, 17:45:50, 23.29, 48.55
2020-10-28, 17:45:51, 23.28, 48.55
2020-10-28, 17:45:52, 23.3, 48.56
2020-10-28, 17:45:54, 23.3, 48.56
2020-10-28, 17:45:55, 23.29, 48.55
2020-10-28, 17:45:56, 23.3, 48.56
2020-10-28, 17:45:58, 23.3, 48.56
2020-10-28, 17:45:59, 23.3, 48.56
2020-10-28, 17:46:00, 23.31, 48.56
2020-10-28, 17:46:02, 23.3, 48.56
2020-10-28, 17:46:03, 23.31, 48.56
2020-10-28, 17:46:05, 23.31, 48.56
2020-10-28, 17:46:06, 23.33, 48.56
2020-10-28, 17:46:07, 23.33, 48.56
2020-10-28, 17:46:09, 23.32, 48.56
2020-10-28, 17:46:10, 23.32, 48.53
2020-10-28, 17:46:11, 23.32, 48.53
2020-10-28, 17:46:13, 23.31, 48.53
2020-10-28, 17:46:14, 23.32, 48.5
2020-10-28, 17:46:15, 23.32, 48.53
2020-10-28, 17:46:17, 23.32, 48.56
2020-10-28, 17:46:18, 23.32, 48.5
2020-10-28, 17:46:19, 23.31, 48.53
2020-10-28, 17:46:21, 23.31, 48.53
2020-10-28, 17:46:22, 23.3, 48.52
2020-10-28, 17:46:24, 23.3, 48.56
2020-10-28, 17:46:25, 23.3, 48.52
2020-10-28, 17:46:26, 23.3, 48.52
2020-10-28, 17:46:28, 23.31, 48.53
2020-10-28, 17:46:29, 23.3, 48.56
2020-10-28, 17:46:30, 23.29, 48.55
2020-10-28, 17:46:32, 23.32, 48.56
2020-10-28, 17:46:33, 23.33, 48.56
2020-10-28, 17:46:34, 23.32, 48.56
2020-10-28, 17:46:36, 23.31, 48.56
2020-10-28, 17:46:37, 23.32, 48.56
2020-10-28, 17:46:38, 23.32, 48.53
2020-10-28, 17:46:40, 23.33, 48.53
2020-10-28, 17:46:41, 23.34, 48.53
2020-10-28, 17:46:43, 23.32, 48.56
2020-10-28, 17:46:44, 23.32, 48.53
2020-10-28, 17:46:45, 23.33, 48.53
2020-10-28, 17:46:47, 23.32, 48.53
2020-10-28, 17:46:48, 23.32, 48.53
2020-10-28, 17:46:49, 23.32, 48.53
2020-10-28, 17:46:51, 23.31, 48.49
2020-10-28, 17:46:52, 23.33, 48.53
2020-10-28, 17:46:53, 23.32, 48.53
2020-10-28, 17:46:55, 23.34, 48.53
2020-10-28, 17:46:56, 23.32, 48.53
2020-10-28, 17:46:57, 23.32, 48.53
2020-10-28, 17:46:59, 23.32, 48.53
2020-10-28, 17:47:00, 23.32, 48.53
2020-10-28, 17:47:01, 23.32, 48.53
2020-10-28, 17:47:03, 23.31, 48.53
2020-10-28, 17:47:04, 23.31, 48.56
2020-10-28, 17:47:06, 23.31, 48.53
2020-10-28, 17:47:07, 23.32, 48.53
2020-10-28, 17:47:08, 23.32, 48.53
2020-10-28, 17:47:10, 23.33, 48.53
2020-10-28, 17:47:11, 23.34, 48.53
2020-10-28, 17:47:12, 23.32, 48.53
2020-10-28, 17:47:14, 23.33, 48.56
2020-10-28, 17:47:15, 23.33, 48.53
2020-10-28, 17:47:16, 23.32, 48.53
2020-10-28, 17:47:18, 23.32, 48.56
2020-10-28, 17:47:19, 23.32, 48.53
2020-10-28, 17:47:20, 23.33, 48.56
2020-10-28, 17:47:22, 23.32, 48.56
2020-10-28, 17:47:23, 23.31, 48.56
2020-10-28, 17:47:25, 23.33, 48.56
2020-10-28, 17:47:26, 23.33, 48.56
2020-10-28, 17:47:27, 23.32, 48.56
2020-10-28, 17:47:29, 23.33, 48.56
2020-10-28, 17:47:30, 23.32, 48.56
2020-10-28, 17:47:31, 23.33, 48.56
2020-10-28, 17:47:33, 23.33, 48.56
2020-10-28, 17:47:34, 23.32, 48.56
2020-10-28, 17:47:35, 23.34, 48.59
2020-10-28, 17:47:37, 23.32, 48.56
2020-10-28, 17:47:38, 23.33, 48.59
2020-10-28, 17:47:39, 23.33, 48.59
2020-10-28, 17:47:41, 23.33, 48.56
2020-10-28, 17:47:42, 23.32, 48.59
2020-10-28, 17:47:43, 23.32, 48.59
2020-10-28, 17:47:45, 23.33, 48.59
2020-10-28, 17:47:46, 23.33, 48.59
2020-10-28, 17:47:48, 23.33, 48.56
2020-10-28, 17:47:49, 23.32, 48.59
2020-10-28, 17:47:50, 23.32, 48.59
2020-10-28, 17:47:52, 23.32, 48.59
2020-10-28, 17:47:53, 23.32, 48.59
2020-10-28, 17:47:54, 23.32, 48.62
2020-10-28, 17:47:56, 23.34, 48.56
2020-10-28, 17:47:57, 23.33, 48.59
2020-10-28, 17:47:58, 23.34, 48.56
2020-10-28, 17:48:00, 23.34, 48.56
2020-10-28, 17:48:01, 23.33, 48.56
2020-10-28, 17:48:02, 23.34, 48.56
2020-10-28, 17:48:04, 23.34, 48.56
2020-10-28, 17:48:05, 23.33, 48.56
2020-10-28, 17:48:07, 23.33, 48.56
2020-10-28, 17:48:08, 23.32, 48.56
2020-10-28, 17:48:09, 23.32, 48.59
2020-10-28, 17:48:11, 23.33, 48.56
2020-10-28, 17:48:12, 23.32, 48.62
2020-10-28, 17:48:13, 23.32, 48.59
2020-10-28, 17:48:15, 23.33, 48.59
2020-10-28, 17:48:16, 23.3, 48.62
2020-10-28, 17:48:17, 23.32, 48.62
2020-10-28, 17:48:19, 23.32, 48.62
2020-10-28, 17:48:20, 23.33, 48.62
2020-10-28, 17:48:21, 23.32, 48.62
2020-10-28, 17:48:23, 23.32, 48.62
2020-10-28, 17:48:24, 23.31, 48.62
2020-10-28, 17:48:26, 23.3, 48.62
2020-10-28, 17:48:27, 23.31, 48.62
2020-10-28, 17:48:28, 23.3, 48.62
2020-10-28, 17:48:30, 23.3, 48.62
2020-10-28, 17:48:31, 23.31, 48.65
2020-10-28, 17:48:32, 23.32, 48.62
2020-10-28, 17:48:34, 23.32, 48.65
2020-10-28, 17:48:35, 23.31, 48.65
2020-10-28, 17:48:36, 23.32, 48.62
2020-10-28, 17:48:38, 23.32, 48.65
2020-10-28, 17:48:39, 23.32, 48.62
2020-10-28, 17:48:40, 23.32, 48.65
2020-10-28, 17:48:42, 23.31, 48.65
2020-10-28, 17:48:43, 23.32, 48.65
2020-10-28, 17:48:45, 23.3, 48.65
2020-10-28, 17:48:46, 23.32, 48.65
2020-10-28, 17:48:47, 23.32, 48.65
2020-10-28, 17:48:49, 23.31, 48.68
2020-10-28, 17:48:50, 23.31, 48.68
2020-10-28, 17:48:51, 23.32, 48.69
2020-10-28, 17:48:53, 23.31, 48.68
2020-10-28, 17:48:54, 23.3, 48.68
2020-10-28, 17:48:55, 23.3, 48.68
2020-10-28, 17:48:57, 23.3, 48.68
2020-10-28, 17:48:58, 23.3, 48.68
2020-10-28, 17:49:00, 23.29, 48.68
2020-10-28, 17:49:01, 23.31, 48.68
2020-10-28, 17:49:02, 23.3, 48.68
2020-10-28, 17:49:04, 23.31, 48.68
2020-10-28, 17:49:05, 23.31, 48.68
2020-10-28, 17:49:06, 23.32, 48.69
2020-10-28, 17:49:08, 23.3, 48.68
2020-10-28, 17:49:09, 23.32, 48.69
2020-10-28, 17:49:10, 23.3, 48.68
2020-10-28, 17:49:12, 23.3, 48.68
2020-10-28, 17:49:13, 23.31, 48.68
2020-10-28, 17:49:14, 23.31, 48.68
2020-10-28, 17:49:16, 23.3, 48.72
2020-10-28, 17:49:17, 23.3, 48.72
2020-10-28, 17:49:19, 23.3, 48.68
2020-10-28, 17:49:20, 23.31, 48.68
2020-10-28, 17:49:21, 23.3, 48.68
2020-10-28, 17:49:23, 23.31, 48.68
2020-10-28, 17:49:24, 23.3, 48.68
2020-10-28, 17:49:25, 23.3, 48.72
2020-10-28, 17:49:27, 23.29, 48.68
2020-10-28, 17:49:28, 23.3, 48.68
2020-10-28, 17:49:29, 23.31, 48.68
2020-10-28, 17:49:31, 23.32, 48.75
2020-10-28, 17:49:32, 23.3, 48.68
2020-10-28, 17:49:33, 23.32, 48.72
2020-10-28, 17:49:35, 23.3, 48.72
2020-10-28, 17:49:36, 23.3, 48.68
2020-10-28, 17:49:38, 23.31, 48.68
2020-10-28, 17:49:39, 23.32, 48.69
2020-10-28, 17:49:40, 23.3, 48.72
2020-10-28, 17:49:42, 23.31, 48.72
2020-10-28, 17:49:43, 23.32, 48.72
2020-10-28, 17:49:44, 23.31, 48.72
2020-10-28, 17:49:46, 23.33, 48.69
2020-10-28, 17:49:47, 23.3, 48.68
2020-10-28, 17:49:48, 23.32, 48.69
2020-10-28, 17:49:50, 23.31, 48.68
2020-10-28, 17:49:51, 23.31, 48.72
2020-10-28, 17:49:52, 23.3, 48.72
2020-10-28, 17:49:54, 23.31, 48.72
2020-10-28, 17:49:55, 23.31, 48.72
2020-10-28, 17:49:57, 23.3, 48.68
2020-10-28, 17:49:58, 23.32, 48.72
2020-10-28, 17:49:59, 23.3, 48.72
2020-10-28, 17:50:01, 23.3, 48.72
2020-10-28, 17:50:02, 23.3, 48.72
2020-10-28, 17:50:03, 23.29, 48.71
2020-10-28, 17:50:05, 23.3, 48.72
2020-10-28, 17:50:06, 23.3, 48.75
2020-10-28, 17:50:07, 23.3, 48.75
2020-10-28, 17:50:09, 23.29, 48.75
2020-10-28, 17:50:10, 23.3, 48.75
2020-10-28, 17:50:11, 23.3, 48.75
2020-10-28, 17:50:13, 23.29, 48.75
2020-10-28, 17:50:14, 23.29, 48.75
2020-10-28, 17:50:16, 23.31, 48.75
2020-10-28, 17:50:17, 23.3, 48.75
2020-10-28, 17:50:18, 23.32, 48.72
2020-10-28, 17:50:20, 23.31, 48.72
2020-10-28, 17:50:21, 23.3, 48.75
2020-10-28, 17:50:22, 23.31, 48.75
2020-10-28, 17:50:24, 23.32, 48.75
2020-10-28, 17:50:25, 23.3, 48.75
2020-10-28, 17:50:26, 23.32, 48.75
2020-10-28, 17:50:28, 23.32, 48.72
2020-10-28, 17:50:29, 23.31, 48.75
2020-10-28, 17:50:30, 23.32, 48.75
2020-10-28, 17:50:32, 23.31, 48.75
2020-10-28, 17:50:33, 23.32, 48.75
2020-10-28, 17:50:35, 23.3, 48.75
2020-10-28, 17:50:36, 23.31, 48.75
2020-10-28, 17:50:37, 23.3, 48.75
2020-10-28, 17:50:39, 23.32, 48.75
2020-10-28, 17:50:40, 23.32, 48.75
2020-10-28, 17:50:41, 23.32, 48.75
2020-10-28, 17:50:43, 23.31, 48.75
2020-10-28, 17:50:44, 23.32, 48.75
2020-10-28, 17:50:45, 23.32, 48.75
2020-10-28, 17:50:47, 23.32, 48.75
2020-10-28, 17:50:48, 23.32, 48.75
2020-10-28, 17:50:49, 23.32, 48.75
2020-10-28, 17:50:51, 23.32, 48.75
2020-10-28, 17:50:52, 23.3, 48.75
2020-10-28, 17:50:53, 23.32, 48.75
2020-10-28, 17:50:55, 23.31, 48.75
2020-10-28, 17:50:56, 23.31, 48.75
2020-10-28, 17:50:57, 23.3, 48.75
2020-10-28, 17:50:59, 23.3, 48.75
2020-10-28, 17:51:00, 23.31, 48.75
2020-10-28, 17:51:02, 23.32, 48.75
2020-10-28, 17:51:03, 23.29, 48.75
2020-10-28, 17:51:04, 23.3, 48.75
2020-10-28, 17:51:06, 23.31, 48.75
2020-10-28, 17:51:07, 23.31, 48.75
2020-10-28, 17:51:08, 23.29, 48.75
2020-10-28, 17:51:10, 23.29, 48.78
2020-10-28, 17:51:11, 23.3, 48.75
2020-10-28, 17:51:12, 23.29, 48.75
2020-10-28, 17:51:14, 23.3, 48.75
2020-10-28, 17:51:15, 23.31, 48.75
2020-10-28, 17:51:17, 23.29, 48.75
2020-10-28, 17:51:18, 23.3, 48.78
2020-10-28, 17:51:19, 23.3, 48.75
2020-10-28, 17:51:21, 23.31, 48.75
2020-10-28, 17:51:22, 23.3, 48.78
2020-10-28, 17:51:23, 23.28, 48.78
2020-10-28, 17:51:25, 23.28, 48.78
2020-10-28, 17:51:26, 23.28, 48.74
2020-10-28, 17:51:27, 23.3, 48.78
2020-10-28, 17:51:29, 23.3, 48.78
2020-10-28, 17:51:30, 23.3, 48.75
2020-10-28, 17:51:31, 23.3, 48.78
2020-10-28, 17:51:33, 23.29, 48.75
2020-10-28, 17:51:34, 23.3, 48.75
2020-10-28, 17:51:35, 23.3, 48.78
2020-10-28, 17:51:37, 23.3, 48.75
2020-10-28, 17:51:38, 23.3, 48.78
2020-10-28, 17:51:40, 23.31, 48.75
2020-10-28, 17:51:41, 23.3, 48.78
2020-10-28, 17:51:42, 23.32, 48.75
2020-10-28, 17:51:44, 23.26, 48.77
2020-10-28, 17:51:45, 23.28, 48.78
2020-10-28, 17:51:46, 23.28, 48.78
2020-10-28, 17:51:48, 23.28, 48.78
2020-10-28, 17:51:49, 23.29, 48.78
2020-10-28, 17:51:50, 23.29, 48.78
2020-10-28, 17:51:52, 23.29, 48.78
2020-10-28, 17:51:53, 23.27, 48.78
2020-10-28, 17:51:55, 23.28, 48.78
2020-10-28, 17:51:56, 23.28, 48.78
2020-10-28, 17:51:57, 23.28, 48.78
2020-10-28, 17:51:59, 23.28, 48.78
2020-10-28, 17:52:00, 23.29, 48.78
2020-10-28, 17:52:01, 23.28, 48.78
2020-10-28, 17:52:03, 23.28, 48.81
2020-10-28, 17:52:04, 23.28, 48.78
2020-10-28, 17:52:05, 23.28, 48.78
2020-10-28, 17:52:07, 23.28, 48.78
2020-10-28, 17:52:08, 23.27, 48.78
2020-10-28, 17:52:09, 23.26, 48.77
2020-10-28, 17:52:11, 23.27, 48.81
2020-10-28, 17:52:12, 23.26, 48.81
2020-10-28, 17:52:14, 23.28, 48.81
2020-10-28, 17:52:15, 23.27, 48.81
2020-10-28, 17:52:16, 23.28, 48.78
2020-10-28, 17:52:18, 23.29, 48.78
2020-10-28, 17:52:19, 23.27, 48.81
2020-10-28, 17:52:20, 23.28, 48.78
2020-10-28, 17:52:22, 23.28, 48.78
2020-10-28, 17:52:23, 23.29, 48.81
2020-10-28, 17:52:24, 23.28, 48.78
2020-10-28, 17:52:26, 23.29, 48.78
2020-10-28, 17:52:27, 23.29, 48.78
2020-10-28, 17:52:28, 23.28, 48.78
2020-10-28, 17:52:30, 23.28, 48.74
2020-10-28, 17:52:31, 23.27, 48.78
2020-10-28, 17:52:33, 23.28, 48.74
2020-10-28, 17:52:34, 23.26, 48.74
2020-10-28, 17:52:35, 23.29, 48.75
2020-10-28, 17:52:37, 23.3, 48.78
2020-10-28, 17:52:38, 23.29, 48.75
2020-10-28, 17:52:39, 23.29, 48.75
2020-10-28, 17:52:41, 23.29, 48.75
2020-10-28, 17:52:42, 23.29, 48.78
2020-10-28, 17:52:43, 23.29, 48.75
2020-10-28, 17:52:45, 23.28, 48.78
2020-10-28, 17:52:46, 23.28, 48.74
2020-10-28, 17:52:47, 23.28, 48.74
2020-10-28, 17:52:49, 23.27, 48.74
2020-10-28, 17:52:50, 23.28, 48.78
2020-10-28, 17:52:52, 23.29, 48.75
2020-10-28, 17:52:53, 23.28, 48.74
2020-10-28, 17:52:54, 23.24, 48.77
2020-10-28, 17:52:56, 23.28, 48.78
2020-10-28, 17:52:57, 23.27, 48.78
2020-10-28, 17:52:58, 23.26, 48.77
2020-10-28, 17:53:00, 23.28, 48.78
2020-10-28, 17:53:01, 23.28, 48.78
2020-10-28, 17:53:02, 23.26, 48.77
2020-10-28, 17:53:04, 23.28, 48.78
2020-10-28, 17:53:05, 23.27, 48.78
2020-10-28, 17:53:07, 23.26, 48.77
2020-10-28, 17:53:08, 23.26, 48.77
2020-10-28, 17:53:09, 23.26, 48.77
2020-10-28, 17:53:11, 23.26, 48.81
2020-10-28, 17:53:12, 23.26, 48.77
2020-10-28, 17:53:13, 23.26, 48.81
2020-10-28, 17:53:15, 23.27, 48.81
2020-10-28, 17:53:16, 23.26, 48.81
2020-10-28, 17:53:17, 23.26, 48.81
2020-10-28, 17:53:19, 23.26, 48.81
2020-10-28, 17:53:20, 23.26, 48.81
2020-10-28, 17:53:21, 23.26, 48.81
2020-10-28, 17:53:23, 23.26, 48.81
2020-10-28, 17:53:24, 23.25, 48.8
2020-10-28, 17:53:26, 23.26, 48.81
2020-10-28, 17:53:27, 23.26, 48.81
2020-10-28, 17:53:28, 23.27, 48.81
2020-10-28, 17:53:30, 23.27, 48.81
2020-10-28, 17:53:31, 23.26, 48.81
2020-10-28, 17:53:32, 23.25, 48.8
2020-10-28, 17:53:34, 23.27, 48.81
2020-10-28, 17:53:35, 23.26, 48.81
2020-10-28, 17:53:36, 23.27, 48.81
2020-10-28, 17:53:38, 23.26, 48.81
2020-10-28, 17:53:39, 23.26, 48.81
2020-10-28, 17:53:40, 23.26, 48.81
2020-10-28, 17:53:42, 23.25, 48.8
2020-10-28, 17:53:43, 23.23, 48.8
2020-10-28, 17:53:45, 23.24, 48.8
2020-10-28, 17:53:46, 23.24, 48.83
2020-10-28, 17:53:47, 23.24, 48.8
2020-10-28, 17:53:49, 23.26, 48.81
2020-10-28, 17:53:50, 23.26, 48.81
2020-10-28, 17:53:51, 23.25, 48.8
2020-10-28, 17:53:53, 23.25, 48.8
2020-10-28, 17:53:54, 23.25, 48.8
2020-10-28, 17:53:55, 23.26, 48.81
2020-10-28, 17:53:57, 23.26, 48.81
2020-10-28, 17:53:58, 23.26, 48.81
2020-10-28, 17:53:59, 23.26, 48.81
2020-10-28, 17:54:01, 23.26, 48.81
2020-10-28, 17:54:02, 23.25, 48.8
2020-10-28, 17:54:04, 23.25, 48.8
2020-10-28, 17:54:05, 23.24, 48.8
2020-10-28, 17:54:06, 23.23, 48.83
2020-10-28, 17:54:08, 23.25, 48.8
2020-10-28, 17:54:09, 23.24, 48.8
2020-10-28, 17:54:10, 23.22, 48.8
2020-10-28, 17:54:12, 23.24, 48.8
2020-10-28, 17:54:13, 23.23, 48.8
2020-10-28, 17:54:14, 23.25, 48.8
2020-10-28, 17:54:16, 23.25, 48.8
2020-10-28, 17:54:17, 23.24, 48.8
2020-10-28, 17:54:18, 23.24, 48.8
2020-10-28, 17:54:20, 23.23, 48.8
2020-10-28, 17:54:21, 23.24, 48.8
2020-10-28, 17:54:23, 23.22, 48.8
2020-10-28, 17:54:24, 23.22, 48.8
2020-10-28, 17:54:25, 23.23, 48.83
2020-10-28, 17:54:27, 23.22, 48.8
2020-10-28, 17:54:28, 23.24, 48.83
2020-10-28, 17:54:29, 23.23, 48.83
2020-10-28, 17:54:31, 23.24, 48.8
2020-10-28, 17:54:32, 23.23, 48.83
2020-10-28, 17:54:33, 23.22, 48.83
2020-10-28, 17:54:35, 23.22, 48.83
2020-10-28, 17:54:36, 23.22, 48.86
2020-10-28, 17:54:37, 23.23, 48.87
2020-10-28, 17:54:39, 23.22, 48.83
2020-10-28, 17:54:40, 23.22, 48.86
2020-10-28, 17:54:41, 23.23, 48.87
2020-10-28, 17:54:43, 23.22, 48.83
2020-10-28, 17:54:44, 23.22, 48.86
2020-10-28, 17:54:46, 23.21, 48.83
2020-10-28, 17:54:47, 23.22, 48.86
2020-10-28, 17:54:48, 23.22, 48.86
2020-10-28, 17:54:50, 23.2, 48.86
2020-10-28, 17:54:51, 23.2, 48.86
2020-10-28, 17:54:52, 23.2, 48.86
2020-10-28, 17:54:54, 23.2, 48.86
2020-10-28, 17:54:55, 23.22, 48.86
2020-10-28, 17:54:56, 23.2, 48.83
2020-10-28, 17:54:58, 23.19, 48.86
2020-10-28, 17:54:59, 23.2, 48.86
2020-10-28, 17:55:00, 23.2, 48.86
2020-10-28, 17:55:02, 23.2, 48.86
2020-10-28, 17:55:03, 23.2, 48.86
2020-10-28, 17:55:05, 23.2, 48.86
2020-10-28, 17:55:06, 23.2, 48.86
2020-10-28, 17:55:07, 23.2, 48.86
2020-10-28, 17:55:09, 23.2, 48.86
2020-10-28, 17:55:10, 23.2, 48.86
2020-10-28, 17:55:11, 23.19, 48.86
2020-10-28, 17:55:13, 23.19, 48.86
2020-10-28, 17:55:14, 23.2, 48.86
2020-10-28, 17:55:15, 23.21, 48.86
2020-10-28, 17:55:17, 23.2, 48.86
2020-10-28, 17:55:18, 23.19, 48.86
2020-10-28, 17:55:19, 23.21, 48.86
2020-10-28, 17:55:21, 23.2, 48.86
2020-10-28, 17:55:22, 23.2, 48.83
2020-10-28, 17:55:23, 23.18, 48.86
2020-10-28, 17:55:25, 23.19, 48.86
2020-10-28, 17:55:26, 23.19, 48.86
2020-10-28, 17:55:28, 23.19, 48.86
2020-10-28, 17:55:29, 23.18, 48.83
2020-10-28, 17:55:30, 23.18, 48.86
2020-10-28, 17:55:32, 23.16, 48.86
2020-10-28, 17:55:33, 23.18, 48.86
2020-10-28, 17:55:34, 23.18, 48.86
2020-10-28, 17:55:36, 23.19, 48.86
2020-10-28, 17:55:37, 23.2, 48.86
2020-10-28, 17:55:38, 23.18, 48.86
2020-10-28, 17:55:40, 23.19, 48.86
2020-10-28, 17:55:41, 23.18, 48.86
2020-10-28, 17:55:42, 23.2, 48.86
2020-10-28, 17:55:44, 23.18, 48.86
2020-10-28, 17:55:45, 23.19, 48.86
2020-10-28, 17:55:46, 23.18, 48.83
2020-10-28, 17:55:48, 23.18, 48.86
2020-10-28, 17:55:49, 23.17, 48.86
2020-10-28, 17:55:51, 23.18, 48.86
2020-10-28, 17:55:52, 23.18, 48.86
2020-10-28, 17:55:53, 23.17, 48.86
2020-10-28, 17:55:55, 23.18, 48.86
2020-10-28, 17:55:56, 23.18, 48.86
2020-10-28, 17:55:57, 23.18, 48.86
2020-10-28, 17:55:59, 23.16, 48.86
2020-10-28, 17:56:00, 23.18, 48.86
2020-10-28, 17:56:01, 23.18, 48.86
2020-10-28, 17:56:03, 23.18, 48.86
2020-10-28, 17:56:04, 23.17, 48.86
2020-10-28, 17:56:05, 23.18, 48.86
2020-10-28, 17:56:07, 23.17, 48.89
2020-10-28, 17:56:08, 23.17, 48.89
2020-10-28, 17:56:10, 23.17, 48.86
2020-10-28, 17:56:11, 23.18, 48.86
2020-10-28, 17:56:12, 23.18, 48.86
2020-10-28, 17:56:14, 23.18, 48.86
2020-10-28, 17:56:15, 23.18, 48.86
2020-10-28, 17:56:16, 23.17, 48.86
2020-10-28, 17:56:18, 23.18, 48.86
2020-10-28, 17:56:19, 23.18, 48.86
2020-10-28, 17:56:20, 23.18, 48.86
2020-10-28, 17:56:22, 23.18, 48.83
2020-10-28, 17:56:23, 23.18, 48.83
2020-10-28, 17:56:24, 23.18, 48.86
2020-10-28, 17:56:26, 23.17, 48.83
2020-10-28, 17:56:27, 23.18, 48.86
2020-10-28, 17:56:29, 23.18, 48.86
2020-10-28, 17:56:30, 23.18, 48.83
2020-10-28, 17:56:31, 23.18, 48.86
2020-10-28, 17:56:33, 23.18, 48.86
2020-10-28, 17:56:34, 23.18, 48.86
2020-10-28, 17:56:35, 23.17, 48.86
2020-10-28, 17:56:37, 23.16, 48.86
2020-10-28, 17:56:38, 23.17, 48.86
2020-10-28, 17:56:39, 23.17, 48.86
2020-10-28, 17:56:41, 23.16, 48.86
2020-10-28, 17:56:42, 23.17, 48.86
2020-10-28, 17:56:43, 23.16, 48.86
2020-10-28, 17:56:45, 23.16, 48.86
2020-10-28, 17:56:46, 23.17, 48.86
2020-10-28, 17:56:47, 23.17, 48.86
2020-10-28, 17:56:49, 23.18, 48.86
2020-10-28, 17:56:50, 23.17, 48.86
2020-10-28, 17:56:52, 23.16, 48.86
2020-10-28, 17:56:53, 23.17, 48.86
2020-10-28, 17:56:54, 23.16, 48.86
2020-10-28, 17:56:56, 23.16, 48.86
2020-10-28, 17:56:57, 23.16, 48.86
2020-10-28, 17:56:58, 23.15, 48.86
2020-10-28, 17:57:00, 23.16, 48.86
2020-10-28, 17:57:01, 23.17, 48.86
2020-10-28, 17:57:02, 23.15, 48.86
2020-10-28, 17:57:04, 23.16, 48.86
2020-10-28, 17:57:05, 23.17, 48.86
2020-10-28, 17:57:06, 23.16, 48.86
2020-10-28, 17:57:08, 23.18, 48.86
2020-10-28, 17:57:09, 23.17, 48.86
2020-10-28, 17:57:11, 23.17, 48.86
2020-10-28, 17:57:12, 23.16, 48.86
2020-10-28, 17:57:13, 23.16, 48.86
2020-10-28, 17:57:15, 23.17, 48.86
2020-10-28, 17:57:16, 23.16, 48.89
2020-10-28, 17:57:17, 23.16, 48.86
2020-10-28, 17:57:19, 23.17, 48.86
2020-10-28, 17:57:20, 23.15, 48.86
2020-10-28, 17:57:21, 23.17, 48.86
2020-10-28, 17:57:23, 23.16, 48.86
2020-10-28, 17:57:24, 23.16, 48.86
2020-10-28, 17:57:25, 23.15, 48.86
2020-10-28, 17:57:27, 23.15, 48.86
2020-10-28, 17:57:28, 23.16, 48.86
2020-10-28, 17:57:30, 23.17, 48.86
2020-10-28, 17:57:31, 23.16, 48.86
2020-10-28, 17:57:32, 23.17, 48.86
2020-10-28, 17:57:34, 23.17, 48.86
2020-10-28, 17:57:35, 23.18, 48.86
2020-10-28, 17:57:36, 23.17, 48.79
2020-10-28, 17:57:38, 23.17, 48.83
2020-10-28, 17:57:39, 23.18, 48.83
2020-10-28, 17:57:40, 23.18, 48.86
2020-10-28, 17:57:42, 23.17, 48.83
2020-10-28, 17:57:43, 23.17, 48.79
2020-10-28, 17:57:44, 23.18, 48.83
2020-10-28, 17:57:46, 23.16, 48.82
2020-10-28, 17:57:47, 23.18, 48.83
2020-10-28, 17:57:49, 23.17, 48.83
2020-10-28, 17:57:50, 23.16, 48.82
2020-10-28, 17:57:51, 23.18, 48.83
2020-10-28, 17:57:53, 23.17, 48.83
2020-10-28, 17:57:54, 23.17, 48.79
2020-10-28, 17:57:55, 23.18, 48.83
2020-10-28, 17:57:57, 23.17, 48.83
2020-10-28, 17:57:58, 23.18, 48.86
2020-10-28, 17:57:59, 23.17, 48.83
2020-10-28, 17:58:01, 23.18, 48.83
2020-10-28, 17:58:02, 23.18, 48.83
2020-10-28, 17:58:03, 23.18, 48.83
2020-10-28, 17:58:05, 23.18, 48.86
2020-10-28, 17:58:06, 23.18, 48.83
2020-10-28, 17:58:07, 23.17, 48.83
2020-10-28, 17:58:09, 23.17, 48.86
2020-10-28, 17:58:10, 23.18, 48.83
2020-10-28, 17:58:12, 23.17, 48.83
2020-10-28, 17:58:13, 23.18, 48.83
2020-10-28, 17:58:14, 23.18, 48.83
2020-10-28, 17:58:16, 23.18, 48.83
2020-10-28, 17:58:17, 23.18, 48.83
2020-10-28, 17:58:18, 23.18, 48.83
2020-10-28, 17:58:20, 23.18, 48.8
2020-10-28, 17:58:21, 23.18, 48.8
2020-10-28, 17:58:22, 23.18, 48.8
2020-10-28, 17:58:24, 23.18, 48.8
2020-10-28, 17:58:25, 23.18, 48.8
2020-10-28, 17:58:26, 23.18, 48.8
2020-10-28, 17:58:28, 23.19, 48.8
2020-10-28, 17:58:29, 23.18, 48.8
2020-10-28, 17:58:30, 23.17, 48.79
2020-10-28, 17:58:32, 23.19, 48.8
2020-10-28, 17:58:33, 23.18, 48.8
2020-10-28, 17:58:35, 23.18, 48.8
2020-10-28, 17:58:36, 23.19, 48.8
2020-10-28, 17:58:37, 23.19, 48.76
2020-10-28, 17:58:39, 23.2, 48.8
2020-10-28, 17:58:40, 23.17, 48.79
2020-10-28, 17:58:41, 23.17, 48.79
2020-10-28, 17:58:43, 23.18, 48.8
2020-10-28, 17:58:44, 23.18, 48.8
2020-10-28, 17:58:45, 23.17, 48.79
2020-10-28, 17:58:47, 23.17, 48.76
2020-10-28, 17:58:48, 23.18, 48.8
2020-10-28, 17:58:49, 23.18, 48.8
2020-10-28, 17:58:51, 23.19, 48.8
2020-10-28, 17:58:52, 23.18, 48.8
2020-10-28, 17:58:54, 23.18, 48.8
2020-10-28, 17:58:55, 23.18, 48.8
2020-10-28, 17:58:56, 23.18, 48.8
2020-10-28, 17:58:58, 23.18, 48.76
2020-10-28, 17:58:59, 23.18, 48.8
2020-10-28, 17:59:00, 23.17, 48.79
2020-10-28, 17:59:02, 23.18, 48.8
2020-10-28, 17:59:03, 23.17, 48.79
2020-10-28, 17:59:04, 23.17, 48.76
2020-10-28, 17:59:06, 23.18, 48.8
2020-10-28, 17:59:07, 23.17, 48.76
2020-10-28, 17:59:08, 23.18, 48.76
2020-10-28, 17:59:10, 23.17, 48.76
2020-10-28, 17:59:11, 23.16, 48.79
2020-10-28, 17:59:13, 23.18, 48.8
2020-10-28, 17:59:14, 23.18, 48.76
2020-10-28, 17:59:15, 23.17, 48.76
2020-10-28, 17:59:17, 23.17, 48.76
2020-10-28, 17:59:18, 23.18, 48.73
2020-10-28, 17:59:19, 23.18, 48.73
2020-10-28, 17:59:21, 23.18, 48.76
2020-10-28, 17:59:22, 23.18, 48.73
2020-10-28, 17:59:23, 23.19, 48.73
2020-10-28, 17:59:25, 23.2, 48.73
2020-10-28, 17:59:26, 23.2, 48.73
2020-10-28, 17:59:27, 23.2, 48.73
2020-10-28, 17:59:29, 23.21, 48.7
2020-10-28, 17:59:30, 23.2, 48.7
2020-10-28, 17:59:31, 23.21, 48.7
2020-10-28, 17:59:33, 23.2, 48.7
2020-10-28, 17:59:34, 23.2, 48.7
2020-10-28, 17:59:36, 23.19, 48.67
2020-10-28, 17:59:37, 23.2, 48.67
2020-10-28, 17:59:38, 23.2, 48.67
2020-10-28, 17:59:40, 23.12, 48.69
2020-10-28, 17:59:41, 23.18, 48.7
2020-10-28, 17:59:42, 23.19, 48.73
2020-10-28, 17:59:44, 23.19, 48.7
2020-10-28, 17:59:45, 23.19, 48.7
2020-10-28, 17:59:47, 23.2, 48.7
2020-10-28, 17:59:48, 23.21, 48.7
2020-10-28, 17:59:49, 23.21, 48.7
2020-10-28, 17:59:51, 23.21, 48.7
2020-10-28, 17:59:52, 23.2, 48.7
2020-10-28, 17:59:53, 23.2, 48.67
2020-10-28, 17:59:55, 23.19, 48.67
2020-10-28, 17:59:56, 23.19, 48.67
2020-10-28, 17:59:57, 23.18, 48.7
2020-10-28, 17:59:59, 23.19, 48.67
2020-10-28, 18:00:00, 23.19, 48.7
2020-10-28, 18:00:01, 23.18, 48.7
2020-10-28, 18:00:03, 23.18, 48.7
2020-10-28, 18:00:04, 23.19, 48.7
2020-10-28, 18:00:06, 23.19, 48.67
2020-10-28, 18:00:07, 23.2, 48.73
2020-10-28, 18:00:08, 23.2, 48.7
2020-10-28, 18:00:10, 23.18, 48.7
2020-10-28, 18:00:11, 23.2, 48.7
2020-10-28, 18:00:12, 23.2, 48.7
2020-10-28, 18:00:14, 23.2, 48.7
2020-10-28, 18:00:15, 23.21, 48.67
2020-10-28, 18:00:16, 23.21, 48.67
2020-10-28, 18:00:18, 23.2, 48.7
2020-10-28, 18:00:19, 23.2, 48.7
2020-10-28, 18:00:20, 23.21, 48.67
2020-10-28, 18:00:22, 23.21, 48.67
2020-10-28, 18:00:23, 23.2, 48.67
2020-10-28, 18:00:25, 23.21, 48.67
2020-10-28, 18:00:26, 23.2, 48.67
2020-10-28, 18:00:27, 23.2, 48.67
2020-10-28, 18:00:29, 23.21, 48.67
2020-10-28, 18:00:30, 23.21, 48.67
2020-10-28, 18:00:31, 23.21, 48.67
2020-10-28, 18:00:33, 23.21, 48.67
2020-10-28, 18:00:34, 23.22, 48.67
2020-10-28, 18:00:35, 23.22, 48.67
2020-10-28, 18:00:37, 23.24, 48.68
2020-10-28, 18:00:38, 23.23, 48.64
2020-10-28, 18:00:39, 23.21, 48.64
2020-10-28, 18:00:41, 23.21, 48.64
2020-10-28, 18:00:42, 23.21, 48.67
2020-10-28, 18:00:43, 23.2, 48.64
2020-10-28, 18:00:45, 23.21, 48.67
2020-10-28, 18:00:46, 23.21, 48.64
2020-10-28, 18:00:48, 23.22, 48.64
2020-10-28, 18:00:49, 23.22, 48.64
2020-10-28, 18:00:50, 23.24, 48.64
2020-10-28, 18:00:52, 23.23, 48.67
2020-10-28, 18:00:53, 23.22, 48.61
2020-10-28, 18:00:54, 23.23, 48.61
2020-10-28, 18:00:56, 23.23, 48.61
2020-10-28, 18:00:57, 23.23, 48.61
2020-10-28, 18:00:58, 23.22, 48.61
2020-10-28, 18:01:00, 23.24, 48.61
2020-10-28, 18:01:01, 23.24, 48.61
2020-10-28, 18:01:02, 23.24, 48.61
2020-10-28, 18:01:04, 23.24, 48.61
2020-10-28, 18:01:05, 23.24, 48.61
2020-10-28, 18:01:07, 23.24, 48.61
2020-10-28, 18:01:08, 23.22, 48.58
2020-10-28, 18:01:09, 23.22, 48.61
2020-10-28, 18:01:11, 23.24, 48.61
2020-10-28, 18:01:12, 23.22, 48.58
2020-10-28, 18:01:13, 23.23, 48.58
2020-10-28, 18:01:15, 23.24, 48.58
2020-10-28, 18:01:16, 23.22, 48.58
2020-10-28, 18:01:17, 23.22, 48.61
2020-10-28, 18:01:19, 23.21, 48.58
2020-10-28, 18:01:20, 23.22, 48.58
2020-10-28, 18:01:22, 23.22, 48.58
2020-10-28, 18:01:23, 23.23, 48.58
2020-10-28, 18:01:24, 23.23, 48.61
2020-10-28, 18:01:26, 23.22, 48.58
2020-10-28, 18:01:27, 23.24, 48.58
2020-10-28, 18:01:28, 23.22, 48.61
2020-10-28, 18:01:30, 23.22, 48.58
2020-10-28, 18:01:31, 23.22, 48.55
2020-10-28, 18:01:32, 23.23, 48.58
2020-10-28, 18:01:34, 23.24, 48.58
2020-10-28, 18:01:35, 23.24, 48.58
2020-10-28, 18:01:36, 23.22, 48.55
2020-10-28, 18:01:38, 23.24, 48.55
2020-10-28, 18:01:39, 23.22, 48.55
2020-10-28, 18:01:40, 23.23, 48.55
2020-10-28, 18:01:42, 23.24, 48.55
2020-10-28, 18:01:43, 23.23, 48.55
2020-10-28, 18:01:45, 23.22, 48.55
2020-10-28, 18:01:46, 23.23, 48.55
2020-10-28, 18:01:47, 23.23, 48.55
2020-10-28, 18:01:49, 23.22, 48.55
2020-10-28, 18:01:50, 23.23, 48.55
2020-10-28, 18:01:51, 23.23, 48.55
2020-10-28, 18:01:53, 23.24, 48.55
2020-10-28, 18:01:54, 23.23, 48.55
2020-10-28, 18:01:55, 23.24, 48.55
2020-10-28, 18:01:57, 23.24, 48.55
2020-10-28, 18:01:58, 23.23, 48.55
2020-10-28, 18:01:59, 23.24, 48.55
2020-10-28, 18:02:01, 23.22, 48.55
2020-10-28, 18:02:02, 23.23, 48.55
2020-10-28, 18:02:04, 23.22, 48.55
2020-10-28, 18:02:05, 23.23, 48.55
2020-10-28, 18:02:06, 23.22, 48.55
2020-10-28, 18:02:08, 23.22, 48.55
2020-10-28, 18:02:09, 23.22, 48.55
2020-10-28, 18:02:10, 23.22, 48.55
2020-10-28, 18:02:12, 23.24, 48.55
2020-10-28, 18:02:13, 23.23, 48.55
2020-10-28, 18:02:14, 23.22, 48.55
2020-10-28, 18:02:16, 23.23, 48.55
2020-10-28, 18:02:17, 23.24, 48.55
2020-10-28, 18:02:18, 23.24, 48.55
2020-10-28, 18:02:20, 23.23, 48.55
2020-10-28, 18:02:21, 23.23, 48.55
2020-10-28, 18:02:22, 23.23, 48.55
2020-10-28, 18:02:24, 23.24, 48.55
2020-10-28, 18:02:25, 23.25, 48.55
2020-10-28, 18:02:27, 23.25, 48.55
2020-10-28, 18:02:28, 23.25, 48.52
2020-10-28, 18:02:29, 23.26, 48.52
2020-10-28, 18:02:31, 23.25, 48.52
2020-10-28, 18:02:32, 23.26, 48.49
2020-10-28, 18:02:33, 23.25, 48.52
2020-10-28, 18:02:35, 23.24, 48.52
2020-10-28, 18:02:36, 23.24, 48.48
2020-10-28, 18:02:37, 23.24, 48.52
2020-10-28, 18:02:39, 23.24, 48.52
2020-10-28, 18:02:40, 23.25, 48.52
2020-10-28, 18:02:41, 23.24, 48.52
2020-10-28, 18:02:43, 23.24, 48.52
2020-10-28, 18:02:44, 23.23, 48.55
2020-10-28, 18:02:46, 23.25, 48.52
2020-10-28, 18:02:47, 23.24, 48.52
2020-10-28, 18:02:48, 23.24, 48.52
2020-10-28, 18:02:50, 23.24, 48.52
2020-10-28, 18:02:51, 23.25, 48.49
2020-10-28, 18:02:52, 23.26, 48.52
2020-10-28, 18:02:54, 23.25, 48.52
2020-10-28, 18:02:55, 23.25, 48.49
2020-10-28, 18:02:56, 23.24, 48.52
2020-10-28, 18:02:58, 23.23, 48.48
2020-10-28, 18:02:59, 23.25, 48.49
2020-10-28, 18:03:00, 23.25, 48.52
2020-10-28, 18:03:02, 23.25, 48.55
2020-10-28, 18:03:03, 23.24, 48.55
2020-10-28, 18:03:05, 23.24, 48.52
2020-10-28, 18:03:06, 23.25, 48.49
2020-10-28, 18:03:07, 23.23, 48.52
2020-10-28, 18:03:09, 23.25, 48.52
2020-10-28, 18:03:10, 23.25, 48.52
2020-10-28, 18:03:11, 23.23, 48.48
2020-10-28, 18:03:13, 23.23, 48.52
2020-10-28, 18:03:14, 23.23, 48.52
2020-10-28, 18:03:15, 23.22, 48.55
2020-10-28, 18:03:17, 23.24, 48.52
2020-10-28, 18:03:18, 23.25, 48.49
2020-10-28, 18:03:19, 23.24, 48.48
2020-10-28, 18:03:21, 23.24, 48.48
2020-10-28, 18:03:22, 23.25, 48.49
2020-10-28, 18:03:24, 23.24, 48.48
2020-10-28, 18:03:25, 23.26, 48.49
2020-10-28, 18:03:26, 23.26, 48.49
2020-10-28, 18:03:28, 23.25, 48.49
2020-10-28, 18:03:29, 23.25, 48.49
2020-10-28, 18:03:30, 23.25, 48.49
2020-10-28, 18:03:32, 23.24, 48.48
2020-10-28, 18:03:33, 23.24, 48.48
2020-10-28, 18:03:34, 23.25, 48.49
2020-10-28, 18:03:36, 23.25, 48.49
2020-10-28, 18:03:37, 23.25, 48.49
2020-10-28, 18:03:38, 23.25, 48.49
2020-10-28, 18:03:40, 23.26, 48.49
2020-10-28, 18:03:41, 23.26, 48.49
2020-10-28, 18:03:42, 23.26, 48.49
2020-10-28, 18:03:44, 23.27, 48.49
2020-10-28, 18:03:45, 23.25, 48.49
2020-10-28, 18:03:47, 23.26, 48.49
2020-10-28, 18:03:48, 23.26, 48.49
2020-10-28, 18:03:49, 23.26, 48.49
2020-10-28, 18:03:51, 23.27, 48.49
2020-10-28, 18:03:52, 23.27, 48.49
2020-10-28, 18:03:53, 23.27, 48.49
2020-10-28, 18:03:55, 23.28, 48.49
2020-10-28, 18:03:56, 23.27, 48.46
2020-10-28, 18:03:57, 23.28, 48.49
2020-10-28, 18:03:59, 23.28, 48.46
2020-10-28, 18:04:00, 23.3, 48.46
2020-10-28, 18:04:01, 23.29, 48.43
2020-10-28, 18:04:03, 23.3, 48.43
2020-10-28, 18:04:04, 23.29, 48.43
2020-10-28, 18:04:06, 23.29, 48.43
2020-10-28, 18:04:07, 23.29, 48.43
2020-10-28, 18:04:08, 23.27, 48.42
2020-10-28, 18:04:10, 23.28, 48.43
2020-10-28, 18:04:11, 23.27, 48.46
2020-10-28, 18:04:12, 23.28, 48.43
2020-10-28, 18:04:14, 23.29, 48.43
2020-10-28, 18:04:15, 23.28, 48.46
2020-10-28, 18:04:16, 23.28, 48.46
2020-10-28, 18:04:18, 23.29, 48.43
2020-10-28, 18:04:19, 23.29, 48.46
2020-10-28, 18:04:20, 23.28, 48.46
2020-10-28, 18:04:22, 23.28, 48.46
2020-10-28, 18:04:23, 23.3, 48.49
2020-10-28, 18:04:24, 23.3, 48.49
2020-10-28, 18:04:26, 23.28, 48.49
2020-10-28, 18:04:27, 23.28, 48.46
2020-10-28, 18:04:29, 23.29, 48.49
2020-10-28, 18:04:30, 23.29, 48.46
2020-10-28, 18:04:31, 23.3, 48.49
2020-10-28, 18:04:33, 23.28, 48.49
2020-10-28, 18:04:34, 23.28, 48.49
2020-10-28, 18:04:35, 23.29, 48.49
2020-10-28, 18:04:37, 23.3, 48.49
2020-10-28, 18:04:38, 23.3, 48.49
2020-10-28, 18:04:39, 23.3, 48.49
2020-10-28, 18:04:41, 23.28, 48.49
2020-10-28, 18:04:42, 23.29, 48.49
2020-10-28, 18:04:43, 23.28, 48.49
2020-10-28, 18:04:45, 23.29, 48.49
2020-10-28, 18:04:46, 23.29, 48.49
2020-10-28, 18:04:48, 23.3, 48.49
2020-10-28, 18:04:49, 23.3, 48.49
2020-10-28, 18:04:50, 23.31, 48.49
2020-10-28, 18:04:52, 23.3, 48.46
2020-10-28, 18:04:53, 23.3, 48.46
2020-10-28, 18:04:54, 23.3, 48.46
2020-10-28, 18:04:56, 23.29, 48.46
2020-10-28, 18:04:57, 23.29, 48.49
2020-10-28, 18:04:58, 23.3, 48.49
2020-10-28, 18:05:00, 23.29, 48.46
2020-10-28, 18:05:01, 23.28, 48.49
2020-10-28, 18:05:02, 23.28, 48.49
2020-10-28, 18:05:04, 23.28, 48.49
2020-10-28, 18:05:05, 23.29, 48.49
2020-10-28, 18:05:06, 23.29, 48.49
2020-10-28, 18:05:08, 23.3, 48.49
2020-10-28, 18:05:09, 23.29, 48.49
2020-10-28, 18:05:11, 23.27, 48.49
2020-10-28, 18:05:12, 23.28, 48.49
2020-10-28, 18:05:13, 23.28, 48.49
2020-10-28, 18:05:15, 23.28, 48.49
2020-10-28, 18:05:16, 23.29, 48.49
2020-10-28, 18:05:17, 23.29, 48.49
2020-10-28, 18:05:19, 23.28, 48.49
2020-10-28, 18:05:20, 23.29, 48.49
2020-10-28, 18:05:21, 23.28, 48.49
2020-10-28, 18:05:23, 23.29, 48.49
2020-10-28, 18:05:24, 23.3, 48.49
2020-10-28, 18:05:25, 23.29, 48.49
2020-10-28, 18:05:27, 23.29, 48.49
2020-10-28, 18:05:28, 23.29, 48.49
2020-10-28, 18:05:30, 23.29, 48.49
2020-10-28, 18:05:31, 23.28, 48.49
2020-10-28, 18:05:32, 23.28, 48.49
2020-10-28, 18:05:34, 23.28, 48.49
2020-10-28, 18:05:35, 23.28, 48.49
2020-10-28, 18:05:36, 23.28, 48.52
2020-10-28, 18:05:38, 23.28, 48.49
2020-10-28, 18:05:39, 23.28, 48.52
2020-10-28, 18:05:40, 23.28, 48.52
2020-10-28, 18:05:42, 23.29, 48.49
2020-10-28, 18:05:43, 23.28, 48.49
2020-10-28, 18:05:44, 23.3, 48.52
2020-10-28, 18:05:46, 23.3, 48.49
2020-10-28, 18:05:47, 23.3, 48.49
2020-10-28, 18:05:49, 23.31, 48.49
2020-10-28, 18:05:50, 23.32, 48.5
2020-10-28, 18:05:51, 23.3, 48.46
2020-10-28, 18:05:53, 23.31, 48.49
2020-10-28, 18:05:54, 23.31, 48.49
2020-10-28, 18:05:55, 23.31, 48.49
2020-10-28, 18:05:57, 23.31, 48.46
2020-10-28, 18:05:58, 23.3, 48.49
2020-10-28, 18:05:59, 23.3, 48.49
2020-10-28, 18:06:01, 23.3, 48.46
2020-10-28, 18:06:02, 23.3, 48.49
2020-10-28, 18:06:03, 23.32, 48.46
2020-10-28, 18:06:05, 23.3, 48.49
2020-10-28, 18:06:06, 23.3, 48.49
2020-10-28, 18:06:07, 23.31, 48.49
2020-10-28, 18:06:09, 23.3, 48.49
2020-10-28, 18:06:10, 23.31, 48.49
2020-10-28, 18:06:12, 23.3, 48.49
2020-10-28, 18:06:13, 23.31, 48.49
2020-10-28, 18:06:14, 23.32, 48.5
2020-10-28, 18:06:16, 23.31, 48.49
2020-10-28, 18:06:17, 23.32, 48.5
2020-10-28, 18:06:18, 23.31, 48.53
2020-10-28, 18:06:20, 23.31, 48.49
2020-10-28, 18:06:21, 23.31, 48.49
2020-10-28, 18:06:22, 23.31, 48.49
2020-10-28, 18:06:24, 23.33, 48.5
2020-10-28, 18:06:25, 23.32, 48.5
2020-10-28, 18:06:27, 23.32, 48.53
2020-10-28, 18:06:28, 23.32, 48.5
2020-10-28, 18:06:29, 23.31, 48.53
2020-10-28, 18:06:31, 23.3, 48.52
2020-10-28, 18:06:32, 23.31, 48.53
2020-10-28, 18:06:33, 23.31, 48.53
2020-10-28, 18:06:35, 23.31, 48.49
2020-10-28, 18:06:36, 23.32, 48.53
2020-10-28, 18:06:37, 23.32, 48.56
2020-10-28, 18:06:39, 23.31, 48.56
2020-10-28, 18:06:40, 23.31, 48.53
2020-10-28, 18:06:41, 23.29, 48.55
2020-10-28, 18:06:43, 23.3, 48.56
2020-10-28, 18:06:44, 23.3, 48.56
2020-10-28, 18:06:45, 23.3, 48.56
2020-10-28, 18:06:47, 23.31, 48.56
2020-10-28, 18:06:48, 23.31, 48.56
2020-10-28, 18:06:50, 23.3, 48.56
2020-10-28, 18:06:51, 23.32, 48.56
2020-10-28, 18:06:52, 23.32, 48.56
2020-10-28, 18:06:54, 23.3, 48.56
2020-10-28, 18:06:55, 23.32, 48.56
2020-10-28, 18:06:56, 23.32, 48.56
2020-10-28, 18:06:58, 23.32, 48.56
2020-10-28, 18:06:59, 23.32, 48.53
2020-10-28, 18:07:00, 23.32, 48.53
2020-10-28, 18:07:02, 23.32, 48.56
2020-10-28, 18:07:03, 23.32, 48.56
2020-10-28, 18:07:04, 23.32, 48.56
2020-10-28, 18:07:06, 23.32, 48.56
2020-10-28, 18:07:07, 23.31, 48.56
2020-10-28, 18:07:09, 23.33, 48.56
2020-10-28, 18:07:10, 23.31, 48.59
2020-10-28, 18:07:11, 23.32, 48.59
2020-10-28, 18:07:13, 23.32, 48.59
2020-10-28, 18:07:14, 23.33, 48.56
2020-10-28, 18:07:15, 23.3, 48.56
2020-10-28, 18:07:17, 23.32, 48.56
2020-10-28, 18:07:18, 23.32, 48.59
2020-10-28, 18:07:19, 23.32, 48.59
2020-10-28, 18:07:21, 23.31, 48.56
2020-10-28, 18:07:22, 23.32, 48.59
2020-10-28, 18:07:24, 23.3, 48.56
2020-10-28, 18:07:25, 23.3, 48.59
2020-10-28, 18:07:26, 23.31, 48.62
2020-10-28, 18:07:28, 23.32, 48.62
2020-10-28, 18:07:29, 23.31, 48.62
2020-10-28, 18:07:30, 23.32, 48.59
2020-10-28, 18:07:32, 23.3, 48.62
2020-10-28, 18:07:33, 23.3, 48.59
2020-10-28, 18:07:34, 23.32, 48.62
2020-10-28, 18:07:36, 23.32, 48.59
2020-10-28, 18:07:37, 23.32, 48.59
2020-10-28, 18:07:38, 23.33, 48.59
2020-10-28, 18:07:40, 23.32, 48.59
2020-10-28, 18:07:41, 23.31, 48.59
2020-10-28, 18:07:42, 23.3, 48.62
2020-10-28, 18:07:44, 23.32, 48.59
2020-10-28, 18:07:45, 23.32, 48.62
2020-10-28, 18:07:47, 23.3, 48.59
2020-10-28, 18:07:48, 23.31, 48.59
2020-10-28, 18:07:49, 23.31, 48.62
2020-10-28, 18:07:51, 23.32, 48.62
2020-10-28, 18:07:52, 23.31, 48.62
2020-10-28, 18:07:53, 23.3, 48.59
2020-10-28, 18:07:55, 23.31, 48.62
2020-10-28, 18:07:56, 23.32, 48.59
2020-10-28, 18:07:57, 23.31, 48.62
2020-10-28, 18:07:59, 23.31, 48.62
2020-10-28, 18:08:00, 23.31, 48.62
2020-10-28, 18:08:01, 23.32, 48.62
2020-10-28, 18:08:03, 23.3, 48.62
2020-10-28, 18:08:04, 23.3, 48.62
2020-10-28, 18:08:06, 23.31, 48.62
2020-10-28, 18:08:07, 23.3, 48.62
2020-10-28, 18:08:08, 23.3, 48.62
2020-10-28, 18:08:10, 23.3, 48.62
2020-10-28, 18:08:11, 23.3, 48.62
2020-10-28, 18:08:12, 23.31, 48.62
2020-10-28, 18:08:14, 23.3, 48.62
2020-10-28, 18:08:15, 23.3, 48.62
2020-10-28, 18:08:16, 23.3, 48.62
2020-10-28, 18:08:18, 23.3, 48.65
2020-10-28, 18:08:19, 23.29, 48.62
2020-10-28, 18:08:20, 23.3, 48.62
2020-10-28, 18:08:22, 23.3, 48.62
2020-10-28, 18:08:23, 23.31, 48.62
2020-10-28, 18:08:24, 23.3, 48.62
2020-10-28, 18:08:26, 23.3, 48.65
2020-10-28, 18:08:27, 23.3, 48.62
2020-10-28, 18:08:29, 23.3, 48.65
2020-10-28, 18:08:30, 23.3, 48.62
2020-10-28, 18:08:31, 23.3, 48.62
2020-10-28, 18:08:33, 23.3, 48.62
2020-10-28, 18:08:34, 23.3, 48.62
2020-10-28, 18:08:35, 23.3, 48.62
2020-10-28, 18:08:37, 23.29, 48.62
2020-10-28, 18:08:38, 23.3, 48.62
2020-10-28, 18:08:39, 23.31, 48.62
2020-10-28, 18:08:41, 23.31, 48.62
2020-10-28, 18:08:42, 23.31, 48.59
2020-10-28, 18:08:43, 23.29, 48.62
2020-10-28, 18:08:45, 23.3, 48.62
2020-10-28, 18:08:46, 23.3, 48.62
2020-10-28, 18:08:48, 23.31, 48.62
2020-10-28, 18:08:49, 23.3, 48.62
2020-10-28, 18:08:50, 23.31, 48.62
2020-10-28, 18:08:52, 23.31, 48.62
2020-10-28, 18:08:53, 23.31, 48.65
2020-10-28, 18:08:54, 23.31, 48.62
2020-10-28, 18:08:56, 23.31, 48.62
2020-10-28, 18:08:57, 23.31, 48.65
2020-10-28, 18:08:58, 23.31, 48.62
2020-10-28, 18:09:00, 23.32, 48.65
2020-10-28, 18:09:01, 23.32, 48.62
2020-10-28, 18:09:02, 23.32, 48.65
2020-10-28, 18:09:04, 23.32, 48.65
2020-10-28, 18:09:05, 23.32, 48.65
2020-10-28, 18:09:06, 23.32, 48.62
2020-10-28, 18:09:08, 23.32, 48.62
2020-10-28, 18:09:09, 23.33, 48.66
2020-10-28, 18:09:11, 23.33, 48.62
2020-10-28, 18:09:12, 23.31, 48.65
2020-10-28, 18:09:13, 23.32, 48.65
2020-10-28, 18:09:15, 23.32, 48.65
2020-10-28, 18:09:16, 23.33, 48.66
2020-10-28, 18:09:17, 23.32, 48.65
2020-10-28, 18:09:19, 23.32, 48.62
2020-10-28, 18:09:20, 23.34, 48.66
2020-10-28, 18:09:21, 23.33, 48.62
2020-10-28, 18:09:23, 23.34, 48.66
2020-10-28, 18:09:24, 23.33, 48.66
2020-10-28, 18:09:25, 23.32, 48.65
2020-10-28, 18:09:27, 23.33, 48.62
2020-10-28, 18:09:28, 23.3, 48.65
2020-10-28, 18:09:30, 23.33, 48.62
2020-10-28, 18:09:31, 23.32, 48.62
2020-10-28, 18:09:32, 23.33, 48.66
2020-10-28, 18:09:34, 23.32, 48.65
2020-10-28, 18:09:35, 23.32, 48.65
2020-10-28, 18:09:36, 23.33, 48.66
2020-10-28, 18:09:38, 23.32, 48.65
2020-10-28, 18:09:39, 23.31, 48.65
2020-10-28, 18:09:40, 23.32, 48.65
2020-10-28, 18:09:42, 23.32, 48.65
2020-10-28, 18:09:43, 23.32, 48.65
2020-10-28, 18:09:44, 23.33, 48.66
2020-10-28, 18:09:46, 23.33, 48.66
2020-10-28, 18:09:47, 23.33, 48.62
2020-10-28, 18:09:49, 23.33, 48.62
2020-10-28, 18:09:50, 23.32, 48.62
2020-10-28, 18:09:51, 23.32, 48.62
2020-10-28, 18:09:53, 23.34, 48.62
2020-10-28, 18:09:54, 23.33, 48.62
2020-10-28, 18:09:55, 23.32, 48.62
2020-10-28, 18:09:57, 23.34, 48.62
2020-10-28, 18:09:58, 23.32, 48.65
2020-10-28, 18:09:59, 23.32, 48.62
2020-10-28, 18:10:01, 23.33, 48.66
2020-10-28, 18:10:02, 23.32, 48.65
2020-10-28, 18:10:03, 23.32, 48.65
2020-10-28, 18:10:05, 23.33, 48.66
2020-10-28, 18:10:06, 23.34, 48.66
2020-10-28, 18:10:08, 23.33, 48.69
2020-10-28, 18:10:09, 23.32, 48.69
2020-10-28, 18:10:10, 23.33, 48.66
2020-10-28, 18:10:12, 23.32, 48.65
2020-10-28, 18:10:13, 23.32, 48.65
2020-10-28, 18:10:14, 23.33, 48.66
2020-10-28, 18:10:16, 23.33, 48.66
2020-10-28, 18:10:17, 23.32, 48.69
2020-10-28, 18:10:18, 23.33, 48.69
2020-10-28, 18:10:20, 23.34, 48.69
2020-10-28, 18:10:21, 23.33, 48.69
2020-10-28, 18:10:22, 23.34, 48.69
2020-10-28, 18:10:24, 23.33, 48.69
2020-10-28, 18:10:25, 23.33, 48.69
2020-10-28, 18:10:26, 23.34, 48.66
2020-10-28, 18:10:28, 23.34, 48.69
2020-10-28, 18:10:29, 23.34, 48.69
2020-10-28, 18:10:31, 23.32, 48.65
2020-10-28, 18:10:32, 23.33, 48.69
2020-10-28, 18:10:33, 23.32, 48.65
2020-10-28, 18:10:35, 23.32, 48.69
2020-10-28, 18:10:36, 23.31, 48.68
2020-10-28, 18:10:37, 23.32, 48.69
2020-10-28, 18:10:39, 23.33, 48.69
2020-10-28, 18:10:40, 23.33, 48.66
2020-10-28, 18:10:41, 23.3, 48.68
2020-10-28, 18:10:43, 23.32, 48.69
2020-10-28, 18:10:44, 23.32, 48.69
2020-10-28, 18:10:45, 23.32, 48.69
2020-10-28, 18:10:47, 23.33, 48.69
2020-10-28, 18:10:48, 23.32, 48.69
2020-10-28, 18:10:50, 23.33, 48.69
2020-10-28, 18:10:51, 23.33, 48.69
2020-10-28, 18:10:52, 23.32, 48.69
2020-10-28, 18:10:54, 23.33, 48.69
2020-10-28, 18:10:55, 23.31, 48.68
2020-10-28, 18:10:56, 23.31, 48.68
2020-10-28, 18:10:58, 23.32, 48.69
2020-10-28, 18:10:59, 23.32, 48.69
2020-10-28, 18:11:00, 23.32, 48.69
2020-10-28, 18:11:02, 23.32, 48.72
2020-10-28, 18:11:03, 23.31, 48.68
2020-10-28, 18:11:04, 23.32, 48.69
2020-10-28, 18:11:06, 23.32, 48.69
2020-10-28, 18:11:07, 23.33, 48.72
2020-10-28, 18:11:09, 23.31, 48.68
2020-10-28, 18:11:10, 23.31, 48.68
2020-10-28, 18:11:11, 23.33, 48.69
2020-10-28, 18:11:13, 23.33, 48.69
2020-10-28, 18:11:14, 23.32, 48.69
2020-10-28, 18:11:15, 23.32, 48.69
2020-10-28, 18:11:17, 23.32, 48.69
2020-10-28, 18:11:18, 23.32, 48.69
2020-10-28, 18:11:19, 23.32, 48.69
2020-10-28, 18:11:21, 23.31, 48.68
2020-10-28, 18:11:22, 23.32, 48.69
2020-10-28, 18:11:23, 23.31, 48.68
2020-10-28, 18:11:25, 23.31, 48.68
2020-10-28, 18:11:26, 23.31, 48.75
2020-10-28, 18:11:28, 23.33, 48.72
2020-10-28, 18:11:29, 23.33, 48.69
2020-10-28, 18:11:30, 23.32, 48.72
2020-10-28, 18:11:32, 23.32, 48.72
2020-10-28, 18:11:33, 23.31, 48.72
2020-10-28, 18:11:34, 23.31, 48.72
2020-10-28, 18:11:36, 23.32, 48.72
2020-10-28, 18:11:37, 23.32, 48.72
2020-10-28, 18:11:38, 23.32, 48.75
2020-10-28, 18:11:40, 23.32, 48.75
2020-10-28, 18:11:41, 23.31, 48.75
2020-10-28, 18:11:42, 23.3, 48.75
2020-10-28, 18:11:44, 23.3, 48.75
2020-10-28, 18:11:45, 23.31, 48.75
2020-10-28, 18:11:47, 23.31, 48.75
2020-10-28, 18:11:48, 23.31, 48.75
2020-10-28, 18:11:49, 23.3, 48.75
2020-10-28, 18:11:51, 23.32, 48.75
2020-10-28, 18:11:52, 23.32, 48.75
2020-10-28, 18:11:53, 23.31, 48.75
2020-10-28, 18:11:55, 23.33, 48.75
2020-10-28, 18:11:56, 23.32, 48.75
2020-10-28, 18:11:57, 23.3, 48.75
2020-10-28, 18:11:59, 23.3, 48.75
2020-10-28, 18:12:00, 23.3, 48.75
2020-10-28, 18:12:01, 23.31, 48.75
2020-10-28, 18:12:03, 23.28, 48.74
2020-10-28, 18:12:04, 23.3, 48.78
2020-10-28, 18:12:06, 23.29, 48.78
2020-10-28, 18:12:07, 23.29, 48.78
2020-10-28, 18:12:08, 23.28, 48.81
2020-10-28, 18:12:10, 23.29, 48.81
2020-10-28, 18:12:11, 23.29, 48.81
2020-10-28, 18:12:12, 23.29, 48.81
2020-10-28, 18:12:14, 23.29, 48.78
2020-10-28, 18:12:15, 23.29, 48.81
2020-10-28, 18:12:16, 23.28, 48.81
2020-10-28, 18:12:18, 23.3, 48.78
2020-10-28, 18:12:19, 23.3, 48.78
2020-10-28, 18:12:20, 23.3, 48.78
2020-10-28, 18:12:22, 23.3, 48.78
2020-10-28, 18:12:23, 23.3, 48.78
2020-10-28, 18:12:25, 23.3, 48.78
2020-10-28, 18:12:26, 23.29, 48.75
2020-10-28, 18:12:27, 23.29, 48.81
2020-10-28, 18:12:29, 23.3, 48.78
2020-10-28, 18:12:30, 23.28, 48.78
2020-10-28, 18:12:31, 23.29, 48.78
2020-10-28, 18:12:33, 23.3, 48.78
2020-10-28, 18:12:34, 23.28, 48.81
2020-10-28, 18:12:35, 23.3, 48.81
2020-10-28, 18:12:37, 23.29, 48.81
2020-10-28, 18:12:38, 23.29, 48.81
2020-10-28, 18:12:39, 23.28, 48.81
2020-10-28, 18:12:41, 23.28, 48.81
2020-10-28, 18:12:42, 23.28, 48.81
2020-10-28, 18:12:43, 23.27, 48.81
2020-10-28, 18:12:45, 23.28, 48.81
2020-10-28, 18:12:46, 23.28, 48.81
2020-10-28, 18:12:48, 23.28, 48.81
2020-10-28, 18:12:49, 23.28, 48.81
2020-10-28, 18:12:50, 23.28, 48.81
2020-10-28, 18:12:52, 23.28, 48.81
2020-10-28, 18:12:53, 23.29, 48.84
2020-10-28, 18:12:54, 23.28, 48.84
2020-10-28, 18:12:56, 23.27, 48.84
2020-10-28, 18:12:57, 23.27, 48.84
2020-10-28, 18:12:58, 23.28, 48.87
2020-10-28, 18:13:00, 23.27, 48.81
2020-10-28, 18:13:01, 23.28, 48.87
2020-10-28, 18:13:02, 23.28, 48.84
2020-10-28, 18:13:04, 23.28, 48.84
2020-10-28, 18:13:05, 23.27, 48.84
2020-10-28, 18:13:07, 23.26, 48.84
2020-10-28, 18:13:08, 23.26, 48.84
2020-10-28, 18:13:09, 23.27, 48.84
2020-10-28, 18:13:11, 23.27, 48.84
2020-10-28, 18:13:12, 23.27, 48.87
2020-10-28, 18:13:13, 23.25, 48.87
2020-10-28, 18:13:15, 23.26, 48.87
2020-10-28, 18:13:16, 23.28, 48.87
2020-10-28, 18:13:17, 23.27, 48.87
2020-10-28, 18:13:19, 23.26, 48.87
2020-10-28, 18:13:20, 23.27, 48.87
2020-10-28, 18:13:21, 23.27, 48.87
2020-10-28, 18:13:23, 23.26, 48.87
2020-10-28, 18:13:24, 23.26, 48.87
2020-10-28, 18:13:26, 23.27, 48.87
2020-10-28, 18:13:27, 23.26, 48.87
2020-10-28, 18:13:28, 23.27, 48.87
2020-10-28, 18:13:30, 23.26, 48.87
2020-10-28, 18:13:31, 23.27, 48.87
2020-10-28, 18:13:32, 23.26, 48.87
2020-10-28, 18:13:34, 23.26, 48.87
2020-10-28, 18:13:35, 23.26, 48.87
2020-10-28, 18:13:36, 23.26, 48.87
2020-10-28, 18:13:38, 23.26, 48.87
2020-10-28, 18:13:39, 23.26, 48.87
2020-10-28, 18:13:40, 23.26, 48.87
2020-10-28, 18:13:42, 23.26, 48.87
2020-10-28, 18:13:43, 23.26, 48.87
2020-10-28, 18:13:45, 23.25, 48.87
2020-10-28, 18:13:46, 23.26, 48.87
2020-10-28, 18:13:47, 23.26, 48.87
2020-10-28, 18:13:49, 23.26, 48.87
2020-10-28, 18:13:50, 23.25, 48.87
2020-10-28, 18:13:51, 23.25, 48.87
2020-10-28, 18:13:53, 23.25, 48.87
2020-10-28, 18:13:54, 23.26, 48.87
2020-10-28, 18:13:55, 23.24, 48.87
2020-10-28, 18:13:57, 23.24, 48.87
2020-10-28, 18:13:58, 23.24, 48.87
2020-10-28, 18:13:59, 23.26, 48.87
2020-10-28, 18:14:01, 23.24, 48.87
2020-10-28, 18:14:02, 23.24, 48.87
2020-10-28, 18:14:04, 23.24, 48.87
2020-10-28, 18:14:05, 23.24, 48.87
2020-10-28, 18:14:06, 23.24, 48.87
2020-10-28, 18:14:08, 23.25, 48.87
2020-10-28, 18:14:09, 23.24, 48.87
2020-10-28, 18:14:10, 23.25, 48.87
2020-10-28, 18:14:12, 23.24, 48.9
2020-10-28, 18:14:13, 23.24, 48.9
2020-10-28, 18:14:14, 23.24, 48.87
2020-10-28, 18:14:16, 23.25, 48.87
2020-10-28, 18:14:17, 23.24, 48.87
2020-10-28, 18:14:18, 23.23, 48.87
2020-10-28, 18:14:20, 23.23, 48.87
2020-10-28, 18:14:21, 23.22, 48.86
2020-10-28, 18:14:22, 23.24, 48.87
2020-10-28, 18:14:24, 23.23, 48.87
2020-10-28, 18:14:25, 23.23, 48.9
2020-10-28, 18:14:27, 23.23, 48.9
2020-10-28, 18:14:28, 23.24, 48.87
2020-10-28, 18:14:29, 23.23, 48.9
2020-10-28, 18:14:31, 23.22, 48.86
2020-10-28, 18:14:32, 23.23, 48.87
2020-10-28, 18:14:33, 23.23, 48.9
2020-10-28, 18:14:35, 23.22, 48.9
2020-10-28, 18:14:36, 23.22, 48.9
2020-10-28, 18:14:37, 23.24, 48.9
2020-10-28, 18:14:39, 23.22, 48.9
2020-10-28, 18:14:40, 23.22, 48.9
2020-10-28, 18:14:41, 23.21, 48.93
2020-10-28, 18:14:43, 23.21, 48.93
2020-10-28, 18:14:44, 23.2, 48.89
2020-10-28, 18:14:45, 23.21, 48.89
2020-10-28, 18:14:47, 23.21, 48.89
2020-10-28, 18:14:48, 23.22, 48.9
2020-10-28, 18:14:50, 23.21, 48.89
2020-10-28, 18:14:51, 23.22, 48.93
2020-10-28, 18:14:52, 23.22, 48.93
2020-10-28, 18:14:54, 23.21, 48.93
2020-10-28, 18:14:55, 23.21, 48.89
2020-10-28, 18:14:56, 23.22, 48.93
2020-10-28, 18:14:58, 23.21, 48.93
2020-10-28, 18:14:59, 23.2, 48.93
2020-10-28, 18:15:00, 23.21, 48.93
2020-10-28, 18:15:02, 23.21, 48.93
2020-10-28, 18:15:03, 23.21, 48.89
2020-10-28, 18:15:04, 23.2, 48.89
2020-10-28, 18:15:06, 23.2, 48.89
2020-10-28, 18:15:07, 23.2, 48.89
2020-10-28, 18:15:09, 23.2, 48.89
2020-10-28, 18:15:10, 23.21, 48.89
2020-10-28, 18:15:11, 23.21, 48.89
2020-10-28, 18:15:13, 23.2, 48.89
2020-10-28, 18:15:14, 23.2, 48.89
2020-10-28, 18:15:15, 23.21, 48.89
2020-10-28, 18:15:17, 23.2, 48.89
2020-10-28, 18:15:18, 23.21, 48.89
2020-10-28, 18:15:19, 23.19, 48.89
2020-10-28, 18:15:21, 23.2, 48.89
2020-10-28, 18:15:22, 23.2, 48.89
2020-10-28, 18:15:23, 23.2, 48.93
2020-10-28, 18:15:25, 23.2, 48.93
2020-10-28, 18:15:26, 23.2, 48.89
2020-10-28, 18:15:27, 23.2, 48.93
2020-10-28, 18:15:29, 23.2, 48.93
2020-10-28, 18:15:30, 23.19, 48.92
2020-10-28, 18:15:32, 23.2, 48.93
2020-10-28, 18:15:33, 23.21, 48.93
2020-10-28, 18:15:34, 23.2, 48.93
2020-10-28, 18:15:36, 23.2, 48.93
2020-10-28, 18:15:37, 23.2, 48.93
2020-10-28, 18:15:38, 23.2, 48.93
2020-10-28, 18:15:40, 23.2, 48.89
2020-10-28, 18:15:41, 23.2, 48.93
2020-10-28, 18:15:42, 23.19, 48.92
2020-10-28, 18:15:44, 23.19, 48.89
2020-10-28, 18:15:45, 23.18, 48.92
2020-10-28, 18:15:46, 23.18, 48.92
2020-10-28, 18:15:48, 23.2, 48.93
2020-10-28, 18:15:49, 23.19, 48.92
2020-10-28, 18:15:51, 23.18, 48.92
2020-10-28, 18:15:52, 23.18, 48.92
2020-10-28, 18:15:53, 23.19, 48.92
2020-10-28, 18:15:55, 23.19, 48.96
2020-10-28, 18:15:56, 23.19, 48.96
2020-10-28, 18:15:57, 23.19, 48.96
2020-10-28, 18:15:59, 23.19, 48.96
2020-10-28, 18:16:00, 23.19, 48.96
2020-10-28, 18:16:01, 23.17, 48.92
2020-10-28, 18:16:03, 23.19, 48.92
2020-10-28, 18:16:04, 23.19, 48.92
2020-10-28, 18:16:05, 23.18, 48.92
2020-10-28, 18:16:07, 23.18, 48.92
2020-10-28, 18:16:08, 23.17, 48.92
2020-10-28, 18:16:09, 23.18, 48.92
2020-10-28, 18:16:11, 23.2, 48.93
2020-10-28, 18:16:12, 23.18, 48.92
2020-10-28, 18:16:14, 23.18, 48.92
2020-10-28, 18:16:15, 23.2, 48.93
2020-10-28, 18:16:16, 23.19, 48.92
2020-10-28, 18:16:18, 23.2, 48.93
2020-10-28, 18:16:19, 23.19, 48.92
2020-10-28, 18:16:20, 23.18, 48.92
2020-10-28, 18:16:22, 23.2, 48.93
2020-10-28, 18:16:23, 23.18, 48.92
2020-10-28, 18:16:24, 23.18, 48.92
2020-10-28, 18:16:26, 23.18, 48.92
2020-10-28, 18:16:27, 23.18, 48.92
2020-10-28, 18:16:28, 23.19, 48.92
2020-10-28, 18:16:30, 23.18, 48.92
2020-10-28, 18:16:31, 23.18, 48.92
2020-10-28, 18:16:33, 23.17, 48.89
2020-10-28, 18:16:34, 23.17, 48.92
2020-10-28, 18:16:35, 23.18, 48.92
2020-10-28, 18:16:37, 23.18, 48.92
2020-10-28, 18:16:38, 23.19, 48.92
2020-10-28, 18:16:39, 23.18, 48.92
2020-10-28, 18:16:41, 23.17, 48.89
2020-10-28, 18:16:42, 23.17, 48.92
2020-10-28, 18:16:43, 23.17, 48.92
2020-10-28, 18:16:45, 23.18, 48.89
2020-10-28, 18:16:46, 23.17, 48.92
2020-10-28, 18:16:47, 23.18, 48.92
2020-10-28, 18:16:49, 23.19, 48.89
2020-10-28, 18:16:50, 23.18, 48.92
2020-10-28, 18:16:52, 23.19, 48.92
2020-10-28, 18:16:53, 23.19, 48.89
2020-10-28, 18:16:54, 23.18, 48.89
2020-10-28, 18:16:56, 23.18, 48.89
2020-10-28, 18:16:57, 23.18, 48.89
2020-10-28, 18:16:58, 23.18, 48.89
2020-10-28, 18:17:00, 23.19, 48.89
2020-10-28, 18:17:01, 23.17, 48.89
2020-10-28, 18:17:02, 23.15, 48.89
2020-10-28, 18:17:04, 23.16, 48.89
2020-10-28, 18:17:05, 23.18, 48.89
2020-10-28, 18:17:07, 23.17, 48.89
2020-10-28, 18:17:08, 23.17, 48.89
2020-10-28, 18:17:09, 23.19, 48.89
2020-10-28, 18:17:11, 23.2, 48.89
2020-10-28, 18:17:12, 23.18, 48.89
2020-10-28, 18:17:13, 23.19, 48.89
2020-10-28, 18:17:15, 23.19, 48.86
2020-10-28, 18:17:16, 23.19, 48.86
2020-10-28, 18:17:17, 23.19, 48.86
2020-10-28, 18:17:19, 23.19, 48.86
2020-10-28, 18:17:20, 23.18, 48.86
2020-10-28, 18:17:21, 23.2, 48.86
2020-10-28, 18:17:23, 23.21, 48.86
2020-10-28, 18:17:24, 23.2, 48.86
2020-10-28, 18:17:26, 23.21, 48.86
2020-10-28, 18:17:27, 23.2, 48.86
2020-10-28, 18:17:28, 23.21, 48.86
2020-10-28, 18:17:30, 23.21, 48.83
2020-10-28, 18:17:31, 23.19, 48.83
2020-10-28, 18:17:32, 23.2, 48.83
2020-10-28, 18:17:34, 23.19, 48.83
2020-10-28, 18:17:35, 23.18, 48.83
2020-10-28, 18:17:36, 23.18, 48.86
2020-10-28, 18:17:38, 23.19, 48.83
2020-10-28, 18:17:39, 23.19, 48.83
2020-10-28, 18:17:40, 23.18, 48.83
2020-10-28, 18:17:42, 23.18, 48.83
2020-10-28, 18:17:43, 23.18, 48.8
2020-10-28, 18:17:44, 23.18, 48.83
2020-10-28, 18:17:46, 23.18, 48.83
2020-10-28, 18:17:47, 23.19, 48.83
2020-10-28, 18:17:49, 23.2, 48.8
2020-10-28, 18:17:50, 23.19, 48.83
2020-10-28, 18:17:51, 23.2, 48.83
2020-10-28, 18:17:53, 23.2, 48.83
2020-10-28, 18:17:54, 23.2, 48.8
2020-10-28, 18:17:55, 23.19, 48.83
2020-10-28, 18:17:57, 23.18, 48.8
2020-10-28, 18:17:58, 23.2, 48.8
2020-10-28, 18:17:59, 23.2, 48.8
2020-10-28, 18:18:01, 23.2, 48.8
2020-10-28, 18:18:02, 23.2, 48.8
2020-10-28, 18:18:03, 23.21, 48.8
2020-10-28, 18:18:05, 23.2, 48.8
2020-10-28, 18:18:06, 23.2, 48.8
2020-10-28, 18:18:08, 23.19, 48.8
2020-10-28, 18:18:09, 23.2, 48.8
2020-10-28, 18:18:10, 23.19, 48.8
2020-10-28, 18:18:12, 23.2, 48.8
2020-10-28, 18:18:13, 23.2, 48.8
2020-10-28, 18:18:14, 23.2, 48.8
2020-10-28, 18:18:16, 23.2, 48.8
2020-10-28, 18:18:17, 23.21, 48.8
2020-10-28, 18:18:18, 23.21, 48.8
2020-10-28, 18:18:20, 23.21, 48.8
2020-10-28, 18:18:21, 23.21, 48.8
2020-10-28, 18:18:23, 23.2, 48.8
2020-10-28, 18:18:24, 23.2, 48.8
2020-10-28, 18:18:25, 23.22, 48.8
2020-10-28, 18:18:27, 23.21, 48.8
2020-10-28, 18:18:28, 23.21, 48.8
2020-10-28, 18:18:29, 23.2, 48.8
2020-10-28, 18:18:31, 23.21, 48.8
2020-10-28, 18:18:32, 23.21, 48.8
2020-10-28, 18:18:33, 23.22, 48.77
2020-10-28, 18:18:35, 23.21, 48.77
2020-10-28, 18:18:36, 23.21, 48.77
2020-10-28, 18:18:37, 23.22, 48.77
2020-10-28, 18:18:39, 23.2, 48.77
2020-10-28, 18:18:40, 23.21, 48.77
2020-10-28, 18:18:42, 23.2, 48.77
2020-10-28, 18:18:43, 23.22, 48.77
2020-10-28, 18:18:44, 23.21, 48.77
2020-10-28, 18:18:46, 23.2, 48.77
2020-10-28, 18:18:47, 23.21, 48.74
2020-10-28, 18:18:48, 23.2, 48.77
2020-10-28, 18:18:50, 23.2, 48.73
2020-10-28, 18:18:51, 23.2, 48.73
2020-10-28, 18:18:52, 23.21, 48.77
2020-10-28, 18:18:54, 23.21, 48.74
2020-10-28, 18:18:55, 23.21, 48.74
2020-10-28, 18:18:56, 23.21, 48.74
2020-10-28, 18:18:58, 23.2, 48.73
2020-10-28, 18:18:59, 23.22, 48.74
2020-10-28, 18:19:01, 23.21, 48.74
2020-10-28, 18:19:02, 23.22, 48.74
2020-10-28, 18:19:03, 23.21, 48.74
2020-10-28, 18:19:05, 23.23, 48.74
2020-10-28, 18:19:06, 23.22, 48.7
2020-10-28, 18:19:07, 23.21, 48.74
2020-10-28, 18:19:09, 23.21, 48.74
2020-10-28, 18:19:10, 23.21, 48.7
2020-10-28, 18:19:11, 23.21, 48.74
2020-10-28, 18:19:13, 23.2, 48.7
2020-10-28, 18:19:14, 23.21, 48.7
2020-10-28, 18:19:15, 23.21, 48.7
2020-10-28, 18:19:17, 23.23, 48.71
2020-10-28, 18:19:18, 23.22, 48.7
2020-10-28, 18:19:19, 23.23, 48.71
2020-10-28, 18:19:21, 23.21, 48.7
2020-10-28, 18:19:22, 23.23, 48.67
2020-10-28, 18:19:24, 23.22, 48.7
2020-10-28, 18:19:25, 23.22, 48.7
2020-10-28, 18:19:26, 23.22, 48.7
2020-10-28, 18:19:28, 23.23, 48.67
2020-10-28, 18:19:29, 23.22, 48.67
2020-10-28, 18:19:30, 23.23, 48.67
2020-10-28, 18:19:32, 23.22, 48.67
2020-10-28, 18:19:33, 23.23, 48.67
2020-10-28, 18:19:34, 23.25, 48.68
2020-10-28, 18:19:36, 23.23, 48.67
2020-10-28, 18:19:37, 23.23, 48.67
2020-10-28, 18:19:38, 23.23, 48.67
2020-10-28, 18:19:40, 23.23, 48.67
2020-10-28, 18:19:41, 23.23, 48.67
2020-10-28, 18:19:42, 23.25, 48.68
2020-10-28, 18:19:44, 23.23, 48.67
2020-10-28, 18:19:45, 23.23, 48.67
2020-10-28, 18:19:47, 23.23, 48.67
2020-10-28, 18:19:48, 23.23, 48.67
2020-10-28, 18:19:49, 23.22, 48.67
2020-10-28, 18:19:51, 23.23, 48.67
2020-10-28, 18:19:52, 23.23, 48.67
2020-10-28, 18:19:53, 23.23, 48.67
2020-10-28, 18:19:55, 23.24, 48.68
2020-10-28, 18:19:56, 23.24, 48.68
2020-10-28, 18:19:57, 23.23, 48.64
2020-10-28, 18:19:59, 23.24, 48.64
2020-10-28, 18:20:00, 23.24, 48.64
2020-10-28, 18:20:01, 23.24, 48.68
2020-10-28, 18:20:03, 23.23, 48.64
2020-10-28, 18:20:04, 23.22, 48.67
2020-10-28, 18:20:05, 23.24, 48.64
2020-10-28, 18:20:07, 23.24, 48.64
2020-10-28, 18:20:08, 23.24, 48.64
2020-10-28, 18:20:10, 23.24, 48.64
2020-10-28, 18:20:11, 23.22, 48.64
2020-10-28, 18:20:12, 23.23, 48.64
2020-10-28, 18:20:14, 23.22, 48.64
2020-10-28, 18:20:15, 23.22, 48.64
2020-10-28, 18:20:16, 23.23, 48.64
2020-10-28, 18:20:18, 23.23, 48.67
2020-10-28, 18:20:19, 23.23, 48.67
2020-10-28, 18:20:20, 23.22, 48.64
2020-10-28, 18:20:22, 23.23, 48.67
2020-10-28, 18:20:23, 23.24, 48.68
2020-10-28, 18:20:24, 23.22, 48.67
2020-10-28, 18:20:26, 23.23, 48.67
2020-10-28, 18:20:27, 23.24, 48.68
2020-10-28, 18:20:29, 23.23, 48.67
2020-10-28, 18:20:30, 23.23, 48.67
2020-10-28, 18:20:31, 23.22, 48.67
2020-10-28, 18:20:33, 23.22, 48.67
2020-10-28, 18:20:34, 23.23, 48.67
2020-10-28, 18:20:35, 23.23, 48.67
2020-10-28, 18:20:37, 23.23, 48.67
2020-10-28, 18:20:38, 23.24, 48.68
2020-10-28, 18:20:39, 23.24, 48.64
2020-10-28, 18:20:41, 23.24, 48.68
2020-10-28, 18:20:42, 23.25, 48.65
2020-10-28, 18:20:43, 23.23, 48.67
2020-10-28, 18:20:45, 23.25, 48.68
2020-10-28, 18:20:46, 23.23, 48.64
2020-10-28, 18:20:47, 23.23, 48.67
2020-10-28, 18:20:49, 23.23, 48.67
2020-10-28, 18:20:50, 23.23, 48.67
2020-10-28, 18:20:52, 23.22, 48.67
2020-10-28, 18:20:53, 23.22, 48.67
2020-10-28, 18:20:54, 23.22, 48.67
2020-10-28, 18:20:56, 23.22, 48.67
2020-10-28, 18:20:57, 23.23, 48.67
2020-10-28, 18:20:58, 23.22, 48.67
2020-10-28, 18:21:00, 23.22, 48.67
2020-10-28, 18:21:01, 23.21, 48.67
2020-10-28, 18:21:02, 23.22, 48.7
2020-10-28, 18:21:04, 23.22, 48.7
2020-10-28, 18:21:05, 23.22, 48.7
2020-10-28, 18:21:06, 23.21, 48.7
2020-10-28, 18:21:08, 23.22, 48.7
2020-10-28, 18:21:09, 23.21, 48.7
2020-10-28, 18:21:11, 23.22, 48.7
2020-10-28, 18:21:12, 23.22, 48.7
2020-10-28, 18:21:13, 23.22, 48.7
2020-10-28, 18:21:15, 23.22, 48.74
2020-10-28, 18:21:16, 23.22, 48.7
2020-10-28, 18:21:17, 23.22, 48.74
2020-10-28, 18:21:19, 23.22, 48.7
2020-10-28, 18:21:20, 23.23, 48.71
2020-10-28, 18:21:21, 23.23, 48.71
2020-10-28, 18:21:23, 23.22, 48.7
2020-10-28, 18:21:24, 23.22, 48.7
2020-10-28, 18:21:25, 23.23, 48.71
2020-10-28, 18:21:27, 23.22, 48.74
2020-10-28, 18:21:28, 23.22, 48.74
2020-10-28, 18:21:29, 23.22, 48.7
2020-10-28, 18:21:31, 23.23, 48.71
2020-10-28, 18:21:32, 23.23, 48.71
2020-10-28, 18:21:34, 23.22, 48.7
2020-10-28, 18:21:35, 23.22, 48.7
2020-10-28, 18:21:36, 23.23, 48.74
2020-10-28, 18:21:38, 23.23, 48.71
2020-10-28, 18:21:39, 23.23, 48.71
2020-10-28, 18:21:40, 23.22, 48.7
2020-10-28, 18:21:42, 23.22, 48.7
2020-10-28, 18:21:43, 23.23, 48.71
2020-10-28, 18:21:44, 23.23, 48.71
2020-10-28, 18:21:46, 23.23, 48.74
2020-10-28, 18:21:47, 23.22, 48.7
2020-10-28, 18:21:48, 23.22, 48.7
2020-10-28, 18:21:50, 23.22, 48.7
2020-10-28, 18:21:51, 23.24, 48.74
2020-10-28, 18:21:52, 23.23, 48.71
2020-10-28, 18:21:54, 23.23, 48.71
2020-10-28, 18:21:55, 23.24, 48.68
2020-10-28, 18:21:57, 23.24, 48.71
2020-10-28, 18:21:58, 23.25, 48.71
2020-10-28, 18:21:59, 23.24, 48.68
2020-10-28, 18:22:01, 23.24, 48.71
2020-10-28, 18:22:02, 23.25, 48.71
2020-10-28, 18:22:03, 23.26, 48.71
2020-10-28, 18:22:05, 23.25, 48.68
2020-10-28, 18:22:06, 23.25, 48.71
2020-10-28, 18:22:07, 23.24, 48.68
2020-10-28, 18:22:09, 23.24, 48.71
2020-10-28, 18:22:10, 23.24, 48.68
2020-10-28, 18:22:11, 23.25, 48.71
2020-10-28, 18:22:13, 23.25, 48.71
2020-10-28, 18:22:14, 23.24, 48.68
2020-10-28, 18:22:15, 23.25, 48.68
2020-10-28, 18:22:17, 23.26, 48.68
2020-10-28, 18:22:18, 23.26, 48.68
2020-10-28, 18:22:20, 23.26, 48.68
2020-10-28, 18:22:21, 23.26, 48.65
2020-10-28, 18:22:22, 23.26, 48.65
2020-10-28, 18:22:24, 23.27, 48.65
2020-10-28, 18:22:25, 23.26, 48.65
2020-10-28, 18:22:26, 23.26, 48.65
2020-10-28, 18:22:28, 23.26, 48.65
2020-10-28, 18:22:29, 23.25, 48.65
2020-10-28, 18:22:30, 23.28, 48.65
2020-10-28, 18:22:32, 23.26, 48.65
2020-10-28, 18:22:33, 23.26, 48.68
2020-10-28, 18:22:34, 23.26, 48.68
2020-10-28, 18:22:36, 23.27, 48.68
2020-10-28, 18:22:37, 23.27, 48.68
2020-10-28, 18:22:39, 23.27, 48.68
2020-10-28, 18:22:40, 23.27, 48.68
2020-10-28, 18:22:41, 23.27, 48.68
2020-10-28, 18:22:43, 23.27, 48.68
2020-10-28, 18:22:44, 23.26, 48.68
2020-10-28, 18:22:45, 23.27, 48.68
2020-10-28, 18:22:47, 23.27, 48.68
2020-10-28, 18:22:48, 23.28, 48.68
2020-10-28, 18:22:49, 23.28, 48.68
2020-10-28, 18:22:51, 23.27, 48.68
2020-10-28, 18:22:52, 23.26, 48.68
2020-10-28, 18:22:53, 23.26, 48.68
2020-10-28, 18:22:55, 23.27, 48.68
2020-10-28, 18:22:56, 23.26, 48.68
2020-10-28, 18:22:57, 23.27, 48.68
2020-10-28, 18:22:59, 23.27, 48.68
2020-10-28, 18:23:00, 23.27, 48.68
2020-10-28, 18:23:02, 23.28, 48.68
2020-10-28, 18:23:03, 23.28, 48.68
2020-10-28, 18:23:04, 23.28, 48.68
2020-10-28, 18:23:06, 23.28, 48.68
2020-10-28, 18:23:07, 23.28, 48.68
2020-10-28, 18:23:08, 23.28, 48.68
2020-10-28, 18:23:10, 23.26, 48.68
2020-10-28, 18:23:11, 23.26, 48.68
2020-10-28, 18:23:12, 23.26, 48.71
2020-10-28, 18:23:14, 23.28, 48.68
2020-10-28, 18:23:15, 23.27, 48.68
2020-10-28, 18:23:16, 23.28, 48.68
2020-10-28, 18:23:18, 23.28, 48.71
2020-10-28, 18:23:19, 23.29, 48.71
2020-10-28, 18:23:21, 23.29, 48.68
2020-10-28, 18:23:22, 23.28, 48.68
2020-10-28, 18:23:23, 23.28, 48.68
2020-10-28, 18:23:25, 23.29, 48.71
2020-10-28, 18:23:26, 23.28, 48.68
2020-10-28, 18:23:27, 23.28, 48.68
2020-10-28, 18:23:29, 23.3, 48.68
2020-10-28, 18:23:30, 23.3, 48.68
2020-10-28, 18:23:31, 23.29, 48.65
2020-10-28, 18:23:33, 23.3, 48.68
2020-10-28, 18:23:34, 23.3, 48.65
2020-10-28, 18:23:35, 23.29, 48.68
2020-10-28, 18:23:37, 23.3, 48.68
2020-10-28, 18:23:38, 23.29, 48.68
2020-10-28, 18:23:40, 23.3, 48.68
2020-10-28, 18:23:41, 23.29, 48.68
2020-10-28, 18:23:42, 23.3, 48.68
2020-10-28, 18:23:44, 23.29, 48.68
2020-10-28, 18:23:45, 23.29, 48.68
2020-10-28, 18:23:46, 23.29, 48.68
2020-10-28, 18:23:48, 23.29, 48.68
2020-10-28, 18:23:49, 23.3, 48.68
2020-10-28, 18:23:50, 23.29, 48.68
2020-10-28, 18:23:52, 23.29, 48.68
2020-10-28, 18:23:53, 23.29, 48.68
2020-10-28, 18:23:54, 23.3, 48.68
2020-10-28, 18:23:56, 23.3, 48.68
2020-10-28, 18:23:57, 23.3, 48.68
2020-10-28, 18:23:59, 23.29, 48.68
2020-10-28, 18:24:00, 23.28, 48.68
2020-10-28, 18:24:01, 23.3, 48.68
2020-10-28, 18:24:03, 23.29, 48.68
2020-10-28, 18:24:04, 23.29, 48.68
2020-10-28, 18:24:05, 23.29, 48.68
2020-10-28, 18:24:07, 23.28, 48.68
2020-10-28, 18:24:08, 23.3, 48.68
2020-10-28, 18:24:09, 23.29, 48.68
2020-10-28, 18:24:11, 23.3, 48.68
2020-10-28, 18:24:12, 23.31, 48.68
2020-10-28, 18:24:13, 23.31, 48.68
2020-10-28, 18:24:15, 23.3, 48.68
2020-10-28, 18:24:16, 23.31, 48.68
2020-10-28, 18:24:18, 23.3, 48.68
2020-10-28, 18:24:19, 23.3, 48.68
2020-10-28, 18:24:20, 23.3, 48.68
2020-10-28, 18:24:22, 23.3, 48.68
2020-10-28, 18:24:23, 23.32, 48.65
2020-10-28, 18:24:24, 23.31, 48.68
2020-10-28, 18:24:26, 23.32, 48.65
2020-10-28, 18:24:27, 23.32, 48.69
2020-10-28, 18:24:28, 23.31, 48.68
2020-10-28, 18:24:30, 23.32, 48.69
2020-10-28, 18:24:31, 23.33, 48.66
2020-10-28, 18:24:32, 23.32, 48.65
2020-10-28, 18:24:34, 23.32, 48.65
2020-10-28, 18:24:35, 23.32, 48.65
2020-10-28, 18:24:36, 23.33, 48.66
2020-10-28, 18:24:38, 23.32, 48.62
2020-10-28, 18:24:39, 23.33, 48.62
2020-10-28, 18:24:41, 23.33, 48.62
2020-10-28, 18:24:42, 23.33, 48.66
2020-10-28, 18:24:43, 23.32, 48.62
2020-10-28, 18:24:45, 23.32, 48.62
2020-10-28, 18:24:46, 23.32, 48.65
2020-10-28, 18:24:47, 23.32, 48.62
2020-10-28, 18:24:49, 23.32, 48.62
2020-10-28, 18:24:50, 23.34, 48.62
2020-10-28, 18:24:51, 23.34, 48.62
2020-10-28, 18:24:53, 23.31, 48.65
2020-10-28, 18:24:54, 23.33, 48.62
2020-10-28, 18:24:55, 23.33, 48.62
2020-10-28, 18:24:57, 23.32, 48.65
2020-10-28, 18:24:58, 23.3, 48.65
2020-10-28, 18:25:00, 23.31, 48.65
2020-10-28, 18:25:01, 23.32, 48.65
2020-10-28, 18:25:02, 23.31, 48.65
2020-10-28, 18:25:04, 23.31, 48.65
2020-10-28, 18:25:05, 23.32, 48.65
2020-10-28, 18:25:06, 23.33, 48.66
2020-10-28, 18:25:08, 23.3, 48.65
2020-10-28, 18:25:09, 23.32, 48.65
2020-10-28, 18:25:10, 23.32, 48.65
2020-10-28, 18:25:12, 23.32, 48.69
2020-10-28, 18:25:13, 23.33, 48.69
2020-10-28, 18:25:14, 23.33, 48.69
2020-10-28, 18:25:16, 23.32, 48.69
2020-10-28, 18:25:17, 23.31, 48.68
2020-10-28, 18:25:19, 23.31, 48.65
2020-10-28, 18:25:20, 23.32, 48.65
2020-10-28, 18:25:21, 23.33, 48.69
2020-10-28, 18:25:23, 23.32, 48.65
2020-10-28, 18:25:24, 23.32, 48.65
2020-10-28, 18:25:25, 23.32, 48.62
2020-10-28, 18:25:27, 23.33, 48.66
2020-10-28, 18:25:28, 23.33, 48.69
2020-10-28, 18:25:29, 23.33, 48.66
2020-10-28, 18:25:31, 23.32, 48.65
2020-10-28, 18:25:32, 23.32, 48.65
2020-10-28, 18:25:33, 23.31, 48.65
2020-10-28, 18:25:35, 23.33, 48.66
2020-10-28, 18:25:36, 23.31, 48.65
2020-10-28, 18:25:38, 23.32, 48.69
2020-10-28, 18:25:39, 23.32, 48.69
2020-10-28, 18:25:40, 23.32, 48.69
2020-10-28, 18:25:42, 23.32, 48.69
2020-10-28, 18:25:43, 23.32, 48.69
2020-10-28, 18:25:44, 23.33, 48.66
2020-10-28, 18:25:46, 23.32, 48.69
2020-10-28, 18:25:47, 23.32, 48.69
2020-10-28, 18:25:48, 23.32, 48.69
2020-10-28, 18:25:50, 23.32, 48.69
2020-10-28, 18:25:51, 23.32, 48.69
2020-10-28, 18:25:53, 23.34, 48.69
2020-10-28, 18:25:54, 23.32, 48.69
2020-10-28, 18:25:55, 23.32, 48.69
2020-10-28, 18:25:57, 23.32, 48.69
2020-10-28, 18:25:58, 23.33, 48.66
2020-10-28, 18:25:59, 23.32, 48.69
2020-10-28, 18:26:01, 23.32, 48.69
2020-10-28, 18:26:02, 23.31, 48.68
2020-10-28, 18:26:03, 23.32, 48.69
2020-10-28, 18:26:05, 23.34, 48.69
2020-10-28, 18:26:06, 23.34, 48.69
2020-10-28, 18:26:07, 23.33, 48.69
2020-10-28, 18:26:09, 23.32, 48.69
2020-10-28, 18:26:10, 23.33, 48.69
2020-10-28, 18:26:11, 23.32, 48.69
2020-10-28, 18:26:13, 23.34, 48.69
2020-10-28, 18:26:14, 23.34, 48.69
2020-10-28, 18:26:16, 23.33, 48.69
2020-10-28, 18:26:17, 23.34, 48.69
2020-10-28, 18:26:18, 23.32, 48.69
2020-10-28, 18:26:20, 23.33, 48.69
2020-10-28, 18:26:21, 23.33, 48.69
2020-10-28, 18:26:22, 23.33, 48.69
2020-10-28, 18:26:24, 23.34, 48.69
2020-10-28, 18:26:25, 23.32, 48.69
2020-10-28, 18:26:26, 23.32, 48.69
2020-10-28, 18:26:28, 23.32, 48.69
2020-10-28, 18:26:29, 23.32, 48.69
2020-10-28, 18:26:30, 23.34, 48.69
2020-10-28, 18:26:32, 23.34, 48.72
2020-10-28, 18:26:33, 23.33, 48.69
2020-10-28, 18:26:35, 23.33, 48.69
2020-10-28, 18:26:36, 23.32, 48.69
2020-10-28, 18:26:37, 23.33, 48.69
2020-10-28, 18:26:39, 23.32, 48.72
2020-10-28, 18:26:40, 23.33, 48.69
2020-10-28, 18:26:41, 23.33, 48.72
2020-10-28, 18:26:43, 23.32, 48.75
2020-10-28, 18:26:44, 23.33, 48.72
2020-10-28, 18:26:45, 23.32, 48.75
2020-10-28, 18:26:47, 23.3, 48.75
2020-10-28, 18:26:48, 23.32, 48.75
2020-10-28, 18:26:49, 23.32, 48.75
2020-10-28, 18:26:51, 23.32, 48.75
2020-10-28, 18:26:52, 23.32, 48.75
2020-10-28, 18:26:54, 23.32, 48.75
2020-10-28, 18:26:55, 23.32, 48.78
2020-10-28, 18:26:56, 23.32, 48.75
2020-10-28, 18:26:58, 23.3, 48.75
2020-10-28, 18:26:59, 23.32, 48.75
2020-10-28, 18:27:00, 23.33, 48.75
2020-10-28, 18:27:02, 23.33, 48.75
2020-10-28, 18:27:03, 23.34, 48.75
2020-10-28, 18:27:04, 23.34, 48.75
2020-10-28, 18:27:06, 23.34, 48.75
2020-10-28, 18:27:07, 23.33, 48.75
2020-10-28, 18:27:08, 23.31, 48.78
2020-10-28, 18:27:10, 23.33, 48.78
2020-10-28, 18:27:11, 23.33, 48.75
2020-10-28, 18:27:13, 23.34, 48.75
2020-10-28, 18:27:14, 23.33, 48.75
2020-10-28, 18:27:15, 23.32, 48.75
2020-10-28, 18:27:17, 23.32, 48.75
2020-10-28, 18:27:18, 23.33, 48.75
2020-10-28, 18:27:19, 23.34, 48.78
2020-10-28, 18:27:21, 23.33, 48.75
2020-10-28, 18:27:22, 23.32, 48.75
2020-10-28, 18:27:23, 23.32, 48.75
2020-10-28, 18:27:25, 23.32, 48.75
2020-10-28, 18:27:26, 23.33, 48.75
2020-10-28, 18:27:27, 23.33, 48.75
2020-10-28, 18:27:29, 23.33, 48.75
2020-10-28, 18:27:30, 23.33, 48.75
2020-10-28, 18:27:32, 23.34, 48.75
2020-10-28, 18:27:33, 23.33, 48.75
2020-10-28, 18:27:34, 23.33, 48.75
2020-10-28, 18:27:36, 23.34, 48.78
2020-10-28, 18:27:37, 23.34, 48.75
2020-10-28, 18:27:38, 23.34, 48.78
2020-10-28, 18:27:40, 23.34, 48.78
2020-10-28, 18:27:41, 23.34, 48.78
2020-10-28, 18:27:42, 23.35, 48.79
2020-10-28, 18:27:44, 23.33, 48.75
2020-10-28, 18:27:45, 23.33, 48.78
2020-10-28, 18:27:46, 23.33, 48.78
2020-10-28, 18:27:48, 23.35, 48.82
2020-10-28, 18:27:49, 23.34, 48.78
2020-10-28, 18:27:50, 23.33, 48.78
2020-10-28, 18:27:52, 23.34, 48.82
2020-10-28, 18:27:53, 23.34, 48.78
2020-10-28, 18:27:55, 23.34, 48.78
2020-10-28, 18:27:56, 23.34, 48.78
2020-10-28, 18:27:57, 23.34, 48.75
2020-10-28, 18:27:59, 23.34, 48.82
2020-10-28, 18:28:00, 23.35, 48.82
2020-10-28, 18:28:01, 23.36, 48.75
2020-10-28, 18:28:03, 23.36, 48.79
2020-10-28, 18:28:04, 23.34, 48.82
2020-10-28, 18:28:05, 23.35, 48.82
2020-10-28, 18:28:07, 23.35, 48.79
2020-10-28, 18:28:08, 23.34, 48.82
2020-10-28, 18:28:09, 23.35, 48.82
2020-10-28, 18:28:11, 23.34, 48.82
2020-10-28, 18:28:12, 23.34, 48.82
2020-10-28, 18:28:14, 23.32, 48.81
2020-10-28, 18:28:15, 23.33, 48.81
2020-10-28, 18:28:16, 23.33, 48.81
2020-10-28, 18:28:18, 23.33, 48.81
2020-10-28, 18:28:19, 23.32, 48.81
2020-10-28, 18:28:20, 23.34, 48.82
2020-10-28, 18:28:22, 23.34, 48.82
2020-10-28, 18:28:23, 23.33, 48.81
2020-10-28, 18:28:24, 23.34, 48.82
2020-10-28, 18:28:26, 23.34, 48.85
2020-10-28, 18:28:27, 23.35, 48.82
2020-10-28, 18:28:28, 23.34, 48.82
2020-10-28, 18:28:30, 23.34, 48.82
2020-10-28, 18:28:31, 23.34, 48.85
2020-10-28, 18:28:33, 23.33, 48.85
2020-10-28, 18:28:34, 23.33, 48.85
2020-10-28, 18:28:35, 23.31, 48.84
2020-10-28, 18:28:37, 23.32, 48.88
2020-10-28, 18:28:38, 23.32, 48.88
2020-10-28, 18:28:39, 23.32, 48.85
2020-10-28, 18:28:41, 23.31, 48.88
2020-10-28, 18:28:42, 23.33, 48.88
2020-10-28, 18:28:43, 23.32, 48.88
2020-10-28, 18:28:45, 23.31, 48.88
2020-10-28, 18:28:46, 23.32, 48.88
2020-10-28, 18:28:47, 23.33, 48.88
2020-10-28, 18:28:49, 23.32, 48.88
2020-10-28, 18:28:50, 23.32, 48.88
2020-10-28, 18:28:52, 23.32, 48.91
2020-10-28, 18:28:53, 23.32, 48.88
2020-10-28, 18:28:54, 23.32, 48.91
2020-10-28, 18:28:56, 23.32, 48.88
2020-10-28, 18:28:57, 23.33, 48.88
2020-10-28, 18:28:58, 23.33, 48.88
2020-10-28, 18:29:00, 23.34, 48.88
2020-10-28, 18:29:01, 23.32, 48.88
2020-10-28, 18:29:02, 23.33, 48.88
2020-10-28, 18:29:04, 23.34, 48.88
2020-10-28, 18:29:05, 23.33, 48.88
2020-10-28, 18:29:06, 23.32, 48.88
2020-10-28, 18:29:08, 23.31, 48.88
2020-10-28, 18:29:09, 23.32, 48.88
2020-10-28, 18:29:10, 23.31, 48.88
2020-10-28, 18:29:12, 23.3, 48.87
2020-10-28, 18:29:13, 23.32, 48.91
2020-10-28, 18:29:15, 23.32, 48.91
2020-10-28, 18:29:16, 23.31, 48.91
2020-10-28, 18:29:17, 23.32, 48.91
2020-10-28, 18:29:19, 23.29, 48.9
2020-10-28, 18:29:20, 23.31, 48.91
2020-10-28, 18:29:21, 23.32, 48.94
2020-10-28, 18:29:23, 23.31, 48.94
2020-10-28, 18:29:24, 23.3, 48.91
2020-10-28, 18:29:25, 23.3, 48.91
2020-10-28, 18:29:27, 23.31, 48.94
2020-10-28, 18:29:28, 23.3, 48.94
2020-10-28, 18:29:30, 23.31, 48.94
2020-10-28, 18:29:31, 23.31, 48.91
2020-10-28, 18:29:32, 23.31, 48.94
2020-10-28, 18:29:34, 23.3, 48.91
2020-10-28, 18:29:35, 23.31, 48.94
2020-10-28, 18:29:36, 23.31, 48.94
2020-10-28, 18:29:38, 23.32, 48.94
2020-10-28, 18:29:39, 23.31, 48.94
2020-10-28, 18:29:40, 23.32, 48.94
2020-10-28, 18:29:42, 23.31, 48.94
2020-10-28, 18:29:43, 23.31, 48.94
2020-10-28, 18:29:44, 23.31, 48.94
2020-10-28, 18:29:46, 23.31, 48.94
2020-10-28, 18:29:47, 23.32, 48.94
2020-10-28, 18:29:49, 23.31, 48.94
2020-10-28, 18:29:50, 23.31, 48.94
2020-10-28, 18:29:51, 23.32, 48.94
2020-10-28, 18:29:53, 23.33, 48.94
2020-10-28, 18:29:54, 23.32, 48.94
2020-10-28, 18:29:55, 23.32, 48.91
2020-10-28, 18:29:57, 23.32, 48.94
2020-10-28, 18:29:58, 23.32, 48.94
2020-10-28, 18:29:59, 23.32, 48.94
2020-10-28, 18:30:01, 23.34, 48.91
2020-10-28, 18:30:02, 23.32, 48.94
2020-10-28, 18:30:03, 23.32, 48.94
2020-10-28, 18:30:05, 23.32, 48.94
2020-10-28, 18:30:06, 23.3, 48.94
2020-10-28, 18:30:08, 23.31, 48.94
2020-10-28, 18:30:09, 23.3, 48.97
2020-10-28, 18:30:10, 23.33, 48.94
2020-10-28, 18:30:12, 23.32, 48.94
2020-10-28, 18:30:13, 23.33, 48.94
2020-10-28, 18:30:14, 23.32, 48.94
2020-10-28, 18:30:16, 23.32, 48.94
2020-10-28, 18:30:17, 23.32, 48.94
2020-10-28, 18:30:18, 23.32, 48.94
2020-10-28, 18:30:20, 23.32, 48.94
2020-10-28, 18:30:21, 23.32, 48.94
2020-10-28, 18:30:22, 23.3, 48.94
2020-10-28, 18:30:24, 23.31, 48.94
2020-10-28, 18:30:25, 23.32, 48.94
2020-10-28, 18:30:27, 23.33, 48.94
2020-10-28, 18:30:28, 23.33, 48.94
2020-10-28, 18:30:29, 23.32, 48.94
2020-10-28, 18:30:31, 23.32, 48.94
2020-10-28, 18:30:32, 23.33, 48.94
2020-10-28, 18:30:33, 23.31, 48.94
2020-10-28, 18:30:35, 23.32, 48.94
2020-10-28, 18:30:36, 23.3, 48.91
2020-10-28, 18:30:37, 23.3, 48.94
2020-10-28, 18:30:39, 23.3, 48.94
2020-10-28, 18:30:40, 23.31, 48.94
2020-10-28, 18:30:41, 23.31, 48.94
2020-10-28, 18:30:43, 23.32, 48.94
2020-10-28, 18:30:44, 23.3, 48.94
2020-10-28, 18:30:46, 23.3, 48.94
2020-10-28, 18:30:47, 23.32, 48.94
2020-10-28, 18:30:48, 23.31, 48.94
2020-10-28, 18:30:50, 23.33, 48.94
2020-10-28, 18:30:51, 23.34, 48.94
2020-10-28, 18:30:52, 23.34, 48.94
2020-10-28, 18:30:54, 23.34, 48.91
2020-10-28, 18:30:55, 23.35, 48.91
2020-10-28, 18:30:56, 23.32, 48.94
2020-10-28, 18:30:58, 23.34, 48.91
2020-10-28, 18:30:59, 23.34, 48.91
2020-10-28, 18:31:00, 23.35, 48.88
2020-10-28, 18:31:02, 23.33, 48.88
2020-10-28, 18:31:03, 23.33, 48.91
2020-10-28, 18:31:05, 23.33, 48.91
2020-10-28, 18:31:06, 23.34, 48.91
2020-10-28, 18:31:07, 23.33, 48.91
2020-10-28, 18:31:09, 23.32, 48.91
2020-10-28, 18:31:10, 23.33, 48.91
2020-10-28, 18:31:11, 23.33, 48.91
2020-10-28, 18:31:13, 23.33, 48.91
2020-10-28, 18:31:14, 23.33, 48.91
2020-10-28, 18:31:15, 23.34, 48.91
2020-10-28, 18:31:17, 23.34, 48.91
2020-10-28, 18:31:18, 23.34, 48.91
2020-10-28, 18:31:20, 23.34, 48.88
2020-10-28, 18:31:21, 23.35, 48.88
2020-10-28, 18:31:22, 23.34, 48.88
2020-10-28, 18:31:24, 23.34, 48.91
2020-10-28, 18:31:25, 23.34, 48.88
2020-10-28, 18:31:26, 23.33, 48.91
2020-10-28, 18:31:28, 23.34, 48.88
2020-10-28, 18:31:29, 23.32, 48.88
2020-10-28, 18:31:30, 23.34, 48.88
2020-10-28, 18:31:32, 23.34, 48.88
2020-10-28, 18:31:33, 23.34, 48.88
2020-10-28, 18:31:34, 23.34, 48.88
2020-10-28, 18:31:36, 23.34, 48.88
2020-10-28, 18:31:37, 23.33, 48.88
2020-10-28, 18:31:39, 23.34, 48.88
2020-10-28, 18:31:40, 23.33, 48.88
2020-10-28, 18:31:41, 23.34, 48.88
2020-10-28, 18:31:43, 23.32, 48.88
2020-10-28, 18:31:44, 23.33, 48.88
2020-10-28, 18:31:45, 23.33, 48.88
2020-10-28, 18:31:47, 23.32, 48.88
2020-10-28, 18:31:48, 23.32, 48.88
2020-10-28, 18:31:49, 23.33, 48.88
2020-10-28, 18:31:51, 23.33, 48.88
2020-10-28, 18:31:52, 23.34, 48.88
2020-10-28, 18:31:53, 23.34, 48.88
2020-10-28, 18:31:55, 23.32, 48.88
2020-10-28, 18:31:56, 23.33, 48.88
2020-10-28, 18:31:58, 23.32, 48.88
2020-10-28, 18:31:59, 23.34, 48.88
2020-10-28, 18:32:00, 23.34, 48.88
2020-10-28, 18:32:02, 23.34, 48.88
2020-10-28, 18:32:03, 23.34, 48.88
2020-10-28, 18:32:04, 23.34, 48.88
2020-10-28, 18:32:06, 23.34, 48.88
2020-10-28, 18:32:07, 23.35, 48.88
2020-10-28, 18:32:08, 23.33, 48.88
2020-10-28, 18:32:10, 23.35, 48.88
2020-10-28, 18:32:11, 23.34, 48.88
2020-10-28, 18:32:12, 23.34, 48.88
2020-10-28, 18:32:14, 23.34, 48.88
2020-10-28, 18:32:15, 23.34, 48.88
2020-10-28, 18:32:16, 23.32, 48.88
2020-10-28, 18:32:18, 23.33, 48.88
2020-10-28, 18:32:19, 23.33, 48.88
2020-10-28, 18:32:21, 23.32, 48.88
2020-10-28, 18:32:22, 23.33, 48.88
2020-10-28, 18:32:23, 23.33, 48.88
2020-10-28, 18:32:25, 23.33, 48.88
2020-10-28, 18:32:26, 23.32, 48.85
2020-10-28, 18:32:27, 23.32, 48.85
2020-10-28, 18:32:29, 23.32, 48.88
2020-10-28, 18:32:30, 23.33, 48.88
2020-10-28, 18:32:31, 23.32, 48.88
2020-10-28, 18:32:33, 23.32, 48.85
2020-10-28, 18:32:34, 23.31, 48.88
2020-10-28, 18:32:35, 23.3, 48.87
2020-10-28, 18:32:37, 23.31, 48.88
2020-10-28, 18:32:38, 23.32, 48.88
2020-10-28, 18:32:40, 23.32, 48.88
2020-10-28, 18:32:41, 23.31, 48.88
2020-10-28, 18:32:42, 23.32, 48.91
2020-10-28, 18:32:44, 23.31, 48.88
2020-10-28, 18:32:45, 23.32, 48.88
2020-10-28, 18:32:46, 23.31, 48.88
2020-10-28, 18:32:48, 23.31, 48.88
2020-10-28, 18:32:49, 23.31, 48.88
2020-10-28, 18:32:50, 23.31, 48.88
2020-10-28, 18:32:52, 23.32, 48.88
2020-10-28, 18:32:53, 23.3, 48.87
2020-10-28, 18:32:54, 23.31, 48.88
2020-10-28, 18:32:56, 23.32, 48.88
2020-10-28, 18:32:57, 23.32, 48.88
2020-10-28, 18:32:59, 23.33, 48.88
2020-10-28, 18:33:00, 23.32, 48.88
2020-10-28, 18:33:01, 23.32, 48.88
2020-10-28, 18:33:03, 23.32, 48.88
2020-10-28, 18:33:04, 23.32, 48.88
2020-10-28, 18:33:05, 23.32, 48.88
2020-10-28, 18:33:07, 23.31, 48.88
2020-10-28, 18:33:08, 23.31, 48.84
2020-10-28, 18:33:09, 23.31, 48.88
2020-10-28, 18:33:11, 23.3, 48.87
2020-10-28, 18:33:12, 23.31, 48.88
2020-10-28, 18:33:13, 23.31, 48.88
2020-10-28, 18:33:15, 23.3, 48.87
2020-10-28, 18:33:16, 23.32, 48.91
2020-10-28, 18:33:18, 23.3, 48.87
2020-10-28, 18:33:19, 23.31, 48.88
2020-10-28, 18:33:20, 23.31, 48.88
2020-10-28, 18:33:22, 23.3, 48.87
2020-10-28, 18:33:23, 23.31, 48.91
2020-10-28, 18:33:24, 23.3, 48.87
2020-10-28, 18:33:26, 23.3, 48.91
2020-10-28, 18:33:27, 23.3, 48.91
2020-10-28, 18:33:28, 23.29, 48.87
2020-10-28, 18:33:30, 23.3, 48.91
2020-10-28, 18:33:31, 23.3, 48.87
2020-10-28, 18:33:32, 23.3, 48.87
2020-10-28, 18:33:34, 23.3, 48.87
2020-10-28, 18:33:35, 23.3, 48.87
2020-10-28, 18:33:36, 23.3, 48.87
2020-10-28, 18:33:38, 23.29, 48.87
2020-10-28, 18:33:39, 23.3, 48.87
2020-10-28, 18:33:41, 23.3, 48.87
2020-10-28, 18:33:42, 23.29, 48.87
2020-10-28, 18:33:43, 23.3, 48.87
2020-10-28, 18:33:45, 23.29, 48.87
2020-10-28, 18:33:46, 23.28, 48.87
2020-10-28, 18:33:47, 23.29, 48.87
2020-10-28, 18:33:49, 23.28, 48.87
2020-10-28, 18:33:50, 23.28, 48.9
2020-10-28, 18:33:51, 23.29, 48.9
2020-10-28, 18:33:53, 23.28, 48.87
2020-10-28, 18:33:54, 23.28, 48.87
2020-10-28, 18:33:55, 23.28, 48.9
2020-10-28, 18:33:57, 23.28, 48.87
2020-10-28, 18:33:58, 23.29, 48.9
2020-10-28, 18:33:59, 23.3, 48.91
2020-10-28, 18:34:01, 23.3, 48.91
2020-10-28, 18:34:02, 23.3, 48.91
2020-10-28, 18:34:04, 23.29, 48.87
2020-10-28, 18:34:05, 23.29, 48.87
2020-10-28, 18:34:06, 23.27, 48.87
2020-10-28, 18:34:08, 23.29, 48.87
2020-10-28, 18:34:09, 23.28, 48.87
2020-10-28, 18:34:10, 23.28, 48.87
2020-10-28, 18:34:12, 23.3, 48.87
2020-10-28, 18:34:13, 23.3, 48.87
2020-10-28, 18:34:14, 23.29, 48.87
2020-10-28, 18:34:16, 23.28, 48.87
2020-10-28, 18:34:17, 23.28, 48.87
2020-10-28, 18:34:18, 23.29, 48.87
2020-10-28, 18:34:20, 23.29, 48.87
2020-10-28, 18:34:21, 23.3, 48.87
2020-10-28, 18:34:23, 23.27, 48.87
2020-10-28, 18:34:24, 23.27, 48.87
2020-10-28, 18:34:25, 23.27, 48.87
2020-10-28, 18:34:27, 23.26, 48.87
2020-10-28, 18:34:28, 23.26, 48.87
2020-10-28, 18:34:29, 23.26, 48.9
2020-10-28, 18:34:31, 23.27, 48.87
2020-10-28, 18:34:32, 23.27, 48.9
2020-10-28, 18:34:33, 23.27, 48.9
2020-10-28, 18:34:35, 23.27, 48.9
2020-10-28, 18:34:36, 23.27, 48.87
2020-10-28, 18:34:38, 23.27, 48.9
2020-10-28, 18:34:39, 23.26, 48.9
2020-10-28, 18:34:40, 23.27, 48.93
2020-10-28, 18:34:42, 23.27, 48.9
2020-10-28, 18:34:43, 23.28, 48.94
2020-10-28, 18:34:44, 23.26, 48.9
2020-10-28, 18:34:46, 23.27, 48.93
2020-10-28, 18:34:47, 23.27, 48.93
2020-10-28, 18:34:48, 23.26, 48.87
2020-10-28, 18:34:50, 23.24, 48.9
2020-10-28, 18:34:51, 23.25, 48.9
2020-10-28, 18:34:52, 23.27, 48.9
2020-10-28, 18:34:54, 23.27, 48.9
2020-10-28, 18:34:55, 23.26, 48.9
2020-10-28, 18:34:57, 23.24, 48.93
2020-10-28, 18:34:58, 23.26, 48.9
2020-10-28, 18:34:59, 23.26, 48.9
2020-10-28, 18:35:01, 23.23, 48.9
2020-10-28, 18:35:02, 23.24, 48.9
2020-10-28, 18:35:03, 23.24, 48.9
2020-10-28, 18:35:05, 23.24, 48.9
2020-10-28, 18:35:06, 23.24, 48.9
2020-10-28, 18:35:07, 23.25, 48.9
2020-10-28, 18:35:09, 23.25, 48.93
2020-10-28, 18:35:10, 23.24, 48.9
2020-10-28, 18:35:11, 23.25, 48.93
2020-10-28, 18:35:13, 23.25, 48.9
2020-10-28, 18:35:14, 23.24, 48.9
2020-10-28, 18:35:16, 23.24, 48.9
2020-10-28, 18:35:17, 23.24, 48.9
2020-10-28, 18:35:18, 23.25, 48.93
2020-10-28, 18:35:20, 23.24, 48.93
2020-10-28, 18:35:21, 23.24, 48.93
2020-10-28, 18:35:22, 23.23, 48.9
2020-10-28, 18:35:24, 23.24, 48.93
2020-10-28, 18:35:25, 23.23, 48.93
2020-10-28, 18:35:26, 23.23, 48.93
2020-10-28, 18:35:28, 23.22, 48.93
2020-10-28, 18:35:29, 23.24, 48.93
2020-10-28, 18:35:30, 23.23, 48.93
2020-10-28, 18:35:32, 23.22, 48.93
2020-10-28, 18:35:33, 23.22, 48.93
2020-10-28, 18:35:35, 23.24, 48.93
2020-10-28, 18:35:36, 23.21, 48.93
2020-10-28, 18:35:37, 23.22, 48.93
2020-10-28, 18:35:39, 23.22, 48.93
2020-10-28, 18:35:40, 23.23, 48.93
2020-10-28, 18:35:41, 23.24, 48.93
2020-10-28, 18:35:43, 23.23, 48.93
2020-10-28, 18:35:44, 23.24, 48.93
2020-10-28, 18:35:45, 23.24, 48.93
2020-10-28, 18:35:47, 23.24, 48.93
2020-10-28, 18:35:48, 23.23, 48.93
2020-10-28, 18:35:49, 23.23, 48.93
2020-10-28, 18:35:51, 23.22, 48.93
2020-10-28, 18:35:52, 23.23, 48.93
2020-10-28, 18:35:53, 23.24, 48.93
2020-10-28, 18:35:55, 23.23, 48.93
2020-10-28, 18:35:56, 23.23, 48.93
2020-10-28, 18:35:58, 23.25, 48.93
2020-10-28, 18:35:59, 23.24, 48.93
2020-10-28, 18:36:00, 23.23, 48.93
2020-10-28, 18:36:02, 23.24, 48.93
2020-10-28, 18:36:03, 23.24, 48.93
2020-10-28, 18:36:04, 23.24, 48.93
2020-10-28, 18:36:06, 23.24, 48.93
2020-10-28, 18:36:07, 23.25, 48.93
2020-10-28, 18:36:08, 23.23, 48.93
2020-10-28, 18:36:10, 23.24, 48.93
2020-10-28, 18:36:11, 23.22, 48.93
2020-10-28, 18:36:12, 23.22, 48.93
2020-10-28, 18:36:14, 23.23, 48.93
2020-10-28, 18:36:15, 23.23, 48.93
2020-10-28, 18:36:17, 23.23, 48.93
2020-10-28, 18:36:18, 23.23, 48.9
2020-10-28, 18:36:19, 23.23, 48.9
2020-10-28, 18:36:21, 23.23, 48.9
2020-10-28, 18:36:22, 23.23, 48.9
2020-10-28, 18:36:23, 23.21, 48.89
2020-10-28, 18:36:25, 23.23, 48.9
2020-10-28, 18:36:26, 23.23, 48.9
2020-10-28, 18:36:27, 23.24, 48.9
2020-10-28, 18:36:29, 23.24, 48.87
2020-10-28, 18:36:30, 23.24, 48.9
2020-10-28, 18:36:31, 23.23, 48.9
2020-10-28, 18:36:33, 23.24, 48.87
2020-10-28, 18:36:34, 23.24, 48.9
2020-10-28, 18:36:35, 23.24, 48.9
2020-10-28, 18:36:37, 23.23, 48.9
2020-10-28, 18:36:38, 23.23, 48.9
2020-10-28, 18:36:40, 23.24, 48.9
2020-10-28, 18:36:41, 23.23, 48.9
2020-10-28, 18:36:42, 23.23, 48.9
2020-10-28, 18:36:44, 23.21, 48.93
2020-10-28, 18:36:45, 23.22, 48.9
2020-10-28, 18:36:46, 23.24, 48.93
2020-10-28, 18:36:48, 23.23, 48.9
2020-10-28, 18:36:49, 23.24, 48.93
2020-10-28, 18:36:50, 23.24, 48.93
2020-10-28, 18:36:52, 23.24, 48.9
2020-10-28, 18:36:53, 23.22, 48.9
2020-10-28, 18:36:54, 23.22, 48.9
2020-10-28, 18:36:56, 23.24, 48.9
2020-10-28, 18:36:57, 23.23, 48.9
2020-10-28, 18:36:59, 23.22, 48.9
2020-10-28, 18:37:00, 23.23, 48.9
2020-10-28, 18:37:01, 23.23, 48.9
2020-10-28, 18:37:03, 23.23, 48.9
2020-10-28, 18:37:04, 23.23, 48.9
2020-10-28, 18:37:05, 23.22, 48.9
2020-10-28, 18:37:07, 23.22, 48.9
2020-10-28, 18:37:08, 23.22, 48.9
2020-10-28, 18:37:09, 23.22, 48.9
2020-10-28, 18:37:11, 23.21, 48.89
2020-10-28, 18:37:12, 23.22, 48.9
2020-10-28, 18:37:13, 23.22, 48.9
2020-10-28, 18:37:15, 23.22, 48.9
2020-10-28, 18:37:16, 23.22, 48.9
2020-10-28, 18:37:18, 23.22, 48.9
2020-10-28, 18:37:19, 23.21, 48.93
2020-10-28, 18:37:20, 23.21, 48.93
2020-10-28, 18:37:22, 23.21, 48.93
2020-10-28, 18:37:23, 23.22, 48.9
2020-10-28, 18:37:24, 23.22, 48.9
2020-10-28, 18:37:26, 23.21, 48.89
2020-10-28, 18:37:27, 23.21, 48.93
2020-10-28, 18:37:28, 23.22, 48.9
2020-10-28, 18:37:30, 23.21, 48.93
2020-10-28, 18:37:31, 23.21, 48.89
2020-10-28, 18:37:32, 23.21, 48.89
2020-10-28, 18:37:34, 23.22, 48.9
2020-10-28, 18:37:35, 23.2, 48.89
2020-10-28, 18:37:37, 23.21, 48.89
2020-10-28, 18:37:38, 23.23, 48.9
2020-10-28, 18:37:39, 23.22, 48.9
2020-10-28, 18:37:41, 23.22, 48.9
2020-10-28, 18:37:42, 23.22, 48.9
2020-10-28, 18:37:43, 23.21, 48.86
2020-10-28, 18:37:45, 23.22, 48.86
2020-10-28, 18:37:46, 23.22, 48.9
2020-10-28, 18:37:47, 23.22, 48.86
2020-10-28, 18:37:49, 23.2, 48.89
2020-10-28, 18:37:50, 23.2, 48.89
2020-10-28, 18:37:51, 23.2, 48.89
2020-10-28, 18:37:53, 23.2, 48.89
2020-10-28, 18:37:54, 23.2, 48.89
2020-10-28, 18:37:56, 23.2, 48.89
2020-10-28, 18:37:57, 23.2, 48.86
2020-10-28, 18:37:58, 23.22, 48.9
2020-10-28, 18:38:00, 23.19, 48.89
2020-10-28, 18:38:01, 23.19, 48.89
2020-10-28, 18:38:02, 23.19, 48.89
2020-10-28, 18:38:04, 23.2, 48.89
2020-10-28, 18:38:05, 23.19, 48.92
2020-10-28, 18:38:06, 23.2, 48.89
2020-10-28, 18:38:08, 23.2, 48.89
2020-10-28, 18:38:09, 23.2, 48.89
2020-10-28, 18:38:10, 23.2, 48.89
2020-10-28, 18:38:12, 23.19, 48.89
2020-10-28, 18:38:13, 23.2, 48.93
2020-10-28, 18:38:15, 23.2, 48.89
2020-10-28, 18:38:16, 23.2, 48.89
2020-10-28, 18:38:17, 23.22, 48.9
2020-10-28, 18:38:19, 23.21, 48.89
2020-10-28, 18:38:20, 23.22, 48.86
2020-10-28, 18:38:21, 23.21, 48.89
2020-10-28, 18:38:23, 23.22, 48.86
2020-10-28, 18:38:24, 23.22, 48.86
2020-10-28, 18:38:25, 23.23, 48.87
2020-10-28, 18:38:27, 23.22, 48.86
2020-10-28, 18:38:28, 23.22, 48.86
2020-10-28, 18:38:29, 23.21, 48.86
2020-10-28, 18:38:31, 23.22, 48.86
2020-10-28, 18:38:32, 23.21, 48.86
2020-10-28, 18:38:33, 23.21, 48.83
2020-10-28, 18:38:35, 23.21, 48.86
2020-10-28, 18:38:36, 23.2, 48.86
2020-10-28, 18:38:38, 23.22, 48.86
2020-10-28, 18:38:39, 23.21, 48.86
2020-10-28, 18:38:40, 23.22, 48.83
2020-10-28, 18:38:42, 23.22, 48.86
2020-10-28, 18:38:43, 23.21, 48.86
2020-10-28, 18:38:44, 23.22, 48.83
2020-10-28, 18:38:46, 23.2, 48.83
2020-10-28, 18:38:47, 23.2, 48.83
2020-10-28, 18:38:48, 23.21, 48.83
2020-10-28, 18:38:50, 23.22, 48.83
2020-10-28, 18:38:51, 23.21, 48.86
2020-10-28, 18:38:52, 23.21, 48.83
2020-10-28, 18:38:54, 23.2, 48.86
2020-10-28, 18:38:55, 23.22, 48.86
2020-10-28, 18:38:57, 23.22, 48.86
2020-10-28, 18:38:58, 23.22, 48.83
2020-10-28, 18:38:59, 23.21, 48.86
2020-10-28, 18:39:01, 23.21, 48.86
2020-10-28, 18:39:02, 23.21, 48.86
2020-10-28, 18:39:03, 23.21, 48.83
2020-10-28, 18:39:05, 23.22, 48.83
2020-10-28, 18:39:06, 23.22, 48.83
2020-10-28, 18:39:07, 23.22, 48.86
2020-10-28, 18:39:09, 23.21, 48.83
2020-10-28, 18:39:10, 23.22, 48.83
2020-10-28, 18:39:11, 23.21, 48.86
2020-10-28, 18:39:13, 23.22, 48.83
2020-10-28, 18:39:14, 23.21, 48.83
2020-10-28, 18:39:16, 23.21, 48.83
2020-10-28, 18:39:17, 23.21, 48.83
2020-10-28, 18:39:18, 23.21, 48.83
2020-10-28, 18:39:20, 23.21, 48.83
2020-10-28, 18:39:21, 23.21, 48.8
2020-10-28, 18:39:22, 23.2, 48.83
2020-10-28, 18:39:24, 23.21, 48.83
2020-10-28, 18:39:25, 23.2, 48.83
2020-10-28, 18:39:26, 23.2, 48.83
2020-10-28, 18:39:28, 23.21, 48.83
2020-10-28, 18:39:29, 23.2, 48.83
2020-10-28, 18:39:30, 23.18, 48.8
2020-10-28, 18:39:32, 23.2, 48.83
2020-10-28, 18:39:33, 23.19, 48.83
2020-10-28, 18:39:35, 23.2, 48.83
2020-10-28, 18:39:36, 23.18, 48.83
2020-10-28, 18:39:37, 23.18, 48.83
2020-10-28, 18:39:39, 23.2, 48.8
2020-10-28, 18:39:40, 23.2, 48.83
2020-10-28, 18:39:41, 23.2, 48.83
2020-10-28, 18:39:43, 23.2, 48.83
2020-10-28, 18:39:44, 23.21, 48.83
2020-10-28, 18:39:45, 23.2, 48.83
2020-10-28, 18:39:47, 23.2, 48.83
2020-10-28, 18:39:48, 23.2, 48.83
2020-10-28, 18:39:49, 23.2, 48.83
2020-10-28, 18:39:51, 23.2, 48.8
2020-10-28, 18:39:52, 23.19, 48.83
2020-10-28, 18:39:54, 23.19, 48.83
2020-10-28, 18:39:55, 23.19, 48.83
2020-10-28, 18:39:56, 23.19, 48.8
2020-10-28, 18:39:58, 23.19, 48.83
2020-10-28, 18:39:59, 23.19, 48.83
2020-10-28, 18:40:00, 23.2, 48.83
2020-10-28, 18:40:02, 23.2, 48.83
2020-10-28, 18:40:03, 23.2, 48.83
2020-10-28, 18:40:04, 23.21, 48.83
2020-10-28, 18:40:06, 23.2, 48.83
2020-10-28, 18:40:07, 23.19, 48.8
2020-10-28, 18:40:08, 23.21, 48.8
2020-10-28, 18:40:10, 23.2, 48.8
2020-10-28, 18:40:11, 23.2, 48.8
2020-10-28, 18:40:12, 23.21, 48.8
2020-10-28, 18:40:14, 23.21, 48.8
2020-10-28, 18:40:15, 23.21, 48.8
2020-10-28, 18:40:17, 23.21, 48.8
2020-10-28, 18:40:18, 23.2, 48.8
2020-10-28, 18:40:19, 23.21, 48.8
2020-10-28, 18:40:21, 23.22, 48.8
2020-10-28, 18:40:22, 23.21, 48.8
2020-10-28, 18:40:23, 23.21, 48.8
2020-10-28, 18:40:25, 23.21, 48.8
2020-10-28, 18:40:26, 23.22, 48.8
2020-10-28, 18:40:27, 23.21, 48.8
2020-10-28, 18:40:29, 23.2, 48.77
2020-10-28, 18:40:30, 23.2, 48.8
2020-10-28, 18:40:31, 23.2, 48.8
2020-10-28, 18:40:33, 23.2, 48.8
2020-10-28, 18:40:34, 23.21, 48.8
2020-10-28, 18:40:36, 23.21, 48.77
2020-10-28, 18:40:37, 23.21, 48.8
2020-10-28, 18:40:38, 23.21, 48.8
2020-10-28, 18:40:40, 23.21, 48.8
2020-10-28, 18:40:41, 23.21, 48.8
2020-10-28, 18:40:42, 23.21, 48.8
2020-10-28, 18:40:44, 23.22, 48.8
2020-10-28, 18:40:45, 23.2, 48.8
2020-10-28, 18:40:46, 23.2, 48.8
2020-10-28, 18:40:48, 23.2, 48.8
2020-10-28, 18:40:49, 23.2, 48.8
2020-10-28, 18:40:50, 23.19, 48.8
2020-10-28, 18:40:52, 23.2, 48.8
2020-10-28, 18:40:53, 23.21, 48.8
2020-10-28, 18:40:55, 23.2, 48.77
2020-10-28, 18:40:56, 23.2, 48.8
2020-10-28, 18:40:57, 23.2, 48.8
2020-10-28, 18:40:59, 23.2, 48.8
2020-10-28, 18:41:00, 23.2, 48.8
2020-10-28, 18:41:01, 23.2, 48.8
2020-10-28, 18:41:03, 23.2, 48.8
2020-10-28, 18:41:04, 23.12, 48.79
2020-10-28, 18:41:06, 23.18, 48.83
2020-10-28, 18:41:07, 23.2, 48.86
2020-10-28, 18:41:08, 23.2, 48.83
2020-10-28, 18:41:10, 23.19, 48.8
2020-10-28, 18:41:11, 23.19, 48.86
2020-10-28, 18:41:12, 23.18, 48.8
2020-10-28, 18:41:14, 23.19, 48.8
2020-10-28, 18:41:15, 23.16, 48.79
2020-10-28, 18:41:16, 23.18, 48.8
2020-10-28, 18:41:18, 23.18, 48.8
2020-10-28, 18:41:19, 23.18, 48.8
2020-10-28, 18:41:21, 23.19, 48.8
2020-10-28, 18:41:22, 23.18, 48.8
2020-10-28, 18:41:23, 23.19, 48.8
2020-10-28, 18:41:25, 23.16, 48.79
2020-10-28, 18:41:26, 23.18, 48.8
2020-10-28, 18:41:27, 23.18, 48.8
2020-10-28, 18:41:29, 23.18, 48.8
2020-10-28, 18:41:30, 23.18, 48.76
2020-10-28, 18:41:31, 23.17, 48.76
2020-10-28, 18:41:33, 23.18, 48.8
2020-10-28, 18:41:34, 23.18, 48.8
2020-10-28, 18:41:35, 23.17, 48.79
2020-10-28, 18:41:37, 23.17, 48.79
2020-10-28, 18:41:38, 23.18, 48.8
2020-10-28, 18:41:40, 23.18, 48.8
2020-10-28, 18:41:41, 23.18, 48.76
2020-10-28, 18:41:42, 23.18, 48.73
2020-10-28, 18:41:44, 23.18, 48.8
2020-10-28, 18:41:45, 23.19, 48.76
2020-10-28, 18:41:46, 23.18, 48.8
2020-10-28, 18:41:48, 23.18, 48.76
2020-10-28, 18:41:49, 23.18, 48.76
2020-10-28, 18:41:50, 23.18, 48.76
2020-10-28, 18:41:52, 23.18, 48.76
2020-10-28, 18:41:53, 23.18, 48.76
2020-10-28, 18:41:54, 23.2, 48.77
2020-10-28, 18:41:56, 23.19, 48.76
2020-10-28, 18:41:57, 23.18, 48.73
2020-10-28, 18:41:59, 23.2, 48.73
2020-10-28, 18:42:00, 23.2, 48.73
2020-10-28, 18:42:01, 23.18, 48.73
2020-10-28, 18:42:03, 23.16, 48.73
2020-10-28, 18:42:04, 23.19, 48.73
2020-10-28, 18:42:05, 23.19, 48.73
2020-10-28, 18:42:07, 23.18, 48.73
2020-10-28, 18:42:08, 23.16, 48.73
2020-10-28, 18:42:09, 23.19, 48.73
2020-10-28, 18:42:11, 23.19, 48.73
2020-10-28, 18:42:12, 23.19, 48.73
2020-10-28, 18:42:14, 23.19, 48.73
2020-10-28, 18:42:15, 23.19, 48.73
2020-10-28, 18:42:16, 23.19, 48.7
2020-10-28, 18:42:18, 23.2, 48.7
2020-10-28, 18:42:19, 23.2, 48.7
2020-10-28, 18:42:20, 23.2, 48.7
2020-10-28, 18:42:22, 23.18, 48.7
2020-10-28, 18:42:23, 23.2, 48.7
2020-10-28, 18:42:24, 23.21, 48.67
2020-10-28, 18:42:26, 23.19, 48.7
2020-10-28, 18:42:27, 23.2, 48.67
2020-10-28, 18:42:28, 23.19, 48.67
2020-10-28, 18:42:30, 23.18, 48.67
2020-10-28, 18:42:31, 23.2, 48.67
2020-10-28, 18:42:33, 23.2, 48.67
2020-10-28, 18:42:34, 23.22, 48.67
2020-10-28, 18:42:35, 23.2, 48.7
2020-10-28, 18:42:37, 23.21, 48.67
2020-10-28, 18:42:38, 23.22, 48.67
2020-10-28, 18:42:39, 23.22, 48.67
2020-10-28, 18:42:41, 23.21, 48.67
2020-10-28, 18:42:42, 23.21, 48.67
2020-10-28, 18:42:43, 23.22, 48.67
2020-10-28, 18:42:45, 23.22, 48.67
2020-10-28, 18:42:46, 23.2, 48.67
2020-10-28, 18:42:48, 23.2, 48.67
2020-10-28, 18:42:49, 23.2, 48.67
2020-10-28, 18:42:50, 23.21, 48.67
2020-10-28, 18:42:52, 23.2, 48.67
2020-10-28, 18:42:53, 23.2, 48.67
2020-10-28, 18:42:54, 23.2, 48.67
2020-10-28, 18:42:56, 23.21, 48.67
2020-10-28, 18:42:57, 23.22, 48.67
2020-10-28, 18:42:58, 23.22, 48.67
2020-10-28, 18:43:00, 23.21, 48.64
2020-10-28, 18:43:01, 23.22, 48.67
2020-10-28, 18:43:02, 23.2, 48.64
2020-10-28, 18:43:04, 23.21, 48.64
2020-10-28, 18:43:05, 23.22, 48.67
2020-10-28, 18:43:07, 23.23, 48.64
2020-10-28, 18:43:08, 23.19, 48.67
2020-10-28, 18:43:09, 23.21, 48.67
2020-10-28, 18:43:11, 23.2, 48.64
2020-10-28, 18:43:12, 23.2, 48.67
2020-10-28, 18:43:13, 23.2, 48.64
2020-10-28, 18:43:15, 23.2, 48.67
2020-10-28, 18:43:16, 23.2, 48.64
2020-10-28, 18:43:17, 23.2, 48.67
2020-10-28, 18:43:19, 23.19, 48.64
2020-10-28, 18:43:20, 23.2, 48.64
2020-10-28, 18:43:21, 23.2, 48.67
2020-10-28, 18:43:23, 23.2, 48.67
2020-10-28, 18:43:24, 23.2, 48.67
2020-10-28, 18:43:26, 23.21, 48.67
2020-10-28, 18:43:27, 23.2, 48.64
2020-10-28, 18:43:28, 23.2, 48.64
2020-10-28, 18:43:30, 23.19, 48.61
2020-10-28, 18:43:31, 23.21, 48.64
2020-10-28, 18:43:32, 23.22, 48.64
2020-10-28, 18:43:34, 23.22, 48.64
2020-10-28, 18:43:35, 23.22, 48.61
2020-10-28, 18:43:36, 23.23, 48.61
2020-10-28, 18:43:38, 23.23, 48.61
2020-10-28, 18:43:39, 23.22, 48.61
2020-10-28, 18:43:40, 23.22, 48.61
2020-10-28, 18:43:42, 23.22, 48.61
2020-10-28, 18:43:43, 23.23, 48.61
2020-10-28, 18:43:45, 23.22, 48.61
2020-10-28, 18:43:46, 23.22, 48.61
2020-10-28, 18:43:47, 23.22, 48.61
2020-10-28, 18:43:49, 23.22, 48.61
2020-10-28, 18:43:50, 23.22, 48.61
2020-10-28, 18:43:51, 23.21, 48.61
2020-10-28, 18:43:53, 23.22, 48.58
2020-10-28, 18:43:54, 23.22, 48.61
2020-10-28, 18:43:55, 23.22, 48.58
2020-10-28, 18:43:57, 23.22, 48.58
2020-10-28, 18:43:58, 23.23, 48.61
2020-10-28, 18:43:59, 23.23, 48.58
2020-10-28, 18:44:01, 23.22, 48.58
2020-10-28, 18:44:02, 23.22, 48.58
2020-10-28, 18:44:03, 23.22, 48.58
2020-10-28, 18:44:05, 23.22, 48.58
2020-10-28, 18:44:06, 23.21, 48.58
2020-10-28, 18:44:08, 23.22, 48.61
2020-10-28, 18:44:09, 23.22, 48.58
2020-10-28, 18:44:10, 23.22, 48.58
2020-10-28, 18:44:12, 23.22, 48.61
2020-10-28, 18:44:13, 23.21, 48.61
2020-10-28, 18:44:14, 23.23, 48.58
2020-10-28, 18:44:16, 23.22, 48.58
2020-10-28, 18:44:17, 23.23, 48.58
2020-10-28, 18:44:18, 23.22, 48.61
2020-10-28, 18:44:20, 23.22, 48.55
2020-10-28, 18:44:21, 23.22, 48.55
2020-10-28, 18:44:22, 23.22, 48.55
2020-10-28, 18:44:24, 23.21, 48.54
2020-10-28, 18:44:25, 23.22, 48.55
2020-10-28, 18:44:27, 23.22, 48.55
2020-10-28, 18:44:28, 23.23, 48.58
2020-10-28, 18:44:29, 23.23, 48.55
2020-10-28, 18:44:31, 23.22, 48.55
2020-10-28, 18:44:32, 23.24, 48.55
2020-10-28, 18:44:33, 23.22, 48.55
2020-10-28, 18:44:35, 23.24, 48.55
2020-10-28, 18:44:36, 23.22, 48.55
2020-10-28, 18:44:37, 23.24, 48.55
2020-10-28, 18:44:39, 23.22, 48.55
2020-10-28, 18:44:40, 23.24, 48.55
2020-10-28, 18:44:41, 23.24, 48.55
2020-10-28, 18:44:43, 23.23, 48.55
2020-10-28, 18:44:44, 23.24, 48.52
2020-10-28, 18:44:46, 23.23, 48.52
2020-10-28, 18:44:47, 23.24, 48.55
2020-10-28, 18:44:48, 23.24, 48.55
2020-10-28, 18:44:50, 23.23, 48.52
2020-10-28, 18:44:51, 23.21, 48.51
2020-10-28, 18:44:52, 23.25, 48.52
2020-10-28, 18:44:54, 23.24, 48.52
2020-10-28, 18:44:55, 23.24, 48.52
2020-10-28, 18:44:56, 23.22, 48.51
2020-10-28, 18:44:58, 23.17, 48.54
2020-10-28, 18:44:59, 23.22, 48.55
2020-10-28, 18:45:01, 23.24, 48.55
2020-10-28, 18:45:02, 23.22, 48.55
2020-10-28, 18:45:03, 23.23, 48.55
2020-10-28, 18:45:05, 23.24, 48.55
2020-10-28, 18:45:06, 23.24, 48.52
2020-10-28, 18:45:07, 23.23, 48.55
2020-10-28, 18:45:09, 23.23, 48.55
2020-10-28, 18:45:10, 23.24, 48.52
2020-10-28, 18:45:11, 23.22, 48.51
2020-10-28, 18:45:13, 23.23, 48.48
2020-10-28, 18:45:14, 23.24, 48.48
2020-10-28, 18:45:16, 23.24, 48.52
2020-10-28, 18:45:17, 23.22, 48.48
2020-10-28, 18:45:18, 23.23, 48.48
2020-10-28, 18:45:20, 23.23, 48.52
2020-10-28, 18:45:21, 23.24, 48.48
2020-10-28, 18:45:22, 23.23, 48.52
2020-10-28, 18:45:24, 23.24, 48.48
2020-10-28, 18:45:25, 23.24, 48.48
2020-10-28, 18:45:26, 23.23, 48.48
2020-10-28, 18:45:28, 23.24, 48.48
2020-10-28, 18:45:29, 23.25, 48.49
2020-10-28, 18:45:30, 23.25, 48.49
2020-10-28, 18:45:32, 23.24, 48.48
2020-10-28, 18:45:33, 23.24, 48.48
2020-10-28, 18:45:35, 23.24, 48.48
2020-10-28, 18:45:36, 23.25, 48.49
2020-10-28, 18:45:37, 23.25, 48.49
2020-10-28, 18:45:39, 23.25, 48.45
2020-10-28, 18:45:40, 23.23, 48.45
2020-10-28, 18:45:41, 23.24, 48.48
2020-10-28, 18:45:43, 23.23, 48.48
2020-10-28, 18:45:44, 23.24, 48.48
2020-10-28, 18:45:45, 23.24, 48.48
2020-10-28, 18:45:47, 23.23, 48.48
2020-10-28, 18:45:48, 23.23, 48.48
2020-10-28, 18:45:49, 23.24, 48.48
2020-10-28, 18:45:51, 23.24, 48.48
2020-10-28, 18:45:52, 23.23, 48.48
2020-10-28, 18:45:54, 23.24, 48.48
2020-10-28, 18:45:55, 23.23, 48.48
2020-10-28, 18:45:56, 23.23, 48.48
2020-10-28, 18:45:58, 23.23, 48.48
2020-10-28, 18:45:59, 23.24, 48.48
2020-10-28, 18:46:00, 23.23, 48.48
2020-10-28, 18:46:02, 23.22, 48.48
2020-10-28, 18:46:03, 23.23, 48.48
2020-10-28, 18:46:04, 23.22, 48.48
2020-10-28, 18:46:06, 23.23, 48.48
2020-10-28, 18:46:07, 23.24, 48.48
2020-10-28, 18:46:08, 23.22, 48.48
2020-10-28, 18:46:10, 23.23, 48.48
2020-10-28, 18:46:11, 23.23, 48.48
2020-10-28, 18:46:13, 23.22, 48.48
2020-10-28, 18:46:14, 23.23, 48.48
2020-10-28, 18:46:15, 23.24, 48.48
2020-10-28, 18:46:17, 23.24, 48.48
2020-10-28, 18:46:18, 23.24, 48.48
2020-10-28, 18:46:19, 23.24, 48.48
2020-10-28, 18:46:21, 23.24, 48.48
2020-10-28, 18:46:22, 23.23, 48.48
2020-10-28, 18:46:23, 23.25, 48.49
2020-10-28, 18:46:25, 23.24, 48.48
2020-10-28, 18:46:26, 23.23, 48.48
2020-10-28, 18:46:27, 23.23, 48.48
2020-10-28, 18:46:29, 23.21, 48.48
2020-10-28, 18:46:30, 23.22, 48.48
2020-10-28, 18:46:31, 23.23, 48.48
2020-10-28, 18:46:33, 23.24, 48.48
2020-10-28, 18:46:34, 23.23, 48.48
2020-10-28, 18:46:36, 23.23, 48.48
2020-10-28, 18:46:37, 23.23, 48.48
2020-10-28, 18:46:38, 23.24, 48.48
2020-10-28, 18:46:40, 23.24, 48.48
2020-10-28, 18:46:41, 23.24, 48.48
2020-10-28, 18:46:42, 23.24, 48.48
2020-10-28, 18:46:44, 23.24, 48.48
2020-10-28, 18:46:45, 23.24, 48.48
2020-10-28, 18:46:46, 23.26, 48.49
2020-10-28, 18:46:48, 23.24, 48.48
2020-10-28, 18:46:49, 23.26, 48.49
2020-10-28, 18:46:50, 23.24, 48.48
2020-10-28, 18:46:52, 23.24, 48.48
2020-10-28, 18:46:53, 23.24, 48.48
2020-10-28, 18:46:55, 23.25, 48.49
2020-10-28, 18:46:56, 23.22, 48.48
2020-10-28, 18:46:57, 23.24, 48.48
2020-10-28, 18:46:59, 23.24, 48.48
2020-10-28, 18:47:00, 23.24, 48.48
2020-10-28, 18:47:01, 23.26, 48.49
2020-10-28, 18:47:03, 23.24, 48.48
2020-10-28, 18:47:04, 23.24, 48.45
2020-10-28, 18:47:05, 23.22, 48.48
2020-10-28, 18:47:07, 23.23, 48.48
2020-10-28, 18:47:08, 23.24, 48.48
2020-10-28, 18:47:09, 23.23, 48.48
2020-10-28, 18:47:11, 23.24, 48.48
2020-10-28, 18:47:12, 23.23, 48.48
2020-10-28, 18:47:14, 23.24, 48.48
2020-10-28, 18:47:15, 23.24, 48.48
2020-10-28, 18:47:16, 23.24, 48.52
2020-10-28, 18:47:18, 23.24, 48.48
2020-10-28, 18:47:19, 23.22, 48.48
2020-10-28, 18:47:20, 23.24, 48.48
2020-10-28, 18:47:22, 23.25, 48.49
2020-10-28, 18:47:23, 23.23, 48.48
2020-10-28, 18:47:24, 23.26, 48.49
2020-10-28, 18:47:26, 23.24, 48.48
2020-10-28, 18:47:27, 23.24, 48.48
2020-10-28, 18:47:28, 23.26, 48.49
2020-10-28, 18:47:30, 23.25, 48.49
2020-10-28, 18:47:31, 23.25, 48.49
2020-10-28, 18:47:32, 23.25, 48.49
2020-10-28, 18:47:34, 23.24, 48.52
2020-10-28, 18:47:35, 23.25, 48.52
2020-10-28, 18:47:37, 23.25, 48.49
2020-10-28, 18:47:38, 23.25, 48.49
2020-10-28, 18:47:39, 23.25, 48.49
2020-10-28, 18:47:41, 23.24, 48.48
2020-10-28, 18:47:42, 23.25, 48.49
2020-10-28, 18:47:43, 23.26, 48.52
2020-10-28, 18:47:47, 22.94, 48.64
2020-10-28, 18:47:48, 23.12, 48.76
2020-10-28, 18:47:50, 23.17, 48.79
2020-10-28, 18:47:51, 23.18, 48.8
2020-10-28, 18:47:53, 23.19, 48.8
2020-10-28, 18:47:54, 23.22, 48.77
2020-10-28, 18:47:55, 23.22, 48.74
2020-10-28, 18:47:57, 23.23, 48.71
2020-10-28, 18:47:58, 23.22, 48.67
2020-10-28, 18:47:59, 23.24, 48.68
2020-10-28, 18:48:01, 23.22, 48.64
2020-10-28, 18:48:02, 23.22, 48.64
2020-10-28, 18:48:04, 23.23, 48.61
2020-10-28, 18:48:05, 23.24, 48.61
2020-10-28, 18:48:06, 23.24, 48.61
2020-10-28, 18:48:08, 23.24, 48.61
2020-10-28, 18:48:09, 23.24, 48.61
2020-10-28, 18:48:10, 23.25, 48.61
2020-10-28, 18:48:12, 23.24, 48.58
2020-10-28, 18:48:13, 23.24, 48.55
2020-10-28, 18:48:14, 23.25, 48.55
2020-10-28, 18:48:16, 23.25, 48.55
2020-10-28, 18:48:17, 23.25, 48.55
2020-10-28, 18:48:18, 23.25, 48.55
2020-10-28, 18:48:20, 23.26, 48.55
2020-10-28, 18:48:21, 23.26, 48.55
2020-10-28, 18:48:23, 23.26, 48.55
2020-10-28, 18:48:24, 23.26, 48.55
2020-10-28, 18:48:25, 23.26, 48.55
2020-10-28, 18:48:27, 23.24, 48.55
2020-10-28, 18:48:28, 23.25, 48.55
2020-10-28, 18:48:29, 23.25, 48.52
2020-10-28, 18:48:31, 23.24, 48.55
2020-10-28, 18:48:32, 23.25, 48.55
2020-10-28, 18:48:33, 23.26, 48.55
2020-10-28, 18:48:35, 23.26, 48.55
2020-10-28, 18:48:36, 23.26, 48.55
2020-10-28, 18:48:37, 23.27, 48.52
2020-10-28, 18:48:39, 23.26, 48.55
2020-10-28, 18:48:40, 23.26, 48.55
2020-10-28, 18:48:42, 23.26, 48.52
2020-10-28, 18:48:43, 23.26, 48.52
2020-10-28, 18:48:44, 23.26, 48.52
2020-10-28, 18:48:46, 23.26, 48.55
2020-10-28, 18:48:47, 23.27, 48.55
2020-10-28, 18:48:48, 23.26, 48.52
2020-10-28, 18:48:50, 23.27, 48.52
2020-10-28, 18:48:51, 23.27, 48.49
2020-10-28, 18:48:52, 23.27, 48.49
2020-10-28, 18:48:54, 23.27, 48.49
2020-10-28, 18:48:55, 23.28, 48.52
2020-10-28, 18:48:56, 23.28, 48.52
2020-10-28, 18:48:58, 23.28, 48.52
2020-10-28, 18:48:59, 23.27, 48.49
2020-10-28, 18:49:00, 23.27, 48.52
2020-10-28, 18:49:02, 23.28, 48.49
2020-10-28, 18:49:03, 23.29, 48.49
2020-10-28, 18:49:05, 23.29, 48.49
2020-10-28, 18:49:06, 23.3, 48.49
2020-10-28, 18:49:07, 23.3, 48.49
2020-10-28, 18:49:09, 23.28, 48.49
2020-10-28, 18:49:10, 23.27, 48.49
2020-10-28, 18:49:11, 23.29, 48.49
2020-10-28, 18:49:13, 23.29, 48.49
2020-10-28, 18:49:14, 23.28, 48.49
2020-10-28, 18:49:15, 23.29, 48.49
2020-10-28, 18:49:17, 23.3, 48.49
2020-10-28, 18:49:18, 23.3, 48.49
2020-10-28, 18:49:19, 23.3, 48.49
2020-10-28, 18:49:21, 23.3, 48.49
2020-10-28, 18:49:22, 23.31, 48.49
2020-10-28, 18:49:24, 23.3, 48.46
2020-10-28, 18:49:25, 23.3, 48.49
2020-10-28, 18:49:26, 23.3, 48.49
2020-10-28, 18:49:28, 23.31, 48.49
2020-10-28, 18:49:29, 23.3, 48.49
2020-10-28, 18:49:30, 23.31, 48.49
2020-10-28, 18:49:32, 23.31, 48.49
2020-10-28, 18:49:33, 23.3, 48.46
2020-10-28, 18:49:34, 23.3, 48.49
2020-10-28, 18:49:36, 23.29, 48.49
2020-10-28, 18:49:37, 23.28, 48.49
2020-10-28, 18:49:38, 23.29, 48.49
2020-10-28, 18:49:40, 23.3, 48.49
2020-10-28, 18:49:41, 23.32, 48.5
2020-10-28, 18:49:43, 23.29, 48.49
2020-10-28, 18:49:44, 23.3, 48.49
2020-10-28, 18:49:45, 23.31, 48.49
2020-10-28, 18:49:47, 23.3, 48.49
2020-10-28, 18:49:48, 23.31, 48.53
2020-10-28, 18:49:49, 23.3, 48.49
2020-10-28, 18:49:51, 23.29, 48.49
2020-10-28, 18:49:52, 23.28, 48.49
2020-10-28, 18:49:53, 23.3, 48.49
2020-10-28, 18:49:55, 23.28, 48.52
2020-10-28, 18:49:56, 23.28, 48.52
2020-10-28, 18:49:57, 23.29, 48.52
2020-10-28, 18:49:59, 23.3, 48.49
2020-10-28, 18:50:00, 23.29, 48.52
2020-10-28, 18:50:01, 23.3, 48.52
2020-10-28, 18:50:03, 23.31, 48.53
2020-10-28, 18:50:04, 23.3, 48.52
2020-10-28, 18:50:06, 23.3, 48.52
2020-10-28, 18:50:07, 23.3, 48.52
2020-10-28, 18:50:08, 23.3, 48.52
2020-10-28, 18:50:10, 23.29, 48.52
2020-10-28, 18:50:11, 23.3, 48.52
2020-10-28, 18:50:12, 23.31, 48.53
2020-10-28, 18:50:14, 23.3, 48.52
2020-10-28, 18:50:15, 23.3, 48.49
2020-10-28, 18:50:16, 23.32, 48.53
2020-10-28, 18:50:18, 23.31, 48.49
2020-10-28, 18:50:19, 23.32, 48.53
2020-10-28, 18:50:20, 23.31, 48.53
2020-10-28, 18:50:22, 23.31, 48.53
2020-10-28, 18:50:23, 23.31, 48.53
2020-10-28, 18:50:25, 23.32, 48.53
2020-10-28, 18:50:26, 23.31, 48.53
2020-10-28, 18:50:27, 23.31, 48.53
2020-10-28, 18:50:29, 23.32, 48.5
2020-10-28, 18:50:30, 23.3, 48.52
2020-10-28, 18:50:31, 23.3, 48.52
2020-10-28, 18:50:33, 23.31, 48.53
2020-10-28, 18:50:34, 23.3, 48.52
2020-10-28, 18:50:35, 23.31, 48.53
2020-10-28, 18:50:37, 23.31, 48.56
2020-10-28, 18:50:38, 23.31, 48.53
2020-10-28, 18:50:39, 23.3, 48.52
2020-10-28, 18:50:41, 23.31, 48.53
2020-10-28, 18:50:42, 23.31, 48.49
2020-10-28, 18:50:44, 23.32, 48.5
2020-10-28, 18:50:45, 23.33, 48.53
2020-10-28, 18:50:46, 23.34, 48.5
2020-10-28, 18:50:48, 23.31, 48.49
2020-10-28, 18:50:49, 23.31, 48.49
2020-10-28, 18:50:50, 23.32, 48.5
2020-10-28, 18:50:52, 23.32, 48.53
2020-10-28, 18:50:53, 23.31, 48.53
2020-10-28, 18:50:54, 23.32, 48.5
2020-10-28, 18:50:56, 23.31, 48.49
2020-10-28, 18:50:57, 23.32, 48.5
2020-10-28, 18:50:59, 23.33, 48.5
2020-10-28, 18:51:00, 23.33, 48.53
2020-10-28, 18:51:01, 23.33, 48.5
2020-10-28, 18:51:03, 23.33, 48.5
2020-10-28, 18:51:04, 23.32, 48.5
2020-10-28, 18:51:05, 23.34, 48.5
2020-10-28, 18:51:07, 23.34, 48.5
2020-10-28, 18:51:08, 23.33, 48.5
2020-10-28, 18:51:09, 23.34, 48.53
2020-10-28, 18:51:11, 23.35, 48.5
2020-10-28, 18:51:12, 23.34, 48.5
2020-10-28, 18:51:13, 23.33, 48.53
2020-10-28, 18:51:15, 23.34, 48.5
2020-10-28, 18:51:16, 23.34, 48.5
2020-10-28, 18:51:18, 23.34, 48.5
2020-10-28, 18:51:19, 23.33, 48.5
2020-10-28, 18:51:20, 23.33, 48.5
2020-10-28, 18:51:22, 23.33, 48.5
2020-10-28, 18:51:23, 23.32, 48.53
2020-10-28, 18:51:24, 23.32, 48.5
2020-10-28, 18:51:26, 23.32, 48.53
2020-10-28, 18:51:27, 23.34, 48.53
2020-10-28, 18:51:28, 23.33, 48.53
2020-10-28, 18:51:30, 23.32, 48.56
2020-10-28, 18:51:31, 23.33, 48.53
2020-10-28, 18:51:32, 23.32, 48.56
2020-10-28, 18:51:34, 23.32, 48.53
2020-10-28, 18:51:35, 23.32, 48.56
2020-10-28, 18:51:37, 23.33, 48.53
2020-10-28, 18:51:38, 23.31, 48.53
2020-10-28, 18:51:39, 23.32, 48.56
2020-10-28, 18:51:41, 23.32, 48.56
2020-10-28, 18:51:42, 23.32, 48.56
2020-10-28, 18:51:43, 23.32, 48.56
2020-10-28, 18:51:45, 23.32, 48.56
2020-10-28, 18:51:46, 23.32, 48.56
2020-10-28, 18:51:47, 23.32, 48.56
2020-10-28, 18:51:49, 23.32, 48.56
2020-10-28, 18:51:50, 23.32, 48.59
2020-10-28, 18:51:51, 23.31, 48.56
2020-10-28, 18:51:53, 23.31, 48.56
2020-10-28, 18:51:54, 23.31, 48.56
2020-10-28, 18:51:55, 23.3, 48.56
2020-10-28, 18:51:57, 23.31, 48.56
2020-10-28, 18:51:58, 23.3, 48.59
2020-10-28, 18:52:00, 23.31, 48.59
2020-10-28, 18:52:01, 23.31, 48.59
2020-10-28, 18:52:02, 23.32, 48.59
2020-10-28, 18:52:04, 23.31, 48.62
2020-10-28, 18:52:05, 23.3, 48.62
2020-10-28, 18:52:06, 23.3, 48.62
2020-10-28, 18:52:08, 23.3, 48.62
2020-10-28, 18:52:09, 23.3, 48.62
2020-10-28, 18:52:10, 23.31, 48.62
2020-10-28, 18:52:12, 23.32, 48.65
2020-10-28, 18:52:13, 23.31, 48.65
2020-10-28, 18:52:14, 23.31, 48.65
2020-10-28, 18:52:16, 23.31, 48.68
2020-10-28, 18:52:17, 23.31, 48.68
2020-10-28, 18:52:19, 23.31, 48.65
2020-10-28, 18:52:20, 23.3, 48.65
2020-10-28, 18:52:21, 23.31, 48.65
2020-10-28, 18:52:23, 23.31, 48.65
2020-10-28, 18:52:24, 23.3, 48.65
2020-10-28, 18:52:25, 23.32, 48.65
2020-10-28, 18:52:27, 23.32, 48.65
2020-10-28, 18:52:28, 23.31, 48.62
2020-10-28, 18:52:29, 23.32, 48.65
2020-10-28, 18:52:31, 23.32, 48.65
2020-10-28, 18:52:32, 23.32, 48.62
2020-10-28, 18:52:33, 23.32, 48.65
2020-10-28, 18:52:35, 23.31, 48.65
2020-10-28, 18:52:36, 23.32, 48.65
2020-10-28, 18:52:37, 23.32, 48.65
2020-10-28, 18:52:39, 23.31, 48.65
2020-10-28, 18:52:40, 23.31, 48.65
2020-10-28, 18:52:42, 23.31, 48.65
2020-10-28, 18:52:43, 23.31, 48.65
2020-10-28, 18:52:44, 23.32, 48.62
2020-10-28, 18:52:46, 23.32, 48.62
2020-10-28, 18:52:47, 23.31, 48.65
2020-10-28, 18:52:48, 23.32, 48.65
2020-10-28, 18:52:50, 23.3, 48.65
2020-10-28, 18:52:51, 23.31, 48.65
2020-10-28, 18:52:52, 23.31, 48.62
2020-10-28, 18:52:54, 23.31, 48.68
2020-10-28, 18:52:55, 23.3, 48.68
2020-10-28, 18:52:56, 23.32, 48.65
2020-10-28, 18:52:58, 23.3, 48.65
2020-10-28, 18:52:59, 23.3, 48.68
2020-10-28, 18:53:01, 23.3, 48.65
2020-10-28, 18:53:02, 23.3, 48.68
2020-10-28, 18:53:03, 23.29, 48.68
2020-10-28, 18:53:05, 23.3, 48.68
2020-10-28, 18:53:06, 23.3, 48.65
2020-10-28, 18:53:07, 23.29, 48.68
2020-10-28, 18:53:09, 23.3, 48.68
2020-10-28, 18:53:10, 23.3, 48.65
2020-10-28, 18:53:11, 23.31, 48.68
2020-10-28, 18:53:13, 23.31, 48.65
2020-10-28, 18:53:14, 23.3, 48.68
2020-10-28, 18:53:15, 23.3, 48.68
2020-10-28, 18:53:17, 23.3, 48.68
2020-10-28, 18:53:18, 23.3, 48.68
2020-10-28, 18:53:19, 23.3, 48.68
2020-10-28, 18:53:21, 23.3, 48.68
2020-10-28, 18:53:22, 23.3, 48.68
2020-10-28, 18:53:24, 23.3, 48.68
2020-10-28, 18:53:25, 23.31, 48.68
2020-10-28, 18:53:26, 23.3, 48.68
2020-10-28, 18:53:28, 23.3, 48.68
2020-10-28, 18:53:29, 23.3, 48.68
2020-10-28, 18:53:30, 23.3, 48.68
2020-10-28, 18:53:32, 23.3, 48.68
2020-10-28, 18:53:33, 23.3, 48.68
2020-10-28, 18:53:34, 23.3, 48.68
2020-10-28, 18:53:36, 23.29, 48.68
2020-10-28, 18:53:37, 23.3, 48.72
2020-10-28, 18:53:38, 23.3, 48.72
2020-10-28, 18:53:40, 23.3, 48.72
2020-10-28, 18:53:41, 23.3, 48.68
2020-10-28, 18:53:42, 23.3, 48.72
2020-10-28, 18:53:44, 23.3, 48.72
2020-10-28, 18:53:45, 23.29, 48.68
2020-10-28, 18:53:47, 23.3, 48.72
2020-10-28, 18:53:48, 23.29, 48.71
2020-10-28, 18:53:49, 23.3, 48.72
2020-10-28, 18:53:51, 23.29, 48.75
2020-10-28, 18:53:52, 23.29, 48.71
2020-10-28, 18:53:53, 23.29, 48.71
2020-10-28, 18:53:55, 23.3, 48.75
2020-10-28, 18:53:57, 23.06, 48.78
2020-10-28, 18:53:59, 23.22, 48.86
2020-10-28, 18:54:00, 23.24, 48.87
2020-10-28, 18:54:02, 23.24, 48.9
2020-10-28, 18:54:03, 23.26, 48.87
2020-10-28, 18:54:04, 23.27, 48.87
2020-10-28, 18:54:06, 23.27, 48.84
2020-10-28, 18:54:07, 23.28, 48.84
2020-10-28, 18:54:08, 23.28, 48.81
2020-10-28, 18:54:10, 23.28, 48.81
2020-10-28, 18:54:11, 23.28, 48.81
2020-10-28, 18:54:12, 23.26, 48.81
2020-10-28, 18:54:14, 23.27, 48.78
2020-10-28, 18:54:15, 23.28, 48.81
2020-10-28, 18:54:16, 23.28, 48.78
2020-10-28, 18:54:18, 23.28, 48.78
2020-10-28, 18:54:19, 23.29, 48.78
2020-10-28, 18:54:21, 23.28, 48.78
2020-10-28, 18:54:22, 23.27, 48.78
2020-10-28, 18:54:23, 23.27, 48.78
2020-10-28, 18:54:25, 23.27, 48.81
2020-10-28, 18:54:26, 23.27, 48.78
2020-10-28, 18:54:27, 23.28, 48.81
2020-10-28, 18:54:29, 23.28, 48.78
2020-10-28, 18:54:30, 23.28, 48.78
2020-10-28, 18:54:31, 23.29, 48.78
2020-10-28, 18:54:33, 23.29, 48.78
2020-10-28, 18:54:34, 23.28, 48.78
2020-10-28, 18:54:35, 23.29, 48.81
2020-10-28, 18:54:37, 23.28, 48.78
2020-10-28, 18:54:38, 23.28, 48.81
2020-10-28, 18:54:40, 23.28, 48.78
2020-10-28, 18:54:41, 23.28, 48.78
2020-10-28, 18:54:42, 23.28, 48.81
2020-10-28, 18:54:44, 23.28, 48.81
2020-10-28, 18:54:45, 23.28, 48.81
2020-10-28, 18:54:46, 23.28, 48.81
2020-10-28, 18:54:48, 23.29, 48.78
2020-10-28, 18:54:49, 23.28, 48.78
2020-10-28, 18:54:50, 23.28, 48.78
2020-10-28, 18:54:52, 23.28, 48.78
2020-10-28, 18:54:53, 23.28, 48.78
2020-10-28, 18:54:54, 23.3, 48.78
2020-10-28, 18:54:56, 23.28, 48.78
2020-10-28, 18:54:57, 23.29, 48.78
2020-10-28, 18:54:59, 23.29, 48.78
2020-10-28, 18:55:00, 23.29, 48.78
2020-10-28, 18:55:01, 23.29, 48.78
2020-10-28, 18:55:03, 23.29, 48.78
2020-10-28, 18:55:04, 23.3, 48.78
2020-10-28, 18:55:05, 23.29, 48.78
2020-10-28, 18:55:07, 23.28, 48.74
2020-10-28, 18:55:08, 23.28, 48.74
2020-10-28, 18:55:09, 23.28, 48.74
2020-10-28, 18:55:11, 23.26, 48.74
2020-10-28, 18:55:12, 23.27, 48.78
2020-10-28, 18:55:13, 23.27, 48.78
2020-10-28, 18:55:15, 23.28, 48.78
2020-10-28, 18:55:16, 23.26, 48.81
2020-10-28, 18:55:18, 23.26, 48.77
2020-10-28, 18:55:19, 23.27, 48.78
2020-10-28, 18:55:20, 23.27, 48.78
2020-10-28, 18:55:22, 23.28, 48.78
2020-10-28, 18:55:23, 23.27, 48.78
2020-10-28, 18:55:24, 23.29, 48.81
2020-10-28, 18:55:26, 23.28, 48.78
2020-10-28, 18:55:27, 23.29, 48.78
2020-10-28, 18:55:28, 23.29, 48.78
2020-10-28, 18:55:30, 23.29, 48.78
2020-10-28, 18:55:31, 23.28, 48.78
2020-10-28, 18:55:32, 23.3, 48.75
2020-10-28, 18:55:34, 23.29, 48.75
2020-10-28, 18:55:35, 23.29, 48.75
2020-10-28, 18:55:37, 23.29, 48.78
2020-10-28, 18:55:38, 23.29, 48.78
2020-10-28, 18:55:39, 23.3, 48.75
2020-10-28, 18:55:41, 23.29, 48.75
2020-10-28, 18:55:42, 23.28, 48.74
2020-10-28, 18:55:43, 23.28, 48.74
2020-10-28, 18:55:45, 23.28, 48.74
2020-10-28, 18:55:46, 23.28, 48.78
2020-10-28, 18:55:47, 23.28, 48.78
2020-10-28, 18:55:49, 23.26, 48.77
2020-10-28, 18:55:50, 23.28, 48.74
2020-10-28, 18:55:51, 23.26, 48.74
2020-10-28, 18:55:53, 23.27, 48.78
2020-10-28, 18:55:54, 23.27, 48.78
2020-10-28, 18:55:56, 23.28, 48.74
2020-10-28, 18:55:57, 23.27, 48.78
2020-10-28, 18:55:58, 23.27, 48.74
2020-10-28, 18:56:00, 23.27, 48.74
2020-10-28, 18:56:01, 23.27, 48.74
2020-10-28, 18:56:02, 23.26, 48.74
2020-10-28, 18:56:04, 23.27, 48.74
2020-10-28, 18:56:05, 23.28, 48.78
2020-10-28, 18:56:06, 23.27, 48.74
2020-10-28, 18:56:08, 23.25, 48.74
2020-10-28, 18:56:09, 23.27, 48.74
2020-10-28, 18:56:10, 23.27, 48.78
2020-10-28, 18:56:12, 23.28, 48.74
2020-10-28, 18:56:13, 23.27, 48.74
2020-10-28, 18:56:15, 23.28, 48.74
2020-10-28, 18:56:16, 23.27, 48.74
2020-10-28, 18:56:17, 23.27, 48.74
2020-10-28, 18:56:19, 23.26, 48.74
2020-10-28, 18:56:20, 23.27, 48.74
2020-10-28, 18:56:21, 23.27, 48.74
2020-10-28, 18:56:23, 23.26, 48.74
2020-10-28, 18:56:24, 23.26, 48.77
2020-10-28, 18:56:25, 23.26, 48.77
2020-10-28, 18:56:27, 23.26, 48.74
2020-10-28, 18:56:28, 23.27, 48.74
2020-10-28, 18:56:29, 23.28, 48.74
2020-10-28, 18:56:31, 23.27, 48.74
2020-10-28, 18:56:32, 23.27, 48.74
2020-10-28, 18:56:33, 23.27, 48.74
2020-10-28, 18:56:35, 23.28, 48.74
2020-10-28, 18:56:36, 23.27, 48.74
2020-10-28, 18:56:38, 23.28, 48.74
2020-10-28, 18:56:39, 23.26, 48.74
2020-10-28, 18:56:40, 23.26, 48.71
2020-10-28, 18:56:42, 23.27, 48.74
2020-10-28, 18:56:43, 23.26, 48.71
2020-10-28, 18:56:44, 23.26, 48.74
2020-10-28, 18:56:46, 23.26, 48.71
2020-10-28, 18:56:47, 23.27, 48.74
2020-10-28, 18:56:48, 23.25, 48.74
2020-10-28, 18:56:50, 23.25, 48.74
2020-10-28, 18:56:51, 23.24, 48.74
2020-10-28, 18:56:52, 23.25, 48.74
2020-10-28, 18:56:54, 23.24, 48.74
2020-10-28, 18:56:55, 23.25, 48.74
2020-10-28, 18:56:57, 23.26, 48.74
2020-10-28, 18:56:58, 23.26, 48.74
2020-10-28, 18:56:59, 23.24, 48.74
2020-10-28, 18:57:01, 23.24, 48.74
2020-10-28, 18:57:02, 23.24, 48.77
2020-10-28, 18:57:03, 23.26, 48.77
2020-10-28, 18:57:05, 23.25, 48.74
2020-10-28, 18:57:06, 23.24, 48.74
2020-10-28, 18:57:07, 23.27, 48.74
2020-10-28, 18:57:09, 23.26, 48.77
2020-10-28, 18:57:10, 23.27, 48.74
2020-10-28, 18:57:12, 23.25, 48.74
2020-10-28, 18:57:13, 23.26, 48.74
2020-10-28, 18:57:14, 23.26, 48.74
2020-10-28, 18:57:16, 23.25, 48.74
2020-10-28, 18:57:17, 23.24, 48.74
2020-10-28, 18:57:18, 23.24, 48.74
2020-10-28, 18:57:20, 23.23, 48.74
2020-10-28, 18:57:21, 23.23, 48.74
2020-10-28, 18:57:22, 23.24, 48.74
2020-10-28, 18:57:24, 23.24, 48.74
2020-10-28, 18:57:25, 23.22, 48.74
2020-10-28, 18:57:26, 23.24, 48.74
2020-10-28, 18:57:28, 23.25, 48.77
2020-10-28, 18:57:29, 23.24, 48.77
2020-10-28, 18:57:30, 23.25, 48.77
2020-10-28, 18:57:32, 23.24, 48.77
2020-10-28, 18:57:33, 23.24, 48.74
2020-10-28, 18:57:35, 23.24, 48.74
2020-10-28, 18:57:36, 23.24, 48.74
2020-10-28, 18:57:37, 23.26, 48.74
2020-10-28, 18:57:39, 23.24, 48.74
2020-10-28, 18:57:40, 23.25, 48.77
2020-10-28, 18:57:41, 23.22, 48.74
2020-10-28, 18:57:43, 23.23, 48.74
2020-10-28, 18:57:44, 23.22, 48.77
2020-10-28, 18:57:45, 23.22, 48.74
2020-10-28, 18:57:47, 23.23, 48.74
2020-10-28, 18:57:48, 23.2, 48.73
2020-10-28, 18:57:49, 23.22, 48.77
2020-10-28, 18:57:51, 23.22, 48.77
2020-10-28, 18:57:52, 23.22, 48.77
2020-10-28, 18:57:54, 23.23, 48.77
2020-10-28, 18:57:55, 23.24, 48.77
2020-10-28, 18:57:56, 23.23, 48.77
2020-10-28, 18:57:58, 23.22, 48.77
2020-10-28, 18:57:59, 23.19, 48.76
2020-10-28, 18:58:00, 23.21, 48.77
2020-10-28, 18:58:02, 23.22, 48.77
2020-10-28, 18:58:03, 23.21, 48.77
2020-10-28, 18:58:04, 23.22, 48.77
2020-10-28, 18:58:06, 23.23, 48.8
2020-10-28, 18:58:07, 23.22, 48.77
2020-10-28, 18:58:08, 23.22, 48.77
2020-10-28, 18:58:10, 23.22, 48.8
2020-10-28, 18:58:11, 23.22, 48.77
2020-10-28, 18:58:12, 23.22, 48.77
2020-10-28, 18:58:14, 23.21, 48.77
2020-10-28, 18:58:15, 23.21, 48.77
2020-10-28, 18:58:17, 23.22, 48.77
2020-10-28, 18:58:18, 23.22, 48.77
2020-10-28, 18:58:19, 23.22, 48.77
2020-10-28, 18:58:21, 23.22, 48.77
2020-10-28, 18:58:22, 23.22, 48.77
2020-10-28, 18:58:23, 23.22, 48.8
2020-10-28, 18:58:25, 23.2, 48.77
2020-10-28, 18:58:26, 23.21, 48.77
2020-10-28, 18:58:27, 23.2, 48.8
2020-10-28, 18:58:29, 23.21, 48.8
2020-10-28, 18:58:30, 23.22, 48.8
2020-10-28, 18:58:31, 23.22, 48.8
2020-10-28, 18:58:33, 23.21, 48.77
2020-10-28, 18:58:34, 23.21, 48.8
2020-10-28, 18:58:36, 23.2, 48.77
2020-10-28, 18:58:37, 23.22, 48.77
2020-10-28, 18:58:38, 23.22, 48.8
2020-10-28, 18:58:40, 23.22, 48.74
2020-10-28, 18:58:41, 23.2, 48.73
2020-10-28, 18:58:42, 23.22, 48.77
2020-10-28, 18:58:44, 23.21, 48.8
2020-10-28, 18:58:45, 23.22, 48.77
2020-10-28, 18:58:46, 23.22, 48.74
2020-10-28, 18:58:48, 23.22, 48.77
2020-10-28, 18:58:49, 23.22, 48.77
2020-10-28, 18:58:51, 23.22, 48.77
2020-10-28, 18:58:52, 23.22, 48.77
2020-10-28, 18:58:53, 23.22, 48.74
2020-10-28, 18:58:55, 23.21, 48.74
2020-10-28, 18:58:56, 23.22, 48.74
2020-10-28, 18:58:57, 23.21, 48.74
2020-10-28, 18:58:59, 23.21, 48.77
2020-10-28, 18:59:00, 23.22, 48.74
2020-10-28, 18:59:01, 23.22, 48.74
2020-10-28, 18:59:03, 23.2, 48.73
2020-10-28, 18:59:04, 23.23, 48.74
2020-10-28, 18:59:05, 23.22, 48.74
2020-10-28, 18:59:07, 23.22, 48.74
2020-10-28, 18:59:08, 23.22, 48.74
2020-10-28, 18:59:09, 23.22, 48.74
2020-10-28, 18:59:11, 23.24, 48.74
2020-10-28, 18:59:12, 23.23, 48.74
2020-10-28, 18:59:14, 23.2, 48.73
2020-10-28, 18:59:15, 23.22, 48.74
2020-10-28, 18:59:16, 23.22, 48.74
2020-10-28, 18:59:18, 23.22, 48.7
2020-10-28, 18:59:19, 23.2, 48.73
2020-10-28, 18:59:20, 23.21, 48.74
2020-10-28, 18:59:22, 23.21, 48.74
2020-10-28, 18:59:23, 23.23, 48.71
2020-10-28, 18:59:24, 23.22, 48.7
2020-10-28, 18:59:26, 23.22, 48.7
2020-10-28, 18:59:27, 23.22, 48.7
2020-10-28, 18:59:28, 23.22, 48.74
2020-10-28, 18:59:30, 23.21, 48.74
2020-10-28, 18:59:31, 23.22, 48.74
2020-10-28, 18:59:33, 23.2, 48.73
2020-10-28, 18:59:34, 23.22, 48.74
2020-10-28, 18:59:35, 23.2, 48.73
2020-10-28, 18:59:37, 23.22, 48.74
2020-10-28, 18:59:38, 23.22, 48.74
2020-10-28, 18:59:39, 23.23, 48.74
2020-10-28, 18:59:41, 23.23, 48.74
2020-10-28, 18:59:42, 23.22, 48.74
2020-10-28, 18:59:43, 23.2, 48.73
2020-10-28, 18:59:45, 23.21, 48.74
2020-10-28, 18:59:46, 23.22, 48.74
2020-10-28, 18:59:47, 23.23, 48.74
2020-10-28, 18:59:49, 23.22, 48.74
2020-10-28, 18:59:50, 23.22, 48.74
2020-10-28, 18:59:52, 23.21, 48.74
2020-10-28, 18:59:53, 23.2, 48.73
2020-10-28, 18:59:54, 23.21, 48.74
2020-10-28, 18:59:56, 23.2, 48.73
2020-10-28, 18:59:57, 23.2, 48.73
2020-10-28, 18:59:58, 23.22, 48.74
2020-10-28, 19:00:00, 23.22, 48.7
2020-10-28, 19:00:01, 23.22, 48.7
2020-10-28, 19:00:02, 23.2, 48.7
2020-10-28, 19:00:04, 23.2, 48.7
2020-10-28, 19:00:05, 23.2, 48.73
2020-10-28, 19:00:07, 23.2, 48.73
2020-10-28, 19:00:09, 23.2, 48.73
2020-10-28, 19:00:10, 23.17, 48.79
2020-10-28, 19:00:11, 23.17, 48.79
2020-10-28, 19:00:13, 23.17, 48.79
2020-10-28, 19:00:14, 23.2, 48.8
2020-10-28, 19:00:15, 23.21, 48.77
2020-10-28, 19:00:17, 23.2, 48.77
2020-10-28, 19:00:18, 23.2, 48.73
2020-10-28, 19:00:19, 23.21, 48.74
2020-10-28, 19:00:21, 23.2, 48.73
2020-10-28, 19:00:22, 23.21, 48.74
2020-10-28, 19:00:23, 23.2, 48.73
2020-10-28, 19:00:25, 23.19, 48.73
2020-10-28, 19:00:26, 23.21, 48.74
2020-10-28, 19:00:28, 23.21, 48.74
2020-10-28, 19:00:29, 23.22, 48.74
2020-10-28, 19:00:30, 23.19, 48.73
2020-10-28, 19:00:32, 23.19, 48.73
2020-10-28, 19:00:33, 23.2, 48.73
2020-10-28, 19:00:34, 23.19, 48.73
2020-10-28, 19:00:36, 23.19, 48.73
2020-10-28, 19:00:37, 23.2, 48.73
2020-10-28, 19:00:38, 23.18, 48.7
2020-10-28, 19:00:40, 23.18, 48.7
2020-10-28, 19:00:41, 23.19, 48.73
2020-10-28, 19:00:42, 23.18, 48.7
2020-10-28, 19:00:44, 23.18, 48.7
2020-10-28, 19:00:45, 23.18, 48.7
2020-10-28, 19:00:47, 23.19, 48.73
2020-10-28, 19:00:48, 23.2, 48.73
2020-10-28, 19:00:49, 23.2, 48.7
2020-10-28, 19:00:51, 23.19, 48.7
2020-10-28, 19:00:52, 23.2, 48.67
2020-10-28, 19:00:53, 23.2, 48.7
2020-10-28, 19:00:55, 23.2, 48.67
2020-10-28, 19:00:56, 23.19, 48.67
2020-10-28, 19:00:57, 23.19, 48.7
2020-10-28, 19:00:59, 23.2, 48.67
2020-10-28, 19:01:00, 23.2, 48.7
2020-10-28, 19:01:01, 23.18, 48.7
2020-10-28, 19:01:03, 23.2, 48.7
2020-10-28, 19:01:04, 23.19, 48.7
2020-10-28, 19:01:06, 23.2, 48.7
2020-10-28, 19:01:07, 23.19, 48.67
2020-10-28, 19:01:08, 23.19, 48.67
2020-10-28, 19:01:10, 23.19, 48.67
2020-10-28, 19:01:11, 23.2, 48.67
2020-10-28, 19:01:12, 23.21, 48.67
2020-10-28, 19:01:14, 23.21, 48.67
2020-10-28, 19:01:15, 23.22, 48.67
2020-10-28, 19:01:16, 23.22, 48.67
2020-10-28, 19:01:18, 23.2, 48.67
2020-10-28, 19:01:19, 23.2, 48.67
2020-10-28, 19:01:20, 23.22, 48.67
2020-10-28, 19:01:22, 23.21, 48.67
2020-10-28, 19:01:23, 23.2, 48.67
2020-10-28, 19:01:25, 23.2, 48.67
2020-10-28, 19:01:26, 23.2, 48.67
2020-10-28, 19:01:27, 23.22, 48.67
2020-10-28, 19:01:29, 23.18, 48.67
2020-10-28, 19:01:30, 23.2, 48.64
2020-10-28, 19:01:31, 23.21, 48.67
2020-10-28, 19:01:33, 23.21, 48.67
2020-10-28, 19:01:34, 23.21, 48.64
2020-10-28, 19:01:35, 23.21, 48.67
2020-10-28, 19:01:37, 23.21, 48.64
2020-10-28, 19:01:38, 23.21, 48.64
2020-10-28, 19:01:39, 23.2, 48.64
2020-10-28, 19:01:41, 23.2, 48.64
2020-10-28, 19:01:42, 23.2, 48.67
2020-10-28, 19:01:44, 23.2, 48.64
2020-10-28, 19:01:45, 23.2, 48.64
2020-10-28, 19:01:46, 23.2, 48.64
2020-10-28, 19:01:48, 23.2, 48.64
2020-10-28, 19:01:49, 23.2, 48.67
2020-10-28, 19:01:50, 23.2, 48.67
2020-10-28, 19:01:52, 23.2, 48.64
2020-10-28, 19:01:53, 23.2, 48.64
2020-10-28, 19:01:54, 23.2, 48.64
2020-10-28, 19:01:56, 23.2, 48.64
2020-10-28, 19:01:57, 23.19, 48.67
2020-10-28, 19:01:59, 23.19, 48.64
2020-10-28, 19:02:00, 23.2, 48.64
2020-10-28, 19:02:01, 23.19, 48.67
2020-10-28, 19:02:03, 23.19, 48.64
2020-10-28, 19:02:04, 23.2, 48.64
2020-10-28, 19:02:05, 23.21, 48.64
2020-10-28, 19:02:07, 23.22, 48.64
2020-10-28, 19:02:08, 23.2, 48.64
2020-10-28, 19:02:09, 23.2, 48.61
2020-10-28, 19:02:11, 23.21, 48.61
2020-10-28, 19:02:12, 23.2, 48.64
2020-10-28, 19:02:13, 23.2, 48.61
2020-10-28, 19:02:15, 23.2, 48.61
2020-10-28, 19:02:16, 23.2, 48.61
2020-10-28, 19:02:17, 23.2, 48.64
2020-10-28, 19:02:19, 23.2, 48.61
2020-10-28, 19:02:20, 23.21, 48.61
2020-10-28, 19:02:22, 23.21, 48.61
2020-10-28, 19:02:23, 23.18, 48.6
2020-10-28, 19:02:24, 23.2, 48.61
2020-10-28, 19:02:26, 23.21, 48.64
2020-10-28, 19:02:27, 23.22, 48.61
2020-10-28, 19:02:28, 23.2, 48.61
2020-10-28, 19:02:30, 23.2, 48.61
2020-10-28, 19:02:31, 23.2, 48.61
2020-10-28, 19:02:32, 23.21, 48.61
2020-10-28, 19:02:34, 23.2, 48.61
2020-10-28, 19:02:35, 23.21, 48.61
2020-10-28, 19:02:36, 23.22, 48.61
2020-10-28, 19:02:38, 23.23, 48.61
2020-10-28, 19:02:39, 23.21, 48.61
2020-10-28, 19:02:40, 23.21, 48.61
2020-10-28, 19:02:42, 23.22, 48.61
2020-10-28, 19:02:43, 23.22, 48.61
2020-10-28, 19:02:45, 23.21, 48.61
2020-10-28, 19:02:46, 23.21, 48.61
2020-10-28, 19:02:47, 23.22, 48.61
2020-10-28, 19:02:49, 23.21, 48.61
2020-10-28, 19:02:50, 23.2, 48.61
2020-10-28, 19:02:51, 23.21, 48.61
2020-10-28, 19:02:53, 23.2, 48.61
2020-10-28, 19:02:54, 23.21, 48.61
2020-10-28, 19:02:55, 23.21, 48.61
2020-10-28, 19:02:57, 23.22, 48.61
2020-10-28, 19:02:58, 23.2, 48.61
2020-10-28, 19:02:59, 23.21, 48.61
2020-10-28, 19:03:01, 23.21, 48.61
2020-10-28, 19:03:02, 23.2, 48.61
2020-10-28, 19:03:04, 23.22, 48.61
2020-10-28, 19:03:05, 23.22, 48.61
2020-10-28, 19:03:06, 23.22, 48.61
2020-10-28, 19:03:08, 23.22, 48.61
2020-10-28, 19:03:09, 23.23, 48.58
2020-10-28, 19:03:10, 23.23, 48.61
2020-10-28, 19:03:12, 23.2, 48.61
2020-10-28, 19:03:13, 23.22, 48.58
2020-10-28, 19:03:14, 23.22, 48.61
2020-10-28, 19:03:16, 23.22, 48.61
2020-10-28, 19:03:17, 23.22, 48.61
2020-10-28, 19:03:18, 23.22, 48.58
2020-10-28, 19:03:20, 23.22, 48.61
2020-10-28, 19:03:21, 23.23, 48.61
2020-10-28, 19:03:22, 23.23, 48.61
2020-10-28, 19:03:24, 23.23, 48.58
2020-10-28, 19:03:25, 23.23, 48.58
2020-10-28, 19:03:27, 23.24, 48.58
2020-10-28, 19:03:28, 23.23, 48.58
2020-10-28, 19:03:29, 23.24, 48.58
2020-10-28, 19:03:31, 23.24, 48.55
2020-10-28, 19:03:32, 23.23, 48.55
2020-10-28, 19:03:33, 23.24, 48.55
2020-10-28, 19:03:35, 23.24, 48.55
2020-10-28, 19:03:36, 23.22, 48.58
2020-10-28, 19:03:37, 23.22, 48.55
2020-10-28, 19:03:39, 23.2, 48.54
2020-10-28, 19:03:40, 23.23, 48.58
2020-10-28, 19:03:41, 23.21, 48.58
2020-10-28, 19:03:43, 23.23, 48.55
2020-10-28, 19:03:44, 23.21, 48.58
2020-10-28, 19:03:46, 23.21, 48.58
2020-10-28, 19:03:47, 23.2, 48.58
2020-10-28, 19:03:48, 23.21, 48.58
2020-10-28, 19:03:50, 23.24, 48.58
2020-10-28, 19:03:51, 23.24, 48.55
2020-10-28, 19:03:52, 23.22, 48.58
2020-10-28, 19:03:54, 23.22, 48.58
2020-10-28, 19:03:55, 23.22, 48.58
2020-10-28, 19:03:56, 23.22, 48.58
2020-10-28, 19:03:58, 23.22, 48.55
2020-10-28, 19:03:59, 23.22, 48.58
2020-10-28, 19:04:00, 23.22, 48.58
2020-10-28, 19:04:02, 23.22, 48.58
2020-10-28, 19:04:03, 23.22, 48.58
2020-10-28, 19:04:05, 23.23, 48.58
2020-10-28, 19:04:06, 23.21, 48.61
2020-10-28, 19:04:07, 23.21, 48.58
2020-10-28, 19:04:09, 23.23, 48.58
2020-10-28, 19:04:10, 23.24, 48.58
2020-10-28, 19:04:11, 23.23, 48.55
2020-10-28, 19:04:13, 23.22, 48.58
2020-10-28, 19:04:14, 23.23, 48.55
2020-10-28, 19:04:15, 23.22, 48.58
2020-10-28, 19:04:17, 23.23, 48.55
2020-10-28, 19:04:18, 23.2, 48.54
2020-10-28, 19:04:19, 23.24, 48.55
2020-10-28, 19:04:21, 23.22, 48.55
2020-10-28, 19:04:22, 23.22, 48.58
2020-10-28, 19:04:24, 23.22, 48.58
2020-10-28, 19:04:25, 23.21, 48.58
2020-10-28, 19:04:26, 23.21, 48.58
2020-10-28, 19:04:28, 23.21, 48.54
2020-10-28, 19:04:29, 23.22, 48.55
2020-10-28, 19:04:30, 23.21, 48.58
2020-10-28, 19:04:32, 23.22, 48.55
2020-10-28, 19:04:33, 23.22, 48.58
2020-10-28, 19:04:34, 23.22, 48.58
2020-10-28, 19:04:36, 23.23, 48.55
2020-10-28, 19:04:37, 23.2, 48.58
2020-10-28, 19:04:38, 23.2, 48.58
2020-10-28, 19:04:40, 23.21, 48.58
2020-10-28, 19:04:41, 23.21, 48.58
2020-10-28, 19:04:43, 23.21, 48.58
2020-10-28, 19:04:44, 23.22, 48.58
2020-10-28, 19:04:45, 23.2, 48.58
2020-10-28, 19:04:47, 23.21, 48.58
2020-10-28, 19:04:48, 23.21, 48.58
2020-10-28, 19:04:49, 23.23, 48.58
2020-10-28, 19:04:51, 23.21, 48.58
2020-10-28, 19:04:52, 23.22, 48.58
2020-10-28, 19:04:53, 23.22, 48.58
2020-10-28, 19:04:55, 23.22, 48.58
2020-10-28, 19:04:56, 23.22, 48.58
2020-10-28, 19:04:57, 23.22, 48.58
2020-10-28, 19:04:59, 23.23, 48.55
2020-10-28, 19:05:00, 23.22, 48.55
2020-10-28, 19:05:01, 23.23, 48.55
2020-10-28, 19:05:03, 23.23, 48.55
2020-10-28, 19:05:04, 23.23, 48.55
2020-10-28, 19:05:06, 23.22, 48.55
2020-10-28, 19:05:07, 23.21, 48.54
2020-10-28, 19:05:08, 23.22, 48.55
2020-10-28, 19:05:10, 23.23, 48.55
2020-10-28, 19:05:11, 23.23, 48.55
2020-10-28, 19:05:12, 23.24, 48.55
2020-10-28, 19:05:14, 23.23, 48.55
2020-10-28, 19:05:15, 23.25, 48.55
2020-10-28, 19:05:16, 23.23, 48.52
2020-10-28, 19:05:18, 23.24, 48.55
2020-10-28, 19:05:19, 23.25, 48.55
2020-10-28, 19:05:20, 23.25, 48.52
2020-10-28, 19:05:22, 23.24, 48.52
2020-10-28, 19:05:23, 23.24, 48.55
2020-10-28, 19:05:24, 23.22, 48.51
2020-10-28, 19:05:26, 23.23, 48.55
2020-10-28, 19:05:27, 23.23, 48.55
2020-10-28, 19:05:29, 23.24, 48.52
2020-10-28, 19:05:30, 23.25, 48.52
2020-10-28, 19:05:31, 23.25, 48.52
2020-10-28, 19:05:33, 23.24, 48.55
2020-10-28, 19:05:34, 23.23, 48.55
2020-10-28, 19:05:35, 23.25, 48.55
2020-10-28, 19:05:37, 23.25, 48.55
2020-10-28, 19:05:38, 23.24, 48.55
2020-10-28, 19:05:39, 23.25, 48.52
2020-10-28, 19:05:41, 23.26, 48.52
2020-10-28, 19:05:42, 23.26, 48.52
2020-10-28, 19:05:43, 23.24, 48.55
2020-10-28, 19:05:45, 23.23, 48.52
2020-10-28, 19:05:46, 23.23, 48.55
2020-10-28, 19:05:48, 23.24, 48.52
2020-10-28, 19:05:49, 23.24, 48.52
2020-10-28, 19:05:50, 23.24, 48.55
2020-10-28, 19:05:52, 23.24, 48.55
2020-10-28, 19:05:53, 23.25, 48.55
2020-10-28, 19:05:54, 23.22, 48.55
2020-10-28, 19:05:56, 23.24, 48.55
2020-10-28, 19:05:57, 23.24, 48.55
2020-10-28, 19:05:58, 23.23, 48.55
2020-10-28, 19:06:00, 23.22, 48.55
2020-10-28, 19:06:01, 23.22, 48.55
2020-10-28, 19:06:02, 23.23, 48.55
2020-10-28, 19:06:04, 23.24, 48.55
2020-10-28, 19:06:05, 23.24, 48.55
2020-10-28, 19:06:07, 23.24, 48.55
2020-10-28, 19:06:08, 23.26, 48.55
2020-10-28, 19:06:09, 23.25, 48.55
2020-10-28, 19:06:11, 23.24, 48.55
2020-10-28, 19:06:12, 23.24, 48.55
2020-10-28, 19:06:13, 23.24, 48.55
2020-10-28, 19:06:15, 23.25, 48.55
2020-10-28, 19:06:16, 23.24, 48.55
2020-10-28, 19:06:17, 23.25, 48.55
2020-10-28, 19:06:19, 23.24, 48.55
2020-10-28, 19:06:20, 23.24, 48.55
2020-10-28, 19:06:21, 23.23, 48.55
2020-10-28, 19:06:23, 23.24, 48.55
2020-10-28, 19:06:24, 23.24, 48.58
2020-10-28, 19:06:25, 23.24, 48.55
2020-10-28, 19:06:27, 23.23, 48.58
2020-10-28, 19:06:28, 23.23, 48.58
2020-10-28, 19:06:30, 23.24, 48.58
2020-10-28, 19:06:31, 23.25, 48.55
2020-10-28, 19:06:32, 23.24, 48.61
2020-10-28, 19:06:34, 23.23, 48.61
2020-10-28, 19:06:35, 23.24, 48.61
2020-10-28, 19:06:36, 23.24, 48.61
2020-10-28, 19:06:38, 23.25, 48.58
2020-10-28, 19:06:39, 23.24, 48.61
2020-10-28, 19:06:40, 23.24, 48.61
2020-10-28, 19:06:42, 23.24, 48.61
2020-10-28, 19:06:43, 23.24, 48.61
2020-10-28, 19:06:44, 23.24, 48.61
2020-10-28, 19:06:46, 23.24, 48.61
2020-10-28, 19:06:47, 23.24, 48.61
2020-10-28, 19:06:49, 23.24, 48.61
2020-10-28, 19:06:50, 23.24, 48.61
2020-10-28, 19:06:51, 23.24, 48.61
2020-10-28, 19:06:53, 23.26, 48.61
2020-10-28, 19:06:54, 23.24, 48.61
2020-10-28, 19:06:55, 23.24, 48.61
2020-10-28, 19:06:57, 23.24, 48.61
2020-10-28, 19:06:58, 23.26, 48.58
2020-10-28, 19:06:59, 23.23, 48.61
2020-10-28, 19:07:01, 23.24, 48.61
2020-10-28, 19:07:02, 23.24, 48.61
2020-10-28, 19:07:03, 23.24, 48.61
2020-10-28, 19:07:05, 23.25, 48.61
2020-10-28, 19:07:06, 23.26, 48.61
2020-10-28, 19:07:07, 23.25, 48.61
2020-10-28, 19:07:09, 23.25, 48.61
2020-10-28, 19:07:10, 23.25, 48.61
2020-10-28, 19:07:12, 23.25, 48.61
2020-10-28, 19:07:13, 23.24, 48.61
2020-10-28, 19:07:14, 23.24, 48.61
2020-10-28, 19:07:16, 23.24, 48.61
2020-10-28, 19:07:17, 23.25, 48.61
2020-10-28, 19:07:18, 23.26, 48.61
2020-10-28, 19:07:20, 23.24, 48.61
2020-10-28, 19:07:21, 23.26, 48.61
2020-10-28, 19:07:22, 23.25, 48.61
2020-10-28, 19:07:24, 23.25, 48.61
2020-10-28, 19:07:25, 23.24, 48.61
2020-10-28, 19:07:26, 23.22, 48.61
2020-10-28, 19:07:28, 23.23, 48.61
2020-10-28, 19:07:29, 23.24, 48.61
2020-10-28, 19:07:30, 23.24, 48.61
2020-10-28, 19:07:32, 23.24, 48.61
2020-10-28, 19:07:33, 23.24, 48.61
2020-10-28, 19:07:35, 23.24, 48.61
2020-10-28, 19:07:36, 23.26, 48.61
2020-10-28, 19:07:37, 23.26, 48.61
2020-10-28, 19:07:39, 23.25, 48.61
2020-10-28, 19:07:40, 23.26, 48.61
2020-10-28, 19:07:41, 23.26, 48.61
2020-10-28, 19:07:43, 23.25, 48.61
2020-10-28, 19:07:44, 23.26, 48.61
2020-10-28, 19:07:45, 23.25, 48.61
2020-10-28, 19:07:47, 23.25, 48.61
2020-10-28, 19:07:48, 23.26, 48.61
2020-10-28, 19:07:49, 23.26, 48.61
2020-10-28, 19:07:51, 23.26, 48.61
2020-10-28, 19:07:52, 23.26, 48.61
2020-10-28, 19:07:54, 23.24, 48.61
2020-10-28, 19:07:55, 23.25, 48.61
2020-10-28, 19:07:56, 23.25, 48.61
2020-10-28, 19:07:58, 23.26, 48.61
2020-10-28, 19:07:59, 23.26, 48.61
2020-10-28, 19:08:00, 23.27, 48.62
2020-10-28, 19:08:02, 23.25, 48.61
2020-10-28, 19:08:03, 23.26, 48.61
2020-10-28, 19:08:04, 23.25, 48.61
2020-10-28, 19:08:06, 23.26, 48.61
2020-10-28, 19:08:07, 23.26, 48.61
2020-10-28, 19:08:08, 23.26, 48.61
2020-10-28, 19:08:10, 23.24, 48.61
2020-10-28, 19:08:11, 23.26, 48.61
2020-10-28, 19:08:13, 23.26, 48.61
2020-10-28, 19:08:14, 23.26, 48.65
2020-10-28, 19:08:15, 23.24, 48.61
2020-10-28, 19:08:17, 23.25, 48.61
2020-10-28, 19:08:18, 23.26, 48.61
2020-10-28, 19:08:19, 23.26, 48.61
2020-10-28, 19:08:21, 23.26, 48.65
2020-10-28, 19:08:22, 23.26, 48.65
2020-10-28, 19:08:23, 23.26, 48.61
2020-10-28, 19:08:25, 23.26, 48.65
2020-10-28, 19:08:26, 23.26, 48.65
2020-10-28, 19:08:27, 23.26, 48.61
2020-10-28, 19:08:29, 23.26, 48.61
2020-10-28, 19:08:30, 23.26, 48.61
2020-10-28, 19:08:32, 23.24, 48.68
2020-10-28, 19:08:33, 23.26, 48.65
2020-10-28, 19:08:34, 23.26, 48.65
2020-10-28, 19:08:36, 23.26, 48.65
2020-10-28, 19:08:37, 23.26, 48.61
2020-10-28, 19:08:38, 23.27, 48.65
2020-10-28, 19:08:40, 23.27, 48.62
2020-10-28, 19:08:41, 23.27, 48.65
2020-10-28, 19:08:42, 23.26, 48.61
2020-10-28, 19:08:44, 23.27, 48.65
2020-10-28, 19:08:45, 23.26, 48.61
2020-10-28, 19:08:46, 23.26, 48.65
2020-10-28, 19:08:48, 23.27, 48.65
2020-10-28, 19:08:49, 23.27, 48.65
2020-10-28, 19:08:51, 23.27, 48.62
2020-10-28, 19:08:52, 23.27, 48.65
2020-10-28, 19:08:53, 23.27, 48.65
2020-10-28, 19:08:55, 23.27, 48.65
2020-10-28, 19:08:56, 23.26, 48.61
2020-10-28, 19:08:57, 23.28, 48.62
2020-10-28, 19:08:59, 23.26, 48.65
2020-10-28, 19:09:00, 23.28, 48.62
2020-10-28, 19:09:01, 23.26, 48.65
2020-10-28, 19:09:03, 23.26, 48.65
2020-10-28, 19:09:04, 23.26, 48.65
2020-10-28, 19:09:06, 23.27, 48.65
2020-10-28, 19:09:07, 23.28, 48.68
2020-10-28, 19:09:08, 23.28, 48.65
2020-10-28, 19:09:10, 23.28, 48.62
2020-10-28, 19:09:11, 23.28, 48.65
2020-10-28, 19:09:12, 23.27, 48.62
2020-10-28, 19:09:14, 23.28, 48.62
2020-10-28, 19:09:15, 23.27, 48.65
2020-10-28, 19:09:16, 23.27, 48.65
2020-10-28, 19:09:18, 23.27, 48.65
2020-10-28, 19:09:19, 23.28, 48.65
2020-10-28, 19:09:20, 23.27, 48.62
2020-10-28, 19:09:22, 23.28, 48.62
2020-10-28, 19:09:23, 23.28, 48.62
2020-10-28, 19:09:24, 23.29, 48.62
2020-10-28, 19:09:26, 23.28, 48.62
2020-10-28, 19:09:27, 23.3, 48.62
2020-10-28, 19:09:29, 23.29, 48.62
2020-10-28, 19:09:30, 23.3, 48.62
2020-10-28, 19:09:31, 23.28, 48.62
2020-10-28, 19:09:33, 23.3, 48.62
2020-10-28, 19:09:34, 23.3, 48.62
2020-10-28, 19:09:35, 23.3, 48.62
2020-10-28, 19:09:37, 23.28, 48.62
2020-10-28, 19:09:38, 23.28, 48.62
2020-10-28, 19:09:39, 23.29, 48.62
2020-10-28, 19:09:41, 23.29, 48.62
2020-10-28, 19:09:42, 23.3, 48.62
2020-10-28, 19:09:44, 23.29, 48.59
2020-10-28, 19:09:45, 23.3, 48.62
2020-10-28, 19:09:46, 23.29, 48.62
2020-10-28, 19:09:48, 23.28, 48.62
2020-10-28, 19:09:49, 23.3, 48.62
2020-10-28, 19:09:50, 23.3, 48.62
2020-10-28, 19:09:52, 23.3, 48.62
2020-10-28, 19:09:53, 23.3, 48.62
2020-10-28, 19:09:54, 23.29, 48.62
2020-10-28, 19:09:56, 23.3, 48.62
2020-10-28, 19:09:57, 23.3, 48.65
2020-10-28, 19:09:58, 23.28, 48.62
2020-10-28, 19:10:00, 23.3, 48.65
2020-10-28, 19:10:01, 23.3, 48.65
2020-10-28, 19:10:03, 23.29, 48.62
2020-10-28, 19:10:04, 23.3, 48.62
2020-10-28, 19:10:05, 23.3, 48.62
2020-10-28, 19:10:07, 23.3, 48.62
2020-10-28, 19:10:08, 23.31, 48.65
2020-10-28, 19:10:09, 23.31, 48.62
2020-10-28, 19:10:11, 23.3, 48.62
2020-10-28, 19:10:12, 23.31, 48.62
2020-10-28, 19:10:13, 23.3, 48.62
2020-10-28, 19:10:15, 23.3, 48.65
2020-10-28, 19:10:16, 23.31, 48.62
2020-10-28, 19:10:17, 23.32, 48.62
2020-10-28, 19:10:19, 23.32, 48.62
2020-10-28, 19:10:20, 23.31, 48.62
2020-10-28, 19:10:21, 23.31, 48.62
2020-10-28, 19:10:23, 23.3, 48.62
2020-10-28, 19:10:24, 23.33, 48.62
2020-10-28, 19:10:26, 23.31, 48.62
2020-10-28, 19:10:27, 23.32, 48.62
2020-10-28, 19:10:28, 23.31, 48.62
2020-10-28, 19:10:30, 23.31, 48.62
2020-10-28, 19:10:31, 23.32, 48.62
2020-10-28, 19:10:32, 23.33, 48.62
2020-10-28, 19:10:34, 23.33, 48.62
2020-10-28, 19:10:35, 23.31, 48.62
2020-10-28, 19:10:36, 23.32, 48.62
2020-10-28, 19:10:38, 23.32, 48.62
2020-10-28, 19:10:39, 23.32, 48.62
2020-10-28, 19:10:40, 23.32, 48.62
2020-10-28, 19:10:42, 23.33, 48.59
2020-10-28, 19:10:43, 23.32, 48.62
2020-10-28, 19:10:45, 23.33, 48.62
2020-10-28, 19:10:46, 23.32, 48.62
2020-10-28, 19:10:47, 23.34, 48.62
2020-10-28, 19:10:49, 23.34, 48.62
2020-10-28, 19:10:50, 23.32, 48.62
2020-10-28, 19:10:51, 23.31, 48.62
2020-10-28, 19:10:53, 23.32, 48.62
2020-10-28, 19:10:54, 23.31, 48.62
2020-10-28, 19:10:55, 23.32, 48.62
2020-10-28, 19:10:57, 23.32, 48.62
2020-10-28, 19:10:58, 23.31, 48.62
2020-10-28, 19:10:59, 23.31, 48.62
2020-10-28, 19:11:01, 23.32, 48.62
2020-10-28, 19:11:02, 23.32, 48.62
2020-10-28, 19:11:04, 23.33, 48.62
2020-10-28, 19:11:05, 23.33, 48.62
2020-10-28, 19:11:06, 23.33, 48.62
2020-10-28, 19:11:08, 23.32, 48.62
2020-10-28, 19:11:09, 23.31, 48.62
2020-10-28, 19:11:10, 23.32, 48.62
2020-10-28, 19:11:12, 23.32, 48.62
2020-10-28, 19:11:13, 23.33, 48.62
2020-10-28, 19:11:14, 23.32, 48.62
2020-10-28, 19:11:16, 23.33, 48.62
2020-10-28, 19:11:17, 23.32, 48.62
2020-10-28, 19:11:18, 23.32, 48.62
2020-10-28, 19:11:20, 23.32, 48.62
2020-10-28, 19:11:21, 23.3, 48.62
2020-10-28, 19:11:22, 23.32, 48.62
2020-10-28, 19:11:24, 23.33, 48.66
2020-10-28, 19:11:25, 23.32, 48.62
2020-10-28, 19:11:27, 23.32, 48.62
2020-10-28, 19:11:28, 23.32, 48.62
2020-10-28, 19:11:29, 23.32, 48.62
2020-10-28, 19:11:31, 23.32, 48.62
2020-10-28, 19:11:32, 23.33, 48.66
2020-10-28, 19:11:33, 23.32, 48.62
2020-10-28, 19:11:35, 23.32, 48.62
2020-10-28, 19:11:36, 23.34, 48.66
2020-10-28, 19:11:37, 23.32, 48.65
2020-10-28, 19:11:39, 23.32, 48.65
2020-10-28, 19:11:40, 23.32, 48.65
2020-10-28, 19:11:41, 23.34, 48.66
2020-10-28, 19:11:43, 23.33, 48.62
2020-10-28, 19:11:44, 23.34, 48.62
2020-10-28, 19:11:46, 23.33, 48.62
2020-10-28, 19:11:47, 23.33, 48.62
2020-10-28, 19:11:48, 23.34, 48.62
2020-10-28, 19:11:50, 23.36, 48.63
2020-10-28, 19:11:51, 23.34, 48.62
2020-10-28, 19:11:52, 23.33, 48.62
2020-10-28, 19:11:54, 23.34, 48.62
2020-10-28, 19:11:55, 23.33, 48.62
2020-10-28, 19:11:56, 23.34, 48.66
2020-10-28, 19:11:58, 23.32, 48.62
2020-10-28, 19:11:59, 23.34, 48.62
2020-10-28, 19:12:00, 23.33, 48.62
2020-10-28, 19:12:02, 23.34, 48.62
2020-10-28, 19:12:03, 23.31, 48.65
2020-10-28, 19:12:05, 23.32, 48.65
2020-10-28, 19:12:06, 23.32, 48.65
2020-10-28, 19:12:07, 23.32, 48.69
2020-10-28, 19:12:09, 23.32, 48.69
2020-10-28, 19:12:10, 23.32, 48.69
2020-10-28, 19:12:11, 23.33, 48.69
2020-10-28, 19:12:13, 23.33, 48.69
2020-10-28, 19:12:14, 23.32, 48.69
2020-10-28, 19:12:15, 23.33, 48.69
2020-10-28, 19:12:17, 23.33, 48.69
2020-10-28, 19:12:18, 23.32, 48.72
2020-10-28, 19:12:19, 23.32, 48.69
2020-10-28, 19:12:21, 23.33, 48.69
2020-10-28, 19:12:22, 23.32, 48.69
2020-10-28, 19:12:23, 23.32, 48.69
2020-10-28, 19:12:25, 23.32, 48.69
2020-10-28, 19:12:26, 23.32, 48.69
2020-10-28, 19:12:28, 23.32, 48.72
2020-10-28, 19:12:29, 23.3, 48.68
2020-10-28, 19:12:30, 23.32, 48.72
2020-10-28, 19:12:32, 23.33, 48.72
2020-10-28, 19:12:33, 23.34, 48.72
2020-10-28, 19:12:34, 23.34, 48.69
2020-10-28, 19:12:36, 23.33, 48.69
2020-10-28, 19:12:37, 23.34, 48.72
2020-10-28, 19:12:38, 23.34, 48.72
2020-10-28, 19:12:40, 23.34, 48.69
2020-10-28, 19:12:41, 23.32, 48.72
2020-10-28, 19:12:42, 23.33, 48.69
2020-10-28, 19:12:44, 23.34, 48.69
2020-10-28, 19:12:45, 23.33, 48.69
2020-10-28, 19:12:47, 23.32, 48.72
2020-10-28, 19:12:48, 23.33, 48.72
2020-10-28, 19:12:49, 23.34, 48.72
2020-10-28, 19:12:51, 23.34, 48.72
2020-10-28, 19:12:52, 23.34, 48.72
2020-10-28, 19:12:53, 23.33, 48.72
2020-10-28, 19:12:55, 23.33, 48.72
2020-10-28, 19:12:56, 23.33, 48.72
2020-10-28, 19:12:57, 23.32, 48.69
2020-10-28, 19:12:59, 23.34, 48.69
2020-10-28, 19:13:00, 23.33, 48.69
2020-10-28, 19:13:01, 23.32, 48.69
2020-10-28, 19:13:03, 23.34, 48.69
2020-10-28, 19:13:04, 23.34, 48.69
2020-10-28, 19:13:06, 23.33, 48.72
2020-10-28, 19:13:07, 23.33, 48.69
2020-10-28, 19:13:08, 23.32, 48.72
2020-10-28, 19:13:10, 23.32, 48.72
2020-10-28, 19:13:11, 23.34, 48.72
2020-10-28, 19:13:12, 23.33, 48.69
2020-10-28, 19:13:14, 23.33, 48.69
2020-10-28, 19:13:15, 23.34, 48.72
2020-10-28, 19:13:16, 23.34, 48.72
2020-10-28, 19:13:18, 23.34, 48.72
2020-10-28, 19:13:19, 23.34, 48.72
2020-10-28, 19:13:20, 23.33, 48.72
2020-10-28, 19:13:22, 23.33, 48.72
2020-10-28, 19:13:23, 23.33, 48.72
2020-10-28, 19:13:25, 23.31, 48.72
2020-10-28, 19:13:26, 23.33, 48.72
2020-10-28, 19:13:27, 23.32, 48.75
2020-10-28, 19:13:29, 23.33, 48.75
2020-10-28, 19:13:30, 23.32, 48.72
2020-10-28, 19:13:31, 23.32, 48.75
2020-10-28, 19:13:33, 23.32, 48.75
2020-10-28, 19:13:34, 23.32, 48.75
2020-10-28, 19:13:35, 23.32, 48.75
2020-10-28, 19:13:37, 23.32, 48.75
2020-10-28, 19:13:38, 23.32, 48.75
2020-10-28, 19:13:39, 23.32, 48.75
2020-10-28, 19:13:41, 23.32, 48.75
2020-10-28, 19:13:42, 23.32, 48.75
2020-10-28, 19:13:43, 23.33, 48.75
2020-10-28, 19:13:45, 23.32, 48.75
2020-10-28, 19:13:46, 23.33, 48.75
2020-10-28, 19:13:48, 23.32, 48.75
2020-10-28, 19:13:49, 23.32, 48.75
2020-10-28, 19:13:50, 23.3, 48.75
2020-10-28, 19:13:52, 23.3, 48.75
2020-10-28, 19:13:53, 23.33, 48.75
2020-10-28, 19:13:54, 23.32, 48.75
2020-10-28, 19:13:56, 23.32, 48.75
2020-10-28, 19:13:57, 23.32, 48.78
2020-10-28, 19:13:58, 23.31, 48.78
2020-10-28, 19:14:00, 23.32, 48.78
2020-10-28, 19:14:01, 23.31, 48.75
2020-10-28, 19:14:02, 23.31, 48.78
2020-10-28, 19:14:04, 23.32, 48.75
2020-10-28, 19:14:05, 23.3, 48.78
2020-10-28, 19:14:07, 23.3, 48.78
2020-10-28, 19:14:08, 23.32, 48.78
2020-10-28, 19:14:09, 23.31, 48.78
2020-10-28, 19:14:11, 23.31, 48.81
2020-10-28, 19:14:12, 23.3, 48.78
2020-10-28, 19:14:13, 23.31, 48.78
2020-10-28, 19:14:15, 23.31, 48.78
2020-10-28, 19:14:16, 23.32, 48.78
2020-10-28, 19:14:17, 23.31, 48.75
2020-10-28, 19:14:19, 23.3, 48.78
2020-10-28, 19:14:20, 23.3, 48.75
2020-10-28, 19:14:21, 23.31, 48.75
2020-10-28, 19:14:23, 23.31, 48.75
2020-10-28, 19:14:24, 23.32, 48.75
2020-10-28, 19:14:25, 23.31, 48.78
2020-10-28, 19:14:27, 23.31, 48.75
2020-10-28, 19:14:28, 23.32, 48.75
2020-10-28, 19:14:30, 23.31, 48.75
2020-10-28, 19:14:31, 23.32, 48.75
2020-10-28, 19:14:32, 23.32, 48.75
2020-10-28, 19:14:34, 23.33, 48.75
2020-10-28, 19:14:35, 23.3, 48.75
2020-10-28, 19:14:36, 23.31, 48.75
2020-10-28, 19:14:38, 23.32, 48.75
2020-10-28, 19:14:39, 23.32, 48.75
2020-10-28, 19:14:40, 23.32, 48.75
2020-10-28, 19:14:42, 23.32, 48.75
2020-10-28, 19:14:43, 23.32, 48.75
2020-10-28, 19:14:44, 23.31, 48.75
2020-10-28, 19:14:46, 23.32, 48.75
2020-10-28, 19:14:47, 23.32, 48.75
2020-10-28, 19:14:49, 23.32, 48.75
2020-10-28, 19:14:50, 23.33, 48.75
2020-10-28, 19:14:51, 23.32, 48.75
2020-10-28, 19:14:53, 23.33, 48.75
2020-10-28, 19:14:54, 23.32, 48.75
2020-10-28, 19:14:55, 23.31, 48.75
2020-10-28, 19:14:57, 23.31, 48.75
2020-10-28, 19:14:58, 23.3, 48.75
2020-10-28, 19:14:59, 23.31, 48.75
2020-10-28, 19:15:01, 23.31, 48.75
2020-10-28, 19:15:02, 23.3, 48.72
2020-10-28, 19:15:03, 23.33, 48.72
2020-10-28, 19:15:05, 23.33, 48.72
2020-10-28, 19:15:06, 23.33, 48.72
2020-10-28, 19:15:07, 23.32, 48.72
2020-10-28, 19:15:09, 23.33, 48.72
2020-10-28, 19:15:10, 23.32, 48.69
2020-10-28, 19:15:12, 23.32, 48.72
2020-10-28, 19:15:13, 23.32, 48.72
2020-10-28, 19:15:14, 23.32, 48.72
2020-10-28, 19:15:16, 23.32, 48.72
2020-10-28, 19:15:17, 23.33, 48.69
2020-10-28, 19:15:18, 23.34, 48.72
2020-10-28, 19:15:20, 23.32, 48.69
2020-10-28, 19:15:21, 23.3, 48.72
2020-10-28, 19:15:22, 23.32, 48.69
2020-10-28, 19:15:24, 23.32, 48.72
2020-10-28, 19:15:25, 23.34, 48.69
2020-10-28, 19:15:26, 23.32, 48.72
2020-10-28, 19:15:28, 23.33, 48.72
2020-10-28, 19:15:29, 23.32, 48.72
2020-10-28, 19:15:31, 23.32, 48.72
2020-10-28, 19:15:32, 23.32, 48.72
2020-10-28, 19:15:33, 23.32, 48.72
2020-10-28, 19:15:35, 23.33, 48.72
2020-10-28, 19:15:36, 23.33, 48.72
2020-10-28, 19:15:37, 23.33, 48.72
2020-10-28, 19:15:39, 23.31, 48.72
2020-10-28, 19:15:40, 23.32, 48.72
2020-10-28, 19:15:41, 23.32, 48.72
2020-10-28, 19:15:43, 23.32, 48.72
2020-10-28, 19:15:44, 23.32, 48.69
2020-10-28, 19:15:45, 23.31, 48.68
2020-10-28, 19:15:47, 23.32, 48.72
2020-10-28, 19:15:48, 23.32, 48.72
2020-10-28, 19:15:49, 23.31, 48.72
2020-10-28, 19:15:51, 23.3, 48.75
2020-10-28, 19:15:52, 23.32, 48.75
2020-10-28, 19:15:54, 23.31, 48.68
2020-10-28, 19:15:55, 23.31, 48.72
2020-10-28, 19:15:56, 23.32, 48.72
2020-10-28, 19:15:58, 23.31, 48.72
2020-10-28, 19:15:59, 23.31, 48.72
2020-10-28, 19:16:00, 23.32, 48.72
2020-10-28, 19:16:02, 23.32, 48.72
2020-10-28, 19:16:03, 23.3, 48.72
2020-10-28, 19:16:04, 23.32, 48.69
2020-10-28, 19:16:06, 23.32, 48.72
2020-10-28, 19:16:07, 23.28, 48.71
2020-10-28, 19:16:08, 23.31, 48.72
2020-10-28, 19:16:10, 23.31, 48.72
2020-10-28, 19:16:11, 23.32, 48.72
2020-10-28, 19:16:13, 23.32, 48.72
2020-10-28, 19:16:14, 23.32, 48.72
2020-10-28, 19:16:15, 23.32, 48.72
2020-10-28, 19:16:17, 23.31, 48.72
2020-10-28, 19:16:18, 23.32, 48.72
2020-10-28, 19:16:19, 23.32, 48.72
2020-10-28, 19:16:21, 23.32, 48.72
2020-10-28, 19:16:22, 23.32, 48.69
2020-10-28, 19:16:23, 23.32, 48.69
2020-10-28, 19:16:25, 23.29, 48.71
2020-10-28, 19:16:26, 23.31, 48.68
2020-10-28, 19:16:27, 23.32, 48.69
2020-10-28, 19:16:29, 23.3, 48.68
2020-10-28, 19:16:30, 23.33, 48.69
2020-10-28, 19:16:32, 23.32, 48.69
2020-10-28, 19:16:33, 23.32, 48.69
2020-10-28, 19:16:34, 23.32, 48.69
2020-10-28, 19:16:36, 23.31, 48.68
2020-10-28, 19:16:37, 23.31, 48.68
2020-10-28, 19:16:38, 23.32, 48.69
2020-10-28, 19:16:40, 23.31, 48.68
2020-10-28, 19:16:41, 23.32, 48.72
2020-10-28, 19:16:42, 23.3, 48.68
2020-10-28, 19:16:44, 23.32, 48.69
2020-10-28, 19:16:45, 23.32, 48.69
2020-10-28, 19:16:46, 23.31, 48.68
2020-10-28, 19:16:48, 23.32, 48.69
2020-10-28, 19:16:49, 23.32, 48.69
2020-10-28, 19:16:51, 23.32, 48.69
2020-10-28, 19:16:52, 23.31, 48.68
2020-10-28, 19:16:53, 23.31, 48.68
2020-10-28, 19:16:55, 23.31, 48.68
2020-10-28, 19:16:56, 23.31, 48.68
2020-10-28, 19:16:57, 23.33, 48.69
2020-10-28, 19:16:59, 23.31, 48.68
2020-10-28, 19:17:00, 23.31, 48.68
2020-10-28, 19:17:01, 23.31, 48.68
2020-10-28, 19:17:03, 23.31, 48.72
2020-10-28, 19:17:04, 23.32, 48.72
2020-10-28, 19:17:05, 23.3, 48.68
2020-10-28, 19:17:07, 23.31, 48.68
2020-10-28, 19:17:08, 23.32, 48.69
2020-10-28, 19:17:09, 23.31, 48.72
2020-10-28, 19:17:11, 23.3, 48.72
2020-10-28, 19:17:12, 23.31, 48.72
2020-10-28, 19:17:14, 23.3, 48.68
2020-10-28, 19:17:15, 23.3, 48.68
2020-10-28, 19:17:16, 23.3, 48.72
2020-10-28, 19:17:18, 23.3, 48.68
2020-10-28, 19:17:19, 23.3, 48.72
2020-10-28, 19:17:20, 23.3, 48.72
2020-10-28, 19:17:22, 23.3, 48.72
2020-10-28, 19:17:23, 23.3, 48.68
2020-10-28, 19:17:24, 23.3, 48.72
2020-10-28, 19:17:26, 23.31, 48.72
2020-10-28, 19:17:27, 23.3, 48.68
2020-10-28, 19:17:29, 23.28, 48.74
2020-10-28, 19:17:30, 23.3, 48.72
2020-10-28, 19:17:31, 23.3, 48.72
2020-10-28, 19:17:33, 23.29, 48.75
2020-10-28, 19:17:34, 23.3, 48.72
2020-10-28, 19:17:35, 23.3, 48.75
2020-10-28, 19:17:37, 23.28, 48.68
2020-10-28, 19:17:38, 23.3, 48.72
2020-10-28, 19:17:40, 23.3, 48.68
2020-10-28, 19:17:41, 23.31, 48.68
2020-10-28, 19:17:42, 23.31, 48.68
2020-10-28, 19:17:44, 23.3, 48.72
2020-10-28, 19:17:45, 23.31, 48.68
2020-10-28, 19:17:46, 23.31, 48.68
2020-10-28, 19:17:48, 23.32, 48.69
2020-10-28, 19:17:49, 23.3, 48.68
2020-10-28, 19:17:50, 23.32, 48.69
2020-10-28, 19:17:52, 23.31, 48.68
2020-10-28, 19:17:53, 23.3, 48.65
2020-10-28, 19:17:54, 23.3, 48.68
2020-10-28, 19:17:56, 23.3, 48.68
2020-10-28, 19:17:57, 23.3, 48.68
2020-10-28, 19:17:59, 23.29, 48.65
2020-10-28, 19:18:00, 23.28, 48.68
2020-10-28, 19:18:01, 23.29, 48.65
2020-10-28, 19:18:03, 23.29, 48.65
2020-10-28, 19:18:04, 23.28, 48.68
2020-10-28, 19:18:05, 23.29, 48.68
2020-10-28, 19:18:07, 23.29, 48.68
2020-10-28, 19:18:08, 23.29, 48.68
2020-10-28, 19:18:09, 23.3, 48.68
2020-10-28, 19:18:11, 23.27, 48.68
2020-10-28, 19:18:12, 23.28, 48.68
2020-10-28, 19:18:13, 23.29, 48.68
2020-10-28, 19:18:15, 23.29, 48.68
2020-10-28, 19:18:16, 23.28, 48.68
2020-10-28, 19:18:17, 23.28, 48.68
2020-10-28, 19:18:19, 23.28, 48.68
2020-10-28, 19:18:20, 23.28, 48.68
2020-10-28, 19:18:22, 23.28, 48.68
2020-10-28, 19:18:23, 23.28, 48.68
2020-10-28, 19:18:24, 23.27, 48.68
2020-10-28, 19:18:26, 23.26, 48.68
2020-10-28, 19:18:27, 23.28, 48.68
2020-10-28, 19:18:28, 23.27, 48.71
2020-10-28, 19:18:30, 23.28, 48.68
2020-10-28, 19:18:31, 23.28, 48.71
2020-10-28, 19:18:32, 23.28, 48.71
2020-10-28, 19:18:34, 23.28, 48.68
2020-10-28, 19:18:35, 23.27, 48.71
2020-10-28, 19:18:36, 23.27, 48.71
2020-10-28, 19:18:38, 23.26, 48.68
2020-10-28, 19:18:39, 23.27, 48.71
2020-10-28, 19:18:41, 23.27, 48.71
2020-10-28, 19:18:42, 23.27, 48.71
2020-10-28, 19:18:43, 23.26, 48.74
2020-10-28, 19:18:45, 23.28, 48.68
2020-10-28, 19:18:46, 23.27, 48.71
2020-10-28, 19:18:47, 23.28, 48.68
2020-10-28, 19:18:49, 23.27, 48.68
2020-10-28, 19:18:50, 23.26, 48.68
2020-10-28, 19:18:51, 23.27, 48.71
2020-10-28, 19:18:53, 23.27, 48.71
2020-10-28, 19:18:54, 23.25, 48.71
2020-10-28, 19:18:56, 23.26, 48.71
2020-10-28, 19:18:57, 23.27, 48.71
2020-10-28, 19:18:58, 23.27, 48.71
2020-10-28, 19:19:00, 23.27, 48.71
2020-10-28, 19:19:01, 23.27, 48.68
2020-10-28, 19:19:02, 23.28, 48.71
2020-10-28, 19:19:04, 23.27, 48.68
2020-10-28, 19:19:05, 23.28, 48.68
2020-10-28, 19:19:06, 23.26, 48.68
2020-10-28, 19:19:08, 23.26, 48.68
2020-10-28, 19:19:09, 23.28, 48.68
2020-10-28, 19:19:10, 23.27, 48.68
2020-10-28, 19:19:12, 23.27, 48.71
2020-10-28, 19:19:13, 23.27, 48.68
2020-10-28, 19:19:15, 23.26, 48.71
2020-10-28, 19:19:16, 23.26, 48.71
2020-10-28, 19:19:17, 23.26, 48.68
2020-10-28, 19:19:19, 23.27, 48.71
2020-10-28, 19:19:20, 23.26, 48.71
2020-10-28, 19:19:21, 23.27, 48.71
2020-10-28, 19:19:23, 23.27, 48.71
2020-10-28, 19:19:24, 23.28, 48.71
2020-10-28, 19:19:25, 23.28, 48.68
2020-10-28, 19:19:27, 23.27, 48.68
2020-10-28, 19:19:28, 23.28, 48.71
2020-10-28, 19:19:29, 23.28, 48.71
2020-10-28, 19:19:31, 23.27, 48.71
2020-10-28, 19:19:32, 23.27, 48.71
2020-10-28, 19:19:34, 23.26, 48.71
2020-10-28, 19:19:35, 23.27, 48.71
2020-10-28, 19:19:36, 23.27, 48.71
2020-10-28, 19:19:38, 23.26, 48.71
2020-10-28, 19:19:39, 23.25, 48.71
2020-10-28, 19:19:40, 23.26, 48.71
2020-10-28, 19:19:42, 23.25, 48.71
2020-10-28, 19:19:43, 23.25, 48.74
2020-10-28, 19:19:44, 23.26, 48.74
2020-10-28, 19:19:46, 23.25, 48.71
2020-10-28, 19:19:47, 23.26, 48.74
2020-10-28, 19:19:48, 23.25, 48.74
2020-10-28, 19:19:50, 23.26, 48.74
2020-10-28, 19:19:51, 23.26, 48.74
2020-10-28, 19:19:52, 23.26, 48.74
2020-10-28, 19:19:54, 23.24, 48.74
2020-10-28, 19:19:55, 23.25, 48.74
2020-10-28, 19:19:57, 23.24, 48.74
2020-10-28, 19:19:58, 23.24, 48.74
2020-10-28, 19:19:59, 23.25, 48.77
2020-10-28, 19:20:01, 23.23, 48.77
2020-10-28, 19:20:02, 23.24, 48.74
2020-10-28, 19:20:03, 23.24, 48.8
2020-10-28, 19:20:05, 23.24, 48.8
2020-10-28, 19:20:06, 23.23, 48.8
2020-10-28, 19:20:07, 23.24, 48.8
2020-10-28, 19:20:09, 23.23, 48.8
2020-10-28, 19:20:10, 23.23, 48.8
2020-10-28, 19:20:11, 23.23, 48.8
2020-10-28, 19:20:13, 23.23, 48.8
2020-10-28, 19:20:14, 23.23, 48.8
2020-10-28, 19:20:16, 23.22, 48.83
2020-10-28, 19:20:17, 23.23, 48.8
2020-10-28, 19:20:18, 23.22, 48.83
2020-10-28, 19:20:20, 23.23, 48.8
2020-10-28, 19:20:21, 23.22, 48.83
2020-10-28, 19:20:22, 23.23, 48.87
2020-10-28, 19:20:24, 23.23, 48.83
2020-10-28, 19:20:25, 23.22, 48.86
2020-10-28, 19:20:26, 23.22, 48.83
2020-10-28, 19:20:28, 23.23, 48.87
2020-10-28, 19:20:29, 23.22, 48.86
2020-10-28, 19:20:30, 23.24, 48.83
2020-10-28, 19:20:32, 23.24, 48.87
2020-10-28, 19:20:33, 23.24, 48.83
2020-10-28, 19:20:34, 23.22, 48.83
2020-10-28, 19:20:36, 23.21, 48.86
2020-10-28, 19:20:37, 23.21, 48.83
2020-10-28, 19:20:39, 23.23, 48.83
2020-10-28, 19:20:40, 23.22, 48.83
2020-10-28, 19:20:41, 23.23, 48.83
2020-10-28, 19:20:43, 23.22, 48.86
2020-10-28, 19:20:44, 23.24, 48.87
2020-10-28, 19:20:45, 23.24, 48.83
2020-10-28, 19:20:47, 23.23, 48.87
2020-10-28, 19:20:48, 23.23, 48.87
2020-10-28, 19:20:49, 23.22, 48.86
2020-10-28, 19:20:51, 23.22, 48.86
2020-10-28, 19:20:52, 23.23, 48.87
2020-10-28, 19:20:53, 23.22, 48.86
2020-10-28, 19:20:55, 23.22, 48.86
2020-10-28, 19:20:56, 23.23, 48.87
2020-10-28, 19:20:58, 23.22, 48.86
2020-10-28, 19:20:59, 23.22, 48.9
2020-10-28, 19:21:00, 23.19, 48.89
2020-10-28, 19:21:02, 23.22, 48.93
2020-10-28, 19:21:03, 23.2, 48.93
2020-10-28, 19:21:04, 23.2, 48.93
2020-10-28, 19:21:06, 23.2, 48.93
2020-10-28, 19:21:07, 23.2, 48.93
2020-10-28, 19:21:08, 23.19, 48.92
2020-10-28, 19:21:10, 23.21, 48.96
2020-10-28, 19:21:11, 23.2, 48.93
2020-10-28, 19:21:13, 23.2, 48.96
2020-10-28, 19:21:14, 23.18, 48.99
2020-10-28, 19:21:15, 23.19, 48.96
2020-10-28, 19:21:17, 23.18, 48.95
2020-10-28, 19:21:18, 23.19, 48.99
2020-10-28, 19:21:19, 23.19, 48.99
2020-10-28, 19:21:21, 23.18, 48.99
2020-10-28, 19:21:22, 23.18, 48.99
2020-10-28, 19:21:23, 23.17, 48.98
2020-10-28, 19:21:25, 23.18, 48.99
2020-10-28, 19:21:26, 23.16, 48.98
2020-10-28, 19:21:27, 23.16, 49.02
2020-10-28, 19:21:29, 23.15, 49.05
2020-10-28, 19:21:30, 23.15, 49.05
2020-10-28, 19:21:31, 23.15, 49.05
2020-10-28, 19:21:33, 23.15, 49.05
2020-10-28, 19:21:34, 23.14, 49.04
2020-10-28, 19:21:36, 23.14, 49.08
2020-10-28, 19:21:37, 23.15, 49.08
2020-10-28, 19:21:38, 23.15, 49.08
2020-10-28, 19:21:40, 23.14, 49.08
2020-10-28, 19:21:41, 23.14, 49.11
2020-10-28, 19:21:42, 23.13, 49.07
2020-10-28, 19:21:44, 23.14, 49.11
2020-10-28, 19:21:45, 23.13, 49.11
2020-10-28, 19:21:46, 23.14, 49.11
2020-10-28, 19:21:48, 23.14, 49.11
2020-10-28, 19:21:49, 23.14, 49.11
2020-10-28, 19:21:50, 23.12, 49.11
2020-10-28, 19:21:52, 23.14, 49.11
2020-10-28, 19:21:53, 23.13, 49.11
2020-10-28, 19:21:55, 23.14, 49.11
2020-10-28, 19:21:56, 23.13, 49.11
2020-10-28, 19:21:57, 23.12, 49.11
2020-10-28, 19:21:59, 23.12, 49.14
2020-10-28, 19:22:00, 23.12, 49.11
2020-10-28, 19:22:01, 23.12, 49.14
2020-10-28, 19:22:03, 23.12, 49.14
2020-10-28, 19:22:04, 23.12, 49.14
2020-10-28, 19:22:05, 23.12, 49.14
2020-10-28, 19:22:07, 23.12, 49.14
2020-10-28, 19:22:08, 23.11, 49.17
2020-10-28, 19:22:10, 23.12, 49.17
2020-10-28, 19:22:11, 23.1, 49.17
2020-10-28, 19:22:12, 23.12, 49.2
2020-10-28, 19:22:14, 23.11, 49.2
2020-10-28, 19:22:15, 23.12, 49.17
2020-10-28, 19:22:16, 23.12, 49.2
2020-10-28, 19:22:18, 23.13, 49.2
2020-10-28, 19:22:19, 23.13, 49.2
2020-10-28, 19:22:20, 23.13, 49.17
2020-10-28, 19:22:22, 23.14, 49.17
2020-10-28, 19:22:23, 23.14, 49.2
2020-10-28, 19:22:24, 23.14, 49.17
2020-10-28, 19:22:26, 23.12, 49.17
2020-10-28, 19:22:27, 23.12, 49.17
2020-10-28, 19:22:29, 23.11, 49.17
2020-10-28, 19:22:30, 23.12, 49.2
2020-10-28, 19:22:31, 23.11, 49.2
2020-10-28, 19:22:33, 23.12, 49.2
2020-10-28, 19:22:34, 23.14, 49.24
2020-10-28, 19:22:35, 23.12, 49.17
2020-10-28, 19:22:37, 23.12, 49.2
2020-10-28, 19:22:38, 23.14, 49.2
2020-10-28, 19:22:39, 23.13, 49.2
2020-10-28, 19:22:41, 23.12, 49.17
2020-10-28, 19:22:42, 23.13, 49.17
2020-10-28, 19:22:43, 23.12, 49.17
2020-10-28, 19:22:45, 23.12, 49.2
2020-10-28, 19:22:47, 22.98, 49.18
2020-10-28, 19:22:48, 23.08, 49.26
2020-10-28, 19:22:49, 23.1, 49.29
2020-10-28, 19:22:51, 23.11, 49.26
2020-10-28, 19:22:52, 23.11, 49.29
2020-10-28, 19:22:53, 23.09, 49.29
2020-10-28, 19:22:55, 23.09, 49.29
2020-10-28, 19:22:56, 23.12, 49.26
2020-10-28, 19:22:57, 23.11, 49.29
2020-10-28, 19:22:59, 23.12, 49.3
2020-10-28, 19:23:00, 23.1, 49.26
2020-10-28, 19:23:01, 23.09, 49.29
2020-10-28, 19:23:03, 23.1, 49.26
2020-10-28, 19:23:04, 23.09, 49.29
2020-10-28, 19:23:06, 23.09, 49.29
2020-10-28, 19:23:07, 23.09, 49.29
2020-10-28, 19:23:08, 23.08, 49.29
2020-10-28, 19:23:10, 23.09, 49.36
2020-10-28, 19:23:11, 23.08, 49.35
2020-10-28, 19:23:12, 23.08, 49.32
2020-10-28, 19:23:14, 23.09, 49.36
2020-10-28, 19:23:15, 23.08, 49.35
2020-10-28, 19:23:16, 23.07, 49.35
2020-10-28, 19:23:18, 23.07, 49.38
2020-10-28, 19:23:19, 23.07, 49.42
2020-10-28, 19:23:20, 23.07, 49.42
2020-10-28, 19:23:22, 23.07, 49.42
2020-10-28, 19:23:23, 23.07, 49.42
2020-10-28, 19:23:25, 23.06, 49.42
2020-10-28, 19:23:26, 23.06, 49.45
2020-10-28, 19:23:27, 23.06, 49.48
2020-10-28, 19:23:29, 23.06, 49.48
2020-10-28, 19:23:30, 23.05, 49.48
2020-10-28, 19:23:31, 23.07, 49.48
2020-10-28, 19:23:33, 23.06, 49.51
2020-10-28, 19:23:34, 23.06, 49.51
2020-10-28, 19:23:35, 23.07, 49.51
2020-10-28, 19:23:37, 23.05, 49.54
2020-10-28, 19:23:38, 23.06, 49.54
2020-10-28, 19:23:39, 23.07, 49.51
2020-10-28, 19:23:41, 23.05, 49.51
2020-10-28, 19:23:42, 23.06, 49.51
2020-10-28, 19:23:44, 23.06, 49.48
2020-10-28, 19:23:45, 23.07, 49.51
2020-10-28, 19:23:46, 23.07, 49.48
2020-10-28, 19:23:48, 23.06, 49.51
2020-10-28, 19:23:49, 23.06, 49.51
2020-10-28, 19:23:50, 23.07, 49.48
2020-10-28, 19:23:52, 23.06, 49.51
2020-10-28, 19:23:53, 23.07, 49.48
2020-10-28, 19:23:54, 23.08, 49.48
2020-10-28, 19:23:56, 23.07, 49.48
2020-10-28, 19:23:57, 23.06, 49.48
2020-10-28, 19:23:59, 23.08, 49.48
2020-10-28, 19:24:00, 23.07, 49.48
2020-10-28, 19:24:01, 23.07, 49.48
2020-10-28, 19:24:03, 23.06, 49.48
2020-10-28, 19:24:04, 23.06, 49.51
2020-10-28, 19:24:05, 23.06, 49.51
2020-10-28, 19:24:07, 23.06, 49.51
2020-10-28, 19:24:08, 23.05, 49.54
2020-10-28, 19:24:09, 23.06, 49.54
2020-10-28, 19:24:11, 23.05, 49.54
2020-10-28, 19:24:12, 23.06, 49.54
2020-10-28, 19:24:13, 23.05, 49.54
2020-10-28, 19:24:15, 23.05, 49.54
2020-10-28, 19:24:16, 23.04, 49.54
2020-10-28, 19:24:17, 23.05, 49.54
2020-10-28, 19:24:19, 23.05, 49.57
2020-10-28, 19:24:20, 23.05, 49.54
2020-10-28, 19:24:22, 23.04, 49.6
2020-10-28, 19:24:23, 23.04, 49.57
2020-10-28, 19:24:24, 23.02, 49.6
2020-10-28, 19:24:26, 23.05, 49.6
2020-10-28, 19:24:27, 23.05, 49.6
2020-10-28, 19:24:28, 23.04, 49.63
2020-10-28, 19:24:30, 23.04, 49.6
2020-10-28, 19:24:31, 23.05, 49.6
2020-10-28, 19:24:32, 23.04, 49.63
2020-10-28, 19:24:34, 23.04, 49.63
2020-10-28, 19:24:35, 23.04, 49.63
2020-10-28, 19:24:36, 23.06, 49.67
2020-10-28, 19:24:38, 23.04, 49.67
2020-10-28, 19:24:39, 23.03, 49.66
2020-10-28, 19:24:41, 23.04, 49.63
2020-10-28, 19:24:42, 23.04, 49.67
2020-10-28, 19:24:43, 23.03, 49.66
2020-10-28, 19:24:45, 23.03, 49.66
2020-10-28, 19:24:46, 23.04, 49.67
2020-10-28, 19:24:47, 23.04, 49.67
2020-10-28, 19:24:49, 23.05, 49.67
2020-10-28, 19:24:50, 23.03, 49.66
2020-10-28, 19:24:51, 23.03, 49.66
2020-10-28, 19:24:53, 23.04, 49.67
2020-10-28, 19:24:54, 23.02, 49.7
2020-10-28, 19:24:55, 23.03, 49.7
2020-10-28, 19:24:57, 23.02, 49.7
2020-10-28, 19:24:58, 23.02, 49.7
2020-10-28, 19:25:00, 23.04, 49.7
2020-10-28, 19:25:01, 23.03, 49.7
2020-10-28, 19:25:02, 23.02, 49.66
2020-10-28, 19:25:04, 23.02, 49.7
2020-10-28, 19:25:05, 23.02, 49.7
2020-10-28, 19:25:06, 23.02, 49.7
2020-10-28, 19:25:08, 23.01, 49.69
2020-10-28, 19:25:09, 23.02, 49.7
2020-10-28, 19:25:10, 23.02, 49.7
2020-10-28, 19:25:12, 23.03, 49.7
2020-10-28, 19:25:13, 23.04, 49.67
2020-10-28, 19:25:15, 23.04, 49.7
2020-10-28, 19:25:16, 23.04, 49.67
2020-10-28, 19:25:17, 23.04, 49.7
2020-10-28, 19:25:19, 23.04, 49.67
2020-10-28, 19:25:20, 23.02, 49.66
2020-10-28, 19:25:21, 23.03, 49.66
2020-10-28, 19:25:23, 23.03, 49.7
2020-10-28, 19:25:24, 23.03, 49.66
2020-10-28, 19:25:25, 23.02, 49.73
2020-10-28, 19:25:27, 23.02, 49.7
2020-10-28, 19:25:28, 23.03, 49.7
2020-10-28, 19:25:29, 23.02, 49.7
2020-10-28, 19:25:31, 23.03, 49.7
2020-10-28, 19:25:32, 23.03, 49.73
2020-10-28, 19:25:33, 23.02, 49.7
2020-10-28, 19:25:35, 23.01, 49.73
2020-10-28, 19:25:36, 23.02, 49.73
2020-10-28, 19:25:38, 23.03, 49.73
2020-10-28, 19:25:39, 23.02, 49.73
2020-10-28, 19:25:40, 23.01, 49.69
2020-10-28, 19:25:42, 23.02, 49.73
2020-10-28, 19:25:43, 23.02, 49.73
2020-10-28, 19:25:44, 23.02, 49.7
2020-10-28, 19:25:46, 23.0, 49.72
2020-10-28, 19:25:47, 23.02, 49.73
2020-10-28, 19:25:48, 23.01, 49.73
2020-10-28, 19:25:50, 23.02, 49.73
2020-10-28, 19:25:51, 23.01, 49.73
2020-10-28, 19:25:53, 23.01, 49.73
2020-10-28, 19:25:54, 23.02, 49.73
2020-10-28, 19:25:55, 23.02, 49.76
2020-10-28, 19:25:57, 23.01, 49.73
2020-10-28, 19:25:58, 23.01, 49.76
2020-10-28, 19:25:59, 23.01, 49.76
2020-10-28, 19:26:01, 23.01, 49.79
2020-10-28, 19:26:02, 23.02, 49.76
2020-10-28, 19:26:03, 23.0, 49.76
2020-10-28, 19:26:05, 22.99, 49.79
2020-10-28, 19:26:06, 23.01, 49.79
2020-10-28, 19:26:07, 22.98, 49.79
2020-10-28, 19:26:09, 22.98, 49.79
2020-10-28, 19:26:10, 22.99, 49.79
2020-10-28, 19:26:11, 23.0, 49.79
2020-10-28, 19:26:13, 22.99, 49.79
2020-10-28, 19:26:14, 22.98, 49.79
2020-10-28, 19:26:16, 23.0, 49.79
2020-10-28, 19:26:17, 22.99, 49.79
2020-10-28, 19:26:18, 22.98, 49.79
2020-10-28, 19:26:20, 22.99, 49.79
2020-10-28, 19:26:21, 23.01, 49.79
2020-10-28, 19:26:22, 23.0, 49.79
2020-10-28, 19:26:24, 23.0, 49.82
2020-10-28, 19:26:25, 23.0, 49.79
2020-10-28, 19:26:26, 23.0, 49.79
2020-10-28, 19:26:28, 23.01, 49.79
2020-10-28, 19:26:29, 22.99, 49.79
2020-10-28, 19:26:31, 23.0, 49.79
2020-10-28, 19:26:32, 23.02, 49.79
2020-10-28, 19:26:33, 23.02, 49.79
2020-10-28, 19:26:35, 23.02, 49.79
2020-10-28, 19:26:36, 23.01, 49.79
2020-10-28, 19:26:37, 23.0, 49.79
2020-10-28, 19:26:39, 23.0, 49.79
2020-10-28, 19:26:40, 23.0, 49.79
2020-10-28, 19:26:41, 23.0, 49.79
2020-10-28, 19:26:43, 23.01, 49.76
2020-10-28, 19:26:44, 23.02, 49.79
2020-10-28, 19:26:45, 23.0, 49.79
2020-10-28, 19:26:47, 23.01, 49.79
2020-10-28, 19:26:48, 23.01, 49.79
2020-10-28, 19:26:50, 23.02, 49.79
2020-10-28, 19:26:51, 23.0, 49.79
2020-10-28, 19:26:52, 23.0, 49.79
2020-10-28, 19:26:54, 23.01, 49.79
2020-10-28, 19:26:55, 23.01, 49.79
2020-10-28, 19:26:56, 23.0, 49.79
2020-10-28, 19:26:58, 23.01, 49.79
2020-10-28, 19:26:59, 23.0, 49.82
2020-10-28, 19:27:00, 23.01, 49.82
2020-10-28, 19:27:02, 22.98, 49.82
2020-10-28, 19:27:03, 22.99, 49.85
2020-10-28, 19:27:04, 23.01, 49.82
2020-10-28, 19:27:06, 23.0, 49.85
2020-10-28, 19:27:07, 23.01, 49.85
2020-10-28, 19:27:09, 23.0, 49.85
2020-10-28, 19:27:10, 22.99, 49.85
2020-10-28, 19:27:11, 23.0, 49.85
2020-10-28, 19:27:13, 22.99, 49.85
2020-10-28, 19:27:14, 23.0, 49.85
2020-10-28, 19:27:15, 22.99, 49.85
2020-10-28, 19:27:17, 23.0, 49.85
2020-10-28, 19:27:18, 22.98, 49.85
2020-10-28, 19:27:19, 22.98, 49.85
2020-10-28, 19:27:21, 23.0, 49.85
2020-10-28, 19:27:22, 23.0, 49.85
2020-10-28, 19:27:24, 22.98, 49.85
2020-10-28, 19:27:25, 22.99, 49.88
2020-10-28, 19:27:26, 22.98, 49.88
2020-10-28, 19:27:28, 22.97, 49.85
2020-10-28, 19:27:29, 22.97, 49.88
2020-10-28, 19:27:30, 22.98, 49.88
2020-10-28, 19:27:32, 22.99, 49.85
2020-10-28, 19:27:33, 22.99, 49.85
2020-10-28, 19:27:34, 22.99, 49.85
2020-10-28, 19:27:36, 22.98, 49.88
2020-10-28, 19:27:37, 22.97, 49.88
2020-10-28, 19:27:38, 22.97, 49.88
2020-10-28, 19:27:40, 22.97, 49.85
2020-10-28, 19:27:41, 22.98, 49.85
2020-10-28, 19:27:43, 22.98, 49.88
2020-10-28, 19:27:44, 22.98, 49.88
2020-10-28, 19:27:45, 22.99, 49.88
2020-10-28, 19:27:47, 22.98, 49.88
2020-10-28, 19:27:48, 22.98, 49.91
2020-10-28, 19:27:49, 22.99, 49.88
2020-10-28, 19:27:51, 22.99, 49.91
2020-10-28, 19:27:52, 22.99, 49.91
2020-10-28, 19:27:53, 22.98, 49.91
2020-10-28, 19:27:55, 22.99, 49.88
2020-10-28, 19:27:56, 23.0, 49.91
2020-10-28, 19:27:57, 23.0, 49.88
2020-10-28, 19:27:59, 23.0, 49.91
2020-10-28, 19:28:00, 22.99, 49.91
2020-10-28, 19:28:02, 22.98, 49.91
2020-10-28, 19:28:03, 22.98, 49.91
2020-10-28, 19:28:04, 22.98, 49.91
2020-10-28, 19:28:06, 22.98, 49.91
2020-10-28, 19:28:07, 22.99, 49.91
2020-10-28, 19:28:08, 22.99, 49.91
2020-10-28, 19:28:10, 22.98, 49.91
2020-10-28, 19:28:11, 22.98, 49.91
2020-10-28, 19:28:12, 22.98, 49.91
2020-10-28, 19:28:14, 22.97, 49.91
2020-10-28, 19:28:15, 22.98, 49.88
2020-10-28, 19:28:16, 22.98, 49.91
2020-10-28, 19:28:18, 22.98, 49.91
2020-10-28, 19:28:19, 22.97, 49.91
2020-10-28, 19:28:20, 22.98, 49.91
2020-10-28, 19:28:22, 22.98, 49.91
2020-10-28, 19:28:23, 23.0, 49.91
2020-10-28, 19:28:25, 22.98, 49.94
2020-10-28, 19:28:26, 22.98, 49.91
2020-10-28, 19:28:27, 22.98, 49.91
2020-10-28, 19:28:29, 22.96, 49.91
2020-10-28, 19:28:30, 22.98, 49.94
2020-10-28, 19:28:31, 22.98, 49.91
2020-10-28, 19:28:33, 22.98, 49.94
2020-10-28, 19:28:34, 22.97, 49.91
2020-10-28, 19:28:35, 22.97, 49.94
2020-10-28, 19:28:37, 22.98, 49.91
2020-10-28, 19:28:38, 22.98, 49.91
2020-10-28, 19:28:40, 22.98, 49.94
2020-10-28, 19:28:41, 22.98, 49.91
2020-10-28, 19:28:42, 22.98, 49.91
2020-10-28, 19:28:44, 23.0, 49.91
2020-10-28, 19:28:45, 22.98, 49.91
2020-10-28, 19:28:46, 22.99, 49.91
2020-10-28, 19:28:48, 23.0, 49.95
2020-10-28, 19:28:49, 22.99, 49.94
2020-10-28, 19:28:50, 22.99, 49.91
2020-10-28, 19:28:52, 23.0, 49.95
2020-10-28, 19:28:53, 22.98, 49.94
2020-10-28, 19:28:54, 22.99, 49.94
2020-10-28, 19:28:56, 22.99, 49.94
2020-10-28, 19:28:57, 23.0, 49.95
2020-10-28, 19:28:59, 22.99, 49.91
2020-10-28, 19:29:00, 22.99, 49.94
2020-10-28, 19:29:01, 23.0, 49.95
2020-10-28, 19:29:03, 23.0, 49.95
2020-10-28, 19:29:04, 22.99, 49.94
2020-10-28, 19:29:05, 22.98, 49.94
2020-10-28, 19:29:07, 22.98, 49.94
2020-10-28, 19:29:08, 22.96, 49.94
2020-10-28, 19:29:09, 22.97, 49.94
2020-10-28, 19:29:11, 22.98, 49.98
2020-10-28, 19:29:12, 22.98, 49.98
2020-10-28, 19:29:13, 22.98, 49.98
2020-10-28, 19:29:15, 23.0, 49.98
2020-10-28, 19:29:16, 22.99, 49.98
2020-10-28, 19:29:18, 22.97, 49.97
2020-10-28, 19:29:19, 22.97, 49.97
2020-10-28, 19:29:20, 22.98, 49.98
2020-10-28, 19:29:22, 22.99, 49.98
2020-10-28, 19:29:23, 22.99, 49.98
2020-10-28, 19:29:24, 22.99, 49.94
2020-10-28, 19:29:26, 22.99, 49.94
2020-10-28, 19:29:27, 22.98, 49.98
2020-10-28, 19:29:28, 22.98, 49.94
2020-10-28, 19:29:30, 22.99, 49.94
2020-10-28, 19:29:31, 22.99, 49.94
2020-10-28, 19:29:32, 22.99, 49.91
2020-10-28, 19:29:34, 22.98, 49.94
2020-10-28, 19:29:35, 22.98, 49.94
2020-10-28, 19:29:37, 22.99, 49.94
2020-10-28, 19:29:38, 23.0, 49.95
2020-10-28, 19:29:39, 23.0, 49.95
2020-10-28, 19:29:41, 23.0, 49.95
2020-10-28, 19:29:42, 23.01, 49.92
2020-10-28, 19:29:43, 23.0, 49.91
2020-10-28, 19:29:45, 23.0, 49.91
2020-10-28, 19:29:46, 23.01, 49.92
2020-10-28, 19:29:47, 23.01, 49.88
2020-10-28, 19:29:49, 23.0, 49.88
2020-10-28, 19:29:50, 22.99, 49.91
2020-10-28, 19:29:51, 23.0, 49.91
2020-10-28, 19:29:53, 23.02, 49.92
2020-10-28, 19:29:54, 23.0, 49.91
2020-10-28, 19:29:56, 23.0, 49.88
2020-10-28, 19:29:57, 23.0, 49.88
2020-10-28, 19:29:58, 23.0, 49.88
2020-10-28, 19:30:00, 23.01, 49.88
2020-10-28, 19:30:01, 23.03, 49.89
2020-10-28, 19:30:02, 23.0, 49.88
2020-10-28, 19:30:04, 23.0, 49.91
2020-10-28, 19:30:05, 23.02, 49.89
2020-10-28, 19:30:06, 23.0, 49.88
2020-10-28, 19:30:08, 23.02, 49.92
2020-10-28, 19:30:09, 23.0, 49.91
2020-10-28, 19:30:10, 23.04, 49.89
2020-10-28, 19:30:12, 23.0, 49.88
2020-10-28, 19:30:13, 23.01, 49.88
2020-10-28, 19:30:15, 23.02, 49.89
2020-10-28, 19:30:16, 23.03, 49.89
2020-10-28, 19:30:17, 23.03, 49.89
2020-10-28, 19:30:19, 23.03, 49.89
2020-10-28, 19:30:20, 23.02, 49.85
2020-10-28, 19:30:21, 23.03, 49.86
2020-10-28, 19:30:23, 23.04, 49.86
2020-10-28, 19:30:24, 23.05, 49.86
2020-10-28, 19:30:25, 23.04, 49.82
2020-10-28, 19:30:27, 23.05, 49.83
2020-10-28, 19:30:28, 23.05, 49.86
2020-10-28, 19:30:29, 23.06, 49.83
2020-10-28, 19:30:31, 23.05, 49.83
2020-10-28, 19:30:32, 23.05, 49.79
2020-10-28, 19:30:34, 23.05, 49.79
2020-10-28, 19:30:35, 23.07, 49.8
2020-10-28, 19:30:36, 23.06, 49.8
2020-10-28, 19:30:38, 23.06, 49.8
2020-10-28, 19:30:39, 23.06, 49.8
2020-10-28, 19:30:40, 23.05, 49.79
2020-10-28, 19:30:42, 23.06, 49.8
2020-10-28, 19:30:43, 23.06, 49.8
2020-10-28, 19:30:44, 23.04, 49.79
2020-10-28, 19:30:46, 23.06, 49.8
2020-10-28, 19:30:47, 23.07, 49.8
2020-10-28, 19:30:48, 23.06, 49.8
2020-10-28, 19:30:50, 23.06, 49.8
2020-10-28, 19:30:51, 23.07, 49.8
2020-10-28, 19:30:53, 23.06, 49.76
2020-10-28, 19:30:54, 23.07, 49.8
2020-10-28, 19:30:55, 23.07, 49.8
2020-10-28, 19:30:57, 23.07, 49.77
2020-10-28, 19:30:58, 23.08, 49.77
2020-10-28, 19:30:59, 23.07, 49.77
2020-10-28, 19:31:01, 23.07, 49.77
2020-10-28, 19:31:02, 23.06, 49.73
2020-10-28, 19:31:03, 23.06, 49.76
2020-10-28, 19:31:05, 23.08, 49.77
2020-10-28, 19:31:06, 23.07, 49.73
2020-10-28, 19:31:07, 23.07, 49.73
2020-10-28, 19:31:09, 23.07, 49.73
2020-10-28, 19:31:10, 23.07, 49.77
2020-10-28, 19:31:12, 23.07, 49.73
2020-10-28, 19:31:13, 23.07, 49.73
2020-10-28, 19:31:14, 23.08, 49.73
2020-10-28, 19:31:16, 23.08, 49.73
2020-10-28, 19:31:17, 23.08, 49.73
2020-10-28, 19:31:18, 23.07, 49.73
2020-10-28, 19:31:20, 23.07, 49.73
2020-10-28, 19:31:21, 23.07, 49.73
2020-10-28, 19:31:22, 23.08, 49.73
2020-10-28, 19:31:24, 23.08, 49.73
2020-10-28, 19:31:25, 23.08, 49.73
2020-10-28, 19:31:26, 23.08, 49.7
2020-10-28, 19:31:28, 23.07, 49.73
2020-10-28, 19:31:29, 23.08, 49.73
2020-10-28, 19:31:31, 23.08, 49.73
2020-10-28, 19:31:32, 23.08, 49.73
2020-10-28, 19:31:33, 23.07, 49.73
2020-10-28, 19:31:35, 23.08, 49.73
2020-10-28, 19:31:36, 23.08, 49.73
2020-10-28, 19:31:37, 23.06, 49.73
2020-10-28, 19:31:39, 23.08, 49.73
2020-10-28, 19:31:40, 23.08, 49.73
2020-10-28, 19:31:41, 23.08, 49.7
2020-10-28, 19:31:43, 23.07, 49.7
2020-10-28, 19:31:44, 23.08, 49.7
2020-10-28, 19:31:45, 23.08, 49.7
2020-10-28, 19:31:47, 23.08, 49.7
2020-10-28, 19:31:48, 23.08, 49.7
2020-10-28, 19:31:49, 23.08, 49.67
2020-10-28, 19:31:51, 23.08, 49.7
2020-10-28, 19:31:52, 23.08, 49.7
2020-10-28, 19:31:54, 23.08, 49.7
2020-10-28, 19:31:55, 23.06, 49.67
2020-10-28, 19:31:56, 23.08, 49.7
2020-10-28, 19:31:58, 23.09, 49.67
2020-10-28, 19:31:59, 23.09, 49.67
2020-10-28, 19:32:00, 23.09, 49.67
2020-10-28, 19:32:02, 23.09, 49.67
2020-10-28, 19:32:03, 23.09, 49.67
2020-10-28, 19:32:04, 23.09, 49.67
2020-10-28, 19:32:06, 23.06, 49.67
2020-10-28, 19:32:07, 23.07, 49.67
2020-10-28, 19:32:08, 23.08, 49.67
2020-10-28, 19:32:10, 23.08, 49.67
2020-10-28, 19:32:11, 23.08, 49.67
2020-10-28, 19:32:13, 23.08, 49.67
2020-10-28, 19:32:14, 23.09, 49.67
2020-10-28, 19:32:15, 23.07, 49.67
2020-10-28, 19:32:17, 23.1, 49.64
2020-10-28, 19:32:18, 23.09, 49.64
2020-10-28, 19:32:19, 23.1, 49.64
2020-10-28, 19:32:21, 23.09, 49.64
2020-10-28, 19:32:22, 23.1, 49.61
2020-10-28, 19:32:23, 23.11, 49.61
2020-10-28, 19:32:25, 23.1, 49.61
2020-10-28, 19:32:26, 23.1, 49.61
2020-10-28, 19:32:27, 23.09, 49.61
2020-10-28, 19:32:29, 23.1, 49.61
2020-10-28, 19:32:30, 23.1, 49.61
2020-10-28, 19:32:32, 23.1, 49.61
2020-10-28, 19:32:33, 23.08, 49.61
2020-10-28, 19:32:34, 23.1, 49.61
2020-10-28, 19:32:36, 23.1, 49.61
2020-10-28, 19:32:37, 23.09, 49.58
2020-10-28, 19:32:38, 23.09, 49.61
2020-10-28, 19:32:40, 23.1, 49.58
2020-10-28, 19:32:41, 23.1, 49.61
2020-10-28, 19:32:42, 23.11, 49.61
2020-10-28, 19:32:44, 23.09, 49.58
2020-10-28, 19:32:45, 23.09, 49.61
2020-10-28, 19:32:46, 23.1, 49.58
2020-10-28, 19:32:48, 23.08, 49.58
2020-10-28, 19:32:49, 23.1, 49.58
2020-10-28, 19:32:51, 23.1, 49.58
2020-10-28, 19:32:52, 23.09, 49.58
2020-10-28, 19:32:53, 23.1, 49.55
2020-10-28, 19:32:55, 23.09, 49.58
2020-10-28, 19:32:56, 23.09, 49.58
2020-10-28, 19:32:57, 23.09, 49.55
2020-10-28, 19:32:59, 23.1, 49.58
2020-10-28, 19:33:00, 23.1, 49.58
2020-10-28, 19:33:01, 23.09, 49.58
2020-10-28, 19:33:03, 23.1, 49.55
2020-10-28, 19:33:04, 23.1, 49.55
2020-10-28, 19:33:05, 23.1, 49.55
2020-10-28, 19:33:07, 23.1, 49.55
2020-10-28, 19:33:08, 23.1, 49.55
2020-10-28, 19:33:09, 23.1, 49.55
2020-10-28, 19:33:11, 23.11, 49.55
2020-10-28, 19:33:12, 23.12, 49.55
2020-10-28, 19:33:14, 23.11, 49.55
2020-10-28, 19:33:15, 23.12, 49.52
2020-10-28, 19:33:16, 23.12, 49.52
2020-10-28, 19:33:18, 23.12, 49.55
2020-10-28, 19:33:19, 23.12, 49.52
2020-10-28, 19:33:20, 23.13, 49.52
2020-10-28, 19:33:22, 23.12, 49.52
2020-10-28, 19:33:23, 23.13, 49.49
2020-10-28, 19:33:24, 23.14, 49.49
2020-10-28, 19:33:26, 23.13, 49.49
2020-10-28, 19:33:27, 23.14, 49.49
2020-10-28, 19:33:28, 23.15, 49.49
2020-10-28, 19:33:30, 23.15, 49.49
2020-10-28, 19:33:31, 23.14, 49.46
2020-10-28, 19:33:32, 23.15, 49.46
2020-10-28, 19:33:34, 23.14, 49.46
2020-10-28, 19:33:35, 23.15, 49.46
2020-10-28, 19:33:37, 23.14, 49.46
2020-10-28, 19:33:38, 23.15, 49.43
2020-10-28, 19:33:39, 23.16, 49.46
2020-10-28, 19:33:41, 23.14, 49.46
2020-10-28, 19:33:42, 23.14, 49.43
2020-10-28, 19:33:43, 23.16, 49.43
2020-10-28, 19:33:45, 23.16, 49.43
2020-10-28, 19:33:46, 23.16, 49.4
2020-10-28, 19:33:47, 23.17, 49.4
2020-10-28, 19:33:49, 23.14, 49.43
2020-10-28, 19:33:50, 23.16, 49.43
2020-10-28, 19:33:51, 23.15, 49.43
2020-10-28, 19:33:53, 23.14, 49.43
2020-10-28, 19:33:54, 23.15, 49.43
2020-10-28, 19:33:56, 23.15, 49.43
2020-10-28, 19:33:57, 23.16, 49.43
2020-10-28, 19:33:58, 23.16, 49.4
2020-10-28, 19:34:00, 23.17, 49.43
2020-10-28, 19:34:01, 23.16, 49.4
2020-10-28, 19:34:02, 23.16, 49.36
2020-10-28, 19:34:04, 23.16, 49.36
2020-10-28, 19:34:05, 23.16, 49.36
2020-10-28, 19:34:06, 23.17, 49.4
2020-10-28, 19:34:08, 23.16, 49.36
2020-10-28, 19:34:09, 23.16, 49.36
2020-10-28, 19:34:10, 23.15, 49.36
2020-10-28, 19:34:12, 23.16, 49.36
2020-10-28, 19:34:13, 23.16, 49.36
2020-10-28, 19:34:15, 23.16, 49.36
2020-10-28, 19:34:16, 23.17, 49.37
2020-10-28, 19:34:17, 23.16, 49.36
2020-10-28, 19:34:19, 23.16, 49.36
2020-10-28, 19:34:20, 23.16, 49.36
2020-10-28, 19:34:21, 23.16, 49.36
2020-10-28, 19:34:23, 23.16, 49.36
2020-10-28, 19:34:24, 23.16, 49.36
2020-10-28, 19:34:25, 23.16, 49.36
2020-10-28, 19:34:27, 23.17, 49.33
2020-10-28, 19:34:28, 23.16, 49.36
2020-10-28, 19:34:29, 23.17, 49.37
2020-10-28, 19:34:31, 23.18, 49.34
2020-10-28, 19:34:32, 23.17, 49.33
2020-10-28, 19:34:33, 23.18, 49.3
2020-10-28, 19:34:35, 23.17, 49.33
2020-10-28, 19:34:36, 23.18, 49.34
2020-10-28, 19:34:38, 23.18, 49.34
2020-10-28, 19:34:39, 23.17, 49.3
2020-10-28, 19:34:40, 23.18, 49.3
2020-10-28, 19:34:42, 23.18, 49.34
2020-10-28, 19:34:43, 23.18, 49.3
2020-10-28, 19:34:44, 23.18, 49.3
2020-10-28, 19:34:46, 23.17, 49.3
2020-10-28, 19:34:47, 23.18, 49.3
2020-10-28, 19:34:48, 23.18, 49.3
2020-10-28, 19:34:50, 23.16, 49.3
2020-10-28, 19:34:51, 23.16, 49.3
2020-10-28, 19:34:52, 23.17, 49.3
2020-10-28, 19:34:54, 23.17, 49.27
2020-10-28, 19:34:55, 23.16, 49.27
2020-10-28, 19:34:57, 23.16, 49.3
2020-10-28, 19:34:58, 23.17, 49.27
2020-10-28, 19:34:59, 23.17, 49.3
2020-10-28, 19:35:01, 23.15, 49.27
2020-10-28, 19:35:02, 23.16, 49.3
2020-10-28, 19:35:03, 23.17, 49.27
2020-10-28, 19:35:05, 23.15, 49.27
2020-10-28, 19:35:06, 23.16, 49.27
2020-10-28, 19:35:07, 23.16, 49.27
2020-10-28, 19:35:09, 23.17, 49.27
2020-10-28, 19:35:10, 23.18, 49.27
2020-10-28, 19:35:11, 23.17, 49.27
2020-10-28, 19:35:13, 23.16, 49.24
2020-10-28, 19:35:14, 23.17, 49.24
2020-10-28, 19:35:15, 23.16, 49.24
2020-10-28, 19:35:17, 23.17, 49.24
2020-10-28, 19:35:18, 23.17, 49.24
2020-10-28, 19:35:20, 23.17, 49.24
2020-10-28, 19:35:21, 23.16, 49.24
2020-10-28, 19:35:22, 23.17, 49.24
2020-10-28, 19:35:24, 23.17, 49.24
2020-10-28, 19:35:25, 23.18, 49.24
2020-10-28, 19:35:26, 23.18, 49.24
2020-10-28, 19:35:28, 23.16, 49.24
2020-10-28, 19:35:29, 23.17, 49.24
2020-10-28, 19:35:30, 23.17, 49.24
2020-10-28, 19:35:32, 23.15, 49.24
2020-10-28, 19:35:33, 23.18, 49.24
2020-10-28, 19:35:35, 23.15, 49.24
2020-10-28, 19:35:36, 23.17, 49.24
2020-10-28, 19:35:37, 23.17, 49.24
2020-10-28, 19:35:39, 23.17, 49.24
2020-10-28, 19:35:40, 23.17, 49.24
2020-10-28, 19:35:41, 23.17, 49.24
2020-10-28, 19:35:43, 23.16, 49.24
2020-10-28, 19:35:44, 23.16, 49.24
2020-10-28, 19:35:45, 23.17, 49.24
2020-10-28, 19:35:47, 23.15, 49.24
2020-10-28, 19:35:48, 23.16, 49.21
2020-10-28, 19:35:49, 23.18, 49.21
2020-10-28, 19:35:51, 23.17, 49.24
2020-10-28, 19:35:52, 23.16, 49.24
2020-10-28, 19:35:53, 23.15, 49.24
2020-10-28, 19:35:55, 23.16, 49.21
2020-10-28, 19:35:56, 23.17, 49.21
2020-10-28, 19:35:58, 23.16, 49.24
2020-10-28, 19:35:59, 23.17, 49.24
2020-10-28, 19:36:00, 23.16, 49.24
2020-10-28, 19:36:02, 23.16, 49.21
2020-10-28, 19:36:03, 23.16, 49.21
2020-10-28, 19:36:04, 23.16, 49.24
2020-10-28, 19:36:06, 23.16, 49.24
2020-10-28, 19:36:07, 23.16, 49.24
2020-10-28, 19:36:08, 23.15, 49.24
2020-10-28, 19:36:10, 23.16, 49.24
2020-10-28, 19:36:11, 23.16, 49.21
2020-10-28, 19:36:12, 23.16, 49.21
2020-10-28, 19:36:14, 23.16, 49.21
2020-10-28, 19:36:15, 23.15, 49.2
2020-10-28, 19:36:17, 23.16, 49.21
2020-10-28, 19:36:18, 23.15, 49.24
2020-10-28, 19:36:19, 23.14, 49.2
2020-10-28, 19:36:21, 23.14, 49.2
2020-10-28, 19:36:22, 23.15, 49.24
2020-10-28, 19:36:23, 23.17, 49.24
2020-10-28, 19:36:25, 23.16, 49.24
2020-10-28, 19:36:26, 23.15, 49.24
2020-10-28, 19:36:27, 23.15, 49.2
2020-10-28, 19:36:29, 23.15, 49.24
2020-10-28, 19:36:30, 23.14, 49.24
2020-10-28, 19:36:31, 23.14, 49.2
2020-10-28, 19:36:33, 23.16, 49.24
2020-10-28, 19:36:34, 23.15, 49.24
2020-10-28, 19:36:36, 23.15, 49.24
2020-10-28, 19:36:37, 23.14, 49.24
2020-10-28, 19:36:38, 23.15, 49.24
2020-10-28, 19:36:40, 23.15, 49.24
2020-10-28, 19:36:41, 23.13, 49.23
2020-10-28, 19:36:42, 23.14, 49.24
2020-10-28, 19:36:44, 23.15, 49.24
2020-10-28, 19:36:45, 23.14, 49.24
2020-10-28, 19:36:46, 23.13, 49.23
2020-10-28, 19:36:48, 23.14, 49.24
2020-10-28, 19:36:49, 23.14, 49.24
2020-10-28, 19:36:51, 23.14, 49.24
2020-10-28, 19:36:52, 23.14, 49.24
2020-10-28, 19:36:53, 23.15, 49.24
2020-10-28, 19:36:55, 23.15, 49.24
2020-10-28, 19:36:56, 23.14, 49.24
2020-10-28, 19:36:57, 23.14, 49.24
2020-10-28, 19:36:59, 23.16, 49.24
2020-10-28, 19:37:00, 23.15, 49.24
2020-10-28, 19:37:01, 23.14, 49.24
2020-10-28, 19:37:03, 23.14, 49.24
2020-10-28, 19:37:04, 23.14, 49.24
2020-10-28, 19:37:05, 23.15, 49.24
2020-10-28, 19:37:07, 23.15, 49.24
2020-10-28, 19:37:08, 23.16, 49.24
2020-10-28, 19:37:10, 23.16, 49.24
2020-10-28, 19:37:11, 23.16, 49.24
2020-10-28, 19:37:12, 23.15, 49.24
2020-10-28, 19:37:14, 23.14, 49.24
2020-10-28, 19:37:15, 23.16, 49.24
2020-10-28, 19:37:16, 23.16, 49.24
2020-10-28, 19:37:18, 23.16, 49.27
2020-10-28, 19:37:19, 23.15, 49.27
2020-10-28, 19:37:20, 23.14, 49.24
2020-10-28, 19:37:22, 23.14, 49.24
2020-10-28, 19:37:23, 23.14, 49.24
2020-10-28, 19:37:24, 23.14, 49.24
2020-10-28, 19:37:26, 23.15, 49.27
2020-10-28, 19:37:27, 23.14, 49.24
2020-10-28, 19:37:29, 23.15, 49.27
2020-10-28, 19:37:30, 23.14, 49.24
2020-10-28, 19:37:31, 23.13, 49.23
2020-10-28, 19:37:33, 23.14, 49.24
2020-10-28, 19:37:34, 23.14, 49.24
2020-10-28, 19:37:35, 23.14, 49.24
2020-10-28, 19:37:37, 23.15, 49.24
2020-10-28, 19:37:38, 23.14, 49.27
2020-10-28, 19:37:39, 23.14, 49.27
2020-10-28, 19:37:41, 23.14, 49.27
2020-10-28, 19:37:42, 23.13, 49.27
2020-10-28, 19:37:43, 23.14, 49.27
2020-10-28, 19:37:45, 23.14, 49.24
2020-10-28, 19:37:46, 23.14, 49.27
2020-10-28, 19:37:48, 23.14, 49.3
2020-10-28, 19:37:49, 23.14, 49.27
2020-10-28, 19:37:50, 23.13, 49.27
2020-10-28, 19:37:52, 23.12, 49.26
2020-10-28, 19:37:53, 23.14, 49.3
2020-10-28, 19:37:54, 23.13, 49.27
2020-10-28, 19:37:56, 23.14, 49.3
2020-10-28, 19:37:57, 23.15, 49.3
2020-10-28, 19:37:58, 23.14, 49.3
2020-10-28, 19:38:00, 23.15, 49.27
2020-10-28, 19:38:01, 23.14, 49.3
2020-10-28, 19:38:02, 23.15, 49.27
2020-10-28, 19:38:04, 23.14, 49.27
2020-10-28, 19:38:05, 23.12, 49.3
2020-10-28, 19:38:07, 23.13, 49.27
2020-10-28, 19:38:08, 23.12, 49.3
2020-10-28, 19:38:09, 23.12, 49.3
2020-10-28, 19:38:11, 23.12, 49.3
2020-10-28, 19:38:12, 23.12, 49.3
2020-10-28, 19:38:13, 23.14, 49.3
2020-10-28, 19:38:15, 23.13, 49.3
2020-10-28, 19:38:16, 23.12, 49.3
2020-10-28, 19:38:17, 23.13, 49.33
2020-10-28, 19:38:19, 23.12, 49.3
2020-10-28, 19:38:20, 23.14, 49.33
2020-10-28, 19:38:21, 23.14, 49.33
2020-10-28, 19:38:23, 23.12, 49.33
2020-10-28, 19:38:24, 23.13, 49.33
2020-10-28, 19:38:26, 23.14, 49.33
2020-10-28, 19:38:27, 23.12, 49.33
2020-10-28, 19:38:28, 23.12, 49.33
2020-10-28, 19:38:30, 23.12, 49.36
2020-10-28, 19:38:31, 23.11, 49.33
2020-10-28, 19:38:32, 23.11, 49.36
2020-10-28, 19:38:34, 23.1, 49.33
2020-10-28, 19:38:35, 23.1, 49.36
2020-10-28, 19:38:36, 23.12, 49.36
2020-10-28, 19:38:38, 23.11, 49.36
2020-10-28, 19:38:39, 23.12, 49.36
2020-10-28, 19:38:40, 23.11, 49.36
2020-10-28, 19:38:42, 23.11, 49.36
2020-10-28, 19:38:43, 23.1, 49.36
2020-10-28, 19:38:45, 23.12, 49.39
2020-10-28, 19:38:46, 23.12, 49.36
2020-10-28, 19:38:47, 23.13, 49.39
2020-10-28, 19:38:49, 23.12, 49.36
2020-10-28, 19:38:50, 23.13, 49.36
2020-10-28, 19:38:51, 23.12, 49.39
2020-10-28, 19:38:53, 23.11, 49.36
2020-10-28, 19:38:54, 23.12, 49.42
2020-10-28, 19:38:55, 23.11, 49.39
2020-10-28, 19:38:57, 23.11, 49.39
2020-10-28, 19:38:58, 23.11, 49.39
2020-10-28, 19:38:59, 23.12, 49.39
2020-10-28, 19:39:01, 23.11, 49.42
2020-10-28, 19:39:02, 23.1, 49.42
2020-10-28, 19:39:04, 23.12, 49.39
2020-10-28, 19:39:05, 23.11, 49.39
2020-10-28, 19:39:06, 23.11, 49.42
2020-10-28, 19:39:08, 23.11, 49.42
2020-10-28, 19:39:09, 23.11, 49.42
2020-10-28, 19:39:10, 23.1, 49.42
2020-10-28, 19:39:12, 23.1, 49.42
2020-10-28, 19:39:13, 23.12, 49.42
2020-10-28, 19:39:14, 23.1, 49.42
2020-10-28, 19:39:16, 23.11, 49.42
2020-10-28, 19:39:17, 23.1, 49.42
2020-10-28, 19:39:18, 23.1, 49.42
2020-10-28, 19:39:20, 23.1, 49.42
2020-10-28, 19:39:21, 23.11, 49.42
2020-10-28, 19:39:23, 23.1, 49.42
2020-10-28, 19:39:24, 23.12, 49.45
2020-10-28, 19:39:25, 23.12, 49.42
2020-10-28, 19:39:27, 23.11, 49.42
2020-10-28, 19:39:28, 23.12, 49.42
2020-10-28, 19:39:29, 23.12, 49.42
2020-10-28, 19:39:31, 23.13, 49.42
2020-10-28, 19:39:32, 23.12, 49.42
2020-10-28, 19:39:33, 23.11, 49.42
2020-10-28, 19:39:35, 23.1, 49.42
2020-10-28, 19:39:36, 23.11, 49.42
2020-10-28, 19:39:37, 23.1, 49.42
2020-10-28, 19:39:39, 23.1, 49.42
2020-10-28, 19:39:40, 23.11, 49.42
2020-10-28, 19:39:42, 23.09, 49.42
2020-10-28, 19:39:43, 23.1, 49.42
2020-10-28, 19:39:44, 23.1, 49.45
2020-10-28, 19:39:46, 23.11, 49.42
2020-10-28, 19:39:47, 23.1, 49.45
2020-10-28, 19:39:48, 23.1, 49.42
2020-10-28, 19:39:50, 23.11, 49.45
2020-10-28, 19:39:51, 23.09, 49.45
2020-10-28, 19:39:52, 23.09, 49.45
2020-10-28, 19:39:54, 23.11, 49.45
2020-10-28, 19:39:55, 23.1, 49.45
2020-10-28, 19:39:56, 23.09, 49.45
2020-10-28, 19:39:58, 23.09, 49.45
2020-10-28, 19:39:59, 23.08, 49.45
2020-10-28, 19:40:00, 23.08, 49.48
2020-10-28, 19:40:02, 23.1, 49.48
2020-10-28, 19:40:03, 23.08, 49.45
2020-10-28, 19:40:05, 23.08, 49.45
2020-10-28, 19:40:06, 23.08, 49.48
2020-10-28, 19:40:07, 23.07, 49.48
2020-10-28, 19:40:09, 23.08, 49.48
2020-10-28, 19:40:10, 23.08, 49.48
2020-10-28, 19:40:11, 23.08, 49.48
2020-10-28, 19:40:13, 23.08, 49.51
2020-10-28, 19:40:14, 23.08, 49.48
2020-10-28, 19:40:15, 23.08, 49.51
2020-10-28, 19:40:17, 23.08, 49.51
2020-10-28, 19:40:18, 23.08, 49.51
2020-10-28, 19:40:19, 23.08, 49.48
2020-10-28, 19:40:21, 23.08, 49.48
2020-10-28, 19:40:22, 23.06, 49.48
2020-10-28, 19:40:24, 23.08, 49.51
2020-10-28, 19:40:25, 23.08, 49.48
2020-10-28, 19:40:26, 23.08, 49.48
2020-10-28, 19:40:28, 23.06, 49.51
2020-10-28, 19:40:29, 23.06, 49.48
2020-10-28, 19:40:30, 23.07, 49.51
2020-10-28, 19:40:32, 23.07, 49.54
2020-10-28, 19:40:33, 23.07, 49.51
2020-10-28, 19:40:34, 23.08, 49.51
2020-10-28, 19:40:36, 23.06, 49.51
2020-10-28, 19:40:37, 23.08, 49.51
2020-10-28, 19:40:38, 23.06, 49.51
2020-10-28, 19:40:40, 23.06, 49.54
2020-10-28, 19:40:41, 23.07, 49.54
2020-10-28, 19:40:43, 23.07, 49.54
2020-10-28, 19:40:44, 23.07, 49.51
2020-10-28, 19:40:45, 23.06, 49.54
2020-10-28, 19:40:47, 23.06, 49.54
2020-10-28, 19:40:48, 23.07, 49.54
2020-10-28, 19:40:49, 23.06, 49.54
2020-10-28, 19:40:51, 23.06, 49.57
2020-10-28, 19:40:52, 23.06, 49.57
2020-10-28, 19:40:53, 23.05, 49.57
2020-10-28, 19:40:55, 23.05, 49.57
2020-10-28, 19:40:56, 23.04, 49.54
2020-10-28, 19:40:57, 23.03, 49.57
2020-10-28, 19:40:59, 23.05, 49.6
2020-10-28, 19:41:00, 23.04, 49.6
2020-10-28, 19:41:02, 23.04, 49.57
2020-10-28, 19:41:03, 23.05, 49.6
2020-10-28, 19:41:04, 23.04, 49.57
2020-10-28, 19:41:06, 23.06, 49.57
2020-10-28, 19:41:07, 23.06, 49.57
2020-10-28, 19:41:08, 23.04, 49.57
2020-10-28, 19:41:10, 23.06, 49.57
2020-10-28, 19:41:11, 23.06, 49.57
2020-10-28, 19:41:12, 23.05, 49.6
2020-10-28, 19:41:14, 23.04, 49.6
2020-10-28, 19:41:15, 23.03, 49.57
2020-10-28, 19:41:16, 23.05, 49.57
2020-10-28, 19:41:18, 23.05, 49.57
2020-10-28, 19:41:19, 23.06, 49.61
2020-10-28, 19:41:21, 23.05, 49.6
2020-10-28, 19:41:22, 23.06, 49.61
2020-10-28, 19:41:23, 23.06, 49.61
2020-10-28, 19:41:25, 23.05, 49.6
2020-10-28, 19:41:26, 23.06, 49.61
2020-10-28, 19:41:27, 23.06, 49.61
2020-10-28, 19:41:29, 23.06, 49.61
2020-10-28, 19:41:30, 23.06, 49.61
2020-10-28, 19:41:31, 23.04, 49.6
2020-10-28, 19:41:33, 23.06, 49.61
2020-10-28, 19:41:34, 23.05, 49.64
2020-10-28, 19:41:35, 23.06, 49.61
2020-10-28, 19:41:37, 23.05, 49.64
2020-10-28, 19:41:38, 23.05, 49.6
2020-10-28, 19:41:39, 23.06, 49.61
2020-10-28, 19:41:41, 23.06, 49.61
2020-10-28, 19:41:42, 23.05, 49.64
2020-10-28, 19:41:44, 23.06, 49.64
2020-10-28, 19:41:45, 23.06, 49.64
2020-10-28, 19:41:46, 23.05, 49.64
2020-10-28, 19:41:48, 23.06, 49.64
2020-10-28, 19:41:49, 23.06, 49.64
2020-10-28, 19:41:50, 23.05, 49.64
2020-10-28, 19:41:52, 23.04, 49.63
2020-10-28, 19:41:53, 23.06, 49.64
2020-10-28, 19:41:54, 23.05, 49.64
2020-10-28, 19:41:56, 23.07, 49.64
2020-10-28, 19:41:57, 23.04, 49.63
2020-10-28, 19:41:58, 23.04, 49.67
2020-10-28, 19:42:00, 23.04, 49.67
2020-10-28, 19:42:01, 23.04, 49.63
2020-10-28, 19:42:03, 23.06, 49.64
2020-10-28, 19:42:04, 23.06, 49.64
2020-10-28, 19:42:05, 23.04, 49.63
2020-10-28, 19:42:07, 23.05, 49.67
2020-10-28, 19:42:08, 23.06, 49.67
2020-10-28, 19:42:09, 23.05, 49.67
2020-10-28, 19:42:11, 23.05, 49.67
2020-10-28, 19:42:12, 23.05, 49.67
2020-10-28, 19:42:13, 23.04, 49.67
2020-10-28, 19:42:15, 23.05, 49.67
2020-10-28, 19:42:16, 23.06, 49.67
2020-10-28, 19:42:17, 23.05, 49.67
2020-10-28, 19:42:19, 23.04, 49.67
2020-10-28, 19:42:20, 23.06, 49.67
2020-10-28, 19:42:21, 23.03, 49.66
2020-10-28, 19:42:23, 23.04, 49.67
2020-10-28, 19:42:24, 23.03, 49.66
2020-10-28, 19:42:26, 23.03, 49.66
2020-10-28, 19:42:27, 23.04, 49.67
2020-10-28, 19:42:28, 23.04, 49.67
2020-10-28, 19:42:30, 23.02, 49.7
2020-10-28, 19:42:31, 23.04, 49.7
2020-10-28, 19:42:32, 23.03, 49.7
2020-10-28, 19:42:34, 23.04, 49.7
2020-10-28, 19:42:35, 23.05, 49.7
2020-10-28, 19:42:36, 23.04, 49.7
2020-10-28, 19:42:38, 23.04, 49.7
2020-10-28, 19:42:39, 23.04, 49.67
2020-10-28, 19:42:40, 23.03, 49.7
2020-10-28, 19:42:42, 23.03, 49.7
2020-10-28, 19:42:43, 23.03, 49.7
2020-10-28, 19:42:45, 23.03, 49.7
2020-10-28, 19:42:46, 23.02, 49.7
2020-10-28, 19:42:47, 23.02, 49.73
2020-10-28, 19:42:49, 23.01, 49.69
2020-10-28, 19:42:50, 23.02, 49.73
2020-10-28, 19:42:51, 23.02, 49.7
2020-10-28, 19:42:53, 23.01, 49.73
2020-10-28, 19:42:54, 23.01, 49.73
2020-10-28, 19:42:55, 23.02, 49.73
2020-10-28, 19:42:57, 23.01, 49.73
2020-10-28, 19:42:58, 23.02, 49.73
2020-10-28, 19:42:59, 23.0, 49.76
2020-10-28, 19:43:01, 23.01, 49.76
2020-10-28, 19:43:02, 23.02, 49.76
2020-10-28, 19:43:04, 23.01, 49.76
2020-10-28, 19:43:05, 23.01, 49.73
2020-10-28, 19:43:06, 23.0, 49.76
2020-10-28, 19:43:08, 23.0, 49.76
2020-10-28, 19:43:09, 22.98, 49.79
2020-10-28, 19:43:10, 23.0, 49.79
2020-10-28, 19:43:12, 23.01, 49.79
2020-10-28, 19:43:13, 23.0, 49.79
2020-10-28, 19:43:14, 23.0, 49.79
2020-10-28, 19:43:16, 23.0, 49.79
2020-10-28, 19:43:17, 22.99, 49.79
2020-10-28, 19:43:18, 22.99, 49.79
2020-10-28, 19:43:20, 23.01, 49.79
2020-10-28, 19:43:21, 23.02, 49.79
2020-10-28, 19:43:22, 23.03, 49.79
2020-10-28, 19:43:24, 23.03, 49.79
2020-10-28, 19:43:25, 23.02, 49.79
2020-10-28, 19:43:27, 23.01, 49.79
2020-10-28, 19:43:28, 23.02, 49.79
2020-10-28, 19:43:29, 23.01, 49.79
2020-10-28, 19:43:31, 23.0, 49.79
2020-10-28, 19:43:32, 23.0, 49.79
2020-10-28, 19:43:33, 23.0, 49.79
2020-10-28, 19:43:35, 23.0, 49.79
2020-10-28, 19:43:36, 23.0, 49.79
2020-10-28, 19:43:37, 23.0, 49.79
2020-10-28, 19:43:39, 23.0, 49.79
2020-10-28, 19:43:40, 23.0, 49.79
2020-10-28, 19:43:41, 23.0, 49.79
2020-10-28, 19:43:43, 23.0, 49.79
2020-10-28, 19:43:44, 23.0, 49.79
2020-10-28, 19:43:46, 23.0, 49.79
2020-10-28, 19:43:47, 23.02, 49.82
2020-10-28, 19:43:48, 23.02, 49.79
2020-10-28, 19:43:50, 23.01, 49.79
2020-10-28, 19:43:51, 23.01, 49.79
2020-10-28, 19:43:52, 22.99, 49.79
2020-10-28, 19:43:54, 23.0, 49.79
2020-10-28, 19:43:55, 23.0, 49.79
2020-10-28, 19:43:56, 22.99, 49.82
2020-10-28, 19:43:58, 22.99, 49.82
2020-10-28, 19:43:59, 23.0, 49.82
2020-10-28, 19:44:00, 23.0, 49.82
2020-10-28, 19:44:02, 22.99, 49.82
2020-10-28, 19:44:03, 22.99, 49.85
2020-10-28, 19:44:04, 22.98, 49.85
2020-10-28, 19:44:06, 23.0, 49.82
2020-10-28, 19:44:07, 22.99, 49.85
2020-10-28, 19:44:09, 23.0, 49.85
2020-10-28, 19:44:10, 23.0, 49.82
2020-10-28, 19:44:11, 23.01, 49.82
2020-10-28, 19:44:13, 23.0, 49.82
2020-10-28, 19:44:14, 23.0, 49.85
2020-10-28, 19:44:15, 23.0, 49.85
2020-10-28, 19:44:17, 23.0, 49.82
2020-10-28, 19:44:18, 23.01, 49.82
2020-10-28, 19:44:19, 23.0, 49.82
2020-10-28, 19:44:21, 23.0, 49.82
2020-10-28, 19:44:22, 22.99, 49.82
2020-10-28, 19:44:23, 22.99, 49.82
2020-10-28, 19:44:25, 23.0, 49.82
2020-10-28, 19:44:26, 23.01, 49.85
2020-10-28, 19:44:28, 22.99, 49.82
2020-10-28, 19:44:29, 22.99, 49.82
2020-10-28, 19:44:30, 22.98, 49.85
2020-10-28, 19:44:32, 22.98, 49.85
2020-10-28, 19:44:33, 22.98, 49.85
2020-10-28, 19:44:34, 22.98, 49.85
2020-10-28, 19:44:36, 22.98, 49.85
2020-10-28, 19:44:37, 22.98, 49.85
2020-10-28, 19:44:38, 22.97, 49.85
2020-10-28, 19:44:40, 22.97, 49.85
2020-10-28, 19:44:41, 22.97, 49.85
2020-10-28, 19:44:42, 22.96, 49.88
2020-10-28, 19:44:44, 22.98, 49.88
2020-10-28, 19:44:45, 22.98, 49.88
2020-10-28, 19:44:46, 22.97, 49.88
2020-10-28, 19:44:48, 22.98, 49.88
2020-10-28, 19:44:49, 22.98, 49.88
2020-10-28, 19:44:51, 22.97, 49.88
2020-10-28, 19:44:52, 22.98, 49.91
2020-10-28, 19:44:53, 22.97, 49.91
2020-10-28, 19:44:55, 22.96, 49.91
2020-10-28, 19:44:56, 22.96, 49.91
2020-10-28, 19:44:57, 22.96, 49.91
2020-10-28, 19:44:59, 22.96, 49.91
2020-10-28, 19:45:00, 22.96, 49.91
2020-10-28, 19:45:01, 22.97, 49.94
2020-10-28, 19:45:03, 22.96, 49.91
2020-10-28, 19:45:04, 22.96, 49.94
2020-10-28, 19:45:05, 22.97, 49.94
2020-10-28, 19:45:07, 22.96, 49.91
2020-10-28, 19:45:08, 22.96, 49.91
2020-10-28, 19:45:10, 22.96, 49.91
2020-10-28, 19:45:11, 22.97, 49.94
2020-10-28, 19:45:12, 22.98, 49.94
2020-10-28, 19:45:14, 22.98, 49.91
2020-10-28, 19:45:15, 22.99, 49.91
2020-10-28, 19:45:16, 22.99, 49.91
2020-10-28, 19:45:18, 22.98, 49.91
2020-10-28, 19:45:19, 22.98, 49.91
2020-10-28, 19:45:20, 22.99, 49.91
2020-10-28, 19:45:22, 22.99, 49.91
2020-10-28, 19:45:23, 22.98, 49.91
2020-10-28, 19:45:24, 22.98, 49.91
2020-10-28, 19:45:26, 22.98, 49.91
2020-10-28, 19:45:27, 22.98, 49.88
2020-10-28, 19:45:29, 22.97, 49.91
2020-10-28, 19:45:30, 22.98, 49.91
2020-10-28, 19:45:31, 22.97, 49.91
2020-10-28, 19:45:33, 22.97, 49.91
2020-10-28, 19:45:34, 22.97, 49.94
2020-10-28, 19:45:35, 22.97, 49.94
2020-10-28, 19:45:37, 22.98, 49.94
2020-10-28, 19:45:38, 22.96, 49.94
2020-10-28, 19:45:39, 22.96, 49.94
2020-10-28, 19:45:41, 22.97, 49.97
2020-10-28, 19:45:42, 22.98, 49.98
2020-10-28, 19:45:43, 22.97, 49.97
2020-10-28, 19:45:45, 22.97, 49.97
2020-10-28, 19:45:46, 22.98, 49.98
2020-10-28, 19:45:48, 22.98, 49.94
2020-10-28, 19:45:49, 22.98, 49.98
2020-10-28, 19:45:50, 22.98, 49.98
2020-10-28, 19:45:52, 22.95, 49.97
2020-10-28, 19:45:53, 22.95, 49.97
2020-10-28, 19:45:54, 22.96, 49.97
2020-10-28, 19:45:56, 22.96, 49.97
2020-10-28, 19:45:57, 22.95, 49.97
2020-10-28, 19:45:58, 22.97, 49.97
2020-10-28, 19:46:00, 22.96, 49.97
2020-10-28, 19:46:01, 22.96, 49.97
2020-10-28, 19:46:02, 22.95, 49.97
2020-10-28, 19:46:04, 22.94, 50.03
2020-10-28, 19:46:05, 22.96, 49.97
2020-10-28, 19:46:07, 22.94, 50.0
2020-10-28, 19:46:08, 22.95, 50.0
2020-10-28, 19:46:09, 22.94, 50.0
2020-10-28, 19:46:11, 22.96, 50.0
2020-10-28, 19:46:12, 22.96, 50.0
2020-10-28, 19:46:13, 22.96, 50.0
2020-10-28, 19:46:15, 22.97, 50.01
2020-10-28, 19:46:16, 22.97, 50.01
2020-10-28, 19:46:17, 22.96, 50.0
2020-10-28, 19:46:19, 22.96, 50.0
2020-10-28, 19:46:20, 22.96, 50.0
2020-10-28, 19:46:22, 22.96, 50.04
2020-10-28, 19:46:23, 22.95, 50.0
2020-10-28, 19:46:24, 22.95, 50.0
2020-10-28, 19:46:26, 22.95, 50.03
2020-10-28, 19:46:27, 22.94, 50.03
2020-10-28, 19:46:28, 22.93, 50.03
2020-10-28, 19:46:30, 22.93, 50.06
2020-10-28, 19:46:31, 22.94, 50.06
2020-10-28, 19:46:32, 22.94, 50.06
2020-10-28, 19:46:34, 22.94, 50.03
2020-10-28, 19:46:35, 22.94, 50.06
2020-10-28, 19:46:36, 22.96, 50.07
2020-10-28, 19:46:38, 22.94, 50.06
2020-10-28, 19:46:39, 22.94, 50.06
2020-10-28, 19:46:41, 22.94, 50.06
2020-10-28, 19:46:42, 22.94, 50.1
2020-10-28, 19:46:43, 22.95, 50.07
2020-10-28, 19:46:45, 22.93, 50.1
2020-10-28, 19:46:46, 22.93, 50.1
2020-10-28, 19:46:47, 22.94, 50.06
2020-10-28, 19:46:49, 22.92, 50.09
2020-10-28, 19:46:50, 22.94, 50.1
2020-10-28, 19:46:51, 22.92, 50.09
2020-10-28, 19:46:53, 22.94, 50.1
2020-10-28, 19:46:54, 22.94, 50.1
2020-10-28, 19:46:55, 22.92, 50.09
2020-10-28, 19:46:57, 22.91, 50.09
2020-10-28, 19:46:58, 22.92, 50.09
2020-10-28, 19:47:00, 22.92, 50.09
2020-10-28, 19:47:01, 22.94, 50.13
2020-10-28, 19:47:02, 22.94, 50.13
2020-10-28, 19:47:04, 22.94, 50.13
2020-10-28, 19:47:05, 22.94, 50.13
2020-10-28, 19:47:06, 22.94, 50.13
2020-10-28, 19:47:08, 22.93, 50.13
2020-10-28, 19:47:09, 22.93, 50.13
2020-10-28, 19:47:10, 22.94, 50.13
2020-10-28, 19:47:12, 22.94, 50.13
2020-10-28, 19:47:13, 22.92, 50.13
2020-10-28, 19:47:14, 22.94, 50.13
2020-10-28, 19:47:16, 22.92, 50.13
2020-10-28, 19:47:17, 22.94, 50.13
2020-10-28, 19:47:19, 22.93, 50.13
2020-10-28, 19:47:20, 22.92, 50.13
2020-10-28, 19:47:21, 22.92, 50.13
2020-10-28, 19:47:23, 22.92, 50.16
2020-10-28, 19:47:24, 22.94, 50.16
2020-10-28, 19:47:25, 22.93, 50.16
2020-10-28, 19:47:27, 22.92, 50.16
2020-10-28, 19:47:28, 22.92, 50.16
2020-10-28, 19:47:29, 22.93, 50.16
2020-10-28, 19:47:31, 22.94, 50.16
2020-10-28, 19:47:32, 22.92, 50.13
2020-10-28, 19:47:33, 22.92, 50.16
2020-10-28, 19:47:35, 22.92, 50.13
2020-10-28, 19:47:36, 22.94, 50.16
2020-10-28, 19:47:38, 22.92, 50.16
2020-10-28, 19:47:39, 22.92, 50.13
2020-10-28, 19:47:40, 22.93, 50.13
2020-10-28, 19:47:42, 22.94, 50.13
2020-10-28, 19:47:43, 22.94, 50.13
2020-10-28, 19:47:44, 22.94, 50.13
2020-10-28, 19:47:46, 22.94, 50.13
2020-10-28, 19:47:47, 22.94, 50.16
2020-10-28, 19:47:48, 22.94, 50.13
2020-10-28, 19:47:50, 22.93, 50.13
2020-10-28, 19:47:51, 22.93, 50.13
2020-10-28, 19:47:52, 22.92, 50.13
2020-10-28, 19:47:54, 22.93, 50.13
2020-10-28, 19:47:55, 22.92, 50.13
2020-10-28, 19:47:57, 22.92, 50.13
2020-10-28, 19:47:58, 22.94, 50.13
2020-10-28, 19:47:59, 22.92, 50.13
2020-10-28, 19:48:01, 22.93, 50.13
2020-10-28, 19:48:02, 22.93, 50.13
2020-10-28, 19:48:03, 22.92, 50.13
2020-10-28, 19:48:05, 22.92, 50.13
2020-10-28, 19:48:06, 22.92, 50.16
2020-10-28, 19:48:07, 22.92, 50.13
2020-10-28, 19:48:09, 22.91, 50.12
2020-10-28, 19:48:10, 22.92, 50.13
2020-10-28, 19:48:11, 22.93, 50.13
2020-10-28, 19:48:13, 22.92, 50.13
2020-10-28, 19:48:14, 22.92, 50.13
2020-10-28, 19:48:16, 22.92, 50.13
2020-10-28, 19:48:17, 22.94, 50.13
2020-10-28, 19:48:18, 22.93, 50.13
2020-10-28, 19:48:20, 22.92, 50.13
2020-10-28, 19:48:21, 22.92, 50.13
2020-10-28, 19:48:22, 22.94, 50.13
2020-10-28, 19:48:24, 22.93, 50.13
2020-10-28, 19:48:25, 22.92, 50.13
2020-10-28, 19:48:26, 22.92, 50.13
2020-10-28, 19:48:28, 22.92, 50.13
2020-10-28, 19:48:29, 22.92, 50.13
2020-10-28, 19:48:31, 22.92, 50.13
2020-10-28, 19:48:32, 22.92, 50.13
2020-10-28, 19:48:33, 22.93, 50.13
2020-10-28, 19:48:35, 22.92, 50.13
2020-10-28, 19:48:36, 22.92, 50.13
2020-10-28, 19:48:37, 22.92, 50.13
2020-10-28, 19:48:39, 22.92, 50.13
2020-10-28, 19:48:40, 22.93, 50.1
2020-10-28, 19:48:41, 22.94, 50.1
2020-10-28, 19:48:43, 22.92, 50.09
2020-10-28, 19:48:44, 22.92, 50.09
2020-10-28, 19:48:45, 22.92, 50.13
2020-10-28, 19:48:47, 22.92, 50.09
2020-10-28, 19:48:48, 22.92, 50.09
2020-10-28, 19:48:50, 22.92, 50.09
2020-10-28, 19:48:51, 22.92, 50.09
2020-10-28, 19:48:52, 22.92, 50.09
2020-10-28, 19:48:54, 22.92, 50.09
2020-10-28, 19:48:55, 22.92, 50.09
2020-10-28, 19:48:56, 22.93, 50.1
2020-10-28, 19:48:58, 22.92, 50.09
2020-10-28, 19:48:59, 22.92, 50.09
2020-10-28, 19:49:00, 22.93, 50.1
2020-10-28, 19:49:02, 22.93, 50.1
2020-10-28, 19:49:03, 22.92, 50.09
2020-10-28, 19:49:04, 22.9, 50.09
2020-10-28, 19:49:06, 22.91, 50.09
2020-10-28, 19:49:07, 22.92, 50.09
2020-10-28, 19:49:09, 22.92, 50.09
2020-10-28, 19:49:10, 22.91, 50.12
2020-10-28, 19:49:11, 22.91, 50.09
2020-10-28, 19:49:13, 22.9, 50.09
2020-10-28, 19:49:14, 22.91, 50.12
2020-10-28, 19:49:15, 22.9, 50.09
2020-10-28, 19:49:17, 22.9, 50.12
2020-10-28, 19:49:18, 22.91, 50.12
2020-10-28, 19:49:19, 22.92, 50.13
2020-10-28, 19:49:21, 22.91, 50.12
2020-10-28, 19:49:22, 22.92, 50.09
2020-10-28, 19:49:24, 22.92, 50.09
2020-10-28, 19:49:25, 22.93, 50.1
2020-10-28, 19:49:26, 22.93, 50.1
2020-10-28, 19:49:28, 22.92, 50.09
2020-10-28, 19:49:29, 22.93, 50.1
2020-10-28, 19:49:30, 22.92, 50.09
2020-10-28, 19:49:32, 22.92, 50.06
2020-10-28, 19:49:33, 22.92, 50.09
2020-10-28, 19:49:34, 22.94, 50.06
2020-10-28, 19:49:36, 22.94, 50.06
2020-10-28, 19:49:37, 22.92, 50.06
2020-10-28, 19:49:38, 22.92, 50.09
2020-10-28, 19:49:40, 22.93, 50.06
2020-10-28, 19:49:41, 22.92, 50.06
2020-10-28, 19:49:43, 22.91, 50.06
2020-10-28, 19:49:44, 22.93, 50.1
2020-10-28, 19:49:45, 22.93, 50.06
2020-10-28, 19:49:47, 22.93, 50.06
2020-10-28, 19:49:48, 22.93, 50.1
2020-10-28, 19:49:49, 22.92, 50.06
2020-10-28, 19:49:51, 22.93, 50.06
2020-10-28, 19:49:52, 22.92, 50.06
2020-10-28, 19:49:53, 22.93, 50.06
2020-10-28, 19:49:55, 22.94, 50.06
2020-10-28, 19:49:56, 22.93, 50.06
2020-10-28, 19:49:57, 22.94, 50.03
2020-10-28, 19:49:59, 22.93, 50.03
2020-10-28, 19:50:00, 22.93, 50.03
2020-10-28, 19:50:02, 22.93, 50.03
2020-10-28, 19:50:03, 22.93, 50.03
2020-10-28, 19:50:04, 22.94, 50.03
2020-10-28, 19:50:06, 22.94, 50.03
2020-10-28, 19:50:07, 22.92, 50.03
2020-10-28, 19:50:08, 22.93, 50.03
2020-10-28, 19:50:10, 22.94, 50.03
2020-10-28, 19:50:11, 22.94, 50.03
2020-10-28, 19:50:12, 22.95, 50.03
2020-10-28, 19:50:14, 22.94, 50.03
2020-10-28, 19:50:15, 22.94, 50.03
2020-10-28, 19:50:16, 22.95, 50.03
2020-10-28, 19:50:18, 22.95, 50.03
2020-10-28, 19:50:19, 22.96, 50.04
2020-10-28, 19:50:21, 22.94, 50.0
2020-10-28, 19:50:22, 22.95, 50.03
2020-10-28, 19:50:23, 22.96, 50.04
2020-10-28, 19:50:25, 22.95, 50.0
2020-10-28, 19:50:26, 22.95, 49.97
2020-10-28, 19:50:27, 22.95, 50.0
2020-10-28, 19:50:29, 22.96, 50.0
2020-10-28, 19:50:30, 22.95, 50.0
2020-10-28, 19:50:31, 22.94, 50.0
2020-10-28, 19:50:33, 22.95, 49.97
2020-10-28, 19:50:34, 22.95, 49.97
2020-10-28, 19:50:35, 22.96, 49.97
2020-10-28, 19:50:37, 22.95, 49.97
2020-10-28, 19:50:38, 22.95, 49.97
2020-10-28, 19:50:40, 22.94, 49.97
2020-10-28, 19:50:41, 22.93, 49.97
2020-10-28, 19:50:42, 22.93, 49.97
2020-10-28, 19:50:44, 22.94, 49.97
2020-10-28, 19:50:45, 22.94, 49.97
2020-10-28, 19:50:46, 22.96, 49.97
2020-10-28, 19:50:48, 22.94, 49.97
2020-10-28, 19:50:49, 22.94, 49.97
2020-10-28, 19:50:50, 22.94, 49.97
2020-10-28, 19:50:52, 22.94, 49.97
2020-10-28, 19:50:53, 22.93, 49.97
2020-10-28, 19:50:54, 22.94, 49.97
2020-10-28, 19:50:56, 22.94, 49.97
2020-10-28, 19:50:57, 22.94, 49.97
2020-10-28, 19:50:59, 22.92, 49.97
2020-10-28, 19:51:00, 22.93, 49.97
2020-10-28, 19:51:01, 22.95, 49.97
2020-10-28, 19:51:03, 22.94, 49.97
2020-10-28, 19:51:04, 22.94, 49.94
2020-10-28, 19:51:05, 22.94, 49.94
2020-10-28, 19:51:07, 22.94, 49.97
2020-10-28, 19:51:08, 22.93, 49.97
2020-10-28, 19:51:09, 22.94, 49.97
2020-10-28, 19:51:11, 22.95, 49.97
2020-10-28, 19:51:12, 22.94, 49.94
2020-10-28, 19:51:13, 22.96, 49.97
2020-10-28, 19:51:15, 22.94, 49.97
2020-10-28, 19:51:16, 22.94, 49.94
2020-10-28, 19:51:18, 22.95, 49.94
2020-10-28, 19:51:19, 22.96, 49.94
2020-10-28, 19:51:20, 22.94, 49.91
2020-10-28, 19:51:22, 22.96, 49.91
2020-10-28, 19:51:23, 22.96, 49.94
2020-10-28, 19:51:24, 22.96, 49.91
2020-10-28, 19:51:26, 22.95, 49.91
2020-10-28, 19:51:27, 22.96, 49.91
2020-10-28, 19:51:28, 22.95, 49.91
2020-10-28, 19:51:30, 22.95, 49.91
2020-10-28, 19:51:31, 22.94, 49.87
2020-10-28, 19:51:32, 22.96, 49.91
2020-10-28, 19:51:34, 22.96, 49.88
2020-10-28, 19:51:35, 22.96, 49.88
2020-10-28, 19:51:37, 22.94, 49.87
2020-10-28, 19:51:38, 22.96, 49.88
2020-10-28, 19:51:39, 22.95, 49.88
2020-10-28, 19:51:41, 22.95, 49.88
2020-10-28, 19:51:42, 22.96, 49.88
2020-10-28, 19:51:43, 22.96, 49.91
2020-10-28, 19:51:45, 22.96, 49.88
2020-10-28, 19:51:46, 22.96, 49.88
2020-10-28, 19:51:47, 22.97, 49.85
2020-10-28, 19:51:49, 22.96, 49.85
2020-10-28, 19:51:50, 22.96, 49.85
2020-10-28, 19:51:52, 22.97, 49.85
2020-10-28, 19:51:53, 22.97, 49.85
2020-10-28, 19:51:54, 22.98, 49.85
2020-10-28, 19:51:56, 22.96, 49.85
2020-10-28, 19:51:57, 22.97, 49.85
2020-10-28, 19:51:58, 22.98, 49.85
2020-10-28, 19:52:00, 22.96, 49.85
2020-10-28, 19:52:01, 22.98, 49.82
2020-10-28, 19:52:02, 22.97, 49.82
2020-10-28, 19:52:04, 22.96, 49.81
2020-10-28, 19:52:05, 22.98, 49.82
2020-10-28, 19:52:06, 22.98, 49.85
2020-10-28, 19:52:08, 22.99, 49.82
2020-10-28, 19:52:09, 22.97, 49.82
2020-10-28, 19:52:11, 22.97, 49.82
2020-10-28, 19:52:12, 22.98, 49.79
2020-10-28, 19:52:13, 22.98, 49.79
2020-10-28, 19:52:15, 22.96, 49.78
2020-10-28, 19:52:16, 22.98, 49.79
2020-10-28, 19:52:17, 22.99, 49.79
2020-10-28, 19:52:19, 23.0, 49.79
2020-10-28, 19:52:20, 22.97, 49.78
2020-10-28, 19:52:21, 22.98, 49.79
2020-10-28, 19:52:23, 22.98, 49.79
2020-10-28, 19:52:24, 22.98, 49.79
2020-10-28, 19:52:26, 22.99, 49.79
2020-10-28, 19:52:27, 22.98, 49.79
2020-10-28, 19:52:28, 22.98, 49.75
2020-10-28, 19:52:30, 22.99, 49.75
2020-10-28, 19:52:31, 22.98, 49.72
2020-10-28, 19:52:32, 22.97, 49.78
2020-10-28, 19:52:34, 22.99, 49.79
2020-10-28, 19:52:35, 22.99, 49.75
2020-10-28, 19:52:36, 22.98, 49.75
2020-10-28, 19:52:38, 22.99, 49.75
2020-10-28, 19:52:39, 23.0, 49.72
2020-10-28, 19:52:41, 22.99, 49.72
2020-10-28, 19:52:42, 23.0, 49.76
2020-10-28, 19:52:43, 22.98, 49.72
2020-10-28, 19:52:45, 22.98, 49.72
2020-10-28, 19:52:46, 22.98, 49.72
2020-10-28, 19:52:47, 23.0, 49.72
2020-10-28, 19:52:49, 23.0, 49.72
2020-10-28, 19:52:50, 23.01, 49.73
2020-10-28, 19:52:51, 23.0, 49.72
2020-10-28, 19:52:53, 23.01, 49.69
2020-10-28, 19:52:54, 23.01, 49.69
2020-10-28, 19:52:55, 23.01, 49.69
2020-10-28, 19:52:57, 23.0, 49.66
2020-10-28, 19:52:58, 23.01, 49.69
2020-10-28, 19:53:00, 23.0, 49.66
2020-10-28, 19:53:01, 23.0, 49.66
2020-10-28, 19:53:02, 23.01, 49.66
2020-10-28, 19:53:04, 23.01, 49.66
2020-10-28, 19:53:05, 23.01, 49.66
2020-10-28, 19:53:06, 23.02, 49.63
2020-10-28, 19:53:08, 23.02, 49.66
2020-10-28, 19:53:09, 23.01, 49.63
2020-10-28, 19:53:10, 23.01, 49.63
2020-10-28, 19:53:12, 23.02, 49.63
2020-10-28, 19:53:13, 23.02, 49.63
2020-10-28, 19:53:14, 23.02, 49.63
2020-10-28, 19:53:16, 23.01, 49.63
2020-10-28, 19:53:17, 23.02, 49.63
2020-10-28, 19:53:19, 23.03, 49.63
2020-10-28, 19:53:20, 23.02, 49.6
2020-10-28, 19:53:21, 23.03, 49.6
2020-10-28, 19:53:23, 23.01, 49.6
2020-10-28, 19:53:24, 23.01, 49.63
2020-10-28, 19:53:25, 23.02, 49.6
2020-10-28, 19:53:27, 23.02, 49.6
2020-10-28, 19:53:28, 23.02, 49.6
2020-10-28, 19:53:29, 23.02, 49.6
2020-10-28, 19:53:31, 23.03, 49.6
2020-10-28, 19:53:32, 23.03, 49.6
2020-10-28, 19:53:33, 23.03, 49.57
2020-10-28, 19:53:35, 23.02, 49.57
2020-10-28, 19:53:36, 23.04, 49.57
2020-10-28, 19:53:38, 23.04, 49.57
2020-10-28, 19:53:39, 23.05, 49.54
2020-10-28, 19:53:40, 23.04, 49.54
2020-10-28, 19:53:42, 23.05, 49.54
2020-10-28, 19:53:43, 23.05, 49.54
2020-10-28, 19:53:44, 23.04, 49.54
2020-10-28, 19:53:46, 23.04, 49.54
2020-10-28, 19:53:47, 23.04, 49.54
2020-10-28, 19:53:48, 23.04, 49.51
2020-10-28, 19:53:50, 23.03, 49.51
2020-10-28, 19:53:51, 23.05, 49.51
2020-10-28, 19:53:53, 23.05, 49.51
2020-10-28, 19:53:54, 23.05, 49.48
2020-10-28, 19:53:55, 23.04, 49.51
2020-10-28, 19:53:57, 23.05, 49.48
2020-10-28, 19:53:58, 23.03, 49.47
2020-10-28, 19:53:59, 23.03, 49.47
2020-10-28, 19:54:01, 23.05, 49.48
2020-10-28, 19:54:02, 23.04, 49.48
2020-10-28, 19:54:03, 23.05, 49.48
2020-10-28, 19:54:05, 23.04, 49.48
2020-10-28, 19:54:06, 23.04, 49.48
2020-10-28, 19:54:07, 23.04, 49.44
2020-10-28, 19:54:09, 23.04, 49.48
2020-10-28, 19:54:10, 23.05, 49.48
2020-10-28, 19:54:11, 23.06, 49.48
2020-10-28, 19:54:13, 23.05, 49.48
2020-10-28, 19:54:14, 23.04, 49.44
2020-10-28, 19:54:16, 23.04, 49.48
2020-10-28, 19:54:17, 23.05, 49.45
2020-10-28, 19:54:18, 23.05, 49.48
2020-10-28, 19:54:20, 23.03, 49.44
2020-10-28, 19:54:21, 23.05, 49.48
2020-10-28, 19:54:22, 23.04, 49.48
2020-10-28, 19:54:24, 23.03, 49.44
2020-10-28, 19:54:25, 23.05, 49.45
2020-10-28, 19:54:26, 23.04, 49.48
2020-10-28, 19:54:28, 23.05, 49.45
2020-10-28, 19:54:29, 23.07, 49.48
2020-10-28, 19:54:31, 23.08, 49.48
2020-10-28, 19:54:32, 23.07, 49.45
2020-10-28, 19:54:33, 23.07, 49.45
2020-10-28, 19:54:35, 23.07, 49.45
2020-10-28, 19:54:36, 23.05, 49.41
2020-10-28, 19:54:37, 23.07, 49.42
2020-10-28, 19:54:39, 23.07, 49.42
2020-10-28, 19:54:40, 23.07, 49.42
2020-10-28, 19:54:41, 23.06, 49.42
2020-10-28, 19:54:43, 23.06, 49.42
2020-10-28, 19:54:44, 23.06, 49.42
2020-10-28, 19:54:45, 23.06, 49.42
2020-10-28, 19:54:47, 23.07, 49.42
2020-10-28, 19:54:48, 23.08, 49.42
2020-10-28, 19:54:50, 23.08, 49.42
2020-10-28, 19:54:51, 23.07, 49.42
2020-10-28, 19:54:52, 23.05, 49.41
2020-10-28, 19:54:54, 23.07, 49.42
2020-10-28, 19:54:55, 23.09, 49.42
2020-10-28, 19:54:56, 23.08, 49.42
2020-10-28, 19:54:58, 23.07, 49.42
2020-10-28, 19:54:59, 23.09, 49.42
2020-10-28, 19:55:00, 23.09, 49.42
2020-10-28, 19:55:02, 23.1, 49.42
2020-10-28, 19:55:03, 23.1, 49.39
2020-10-28, 19:55:05, 23.1, 49.39
2020-10-28, 19:55:06, 23.1, 49.36
2020-10-28, 19:55:07, 23.11, 49.36
2020-10-28, 19:55:09, 23.12, 49.36
2020-10-28, 19:55:10, 23.11, 49.33
2020-10-28, 19:55:11, 23.12, 49.36
2020-10-28, 19:55:13, 23.12, 49.33
2020-10-28, 19:55:14, 23.11, 49.29
2020-10-28, 19:55:15, 23.12, 49.33
2020-10-28, 19:55:17, 23.13, 49.33
2020-10-28, 19:55:18, 23.12, 49.33
2020-10-28, 19:55:19, 23.13, 49.33
2020-10-28, 19:55:21, 23.13, 49.3
2020-10-28, 19:55:22, 23.14, 49.27
2020-10-28, 19:55:24, 23.14, 49.3
2020-10-28, 19:55:25, 23.14, 49.3
2020-10-28, 19:55:26, 23.14, 49.3
2020-10-28, 19:55:28, 23.15, 49.27
2020-10-28, 19:55:29, 23.15, 49.27
2020-10-28, 19:55:30, 23.14, 49.27
2020-10-28, 19:55:32, 23.16, 49.27
2020-10-28, 19:55:33, 23.16, 49.24
2020-10-28, 19:55:34, 23.15, 49.24
2020-10-28, 19:55:36, 23.13, 49.23
2020-10-28, 19:55:37, 23.14, 49.24
2020-10-28, 19:55:38, 23.16, 49.24
2020-10-28, 19:55:40, 23.17, 49.24
2020-10-28, 19:55:41, 23.15, 49.24
2020-10-28, 19:55:43, 23.17, 49.24
2020-10-28, 19:55:44, 23.16, 49.21
2020-10-28, 19:55:45, 23.17, 49.21
2020-10-28, 19:55:47, 23.17, 49.24
2020-10-28, 19:55:48, 23.17, 49.21
2020-10-28, 19:55:49, 23.19, 49.21
2020-10-28, 19:55:51, 23.18, 49.21
2020-10-28, 19:55:52, 23.18, 49.18
2020-10-28, 19:55:53, 23.18, 49.21
2020-10-28, 19:55:55, 23.19, 49.18
2020-10-28, 19:55:56, 23.19, 49.18
2020-10-28, 19:55:57, 23.18, 49.18
2020-10-28, 19:55:59, 23.19, 49.18
2020-10-28, 19:56:00, 23.18, 49.18
2020-10-28, 19:56:02, 23.18, 49.14
2020-10-28, 19:56:03, 23.19, 49.15
2020-10-28, 19:56:04, 23.21, 49.15
2020-10-28, 19:56:06, 23.2, 49.15
2020-10-28, 19:56:07, 23.2, 49.15
2020-10-28, 19:56:08, 23.19, 49.11
2020-10-28, 19:56:10, 23.2, 49.15
2020-10-28, 19:56:11, 23.21, 49.12
2020-10-28, 19:56:12, 23.21, 49.12
2020-10-28, 19:56:14, 23.22, 49.12
2020-10-28, 19:56:15, 23.21, 49.12
2020-10-28, 19:56:16, 23.22, 49.12
2020-10-28, 19:56:18, 23.23, 49.12
2020-10-28, 19:56:19, 23.21, 49.12
2020-10-28, 19:56:21, 23.23, 49.12
2020-10-28, 19:56:22, 23.23, 49.12
2020-10-28, 19:56:23, 23.22, 49.12
2020-10-28, 19:56:25, 23.22, 49.12
2020-10-28, 19:56:26, 23.24, 49.12
2020-10-28, 19:56:27, 23.23, 49.12
2020-10-28, 19:56:29, 23.24, 49.09
2020-10-28, 19:56:30, 23.25, 49.12
2020-10-28, 19:56:31, 23.24, 49.09
2020-10-28, 19:56:33, 23.24, 49.09
2020-10-28, 19:56:34, 23.24, 49.06
2020-10-28, 19:56:35, 23.25, 49.06
2020-10-28, 19:56:37, 23.25, 49.06
2020-10-28, 19:56:38, 23.24, 49.09
2020-10-28, 19:56:40, 23.23, 49.09
2020-10-28, 19:56:41, 23.25, 49.09
2020-10-28, 19:56:43, 23.26, 49.09
2020-10-28, 19:56:44, 23.25, 49.06
2020-10-28, 19:56:45, 23.26, 49.06
2020-10-28, 19:56:47, 23.28, 49.06
2020-10-28, 19:56:48, 23.27, 49.06
2020-10-28, 19:56:49, 23.27, 49.03
2020-10-28, 19:56:51, 23.28, 49.03
2020-10-28, 19:56:52, 23.28, 49.0
2020-10-28, 19:56:53, 23.27, 49.0
2020-10-28, 19:56:55, 23.27, 49.0
2020-10-28, 19:56:56, 23.27, 49.0
2020-10-28, 19:56:57, 23.27, 49.0
2020-10-28, 19:56:59, 23.28, 49.0
2020-10-28, 19:57:00, 23.29, 49.0
2020-10-28, 19:57:01, 23.28, 48.97
2020-10-28, 19:57:03, 23.28, 48.97
2020-10-28, 19:57:04, 23.27, 48.93
2020-10-28, 19:57:06, 23.28, 48.94
2020-10-28, 19:57:07, 23.26, 48.93
2020-10-28, 19:57:08, 23.26, 48.93
2020-10-28, 19:57:10, 23.28, 48.94
2020-10-28, 19:57:11, 23.28, 48.94
2020-10-28, 19:57:12, 23.29, 48.94
2020-10-28, 19:57:14, 23.29, 48.94
2020-10-28, 19:57:15, 23.29, 48.94
2020-10-28, 19:57:17, 23.28, 48.94
2020-10-28, 19:57:18, 23.27, 48.93
2020-10-28, 19:57:19, 23.27, 48.9
2020-10-28, 19:57:21, 23.28, 48.94
2020-10-28, 19:57:22, 23.28, 48.9
2020-10-28, 19:57:23, 23.29, 48.9
2020-10-28, 19:57:25, 23.29, 48.9
2020-10-28, 19:57:26, 23.31, 48.91
2020-10-28, 19:57:27, 23.31, 48.91
2020-10-28, 19:57:29, 23.3, 48.87
2020-10-28, 19:57:30, 23.3, 48.91
2020-10-28, 19:57:31, 23.32, 48.88
2020-10-28, 19:57:33, 23.32, 48.91
2020-10-28, 19:57:34, 23.32, 48.88
2020-10-28, 19:57:36, 23.29, 48.87
2020-10-28, 19:57:37, 23.3, 48.87
2020-10-28, 19:57:38, 23.32, 48.88
2020-10-28, 19:57:40, 23.32, 48.88
2020-10-28, 19:57:41, 23.33, 48.88
2020-10-28, 19:57:42, 23.32, 48.88
2020-10-28, 19:57:44, 23.32, 48.88
2020-10-28, 19:57:45, 23.33, 48.85
2020-10-28, 19:57:46, 23.33, 48.85
2020-10-28, 19:57:48, 23.32, 48.85
2020-10-28, 19:57:49, 23.31, 48.88
2020-10-28, 19:57:50, 23.32, 48.85
2020-10-28, 19:57:52, 23.32, 48.81
2020-10-28, 19:57:53, 23.32, 48.85
2020-10-28, 19:57:55, 23.32, 48.85
2020-10-28, 19:57:56, 23.32, 48.81
2020-10-28, 19:57:57, 23.33, 48.81
2020-10-28, 19:57:59, 23.33, 48.81
2020-10-28, 19:58:00, 23.33, 48.81
2020-10-28, 19:58:01, 23.33, 48.81
2020-10-28, 19:58:03, 23.34, 48.82
2020-10-28, 19:58:04, 23.34, 48.82
2020-10-28, 19:58:05, 23.34, 48.82
2020-10-28, 19:58:07, 23.34, 48.82
2020-10-28, 19:58:08, 23.33, 48.81
2020-10-28, 19:58:09, 23.34, 48.78
2020-10-28, 19:58:11, 23.34, 48.82
2020-10-28, 19:58:12, 23.33, 48.81
2020-10-28, 19:58:13, 23.34, 48.82
2020-10-28, 19:58:15, 23.35, 48.82
2020-10-28, 19:58:16, 23.34, 48.78
2020-10-28, 19:58:18, 23.34, 48.78
2020-10-28, 19:58:19, 23.36, 48.79
2020-10-28, 19:58:20, 23.36, 48.79
2020-10-28, 19:58:22, 23.37, 48.79
2020-10-28, 19:58:23, 23.35, 48.79
2020-10-28, 19:58:24, 23.36, 48.79
2020-10-28, 19:58:26, 23.35, 48.79
2020-10-28, 19:58:27, 23.36, 48.75
2020-10-28, 19:58:28, 23.38, 48.76
2020-10-28, 19:58:30, 23.36, 48.75
2020-10-28, 19:58:31, 23.37, 48.76
2020-10-28, 19:58:32, 23.37, 48.76
2020-10-28, 19:58:34, 23.36, 48.75
2020-10-28, 19:58:35, 23.37, 48.76
2020-10-28, 19:58:37, 23.37, 48.72
2020-10-28, 19:58:38, 23.39, 48.76
2020-10-28, 19:58:39, 23.39, 48.73
2020-10-28, 19:58:41, 23.39, 48.73
2020-10-28, 19:58:42, 23.39, 48.73
2020-10-28, 19:58:43, 23.4, 48.7
2020-10-28, 19:58:45, 23.38, 48.69
2020-10-28, 19:58:46, 23.37, 48.69
2020-10-28, 19:58:47, 23.41, 48.7
2020-10-28, 19:58:49, 23.4, 48.7
2020-10-28, 19:58:50, 23.4, 48.66
2020-10-28, 19:58:51, 23.4, 48.66
2020-10-28, 19:58:53, 23.4, 48.66
2020-10-28, 19:58:54, 23.41, 48.67
2020-10-28, 19:58:56, 23.41, 48.67
2020-10-28, 19:58:57, 23.41, 48.67
2020-10-28, 19:58:58, 23.42, 48.67
2020-10-28, 19:59:00, 23.4, 48.66
2020-10-28, 19:59:01, 23.41, 48.67
2020-10-28, 19:59:02, 23.41, 48.67
2020-10-28, 19:59:04, 23.42, 48.67
2020-10-28, 19:59:05, 23.42, 48.67
2020-10-28, 19:59:06, 23.42, 48.64
2020-10-28, 19:59:08, 23.42, 48.64
2020-10-28, 19:59:09, 23.42, 48.64
2020-10-28, 19:59:10, 23.42, 48.64
2020-10-28, 19:59:12, 23.42, 48.64
2020-10-28, 19:59:13, 23.42, 48.64
2020-10-28, 19:59:15, 23.43, 48.64
2020-10-28, 19:59:16, 23.43, 48.64
2020-10-28, 19:59:17, 23.43, 48.64
2020-10-28, 19:59:19, 23.42, 48.64
2020-10-28, 19:59:20, 23.43, 48.64
2020-10-28, 19:59:21, 23.43, 48.64
2020-10-28, 19:59:23, 23.44, 48.64
2020-10-28, 19:59:24, 23.44, 48.64
2020-10-28, 19:59:25, 23.44, 48.61
2020-10-28, 19:59:27, 23.44, 48.64
2020-10-28, 19:59:28, 23.44, 48.64
2020-10-28, 19:59:29, 23.44, 48.61
2020-10-28, 19:59:31, 23.45, 48.61
2020-10-28, 19:59:32, 23.45, 48.64
2020-10-28, 19:59:33, 23.45, 48.61
2020-10-28, 19:59:35, 23.45, 48.61
2020-10-28, 19:59:36, 23.42, 48.6
2020-10-28, 19:59:38, 23.43, 48.64
2020-10-28, 19:59:39, 23.43, 48.64
2020-10-28, 19:59:40, 23.44, 48.61
2020-10-28, 19:59:42, 23.46, 48.64
2020-10-28, 19:59:43, 23.46, 48.64
2020-10-28, 19:59:45, 23.46, 48.61
2020-10-28, 19:59:46, 23.45, 48.61
2020-10-28, 19:59:47, 23.46, 48.58
2020-10-28, 19:59:49, 23.46, 48.58
2020-10-28, 19:59:50, 23.48, 48.58
2020-10-28, 19:59:51, 23.47, 48.58
2020-10-28, 19:59:53, 23.46, 48.58
2020-10-28, 19:59:54, 23.48, 48.58
2020-10-28, 19:59:55, 23.47, 48.58
2020-10-28, 19:59:57, 23.48, 48.58
2020-10-28, 19:59:58, 23.48, 48.58
2020-10-28, 19:59:59, 23.49, 48.58
2020-10-28, 20:00:01, 23.48, 48.58
2020-10-28, 20:00:02, 23.47, 48.58
2020-10-28, 20:00:03, 23.49, 48.58
2020-10-28, 20:00:05, 23.5, 48.58
2020-10-28, 20:00:06, 23.5, 48.55
2020-10-28, 20:00:08, 23.48, 48.55
2020-10-28, 20:00:09, 23.5, 48.58
2020-10-28, 20:00:10, 23.49, 48.55
2020-10-28, 20:00:12, 23.49, 48.55
2020-10-28, 20:00:13, 23.48, 48.52
2020-10-28, 20:00:14, 23.5, 48.58
2020-10-28, 20:00:16, 23.51, 48.55
2020-10-28, 20:00:17, 23.5, 48.55
2020-10-28, 20:00:18, 23.5, 48.52
2020-10-28, 20:00:20, 23.51, 48.52
2020-10-28, 20:00:21, 23.5, 48.52
2020-10-28, 20:00:22, 23.51, 48.52
2020-10-28, 20:00:24, 23.51, 48.52
2020-10-28, 20:00:25, 23.51, 48.52
2020-10-28, 20:00:27, 23.51, 48.52
2020-10-28, 20:00:28, 23.5, 48.52
2020-10-28, 20:00:29, 23.52, 48.49
2020-10-28, 20:00:31, 23.52, 48.49
2020-10-28, 20:00:32, 23.53, 48.49
2020-10-28, 20:00:33, 23.53, 48.46
2020-10-28, 20:00:35, 23.54, 48.46
2020-10-28, 20:00:36, 23.53, 48.49
2020-10-28, 20:00:37, 23.54, 48.49
2020-10-28, 20:00:39, 23.54, 48.49
2020-10-28, 20:00:40, 23.53, 48.46
2020-10-28, 20:00:41, 23.53, 48.46
2020-10-28, 20:00:43, 23.54, 48.46
2020-10-28, 20:00:44, 23.54, 48.46
2020-10-28, 20:00:45, 23.54, 48.46
2020-10-28, 20:00:47, 23.54, 48.46
2020-10-28, 20:00:48, 23.54, 48.46
2020-10-28, 20:00:50, 23.56, 48.46
2020-10-28, 20:00:51, 23.55, 48.43
2020-10-28, 20:00:52, 23.55, 48.46
2020-10-28, 20:00:54, 23.55, 48.43
2020-10-28, 20:00:55, 23.55, 48.46
2020-10-28, 20:00:56, 23.56, 48.43
2020-10-28, 20:00:58, 23.56, 48.43
2020-10-28, 20:00:59, 23.56, 48.4
2020-10-28, 20:01:00, 23.57, 48.4
2020-10-28, 20:01:02, 23.58, 48.43
2020-10-28, 20:01:03, 23.58, 48.4
2020-10-28, 20:01:04, 23.57, 48.4
2020-10-28, 20:01:06, 23.57, 48.4
2020-10-28, 20:01:07, 23.57, 48.4
2020-10-28, 20:01:09, 23.57, 48.4
2020-10-28, 20:01:10, 23.58, 48.4
2020-10-28, 20:01:11, 23.58, 48.4
2020-10-28, 20:01:13, 23.56, 48.4
2020-10-28, 20:01:14, 23.57, 48.4
2020-10-28, 20:01:15, 23.58, 48.4
2020-10-28, 20:01:17, 23.57, 48.4
2020-10-28, 20:01:18, 23.57, 48.37
2020-10-28, 20:01:19, 23.58, 48.37
2020-10-28, 20:01:21, 23.57, 48.34
2020-10-28, 20:01:22, 23.6, 48.37
2020-10-28, 20:01:23, 23.59, 48.37
2020-10-28, 20:01:25, 23.58, 48.37
2020-10-28, 20:01:26, 23.58, 48.34
2020-10-28, 20:01:27, 23.59, 48.34
2020-10-28, 20:01:29, 23.59, 48.34
2020-10-28, 20:01:30, 23.58, 48.34
2020-10-28, 20:01:32, 23.59, 48.34
2020-10-28, 20:01:33, 23.6, 48.34
2020-10-28, 20:01:34, 23.58, 48.34
2020-10-28, 20:01:36, 23.59, 48.34
2020-10-28, 20:01:37, 23.59, 48.31
2020-10-28, 20:01:38, 23.6, 48.31
2020-10-28, 20:01:40, 23.6, 48.34
2020-10-28, 20:01:41, 23.61, 48.31
2020-10-28, 20:01:42, 23.59, 48.31
2020-10-28, 20:01:44, 23.58, 48.27
2020-10-28, 20:01:45, 23.6, 48.28
2020-10-28, 20:01:46, 23.6, 48.28
2020-10-28, 20:01:48, 23.61, 48.28
2020-10-28, 20:01:49, 23.62, 48.28
2020-10-28, 20:01:51, 23.6, 48.28
2020-10-28, 20:01:52, 23.62, 48.28
2020-10-28, 20:01:53, 23.62, 48.28
2020-10-28, 20:01:55, 23.61, 48.28
2020-10-28, 20:01:56, 23.62, 48.28
2020-10-28, 20:01:57, 23.63, 48.28
2020-10-28, 20:01:59, 23.63, 48.25
2020-10-28, 20:02:00, 23.63, 48.25
2020-10-28, 20:02:01, 23.63, 48.28
2020-10-28, 20:02:03, 23.63, 48.28
2020-10-28, 20:02:04, 23.62, 48.25
2020-10-28, 20:02:05, 23.64, 48.28
2020-10-28, 20:02:07, 23.64, 48.25
2020-10-28, 20:02:08, 23.64, 48.25
2020-10-28, 20:02:09, 23.64, 48.25
2020-10-28, 20:02:11, 23.64, 48.25
2020-10-28, 20:02:12, 23.64, 48.22
2020-10-28, 20:02:14, 23.64, 48.22
2020-10-28, 20:02:15, 23.64, 48.22
2020-10-28, 20:02:16, 23.64, 48.22
2020-10-28, 20:02:18, 23.65, 48.22
2020-10-28, 20:02:19, 23.65, 48.22
2020-10-28, 20:02:20, 23.64, 48.22
2020-10-28, 20:02:22, 23.64, 48.22
2020-10-28, 20:02:23, 23.64, 48.25
2020-10-28, 20:02:24, 23.65, 48.25
2020-10-28, 20:02:26, 23.64, 48.22
2020-10-28, 20:02:27, 23.64, 48.22
2020-10-28, 20:02:28, 23.65, 48.25
2020-10-28, 20:02:30, 23.66, 48.22
2020-10-28, 20:02:31, 23.65, 48.22
2020-10-28, 20:02:32, 23.65, 48.22
2020-10-28, 20:02:34, 23.65, 48.22
2020-10-28, 20:02:35, 23.65, 48.22
2020-10-28, 20:02:37, 23.66, 48.22
2020-10-28, 20:02:38, 23.65, 48.22
2020-10-28, 20:02:39, 23.65, 48.22
2020-10-28, 20:02:41, 23.65, 48.22
2020-10-28, 20:02:42, 23.65, 48.22
2020-10-28, 20:02:43, 23.67, 48.22
2020-10-28, 20:02:45, 23.64, 48.19
2020-10-28, 20:02:46, 23.66, 48.19
2020-10-28, 20:02:47, 23.66, 48.19
2020-10-28, 20:02:49, 23.66, 48.19
2020-10-28, 20:02:50, 23.67, 48.16
2020-10-28, 20:02:51, 23.67, 48.19
2020-10-28, 20:02:53, 23.67, 48.19
2020-10-28, 20:02:54, 23.66, 48.16
2020-10-28, 20:02:56, 23.66, 48.16
2020-10-28, 20:02:57, 23.66, 48.19
2020-10-28, 20:02:58, 23.65, 48.15
2020-10-28, 20:03:00, 23.66, 48.16
2020-10-28, 20:03:01, 23.66, 48.16
2020-10-28, 20:03:02, 23.66, 48.16
2020-10-28, 20:03:04, 23.66, 48.12
2020-10-28, 20:03:05, 23.68, 48.16
2020-10-28, 20:03:06, 23.67, 48.16
2020-10-28, 20:03:08, 23.66, 48.16
2020-10-28, 20:03:09, 23.66, 48.16
2020-10-28, 20:03:10, 23.68, 48.16
2020-10-28, 20:03:12, 23.67, 48.13
2020-10-28, 20:03:13, 23.67, 48.13
2020-10-28, 20:03:14, 23.67, 48.13
2020-10-28, 20:03:16, 23.67, 48.09
2020-10-28, 20:03:17, 23.66, 48.09
2020-10-28, 20:03:19, 23.68, 48.13
2020-10-28, 20:03:20, 23.68, 48.13
2020-10-28, 20:03:21, 23.68, 48.13
2020-10-28, 20:03:23, 23.67, 48.13
2020-10-28, 20:03:24, 23.68, 48.13
2020-10-28, 20:03:25, 23.68, 48.09
2020-10-28, 20:03:27, 23.68, 48.13
2020-10-28, 20:03:28, 23.68, 48.13
2020-10-28, 20:03:29, 23.68, 48.13
2020-10-28, 20:03:31, 23.68, 48.13
2020-10-28, 20:03:32, 23.68, 48.09
2020-10-28, 20:03:33, 23.68, 48.09
2020-10-28, 20:03:35, 23.68, 48.09
2020-10-28, 20:03:36, 23.66, 48.09
2020-10-28, 20:03:38, 23.68, 48.09
2020-10-28, 20:03:39, 23.69, 48.1
2020-10-28, 20:03:40, 23.69, 48.1
2020-10-28, 20:03:42, 23.68, 48.09
2020-10-28, 20:03:43, 23.69, 48.1
2020-10-28, 20:03:44, 23.68, 48.09
2020-10-28, 20:03:46, 23.68, 48.09
2020-10-28, 20:03:47, 23.7, 48.1
2020-10-28, 20:03:48, 23.7, 48.1
2020-10-28, 20:03:50, 23.7, 48.1
2020-10-28, 20:03:51, 23.69, 48.1
2020-10-28, 20:03:52, 23.7, 48.1
2020-10-28, 20:03:54, 23.69, 48.1
2020-10-28, 20:03:55, 23.71, 48.07
2020-10-28, 20:03:57, 23.71, 48.1
2020-10-28, 20:03:58, 23.72, 48.07
2020-10-28, 20:03:59, 23.7, 48.07
2020-10-28, 20:04:01, 23.69, 48.1
2020-10-28, 20:04:02, 23.72, 48.07
2020-10-28, 20:04:03, 23.72, 48.07
2020-10-28, 20:04:05, 23.71, 48.07
2020-10-28, 20:04:06, 23.71, 48.07
2020-10-28, 20:04:07, 23.72, 48.1
2020-10-28, 20:04:09, 23.7, 48.07
2020-10-28, 20:04:10, 23.71, 48.03
2020-10-28, 20:04:11, 23.72, 48.07
2020-10-28, 20:04:13, 23.73, 48.04
2020-10-28, 20:04:14, 23.72, 48.04
2020-10-28, 20:04:16, 23.7, 48.03
2020-10-28, 20:04:17, 23.71, 48.03
2020-10-28, 20:04:18, 23.72, 48.04
2020-10-28, 20:04:20, 23.73, 48.04
2020-10-28, 20:04:21, 23.72, 48.04
2020-10-28, 20:04:22, 23.71, 48.03
2020-10-28, 20:04:24, 23.72, 48.04
2020-10-28, 20:04:25, 23.71, 48.03
2020-10-28, 20:04:26, 23.72, 48.04
2020-10-28, 20:04:28, 23.72, 48.04
2020-10-28, 20:04:29, 23.72, 48.0
2020-10-28, 20:04:30, 23.74, 48.04
2020-10-28, 20:04:32, 23.74, 48.01
2020-10-28, 20:04:33, 23.72, 48.0
2020-10-28, 20:04:34, 23.74, 48.01
2020-10-28, 20:04:36, 23.72, 48.0
2020-10-28, 20:04:37, 23.72, 47.97
2020-10-28, 20:04:39, 23.74, 48.01
2020-10-28, 20:04:40, 23.74, 47.97
2020-10-28, 20:04:41, 23.74, 47.97
2020-10-28, 20:04:43, 23.74, 47.97
2020-10-28, 20:04:44, 23.73, 47.94
2020-10-28, 20:04:45, 23.74, 47.97
2020-10-28, 20:04:47, 23.73, 47.94
2020-10-28, 20:04:48, 23.74, 47.97
2020-10-28, 20:04:49, 23.74, 47.97
2020-10-28, 20:04:51, 23.74, 47.97
2020-10-28, 20:04:52, 23.74, 47.97
2020-10-28, 20:04:53, 23.74, 47.97
2020-10-28, 20:04:55, 23.74, 47.97
2020-10-28, 20:04:56, 23.74, 47.97
2020-10-28, 20:04:58, 23.74, 47.97
2020-10-28, 20:04:59, 23.74, 47.97
2020-10-28, 20:05:00, 23.72, 47.97
2020-10-28, 20:05:02, 23.74, 47.97
2020-10-28, 20:05:03, 23.73, 47.97
2020-10-28, 20:05:04, 23.73, 47.97
2020-10-28, 20:05:06, 23.74, 47.97
2020-10-28, 20:05:07, 23.73, 47.97
2020-10-28, 20:05:08, 23.74, 47.94
2020-10-28, 20:05:10, 23.74, 47.91
2020-10-28, 20:05:11, 23.73, 47.91
2020-10-28, 20:05:12, 23.74, 47.94
2020-10-28, 20:05:14, 23.73, 47.91
2020-10-28, 20:05:15, 23.73, 47.94
2020-10-28, 20:05:17, 23.72, 47.94
2020-10-28, 20:05:18, 23.74, 47.91
2020-10-28, 20:05:19, 23.74, 47.91
2020-10-28, 20:05:21, 23.73, 47.91
2020-10-28, 20:05:22, 23.73, 47.91
2020-10-28, 20:05:23, 23.73, 47.94
2020-10-28, 20:05:25, 23.74, 47.94
2020-10-28, 20:05:26, 23.73, 47.94
2020-10-28, 20:05:27, 23.73, 47.94
2020-10-28, 20:05:29, 23.74, 47.94
2020-10-28, 20:05:30, 23.75, 47.94
2020-10-28, 20:05:31, 23.74, 47.94
2020-10-28, 20:05:33, 23.74, 47.94
2020-10-28, 20:05:34, 23.75, 47.94
2020-10-28, 20:05:35, 23.74, 47.94
2020-10-28, 20:05:37, 23.75, 47.98
2020-10-28, 20:05:38, 23.74, 47.97
2020-10-28, 20:05:40, 23.75, 47.98
2020-10-28, 20:05:41, 23.74, 47.97
2020-10-28, 20:05:42, 23.74, 47.94
2020-10-28, 20:05:44, 23.75, 47.94
2020-10-28, 20:05:45, 23.74, 47.94
2020-10-28, 20:05:46, 23.74, 47.94
2020-10-28, 20:05:48, 23.75, 47.94
2020-10-28, 20:05:49, 23.74, 47.91
2020-10-28, 20:05:50, 23.75, 47.91
2020-10-28, 20:05:52, 23.74, 47.91
2020-10-28, 20:05:53, 23.75, 47.91
2020-10-28, 20:05:54, 23.74, 47.88
2020-10-28, 20:05:56, 23.76, 47.88
2020-10-28, 20:05:57, 23.76, 47.88
2020-10-28, 20:05:59, 23.75, 47.85
2020-10-28, 20:06:00, 23.74, 47.85
2020-10-28, 20:06:01, 23.74, 47.85
2020-10-28, 20:06:03, 23.74, 47.85
2020-10-28, 20:06:04, 23.74, 47.88
2020-10-28, 20:06:05, 23.74, 47.85
2020-10-28, 20:06:07, 23.75, 47.85
2020-10-28, 20:06:08, 23.74, 47.85
2020-10-28, 20:06:09, 23.75, 47.85
2020-10-28, 20:06:11, 23.74, 47.81
2020-10-28, 20:06:12, 23.74, 47.81
2020-10-28, 20:06:13, 23.74, 47.78
2020-10-28, 20:06:15, 23.74, 47.81
2020-10-28, 20:06:16, 23.74, 47.85
2020-10-28, 20:06:17, 23.74, 47.85
2020-10-28, 20:06:19, 23.74, 47.85
2020-10-28, 20:06:20, 23.74, 47.85
2020-10-28, 20:06:22, 23.73, 47.85
2020-10-28, 20:06:23, 23.73, 47.85
2020-10-28, 20:06:24, 23.72, 47.81
2020-10-28, 20:06:26, 23.74, 47.85
2020-10-28, 20:06:27, 23.74, 47.81
2020-10-28, 20:06:28, 23.73, 47.85
2020-10-28, 20:06:30, 23.73, 47.81
2020-10-28, 20:06:31, 23.73, 47.78
2020-10-28, 20:06:32, 23.72, 47.78
2020-10-28, 20:06:34, 23.73, 47.81
2020-10-28, 20:06:35, 23.73, 47.85
2020-10-28, 20:06:36, 23.72, 47.84
2020-10-28, 20:06:38, 23.73, 47.81
2020-10-28, 20:06:39, 23.72, 47.81
2020-10-28, 20:06:41, 23.73, 47.85
2020-10-28, 20:06:42, 23.73, 47.85
2020-10-28, 20:06:43, 23.71, 47.84
2020-10-28, 20:06:45, 23.71, 47.84
2020-10-28, 20:06:46, 23.72, 47.84
2020-10-28, 20:06:47, 23.72, 47.84
2020-10-28, 20:06:49, 23.71, 47.84
2020-10-28, 20:06:50, 23.72, 47.84
2020-10-28, 20:06:51, 23.72, 47.84
2020-10-28, 20:06:53, 23.71, 47.84
2020-10-28, 20:06:54, 23.71, 47.84
2020-10-28, 20:06:55, 23.72, 47.84
2020-10-28, 20:06:57, 23.72, 47.81
2020-10-28, 20:06:58, 23.72, 47.84
2020-10-28, 20:07:00, 23.72, 47.84
2020-10-28, 20:07:01, 23.71, 47.84
2020-10-28, 20:07:02, 23.71, 47.84
2020-10-28, 20:07:04, 23.72, 47.84
2020-10-28, 20:07:05, 23.72, 47.84
2020-10-28, 20:07:06, 23.74, 47.85
2020-10-28, 20:07:08, 23.72, 47.84
2020-10-28, 20:07:09, 23.73, 47.85
2020-10-28, 20:07:10, 23.72, 47.84
2020-10-28, 20:07:12, 23.73, 47.85
2020-10-28, 20:07:13, 23.73, 47.85
2020-10-28, 20:07:14, 23.73, 47.85
2020-10-28, 20:07:16, 23.72, 47.88
2020-10-28, 20:07:17, 23.73, 47.85
2020-10-28, 20:07:19, 23.73, 47.85
2020-10-28, 20:07:20, 23.72, 47.84
2020-10-28, 20:07:21, 23.72, 47.84
2020-10-28, 20:07:23, 23.72, 47.84
2020-10-28, 20:07:24, 23.72, 47.84
2020-10-28, 20:07:25, 23.72, 47.84
2020-10-28, 20:07:27, 23.71, 47.84
2020-10-28, 20:07:28, 23.7, 47.87
2020-10-28, 20:07:29, 23.7, 47.84
2020-10-28, 20:07:31, 23.7, 47.87
2020-10-28, 20:07:32, 23.7, 47.84
2020-10-28, 20:07:33, 23.7, 47.87
2020-10-28, 20:07:35, 23.7, 47.91
2020-10-28, 20:07:36, 23.69, 47.9
2020-10-28, 20:07:37, 23.7, 47.87
2020-10-28, 20:07:39, 23.7, 47.91
2020-10-28, 20:07:40, 23.7, 47.91
2020-10-28, 20:07:42, 23.7, 47.91
2020-10-28, 20:07:43, 23.7, 47.91
2020-10-28, 20:07:44, 23.69, 47.9
2020-10-28, 20:07:46, 23.69, 47.9
2020-10-28, 20:07:47, 23.68, 47.9
2020-10-28, 20:07:48, 23.67, 47.9
2020-10-28, 20:07:50, 23.68, 47.9
2020-10-28, 20:07:51, 23.68, 47.93
2020-10-28, 20:07:52, 23.68, 47.9
2020-10-28, 20:07:54, 23.69, 47.94
2020-10-28, 20:07:55, 23.68, 47.93
2020-10-28, 20:07:56, 23.69, 47.9
2020-10-28, 20:07:58, 23.69, 47.94
2020-10-28, 20:07:59, 23.68, 47.93
2020-10-28, 20:08:00, 23.68, 47.93
2020-10-28, 20:08:02, 23.69, 47.94
2020-10-28, 20:08:03, 23.67, 47.93
2020-10-28, 20:08:05, 23.67, 47.9
2020-10-28, 20:08:06, 23.67, 47.9
2020-10-28, 20:08:07, 23.68, 47.93
2020-10-28, 20:08:09, 23.69, 47.9
2020-10-28, 20:08:10, 23.69, 47.94
2020-10-28, 20:08:11, 23.67, 47.9
2020-10-28, 20:08:13, 23.68, 47.9
2020-10-28, 20:08:14, 23.69, 47.9
2020-10-28, 20:08:15, 23.68, 47.9
2020-10-28, 20:08:17, 23.68, 47.9
2020-10-28, 20:08:18, 23.68, 47.9
2020-10-28, 20:08:19, 23.69, 47.9
2020-10-28, 20:08:21, 23.68, 47.9
2020-10-28, 20:08:22, 23.68, 47.9
2020-10-28, 20:08:24, 23.68, 47.9
2020-10-28, 20:08:25, 23.69, 47.9
2020-10-28, 20:08:26, 23.68, 47.9
2020-10-28, 20:08:28, 23.68, 47.9
2020-10-28, 20:08:29, 23.68, 47.9
2020-10-28, 20:08:30, 23.68, 47.9
2020-10-28, 20:08:32, 23.68, 47.9
2020-10-28, 20:08:33, 23.67, 47.9
2020-10-28, 20:08:34, 23.67, 47.9
2020-10-28, 20:08:36, 23.68, 47.9
2020-10-28, 20:08:37, 23.67, 47.9
2020-10-28, 20:08:38, 23.67, 47.93
2020-10-28, 20:08:40, 23.66, 47.9
2020-10-28, 20:08:41, 23.66, 47.93
2020-10-28, 20:08:42, 23.67, 47.93
2020-10-28, 20:08:44, 23.66, 47.93
2020-10-28, 20:08:45, 23.67, 47.93
2020-10-28, 20:08:47, 23.66, 47.93
2020-10-28, 20:08:48, 23.67, 47.93
2020-10-28, 20:08:49, 23.67, 47.93
2020-10-28, 20:08:51, 23.66, 47.93
2020-10-28, 20:08:52, 23.67, 47.93
2020-10-28, 20:08:53, 23.67, 47.93
2020-10-28, 20:08:55, 23.66, 47.93
2020-10-28, 20:08:56, 23.64, 47.93
2020-10-28, 20:08:57, 23.65, 47.93
2020-10-28, 20:08:59, 23.64, 47.93
2020-10-28, 20:09:00, 23.65, 47.96
2020-10-28, 20:09:02, 23.65, 47.93
2020-10-28, 20:09:03, 23.65, 47.96
2020-10-28, 20:09:04, 23.64, 47.93
2020-10-28, 20:09:06, 23.66, 47.93
2020-10-28, 20:09:07, 23.65, 47.96
2020-10-28, 20:09:08, 23.65, 47.96
2020-10-28, 20:09:10, 23.65, 47.96
2020-10-28, 20:09:11, 23.65, 47.96
2020-10-28, 20:09:12, 23.64, 47.96
2020-10-28, 20:09:14, 23.65, 47.96
2020-10-28, 20:09:15, 23.65, 47.96
2020-10-28, 20:09:16, 23.64, 47.96
2020-10-28, 20:09:18, 23.62, 47.96
2020-10-28, 20:09:19, 23.63, 47.96
2020-10-28, 20:09:21, 23.65, 47.96
2020-10-28, 20:09:22, 23.64, 47.96
2020-10-28, 20:09:23, 23.63, 47.96
2020-10-28, 20:09:25, 23.64, 47.96
2020-10-28, 20:09:26, 23.64, 47.96
2020-10-28, 20:09:27, 23.63, 47.99
2020-10-28, 20:09:29, 23.62, 47.99
2020-10-28, 20:09:30, 23.62, 47.99
2020-10-28, 20:09:31, 23.63, 47.99
2020-10-28, 20:09:33, 23.62, 48.02
2020-10-28, 20:09:34, 23.62, 48.02
2020-10-28, 20:09:35, 23.61, 47.99
2020-10-28, 20:09:37, 23.62, 48.02
2020-10-28, 20:09:38, 23.61, 48.02
2020-10-28, 20:09:40, 23.62, 48.02
2020-10-28, 20:09:41, 23.61, 48.02
2020-10-28, 20:09:42, 23.6, 48.05
2020-10-28, 20:09:44, 23.61, 48.05
2020-10-28, 20:09:45, 23.61, 48.05
2020-10-28, 20:09:46, 23.61, 48.05
2020-10-28, 20:09:48, 23.6, 48.05
2020-10-28, 20:09:49, 23.6, 48.08
2020-10-28, 20:09:50, 23.6, 48.08
2020-10-28, 20:09:52, 23.6, 48.08
2020-10-28, 20:09:53, 23.6, 48.08
2020-10-28, 20:09:54, 23.6, 48.08
2020-10-28, 20:09:56, 23.6, 48.08
2020-10-28, 20:09:57, 23.6, 48.12
2020-10-28, 20:09:59, 23.61, 48.09
2020-10-28, 20:10:00, 23.59, 48.08
2020-10-28, 20:10:01, 23.6, 48.12
2020-10-28, 20:10:03, 23.6, 48.12
2020-10-28, 20:10:04, 23.59, 48.12
2020-10-28, 20:10:05, 23.6, 48.12
2020-10-28, 20:10:07, 23.58, 48.15
2020-10-28, 20:10:08, 23.59, 48.12
2020-10-28, 20:10:09, 23.58, 48.11
2020-10-28, 20:10:11, 23.58, 48.15
2020-10-28, 20:10:12, 23.58, 48.15
2020-10-28, 20:10:13, 23.58, 48.15
2020-10-28, 20:10:15, 23.59, 48.15
2020-10-28, 20:10:16, 23.58, 48.15
2020-10-28, 20:10:18, 23.57, 48.14
2020-10-28, 20:10:19, 23.57, 48.14
2020-10-28, 20:10:20, 23.57, 48.14
2020-10-28, 20:10:22, 23.57, 48.14
2020-10-28, 20:10:23, 23.56, 48.21
2020-10-28, 20:10:24, 23.55, 48.17
2020-10-28, 20:10:26, 23.56, 48.18
2020-10-28, 20:10:27, 23.56, 48.21
2020-10-28, 20:10:28, 23.56, 48.18
2020-10-28, 20:10:30, 23.58, 48.21
2020-10-28, 20:10:31, 23.56, 48.21
2020-10-28, 20:10:32, 23.57, 48.21
2020-10-28, 20:10:34, 23.56, 48.21
2020-10-28, 20:10:35, 23.57, 48.21
2020-10-28, 20:10:36, 23.57, 48.21
2020-10-28, 20:10:38, 23.58, 48.21
2020-10-28, 20:10:39, 23.56, 48.21
2020-10-28, 20:10:41, 23.57, 48.21
2020-10-28, 20:10:42, 23.56, 48.21
2020-10-28, 20:10:43, 23.57, 48.21
2020-10-28, 20:10:45, 23.55, 48.21
2020-10-28, 20:10:46, 23.55, 48.24
2020-10-28, 20:10:47, 23.55, 48.21
2020-10-28, 20:10:49, 23.56, 48.24
2020-10-28, 20:10:50, 23.56, 48.27
2020-10-28, 20:10:51, 23.56, 48.27
2020-10-28, 20:10:53, 23.56, 48.24
2020-10-28, 20:10:54, 23.56, 48.27
2020-10-28, 20:10:55, 23.54, 48.24
2020-10-28, 20:10:57, 23.54, 48.27
2020-10-28, 20:10:58, 23.53, 48.27
2020-10-28, 20:11:00, 23.53, 48.27
2020-10-28, 20:11:01, 23.53, 48.27
2020-10-28, 20:11:02, 23.54, 48.27
2020-10-28, 20:11:04, 23.54, 48.27
2020-10-28, 20:11:05, 23.55, 48.3
2020-10-28, 20:11:06, 23.53, 48.27
2020-10-28, 20:11:08, 23.54, 48.33
2020-10-28, 20:11:09, 23.55, 48.3
2020-10-28, 20:11:10, 23.54, 48.3
2020-10-28, 20:11:12, 23.54, 48.3
2020-10-28, 20:11:13, 23.54, 48.3
2020-10-28, 20:11:14, 23.54, 48.33
2020-10-28, 20:11:16, 23.54, 48.3
2020-10-28, 20:11:17, 23.54, 48.33
2020-10-28, 20:11:19, 23.54, 48.33
2020-10-28, 20:11:20, 23.53, 48.33
2020-10-28, 20:11:21, 23.54, 48.3
2020-10-28, 20:11:23, 23.54, 48.3
2020-10-28, 20:11:24, 23.54, 48.3
2020-10-28, 20:11:25, 23.51, 48.33
2020-10-28, 20:11:27, 23.5, 48.33
2020-10-28, 20:11:28, 23.52, 48.36
2020-10-28, 20:11:29, 23.52, 48.36
2020-10-28, 20:11:31, 23.52, 48.36
2020-10-28, 20:11:32, 23.52, 48.36
2020-10-28, 20:11:33, 23.52, 48.36
2020-10-28, 20:11:35, 23.52, 48.36
2020-10-28, 20:11:36, 23.51, 48.39
2020-10-28, 20:11:38, 23.51, 48.39
2020-10-28, 20:11:39, 23.5, 48.39
2020-10-28, 20:11:40, 23.5, 48.39
2020-10-28, 20:11:42, 23.5, 48.39
2020-10-28, 20:11:43, 23.51, 48.39
2020-10-28, 20:11:44, 23.5, 48.39
2020-10-28, 20:11:46, 23.5, 48.39
2020-10-28, 20:11:47, 23.5, 48.39
2020-10-28, 20:11:48, 23.51, 48.42
2020-10-28, 20:11:50, 23.5, 48.42
2020-10-28, 20:11:51, 23.5, 48.45
2020-10-28, 20:11:52, 23.5, 48.45
2020-10-28, 20:11:54, 23.5, 48.42
2020-10-28, 20:11:55, 23.51, 48.42
2020-10-28, 20:11:56, 23.51, 48.46
2020-10-28, 20:11:58, 23.51, 48.46
2020-10-28, 20:11:59, 23.5, 48.45
2020-10-28, 20:12:01, 23.5, 48.45
2020-10-28, 20:12:02, 23.5, 48.45
2020-10-28, 20:12:03, 23.5, 48.45
2020-10-28, 20:12:05, 23.49, 48.45
2020-10-28, 20:12:06, 23.48, 48.45
2020-10-28, 20:12:07, 23.49, 48.45
2020-10-28, 20:12:09, 23.48, 48.45
2020-10-28, 20:12:10, 23.49, 48.48
2020-10-28, 20:12:11, 23.49, 48.48
2020-10-28, 20:12:13, 23.48, 48.48
2020-10-28, 20:12:14, 23.48, 48.48
2020-10-28, 20:12:15, 23.47, 48.51
2020-10-28, 20:12:17, 23.48, 48.52
2020-10-28, 20:12:18, 23.47, 48.51
2020-10-28, 20:12:20, 23.48, 48.52
2020-10-28, 20:12:21, 23.48, 48.52
2020-10-28, 20:12:22, 23.46, 48.51
2020-10-28, 20:12:24, 23.48, 48.52
2020-10-28, 20:12:25, 23.49, 48.52
2020-10-28, 20:12:26, 23.48, 48.52
2020-10-28, 20:12:28, 23.49, 48.52
2020-10-28, 20:12:29, 23.46, 48.51
2020-10-28, 20:12:30, 23.47, 48.51
2020-10-28, 20:12:32, 23.49, 48.52
2020-10-28, 20:12:33, 23.48, 48.52
2020-10-28, 20:12:34, 23.49, 48.52
2020-10-28, 20:12:36, 23.48, 48.52
2020-10-28, 20:12:37, 23.48, 48.52
2020-10-28, 20:12:39, 23.48, 48.52
2020-10-28, 20:12:40, 23.49, 48.52
2020-10-28, 20:12:41, 23.48, 48.52
2020-10-28, 20:12:43, 23.48, 48.52
2020-10-28, 20:12:44, 23.48, 48.52
2020-10-28, 20:12:45, 23.48, 48.52
2020-10-28, 20:12:47, 23.49, 48.52
2020-10-28, 20:12:48, 23.48, 48.52
2020-10-28, 20:12:49, 23.48, 48.52
2020-10-28, 20:12:51, 23.47, 48.55
2020-10-28, 20:12:52, 23.47, 48.51
2020-10-28, 20:12:53, 23.46, 48.54
2020-10-28, 20:12:55, 23.46, 48.54
2020-10-28, 20:12:56, 23.46, 48.54
2020-10-28, 20:12:57, 23.45, 48.54
2020-10-28, 20:12:59, 23.44, 48.54
2020-10-28, 20:13:00, 23.45, 48.58
2020-10-28, 20:13:02, 23.45, 48.58
2020-10-28, 20:13:03, 23.44, 48.57
2020-10-28, 20:13:04, 23.44, 48.57
2020-10-28, 20:13:06, 23.45, 48.61
2020-10-28, 20:13:07, 23.46, 48.58
2020-10-28, 20:13:08, 23.45, 48.61
2020-10-28, 20:13:10, 23.45, 48.61
2020-10-28, 20:13:11, 23.44, 48.61
2020-10-28, 20:13:12, 23.44, 48.61
2020-10-28, 20:13:14, 23.44, 48.61
2020-10-28, 20:13:15, 23.45, 48.61
2020-10-28, 20:13:16, 23.44, 48.61
2020-10-28, 20:13:18, 23.44, 48.61
2020-10-28, 20:13:19, 23.44, 48.64
2020-10-28, 20:13:20, 23.44, 48.64
2020-10-28, 20:13:22, 23.43, 48.64
2020-10-28, 20:13:23, 23.44, 48.64
2020-10-28, 20:13:25, 23.44, 48.64
2020-10-28, 20:13:26, 23.43, 48.64
2020-10-28, 20:13:27, 23.42, 48.64
2020-10-28, 20:13:29, 23.42, 48.64
2020-10-28, 20:13:30, 23.43, 48.64
2020-10-28, 20:13:31, 23.44, 48.64
2020-10-28, 20:13:33, 23.43, 48.64
2020-10-28, 20:13:34, 23.43, 48.64
2020-10-28, 20:13:35, 23.44, 48.64
2020-10-28, 20:13:37, 23.44, 48.61
2020-10-28, 20:13:38, 23.44, 48.64
2020-10-28, 20:13:39, 23.43, 48.64
2020-10-28, 20:13:41, 23.43, 48.64
2020-10-28, 20:13:42, 23.43, 48.64
2020-10-28, 20:13:44, 23.44, 48.64
2020-10-28, 20:13:45, 23.44, 48.64
2020-10-28, 20:13:46, 23.43, 48.64
2020-10-28, 20:13:48, 23.44, 48.61
2020-10-28, 20:13:49, 23.44, 48.64
2020-10-28, 20:13:50, 23.43, 48.64
2020-10-28, 20:13:52, 23.44, 48.64
2020-10-28, 20:13:53, 23.44, 48.64
2020-10-28, 20:13:54, 23.44, 48.64
2020-10-28, 20:13:56, 23.44, 48.64
2020-10-28, 20:13:57, 23.44, 48.64
2020-10-28, 20:13:58, 23.44, 48.64
2020-10-28, 20:14:00, 23.43, 48.64
2020-10-28, 20:14:01, 23.43, 48.64
2020-10-28, 20:14:03, 23.43, 48.67
2020-10-28, 20:14:04, 23.43, 48.67
2020-10-28, 20:14:05, 23.43, 48.67
2020-10-28, 20:14:07, 23.43, 48.67
2020-10-28, 20:14:08, 23.42, 48.67
2020-10-28, 20:14:09, 23.42, 48.67
2020-10-28, 20:14:11, 23.42, 48.67
2020-10-28, 20:14:12, 23.42, 48.7
2020-10-28, 20:14:13, 23.42, 48.7
2020-10-28, 20:14:15, 23.42, 48.7
2020-10-28, 20:14:16, 23.42, 48.7
2020-10-28, 20:14:17, 23.4, 48.7
2020-10-28, 20:14:19, 23.4, 48.73
2020-10-28, 20:14:20, 23.4, 48.76
2020-10-28, 20:14:21, 23.41, 48.76
2020-10-28, 20:14:23, 23.38, 48.73
2020-10-28, 20:14:24, 23.41, 48.76
2020-10-28, 20:14:26, 23.4, 48.76
2020-10-28, 20:14:27, 23.4, 48.76
2020-10-28, 20:14:28, 23.4, 48.76
2020-10-28, 20:14:30, 23.4, 48.76
2020-10-28, 20:14:31, 23.41, 48.76
2020-10-28, 20:14:32, 23.38, 48.76
2020-10-28, 20:14:34, 23.4, 48.79
2020-10-28, 20:14:35, 23.4, 48.79
2020-10-28, 20:14:36, 23.4, 48.79
2020-10-28, 20:14:38, 23.4, 48.79
2020-10-28, 20:14:39, 23.4, 48.79
2020-10-28, 20:14:40, 23.39, 48.82
2020-10-28, 20:14:42, 23.4, 48.79
2020-10-28, 20:14:43, 23.4, 48.79
2020-10-28, 20:14:45, 23.4, 48.79
2020-10-28, 20:14:46, 23.4, 48.79
2020-10-28, 20:14:47, 23.4, 48.76
2020-10-28, 20:14:49, 23.4, 48.76
2020-10-28, 20:14:50, 23.4, 48.76
2020-10-28, 20:14:51, 23.41, 48.76
2020-10-28, 20:14:53, 23.4, 48.79
2020-10-28, 20:14:54, 23.4, 48.79
2020-10-28, 20:14:55, 23.41, 48.82
2020-10-28, 20:14:57, 23.4, 48.79
2020-10-28, 20:14:58, 23.4, 48.79
2020-10-28, 20:14:59, 23.4, 48.79
2020-10-28, 20:15:01, 23.39, 48.79
2020-10-28, 20:15:02, 23.4, 48.79
2020-10-28, 20:15:03, 23.4, 48.79
2020-10-28, 20:15:05, 23.39, 48.76
2020-10-28, 20:15:06, 23.4, 48.79
2020-10-28, 20:15:08, 23.4, 48.76
2020-10-28, 20:15:09, 23.4, 48.79
2020-10-28, 20:15:10, 23.38, 48.79
2020-10-28, 20:15:12, 23.39, 48.79
2020-10-28, 20:15:13, 23.39, 48.82
2020-10-28, 20:15:14, 23.4, 48.79
2020-10-28, 20:15:16, 23.41, 48.82
2020-10-28, 20:15:17, 23.4, 48.82
2020-10-28, 20:15:18, 23.4, 48.82
2020-10-28, 20:15:20, 23.4, 48.79
2020-10-28, 20:15:21, 23.4, 48.79
2020-10-28, 20:15:22, 23.4, 48.76
2020-10-28, 20:15:24, 23.42, 48.79
2020-10-28, 20:15:25, 23.41, 48.79
2020-10-28, 20:15:27, 23.41, 48.79
2020-10-28, 20:15:28, 23.41, 48.76
2020-10-28, 20:15:29, 23.4, 48.79
2020-10-28, 20:15:31, 23.42, 48.76
2020-10-28, 20:15:32, 23.4, 48.76
2020-10-28, 20:15:33, 23.4, 48.79
2020-10-28, 20:15:35, 23.42, 48.79
2020-10-28, 20:15:36, 23.4, 48.79
2020-10-28, 20:15:37, 23.4, 48.76
2020-10-28, 20:15:39, 23.39, 48.79
2020-10-28, 20:15:40, 23.41, 48.79
2020-10-28, 20:15:41, 23.4, 48.82
2020-10-28, 20:15:43, 23.4, 48.79
2020-10-28, 20:15:44, 23.41, 48.82
2020-10-28, 20:15:45, 23.4, 48.82
2020-10-28, 20:15:47, 23.4, 48.82
2020-10-28, 20:15:48, 23.4, 48.86
2020-10-28, 20:15:50, 23.4, 48.89
2020-10-28, 20:15:51, 23.4, 48.86
2020-10-28, 20:15:52, 23.4, 48.89
2020-10-28, 20:15:54, 23.39, 48.89
2020-10-28, 20:15:55, 23.39, 48.89
2020-10-28, 20:15:56, 23.38, 48.88
2020-10-28, 20:15:58, 23.38, 48.88
2020-10-28, 20:15:59, 23.38, 48.88
2020-10-28, 20:16:00, 23.41, 48.89
2020-10-28, 20:16:02, 23.4, 48.89
2020-10-28, 20:16:03, 23.39, 48.89
2020-10-28, 20:16:04, 23.4, 48.89
2020-10-28, 20:16:06, 23.39, 48.89
2020-10-28, 20:16:07, 23.4, 48.86
2020-10-28, 20:16:09, 23.41, 48.86
2020-10-28, 20:16:10, 23.41, 48.86
2020-10-28, 20:16:11, 23.41, 48.86
2020-10-28, 20:16:13, 23.4, 48.86
2020-10-28, 20:16:14, 23.41, 48.89
2020-10-28, 20:16:15, 23.41, 48.89
2020-10-28, 20:16:17, 23.41, 48.86
2020-10-28, 20:16:18, 23.41, 48.86
2020-10-28, 20:16:19, 23.4, 48.89
2020-10-28, 20:16:21, 23.4, 48.86
2020-10-28, 20:16:22, 23.38, 48.85
2020-10-28, 20:16:23, 23.4, 48.86
2020-10-28, 20:16:25, 23.41, 48.82
2020-10-28, 20:16:26, 23.41, 48.82
2020-10-28, 20:16:28, 23.41, 48.82
2020-10-28, 20:16:29, 23.42, 48.83
2020-10-28, 20:16:30, 23.41, 48.82
2020-10-28, 20:16:32, 23.41, 48.86
2020-10-28, 20:16:33, 23.42, 48.83
2020-10-28, 20:16:34, 23.4, 48.86
2020-10-28, 20:16:36, 23.41, 48.86
2020-10-28, 20:16:37, 23.4, 48.86
2020-10-28, 20:16:38, 23.41, 48.86
2020-10-28, 20:16:40, 23.41, 48.86
2020-10-28, 20:16:41, 23.4, 48.86
2020-10-28, 20:16:42, 23.4, 48.86
2020-10-28, 20:16:44, 23.4, 48.86
2020-10-28, 20:16:45, 23.4, 48.86
2020-10-28, 20:16:46, 23.4, 48.89
2020-10-28, 20:16:48, 23.4, 48.89
2020-10-28, 20:16:49, 23.39, 48.89
2020-10-28, 20:16:51, 23.4, 48.89
2020-10-28, 20:16:52, 23.4, 48.89
2020-10-28, 20:16:53, 23.4, 48.89
2020-10-28, 20:16:55, 23.4, 48.89
2020-10-28, 20:16:56, 23.4, 48.92
2020-10-28, 20:16:57, 23.4, 48.89
2020-10-28, 20:16:59, 23.38, 48.92
2020-10-28, 20:17:00, 23.38, 48.92
2020-10-28, 20:17:01, 23.38, 48.92
2020-10-28, 20:17:03, 23.39, 48.95
2020-10-28, 20:17:04, 23.38, 48.95
2020-10-28, 20:17:05, 23.37, 48.95
2020-10-28, 20:17:07, 23.38, 48.95
2020-10-28, 20:17:08, 23.37, 48.95
2020-10-28, 20:17:10, 23.37, 48.95
2020-10-28, 20:17:11, 23.38, 48.95
2020-10-28, 20:17:12, 23.37, 48.98
2020-10-28, 20:17:14, 23.37, 48.95
2020-10-28, 20:17:15, 23.38, 48.98
2020-10-28, 20:17:16, 23.38, 48.95
2020-10-28, 20:17:18, 23.38, 48.98
2020-10-28, 20:17:19, 23.38, 48.95
2020-10-28, 20:17:20, 23.39, 48.98
2020-10-28, 20:17:22, 23.38, 48.98
2020-10-28, 20:17:23, 23.38, 48.95
2020-10-28, 20:17:24, 23.38, 48.95
2020-10-28, 20:17:26, 23.38, 48.98
2020-10-28, 20:17:27, 23.37, 48.98
2020-10-28, 20:17:29, 23.39, 48.98
2020-10-28, 20:17:30, 23.38, 48.95
2020-10-28, 20:17:31, 23.38, 48.98
2020-10-28, 20:17:33, 23.37, 48.98
2020-10-28, 20:17:34, 23.38, 48.98
2020-10-28, 20:17:35, 23.38, 48.98
2020-10-28, 20:17:37, 23.38, 48.95
2020-10-28, 20:17:38, 23.37, 48.98
2020-10-28, 20:17:39, 23.36, 48.95
2020-10-28, 20:17:41, 23.36, 48.95
2020-10-28, 20:17:42, 23.36, 48.98
2020-10-28, 20:17:43, 23.37, 48.98
2020-10-28, 20:17:45, 23.37, 48.98
2020-10-28, 20:17:46, 23.36, 48.98
2020-10-28, 20:17:48, 23.34, 48.97
2020-10-28, 20:17:49, 23.36, 48.98
2020-10-28, 20:17:50, 23.37, 48.98
2020-10-28, 20:17:52, 23.35, 48.98
2020-10-28, 20:17:53, 23.36, 48.98
2020-10-28, 20:17:54, 23.36, 49.01
2020-10-28, 20:17:56, 23.36, 48.98
2020-10-28, 20:17:57, 23.36, 49.01
2020-10-28, 20:17:58, 23.34, 49.01
2020-10-28, 20:18:00, 23.34, 49.01
2020-10-28, 20:18:01, 23.35, 49.01
2020-10-28, 20:18:02, 23.34, 49.01
2020-10-28, 20:18:04, 23.34, 49.01
2020-10-28, 20:18:05, 23.36, 49.01
2020-10-28, 20:18:07, 23.36, 49.01
2020-10-28, 20:18:08, 23.36, 49.01
2020-10-28, 20:18:09, 23.35, 49.01
2020-10-28, 20:18:11, 23.35, 49.01
2020-10-28, 20:18:12, 23.36, 49.01
2020-10-28, 20:18:13, 23.36, 49.04
2020-10-28, 20:18:15, 23.36, 49.01
2020-10-28, 20:18:16, 23.35, 49.01
2020-10-28, 20:18:17, 23.35, 49.01
2020-10-28, 20:18:19, 23.36, 49.04
2020-10-28, 20:18:20, 23.37, 49.01
2020-10-28, 20:18:21, 23.36, 49.01
2020-10-28, 20:18:23, 23.36, 49.01
2020-10-28, 20:18:24, 23.38, 49.01
2020-10-28, 20:18:26, 23.37, 49.01
2020-10-28, 20:18:27, 23.36, 49.01
2020-10-28, 20:18:28, 23.36, 49.01
2020-10-28, 20:18:30, 23.37, 49.01
2020-10-28, 20:18:31, 23.38, 49.01
2020-10-28, 20:18:32, 23.36, 49.01
2020-10-28, 20:18:34, 23.37, 49.01
2020-10-28, 20:18:35, 23.37, 49.01
2020-10-28, 20:18:36, 23.37, 49.01
2020-10-28, 20:18:38, 23.36, 49.01
2020-10-28, 20:18:39, 23.37, 49.01
2020-10-28, 20:18:40, 23.36, 49.01
2020-10-28, 20:18:42, 23.36, 49.04
2020-10-28, 20:18:43, 23.37, 49.04
2020-10-28, 20:18:44, 23.38, 49.01
2020-10-28, 20:18:46, 23.37, 49.04
2020-10-28, 20:18:47, 23.38, 49.04
2020-10-28, 20:18:49, 23.38, 49.04
2020-10-28, 20:18:50, 23.38, 49.04
2020-10-28, 20:18:51, 23.37, 49.04
2020-10-28, 20:18:53, 23.38, 49.04
2020-10-28, 20:18:54, 23.36, 49.04
2020-10-28, 20:18:55, 23.37, 49.01
2020-10-28, 20:18:57, 23.38, 49.04
2020-10-28, 20:18:58, 23.36, 49.04
2020-10-28, 20:18:59, 23.38, 49.08
2020-10-28, 20:19:01, 23.38, 49.08
2020-10-28, 20:19:02, 23.37, 49.07
2020-10-28, 20:19:04, 23.38, 49.08
2020-10-28, 20:19:05, 23.38, 49.08
2020-10-28, 20:19:06, 23.38, 49.08
2020-10-28, 20:19:08, 23.38, 49.08
2020-10-28, 20:19:09, 23.38, 49.08
2020-10-28, 20:19:10, 23.38, 49.04
2020-10-28, 20:19:12, 23.38, 49.08
2020-10-28, 20:19:13, 23.37, 49.07
2020-10-28, 20:19:14, 23.38, 49.08
2020-10-28, 20:19:16, 23.37, 49.07
2020-10-28, 20:19:17, 23.39, 49.05
2020-10-28, 20:19:18, 23.37, 49.07
2020-10-28, 20:19:20, 23.38, 49.08
2020-10-28, 20:19:21, 23.39, 49.08
2020-10-28, 20:19:23, 23.38, 49.08
2020-10-28, 20:19:24, 23.38, 49.11
2020-10-28, 20:19:25, 23.38, 49.08
2020-10-28, 20:19:27, 23.4, 49.08
2020-10-28, 20:19:28, 23.39, 49.08
2020-10-28, 20:19:29, 23.39, 49.08
2020-10-28, 20:19:31, 23.36, 49.07
2020-10-28, 20:19:32, 23.39, 49.08
2020-10-28, 20:19:33, 23.39, 49.11
2020-10-28, 20:19:35, 23.38, 49.08
2020-10-28, 20:19:36, 23.38, 49.11
2020-10-28, 20:19:37, 23.38, 49.11
2020-10-28, 20:19:39, 23.37, 49.11
2020-10-28, 20:19:40, 23.38, 49.08
2020-10-28, 20:19:42, 23.38, 49.08
2020-10-28, 20:19:43, 23.38, 49.08
2020-10-28, 20:19:44, 23.38, 49.11
2020-10-28, 20:19:46, 23.38, 49.08
2020-10-28, 20:19:47, 23.37, 49.11
2020-10-28, 20:19:48, 23.39, 49.08
2020-10-28, 20:19:50, 23.38, 49.08
2020-10-28, 20:19:51, 23.39, 49.11
2020-10-28, 20:19:52, 23.37, 49.07
2020-10-28, 20:19:54, 23.38, 49.08
2020-10-28, 20:19:55, 23.38, 49.11
2020-10-28, 20:19:56, 23.38, 49.11
2020-10-28, 20:19:58, 23.38, 49.14
2020-10-28, 20:19:59, 23.38, 49.14
2020-10-28, 20:20:01, 23.38, 49.14
2020-10-28, 20:20:02, 23.36, 49.14
2020-10-28, 20:20:03, 23.36, 49.17
2020-10-28, 20:20:05, 23.38, 49.17
2020-10-28, 20:20:06, 23.37, 49.17
2020-10-28, 20:20:07, 23.39, 49.17
2020-10-28, 20:20:09, 23.38, 49.17
2020-10-28, 20:20:10, 23.38, 49.17
2020-10-28, 20:20:11, 23.38, 49.17
2020-10-28, 20:20:13, 23.37, 49.2
2020-10-28, 20:20:14, 23.37, 49.2
2020-10-28, 20:20:16, 23.38, 49.2
2020-10-28, 20:20:17, 23.37, 49.2
2020-10-28, 20:20:18, 23.37, 49.2
2020-10-28, 20:20:20, 23.36, 49.2
2020-10-28, 20:20:21, 23.37, 49.2
2020-10-28, 20:20:22, 23.36, 49.2
2020-10-28, 20:20:24, 23.35, 49.2
2020-10-28, 20:20:25, 23.36, 49.2
2020-10-28, 20:20:26, 23.35, 49.2
2020-10-28, 20:20:28, 23.36, 49.2
2020-10-28, 20:20:29, 23.37, 49.2
2020-10-28, 20:20:30, 23.36, 49.2
2020-10-28, 20:20:32, 23.35, 49.17
2020-10-28, 20:20:33, 23.38, 49.2
2020-10-28, 20:20:34, 23.37, 49.2
2020-10-28, 20:20:36, 23.36, 49.2
2020-10-28, 20:20:37, 23.38, 49.2
2020-10-28, 20:20:39, 23.38, 49.2
2020-10-28, 20:20:40, 23.38, 49.2
2020-10-28, 20:20:41, 23.36, 49.2
2020-10-28, 20:20:43, 23.38, 49.2
2020-10-28, 20:20:44, 23.36, 49.17
2020-10-28, 20:20:45, 23.38, 49.2
2020-10-28, 20:20:47, 23.38, 49.2
2020-10-28, 20:20:48, 23.38, 49.2
2020-10-28, 20:20:49, 23.39, 49.17
2020-10-28, 20:20:51, 23.38, 49.2
2020-10-28, 20:20:52, 23.38, 49.17
2020-10-28, 20:20:53, 23.37, 49.2
2020-10-28, 20:20:55, 23.38, 49.2
2020-10-28, 20:20:56, 23.37, 49.2
2020-10-28, 20:20:58, 23.39, 49.17
2020-10-28, 20:20:59, 23.37, 49.17
2020-10-28, 20:21:00, 23.38, 49.17
2020-10-28, 20:21:02, 23.38, 49.17
2020-10-28, 20:21:03, 23.38, 49.17
2020-10-28, 20:21:04, 23.38, 49.17
2020-10-28, 20:21:06, 23.38, 49.17
2020-10-28, 20:21:07, 23.37, 49.17
2020-10-28, 20:21:08, 23.38, 49.17
2020-10-28, 20:21:10, 23.36, 49.17
2020-10-28, 20:21:11, 23.36, 49.17
2020-10-28, 20:21:13, 23.37, 49.17
2020-10-28, 20:21:14, 23.35, 49.14
2020-10-28, 20:21:15, 23.34, 49.17
2020-10-28, 20:21:17, 23.35, 49.17
2020-10-28, 20:21:18, 23.36, 49.2
2020-10-28, 20:21:19, 23.35, 49.2
2020-10-28, 20:21:21, 23.36, 49.2
2020-10-28, 20:21:22, 23.35, 49.2
2020-10-28, 20:21:23, 23.35, 49.2
2020-10-28, 20:21:25, 23.36, 49.2
2020-10-28, 20:21:26, 23.35, 49.2
2020-10-28, 20:21:27, 23.36, 49.2
2020-10-28, 20:21:29, 23.36, 49.2
2020-10-28, 20:21:30, 23.35, 49.2
2020-10-28, 20:21:32, 23.36, 49.2
2020-10-28, 20:21:33, 23.37, 49.2
2020-10-28, 20:21:34, 23.36, 49.2
2020-10-28, 20:21:36, 23.36, 49.2
2020-10-28, 20:21:37, 23.36, 49.2
2020-10-28, 20:21:38, 23.36, 49.2
2020-10-28, 20:21:40, 23.37, 49.2
2020-10-28, 20:21:41, 23.36, 49.2
2020-10-28, 20:21:42, 23.36, 49.17
2020-10-28, 20:21:44, 23.36, 49.17
2020-10-28, 20:21:45, 23.37, 49.17
2020-10-28, 20:21:46, 23.37, 49.17
2020-10-28, 20:21:48, 23.35, 49.17
2020-10-28, 20:21:49, 23.35, 49.2
2020-10-28, 20:21:51, 23.35, 49.2
2020-10-28, 20:21:52, 23.35, 49.2
2020-10-28, 20:21:53, 23.35, 49.2
2020-10-28, 20:21:55, 23.36, 49.2
2020-10-28, 20:21:56, 23.34, 49.2
2020-10-28, 20:21:58, 23.34, 49.2
2020-10-28, 20:21:59, 23.36, 49.2
2020-10-28, 20:22:00, 23.35, 49.2
2020-10-28, 20:22:02, 23.35, 49.17
2020-10-28, 20:22:03, 23.34, 49.2
2020-10-28, 20:22:04, 23.34, 49.2
2020-10-28, 20:22:06, 23.34, 49.2
2020-10-28, 20:22:07, 23.34, 49.2
2020-10-28, 20:22:08, 23.32, 49.19
2020-10-28, 20:22:10, 23.34, 49.2
2020-10-28, 20:22:11, 23.33, 49.2
2020-10-28, 20:22:12, 23.34, 49.2
2020-10-28, 20:22:14, 23.33, 49.2
2020-10-28, 20:22:15, 23.34, 49.2
2020-10-28, 20:22:17, 23.33, 49.23
2020-10-28, 20:22:18, 23.34, 49.2
2020-10-28, 20:22:19, 23.34, 49.2
2020-10-28, 20:22:21, 23.33, 49.2
2020-10-28, 20:22:22, 23.34, 49.2
2020-10-28, 20:22:23, 23.34, 49.2
2020-10-28, 20:22:25, 23.34, 49.2
2020-10-28, 20:22:26, 23.34, 49.2
2020-10-28, 20:22:27, 23.34, 49.2
2020-10-28, 20:22:29, 23.33, 49.2
2020-10-28, 20:22:30, 23.33, 49.2
2020-10-28, 20:22:31, 23.33, 49.2
2020-10-28, 20:22:33, 23.33, 49.2
2020-10-28, 20:22:34, 23.34, 49.2
2020-10-28, 20:22:36, 23.33, 49.2
2020-10-28, 20:22:37, 23.32, 49.19
2020-10-28, 20:22:38, 23.32, 49.19
2020-10-28, 20:22:40, 23.33, 49.2
2020-10-28, 20:22:41, 23.32, 49.19
2020-10-28, 20:22:42, 23.33, 49.2
2020-10-28, 20:22:44, 23.33, 49.2
2020-10-28, 20:22:45, 23.33, 49.2
2020-10-28, 20:22:46, 23.31, 49.19
2020-10-28, 20:22:48, 23.33, 49.2
2020-10-28, 20:22:49, 23.34, 49.2
2020-10-28, 20:22:50, 23.33, 49.2
2020-10-28, 20:22:52, 23.32, 49.19
2020-10-28, 20:22:53, 23.31, 49.19
2020-10-28, 20:22:55, 23.32, 49.19
2020-10-28, 20:22:56, 23.33, 49.2
2020-10-28, 20:22:57, 23.32, 49.19
2020-10-28, 20:22:59, 23.31, 49.19
2020-10-28, 20:23:00, 23.31, 49.19
2020-10-28, 20:23:01, 23.32, 49.19
2020-10-28, 20:23:03, 23.33, 49.2
2020-10-28, 20:23:04, 23.33, 49.2
2020-10-28, 20:23:05, 23.31, 49.19
2020-10-28, 20:23:07, 23.32, 49.19
2020-10-28, 20:23:08, 23.31, 49.19
2020-10-28, 20:23:09, 23.32, 49.19
2020-10-28, 20:23:11, 23.32, 49.19
2020-10-28, 20:23:12, 23.32, 49.19
2020-10-28, 20:23:14, 23.3, 49.19
2020-10-28, 20:23:15, 23.3, 49.19
2020-10-28, 20:23:16, 23.3, 49.19
2020-10-28, 20:23:18, 23.31, 49.19
2020-10-28, 20:23:19, 23.3, 49.22
2020-10-28, 20:23:20, 23.29, 49.22
2020-10-28, 20:23:22, 23.28, 49.22
2020-10-28, 20:23:23, 23.29, 49.22
2020-10-28, 20:23:24, 23.3, 49.22
2020-10-28, 20:23:26, 23.3, 49.26
2020-10-28, 20:23:27, 23.3, 49.26
2020-10-28, 20:23:29, 23.3, 49.22
2020-10-28, 20:23:30, 23.28, 49.25
2020-10-28, 20:23:31, 23.3, 49.26
2020-10-28, 20:23:33, 23.29, 49.25
2020-10-28, 20:23:34, 23.29, 49.22
2020-10-28, 20:23:35, 23.28, 49.22
2020-10-28, 20:23:37, 23.27, 49.19
2020-10-28, 20:23:38, 23.29, 49.22
2020-10-28, 20:23:39, 23.28, 49.22
2020-10-28, 20:23:41, 23.29, 49.25
2020-10-28, 20:23:42, 23.3, 49.22
2020-10-28, 20:23:44, 23.31, 49.19
2020-10-28, 20:23:45, 23.3, 49.19
2020-10-28, 20:23:46, 23.28, 49.19
2020-10-28, 20:23:48, 23.3, 49.19
2020-10-28, 20:23:49, 23.3, 49.22
2020-10-28, 20:23:50, 23.31, 49.19
2020-10-28, 20:23:52, 23.29, 49.19
2020-10-28, 20:23:53, 23.29, 49.19
2020-10-28, 20:23:54, 23.29, 49.19
2020-10-28, 20:23:56, 23.3, 49.19
2020-10-28, 20:23:57, 23.29, 49.19
2020-10-28, 20:23:58, 23.3, 49.19
2020-10-28, 20:24:00, 23.3, 49.19
2020-10-28, 20:24:01, 23.29, 49.19
2020-10-28, 20:24:03, 23.29, 49.19
2020-10-28, 20:24:04, 23.3, 49.16
2020-10-28, 20:24:05, 23.29, 49.16
2020-10-28, 20:24:07, 23.29, 49.16
2020-10-28, 20:24:08, 23.28, 49.16
2020-10-28, 20:24:09, 23.28, 49.19
2020-10-28, 20:24:11, 23.27, 49.16
2020-10-28, 20:24:12, 23.27, 49.16
2020-10-28, 20:24:13, 23.25, 49.12
2020-10-28, 20:24:15, 23.27, 49.16
2020-10-28, 20:24:16, 23.28, 49.19
2020-10-28, 20:24:17, 23.28, 49.19
2020-10-28, 20:24:19, 23.27, 49.19
2020-10-28, 20:24:20, 23.29, 49.19
2020-10-28, 20:24:22, 23.28, 49.19
2020-10-28, 20:24:23, 23.29, 49.16
2020-10-28, 20:24:24, 23.27, 49.16
2020-10-28, 20:24:26, 23.29, 49.16
2020-10-28, 20:24:27, 23.27, 49.16
2020-10-28, 20:24:28, 23.28, 49.13
2020-10-28, 20:24:30, 23.3, 49.16
2020-10-28, 20:24:31, 23.29, 49.16
2020-10-28, 20:24:32, 23.28, 49.16
2020-10-28, 20:24:34, 23.28, 49.13
2020-10-28, 20:24:35, 23.29, 49.16
2020-10-28, 20:24:37, 23.3, 49.16
2020-10-28, 20:24:38, 23.28, 49.16
2020-10-28, 20:24:39, 23.29, 49.19
2020-10-28, 20:24:41, 23.27, 49.16
2020-10-28, 20:24:42, 23.28, 49.16
2020-10-28, 20:24:43, 23.28, 49.16
2020-10-28, 20:24:45, 23.27, 49.16
2020-10-28, 20:24:46, 23.27, 49.16
2020-10-28, 20:24:47, 23.28, 49.13
2020-10-28, 20:24:49, 23.27, 49.16
2020-10-28, 20:24:50, 23.28, 49.13
2020-10-28, 20:24:52, 23.26, 49.19
2020-10-28, 20:24:53, 23.26, 49.16
2020-10-28, 20:24:54, 23.27, 49.19
2020-10-28, 20:24:56, 23.28, 49.16
2020-10-28, 20:24:57, 23.28, 49.16
2020-10-28, 20:24:58, 23.29, 49.19
2020-10-28, 20:25:00, 23.28, 49.19
2020-10-28, 20:25:01, 23.27, 49.16
2020-10-28, 20:25:02, 23.26, 49.19
2020-10-28, 20:25:04, 23.26, 49.19
2020-10-28, 20:25:05, 23.24, 49.18
2020-10-28, 20:25:06, 23.26, 49.16
2020-10-28, 20:25:08, 23.26, 49.19
2020-10-28, 20:25:09, 23.25, 49.19
2020-10-28, 20:25:11, 23.26, 49.19
2020-10-28, 20:25:12, 23.26, 49.19
2020-10-28, 20:25:13, 23.27, 49.19
2020-10-28, 20:25:15, 23.28, 49.19
2020-10-28, 20:25:16, 23.28, 49.19
2020-10-28, 20:25:17, 23.28, 49.19
2020-10-28, 20:25:19, 23.26, 49.19
2020-10-28, 20:25:20, 23.27, 49.19
2020-10-28, 20:25:21, 23.28, 49.16
2020-10-28, 20:25:23, 23.27, 49.19
2020-10-28, 20:25:24, 23.27, 49.19
2020-10-28, 20:25:25, 23.28, 49.16
2020-10-28, 20:25:27, 23.28, 49.19
2020-10-28, 20:25:28, 23.27, 49.16
2020-10-28, 20:25:29, 23.27, 49.19
2020-10-28, 20:25:31, 23.26, 49.16
2020-10-28, 20:25:32, 23.26, 49.19
2020-10-28, 20:25:34, 23.26, 49.19
2020-10-28, 20:25:35, 23.24, 49.18
2020-10-28, 20:25:36, 23.26, 49.19
2020-10-28, 20:25:38, 23.25, 49.19
2020-10-28, 20:25:39, 23.25, 49.22
2020-10-28, 20:25:40, 23.23, 49.18
2020-10-28, 20:25:42, 23.25, 49.19
2020-10-28, 20:25:43, 23.25, 49.22
2020-10-28, 20:25:44, 23.24, 49.18
2020-10-28, 20:25:46, 23.24, 49.18
2020-10-28, 20:25:47, 23.25, 49.22
2020-10-28, 20:25:48, 23.24, 49.18
2020-10-28, 20:25:50, 23.26, 49.19
2020-10-28, 20:25:51, 23.24, 49.18
2020-10-28, 20:25:53, 23.24, 49.18
2020-10-28, 20:25:54, 23.25, 49.19
2020-10-28, 20:25:55, 23.26, 49.19
2020-10-28, 20:25:57, 23.24, 49.18
2020-10-28, 20:25:58, 23.22, 49.18
2020-10-28, 20:25:59, 23.23, 49.18
2020-10-28, 20:26:01, 23.24, 49.22
2020-10-28, 20:26:02, 23.24, 49.22
2020-10-28, 20:26:03, 23.24, 49.18
2020-10-28, 20:26:05, 23.24, 49.18
2020-10-28, 20:26:06, 23.23, 49.18
2020-10-28, 20:26:07, 23.22, 49.21
2020-10-28, 20:26:09, 23.22, 49.18
2020-10-28, 20:26:10, 23.22, 49.21
2020-10-28, 20:26:11, 23.2, 49.21
2020-10-28, 20:26:13, 23.2, 49.24
2020-10-28, 20:26:14, 23.21, 49.24
2020-10-28, 20:26:16, 23.21, 49.24
2020-10-28, 20:26:17, 23.21, 49.24
2020-10-28, 20:26:18, 23.21, 49.24
2020-10-28, 20:26:20, 23.21, 49.24
2020-10-28, 20:26:21, 23.21, 49.24
2020-10-28, 20:26:22, 23.21, 49.24
2020-10-28, 20:26:24, 23.22, 49.25
2020-10-28, 20:26:25, 23.2, 49.24
2020-10-28, 20:26:26, 23.2, 49.27
2020-10-28, 20:26:28, 23.2, 49.24
2020-10-28, 20:26:29, 23.2, 49.24
2020-10-28, 20:26:30, 23.2, 49.27
2020-10-28, 20:26:32, 23.2, 49.27
2020-10-28, 20:26:33, 23.19, 49.27
2020-10-28, 20:26:35, 23.2, 49.31
2020-10-28, 20:26:36, 23.18, 49.27
2020-10-28, 20:26:37, 23.19, 49.31
2020-10-28, 20:26:39, 23.18, 49.3
2020-10-28, 20:26:40, 23.2, 49.31
2020-10-28, 20:26:41, 23.18, 49.3
2020-10-28, 20:26:43, 23.19, 49.31
2020-10-28, 20:26:44, 23.18, 49.3
2020-10-28, 20:26:45, 23.18, 49.3
2020-10-28, 20:26:47, 23.19, 49.34
2020-10-28, 20:26:48, 23.19, 49.31
2020-10-28, 20:26:49, 23.18, 49.3
2020-10-28, 20:26:51, 23.19, 49.31
2020-10-28, 20:26:52, 23.2, 49.34
2020-10-28, 20:26:53, 23.21, 49.31
2020-10-28, 20:26:55, 23.21, 49.31
2020-10-28, 20:26:56, 23.2, 49.31
2020-10-28, 20:26:58, 23.2, 49.31
2020-10-28, 20:26:59, 23.19, 49.31
2020-10-28, 20:27:00, 23.2, 49.31
2020-10-28, 20:27:02, 23.19, 49.31
2020-10-28, 20:27:03, 23.2, 49.31
2020-10-28, 20:27:04, 23.2, 49.31
2020-10-28, 20:27:06, 23.2, 49.31
2020-10-28, 20:27:07, 23.21, 49.31
2020-10-28, 20:27:08, 23.21, 49.31
2020-10-28, 20:27:10, 23.2, 49.31
2020-10-28, 20:27:11, 23.2, 49.27
2020-10-28, 20:27:12, 23.22, 49.28
2020-10-28, 20:27:14, 23.21, 49.31
2020-10-28, 20:27:15, 23.2, 49.27
2020-10-28, 20:27:17, 23.2, 49.31
2020-10-28, 20:27:18, 23.2, 49.27
2020-10-28, 20:27:19, 23.21, 49.31
2020-10-28, 20:27:21, 23.22, 49.28
2020-10-28, 20:27:22, 23.19, 49.31
2020-10-28, 20:27:23, 23.21, 49.31
2020-10-28, 20:27:25, 23.22, 49.28
2020-10-28, 20:27:26, 23.22, 49.31
2020-10-28, 20:27:27, 23.23, 49.31
2020-10-28, 20:27:29, 23.21, 49.28
2020-10-28, 20:27:30, 23.2, 49.31
2020-10-28, 20:27:31, 23.21, 49.28
2020-10-28, 20:27:33, 23.2, 49.31
2020-10-28, 20:27:34, 23.21, 49.31
2020-10-28, 20:27:36, 23.2, 49.31
2020-10-28, 20:27:37, 23.19, 49.31
2020-10-28, 20:27:38, 23.2, 49.31
2020-10-28, 20:27:40, 23.2, 49.31
2020-10-28, 20:27:41, 23.19, 49.31
2020-10-28, 20:27:42, 23.19, 49.31
2020-10-28, 20:27:44, 23.19, 49.31
2020-10-28, 20:27:45, 23.18, 49.3
2020-10-28, 20:27:46, 23.2, 49.34
2020-10-28, 20:27:48, 23.19, 49.34
2020-10-28, 20:27:49, 23.19, 49.37
2020-10-28, 20:27:50, 23.2, 49.34
2020-10-28, 20:27:52, 23.2, 49.34
2020-10-28, 20:27:53, 23.18, 49.34
2020-10-28, 20:27:54, 23.19, 49.34
2020-10-28, 20:27:56, 23.18, 49.37
2020-10-28, 20:27:57, 23.18, 49.37
2020-10-28, 20:27:59, 23.18, 49.37
2020-10-28, 20:28:00, 23.19, 49.37
2020-10-28, 20:28:01, 23.18, 49.37
2020-10-28, 20:28:03, 23.18, 49.37
2020-10-28, 20:28:04, 23.17, 49.37
2020-10-28, 20:28:05, 23.18, 49.37
2020-10-28, 20:28:07, 23.18, 49.37
2020-10-28, 20:28:08, 23.18, 49.37
2020-10-28, 20:28:09, 23.19, 49.37
2020-10-28, 20:28:11, 23.18, 49.37
2020-10-28, 20:28:12, 23.18, 49.37
2020-10-28, 20:28:13, 23.18, 49.37
2020-10-28, 20:28:15, 23.18, 49.37
2020-10-28, 20:28:16, 23.16, 49.36
2020-10-28, 20:28:18, 23.18, 49.4
2020-10-28, 20:28:19, 23.18, 49.37
2020-10-28, 20:28:20, 23.18, 49.37
2020-10-28, 20:28:22, 23.18, 49.37
2020-10-28, 20:28:23, 23.19, 49.37
2020-10-28, 20:28:24, 23.19, 49.37
2020-10-28, 20:28:26, 23.19, 49.37
2020-10-28, 20:28:27, 23.18, 49.37
2020-10-28, 20:28:28, 23.2, 49.37
2020-10-28, 20:28:30, 23.2, 49.34
2020-10-28, 20:28:31, 23.2, 49.37
2020-10-28, 20:28:32, 23.18, 49.34
2020-10-28, 20:28:34, 23.2, 49.34
2020-10-28, 20:28:35, 23.2, 49.34
2020-10-28, 20:28:37, 23.21, 49.34
2020-10-28, 20:28:38, 23.18, 49.34
2020-10-28, 20:28:39, 23.18, 49.34
2020-10-28, 20:28:41, 23.18, 49.34
2020-10-28, 20:28:42, 23.18, 49.37
2020-10-28, 20:28:43, 23.16, 49.33
2020-10-28, 20:28:45, 23.19, 49.37
2020-10-28, 20:28:46, 23.18, 49.37
2020-10-28, 20:28:47, 23.19, 49.37
2020-10-28, 20:28:49, 23.19, 49.37
2020-10-28, 20:28:50, 23.18, 49.37
2020-10-28, 20:28:51, 23.18, 49.34
2020-10-28, 20:28:53, 23.19, 49.37
2020-10-28, 20:28:54, 23.18, 49.37
2020-10-28, 20:28:56, 23.18, 49.37
2020-10-28, 20:28:57, 23.18, 49.37
2020-10-28, 20:28:58, 23.17, 49.37
2020-10-28, 20:29:00, 23.16, 49.36
2020-10-28, 20:29:01, 23.18, 49.37
2020-10-28, 20:29:02, 23.17, 49.4
2020-10-28, 20:29:04, 23.17, 49.37
2020-10-28, 20:29:05, 23.17, 49.37
2020-10-28, 20:29:06, 23.17, 49.4
2020-10-28, 20:29:08, 23.17, 49.4
2020-10-28, 20:29:09, 23.17, 49.4
2020-10-28, 20:29:10, 23.17, 49.43
2020-10-28, 20:29:12, 23.16, 49.43
2020-10-28, 20:29:13, 23.16, 49.43
2020-10-28, 20:29:15, 23.16, 49.43
2020-10-28, 20:29:16, 23.16, 49.43
2020-10-28, 20:29:17, 23.17, 49.43
2020-10-28, 20:29:19, 23.16, 49.43
2020-10-28, 20:29:20, 23.17, 49.43
2020-10-28, 20:29:21, 23.17, 49.43
2020-10-28, 20:29:23, 23.16, 49.43
2020-10-28, 20:29:24, 23.18, 49.43
2020-10-28, 20:29:25, 23.17, 49.43
2020-10-28, 20:29:27, 23.18, 49.4
2020-10-28, 20:29:28, 23.18, 49.4
2020-10-28, 20:29:29, 23.19, 49.4
2020-10-28, 20:29:31, 23.18, 49.4
2020-10-28, 20:29:32, 23.17, 49.4
2020-10-28, 20:29:34, 23.2, 49.4
2020-10-28, 20:29:35, 23.18, 49.4
2020-10-28, 20:29:36, 23.18, 49.4
2020-10-28, 20:29:38, 23.16, 49.36
2020-10-28, 20:29:39, 23.17, 49.4
2020-10-28, 20:29:40, 23.17, 49.4
2020-10-28, 20:29:42, 23.18, 49.4
2020-10-28, 20:29:43, 23.18, 49.4
2020-10-28, 20:29:44, 23.18, 49.37
2020-10-28, 20:29:46, 23.18, 49.4
2020-10-28, 20:29:47, 23.18, 49.4
2020-10-28, 20:29:48, 23.16, 49.43
2020-10-28, 20:29:50, 23.18, 49.4
2020-10-28, 20:29:51, 23.18, 49.4
2020-10-28, 20:29:53, 23.18, 49.43
2020-10-28, 20:29:54, 23.18, 49.43
2020-10-28, 20:29:55, 23.16, 49.4
2020-10-28, 20:29:57, 23.16, 49.4
2020-10-28, 20:29:58, 23.16, 49.43
2020-10-28, 20:29:59, 23.17, 49.43
2020-10-28, 20:30:01, 23.16, 49.4
2020-10-28, 20:30:02, 23.14, 49.43
2020-10-28, 20:30:03, 23.16, 49.43
2020-10-28, 20:30:05, 23.15, 49.46
2020-10-28, 20:30:06, 23.15, 49.43
2020-10-28, 20:30:07, 23.16, 49.46
2020-10-28, 20:30:09, 23.15, 49.46
2020-10-28, 20:30:10, 23.14, 49.46
2020-10-28, 20:30:12, 23.14, 49.46
2020-10-28, 20:30:13, 23.14, 49.46
2020-10-28, 20:30:14, 23.16, 49.49
2020-10-28, 20:30:16, 23.14, 49.49
2020-10-28, 20:30:17, 23.16, 49.49
2020-10-28, 20:30:18, 23.16, 49.49
2020-10-28, 20:30:20, 23.16, 49.46
2020-10-28, 20:30:21, 23.16, 49.49
2020-10-28, 20:30:22, 23.15, 49.49
2020-10-28, 20:30:24, 23.15, 49.46
2020-10-28, 20:30:25, 23.16, 49.49
2020-10-28, 20:30:26, 23.14, 49.49
2020-10-28, 20:30:28, 23.14, 49.49
2020-10-28, 20:30:29, 23.15, 49.49
2020-10-28, 20:30:31, 23.16, 49.49
2020-10-28, 20:30:32, 23.15, 49.49
2020-10-28, 20:30:33, 23.16, 49.46
2020-10-28, 20:30:35, 23.15, 49.46
2020-10-28, 20:30:36, 23.15, 49.49
2020-10-28, 20:30:37, 23.14, 49.49
2020-10-28, 20:30:39, 23.14, 49.49
2020-10-28, 20:30:40, 23.15, 49.49
2020-10-28, 20:30:41, 23.14, 49.49
2020-10-28, 20:30:43, 23.14, 49.52
2020-10-28, 20:30:44, 23.13, 49.52
2020-10-28, 20:30:45, 23.13, 49.52
2020-10-28, 20:30:47, 23.14, 49.55
2020-10-28, 20:30:48, 23.12, 49.55
2020-10-28, 20:30:49, 23.14, 49.55
2020-10-28, 20:30:51, 23.12, 49.55
2020-10-28, 20:30:52, 23.13, 49.55
2020-10-28, 20:30:54, 23.12, 49.55
2020-10-28, 20:30:55, 23.12, 49.55
2020-10-28, 20:30:56, 23.12, 49.55
2020-10-28, 20:30:58, 23.13, 49.55
2020-10-28, 20:30:59, 23.13, 49.55
2020-10-28, 20:31:00, 23.13, 49.55
2020-10-28, 20:31:02, 23.12, 49.55
2020-10-28, 20:31:03, 23.12, 49.58
2020-10-28, 20:31:04, 23.12, 49.58
2020-10-28, 20:31:06, 23.12, 49.58
2020-10-28, 20:31:07, 23.13, 49.58
2020-10-28, 20:31:09, 23.14, 49.58
2020-10-28, 20:31:10, 23.12, 49.58
2020-10-28, 20:31:11, 23.14, 49.58
2020-10-28, 20:31:13, 23.14, 49.55
2020-10-28, 20:31:14, 23.14, 49.58
2020-10-28, 20:31:15, 23.12, 49.58
2020-10-28, 20:31:17, 23.13, 49.58
2020-10-28, 20:31:18, 23.12, 49.58
2020-10-28, 20:31:19, 23.13, 49.55
2020-10-28, 20:31:21, 23.14, 49.55
2020-10-28, 20:31:22, 23.14, 49.55
2020-10-28, 20:31:23, 23.13, 49.55
2020-10-28, 20:31:25, 23.15, 49.59
2020-10-28, 20:31:26, 23.12, 49.55
2020-10-28, 20:31:28, 23.12, 49.55
2020-10-28, 20:31:29, 23.12, 49.55
2020-10-28, 20:31:30, 23.13, 49.55
2020-10-28, 20:31:32, 23.1, 49.58
2020-10-28, 20:31:33, 23.13, 49.55
2020-10-28, 20:31:34, 23.14, 49.55
2020-10-28, 20:31:36, 23.14, 49.55
2020-10-28, 20:31:37, 23.14, 49.58
2020-10-28, 20:31:38, 23.13, 49.58
2020-10-28, 20:31:40, 23.13, 49.58
2020-10-28, 20:31:41, 23.11, 49.58
2020-10-28, 20:31:42, 23.12, 49.61
2020-10-28, 20:31:44, 23.12, 49.58
2020-10-28, 20:31:45, 23.12, 49.58
2020-10-28, 20:31:47, 23.12, 49.61
2020-10-28, 20:31:48, 23.14, 49.62
2020-10-28, 20:31:49, 23.12, 49.61
2020-10-28, 20:31:51, 23.14, 49.62
2020-10-28, 20:31:52, 23.13, 49.61
2020-10-28, 20:31:53, 23.13, 49.61
2020-10-28, 20:31:55, 23.14, 49.62
2020-10-28, 20:31:56, 23.13, 49.61
2020-10-28, 20:31:57, 23.14, 49.62
2020-10-28, 20:31:59, 23.14, 49.62
2020-10-28, 20:32:00, 23.13, 49.61
2020-10-28, 20:32:01, 23.14, 49.62
2020-10-28, 20:32:03, 23.13, 49.61
2020-10-28, 20:32:04, 23.11, 49.61
2020-10-28, 20:32:05, 23.12, 49.61
2020-10-28, 20:32:07, 23.12, 49.61
2020-10-28, 20:32:08, 23.12, 49.61
2020-10-28, 20:32:10, 23.12, 49.61
2020-10-28, 20:32:11, 23.13, 49.61
2020-10-28, 20:32:12, 23.13, 49.61
2020-10-28, 20:32:14, 23.11, 49.61
2020-10-28, 20:32:15, 23.12, 49.61
2020-10-28, 20:32:16, 23.11, 49.64
2020-10-28, 20:32:18, 23.12, 49.61
2020-10-28, 20:32:19, 23.12, 49.61
2020-10-28, 20:32:20, 23.13, 49.65
2020-10-28, 20:32:22, 23.12, 49.65
2020-10-28, 20:32:23, 23.11, 49.64
2020-10-28, 20:32:24, 23.1, 49.61
2020-10-28, 20:32:26, 23.11, 49.64
2020-10-28, 20:32:27, 23.12, 49.65
2020-10-28, 20:32:29, 23.12, 49.65
2020-10-28, 20:32:30, 23.12, 49.65
2020-10-28, 20:32:31, 23.12, 49.65
2020-10-28, 20:32:33, 23.14, 49.65
2020-10-28, 20:32:34, 23.14, 49.65
2020-10-28, 20:32:35, 23.13, 49.65
2020-10-28, 20:32:37, 23.14, 49.65
2020-10-28, 20:32:38, 23.14, 49.62
2020-10-28, 20:32:39, 23.14, 49.65
2020-10-28, 20:32:41, 23.13, 49.61
2020-10-28, 20:32:42, 23.13, 49.65
2020-10-28, 20:32:43, 23.13, 49.61
2020-10-28, 20:32:45, 23.14, 49.62
2020-10-28, 20:32:46, 23.13, 49.61
2020-10-28, 20:32:47, 23.13, 49.61
2020-10-28, 20:32:49, 23.14, 49.62
2020-10-28, 20:32:50, 23.12, 49.61
2020-10-28, 20:32:52, 23.13, 49.61
2020-10-28, 20:32:53, 23.14, 49.65
2020-10-28, 20:32:54, 23.13, 49.61
2020-10-28, 20:32:56, 23.12, 49.65
2020-10-28, 20:32:57, 23.14, 49.62
2020-10-28, 20:32:58, 23.12, 49.65
2020-10-28, 20:33:00, 23.14, 49.65
2020-10-28, 20:33:01, 23.12, 49.65
2020-10-28, 20:33:02, 23.12, 49.61
2020-10-28, 20:33:04, 23.14, 49.65
2020-10-28, 20:33:05, 23.14, 49.65
2020-10-28, 20:33:06, 23.13, 49.61
2020-10-28, 20:33:08, 23.14, 49.62
2020-10-28, 20:33:09, 23.14, 49.62
2020-10-28, 20:33:11, 23.14, 49.62
2020-10-28, 20:33:12, 23.12, 49.61
2020-10-28, 20:33:13, 23.11, 49.61
2020-10-28, 20:33:15, 23.12, 49.61
2020-10-28, 20:33:16, 23.12, 49.61
2020-10-28, 20:33:17, 23.12, 49.61
2020-10-28, 20:33:19, 23.12, 49.61
2020-10-28, 20:33:20, 23.12, 49.61
2020-10-28, 20:33:21, 23.12, 49.61
2020-10-28, 20:33:23, 23.12, 49.61
2020-10-28, 20:33:24, 23.12, 49.61
2020-10-28, 20:33:25, 23.14, 49.62
2020-10-28, 20:33:27, 23.12, 49.61
2020-10-28, 20:33:28, 23.12, 49.61
2020-10-28, 20:33:29, 23.13, 49.61
2020-10-28, 20:33:31, 23.13, 49.58
2020-10-28, 20:33:32, 23.14, 49.58
2020-10-28, 20:33:34, 23.13, 49.61
2020-10-28, 20:33:35, 23.12, 49.61
2020-10-28, 20:33:36, 23.14, 49.62
2020-10-28, 20:33:38, 23.13, 49.61
2020-10-28, 20:33:39, 23.13, 49.61
2020-10-28, 20:33:40, 23.14, 49.62
2020-10-28, 20:33:42, 23.11, 49.61
2020-10-28, 20:33:43, 23.13, 49.61
2020-10-28, 20:33:44, 23.12, 49.61
2020-10-28, 20:33:46, 23.12, 49.61
2020-10-28, 20:33:47, 23.13, 49.61
2020-10-28, 20:33:48, 23.12, 49.65
2020-10-28, 20:33:50, 23.11, 49.61
2020-10-28, 20:33:51, 23.12, 49.65
2020-10-28, 20:33:53, 23.11, 49.61
2020-10-28, 20:33:54, 23.1, 49.64
2020-10-28, 20:33:55, 23.12, 49.65
2020-10-28, 20:33:57, 23.11, 49.64
2020-10-28, 20:33:58, 23.11, 49.68
2020-10-28, 20:33:59, 23.11, 49.64
2020-10-28, 20:34:01, 23.12, 49.68
2020-10-28, 20:34:02, 23.12, 49.68
2020-10-28, 20:34:03, 23.11, 49.68
2020-10-28, 20:34:05, 23.12, 49.68
2020-10-28, 20:34:06, 23.12, 49.68
2020-10-28, 20:34:07, 23.12, 49.65
2020-10-28, 20:34:09, 23.13, 49.65
2020-10-28, 20:34:10, 23.13, 49.65
2020-10-28, 20:34:11, 23.14, 49.62
2020-10-28, 20:34:13, 23.14, 49.62
2020-10-28, 20:34:14, 23.12, 49.61
2020-10-28, 20:34:16, 23.13, 49.61
2020-10-28, 20:34:17, 23.13, 49.61
2020-10-28, 20:34:18, 23.14, 49.62
2020-10-28, 20:34:20, 23.13, 49.61
2020-10-28, 20:34:21, 23.14, 49.62
2020-10-28, 20:34:22, 23.13, 49.61
2020-10-28, 20:34:24, 23.14, 49.62
2020-10-28, 20:34:25, 23.13, 49.61
2020-10-28, 20:34:26, 23.13, 49.61
2020-10-28, 20:34:28, 23.14, 49.58
2020-10-28, 20:34:29, 23.14, 49.62
2020-10-28, 20:34:30, 23.14, 49.62
2020-10-28, 20:34:32, 23.14, 49.62
2020-10-28, 20:34:33, 23.14, 49.62
2020-10-28, 20:34:35, 23.14, 49.62
2020-10-28, 20:34:36, 23.14, 49.62
2020-10-28, 20:34:37, 23.14, 49.58
2020-10-28, 20:34:39, 23.14, 49.62
2020-10-28, 20:34:40, 23.13, 49.61
2020-10-28, 20:34:41, 23.13, 49.61
2020-10-28, 20:34:43, 23.13, 49.61
2020-10-28, 20:34:44, 23.13, 49.61
2020-10-28, 20:34:45, 23.13, 49.61
2020-10-28, 20:34:47, 23.13, 49.61
2020-10-28, 20:34:48, 23.14, 49.62
2020-10-28, 20:34:49, 23.13, 49.61
2020-10-28, 20:34:51, 23.14, 49.62
2020-10-28, 20:34:52, 23.13, 49.61
2020-10-28, 20:34:54, 23.14, 49.62
2020-10-28, 20:34:55, 23.14, 49.62
2020-10-28, 20:34:56, 23.14, 49.62
2020-10-28, 20:34:58, 23.14, 49.62
2020-10-28, 20:34:59, 23.16, 49.62
2020-10-28, 20:35:00, 23.15, 49.62
2020-10-28, 20:35:02, 23.14, 49.62
2020-10-28, 20:35:03, 23.14, 49.62
2020-10-28, 20:35:04, 23.13, 49.61
2020-10-28, 20:35:06, 23.14, 49.62
2020-10-28, 20:35:07, 23.15, 49.62
2020-10-28, 20:35:08, 23.14, 49.65
2020-10-28, 20:35:10, 23.14, 49.62
2020-10-28, 20:35:11, 23.14, 49.62
2020-10-28, 20:35:12, 23.15, 49.65
2020-10-28, 20:35:14, 23.14, 49.62
2020-10-28, 20:35:15, 23.14, 49.62
2020-10-28, 20:35:17, 23.14, 49.62
2020-10-28, 20:35:18, 23.15, 49.62
2020-10-28, 20:35:19, 23.14, 49.62
2020-10-28, 20:35:21, 23.14, 49.62
2020-10-28, 20:35:22, 23.14, 49.62
2020-10-28, 20:35:23, 23.16, 49.62
2020-10-28, 20:35:25, 23.16, 49.62
2020-10-28, 20:35:26, 23.14, 49.62
2020-10-28, 20:35:27, 23.15, 49.62
2020-10-28, 20:35:29, 23.16, 49.62
2020-10-28, 20:35:30, 23.14, 49.62
2020-10-28, 20:35:31, 23.16, 49.62
2020-10-28, 20:35:33, 23.15, 49.62
2020-10-28, 20:35:34, 23.15, 49.62
2020-10-28, 20:35:35, 23.15, 49.62
2020-10-28, 20:35:37, 23.14, 49.62
2020-10-28, 20:35:38, 23.14, 49.62
2020-10-28, 20:35:40, 23.16, 49.62
2020-10-28, 20:35:41, 23.12, 49.65
2020-10-28, 20:35:42, 23.15, 49.62
2020-10-28, 20:35:44, 23.15, 49.62
2020-10-28, 20:35:45, 23.15, 49.62
2020-10-28, 20:35:46, 23.15, 49.59
2020-10-28, 20:35:48, 23.15, 49.62
2020-10-28, 20:35:49, 23.16, 49.62
2020-10-28, 20:35:50, 23.16, 49.62
2020-10-28, 20:35:52, 23.14, 49.62
2020-10-28, 20:35:53, 23.16, 49.62
2020-10-28, 20:35:55, 23.15, 49.62
2020-10-28, 20:35:56, 23.15, 49.59
2020-10-28, 20:35:57, 23.15, 49.59
2020-10-28, 20:35:59, 23.15, 49.62
2020-10-28, 20:36:00, 23.16, 49.62
2020-10-28, 20:36:01, 23.16, 49.59
2020-10-28, 20:36:03, 23.17, 49.59
2020-10-28, 20:36:04, 23.17, 49.59
2020-10-28, 20:36:05, 23.17, 49.59
2020-10-28, 20:36:07, 23.17, 49.59
2020-10-28, 20:36:08, 23.16, 49.59
2020-10-28, 20:36:09, 23.17, 49.59
2020-10-28, 20:36:11, 23.16, 49.59
2020-10-28, 20:36:12, 23.15, 49.59
2020-10-28, 20:36:14, 23.14, 49.58
2020-10-28, 20:36:15, 23.16, 49.62
2020-10-28, 20:36:16, 23.15, 49.59
2020-10-28, 20:36:18, 23.16, 49.62
2020-10-28, 20:36:19, 23.15, 49.62
2020-10-28, 20:36:20, 23.17, 49.59
2020-10-28, 20:36:22, 23.16, 49.59
2020-10-28, 20:36:23, 23.17, 49.62
2020-10-28, 20:36:24, 23.18, 49.62
2020-10-28, 20:36:26, 23.17, 49.62
2020-10-28, 20:36:27, 23.16, 49.62
2020-10-28, 20:36:28, 23.16, 49.62
2020-10-28, 20:36:30, 23.15, 49.59
2020-10-28, 20:36:31, 23.16, 49.62
2020-10-28, 20:36:33, 23.17, 49.62
2020-10-28, 20:36:34, 23.18, 49.59
2020-10-28, 20:36:35, 23.16, 49.59
2020-10-28, 20:36:37, 23.16, 49.56
2020-10-28, 20:36:38, 23.17, 49.59
2020-10-28, 20:36:39, 23.14, 49.55
2020-10-28, 20:36:41, 23.16, 49.59
2020-10-28, 20:36:42, 23.15, 49.62
2020-10-28, 20:36:43, 23.15, 49.62
2020-10-28, 20:36:45, 23.15, 49.59
2020-10-28, 20:36:46, 23.16, 49.62
2020-10-28, 20:36:47, 23.16, 49.62
2020-10-28, 20:36:49, 23.16, 49.62
2020-10-28, 20:36:50, 23.17, 49.62
2020-10-28, 20:36:52, 23.14, 49.62
2020-10-28, 20:36:53, 23.16, 49.59
2020-10-28, 20:36:54, 23.16, 49.62
2020-10-28, 20:36:56, 23.16, 49.62
2020-10-28, 20:36:57, 23.16, 49.62
2020-10-28, 20:36:58, 23.17, 49.62
2020-10-28, 20:37:00, 23.17, 49.62
2020-10-28, 20:37:01, 23.17, 49.62
2020-10-28, 20:37:02, 23.17, 49.59
2020-10-28, 20:37:04, 23.18, 49.59
2020-10-28, 20:37:05, 23.18, 49.59
2020-10-28, 20:37:06, 23.19, 49.59
2020-10-28, 20:37:08, 23.18, 49.59
2020-10-28, 20:37:09, 23.18, 49.56
2020-10-28, 20:37:10, 23.17, 49.56
2020-10-28, 20:37:12, 23.18, 49.59
2020-10-28, 20:37:13, 23.18, 49.59
2020-10-28, 20:37:15, 23.17, 49.56
2020-10-28, 20:37:16, 23.2, 49.56
2020-10-28, 20:37:17, 23.18, 49.59
2020-10-28, 20:37:19, 23.18, 49.56
2020-10-28, 20:37:20, 23.17, 49.56
2020-10-28, 20:37:21, 23.19, 49.56
2020-10-28, 20:37:23, 23.2, 49.59
2020-10-28, 20:37:24, 23.18, 49.59
2020-10-28, 20:37:25, 23.17, 49.62
2020-10-28, 20:37:27, 23.16, 49.59
2020-10-28, 20:37:28, 23.17, 49.62
2020-10-28, 20:37:29, 23.15, 49.62
2020-10-28, 20:37:31, 23.16, 49.62
2020-10-28, 20:37:32, 23.17, 49.62
2020-10-28, 20:37:34, 23.17, 49.62
2020-10-28, 20:37:35, 23.17, 49.62
2020-10-28, 20:37:36, 23.18, 49.62
2020-10-28, 20:37:38, 23.17, 49.59
2020-10-28, 20:37:39, 23.19, 49.59
2020-10-28, 20:37:40, 23.17, 49.59
2020-10-28, 20:37:42, 23.19, 49.59
2020-10-28, 20:37:43, 23.19, 49.59
2020-10-28, 20:37:44, 23.18, 49.59
2020-10-28, 20:37:46, 23.18, 49.56
2020-10-28, 20:37:47, 23.2, 49.56
2020-10-28, 20:37:48, 23.19, 49.56
2020-10-28, 20:37:50, 23.21, 49.56
2020-10-28, 20:37:51, 23.18, 49.56
2020-10-28, 20:37:53, 23.2, 49.56
2020-10-28, 20:37:54, 23.18, 49.59
2020-10-28, 20:37:55, 23.18, 49.56
2020-10-28, 20:37:57, 23.17, 49.56
2020-10-28, 20:37:58, 23.18, 49.59
2020-10-28, 20:37:59, 23.19, 49.56
2020-10-28, 20:38:01, 23.2, 49.59
2020-10-28, 20:38:02, 23.18, 49.59
2020-10-28, 20:38:03, 23.18, 49.59
2020-10-28, 20:38:05, 23.19, 49.59
2020-10-28, 20:38:06, 23.19, 49.59
2020-10-28, 20:38:07, 23.18, 49.59
2020-10-28, 20:38:09, 23.19, 49.59
2020-10-28, 20:38:10, 23.19, 49.59
2020-10-28, 20:38:12, 23.18, 49.59
2020-10-28, 20:38:13, 23.18, 49.56
2020-10-28, 20:38:14, 23.19, 49.59
2020-10-28, 20:38:16, 23.19, 49.59
2020-10-28, 20:38:17, 23.2, 49.59
2020-10-28, 20:38:18, 23.2, 49.59
2020-10-28, 20:38:20, 23.19, 49.56
2020-10-28, 20:38:21, 23.18, 49.56
2020-10-28, 20:38:22, 23.2, 49.56
2020-10-28, 20:38:24, 23.2, 49.56
2020-10-28, 20:38:25, 23.2, 49.56
2020-10-28, 20:38:26, 23.2, 49.56
2020-10-28, 20:38:28, 23.21, 49.56
2020-10-28, 20:38:29, 23.2, 49.56
2020-10-28, 20:38:31, 23.18, 49.59
2020-10-28, 20:38:32, 23.18, 49.59
2020-10-28, 20:38:33, 23.19, 49.59
2020-10-28, 20:38:35, 23.18, 49.59
2020-10-28, 20:38:36, 23.18, 49.59
2020-10-28, 20:38:37, 23.19, 49.62
2020-10-28, 20:38:39, 23.19, 49.59
2020-10-28, 20:38:40, 23.19, 49.62
2020-10-28, 20:38:41, 23.18, 49.62
2020-10-28, 20:38:43, 23.18, 49.62
2020-10-28, 20:38:44, 23.2, 49.62
2020-10-28, 20:38:45, 23.18, 49.62
2020-10-28, 20:38:47, 23.19, 49.62
2020-10-28, 20:38:48, 23.2, 49.62
2020-10-28, 20:38:50, 23.18, 49.62
2020-10-28, 20:38:51, 23.2, 49.62
2020-10-28, 20:38:52, 23.2, 49.62
2020-10-28, 20:38:54, 23.2, 49.62
2020-10-28, 20:38:55, 23.2, 49.59
2020-10-28, 20:38:56, 23.22, 49.63
2020-10-28, 20:38:58, 23.22, 49.63
2020-10-28, 20:38:59, 23.2, 49.62
2020-10-28, 20:39:00, 23.22, 49.63
2020-10-28, 20:39:02, 23.22, 49.59
2020-10-28, 20:39:03, 23.22, 49.59
2020-10-28, 20:39:04, 23.22, 49.59
2020-10-28, 20:39:06, 23.22, 49.59
2020-10-28, 20:39:07, 23.22, 49.59
2020-10-28, 20:39:08, 23.21, 49.59
2020-10-28, 20:39:10, 23.21, 49.56
2020-10-28, 20:39:11, 23.21, 49.59
2020-10-28, 20:39:13, 23.2, 49.62
2020-10-28, 20:39:14, 23.19, 49.59
2020-10-28, 20:39:15, 23.2, 49.59
2020-10-28, 20:39:17, 23.2, 49.59
2020-10-28, 20:39:18, 23.19, 49.59
2020-10-28, 20:39:19, 23.19, 49.62
2020-10-28, 20:39:21, 23.16, 49.62
2020-10-28, 20:39:22, 23.19, 49.62
2020-10-28, 20:39:23, 23.18, 49.62
2020-10-28, 20:39:25, 23.19, 49.62
2020-10-28, 20:39:26, 23.18, 49.62
2020-10-28, 20:39:27, 23.19, 49.62
2020-10-28, 20:39:29, 23.19, 49.62
2020-10-28, 20:39:30, 23.18, 49.62
2020-10-28, 20:39:32, 23.2, 49.62
2020-10-28, 20:39:33, 23.19, 49.62
2020-10-28, 20:39:34, 23.19, 49.62
2020-10-28, 20:39:36, 23.18, 49.62
2020-10-28, 20:39:37, 23.19, 49.62
2020-10-28, 20:39:38, 23.2, 49.62
2020-10-28, 20:39:40, 23.2, 49.59
2020-10-28, 20:39:41, 23.2, 49.62
2020-10-28, 20:39:42, 23.22, 49.59
2020-10-28, 20:39:44, 23.2, 49.59
2020-10-28, 20:39:45, 23.2, 49.59
2020-10-28, 20:39:46, 23.2, 49.59
2020-10-28, 20:39:48, 23.2, 49.59
2020-10-28, 20:39:49, 23.2, 49.59
2020-10-28, 20:39:51, 23.2, 49.62
2020-10-28, 20:39:52, 23.21, 49.63
2020-10-28, 20:39:53, 23.2, 49.59
2020-10-28, 20:39:55, 23.22, 49.59
2020-10-28, 20:39:56, 23.2, 49.62
2020-10-28, 20:39:57, 23.2, 49.62
2020-10-28, 20:39:59, 23.2, 49.62
2020-10-28, 20:40:00, 23.19, 49.62
2020-10-28, 20:40:01, 23.2, 49.62
2020-10-28, 20:40:03, 23.2, 49.62
2020-10-28, 20:40:04, 23.2, 49.62
2020-10-28, 20:40:05, 23.2, 49.62
2020-10-28, 20:40:07, 23.19, 49.62
2020-10-28, 20:40:08, 23.22, 49.63
2020-10-28, 20:40:09, 23.21, 49.63
2020-10-28, 20:40:11, 23.22, 49.63
2020-10-28, 20:40:12, 23.21, 49.59
2020-10-28, 20:40:14, 23.22, 49.63
2020-10-28, 20:40:15, 23.21, 49.63
2020-10-28, 20:40:16, 23.2, 49.62
2020-10-28, 20:40:18, 23.19, 49.59
2020-10-28, 20:40:19, 23.21, 49.63
2020-10-28, 20:40:20, 23.21, 49.59
2020-10-28, 20:40:22, 23.2, 49.62
2020-10-28, 20:40:23, 23.2, 49.62
2020-10-28, 20:40:24, 23.19, 49.62
2020-10-28, 20:40:26, 23.2, 49.62
2020-10-28, 20:40:27, 23.2, 49.66
2020-10-28, 20:40:28, 23.17, 49.62
2020-10-28, 20:40:30, 23.19, 49.65
2020-10-28, 20:40:31, 23.19, 49.62
2020-10-28, 20:40:33, 23.19, 49.65
2020-10-28, 20:40:34, 23.2, 49.62
2020-10-28, 20:40:35, 23.2, 49.62
2020-10-28, 20:40:37, 23.18, 49.62
2020-10-28, 20:40:38, 23.19, 49.62
2020-10-28, 20:40:39, 23.17, 49.65
2020-10-28, 20:40:41, 23.18, 49.65
2020-10-28, 20:40:42, 23.19, 49.65
2020-10-28, 20:40:43, 23.18, 49.65
2020-10-28, 20:40:45, 23.18, 49.65
2020-10-28, 20:40:46, 23.18, 49.68
2020-10-28, 20:40:47, 23.2, 49.62
2020-10-28, 20:40:49, 23.2, 49.66
2020-10-28, 20:40:50, 23.19, 49.69
2020-10-28, 20:40:52, 23.2, 49.66
2020-10-28, 20:40:53, 23.19, 49.65
2020-10-28, 20:40:54, 23.2, 49.66
2020-10-28, 20:40:56, 23.18, 49.68
2020-10-28, 20:40:57, 23.19, 49.65
2020-10-28, 20:40:58, 23.2, 49.69
2020-10-28, 20:41:00, 23.18, 49.65
2020-10-28, 20:41:01, 23.17, 49.68
2020-10-28, 20:41:02, 23.18, 49.68
2020-10-28, 20:41:04, 23.19, 49.69
2020-10-28, 20:41:05, 23.18, 49.65
2020-10-28, 20:41:06, 23.18, 49.68
2020-10-28, 20:41:08, 23.19, 49.69
2020-10-28, 20:41:09, 23.18, 49.65
2020-10-28, 20:41:11, 23.18, 49.68
2020-10-28, 20:41:12, 23.18, 49.65
2020-10-28, 20:41:13, 23.19, 49.69
2020-10-28, 20:41:15, 23.19, 49.69
2020-10-28, 20:41:16, 23.19, 49.69
2020-10-28, 20:41:17, 23.2, 49.66
2020-10-28, 20:41:19, 23.2, 49.69
2020-10-28, 20:41:20, 23.18, 49.65
2020-10-28, 20:41:21, 23.19, 49.65
2020-10-28, 20:41:23, 23.18, 49.68
2020-10-28, 20:41:24, 23.2, 49.66
2020-10-28, 20:41:25, 23.2, 49.66
2020-10-28, 20:41:27, 23.19, 49.65
2020-10-28, 20:41:28, 23.21, 49.66
2020-10-28, 20:41:29, 23.19, 49.65
2020-10-28, 20:41:31, 23.21, 49.66
2020-10-28, 20:41:32, 23.2, 49.62
2020-10-28, 20:41:34, 23.21, 49.66
2020-10-28, 20:41:35, 23.21, 49.63
2020-10-28, 20:41:36, 23.2, 49.62
2020-10-28, 20:41:38, 23.21, 49.63
2020-10-28, 20:41:39, 23.21, 49.63
2020-10-28, 20:41:40, 23.21, 49.63
2020-10-28, 20:41:42, 23.22, 49.63
2020-10-28, 20:41:43, 23.22, 49.63
2020-10-28, 20:41:44, 23.22, 49.63
2020-10-28, 20:41:46, 23.21, 49.63
2020-10-28, 20:41:47, 23.22, 49.63
2020-10-28, 20:41:48, 23.22, 49.63
2020-10-28, 20:41:50, 23.19, 49.59
2020-10-28, 20:41:51, 23.2, 49.62
2020-10-28, 20:41:53, 23.21, 49.63
2020-10-28, 20:41:54, 23.22, 49.63
2020-10-28, 20:41:55, 23.21, 49.63
2020-10-28, 20:41:57, 23.22, 49.63
2020-10-28, 20:41:58, 23.22, 49.63
2020-10-28, 20:41:59, 23.22, 49.63
2020-10-28, 20:42:01, 23.21, 49.63
2020-10-28, 20:42:02, 23.21, 49.63
2020-10-28, 20:42:03, 23.22, 49.63
2020-10-28, 20:42:05, 23.22, 49.63
2020-10-28, 20:42:06, 23.22, 49.63
2020-10-28, 20:42:07, 23.2, 49.62
2020-10-28, 20:42:09, 23.22, 49.63
2020-10-28, 20:42:10, 23.21, 49.63
2020-10-28, 20:42:12, 23.19, 49.62
2020-10-28, 20:42:13, 23.22, 49.63
2020-10-28, 20:42:14, 23.22, 49.63
2020-10-28, 20:42:16, 23.2, 49.62
2020-10-28, 20:42:17, 23.21, 49.66
2020-10-28, 20:42:18, 23.22, 49.66
2020-10-28, 20:42:20, 23.21, 49.66
2020-10-28, 20:42:21, 23.2, 49.62
2020-10-28, 20:42:22, 23.2, 49.66
2020-10-28, 20:42:24, 23.21, 49.66
2020-10-28, 20:42:25, 23.21, 49.66
2020-10-28, 20:42:27, 23.21, 49.69
2020-10-28, 20:42:28, 23.22, 49.66
2020-10-28, 20:42:29, 23.21, 49.66
2020-10-28, 20:42:31, 23.22, 49.69
2020-10-28, 20:42:32, 23.21, 49.66
2020-10-28, 20:42:33, 23.2, 49.66
2020-10-28, 20:42:35, 23.21, 49.66
2020-10-28, 20:42:36, 23.21, 49.63
2020-10-28, 20:42:37, 23.2, 49.66
2020-10-28, 20:42:39, 23.19, 49.65
2020-10-28, 20:42:40, 23.21, 49.66
2020-10-28, 20:42:41, 23.22, 49.66
2020-10-28, 20:42:43, 23.22, 49.63
2020-10-28, 20:42:44, 23.22, 49.66
2020-10-28, 20:42:46, 23.21, 49.66
2020-10-28, 20:42:47, 23.21, 49.66
2020-10-28, 20:42:48, 23.23, 49.66
2020-10-28, 20:42:50, 23.22, 49.63
2020-10-28, 20:42:51, 23.22, 49.63
2020-10-28, 20:42:52, 23.22, 49.63
2020-10-28, 20:42:54, 23.23, 49.63
2020-10-28, 20:42:55, 23.23, 49.6
2020-10-28, 20:42:56, 23.24, 49.63
2020-10-28, 20:42:58, 23.22, 49.63
2020-10-28, 20:42:59, 23.23, 49.6
2020-10-28, 20:43:00, 23.24, 49.63
2020-10-28, 20:43:02, 23.23, 49.63
2020-10-28, 20:43:03, 23.22, 49.63
2020-10-28, 20:43:05, 23.24, 49.63
2020-10-28, 20:43:06, 23.22, 49.59
2020-10-28, 20:43:07, 23.23, 49.63
2020-10-28, 20:43:09, 23.24, 49.6
2020-10-28, 20:43:10, 23.23, 49.6
2020-10-28, 20:43:11, 23.25, 49.63
2020-10-28, 20:43:13, 23.24, 49.63
2020-10-28, 20:43:14, 23.24, 49.6
2020-10-28, 20:43:15, 23.26, 49.6
2020-10-28, 20:43:17, 23.24, 49.57
2020-10-28, 20:43:18, 23.24, 49.6
2020-10-28, 20:43:19, 23.23, 49.6
2020-10-28, 20:43:21, 23.24, 49.6
2020-10-28, 20:43:22, 23.21, 49.63
2020-10-28, 20:43:24, 23.22, 49.63
2020-10-28, 20:43:25, 23.22, 49.63
2020-10-28, 20:43:26, 23.22, 49.63
2020-10-28, 20:43:28, 23.22, 49.63
2020-10-28, 20:43:29, 23.22, 49.63
2020-10-28, 20:43:30, 23.23, 49.63
2020-10-28, 20:43:32, 23.23, 49.63
2020-10-28, 20:43:33, 23.23, 49.66
2020-10-28, 20:43:34, 23.24, 49.63
2020-10-28, 20:43:36, 23.24, 49.63
2020-10-28, 20:43:37, 23.24, 49.63
2020-10-28, 20:43:38, 23.24, 49.63
2020-10-28, 20:43:40, 23.22, 49.59
2020-10-28, 20:43:41, 23.24, 49.63
2020-10-28, 20:43:43, 23.24, 49.6
2020-10-28, 20:43:44, 23.24, 49.6
2020-10-28, 20:43:45, 23.24, 49.63
2020-10-28, 20:43:47, 23.24, 49.6
2020-10-28, 20:43:48, 23.24, 49.57
2020-10-28, 20:43:49, 23.24, 49.6
2020-10-28, 20:43:51, 23.24, 49.6
2020-10-28, 20:43:52, 23.25, 49.57
2020-10-28, 20:43:53, 23.24, 49.6
2020-10-28, 20:43:55, 23.22, 49.56
2020-10-28, 20:43:56, 23.24, 49.6
2020-10-28, 20:43:57, 23.25, 49.6
2020-10-28, 20:43:59, 23.24, 49.6
2020-10-28, 20:44:00, 23.24, 49.63
2020-10-28, 20:44:02, 23.25, 49.6
2020-10-28, 20:44:03, 23.24, 49.63
2020-10-28, 20:44:04, 23.24, 49.63
2020-10-28, 20:44:06, 23.24, 49.63
2020-10-28, 20:44:07, 23.24, 49.63
2020-10-28, 20:44:08, 23.23, 49.63
2020-10-28, 20:44:10, 23.25, 49.63
2020-10-28, 20:44:11, 23.24, 49.63
2020-10-28, 20:44:12, 23.23, 49.63
2020-10-28, 20:44:14, 23.24, 49.63
2020-10-28, 20:44:15, 23.24, 49.63
2020-10-28, 20:44:17, 23.22, 49.63
2020-10-28, 20:44:18, 23.23, 49.66
2020-10-28, 20:44:19, 23.23, 49.66
2020-10-28, 20:44:21, 23.23, 49.66
2020-10-28, 20:44:22, 23.24, 49.63
2020-10-28, 20:44:23, 23.24, 49.66
2020-10-28, 20:44:25, 23.24, 49.66
2020-10-28, 20:44:26, 23.24, 49.63
2020-10-28, 20:44:27, 23.25, 49.66
2020-10-28, 20:44:29, 23.24, 49.63
2020-10-28, 20:44:30, 23.25, 49.63
2020-10-28, 20:44:31, 23.26, 49.63
2020-10-28, 20:44:33, 23.24, 49.63
2020-10-28, 20:44:34, 23.26, 49.63
2020-10-28, 20:44:35, 23.26, 49.63
2020-10-28, 20:44:37, 23.26, 49.63
2020-10-28, 20:44:38, 23.24, 49.63
2020-10-28, 20:44:40, 23.27, 49.63
2020-10-28, 20:44:41, 23.26, 49.6
2020-10-28, 20:44:42, 23.26, 49.6
2020-10-28, 20:44:44, 23.25, 49.63
2020-10-28, 20:44:45, 23.25, 49.63
2020-10-28, 20:44:46, 23.24, 49.63
2020-10-28, 20:44:48, 23.26, 49.63
2020-10-28, 20:44:49, 23.25, 49.63
2020-10-28, 20:44:51, 23.26, 49.63
2020-10-28, 20:44:52, 23.26, 49.63
2020-10-28, 20:44:53, 23.26, 49.63
2020-10-28, 20:44:55, 23.26, 49.63
2020-10-28, 20:44:56, 23.24, 49.6
2020-10-28, 20:44:57, 23.26, 49.63
2020-10-28, 20:44:59, 23.26, 49.63
2020-10-28, 20:45:00, 23.24, 49.6
2020-10-28, 20:45:01, 23.26, 49.6
2020-10-28, 20:45:03, 23.26, 49.6
2020-10-28, 20:45:04, 23.26, 49.6
2020-10-28, 20:45:05, 23.26, 49.6
2020-10-28, 20:45:07, 23.26, 49.6
2020-10-28, 20:45:08, 23.27, 49.6
2020-10-28, 20:45:09, 23.26, 49.6
2020-10-28, 20:45:11, 23.26, 49.6
2020-10-28, 20:45:12, 23.27, 49.6
2020-10-28, 20:45:14, 23.26, 49.6
2020-10-28, 20:45:15, 23.27, 49.57
2020-10-28, 20:45:16, 23.26, 49.57
2020-10-28, 20:45:18, 23.27, 49.57
2020-10-28, 20:45:19, 23.26, 49.57
2020-10-28, 20:45:20, 23.26, 49.57
2020-10-28, 20:45:22, 23.27, 49.57
2020-10-28, 20:45:23, 23.27, 49.57
2020-10-28, 20:45:24, 23.27, 49.57
2020-10-28, 20:45:26, 23.27, 49.57
2020-10-28, 20:45:27, 23.28, 49.57
2020-10-28, 20:45:28, 23.29, 49.57
2020-10-28, 20:45:30, 23.28, 49.57
2020-10-28, 20:45:31, 23.28, 49.57
2020-10-28, 20:45:33, 23.25, 49.57
2020-10-28, 20:45:34, 23.28, 49.57
2020-10-28, 20:45:35, 23.28, 49.57
2020-10-28, 20:45:37, 23.29, 49.57
2020-10-28, 20:45:38, 23.3, 49.54
2020-10-28, 20:45:39, 23.3, 49.54
2020-10-28, 20:45:41, 23.3, 49.54
2020-10-28, 20:45:42, 23.29, 49.51
2020-10-28, 20:45:43, 23.29, 49.54
2020-10-28, 20:45:45, 23.3, 49.54
2020-10-28, 20:45:46, 23.3, 49.54
2020-10-28, 20:45:48, 23.3, 49.54
2020-10-28, 20:45:49, 23.3, 49.54
2020-10-28, 20:45:50, 23.3, 49.54
2020-10-28, 20:45:52, 23.3, 49.51
2020-10-28, 20:45:53, 23.3, 49.51
2020-10-28, 20:45:54, 23.3, 49.51
2020-10-28, 20:45:56, 23.32, 49.54
2020-10-28, 20:45:57, 23.3, 49.51
2020-10-28, 20:45:58, 23.31, 49.51
2020-10-28, 20:46:00, 23.3, 49.51
2020-10-28, 20:46:01, 23.32, 49.51
2020-10-28, 20:46:02, 23.32, 49.51
2020-10-28, 20:46:04, 23.32, 49.51
2020-10-28, 20:46:05, 23.32, 49.51
2020-10-28, 20:46:07, 23.32, 49.48
2020-10-28, 20:46:08, 23.31, 49.48
2020-10-28, 20:46:09, 23.32, 49.48
2020-10-28, 20:46:11, 23.31, 49.48
2020-10-28, 20:46:12, 23.32, 49.45
2020-10-28, 20:46:13, 23.32, 49.48
2020-10-28, 20:46:15, 23.32, 49.48
2020-10-28, 20:46:16, 23.33, 49.45
2020-10-28, 20:46:17, 23.34, 49.45
2020-10-28, 20:46:19, 23.32, 49.48
2020-10-28, 20:46:20, 23.34, 49.45
2020-10-28, 20:46:21, 23.34, 49.45
2020-10-28, 20:46:23, 23.34, 49.45
2020-10-28, 20:46:24, 23.34, 49.45
2020-10-28, 20:46:26, 23.33, 49.45
2020-10-28, 20:46:27, 23.32, 49.45
2020-10-28, 20:46:28, 23.34, 49.45
2020-10-28, 20:46:30, 23.32, 49.45
2020-10-28, 20:46:31, 23.33, 49.45
2020-10-28, 20:46:32, 23.35, 49.45
2020-10-28, 20:46:34, 23.34, 49.45
2020-10-28, 20:46:35, 23.36, 49.42
2020-10-28, 20:46:36, 23.35, 49.45
2020-10-28, 20:46:38, 23.34, 49.45
2020-10-28, 20:46:39, 23.34, 49.45
2020-10-28, 20:46:40, 23.33, 49.45
2020-10-28, 20:46:42, 23.34, 49.45
2020-10-28, 20:46:43, 23.34, 49.45
2020-10-28, 20:46:44, 23.35, 49.45
2020-10-28, 20:46:46, 23.34, 49.45
2020-10-28, 20:46:47, 23.34, 49.42
2020-10-28, 20:46:49, 23.34, 49.45
2020-10-28, 20:46:50, 23.34, 49.42
2020-10-28, 20:46:51, 23.35, 49.45
2020-10-28, 20:46:53, 23.34, 49.45
2020-10-28, 20:46:54, 23.35, 49.39
2020-10-28, 20:46:55, 23.32, 49.42
2020-10-28, 20:46:57, 23.34, 49.42
2020-10-28, 20:46:58, 23.34, 49.42
2020-10-28, 20:46:59, 23.34, 49.42
2020-10-28, 20:47:01, 23.36, 49.42
2020-10-28, 20:47:02, 23.35, 49.42
2020-10-28, 20:47:03, 23.35, 49.39
2020-10-28, 20:47:05, 23.34, 49.39
2020-10-28, 20:47:06, 23.36, 49.39
2020-10-28, 20:47:08, 23.36, 49.39
2020-10-28, 20:47:09, 23.35, 49.39
2020-10-28, 20:47:10, 23.36, 49.39
2020-10-28, 20:47:12, 23.36, 49.39
2020-10-28, 20:47:13, 23.37, 49.36
2020-10-28, 20:47:14, 23.38, 49.36
2020-10-28, 20:47:16, 23.36, 49.36
2020-10-28, 20:47:17, 23.36, 49.36
2020-10-28, 20:47:18, 23.37, 49.36
2020-10-28, 20:47:20, 23.37, 49.36
2020-10-28, 20:47:21, 23.36, 49.36
2020-10-28, 20:47:22, 23.37, 49.39
2020-10-28, 20:47:24, 23.36, 49.36
2020-10-28, 20:47:25, 23.37, 49.36
2020-10-28, 20:47:27, 23.37, 49.33
2020-10-28, 20:47:28, 23.36, 49.36
2020-10-28, 20:47:29, 23.38, 49.33
2020-10-28, 20:47:31, 23.37, 49.33
2020-10-28, 20:47:32, 23.35, 49.33
2020-10-28, 20:47:33, 23.37, 49.33
2020-10-28, 20:47:35, 23.38, 49.33
2020-10-28, 20:47:36, 23.36, 49.33
2020-10-28, 20:47:37, 23.37, 49.33
2020-10-28, 20:47:39, 23.38, 49.33
2020-10-28, 20:47:40, 23.37, 49.33
2020-10-28, 20:47:42, 23.37, 49.33
2020-10-28, 20:47:43, 23.38, 49.33
2020-10-28, 20:47:44, 23.39, 49.33
2020-10-28, 20:47:46, 23.38, 49.33
2020-10-28, 20:47:47, 23.38, 49.3
2020-10-28, 20:47:48, 23.38, 49.33
2020-10-28, 20:47:50, 23.39, 49.3
2020-10-28, 20:47:51, 23.4, 49.3
2020-10-28, 20:47:52, 23.39, 49.3
2020-10-28, 20:47:54, 23.39, 49.3
2020-10-28, 20:47:55, 23.39, 49.27
2020-10-28, 20:47:56, 23.38, 49.27
2020-10-28, 20:47:58, 23.38, 49.27
2020-10-28, 20:47:59, 23.38, 49.27
2020-10-28, 20:48:01, 23.38, 49.27
2020-10-28, 20:48:02, 23.38, 49.27
2020-10-28, 20:48:03, 23.4, 49.27
2020-10-28, 20:48:05, 23.38, 49.27
2020-10-28, 20:48:06, 23.38, 49.27
2020-10-28, 20:48:07, 23.39, 49.27
2020-10-28, 20:48:09, 23.38, 49.27
2020-10-28, 20:48:10, 23.39, 49.27
2020-10-28, 20:48:11, 23.4, 49.27
2020-10-28, 20:48:13, 23.39, 49.27
2020-10-28, 20:48:14, 23.39, 49.27
2020-10-28, 20:48:15, 23.37, 49.26
2020-10-28, 20:48:17, 23.39, 49.27
2020-10-28, 20:48:18, 23.4, 49.27
2020-10-28, 20:48:20, 23.4, 49.27
2020-10-28, 20:48:21, 23.39, 49.27
2020-10-28, 20:48:22, 23.41, 49.27
2020-10-28, 20:48:24, 23.41, 49.24
2020-10-28, 20:48:25, 23.41, 49.27
2020-10-28, 20:48:26, 23.42, 49.24
2020-10-28, 20:48:28, 23.42, 49.27
2020-10-28, 20:48:29, 23.41, 49.24
2020-10-28, 20:48:30, 23.4, 49.24
2020-10-28, 20:48:32, 23.41, 49.24
2020-10-28, 20:48:33, 23.41, 49.24
2020-10-28, 20:48:34, 23.4, 49.24
2020-10-28, 20:48:36, 23.4, 49.24
2020-10-28, 20:48:37, 23.41, 49.27
2020-10-28, 20:48:39, 23.41, 49.24
2020-10-28, 20:48:40, 23.4, 49.27
2020-10-28, 20:48:41, 23.4, 49.27
2020-10-28, 20:48:43, 23.4, 49.24
2020-10-28, 20:48:44, 23.41, 49.24
2020-10-28, 20:48:45, 23.41, 49.24
2020-10-28, 20:48:47, 23.4, 49.24
2020-10-28, 20:48:48, 23.39, 49.24
2020-10-28, 20:48:49, 23.4, 49.24
2020-10-28, 20:48:51, 23.4, 49.27
2020-10-28, 20:48:52, 23.4, 49.24
2020-10-28, 20:48:53, 23.42, 49.24
2020-10-28, 20:48:55, 23.42, 49.24
2020-10-28, 20:48:56, 23.41, 49.24
2020-10-28, 20:48:58, 23.41, 49.21
2020-10-28, 20:48:59, 23.39, 49.2
2020-10-28, 20:49:00, 23.42, 49.21
2020-10-28, 20:49:02, 23.42, 49.21
2020-10-28, 20:49:03, 23.42, 49.21
2020-10-28, 20:49:04, 23.42, 49.21
2020-10-28, 20:49:06, 23.41, 49.21
2020-10-28, 20:49:07, 23.4, 49.21
2020-10-28, 20:49:08, 23.4, 49.21
2020-10-28, 20:49:10, 23.42, 49.18
2020-10-28, 20:49:11, 23.42, 49.18
2020-10-28, 20:49:12, 23.42, 49.18
2020-10-28, 20:49:14, 23.42, 49.21
2020-10-28, 20:49:15, 23.41, 49.14
2020-10-28, 20:49:17, 23.42, 49.18
2020-10-28, 20:49:18, 23.41, 49.14
2020-10-28, 20:49:19, 23.42, 49.14
2020-10-28, 20:49:21, 23.4, 49.17
2020-10-28, 20:49:22, 23.41, 49.14
2020-10-28, 20:49:23, 23.41, 49.14
2020-10-28, 20:49:25, 23.42, 49.14
2020-10-28, 20:49:26, 23.41, 49.14
2020-10-28, 20:49:27, 23.4, 49.14
2020-10-28, 20:49:29, 23.41, 49.14
2020-10-28, 20:49:30, 23.42, 49.14
2020-10-28, 20:49:31, 23.42, 49.14
2020-10-28, 20:49:33, 23.4, 49.14
2020-10-28, 20:49:34, 23.42, 49.14
2020-10-28, 20:49:36, 23.41, 49.14
2020-10-28, 20:49:37, 23.43, 49.15
2020-10-28, 20:49:38, 23.42, 49.14
2020-10-28, 20:49:40, 23.42, 49.14
2020-10-28, 20:49:41, 23.43, 49.15
2020-10-28, 20:49:42, 23.43, 49.15
2020-10-28, 20:49:44, 23.42, 49.14
2020-10-28, 20:49:45, 23.41, 49.14
2020-10-28, 20:49:46, 23.41, 49.14
2020-10-28, 20:49:48, 23.41, 49.14
2020-10-28, 20:49:49, 23.42, 49.11
2020-10-28, 20:49:50, 23.42, 49.11
2020-10-28, 20:49:52, 23.42, 49.11
2020-10-28, 20:49:53, 23.41, 49.11
2020-10-28, 20:49:55, 23.42, 49.14
2020-10-28, 20:49:56, 23.42, 49.14
2020-10-28, 20:49:57, 23.43, 49.15
2020-10-28, 20:49:59, 23.42, 49.14
2020-10-28, 20:50:00, 23.42, 49.14
2020-10-28, 20:50:01, 23.42, 49.11
2020-10-28, 20:50:03, 23.42, 49.11
2020-10-28, 20:50:04, 23.43, 49.11
2020-10-28, 20:50:05, 23.42, 49.08
2020-10-28, 20:50:07, 23.43, 49.08
2020-10-28, 20:50:08, 23.42, 49.11
2020-10-28, 20:50:09, 23.41, 49.08
2020-10-28, 20:50:11, 23.42, 49.08
2020-10-28, 20:50:12, 23.43, 49.08
2020-10-28, 20:50:14, 23.44, 49.08
2020-10-28, 20:50:15, 23.43, 49.08
2020-10-28, 20:50:16, 23.44, 49.08
2020-10-28, 20:50:18, 23.44, 49.08
2020-10-28, 20:50:19, 23.42, 49.05
2020-10-28, 20:50:20, 23.44, 49.08
2020-10-28, 20:50:22, 23.44, 49.08
2020-10-28, 20:50:23, 23.44, 49.08
2020-10-28, 20:50:24, 23.44, 49.05
2020-10-28, 20:50:26, 23.42, 49.08
2020-10-28, 20:50:27, 23.44, 49.08
2020-10-28, 20:50:28, 23.44, 49.05
2020-10-28, 20:50:30, 23.44, 49.05
2020-10-28, 20:50:31, 23.43, 49.08
2020-10-28, 20:50:33, 23.44, 49.05
2020-10-28, 20:50:34, 23.43, 49.05
2020-10-28, 20:50:35, 23.44, 49.05
2020-10-28, 20:50:37, 23.42, 49.05
2020-10-28, 20:50:38, 23.44, 49.05
2020-10-28, 20:50:39, 23.45, 49.05
2020-10-28, 20:50:41, 23.46, 49.05
2020-10-28, 20:50:42, 23.45, 49.05
2020-10-28, 20:50:43, 23.45, 49.05
2020-10-28, 20:50:45, 23.46, 49.02
2020-10-28, 20:50:46, 23.46, 49.02
2020-10-28, 20:50:48, 23.46, 49.02
2020-10-28, 20:50:49, 23.47, 49.02
2020-10-28, 20:50:50, 23.46, 48.99
2020-10-28, 20:50:52, 23.46, 48.99
2020-10-28, 20:50:53, 23.46, 49.02
2020-10-28, 20:50:54, 23.46, 48.99
2020-10-28, 20:50:56, 23.47, 48.96
2020-10-28, 20:50:57, 23.47, 48.96
2020-10-28, 20:50:58, 23.48, 48.96
2020-10-28, 20:51:00, 23.46, 48.96
2020-10-28, 20:51:01, 23.45, 48.96
2020-10-28, 20:51:02, 23.46, 48.96
2020-10-28, 20:51:04, 23.45, 48.96
2020-10-28, 20:51:05, 23.47, 48.96
2020-10-28, 20:51:07, 23.46, 48.96
2020-10-28, 20:51:08, 23.46, 48.96
2020-10-28, 20:51:09, 23.46, 48.96
2020-10-28, 20:51:11, 23.46, 48.96
2020-10-28, 20:51:12, 23.46, 49.02
2020-10-28, 20:51:13, 23.47, 48.99
2020-10-28, 20:51:15, 23.47, 48.96
2020-10-28, 20:51:16, 23.46, 48.96
2020-10-28, 20:51:17, 23.46, 48.96
2020-10-28, 20:51:19, 23.44, 48.96
2020-10-28, 20:51:20, 23.46, 48.93
2020-10-28, 20:51:21, 23.46, 48.96
2020-10-28, 20:51:23, 23.46, 48.96
2020-10-28, 20:51:24, 23.45, 48.93
2020-10-28, 20:51:26, 23.46, 48.96
2020-10-28, 20:51:27, 23.46, 48.96
2020-10-28, 20:51:28, 23.46, 48.96
2020-10-28, 20:51:30, 23.46, 48.96
2020-10-28, 20:51:31, 23.46, 48.99
2020-10-28, 20:51:32, 23.45, 48.96
2020-10-28, 20:51:34, 23.45, 48.96
2020-10-28, 20:51:35, 23.46, 48.96
2020-10-28, 20:51:36, 23.45, 48.96
2020-10-28, 20:51:38, 23.46, 48.96
2020-10-28, 20:51:39, 23.46, 48.93
2020-10-28, 20:51:40, 23.46, 48.93
2020-10-28, 20:51:42, 23.46, 48.93
2020-10-28, 20:51:43, 23.46, 48.9
2020-10-28, 20:51:45, 23.44, 48.92
2020-10-28, 20:51:46, 23.44, 48.92
2020-10-28, 20:51:47, 23.44, 48.89
2020-10-28, 20:51:49, 23.44, 48.92
2020-10-28, 20:51:50, 23.45, 48.93
2020-10-28, 20:51:51, 23.45, 48.93
2020-10-28, 20:51:53, 23.44, 48.92
2020-10-28, 20:51:54, 23.45, 48.93
2020-10-28, 20:51:55, 23.44, 48.92
2020-10-28, 20:51:57, 23.46, 48.93
2020-10-28, 20:51:58, 23.41, 48.92
2020-10-28, 20:52:00, 23.44, 48.92
2020-10-28, 20:52:01, 23.44, 48.92
2020-10-28, 20:52:02, 23.44, 48.89
2020-10-28, 20:52:04, 23.45, 48.89
2020-10-28, 20:52:05, 23.45, 48.93
2020-10-28, 20:52:06, 23.45, 48.93
2020-10-28, 20:52:08, 23.46, 48.93
2020-10-28, 20:52:09, 23.45, 48.93
2020-10-28, 20:52:10, 23.46, 48.93
2020-10-28, 20:52:12, 23.44, 48.89
2020-10-28, 20:52:13, 23.44, 48.92
2020-10-28, 20:52:14, 23.46, 48.93
2020-10-28, 20:52:16, 23.46, 48.93
2020-10-28, 20:52:17, 23.44, 48.92
2020-10-28, 20:52:18, 23.46, 48.93
2020-10-28, 20:52:20, 23.44, 48.89
2020-10-28, 20:52:21, 23.46, 48.9
2020-10-28, 20:52:23, 23.46, 48.9
2020-10-28, 20:52:24, 23.45, 48.89
2020-10-28, 20:52:25, 23.45, 48.89
2020-10-28, 20:52:27, 23.45, 48.89
2020-10-28, 20:52:28, 23.44, 48.92
2020-10-28, 20:52:29, 23.44, 48.89
2020-10-28, 20:52:31, 23.44, 48.92
2020-10-28, 20:52:32, 23.44, 48.92
2020-10-28, 20:52:33, 23.44, 48.89
2020-10-28, 20:52:35, 23.44, 48.92
2020-10-28, 20:52:36, 23.42, 48.92
2020-10-28, 20:52:37, 23.44, 48.92
2020-10-28, 20:52:39, 23.44, 48.92
2020-10-28, 20:52:40, 23.44, 48.89
2020-10-28, 20:52:42, 23.44, 48.92
2020-10-28, 20:52:43, 23.46, 48.9
2020-10-28, 20:52:44, 23.45, 48.93
2020-10-28, 20:52:46, 23.45, 48.89
2020-10-28, 20:52:47, 23.44, 48.89
2020-10-28, 20:52:48, 23.44, 48.89
2020-10-28, 20:52:50, 23.47, 48.9
2020-10-28, 20:52:51, 23.45, 48.89
2020-10-28, 20:52:52, 23.45, 48.89
2020-10-28, 20:52:54, 23.44, 48.89
2020-10-28, 20:52:55, 23.44, 48.89
2020-10-28, 20:52:56, 23.45, 48.89
2020-10-28, 20:52:58, 23.45, 48.93
2020-10-28, 20:52:59, 23.44, 48.89
2020-10-28, 20:53:00, 23.44, 48.92
2020-10-28, 20:53:02, 23.43, 48.89
2020-10-28, 20:53:03, 23.43, 48.92
2020-10-28, 20:53:05, 23.43, 48.89
2020-10-28, 20:53:06, 23.44, 48.89
2020-10-28, 20:53:07, 23.44, 48.92
2020-10-28, 20:53:09, 23.42, 48.89
2020-10-28, 20:53:10, 23.43, 48.92
2020-10-28, 20:53:11, 23.44, 48.96
2020-10-28, 20:53:13, 23.43, 48.92
2020-10-28, 20:53:14, 23.44, 48.96
2020-10-28, 20:53:15, 23.44, 48.96
2020-10-28, 20:53:17, 23.46, 48.96
2020-10-28, 20:53:18, 23.44, 48.92
2020-10-28, 20:53:20, 23.43, 48.92
2020-10-28, 20:53:21, 23.43, 48.92
2020-10-28, 20:53:22, 23.42, 48.92
2020-10-28, 20:53:24, 23.44, 48.96
2020-10-28, 20:53:25, 23.44, 48.96
2020-10-28, 20:53:26, 23.45, 48.96
2020-10-28, 20:53:28, 23.44, 48.92
2020-10-28, 20:53:29, 23.45, 48.93
2020-10-28, 20:53:30, 23.45, 48.93
2020-10-28, 20:53:32, 23.45, 48.93
2020-10-28, 20:53:33, 23.45, 48.89
2020-10-28, 20:53:34, 23.46, 48.93
2020-10-28, 20:53:36, 23.44, 48.89
2020-10-28, 20:53:37, 23.44, 48.89
2020-10-28, 20:53:38, 23.44, 48.89
2020-10-28, 20:53:40, 23.46, 48.93
2020-10-28, 20:53:41, 23.44, 48.89
2020-10-28, 20:53:43, 23.45, 48.89
2020-10-28, 20:53:44, 23.45, 48.89
2020-10-28, 20:53:45, 23.46, 48.9
2020-10-28, 20:53:47, 23.45, 48.89
2020-10-28, 20:53:48, 23.44, 48.86
2020-10-28, 20:53:49, 23.44, 48.89
2020-10-28, 20:53:51, 23.44, 48.86
2020-10-28, 20:53:52, 23.43, 48.86
2020-10-28, 20:53:53, 23.44, 48.86
2020-10-28, 20:53:55, 23.44, 48.86
2020-10-28, 20:53:56, 23.44, 48.86
2020-10-28, 20:53:57, 23.42, 48.86
2020-10-28, 20:53:59, 23.44, 48.86
2020-10-28, 20:54:00, 23.45, 48.86
2020-10-28, 20:54:02, 23.44, 48.86
2020-10-28, 20:54:03, 23.42, 48.89
2020-10-28, 20:54:04, 23.44, 48.86
2020-10-28, 20:54:06, 23.45, 48.86
2020-10-28, 20:54:07, 23.46, 48.86
2020-10-28, 20:54:08, 23.43, 48.86
2020-10-28, 20:54:10, 23.45, 48.86
2020-10-28, 20:54:11, 23.46, 48.86
2020-10-28, 20:54:12, 23.44, 48.89
2020-10-28, 20:54:14, 23.44, 48.86
2020-10-28, 20:54:15, 23.44, 48.86
2020-10-28, 20:54:17, 23.44, 48.86
2020-10-28, 20:54:18, 23.45, 48.89
2020-10-28, 20:54:19, 23.42, 48.86
2020-10-28, 20:54:21, 23.44, 48.86
2020-10-28, 20:54:22, 23.45, 48.89
2020-10-28, 20:54:23, 23.44, 48.86
2020-10-28, 20:54:25, 23.44, 48.86
2020-10-28, 20:54:26, 23.45, 48.86
2020-10-28, 20:54:27, 23.44, 48.86
2020-10-28, 20:54:29, 23.45, 48.86
2020-10-28, 20:54:30, 23.42, 48.86
2020-10-28, 20:54:31, 23.45, 48.86
2020-10-28, 20:54:33, 23.45, 48.86
2020-10-28, 20:54:34, 23.45, 48.86
2020-10-28, 20:54:36, 23.44, 48.89
2020-10-28, 20:54:37, 23.44, 48.89
2020-10-28, 20:54:38, 23.44, 48.89
2020-10-28, 20:54:40, 23.42, 48.83
2020-10-28, 20:54:41, 23.44, 48.89
2020-10-28, 20:54:42, 23.43, 48.86
2020-10-28, 20:54:44, 23.44, 48.89
2020-10-28, 20:54:45, 23.42, 48.86
2020-10-28, 20:54:46, 23.43, 48.89
2020-10-28, 20:54:48, 23.42, 48.89
2020-10-28, 20:54:49, 23.42, 48.89
2020-10-28, 20:54:50, 23.43, 48.89
2020-10-28, 20:54:52, 23.42, 48.89
2020-10-28, 20:54:53, 23.43, 48.89
2020-10-28, 20:54:54, 23.43, 48.89
2020-10-28, 20:54:56, 23.44, 48.89
2020-10-28, 20:54:57, 23.41, 48.89
2020-10-28, 20:54:59, 23.42, 48.89
2020-10-28, 20:55:00, 23.41, 48.89
2020-10-28, 20:55:01, 23.42, 48.92
2020-10-28, 20:55:03, 23.4, 48.89
2020-10-28, 20:55:04, 23.4, 48.92
2020-10-28, 20:55:05, 23.42, 48.92
2020-10-28, 20:55:07, 23.42, 48.89
2020-10-28, 20:55:08, 23.43, 48.92
2020-10-28, 20:55:09, 23.42, 48.89
2020-10-28, 20:55:11, 23.44, 48.92
2020-10-28, 20:55:12, 23.43, 48.89
2020-10-28, 20:55:14, 23.43, 48.92
2020-10-28, 20:55:15, 23.44, 48.92
2020-10-28, 20:55:16, 23.43, 48.92
2020-10-28, 20:55:18, 23.44, 48.92
2020-10-28, 20:55:19, 23.42, 48.92
2020-10-28, 20:55:20, 23.43, 48.92
2020-10-28, 20:55:22, 23.42, 48.95
2020-10-28, 20:55:23, 23.42, 48.95
2020-10-28, 20:55:24, 23.42, 48.95
2020-10-28, 20:55:26, 23.42, 48.95
2020-10-28, 20:55:27, 23.42, 48.95
2020-10-28, 20:55:28, 23.43, 48.95
2020-10-28, 20:55:30, 23.42, 48.92
2020-10-28, 20:55:31, 23.4, 48.95
2020-10-28, 20:55:33, 23.42, 48.95
2020-10-28, 20:55:34, 23.42, 48.95
2020-10-28, 20:55:35, 23.42, 48.95
2020-10-28, 20:55:37, 23.44, 48.96
2020-10-28, 20:55:38, 23.42, 48.95
2020-10-28, 20:55:40, 23.44, 48.96
2020-10-28, 20:55:41, 23.43, 48.95
2020-10-28, 20:55:42, 23.43, 48.95
2020-10-28, 20:55:44, 23.42, 48.95
2020-10-28, 20:55:45, 23.41, 48.95
2020-10-28, 20:55:46, 23.41, 48.95
2020-10-28, 20:55:48, 23.42, 48.95
2020-10-28, 20:55:49, 23.42, 48.95
2020-10-28, 20:55:50, 23.42, 48.95
2020-10-28, 20:55:52, 23.42, 48.95
2020-10-28, 20:55:53, 23.43, 48.95
2020-10-28, 20:55:54, 23.42, 48.95
2020-10-28, 20:55:56, 23.43, 48.95
2020-10-28, 20:55:57, 23.41, 48.92
2020-10-28, 20:55:59, 23.42, 48.95
2020-10-28, 20:56:00, 23.42, 48.92
2020-10-28, 20:56:01, 23.42, 48.95
2020-10-28, 20:56:03, 23.42, 48.95
2020-10-28, 20:56:04, 23.41, 48.95
2020-10-28, 20:56:05, 23.4, 48.95
2020-10-28, 20:56:07, 23.42, 48.95
2020-10-28, 20:56:08, 23.41, 48.95
2020-10-28, 20:56:09, 23.43, 48.95
2020-10-28, 20:56:11, 23.42, 48.95
2020-10-28, 20:56:12, 23.42, 48.95
2020-10-28, 20:56:14, 23.43, 48.95
2020-10-28, 20:56:15, 23.42, 48.95
2020-10-28, 20:56:16, 23.43, 48.95
2020-10-28, 20:56:18, 23.42, 48.92
2020-10-28, 20:56:19, 23.43, 48.95
2020-10-28, 20:56:20, 23.42, 48.95
2020-10-28, 20:56:22, 23.42, 48.95
2020-10-28, 20:56:23, 23.42, 48.95
2020-10-28, 20:56:24, 23.42, 48.95
2020-10-28, 20:56:26, 23.42, 48.95
2020-10-28, 20:56:27, 23.42, 48.95
2020-10-28, 20:56:28, 23.44, 48.96
2020-10-28, 20:56:30, 23.41, 48.95
2020-10-28, 20:56:31, 23.43, 48.95
2020-10-28, 20:56:33, 23.43, 48.95
2020-10-28, 20:56:34, 23.43, 48.95
2020-10-28, 20:56:35, 23.42, 48.92
2020-10-28, 20:56:37, 23.42, 48.92
2020-10-28, 20:56:38, 23.43, 48.92
2020-10-28, 20:56:39, 23.44, 48.92
2020-10-28, 20:56:41, 23.41, 48.92
2020-10-28, 20:56:42, 23.41, 48.92
2020-10-28, 20:56:43, 23.42, 48.92
2020-10-28, 20:56:45, 23.44, 48.96
2020-10-28, 20:56:46, 23.43, 48.92
2020-10-28, 20:56:47, 23.44, 48.92
2020-10-28, 20:56:49, 23.44, 48.92
2020-10-28, 20:56:50, 23.43, 48.92
2020-10-28, 20:56:51, 23.43, 48.92
2020-10-28, 20:56:53, 23.43, 48.92
2020-10-28, 20:56:54, 23.41, 48.92
2020-10-28, 20:56:56, 23.42, 48.92
2020-10-28, 20:56:57, 23.42, 48.95
2020-10-28, 20:56:58, 23.42, 48.92
2020-10-28, 20:57:00, 23.43, 48.92
2020-10-28, 20:57:01, 23.42, 48.95
2020-10-28, 20:57:02, 23.44, 48.96
2020-10-28, 20:57:04, 23.43, 48.92
2020-10-28, 20:57:05, 23.45, 48.93
2020-10-28, 20:57:06, 23.43, 48.92
2020-10-28, 20:57:08, 23.43, 48.92
2020-10-28, 20:57:09, 23.43, 48.92
2020-10-28, 20:57:11, 23.42, 48.89
2020-10-28, 20:57:12, 23.41, 48.92
2020-10-28, 20:57:13, 23.42, 48.95
2020-10-28, 20:57:15, 23.41, 48.92
2020-10-28, 20:57:16, 23.41, 48.92
2020-10-28, 20:57:17, 23.42, 48.95
2020-10-28, 20:57:19, 23.42, 48.92
2020-10-28, 20:57:20, 23.42, 48.89
2020-10-28, 20:57:21, 23.42, 48.92
2020-10-28, 20:57:23, 23.43, 48.92
2020-10-28, 20:57:24, 23.43, 48.92
2020-10-28, 20:57:25, 23.42, 48.92
2020-10-28, 20:57:27, 23.43, 48.92
2020-10-28, 20:57:28, 23.42, 48.92
2020-10-28, 20:57:29, 23.42, 48.92
2020-10-28, 20:57:31, 23.41, 48.95
2020-10-28, 20:57:32, 23.42, 48.95
2020-10-28, 20:57:34, 23.42, 48.95
2020-10-28, 20:57:35, 23.42, 48.95
2020-10-28, 20:57:36, 23.42, 48.95
2020-10-28, 20:57:38, 23.42, 48.95
2020-10-28, 20:57:39, 23.41, 48.95
2020-10-28, 20:57:40, 23.42, 48.99
2020-10-28, 20:57:42, 23.42, 48.95
2020-10-28, 20:57:43, 23.42, 48.95
2020-10-28, 20:57:44, 23.44, 48.96
2020-10-28, 20:57:46, 23.42, 48.95
2020-10-28, 20:57:47, 23.41, 48.95
2020-10-28, 20:57:48, 23.42, 48.95
2020-10-28, 20:57:50, 23.42, 48.95
2020-10-28, 20:57:51, 23.41, 48.95
2020-10-28, 20:57:53, 23.43, 48.99
2020-10-28, 20:57:54, 23.42, 48.99
2020-10-28, 20:57:55, 23.4, 48.98
2020-10-28, 20:57:57, 23.42, 48.95
2020-10-28, 20:57:58, 23.42, 48.99
2020-10-28, 20:57:59, 23.43, 48.95
2020-10-28, 20:58:01, 23.42, 48.95
2020-10-28, 20:58:02, 23.44, 48.96
2020-10-28, 20:58:03, 23.44, 48.96
2020-10-28, 20:58:05, 23.44, 48.96
2020-10-28, 20:58:06, 23.43, 48.95
2020-10-28, 20:58:08, 23.44, 48.92
2020-10-28, 20:58:09, 23.44, 48.96
2020-10-28, 20:58:10, 23.43, 48.92
2020-10-28, 20:58:12, 23.45, 48.93
2020-10-28, 20:58:13, 23.44, 48.92
2020-10-28, 20:58:14, 23.44, 48.96
2020-10-28, 20:58:16, 23.44, 48.92
2020-10-28, 20:58:17, 23.44, 48.92
2020-10-28, 20:58:18, 23.45, 48.93
2020-10-28, 20:58:20, 23.46, 48.93
2020-10-28, 20:58:21, 23.44, 48.92
2020-10-28, 20:58:22, 23.44, 48.92
2020-10-28, 20:58:24, 23.45, 48.89
2020-10-28, 20:58:25, 23.44, 48.92
2020-10-28, 20:58:27, 23.44, 48.89
2020-10-28, 20:58:28, 23.44, 48.92
2020-10-28, 20:58:29, 23.44, 48.92
2020-10-28, 20:58:31, 23.44, 48.89
2020-10-28, 20:58:32, 23.46, 48.9
2020-10-28, 20:58:33, 23.43, 48.89
2020-10-28, 20:58:35, 23.44, 48.89
2020-10-28, 20:58:36, 23.44, 48.92
2020-10-28, 20:58:37, 23.45, 48.89
2020-10-28, 20:58:39, 23.44, 48.89
2020-10-28, 20:58:40, 23.44, 48.92
2020-10-28, 20:58:42, 23.44, 48.89
2020-10-28, 20:58:43, 23.44, 48.92
2020-10-28, 20:58:44, 23.44, 48.92
2020-10-28, 20:58:46, 23.45, 48.89
2020-10-28, 20:58:47, 23.44, 48.92
2020-10-28, 20:58:48, 23.44, 48.89
2020-10-28, 20:58:50, 23.44, 48.89
2020-10-28, 20:58:51, 23.46, 48.93
2020-10-28, 20:58:52, 23.46, 48.93
2020-10-28, 20:58:54, 23.46, 48.9
2020-10-28, 20:58:55, 23.45, 48.89
2020-10-28, 20:58:56, 23.46, 48.9
2020-10-28, 20:58:58, 23.47, 48.9
2020-10-28, 20:58:59, 23.46, 48.9
2020-10-28, 20:59:01, 23.44, 48.89
2020-10-28, 20:59:02, 23.46, 48.9
2020-10-28, 20:59:03, 23.46, 48.9
2020-10-28, 20:59:05, 23.46, 48.9
2020-10-28, 20:59:06, 23.47, 48.9
2020-10-28, 20:59:07, 23.46, 48.86
2020-10-28, 20:59:09, 23.46, 48.86
2020-10-28, 20:59:10, 23.47, 48.86
2020-10-28, 20:59:11, 23.46, 48.9
2020-10-28, 20:59:13, 23.46, 48.86
2020-10-28, 20:59:14, 23.46, 48.9
2020-10-28, 20:59:15, 23.46, 48.86
2020-10-28, 20:59:17, 23.47, 48.9
2020-10-28, 20:59:18, 23.48, 48.9
2020-10-28, 20:59:20, 23.48, 48.9
2020-10-28, 20:59:21, 23.49, 48.9
2020-10-28, 20:59:22, 23.47, 48.9
2020-10-28, 20:59:24, 23.46, 48.9
2020-10-28, 20:59:25, 23.47, 48.9
2020-10-28, 20:59:26, 23.49, 48.9
2020-10-28, 20:59:28, 23.48, 48.87
2020-10-28, 20:59:29, 23.47, 48.86
2020-10-28, 20:59:30, 23.48, 48.9
2020-10-28, 20:59:32, 23.48, 48.87
2020-10-28, 20:59:33, 23.48, 48.87
2020-10-28, 20:59:34, 23.48, 48.87
2020-10-28, 20:59:36, 23.48, 48.87
2020-10-28, 20:59:37, 23.48, 48.87
2020-10-28, 20:59:39, 23.48, 48.87
2020-10-28, 20:59:40, 23.49, 48.87
2020-10-28, 20:59:41, 23.48, 48.87
2020-10-28, 20:59:43, 23.48, 48.87
2020-10-28, 20:59:44, 23.48, 48.87
2020-10-28, 20:59:45, 23.48, 48.87
2020-10-28, 20:59:47, 23.47, 48.86
2020-10-28, 20:59:48, 23.48, 48.83
2020-10-28, 20:59:49, 23.47, 48.86
2020-10-28, 20:59:51, 23.48, 48.87
2020-10-28, 20:59:52, 23.48, 48.87
2020-10-28, 20:59:53, 23.47, 48.9
2020-10-28, 20:59:55, 23.48, 48.9
2020-10-28, 20:59:56, 23.48, 48.9
2020-10-28, 20:59:58, 23.49, 48.9
2020-10-28, 20:59:59, 23.47, 48.9
2020-10-28, 21:00:00, 23.48, 48.9
2020-10-28, 21:00:02, 23.48, 48.9
2020-10-28, 21:00:03, 23.48, 48.9
2020-10-28, 21:00:04, 23.48, 48.9
2020-10-28, 21:00:06, 23.46, 48.9
2020-10-28, 21:00:07, 23.48, 48.9
2020-10-28, 21:00:08, 23.46, 48.9
2020-10-28, 21:00:10, 23.48, 48.9
2020-10-28, 21:00:11, 23.48, 48.9
2020-10-28, 21:00:12, 23.46, 48.9
2020-10-28, 21:00:14, 23.48, 48.93
2020-10-28, 21:00:15, 23.48, 48.9
2020-10-28, 21:00:17, 23.47, 48.9
2020-10-28, 21:00:18, 23.48, 48.93
2020-10-28, 21:00:19, 23.48, 48.9
2020-10-28, 21:00:21, 23.48, 48.9
2020-10-28, 21:00:22, 23.48, 48.9
2020-10-28, 21:00:23, 23.46, 48.9
2020-10-28, 21:00:25, 23.48, 48.9
2020-10-28, 21:00:26, 23.48, 48.9
2020-10-28, 21:00:27, 23.47, 48.9
2020-10-28, 21:00:29, 23.49, 48.9
2020-10-28, 21:00:30, 23.49, 48.9
2020-10-28, 21:00:31, 23.48, 48.9
2020-10-28, 21:00:33, 23.48, 48.9
2020-10-28, 21:00:34, 23.5, 48.9
2020-10-28, 21:00:36, 23.49, 48.9
2020-10-28, 21:00:37, 23.49, 48.9
2020-10-28, 21:00:38, 23.48, 48.87
2020-10-28, 21:00:40, 23.49, 48.87
2020-10-28, 21:00:41, 23.5, 48.9
2020-10-28, 21:00:42, 23.5, 48.9
2020-10-28, 21:00:44, 23.4, 48.86
2020-10-28, 21:00:45, 23.47, 48.9
2020-10-28, 21:00:47, 23.46, 48.9
2020-10-28, 21:00:48, 23.47, 48.9
2020-10-28, 21:00:49, 23.46, 48.9
2020-10-28, 21:00:51, 23.47, 48.9
2020-10-28, 21:00:52, 23.47, 48.9
2020-10-28, 21:00:53, 23.48, 48.9
2020-10-28, 21:00:55, 23.48, 48.9
2020-10-28, 21:00:56, 23.48, 48.9
2020-10-28, 21:00:57, 23.48, 48.9
2020-10-28, 21:00:59, 23.48, 48.9
2020-10-28, 21:01:00, 23.48, 48.9
2020-10-28, 21:01:02, 23.49, 48.9
2020-10-28, 21:01:03, 23.48, 48.87
2020-10-28, 21:01:04, 23.49, 48.9
2020-10-28, 21:01:06, 23.5, 48.84
2020-10-28, 21:01:07, 23.49, 48.84
2020-10-28, 21:01:08, 23.5, 48.84
2020-10-28, 21:01:10, 23.5, 48.84
2020-10-28, 21:01:11, 23.5, 48.84
2020-10-28, 21:01:12, 23.5, 48.84
2020-10-28, 21:01:14, 23.5, 48.84
2020-10-28, 21:01:15, 23.5, 48.84
2020-10-28, 21:01:16, 23.5, 48.8
2020-10-28, 21:01:18, 23.5, 48.84
2020-10-28, 21:01:19, 23.5, 48.84
2020-10-28, 21:01:21, 23.5, 48.8
2020-10-28, 21:01:22, 23.5, 48.8
2020-10-28, 21:01:23, 23.52, 48.81
2020-10-28, 21:01:25, 23.51, 48.81
2020-10-28, 21:01:26, 23.49, 48.8
2020-10-28, 21:01:27, 23.52, 48.84
2020-10-28, 21:01:29, 23.52, 48.81
2020-10-28, 21:01:30, 23.51, 48.77
2020-10-28, 21:01:31, 23.52, 48.81
2020-10-28, 21:01:33, 23.52, 48.81
2020-10-28, 21:01:34, 23.51, 48.81
2020-10-28, 21:01:35, 23.52, 48.81
2020-10-28, 21:01:37, 23.53, 48.81
2020-10-28, 21:01:38, 23.5, 48.8
2020-10-28, 21:01:40, 23.52, 48.81
2020-10-28, 21:01:41, 23.52, 48.81
2020-10-28, 21:01:42, 23.52, 48.81
2020-10-28, 21:01:44, 23.52, 48.78
2020-10-28, 21:01:45, 23.53, 48.81
2020-10-28, 21:01:46, 23.52, 48.78
2020-10-28, 21:01:48, 23.52, 48.78
2020-10-28, 21:01:49, 23.53, 48.81
2020-10-28, 21:01:50, 23.52, 48.78
2020-10-28, 21:01:52, 23.52, 48.78
2020-10-28, 21:01:53, 23.54, 48.78
2020-10-28, 21:01:54, 23.54, 48.78
2020-10-28, 21:01:56, 23.54, 48.78
2020-10-28, 21:01:57, 23.54, 48.78
2020-10-28, 21:01:59, 23.53, 48.78
2020-10-28, 21:02:00, 23.54, 48.78
2020-10-28, 21:02:01, 23.55, 48.78
2020-10-28, 21:02:03, 23.54, 48.78
2020-10-28, 21:02:04, 23.55, 48.78
2020-10-28, 21:02:05, 23.54, 48.75
2020-10-28, 21:02:07, 23.54, 48.78
2020-10-28, 21:02:08, 23.55, 48.75
2020-10-28, 21:02:09, 23.56, 48.75
2020-10-28, 21:02:11, 23.56, 48.75
2020-10-28, 21:02:12, 23.56, 48.75
2020-10-28, 21:02:14, 23.56, 48.75
2020-10-28, 21:02:15, 23.56, 48.75
2020-10-28, 21:02:16, 23.57, 48.75
2020-10-28, 21:02:18, 23.57, 48.72
2020-10-28, 21:02:19, 23.56, 48.72
2020-10-28, 21:02:20, 23.56, 48.72
2020-10-28, 21:02:22, 23.56, 48.72
2020-10-28, 21:02:23, 23.58, 48.72
2020-10-28, 21:02:24, 23.58, 48.72
2020-10-28, 21:02:26, 23.56, 48.72
2020-10-28, 21:02:27, 23.57, 48.72
2020-10-28, 21:02:28, 23.56, 48.72
2020-10-28, 21:02:30, 23.56, 48.75
2020-10-28, 21:02:31, 23.55, 48.72
2020-10-28, 21:02:33, 23.56, 48.75
2020-10-28, 21:02:34, 23.56, 48.75
2020-10-28, 21:02:35, 23.55, 48.72
2020-10-28, 21:02:37, 23.53, 48.74
2020-10-28, 21:02:38, 23.54, 48.71
2020-10-28, 21:02:39, 23.56, 48.75
2020-10-28, 21:02:41, 23.56, 48.75
2020-10-28, 21:02:42, 23.56, 48.75
2020-10-28, 21:02:43, 23.56, 48.72
2020-10-28, 21:02:45, 23.55, 48.72
2020-10-28, 21:02:46, 23.55, 48.72
2020-10-28, 21:02:47, 23.54, 48.71
2020-10-28, 21:02:49, 23.56, 48.72
2020-10-28, 21:02:50, 23.54, 48.71
2020-10-28, 21:02:52, 23.54, 48.75
2020-10-28, 21:02:53, 23.55, 48.75
2020-10-28, 21:02:54, 23.54, 48.75
2020-10-28, 21:02:56, 23.54, 48.75
2020-10-28, 21:02:57, 23.55, 48.72
2020-10-28, 21:02:58, 23.54, 48.71
2020-10-28, 21:03:00, 23.54, 48.71
2020-10-28, 21:03:01, 23.54, 48.75
2020-10-28, 21:03:02, 23.54, 48.75
2020-10-28, 21:03:04, 23.54, 48.71
2020-10-28, 21:03:05, 23.55, 48.75
2020-10-28, 21:03:06, 23.54, 48.75
2020-10-28, 21:03:08, 23.56, 48.75
2020-10-28, 21:03:09, 23.55, 48.75
2020-10-28, 21:03:11, 23.54, 48.78
2020-10-28, 21:03:12, 23.54, 48.75
2020-10-28, 21:03:13, 23.55, 48.75
2020-10-28, 21:03:15, 23.53, 48.74
2020-10-28, 21:03:16, 23.54, 48.75
2020-10-28, 21:03:17, 23.54, 48.75
2020-10-28, 21:03:19, 23.55, 48.75
2020-10-28, 21:03:20, 23.55, 48.72
2020-10-28, 21:03:21, 23.56, 48.72
2020-10-28, 21:03:23, 23.55, 48.75
2020-10-28, 21:03:24, 23.56, 48.72
2020-10-28, 21:03:25, 23.54, 48.75
2020-10-28, 21:03:27, 23.54, 48.71
2020-10-28, 21:03:28, 23.54, 48.71
2020-10-28, 21:03:30, 23.55, 48.72
2020-10-28, 21:03:31, 23.54, 48.71
2020-10-28, 21:03:32, 23.55, 48.72
2020-10-28, 21:03:34, 23.55, 48.72
2020-10-28, 21:03:35, 23.55, 48.72
2020-10-28, 21:03:36, 23.54, 48.71
2020-10-28, 21:03:38, 23.54, 48.75
2020-10-28, 21:03:39, 23.55, 48.72
2020-10-28, 21:03:40, 23.56, 48.75
2020-10-28, 21:03:42, 23.56, 48.72
2020-10-28, 21:03:43, 23.55, 48.75
2020-10-28, 21:03:44, 23.54, 48.75
2020-10-28, 21:03:46, 23.55, 48.72
2020-10-28, 21:03:47, 23.54, 48.71
2020-10-28, 21:03:49, 23.54, 48.75
2020-10-28, 21:03:50, 23.52, 48.74
2020-10-28, 21:03:51, 23.53, 48.74
2020-10-28, 21:03:53, 23.54, 48.71
2020-10-28, 21:03:54, 23.54, 48.75
2020-10-28, 21:03:55, 23.54, 48.78
2020-10-28, 21:03:57, 23.54, 48.75
2020-10-28, 21:03:58, 23.54, 48.75
2020-10-28, 21:03:59, 23.54, 48.75
2020-10-28, 21:04:01, 23.55, 48.72
2020-10-28, 21:04:02, 23.55, 48.75
2020-10-28, 21:04:03, 23.54, 48.75
2020-10-28, 21:04:05, 23.53, 48.74
2020-10-28, 21:04:06, 23.53, 48.74
2020-10-28, 21:04:08, 23.54, 48.75
2020-10-28, 21:04:09, 23.53, 48.78
2020-10-28, 21:04:10, 23.52, 48.74
2020-10-28, 21:04:12, 23.53, 48.78
2020-10-28, 21:04:13, 23.54, 48.78
2020-10-28, 21:04:14, 23.52, 48.78
2020-10-28, 21:04:16, 23.53, 48.74
2020-10-28, 21:04:17, 23.52, 48.78
2020-10-28, 21:04:18, 23.52, 48.78
2020-10-28, 21:04:20, 23.52, 48.74
2020-10-28, 21:04:21, 23.52, 48.78
2020-10-28, 21:04:22, 23.52, 48.74
2020-10-28, 21:04:24, 23.53, 48.78
2020-10-28, 21:04:25, 23.52, 48.78
2020-10-28, 21:04:27, 23.51, 48.77
2020-10-28, 21:04:28, 23.52, 48.78
2020-10-28, 21:04:29, 23.53, 48.78
2020-10-28, 21:04:31, 23.52, 48.78
2020-10-28, 21:04:32, 23.52, 48.78
2020-10-28, 21:04:33, 23.53, 48.78
2020-10-28, 21:04:35, 23.53, 48.78
2020-10-28, 21:04:36, 23.53, 48.78
2020-10-28, 21:04:37, 23.53, 48.78
2020-10-28, 21:04:39, 23.53, 48.74
2020-10-28, 21:04:40, 23.53, 48.74
2020-10-28, 21:04:41, 23.53, 48.74
2020-10-28, 21:04:43, 23.53, 48.78
2020-10-28, 21:04:44, 23.52, 48.78
2020-10-28, 21:04:46, 23.52, 48.74
2020-10-28, 21:04:47, 23.54, 48.75
2020-10-28, 21:04:48, 23.54, 48.75
2020-10-28, 21:04:50, 23.54, 48.78
2020-10-28, 21:04:51, 23.53, 48.78
2020-10-28, 21:04:52, 23.54, 48.75
2020-10-28, 21:04:54, 23.53, 48.74
2020-10-28, 21:04:55, 23.52, 48.74
2020-10-28, 21:04:56, 23.53, 48.74
2020-10-28, 21:04:58, 23.52, 48.71
2020-10-28, 21:04:59, 23.52, 48.71
2020-10-28, 21:05:00, 23.52, 48.71
2020-10-28, 21:05:02, 23.53, 48.74
2020-10-28, 21:05:03, 23.51, 48.74
2020-10-28, 21:05:05, 23.52, 48.71
2020-10-28, 21:05:06, 23.51, 48.71
2020-10-28, 21:05:07, 23.52, 48.71
2020-10-28, 21:05:09, 23.53, 48.71
2020-10-28, 21:05:10, 23.52, 48.71
2020-10-28, 21:05:11, 23.53, 48.71
2020-10-28, 21:05:13, 23.53, 48.71
2020-10-28, 21:05:14, 23.51, 48.74
2020-10-28, 21:05:15, 23.53, 48.74
2020-10-28, 21:05:17, 23.51, 48.77
2020-10-28, 21:05:18, 23.52, 48.74
2020-10-28, 21:05:20, 23.52, 48.74
2020-10-28, 21:05:21, 23.54, 48.75
2020-10-28, 21:05:22, 23.52, 48.74
2020-10-28, 21:05:24, 23.53, 48.74
2020-10-28, 21:05:25, 23.53, 48.74
2020-10-28, 21:05:26, 23.52, 48.74
2020-10-28, 21:05:28, 23.51, 48.71
2020-10-28, 21:05:29, 23.52, 48.71
2020-10-28, 21:05:30, 23.52, 48.71
2020-10-28, 21:05:32, 23.52, 48.68
2020-10-28, 21:05:33, 23.51, 48.71
2020-10-28, 21:05:34, 23.53, 48.71
2020-10-28, 21:05:36, 23.51, 48.71
2020-10-28, 21:05:37, 23.52, 48.71
2020-10-28, 21:05:39, 23.51, 48.68
2020-10-28, 21:05:40, 23.51, 48.68
2020-10-28, 21:05:41, 23.5, 48.65
2020-10-28, 21:05:43, 23.51, 48.65
2020-10-28, 21:05:44, 23.51, 48.65
2020-10-28, 21:05:45, 23.5, 48.71
2020-10-28, 21:05:47, 23.5, 48.68
2020-10-28, 21:05:48, 23.5, 48.71
2020-10-28, 21:05:49, 23.51, 48.71
2020-10-28, 21:05:51, 23.5, 48.71
2020-10-28, 21:05:52, 23.5, 48.71
2020-10-28, 21:05:53, 23.5, 48.71
2020-10-28, 21:05:55, 23.5, 48.71
2020-10-28, 21:05:56, 23.5, 48.71
2020-10-28, 21:05:57, 23.5, 48.71
2020-10-28, 21:05:59, 23.49, 48.68
2020-10-28, 21:06:00, 23.49, 48.71
2020-10-28, 21:06:02, 23.49, 48.71
2020-10-28, 21:06:03, 23.5, 48.71
2020-10-28, 21:06:04, 23.5, 48.71
2020-10-28, 21:06:06, 23.5, 48.68
2020-10-28, 21:06:07, 23.49, 48.71
2020-10-28, 21:06:08, 23.49, 48.71
2020-10-28, 21:06:10, 23.48, 48.67
2020-10-28, 21:06:11, 23.5, 48.71
2020-10-28, 21:06:12, 23.48, 48.71
2020-10-28, 21:06:14, 23.48, 48.67
2020-10-28, 21:06:15, 23.48, 48.71
2020-10-28, 21:06:16, 23.48, 48.67
2020-10-28, 21:06:18, 23.48, 48.71
2020-10-28, 21:06:19, 23.47, 48.71
2020-10-28, 21:06:21, 23.46, 48.7
2020-10-28, 21:06:22, 23.45, 48.7
2020-10-28, 21:06:23, 23.44, 48.67
2020-10-28, 21:06:25, 23.46, 48.67
2020-10-28, 21:06:26, 23.46, 48.67
2020-10-28, 21:06:27, 23.46, 48.67
2020-10-28, 21:06:29, 23.44, 48.67
2020-10-28, 21:06:30, 23.45, 48.67
2020-10-28, 21:06:31, 23.46, 48.67
2020-10-28, 21:06:33, 23.46, 48.7
2020-10-28, 21:06:34, 23.47, 48.71
2020-10-28, 21:06:35, 23.48, 48.71
2020-10-28, 21:06:37, 23.48, 48.71
2020-10-28, 21:06:38, 23.46, 48.7
2020-10-28, 21:06:40, 23.48, 48.71
2020-10-28, 21:06:41, 23.46, 48.7
2020-10-28, 21:06:42, 23.47, 48.71
2020-10-28, 21:06:44, 23.47, 48.71
2020-10-28, 21:06:45, 23.47, 48.71
2020-10-28, 21:06:46, 23.46, 48.7
2020-10-28, 21:06:48, 23.47, 48.71
2020-10-28, 21:06:49, 23.46, 48.7
2020-10-28, 21:06:50, 23.46, 48.7
2020-10-28, 21:06:52, 23.45, 48.7
2020-10-28, 21:06:53, 23.46, 48.67
2020-10-28, 21:06:55, 23.46, 48.67
2020-10-28, 21:06:56, 23.45, 48.7
2020-10-28, 21:06:57, 23.45, 48.67
2020-10-28, 21:06:59, 23.44, 48.7
2020-10-28, 21:07:00, 23.44, 48.7
2020-10-28, 21:07:01, 23.43, 48.7
2020-10-28, 21:07:03, 23.43, 48.7
2020-10-28, 21:07:04, 23.44, 48.7
2020-10-28, 21:07:05, 23.44, 48.73
2020-10-28, 21:07:07, 23.44, 48.7
2020-10-28, 21:07:08, 23.44, 48.73
2020-10-28, 21:07:09, 23.44, 48.73
2020-10-28, 21:07:11, 23.44, 48.7
2020-10-28, 21:07:12, 23.44, 48.73
2020-10-28, 21:07:14, 23.44, 48.73
2020-10-28, 21:07:15, 23.44, 48.73
2020-10-28, 21:07:16, 23.43, 48.73
2020-10-28, 21:07:18, 23.43, 48.73
2020-10-28, 21:07:19, 23.43, 48.7
2020-10-28, 21:07:20, 23.43, 48.73
2020-10-28, 21:07:22, 23.42, 48.73
2020-10-28, 21:07:23, 23.42, 48.73
2020-10-28, 21:07:24, 23.41, 48.73
2020-10-28, 21:07:26, 23.42, 48.76
2020-10-28, 21:07:27, 23.42, 48.76
2020-10-28, 21:07:28, 23.41, 48.76
2020-10-28, 21:07:30, 23.4, 48.76
2020-10-28, 21:07:31, 23.4, 48.76
2020-10-28, 21:07:33, 23.4, 48.76
2020-10-28, 21:07:34, 23.39, 48.76
2020-10-28, 21:07:35, 23.39, 48.79
2020-10-28, 21:07:37, 23.4, 48.79
2020-10-28, 21:07:38, 23.39, 48.79
2020-10-28, 21:07:39, 23.39, 48.82
2020-10-28, 21:07:41, 23.4, 48.79
2020-10-28, 21:07:42, 23.4, 48.79
2020-10-28, 21:07:43, 23.39, 48.82
2020-10-28, 21:07:45, 23.38, 48.79
2020-10-28, 21:07:46, 23.36, 48.79
2020-10-28, 21:07:48, 23.38, 48.82
2020-10-28, 21:07:49, 23.38, 48.82
2020-10-28, 21:07:50, 23.4, 48.82
2020-10-28, 21:07:52, 23.39, 48.82
2020-10-28, 21:07:53, 23.38, 48.82
2020-10-28, 21:07:54, 23.38, 48.82
2020-10-28, 21:07:56, 23.38, 48.82
2020-10-28, 21:07:57, 23.38, 48.82
2020-10-28, 21:07:58, 23.38, 48.82
2020-10-28, 21:08:00, 23.38, 48.82
2020-10-28, 21:08:01, 23.38, 48.82
2020-10-28, 21:08:03, 23.36, 48.82
2020-10-28, 21:08:04, 23.37, 48.82
2020-10-28, 21:08:05, 23.38, 48.82
2020-10-28, 21:08:07, 23.38, 48.85
2020-10-28, 21:08:08, 23.37, 48.85
2020-10-28, 21:08:09, 23.36, 48.85
2020-10-28, 21:08:11, 23.36, 48.88
2020-10-28, 21:08:12, 23.37, 48.85
2020-10-28, 21:08:13, 23.36, 48.88
2020-10-28, 21:08:15, 23.36, 48.88
2020-10-28, 21:08:16, 23.35, 48.88
2020-10-28, 21:08:17, 23.35, 48.88
2020-10-28, 21:08:19, 23.34, 48.88
2020-10-28, 21:08:20, 23.34, 48.91
2020-10-28, 21:08:21, 23.34, 48.91
2020-10-28, 21:08:23, 23.32, 48.91
2020-10-28, 21:08:24, 23.34, 48.91
2020-10-28, 21:08:26, 23.34, 48.94
2020-10-28, 21:08:27, 23.34, 48.91
2020-10-28, 21:08:28, 23.34, 48.91
2020-10-28, 21:08:30, 23.34, 48.94
2020-10-28, 21:08:31, 23.34, 48.94
2020-10-28, 21:08:32, 23.33, 48.94
2020-10-28, 21:08:34, 23.34, 48.94
2020-10-28, 21:08:35, 23.34, 48.94
2020-10-28, 21:08:36, 23.34, 48.94
2020-10-28, 21:08:38, 23.34, 48.94
2020-10-28, 21:08:39, 23.33, 48.94
2020-10-28, 21:08:40, 23.34, 48.94
2020-10-28, 21:08:42, 23.32, 48.94
2020-10-28, 21:08:43, 23.32, 48.94
2020-10-28, 21:08:45, 23.32, 48.94
2020-10-28, 21:08:46, 23.34, 48.94
2020-10-28, 21:08:47, 23.32, 48.94
2020-10-28, 21:08:49, 23.3, 48.97
2020-10-28, 21:08:50, 23.31, 48.97
2020-10-28, 21:08:51, 23.32, 48.97
2020-10-28, 21:08:53, 23.3, 49.0
2020-10-28, 21:08:54, 23.31, 49.0
2020-10-28, 21:08:55, 23.32, 49.0
2020-10-28, 21:08:57, 23.3, 49.0
2020-10-28, 21:08:58, 23.3, 49.0
2020-10-28, 21:08:59, 23.31, 49.0
2020-10-28, 21:09:01, 23.31, 49.0
2020-10-28, 21:09:02, 23.29, 49.03
2020-10-28, 21:09:03, 23.3, 49.03
2020-10-28, 21:09:05, 23.3, 49.03
2020-10-28, 21:09:06, 23.3, 49.03
2020-10-28, 21:09:08, 23.29, 49.03
2020-10-28, 21:09:09, 23.3, 49.03
2020-10-28, 21:09:10, 23.31, 49.03
2020-10-28, 21:09:12, 23.29, 49.03
2020-10-28, 21:09:13, 23.3, 49.03
2020-10-28, 21:09:14, 23.32, 49.07
2020-10-28, 21:09:16, 23.3, 49.07
2020-10-28, 21:09:19, 23.03, 49.13
2020-10-28, 21:09:20, 23.2, 49.24
2020-10-28, 21:09:22, 23.24, 49.25
2020-10-28, 21:09:23, 23.26, 49.25
2020-10-28, 21:09:24, 23.27, 49.25
2020-10-28, 21:09:26, 23.27, 49.19
2020-10-28, 21:09:27, 23.27, 49.19
2020-10-28, 21:09:28, 23.28, 49.19
2020-10-28, 21:09:30, 23.27, 49.19
2020-10-28, 21:09:31, 23.28, 49.16
2020-10-28, 21:09:33, 23.28, 49.13
2020-10-28, 21:09:34, 23.27, 49.12
2020-10-28, 21:09:35, 23.28, 49.13
2020-10-28, 21:09:37, 23.28, 49.13
2020-10-28, 21:09:38, 23.28, 49.13
2020-10-28, 21:09:39, 23.28, 49.13
2020-10-28, 21:09:41, 23.27, 49.12
2020-10-28, 21:09:42, 23.27, 49.12
2020-10-28, 21:09:43, 23.26, 49.12
2020-10-28, 21:09:45, 23.26, 49.12
2020-10-28, 21:09:46, 23.26, 49.16
2020-10-28, 21:09:47, 23.26, 49.12
2020-10-28, 21:09:49, 23.25, 49.15
2020-10-28, 21:09:50, 23.25, 49.15
2020-10-28, 21:09:52, 23.26, 49.16
2020-10-28, 21:09:53, 23.27, 49.16
2020-10-28, 21:09:54, 23.24, 49.15
2020-10-28, 21:09:56, 23.26, 49.19
2020-10-28, 21:09:57, 23.25, 49.15
2020-10-28, 21:09:58, 23.26, 49.19
2020-10-28, 21:10:00, 23.26, 49.19
2020-10-28, 21:10:01, 23.26, 49.19
2020-10-28, 21:10:02, 23.25, 49.19
2020-10-28, 21:10:04, 23.25, 49.19
2020-10-28, 21:10:05, 23.23, 49.18
2020-10-28, 21:10:06, 23.24, 49.18
2020-10-28, 21:10:08, 23.24, 49.18
2020-10-28, 21:10:09, 23.24, 49.22
2020-10-28, 21:10:11, 23.24, 49.22
2020-10-28, 21:10:12, 23.24, 49.22
2020-10-28, 21:10:13, 23.25, 49.22
2020-10-28, 21:10:15, 23.26, 49.22
2020-10-28, 21:10:16, 23.24, 49.22
2020-10-28, 21:10:17, 23.24, 49.25
2020-10-28, 21:10:19, 23.25, 49.25
2020-10-28, 21:10:20, 23.24, 49.25
2020-10-28, 21:10:21, 23.24, 49.22
2020-10-28, 21:10:23, 23.24, 49.25
2020-10-28, 21:10:24, 23.25, 49.25
2020-10-28, 21:10:25, 23.24, 49.25
2020-10-28, 21:10:27, 23.25, 49.25
2020-10-28, 21:10:28, 23.24, 49.25
2020-10-28, 21:10:30, 23.24, 49.22
2020-10-28, 21:10:31, 23.24, 49.25
2020-10-28, 21:10:32, 23.22, 49.25
2020-10-28, 21:10:34, 23.24, 49.25
2020-10-28, 21:10:35, 23.24, 49.25
2020-10-28, 21:10:36, 23.24, 49.25
2020-10-28, 21:10:38, 23.23, 49.25
2020-10-28, 21:10:39, 23.23, 49.25
2020-10-28, 21:10:40, 23.22, 49.25
2020-10-28, 21:10:42, 23.24, 49.25
2020-10-28, 21:10:43, 23.21, 49.24
2020-10-28, 21:10:45, 23.24, 49.25
2020-10-28, 21:10:46, 23.23, 49.28
2020-10-28, 21:10:47, 23.22, 49.28
2020-10-28, 21:10:49, 23.24, 49.28
2020-10-28, 21:10:50, 23.23, 49.28
2020-10-28, 21:10:51, 23.24, 49.25
2020-10-28, 21:10:53, 23.24, 49.25
2020-10-28, 21:10:54, 23.24, 49.25
2020-10-28, 21:10:55, 23.23, 49.28
2020-10-28, 21:10:57, 23.23, 49.28
2020-10-28, 21:10:58, 23.23, 49.28
2020-10-28, 21:10:59, 23.2, 49.27
2020-10-28, 21:11:01, 23.22, 49.31
2020-10-28, 21:11:02, 23.22, 49.31
2020-10-28, 21:11:04, 23.21, 49.31
2020-10-28, 21:11:05, 23.21, 49.31
2020-10-28, 21:11:06, 23.21, 49.31
2020-10-28, 21:11:08, 23.21, 49.31
2020-10-28, 21:11:09, 23.22, 49.31
2020-10-28, 21:11:10, 23.22, 49.31
2020-10-28, 21:11:12, 23.22, 49.31
2020-10-28, 21:11:13, 23.22, 49.31
2020-10-28, 21:11:14, 23.21, 49.31
2020-10-28, 21:11:16, 23.21, 49.31
2020-10-28, 21:11:17, 23.21, 49.31
2020-10-28, 21:11:18, 23.22, 49.31
2020-10-28, 21:11:20, 23.22, 49.31
2020-10-28, 21:11:21, 23.22, 49.31
2020-10-28, 21:11:23, 23.22, 49.31
2020-10-28, 21:11:24, 23.2, 49.31
2020-10-28, 21:11:25, 23.21, 49.31
2020-10-28, 21:11:27, 23.19, 49.31
2020-10-28, 21:11:28, 23.21, 49.31
2020-10-28, 21:11:29, 23.21, 49.31
2020-10-28, 21:11:31, 23.2, 49.34
2020-10-28, 21:11:32, 23.21, 49.31
2020-10-28, 21:11:33, 23.2, 49.31
2020-10-28, 21:11:35, 23.2, 49.34
2020-10-28, 21:11:36, 23.19, 49.34
2020-10-28, 21:11:37, 23.19, 49.34
2020-10-28, 21:11:39, 23.19, 49.34
2020-10-28, 21:11:40, 23.19, 49.34
2020-10-28, 21:11:42, 23.19, 49.34
2020-10-28, 21:11:43, 23.19, 49.34
2020-10-28, 21:11:44, 23.18, 49.37
2020-10-28, 21:11:46, 23.2, 49.37
2020-10-28, 21:11:47, 23.2, 49.34
2020-10-28, 21:11:48, 23.19, 49.37
2020-10-28, 21:11:50, 23.2, 49.37
2020-10-28, 21:11:51, 23.2, 49.37
2020-10-28, 21:11:52, 23.19, 49.37
2020-10-28, 21:11:54, 23.2, 49.37
2020-10-28, 21:11:55, 23.19, 49.37
2020-10-28, 21:11:56, 23.2, 49.37
2020-10-28, 21:11:58, 23.19, 49.37
2020-10-28, 21:11:59, 23.19, 49.4
2020-10-28, 21:12:01, 23.19, 49.37
2020-10-28, 21:12:02, 23.2, 49.37
2020-10-28, 21:12:03, 23.19, 49.37
2020-10-28, 21:12:05, 23.16, 49.4
2020-10-28, 21:12:06, 23.16, 49.43
2020-10-28, 21:12:07, 23.16, 49.4
2020-10-28, 21:12:09, 23.18, 49.43
2020-10-28, 21:12:10, 23.18, 49.43
2020-10-28, 21:12:11, 23.18, 49.43
2020-10-28, 21:12:13, 23.17, 49.43
2020-10-28, 21:12:14, 23.18, 49.43
2020-10-28, 21:12:15, 23.18, 49.43
2020-10-28, 21:12:17, 23.18, 49.43
2020-10-28, 21:12:18, 23.18, 49.43
2020-10-28, 21:12:20, 23.17, 49.43
2020-10-28, 21:12:21, 23.19, 49.43
2020-10-28, 21:12:22, 23.16, 49.46
2020-10-28, 21:12:24, 23.16, 49.43
2020-10-28, 21:12:25, 23.18, 49.43
2020-10-28, 21:12:26, 23.14, 49.46
2020-10-28, 21:12:28, 23.16, 49.46
2020-10-28, 21:12:29, 23.15, 49.46
2020-10-28, 21:12:30, 23.14, 49.49
2020-10-28, 21:12:32, 23.14, 49.49
2020-10-28, 21:12:33, 23.16, 49.49
2020-10-28, 21:12:35, 23.15, 49.49
2020-10-28, 21:12:36, 23.16, 49.49
2020-10-28, 21:12:37, 23.15, 49.49
2020-10-28, 21:12:39, 23.15, 49.49
2020-10-28, 21:12:40, 23.14, 49.49
2020-10-28, 21:12:41, 23.14, 49.49
2020-10-28, 21:12:43, 23.14, 49.49
2020-10-28, 21:12:44, 23.14, 49.52
2020-10-28, 21:12:45, 23.14, 49.49
2020-10-28, 21:12:47, 23.13, 49.52
2020-10-28, 21:12:48, 23.13, 49.52
2020-10-28, 21:12:49, 23.14, 49.52
2020-10-28, 21:12:51, 23.14, 49.52
2020-10-28, 21:12:52, 23.13, 49.52
2020-10-28, 21:12:54, 23.12, 49.52
2020-10-28, 21:12:55, 23.14, 49.55
2020-10-28, 21:12:56, 23.13, 49.55
2020-10-28, 21:12:58, 23.13, 49.55
2020-10-28, 21:12:59, 23.13, 49.55
2020-10-28, 21:13:00, 23.15, 49.55
2020-10-28, 21:13:02, 23.12, 49.55
2020-10-28, 21:13:03, 23.14, 49.55
2020-10-28, 21:13:04, 23.11, 49.55
2020-10-28, 21:13:06, 23.13, 49.55
2020-10-28, 21:13:07, 23.13, 49.58
2020-10-28, 21:13:08, 23.12, 49.58
2020-10-28, 21:13:10, 23.13, 49.55
2020-10-28, 21:13:11, 23.13, 49.58
2020-10-28, 21:13:13, 23.14, 49.58
2020-10-28, 21:13:14, 23.11, 49.58
2020-10-28, 21:13:15, 23.13, 49.55
2020-10-28, 21:13:17, 23.14, 49.55
2020-10-28, 21:13:18, 23.12, 49.58
2020-10-28, 21:13:19, 23.14, 49.58
2020-10-28, 21:13:21, 23.12, 49.58
2020-10-28, 21:13:22, 23.14, 49.58
2020-10-28, 21:13:23, 23.13, 49.61
2020-10-28, 21:13:25, 23.13, 49.58
2020-10-28, 21:13:26, 23.12, 49.58
2020-10-28, 21:13:27, 23.12, 49.61
2020-10-28, 21:13:29, 23.13, 49.61
2020-10-28, 21:13:30, 23.12, 49.61
2020-10-28, 21:13:32, 23.11, 49.61
2020-10-28, 21:13:33, 23.12, 49.61
2020-10-28, 21:13:34, 23.12, 49.61
2020-10-28, 21:13:36, 23.12, 49.61
2020-10-28, 21:13:37, 23.12, 49.61
2020-10-28, 21:13:38, 23.13, 49.61
2020-10-28, 21:13:40, 23.12, 49.61
2020-10-28, 21:13:41, 23.13, 49.61
2020-10-28, 21:13:42, 23.13, 49.61
2020-10-28, 21:13:44, 23.14, 49.62
2020-10-28, 21:13:45, 23.13, 49.61
2020-10-28, 21:13:46, 23.14, 49.62
2020-10-28, 21:13:48, 23.12, 49.61
2020-10-28, 21:13:49, 23.13, 49.61
2020-10-28, 21:13:51, 23.14, 49.62
2020-10-28, 21:13:52, 23.12, 49.61
2020-10-28, 21:13:53, 23.12, 49.61
2020-10-28, 21:13:55, 23.13, 49.61
2020-10-28, 21:13:56, 23.11, 49.61
2020-10-28, 21:13:57, 23.12, 49.65
2020-10-28, 21:13:59, 23.11, 49.61
2020-10-28, 21:14:00, 23.12, 49.65
2020-10-28, 21:14:01, 23.11, 49.61
2020-10-28, 21:14:03, 23.11, 49.64
2020-10-28, 21:14:04, 23.1, 49.64
2020-10-28, 21:14:05, 23.1, 49.67
2020-10-28, 21:14:07, 23.11, 49.68
2020-10-28, 21:14:08, 23.11, 49.68
2020-10-28, 21:14:09, 23.11, 49.68
2020-10-28, 21:14:11, 23.11, 49.68
2020-10-28, 21:14:12, 23.1, 49.67
2020-10-28, 21:14:14, 23.1, 49.67
2020-10-28, 21:14:15, 23.1, 49.67
2020-10-28, 21:14:16, 23.09, 49.67
2020-10-28, 21:14:18, 23.1, 49.71
2020-10-28, 21:14:19, 23.11, 49.71
2020-10-28, 21:14:20, 23.09, 49.67
2020-10-28, 21:14:22, 23.1, 49.71
2020-10-28, 21:14:23, 23.1, 49.71
2020-10-28, 21:14:24, 23.08, 49.7
2020-10-28, 21:14:26, 23.07, 49.73
2020-10-28, 21:14:27, 23.09, 49.7
2020-10-28, 21:14:28, 23.09, 49.74
2020-10-28, 21:14:30, 23.1, 49.71
2020-10-28, 21:14:31, 23.08, 49.7
2020-10-28, 21:14:33, 23.08, 49.7
2020-10-28, 21:14:34, 23.08, 49.73
2020-10-28, 21:14:35, 23.08, 49.73
2020-10-28, 21:14:37, 23.08, 49.73
2020-10-28, 21:14:38, 23.09, 49.74
2020-10-28, 21:14:39, 23.09, 49.74
2020-10-28, 21:14:41, 23.09, 49.74
2020-10-28, 21:14:42, 23.09, 49.74
2020-10-28, 21:14:43, 23.1, 49.74
2020-10-28, 21:14:45, 23.08, 49.73
2020-10-28, 21:14:46, 23.08, 49.73
2020-10-28, 21:14:47, 23.09, 49.74
2020-10-28, 21:14:49, 23.08, 49.73
2020-10-28, 21:14:50, 23.08, 49.73
2020-10-28, 21:14:52, 23.08, 49.73
2020-10-28, 21:14:53, 23.08, 49.73
2020-10-28, 21:14:54, 23.08, 49.73
2020-10-28, 21:14:56, 23.08, 49.73
2020-10-28, 21:14:57, 23.07, 49.73
2020-10-28, 21:14:58, 23.08, 49.73
2020-10-28, 21:15:00, 23.09, 49.74
2020-10-28, 21:15:01, 23.08, 49.73
2020-10-28, 21:15:02, 23.08, 49.73
2020-10-28, 21:15:04, 23.06, 49.73
2020-10-28, 21:15:05, 23.07, 49.73
2020-10-28, 21:15:06, 23.08, 49.73
2020-10-28, 21:15:08, 23.08, 49.77
2020-10-28, 21:15:09, 23.07, 49.77
2020-10-28, 21:15:10, 23.08, 49.77
2020-10-28, 21:15:12, 23.08, 49.73
2020-10-28, 21:15:13, 23.08, 49.77
2020-10-28, 21:15:15, 23.07, 49.77
2020-10-28, 21:15:16, 23.09, 49.8
2020-10-28, 21:15:17, 23.08, 49.77
2020-10-28, 21:15:19, 23.06, 49.8
2020-10-28, 21:15:20, 23.06, 49.8
2020-10-28, 21:15:21, 23.07, 49.8
2020-10-28, 21:15:23, 23.08, 49.8
2020-10-28, 21:15:24, 23.07, 49.8
2020-10-28, 21:15:25, 23.07, 49.8
2020-10-28, 21:15:27, 23.08, 49.8
2020-10-28, 21:15:28, 23.08, 49.8
2020-10-28, 21:15:30, 23.08, 49.8
2020-10-28, 21:15:31, 23.09, 49.8
2020-10-28, 21:15:32, 23.07, 49.77
2020-10-28, 21:15:34, 23.07, 49.8
2020-10-28, 21:15:35, 23.08, 49.8
2020-10-28, 21:15:36, 23.07, 49.8
2020-10-28, 21:15:38, 23.07, 49.8
2020-10-28, 21:15:39, 23.07, 49.8
2020-10-28, 21:15:40, 23.08, 49.8
2020-10-28, 21:15:42, 23.07, 49.8
2020-10-28, 21:15:43, 23.07, 49.8
2020-10-28, 21:15:44, 23.08, 49.8
2020-10-28, 21:15:46, 23.08, 49.8
2020-10-28, 21:15:47, 23.08, 49.83
2020-10-28, 21:15:49, 23.07, 49.8
2020-10-28, 21:15:50, 23.08, 49.8
2020-10-28, 21:15:51, 23.07, 49.8
2020-10-28, 21:15:53, 23.08, 49.8
2020-10-28, 21:15:54, 23.08, 49.8
2020-10-28, 21:15:55, 23.08, 49.8
2020-10-28, 21:15:57, 23.1, 49.83
2020-10-28, 21:15:58, 23.09, 49.8
2020-10-28, 21:15:59, 23.09, 49.8
2020-10-28, 21:16:01, 23.1, 49.8
2020-10-28, 21:16:02, 23.09, 49.8
2020-10-28, 21:16:03, 23.1, 49.8
2020-10-28, 21:16:05, 23.1, 49.8
2020-10-28, 21:16:06, 23.08, 49.8
2020-10-28, 21:16:08, 23.09, 49.8
2020-10-28, 21:16:09, 23.1, 49.8
2020-10-28, 21:16:10, 23.09, 49.8
2020-10-28, 21:16:12, 23.1, 49.8
2020-10-28, 21:16:13, 23.1, 49.8
2020-10-28, 21:16:14, 23.08, 49.8
2020-10-28, 21:16:16, 23.1, 49.8
2020-10-28, 21:16:17, 23.08, 49.8
2020-10-28, 21:16:18, 23.08, 49.8
2020-10-28, 21:16:20, 23.08, 49.8
2020-10-28, 21:16:21, 23.07, 49.8
2020-10-28, 21:16:22, 23.06, 49.8
2020-10-28, 21:16:24, 23.08, 49.8
2020-10-28, 21:16:25, 23.08, 49.8
2020-10-28, 21:16:27, 23.07, 49.83
2020-10-28, 21:16:28, 23.07, 49.8
2020-10-28, 21:16:29, 23.06, 49.83
2020-10-28, 21:16:31, 23.08, 49.83
2020-10-28, 21:16:32, 23.08, 49.83
2020-10-28, 21:16:33, 23.08, 49.83
2020-10-28, 21:16:35, 23.07, 49.83
2020-10-28, 21:16:36, 23.06, 49.83
2020-10-28, 21:16:37, 23.08, 49.83
2020-10-28, 21:16:39, 23.08, 49.83
2020-10-28, 21:16:40, 23.08, 49.83
2020-10-28, 21:16:42, 23.07, 49.83
2020-10-28, 21:16:43, 23.08, 49.83
2020-10-28, 21:16:44, 23.08, 49.86
2020-10-28, 21:16:46, 23.08, 49.83
2020-10-28, 21:16:47, 23.07, 49.86
2020-10-28, 21:16:48, 23.08, 49.86
2020-10-28, 21:16:50, 23.08, 49.83
2020-10-28, 21:16:51, 23.08, 49.86
2020-10-28, 21:16:52, 23.07, 49.86
2020-10-28, 21:16:54, 23.07, 49.83
2020-10-28, 21:16:55, 23.06, 49.86
2020-10-28, 21:16:56, 23.07, 49.86
2020-10-28, 21:16:58, 23.07, 49.86
2020-10-28, 21:16:59, 23.07, 49.86
2020-10-28, 21:17:01, 23.07, 49.86
2020-10-28, 21:17:02, 23.06, 49.86
2020-10-28, 21:17:03, 23.05, 49.86
2020-10-28, 21:17:05, 23.06, 49.89
2020-10-28, 21:17:06, 23.07, 49.89
2020-10-28, 21:17:07, 23.06, 49.86
2020-10-28, 21:17:09, 23.07, 49.86
2020-10-28, 21:17:10, 23.07, 49.89
2020-10-28, 21:17:11, 23.06, 49.89
2020-10-28, 21:17:13, 23.07, 49.89
2020-10-28, 21:17:14, 23.06, 49.89
2020-10-28, 21:17:15, 23.06, 49.86
2020-10-28, 21:17:17, 23.05, 49.89
2020-10-28, 21:17:18, 23.06, 49.89
2020-10-28, 21:17:20, 23.03, 49.89
2020-10-28, 21:17:21, 23.03, 49.89
2020-10-28, 21:17:22, 23.05, 49.92
2020-10-28, 21:17:24, 23.06, 49.92
2020-10-28, 21:17:25, 23.06, 49.92
2020-10-28, 21:17:26, 23.06, 49.92
2020-10-28, 21:17:28, 23.05, 49.92
2020-10-28, 21:17:29, 23.05, 49.92
2020-10-28, 21:17:30, 23.05, 49.92
2020-10-28, 21:17:32, 23.04, 49.92
2020-10-28, 21:17:33, 23.06, 49.95
2020-10-28, 21:17:34, 23.06, 49.92
2020-10-28, 21:17:36, 23.05, 49.95
2020-10-28, 21:17:37, 23.05, 49.95
2020-10-28, 21:17:39, 23.04, 49.95
2020-10-28, 21:17:40, 23.05, 49.95
2020-10-28, 21:17:41, 23.05, 49.92
2020-10-28, 21:17:43, 23.05, 49.95
2020-10-28, 21:17:44, 23.05, 49.92
2020-10-28, 21:17:45, 23.06, 49.92
2020-10-28, 21:17:47, 23.05, 49.95
2020-10-28, 21:17:48, 23.05, 49.92
2020-10-28, 21:17:49, 23.05, 49.92
2020-10-28, 21:17:51, 23.06, 49.95
2020-10-28, 21:17:52, 23.07, 49.92
2020-10-28, 21:17:53, 23.06, 49.92
2020-10-28, 21:17:55, 23.07, 49.96
2020-10-28, 21:17:56, 23.07, 49.92
2020-10-28, 21:17:58, 23.06, 49.92
2020-10-28, 21:17:59, 23.08, 49.93
2020-10-28, 21:18:00, 23.08, 49.93
2020-10-28, 21:18:02, 23.07, 49.89
2020-10-28, 21:18:03, 23.07, 49.92
2020-10-28, 21:18:04, 23.08, 49.93
2020-10-28, 21:18:06, 23.08, 49.93
2020-10-28, 21:18:07, 23.1, 49.9
2020-10-28, 21:18:08, 23.08, 49.89
2020-10-28, 21:18:10, 23.09, 49.89
2020-10-28, 21:18:11, 23.1, 49.9
2020-10-28, 21:18:12, 23.08, 49.86
2020-10-28, 21:18:14, 23.08, 49.86
2020-10-28, 21:18:15, 23.09, 49.89
2020-10-28, 21:18:17, 23.07, 49.89
2020-10-28, 21:18:18, 23.07, 49.86
2020-10-28, 21:18:19, 23.06, 49.89
2020-10-28, 21:18:21, 23.07, 49.89
2020-10-28, 21:18:22, 23.07, 49.89
2020-10-28, 21:18:23, 23.07, 49.92
2020-10-28, 21:18:25, 23.05, 49.89
2020-10-28, 21:18:26, 23.06, 49.92
2020-10-28, 21:18:27, 23.06, 49.92
2020-10-28, 21:18:29, 23.07, 49.92
2020-10-28, 21:18:30, 23.07, 49.92
2020-10-28, 21:18:31, 23.07, 49.92
2020-10-28, 21:18:33, 23.08, 49.93
2020-10-28, 21:18:34, 23.07, 49.92
2020-10-28, 21:18:36, 23.06, 49.95
2020-10-28, 21:18:37, 23.07, 49.92
2020-10-28, 21:18:38, 23.08, 49.96
2020-10-28, 21:18:40, 23.06, 49.95
2020-10-28, 21:18:41, 23.06, 49.95
2020-10-28, 21:18:42, 23.06, 49.95
2020-10-28, 21:18:44, 23.05, 49.95
2020-10-28, 21:18:45, 23.06, 49.95
2020-10-28, 21:18:46, 23.06, 49.99
2020-10-28, 21:18:48, 23.06, 49.99
2020-10-28, 21:18:49, 23.06, 49.92
2020-10-28, 21:18:50, 23.06, 49.95
2020-10-28, 21:18:52, 23.06, 49.99
2020-10-28, 21:18:53, 23.06, 49.95
2020-10-28, 21:18:54, 23.06, 49.99
2020-10-28, 21:18:56, 23.06, 49.95
2020-10-28, 21:18:57, 23.07, 49.96
2020-10-28, 21:18:59, 23.07, 49.96
2020-10-28, 21:19:00, 23.07, 49.96
2020-10-28, 21:19:01, 23.08, 49.96
2020-10-28, 21:19:03, 23.08, 49.93
2020-10-28, 21:19:04, 23.08, 49.93
2020-10-28, 21:19:05, 23.08, 49.96
2020-10-28, 21:19:07, 23.09, 49.93
2020-10-28, 21:19:08, 23.09, 49.93
2020-10-28, 21:19:09, 23.1, 49.93
2020-10-28, 21:19:11, 23.08, 49.93
2020-10-28, 21:19:12, 23.08, 49.89
2020-10-28, 21:19:13, 23.09, 49.93
2020-10-28, 21:19:15, 23.1, 49.93
2020-10-28, 21:19:16, 23.09, 49.89
2020-10-28, 21:19:18, 23.1, 49.93
2020-10-28, 21:19:19, 23.1, 49.9
2020-10-28, 21:19:20, 23.1, 49.9
2020-10-28, 21:19:22, 23.1, 49.9
2020-10-28, 21:19:23, 23.09, 49.89
2020-10-28, 21:19:24, 23.08, 49.89
2020-10-28, 21:19:26, 23.09, 49.89
2020-10-28, 21:19:27, 23.1, 49.9
2020-10-28, 21:19:28, 23.1, 49.9
2020-10-28, 21:19:30, 23.1, 49.9
2020-10-28, 21:19:31, 23.11, 49.9
2020-10-28, 21:19:32, 23.1, 49.9
2020-10-28, 21:19:34, 23.11, 49.9
2020-10-28, 21:19:35, 23.1, 49.9
2020-10-28, 21:19:36, 23.11, 49.87
2020-10-28, 21:19:38, 23.11, 49.87
2020-10-28, 21:19:39, 23.11, 49.87
2020-10-28, 21:19:41, 23.12, 49.87
2020-10-28, 21:19:42, 23.11, 49.87
2020-10-28, 21:19:43, 23.11, 49.87
2020-10-28, 21:19:45, 23.1, 49.86
2020-10-28, 21:19:46, 23.08, 49.89
2020-10-28, 21:19:47, 23.08, 49.89
2020-10-28, 21:19:49, 23.1, 49.86
2020-10-28, 21:19:50, 23.1, 49.86
2020-10-28, 21:19:51, 23.1, 49.86
2020-10-28, 21:19:53, 23.1, 49.9
2020-10-28, 21:19:54, 23.1, 49.86
2020-10-28, 21:19:55, 23.1, 49.86
2020-10-28, 21:19:57, 23.12, 49.9
2020-10-28, 21:19:58, 23.09, 49.86
2020-10-28, 21:20:00, 23.1, 49.86
2020-10-28, 21:20:01, 23.11, 49.9
2020-10-28, 21:20:02, 23.11, 49.87
2020-10-28, 21:20:04, 23.1, 49.86
2020-10-28, 21:20:05, 23.1, 49.86
2020-10-28, 21:20:06, 23.11, 49.9
2020-10-28, 21:20:08, 23.1, 49.86
2020-10-28, 21:20:09, 23.1, 49.86
2020-10-28, 21:20:10, 23.1, 49.9
2020-10-28, 21:20:12, 23.1, 49.86
2020-10-28, 21:20:13, 23.09, 49.86
2020-10-28, 21:20:14, 23.1, 49.86
2020-10-28, 21:20:16, 23.09, 49.86
2020-10-28, 21:20:17, 23.1, 49.86
2020-10-28, 21:20:19, 23.08, 49.86
2020-10-28, 21:20:20, 23.12, 49.87
2020-10-28, 21:20:21, 23.11, 49.87
2020-10-28, 21:20:23, 23.11, 49.87
2020-10-28, 21:20:24, 23.1, 49.86
2020-10-28, 21:20:25, 23.1, 49.83
2020-10-28, 21:20:27, 23.13, 49.84
2020-10-28, 21:20:28, 23.14, 49.84
2020-10-28, 21:20:29, 23.12, 49.84
2020-10-28, 21:20:31, 23.14, 49.84
2020-10-28, 21:20:32, 23.14, 49.81
2020-10-28, 21:20:33, 23.12, 49.8
2020-10-28, 21:20:35, 23.13, 49.8
2020-10-28, 21:20:36, 23.14, 49.81
2020-10-28, 21:20:38, 23.14, 49.81
2020-10-28, 21:20:39, 23.14, 49.81
2020-10-28, 21:20:40, 23.12, 49.8
2020-10-28, 21:20:42, 23.13, 49.8
2020-10-28, 21:20:43, 23.14, 49.81
2020-10-28, 21:20:44, 23.13, 49.8
2020-10-28, 21:20:46, 23.12, 49.8
2020-10-28, 21:20:47, 23.14, 49.81
2020-10-28, 21:20:48, 23.15, 49.81
2020-10-28, 21:20:50, 23.15, 49.81
2020-10-28, 21:20:51, 23.15, 49.81
2020-10-28, 21:20:52, 23.15, 49.81
2020-10-28, 21:20:54, 23.16, 49.81
2020-10-28, 21:20:55, 23.16, 49.81
2020-10-28, 21:20:57, 23.16, 49.78
2020-10-28, 21:20:58, 23.16, 49.78
2020-10-28, 21:20:59, 23.16, 49.75
2020-10-28, 21:21:01, 23.15, 49.74
2020-10-28, 21:21:02, 23.15, 49.74
2020-10-28, 21:21:03, 23.15, 49.78
2020-10-28, 21:21:05, 23.14, 49.74
2020-10-28, 21:21:06, 23.15, 49.78
2020-10-28, 21:21:07, 23.14, 49.74
2020-10-28, 21:21:09, 23.16, 49.75
2020-10-28, 21:21:10, 23.16, 49.75
2020-10-28, 21:21:11, 23.16, 49.75
2020-10-28, 21:21:13, 23.16, 49.75
2020-10-28, 21:21:14, 23.16, 49.75
2020-10-28, 21:21:15, 23.17, 49.75
2020-10-28, 21:21:17, 23.15, 49.74
2020-10-28, 21:21:18, 23.17, 49.75
2020-10-28, 21:21:20, 23.17, 49.72
2020-10-28, 21:21:21, 23.16, 49.71
2020-10-28, 21:21:22, 23.16, 49.71
2020-10-28, 21:21:24, 23.17, 49.75
2020-10-28, 21:21:25, 23.17, 49.75
2020-10-28, 21:21:26, 23.19, 49.69
2020-10-28, 21:21:28, 23.19, 49.72
2020-10-28, 21:21:29, 23.18, 49.72
2020-10-28, 21:21:30, 23.19, 49.69
2020-10-28, 21:21:32, 23.19, 49.72
2020-10-28, 21:21:33, 23.18, 49.72
2020-10-28, 21:21:35, 23.17, 49.75
2020-10-28, 21:21:36, 23.17, 49.72
2020-10-28, 21:21:37, 23.16, 49.71
2020-10-28, 21:21:39, 23.15, 49.74
2020-10-28, 21:21:40, 23.17, 49.75
2020-10-28, 21:21:41, 23.17, 49.72
2020-10-28, 21:21:43, 23.17, 49.72
2020-10-28, 21:21:44, 23.16, 49.75
2020-10-28, 21:21:45, 23.17, 49.75
2020-10-28, 21:21:47, 23.17, 49.75
2020-10-28, 21:21:48, 23.16, 49.75
2020-10-28, 21:21:49, 23.14, 49.74
2020-10-28, 21:21:51, 23.16, 49.78
2020-10-28, 21:21:52, 23.16, 49.78
2020-10-28, 21:21:54, 23.17, 49.78
2020-10-28, 21:21:55, 23.16, 49.78
2020-10-28, 21:21:56, 23.16, 49.75
2020-10-28, 21:21:58, 23.18, 49.75
2020-10-28, 21:21:59, 23.18, 49.75
2020-10-28, 21:22:00, 23.16, 49.75
2020-10-28, 21:22:02, 23.18, 49.75
2020-10-28, 21:22:03, 23.18, 49.75
2020-10-28, 21:22:04, 23.18, 49.72
2020-10-28, 21:22:06, 23.18, 49.75
2020-10-28, 21:22:07, 23.18, 49.75
2020-10-28, 21:22:09, 23.18, 49.75
2020-10-28, 21:22:10, 23.16, 49.75
2020-10-28, 21:22:11, 23.17, 49.75
2020-10-28, 21:22:13, 23.17, 49.75
2020-10-28, 21:22:14, 23.18, 49.75
2020-10-28, 21:22:15, 23.18, 49.72
2020-10-28, 21:22:17, 23.18, 49.75
2020-10-28, 21:22:18, 23.18, 49.75
2020-10-28, 21:22:19, 23.17, 49.75
2020-10-28, 21:22:21, 23.18, 49.75
2020-10-28, 21:22:22, 23.18, 49.75
2020-10-28, 21:22:23, 23.16, 49.71
2020-10-28, 21:22:25, 23.17, 49.75
2020-10-28, 21:22:26, 23.16, 49.75
2020-10-28, 21:22:28, 23.15, 49.74
2020-10-28, 21:22:29, 23.18, 49.75
2020-10-28, 21:22:30, 23.18, 49.75
2020-10-28, 21:22:32, 23.19, 49.75
2020-10-28, 21:22:33, 23.18, 49.75
2020-10-28, 21:22:34, 23.18, 49.75
2020-10-28, 21:22:36, 23.18, 49.72
2020-10-28, 21:22:37, 23.18, 49.75
2020-10-28, 21:22:38, 23.18, 49.72
2020-10-28, 21:22:40, 23.18, 49.72
2020-10-28, 21:22:41, 23.2, 49.72
2020-10-28, 21:22:42, 23.17, 49.72
2020-10-28, 21:22:44, 23.18, 49.72
2020-10-28, 21:22:45, 23.2, 49.72
2020-10-28, 21:22:47, 23.21, 49.72
2020-10-28, 21:22:48, 23.2, 49.72
2020-10-28, 21:22:49, 23.2, 49.72
2020-10-28, 21:22:51, 23.21, 49.69
2020-10-28, 21:22:52, 23.21, 49.69
2020-10-28, 21:22:53, 23.21, 49.72
2020-10-28, 21:22:55, 23.21, 49.72
2020-10-28, 21:22:56, 23.22, 49.69
2020-10-28, 21:22:57, 23.21, 49.69
2020-10-28, 21:22:59, 23.21, 49.69
2020-10-28, 21:23:00, 23.2, 49.69
2020-10-28, 21:23:01, 23.21, 49.69
2020-10-28, 21:23:03, 23.21, 49.69
2020-10-28, 21:23:04, 23.21, 49.72
2020-10-28, 21:23:05, 23.2, 49.69
2020-10-28, 21:23:07, 23.21, 49.69
2020-10-28, 21:23:08, 23.22, 49.69
2020-10-28, 21:23:10, 23.2, 49.72
2020-10-28, 21:23:11, 23.19, 49.69
2020-10-28, 21:23:12, 23.2, 49.72
2020-10-28, 21:23:14, 23.22, 49.69
2020-10-28, 21:23:15, 23.2, 49.69
2020-10-28, 21:23:16, 23.2, 49.69
2020-10-28, 21:23:18, 23.22, 49.72
2020-10-28, 21:23:19, 23.22, 49.69
2020-10-28, 21:23:20, 23.22, 49.72
2020-10-28, 21:23:22, 23.23, 49.69
2020-10-28, 21:23:23, 23.23, 49.69
2020-10-28, 21:23:25, 23.22, 49.69
2020-10-28, 21:23:26, 23.23, 49.69
2020-10-28, 21:23:27, 23.24, 49.69
2020-10-28, 21:23:29, 23.24, 49.69
2020-10-28, 21:23:30, 23.24, 49.69
2020-10-28, 21:23:31, 23.25, 49.69
2020-10-28, 21:23:33, 23.24, 49.66
2020-10-28, 21:23:34, 23.24, 49.69
2020-10-28, 21:23:35, 23.27, 49.66
2020-10-28, 21:23:37, 23.25, 49.66
2020-10-28, 21:23:38, 23.26, 49.63
2020-10-28, 21:23:39, 23.25, 49.63
2020-10-28, 21:23:41, 23.25, 49.63
2020-10-28, 21:23:42, 23.24, 49.63
2020-10-28, 21:23:44, 23.24, 49.63
2020-10-28, 21:23:45, 23.26, 49.63
2020-10-28, 21:23:46, 23.24, 49.63
2020-10-28, 21:23:48, 23.24, 49.63
2020-10-28, 21:23:49, 23.25, 49.63
2020-10-28, 21:23:50, 23.26, 49.63
2020-10-28, 21:23:52, 23.24, 49.63
2020-10-28, 21:23:53, 23.25, 49.63
2020-10-28, 21:23:54, 23.26, 49.63
2020-10-28, 21:23:56, 23.26, 49.63
2020-10-28, 21:23:57, 23.26, 49.63
2020-10-28, 21:23:58, 23.25, 49.63
2020-10-28, 21:24:00, 23.26, 49.63
2020-10-28, 21:24:01, 23.26, 49.63
2020-10-28, 21:24:03, 23.25, 49.63
2020-10-28, 21:24:04, 23.25, 49.63
2020-10-28, 21:24:05, 23.25, 49.63
2020-10-28, 21:24:07, 23.26, 49.6
2020-10-28, 21:24:08, 23.26, 49.63
2020-10-28, 21:24:09, 23.25, 49.63
2020-10-28, 21:24:11, 23.25, 49.6
2020-10-28, 21:24:12, 23.26, 49.63
2020-10-28, 21:24:13, 23.26, 49.63
2020-10-28, 21:24:15, 23.26, 49.6
2020-10-28, 21:24:16, 23.26, 49.63
2020-10-28, 21:24:17, 23.26, 49.6
2020-10-28, 21:24:19, 23.26, 49.6
2020-10-28, 21:24:20, 23.26, 49.6
2020-10-28, 21:24:22, 23.26, 49.6
2020-10-28, 21:24:23, 23.26, 49.6
2020-10-28, 21:24:24, 23.27, 49.6
2020-10-28, 21:24:26, 23.25, 49.6
2020-10-28, 21:24:27, 23.25, 49.63
2020-10-28, 21:24:28, 23.26, 49.63
2020-10-28, 21:24:30, 23.26, 49.63
2020-10-28, 21:24:31, 23.26, 49.63
2020-10-28, 21:24:32, 23.26, 49.63
2020-10-28, 21:24:34, 23.26, 49.63
2020-10-28, 21:24:35, 23.26, 49.63
2020-10-28, 21:24:36, 23.25, 49.6
2020-10-28, 21:24:38, 23.27, 49.6
2020-10-28, 21:24:39, 23.26, 49.57
2020-10-28, 21:24:41, 23.26, 49.57
2020-10-28, 21:24:42, 23.28, 49.57
2020-10-28, 21:24:43, 23.26, 49.57
2020-10-28, 21:24:45, 23.28, 49.57
2020-10-28, 21:24:46, 23.27, 49.57
2020-10-28, 21:24:47, 23.27, 49.57
2020-10-28, 21:24:49, 23.29, 49.57
2020-10-28, 21:24:50, 23.29, 49.57
2020-10-28, 21:24:51, 23.28, 49.57
2020-10-28, 21:24:53, 23.28, 49.57
2020-10-28, 21:24:54, 23.28, 49.57
2020-10-28, 21:24:55, 23.28, 49.57
2020-10-28, 21:24:57, 23.29, 49.57
2020-10-28, 21:24:58, 23.28, 49.57
2020-10-28, 21:25:00, 23.29, 49.57
2020-10-28, 21:25:01, 23.29, 49.57
2020-10-28, 21:25:02, 23.29, 49.57
2020-10-28, 21:25:04, 23.3, 49.57
2020-10-28, 21:25:05, 23.29, 49.54
2020-10-28, 21:25:06, 23.3, 49.57
2020-10-28, 21:25:08, 23.29, 49.54
2020-10-28, 21:25:09, 23.3, 49.54
2020-10-28, 21:25:10, 23.31, 49.57
2020-10-28, 21:25:12, 23.31, 49.54
2020-10-28, 21:25:13, 23.31, 49.54
2020-10-28, 21:25:14, 23.3, 49.54
2020-10-28, 21:25:16, 23.3, 49.54
2020-10-28, 21:25:17, 23.3, 49.54
2020-10-28, 21:25:19, 23.3, 49.57
2020-10-28, 21:25:20, 23.29, 49.57
2020-10-28, 21:25:21, 23.28, 49.57
2020-10-28, 21:25:23, 23.3, 49.57
2020-10-28, 21:25:24, 23.3, 49.57
2020-10-28, 21:25:25, 23.32, 49.58
2020-10-28, 21:25:27, 23.32, 49.54
2020-10-28, 21:25:28, 23.31, 49.54
2020-10-28, 21:25:30, 23.3, 49.51
2020-10-28, 21:25:31, 23.31, 49.51
2020-10-28, 21:25:32, 23.33, 49.51
2020-10-28, 21:25:34, 23.33, 49.51
2020-10-28, 21:25:35, 23.32, 49.48
2020-10-28, 21:25:36, 23.33, 49.48
2020-10-28, 21:25:38, 23.34, 49.48
2020-10-28, 21:25:39, 23.32, 49.45
2020-10-28, 21:25:40, 23.33, 49.45
2020-10-28, 21:25:42, 23.34, 49.45
2020-10-28, 21:25:43, 23.34, 49.45
2020-10-28, 21:25:44, 23.34, 49.45
2020-10-28, 21:25:46, 23.35, 49.42
2020-10-28, 21:25:47, 23.36, 49.45
2020-10-28, 21:25:48, 23.36, 49.42
2020-10-28, 21:25:50, 23.36, 49.42
2020-10-28, 21:25:51, 23.37, 49.42
2020-10-28, 21:25:53, 23.36, 49.42
2020-10-28, 21:25:54, 23.37, 49.39
2020-10-28, 21:25:55, 23.36, 49.39
2020-10-28, 21:25:57, 23.35, 49.39
2020-10-28, 21:25:58, 23.37, 49.39
2020-10-28, 21:25:59, 23.37, 49.39
2020-10-28, 21:26:01, 23.36, 49.39
2020-10-28, 21:26:02, 23.38, 49.39
2020-10-28, 21:26:03, 23.37, 49.39
2020-10-28, 21:26:05, 23.35, 49.39
2020-10-28, 21:26:06, 23.36, 49.39
2020-10-28, 21:26:07, 23.37, 49.39
2020-10-28, 21:26:09, 23.36, 49.39
2020-10-28, 21:26:10, 23.38, 49.39
2020-10-28, 21:26:12, 23.39, 49.39
2020-10-28, 21:26:13, 23.37, 49.39
2020-10-28, 21:26:14, 23.38, 49.39
2020-10-28, 21:26:16, 23.36, 49.39
2020-10-28, 21:26:17, 23.37, 49.39
2020-10-28, 21:26:18, 23.38, 49.39
2020-10-28, 21:26:20, 23.38, 49.36
2020-10-28, 21:26:21, 23.38, 49.36
2020-10-28, 21:26:22, 23.38, 49.39
2020-10-28, 21:26:24, 23.36, 49.36
2020-10-28, 21:26:25, 23.37, 49.36
2020-10-28, 21:26:26, 23.37, 49.36
2020-10-28, 21:26:28, 23.38, 49.36
2020-10-28, 21:26:29, 23.38, 49.39
2020-10-28, 21:26:31, 23.36, 49.36
2020-10-28, 21:26:32, 23.35, 49.39
2020-10-28, 21:26:33, 23.37, 49.39
2020-10-28, 21:26:35, 23.36, 49.39
2020-10-28, 21:26:36, 23.36, 49.39
2020-10-28, 21:26:37, 23.38, 49.39
2020-10-28, 21:26:39, 23.36, 49.39
2020-10-28, 21:26:40, 23.37, 49.39
2020-10-28, 21:26:41, 23.37, 49.36
2020-10-28, 21:26:43, 23.36, 49.39
2020-10-28, 21:26:44, 23.36, 49.39
2020-10-28, 21:26:45, 23.36, 49.39
2020-10-28, 21:26:47, 23.36, 49.36
2020-10-28, 21:26:48, 23.37, 49.39
2020-10-28, 21:26:50, 23.38, 49.39
2020-10-28, 21:26:51, 23.38, 49.39
2020-10-28, 21:26:52, 23.39, 49.36
2020-10-28, 21:26:54, 23.39, 49.36
2020-10-28, 21:26:55, 23.4, 49.33
2020-10-28, 21:26:56, 23.41, 49.33
2020-10-28, 21:26:58, 23.4, 49.33
2020-10-28, 21:26:59, 23.41, 49.33
2020-10-28, 21:27:00, 23.41, 49.33
2020-10-28, 21:27:02, 23.41, 49.33
2020-10-28, 21:27:03, 23.41, 49.33
2020-10-28, 21:27:04, 23.41, 49.33
2020-10-28, 21:27:06, 23.41, 49.3
2020-10-28, 21:27:07, 23.41, 49.3
2020-10-28, 21:27:09, 23.42, 49.3
2020-10-28, 21:27:10, 23.41, 49.3
2020-10-28, 21:27:11, 23.42, 49.27
2020-10-28, 21:27:13, 23.42, 49.3
2020-10-28, 21:27:14, 23.42, 49.3
2020-10-28, 21:27:15, 23.4, 49.3
2020-10-28, 21:27:17, 23.42, 49.27
2020-10-28, 21:27:18, 23.42, 49.27
2020-10-28, 21:27:19, 23.42, 49.27
2020-10-28, 21:27:21, 23.42, 49.27
2020-10-28, 21:27:22, 23.43, 49.27
2020-10-28, 21:27:23, 23.43, 49.27
2020-10-28, 21:27:25, 23.43, 49.27
2020-10-28, 21:27:26, 23.42, 49.27
2020-10-28, 21:27:27, 23.42, 49.27
2020-10-28, 21:27:29, 23.42, 49.27
2020-10-28, 21:27:30, 23.44, 49.27
2020-10-28, 21:27:32, 23.42, 49.27
2020-10-28, 21:27:33, 23.42, 49.27
2020-10-28, 21:27:34, 23.42, 49.27
2020-10-28, 21:27:36, 23.43, 49.27
2020-10-28, 21:27:37, 23.42, 49.27
2020-10-28, 21:27:38, 23.43, 49.27
2020-10-28, 21:27:40, 23.42, 49.27
2020-10-28, 21:27:41, 23.42, 49.27
2020-10-28, 21:27:42, 23.42, 49.27
2020-10-28, 21:27:44, 23.42, 49.24
2020-10-28, 21:27:45, 23.4, 49.27
2020-10-28, 21:27:46, 23.42, 49.27
2020-10-28, 21:27:48, 23.39, 49.27
2020-10-28, 21:27:49, 23.42, 49.24
2020-10-28, 21:27:51, 23.42, 49.27
2020-10-28, 21:27:52, 23.43, 49.27
2020-10-28, 21:27:53, 23.42, 49.27
2020-10-28, 21:27:55, 23.42, 49.27
2020-10-28, 21:27:56, 23.42, 49.24
2020-10-28, 21:27:57, 23.43, 49.24
2020-10-28, 21:27:59, 23.41, 49.24
2020-10-28, 21:28:00, 23.42, 49.24
2020-10-28, 21:28:01, 23.43, 49.24
2020-10-28, 21:28:03, 23.42, 49.24
2020-10-28, 21:28:04, 23.41, 49.21
2020-10-28, 21:28:06, 23.43, 49.27
2020-10-28, 21:28:07, 23.42, 49.24
2020-10-28, 21:28:08, 23.43, 49.24
2020-10-28, 21:28:10, 23.42, 49.24
2020-10-28, 21:28:11, 23.43, 49.24
2020-10-28, 21:28:12, 23.44, 49.24
2020-10-28, 21:28:14, 23.44, 49.21
2020-10-28, 21:28:15, 23.44, 49.21
2020-10-28, 21:28:16, 23.45, 49.21
2020-10-28, 21:28:18, 23.43, 49.21
2020-10-28, 21:28:19, 23.43, 49.21
2020-10-28, 21:28:20, 23.44, 49.21
2020-10-28, 21:28:22, 23.43, 49.21
2020-10-28, 21:28:23, 23.44, 49.21
2020-10-28, 21:28:24, 23.44, 49.18
2020-10-28, 21:28:26, 23.42, 49.18
2020-10-28, 21:28:27, 23.43, 49.21
2020-10-28, 21:28:29, 23.42, 49.21
2020-10-28, 21:28:30, 23.44, 49.18
2020-10-28, 21:28:31, 23.41, 49.21
2020-10-28, 21:28:33, 23.43, 49.21
2020-10-28, 21:28:34, 23.45, 49.21
2020-10-28, 21:28:35, 23.43, 49.21
2020-10-28, 21:28:37, 23.42, 49.21
2020-10-28, 21:28:38, 23.44, 49.21
2020-10-28, 21:28:39, 23.45, 49.21
2020-10-28, 21:28:41, 23.44, 49.18
2020-10-28, 21:28:42, 23.45, 49.18
2020-10-28, 21:28:43, 23.45, 49.18
2020-10-28, 21:28:45, 23.45, 49.18
2020-10-28, 21:28:46, 23.45, 49.18
2020-10-28, 21:28:48, 23.45, 49.18
2020-10-28, 21:28:49, 23.46, 49.18
2020-10-28, 21:28:50, 23.46, 49.18
2020-10-28, 21:28:52, 23.46, 49.18
2020-10-28, 21:28:53, 23.46, 49.15
2020-10-28, 21:28:54, 23.46, 49.15
2020-10-28, 21:28:56, 23.47, 49.15
2020-10-28, 21:28:57, 23.44, 49.15
2020-10-28, 21:28:58, 23.44, 49.15
2020-10-28, 21:29:00, 23.45, 49.15
2020-10-28, 21:29:01, 23.46, 49.15
2020-10-28, 21:29:02, 23.45, 49.15
2020-10-28, 21:29:04, 23.45, 49.15
2020-10-28, 21:29:05, 23.46, 49.15
2020-10-28, 21:29:06, 23.45, 49.15
2020-10-28, 21:29:08, 23.44, 49.15
2020-10-28, 21:29:09, 23.44, 49.15
2020-10-28, 21:29:11, 23.44, 49.12
2020-10-28, 21:29:12, 23.45, 49.12
2020-10-28, 21:29:13, 23.44, 49.15
2020-10-28, 21:29:15, 23.44, 49.12
2020-10-28, 21:29:16, 23.45, 49.15
2020-10-28, 21:29:17, 23.44, 49.15
2020-10-28, 21:29:19, 23.46, 49.15
2020-10-28, 21:29:20, 23.45, 49.12
2020-10-28, 21:29:21, 23.46, 49.12
2020-10-28, 21:29:23, 23.46, 49.12
2020-10-28, 21:29:24, 23.47, 49.12
2020-10-28, 21:29:25, 23.46, 49.12
2020-10-28, 21:29:27, 23.46, 49.09
2020-10-28, 21:29:28, 23.46, 49.09
2020-10-28, 21:29:30, 23.47, 49.12
2020-10-28, 21:29:31, 23.46, 49.12
2020-10-28, 21:29:32, 23.47, 49.12
2020-10-28, 21:29:34, 23.46, 49.09
2020-10-28, 21:29:35, 23.46, 49.09
2020-10-28, 21:29:36, 23.45, 49.08
2020-10-28, 21:29:38, 23.46, 49.09
2020-10-28, 21:29:39, 23.46, 49.05
2020-10-28, 21:29:40, 23.47, 49.09
2020-10-28, 21:29:42, 23.44, 49.08
2020-10-28, 21:29:43, 23.46, 49.09
2020-10-28, 21:29:44, 23.47, 49.09
2020-10-28, 21:29:46, 23.47, 49.06
2020-10-28, 21:29:47, 23.47, 49.06
2020-10-28, 21:29:49, 23.48, 49.06
2020-10-28, 21:29:50, 23.48, 49.06
2020-10-28, 21:29:51, 23.46, 49.05
2020-10-28, 21:29:53, 23.46, 49.05
2020-10-28, 21:29:54, 23.47, 49.06
2020-10-28, 21:29:55, 23.48, 49.06
2020-10-28, 21:29:57, 23.48, 49.06
2020-10-28, 21:29:58, 23.47, 49.06
2020-10-28, 21:29:59, 23.48, 49.09
2020-10-28, 21:30:01, 23.45, 49.05
2020-10-28, 21:30:02, 23.46, 49.05
2020-10-28, 21:30:04, 23.47, 49.06
2020-10-28, 21:30:05, 23.46, 49.05
2020-10-28, 21:30:06, 23.48, 49.06
2020-10-28, 21:30:08, 23.47, 49.06
2020-10-28, 21:30:09, 23.46, 49.05
2020-10-28, 21:30:10, 23.47, 49.09
2020-10-28, 21:30:12, 23.46, 49.09
2020-10-28, 21:30:13, 23.47, 49.06
2020-10-28, 21:30:14, 23.45, 49.08
2020-10-28, 21:30:16, 23.48, 49.06
2020-10-28, 21:30:17, 23.46, 49.05
2020-10-28, 21:30:18, 23.47, 49.06
2020-10-28, 21:30:20, 23.45, 49.05
2020-10-28, 21:30:21, 23.46, 49.02
2020-10-28, 21:30:23, 23.45, 49.02
2020-10-28, 21:30:24, 23.46, 49.02
2020-10-28, 21:30:25, 23.46, 49.02
2020-10-28, 21:30:27, 23.46, 49.02
2020-10-28, 21:30:28, 23.48, 49.02
2020-10-28, 21:30:29, 23.46, 49.02
2020-10-28, 21:30:31, 23.46, 49.02
2020-10-28, 21:30:32, 23.47, 49.06
2020-10-28, 21:30:33, 23.48, 49.06
2020-10-28, 21:30:35, 23.48, 49.02
2020-10-28, 21:30:36, 23.48, 49.02
2020-10-28, 21:30:37, 23.49, 49.03
2020-10-28, 21:30:39, 23.48, 49.02
2020-10-28, 21:30:40, 23.48, 49.02
2020-10-28, 21:30:42, 23.48, 49.02
2020-10-28, 21:30:43, 23.48, 49.02
2020-10-28, 21:30:44, 23.47, 48.99
2020-10-28, 21:30:46, 23.48, 48.99
2020-10-28, 21:30:48, 23.26, 49.0
2020-10-28, 21:30:49, 23.4, 49.11
2020-10-28, 21:30:51, 23.42, 49.14
2020-10-28, 21:30:52, 23.44, 49.12
2020-10-28, 21:30:54, 23.44, 49.12
2020-10-28, 21:30:55, 23.45, 49.08
2020-10-28, 21:30:56, 23.46, 49.05
2020-10-28, 21:30:58, 23.45, 49.05
2020-10-28, 21:30:59, 23.45, 49.05
2020-10-28, 21:31:00, 23.45, 49.02
2020-10-28, 21:31:02, 23.45, 49.02
2020-10-28, 21:31:03, 23.46, 49.02
2020-10-28, 21:31:04, 23.45, 49.02
2020-10-28, 21:31:06, 23.47, 49.02
2020-10-28, 21:31:07, 23.46, 49.02
2020-10-28, 21:31:09, 23.47, 49.02
2020-10-28, 21:31:10, 23.46, 49.02
2020-10-28, 21:31:11, 23.46, 48.99
2020-10-28, 21:31:13, 23.46, 48.99
2020-10-28, 21:31:14, 23.46, 48.99
2020-10-28, 21:31:15, 23.46, 48.99
2020-10-28, 21:31:17, 23.46, 48.99
2020-10-28, 21:31:18, 23.47, 49.02
2020-10-28, 21:31:19, 23.48, 49.02
2020-10-28, 21:31:21, 23.46, 48.99
2020-10-28, 21:31:22, 23.47, 48.99
2020-10-28, 21:31:23, 23.46, 49.02
2020-10-28, 21:31:25, 23.47, 48.99
2020-10-28, 21:31:26, 23.46, 48.96
2020-10-28, 21:31:28, 23.46, 48.99
2020-10-28, 21:31:29, 23.46, 48.96
2020-10-28, 21:31:30, 23.45, 48.96
2020-10-28, 21:31:32, 23.46, 48.96
2020-10-28, 21:31:33, 23.45, 48.96
2020-10-28, 21:31:34, 23.46, 48.96
2020-10-28, 21:31:36, 23.45, 48.96
2020-10-28, 21:31:37, 23.45, 48.96
2020-10-28, 21:31:38, 23.44, 48.96
2020-10-28, 21:31:40, 23.45, 48.96
2020-10-28, 21:31:41, 23.45, 48.96
2020-10-28, 21:31:42, 23.45, 48.96
2020-10-28, 21:31:44, 23.45, 48.96
2020-10-28, 21:31:45, 23.46, 48.96
2020-10-28, 21:31:46, 23.46, 48.96
2020-10-28, 21:31:48, 23.46, 48.96
2020-10-28, 21:31:49, 23.45, 48.96
2020-10-28, 21:31:51, 23.45, 48.96
2020-10-28, 21:31:52, 23.46, 48.96
2020-10-28, 21:31:53, 23.46, 48.96
2020-10-28, 21:31:55, 23.44, 48.96
2020-10-28, 21:31:56, 23.44, 48.96
2020-10-28, 21:31:57, 23.44, 48.96
2020-10-28, 21:31:59, 23.44, 48.96
2020-10-28, 21:32:00, 23.45, 48.96
2020-10-28, 21:32:01, 23.44, 48.96
2020-10-28, 21:32:03, 23.44, 48.96
2020-10-28, 21:32:04, 23.44, 48.96
2020-10-28, 21:32:05, 23.44, 48.96
2020-10-28, 21:32:07, 23.45, 48.96
2020-10-28, 21:32:08, 23.44, 48.99
2020-10-28, 21:32:10, 23.44, 48.96
2020-10-28, 21:32:11, 23.43, 48.95
2020-10-28, 21:32:12, 23.43, 48.99
2020-10-28, 21:32:14, 23.42, 48.99
2020-10-28, 21:32:15, 23.44, 48.99
2020-10-28, 21:32:16, 23.43, 48.99
2020-10-28, 21:32:18, 23.42, 48.99
2020-10-28, 21:32:19, 23.43, 48.99
2020-10-28, 21:32:20, 23.43, 48.99
2020-10-28, 21:32:22, 23.44, 48.99
2020-10-28, 21:32:23, 23.42, 48.95
2020-10-28, 21:32:24, 23.42, 48.95
2020-10-28, 21:32:26, 23.42, 48.95
2020-10-28, 21:32:27, 23.42, 48.99
2020-10-28, 21:32:28, 23.42, 48.95
2020-10-28, 21:32:30, 23.42, 48.99
2020-10-28, 21:32:31, 23.43, 48.95
2020-10-28, 21:32:33, 23.42, 48.99
2020-10-28, 21:32:34, 23.43, 49.02
2020-10-28, 21:32:35, 23.42, 48.95
2020-10-28, 21:32:37, 23.42, 48.95
2020-10-28, 21:32:38, 23.42, 48.99
2020-10-28, 21:32:39, 23.42, 48.99
2020-10-28, 21:32:41, 23.41, 48.98
2020-10-28, 21:32:42, 23.42, 48.99
2020-10-28, 21:32:43, 23.42, 49.02
2020-10-28, 21:32:45, 23.41, 48.98
2020-10-28, 21:32:46, 23.42, 48.99
2020-10-28, 21:32:47, 23.42, 48.99
2020-10-28, 21:32:49, 23.42, 48.99
2020-10-28, 21:32:50, 23.42, 48.99
2020-10-28, 21:32:52, 23.4, 48.98
2020-10-28, 21:32:53, 23.41, 48.98
2020-10-28, 21:32:54, 23.41, 48.98
2020-10-28, 21:32:56, 23.41, 48.98
2020-10-28, 21:32:57, 23.41, 48.98
2020-10-28, 21:32:58, 23.41, 49.02
2020-10-28, 21:33:00, 23.4, 49.01
2020-10-28, 21:33:01, 23.41, 49.02
2020-10-28, 21:33:02, 23.42, 49.02
2020-10-28, 21:33:04, 23.41, 49.02
2020-10-28, 21:33:05, 23.42, 49.02
2020-10-28, 21:33:06, 23.42, 48.99
2020-10-28, 21:33:08, 23.42, 49.02
2020-10-28, 21:33:09, 23.42, 49.02
2020-10-28, 21:33:11, 23.42, 49.02
2020-10-28, 21:33:12, 23.41, 49.02
2020-10-28, 21:33:13, 23.41, 49.02
2020-10-28, 21:33:15, 23.42, 49.02
2020-10-28, 21:33:16, 23.41, 49.02
2020-10-28, 21:33:17, 23.4, 49.01
2020-10-28, 21:33:19, 23.41, 49.02
2020-10-28, 21:33:20, 23.42, 49.02
2020-10-28, 21:33:21, 23.41, 49.02
2020-10-28, 21:33:23, 23.42, 49.02
2020-10-28, 21:33:24, 23.42, 49.02
2020-10-28, 21:33:25, 23.41, 49.02
2020-10-28, 21:33:27, 23.4, 49.05
2020-10-28, 21:33:28, 23.4, 49.01
2020-10-28, 21:33:29, 23.41, 49.02
2020-10-28, 21:33:31, 23.42, 49.02
2020-10-28, 21:33:32, 23.41, 49.02
2020-10-28, 21:33:34, 23.4, 49.05
2020-10-28, 21:33:35, 23.41, 49.05
2020-10-28, 21:33:36, 23.4, 49.01
2020-10-28, 21:33:38, 23.4, 49.01
2020-10-28, 21:33:39, 23.4, 49.01
2020-10-28, 21:33:40, 23.41, 49.02
2020-10-28, 21:33:42, 23.42, 49.02
2020-10-28, 21:33:43, 23.41, 49.02
2020-10-28, 21:33:44, 23.42, 49.02
2020-10-28, 21:33:46, 23.42, 49.02
2020-10-28, 21:33:47, 23.41, 49.02
2020-10-28, 21:33:48, 23.41, 49.02
2020-10-28, 21:33:50, 23.41, 48.98
2020-10-28, 21:33:51, 23.42, 48.99
2020-10-28, 21:33:53, 23.43, 49.02
2020-10-28, 21:33:54, 23.43, 48.99
2020-10-28, 21:33:55, 23.42, 49.02
2020-10-28, 21:33:57, 23.42, 48.99
2020-10-28, 21:33:58, 23.42, 49.02
2020-10-28, 21:33:59, 23.42, 48.99
2020-10-28, 21:34:01, 23.42, 49.02
2020-10-28, 21:34:02, 23.44, 49.02
2020-10-28, 21:34:03, 23.42, 49.02
2020-10-28, 21:34:05, 23.42, 48.99
2020-10-28, 21:34:06, 23.42, 48.99
2020-10-28, 21:34:07, 23.44, 49.02
2020-10-28, 21:34:09, 23.42, 49.02
2020-10-28, 21:34:10, 23.43, 49.02
2020-10-28, 21:34:12, 23.42, 49.02
2020-10-28, 21:34:13, 23.43, 49.02
2020-10-28, 21:34:14, 23.43, 49.02
2020-10-28, 21:34:16, 23.43, 49.02
2020-10-28, 21:34:17, 23.43, 49.02
2020-10-28, 21:34:18, 23.42, 48.99
2020-10-28, 21:34:20, 23.42, 49.02
2020-10-28, 21:34:21, 23.44, 49.02
2020-10-28, 21:34:22, 23.42, 49.02
2020-10-28, 21:34:24, 23.43, 49.02
2020-10-28, 21:34:25, 23.42, 49.02
2020-10-28, 21:34:26, 23.4, 49.01
2020-10-28, 21:34:28, 23.4, 49.01
2020-10-28, 21:34:29, 23.42, 49.02
2020-10-28, 21:34:31, 23.4, 49.01
2020-10-28, 21:34:32, 23.4, 49.01
2020-10-28, 21:34:33, 23.39, 49.01
2020-10-28, 21:34:35, 23.4, 49.01
2020-10-28, 21:34:36, 23.4, 49.01
2020-10-28, 21:34:37, 23.4, 49.01
2020-10-28, 21:34:39, 23.4, 49.01
2020-10-28, 21:34:40, 23.41, 49.05
2020-10-28, 21:34:41, 23.4, 49.05
2020-10-28, 21:34:43, 23.4, 49.05
2020-10-28, 21:34:44, 23.39, 49.05
2020-10-28, 21:34:46, 23.41, 49.05
2020-10-28, 21:34:47, 23.41, 49.02
2020-10-28, 21:34:48, 23.41, 49.02
2020-10-28, 21:34:50, 23.42, 49.02
2020-10-28, 21:34:51, 23.41, 49.05
2020-10-28, 21:34:52, 23.41, 49.02
2020-10-28, 21:34:54, 23.41, 49.05
2020-10-28, 21:34:55, 23.4, 49.01
2020-10-28, 21:34:56, 23.4, 49.01
2020-10-28, 21:34:58, 23.4, 49.01
2020-10-28, 21:34:59, 23.4, 49.05
2020-10-28, 21:35:00, 23.39, 49.05
2020-10-28, 21:35:02, 23.41, 49.05
2020-10-28, 21:35:03, 23.4, 49.05
2020-10-28, 21:35:05, 23.39, 49.05
2020-10-28, 21:35:06, 23.4, 49.05
2020-10-28, 21:35:07, 23.41, 49.05
2020-10-28, 21:35:09, 23.4, 49.08
2020-10-28, 21:35:10, 23.4, 49.05
2020-10-28, 21:35:11, 23.39, 49.05
2020-10-28, 21:35:13, 23.39, 49.08
2020-10-28, 21:35:14, 23.39, 49.01
2020-10-28, 21:35:15, 23.4, 49.01
2020-10-28, 21:35:17, 23.39, 49.05
2020-10-28, 21:35:18, 23.39, 49.08
2020-10-28, 21:35:19, 23.4, 49.05
2020-10-28, 21:35:21, 23.38, 49.04
2020-10-28, 21:35:22, 23.39, 49.05
2020-10-28, 21:35:23, 23.38, 49.08
2020-10-28, 21:35:25, 23.39, 49.08
2020-10-28, 21:35:26, 23.39, 49.08
2020-10-28, 21:35:28, 23.38, 49.08
2020-10-28, 21:35:29, 23.38, 49.08
2020-10-28, 21:35:30, 23.38, 49.08
2020-10-28, 21:35:32, 23.37, 49.07
2020-10-28, 21:35:33, 23.38, 49.08
2020-10-28, 21:35:34, 23.37, 49.11
2020-10-28, 21:35:36, 23.38, 49.11
2020-10-28, 21:35:37, 23.38, 49.11
2020-10-28, 21:35:38, 23.37, 49.07
2020-10-28, 21:35:40, 23.38, 49.11
2020-10-28, 21:35:41, 23.38, 49.08
2020-10-28, 21:35:42, 23.37, 49.07
2020-10-28, 21:35:44, 23.38, 49.11
2020-10-28, 21:35:45, 23.38, 49.08
2020-10-28, 21:35:46, 23.38, 49.08
2020-10-28, 21:35:48, 23.38, 49.11
2020-10-28, 21:35:49, 23.36, 49.1
2020-10-28, 21:35:51, 23.37, 49.11
2020-10-28, 21:35:52, 23.35, 49.1
2020-10-28, 21:35:53, 23.37, 49.11
2020-10-28, 21:35:55, 23.37, 49.11
2020-10-28, 21:35:56, 23.38, 49.11
2020-10-28, 21:35:57, 23.38, 49.11
2020-10-28, 21:35:59, 23.38, 49.11
2020-10-28, 21:36:00, 23.36, 49.1
2020-10-28, 21:36:01, 23.37, 49.11
2020-10-28, 21:36:03, 23.38, 49.11
2020-10-28, 21:36:04, 23.38, 49.11
2020-10-28, 21:36:05, 23.37, 49.11
2020-10-28, 21:36:07, 23.39, 49.11
2020-10-28, 21:36:08, 23.38, 49.11
2020-10-28, 21:36:10, 23.4, 49.11
2020-10-28, 21:36:11, 23.37, 49.14
2020-10-28, 21:36:12, 23.38, 49.11
2020-10-28, 21:36:14, 23.38, 49.11
2020-10-28, 21:36:15, 23.4, 49.14
2020-10-28, 21:36:16, 23.38, 49.11
2020-10-28, 21:36:18, 23.39, 49.14
2020-10-28, 21:36:19, 23.4, 49.11
2020-10-28, 21:36:20, 23.4, 49.11
2020-10-28, 21:36:22, 23.4, 49.11
2020-10-28, 21:36:23, 23.39, 49.14
2020-10-28, 21:36:25, 23.4, 49.14
2020-10-28, 21:36:26, 23.4, 49.11
2020-10-28, 21:36:27, 23.4, 49.11
2020-10-28, 21:36:29, 23.39, 49.14
2020-10-28, 21:36:30, 23.39, 49.08
2020-10-28, 21:36:31, 23.4, 49.11
2020-10-28, 21:36:33, 23.39, 49.11
2020-10-28, 21:36:34, 23.4, 49.08
2020-10-28, 21:36:35, 23.39, 49.11
2020-10-28, 21:36:37, 23.39, 49.11
2020-10-28, 21:36:38, 23.4, 49.11
2020-10-28, 21:36:39, 23.4, 49.08
2020-10-28, 21:36:41, 23.38, 49.11
2020-10-28, 21:36:42, 23.4, 49.11
2020-10-28, 21:36:44, 23.39, 49.11
2020-10-28, 21:36:45, 23.39, 49.14
2020-10-28, 21:36:46, 23.4, 49.11
2020-10-28, 21:36:48, 23.39, 49.11
2020-10-28, 21:36:49, 23.38, 49.11
2020-10-28, 21:36:50, 23.4, 49.11
2020-10-28, 21:36:52, 23.4, 49.11
2020-10-28, 21:36:53, 23.4, 49.11
2020-10-28, 21:36:54, 23.41, 49.11
2020-10-28, 21:36:56, 23.4, 49.11
2020-10-28, 21:36:57, 23.4, 49.11
2020-10-28, 21:36:58, 23.4, 49.14
2020-10-28, 21:37:00, 23.37, 49.14
2020-10-28, 21:37:01, 23.39, 49.14
2020-10-28, 21:37:03, 23.4, 49.14
2020-10-28, 21:37:04, 23.38, 49.14
2020-10-28, 21:37:05, 23.36, 49.17
2020-10-28, 21:37:07, 23.38, 49.14
2020-10-28, 21:37:08, 23.39, 49.14
2020-10-28, 21:37:09, 23.36, 49.14
2020-10-28, 21:37:11, 23.38, 49.17
2020-10-28, 21:37:12, 23.39, 49.17
2020-10-28, 21:37:13, 23.38, 49.17
2020-10-28, 21:37:15, 23.39, 49.14
2020-10-28, 21:37:16, 23.38, 49.17
2020-10-28, 21:37:17, 23.39, 49.17
2020-10-28, 21:37:19, 23.4, 49.14
2020-10-28, 21:37:20, 23.38, 49.14
2020-10-28, 21:37:22, 23.39, 49.14
2020-10-28, 21:37:23, 23.41, 49.14
2020-10-28, 21:37:24, 23.4, 49.14
2020-10-28, 21:37:26, 23.4, 49.14
2020-10-28, 21:37:27, 23.4, 49.14
2020-10-28, 21:37:28, 23.4, 49.14
2020-10-28, 21:37:30, 23.4, 49.14
2020-10-28, 21:37:31, 23.41, 49.14
2020-10-28, 21:37:32, 23.4, 49.14
2020-10-28, 21:37:34, 23.4, 49.14
2020-10-28, 21:37:35, 23.4, 49.11
2020-10-28, 21:37:36, 23.41, 49.11
2020-10-28, 21:37:38, 23.4, 49.14
2020-10-28, 21:37:39, 23.4, 49.11
2020-10-28, 21:37:40, 23.4, 49.11
2020-10-28, 21:37:42, 23.4, 49.11
2020-10-28, 21:37:43, 23.4, 49.11
2020-10-28, 21:37:45, 23.39, 49.14
2020-10-28, 21:37:46, 23.4, 49.14
2020-10-28, 21:37:47, 23.4, 49.11
2020-10-28, 21:37:49, 23.4, 49.14
2020-10-28, 21:37:50, 23.4, 49.14
2020-10-28, 21:37:51, 23.41, 49.14
2020-10-28, 21:37:53, 23.41, 49.14
2020-10-28, 21:37:54, 23.4, 49.14
2020-10-28, 21:37:55, 23.39, 49.14
2020-10-28, 21:37:57, 23.4, 49.14
2020-10-28, 21:37:58, 23.39, 49.14
2020-10-28, 21:37:59, 23.41, 49.14
2020-10-28, 21:38:01, 23.4, 49.14
2020-10-28, 21:38:02, 23.4, 49.14
2020-10-28, 21:38:03, 23.41, 49.14
2020-10-28, 21:38:05, 23.39, 49.14
2020-10-28, 21:38:06, 23.4, 49.14
2020-10-28, 21:38:08, 23.4, 49.14
2020-10-28, 21:38:09, 23.4, 49.14
2020-10-28, 21:38:10, 23.4, 49.14
2020-10-28, 21:38:12, 23.38, 49.14
2020-10-28, 21:38:13, 23.39, 49.14
2020-10-28, 21:38:14, 23.4, 49.17
2020-10-28, 21:38:16, 23.4, 49.17
2020-10-28, 21:38:17, 23.39, 49.17
2020-10-28, 21:38:18, 23.39, 49.17
2020-10-28, 21:38:20, 23.4, 49.21
2020-10-28, 21:38:21, 23.39, 49.17
2020-10-28, 21:38:22, 23.38, 49.2
2020-10-28, 21:38:24, 23.4, 49.17
2020-10-28, 21:38:25, 23.4, 49.17
2020-10-28, 21:38:27, 23.39, 49.2
2020-10-28, 21:38:28, 23.4, 49.21
2020-10-28, 21:38:29, 23.4, 49.21
2020-10-28, 21:38:31, 23.4, 49.17
2020-10-28, 21:38:32, 23.39, 49.2
2020-10-28, 21:38:33, 23.41, 49.17
2020-10-28, 21:38:35, 23.4, 49.21
2020-10-28, 21:38:36, 23.4, 49.17
2020-10-28, 21:38:37, 23.41, 49.21
2020-10-28, 21:38:39, 23.41, 49.17
2020-10-28, 21:38:40, 23.4, 49.17
2020-10-28, 21:38:41, 23.4, 49.17
2020-10-28, 21:38:43, 23.4, 49.21
2020-10-28, 21:38:44, 23.4, 49.21
2020-10-28, 21:38:46, 23.38, 49.2
2020-10-28, 21:38:47, 23.4, 49.21
2020-10-28, 21:38:48, 23.39, 49.2
2020-10-28, 21:38:50, 23.39, 49.2
2020-10-28, 21:38:51, 23.4, 49.21
2020-10-28, 21:38:52, 23.4, 49.21
2020-10-28, 21:38:54, 23.37, 49.2
2020-10-28, 21:38:55, 23.39, 49.2
2020-10-28, 21:38:56, 23.39, 49.2
2020-10-28, 21:38:58, 23.4, 49.21
2020-10-28, 21:38:59, 23.41, 49.21
2020-10-28, 21:39:00, 23.39, 49.2
2020-10-28, 21:39:02, 23.4, 49.21
2020-10-28, 21:39:03, 23.4, 49.21
2020-10-28, 21:39:05, 23.36, 49.2
2020-10-28, 21:39:06, 23.4, 49.24
2020-10-28, 21:39:07, 23.4, 49.21
2020-10-28, 21:39:09, 23.4, 49.21
2020-10-28, 21:39:10, 23.41, 49.21
2020-10-28, 21:39:11, 23.41, 49.21
2020-10-28, 21:39:13, 23.42, 49.21
2020-10-28, 21:39:14, 23.42, 49.21
2020-10-28, 21:39:15, 23.41, 49.21
2020-10-28, 21:39:17, 23.42, 49.21
2020-10-28, 21:39:18, 23.41, 49.21
2020-10-28, 21:39:19, 23.42, 49.21
2020-10-28, 21:39:21, 23.42, 49.21
2020-10-28, 21:39:22, 23.41, 49.21
2020-10-28, 21:39:23, 23.42, 49.21
2020-10-28, 21:39:25, 23.42, 49.21
2020-10-28, 21:39:26, 23.42, 49.21
2020-10-28, 21:39:28, 23.41, 49.21
2020-10-28, 21:39:29, 23.41, 49.21
2020-10-28, 21:39:30, 23.4, 49.21
2020-10-28, 21:39:32, 23.39, 49.2
2020-10-28, 21:39:33, 23.4, 49.24
2020-10-28, 21:39:34, 23.4, 49.24
2020-10-28, 21:39:36, 23.4, 49.24
2020-10-28, 21:39:37, 23.4, 49.24
2020-10-28, 21:39:38, 23.39, 49.24
2020-10-28, 21:39:40, 23.41, 49.21
2020-10-28, 21:39:41, 23.4, 49.24
2020-10-28, 21:39:42, 23.4, 49.24
2020-10-28, 21:39:44, 23.39, 49.24
2020-10-28, 21:39:45, 23.4, 49.24
2020-10-28, 21:39:46, 23.42, 49.21
2020-10-28, 21:39:48, 23.4, 49.24
2020-10-28, 21:39:49, 23.4, 49.21
2020-10-28, 21:39:51, 23.42, 49.21
2020-10-28, 21:39:52, 23.42, 49.21
2020-10-28, 21:39:53, 23.42, 49.21
2020-10-28, 21:39:55, 23.42, 49.21
2020-10-28, 21:39:56, 23.41, 49.21
2020-10-28, 21:39:57, 23.42, 49.21
2020-10-28, 21:39:59, 23.4, 49.21
2020-10-28, 21:40:00, 23.41, 49.21
2020-10-28, 21:40:01, 23.41, 49.21
2020-10-28, 21:40:03, 23.41, 49.21
2020-10-28, 21:40:04, 23.41, 49.21
2020-10-28, 21:40:05, 23.41, 49.21
2020-10-28, 21:40:07, 23.42, 49.21
2020-10-28, 21:40:08, 23.42, 49.21
2020-10-28, 21:40:10, 23.4, 49.21
2020-10-28, 21:40:11, 23.42, 49.21
2020-10-28, 21:40:12, 23.41, 49.21
2020-10-28, 21:40:14, 23.42, 49.21
2020-10-28, 21:40:15, 23.4, 49.21
2020-10-28, 21:40:16, 23.4, 49.21
2020-10-28, 21:40:18, 23.4, 49.21
2020-10-28, 21:40:19, 23.39, 49.24
2020-10-28, 21:40:20, 23.39, 49.24
2020-10-28, 21:40:22, 23.39, 49.24
2020-10-28, 21:40:23, 23.41, 49.24
2020-10-28, 21:40:24, 23.4, 49.24
2020-10-28, 21:40:26, 23.39, 49.24
2020-10-28, 21:40:27, 23.4, 49.21
2020-10-28, 21:40:29, 23.4, 49.24
2020-10-28, 21:40:30, 23.4, 49.21
2020-10-28, 21:40:31, 23.39, 49.2
2020-10-28, 21:40:33, 23.4, 49.21
2020-10-28, 21:40:34, 23.4, 49.21
2020-10-28, 21:40:35, 23.4, 49.21
2020-10-28, 21:40:37, 23.41, 49.21
2020-10-28, 21:40:38, 23.4, 49.21
2020-10-28, 21:40:39, 23.41, 49.21
2020-10-28, 21:40:41, 23.41, 49.21
2020-10-28, 21:40:42, 23.4, 49.21
2020-10-28, 21:40:43, 23.4, 49.24
2020-10-28, 21:40:45, 23.4, 49.21
2020-10-28, 21:40:46, 23.4, 49.24
2020-10-28, 21:40:48, 23.38, 49.23
2020-10-28, 21:40:49, 23.4, 49.24
2020-10-28, 21:40:50, 23.4, 49.24
2020-10-28, 21:40:52, 23.4, 49.27
2020-10-28, 21:40:53, 23.4, 49.27
2020-10-28, 21:40:54, 23.39, 49.27
2020-10-28, 21:40:56, 23.39, 49.27
2020-10-28, 21:40:57, 23.4, 49.27
2020-10-28, 21:40:58, 23.39, 49.27
2020-10-28, 21:41:00, 23.4, 49.24
2020-10-28, 21:41:01, 23.42, 49.24
2020-10-28, 21:41:02, 23.42, 49.27
2020-10-28, 21:41:04, 23.41, 49.24
2020-10-28, 21:41:05, 23.42, 49.24
2020-10-28, 21:41:07, 23.41, 49.27
2020-10-28, 21:41:08, 23.41, 49.24
2020-10-28, 21:41:09, 23.41, 49.27
2020-10-28, 21:41:11, 23.4, 49.24
2020-10-28, 21:41:12, 23.41, 49.24
2020-10-28, 21:41:13, 23.4, 49.27
2020-10-28, 21:41:15, 23.39, 49.24
2020-10-28, 21:41:16, 23.4, 49.27
2020-10-28, 21:41:17, 23.4, 49.27
2020-10-28, 21:41:19, 23.4, 49.27
2020-10-28, 21:41:20, 23.4, 49.24
2020-10-28, 21:41:21, 23.4, 49.27
2020-10-28, 21:41:23, 23.41, 49.27
2020-10-28, 21:41:24, 23.41, 49.27
2020-10-28, 21:41:25, 23.4, 49.27
2020-10-28, 21:41:27, 23.4, 49.27
2020-10-28, 21:41:28, 23.4, 49.27
2020-10-28, 21:41:30, 23.42, 49.24
2020-10-28, 21:41:31, 23.4, 49.24
2020-10-28, 21:41:32, 23.4, 49.24
2020-10-28, 21:41:34, 23.41, 49.27
2020-10-28, 21:41:35, 23.41, 49.27
2020-10-28, 21:41:36, 23.41, 49.27
2020-10-28, 21:41:38, 23.4, 49.27
2020-10-28, 21:41:39, 23.4, 49.27
2020-10-28, 21:41:40, 23.4, 49.27
2020-10-28, 21:41:42, 23.38, 49.3
2020-10-28, 21:41:43, 23.4, 49.3
2020-10-28, 21:41:44, 23.41, 49.3
2020-10-28, 21:41:46, 23.39, 49.3
2020-10-28, 21:41:47, 23.4, 49.3
2020-10-28, 21:41:49, 23.4, 49.3
2020-10-28, 21:41:50, 23.41, 49.3
2020-10-28, 21:41:51, 23.4, 49.3
2020-10-28, 21:41:53, 23.41, 49.3
2020-10-28, 21:41:54, 23.4, 49.3
2020-10-28, 21:41:55, 23.4, 49.3
2020-10-28, 21:41:57, 23.39, 49.27
2020-10-28, 21:41:58, 23.4, 49.33
2020-10-28, 21:41:59, 23.4, 49.3
2020-10-28, 21:42:01, 23.4, 49.3
2020-10-28, 21:42:02, 23.41, 49.3
2020-10-28, 21:42:03, 23.41, 49.27
2020-10-28, 21:42:05, 23.4, 49.27
2020-10-28, 21:42:06, 23.4, 49.27
2020-10-28, 21:42:07, 23.41, 49.27
2020-10-28, 21:42:09, 23.4, 49.27
2020-10-28, 21:42:10, 23.4, 49.27
2020-10-28, 21:42:12, 23.4, 49.27
2020-10-28, 21:42:13, 23.4, 49.27
2020-10-28, 21:42:14, 23.42, 49.3
2020-10-28, 21:42:16, 23.4, 49.27
2020-10-28, 21:42:17, 23.42, 49.27
2020-10-28, 21:42:18, 23.42, 49.27
2020-10-28, 21:42:20, 23.42, 49.27
2020-10-28, 21:42:21, 23.42, 49.24
2020-10-28, 21:42:22, 23.42, 49.27
2020-10-28, 21:42:24, 23.43, 49.24
2020-10-28, 21:42:25, 23.42, 49.24
2020-10-28, 21:42:26, 23.44, 49.27
2020-10-28, 21:42:28, 23.43, 49.27
2020-10-28, 21:42:29, 23.43, 49.21
2020-10-28, 21:42:30, 23.44, 49.24
2020-10-28, 21:42:32, 23.43, 49.24
2020-10-28, 21:42:33, 23.44, 49.24
2020-10-28, 21:42:35, 23.43, 49.21
2020-10-28, 21:42:36, 23.44, 49.21
2020-10-28, 21:42:37, 23.43, 49.21
2020-10-28, 21:42:39, 23.45, 49.21
2020-10-28, 21:42:40, 23.44, 49.21
2020-10-28, 21:42:41, 23.46, 49.21
2020-10-28, 21:42:43, 23.47, 49.21
2020-10-28, 21:42:44, 23.46, 49.18
2020-10-28, 21:42:45, 23.45, 49.18
2020-10-28, 21:42:47, 23.45, 49.18
2020-10-28, 21:42:48, 23.46, 49.15
2020-10-28, 21:42:49, 23.46, 49.18
2020-10-28, 21:42:51, 23.46, 49.15
2020-10-28, 21:42:52, 23.46, 49.15
2020-10-28, 21:42:54, 23.46, 49.15
2020-10-28, 21:42:55, 23.47, 49.15
2020-10-28, 21:42:56, 23.46, 49.15
2020-10-28, 21:42:58, 23.46, 49.15
2020-10-28, 21:42:59, 23.47, 49.15
2020-10-28, 21:43:00, 23.47, 49.15
2020-10-28, 21:43:02, 23.47, 49.15
2020-10-28, 21:43:03, 23.47, 49.15
2020-10-28, 21:43:04, 23.48, 49.15
2020-10-28, 21:43:06, 23.48, 49.15
2020-10-28, 21:43:07, 23.47, 49.15
2020-10-28, 21:43:08, 23.46, 49.15
2020-10-28, 21:43:10, 23.46, 49.15
2020-10-28, 21:43:11, 23.48, 49.15
2020-10-28, 21:43:12, 23.47, 49.15
2020-10-28, 21:43:14, 23.47, 49.15
2020-10-28, 21:43:15, 23.47, 49.15
2020-10-28, 21:43:17, 23.47, 49.15
2020-10-28, 21:43:18, 23.46, 49.15
2020-10-28, 21:43:19, 23.48, 49.15
2020-10-28, 21:43:21, 23.46, 49.15
2020-10-28, 21:43:22, 23.46, 49.15
2020-10-28, 21:43:23, 23.47, 49.15
2020-10-28, 21:43:25, 23.48, 49.15
2020-10-28, 21:43:26, 23.46, 49.15
2020-10-28, 21:43:27, 23.47, 49.15
2020-10-28, 21:43:29, 23.47, 49.15
2020-10-28, 21:43:30, 23.48, 49.15
2020-10-28, 21:43:31, 23.48, 49.15
2020-10-28, 21:43:33, 23.48, 49.15
2020-10-28, 21:43:34, 23.47, 49.15
2020-10-28, 21:43:36, 23.46, 49.15
2020-10-28, 21:43:37, 23.46, 49.15
2020-10-28, 21:43:38, 23.46, 49.15
2020-10-28, 21:43:40, 23.46, 49.15
2020-10-28, 21:43:41, 23.46, 49.15
2020-10-28, 21:43:42, 23.48, 49.15
2020-10-28, 21:43:44, 23.48, 49.15
2020-10-28, 21:43:45, 23.5, 49.15
2020-10-28, 21:43:46, 23.48, 49.15
2020-10-28, 21:43:48, 23.48, 49.15
2020-10-28, 21:43:49, 23.5, 49.15
2020-10-28, 21:43:50, 23.5, 49.12
2020-10-28, 21:43:52, 23.48, 49.12
2020-10-28, 21:43:53, 23.49, 49.12
2020-10-28, 21:43:54, 23.48, 49.15
2020-10-28, 21:43:56, 23.5, 49.12
2020-10-28, 21:43:57, 23.5, 49.15
2020-10-28, 21:43:59, 23.51, 49.12
2020-10-28, 21:44:00, 23.5, 49.12
2020-10-28, 21:44:01, 23.51, 49.12
2020-10-28, 21:44:03, 23.52, 49.13
2020-10-28, 21:44:04, 23.51, 49.12
2020-10-28, 21:44:05, 23.51, 49.12
2020-10-28, 21:44:07, 23.5, 49.09
2020-10-28, 21:44:08, 23.51, 49.12
2020-10-28, 21:44:09, 23.52, 49.13
2020-10-28, 21:44:11, 23.52, 49.09
2020-10-28, 21:44:12, 23.52, 49.09
2020-10-28, 21:44:13, 23.52, 49.09
2020-10-28, 21:44:15, 23.52, 49.09
2020-10-28, 21:44:16, 23.51, 49.09
2020-10-28, 21:44:18, 23.52, 49.09
2020-10-28, 21:44:19, 23.51, 49.09
2020-10-28, 21:44:20, 23.49, 49.12
2020-10-28, 21:44:22, 23.51, 49.09
2020-10-28, 21:44:23, 23.52, 49.13
2020-10-28, 21:44:24, 23.5, 49.15
2020-10-28, 21:44:26, 23.5, 49.15
2020-10-28, 21:44:27, 23.49, 49.12
2020-10-28, 21:44:28, 23.5, 49.15
2020-10-28, 21:44:30, 23.51, 49.12
2020-10-28, 21:44:31, 23.52, 49.16
2020-10-28, 21:44:32, 23.5, 49.15
2020-10-28, 21:44:34, 23.5, 49.12
2020-10-28, 21:44:35, 23.5, 49.15
2020-10-28, 21:44:37, 23.51, 49.16
2020-10-28, 21:44:38, 23.49, 49.12
2020-10-28, 21:44:39, 23.5, 49.15
2020-10-28, 21:44:41, 23.52, 49.16
2020-10-28, 21:44:42, 23.51, 49.12
2020-10-28, 21:44:43, 23.52, 49.16
2020-10-28, 21:44:45, 23.52, 49.16
2020-10-28, 21:44:46, 23.52, 49.13
2020-10-28, 21:44:47, 23.52, 49.13
2020-10-28, 21:44:49, 23.51, 49.12
2020-10-28, 21:44:50, 23.5, 49.12
2020-10-28, 21:44:51, 23.52, 49.09
2020-10-28, 21:44:53, 23.52, 49.13
2020-10-28, 21:44:54, 23.52, 49.13
2020-10-28, 21:44:56, 23.51, 49.12
2020-10-28, 21:44:57, 23.51, 49.12
2020-10-28, 21:44:58, 23.52, 49.13
2020-10-28, 21:45:00, 23.5, 49.09
2020-10-28, 21:45:01, 23.52, 49.13
2020-10-28, 21:45:02, 23.52, 49.13
2020-10-28, 21:45:04, 23.53, 49.13
2020-10-28, 21:45:05, 23.53, 49.1
2020-10-28, 21:45:06, 23.52, 49.09
2020-10-28, 21:45:08, 23.53, 49.1
2020-10-28, 21:45:09, 23.54, 49.1
2020-10-28, 21:45:10, 23.52, 49.09
2020-10-28, 21:45:12, 23.53, 49.1
2020-10-28, 21:45:13, 23.53, 49.1
2020-10-28, 21:45:15, 23.52, 49.09
2020-10-28, 21:45:16, 23.52, 49.06
2020-10-28, 21:45:17, 23.51, 49.06
2020-10-28, 21:45:19, 23.51, 49.09
2020-10-28, 21:45:20, 23.52, 49.09
2020-10-28, 21:45:21, 23.51, 49.06
2020-10-28, 21:45:23, 23.51, 49.09
2020-10-28, 21:45:24, 23.52, 49.06
2020-10-28, 21:45:25, 23.52, 49.09
2020-10-28, 21:45:27, 23.51, 49.09
2020-10-28, 21:45:28, 23.51, 49.09
2020-10-28, 21:45:29, 23.51, 49.09
2020-10-28, 21:45:31, 23.51, 49.06
2020-10-28, 21:45:32, 23.49, 49.06
2020-10-28, 21:45:34, 23.5, 49.09
2020-10-28, 21:45:35, 23.5, 49.09
2020-10-28, 21:45:36, 23.5, 49.09
2020-10-28, 21:45:38, 23.5, 49.09
2020-10-28, 21:45:39, 23.51, 49.09
2020-10-28, 21:45:40, 23.51, 49.09
2020-10-28, 21:45:42, 23.5, 49.09
2020-10-28, 21:45:43, 23.51, 49.09
2020-10-28, 21:45:44, 23.5, 49.09
2020-10-28, 21:45:46, 23.5, 49.09
2020-10-28, 21:45:47, 23.5, 49.09
2020-10-28, 21:45:49, 23.5, 49.06
2020-10-28, 21:45:50, 23.51, 49.09
2020-10-28, 21:45:51, 23.5, 49.09
2020-10-28, 21:45:53, 23.51, 49.09
2020-10-28, 21:45:54, 23.52, 49.06
2020-10-28, 21:45:55, 23.51, 49.06
2020-10-28, 21:45:57, 23.5, 49.09
2020-10-28, 21:45:58, 23.51, 49.06
2020-10-28, 21:45:59, 23.52, 49.09
2020-10-28, 21:46:01, 23.51, 49.06
2020-10-28, 21:46:02, 23.52, 49.06
2020-10-28, 21:46:03, 23.52, 49.06
2020-10-28, 21:46:05, 23.52, 49.06
2020-10-28, 21:46:06, 23.5, 49.06
2020-10-28, 21:46:07, 23.5, 49.03
2020-10-28, 21:46:09, 23.51, 49.06
2020-10-28, 21:46:10, 23.51, 49.03
2020-10-28, 21:46:12, 23.51, 49.06
2020-10-28, 21:46:13, 23.5, 49.06
2020-10-28, 21:46:14, 23.51, 49.03
2020-10-28, 21:46:16, 23.49, 49.09
2020-10-28, 21:46:17, 23.5, 49.06
2020-10-28, 21:46:18, 23.5, 49.06
2020-10-28, 21:46:20, 23.49, 49.06
2020-10-28, 21:46:21, 23.48, 49.06
2020-10-28, 21:46:22, 23.48, 49.06
2020-10-28, 21:46:24, 23.5, 49.06
2020-10-28, 21:46:25, 23.5, 49.06
2020-10-28, 21:46:26, 23.49, 49.06
2020-10-28, 21:46:28, 23.49, 49.09
2020-10-28, 21:46:29, 23.5, 49.06
2020-10-28, 21:46:31, 23.51, 49.06
2020-10-28, 21:46:32, 23.5, 49.09
2020-10-28, 21:46:33, 23.51, 49.09
2020-10-28, 21:46:35, 23.48, 49.09
2020-10-28, 21:46:36, 23.5, 49.09
2020-10-28, 21:46:37, 23.48, 49.09
2020-10-28, 21:46:39, 23.5, 49.06
2020-10-28, 21:46:40, 23.5, 49.06
2020-10-28, 21:46:41, 23.5, 49.06
2020-10-28, 21:46:43, 23.5, 49.06
2020-10-28, 21:46:44, 23.49, 49.06
2020-10-28, 21:46:46, 23.48, 49.06
2020-10-28, 21:46:47, 23.48, 49.02
2020-10-28, 21:46:48, 23.47, 49.02
2020-10-28, 21:46:50, 23.5, 49.06
2020-10-28, 21:46:51, 23.5, 49.06
2020-10-28, 21:46:52, 23.5, 49.06
2020-10-28, 21:46:54, 23.51, 49.03
2020-10-28, 21:46:55, 23.51, 49.03
2020-10-28, 21:46:56, 23.51, 49.03
2020-10-28, 21:46:58, 23.51, 49.03
2020-10-28, 21:46:59, 23.52, 49.03
2020-10-28, 21:47:00, 23.51, 49.03
2020-10-28, 21:47:02, 23.51, 49.03
2020-10-28, 21:47:03, 23.52, 49.03
2020-10-28, 21:47:05, 23.5, 49.03
2020-10-28, 21:47:06, 23.51, 49.03
2020-10-28, 21:47:07, 23.5, 49.03
2020-10-28, 21:47:09, 23.52, 49.03
2020-10-28, 21:47:10, 23.51, 49.03
2020-10-28, 21:47:11, 23.51, 49.03
2020-10-28, 21:47:13, 23.5, 49.03
2020-10-28, 21:47:14, 23.52, 49.03
2020-10-28, 21:47:15, 23.52, 49.03
2020-10-28, 21:47:17, 23.51, 49.03
2020-10-28, 21:47:18, 23.5, 49.03
2020-10-28, 21:47:19, 23.5, 49.0
2020-10-28, 21:47:21, 23.51, 49.03
2020-10-28, 21:47:22, 23.5, 49.03
2020-10-28, 21:47:24, 23.52, 49.03
2020-10-28, 21:47:25, 23.51, 49.03
2020-10-28, 21:47:26, 23.5, 49.03
2020-10-28, 21:47:28, 23.52, 49.0
2020-10-28, 21:47:29, 23.5, 49.03
2020-10-28, 21:47:30, 23.52, 49.03
2020-10-28, 21:47:32, 23.51, 49.0
2020-10-28, 21:47:33, 23.52, 49.0
2020-10-28, 21:47:34, 23.52, 49.03
2020-10-28, 21:47:36, 23.52, 49.0
2020-10-28, 21:47:37, 23.52, 49.0
2020-10-28, 21:47:38, 23.52, 49.0
2020-10-28, 21:47:40, 23.52, 49.0
2020-10-28, 21:47:41, 23.52, 49.0
2020-10-28, 21:47:42, 23.52, 49.0
2020-10-28, 21:47:44, 23.52, 49.0
2020-10-28, 21:47:45, 23.53, 49.0
2020-10-28, 21:47:47, 23.52, 49.0
2020-10-28, 21:47:48, 23.52, 49.0
2020-10-28, 21:47:49, 23.52, 49.0
2020-10-28, 21:47:51, 23.52, 48.97
2020-10-28, 21:47:52, 23.52, 48.97
2020-10-28, 21:47:53, 23.52, 48.97
2020-10-28, 21:47:55, 23.53, 49.0
2020-10-28, 21:47:56, 23.52, 48.97
2020-10-28, 21:47:57, 23.53, 48.97
2020-10-28, 21:47:59, 23.53, 48.97
2020-10-28, 21:48:00, 23.52, 48.97
2020-10-28, 21:48:01, 23.52, 49.0
2020-10-28, 21:48:03, 23.53, 48.97
2020-10-28, 21:48:04, 23.53, 48.97
2020-10-28, 21:48:06, 23.54, 49.0
2020-10-28, 21:48:07, 23.54, 48.97
2020-10-28, 21:48:08, 23.52, 48.97
2020-10-28, 21:48:10, 23.52, 48.97
2020-10-28, 21:48:11, 23.51, 49.0
2020-10-28, 21:48:12, 23.52, 48.97
2020-10-28, 21:48:14, 23.5, 48.96
2020-10-28, 21:48:15, 23.51, 48.97
2020-10-28, 21:48:16, 23.52, 48.97
2020-10-28, 21:48:18, 23.52, 48.97
2020-10-28, 21:48:19, 23.51, 48.93
2020-10-28, 21:48:20, 23.51, 48.93
2020-10-28, 21:48:22, 23.51, 48.93
2020-10-28, 21:48:23, 23.52, 48.93
2020-10-28, 21:48:25, 23.51, 48.93
2020-10-28, 21:48:26, 23.5, 48.93
2020-10-28, 21:48:27, 23.51, 48.9
2020-10-28, 21:48:29, 23.53, 48.9
2020-10-28, 21:48:30, 23.53, 48.9
2020-10-28, 21:48:31, 23.52, 48.9
2020-10-28, 21:48:33, 23.52, 48.9
2020-10-28, 21:48:34, 23.52, 48.9
2020-10-28, 21:48:35, 23.52, 48.9
2020-10-28, 21:48:37, 23.53, 48.87
2020-10-28, 21:48:38, 23.5, 48.9
2020-10-28, 21:48:39, 23.52, 48.87
2020-10-28, 21:48:41, 23.52, 48.87
2020-10-28, 21:48:42, 23.52, 48.9
2020-10-28, 21:48:44, 23.52, 48.9
2020-10-28, 21:48:45, 23.5, 48.9
2020-10-28, 21:48:46, 23.48, 48.9
2020-10-28, 21:48:48, 23.5, 48.87
2020-10-28, 21:48:49, 23.5, 48.9
2020-10-28, 21:48:50, 23.52, 48.9
2020-10-28, 21:48:52, 23.52, 48.87
2020-10-28, 21:48:53, 23.51, 48.9
2020-10-28, 21:48:54, 23.5, 48.87
2020-10-28, 21:48:56, 23.52, 48.87
2020-10-28, 21:48:57, 23.51, 48.87
2020-10-28, 21:48:58, 23.51, 48.84
2020-10-28, 21:49:00, 23.5, 48.87
2020-10-28, 21:49:01, 23.52, 48.84
2020-10-28, 21:49:03, 23.5, 48.84
2020-10-28, 21:49:04, 23.5, 48.84
2020-10-28, 21:49:05, 23.51, 48.84
2020-10-28, 21:49:07, 23.51, 48.84
2020-10-28, 21:49:08, 23.5, 48.84
2020-10-28, 21:49:09, 23.52, 48.84
2020-10-28, 21:49:11, 23.51, 48.84
2020-10-28, 21:49:12, 23.5, 48.84
2020-10-28, 21:49:13, 23.5, 48.84
2020-10-28, 21:49:15, 23.5, 48.84
2020-10-28, 21:49:16, 23.5, 48.84
2020-10-28, 21:49:18, 23.5, 48.84
2020-10-28, 21:49:19, 23.49, 48.84
2020-10-28, 21:49:20, 23.5, 48.84
2020-10-28, 21:49:22, 23.51, 48.84
2020-10-28, 21:49:23, 23.5, 48.84
2020-10-28, 21:49:24, 23.5, 48.84
2020-10-28, 21:49:26, 23.49, 48.84
2020-10-28, 21:49:27, 23.49, 48.84
2020-10-28, 21:49:28, 23.49, 48.84
2020-10-28, 21:49:30, 23.49, 48.84
2020-10-28, 21:49:31, 23.47, 48.83
2020-10-28, 21:49:32, 23.49, 48.84
2020-10-28, 21:49:34, 23.49, 48.84
2020-10-28, 21:49:35, 23.5, 48.84
2020-10-28, 21:49:37, 23.49, 48.84
2020-10-28, 21:49:38, 23.48, 48.83
2020-10-28, 21:49:39, 23.48, 48.83
2020-10-28, 21:49:41, 23.47, 48.83
2020-10-28, 21:49:42, 23.48, 48.87
2020-10-28, 21:49:43, 23.47, 48.83
2020-10-28, 21:49:45, 23.48, 48.87
2020-10-28, 21:49:46, 23.47, 48.86
2020-10-28, 21:49:47, 23.47, 48.86
2020-10-28, 21:49:49, 23.48, 48.9
2020-10-28, 21:49:50, 23.46, 48.86
2020-10-28, 21:49:51, 23.46, 48.9
2020-10-28, 21:49:53, 23.46, 48.9
2020-10-28, 21:49:54, 23.46, 48.9
2020-10-28, 21:49:56, 23.43, 48.89
2020-10-28, 21:49:57, 23.44, 48.89
2020-10-28, 21:49:58, 23.43, 48.89
2020-10-28, 21:50:00, 23.46, 48.9
2020-10-28, 21:50:01, 23.44, 48.89
2020-10-28, 21:50:02, 23.44, 48.92
2020-10-28, 21:50:04, 23.44, 48.92
2020-10-28, 21:50:05, 23.43, 48.89
2020-10-28, 21:50:06, 23.43, 48.95
2020-10-28, 21:50:08, 23.42, 48.95
2020-10-28, 21:50:09, 23.44, 48.96
2020-10-28, 21:50:10, 23.43, 48.99
2020-10-28, 21:50:12, 23.42, 48.99
2020-10-28, 21:50:13, 23.43, 48.95
2020-10-28, 21:50:15, 23.43, 48.95
2020-10-28, 21:50:16, 23.44, 48.96
2020-10-28, 21:50:17, 23.45, 48.96
2020-10-28, 21:50:19, 23.42, 48.95
2020-10-28, 21:50:20, 23.44, 48.96
2020-10-28, 21:50:21, 23.44, 48.96
2020-10-28, 21:50:23, 23.44, 48.96
2020-10-28, 21:50:24, 23.44, 48.96
2020-10-28, 21:50:25, 23.43, 48.95
2020-10-28, 21:50:27, 23.43, 48.95
2020-10-28, 21:50:28, 23.42, 48.99
2020-10-28, 21:50:29, 23.43, 48.95
2020-10-28, 21:50:31, 23.42, 48.95
2020-10-28, 21:50:32, 23.44, 48.96
2020-10-28, 21:50:34, 23.43, 48.95
2020-10-28, 21:50:35, 23.43, 48.95
2020-10-28, 21:50:36, 23.43, 48.99
2020-10-28, 21:50:38, 23.41, 48.95
2020-10-28, 21:50:39, 23.42, 48.99
2020-10-28, 21:50:40, 23.44, 48.96
2020-10-28, 21:50:42, 23.41, 48.95
2020-10-28, 21:50:43, 23.43, 48.95
2020-10-28, 21:50:44, 23.44, 48.96
2020-10-28, 21:50:46, 23.42, 48.95
2020-10-28, 21:50:47, 23.42, 48.99
2020-10-28, 21:50:48, 23.42, 48.99
2020-10-28, 21:50:50, 23.41, 48.98
2020-10-28, 21:50:51, 23.41, 48.98
2020-10-28, 21:50:53, 23.4, 48.98
2020-10-28, 21:50:54, 23.4, 48.98
2020-10-28, 21:50:55, 23.41, 48.98
2020-10-28, 21:50:57, 23.41, 49.02
2020-10-28, 21:50:58, 23.42, 49.02
2020-10-28, 21:50:59, 23.4, 48.98
2020-10-28, 21:51:01, 23.4, 49.01
2020-10-28, 21:51:02, 23.39, 49.01
2020-10-28, 21:51:03, 23.39, 49.01
2020-10-28, 21:51:05, 23.39, 49.05
2020-10-28, 21:51:06, 23.4, 49.05
2020-10-28, 21:51:07, 23.38, 49.08
2020-10-28, 21:51:09, 23.4, 49.08
2020-10-28, 21:51:10, 23.38, 49.08
2020-10-28, 21:51:12, 23.39, 49.08
2020-10-28, 21:51:13, 23.39, 49.11
2020-10-28, 21:51:14, 23.38, 49.11
2020-10-28, 21:51:16, 23.39, 49.11
2020-10-28, 21:51:17, 23.36, 49.1
2020-10-28, 21:51:18, 23.34, 49.13
2020-10-28, 21:51:20, 23.36, 49.14
2020-10-28, 21:51:21, 23.36, 49.14
2020-10-28, 21:51:22, 23.36, 49.17
2020-10-28, 21:51:24, 23.36, 49.14
2020-10-28, 21:51:25, 23.36, 49.14
2020-10-28, 21:51:27, 23.36, 49.14
2020-10-28, 21:51:28, 23.36, 49.14
2020-10-28, 21:51:29, 23.36, 49.14
2020-10-28, 21:51:31, 23.38, 49.17
2020-10-28, 21:51:32, 23.37, 49.2
2020-10-28, 21:51:33, 23.38, 49.17
2020-10-28, 21:51:35, 23.36, 49.17
2020-10-28, 21:51:36, 23.36, 49.17
2020-10-28, 21:51:37, 23.36, 49.17
2020-10-28, 21:51:39, 23.36, 49.17
2020-10-28, 21:51:40, 23.37, 49.17
2020-10-28, 21:51:41, 23.35, 49.17
2020-10-28, 21:51:43, 23.36, 49.2
2020-10-28, 21:51:44, 23.36, 49.2
2020-10-28, 21:51:46, 23.34, 49.2
2020-10-28, 21:51:47, 23.36, 49.2
2020-10-28, 21:51:48, 23.34, 49.2
2020-10-28, 21:51:50, 23.34, 49.2
2020-10-28, 21:51:51, 23.34, 49.2
2020-10-28, 21:51:53, 23.24, 49.18
2020-10-28, 21:51:54, 23.32, 49.26
2020-10-28, 21:51:55, 23.34, 49.26
2020-10-28, 21:51:57, 23.32, 49.23
2020-10-28, 21:51:58, 23.34, 49.26
2020-10-28, 21:51:59, 23.33, 49.23
2020-10-28, 21:52:01, 23.34, 49.23
2020-10-28, 21:52:02, 23.34, 49.23
2020-10-28, 21:52:03, 23.34, 49.26
2020-10-28, 21:52:05, 23.34, 49.26
2020-10-28, 21:52:06, 23.35, 49.23
2020-10-28, 21:52:08, 23.35, 49.23
2020-10-28, 21:52:09, 23.34, 49.23
2020-10-28, 21:52:10, 23.34, 49.23
2020-10-28, 21:52:12, 23.34, 49.23
2020-10-28, 21:52:13, 23.35, 49.23
2020-10-28, 21:52:14, 23.35, 49.23
2020-10-28, 21:52:16, 23.34, 49.26
2020-10-28, 21:52:17, 23.34, 49.23
2020-10-28, 21:52:18, 23.33, 49.23
2020-10-28, 21:52:20, 23.32, 49.23
2020-10-28, 21:52:21, 23.32, 49.26
2020-10-28, 21:52:22, 23.32, 49.26
2020-10-28, 21:52:24, 23.32, 49.26
2020-10-28, 21:52:25, 23.32, 49.26
2020-10-28, 21:52:27, 23.32, 49.26
2020-10-28, 21:52:28, 23.31, 49.26
2020-10-28, 21:52:29, 23.29, 49.25
2020-10-28, 21:52:31, 23.32, 49.29
2020-10-28, 21:52:32, 23.32, 49.29
2020-10-28, 21:52:33, 23.32, 49.29
2020-10-28, 21:52:35, 23.3, 49.29
2020-10-28, 21:52:36, 23.31, 49.32
2020-10-28, 21:52:37, 23.31, 49.32
2020-10-28, 21:52:39, 23.31, 49.29
2020-10-28, 21:52:40, 23.32, 49.32
2020-10-28, 21:52:42, 23.3, 49.32
2020-10-28, 21:52:43, 23.3, 49.32
2020-10-28, 21:52:44, 23.3, 49.35
2020-10-28, 21:52:46, 23.29, 49.32
2020-10-28, 21:52:47, 23.29, 49.32
2020-10-28, 21:52:48, 23.29, 49.35
2020-10-28, 21:52:50, 23.29, 49.38
2020-10-28, 21:52:51, 23.28, 49.35
2020-10-28, 21:52:52, 23.29, 49.38
2020-10-28, 21:52:54, 23.31, 49.38
2020-10-28, 21:52:55, 23.3, 49.38
2020-10-28, 21:52:56, 23.28, 49.38
2020-10-28, 21:52:58, 23.29, 49.38
2020-10-28, 21:52:59, 23.28, 49.38
2020-10-28, 21:53:01, 23.29, 49.38
2020-10-28, 21:53:02, 23.29, 49.38
2020-10-28, 21:53:03, 23.29, 49.38
2020-10-28, 21:53:05, 23.3, 49.38
2020-10-28, 21:53:06, 23.29, 49.38
2020-10-28, 21:53:07, 23.29, 49.38
2020-10-28, 21:53:09, 23.28, 49.38
2020-10-28, 21:53:10, 23.28, 49.38
2020-10-28, 21:53:11, 23.28, 49.38
2020-10-28, 21:53:13, 23.27, 49.41
2020-10-28, 21:53:14, 23.27, 49.41
2020-10-28, 21:53:15, 23.29, 49.41
2020-10-28, 21:53:17, 23.28, 49.44
2020-10-28, 21:53:18, 23.27, 49.44
2020-10-28, 21:53:20, 23.28, 49.44
2020-10-28, 21:53:21, 23.26, 49.44
2020-10-28, 21:53:22, 23.27, 49.44
2020-10-28, 21:53:24, 23.27, 49.44
2020-10-28, 21:53:25, 23.27, 49.44
2020-10-28, 21:53:26, 23.26, 49.44
2020-10-28, 21:53:28, 23.28, 49.44
2020-10-28, 21:53:29, 23.27, 49.44
2020-10-28, 21:53:30, 23.28, 49.44
2020-10-28, 21:53:32, 23.26, 49.44
2020-10-28, 21:53:33, 23.27, 49.44
2020-10-28, 21:53:34, 23.26, 49.47
2020-10-28, 21:53:36, 23.27, 49.47
2020-10-28, 21:53:37, 23.27, 49.47
2020-10-28, 21:53:39, 23.26, 49.44
2020-10-28, 21:53:40, 23.27, 49.44
2020-10-28, 21:53:41, 23.26, 49.44
2020-10-28, 21:53:43, 23.27, 49.44
2020-10-28, 21:53:44, 23.27, 49.47
2020-10-28, 21:53:45, 23.26, 49.47
2020-10-28, 21:53:47, 23.26, 49.44
2020-10-28, 21:53:48, 23.25, 49.47
2020-10-28, 21:53:49, 23.25, 49.47
2020-10-28, 21:53:51, 23.25, 49.47
2020-10-28, 21:53:52, 23.26, 49.5
2020-10-28, 21:53:53, 23.26, 49.5
2020-10-28, 21:53:55, 23.26, 49.5
2020-10-28, 21:53:56, 23.27, 49.51
2020-10-28, 21:53:58, 23.26, 49.5
2020-10-28, 21:53:59, 23.26, 49.47
2020-10-28, 21:54:00, 23.27, 49.51
2020-10-28, 21:54:02, 23.27, 49.51
2020-10-28, 21:54:03, 23.26, 49.5
2020-10-28, 21:54:04, 23.25, 49.5
2020-10-28, 21:54:06, 23.24, 49.5
2020-10-28, 21:54:07, 23.22, 49.5
2020-10-28, 21:54:08, 23.24, 49.5
2020-10-28, 21:54:10, 23.24, 49.53
2020-10-28, 21:54:11, 23.24, 49.53
2020-10-28, 21:54:12, 23.24, 49.53
2020-10-28, 21:54:14, 23.23, 49.53
2020-10-28, 21:54:15, 23.24, 49.53
2020-10-28, 21:54:17, 23.22, 49.53
2020-10-28, 21:54:18, 23.23, 49.53
2020-10-28, 21:54:19, 23.24, 49.57
2020-10-28, 21:54:21, 23.25, 49.57
2020-10-28, 21:54:22, 23.25, 49.54
2020-10-28, 21:54:23, 23.24, 49.53
2020-10-28, 21:54:25, 23.24, 49.57
2020-10-28, 21:54:26, 23.22, 49.53
2020-10-28, 21:54:27, 23.23, 49.56
2020-10-28, 21:54:29, 23.23, 49.56
2020-10-28, 21:54:30, 23.22, 49.56
2020-10-28, 21:54:31, 23.23, 49.56
2020-10-28, 21:54:33, 23.24, 49.57
2020-10-28, 21:54:34, 23.19, 49.59
2020-10-28, 21:54:36, 23.22, 49.59
2020-10-28, 21:54:37, 23.22, 49.59
2020-10-28, 21:54:38, 23.22, 49.59
2020-10-28, 21:54:40, 23.22, 49.56
2020-10-28, 21:54:41, 23.22, 49.59
2020-10-28, 21:54:42, 23.22, 49.59
2020-10-28, 21:54:44, 23.22, 49.59
2020-10-28, 21:54:45, 23.22, 49.59
2020-10-28, 21:54:46, 23.22, 49.59
2020-10-28, 21:54:48, 23.21, 49.59
2020-10-28, 21:54:49, 23.2, 49.59
2020-10-28, 21:54:50, 23.2, 49.59
2020-10-28, 21:54:52, 23.2, 49.59
2020-10-28, 21:54:53, 23.21, 49.59
2020-10-28, 21:54:54, 23.18, 49.62
2020-10-28, 21:54:56, 23.2, 49.62
2020-10-28, 21:54:57, 23.2, 49.62
2020-10-28, 21:54:59, 23.2, 49.62
2020-10-28, 21:55:00, 23.2, 49.66
2020-10-28, 21:55:01, 23.18, 49.65
2020-10-28, 21:55:03, 23.18, 49.62
2020-10-28, 21:55:04, 23.19, 49.65
2020-10-28, 21:55:05, 23.19, 49.65
2020-10-28, 21:55:07, 23.18, 49.68
2020-10-28, 21:55:08, 23.19, 49.69
2020-10-28, 21:55:09, 23.19, 49.69
2020-10-28, 21:55:11, 23.2, 49.69
2020-10-28, 21:55:12, 23.19, 49.69
2020-10-28, 21:55:13, 23.2, 49.69
2020-10-28, 21:55:15, 23.2, 49.69
2020-10-28, 21:55:16, 23.2, 49.69
2020-10-28, 21:55:18, 23.2, 49.69
2020-10-28, 21:55:19, 23.19, 49.69
2020-10-28, 21:55:20, 23.18, 49.68
2020-10-28, 21:55:22, 23.18, 49.68
2020-10-28, 21:55:23, 23.18, 49.68
2020-10-28, 21:55:24, 23.19, 49.69
2020-10-28, 21:55:26, 23.18, 49.72
2020-10-28, 21:55:27, 23.19, 49.69
2020-10-28, 21:55:28, 23.2, 49.72
2020-10-28, 21:55:30, 23.19, 49.69
2020-10-28, 21:55:31, 23.19, 49.72
2020-10-28, 21:55:32, 23.19, 49.72
2020-10-28, 21:55:34, 23.19, 49.69
2020-10-28, 21:55:35, 23.18, 49.68
2020-10-28, 21:55:37, 23.19, 49.72
2020-10-28, 21:55:38, 23.19, 49.69
2020-10-28, 21:55:39, 23.19, 49.72
2020-10-28, 21:55:41, 23.17, 49.75
2020-10-28, 21:55:42, 23.18, 49.72
2020-10-28, 21:55:43, 23.17, 49.75
2020-10-28, 21:55:45, 23.17, 49.75
2020-10-28, 21:55:46, 23.17, 49.75
2020-10-28, 21:55:47, 23.16, 49.75
2020-10-28, 21:55:49, 23.16, 49.75
2020-10-28, 21:55:50, 23.15, 49.74
2020-10-28, 21:55:51, 23.16, 49.75
2020-10-28, 21:55:53, 23.15, 49.74
2020-10-28, 21:55:54, 23.15, 49.78
2020-10-28, 21:55:55, 23.16, 49.78
2020-10-28, 21:55:57, 23.14, 49.77
2020-10-28, 21:55:58, 23.15, 49.78
2020-10-28, 21:56:00, 23.16, 49.78
2020-10-28, 21:56:01, 23.14, 49.81
2020-10-28, 21:56:02, 23.14, 49.81
2020-10-28, 21:56:04, 23.14, 49.81
2020-10-28, 21:56:05, 23.14, 49.81
2020-10-28, 21:56:06, 23.13, 49.8
2020-10-28, 21:56:08, 23.14, 49.81
2020-10-28, 21:56:09, 23.14, 49.84
2020-10-28, 21:56:10, 23.14, 49.84
2020-10-28, 21:56:12, 23.12, 49.84
2020-10-28, 21:56:13, 23.14, 49.84
2020-10-28, 21:56:14, 23.14, 49.84
2020-10-28, 21:56:16, 23.14, 49.87
2020-10-28, 21:56:20, 22.76, 50.14
2020-10-28, 21:56:22, 22.97, 50.26
2020-10-28, 21:56:23, 22.95, 50.26
2020-10-28, 21:56:24, 23.03, 50.24
2020-10-28, 21:56:26, 23.05, 50.21
2020-10-28, 21:56:27, 23.06, 50.18
2020-10-28, 21:56:29, 23.06, 50.14
2020-10-28, 21:56:30, 23.07, 50.11
2020-10-28, 21:56:31, 23.09, 50.08
2020-10-28, 21:56:33, 23.09, 50.05
2020-10-28, 21:56:34, 23.09, 50.05
2020-10-28, 21:56:35, 23.1, 50.02
2020-10-28, 21:56:37, 23.1, 50.02
2020-10-28, 21:56:38, 23.1, 49.99
2020-10-28, 21:56:39, 23.11, 49.99
2020-10-28, 21:56:41, 23.1, 49.99
2020-10-28, 21:56:42, 23.11, 49.99
2020-10-28, 21:56:43, 23.11, 49.96
2020-10-28, 21:56:47, 22.83, 50.08
2020-10-28, 21:56:48, 23.0, 50.17
2020-10-28, 21:56:50, 23.04, 50.17
2020-10-28, 21:56:51, 23.06, 50.18
2020-10-28, 21:56:52, 23.07, 50.15
2020-10-28, 21:56:54, 23.08, 50.12
2020-10-28, 21:56:55, 23.1, 50.09
2020-10-28, 21:56:56, 23.09, 50.05
2020-10-28, 21:56:58, 23.09, 50.05
2020-10-28, 21:56:59, 23.1, 50.02
2020-10-28, 21:57:00, 23.08, 50.02
2020-10-28, 21:57:02, 23.1, 49.99
2020-10-28, 21:57:03, 23.09, 50.02
2020-10-28, 21:57:04, 23.1, 49.99
2020-10-28, 21:57:06, 23.1, 49.99
2020-10-28, 21:57:07, 23.1, 49.99
2020-10-28, 21:57:08, 23.1, 49.99
2020-10-28, 21:57:10, 23.12, 49.99
2020-10-28, 21:57:11, 23.11, 49.99
2020-10-28, 21:57:13, 23.1, 49.96
2020-10-28, 21:57:14, 23.12, 49.99
2020-10-28, 21:57:15, 23.12, 49.96
2020-10-28, 21:57:17, 23.12, 49.96
2020-10-28, 21:57:18, 23.1, 49.96
2020-10-28, 21:57:19, 23.12, 49.96
2020-10-28, 21:57:21, 23.11, 49.96
2020-10-28, 21:57:22, 23.1, 49.96
2020-10-28, 21:57:23, 23.1, 49.96
2020-10-28, 21:57:25, 23.1, 49.99
2020-10-28, 21:57:26, 23.1, 49.99
2020-10-28, 21:57:27, 23.1, 49.99
2020-10-28, 21:57:29, 23.1, 49.99
2020-10-28, 21:57:30, 23.11, 49.99
2020-10-28, 21:57:32, 23.12, 49.99
2020-10-28, 21:57:33, 23.1, 49.99
2020-10-28, 21:57:34, 23.1, 49.99
2020-10-28, 21:57:36, 23.12, 49.99
2020-10-28, 21:57:37, 23.12, 49.99
2020-10-28, 21:57:38, 23.09, 49.99
2020-10-28, 21:57:40, 23.1, 49.99
2020-10-28, 21:57:41, 23.11, 49.99
2020-10-28, 21:57:42, 23.1, 49.99
2020-10-28, 21:57:44, 23.1, 49.99
2020-10-28, 21:57:45, 23.11, 49.99
2020-10-28, 21:57:46, 23.11, 49.99
2020-10-28, 21:57:48, 23.11, 49.99
2020-10-28, 21:57:49, 23.1, 49.99
2020-10-28, 21:57:51, 23.11, 49.99
2020-10-28, 21:57:52, 23.11, 49.96
2020-10-28, 21:57:53, 23.1, 49.99
2020-10-28, 21:57:55, 23.12, 49.99
2020-10-28, 21:57:56, 23.12, 49.99
2020-10-28, 21:57:57, 23.12, 49.99
2020-10-28, 21:57:59, 23.1, 49.99
2020-10-28, 21:58:00, 23.11, 49.99
2020-10-28, 21:58:01, 23.1, 49.99
2020-10-28, 21:58:03, 23.1, 49.99
2020-10-28, 21:58:04, 23.1, 49.99
2020-10-28, 21:58:05, 23.12, 49.99
2020-10-28, 21:58:07, 23.1, 49.99
2020-10-28, 21:58:08, 23.1, 49.99
2020-10-28, 21:58:10, 23.12, 49.99
2020-10-28, 21:58:11, 23.08, 49.99
2020-10-28, 21:58:12, 23.11, 49.99
2020-10-28, 21:58:14, 23.1, 49.99
2020-10-28, 21:58:15, 23.12, 49.99
2020-10-28, 21:58:16, 23.1, 49.99
2020-10-28, 21:58:18, 23.1, 49.99
2020-10-28, 21:58:19, 23.1, 50.02
2020-10-28, 21:58:20, 23.1, 49.99
2020-10-28, 21:58:22, 23.1, 49.99
2020-10-28, 21:58:23, 23.1, 49.99
2020-10-28, 21:58:24, 23.1, 50.02
2020-10-28, 21:58:26, 23.08, 49.99
2020-10-28, 21:58:27, 23.1, 50.02
2020-10-28, 21:58:29, 23.08, 50.02
2020-10-28, 21:58:30, 23.09, 50.02
2020-10-28, 21:58:31, 23.08, 50.05
2020-10-28, 21:58:33, 23.08, 50.02
2020-10-28, 21:58:34, 23.08, 50.02
2020-10-28, 21:58:35, 23.08, 50.02
2020-10-28, 21:58:37, 23.1, 50.02
2020-10-28, 21:58:38, 23.1, 50.05
2020-10-28, 21:58:39, 23.1, 50.05
2020-10-28, 21:58:41, 23.11, 50.02
2020-10-28, 21:58:42, 23.1, 50.05
2020-10-28, 21:58:43, 23.1, 50.05
2020-10-28, 21:58:45, 23.08, 50.05
2020-10-28, 21:58:46, 23.09, 50.05
2020-10-28, 21:58:47, 23.09, 50.05
2020-10-28, 21:58:49, 23.09, 50.05
2020-10-28, 21:58:50, 23.09, 50.05
2020-10-28, 21:58:52, 23.09, 50.05
2020-10-28, 21:58:53, 23.09, 50.05
2020-10-28, 21:58:54, 23.1, 50.05
2020-10-28, 21:58:56, 23.1, 50.05
2020-10-28, 21:58:57, 23.08, 50.05
2020-10-28, 21:58:58, 23.09, 50.05
2020-10-28, 21:59:00, 23.08, 50.08
2020-10-28, 21:59:01, 23.09, 50.05
2020-10-28, 21:59:02, 23.09, 50.05
2020-10-28, 21:59:04, 23.08, 50.05
2020-10-28, 21:59:05, 23.09, 50.05
2020-10-28, 21:59:06, 23.1, 50.05
2020-10-28, 21:59:08, 23.1, 50.05
2020-10-28, 21:59:09, 23.1, 50.09
2020-10-28, 21:59:10, 23.08, 50.05
2020-10-28, 21:59:12, 23.09, 50.08
2020-10-28, 21:59:13, 23.09, 50.05
2020-10-28, 21:59:15, 23.08, 50.05
2020-10-28, 21:59:16, 23.08, 50.08
2020-10-28, 21:59:17, 23.08, 50.08
2020-10-28, 21:59:19, 23.08, 50.08
2020-10-28, 21:59:20, 23.1, 50.09
2020-10-28, 21:59:21, 23.1, 50.09
2020-10-28, 21:59:23, 23.09, 50.08
2020-10-28, 21:59:24, 23.09, 50.08
2020-10-28, 21:59:25, 23.1, 50.09
2020-10-28, 21:59:27, 23.1, 50.12
2020-10-28, 21:59:28, 23.1, 50.09
2020-10-28, 21:59:29, 23.1, 50.09
2020-10-28, 21:59:31, 23.09, 50.12
2020-10-28, 21:59:32, 23.1, 50.12
2020-10-28, 21:59:34, 23.09, 50.08
2020-10-28, 21:59:35, 23.08, 50.08
2020-10-28, 21:59:36, 23.08, 50.08
2020-10-28, 21:59:38, 23.08, 50.12
2020-10-28, 21:59:39, 23.09, 50.08
2020-10-28, 21:59:40, 23.09, 50.08
2020-10-28, 21:59:42, 23.07, 50.08
2020-10-28, 21:59:43, 23.09, 50.12
2020-10-28, 21:59:44, 23.09, 50.08
2020-10-28, 21:59:46, 23.08, 50.08
2020-10-28, 21:59:47, 23.09, 50.08
2020-10-28, 21:59:48, 23.08, 50.08
2020-10-28, 21:59:50, 23.07, 50.08
2020-10-28, 21:59:51, 23.08, 50.08
2020-10-28, 21:59:53, 23.07, 50.08
2020-10-28, 21:59:54, 23.08, 50.05
2020-10-28, 21:59:55, 23.08, 50.08
2020-10-28, 21:59:57, 23.09, 50.08
2020-10-28, 21:59:58, 23.1, 50.09
2020-10-28, 21:59:59, 23.09, 50.05
2020-10-28, 22:00:01, 23.1, 50.05
2020-10-28, 22:00:02, 23.08, 50.08
2020-10-28, 22:00:03, 23.08, 50.12
2020-10-28, 22:00:05, 23.08, 50.08
2020-10-28, 22:00:06, 23.1, 50.09
2020-10-28, 22:00:07, 23.07, 50.05
2020-10-28, 22:00:09, 23.09, 50.08
2020-10-28, 22:00:10, 23.07, 50.08
2020-10-28, 22:00:11, 23.07, 50.08
2020-10-28, 22:00:13, 23.06, 50.08
2020-10-28, 22:00:14, 23.07, 50.08
2020-10-28, 22:00:16, 23.06, 50.11
2020-10-28, 22:00:17, 23.08, 50.12
2020-10-28, 22:00:18, 23.08, 50.08
2020-10-28, 22:00:20, 23.07, 50.08
2020-10-28, 22:00:21, 23.09, 50.12
2020-10-28, 22:00:22, 23.08, 50.08
2020-10-28, 22:00:24, 23.08, 50.12
2020-10-28, 22:00:25, 23.09, 50.08
2020-10-28, 22:00:26, 23.1, 50.12
2020-10-28, 22:00:28, 23.08, 50.12
2020-10-28, 22:00:29, 23.09, 50.08
2020-10-28, 22:00:30, 23.09, 50.12
2020-10-28, 22:00:32, 23.09, 50.12
2020-10-28, 22:00:33, 23.09, 50.12
2020-10-28, 22:00:35, 23.09, 50.12
2020-10-28, 22:00:36, 23.08, 50.12
2020-10-28, 22:00:37, 23.09, 50.08
2020-10-28, 22:00:39, 23.1, 50.09
2020-10-28, 22:00:40, 23.1, 50.09
2020-10-28, 22:00:41, 23.1, 50.12
2020-10-28, 22:00:43, 23.1, 50.12
2020-10-28, 22:00:44, 23.1, 50.12
2020-10-28, 22:00:45, 23.1, 50.12
2020-10-28, 22:00:47, 23.1, 50.09
2020-10-28, 22:00:48, 23.08, 50.08
2020-10-28, 22:00:49, 23.1, 50.09
2020-10-28, 22:00:51, 23.1, 50.12
2020-10-28, 22:00:52, 23.1, 50.09
2020-10-28, 22:00:54, 23.1, 50.09
2020-10-28, 22:00:55, 23.1, 50.12
2020-10-28, 22:00:56, 23.12, 50.09
2020-10-28, 22:00:58, 23.08, 50.08
2020-10-28, 22:00:59, 23.09, 50.08
2020-10-28, 22:01:00, 23.11, 50.09
2020-10-28, 22:01:02, 23.1, 50.09
2020-10-28, 22:01:03, 23.11, 50.12
2020-10-28, 22:01:04, 23.1, 50.09
2020-10-28, 22:01:06, 23.11, 50.12
2020-10-28, 22:01:07, 23.11, 50.12
2020-10-28, 22:01:08, 23.09, 50.12
2020-10-28, 22:01:10, 23.09, 50.08
2020-10-28, 22:01:11, 23.1, 50.12
2020-10-28, 22:01:13, 23.1, 50.12
2020-10-28, 22:01:14, 23.09, 50.12
2020-10-28, 22:01:15, 23.09, 50.12
2020-10-28, 22:01:17, 23.1, 50.12
2020-10-28, 22:01:18, 23.1, 50.12
2020-10-28, 22:01:19, 23.09, 50.12
2020-10-28, 22:01:21, 23.11, 50.15
2020-10-28, 22:01:22, 23.1, 50.12
2020-10-28, 22:01:23, 23.11, 50.12
2020-10-28, 22:01:25, 23.08, 50.12
2020-10-28, 22:01:26, 23.11, 50.12
2020-10-28, 22:01:27, 23.12, 50.12
2020-10-28, 22:01:29, 23.11, 50.12
2020-10-28, 22:01:30, 23.1, 50.12
2020-10-28, 22:01:32, 23.11, 50.12
2020-10-28, 22:01:33, 23.12, 50.12
2020-10-28, 22:01:34, 23.11, 50.09
2020-10-28, 22:01:36, 23.1, 50.12
2020-10-28, 22:01:37, 23.1, 50.12
2020-10-28, 22:01:38, 23.12, 50.09
2020-10-28, 22:01:40, 23.12, 50.09
2020-10-28, 22:01:41, 23.12, 50.09
2020-10-28, 22:01:42, 23.12, 50.09
2020-10-28, 22:01:44, 23.13, 50.06
2020-10-28, 22:01:45, 23.12, 50.09
2020-10-28, 22:01:47, 23.11, 50.06
2020-10-28, 22:01:48, 23.13, 50.06
2020-10-28, 22:01:49, 23.11, 50.06
2020-10-28, 22:01:51, 23.11, 50.06
2020-10-28, 22:01:52, 23.12, 50.03
2020-10-28, 22:01:53, 23.13, 50.03
2020-10-28, 22:01:55, 23.12, 50.06
2020-10-28, 22:01:56, 23.12, 49.99
2020-10-28, 22:01:57, 23.12, 50.03
2020-10-28, 22:01:59, 23.12, 50.03
2020-10-28, 22:02:00, 23.13, 50.03
2020-10-28, 22:02:01, 23.12, 50.03
2020-10-28, 22:02:03, 23.14, 50.03
2020-10-28, 22:02:04, 23.13, 50.03
2020-10-28, 22:02:05, 23.14, 50.0
2020-10-28, 22:02:07, 23.13, 50.0
2020-10-28, 22:02:08, 23.12, 49.99
2020-10-28, 22:02:10, 23.13, 50.0
2020-10-28, 22:02:11, 23.14, 50.0
2020-10-28, 22:02:12, 23.14, 50.0
2020-10-28, 22:02:14, 23.12, 49.99
2020-10-28, 22:02:15, 23.14, 50.0
2020-10-28, 22:02:16, 23.14, 50.0
2020-10-28, 22:02:18, 23.12, 50.03
2020-10-28, 22:02:19, 23.11, 50.02
2020-10-28, 22:02:20, 23.13, 50.03
2020-10-28, 22:02:22, 23.12, 50.06
2020-10-28, 22:02:23, 23.13, 50.06
2020-10-28, 22:02:25, 23.14, 50.03
2020-10-28, 22:02:26, 23.13, 50.06
2020-10-28, 22:02:27, 23.13, 50.03
2020-10-28, 22:02:29, 23.12, 50.06
2020-10-28, 22:02:30, 23.13, 50.06
2020-10-28, 22:02:31, 23.12, 50.03
2020-10-28, 22:02:33, 23.13, 50.06
2020-10-28, 22:02:34, 23.14, 50.06
2020-10-28, 22:02:35, 23.14, 50.03
2020-10-28, 22:02:37, 23.14, 50.03
2020-10-28, 22:02:38, 23.15, 50.03
2020-10-28, 22:02:39, 23.14, 50.03
2020-10-28, 22:02:41, 23.13, 50.03
2020-10-28, 22:02:42, 23.14, 50.03
2020-10-28, 22:02:44, 23.16, 50.0
2020-10-28, 22:02:45, 23.15, 50.03
2020-10-28, 22:02:46, 23.14, 50.03
2020-10-28, 22:02:48, 23.15, 50.0
2020-10-28, 22:02:49, 23.16, 50.0
2020-10-28, 22:02:50, 23.16, 50.03
2020-10-28, 22:02:52, 23.15, 50.0
2020-10-28, 22:02:53, 23.16, 50.03
2020-10-28, 22:02:54, 23.16, 50.03
2020-10-28, 22:02:56, 23.16, 50.03
2020-10-28, 22:02:57, 23.16, 50.03
2020-10-28, 22:02:58, 23.16, 50.03
2020-10-28, 22:03:00, 23.16, 50.03
2020-10-28, 22:03:01, 23.16, 50.03
2020-10-28, 22:03:02, 23.15, 50.03
2020-10-28, 22:03:04, 23.18, 50.0
2020-10-28, 22:03:05, 23.17, 50.0
2020-10-28, 22:03:07, 23.16, 50.0
2020-10-28, 22:03:08, 23.16, 50.0
2020-10-28, 22:03:09, 23.17, 50.0
2020-10-28, 22:03:11, 23.17, 49.97
2020-10-28, 22:03:12, 23.18, 49.97
2020-10-28, 22:03:13, 23.16, 49.97
2020-10-28, 22:03:15, 23.17, 49.97
2020-10-28, 22:03:16, 23.18, 49.97
2020-10-28, 22:03:17, 23.16, 49.97
2020-10-28, 22:03:19, 23.17, 49.97
2020-10-28, 22:03:20, 23.17, 49.97
2020-10-28, 22:03:22, 23.17, 49.97
2020-10-28, 22:03:23, 23.16, 49.97
2020-10-28, 22:03:24, 23.15, 49.97
2020-10-28, 22:03:26, 23.18, 49.97
2020-10-28, 22:03:27, 23.17, 49.97
2020-10-28, 22:03:28, 23.18, 49.97
2020-10-28, 22:03:30, 23.18, 49.97
2020-10-28, 22:03:31, 23.17, 49.97
2020-10-28, 22:03:32, 23.18, 49.97
2020-10-28, 22:03:34, 23.19, 49.94
2020-10-28, 22:03:35, 23.16, 49.97
2020-10-28, 22:03:36, 23.18, 50.0
2020-10-28, 22:03:38, 23.17, 49.97
2020-10-28, 22:03:39, 23.18, 49.97
2020-10-28, 22:03:41, 23.17, 49.97
2020-10-28, 22:03:42, 23.17, 49.97
2020-10-28, 22:03:43, 23.18, 49.97
2020-10-28, 22:03:45, 23.18, 49.97
2020-10-28, 22:03:46, 23.17, 49.94
2020-10-28, 22:03:47, 23.18, 49.97
2020-10-28, 22:03:49, 23.17, 49.97
2020-10-28, 22:03:50, 23.17, 49.94
2020-10-28, 22:03:51, 23.18, 49.97
2020-10-28, 22:03:53, 23.17, 49.97
2020-10-28, 22:03:54, 23.18, 49.94
2020-10-28, 22:03:55, 23.18, 49.97
2020-10-28, 22:03:57, 23.17, 49.94
2020-10-28, 22:03:58, 23.18, 49.94
2020-10-28, 22:04:00, 23.19, 49.94
2020-10-28, 22:04:01, 23.19, 49.94
2020-10-28, 22:04:02, 23.18, 49.91
2020-10-28, 22:04:04, 23.2, 49.94
2020-10-28, 22:04:05, 23.2, 49.91
2020-10-28, 22:04:06, 23.2, 49.91
2020-10-28, 22:04:08, 23.18, 49.91
2020-10-28, 22:04:09, 23.19, 49.91
2020-10-28, 22:04:10, 23.18, 49.91
2020-10-28, 22:04:12, 23.18, 49.91
2020-10-28, 22:04:13, 23.18, 49.91
2020-10-28, 22:04:14, 23.19, 49.91
2020-10-28, 22:04:16, 23.19, 49.91
2020-10-28, 22:04:17, 23.2, 49.94
2020-10-28, 22:04:19, 23.2, 49.91
2020-10-28, 22:04:20, 23.19, 49.94
2020-10-28, 22:04:21, 23.19, 49.94
2020-10-28, 22:04:23, 23.19, 49.91
2020-10-28, 22:04:24, 23.17, 49.94
2020-10-28, 22:04:25, 23.2, 49.91
2020-10-28, 22:04:27, 23.2, 49.91
2020-10-28, 22:04:28, 23.2, 49.91
2020-10-28, 22:04:29, 23.2, 49.91
2020-10-28, 22:04:31, 23.21, 49.91
2020-10-28, 22:04:32, 23.2, 49.91
2020-10-28, 22:04:33, 23.2, 49.91
2020-10-28, 22:04:35, 23.19, 49.91
2020-10-28, 22:04:36, 23.21, 49.88
2020-10-28, 22:04:38, 23.2, 49.91
2020-10-28, 22:04:39, 23.2, 49.88
2020-10-28, 22:04:40, 23.2, 49.88
2020-10-28, 22:04:42, 23.22, 49.88
2020-10-28, 22:04:43, 23.22, 49.88
2020-10-28, 22:04:44, 23.21, 49.88
2020-10-28, 22:04:46, 23.22, 49.88
2020-10-28, 22:04:47, 23.22, 49.88
2020-10-28, 22:04:48, 23.21, 49.85
2020-10-28, 22:04:50, 23.22, 49.88
2020-10-28, 22:04:51, 23.21, 49.88
2020-10-28, 22:04:53, 23.22, 49.88
2020-10-28, 22:04:54, 23.21, 49.88
2020-10-28, 22:04:55, 23.22, 49.88
2020-10-28, 22:04:57, 23.21, 49.88
2020-10-28, 22:04:58, 23.22, 49.88
2020-10-28, 22:04:59, 23.22, 49.88
2020-10-28, 22:05:01, 23.24, 49.88
2020-10-28, 22:05:02, 23.22, 49.88
2020-10-28, 22:05:03, 23.22, 49.88
2020-10-28, 22:05:05, 23.23, 49.88
2020-10-28, 22:05:06, 23.24, 49.88
2020-10-28, 22:05:07, 23.21, 49.85
2020-10-28, 22:05:09, 23.22, 49.85
2020-10-28, 22:05:10, 23.23, 49.85
2020-10-28, 22:05:12, 23.22, 49.85
2020-10-28, 22:05:13, 23.24, 49.85
2020-10-28, 22:05:14, 23.24, 49.82
2020-10-28, 22:05:16, 23.24, 49.82
2020-10-28, 22:05:17, 23.23, 49.82
2020-10-28, 22:05:18, 23.23, 49.82
2020-10-28, 22:05:20, 23.25, 49.82
2020-10-28, 22:05:21, 23.24, 49.82
2020-10-28, 22:05:22, 23.24, 49.82
2020-10-28, 22:05:24, 23.22, 49.82
2020-10-28, 22:05:25, 23.22, 49.82
2020-10-28, 22:05:26, 23.21, 49.88
2020-10-28, 22:05:28, 23.22, 49.85
2020-10-28, 22:05:29, 23.24, 49.85
2020-10-28, 22:05:31, 23.24, 49.85
2020-10-28, 22:05:32, 23.24, 49.85
2020-10-28, 22:05:33, 23.24, 49.85
2020-10-28, 22:05:35, 23.25, 49.85
2020-10-28, 22:05:36, 23.25, 49.82
2020-10-28, 22:05:37, 23.25, 49.82
2020-10-28, 22:05:39, 23.25, 49.82
2020-10-28, 22:05:40, 23.25, 49.82
2020-10-28, 22:05:41, 23.25, 49.82
2020-10-28, 22:05:43, 23.26, 49.82
2020-10-28, 22:05:44, 23.26, 49.79
2020-10-28, 22:05:45, 23.25, 49.82
2020-10-28, 22:05:47, 23.26, 49.82
2020-10-28, 22:05:48, 23.26, 49.82
2020-10-28, 22:05:50, 23.24, 49.82
2020-10-28, 22:05:51, 23.26, 49.82
2020-10-28, 22:05:52, 23.25, 49.82
2020-10-28, 22:05:54, 23.26, 49.82
2020-10-28, 22:05:55, 23.26, 49.82
2020-10-28, 22:05:56, 23.26, 49.82
2020-10-28, 22:05:58, 23.26, 49.82
2020-10-28, 22:05:59, 23.27, 49.82
2020-10-28, 22:06:00, 23.25, 49.82
2020-10-28, 22:06:02, 23.26, 49.82
2020-10-28, 22:06:03, 23.26, 49.82
2020-10-28, 22:06:05, 23.26, 49.82
2020-10-28, 22:06:06, 23.26, 49.79
2020-10-28, 22:06:07, 23.27, 49.79
2020-10-28, 22:06:09, 23.26, 49.82
2020-10-28, 22:06:10, 23.28, 49.79
2020-10-28, 22:06:11, 23.28, 49.76
2020-10-28, 22:06:13, 23.28, 49.76
2020-10-28, 22:06:14, 23.28, 49.76
2020-10-28, 22:06:15, 23.28, 49.76
2020-10-28, 22:06:17, 23.25, 49.76
2020-10-28, 22:06:18, 23.28, 49.76
2020-10-28, 22:06:20, 23.29, 49.73
2020-10-28, 22:06:21, 23.3, 49.73
2020-10-28, 22:06:22, 23.29, 49.73
2020-10-28, 22:06:24, 23.3, 49.7
2020-10-28, 22:06:25, 23.3, 49.7
2020-10-28, 22:06:26, 23.31, 49.7
2020-10-28, 22:06:28, 23.31, 49.73
2020-10-28, 22:06:29, 23.32, 49.7
2020-10-28, 22:06:30, 23.32, 49.7
2020-10-28, 22:06:32, 23.32, 49.7
2020-10-28, 22:06:33, 23.32, 49.7
2020-10-28, 22:06:34, 23.3, 49.67
2020-10-28, 22:06:36, 23.32, 49.7
2020-10-28, 22:06:37, 23.32, 49.67
2020-10-28, 22:06:39, 23.3, 49.67
2020-10-28, 22:06:40, 23.31, 49.67
2020-10-28, 22:06:41, 23.32, 49.7
2020-10-28, 22:06:43, 23.32, 49.7
2020-10-28, 22:06:44, 23.32, 49.67
2020-10-28, 22:06:45, 23.33, 49.67
2020-10-28, 22:06:47, 23.33, 49.64
2020-10-28, 22:06:48, 23.33, 49.64
2020-10-28, 22:06:49, 23.33, 49.64
2020-10-28, 22:06:51, 23.34, 49.64
2020-10-28, 22:06:52, 23.33, 49.64
2020-10-28, 22:06:53, 23.35, 49.64
2020-10-28, 22:06:55, 23.36, 49.64
2020-10-28, 22:06:56, 23.36, 49.61
2020-10-28, 22:06:57, 23.35, 49.58
2020-10-28, 22:06:59, 23.36, 49.61
2020-10-28, 22:07:00, 23.34, 49.61
2020-10-28, 22:07:02, 23.35, 49.61
2020-10-28, 22:07:03, 23.34, 49.58
2020-10-28, 22:07:04, 23.35, 49.61
2020-10-28, 22:07:06, 23.36, 49.61
2020-10-28, 22:07:07, 23.36, 49.61
2020-10-28, 22:07:08, 23.36, 49.61
2020-10-28, 22:07:10, 23.36, 49.61
2020-10-28, 22:07:11, 23.36, 49.58
2020-10-28, 22:07:12, 23.37, 49.58
2020-10-28, 22:07:14, 23.35, 49.61
2020-10-28, 22:07:15, 23.37, 49.58
2020-10-28, 22:07:16, 23.36, 49.58
2020-10-28, 22:07:18, 23.37, 49.58
2020-10-28, 22:07:19, 23.37, 49.58
2020-10-28, 22:07:21, 23.38, 49.58
2020-10-28, 22:07:22, 23.36, 49.58
2020-10-28, 22:07:23, 23.38, 49.58
2020-10-28, 22:07:25, 23.38, 49.58
2020-10-28, 22:07:26, 23.38, 49.58
2020-10-28, 22:07:27, 23.37, 49.58
2020-10-28, 22:07:29, 23.38, 49.58
2020-10-28, 22:07:30, 23.38, 49.58
2020-10-28, 22:07:31, 23.38, 49.58
2020-10-28, 22:07:33, 23.37, 49.58
2020-10-28, 22:07:34, 23.39, 49.59
2020-10-28, 22:07:35, 23.37, 49.58
2020-10-28, 22:07:37, 23.38, 49.55
2020-10-28, 22:07:38, 23.38, 49.55
2020-10-28, 22:07:39, 23.38, 49.55
2020-10-28, 22:07:41, 23.38, 49.55
2020-10-28, 22:07:42, 23.38, 49.52
2020-10-28, 22:07:44, 23.39, 49.55
2020-10-28, 22:07:45, 23.38, 49.52
2020-10-28, 22:07:46, 23.37, 49.55
2020-10-28, 22:07:48, 23.38, 49.55
2020-10-28, 22:07:49, 23.37, 49.52
2020-10-28, 22:07:50, 23.38, 49.55
2020-10-28, 22:07:52, 23.38, 49.55
2020-10-28, 22:07:53, 23.4, 49.52
2020-10-28, 22:07:54, 23.42, 49.53
2020-10-28, 22:07:56, 23.4, 49.52
2020-10-28, 22:07:57, 23.4, 49.52
2020-10-28, 22:07:58, 23.4, 49.52
2020-10-28, 22:08:00, 23.42, 49.53
2020-10-28, 22:08:01, 23.4, 49.52
2020-10-28, 22:08:03, 23.4, 49.52
2020-10-28, 22:08:04, 23.43, 49.53
2020-10-28, 22:08:05, 23.42, 49.49
2020-10-28, 22:08:07, 23.42, 49.49
2020-10-28, 22:08:08, 23.42, 49.49
2020-10-28, 22:08:09, 23.42, 49.49
2020-10-28, 22:08:11, 23.42, 49.46
2020-10-28, 22:08:12, 23.42, 49.49
2020-10-28, 22:08:13, 23.42, 49.46
2020-10-28, 22:08:15, 23.42, 49.46
2020-10-28, 22:08:16, 23.42, 49.46
2020-10-28, 22:08:17, 23.42, 49.49
2020-10-28, 22:08:19, 23.42, 49.49
2020-10-28, 22:08:20, 23.42, 49.46
2020-10-28, 22:08:21, 23.42, 49.46
2020-10-28, 22:08:23, 23.42, 49.46
2020-10-28, 22:08:24, 23.41, 49.46
2020-10-28, 22:08:26, 23.41, 49.46
2020-10-28, 22:08:27, 23.4, 49.46
2020-10-28, 22:08:28, 23.42, 49.46
2020-10-28, 22:08:30, 23.42, 49.49
2020-10-28, 22:08:31, 23.44, 49.5
2020-10-28, 22:08:32, 23.42, 49.46
2020-10-28, 22:08:34, 23.42, 49.46
2020-10-28, 22:08:35, 23.42, 49.46
2020-10-28, 22:08:36, 23.43, 49.46
2020-10-28, 22:08:38, 23.42, 49.46
2020-10-28, 22:08:39, 23.43, 49.46
2020-10-28, 22:08:41, 23.43, 49.46
2020-10-28, 22:08:42, 23.43, 49.46
2020-10-28, 22:08:43, 23.42, 49.46
2020-10-28, 22:08:45, 23.42, 49.43
2020-10-28, 22:08:46, 23.43, 49.43
2020-10-28, 22:08:47, 23.43, 49.46
2020-10-28, 22:08:49, 23.43, 49.43
2020-10-28, 22:08:50, 23.44, 49.43
2020-10-28, 22:08:51, 23.44, 49.43
2020-10-28, 22:08:53, 23.45, 49.43
2020-10-28, 22:08:54, 23.44, 49.43
2020-10-28, 22:08:55, 23.44, 49.43
2020-10-28, 22:08:57, 23.45, 49.4
2020-10-28, 22:08:58, 23.44, 49.43
2020-10-28, 22:08:59, 23.43, 49.4
2020-10-28, 22:09:01, 23.45, 49.4
2020-10-28, 22:09:02, 23.46, 49.4
2020-10-28, 22:09:04, 23.46, 49.4
2020-10-28, 22:09:05, 23.45, 49.4
2020-10-28, 22:09:06, 23.45, 49.4
2020-10-28, 22:09:08, 23.45, 49.4
2020-10-28, 22:09:09, 23.45, 49.4
2020-10-28, 22:09:10, 23.45, 49.4
2020-10-28, 22:09:12, 23.46, 49.4
2020-10-28, 22:09:13, 23.45, 49.37
2020-10-28, 22:09:14, 23.45, 49.37
2020-10-28, 22:09:16, 23.46, 49.37
2020-10-28, 22:09:17, 23.46, 49.37
2020-10-28, 22:09:18, 23.46, 49.37
2020-10-28, 22:09:20, 23.47, 49.37
2020-10-28, 22:09:21, 23.45, 49.37
2020-10-28, 22:09:23, 23.46, 49.34
2020-10-28, 22:09:24, 23.46, 49.34
2020-10-28, 22:09:25, 23.46, 49.34
2020-10-28, 22:09:27, 23.46, 49.34
2020-10-28, 22:09:28, 23.45, 49.34
2020-10-28, 22:09:29, 23.45, 49.34
2020-10-28, 22:09:31, 23.46, 49.34
2020-10-28, 22:09:32, 23.46, 49.34
2020-10-28, 22:09:33, 23.45, 49.34
2020-10-28, 22:09:35, 23.46, 49.34
2020-10-28, 22:09:36, 23.46, 49.34
2020-10-28, 22:09:37, 23.45, 49.34
2020-10-28, 22:09:39, 23.46, 49.34
2020-10-28, 22:09:40, 23.46, 49.34
2020-10-28, 22:09:42, 23.48, 49.34
2020-10-28, 22:09:43, 23.46, 49.31
2020-10-28, 22:09:44, 23.46, 49.34
2020-10-28, 22:09:46, 23.46, 49.31
2020-10-28, 22:09:47, 23.45, 49.31
2020-10-28, 22:09:48, 23.45, 49.34
2020-10-28, 22:09:50, 23.46, 49.31
2020-10-28, 22:09:51, 23.46, 49.34
2020-10-28, 22:09:52, 23.48, 49.34
2020-10-28, 22:09:54, 23.4, 49.33
2020-10-28, 22:09:55, 23.46, 49.34
2020-10-28, 22:09:57, 23.45, 49.34
2020-10-28, 22:09:58, 23.46, 49.34
2020-10-28, 22:09:59, 23.45, 49.34
2020-10-28, 22:10:01, 23.45, 49.34
2020-10-28, 22:10:02, 23.46, 49.34
2020-10-28, 22:10:03, 23.45, 49.34
2020-10-28, 22:10:05, 23.47, 49.34
2020-10-28, 22:10:06, 23.46, 49.34
2020-10-28, 22:10:07, 23.46, 49.34
2020-10-28, 22:10:09, 23.46, 49.34
2020-10-28, 22:10:10, 23.46, 49.31
2020-10-28, 22:10:12, 23.46, 49.31
2020-10-28, 22:10:13, 23.47, 49.34
2020-10-28, 22:10:14, 23.46, 49.31
2020-10-28, 22:10:16, 23.46, 49.34
2020-10-28, 22:10:17, 23.46, 49.34
2020-10-28, 22:10:18, 23.47, 49.31
2020-10-28, 22:10:20, 23.46, 49.31
2020-10-28, 22:10:21, 23.47, 49.31
2020-10-28, 22:10:22, 23.46, 49.31
2020-10-28, 22:10:24, 23.46, 49.28
2020-10-28, 22:10:25, 23.46, 49.28
2020-10-28, 22:10:27, 23.44, 49.31
2020-10-28, 22:10:28, 23.45, 49.28
2020-10-28, 22:10:29, 23.46, 49.28
2020-10-28, 22:10:31, 23.45, 49.28
2020-10-28, 22:10:32, 23.46, 49.31
2020-10-28, 22:10:33, 23.47, 49.31
2020-10-28, 22:10:35, 23.45, 49.28
2020-10-28, 22:10:36, 23.46, 49.28
2020-10-28, 22:10:37, 23.46, 49.28
2020-10-28, 22:10:39, 23.46, 49.28
2020-10-28, 22:10:40, 23.46, 49.31
2020-10-28, 22:10:41, 23.46, 49.28
2020-10-28, 22:10:43, 23.45, 49.28
2020-10-28, 22:10:44, 23.46, 49.28
2020-10-28, 22:10:45, 23.47, 49.28
2020-10-28, 22:10:47, 23.47, 49.28
2020-10-28, 22:10:48, 23.46, 49.28
2020-10-28, 22:10:50, 23.48, 49.28
2020-10-28, 22:10:51, 23.46, 49.28
2020-10-28, 22:10:52, 23.47, 49.28
2020-10-28, 22:10:54, 23.46, 49.28
2020-10-28, 22:10:55, 23.47, 49.28
2020-10-28, 22:10:56, 23.48, 49.28
2020-10-28, 22:10:58, 23.48, 49.28
2020-10-28, 22:10:59, 23.47, 49.28
2020-10-28, 22:11:00, 23.48, 49.28
2020-10-28, 22:11:02, 23.48, 49.28
2020-10-28, 22:11:03, 23.49, 49.28
2020-10-28, 22:11:05, 23.47, 49.28
2020-10-28, 22:11:06, 23.47, 49.25
2020-10-28, 22:11:07, 23.48, 49.22
2020-10-28, 22:11:09, 23.48, 49.25
2020-10-28, 22:11:10, 23.48, 49.22
2020-10-28, 22:11:11, 23.48, 49.22
2020-10-28, 22:11:13, 23.48, 49.22
2020-10-28, 22:11:14, 23.48, 49.22
2020-10-28, 22:11:15, 23.47, 49.21
2020-10-28, 22:11:17, 23.48, 49.22
2020-10-28, 22:11:18, 23.48, 49.22
2020-10-28, 22:11:19, 23.48, 49.22
2020-10-28, 22:11:21, 23.5, 49.22
2020-10-28, 22:11:22, 23.49, 49.22
2020-10-28, 22:11:24, 23.49, 49.22
2020-10-28, 22:11:25, 23.48, 49.22
2020-10-28, 22:11:26, 23.48, 49.22
2020-10-28, 22:11:28, 23.5, 49.19
2020-10-28, 22:11:29, 23.49, 49.22
2020-10-28, 22:11:30, 23.5, 49.22
2020-10-28, 22:11:32, 23.5, 49.22
2020-10-28, 22:11:33, 23.49, 49.19
2020-10-28, 22:11:34, 23.48, 49.18
2020-10-28, 22:11:36, 23.48, 49.18
2020-10-28, 22:11:37, 23.48, 49.18
2020-10-28, 22:11:38, 23.48, 49.15
2020-10-28, 22:11:40, 23.48, 49.15
2020-10-28, 22:11:41, 23.48, 49.15
2020-10-28, 22:11:43, 23.48, 49.15
2020-10-28, 22:11:44, 23.48, 49.15
2020-10-28, 22:11:45, 23.48, 49.15
2020-10-28, 22:11:47, 23.5, 49.15
2020-10-28, 22:11:48, 23.48, 49.15
2020-10-28, 22:11:49, 23.48, 49.15
2020-10-28, 22:11:51, 23.48, 49.15
2020-10-28, 22:11:52, 23.49, 49.15
2020-10-28, 22:11:53, 23.48, 49.15
2020-10-28, 22:11:55, 23.48, 49.15
2020-10-28, 22:11:56, 23.48, 49.15
2020-10-28, 22:11:57, 23.48, 49.15
2020-10-28, 22:11:59, 23.49, 49.15
2020-10-28, 22:12:00, 23.48, 49.15
2020-10-28, 22:12:02, 23.48, 49.15
2020-10-28, 22:12:03, 23.46, 49.15
2020-10-28, 22:12:04, 23.48, 49.15
2020-10-28, 22:12:06, 23.48, 49.15
2020-10-28, 22:12:07, 23.48, 49.15
2020-10-28, 22:12:08, 23.48, 49.15
2020-10-28, 22:12:10, 23.48, 49.15
2020-10-28, 22:12:11, 23.48, 49.15
2020-10-28, 22:12:12, 23.47, 49.12
2020-10-28, 22:12:14, 23.48, 49.15
2020-10-28, 22:12:15, 23.5, 49.15
2020-10-28, 22:12:16, 23.49, 49.15
2020-10-28, 22:12:18, 23.5, 49.15
2020-10-28, 22:12:19, 23.48, 49.15
2020-10-28, 22:12:21, 23.48, 49.15
2020-10-28, 22:12:22, 23.49, 49.15
2020-10-28, 22:12:23, 23.49, 49.12
2020-10-28, 22:12:25, 23.48, 49.12
2020-10-28, 22:12:26, 23.49, 49.09
2020-10-28, 22:12:27, 23.48, 49.15
2020-10-28, 22:12:29, 23.48, 49.09
2020-10-28, 22:12:30, 23.48, 49.12
2020-10-28, 22:12:31, 23.48, 49.12
2020-10-28, 22:12:33, 23.48, 49.09
2020-10-28, 22:12:34, 23.48, 49.09
2020-10-28, 22:12:35, 23.47, 49.09
2020-10-28, 22:12:37, 23.48, 49.12
2020-10-28, 22:12:38, 23.48, 49.09
2020-10-28, 22:12:40, 23.47, 49.09
2020-10-28, 22:12:41, 23.48, 49.09
2020-10-28, 22:12:42, 23.46, 49.09
2020-10-28, 22:12:44, 23.45, 49.08
2020-10-28, 22:12:45, 23.47, 49.09
2020-10-28, 22:12:46, 23.46, 49.09
2020-10-28, 22:12:48, 23.44, 49.08
2020-10-28, 22:12:49, 23.45, 49.08
2020-10-28, 22:12:50, 23.46, 49.09
2020-10-28, 22:12:52, 23.46, 49.12
2020-10-28, 22:12:53, 23.46, 49.09
2020-10-28, 22:12:54, 23.47, 49.09
2020-10-28, 22:12:56, 23.46, 49.12
2020-10-28, 22:12:57, 23.46, 49.12
2020-10-28, 22:12:59, 23.45, 49.12
2020-10-28, 22:13:00, 23.47, 49.12
2020-10-28, 22:13:01, 23.46, 49.12
2020-10-28, 22:13:03, 23.46, 49.12
2020-10-28, 22:13:04, 23.46, 49.12
2020-10-28, 22:13:05, 23.46, 49.09
2020-10-28, 22:13:07, 23.46, 49.09
2020-10-28, 22:13:08, 23.46, 49.09
2020-10-28, 22:13:09, 23.46, 49.09
2020-10-28, 22:13:11, 23.46, 49.09
2020-10-28, 22:13:12, 23.45, 49.12
2020-10-28, 22:13:13, 23.45, 49.08
2020-10-28, 22:13:15, 23.44, 49.08
2020-10-28, 22:13:16, 23.45, 49.08
2020-10-28, 22:13:17, 23.43, 49.08
2020-10-28, 22:13:19, 23.46, 49.09
2020-10-28, 22:13:20, 23.44, 49.08
2020-10-28, 22:13:22, 23.45, 49.08
2020-10-28, 22:13:23, 23.43, 49.11
2020-10-28, 22:13:24, 23.43, 49.08
2020-10-28, 22:13:26, 23.44, 49.12
2020-10-28, 22:13:27, 23.42, 49.11
2020-10-28, 22:13:28, 23.43, 49.11
2020-10-28, 22:13:30, 23.42, 49.14
2020-10-28, 22:13:31, 23.43, 49.15
2020-10-28, 22:13:32, 23.42, 49.14
2020-10-28, 22:13:34, 23.42, 49.14
2020-10-28, 22:13:35, 23.42, 49.14
2020-10-28, 22:13:36, 23.42, 49.14
2020-10-28, 22:13:38, 23.42, 49.14
2020-10-28, 22:13:39, 23.43, 49.15
2020-10-28, 22:13:41, 23.43, 49.15
2020-10-28, 22:13:42, 23.42, 49.14
2020-10-28, 22:13:43, 23.45, 49.15
2020-10-28, 22:13:45, 23.43, 49.18
2020-10-28, 22:13:46, 23.43, 49.15
2020-10-28, 22:13:47, 23.43, 49.15
2020-10-28, 22:13:49, 23.42, 49.14
2020-10-28, 22:13:50, 23.42, 49.14
2020-10-28, 22:13:51, 23.43, 49.15
2020-10-28, 22:13:53, 23.41, 49.11
2020-10-28, 22:13:54, 23.42, 49.14
2020-10-28, 22:13:55, 23.42, 49.14
2020-10-28, 22:13:57, 23.43, 49.11
2020-10-28, 22:13:58, 23.42, 49.14
2020-10-28, 22:13:59, 23.42, 49.14
2020-10-28, 22:14:01, 23.42, 49.14
2020-10-28, 22:14:02, 23.42, 49.14
2020-10-28, 22:14:04, 23.41, 49.11
2020-10-28, 22:14:05, 23.42, 49.14
2020-10-28, 22:14:06, 23.42, 49.14
2020-10-28, 22:14:08, 23.42, 49.14
2020-10-28, 22:14:09, 23.41, 49.11
2020-10-28, 22:14:10, 23.43, 49.15
2020-10-28, 22:14:12, 23.42, 49.14
2020-10-28, 22:14:13, 23.42, 49.14
2020-10-28, 22:14:14, 23.42, 49.14
2020-10-28, 22:14:16, 23.41, 49.14
2020-10-28, 22:14:17, 23.41, 49.14
2020-10-28, 22:14:18, 23.42, 49.11
2020-10-28, 22:14:20, 23.41, 49.11
2020-10-28, 22:14:21, 23.42, 49.14
2020-10-28, 22:14:23, 23.42, 49.14
2020-10-28, 22:14:24, 23.41, 49.14
2020-10-28, 22:14:25, 23.41, 49.14
2020-10-28, 22:14:27, 23.41, 49.14
2020-10-28, 22:14:28, 23.41, 49.14
2020-10-28, 22:14:29, 23.41, 49.14
2020-10-28, 22:14:31, 23.41, 49.17
2020-10-28, 22:14:32, 23.4, 49.21
2020-10-28, 22:14:33, 23.4, 49.17
2020-10-28, 22:14:35, 23.4, 49.21
2020-10-28, 22:14:36, 23.39, 49.2
2020-10-28, 22:14:37, 23.4, 49.21
2020-10-28, 22:14:39, 23.4, 49.21
2020-10-28, 22:14:40, 23.4, 49.21
2020-10-28, 22:14:42, 23.39, 49.2
2020-10-28, 22:14:43, 23.38, 49.23
2020-10-28, 22:14:44, 23.38, 49.2
2020-10-28, 22:14:46, 23.38, 49.2
2020-10-28, 22:14:47, 23.38, 49.2
2020-10-28, 22:14:48, 23.38, 49.2
2020-10-28, 22:14:50, 23.38, 49.23
2020-10-28, 22:14:51, 23.39, 49.2
2020-10-28, 22:14:52, 23.38, 49.2
2020-10-28, 22:14:54, 23.37, 49.2
2020-10-28, 22:14:55, 23.38, 49.23
2020-10-28, 22:14:56, 23.39, 49.2
2020-10-28, 22:14:58, 23.38, 49.2
2020-10-28, 22:14:59, 23.4, 49.21
2020-10-28, 22:15:01, 23.4, 49.21
2020-10-28, 22:15:02, 23.39, 49.2
2020-10-28, 22:15:03, 23.39, 49.2
2020-10-28, 22:15:05, 23.4, 49.21
2020-10-28, 22:15:06, 23.39, 49.2
2020-10-28, 22:15:07, 23.4, 49.21
2020-10-28, 22:15:09, 23.4, 49.21
2020-10-28, 22:15:10, 23.38, 49.2
2020-10-28, 22:15:11, 23.4, 49.21
2020-10-28, 22:15:13, 23.4, 49.21
2020-10-28, 22:15:14, 23.4, 49.21
2020-10-28, 22:15:16, 23.4, 49.21
2020-10-28, 22:15:17, 23.4, 49.21
2020-10-28, 22:15:18, 23.39, 49.2
2020-10-28, 22:15:20, 23.39, 49.2
2020-10-28, 22:15:21, 23.39, 49.2
2020-10-28, 22:15:22, 23.38, 49.23
2020-10-28, 22:15:24, 23.38, 49.23
2020-10-28, 22:15:25, 23.38, 49.23
2020-10-28, 22:15:26, 23.4, 49.21
2020-10-28, 22:15:28, 23.39, 49.24
2020-10-28, 22:15:29, 23.39, 49.24
2020-10-28, 22:15:30, 23.4, 49.21
2020-10-28, 22:15:32, 23.39, 49.2
2020-10-28, 22:15:33, 23.38, 49.2
2020-10-28, 22:15:35, 23.38, 49.23
2020-10-28, 22:15:36, 23.38, 49.23
2020-10-28, 22:15:37, 23.38, 49.23
2020-10-28, 22:15:39, 23.39, 49.24
2020-10-28, 22:15:40, 23.39, 49.27
2020-10-28, 22:15:41, 23.37, 49.23
2020-10-28, 22:15:43, 23.37, 49.26
2020-10-28, 22:15:44, 23.37, 49.26
2020-10-28, 22:15:45, 23.38, 49.23
2020-10-28, 22:15:47, 23.38, 49.27
2020-10-28, 22:15:48, 23.38, 49.27
2020-10-28, 22:15:49, 23.36, 49.26
2020-10-28, 22:15:51, 23.38, 49.27
2020-10-28, 22:15:52, 23.37, 49.26
2020-10-28, 22:15:54, 23.37, 49.26
2020-10-28, 22:15:55, 23.37, 49.26
2020-10-28, 22:15:56, 23.37, 49.3
2020-10-28, 22:15:58, 23.37, 49.3
2020-10-28, 22:15:59, 23.38, 49.3
2020-10-28, 22:16:00, 23.37, 49.26
2020-10-28, 22:16:02, 23.38, 49.3
2020-10-28, 22:16:03, 23.37, 49.33
2020-10-28, 22:16:04, 23.36, 49.33
2020-10-28, 22:16:06, 23.36, 49.3
2020-10-28, 22:16:07, 23.36, 49.33
2020-10-28, 22:16:08, 23.36, 49.3
2020-10-28, 22:16:10, 23.36, 49.33
2020-10-28, 22:16:11, 23.36, 49.33
2020-10-28, 22:16:13, 23.36, 49.3
2020-10-28, 22:16:14, 23.37, 49.33
2020-10-28, 22:16:15, 23.37, 49.33
2020-10-28, 22:16:17, 23.36, 49.3
2020-10-28, 22:16:18, 23.36, 49.33
2020-10-28, 22:16:19, 23.35, 49.29
2020-10-28, 22:16:21, 23.34, 49.32
2020-10-28, 22:16:22, 23.35, 49.33
2020-10-28, 22:16:24, 23.35, 49.33
2020-10-28, 22:16:25, 23.36, 49.33
2020-10-28, 22:16:26, 23.36, 49.33
2020-10-28, 22:16:28, 23.36, 49.33
2020-10-28, 22:16:29, 23.36, 49.33
2020-10-28, 22:16:30, 23.36, 49.3
2020-10-28, 22:16:32, 23.38, 49.3
2020-10-28, 22:16:33, 23.38, 49.33
2020-10-28, 22:16:34, 23.38, 49.33
2020-10-28, 22:16:36, 23.38, 49.3
2020-10-28, 22:16:37, 23.38, 49.3
2020-10-28, 22:16:39, 23.39, 49.33
2020-10-28, 22:16:40, 23.38, 49.33
2020-10-28, 22:16:41, 23.38, 49.33
2020-10-28, 22:16:43, 23.38, 49.3
2020-10-28, 22:16:44, 23.38, 49.3
2020-10-28, 22:16:45, 23.37, 49.3
2020-10-28, 22:16:47, 23.38, 49.33
2020-10-28, 22:16:48, 23.38, 49.3
2020-10-28, 22:16:49, 23.37, 49.3
2020-10-28, 22:16:51, 23.37, 49.33
2020-10-28, 22:16:52, 23.37, 49.33
2020-10-28, 22:16:53, 23.37, 49.33
2020-10-28, 22:16:55, 23.36, 49.33
2020-10-28, 22:16:56, 23.36, 49.33
2020-10-28, 22:16:58, 23.36, 49.33
2020-10-28, 22:16:59, 23.37, 49.33
2020-10-28, 22:17:00, 23.35, 49.33
2020-10-28, 22:17:02, 23.35, 49.36
2020-10-28, 22:17:03, 23.36, 49.36
2020-10-28, 22:17:04, 23.36, 49.36
2020-10-28, 22:17:06, 23.36, 49.36
2020-10-28, 22:17:07, 23.36, 49.36
2020-10-28, 22:17:08, 23.36, 49.36
2020-10-28, 22:17:10, 23.36, 49.33
2020-10-28, 22:17:11, 23.35, 49.36
2020-10-28, 22:17:12, 23.35, 49.33
2020-10-28, 22:17:14, 23.35, 49.33
2020-10-28, 22:17:15, 23.36, 49.33
2020-10-28, 22:17:16, 23.36, 49.36
2020-10-28, 22:17:18, 23.36, 49.36
2020-10-28, 22:17:19, 23.35, 49.36
2020-10-28, 22:17:21, 23.36, 49.36
2020-10-28, 22:17:22, 23.36, 49.36
2020-10-28, 22:17:23, 23.36, 49.39
2020-10-28, 22:17:25, 23.36, 49.36
2020-10-28, 22:17:26, 23.36, 49.36
2020-10-28, 22:17:27, 23.35, 49.36
2020-10-28, 22:17:29, 23.36, 49.36
2020-10-28, 22:17:30, 23.36, 49.36
2020-10-28, 22:17:32, 23.32, 49.39
2020-10-28, 22:17:33, 23.34, 49.39
2020-10-28, 22:17:34, 23.36, 49.39
2020-10-28, 22:17:36, 23.35, 49.39
2020-10-28, 22:17:37, 23.35, 49.39
2020-10-28, 22:17:38, 23.36, 49.39
2020-10-28, 22:17:40, 23.36, 49.39
2020-10-28, 22:17:41, 23.33, 49.39
2020-10-28, 22:17:42, 23.36, 49.39
2020-10-28, 22:17:44, 23.36, 49.39
2020-10-28, 22:17:45, 23.36, 49.39
2020-10-28, 22:17:46, 23.35, 49.39
2020-10-28, 22:17:48, 23.36, 49.39
2020-10-28, 22:17:49, 23.35, 49.39
2020-10-28, 22:17:51, 23.34, 49.39
2020-10-28, 22:17:52, 23.35, 49.39
2020-10-28, 22:17:53, 23.36, 49.36
2020-10-28, 22:17:55, 23.36, 49.39
2020-10-28, 22:17:56, 23.35, 49.39
2020-10-28, 22:17:57, 23.36, 49.39
2020-10-28, 22:17:59, 23.35, 49.39
2020-10-28, 22:18:00, 23.35, 49.39
2020-10-28, 22:18:01, 23.35, 49.39
2020-10-28, 22:18:03, 23.35, 49.39
2020-10-28, 22:18:04, 23.35, 49.39
2020-10-28, 22:18:05, 23.34, 49.39
2020-10-28, 22:18:07, 23.35, 49.39
2020-10-28, 22:18:08, 23.32, 49.42
2020-10-28, 22:18:10, 23.34, 49.39
2020-10-28, 22:18:11, 23.35, 49.42
2020-10-28, 22:18:12, 23.34, 49.39
2020-10-28, 22:18:14, 23.35, 49.39
2020-10-28, 22:18:15, 23.34, 49.39
2020-10-28, 22:18:16, 23.35, 49.39
2020-10-28, 22:18:18, 23.36, 49.39
2020-10-28, 22:18:19, 23.36, 49.39
2020-10-28, 22:18:20, 23.36, 49.39
2020-10-28, 22:18:22, 23.36, 49.39
2020-10-28, 22:18:23, 23.34, 49.39
2020-10-28, 22:18:24, 23.34, 49.39
2020-10-28, 22:18:26, 23.33, 49.39
2020-10-28, 22:18:27, 23.34, 49.42
2020-10-28, 22:18:29, 23.35, 49.39
2020-10-28, 22:18:30, 23.34, 49.42
2020-10-28, 22:18:31, 23.34, 49.42
2020-10-28, 22:18:33, 23.35, 49.42
2020-10-28, 22:18:34, 23.34, 49.45
2020-10-28, 22:18:35, 23.34, 49.42
2020-10-28, 22:18:37, 23.33, 49.42
2020-10-28, 22:18:38, 23.34, 49.42
2020-10-28, 22:18:39, 23.36, 49.45
2020-10-28, 22:18:41, 23.34, 49.42
2020-10-28, 22:18:42, 23.34, 49.42
2020-10-28, 22:18:43, 23.34, 49.45
2020-10-28, 22:18:45, 23.34, 49.42
2020-10-28, 22:18:46, 23.34, 49.42
2020-10-28, 22:18:48, 23.35, 49.45
2020-10-28, 22:18:49, 23.34, 49.42
2020-10-28, 22:18:50, 23.34, 49.45
2020-10-28, 22:18:52, 23.32, 49.45
2020-10-28, 22:18:53, 23.34, 49.45
2020-10-28, 22:18:54, 23.33, 49.45
2020-10-28, 22:18:56, 23.34, 49.45
2020-10-28, 22:18:57, 23.34, 49.45
2020-10-28, 22:18:58, 23.33, 49.45
2020-10-28, 22:19:00, 23.34, 49.45
2020-10-28, 22:19:01, 23.35, 49.45
2020-10-28, 22:19:02, 23.35, 49.45
2020-10-28, 22:19:04, 23.36, 49.45
2020-10-28, 22:19:05, 23.37, 49.46
2020-10-28, 22:19:06, 23.36, 49.45
2020-10-28, 22:19:08, 23.37, 49.46
2020-10-28, 22:19:09, 23.38, 49.46
2020-10-28, 22:19:11, 23.37, 49.42
2020-10-28, 22:19:12, 23.36, 49.42
2020-10-28, 22:19:13, 23.36, 49.42
2020-10-28, 22:19:15, 23.36, 49.42
2020-10-28, 22:19:16, 23.37, 49.42
2020-10-28, 22:19:17, 23.36, 49.42
2020-10-28, 22:19:19, 23.36, 49.42
2020-10-28, 22:19:20, 23.36, 49.45
2020-10-28, 22:19:21, 23.35, 49.45
2020-10-28, 22:19:23, 23.35, 49.45
2020-10-28, 22:19:24, 23.34, 49.45
2020-10-28, 22:19:26, 23.35, 49.45
2020-10-28, 22:19:27, 23.34, 49.48
2020-10-28, 22:19:28, 23.34, 49.45
2020-10-28, 22:19:30, 23.36, 49.49
2020-10-28, 22:19:31, 23.36, 49.49
2020-10-28, 22:19:32, 23.36, 49.45
2020-10-28, 22:19:34, 23.36, 49.49
2020-10-28, 22:19:35, 23.36, 49.45
2020-10-28, 22:19:36, 23.36, 49.49
2020-10-28, 22:19:38, 23.35, 49.48
2020-10-28, 22:19:39, 23.36, 49.49
2020-10-28, 22:19:40, 23.34, 49.48
2020-10-28, 22:19:42, 23.35, 49.45
2020-10-28, 22:19:43, 23.36, 49.45
2020-10-28, 22:19:44, 23.36, 49.49
2020-10-28, 22:19:46, 23.36, 49.49
2020-10-28, 22:19:47, 23.35, 49.48
2020-10-28, 22:19:48, 23.35, 49.45
2020-10-28, 22:19:50, 23.36, 49.49
2020-10-28, 22:19:51, 23.35, 49.45
2020-10-28, 22:19:53, 23.36, 49.49
2020-10-28, 22:19:54, 23.34, 49.48
2020-10-28, 22:19:55, 23.35, 49.48
2020-10-28, 22:19:57, 23.34, 49.45
2020-10-28, 22:19:58, 23.35, 49.48
2020-10-28, 22:19:59, 23.35, 49.48
2020-10-28, 22:20:01, 23.35, 49.48
2020-10-28, 22:20:02, 23.34, 49.48
2020-10-28, 22:20:03, 23.34, 49.52
2020-10-28, 22:20:05, 23.34, 49.48
2020-10-28, 22:20:06, 23.35, 49.48
2020-10-28, 22:20:07, 23.36, 49.49
2020-10-28, 22:20:09, 23.34, 49.48
2020-10-28, 22:20:10, 23.36, 49.49
2020-10-28, 22:20:11, 23.34, 49.48
2020-10-28, 22:20:13, 23.33, 49.51
2020-10-28, 22:20:14, 23.33, 49.48
2020-10-28, 22:20:16, 23.33, 49.51
2020-10-28, 22:20:17, 23.34, 49.52
2020-10-28, 22:20:18, 23.32, 49.51
2020-10-28, 22:20:20, 23.34, 49.52
2020-10-28, 22:20:21, 23.33, 49.51
2020-10-28, 22:20:22, 23.34, 49.52
2020-10-28, 22:20:24, 23.34, 49.55
2020-10-28, 22:20:25, 23.34, 49.52
2020-10-28, 22:20:26, 23.34, 49.52
2020-10-28, 22:20:28, 23.34, 49.52
2020-10-28, 22:20:29, 23.32, 49.54
2020-10-28, 22:20:31, 23.34, 49.55
2020-10-28, 22:20:32, 23.34, 49.55
2020-10-28, 22:20:33, 23.35, 49.55
2020-10-28, 22:20:35, 23.34, 49.55
2020-10-28, 22:20:36, 23.35, 49.55
2020-10-28, 22:20:37, 23.34, 49.55
2020-10-28, 22:20:39, 23.34, 49.55
2020-10-28, 22:20:40, 23.34, 49.52
2020-10-28, 22:20:41, 23.36, 49.52
2020-10-28, 22:20:43, 23.36, 49.52
2020-10-28, 22:20:44, 23.36, 49.52
2020-10-28, 22:20:45, 23.34, 49.52
2020-10-28, 22:20:47, 23.36, 49.52
2020-10-28, 22:20:48, 23.36, 49.52
2020-10-28, 22:20:50, 23.36, 49.52
2020-10-28, 22:20:51, 23.36, 49.49
2020-10-28, 22:20:52, 23.37, 49.49
2020-10-28, 22:20:54, 23.37, 49.49
2020-10-28, 22:20:55, 23.36, 49.49
2020-10-28, 22:20:56, 23.34, 49.52
2020-10-28, 22:20:58, 23.34, 49.48
2020-10-28, 22:20:59, 23.36, 49.49
2020-10-28, 22:21:00, 23.36, 49.49
2020-10-28, 22:21:02, 23.36, 49.49
2020-10-28, 22:21:03, 23.35, 49.48
2020-10-28, 22:21:05, 23.36, 49.52
2020-10-28, 22:21:06, 23.35, 49.52
2020-10-28, 22:21:07, 23.34, 49.55
2020-10-28, 22:21:09, 23.35, 49.55
2020-10-28, 22:21:10, 23.36, 49.52
2020-10-28, 22:21:11, 23.35, 49.55
2020-10-28, 22:21:13, 23.35, 49.55
2020-10-28, 22:21:14, 23.34, 49.52
2020-10-28, 22:21:15, 23.35, 49.52
2020-10-28, 22:21:17, 23.36, 49.52
2020-10-28, 22:21:18, 23.36, 49.52
2020-10-28, 22:21:20, 23.36, 49.52
2020-10-28, 22:21:21, 23.35, 49.55
2020-10-28, 22:21:22, 23.35, 49.52
2020-10-28, 22:21:24, 23.35, 49.52
2020-10-28, 22:21:25, 23.34, 49.52
2020-10-28, 22:21:26, 23.35, 49.52
2020-10-28, 22:21:28, 23.34, 49.52
2020-10-28, 22:21:29, 23.35, 49.55
2020-10-28, 22:21:30, 23.36, 49.55
2020-10-28, 22:21:32, 23.35, 49.55
2020-10-28, 22:21:33, 23.34, 49.55
2020-10-28, 22:21:34, 23.33, 49.55
2020-10-28, 22:21:36, 23.34, 49.55
2020-10-28, 22:21:37, 23.34, 49.55
2020-10-28, 22:21:39, 23.32, 49.58
2020-10-28, 22:21:40, 23.34, 49.58
2020-10-28, 22:21:41, 23.33, 49.55
2020-10-28, 22:21:43, 23.34, 49.55
2020-10-28, 22:21:44, 23.34, 49.55
2020-10-28, 22:21:45, 23.34, 49.55
2020-10-28, 22:21:47, 23.36, 49.55
2020-10-28, 22:21:48, 23.36, 49.52
2020-10-28, 22:21:49, 23.35, 49.55
2020-10-28, 22:21:51, 23.36, 49.55
2020-10-28, 22:21:52, 23.35, 49.55
2020-10-28, 22:21:53, 23.36, 49.52
2020-10-28, 22:21:55, 23.36, 49.52
2020-10-28, 22:21:56, 23.36, 49.52
2020-10-28, 22:21:58, 23.35, 49.52
2020-10-28, 22:21:59, 23.34, 49.55
2020-10-28, 22:22:00, 23.34, 49.55
2020-10-28, 22:22:02, 23.34, 49.55
2020-10-28, 22:22:03, 23.34, 49.55
2020-10-28, 22:22:04, 23.34, 49.58
2020-10-28, 22:22:06, 23.32, 49.54
2020-10-28, 22:22:07, 23.34, 49.58
2020-10-28, 22:22:08, 23.36, 49.58
2020-10-28, 22:22:10, 23.34, 49.58
2020-10-28, 22:22:11, 23.34, 49.58
2020-10-28, 22:22:13, 23.34, 49.58
2020-10-28, 22:22:14, 23.35, 49.55
2020-10-28, 22:22:15, 23.34, 49.58
2020-10-28, 22:22:17, 23.33, 49.58
2020-10-28, 22:22:18, 23.34, 49.58
2020-10-28, 22:22:19, 23.34, 49.58
2020-10-28, 22:22:21, 23.34, 49.58
2020-10-28, 22:22:22, 23.34, 49.58
2020-10-28, 22:22:23, 23.34, 49.58
2020-10-28, 22:22:25, 23.33, 49.58
2020-10-28, 22:22:26, 23.34, 49.58
2020-10-28, 22:22:27, 23.34, 49.58
2020-10-28, 22:22:29, 23.34, 49.58
2020-10-28, 22:22:30, 23.35, 49.58
2020-10-28, 22:22:32, 23.34, 49.58
2020-10-28, 22:22:33, 23.36, 49.55
2020-10-28, 22:22:34, 23.35, 49.58
2020-10-28, 22:22:36, 23.35, 49.58
2020-10-28, 22:22:37, 23.34, 49.58
2020-10-28, 22:22:38, 23.34, 49.58
2020-10-28, 22:22:40, 23.34, 49.55
2020-10-28, 22:22:41, 23.34, 49.58
2020-10-28, 22:22:42, 23.34, 49.58
2020-10-28, 22:22:44, 23.35, 49.58
2020-10-28, 22:22:45, 23.35, 49.58
2020-10-28, 22:22:46, 23.34, 49.58
2020-10-28, 22:22:48, 23.33, 49.61
2020-10-28, 22:22:49, 23.34, 49.58
2020-10-28, 22:22:51, 23.34, 49.61
2020-10-28, 22:22:52, 23.34, 49.61
2020-10-28, 22:22:53, 23.35, 49.61
2020-10-28, 22:22:55, 23.35, 49.58
2020-10-28, 22:22:56, 23.36, 49.58
2020-10-28, 22:22:57, 23.35, 49.58
2020-10-28, 22:22:59, 23.34, 49.61
2020-10-28, 22:23:00, 23.34, 49.58
2020-10-28, 22:23:01, 23.35, 49.58
2020-10-28, 22:23:03, 23.36, 49.58
2020-10-28, 22:23:04, 23.36, 49.61
2020-10-28, 22:23:05, 23.36, 49.61
2020-10-28, 22:23:07, 23.34, 49.58
2020-10-28, 22:23:08, 23.36, 49.58
2020-10-28, 22:23:10, 23.36, 49.58
2020-10-28, 22:23:11, 23.36, 49.58
2020-10-28, 22:23:12, 23.36, 49.55
2020-10-28, 22:23:14, 23.37, 49.58
2020-10-28, 22:23:15, 23.36, 49.55
2020-10-28, 22:23:16, 23.36, 49.58
2020-10-28, 22:23:18, 23.35, 49.55
2020-10-28, 22:23:19, 23.36, 49.55
2020-10-28, 22:23:20, 23.35, 49.58
2020-10-28, 22:23:22, 23.36, 49.58
2020-10-28, 22:23:23, 23.34, 49.58
2020-10-28, 22:23:24, 23.36, 49.58
2020-10-28, 22:23:26, 23.35, 49.58
2020-10-28, 22:23:27, 23.35, 49.58
2020-10-28, 22:23:29, 23.34, 49.61
2020-10-28, 22:23:30, 23.35, 49.58
2020-10-28, 22:23:31, 23.34, 49.61
2020-10-28, 22:23:33, 23.34, 49.61
2020-10-28, 22:23:34, 23.34, 49.61
2020-10-28, 22:23:35, 23.35, 49.64
2020-10-28, 22:23:37, 23.35, 49.64
2020-10-28, 22:23:38, 23.34, 49.61
2020-10-28, 22:23:39, 23.34, 49.64
2020-10-28, 22:23:41, 23.34, 49.64
2020-10-28, 22:23:42, 23.35, 49.64
2020-10-28, 22:23:43, 23.32, 49.64
2020-10-28, 22:23:45, 23.33, 49.64
2020-10-28, 22:23:46, 23.35, 49.64
2020-10-28, 22:23:47, 23.35, 49.64
2020-10-28, 22:23:49, 23.35, 49.64
2020-10-28, 22:23:50, 23.34, 49.64
2020-10-28, 22:23:52, 23.35, 49.64
2020-10-28, 22:23:53, 23.34, 49.64
2020-10-28, 22:23:54, 23.36, 49.64
2020-10-28, 22:23:56, 23.36, 49.64
2020-10-28, 22:23:57, 23.35, 49.64
2020-10-28, 22:23:58, 23.33, 49.64
2020-10-28, 22:24:00, 23.34, 49.64
2020-10-28, 22:24:01, 23.35, 49.64
2020-10-28, 22:24:02, 23.34, 49.64
2020-10-28, 22:24:04, 23.34, 49.67
2020-10-28, 22:24:05, 23.34, 49.64
2020-10-28, 22:24:06, 23.32, 49.64
2020-10-28, 22:24:08, 23.34, 49.64
2020-10-28, 22:24:09, 23.34, 49.64
2020-10-28, 22:24:11, 23.34, 49.64
2020-10-28, 22:24:12, 23.33, 49.64
2020-10-28, 22:24:13, 23.33, 49.64
2020-10-28, 22:24:15, 23.33, 49.64
2020-10-28, 22:24:16, 23.33, 49.64
2020-10-28, 22:24:17, 23.35, 49.64
2020-10-28, 22:24:19, 23.36, 49.64
2020-10-28, 22:24:20, 23.36, 49.64
2020-10-28, 22:24:21, 23.36, 49.64
2020-10-28, 22:24:23, 23.35, 49.64
2020-10-28, 22:24:24, 23.35, 49.64
2020-10-28, 22:24:25, 23.35, 49.64
2020-10-28, 22:24:27, 23.35, 49.64
2020-10-28, 22:24:28, 23.36, 49.64
2020-10-28, 22:24:30, 23.36, 49.64
2020-10-28, 22:24:31, 23.35, 49.64
2020-10-28, 22:24:32, 23.34, 49.64
2020-10-28, 22:24:34, 23.36, 49.64
2020-10-28, 22:24:35, 23.36, 49.64
2020-10-28, 22:24:36, 23.36, 49.64
2020-10-28, 22:24:38, 23.35, 49.64
2020-10-28, 22:24:39, 23.36, 49.64
2020-10-28, 22:24:40, 23.36, 49.64
2020-10-28, 22:24:42, 23.36, 49.64
2020-10-28, 22:24:43, 23.34, 49.64
2020-10-28, 22:24:45, 23.35, 49.64
2020-10-28, 22:24:46, 23.36, 49.64
2020-10-28, 22:24:47, 23.36, 49.64
2020-10-28, 22:24:49, 23.34, 49.64
2020-10-28, 22:24:50, 23.37, 49.65
2020-10-28, 22:24:51, 23.36, 49.68
2020-10-28, 22:24:53, 23.37, 49.65
2020-10-28, 22:24:54, 23.37, 49.65
2020-10-28, 22:24:55, 23.36, 49.64
2020-10-28, 22:24:57, 23.38, 49.65
2020-10-28, 22:24:58, 23.37, 49.65
2020-10-28, 22:24:59, 23.37, 49.65
2020-10-28, 22:25:01, 23.37, 49.65
2020-10-28, 22:25:02, 23.35, 49.64
2020-10-28, 22:25:04, 23.35, 49.64
2020-10-28, 22:25:05, 23.36, 49.64
2020-10-28, 22:25:06, 23.36, 49.64
2020-10-28, 22:25:08, 23.37, 49.61
2020-10-28, 22:25:09, 23.37, 49.65
2020-10-28, 22:25:10, 23.38, 49.62
2020-10-28, 22:25:12, 23.38, 49.62
2020-10-28, 22:25:13, 23.38, 49.62
2020-10-28, 22:25:14, 23.38, 49.65
2020-10-28, 22:25:16, 23.37, 49.65
2020-10-28, 22:25:17, 23.38, 49.65
2020-10-28, 22:25:18, 23.36, 49.64
2020-10-28, 22:25:20, 23.37, 49.65
2020-10-28, 22:25:21, 23.37, 49.65
2020-10-28, 22:25:22, 23.37, 49.65
2020-10-28, 22:25:24, 23.37, 49.65
2020-10-28, 22:25:25, 23.36, 49.64
2020-10-28, 22:25:27, 23.36, 49.64
2020-10-28, 22:25:28, 23.36, 49.64
2020-10-28, 22:25:29, 23.37, 49.65
2020-10-28, 22:25:31, 23.35, 49.64
2020-10-28, 22:25:32, 23.37, 49.65
2020-10-28, 22:25:33, 23.38, 49.65
2020-10-28, 22:25:35, 23.38, 49.65
2020-10-28, 22:25:36, 23.38, 49.65
2020-10-28, 22:25:37, 23.37, 49.65
2020-10-28, 22:25:39, 23.37, 49.65
2020-10-28, 22:25:40, 23.37, 49.65
2020-10-28, 22:25:41, 23.36, 49.64
2020-10-28, 22:25:43, 23.36, 49.64
2020-10-28, 22:25:44, 23.36, 49.68
2020-10-28, 22:25:46, 23.35, 49.68
2020-10-28, 22:25:47, 23.36, 49.64
2020-10-28, 22:25:48, 23.35, 49.64
2020-10-28, 22:25:50, 23.36, 49.68
2020-10-28, 22:25:51, 23.36, 49.68
2020-10-28, 22:25:52, 23.36, 49.68
2020-10-28, 22:25:54, 23.36, 49.68
2020-10-28, 22:25:55, 23.37, 49.71
2020-10-28, 22:25:56, 23.36, 49.68
2020-10-28, 22:25:58, 23.38, 49.68
2020-10-28, 22:25:59, 23.38, 49.68
2020-10-28, 22:26:00, 23.36, 49.68
2020-10-28, 22:26:02, 23.36, 49.68
2020-10-28, 22:26:03, 23.35, 49.71
2020-10-28, 22:26:05, 23.36, 49.71
2020-10-28, 22:26:06, 23.34, 49.71
2020-10-28, 22:26:07, 23.34, 49.71
2020-10-28, 22:26:09, 23.34, 49.71
2020-10-28, 22:26:10, 23.33, 49.7
2020-10-28, 22:26:11, 23.34, 49.71
2020-10-28, 22:26:13, 23.34, 49.71
2020-10-28, 22:26:14, 23.34, 49.71
2020-10-28, 22:26:15, 23.34, 49.71
2020-10-28, 22:26:17, 23.35, 49.71
2020-10-28, 22:26:18, 23.34, 49.71
2020-10-28, 22:26:19, 23.34, 49.71
2020-10-28, 22:26:21, 23.34, 49.71
2020-10-28, 22:26:22, 23.34, 49.71
2020-10-28, 22:26:24, 23.36, 49.71
2020-10-28, 22:26:25, 23.36, 49.74
2020-10-28, 22:26:26, 23.35, 49.74
2020-10-28, 22:26:28, 23.36, 49.74
2020-10-28, 22:26:29, 23.35, 49.74
2020-10-28, 22:26:30, 23.35, 49.74
2020-10-28, 22:26:32, 23.34, 49.74
2020-10-28, 22:26:33, 23.36, 49.71
2020-10-28, 22:26:34, 23.35, 49.74
2020-10-28, 22:26:36, 23.35, 49.71
2020-10-28, 22:26:37, 23.35, 49.71
2020-10-28, 22:26:38, 23.34, 49.71
2020-10-28, 22:26:40, 23.36, 49.74
2020-10-28, 22:26:41, 23.36, 49.74
2020-10-28, 22:26:43, 23.34, 49.74
2020-10-28, 22:26:44, 23.36, 49.74
2020-10-28, 22:26:45, 23.36, 49.77
2020-10-28, 22:26:47, 23.34, 49.74
2020-10-28, 22:26:48, 23.36, 49.74
2020-10-28, 22:26:49, 23.36, 49.74
2020-10-28, 22:26:51, 23.37, 49.74
2020-10-28, 22:26:52, 23.37, 49.77
2020-10-28, 22:26:53, 23.36, 49.74
2020-10-28, 22:26:55, 23.35, 49.74
2020-10-28, 22:26:56, 23.36, 49.77
2020-10-28, 22:26:57, 23.36, 49.74
2020-10-28, 22:26:59, 23.36, 49.77
2020-10-28, 22:27:00, 23.36, 49.77
2020-10-28, 22:27:02, 23.37, 49.77
2020-10-28, 22:27:03, 23.36, 49.74
2020-10-28, 22:27:04, 23.35, 49.77
2020-10-28, 22:27:06, 23.36, 49.74
2020-10-28, 22:27:07, 23.35, 49.77
2020-10-28, 22:27:08, 23.34, 49.77
2020-10-28, 22:27:10, 23.35, 49.77
2020-10-28, 22:27:11, 23.35, 49.77
2020-10-28, 22:27:12, 23.35, 49.77
2020-10-28, 22:27:14, 23.34, 49.8
2020-10-28, 22:27:15, 23.34, 49.77
2020-10-28, 22:27:16, 23.35, 49.8
2020-10-28, 22:27:18, 23.35, 49.8
2020-10-28, 22:27:19, 23.34, 49.8
2020-10-28, 22:27:20, 23.35, 49.77
2020-10-28, 22:27:22, 23.36, 49.8
2020-10-28, 22:27:23, 23.34, 49.77
2020-10-28, 22:27:25, 23.36, 49.77
2020-10-28, 22:27:26, 23.36, 49.8
2020-10-28, 22:27:27, 23.35, 49.8
2020-10-28, 22:27:29, 23.36, 49.77
2020-10-28, 22:27:30, 23.35, 49.8
2020-10-28, 22:27:31, 23.36, 49.77
2020-10-28, 22:27:33, 23.34, 49.77
2020-10-28, 22:27:34, 23.36, 49.8
2020-10-28, 22:27:35, 23.35, 49.77
2020-10-28, 22:27:37, 23.36, 49.77
2020-10-28, 22:27:38, 23.36, 49.77
2020-10-28, 22:27:39, 23.37, 49.77
2020-10-28, 22:27:41, 23.36, 49.77
2020-10-28, 22:27:42, 23.35, 49.77
2020-10-28, 22:27:44, 23.37, 49.77
2020-10-28, 22:27:45, 23.38, 49.77
2020-10-28, 22:27:46, 23.37, 49.77
2020-10-28, 22:27:48, 23.37, 49.77
2020-10-28, 22:27:49, 23.37, 49.77
2020-10-28, 22:27:50, 23.37, 49.77
2020-10-28, 22:27:52, 23.37, 49.77
2020-10-28, 22:27:53, 23.37, 49.77
2020-10-28, 22:27:54, 23.36, 49.77
2020-10-28, 22:27:56, 23.36, 49.77
2020-10-28, 22:27:57, 23.37, 49.77
2020-10-28, 22:27:58, 23.37, 49.77
2020-10-28, 22:28:00, 23.37, 49.77
2020-10-28, 22:28:01, 23.37, 49.77
2020-10-28, 22:28:02, 23.37, 49.77
2020-10-28, 22:28:04, 23.38, 49.77
2020-10-28, 22:28:05, 23.37, 49.74
2020-10-28, 22:28:07, 23.38, 49.77
2020-10-28, 22:28:08, 23.38, 49.77
2020-10-28, 22:28:09, 23.38, 49.77
2020-10-28, 22:28:11, 23.38, 49.77
2020-10-28, 22:28:12, 23.37, 49.77
2020-10-28, 22:28:13, 23.38, 49.77
2020-10-28, 22:28:15, 23.35, 49.77
2020-10-28, 22:28:16, 23.37, 49.77
2020-10-28, 22:28:17, 23.37, 49.8
2020-10-28, 22:28:19, 23.36, 49.8
2020-10-28, 22:28:20, 23.38, 49.81
2020-10-28, 22:28:21, 23.37, 49.84
2020-10-28, 22:28:23, 23.37, 49.8
2020-10-28, 22:28:24, 23.38, 49.81
2020-10-28, 22:28:26, 23.36, 49.84
2020-10-28, 22:28:27, 23.36, 49.84
2020-10-28, 22:28:28, 23.36, 49.8
2020-10-28, 22:28:30, 23.37, 49.84
2020-10-28, 22:28:31, 23.36, 49.84
2020-10-28, 22:28:32, 23.37, 49.84
2020-10-28, 22:28:34, 23.36, 49.84
2020-10-28, 22:28:35, 23.36, 49.84
2020-10-28, 22:28:36, 23.35, 49.83
2020-10-28, 22:28:38, 23.35, 49.83
2020-10-28, 22:28:39, 23.34, 49.83
2020-10-28, 22:28:40, 23.34, 49.83
2020-10-28, 22:28:42, 23.33, 49.86
2020-10-28, 22:28:43, 23.34, 49.86
2020-10-28, 22:28:45, 23.34, 49.86
2020-10-28, 22:28:46, 23.34, 49.86
2020-10-28, 22:28:47, 23.34, 49.83
2020-10-28, 22:28:49, 23.35, 49.87
2020-10-28, 22:28:50, 23.34, 49.86
2020-10-28, 22:28:51, 23.32, 49.86
2020-10-28, 22:28:53, 23.33, 49.86
2020-10-28, 22:28:54, 23.33, 49.89
2020-10-28, 22:28:55, 23.34, 49.9
2020-10-28, 22:28:57, 23.32, 49.86
2020-10-28, 22:28:58, 23.33, 49.89
2020-10-28, 22:28:59, 23.32, 49.89
2020-10-28, 22:29:01, 23.32, 49.89
2020-10-28, 22:29:02, 23.33, 49.89
2020-10-28, 22:29:03, 23.32, 49.89
2020-10-28, 22:29:05, 23.34, 49.9
2020-10-28, 22:29:06, 23.34, 49.9
2020-10-28, 22:29:08, 23.33, 49.89
2020-10-28, 22:29:09, 23.34, 49.9
2020-10-28, 22:29:10, 23.34, 49.86
2020-10-28, 22:29:12, 23.34, 49.86
2020-10-28, 22:29:13, 23.34, 49.86
2020-10-28, 22:29:14, 23.34, 49.83
2020-10-28, 22:29:16, 23.34, 49.86
2020-10-28, 22:29:17, 23.33, 49.89
2020-10-28, 22:29:19, 23.34, 49.9
2020-10-28, 22:29:20, 23.33, 49.89
2020-10-28, 22:29:21, 23.32, 49.89
2020-10-28, 22:29:23, 23.33, 49.89
2020-10-28, 22:29:24, 23.33, 49.89
2020-10-28, 22:29:25, 23.32, 49.89
2020-10-28, 22:29:27, 23.34, 49.9
2020-10-28, 22:29:28, 23.33, 49.89
2020-10-28, 22:29:29, 23.32, 49.93
2020-10-28, 22:29:31, 23.32, 49.89
2020-10-28, 22:29:32, 23.33, 49.89
2020-10-28, 22:29:33, 23.33, 49.89
2020-10-28, 22:29:35, 23.33, 49.93
2020-10-28, 22:29:36, 23.32, 49.93
2020-10-28, 22:29:38, 23.34, 49.93
2020-10-28, 22:29:39, 23.32, 49.93
2020-10-28, 22:29:40, 23.32, 49.93
2020-10-28, 22:29:42, 23.32, 49.96
2020-10-28, 22:29:43, 23.32, 49.96
2020-10-28, 22:29:44, 23.32, 49.93
2020-10-28, 22:29:46, 23.32, 49.96
2020-10-28, 22:29:47, 23.31, 49.96
2020-10-28, 22:29:48, 23.31, 49.96
2020-10-28, 22:29:50, 23.32, 49.96
2020-10-28, 22:29:51, 23.32, 49.96
2020-10-28, 22:29:52, 23.33, 49.96
2020-10-28, 22:29:54, 23.31, 49.96
2020-10-28, 22:29:55, 23.32, 49.93
2020-10-28, 22:29:57, 23.33, 49.93
2020-10-28, 22:29:58, 23.32, 49.93
2020-10-28, 22:29:59, 23.32, 49.93
2020-10-28, 22:30:01, 23.33, 49.93
2020-10-28, 22:30:02, 23.31, 49.92
2020-10-28, 22:30:03, 23.33, 49.96
2020-10-28, 22:30:05, 23.32, 49.93
2020-10-28, 22:30:06, 23.32, 49.93
2020-10-28, 22:30:07, 23.33, 49.93
2020-10-28, 22:30:09, 23.32, 49.93
2020-10-28, 22:30:10, 23.32, 49.93
2020-10-28, 22:30:11, 23.32, 49.93
2020-10-28, 22:30:13, 23.32, 49.93
2020-10-28, 22:30:14, 23.32, 49.93
2020-10-28, 22:30:15, 23.34, 49.96
2020-10-28, 22:30:17, 23.34, 49.93
2020-10-28, 22:30:18, 23.34, 49.93
2020-10-28, 22:30:20, 23.34, 49.96
2020-10-28, 22:30:21, 23.33, 49.96
2020-10-28, 22:30:22, 23.33, 49.93
2020-10-28, 22:30:24, 23.33, 49.96
2020-10-28, 22:30:25, 23.33, 49.96
2020-10-28, 22:30:26, 23.32, 49.93
2020-10-28, 22:30:28, 23.33, 49.96
2020-10-28, 22:30:29, 23.33, 49.96
2020-10-28, 22:30:30, 23.32, 49.96
2020-10-28, 22:30:32, 23.33, 49.96
2020-10-28, 22:30:33, 23.33, 49.96
2020-10-28, 22:30:34, 23.32, 49.99
2020-10-28, 22:30:36, 23.33, 49.99
2020-10-28, 22:30:37, 23.32, 49.99
2020-10-28, 22:30:38, 23.3, 49.99
2020-10-28, 22:30:40, 23.32, 49.99
2020-10-28, 22:30:43, 23.02, 50.11
2020-10-28, 22:30:45, 23.2, 50.23
2020-10-28, 22:30:46, 23.25, 50.26
2020-10-28, 22:30:48, 23.22, 50.26
2020-10-28, 22:30:49, 23.26, 50.27
2020-10-28, 22:30:50, 23.26, 50.27
2020-10-28, 22:30:52, 23.28, 50.24
2020-10-28, 22:30:53, 23.28, 50.2
2020-10-28, 22:30:55, 23.28, 50.17
2020-10-28, 22:30:56, 23.28, 50.17
2020-10-28, 22:30:57, 23.28, 50.17
2020-10-28, 22:30:59, 23.28, 50.14
2020-10-28, 22:31:00, 23.28, 50.14
2020-10-28, 22:31:01, 23.28, 50.14
2020-10-28, 22:31:03, 23.27, 50.14
2020-10-28, 22:31:04, 23.28, 50.14
2020-10-28, 22:31:05, 23.27, 50.14
2020-10-28, 22:31:07, 23.26, 50.14
2020-10-28, 22:31:08, 23.27, 50.14
2020-10-28, 22:31:09, 23.27, 50.14
2020-10-28, 22:31:11, 23.26, 50.14
2020-10-28, 22:31:12, 23.27, 50.14
2020-10-28, 22:31:14, 23.28, 50.14
2020-10-28, 22:31:15, 23.27, 50.14
2020-10-28, 22:31:16, 23.28, 50.14
2020-10-28, 22:31:18, 23.27, 50.14
2020-10-28, 22:31:19, 23.28, 50.14
2020-10-28, 22:31:20, 23.26, 50.14
2020-10-28, 22:31:22, 23.26, 50.14
2020-10-28, 22:31:23, 23.24, 50.14
2020-10-28, 22:31:24, 23.26, 50.14
2020-10-28, 22:31:26, 23.26, 50.14
2020-10-28, 22:31:27, 23.26, 50.14
2020-10-28, 22:31:28, 23.26, 50.14
2020-10-28, 22:31:30, 23.26, 50.14
2020-10-28, 22:31:31, 23.26, 50.14
2020-10-28, 22:31:32, 23.25, 50.14
2020-10-28, 22:31:34, 23.25, 50.14
2020-10-28, 22:31:35, 23.25, 50.14
2020-10-28, 22:31:37, 23.26, 50.14
2020-10-28, 22:31:38, 23.25, 50.17
2020-10-28, 22:31:39, 23.27, 50.17
2020-10-28, 22:31:41, 23.25, 50.17
2020-10-28, 22:31:42, 23.26, 50.17
2020-10-28, 22:31:43, 23.24, 50.17
2020-10-28, 22:31:45, 23.25, 50.17
2020-10-28, 22:31:46, 23.25, 50.17
2020-10-28, 22:31:47, 23.25, 50.17
2020-10-28, 22:31:49, 23.23, 50.2
2020-10-28, 22:31:50, 23.24, 50.2
2020-10-28, 22:31:51, 23.24, 50.2
2020-10-28, 22:31:53, 23.24, 50.2
2020-10-28, 22:31:54, 23.24, 50.2
2020-10-28, 22:31:56, 23.24, 50.2
2020-10-28, 22:31:57, 23.24, 50.2
2020-10-28, 22:31:58, 23.24, 50.2
2020-10-28, 22:32:00, 23.24, 50.2
2020-10-28, 22:32:01, 23.25, 50.2
2020-10-28, 22:32:02, 23.25, 50.2
2020-10-28, 22:32:04, 23.25, 50.2
2020-10-28, 22:32:05, 23.25, 50.2
2020-10-28, 22:32:06, 23.24, 50.2
2020-10-28, 22:32:08, 23.22, 50.2
2020-10-28, 22:32:09, 23.23, 50.2
2020-10-28, 22:32:10, 23.23, 50.2
2020-10-28, 22:32:12, 23.22, 50.23
2020-10-28, 22:32:13, 23.22, 50.23
2020-10-28, 22:32:14, 23.22, 50.23
2020-10-28, 22:32:16, 23.2, 50.23
2020-10-28, 22:32:17, 23.21, 50.26
2020-10-28, 22:32:19, 23.22, 50.26
2020-10-28, 22:32:20, 23.22, 50.29
2020-10-28, 22:32:22, 23.21, 50.26
2020-10-28, 22:32:23, 23.21, 50.29
2020-10-28, 22:32:24, 23.22, 50.29
2020-10-28, 22:32:26, 23.22, 50.29
2020-10-28, 22:32:27, 23.22, 50.29
2020-10-28, 22:32:28, 23.22, 50.26
2020-10-28, 22:32:30, 23.21, 50.26
2020-10-28, 22:32:31, 23.21, 50.29
2020-10-28, 22:32:32, 23.22, 50.26
2020-10-28, 22:32:34, 23.22, 50.26
2020-10-28, 22:32:35, 23.22, 50.26
2020-10-28, 22:32:36, 23.23, 50.26
2020-10-28, 22:32:38, 23.24, 50.26
2020-10-28, 22:32:39, 23.23, 50.26
2020-10-28, 22:32:40, 23.23, 50.26
2020-10-28, 22:32:42, 23.23, 50.26
2020-10-28, 22:32:43, 23.24, 50.26
2020-10-28, 22:32:45, 23.25, 50.26
2020-10-28, 22:32:46, 23.25, 50.26
2020-10-28, 22:32:47, 23.24, 50.26
2020-10-28, 22:32:49, 23.24, 50.26
2020-10-28, 22:32:50, 23.23, 50.26
2020-10-28, 22:32:51, 23.24, 50.26
2020-10-28, 22:32:53, 23.22, 50.26
2020-10-28, 22:32:54, 23.22, 50.26
2020-10-28, 22:32:55, 23.23, 50.26
2020-10-28, 22:32:57, 23.22, 50.29
2020-10-28, 22:32:58, 23.22, 50.29
2020-10-28, 22:33:00, 23.22, 50.32
2020-10-28, 22:33:01, 23.22, 50.32
2020-10-28, 22:33:02, 23.22, 50.32
2020-10-28, 22:33:04, 23.22, 50.29
2020-10-28, 22:33:05, 23.22, 50.29
2020-10-28, 22:33:06, 23.21, 50.29
2020-10-28, 22:33:08, 23.22, 50.29
2020-10-28, 22:33:09, 23.23, 50.29
2020-10-28, 22:33:10, 23.24, 50.29
2020-10-28, 22:33:12, 23.23, 50.29
2020-10-28, 22:33:13, 23.24, 50.29
2020-10-28, 22:33:14, 23.24, 50.29
2020-10-28, 22:33:16, 23.22, 50.29
2020-10-28, 22:33:17, 23.22, 50.32
2020-10-28, 22:33:19, 23.22, 50.32
2020-10-28, 22:33:20, 23.22, 50.32
2020-10-28, 22:33:21, 23.23, 50.32
2020-10-28, 22:33:23, 23.21, 50.32
2020-10-28, 22:33:24, 23.22, 50.32
2020-10-28, 22:33:25, 23.21, 50.32
2020-10-28, 22:33:27, 23.22, 50.32
2020-10-28, 22:33:28, 23.2, 50.32
2020-10-28, 22:33:29, 23.22, 50.32
2020-10-28, 22:33:31, 23.22, 50.32
2020-10-28, 22:33:32, 23.21, 50.32
2020-10-28, 22:33:33, 23.2, 50.32
2020-10-28, 22:33:35, 23.21, 50.35
2020-10-28, 22:33:36, 23.21, 50.32
2020-10-28, 22:33:38, 23.21, 50.32
2020-10-28, 22:33:39, 23.21, 50.32
2020-10-28, 22:33:40, 23.21, 50.35
2020-10-28, 22:33:42, 23.21, 50.35
2020-10-28, 22:33:43, 23.22, 50.36
2020-10-28, 22:33:44, 23.22, 50.36
2020-10-28, 22:33:46, 23.23, 50.32
2020-10-28, 22:33:47, 23.22, 50.36
2020-10-28, 22:33:48, 23.22, 50.36
2020-10-28, 22:33:50, 23.22, 50.39
2020-10-28, 22:33:51, 23.2, 50.38
2020-10-28, 22:33:52, 23.2, 50.38
2020-10-28, 22:33:54, 23.18, 50.35
2020-10-28, 22:33:55, 23.2, 50.38
2020-10-28, 22:33:56, 23.2, 50.38
2020-10-28, 22:33:58, 23.2, 50.38
2020-10-28, 22:33:59, 23.18, 50.38
2020-10-28, 22:34:01, 23.17, 50.38
2020-10-28, 22:34:02, 23.19, 50.41
2020-10-28, 22:34:03, 23.18, 50.38
2020-10-28, 22:34:05, 23.2, 50.42
2020-10-28, 22:34:06, 23.19, 50.41
2020-10-28, 22:34:07, 23.2, 50.38
2020-10-28, 22:34:09, 23.2, 50.38
2020-10-28, 22:34:10, 23.19, 50.38
2020-10-28, 22:34:11, 23.19, 50.41
2020-10-28, 22:34:13, 23.19, 50.41
2020-10-28, 22:34:14, 23.18, 50.41
2020-10-28, 22:34:15, 23.17, 50.41
2020-10-28, 22:34:17, 23.17, 50.41
2020-10-28, 22:34:18, 23.18, 50.44
2020-10-28, 22:34:20, 23.19, 50.41
2020-10-28, 22:34:21, 23.17, 50.44
2020-10-28, 22:34:22, 23.18, 50.41
2020-10-28, 22:34:24, 23.18, 50.44
2020-10-28, 22:34:25, 23.18, 50.41
2020-10-28, 22:34:26, 23.18, 50.44
2020-10-28, 22:34:28, 23.18, 50.44
2020-10-28, 22:34:29, 23.2, 50.45
2020-10-28, 22:34:30, 23.19, 50.45
2020-10-28, 22:34:32, 23.17, 50.44
2020-10-28, 22:34:33, 23.16, 50.44
2020-10-28, 22:34:34, 23.18, 50.44
2020-10-28, 22:34:36, 23.17, 50.44
2020-10-28, 22:34:37, 23.17, 50.48
2020-10-28, 22:34:39, 23.17, 50.48
2020-10-28, 22:34:40, 23.17, 50.48
2020-10-28, 22:34:41, 23.18, 50.48
2020-10-28, 22:34:43, 23.16, 50.47
2020-10-28, 22:34:44, 23.16, 50.51
2020-10-28, 22:34:45, 23.17, 50.48
2020-10-28, 22:34:47, 23.16, 50.47
2020-10-28, 22:34:48, 23.17, 50.48
2020-10-28, 22:34:49, 23.16, 50.47
2020-10-28, 22:34:51, 23.18, 50.48
2020-10-28, 22:34:52, 23.17, 50.51
2020-10-28, 22:34:53, 23.17, 50.48
2020-10-28, 22:34:55, 23.15, 50.5
2020-10-28, 22:34:56, 23.17, 50.48
2020-10-28, 22:34:57, 23.16, 50.51
2020-10-28, 22:34:59, 23.16, 50.51
2020-10-28, 22:35:00, 23.17, 50.51
2020-10-28, 22:35:02, 23.18, 50.51
2020-10-28, 22:35:03, 23.18, 50.51
2020-10-28, 22:35:04, 23.18, 50.51
2020-10-28, 22:35:06, 23.16, 50.51
2020-10-28, 22:35:07, 23.17, 50.51
2020-10-28, 22:35:08, 23.16, 50.51
2020-10-28, 22:35:10, 23.16, 50.51
2020-10-28, 22:35:11, 23.16, 50.51
2020-10-28, 22:35:12, 23.16, 50.51
2020-10-28, 22:35:14, 23.16, 50.51
2020-10-28, 22:35:15, 23.16, 50.51
2020-10-28, 22:35:16, 23.14, 50.5
2020-10-28, 22:35:18, 23.17, 50.54
2020-10-28, 22:35:19, 23.15, 50.54
2020-10-28, 22:35:21, 23.16, 50.54
2020-10-28, 22:35:22, 23.14, 50.53
2020-10-28, 22:35:23, 23.14, 50.57
2020-10-28, 22:35:25, 23.16, 50.57
2020-10-28, 22:35:26, 23.15, 50.57
2020-10-28, 22:35:27, 23.17, 50.54
2020-10-28, 22:35:29, 23.16, 50.57
2020-10-28, 22:35:30, 23.17, 50.57
2020-10-28, 22:35:31, 23.17, 50.57
2020-10-28, 22:35:33, 23.16, 50.57
2020-10-28, 22:35:34, 23.15, 50.57
2020-10-28, 22:35:35, 23.15, 50.57
2020-10-28, 22:35:37, 23.15, 50.57
2020-10-28, 22:35:38, 23.15, 50.57
2020-10-28, 22:35:40, 23.15, 50.57
2020-10-28, 22:35:41, 23.16, 50.57
2020-10-28, 22:35:42, 23.16, 50.57
2020-10-28, 22:35:44, 23.14, 50.57
2020-10-28, 22:35:45, 23.14, 50.57
2020-10-28, 22:35:46, 23.17, 50.57
2020-10-28, 22:35:48, 23.16, 50.57
2020-10-28, 22:35:49, 23.16, 50.57
2020-10-28, 22:35:50, 23.17, 50.57
2020-10-28, 22:35:52, 23.17, 50.57
2020-10-28, 22:35:53, 23.16, 50.57
2020-10-28, 22:35:54, 23.15, 50.57
2020-10-28, 22:35:56, 23.16, 50.57
2020-10-28, 22:35:57, 23.16, 50.57
2020-10-28, 22:35:59, 23.16, 50.57
2020-10-28, 22:36:00, 23.16, 50.57
2020-10-28, 22:36:01, 23.16, 50.57
2020-10-28, 22:36:03, 23.15, 50.57
2020-10-28, 22:36:04, 23.15, 50.57
2020-10-28, 22:36:05, 23.16, 50.57
2020-10-28, 22:36:07, 23.15, 50.57
2020-10-28, 22:36:08, 23.15, 50.6
2020-10-28, 22:36:09, 23.15, 50.57
2020-10-28, 22:36:11, 23.16, 50.6
2020-10-28, 22:36:12, 23.15, 50.6
2020-10-28, 22:36:13, 23.16, 50.6
2020-10-28, 22:36:15, 23.14, 50.57
2020-10-28, 22:36:16, 23.14, 50.6
2020-10-28, 22:36:17, 23.13, 50.6
2020-10-28, 22:36:19, 23.14, 50.6
2020-10-28, 22:36:20, 23.14, 50.63
2020-10-28, 22:36:22, 23.15, 50.63
2020-10-28, 22:36:23, 23.16, 50.63
2020-10-28, 22:36:24, 23.15, 50.63
2020-10-28, 22:36:26, 23.16, 50.6
2020-10-28, 22:36:27, 23.14, 50.63
2020-10-28, 22:36:28, 23.13, 50.63
2020-10-28, 22:36:30, 23.13, 50.66
2020-10-28, 22:36:31, 23.12, 50.63
2020-10-28, 22:36:32, 23.12, 50.63
2020-10-28, 22:36:34, 23.12, 50.63
2020-10-28, 22:36:35, 23.12, 50.66
2020-10-28, 22:36:36, 23.12, 50.66
2020-10-28, 22:36:38, 23.11, 50.66
2020-10-28, 22:36:39, 23.12, 50.69
2020-10-28, 22:36:41, 23.12, 50.69
2020-10-28, 22:36:42, 23.12, 50.69
2020-10-28, 22:36:43, 23.12, 50.69
2020-10-28, 22:36:45, 23.12, 50.69
2020-10-28, 22:36:46, 23.12, 50.69
2020-10-28, 22:36:47, 23.13, 50.69
2020-10-28, 22:36:49, 23.12, 50.69
2020-10-28, 22:36:50, 23.12, 50.69
2020-10-28, 22:36:51, 23.13, 50.69
2020-10-28, 22:36:53, 23.11, 50.69
2020-10-28, 22:36:54, 23.11, 50.69
2020-10-28, 22:36:55, 23.1, 50.72
2020-10-28, 22:36:57, 23.12, 50.69
2020-10-28, 22:36:58, 23.12, 50.75
2020-10-28, 22:37:00, 23.1, 50.72
2020-10-28, 22:37:01, 23.08, 50.75
2020-10-28, 22:37:02, 23.1, 50.75
2020-10-28, 22:37:04, 23.1, 50.75
2020-10-28, 22:37:05, 23.1, 50.75
2020-10-28, 22:37:06, 23.1, 50.75
2020-10-28, 22:37:08, 23.09, 50.75
2020-10-28, 22:37:09, 23.1, 50.75
2020-10-28, 22:37:10, 23.1, 50.75
2020-10-28, 22:37:12, 23.1, 50.75
2020-10-28, 22:37:13, 23.11, 50.78
2020-10-28, 22:37:14, 23.1, 50.75
2020-10-28, 22:37:16, 23.1, 50.78
2020-10-28, 22:37:17, 23.09, 50.78
2020-10-28, 22:37:18, 23.1, 50.78
2020-10-28, 22:37:20, 23.1, 50.75
2020-10-28, 22:37:21, 23.08, 50.75
2020-10-28, 22:37:23, 23.09, 50.78
2020-10-28, 22:37:24, 23.12, 50.75
2020-10-28, 22:37:25, 23.11, 50.78
2020-10-28, 22:37:27, 23.09, 50.75
2020-10-28, 22:37:28, 23.1, 50.75
2020-10-28, 22:37:29, 23.09, 50.75
2020-10-28, 22:37:31, 23.09, 50.75
2020-10-28, 22:37:32, 23.09, 50.75
2020-10-28, 22:37:33, 23.09, 50.75
2020-10-28, 22:37:35, 23.1, 50.75
2020-10-28, 22:37:36, 23.11, 50.75
2020-10-28, 22:37:38, 23.09, 50.75
2020-10-28, 22:37:39, 23.11, 50.75
2020-10-28, 22:37:40, 23.12, 50.75
2020-10-28, 22:37:42, 23.11, 50.75
2020-10-28, 22:37:43, 23.12, 50.75
2020-10-28, 22:37:44, 23.11, 50.75
2020-10-28, 22:37:46, 23.11, 50.72
2020-10-28, 22:37:47, 23.12, 50.72
2020-10-28, 22:37:48, 23.1, 50.72
2020-10-28, 22:37:50, 23.11, 50.75
2020-10-28, 22:37:51, 23.12, 50.72
2020-10-28, 22:37:52, 23.12, 50.75
2020-10-28, 22:37:54, 23.11, 50.75
2020-10-28, 22:37:55, 23.1, 50.72
2020-10-28, 22:37:57, 23.1, 50.75
2020-10-28, 22:37:58, 23.11, 50.75
2020-10-28, 22:37:59, 23.1, 50.75
2020-10-28, 22:38:01, 23.1, 50.75
2020-10-28, 22:38:02, 23.1, 50.75
2020-10-28, 22:38:03, 23.11, 50.75
2020-10-28, 22:38:05, 23.11, 50.75
2020-10-28, 22:38:06, 23.11, 50.78
2020-10-28, 22:38:07, 23.11, 50.75
2020-10-28, 22:38:09, 23.1, 50.75
2020-10-28, 22:38:10, 23.1, 50.75
2020-10-28, 22:38:11, 23.11, 50.75
2020-10-28, 22:38:13, 23.1, 50.75
2020-10-28, 22:38:14, 23.11, 50.75
2020-10-28, 22:38:16, 23.09, 50.75
2020-10-28, 22:38:17, 23.09, 50.78
2020-10-28, 22:38:18, 23.1, 50.78
2020-10-28, 22:38:20, 23.1, 50.78
2020-10-28, 22:38:21, 23.1, 50.78
2020-10-28, 22:38:22, 23.1, 50.78
2020-10-28, 22:38:24, 23.1, 50.78
2020-10-28, 22:38:25, 23.1, 50.81
2020-10-28, 22:38:26, 23.09, 50.81
2020-10-28, 22:38:28, 23.09, 50.81
2020-10-28, 22:38:29, 23.1, 50.81
2020-10-28, 22:38:30, 23.09, 50.81
2020-10-28, 22:38:32, 23.1, 50.81
2020-10-28, 22:38:33, 23.09, 50.81
2020-10-28, 22:38:35, 23.1, 50.81
2020-10-28, 22:38:36, 23.08, 50.81
2020-10-28, 22:38:37, 23.1, 50.81
2020-10-28, 22:38:39, 23.08, 50.81
2020-10-28, 22:38:40, 23.1, 50.81
2020-10-28, 22:38:41, 23.09, 50.81
2020-10-28, 22:38:43, 23.1, 50.78
2020-10-28, 22:38:44, 23.09, 50.81
2020-10-28, 22:38:45, 23.1, 50.81
2020-10-28, 22:38:47, 23.1, 50.81
2020-10-28, 22:38:48, 23.1, 50.81
2020-10-28, 22:38:49, 23.1, 50.78
2020-10-28, 22:38:51, 23.11, 50.78
2020-10-28, 22:38:52, 23.12, 50.78
2020-10-28, 22:38:54, 23.09, 50.78
2020-10-28, 22:38:55, 23.11, 50.78
2020-10-28, 22:38:56, 23.12, 50.78
2020-10-28, 22:38:58, 23.12, 50.78
2020-10-28, 22:38:59, 23.12, 50.75
2020-10-28, 22:39:00, 23.12, 50.75
2020-10-28, 22:39:02, 23.12, 50.75
2020-10-28, 22:39:03, 23.12, 50.75
2020-10-28, 22:39:04, 23.12, 50.75
2020-10-28, 22:39:06, 23.12, 50.75
2020-10-28, 22:39:07, 23.12, 50.75
2020-10-28, 22:39:08, 23.12, 50.75
2020-10-28, 22:39:10, 23.13, 50.75
2020-10-28, 22:39:11, 23.12, 50.75
2020-10-28, 22:39:12, 23.12, 50.75
2020-10-28, 22:39:14, 23.12, 50.75
2020-10-28, 22:39:15, 23.12, 50.72
2020-10-28, 22:39:17, 23.11, 50.72
2020-10-28, 22:39:18, 23.1, 50.72
2020-10-28, 22:39:19, 23.1, 50.75
2020-10-28, 22:39:21, 23.1, 50.75
2020-10-28, 22:39:22, 23.1, 50.75
2020-10-28, 22:39:23, 23.1, 50.75
2020-10-28, 22:39:25, 23.1, 50.75
2020-10-28, 22:39:26, 23.11, 50.75
2020-10-28, 22:39:27, 23.11, 50.78
2020-10-28, 22:39:29, 23.1, 50.78
2020-10-28, 22:39:30, 23.1, 50.75
2020-10-28, 22:39:31, 23.09, 50.78
2020-10-28, 22:39:33, 23.1, 50.75
2020-10-28, 22:39:34, 23.09, 50.78
2020-10-28, 22:39:36, 23.1, 50.78
2020-10-28, 22:39:37, 23.09, 50.78
2020-10-28, 22:39:38, 23.09, 50.78
2020-10-28, 22:39:40, 23.1, 50.81
2020-10-28, 22:39:41, 23.1, 50.81
2020-10-28, 22:39:42, 23.1, 50.78
2020-10-28, 22:39:44, 23.1, 50.81
2020-10-28, 22:39:45, 23.11, 50.81
2020-10-28, 22:39:46, 23.12, 50.82
2020-10-28, 22:39:48, 23.11, 50.81
2020-10-28, 22:39:49, 23.11, 50.78
2020-10-28, 22:39:50, 23.1, 50.81
2020-10-28, 22:39:52, 23.1, 50.78
2020-10-28, 22:39:53, 23.1, 50.78
2020-10-28, 22:39:54, 23.1, 50.78
2020-10-28, 22:39:56, 23.1, 50.78
2020-10-28, 22:39:57, 23.11, 50.78
2020-10-28, 22:39:59, 23.1, 50.78
2020-10-28, 22:40:00, 23.1, 50.81
2020-10-28, 22:40:01, 23.11, 50.81
2020-10-28, 22:40:03, 23.12, 50.75
2020-10-28, 22:40:04, 23.11, 50.78
2020-10-28, 22:40:05, 23.12, 50.75
2020-10-28, 22:40:07, 23.12, 50.78
2020-10-28, 22:40:08, 23.12, 50.75
2020-10-28, 22:40:09, 23.12, 50.75
2020-10-28, 22:40:11, 23.12, 50.75
2020-10-28, 22:40:12, 23.13, 50.75
2020-10-28, 22:40:13, 23.13, 50.75
2020-10-28, 22:40:15, 23.12, 50.75
2020-10-28, 22:40:16, 23.13, 50.75
2020-10-28, 22:40:18, 23.13, 50.75
2020-10-28, 22:40:19, 23.13, 50.75
2020-10-28, 22:40:20, 23.12, 50.75
2020-10-28, 22:40:22, 23.12, 50.75
2020-10-28, 22:40:23, 23.13, 50.75
2020-10-28, 22:40:24, 23.13, 50.75
2020-10-28, 22:40:26, 23.12, 50.75
2020-10-28, 22:40:27, 23.13, 50.75
2020-10-28, 22:40:28, 23.13, 50.79
2020-10-28, 22:40:30, 23.12, 50.75
2020-10-28, 22:40:31, 23.12, 50.75
2020-10-28, 22:40:32, 23.12, 50.75
2020-10-28, 22:40:34, 23.13, 50.75
2020-10-28, 22:40:35, 23.14, 50.76
2020-10-28, 22:40:37, 23.14, 50.76
2020-10-28, 22:40:38, 23.14, 50.79
2020-10-28, 22:40:39, 23.12, 50.75
2020-10-28, 22:40:41, 23.13, 50.79
2020-10-28, 22:40:42, 23.12, 50.75
2020-10-28, 22:40:43, 23.12, 50.75
2020-10-28, 22:40:45, 23.12, 50.78
2020-10-28, 22:40:46, 23.12, 50.78
2020-10-28, 22:40:47, 23.12, 50.78
2020-10-28, 22:40:49, 23.12, 50.78
2020-10-28, 22:40:50, 23.12, 50.82
2020-10-28, 22:40:51, 23.12, 50.78
2020-10-28, 22:40:53, 23.11, 50.81
2020-10-28, 22:40:54, 23.11, 50.78
2020-10-28, 22:40:55, 23.12, 50.78
2020-10-28, 22:40:57, 23.11, 50.78
2020-10-28, 22:40:58, 23.11, 50.78
2020-10-28, 22:41:00, 23.12, 50.78
2020-10-28, 22:41:01, 23.12, 50.82
2020-10-28, 22:41:02, 23.13, 50.79
2020-10-28, 22:41:04, 23.13, 50.82
2020-10-28, 22:41:05, 23.14, 50.79
2020-10-28, 22:41:06, 23.12, 50.78
2020-10-28, 22:41:08, 23.12, 50.78
2020-10-28, 22:41:09, 23.13, 50.75
2020-10-28, 22:41:10, 23.14, 50.79
2020-10-28, 22:41:12, 23.13, 50.75
2020-10-28, 22:41:13, 23.13, 50.79
2020-10-28, 22:41:14, 23.13, 50.75
2020-10-28, 22:41:16, 23.13, 50.75
2020-10-28, 22:41:17, 23.13, 50.75
2020-10-28, 22:41:19, 23.12, 50.75
2020-10-28, 22:41:20, 23.12, 50.75
2020-10-28, 22:41:21, 23.12, 50.78
2020-10-28, 22:41:23, 23.13, 50.79
2020-10-28, 22:41:24, 23.12, 50.78
2020-10-28, 22:41:25, 23.13, 50.75
2020-10-28, 22:41:27, 23.12, 50.78
2020-10-28, 22:41:28, 23.13, 50.79
2020-10-28, 22:41:29, 23.13, 50.79
2020-10-28, 22:41:31, 23.11, 50.78
2020-10-28, 22:41:32, 23.13, 50.79
2020-10-28, 22:41:33, 23.13, 50.82
2020-10-28, 22:41:35, 23.14, 50.82
2020-10-28, 22:41:36, 23.13, 50.82
2020-10-28, 22:41:38, 23.14, 50.79
2020-10-28, 22:41:39, 23.14, 50.82
2020-10-28, 22:41:40, 23.13, 50.79
2020-10-28, 22:41:42, 23.12, 50.82
2020-10-28, 22:41:43, 23.14, 50.82
2020-10-28, 22:41:44, 23.13, 50.82
2020-10-28, 22:41:46, 23.13, 50.82
2020-10-28, 22:41:47, 23.13, 50.82
2020-10-28, 22:41:48, 23.13, 50.79
2020-10-28, 22:41:50, 23.14, 50.79
2020-10-28, 22:41:51, 23.15, 50.79
2020-10-28, 22:41:52, 23.16, 50.76
2020-10-28, 22:41:54, 23.15, 50.79
2020-10-28, 22:41:55, 23.14, 50.76
2020-10-28, 22:41:56, 23.14, 50.76
2020-10-28, 22:41:58, 23.14, 50.76
2020-10-28, 22:41:59, 23.14, 50.76
2020-10-28, 22:42:01, 23.14, 50.76
2020-10-28, 22:42:02, 23.16, 50.76
2020-10-28, 22:42:03, 23.15, 50.76
2020-10-28, 22:42:05, 23.16, 50.76
2020-10-28, 22:42:06, 23.16, 50.73
2020-10-28, 22:42:07, 23.16, 50.76
2020-10-28, 22:42:09, 23.14, 50.76
2020-10-28, 22:42:10, 23.16, 50.76
2020-10-28, 22:42:11, 23.17, 50.76
2020-10-28, 22:42:13, 23.16, 50.76
2020-10-28, 22:42:14, 23.17, 50.76
2020-10-28, 22:42:15, 23.18, 50.76
2020-10-28, 22:42:17, 23.17, 50.76
2020-10-28, 22:42:18, 23.17, 50.73
2020-10-28, 22:42:20, 23.18, 50.73
2020-10-28, 22:42:21, 23.17, 50.76
2020-10-28, 22:42:22, 23.18, 50.73
2020-10-28, 22:42:24, 23.18, 50.73
2020-10-28, 22:42:25, 23.17, 50.73
2020-10-28, 22:42:26, 23.18, 50.7
2020-10-28, 22:42:28, 23.18, 50.7
2020-10-28, 22:42:29, 23.17, 50.7
2020-10-28, 22:42:30, 23.16, 50.7
2020-10-28, 22:42:32, 23.17, 50.7
2020-10-28, 22:42:33, 23.17, 50.7
2020-10-28, 22:42:34, 23.18, 50.7
2020-10-28, 22:42:36, 23.18, 50.7
2020-10-28, 22:42:37, 23.18, 50.7
2020-10-28, 22:42:39, 23.18, 50.7
2020-10-28, 22:42:40, 23.19, 50.67
2020-10-28, 22:42:41, 23.16, 50.7
2020-10-28, 22:42:43, 23.18, 50.7
2020-10-28, 22:42:44, 23.19, 50.7
2020-10-28, 22:42:45, 23.18, 50.7
2020-10-28, 22:42:47, 23.18, 50.7
2020-10-28, 22:42:48, 23.19, 50.67
2020-10-28, 22:42:49, 23.18, 50.7
2020-10-28, 22:42:51, 23.19, 50.67
2020-10-28, 22:42:52, 23.19, 50.7
2020-10-28, 22:42:53, 23.19, 50.64
2020-10-28, 22:42:55, 23.19, 50.64
2020-10-28, 22:42:56, 23.18, 50.67
2020-10-28, 22:42:58, 23.2, 50.64
2020-10-28, 22:42:59, 23.19, 50.64
2020-10-28, 22:43:00, 23.18, 50.63
2020-10-28, 22:43:02, 23.19, 50.64
2020-10-28, 22:43:03, 23.19, 50.64
2020-10-28, 22:43:04, 23.2, 50.67
2020-10-28, 22:43:06, 23.2, 50.64
2020-10-28, 22:43:07, 23.21, 50.64
2020-10-28, 22:43:08, 23.2, 50.64
2020-10-28, 22:43:10, 23.2, 50.64
2020-10-28, 22:43:11, 23.2, 50.64
2020-10-28, 22:43:12, 23.2, 50.64
2020-10-28, 22:43:14, 23.2, 50.64
2020-10-28, 22:43:15, 23.2, 50.64
2020-10-28, 22:43:16, 23.2, 50.67
2020-10-28, 22:43:18, 23.2, 50.64
2020-10-28, 22:43:19, 23.19, 50.64
2020-10-28, 22:43:21, 23.2, 50.64
2020-10-28, 22:43:22, 23.2, 50.64
2020-10-28, 22:43:23, 23.19, 50.64
2020-10-28, 22:43:25, 23.21, 50.64
2020-10-28, 22:43:26, 23.2, 50.64
2020-10-28, 22:43:27, 23.22, 50.64
2020-10-28, 22:43:29, 23.21, 50.64
2020-10-28, 22:43:30, 23.21, 50.61
2020-10-28, 22:43:31, 23.21, 50.64
2020-10-28, 22:43:33, 23.2, 50.64
2020-10-28, 22:43:34, 23.21, 50.61
2020-10-28, 22:43:35, 23.2, 50.64
2020-10-28, 22:43:37, 23.21, 50.64
2020-10-28, 22:43:38, 23.2, 50.64
2020-10-28, 22:43:40, 23.2, 50.61
2020-10-28, 22:43:41, 23.21, 50.64
2020-10-28, 22:43:42, 23.22, 50.64
2020-10-28, 22:43:44, 23.2, 50.64
2020-10-28, 22:43:45, 23.2, 50.64
2020-10-28, 22:43:46, 23.22, 50.64
2020-10-28, 22:43:48, 23.21, 50.64
2020-10-28, 22:43:49, 23.21, 50.61
2020-10-28, 22:43:50, 23.2, 50.61
2020-10-28, 22:43:52, 23.19, 50.64
2020-10-28, 22:43:53, 23.21, 50.64
2020-10-28, 22:43:54, 23.21, 50.64
2020-10-28, 22:43:56, 23.21, 50.64
2020-10-28, 22:43:57, 23.21, 50.64
2020-10-28, 22:43:58, 23.21, 50.64
2020-10-28, 22:44:00, 23.21, 50.64
2020-10-28, 22:44:01, 23.22, 50.64
2020-10-28, 22:44:03, 23.2, 50.57
2020-10-28, 22:44:04, 23.22, 50.58
2020-10-28, 22:44:05, 23.22, 50.61
2020-10-28, 22:44:07, 23.22, 50.58
2020-10-28, 22:44:08, 23.22, 50.58
2020-10-28, 22:44:09, 23.22, 50.61
2020-10-28, 22:44:11, 23.22, 50.58
2020-10-28, 22:44:12, 23.22, 50.61
2020-10-28, 22:44:13, 23.23, 50.61
2020-10-28, 22:44:15, 23.21, 50.61
2020-10-28, 22:44:16, 23.22, 50.61
2020-10-28, 22:44:17, 23.21, 50.61
2020-10-28, 22:44:19, 23.22, 50.61
2020-10-28, 22:44:20, 23.22, 50.61
2020-10-28, 22:44:22, 23.22, 50.58
2020-10-28, 22:44:23, 23.21, 50.58
2020-10-28, 22:44:24, 23.22, 50.58
2020-10-28, 22:44:26, 23.24, 50.58
2020-10-28, 22:44:27, 23.22, 50.58
2020-10-28, 22:44:28, 23.23, 50.58
2020-10-28, 22:44:30, 23.24, 50.58
2020-10-28, 22:44:31, 23.24, 50.58
2020-10-28, 22:44:32, 23.24, 50.58
2020-10-28, 22:44:34, 23.24, 50.55
2020-10-28, 22:44:35, 23.24, 50.55
2020-10-28, 22:44:36, 23.23, 50.55
2020-10-28, 22:44:38, 23.24, 50.55
2020-10-28, 22:44:39, 23.22, 50.55
2020-10-28, 22:44:41, 23.23, 50.51
2020-10-28, 22:44:42, 23.22, 50.51
2020-10-28, 22:44:43, 23.22, 50.51
2020-10-28, 22:44:45, 23.24, 50.52
2020-10-28, 22:44:46, 23.24, 50.52
2020-10-28, 22:44:47, 23.24, 50.52
2020-10-28, 22:44:49, 23.22, 50.51
2020-10-28, 22:44:50, 23.21, 50.51
2020-10-28, 22:44:51, 23.19, 50.51
2020-10-28, 22:44:53, 23.22, 50.55
2020-10-28, 22:44:54, 23.22, 50.51
2020-10-28, 22:44:55, 23.22, 50.51
2020-10-28, 22:44:57, 23.22, 50.51
2020-10-28, 22:44:58, 23.22, 50.51
2020-10-28, 22:45:00, 23.22, 50.51
2020-10-28, 22:45:01, 23.22, 50.51
2020-10-28, 22:45:02, 23.23, 50.51
2020-10-28, 22:45:04, 23.23, 50.51
2020-10-28, 22:45:05, 23.24, 50.52
2020-10-28, 22:45:06, 23.23, 50.51
2020-10-28, 22:45:08, 23.22, 50.51
2020-10-28, 22:45:09, 23.24, 50.52
2020-10-28, 22:45:10, 23.25, 50.49
2020-10-28, 22:45:12, 23.25, 50.52
2020-10-28, 22:45:13, 23.26, 50.49
2020-10-28, 22:45:14, 23.26, 50.49
2020-10-28, 22:45:16, 23.25, 50.45
2020-10-28, 22:45:17, 23.26, 50.46
2020-10-28, 22:45:19, 23.25, 50.45
2020-10-28, 22:45:20, 23.26, 50.46
2020-10-28, 22:45:21, 23.26, 50.46
2020-10-28, 22:45:23, 23.26, 50.46
2020-10-28, 22:45:24, 23.24, 50.45
2020-10-28, 22:45:25, 23.26, 50.46
2020-10-28, 22:45:27, 23.26, 50.46
2020-10-28, 22:45:28, 23.26, 50.46
2020-10-28, 22:45:29, 23.26, 50.46
2020-10-28, 22:45:31, 23.27, 50.46
2020-10-28, 22:45:32, 23.28, 50.46
2020-10-28, 22:45:33, 23.29, 50.46
2020-10-28, 22:45:35, 23.27, 50.43
2020-10-28, 22:45:36, 23.28, 50.46
2020-10-28, 22:45:38, 23.28, 50.39
2020-10-28, 22:45:39, 23.29, 50.43
2020-10-28, 22:45:40, 23.28, 50.39
2020-10-28, 22:45:42, 23.29, 50.4
2020-10-28, 22:45:43, 23.28, 50.39
2020-10-28, 22:45:44, 23.29, 50.4
2020-10-28, 22:45:46, 23.3, 50.4
2020-10-28, 22:45:47, 23.28, 50.39
2020-10-28, 22:45:48, 23.3, 50.4
2020-10-28, 22:45:50, 23.3, 50.4
2020-10-28, 22:45:51, 23.29, 50.4
2020-10-28, 22:45:52, 23.29, 50.4
2020-10-28, 22:45:54, 23.29, 50.4
2020-10-28, 22:45:55, 23.3, 50.4
2020-10-28, 22:45:56, 23.29, 50.36
2020-10-28, 22:45:58, 23.29, 50.36
2020-10-28, 22:45:59, 23.3, 50.37
2020-10-28, 22:46:01, 23.3, 50.33
2020-10-28, 22:46:02, 23.28, 50.36
2020-10-28, 22:46:03, 23.3, 50.37
2020-10-28, 22:46:05, 23.31, 50.34
2020-10-28, 22:46:06, 23.31, 50.34
2020-10-28, 22:46:07, 23.29, 50.36
2020-10-28, 22:46:09, 23.3, 50.33
2020-10-28, 22:46:10, 23.31, 50.34
2020-10-28, 22:46:11, 23.32, 50.31
2020-10-28, 22:46:13, 23.3, 50.33
2020-10-28, 22:46:14, 23.29, 50.3
2020-10-28, 22:46:15, 23.3, 50.3
2020-10-28, 22:46:17, 23.31, 50.3
2020-10-28, 22:46:18, 23.29, 50.3
2020-10-28, 22:46:20, 23.31, 50.3
2020-10-28, 22:46:21, 23.3, 50.3
2020-10-28, 22:46:22, 23.3, 50.3
2020-10-28, 22:46:24, 23.29, 50.3
2020-10-28, 22:46:25, 23.3, 50.3
2020-10-28, 22:46:26, 23.31, 50.3
2020-10-28, 22:46:28, 23.3, 50.3
2020-10-28, 22:46:29, 23.31, 50.27
2020-10-28, 22:46:30, 23.3, 50.3
2020-10-28, 22:46:32, 23.32, 50.27
2020-10-28, 22:46:33, 23.3, 50.27
2020-10-28, 22:46:34, 23.3, 50.27
2020-10-28, 22:46:36, 23.32, 50.27
2020-10-28, 22:46:37, 23.32, 50.27
2020-10-28, 22:46:39, 23.31, 50.27
2020-10-28, 22:46:40, 23.31, 50.27
2020-10-28, 22:46:41, 23.32, 50.27
2020-10-28, 22:46:43, 23.32, 50.27
2020-10-28, 22:46:44, 23.32, 50.27
2020-10-28, 22:46:45, 23.31, 50.27
2020-10-28, 22:46:47, 23.31, 50.27
2020-10-28, 22:46:48, 23.32, 50.27
2020-10-28, 22:46:49, 23.32, 50.27
2020-10-28, 22:46:51, 23.31, 50.24
2020-10-28, 22:46:52, 23.32, 50.24
2020-10-28, 22:46:53, 23.32, 50.24
2020-10-28, 22:46:55, 23.31, 50.24
2020-10-28, 22:46:56, 23.31, 50.24
2020-10-28, 22:46:57, 23.32, 50.21
2020-10-28, 22:46:59, 23.3, 50.21
2020-10-28, 22:47:00, 23.3, 50.21
2020-10-28, 22:47:02, 23.3, 50.21
2020-10-28, 22:47:03, 23.32, 50.21
2020-10-28, 22:47:04, 23.32, 50.21
2020-10-28, 22:47:06, 23.32, 50.24
2020-10-28, 22:47:07, 23.31, 50.21
2020-10-28, 22:47:08, 23.34, 50.21
2020-10-28, 22:47:10, 23.33, 50.21
2020-10-28, 22:47:11, 23.33, 50.21
2020-10-28, 22:47:12, 23.34, 50.21
2020-10-28, 22:47:14, 23.34, 50.21
2020-10-28, 22:47:15, 23.33, 50.18
2020-10-28, 22:47:16, 23.34, 50.18
2020-10-28, 22:47:18, 23.34, 50.18
2020-10-28, 22:47:19, 23.34, 50.18
2020-10-28, 22:47:21, 23.33, 50.15
2020-10-28, 22:47:22, 23.34, 50.15
2020-10-28, 22:47:23, 23.34, 50.15
2020-10-28, 22:47:25, 23.34, 50.15
2020-10-28, 22:47:26, 23.35, 50.15
2020-10-28, 22:47:27, 23.35, 50.15
2020-10-28, 22:47:29, 23.35, 50.15
2020-10-28, 22:47:30, 23.34, 50.15
2020-10-28, 22:47:31, 23.35, 50.12
2020-10-28, 22:47:33, 23.36, 50.12
2020-10-28, 22:47:34, 23.35, 50.12
2020-10-28, 22:47:35, 23.35, 50.12
2020-10-28, 22:47:37, 23.35, 50.12
2020-10-28, 22:47:38, 23.35, 50.12
2020-10-28, 22:47:40, 23.34, 50.12
2020-10-28, 22:47:41, 23.36, 50.15
2020-10-28, 22:47:42, 23.36, 50.12
2020-10-28, 22:47:44, 23.36, 50.12
2020-10-28, 22:47:45, 23.36, 50.12
2020-10-28, 22:47:46, 23.37, 50.09
2020-10-28, 22:47:48, 23.36, 50.09
2020-10-28, 22:47:49, 23.36, 50.09
2020-10-28, 22:47:50, 23.36, 50.09
2020-10-28, 22:47:52, 23.36, 50.09
2020-10-28, 22:47:53, 23.36, 50.09
2020-10-28, 22:47:54, 23.35, 50.09
2020-10-28, 22:47:56, 23.36, 50.09
2020-10-28, 22:47:57, 23.35, 50.06
2020-10-28, 22:47:59, 23.36, 50.06
2020-10-28, 22:48:00, 23.35, 50.06
2020-10-28, 22:48:01, 23.35, 50.06
2020-10-28, 22:48:03, 23.35, 50.06
2020-10-28, 22:48:04, 23.35, 50.02
2020-10-28, 22:48:05, 23.36, 50.06
2020-10-28, 22:48:07, 23.36, 50.06
2020-10-28, 22:48:08, 23.36, 50.03
2020-10-28, 22:48:09, 23.34, 50.02
2020-10-28, 22:48:11, 23.35, 50.02
2020-10-28, 22:48:12, 23.35, 50.06
2020-10-28, 22:48:13, 23.36, 50.09
2020-10-28, 22:48:15, 23.36, 50.06
2020-10-28, 22:48:16, 23.36, 50.06
2020-10-28, 22:48:17, 23.36, 50.06
2020-10-28, 22:48:19, 23.37, 50.09
2020-10-28, 22:48:20, 23.36, 50.09
2020-10-28, 22:48:22, 23.38, 50.06
2020-10-28, 22:48:23, 23.36, 50.06
2020-10-28, 22:48:24, 23.36, 50.09
2020-10-28, 22:48:26, 23.35, 50.02
2020-10-28, 22:48:27, 23.36, 50.06
2020-10-28, 22:48:28, 23.38, 50.06
2020-10-28, 22:48:30, 23.38, 50.06
2020-10-28, 22:48:31, 23.38, 50.06
2020-10-28, 22:48:32, 23.37, 50.06
2020-10-28, 22:48:34, 23.37, 50.06
2020-10-28, 22:48:35, 23.38, 50.03
2020-10-28, 22:48:36, 23.37, 50.03
2020-10-28, 22:48:38, 23.37, 50.06
2020-10-28, 22:48:39, 23.38, 50.03
2020-10-28, 22:48:41, 23.38, 50.03
2020-10-28, 22:48:42, 23.38, 50.03
2020-10-28, 22:48:43, 23.37, 50.03
2020-10-28, 22:48:45, 23.37, 50.03
2020-10-28, 22:48:46, 23.37, 50.03
2020-10-28, 22:48:47, 23.37, 50.03
2020-10-28, 22:48:49, 23.37, 50.0
2020-10-28, 22:48:50, 23.36, 49.99
2020-10-28, 22:48:51, 23.37, 50.0
2020-10-28, 22:48:53, 23.35, 50.02
2020-10-28, 22:48:54, 23.36, 50.03
2020-10-28, 22:48:55, 23.36, 50.03
2020-10-28, 22:48:57, 23.36, 50.03
2020-10-28, 22:48:58, 23.36, 50.03
2020-10-28, 22:49:00, 23.37, 50.03
2020-10-28, 22:49:01, 23.35, 49.99
2020-10-28, 22:49:02, 23.36, 50.03
2020-10-28, 22:49:04, 23.36, 49.99
2020-10-28, 22:49:05, 23.36, 49.99
2020-10-28, 22:49:06, 23.33, 50.02
2020-10-28, 22:49:08, 23.34, 49.99
2020-10-28, 22:49:09, 23.36, 49.96
2020-10-28, 22:49:10, 23.35, 49.96
2020-10-28, 22:49:12, 23.36, 49.99
2020-10-28, 22:49:13, 23.36, 49.99
2020-10-28, 22:49:14, 23.36, 49.99
2020-10-28, 22:49:16, 23.36, 50.03
2020-10-28, 22:49:17, 23.36, 49.99
2020-10-28, 22:49:19, 23.37, 50.0
2020-10-28, 22:49:20, 23.38, 50.0
2020-10-28, 22:49:21, 23.38, 49.96
2020-10-28, 22:49:23, 23.37, 49.96
2020-10-28, 22:49:24, 23.38, 49.96
2020-10-28, 22:49:25, 23.36, 49.96
2020-10-28, 22:49:27, 23.35, 49.96
2020-10-28, 22:49:28, 23.36, 49.96
2020-10-28, 22:49:29, 23.37, 49.96
2020-10-28, 22:49:31, 23.34, 49.96
2020-10-28, 22:49:32, 23.36, 49.93
2020-10-28, 22:49:33, 23.36, 49.93
2020-10-28, 22:49:35, 23.36, 49.93
2020-10-28, 22:49:36, 23.37, 49.93
2020-10-28, 22:49:38, 23.36, 49.93
2020-10-28, 22:49:39, 23.36, 49.9
2020-10-28, 22:49:40, 23.36, 49.9
2020-10-28, 22:49:42, 23.37, 49.9
2020-10-28, 22:49:43, 23.37, 49.9
2020-10-28, 22:49:44, 23.37, 49.9
2020-10-28, 22:49:46, 23.36, 49.87
2020-10-28, 22:49:47, 23.36, 49.84
2020-10-28, 22:49:48, 23.36, 49.84
2020-10-28, 22:49:50, 23.38, 49.84
2020-10-28, 22:49:51, 23.32, 49.86
2020-10-28, 22:49:53, 23.36, 49.87
2020-10-28, 22:49:54, 23.38, 49.9
2020-10-28, 22:49:55, 23.4, 49.9
2020-10-28, 22:49:57, 23.39, 49.9
2020-10-28, 22:49:58, 23.38, 49.9
2020-10-28, 22:49:59, 23.39, 49.9
2020-10-28, 22:50:01, 23.37, 49.9
2020-10-28, 22:50:02, 23.38, 49.9
2020-10-28, 22:50:03, 23.38, 49.87
2020-10-28, 22:50:05, 23.38, 49.87
2020-10-28, 22:50:06, 23.39, 49.84
2020-10-28, 22:50:07, 23.36, 49.87
2020-10-28, 22:50:09, 23.36, 49.84
2020-10-28, 22:50:10, 23.37, 49.87
2020-10-28, 22:50:12, 23.39, 49.87
2020-10-28, 22:50:13, 23.38, 49.87
2020-10-28, 22:50:14, 23.38, 49.84
2020-10-28, 22:50:16, 23.39, 49.87
2020-10-28, 22:50:17, 23.39, 49.87
2020-10-28, 22:50:18, 23.38, 49.9
2020-10-28, 22:50:20, 23.39, 49.9
2020-10-28, 22:50:21, 23.39, 49.87
2020-10-28, 22:50:22, 23.4, 49.87
2020-10-28, 22:50:24, 23.39, 49.87
2020-10-28, 22:50:25, 23.4, 49.84
2020-10-28, 22:50:26, 23.4, 49.87
2020-10-28, 22:50:28, 23.4, 49.87
2020-10-28, 22:50:29, 23.4, 49.84
2020-10-28, 22:50:31, 23.41, 49.84
2020-10-28, 22:50:32, 23.41, 49.84
2020-10-28, 22:50:33, 23.39, 49.84
2020-10-28, 22:50:35, 23.4, 49.84
2020-10-28, 22:50:36, 23.4, 49.84
2020-10-28, 22:50:37, 23.41, 49.84
2020-10-28, 22:50:39, 23.38, 49.84
2020-10-28, 22:50:40, 23.4, 49.84
2020-10-28, 22:50:41, 23.41, 49.84
2020-10-28, 22:50:43, 23.4, 49.84
2020-10-28, 22:50:44, 23.41, 49.84
2020-10-28, 22:50:46, 23.41, 49.84
2020-10-28, 22:50:47, 23.41, 49.81
2020-10-28, 22:50:48, 23.41, 49.81
2020-10-28, 22:50:50, 23.41, 49.84
2020-10-28, 22:50:51, 23.42, 49.81
2020-10-28, 22:50:52, 23.42, 49.84
2020-10-28, 22:50:54, 23.4, 49.81
2020-10-28, 22:50:55, 23.4, 49.81
2020-10-28, 22:50:56, 23.4, 49.81
2020-10-28, 22:50:58, 23.4, 49.81
2020-10-28, 22:50:59, 23.41, 49.81
2020-10-28, 22:51:00, 23.41, 49.81
2020-10-28, 22:51:02, 23.41, 49.81
2020-10-28, 22:51:03, 23.41, 49.81
2020-10-28, 22:51:05, 23.42, 49.78
2020-10-28, 22:51:06, 23.42, 49.78
2020-10-28, 22:51:07, 23.4, 49.78
2020-10-28, 22:51:09, 23.42, 49.78
2020-10-28, 22:51:10, 23.42, 49.75
2020-10-28, 22:51:11, 23.41, 49.75
2020-10-28, 22:51:13, 23.42, 49.75
2020-10-28, 22:51:14, 23.42, 49.75
2020-10-28, 22:51:15, 23.42, 49.72
2020-10-28, 22:51:17, 23.42, 49.72
2020-10-28, 22:51:18, 23.41, 49.68
2020-10-28, 22:51:20, 23.42, 49.72
2020-10-28, 22:51:21, 23.41, 49.68
2020-10-28, 22:51:22, 23.42, 49.68
2020-10-28, 22:51:24, 23.41, 49.68
2020-10-28, 22:51:25, 23.42, 49.68
2020-10-28, 22:51:26, 23.42, 49.68
2020-10-28, 22:51:28, 23.42, 49.68
2020-10-28, 22:51:29, 23.42, 49.68
2020-10-28, 22:51:30, 23.42, 49.72
2020-10-28, 22:51:32, 23.42, 49.72
2020-10-28, 22:51:33, 23.42, 49.68
2020-10-28, 22:51:34, 23.42, 49.68
2020-10-28, 22:51:36, 23.42, 49.68
2020-10-28, 22:51:37, 23.41, 49.68
2020-10-28, 22:51:39, 23.41, 49.68
2020-10-28, 22:51:40, 23.42, 49.65
2020-10-28, 22:51:41, 23.42, 49.65
2020-10-28, 22:51:43, 23.42, 49.65
2020-10-28, 22:51:44, 23.42, 49.65
2020-10-28, 22:51:45, 23.43, 49.65
2020-10-28, 22:51:47, 23.42, 49.68
2020-10-28, 22:51:48, 23.43, 49.69
2020-10-28, 22:51:49, 23.42, 49.68
2020-10-28, 22:51:51, 23.43, 49.69
2020-10-28, 22:51:52, 23.43, 49.69
2020-10-28, 22:51:53, 23.42, 49.68
2020-10-28, 22:51:55, 23.44, 49.69
2020-10-28, 22:51:56, 23.43, 49.69
2020-10-28, 22:51:58, 23.43, 49.72
2020-10-28, 22:51:59, 23.44, 49.69
2020-10-28, 22:52:00, 23.44, 49.69
2020-10-28, 22:52:02, 23.42, 49.72
2020-10-28, 22:52:03, 23.42, 49.72
2020-10-28, 22:52:04, 23.44, 49.72
2020-10-28, 22:52:06, 23.43, 49.72
2020-10-28, 22:52:07, 23.43, 49.69
2020-10-28, 22:52:08, 23.42, 49.65
2020-10-28, 22:52:10, 23.42, 49.65
2020-10-28, 22:52:11, 23.44, 49.66
2020-10-28, 22:52:12, 23.42, 49.65
2020-10-28, 22:52:14, 23.42, 49.65
2020-10-28, 22:52:15, 23.44, 49.66
2020-10-28, 22:52:16, 23.44, 49.62
2020-10-28, 22:52:18, 23.44, 49.62
2020-10-28, 22:52:19, 23.44, 49.62
2020-10-28, 22:52:21, 23.43, 49.59
2020-10-28, 22:52:22, 23.45, 49.62
2020-10-28, 22:52:23, 23.46, 49.63
2020-10-28, 22:52:25, 23.44, 49.62
2020-10-28, 22:52:26, 23.45, 49.59
2020-10-28, 22:52:27, 23.45, 49.59
2020-10-28, 22:52:29, 23.45, 49.59
2020-10-28, 22:52:30, 23.44, 49.59
2020-10-28, 22:52:31, 23.44, 49.59
2020-10-28, 22:52:33, 23.44, 49.59
2020-10-28, 22:52:34, 23.45, 49.59
2020-10-28, 22:52:35, 23.45, 49.59
2020-10-28, 22:52:37, 23.43, 49.59
2020-10-28, 22:52:38, 23.44, 49.59
2020-10-28, 22:52:40, 23.44, 49.59
2020-10-28, 22:52:41, 23.44, 49.59
2020-10-28, 22:52:42, 23.45, 49.59
2020-10-28, 22:52:44, 23.44, 49.59
2020-10-28, 22:52:45, 23.44, 49.59
2020-10-28, 22:52:46, 23.45, 49.59
2020-10-28, 22:52:48, 23.43, 49.62
2020-10-28, 22:52:49, 23.44, 49.59
2020-10-28, 22:52:50, 23.44, 49.56
2020-10-28, 22:52:52, 23.44, 49.56
2020-10-28, 22:52:53, 23.43, 49.53
2020-10-28, 22:52:54, 23.45, 49.56
2020-10-28, 22:52:56, 23.45, 49.56
2020-10-28, 22:52:57, 23.44, 49.56
2020-10-28, 22:52:59, 23.44, 49.56
2020-10-28, 22:53:00, 23.43, 49.53
2020-10-28, 22:53:01, 23.43, 49.56
2020-10-28, 22:53:03, 23.45, 49.56
2020-10-28, 22:53:04, 23.44, 49.56
2020-10-28, 22:53:05, 23.45, 49.56
2020-10-28, 22:53:07, 23.45, 49.53
2020-10-28, 22:53:08, 23.46, 49.53
2020-10-28, 22:53:09, 23.44, 49.53
2020-10-28, 22:53:11, 23.45, 49.53
2020-10-28, 22:53:12, 23.46, 49.53
2020-10-28, 22:53:13, 23.45, 49.53
2020-10-28, 22:53:15, 23.43, 49.53
2020-10-28, 22:53:16, 23.44, 49.5
2020-10-28, 22:53:18, 23.44, 49.5
2020-10-28, 22:53:19, 23.45, 49.5
2020-10-28, 22:53:20, 23.45, 49.5
2020-10-28, 22:53:22, 23.45, 49.5
2020-10-28, 22:53:23, 23.45, 49.5
2020-10-28, 22:53:24, 23.46, 49.47
2020-10-28, 22:53:26, 23.46, 49.5
2020-10-28, 22:53:27, 23.44, 49.5
2020-10-28, 22:53:28, 23.44, 49.46
2020-10-28, 22:53:30, 23.44, 49.46
2020-10-28, 22:53:31, 23.45, 49.5
2020-10-28, 22:53:32, 23.44, 49.5
2020-10-28, 22:53:34, 23.45, 49.5
2020-10-28, 22:53:35, 23.46, 49.5
2020-10-28, 22:53:36, 23.46, 49.5
2020-10-28, 22:53:38, 23.45, 49.5
2020-10-28, 22:53:39, 23.46, 49.5
2020-10-28, 22:53:41, 23.45, 49.5
2020-10-28, 22:53:42, 23.45, 49.5
2020-10-28, 22:53:43, 23.44, 49.46
2020-10-28, 22:53:45, 23.44, 49.46
2020-10-28, 22:53:46, 23.44, 49.46
2020-10-28, 22:53:47, 23.46, 49.47
2020-10-28, 22:53:49, 23.46, 49.47
2020-10-28, 22:53:50, 23.46, 49.47
2020-10-28, 22:53:51, 23.46, 49.47
2020-10-28, 22:53:53, 23.46, 49.47
2020-10-28, 22:53:54, 23.46, 49.47
2020-10-28, 22:53:55, 23.45, 49.47
2020-10-28, 22:53:57, 23.46, 49.47
2020-10-28, 22:53:58, 23.46, 49.47
2020-10-28, 22:53:59, 23.47, 49.47
2020-10-28, 22:54:01, 23.46, 49.47
2020-10-28, 22:54:02, 23.47, 49.47
2020-10-28, 22:54:04, 23.46, 49.47
2020-10-28, 22:54:05, 23.47, 49.47
2020-10-28, 22:54:06, 23.47, 49.44
2020-10-28, 22:54:08, 23.46, 49.44
2020-10-28, 22:54:09, 23.45, 49.43
2020-10-28, 22:54:10, 23.46, 49.44
2020-10-28, 22:54:12, 23.46, 49.4
2020-10-28, 22:54:13, 23.45, 49.4
2020-10-28, 22:54:14, 23.44, 49.4
2020-10-28, 22:54:16, 23.46, 49.44
2020-10-28, 22:54:17, 23.45, 49.4
2020-10-28, 22:54:18, 23.45, 49.4
2020-10-28, 22:54:20, 23.46, 49.4
2020-10-28, 22:54:21, 23.46, 49.4
2020-10-28, 22:54:23, 23.45, 49.43
2020-10-28, 22:54:24, 23.47, 49.44
2020-10-28, 22:54:25, 23.46, 49.44
2020-10-28, 22:54:27, 23.46, 49.44
2020-10-28, 22:54:28, 23.46, 49.44
2020-10-28, 22:54:29, 23.46, 49.44
2020-10-28, 22:54:31, 23.45, 49.43
2020-10-28, 22:54:32, 23.45, 49.4
2020-10-28, 22:54:33, 23.46, 49.4
2020-10-28, 22:54:35, 23.45, 49.37
2020-10-28, 22:54:36, 23.45, 49.4
2020-10-28, 22:54:37, 23.46, 49.37
2020-10-28, 22:54:39, 23.45, 49.4
2020-10-28, 22:54:40, 23.46, 49.4
2020-10-28, 22:54:41, 23.45, 49.4
2020-10-28, 22:54:43, 23.44, 49.4
2020-10-28, 22:54:44, 23.46, 49.4
2020-10-28, 22:54:46, 23.46, 49.4
2020-10-28, 22:54:47, 23.46, 49.4
2020-10-28, 22:54:48, 23.46, 49.4
2020-10-28, 22:54:50, 23.46, 49.37
2020-10-28, 22:54:51, 23.45, 49.4
2020-10-28, 22:54:52, 23.44, 49.37
2020-10-28, 22:54:54, 23.45, 49.37
2020-10-28, 22:54:55, 23.44, 49.37
2020-10-28, 22:54:56, 23.44, 49.37
2020-10-28, 22:54:58, 23.44, 49.37
2020-10-28, 22:54:59, 23.44, 49.37
2020-10-28, 22:55:01, 23.46, 49.37
2020-10-28, 22:55:02, 23.44, 49.37
2020-10-28, 22:55:03, 23.44, 49.37
2020-10-28, 22:55:05, 23.45, 49.37
2020-10-28, 22:55:06, 23.44, 49.37
2020-10-28, 22:55:07, 23.45, 49.34
2020-10-28, 22:55:09, 23.44, 49.37
2020-10-28, 22:55:10, 23.44, 49.37
2020-10-28, 22:55:11, 23.44, 49.4
2020-10-28, 22:55:13, 23.46, 49.4
2020-10-28, 22:55:14, 23.45, 49.4
2020-10-28, 22:55:15, 23.45, 49.4
2020-10-28, 22:55:17, 23.45, 49.4
2020-10-28, 22:55:18, 23.45, 49.4
2020-10-28, 22:55:20, 23.45, 49.4
2020-10-28, 22:55:21, 23.46, 49.37
2020-10-28, 22:55:22, 23.43, 49.34
2020-10-28, 22:55:24, 23.44, 49.34
2020-10-28, 22:55:25, 23.42, 49.34
2020-10-28, 22:55:26, 23.43, 49.37
2020-10-28, 22:55:28, 23.44, 49.34
2020-10-28, 22:55:29, 23.44, 49.34
2020-10-28, 22:55:30, 23.43, 49.34
2020-10-28, 22:55:32, 23.44, 49.31
2020-10-28, 22:55:33, 23.44, 49.31
2020-10-28, 22:55:34, 23.44, 49.34
2020-10-28, 22:55:36, 23.44, 49.34
2020-10-28, 22:55:37, 23.44, 49.34
2020-10-28, 22:55:39, 23.44, 49.34
2020-10-28, 22:55:40, 23.43, 49.34
2020-10-28, 22:55:41, 23.42, 49.3
2020-10-28, 22:55:43, 23.42, 49.3
2020-10-28, 22:55:44, 23.42, 49.3
2020-10-28, 22:55:45, 23.43, 49.3
2020-10-28, 22:55:47, 23.41, 49.3
2020-10-28, 22:55:48, 23.41, 49.3
2020-10-28, 22:55:49, 23.42, 49.34
2020-10-28, 22:55:51, 23.42, 49.34
2020-10-28, 22:55:52, 23.42, 49.34
2020-10-28, 22:55:53, 23.4, 49.33
2020-10-28, 22:55:55, 23.41, 49.33
2020-10-28, 22:55:56, 23.41, 49.33
2020-10-28, 22:55:58, 23.42, 49.34
2020-10-28, 22:55:59, 23.41, 49.37
2020-10-28, 22:56:00, 23.42, 49.37
2020-10-28, 22:56:02, 23.42, 49.34
2020-10-28, 22:56:03, 23.4, 49.33
2020-10-28, 22:56:04, 23.42, 49.37
2020-10-28, 22:56:06, 23.41, 49.33
2020-10-28, 22:56:07, 23.4, 49.36
2020-10-28, 22:56:08, 23.4, 49.33
2020-10-28, 22:56:10, 23.42, 49.37
2020-10-28, 22:56:11, 23.41, 49.37
2020-10-28, 22:56:12, 23.41, 49.4
2020-10-28, 22:56:14, 23.38, 49.36
2020-10-28, 22:56:15, 23.4, 49.4
2020-10-28, 22:56:17, 23.39, 49.39
2020-10-28, 22:56:18, 23.4, 49.36
2020-10-28, 22:56:19, 23.38, 49.39
2020-10-28, 22:56:21, 23.4, 49.36
2020-10-28, 22:56:22, 23.39, 49.36
2020-10-28, 22:56:23, 23.39, 49.36
2020-10-28, 22:56:25, 23.39, 49.39
2020-10-28, 22:56:26, 23.39, 49.36
2020-10-28, 22:56:27, 23.38, 49.39
2020-10-28, 22:56:29, 23.38, 49.39
2020-10-28, 22:56:30, 23.38, 49.39
2020-10-28, 22:56:31, 23.37, 49.36
2020-10-28, 22:56:33, 23.38, 49.36
2020-10-28, 22:56:34, 23.38, 49.36
2020-10-28, 22:56:36, 23.38, 49.39
2020-10-28, 22:56:37, 23.38, 49.36
2020-10-28, 22:56:38, 23.38, 49.39
2020-10-28, 22:56:40, 23.38, 49.39
2020-10-28, 22:56:41, 23.38, 49.39
2020-10-28, 22:56:42, 23.36, 49.39
2020-10-28, 22:56:44, 23.36, 49.42
2020-10-28, 22:56:45, 23.36, 49.42
2020-10-28, 22:56:46, 23.36, 49.42
2020-10-28, 22:56:48, 23.35, 49.42
2020-10-28, 22:56:49, 23.34, 49.42
2020-10-28, 22:56:50, 23.34, 49.45
2020-10-28, 22:56:52, 23.32, 49.45
2020-10-28, 22:56:53, 23.34, 49.45
2020-10-28, 22:56:55, 23.34, 49.45
2020-10-28, 22:56:56, 23.33, 49.45
2020-10-28, 22:56:57, 23.32, 49.48
2020-10-28, 22:56:59, 23.32, 49.48
2020-10-28, 22:57:00, 23.33, 49.51
2020-10-28, 22:57:01, 23.33, 49.51
2020-10-28, 22:57:03, 23.32, 49.51
2020-10-28, 22:57:04, 23.32, 49.51
2020-10-28, 22:57:05, 23.32, 49.51
2020-10-28, 22:57:07, 23.32, 49.51
2020-10-28, 22:57:08, 23.31, 49.51
2020-10-28, 22:57:09, 23.31, 49.51
2020-10-28, 22:57:11, 23.3, 49.51
2020-10-28, 22:57:12, 23.32, 49.58
2020-10-28, 22:57:14, 23.33, 49.55
2020-10-28, 22:57:15, 23.32, 49.54
2020-10-28, 22:57:16, 23.33, 49.55
2020-10-28, 22:57:18, 23.31, 49.54
2020-10-28, 22:57:19, 23.29, 49.57
2020-10-28, 22:57:20, 23.31, 49.57
2020-10-28, 22:57:22, 23.32, 49.58
2020-10-28, 22:57:23, 23.32, 49.54
2020-10-28, 22:57:24, 23.32, 49.54
2020-10-28, 22:57:26, 23.32, 49.58
2020-10-28, 22:57:27, 23.32, 49.54
2020-10-28, 22:57:28, 23.34, 49.55
2020-10-28, 22:57:30, 23.33, 49.55
2020-10-28, 22:57:31, 23.34, 49.55
2020-10-28, 22:57:33, 23.34, 49.55
2020-10-28, 22:57:34, 23.32, 49.51
2020-10-28, 22:57:35, 23.32, 49.54
2020-10-28, 22:57:37, 23.32, 49.54
2020-10-28, 22:57:38, 23.32, 49.54
2020-10-28, 22:57:39, 23.33, 49.55
2020-10-28, 22:57:41, 23.33, 49.55
2020-10-28, 22:57:42, 23.32, 49.54
2020-10-28, 22:57:43, 23.31, 49.54
2020-10-28, 22:57:45, 23.31, 49.54
2020-10-28, 22:57:46, 23.31, 49.57
2020-10-28, 22:57:47, 23.32, 49.58
2020-10-28, 22:57:49, 23.31, 49.54
2020-10-28, 22:57:50, 23.31, 49.57
2020-10-28, 22:57:51, 23.32, 49.54
2020-10-28, 22:57:53, 23.32, 49.58
2020-10-28, 22:57:54, 23.31, 49.57
2020-10-28, 22:57:56, 23.32, 49.54
2020-10-28, 22:57:57, 23.31, 49.54
2020-10-28, 22:57:58, 23.31, 49.54
2020-10-28, 22:58:00, 23.3, 49.54
2020-10-28, 22:58:01, 23.3, 49.54
2020-10-28, 22:58:02, 23.31, 49.57
2020-10-28, 22:58:04, 23.28, 49.54
2020-10-28, 22:58:05, 23.29, 49.57
2020-10-28, 22:58:06, 23.3, 49.57
2020-10-28, 22:58:08, 23.31, 49.57
2020-10-28, 22:58:09, 23.29, 49.57
2020-10-28, 22:58:10, 23.3, 49.57
2020-10-28, 22:58:12, 23.3, 49.57
2020-10-28, 22:58:13, 23.3, 49.57
2020-10-28, 22:58:15, 23.3, 49.57
2020-10-28, 22:58:16, 23.29, 49.57
2020-10-28, 22:58:17, 23.28, 49.57
2020-10-28, 22:58:19, 23.28, 49.57
2020-10-28, 22:58:20, 23.28, 49.57
2020-10-28, 22:58:21, 23.29, 49.57
2020-10-28, 22:58:23, 23.28, 49.6
2020-10-28, 22:58:24, 23.28, 49.57
2020-10-28, 22:58:25, 23.29, 49.6
2020-10-28, 22:58:27, 23.29, 49.6
2020-10-28, 22:58:28, 23.3, 49.61
2020-10-28, 22:58:29, 23.29, 49.6
2020-10-28, 22:58:31, 23.29, 49.6
2020-10-28, 22:58:32, 23.28, 49.6
2020-10-28, 22:58:33, 23.28, 49.6
2020-10-28, 22:58:35, 23.27, 49.57
2020-10-28, 22:58:36, 23.3, 49.61
2020-10-28, 22:58:38, 23.3, 49.61
2020-10-28, 22:58:39, 23.3, 49.61
2020-10-28, 22:58:40, 23.3, 49.61
2020-10-28, 22:58:42, 23.29, 49.57
2020-10-28, 22:58:43, 23.29, 49.57
2020-10-28, 22:58:44, 23.29, 49.6
2020-10-28, 22:58:46, 23.26, 49.57
2020-10-28, 22:58:47, 23.28, 49.6
2020-10-28, 22:58:48, 23.29, 49.6
2020-10-28, 22:58:50, 23.28, 49.6
2020-10-28, 22:58:51, 23.29, 49.57
2020-10-28, 22:58:53, 23.29, 49.6
2020-10-28, 22:58:54, 23.28, 49.57
2020-10-28, 22:58:55, 23.27, 49.6
2020-10-28, 22:58:57, 23.29, 49.6
2020-10-28, 22:58:58, 23.29, 49.6
2020-10-28, 22:58:59, 23.29, 49.6
2020-10-28, 22:59:01, 23.28, 49.63
2020-10-28, 22:59:02, 23.28, 49.63
2020-10-28, 22:59:03, 23.26, 49.6
2020-10-28, 22:59:05, 23.26, 49.63
2020-10-28, 22:59:06, 23.28, 49.63
2020-10-28, 22:59:07, 23.28, 49.6
2020-10-28, 22:59:09, 23.3, 49.64
2020-10-28, 22:59:10, 23.3, 49.64
2020-10-28, 22:59:12, 23.3, 49.61
2020-10-28, 22:59:13, 23.29, 49.64
2020-10-28, 22:59:14, 23.29, 49.64
2020-10-28, 22:59:16, 23.3, 49.61
2020-10-28, 22:59:17, 23.28, 49.63
2020-10-28, 22:59:18, 23.29, 49.6
2020-10-28, 22:59:20, 23.28, 49.6
2020-10-28, 22:59:21, 23.29, 49.64
2020-10-28, 22:59:22, 23.28, 49.63
2020-10-28, 22:59:24, 23.28, 49.63
2020-10-28, 22:59:25, 23.26, 49.63
2020-10-28, 22:59:26, 23.28, 49.63
2020-10-28, 22:59:28, 23.27, 49.63
2020-10-28, 22:59:29, 23.29, 49.64
2020-10-28, 22:59:30, 23.28, 49.63
2020-10-28, 22:59:32, 23.28, 49.67
2020-10-28, 22:59:33, 23.28, 49.63
2020-10-28, 22:59:35, 23.28, 49.63
2020-10-28, 22:59:36, 23.27, 49.66
2020-10-28, 22:59:37, 23.27, 49.63
2020-10-28, 22:59:39, 23.26, 49.63
2020-10-28, 22:59:40, 23.26, 49.66
2020-10-28, 22:59:41, 23.27, 49.66
2020-10-28, 22:59:43, 23.26, 49.63
2020-10-28, 22:59:44, 23.27, 49.66
2020-10-28, 22:59:45, 23.26, 49.66
2020-10-28, 22:59:47, 23.28, 49.67
2020-10-28, 22:59:48, 23.27, 49.66
2020-10-28, 22:59:49, 23.27, 49.7
2020-10-28, 22:59:51, 23.28, 49.7
2020-10-28, 22:59:52, 23.26, 49.7
2020-10-28, 22:59:54, 23.27, 49.7
2020-10-28, 22:59:55, 23.28, 49.7
2020-10-28, 22:59:56, 23.28, 49.7
2020-10-28, 22:59:58, 23.28, 49.7
2020-10-28, 22:59:59, 23.27, 49.7
2020-10-28, 23:00:00, 23.27, 49.7
2020-10-28, 23:00:02, 23.27, 49.7
2020-10-28, 23:00:03, 23.28, 49.7
2020-10-28, 23:00:04, 23.28, 49.7
2020-10-28, 23:00:06, 23.28, 49.7
2020-10-28, 23:00:07, 23.29, 49.7
2020-10-28, 23:00:08, 23.29, 49.7
2020-10-28, 23:00:10, 23.3, 49.7
2020-10-28, 23:00:11, 23.29, 49.7
2020-10-28, 23:00:12, 23.28, 49.7
2020-10-28, 23:00:14, 23.28, 49.7
2020-10-28, 23:00:15, 23.28, 49.7
2020-10-28, 23:00:17, 23.28, 49.7
2020-10-28, 23:00:18, 23.28, 49.7
2020-10-28, 23:00:19, 23.28, 49.7
2020-10-28, 23:00:21, 23.28, 49.67
2020-10-28, 23:00:22, 23.28, 49.7
2020-10-28, 23:00:23, 23.26, 49.7
2020-10-28, 23:00:25, 23.28, 49.7
2020-10-28, 23:00:26, 23.28, 49.7
2020-10-28, 23:00:27, 23.27, 49.7
2020-10-28, 23:00:29, 23.27, 49.7
2020-10-28, 23:00:30, 23.27, 49.7
2020-10-28, 23:00:31, 23.26, 49.7
2020-10-28, 23:00:33, 23.27, 49.7
2020-10-28, 23:00:34, 23.25, 49.73
2020-10-28, 23:00:36, 23.26, 49.76
2020-10-28, 23:00:37, 23.25, 49.73
2020-10-28, 23:00:38, 23.26, 49.73
2020-10-28, 23:00:40, 23.27, 49.76
2020-10-28, 23:00:41, 23.26, 49.76
2020-10-28, 23:00:42, 23.25, 49.76
2020-10-28, 23:00:44, 23.26, 49.76
2020-10-28, 23:00:45, 23.24, 49.76
2020-10-28, 23:00:46, 23.25, 49.76
2020-10-28, 23:00:48, 23.25, 49.79
2020-10-28, 23:00:49, 23.25, 49.76
2020-10-28, 23:00:50, 23.25, 49.76
2020-10-28, 23:00:52, 23.25, 49.76
2020-10-28, 23:00:53, 23.26, 49.76
2020-10-28, 23:00:55, 23.26, 49.76
2020-10-28, 23:00:56, 23.26, 49.76
2020-10-28, 23:00:57, 23.25, 49.76
2020-10-28, 23:00:59, 23.26, 49.79
2020-10-28, 23:01:00, 23.26, 49.76
2020-10-28, 23:01:01, 23.26, 49.76
2020-10-28, 23:01:03, 23.27, 49.76
2020-10-28, 23:01:04, 23.26, 49.76
2020-10-28, 23:01:05, 23.25, 49.76
2020-10-28, 23:01:07, 23.27, 49.76
2020-10-28, 23:01:08, 23.26, 49.76
2020-10-28, 23:01:09, 23.27, 49.76
2020-10-28, 23:01:11, 23.24, 49.76
2020-10-28, 23:01:12, 23.24, 49.76
2020-10-28, 23:01:13, 23.27, 49.76
2020-10-28, 23:01:15, 23.27, 49.76
2020-10-28, 23:01:16, 23.26, 49.76
2020-10-28, 23:01:18, 23.26, 49.76
2020-10-28, 23:01:19, 23.27, 49.73
2020-10-28, 23:01:20, 23.27, 49.73
2020-10-28, 23:01:22, 23.25, 49.73
2020-10-28, 23:01:23, 23.26, 49.73
2020-10-28, 23:01:24, 23.26, 49.73
2020-10-28, 23:01:26, 23.26, 49.73
2020-10-28, 23:01:27, 23.26, 49.73
2020-10-28, 23:01:28, 23.25, 49.73
2020-10-28, 23:01:30, 23.26, 49.73
2020-10-28, 23:01:31, 23.26, 49.73
2020-10-28, 23:01:32, 23.27, 49.73
2020-10-28, 23:01:34, 23.27, 49.73
2020-10-28, 23:01:35, 23.27, 49.73
2020-10-28, 23:01:37, 23.26, 49.73
2020-10-28, 23:01:38, 23.26, 49.73
2020-10-28, 23:01:39, 23.25, 49.76
2020-10-28, 23:01:41, 23.26, 49.76
2020-10-28, 23:01:42, 23.25, 49.76
2020-10-28, 23:01:43, 23.26, 49.76
2020-10-28, 23:01:45, 23.26, 49.79
2020-10-28, 23:01:46, 23.26, 49.79
2020-10-28, 23:01:47, 23.26, 49.82
2020-10-28, 23:01:49, 23.26, 49.82
2020-10-28, 23:01:50, 23.26, 49.79
2020-10-28, 23:01:51, 23.26, 49.82
2020-10-28, 23:01:53, 23.26, 49.82
2020-10-28, 23:01:54, 23.25, 49.82
2020-10-28, 23:01:56, 23.26, 49.82
2020-10-28, 23:01:57, 23.26, 49.82
2020-10-28, 23:01:58, 23.25, 49.82
2020-10-28, 23:02:00, 23.26, 49.82
2020-10-28, 23:02:01, 23.25, 49.82
2020-10-28, 23:02:02, 23.25, 49.82
2020-10-28, 23:02:04, 23.24, 49.82
2020-10-28, 23:02:05, 23.24, 49.85
2020-10-28, 23:02:06, 23.23, 49.85
2020-10-28, 23:02:08, 23.24, 49.88
2020-10-28, 23:02:09, 23.23, 49.88
2020-10-28, 23:02:10, 23.24, 49.85
2020-10-28, 23:02:12, 23.23, 49.85
2020-10-28, 23:02:13, 23.24, 49.88
2020-10-28, 23:02:14, 23.23, 49.88
2020-10-28, 23:02:16, 23.22, 49.88
2020-10-28, 23:02:17, 23.22, 49.88
2020-10-28, 23:02:19, 23.22, 49.88
2020-10-28, 23:02:20, 23.22, 49.88
2020-10-28, 23:02:21, 23.23, 49.88
2020-10-28, 23:02:23, 23.23, 49.88
2020-10-28, 23:02:24, 23.23, 49.88
2020-10-28, 23:02:25, 23.23, 49.88
2020-10-28, 23:02:27, 23.24, 49.88
2020-10-28, 23:02:28, 23.24, 49.88
2020-10-28, 23:02:29, 23.24, 49.88
2020-10-28, 23:02:31, 23.24, 49.88
2020-10-28, 23:02:32, 23.25, 49.88
2020-10-28, 23:02:33, 23.24, 49.88
2020-10-28, 23:02:35, 23.25, 49.88
2020-10-28, 23:02:36, 23.25, 49.88
2020-10-28, 23:02:38, 23.25, 49.88
2020-10-28, 23:02:39, 23.24, 49.85
2020-10-28, 23:02:40, 23.24, 49.88
2020-10-28, 23:02:42, 23.24, 49.88
2020-10-28, 23:02:43, 23.24, 49.88
2020-10-28, 23:02:44, 23.23, 49.85
2020-10-28, 23:02:46, 23.25, 49.85
2020-10-28, 23:02:47, 23.25, 49.88
2020-10-28, 23:02:48, 23.24, 49.88
2020-10-28, 23:02:50, 23.22, 49.88
2020-10-28, 23:02:51, 23.24, 49.85
2020-10-28, 23:02:52, 23.23, 49.88
2020-10-28, 23:02:54, 23.24, 49.88
2020-10-28, 23:02:55, 23.21, 49.88
2020-10-28, 23:02:57, 23.23, 49.88
2020-10-28, 23:02:58, 23.22, 49.88
2020-10-28, 23:02:59, 23.23, 49.91
2020-10-28, 23:03:01, 23.21, 49.91
2020-10-28, 23:03:02, 23.22, 49.91
2020-10-28, 23:03:03, 23.22, 49.94
2020-10-28, 23:03:05, 23.22, 49.91
2020-10-28, 23:03:06, 23.23, 49.91
2020-10-28, 23:03:07, 23.23, 49.91
2020-10-28, 23:03:09, 23.24, 49.91
2020-10-28, 23:03:10, 23.22, 49.91
2020-10-28, 23:03:11, 23.23, 49.91
2020-10-28, 23:03:13, 23.22, 49.91
2020-10-28, 23:03:14, 23.22, 49.91
2020-10-28, 23:03:16, 23.22, 49.94
2020-10-28, 23:03:17, 23.22, 49.94
2020-10-28, 23:03:18, 23.21, 49.94
2020-10-28, 23:03:20, 23.2, 49.94
2020-10-28, 23:03:21, 23.22, 49.94
2020-10-28, 23:03:22, 23.2, 49.94
2020-10-28, 23:03:24, 23.22, 49.94
2020-10-28, 23:03:25, 23.2, 49.94
2020-10-28, 23:03:26, 23.21, 49.97
2020-10-28, 23:03:28, 23.22, 49.94
2020-10-28, 23:03:29, 23.23, 49.98
2020-10-28, 23:03:30, 23.23, 49.98
2020-10-28, 23:03:32, 23.2, 49.94
2020-10-28, 23:03:33, 23.22, 49.94
2020-10-28, 23:03:34, 23.22, 49.94
2020-10-28, 23:03:36, 23.23, 49.94
2020-10-28, 23:03:37, 23.22, 49.94
2020-10-28, 23:03:39, 23.21, 49.94
2020-10-28, 23:03:40, 23.24, 49.95
2020-10-28, 23:03:41, 23.23, 49.94
2020-10-28, 23:03:43, 23.22, 49.94
2020-10-28, 23:03:44, 23.22, 49.94
2020-10-28, 23:03:45, 23.2, 49.94
2020-10-28, 23:03:47, 23.21, 49.94
2020-10-28, 23:03:48, 23.21, 49.94
2020-10-28, 23:03:49, 23.22, 49.94
2020-10-28, 23:03:51, 23.22, 49.98
2020-10-28, 23:03:52, 23.23, 49.98
2020-10-28, 23:03:54, 23.21, 49.94
2020-10-28, 23:03:55, 23.2, 49.97
2020-10-28, 23:03:56, 23.2, 49.97
2020-10-28, 23:03:58, 23.2, 49.97
2020-10-28, 23:03:59, 23.21, 49.97
2020-10-28, 23:04:00, 23.2, 49.97
2020-10-28, 23:04:02, 23.21, 49.97
2020-10-28, 23:04:03, 23.22, 49.98
2020-10-28, 23:04:04, 23.22, 49.98
2020-10-28, 23:04:06, 23.21, 49.97
2020-10-28, 23:04:07, 23.22, 49.98
2020-10-28, 23:04:08, 23.22, 49.98
2020-10-28, 23:04:10, 23.22, 49.94
2020-10-28, 23:04:11, 23.22, 49.94
2020-10-28, 23:04:12, 23.23, 49.94
2020-10-28, 23:04:14, 23.23, 49.94
2020-10-28, 23:04:15, 23.22, 49.94
2020-10-28, 23:04:17, 23.23, 49.94
2020-10-28, 23:04:18, 23.23, 49.94
2020-10-28, 23:04:19, 23.23, 49.94
2020-10-28, 23:04:21, 23.23, 49.94
2020-10-28, 23:04:22, 23.22, 49.94
2020-10-28, 23:04:23, 23.23, 49.94
2020-10-28, 23:04:25, 23.23, 49.94
2020-10-28, 23:04:26, 23.22, 49.94
2020-10-28, 23:04:27, 23.22, 49.94
2020-10-28, 23:04:29, 23.24, 49.95
2020-10-28, 23:04:30, 23.24, 49.95
2020-10-28, 23:04:31, 23.23, 49.94
2020-10-28, 23:04:33, 23.22, 49.94
2020-10-28, 23:04:34, 23.22, 49.94
2020-10-28, 23:04:36, 23.22, 49.94
2020-10-28, 23:04:37, 23.22, 49.94
2020-10-28, 23:04:38, 23.22, 49.98
2020-10-28, 23:04:40, 23.22, 49.94
2020-10-28, 23:04:41, 23.21, 49.97
2020-10-28, 23:04:42, 23.22, 49.98
2020-10-28, 23:04:44, 23.21, 49.97
2020-10-28, 23:04:45, 23.23, 50.01
2020-10-28, 23:04:46, 23.22, 50.01
2020-10-28, 23:04:48, 23.21, 49.97
2020-10-28, 23:04:49, 23.21, 50.01
2020-10-28, 23:04:50, 23.21, 50.01
2020-10-28, 23:04:52, 23.21, 50.01
2020-10-28, 23:04:53, 23.22, 50.01
2020-10-28, 23:04:55, 23.2, 50.0
2020-10-28, 23:04:56, 23.2, 50.0
2020-10-28, 23:04:57, 23.2, 50.0
2020-10-28, 23:04:59, 23.22, 50.01
2020-10-28, 23:05:00, 23.22, 50.04
2020-10-28, 23:05:01, 23.2, 50.04
2020-10-28, 23:05:03, 23.22, 50.04
2020-10-28, 23:05:04, 23.22, 50.01
2020-10-28, 23:05:05, 23.22, 50.01
2020-10-28, 23:05:07, 23.22, 50.01
2020-10-28, 23:05:08, 23.22, 50.01
2020-10-28, 23:05:09, 23.22, 50.01
2020-10-28, 23:05:11, 23.22, 50.01
2020-10-28, 23:05:12, 23.22, 50.01
2020-10-28, 23:05:13, 23.22, 50.01
2020-10-28, 23:05:15, 23.23, 50.01
2020-10-28, 23:05:16, 23.22, 50.01
2020-10-28, 23:05:18, 23.21, 50.01
2020-10-28, 23:05:19, 23.24, 50.01
2020-10-28, 23:05:20, 23.22, 50.01
2020-10-28, 23:05:22, 23.23, 50.01
2020-10-28, 23:05:23, 23.22, 50.01
2020-10-28, 23:05:24, 23.22, 50.01
2020-10-28, 23:05:26, 23.24, 50.01
2020-10-28, 23:05:27, 23.24, 49.98
2020-10-28, 23:05:28, 23.23, 50.01
2020-10-28, 23:05:30, 23.23, 50.01
2020-10-28, 23:05:31, 23.24, 50.01
2020-10-28, 23:05:32, 23.21, 50.01
2020-10-28, 23:05:34, 23.22, 50.01
2020-10-28, 23:05:35, 23.22, 50.01
2020-10-28, 23:05:37, 23.22, 50.01
2020-10-28, 23:05:38, 23.24, 50.01
2020-10-28, 23:05:39, 23.24, 50.01
2020-10-28, 23:05:41, 23.24, 50.01
2020-10-28, 23:05:42, 23.24, 50.01
2020-10-28, 23:05:43, 23.23, 50.01
2020-10-28, 23:05:45, 23.22, 50.01
2020-10-28, 23:05:46, 23.23, 50.04
2020-10-28, 23:05:47, 23.23, 50.04
2020-10-28, 23:05:49, 23.22, 50.01
2020-10-28, 23:05:50, 23.23, 50.01
2020-10-28, 23:05:51, 23.24, 50.01
2020-10-28, 23:05:53, 23.24, 50.01
2020-10-28, 23:05:54, 23.23, 50.01
2020-10-28, 23:05:56, 23.24, 50.01
2020-10-28, 23:05:57, 23.22, 50.01
2020-10-28, 23:05:58, 23.24, 50.01
2020-10-28, 23:06:00, 23.23, 50.01
2020-10-28, 23:06:01, 23.24, 50.01
2020-10-28, 23:06:02, 23.24, 50.01
2020-10-28, 23:06:04, 23.24, 49.98
2020-10-28, 23:06:05, 23.22, 50.01
2020-10-28, 23:06:06, 23.24, 49.98
2020-10-28, 23:06:08, 23.24, 50.01
2020-10-28, 23:06:09, 23.25, 50.01
2020-10-28, 23:06:10, 23.23, 50.01
2020-10-28, 23:06:12, 23.22, 50.01
2020-10-28, 23:06:13, 23.23, 50.01
2020-10-28, 23:06:14, 23.25, 49.98
2020-10-28, 23:06:16, 23.26, 50.01
2020-10-28, 23:06:17, 23.26, 49.98
2020-10-28, 23:06:19, 23.26, 49.98
2020-10-28, 23:06:20, 23.26, 49.95
2020-10-28, 23:06:21, 23.26, 49.98
2020-10-28, 23:06:23, 23.25, 49.95
2020-10-28, 23:06:24, 23.25, 49.98
2020-10-28, 23:06:25, 23.25, 49.98
2020-10-28, 23:06:27, 23.24, 49.98
2020-10-28, 23:06:28, 23.25, 50.01
2020-10-28, 23:06:29, 23.24, 50.01
2020-10-28, 23:06:31, 23.24, 50.01
2020-10-28, 23:06:32, 23.23, 50.01
2020-10-28, 23:06:33, 23.24, 50.01
2020-10-28, 23:06:35, 23.23, 50.01
2020-10-28, 23:06:36, 23.24, 50.01
2020-10-28, 23:06:38, 23.24, 50.04
2020-10-28, 23:06:39, 23.24, 50.04
2020-10-28, 23:06:40, 23.23, 50.04
2020-10-28, 23:06:42, 23.24, 50.07
2020-10-28, 23:06:43, 23.23, 50.07
2020-10-28, 23:06:44, 23.24, 50.04
2020-10-28, 23:06:46, 23.22, 50.07
2020-10-28, 23:06:47, 23.22, 50.07
2020-10-28, 23:06:48, 23.22, 50.07
2020-10-28, 23:06:50, 23.23, 50.07
2020-10-28, 23:06:51, 23.23, 50.07
2020-10-28, 23:06:53, 23.24, 50.07
2020-10-28, 23:06:54, 23.24, 50.07
2020-10-28, 23:06:55, 23.23, 50.07
2020-10-28, 23:06:57, 23.23, 50.07
2020-10-28, 23:06:58, 23.23, 50.07
2020-10-28, 23:06:59, 23.21, 50.07
2020-10-28, 23:07:01, 23.23, 50.07
2020-10-28, 23:07:02, 23.23, 50.07
2020-10-28, 23:07:03, 23.24, 50.07
2020-10-28, 23:07:05, 23.24, 50.04
2020-10-28, 23:07:06, 23.24, 50.04
2020-10-28, 23:07:07, 23.25, 50.04
2020-10-28, 23:07:09, 23.25, 50.04
2020-10-28, 23:07:10, 23.24, 50.04
2020-10-28, 23:07:11, 23.26, 50.04
2020-10-28, 23:07:13, 23.25, 50.04
2020-10-28, 23:07:14, 23.25, 50.01
2020-10-28, 23:07:16, 23.25, 50.01
2020-10-28, 23:07:17, 23.26, 50.01
2020-10-28, 23:07:18, 23.26, 50.01
2020-10-28, 23:07:20, 23.25, 50.01
2020-10-28, 23:07:21, 23.26, 50.01
2020-10-28, 23:07:22, 23.27, 50.01
2020-10-28, 23:07:24, 23.27, 50.01
2020-10-28, 23:07:25, 23.26, 50.01
2020-10-28, 23:07:26, 23.28, 50.01
2020-10-28, 23:07:28, 23.27, 50.01
2020-10-28, 23:07:29, 23.26, 50.01
2020-10-28, 23:07:30, 23.26, 50.01
2020-10-28, 23:07:32, 23.26, 50.01
2020-10-28, 23:07:33, 23.26, 50.01
2020-10-28, 23:07:35, 23.26, 50.01
2020-10-28, 23:07:36, 23.25, 50.01
2020-10-28, 23:07:37, 23.25, 50.01
2020-10-28, 23:07:39, 23.25, 50.01
2020-10-28, 23:07:40, 23.26, 50.04
2020-10-28, 23:07:41, 23.24, 50.01
2020-10-28, 23:07:43, 23.25, 50.04
2020-10-28, 23:07:44, 23.26, 50.04
2020-10-28, 23:07:45, 23.26, 50.04
2020-10-28, 23:07:47, 23.26, 50.04
2020-10-28, 23:07:48, 23.25, 50.04
2020-10-28, 23:07:49, 23.24, 50.01
2020-10-28, 23:07:51, 23.24, 50.04
2020-10-28, 23:07:52, 23.26, 50.04
2020-10-28, 23:07:54, 23.26, 50.04
2020-10-28, 23:07:55, 23.26, 50.04
2020-10-28, 23:07:56, 23.26, 50.04
2020-10-28, 23:07:58, 23.26, 50.04
2020-10-28, 23:07:59, 23.27, 50.01
2020-10-28, 23:08:00, 23.26, 50.04
2020-10-28, 23:08:02, 23.27, 50.05
2020-10-28, 23:08:03, 23.26, 50.04
2020-10-28, 23:08:04, 23.27, 50.05
2020-10-28, 23:08:06, 23.26, 50.04
2020-10-28, 23:08:07, 23.26, 50.04
2020-10-28, 23:08:08, 23.26, 50.04
2020-10-28, 23:08:10, 23.26, 50.04
2020-10-28, 23:08:11, 23.25, 50.04
2020-10-28, 23:08:12, 23.26, 50.04
2020-10-28, 23:08:14, 23.26, 50.04
2020-10-28, 23:08:15, 23.24, 50.04
2020-10-28, 23:08:17, 23.26, 50.04
2020-10-28, 23:08:18, 23.25, 50.04
2020-10-28, 23:08:19, 23.26, 50.04
2020-10-28, 23:08:21, 23.23, 50.04
2020-10-28, 23:08:22, 23.24, 50.04
2020-10-28, 23:08:23, 23.25, 50.04
2020-10-28, 23:08:25, 23.26, 50.04
2020-10-28, 23:08:26, 23.26, 50.04
2020-10-28, 23:08:27, 23.25, 50.04
2020-10-28, 23:08:29, 23.25, 50.04
2020-10-28, 23:08:30, 23.24, 50.01
2020-10-28, 23:08:31, 23.24, 50.04
2020-10-28, 23:08:33, 23.25, 50.07
2020-10-28, 23:08:34, 23.25, 50.04
2020-10-28, 23:08:36, 23.26, 50.04
2020-10-28, 23:08:37, 23.26, 50.08
2020-10-28, 23:08:38, 23.25, 50.07
2020-10-28, 23:08:40, 23.24, 50.07
2020-10-28, 23:08:41, 23.24, 50.07
2020-10-28, 23:08:42, 23.24, 50.07
2020-10-28, 23:08:44, 23.24, 50.07
2020-10-28, 23:08:45, 23.24, 50.1
2020-10-28, 23:08:46, 23.24, 50.07
2020-10-28, 23:08:48, 23.24, 50.1
2020-10-28, 23:08:49, 23.25, 50.11
2020-10-28, 23:08:50, 23.24, 50.1
2020-10-28, 23:08:52, 23.25, 50.11
2020-10-28, 23:08:53, 23.23, 50.07
2020-10-28, 23:08:55, 23.25, 50.11
2020-10-28, 23:08:56, 23.24, 50.07
2020-10-28, 23:08:57, 23.24, 50.07
2020-10-28, 23:08:59, 23.25, 50.11
2020-10-28, 23:09:00, 23.25, 50.11
2020-10-28, 23:09:01, 23.25, 50.11
2020-10-28, 23:09:03, 23.25, 50.07
2020-10-28, 23:09:04, 23.24, 50.07
2020-10-28, 23:09:05, 23.25, 50.11
2020-10-28, 23:09:07, 23.26, 50.08
2020-10-28, 23:09:08, 23.26, 50.08
2020-10-28, 23:09:09, 23.25, 50.07
2020-10-28, 23:09:11, 23.25, 50.07
2020-10-28, 23:09:12, 23.26, 50.08
2020-10-28, 23:09:14, 23.26, 50.08
2020-10-28, 23:09:15, 23.26, 50.08
2020-10-28, 23:09:16, 23.25, 50.07
2020-10-28, 23:09:18, 23.24, 50.07
2020-10-28, 23:09:19, 23.25, 50.07
2020-10-28, 23:09:20, 23.24, 50.1
2020-10-28, 23:09:22, 23.24, 50.1
2020-10-28, 23:09:23, 23.25, 50.11
2020-10-28, 23:09:24, 23.24, 50.1
2020-10-28, 23:09:26, 23.24, 50.1
2020-10-28, 23:09:27, 23.25, 50.11
2020-10-28, 23:09:28, 23.25, 50.11
2020-10-28, 23:09:30, 23.26, 50.11
2020-10-28, 23:09:31, 23.26, 50.11
2020-10-28, 23:09:33, 23.27, 50.11
2020-10-28, 23:09:34, 23.26, 50.08
2020-10-28, 23:09:35, 23.25, 50.07
2020-10-28, 23:09:37, 23.25, 50.07
2020-10-28, 23:09:38, 23.25, 50.11
2020-10-28, 23:09:39, 23.26, 50.11
2020-10-28, 23:09:41, 23.25, 50.11
2020-10-28, 23:09:42, 23.23, 50.1
2020-10-28, 23:09:43, 23.24, 50.1
2020-10-28, 23:09:45, 23.24, 50.1
2020-10-28, 23:09:46, 23.25, 50.14
2020-10-28, 23:09:47, 23.24, 50.1
2020-10-28, 23:09:49, 23.24, 50.14
2020-10-28, 23:09:50, 23.23, 50.13
2020-10-28, 23:09:52, 23.24, 50.14
2020-10-28, 23:09:53, 23.22, 50.13
2020-10-28, 23:09:54, 23.23, 50.13
2020-10-28, 23:09:56, 23.24, 50.14
2020-10-28, 23:09:57, 23.25, 50.14
2020-10-28, 23:09:58, 23.26, 50.14
2020-10-28, 23:10:00, 23.25, 50.14
2020-10-28, 23:10:01, 23.26, 50.14
2020-10-28, 23:10:02, 23.25, 50.11
2020-10-28, 23:10:04, 23.26, 50.14
2020-10-28, 23:10:05, 23.26, 50.14
2020-10-28, 23:10:06, 23.26, 50.11
2020-10-28, 23:10:08, 23.26, 50.11
2020-10-28, 23:10:09, 23.25, 50.11
2020-10-28, 23:10:11, 23.26, 50.11
2020-10-28, 23:10:12, 23.25, 50.11
2020-10-28, 23:10:13, 23.26, 50.11
2020-10-28, 23:10:15, 23.25, 50.11
2020-10-28, 23:10:16, 23.24, 50.14
2020-10-28, 23:10:17, 23.22, 50.13
2020-10-28, 23:10:19, 23.22, 50.13
2020-10-28, 23:10:21, 23.03, 50.17
2020-10-28, 23:10:23, 23.17, 50.25
2020-10-28, 23:10:24, 23.2, 50.26
2020-10-28, 23:10:25, 23.21, 50.26
2020-10-28, 23:10:27, 23.22, 50.26
2020-10-28, 23:10:28, 23.22, 50.26
2020-10-28, 23:10:29, 23.23, 50.23
2020-10-28, 23:10:31, 23.22, 50.23
2020-10-28, 23:10:32, 23.22, 50.2
2020-10-28, 23:10:34, 23.22, 50.2
2020-10-28, 23:10:35, 23.23, 50.2
2020-10-28, 23:10:38, 22.94, 50.29
2020-10-28, 23:10:40, 23.12, 50.44
2020-10-28, 23:10:41, 23.16, 50.44
2020-10-28, 23:10:43, 23.16, 50.44
2020-10-28, 23:10:44, 23.17, 50.41
2020-10-28, 23:10:45, 23.18, 50.38
2020-10-28, 23:10:47, 23.2, 50.38
2020-10-28, 23:10:48, 23.19, 50.32
2020-10-28, 23:10:49, 23.2, 50.32
2020-10-28, 23:10:51, 23.2, 50.32
2020-10-28, 23:10:52, 23.2, 50.32
2020-10-28, 23:10:53, 23.2, 50.29
2020-10-28, 23:10:55, 23.22, 50.29
2020-10-28, 23:10:56, 23.22, 50.29
2020-10-28, 23:10:57, 23.22, 50.26
2020-10-28, 23:10:59, 23.21, 50.26
2020-10-28, 23:11:00, 23.2, 50.26
2020-10-28, 23:11:02, 23.2, 50.26
2020-10-28, 23:11:03, 23.22, 50.26
2020-10-28, 23:11:04, 23.22, 50.26
2020-10-28, 23:11:06, 23.22, 50.23
2020-10-28, 23:11:07, 23.22, 50.23
2020-10-28, 23:11:08, 23.23, 50.23
2020-10-28, 23:11:10, 23.22, 50.23
2020-10-28, 23:11:11, 23.22, 50.23
2020-10-28, 23:11:12, 23.24, 50.2
2020-10-28, 23:11:14, 23.23, 50.2
2020-10-28, 23:11:15, 23.24, 50.2
2020-10-28, 23:11:16, 23.24, 50.2
2020-10-28, 23:11:18, 23.22, 50.2
2020-10-28, 23:11:19, 23.17, 50.19
2020-10-28, 23:11:21, 23.24, 50.2
2020-10-28, 23:11:22, 23.22, 50.2
2020-10-28, 23:11:23, 23.23, 50.23
2020-10-28, 23:11:25, 23.24, 50.2
2020-10-28, 23:11:26, 23.25, 50.2
2020-10-28, 23:11:28, 23.24, 50.23
2020-10-28, 23:11:29, 23.24, 50.23
2020-10-28, 23:11:30, 23.24, 50.2
2020-10-28, 23:11:32, 23.23, 50.23
2020-10-28, 23:11:33, 23.24, 50.2
2020-10-28, 23:11:34, 23.22, 50.23
2020-10-28, 23:11:36, 23.22, 50.23
2020-10-28, 23:11:37, 23.23, 50.2
2020-10-28, 23:11:38, 23.24, 50.2
2020-10-28, 23:11:40, 23.24, 50.2
2020-10-28, 23:11:41, 23.22, 50.23
2020-10-28, 23:11:42, 23.22, 50.23
2020-10-28, 23:11:44, 23.24, 50.23
2020-10-28, 23:11:45, 23.25, 50.2
2020-10-28, 23:11:47, 23.24, 50.2
2020-10-28, 23:11:48, 23.25, 50.2
2020-10-28, 23:11:49, 23.24, 50.2
2020-10-28, 23:11:51, 23.25, 50.2
2020-10-28, 23:11:52, 23.25, 50.2
2020-10-28, 23:11:53, 23.25, 50.2
2020-10-28, 23:11:55, 23.25, 50.2
2020-10-28, 23:11:56, 23.25, 50.2
2020-10-28, 23:11:57, 23.24, 50.23
2020-10-28, 23:11:59, 23.24, 50.23
2020-10-28, 23:12:00, 23.25, 50.2
2020-10-28, 23:12:01, 23.23, 50.2
2020-10-28, 23:12:03, 23.24, 50.2
2020-10-28, 23:12:04, 23.24, 50.2
2020-10-28, 23:12:06, 23.24, 50.2
2020-10-28, 23:12:07, 23.24, 50.23
2020-10-28, 23:12:08, 23.23, 50.23
2020-10-28, 23:12:10, 23.24, 50.23
2020-10-28, 23:12:11, 23.24, 50.26
2020-10-28, 23:12:12, 23.22, 50.26
2020-10-28, 23:12:14, 23.22, 50.26
2020-10-28, 23:12:15, 23.24, 50.26
2020-10-28, 23:12:16, 23.24, 50.26
2020-10-28, 23:12:18, 23.23, 50.26
2020-10-28, 23:12:19, 23.23, 50.26
2020-10-28, 23:12:20, 23.23, 50.26
2020-10-28, 23:12:22, 23.25, 50.26
2020-10-28, 23:12:23, 23.24, 50.26
2020-10-28, 23:12:25, 23.24, 50.23
2020-10-28, 23:12:26, 23.24, 50.23
2020-10-28, 23:12:27, 23.24, 50.26
2020-10-28, 23:12:29, 23.23, 50.26
2020-10-28, 23:12:30, 23.24, 50.26
2020-10-28, 23:12:31, 23.24, 50.23
2020-10-28, 23:12:33, 23.25, 50.23
2020-10-28, 23:12:34, 23.25, 50.23
2020-10-28, 23:12:35, 23.24, 50.2
2020-10-28, 23:12:37, 23.26, 50.2
2020-10-28, 23:12:38, 23.25, 50.2
2020-10-28, 23:12:39, 23.24, 50.2
2020-10-28, 23:12:41, 23.23, 50.2
2020-10-28, 23:12:42, 23.22, 50.2
2020-10-28, 23:12:44, 23.24, 50.2
2020-10-28, 23:12:45, 23.21, 50.23
2020-10-28, 23:12:46, 23.23, 50.2
2020-10-28, 23:12:48, 23.24, 50.2
2020-10-28, 23:12:49, 23.24, 50.2
2020-10-28, 23:12:50, 23.24, 50.2
2020-10-28, 23:12:52, 23.26, 50.2
2020-10-28, 23:12:53, 23.26, 50.2
2020-10-28, 23:12:54, 23.27, 50.2
2020-10-28, 23:12:56, 23.25, 50.2
2020-10-28, 23:12:57, 23.24, 50.17
2020-10-28, 23:12:59, 23.26, 50.17
2020-10-28, 23:13:00, 23.27, 50.17
2020-10-28, 23:13:01, 23.26, 50.2
2020-10-28, 23:13:03, 23.25, 50.17
2020-10-28, 23:13:04, 23.25, 50.17
2020-10-28, 23:13:05, 23.26, 50.2
2020-10-28, 23:13:07, 23.25, 50.17
2020-10-28, 23:13:08, 23.26, 50.2
2020-10-28, 23:13:09, 23.25, 50.2
2020-10-28, 23:13:11, 23.26, 50.2
2020-10-28, 23:13:12, 23.26, 50.2
2020-10-28, 23:13:13, 23.26, 50.17
2020-10-28, 23:13:15, 23.26, 50.2
2020-10-28, 23:13:16, 23.27, 50.2
2020-10-28, 23:13:18, 23.26, 50.2
2020-10-28, 23:13:19, 23.28, 50.2
2020-10-28, 23:13:20, 23.28, 50.17
2020-10-28, 23:13:22, 23.28, 50.2
2020-10-28, 23:13:23, 23.28, 50.14
2020-10-28, 23:13:24, 23.28, 50.17
2020-10-28, 23:13:26, 23.28, 50.17
2020-10-28, 23:13:27, 23.29, 50.14
2020-10-28, 23:13:28, 23.28, 50.17
2020-10-28, 23:13:30, 23.28, 50.14
2020-10-28, 23:13:31, 23.28, 50.14
2020-10-28, 23:13:32, 23.28, 50.14
2020-10-28, 23:13:34, 23.28, 50.14
2020-10-28, 23:13:35, 23.28, 50.14
2020-10-28, 23:13:36, 23.28, 50.14
2020-10-28, 23:13:38, 23.28, 50.14
2020-10-28, 23:13:39, 23.28, 50.14
2020-10-28, 23:13:41, 23.28, 50.14
2020-10-28, 23:13:42, 23.28, 50.14
2020-10-28, 23:13:43, 23.28, 50.14
2020-10-28, 23:13:45, 23.29, 50.14
2020-10-28, 23:13:46, 23.28, 50.14
2020-10-28, 23:13:47, 23.28, 50.14
2020-10-28, 23:13:49, 23.29, 50.14
2020-10-28, 23:13:50, 23.29, 50.14
2020-10-28, 23:13:51, 23.28, 50.14
2020-10-28, 23:13:53, 23.28, 50.14
2020-10-28, 23:13:54, 23.28, 50.14
2020-10-28, 23:13:56, 23.28, 50.14
2020-10-28, 23:13:57, 23.29, 50.14
2020-10-28, 23:13:58, 23.28, 50.14
2020-10-28, 23:14:00, 23.29, 50.14
2020-10-28, 23:14:01, 23.28, 50.14
2020-10-28, 23:14:02, 23.3, 50.14
2020-10-28, 23:14:04, 23.29, 50.14
2020-10-28, 23:14:05, 23.3, 50.14
2020-10-28, 23:14:06, 23.3, 50.14
2020-10-28, 23:14:08, 23.31, 50.11
2020-10-28, 23:14:09, 23.3, 50.11
2020-10-28, 23:14:10, 23.31, 50.11
2020-10-28, 23:14:12, 23.3, 50.11
2020-10-28, 23:14:13, 23.29, 50.11
2020-10-28, 23:14:15, 23.3, 50.11
2020-10-28, 23:14:16, 23.3, 50.11
2020-10-28, 23:14:17, 23.27, 50.11
2020-10-28, 23:14:19, 23.3, 50.11
2020-10-28, 23:14:20, 23.32, 50.15
2020-10-28, 23:14:21, 23.31, 50.11
2020-10-28, 23:14:23, 23.31, 50.15
2020-10-28, 23:14:24, 23.31, 50.11
2020-10-28, 23:14:25, 23.31, 50.08
2020-10-28, 23:14:27, 23.31, 50.08
2020-10-28, 23:14:28, 23.31, 50.08
2020-10-28, 23:14:29, 23.3, 50.08
2020-10-28, 23:14:31, 23.3, 50.08
2020-10-28, 23:14:32, 23.3, 50.08
2020-10-28, 23:14:34, 23.3, 50.05
2020-10-28, 23:14:35, 23.3, 50.05
2020-10-28, 23:14:36, 23.32, 50.05
2020-10-28, 23:14:38, 23.31, 50.05
2020-10-28, 23:14:39, 23.31, 50.05
2020-10-28, 23:14:40, 23.31, 50.05
2020-10-28, 23:14:42, 23.32, 50.05
2020-10-28, 23:14:43, 23.32, 50.08
2020-10-28, 23:14:44, 23.32, 50.02
2020-10-28, 23:14:46, 23.32, 50.05
2020-10-28, 23:14:47, 23.33, 50.05
2020-10-28, 23:14:48, 23.34, 50.02
2020-10-28, 23:14:50, 23.34, 50.02
2020-10-28, 23:14:51, 23.33, 50.02
2020-10-28, 23:14:53, 23.34, 50.02
2020-10-28, 23:14:54, 23.34, 50.02
2020-10-28, 23:14:55, 23.34, 50.02
2020-10-28, 23:14:57, 23.34, 50.02
2020-10-28, 23:14:58, 23.35, 50.02
2020-10-28, 23:14:59, 23.34, 50.02
2020-10-28, 23:15:01, 23.35, 50.02
2020-10-28, 23:15:02, 23.33, 50.02
2020-10-28, 23:15:03, 23.33, 50.02
2020-10-28, 23:15:05, 23.34, 50.02
2020-10-28, 23:15:06, 23.34, 49.99
2020-10-28, 23:15:07, 23.35, 50.02
2020-10-28, 23:15:09, 23.34, 50.02
2020-10-28, 23:15:10, 23.34, 50.02
2020-10-28, 23:15:12, 23.35, 49.99
2020-10-28, 23:15:13, 23.34, 50.02
2020-10-28, 23:15:14, 23.33, 49.99
2020-10-28, 23:15:16, 23.34, 50.02
2020-10-28, 23:15:17, 23.34, 50.02
2020-10-28, 23:15:18, 23.36, 50.03
2020-10-28, 23:15:20, 23.35, 50.02
2020-10-28, 23:15:21, 23.34, 50.02
2020-10-28, 23:15:22, 23.34, 49.99
2020-10-28, 23:15:24, 23.35, 49.99
2020-10-28, 23:15:25, 23.36, 49.96
2020-10-28, 23:15:26, 23.35, 49.96
2020-10-28, 23:15:28, 23.36, 49.99
2020-10-28, 23:15:29, 23.36, 49.96
2020-10-28, 23:15:31, 23.36, 49.96
2020-10-28, 23:15:32, 23.36, 49.96
2020-10-28, 23:15:33, 23.36, 49.96
2020-10-28, 23:15:35, 23.36, 49.96
2020-10-28, 23:15:36, 23.36, 49.96
2020-10-28, 23:15:37, 23.35, 49.96
2020-10-28, 23:15:39, 23.36, 49.96
2020-10-28, 23:15:40, 23.37, 49.96
2020-10-28, 23:15:41, 23.36, 49.96
2020-10-28, 23:15:43, 23.37, 49.96
2020-10-28, 23:15:44, 23.38, 49.96
2020-10-28, 23:15:45, 23.36, 49.96
2020-10-28, 23:15:47, 23.36, 49.93
2020-10-28, 23:15:48, 23.37, 49.93
2020-10-28, 23:15:49, 23.37, 49.93
2020-10-28, 23:15:51, 23.37, 49.93
2020-10-28, 23:15:52, 23.37, 49.93
2020-10-28, 23:15:54, 23.36, 49.93
2020-10-28, 23:15:55, 23.38, 49.9
2020-10-28, 23:15:56, 23.36, 49.9
2020-10-28, 23:15:58, 23.37, 49.9
2020-10-28, 23:15:59, 23.38, 49.9
2020-10-28, 23:16:00, 23.38, 49.9
2020-10-28, 23:16:02, 23.38, 49.9
2020-10-28, 23:16:03, 23.36, 49.9
2020-10-28, 23:16:04, 23.37, 49.9
2020-10-28, 23:16:06, 23.38, 49.9
2020-10-28, 23:16:07, 23.37, 49.87
2020-10-28, 23:16:09, 23.38, 49.9
2020-10-28, 23:16:10, 23.37, 49.9
2020-10-28, 23:16:11, 23.39, 49.87
2020-10-28, 23:16:13, 23.38, 49.87
2020-10-28, 23:16:14, 23.4, 49.87
2020-10-28, 23:16:15, 23.4, 49.87
2020-10-28, 23:16:17, 23.39, 49.87
2020-10-28, 23:16:18, 23.38, 49.84
2020-10-28, 23:16:19, 23.4, 49.84
2020-10-28, 23:16:21, 23.38, 49.87
2020-10-28, 23:16:22, 23.38, 49.87
2020-10-28, 23:16:23, 23.38, 49.84
2020-10-28, 23:16:25, 23.36, 49.84
2020-10-28, 23:16:26, 23.37, 49.84
2020-10-28, 23:16:28, 23.36, 49.84
2020-10-28, 23:16:29, 23.36, 49.84
2020-10-28, 23:16:30, 23.36, 49.84
2020-10-28, 23:16:32, 23.36, 49.84
2020-10-28, 23:16:33, 23.36, 49.84
2020-10-28, 23:16:34, 23.36, 49.84
2020-10-28, 23:16:36, 23.38, 49.84
2020-10-28, 23:16:37, 23.37, 49.84
2020-10-28, 23:16:38, 23.38, 49.84
2020-10-28, 23:16:40, 23.38, 49.84
2020-10-28, 23:16:41, 23.38, 49.81
2020-10-28, 23:16:42, 23.37, 49.84
2020-10-28, 23:16:44, 23.37, 49.84
2020-10-28, 23:16:45, 23.38, 49.84
2020-10-28, 23:16:47, 23.37, 49.8
2020-10-28, 23:16:48, 23.37, 49.8
2020-10-28, 23:16:49, 23.37, 49.84
2020-10-28, 23:16:51, 23.37, 49.84
2020-10-28, 23:16:52, 23.38, 49.84
2020-10-28, 23:16:53, 23.38, 49.84
2020-10-28, 23:16:55, 23.38, 49.84
2020-10-28, 23:16:56, 23.38, 49.84
2020-10-28, 23:16:57, 23.38, 49.84
2020-10-28, 23:16:59, 23.39, 49.84
2020-10-28, 23:17:00, 23.38, 49.81
2020-10-28, 23:17:01, 23.37, 49.8
2020-10-28, 23:17:03, 23.38, 49.84
2020-10-28, 23:17:04, 23.36, 49.84
2020-10-28, 23:17:06, 23.38, 49.84
2020-10-28, 23:17:07, 23.39, 49.84
2020-10-28, 23:17:08, 23.38, 49.81
2020-10-28, 23:17:10, 23.37, 49.8
2020-10-28, 23:17:11, 23.38, 49.84
2020-10-28, 23:17:12, 23.39, 49.81
2020-10-28, 23:17:14, 23.4, 49.81
2020-10-28, 23:17:15, 23.39, 49.78
2020-10-28, 23:17:16, 23.39, 49.78
2020-10-28, 23:17:18, 23.4, 49.78
2020-10-28, 23:17:19, 23.39, 49.78
2020-10-28, 23:17:20, 23.4, 49.78
2020-10-28, 23:17:22, 23.4, 49.78
2020-10-28, 23:17:23, 23.39, 49.78
2020-10-28, 23:17:25, 23.39, 49.78
2020-10-28, 23:17:26, 23.4, 49.78
2020-10-28, 23:17:27, 23.4, 49.78
2020-10-28, 23:17:29, 23.39, 49.74
2020-10-28, 23:17:30, 23.39, 49.78
2020-10-28, 23:17:31, 23.4, 49.75
2020-10-28, 23:17:33, 23.4, 49.75
2020-10-28, 23:17:34, 23.4, 49.75
2020-10-28, 23:17:35, 23.4, 49.71
2020-10-28, 23:17:37, 23.4, 49.71
2020-10-28, 23:17:38, 23.4, 49.71
2020-10-28, 23:17:39, 23.4, 49.71
2020-10-28, 23:17:41, 23.41, 49.75
2020-10-28, 23:17:42, 23.42, 49.75
2020-10-28, 23:17:44, 23.42, 49.75
2020-10-28, 23:17:45, 23.4, 49.71
2020-10-28, 23:17:46, 23.41, 49.71
2020-10-28, 23:17:48, 23.39, 49.71
2020-10-28, 23:17:49, 23.4, 49.71
2020-10-28, 23:17:50, 23.4, 49.71
2020-10-28, 23:17:52, 23.4, 49.68
2020-10-28, 23:17:53, 23.41, 49.71
2020-10-28, 23:17:54, 23.4, 49.68
2020-10-28, 23:17:56, 23.4, 49.68
2020-10-28, 23:17:57, 23.4, 49.71
2020-10-28, 23:17:58, 23.4, 49.68
2020-10-28, 23:18:00, 23.41, 49.68
2020-10-28, 23:18:01, 23.4, 49.68
2020-10-28, 23:18:03, 23.42, 49.68
2020-10-28, 23:18:04, 23.4, 49.71
2020-10-28, 23:18:05, 23.41, 49.71
2020-10-28, 23:18:07, 23.42, 49.72
2020-10-28, 23:18:08, 23.42, 49.72
2020-10-28, 23:18:09, 23.4, 49.71
2020-10-28, 23:18:11, 23.42, 49.68
2020-10-28, 23:18:12, 23.41, 49.68
2020-10-28, 23:18:13, 23.42, 49.68
2020-10-28, 23:18:15, 23.42, 49.68
2020-10-28, 23:18:16, 23.42, 49.65
2020-10-28, 23:18:18, 23.42, 49.65
2020-10-28, 23:18:19, 23.43, 49.65
2020-10-28, 23:18:20, 23.42, 49.65
2020-10-28, 23:18:22, 23.42, 49.65
2020-10-28, 23:18:23, 23.42, 49.65
2020-10-28, 23:18:24, 23.43, 49.65
2020-10-28, 23:18:26, 23.42, 49.62
2020-10-28, 23:18:27, 23.42, 49.62
2020-10-28, 23:18:28, 23.41, 49.62
2020-10-28, 23:18:30, 23.41, 49.62
2020-10-28, 23:18:31, 23.4, 49.62
2020-10-28, 23:18:32, 23.41, 49.59
2020-10-28, 23:18:34, 23.42, 49.62
2020-10-28, 23:18:35, 23.42, 49.59
2020-10-28, 23:18:37, 23.42, 49.59
2020-10-28, 23:18:38, 23.43, 49.59
2020-10-28, 23:18:39, 23.42, 49.62
2020-10-28, 23:18:41, 23.41, 49.59
2020-10-28, 23:18:42, 23.41, 49.59
2020-10-28, 23:18:43, 23.42, 49.59
2020-10-28, 23:18:45, 23.42, 49.59
2020-10-28, 23:18:46, 23.44, 49.59
2020-10-28, 23:18:47, 23.43, 49.59
2020-10-28, 23:18:49, 23.42, 49.59
2020-10-28, 23:18:50, 23.42, 49.56
2020-10-28, 23:18:51, 23.43, 49.59
2020-10-28, 23:18:53, 23.42, 49.59
2020-10-28, 23:18:54, 23.43, 49.56
2020-10-28, 23:18:55, 23.42, 49.59
2020-10-28, 23:18:57, 23.42, 49.59
2020-10-28, 23:18:58, 23.41, 49.56
2020-10-28, 23:19:00, 23.42, 49.59
2020-10-28, 23:19:01, 23.42, 49.59
2020-10-28, 23:19:02, 23.42, 49.59
2020-10-28, 23:19:04, 23.43, 49.56
2020-10-28, 23:19:05, 23.43, 49.56
2020-10-28, 23:19:06, 23.43, 49.56
2020-10-28, 23:19:08, 23.43, 49.59
2020-10-28, 23:19:09, 23.42, 49.59
2020-10-28, 23:19:10, 23.43, 49.59
2020-10-28, 23:19:12, 23.44, 49.59
2020-10-28, 23:19:13, 23.44, 49.59
2020-10-28, 23:19:15, 23.42, 49.59
2020-10-28, 23:19:16, 23.44, 49.59
2020-10-28, 23:19:17, 23.42, 49.56
2020-10-28, 23:19:19, 23.42, 49.59
2020-10-28, 23:19:20, 23.41, 49.59
2020-10-28, 23:19:21, 23.42, 49.59
2020-10-28, 23:19:23, 23.43, 49.56
2020-10-28, 23:19:24, 23.44, 49.56
2020-10-28, 23:19:25, 23.44, 49.56
2020-10-28, 23:19:27, 23.44, 49.56
2020-10-28, 23:19:28, 23.44, 49.56
2020-10-28, 23:19:30, 23.44, 49.56
2020-10-28, 23:19:31, 23.43, 49.56
2020-10-28, 23:19:32, 23.44, 49.56
2020-10-28, 23:19:34, 23.44, 49.56
2020-10-28, 23:19:35, 23.44, 49.53
2020-10-28, 23:19:36, 23.43, 49.53
2020-10-28, 23:19:38, 23.44, 49.53
2020-10-28, 23:19:39, 23.43, 49.53
2020-10-28, 23:19:40, 23.44, 49.53
2020-10-28, 23:19:42, 23.45, 49.53
2020-10-28, 23:19:43, 23.44, 49.56
2020-10-28, 23:19:44, 23.44, 49.56
2020-10-28, 23:19:46, 23.44, 49.53
2020-10-28, 23:19:47, 23.44, 49.53
2020-10-28, 23:19:49, 23.44, 49.53
2020-10-28, 23:19:50, 23.44, 49.53
2020-10-28, 23:19:51, 23.44, 49.53
2020-10-28, 23:19:53, 23.44, 49.53
2020-10-28, 23:19:54, 23.44, 49.53
2020-10-28, 23:19:55, 23.44, 49.53
2020-10-28, 23:19:57, 23.43, 49.53
2020-10-28, 23:19:58, 23.45, 49.53
2020-10-28, 23:19:59, 23.46, 49.53
2020-10-28, 23:20:01, 23.45, 49.53
2020-10-28, 23:20:02, 23.45, 49.53
2020-10-28, 23:20:03, 23.45, 49.5
2020-10-28, 23:20:05, 23.45, 49.5
2020-10-28, 23:20:06, 23.45, 49.5
2020-10-28, 23:20:07, 23.45, 49.5
2020-10-28, 23:20:09, 23.46, 49.5
2020-10-28, 23:20:10, 23.45, 49.5
2020-10-28, 23:20:12, 23.46, 49.47
2020-10-28, 23:20:13, 23.46, 49.5
2020-10-28, 23:20:14, 23.44, 49.5
2020-10-28, 23:20:16, 23.46, 49.47
2020-10-28, 23:20:17, 23.46, 49.47
2020-10-28, 23:20:18, 23.48, 49.47
2020-10-28, 23:20:20, 23.46, 49.47
2020-10-28, 23:20:21, 23.48, 49.44
2020-10-28, 23:20:22, 23.48, 49.47
2020-10-28, 23:20:24, 23.48, 49.47
2020-10-28, 23:20:25, 23.47, 49.47
2020-10-28, 23:20:26, 23.48, 49.47
2020-10-28, 23:20:28, 23.48, 49.47
2020-10-28, 23:20:29, 23.48, 49.44
2020-10-28, 23:20:31, 23.47, 49.41
2020-10-28, 23:20:32, 23.47, 49.44
2020-10-28, 23:20:33, 23.46, 49.4
2020-10-28, 23:20:35, 23.46, 49.4
2020-10-28, 23:20:36, 23.47, 49.41
2020-10-28, 23:20:37, 23.48, 49.44
2020-10-28, 23:20:39, 23.47, 49.41
2020-10-28, 23:20:40, 23.47, 49.41
2020-10-28, 23:20:41, 23.48, 49.41
2020-10-28, 23:20:43, 23.48, 49.41
2020-10-28, 23:20:44, 23.46, 49.4
2020-10-28, 23:20:45, 23.48, 49.41
2020-10-28, 23:20:47, 23.48, 49.41
2020-10-28, 23:20:48, 23.49, 49.41
2020-10-28, 23:20:49, 23.47, 49.37
2020-10-28, 23:20:51, 23.47, 49.37
2020-10-28, 23:20:52, 23.47, 49.37
2020-10-28, 23:20:54, 23.46, 49.37
2020-10-28, 23:20:55, 23.47, 49.37
2020-10-28, 23:20:56, 23.47, 49.37
2020-10-28, 23:20:58, 23.47, 49.37
2020-10-28, 23:20:59, 23.47, 49.37
2020-10-28, 23:21:00, 23.46, 49.37
2020-10-28, 23:21:02, 23.46, 49.37
2020-10-28, 23:21:03, 23.47, 49.34
2020-10-28, 23:21:04, 23.47, 49.34
2020-10-28, 23:21:06, 23.46, 49.34
2020-10-28, 23:21:07, 23.47, 49.37
2020-10-28, 23:21:08, 23.47, 49.37
2020-10-28, 23:21:10, 23.47, 49.37
2020-10-28, 23:21:11, 23.48, 49.37
2020-10-28, 23:21:13, 23.48, 49.37
2020-10-28, 23:21:14, 23.48, 49.37
2020-10-28, 23:21:15, 23.48, 49.37
2020-10-28, 23:21:17, 23.47, 49.34
2020-10-28, 23:21:18, 23.47, 49.37
2020-10-28, 23:21:19, 23.47, 49.34
2020-10-28, 23:21:21, 23.47, 49.34
2020-10-28, 23:21:22, 23.47, 49.37
2020-10-28, 23:21:23, 23.47, 49.37
2020-10-28, 23:21:25, 23.47, 49.37
2020-10-28, 23:21:26, 23.47, 49.34
2020-10-28, 23:21:27, 23.48, 49.34
2020-10-28, 23:21:29, 23.47, 49.34
2020-10-28, 23:21:30, 23.46, 49.34
2020-10-28, 23:21:31, 23.47, 49.34
2020-10-28, 23:21:33, 23.47, 49.34
2020-10-28, 23:21:34, 23.46, 49.34
2020-10-28, 23:21:36, 23.46, 49.34
2020-10-28, 23:21:37, 23.48, 49.34
2020-10-28, 23:21:38, 23.49, 49.34
2020-10-28, 23:21:40, 23.48, 49.34
2020-10-28, 23:21:41, 23.49, 49.34
2020-10-28, 23:21:42, 23.49, 49.34
2020-10-28, 23:21:44, 23.49, 49.34
2020-10-28, 23:21:45, 23.5, 49.35
2020-10-28, 23:21:46, 23.49, 49.34
2020-10-28, 23:21:48, 23.48, 49.34
2020-10-28, 23:21:49, 23.48, 49.34
2020-10-28, 23:21:50, 23.47, 49.34
2020-10-28, 23:21:52, 23.48, 49.34
2020-10-28, 23:21:53, 23.48, 49.31
2020-10-28, 23:21:54, 23.47, 49.31
2020-10-28, 23:21:56, 23.47, 49.28
2020-10-28, 23:21:57, 23.47, 49.28
2020-10-28, 23:21:59, 23.46, 49.31
2020-10-28, 23:22:00, 23.47, 49.28
2020-10-28, 23:22:01, 23.48, 49.31
2020-10-28, 23:22:03, 23.47, 49.28
2020-10-28, 23:22:04, 23.47, 49.31
2020-10-28, 23:22:05, 23.47, 49.31
2020-10-28, 23:22:07, 23.47, 49.31
2020-10-28, 23:22:08, 23.47, 49.31
2020-10-28, 23:22:09, 23.48, 49.31
2020-10-28, 23:22:11, 23.46, 49.34
2020-10-28, 23:22:12, 23.47, 49.34
2020-10-28, 23:22:13, 23.47, 49.34
2020-10-28, 23:22:15, 23.48, 49.34
2020-10-28, 23:22:16, 23.47, 49.34
2020-10-28, 23:22:17, 23.48, 49.31
2020-10-28, 23:22:19, 23.46, 49.31
2020-10-28, 23:22:20, 23.46, 49.31
2020-10-28, 23:22:22, 23.46, 49.31
2020-10-28, 23:22:23, 23.48, 49.31
2020-10-28, 23:22:24, 23.47, 49.28
2020-10-28, 23:22:26, 23.46, 49.31
2020-10-28, 23:22:27, 23.46, 49.31
2020-10-28, 23:22:28, 23.48, 49.31
2020-10-28, 23:22:30, 23.45, 49.31
2020-10-28, 23:22:31, 23.47, 49.31
2020-10-28, 23:22:32, 23.46, 49.31
2020-10-28, 23:22:34, 23.47, 49.34
2020-10-28, 23:22:35, 23.46, 49.34
2020-10-28, 23:22:36, 23.48, 49.31
2020-10-28, 23:22:38, 23.47, 49.31
2020-10-28, 23:22:39, 23.47, 49.31
2020-10-28, 23:22:41, 23.48, 49.31
2020-10-28, 23:22:42, 23.49, 49.31
2020-10-28, 23:22:43, 23.48, 49.28
2020-10-28, 23:22:45, 23.5, 49.31
2020-10-28, 23:22:46, 23.5, 49.31
2020-10-28, 23:22:47, 23.49, 49.28
2020-10-28, 23:22:49, 23.49, 49.28
2020-10-28, 23:22:50, 23.48, 49.28
2020-10-28, 23:22:51, 23.46, 49.28
2020-10-28, 23:22:53, 23.48, 49.28
2020-10-28, 23:22:54, 23.48, 49.28
2020-10-28, 23:22:55, 23.47, 49.28
2020-10-28, 23:22:57, 23.48, 49.28
2020-10-28, 23:22:58, 23.46, 49.28
2020-10-28, 23:22:59, 23.47, 49.28
2020-10-28, 23:23:01, 23.48, 49.31
2020-10-28, 23:23:02, 23.48, 49.28
2020-10-28, 23:23:04, 23.47, 49.28
2020-10-28, 23:23:05, 23.48, 49.28
2020-10-28, 23:23:06, 23.47, 49.28
2020-10-28, 23:23:08, 23.47, 49.28
2020-10-28, 23:23:09, 23.48, 49.31
2020-10-28, 23:23:10, 23.48, 49.34
2020-10-28, 23:23:12, 23.48, 49.31
2020-10-28, 23:23:13, 23.48, 49.28
2020-10-28, 23:23:14, 23.48, 49.31
2020-10-28, 23:23:16, 23.49, 49.28
2020-10-28, 23:23:17, 23.48, 49.28
2020-10-28, 23:23:18, 23.47, 49.28
2020-10-28, 23:23:20, 23.48, 49.28
2020-10-28, 23:23:21, 23.46, 49.31
2020-10-28, 23:23:23, 23.46, 49.31
2020-10-28, 23:23:24, 23.46, 49.28
2020-10-28, 23:23:25, 23.46, 49.31
2020-10-28, 23:23:27, 23.46, 49.31
2020-10-28, 23:23:28, 23.46, 49.34
2020-10-28, 23:23:29, 23.46, 49.34
2020-10-28, 23:23:31, 23.46, 49.31
2020-10-28, 23:23:32, 23.46, 49.34
2020-10-28, 23:23:33, 23.46, 49.31
2020-10-28, 23:23:35, 23.46, 49.34
2020-10-28, 23:23:36, 23.46, 49.31
2020-10-28, 23:23:37, 23.47, 49.34
2020-10-28, 23:23:39, 23.46, 49.34
2020-10-28, 23:23:40, 23.42, 49.34
2020-10-28, 23:23:42, 23.46, 49.34
2020-10-28, 23:23:43, 23.46, 49.34
2020-10-28, 23:23:44, 23.46, 49.31
2020-10-28, 23:23:46, 23.46, 49.34
2020-10-28, 23:23:47, 23.45, 49.31
2020-10-28, 23:23:48, 23.46, 49.31
2020-10-28, 23:23:50, 23.46, 49.34
2020-10-28, 23:23:51, 23.46, 49.31
2020-10-28, 23:23:52, 23.45, 49.31
2020-10-28, 23:23:54, 23.45, 49.31
2020-10-28, 23:23:55, 23.46, 49.31
2020-10-28, 23:23:56, 23.44, 49.31
2020-10-28, 23:23:58, 23.46, 49.28
2020-10-28, 23:23:59, 23.45, 49.31
2020-10-28, 23:24:00, 23.46, 49.31
2020-10-28, 23:24:02, 23.44, 49.34
2020-10-28, 23:24:03, 23.46, 49.31
2020-10-28, 23:24:05, 23.46, 49.31
2020-10-28, 23:24:06, 23.47, 49.31
2020-10-28, 23:24:07, 23.46, 49.31
2020-10-28, 23:24:09, 23.45, 49.31
2020-10-28, 23:24:10, 23.46, 49.31
2020-10-28, 23:24:11, 23.45, 49.31
2020-10-28, 23:24:13, 23.45, 49.31
2020-10-28, 23:24:14, 23.45, 49.31
2020-10-28, 23:24:15, 23.44, 49.31
2020-10-28, 23:24:17, 23.45, 49.31
2020-10-28, 23:24:18, 23.45, 49.31
2020-10-28, 23:24:19, 23.45, 49.34
2020-10-28, 23:24:21, 23.44, 49.31
2020-10-28, 23:24:22, 23.46, 49.31
2020-10-28, 23:24:24, 23.46, 49.31
2020-10-28, 23:24:25, 23.47, 49.31
2020-10-28, 23:24:26, 23.47, 49.31
2020-10-28, 23:24:28, 23.45, 49.31
2020-10-28, 23:24:29, 23.45, 49.31
2020-10-28, 23:24:30, 23.45, 49.31
2020-10-28, 23:24:32, 23.46, 49.31
2020-10-28, 23:24:33, 23.45, 49.31
2020-10-28, 23:24:34, 23.44, 49.31
2020-10-28, 23:24:36, 23.46, 49.28
2020-10-28, 23:24:37, 23.45, 49.31
2020-10-28, 23:24:38, 23.46, 49.31
2020-10-28, 23:24:40, 23.45, 49.31
2020-10-28, 23:24:41, 23.46, 49.31
2020-10-28, 23:24:42, 23.48, 49.31
2020-10-28, 23:24:44, 23.47, 49.31
2020-10-28, 23:24:45, 23.48, 49.31
2020-10-28, 23:24:47, 23.46, 49.31
2020-10-28, 23:24:48, 23.47, 49.31
2020-10-28, 23:24:49, 23.45, 49.31
2020-10-28, 23:24:51, 23.46, 49.31
2020-10-28, 23:24:52, 23.46, 49.34
2020-10-28, 23:24:53, 23.46, 49.34
2020-10-28, 23:24:55, 23.46, 49.34
2020-10-28, 23:24:56, 23.46, 49.34
2020-10-28, 23:24:57, 23.46, 49.34
2020-10-28, 23:24:59, 23.46, 49.34
2020-10-28, 23:25:00, 23.46, 49.34
2020-10-28, 23:25:01, 23.46, 49.34
2020-10-28, 23:25:03, 23.46, 49.34
2020-10-28, 23:25:04, 23.46, 49.34
2020-10-28, 23:25:06, 23.46, 49.34
2020-10-28, 23:25:07, 23.46, 49.34
2020-10-28, 23:25:08, 23.46, 49.37
2020-10-28, 23:25:10, 23.46, 49.34
2020-10-28, 23:25:11, 23.46, 49.37
2020-10-28, 23:25:12, 23.47, 49.34
2020-10-28, 23:25:14, 23.45, 49.37
2020-10-28, 23:25:15, 23.44, 49.37
2020-10-28, 23:25:16, 23.45, 49.37
2020-10-28, 23:25:18, 23.45, 49.4
2020-10-28, 23:25:19, 23.46, 49.37
2020-10-28, 23:25:20, 23.46, 49.37
2020-10-28, 23:25:22, 23.46, 49.37
2020-10-28, 23:25:23, 23.46, 49.37
2020-10-28, 23:25:24, 23.45, 49.37
2020-10-28, 23:25:26, 23.44, 49.37
2020-10-28, 23:25:27, 23.46, 49.34
2020-10-28, 23:25:29, 23.45, 49.37
2020-10-28, 23:25:30, 23.45, 49.4
2020-10-28, 23:25:31, 23.45, 49.37
2020-10-28, 23:25:33, 23.46, 49.37
2020-10-28, 23:25:34, 23.45, 49.4
2020-10-28, 23:25:35, 23.46, 49.37
2020-10-28, 23:25:37, 23.46, 49.37
2020-10-28, 23:25:38, 23.46, 49.4
2020-10-28, 23:25:39, 23.45, 49.4
2020-10-28, 23:25:41, 23.46, 49.4
2020-10-28, 23:25:42, 23.46, 49.4
2020-10-28, 23:25:43, 23.47, 49.41
2020-10-28, 23:25:45, 23.46, 49.4
2020-10-28, 23:25:46, 23.45, 49.4
2020-10-28, 23:25:48, 23.46, 49.4
2020-10-28, 23:25:49, 23.45, 49.4
2020-10-28, 23:25:50, 23.45, 49.4
2020-10-28, 23:25:52, 23.46, 49.4
2020-10-28, 23:25:53, 23.45, 49.4
2020-10-28, 23:25:54, 23.45, 49.4
2020-10-28, 23:25:56, 23.46, 49.37
2020-10-28, 23:25:57, 23.46, 49.4
2020-10-28, 23:25:58, 23.46, 49.4
2020-10-28, 23:26:00, 23.46, 49.4
2020-10-28, 23:26:01, 23.47, 49.41
2020-10-28, 23:26:02, 23.47, 49.41
2020-10-28, 23:26:04, 23.47, 49.41
2020-10-28, 23:26:05, 23.46, 49.4
2020-10-28, 23:26:06, 23.45, 49.4
2020-10-28, 23:26:08, 23.47, 49.41
2020-10-28, 23:26:09, 23.46, 49.4
2020-10-28, 23:26:11, 23.46, 49.4
2020-10-28, 23:26:12, 23.46, 49.4
2020-10-28, 23:26:13, 23.46, 49.4
2020-10-28, 23:26:15, 23.47, 49.41
2020-10-28, 23:26:16, 23.46, 49.37
2020-10-28, 23:26:17, 23.46, 49.37
2020-10-28, 23:26:19, 23.47, 49.37
2020-10-28, 23:26:20, 23.47, 49.37
2020-10-28, 23:26:21, 23.45, 49.37
2020-10-28, 23:26:23, 23.47, 49.37
2020-10-28, 23:26:24, 23.47, 49.37
2020-10-28, 23:26:25, 23.46, 49.37
2020-10-28, 23:26:27, 23.46, 49.37
2020-10-28, 23:26:28, 23.47, 49.41
2020-10-28, 23:26:29, 23.46, 49.4
2020-10-28, 23:26:31, 23.46, 49.4
2020-10-28, 23:26:32, 23.46, 49.4
2020-10-28, 23:26:34, 23.45, 49.4
2020-10-28, 23:26:35, 23.46, 49.4
2020-10-28, 23:26:36, 23.46, 49.4
2020-10-28, 23:26:38, 23.46, 49.4
2020-10-28, 23:26:39, 23.46, 49.4
2020-10-28, 23:26:40, 23.47, 49.41
2020-10-28, 23:26:42, 23.47, 49.41
2020-10-28, 23:26:43, 23.48, 49.41
2020-10-28, 23:26:44, 23.46, 49.4
2020-10-28, 23:26:46, 23.47, 49.41
2020-10-28, 23:26:47, 23.47, 49.41
2020-10-28, 23:26:49, 23.48, 49.41
2020-10-28, 23:26:50, 23.47, 49.41
2020-10-28, 23:26:51, 23.46, 49.4
2020-10-28, 23:26:53, 23.47, 49.41
2020-10-28, 23:26:54, 23.47, 49.41
2020-10-28, 23:26:55, 23.48, 49.41
2020-10-28, 23:26:57, 23.48, 49.41
2020-10-28, 23:26:58, 23.46, 49.4
2020-10-28, 23:26:59, 23.46, 49.4
2020-10-28, 23:27:01, 23.48, 49.41
2020-10-28, 23:27:02, 23.47, 49.41
2020-10-28, 23:27:03, 23.47, 49.41
2020-10-28, 23:27:05, 23.47, 49.41
2020-10-28, 23:27:06, 23.46, 49.4
2020-10-28, 23:27:07, 23.47, 49.41
2020-10-28, 23:27:09, 23.48, 49.41
2020-10-28, 23:27:10, 23.47, 49.41
2020-10-28, 23:27:12, 23.46, 49.4
2020-10-28, 23:27:13, 23.48, 49.41
2020-10-28, 23:27:14, 23.46, 49.4
2020-10-28, 23:27:16, 23.47, 49.41
2020-10-28, 23:27:17, 23.48, 49.41
2020-10-28, 23:27:18, 23.48, 49.41
2020-10-28, 23:27:20, 23.47, 49.41
2020-10-28, 23:27:21, 23.48, 49.41
2020-10-28, 23:27:22, 23.45, 49.4
2020-10-28, 23:27:24, 23.47, 49.41
2020-10-28, 23:27:25, 23.47, 49.41
2020-10-28, 23:27:26, 23.47, 49.44
2020-10-28, 23:27:28, 23.48, 49.41
2020-10-28, 23:27:29, 23.46, 49.44
2020-10-28, 23:27:31, 23.47, 49.44
2020-10-28, 23:27:32, 23.47, 49.44
2020-10-28, 23:27:33, 23.48, 49.41
2020-10-28, 23:27:35, 23.46, 49.44
2020-10-28, 23:27:36, 23.47, 49.44
2020-10-28, 23:27:37, 23.48, 49.44
2020-10-28, 23:27:39, 23.47, 49.44
2020-10-28, 23:27:40, 23.49, 49.44
2020-10-28, 23:27:41, 23.48, 49.44
2020-10-28, 23:27:43, 23.48, 49.41
2020-10-28, 23:27:44, 23.47, 49.41
2020-10-28, 23:27:45, 23.48, 49.44
2020-10-28, 23:27:47, 23.47, 49.41
2020-10-28, 23:27:48, 23.46, 49.4
2020-10-28, 23:27:50, 23.47, 49.41
2020-10-28, 23:27:51, 23.48, 49.41
2020-10-28, 23:27:52, 23.47, 49.41
2020-10-28, 23:27:54, 23.48, 49.41
2020-10-28, 23:27:55, 23.47, 49.44
2020-10-28, 23:27:56, 23.47, 49.44
2020-10-28, 23:27:58, 23.45, 49.43
2020-10-28, 23:27:59, 23.46, 49.44
2020-10-28, 23:28:00, 23.46, 49.44
2020-10-28, 23:28:02, 23.46, 49.47
2020-10-28, 23:28:03, 23.45, 49.47
2020-10-28, 23:28:04, 23.46, 49.47
2020-10-28, 23:28:06, 23.46, 49.47
2020-10-28, 23:28:07, 23.45, 49.47
2020-10-28, 23:28:09, 23.46, 49.47
2020-10-28, 23:28:10, 23.46, 49.5
2020-10-28, 23:28:11, 23.46, 49.47
2020-10-28, 23:28:13, 23.45, 49.47
2020-10-28, 23:28:14, 23.45, 49.47
2020-10-28, 23:28:15, 23.46, 49.53
2020-10-28, 23:28:17, 23.44, 49.5
2020-10-28, 23:28:18, 23.45, 49.5
2020-10-28, 23:28:19, 23.44, 49.5
2020-10-28, 23:28:21, 23.45, 49.5
2020-10-28, 23:28:22, 23.44, 49.53
2020-10-28, 23:28:23, 23.45, 49.53
2020-10-28, 23:28:25, 23.43, 49.53
2020-10-28, 23:28:26, 23.43, 49.53
2020-10-28, 23:28:27, 23.42, 49.53
2020-10-28, 23:28:29, 23.44, 49.53
2020-10-28, 23:28:30, 23.45, 49.53
2020-10-28, 23:28:32, 23.43, 49.53
2020-10-28, 23:28:33, 23.42, 49.53
2020-10-28, 23:28:34, 23.42, 49.56
2020-10-28, 23:28:36, 23.42, 49.53
2020-10-28, 23:28:37, 23.43, 49.56
2020-10-28, 23:28:38, 23.42, 49.56
2020-10-28, 23:28:40, 23.43, 49.56
2020-10-28, 23:28:41, 23.42, 49.56
2020-10-28, 23:28:42, 23.43, 49.56
2020-10-28, 23:28:44, 23.43, 49.56
2020-10-28, 23:28:45, 23.44, 49.56
2020-10-28, 23:28:46, 23.42, 49.56
2020-10-28, 23:28:48, 23.44, 49.56
2020-10-28, 23:28:49, 23.44, 49.56
2020-10-28, 23:28:51, 23.44, 49.56
2020-10-28, 23:28:52, 23.44, 49.56
2020-10-28, 23:28:53, 23.42, 49.56
2020-10-28, 23:28:55, 23.44, 49.56
2020-10-28, 23:28:56, 23.44, 49.59
2020-10-28, 23:28:57, 23.44, 49.56
2020-10-28, 23:28:59, 23.45, 49.56
2020-10-28, 23:29:00, 23.44, 49.56
2020-10-28, 23:29:01, 23.44, 49.56
2020-10-28, 23:29:03, 23.43, 49.56
2020-10-28, 23:29:04, 23.44, 49.53
2020-10-28, 23:29:06, 23.44, 49.53
2020-10-28, 23:29:07, 23.43, 49.53
2020-10-28, 23:29:08, 23.44, 49.56
2020-10-28, 23:29:10, 23.44, 49.53
2020-10-28, 23:29:11, 23.44, 49.56
2020-10-28, 23:29:12, 23.43, 49.53
2020-10-28, 23:29:14, 23.43, 49.53
2020-10-28, 23:29:15, 23.43, 49.53
2020-10-28, 23:29:16, 23.44, 49.56
2020-10-28, 23:29:18, 23.43, 49.56
2020-10-28, 23:29:19, 23.43, 49.56
2020-10-28, 23:29:20, 23.42, 49.56
2020-10-28, 23:29:22, 23.41, 49.56
2020-10-28, 23:29:23, 23.43, 49.56
2020-10-28, 23:29:24, 23.42, 49.56
2020-10-28, 23:29:26, 23.43, 49.56
2020-10-28, 23:29:27, 23.44, 49.56
2020-10-28, 23:29:29, 23.44, 49.53
2020-10-28, 23:29:30, 23.43, 49.56
2020-10-28, 23:29:31, 23.43, 49.56
2020-10-28, 23:29:33, 23.44, 49.56
2020-10-28, 23:29:34, 23.43, 49.56
2020-10-28, 23:29:35, 23.44, 49.56
2020-10-28, 23:29:37, 23.44, 49.59
2020-10-28, 23:29:38, 23.42, 49.56
2020-10-28, 23:29:39, 23.41, 49.56
2020-10-28, 23:29:41, 23.43, 49.59
2020-10-28, 23:29:42, 23.44, 49.56
2020-10-28, 23:29:43, 23.43, 49.59
2020-10-28, 23:29:45, 23.43, 49.56
2020-10-28, 23:29:46, 23.43, 49.56
2020-10-28, 23:29:48, 23.42, 49.59
2020-10-28, 23:29:49, 23.43, 49.56
2020-10-28, 23:29:50, 23.44, 49.59
2020-10-28, 23:29:52, 23.43, 49.59
2020-10-28, 23:29:53, 23.44, 49.59
2020-10-28, 23:29:54, 23.44, 49.56
2020-10-28, 23:29:56, 23.44, 49.59
2020-10-28, 23:29:57, 23.43, 49.59
2020-10-28, 23:29:58, 23.44, 49.59
2020-10-28, 23:30:00, 23.44, 49.56
2020-10-28, 23:30:01, 23.44, 49.59
2020-10-28, 23:30:02, 23.42, 49.59
2020-10-28, 23:30:04, 23.41, 49.59
2020-10-28, 23:30:05, 23.42, 49.56
2020-10-28, 23:30:06, 23.43, 49.59
2020-10-28, 23:30:08, 23.41, 49.56
2020-10-28, 23:30:09, 23.42, 49.59
2020-10-28, 23:30:11, 23.42, 49.59
2020-10-28, 23:30:12, 23.42, 49.59
2020-10-28, 23:30:13, 23.41, 49.59
2020-10-28, 23:30:15, 23.42, 49.59
2020-10-28, 23:30:16, 23.43, 49.59
2020-10-28, 23:30:17, 23.43, 49.59
2020-10-28, 23:30:19, 23.43, 49.59
2020-10-28, 23:30:20, 23.44, 49.62
2020-10-28, 23:30:21, 23.44, 49.59
2020-10-28, 23:30:23, 23.43, 49.59
2020-10-28, 23:30:24, 23.42, 49.59
2020-10-28, 23:30:26, 23.42, 49.59
2020-10-28, 23:30:27, 23.42, 49.59
2020-10-28, 23:30:28, 23.44, 49.59
2020-10-28, 23:30:30, 23.43, 49.62
2020-10-28, 23:30:31, 23.42, 49.62
2020-10-28, 23:30:32, 23.41, 49.59
2020-10-28, 23:30:34, 23.44, 49.59
2020-10-28, 23:30:35, 23.44, 49.62
2020-10-28, 23:30:36, 23.44, 49.59
2020-10-28, 23:30:38, 23.44, 49.59
2020-10-28, 23:30:39, 23.44, 49.59
2020-10-28, 23:30:40, 23.43, 49.59
2020-10-28, 23:30:47, 23.03, 50.11
2020-10-28, 23:30:49, 23.22, 50.23
2020-10-28, 23:30:50, 23.28, 50.2
2020-10-28, 23:30:51, 23.32, 50.15
2020-10-28, 23:30:53, 23.34, 50.12
2020-10-28, 23:30:54, 23.35, 50.06
2020-10-28, 23:30:55, 23.35, 50.02
2020-10-28, 23:30:57, 23.36, 49.96
2020-10-28, 23:30:58, 23.36, 49.96
2020-10-28, 23:30:59, 23.37, 49.93
2020-10-28, 23:31:01, 23.36, 49.9
2020-10-28, 23:31:02, 23.37, 49.9
2020-10-28, 23:31:03, 23.38, 49.84
2020-10-28, 23:31:05, 23.38, 49.84
2020-10-28, 23:31:06, 23.38, 49.81
2020-10-28, 23:31:08, 23.38, 49.84
2020-10-28, 23:31:09, 23.4, 49.81
2020-10-28, 23:31:10, 23.38, 49.81
2020-10-28, 23:31:12, 23.4, 49.84
2020-10-28, 23:31:13, 23.38, 49.77
2020-10-28, 23:31:14, 23.39, 49.81
2020-10-28, 23:31:16, 23.39, 49.78
2020-10-28, 23:31:17, 23.37, 49.77
2020-10-28, 23:31:18, 23.36, 49.77
2020-10-28, 23:31:20, 23.38, 49.84
2020-10-28, 23:31:21, 23.37, 49.8
2020-10-28, 23:31:22, 23.38, 49.81
2020-10-28, 23:31:24, 23.37, 49.84
2020-10-28, 23:31:25, 23.37, 49.84
2020-10-28, 23:31:27, 23.37, 49.84
2020-10-28, 23:31:28, 23.37, 49.84
2020-10-28, 23:31:29, 23.37, 49.84
2020-10-28, 23:31:31, 23.37, 49.84
2020-10-28, 23:31:32, 23.38, 49.84
2020-10-28, 23:31:33, 23.37, 49.8
2020-10-28, 23:31:35, 23.38, 49.81
2020-10-28, 23:31:36, 23.38, 49.84
2020-10-28, 23:31:37, 23.38, 49.84
2020-10-28, 23:31:39, 23.38, 49.84
2020-10-28, 23:31:40, 23.38, 49.84
2020-10-28, 23:31:41, 23.38, 49.81
2020-10-28, 23:31:43, 23.38, 49.81
2020-10-28, 23:31:44, 23.4, 49.81
2020-10-28, 23:31:45, 23.38, 49.81
2020-10-28, 23:31:47, 23.39, 49.81
2020-10-28, 23:31:48, 23.39, 49.78
2020-10-28, 23:31:50, 23.39, 49.81
2020-10-28, 23:31:51, 23.4, 49.81
2020-10-28, 23:31:52, 23.38, 49.77
2020-10-28, 23:31:54, 23.39, 49.78
2020-10-28, 23:31:55, 23.39, 49.78
2020-10-28, 23:31:56, 23.4, 49.78
2020-10-28, 23:31:58, 23.4, 49.81
2020-10-28, 23:31:59, 23.4, 49.78
2020-10-28, 23:32:00, 23.4, 49.81
2020-10-28, 23:32:02, 23.41, 49.78
2020-10-28, 23:32:03, 23.4, 49.78
2020-10-28, 23:32:04, 23.39, 49.78
2020-10-28, 23:32:06, 23.39, 49.78
2020-10-28, 23:32:07, 23.4, 49.81
2020-10-28, 23:32:08, 23.38, 49.77
2020-10-28, 23:32:10, 23.4, 49.78
2020-10-28, 23:32:11, 23.4, 49.78
2020-10-28, 23:32:13, 23.38, 49.77
2020-10-28, 23:32:14, 23.38, 49.77
2020-10-28, 23:32:15, 23.39, 49.81
2020-10-28, 23:32:17, 23.4, 49.81
2020-10-28, 23:32:18, 23.4, 49.81
2020-10-28, 23:32:19, 23.39, 49.81
2020-10-28, 23:32:21, 23.4, 49.81
2020-10-28, 23:32:22, 23.38, 49.81
2020-10-28, 23:32:23, 23.39, 49.81
2020-10-28, 23:32:25, 23.38, 49.84
2020-10-28, 23:32:26, 23.38, 49.84
2020-10-28, 23:32:27, 23.39, 49.84
2020-10-28, 23:32:29, 23.38, 49.84
2020-10-28, 23:32:30, 23.39, 49.84
2020-10-28, 23:32:32, 23.38, 49.84
2020-10-28, 23:32:33, 23.38, 49.84
2020-10-28, 23:32:34, 23.38, 49.84
2020-10-28, 23:32:36, 23.39, 49.84
2020-10-28, 23:32:37, 23.38, 49.84
2020-10-28, 23:32:38, 23.39, 49.84
2020-10-28, 23:32:40, 23.37, 49.84
2020-10-28, 23:32:41, 23.36, 49.84
2020-10-28, 23:32:42, 23.37, 49.87
2020-10-28, 23:32:44, 23.36, 49.87
2020-10-28, 23:32:45, 23.37, 49.87
2020-10-28, 23:32:46, 23.37, 49.87
2020-10-28, 23:32:48, 23.36, 49.87
2020-10-28, 23:32:49, 23.38, 49.9
2020-10-28, 23:32:51, 23.38, 49.9
2020-10-28, 23:32:52, 23.37, 49.9
2020-10-28, 23:32:53, 23.36, 49.9
2020-10-28, 23:32:55, 23.36, 49.9
2020-10-28, 23:32:56, 23.38, 49.87
2020-10-28, 23:32:57, 23.37, 49.9
2020-10-28, 23:32:59, 23.36, 49.9
2020-10-28, 23:33:00, 23.34, 49.9
2020-10-28, 23:33:01, 23.35, 49.9
2020-10-28, 23:33:03, 23.36, 49.9
2020-10-28, 23:33:04, 23.34, 49.93
2020-10-28, 23:33:05, 23.34, 49.93
2020-10-28, 23:33:07, 23.34, 49.93
2020-10-28, 23:33:08, 23.35, 49.96
2020-10-28, 23:33:09, 23.35, 49.96
2020-10-28, 23:33:11, 23.33, 49.93
2020-10-28, 23:33:12, 23.34, 49.96
2020-10-28, 23:33:14, 23.35, 49.96
2020-10-28, 23:33:15, 23.31, 49.96
2020-10-28, 23:33:16, 23.33, 49.96
2020-10-28, 23:33:18, 23.34, 49.96
2020-10-28, 23:33:19, 23.34, 49.96
2020-10-28, 23:33:20, 23.34, 49.96
2020-10-28, 23:33:22, 23.34, 49.96
2020-10-28, 23:33:23, 23.34, 49.96
2020-10-28, 23:33:24, 23.34, 49.96
2020-10-28, 23:33:26, 23.34, 49.96
2020-10-28, 23:33:27, 23.35, 49.96
2020-10-28, 23:33:28, 23.34, 49.96
2020-10-28, 23:33:30, 23.34, 49.96
2020-10-28, 23:33:31, 23.34, 49.96
2020-10-28, 23:33:33, 23.33, 49.96
2020-10-28, 23:33:34, 23.33, 49.96
2020-10-28, 23:33:35, 23.33, 49.96
2020-10-28, 23:33:37, 23.34, 49.99
2020-10-28, 23:33:38, 23.33, 49.96
2020-10-28, 23:33:39, 23.33, 49.96
2020-10-28, 23:33:41, 23.33, 49.99
2020-10-28, 23:33:42, 23.34, 49.99
2020-10-28, 23:33:43, 23.33, 49.99
2020-10-28, 23:33:45, 23.33, 49.99
2020-10-28, 23:33:46, 23.34, 49.99
2020-10-28, 23:33:47, 23.32, 49.99
2020-10-28, 23:33:49, 23.32, 49.96
2020-10-28, 23:33:50, 23.34, 50.02
2020-10-28, 23:33:52, 23.34, 49.99
2020-10-28, 23:33:53, 23.33, 49.99
2020-10-28, 23:33:54, 23.33, 49.99
2020-10-28, 23:33:56, 23.33, 50.02
2020-10-28, 23:33:57, 23.32, 50.02
2020-10-28, 23:33:58, 23.32, 50.02
2020-10-28, 23:34:00, 23.31, 50.02
2020-10-28, 23:34:01, 23.32, 50.02
2020-10-28, 23:34:02, 23.32, 50.05
2020-10-28, 23:34:04, 23.31, 50.02
2020-10-28, 23:34:05, 23.32, 50.05
2020-10-28, 23:34:06, 23.32, 50.05
2020-10-28, 23:34:08, 23.32, 50.08
2020-10-28, 23:34:09, 23.31, 50.05
2020-10-28, 23:34:10, 23.32, 50.05
2020-10-28, 23:34:12, 23.32, 50.08
2020-10-28, 23:34:13, 23.31, 50.08
2020-10-28, 23:34:15, 23.31, 50.08
2020-10-28, 23:34:16, 23.31, 50.08
2020-10-28, 23:34:17, 23.3, 50.08
2020-10-28, 23:34:19, 23.3, 50.08
2020-10-28, 23:34:20, 23.3, 50.08
2020-10-28, 23:34:21, 23.32, 50.08
2020-10-28, 23:34:23, 23.3, 50.11
2020-10-28, 23:34:24, 23.3, 50.08
2020-10-28, 23:34:25, 23.3, 50.11
2020-10-28, 23:34:27, 23.3, 50.11
2020-10-28, 23:34:28, 23.3, 50.08
2020-10-28, 23:34:29, 23.29, 50.11
2020-10-28, 23:34:31, 23.3, 50.08
2020-10-28, 23:34:32, 23.3, 50.11
2020-10-28, 23:34:34, 23.3, 50.11
2020-10-28, 23:34:35, 23.3, 50.11
2020-10-28, 23:34:36, 23.29, 50.11
2020-10-28, 23:34:38, 23.28, 50.11
2020-10-28, 23:34:39, 23.28, 50.11
2020-10-28, 23:34:40, 23.29, 50.11
2020-10-28, 23:34:42, 23.3, 50.08
2020-10-28, 23:34:43, 23.31, 50.11
2020-10-28, 23:34:44, 23.31, 50.11
2020-10-28, 23:34:46, 23.31, 50.11
2020-10-28, 23:34:47, 23.3, 50.11
2020-10-28, 23:34:48, 23.3, 50.08
2020-10-28, 23:34:50, 23.31, 50.08
2020-10-28, 23:34:51, 23.32, 50.08
2020-10-28, 23:34:53, 23.29, 50.08
2020-10-28, 23:34:54, 23.31, 50.08
2020-10-28, 23:34:55, 23.29, 50.11
2020-10-28, 23:34:57, 23.3, 50.08
2020-10-28, 23:34:58, 23.31, 50.11
2020-10-28, 23:34:59, 23.32, 50.12
2020-10-28, 23:35:01, 23.31, 50.11
2020-10-28, 23:35:02, 23.3, 50.14
2020-10-28, 23:35:03, 23.29, 50.11
2020-10-28, 23:35:05, 23.29, 50.14
2020-10-28, 23:35:06, 23.28, 50.14
2020-10-28, 23:35:07, 23.29, 50.14
2020-10-28, 23:35:09, 23.27, 50.14
2020-10-28, 23:35:10, 23.27, 50.17
2020-10-28, 23:35:11, 23.3, 50.18
2020-10-28, 23:35:13, 23.29, 50.17
2020-10-28, 23:35:14, 23.28, 50.2
2020-10-28, 23:35:16, 23.28, 50.2
2020-10-28, 23:35:17, 23.28, 50.2
2020-10-28, 23:35:18, 23.28, 50.2
2020-10-28, 23:35:20, 23.28, 50.2
2020-10-28, 23:35:21, 23.28, 50.17
2020-10-28, 23:35:22, 23.28, 50.17
2020-10-28, 23:35:24, 23.29, 50.17
2020-10-28, 23:35:25, 23.28, 50.2
2020-10-28, 23:35:26, 23.3, 50.21
2020-10-28, 23:35:28, 23.29, 50.21
2020-10-28, 23:35:29, 23.28, 50.2
2020-10-28, 23:35:30, 23.28, 50.2
2020-10-28, 23:35:32, 23.28, 50.2
2020-10-28, 23:35:33, 23.27, 50.2
2020-10-28, 23:35:35, 23.28, 50.2
2020-10-28, 23:35:36, 23.28, 50.24
2020-10-28, 23:35:37, 23.28, 50.2
2020-10-28, 23:35:39, 23.28, 50.2
2020-10-28, 23:35:40, 23.27, 50.2
2020-10-28, 23:35:41, 23.27, 50.24
2020-10-28, 23:35:43, 23.29, 50.21
2020-10-28, 23:35:44, 23.3, 50.21
2020-10-28, 23:35:45, 23.28, 50.2
2020-10-28, 23:35:47, 23.3, 50.21
2020-10-28, 23:35:48, 23.29, 50.21
2020-10-28, 23:35:49, 23.29, 50.21
2020-10-28, 23:35:51, 23.28, 50.2
2020-10-28, 23:35:52, 23.28, 50.2
2020-10-28, 23:35:54, 23.28, 50.24
2020-10-28, 23:35:55, 23.28, 50.24
2020-10-28, 23:35:56, 23.28, 50.2
2020-10-28, 23:35:58, 23.28, 50.24
2020-10-28, 23:35:59, 23.28, 50.2
2020-10-28, 23:36:00, 23.29, 50.21
2020-10-28, 23:36:02, 23.28, 50.24
2020-10-28, 23:36:03, 23.28, 50.24
2020-10-28, 23:36:04, 23.28, 50.24
2020-10-28, 23:36:06, 23.27, 50.24
2020-10-28, 23:36:07, 23.28, 50.24
2020-10-28, 23:36:08, 23.28, 50.24
2020-10-28, 23:36:10, 23.28, 50.27
2020-10-28, 23:36:11, 23.28, 50.24
2020-10-28, 23:36:12, 23.27, 50.24
2020-10-28, 23:36:14, 23.28, 50.27
2020-10-28, 23:36:15, 23.26, 50.27
2020-10-28, 23:36:17, 23.27, 50.24
2020-10-28, 23:36:18, 23.26, 50.27
2020-10-28, 23:36:19, 23.26, 50.27
2020-10-28, 23:36:21, 23.26, 50.27
2020-10-28, 23:36:22, 23.26, 50.27
2020-10-28, 23:36:23, 23.25, 50.26
2020-10-28, 23:36:25, 23.24, 50.26
2020-10-28, 23:36:26, 23.23, 50.26
2020-10-28, 23:36:27, 23.24, 50.29
2020-10-28, 23:36:29, 23.25, 50.33
2020-10-28, 23:36:30, 23.26, 50.3
2020-10-28, 23:36:31, 23.25, 50.3
2020-10-28, 23:36:33, 23.24, 50.33
2020-10-28, 23:36:34, 23.25, 50.3
2020-10-28, 23:36:36, 23.24, 50.33
2020-10-28, 23:36:37, 23.25, 50.33
2020-10-28, 23:36:38, 23.25, 50.3
2020-10-28, 23:36:40, 23.24, 50.33
2020-10-28, 23:36:41, 23.26, 50.33
2020-10-28, 23:36:42, 23.26, 50.33
2020-10-28, 23:36:44, 23.26, 50.33
2020-10-28, 23:36:45, 23.26, 50.3
2020-10-28, 23:36:46, 23.26, 50.3
2020-10-28, 23:36:48, 23.26, 50.3
2020-10-28, 23:36:49, 23.25, 50.33
2020-10-28, 23:36:50, 23.25, 50.33
2020-10-28, 23:36:52, 23.24, 50.29
2020-10-28, 23:36:53, 23.25, 50.33
2020-10-28, 23:36:55, 23.24, 50.33
2020-10-28, 23:36:56, 23.26, 50.33
2020-10-28, 23:36:57, 23.26, 50.33
2020-10-28, 23:36:59, 23.25, 50.33
2020-10-28, 23:37:00, 23.25, 50.33
2020-10-28, 23:37:01, 23.24, 50.33
2020-10-28, 23:37:03, 23.24, 50.33
2020-10-28, 23:37:04, 23.24, 50.33
2020-10-28, 23:37:05, 23.25, 50.33
2020-10-28, 23:37:07, 23.25, 50.33
2020-10-28, 23:37:08, 23.24, 50.36
2020-10-28, 23:37:09, 23.26, 50.33
2020-10-28, 23:37:11, 23.25, 50.33
2020-10-28, 23:37:12, 23.24, 50.36
2020-10-28, 23:37:14, 23.24, 50.36
2020-10-28, 23:37:15, 23.24, 50.39
2020-10-28, 23:37:16, 23.24, 50.36
2020-10-28, 23:37:18, 23.24, 50.39
2020-10-28, 23:37:19, 23.24, 50.39
2020-10-28, 23:37:20, 23.23, 50.39
2020-10-28, 23:37:22, 23.22, 50.39
2020-10-28, 23:37:23, 23.22, 50.39
2020-10-28, 23:37:24, 23.2, 50.38
2020-10-28, 23:37:26, 23.22, 50.42
2020-10-28, 23:37:27, 23.23, 50.42
2020-10-28, 23:37:28, 23.23, 50.42
2020-10-28, 23:37:30, 23.22, 50.42
2020-10-28, 23:37:31, 23.21, 50.42
2020-10-28, 23:37:33, 23.22, 50.42
2020-10-28, 23:37:34, 23.22, 50.42
2020-10-28, 23:37:35, 23.21, 50.45
2020-10-28, 23:37:37, 23.22, 50.45
2020-10-28, 23:37:38, 23.22, 50.45
2020-10-28, 23:37:39, 23.22, 50.45
2020-10-28, 23:37:41, 23.22, 50.45
2020-10-28, 23:37:42, 23.21, 50.42
2020-10-28, 23:37:43, 23.2, 50.45
2020-10-28, 23:37:45, 23.21, 50.45
2020-10-28, 23:37:46, 23.2, 50.45
2020-10-28, 23:37:47, 23.2, 50.45
2020-10-28, 23:37:49, 23.2, 50.48
2020-10-28, 23:37:50, 23.19, 50.45
2020-10-28, 23:37:51, 23.2, 50.48
2020-10-28, 23:37:53, 23.2, 50.48
2020-10-28, 23:37:54, 23.19, 50.48
2020-10-28, 23:37:56, 23.16, 50.51
2020-10-28, 23:37:57, 23.17, 50.51
2020-10-28, 23:37:58, 23.18, 50.51
2020-10-28, 23:38:00, 23.18, 50.51
2020-10-28, 23:38:01, 23.18, 50.51
2020-10-28, 23:38:02, 23.14, 50.53
2020-10-28, 23:38:04, 23.17, 50.54
2020-10-28, 23:38:05, 23.16, 50.54
2020-10-28, 23:38:06, 23.16, 50.54
2020-10-28, 23:38:08, 23.17, 50.54
2020-10-28, 23:38:09, 23.16, 50.54
2020-10-28, 23:38:10, 23.18, 50.54
2020-10-28, 23:38:12, 23.18, 50.57
2020-10-28, 23:38:13, 23.17, 50.54
2020-10-28, 23:38:15, 23.18, 50.57
2020-10-28, 23:38:16, 23.18, 50.54
2020-10-28, 23:38:17, 23.17, 50.57
2020-10-28, 23:38:19, 23.16, 50.57
2020-10-28, 23:38:20, 23.16, 50.57
2020-10-28, 23:38:21, 23.16, 50.57
2020-10-28, 23:38:23, 23.16, 50.6
2020-10-28, 23:38:24, 23.16, 50.57
2020-10-28, 23:38:25, 23.16, 50.57
2020-10-28, 23:38:27, 23.15, 50.57
2020-10-28, 23:38:28, 23.15, 50.6
2020-10-28, 23:38:29, 23.13, 50.6
2020-10-28, 23:38:31, 23.15, 50.6
2020-10-28, 23:38:32, 23.15, 50.6
2020-10-28, 23:38:34, 23.16, 50.6
2020-10-28, 23:38:35, 23.16, 50.6
2020-10-28, 23:38:36, 23.16, 50.6
2020-10-28, 23:38:38, 23.16, 50.63
2020-10-28, 23:38:39, 23.15, 50.63
2020-10-28, 23:38:40, 23.14, 50.63
2020-10-28, 23:38:42, 23.14, 50.6
2020-10-28, 23:38:43, 23.15, 50.6
2020-10-28, 23:38:44, 23.16, 50.63
2020-10-28, 23:38:46, 23.16, 50.6
2020-10-28, 23:38:47, 23.16, 50.6
2020-10-28, 23:38:48, 23.15, 50.6
2020-10-28, 23:38:50, 23.15, 50.6
2020-10-28, 23:38:51, 23.14, 50.63
2020-10-28, 23:38:53, 23.15, 50.63
2020-10-28, 23:38:54, 23.15, 50.6
2020-10-28, 23:38:55, 23.14, 50.63
2020-10-28, 23:38:57, 23.13, 50.63
2020-10-28, 23:38:58, 23.14, 50.63
2020-10-28, 23:38:59, 23.14, 50.63
2020-10-28, 23:39:01, 23.14, 50.63
2020-10-28, 23:39:02, 23.14, 50.63
2020-10-28, 23:39:03, 23.13, 50.63
2020-10-28, 23:39:05, 23.13, 50.63
2020-10-28, 23:39:06, 23.14, 50.63
2020-10-28, 23:39:07, 23.14, 50.63
2020-10-28, 23:39:09, 23.14, 50.63
2020-10-28, 23:39:10, 23.14, 50.63
2020-10-28, 23:39:11, 23.16, 50.63
2020-10-28, 23:39:13, 23.16, 50.63
2020-10-28, 23:39:14, 23.15, 50.63
2020-10-28, 23:39:16, 23.15, 50.63
2020-10-28, 23:39:17, 23.16, 50.63
2020-10-28, 23:39:18, 23.14, 50.63
2020-10-28, 23:39:20, 23.16, 50.63
2020-10-28, 23:39:21, 23.16, 50.63
2020-10-28, 23:39:22, 23.16, 50.63
2020-10-28, 23:39:24, 23.16, 50.63
2020-10-28, 23:39:25, 23.17, 50.63
2020-10-28, 23:39:26, 23.17, 50.63
2020-10-28, 23:39:28, 23.16, 50.63
2020-10-28, 23:39:29, 23.15, 50.63
2020-10-28, 23:39:30, 23.14, 50.63
2020-10-28, 23:39:32, 23.14, 50.63
2020-10-28, 23:39:33, 23.16, 50.63
2020-10-28, 23:39:34, 23.15, 50.63
2020-10-28, 23:39:36, 23.15, 50.63
2020-10-28, 23:39:37, 23.16, 50.63
2020-10-28, 23:39:39, 23.14, 50.63
2020-10-28, 23:39:40, 23.15, 50.63
2020-10-28, 23:39:41, 23.14, 50.66
2020-10-28, 23:39:43, 23.14, 50.66
2020-10-28, 23:39:44, 23.14, 50.63
2020-10-28, 23:39:45, 23.14, 50.66
2020-10-28, 23:39:47, 23.14, 50.66
2020-10-28, 23:39:48, 23.14, 50.66
2020-10-28, 23:39:49, 23.14, 50.69
2020-10-28, 23:39:51, 23.14, 50.66
2020-10-28, 23:39:52, 23.15, 50.69
2020-10-28, 23:39:53, 23.14, 50.69
2020-10-28, 23:39:55, 23.13, 50.69
2020-10-28, 23:39:56, 23.13, 50.69
2020-10-28, 23:39:58, 23.13, 50.69
2020-10-28, 23:39:59, 23.12, 50.69
2020-10-28, 23:40:00, 23.12, 50.69
2020-10-28, 23:40:02, 23.12, 50.69
2020-10-28, 23:40:03, 23.12, 50.72
2020-10-28, 23:40:04, 23.13, 50.72
2020-10-28, 23:40:06, 23.13, 50.72
2020-10-28, 23:40:07, 23.12, 50.72
2020-10-28, 23:40:08, 23.12, 50.75
2020-10-28, 23:40:10, 23.13, 50.72
2020-10-28, 23:40:11, 23.12, 50.72
2020-10-28, 23:40:12, 23.12, 50.72
2020-10-28, 23:40:14, 23.12, 50.72
2020-10-28, 23:40:15, 23.12, 50.75
2020-10-28, 23:40:16, 23.12, 50.75
2020-10-28, 23:40:18, 23.12, 50.75
2020-10-28, 23:40:19, 23.12, 50.75
2020-10-28, 23:40:21, 23.13, 50.75
2020-10-28, 23:40:22, 23.12, 50.75
2020-10-28, 23:40:23, 23.1, 50.75
2020-10-28, 23:40:25, 23.11, 50.75
2020-10-28, 23:40:26, 23.1, 50.75
2020-10-28, 23:40:27, 23.1, 50.75
2020-10-28, 23:40:29, 23.1, 50.75
2020-10-28, 23:40:30, 23.1, 50.78
2020-10-28, 23:40:31, 23.11, 50.75
2020-10-28, 23:40:33, 23.1, 50.78
2020-10-28, 23:40:34, 23.1, 50.78
2020-10-28, 23:40:35, 23.09, 50.78
2020-10-28, 23:40:37, 23.1, 50.78
2020-10-28, 23:40:38, 23.1, 50.78
2020-10-28, 23:40:39, 23.1, 50.81
2020-10-28, 23:40:41, 23.1, 50.81
2020-10-28, 23:40:42, 23.12, 50.82
2020-10-28, 23:40:44, 23.11, 50.81
2020-10-28, 23:40:45, 23.12, 50.82
2020-10-28, 23:40:46, 23.11, 50.81
2020-10-28, 23:40:48, 23.12, 50.82
2020-10-28, 23:40:49, 23.11, 50.81
2020-10-28, 23:40:50, 23.12, 50.82
2020-10-28, 23:40:52, 23.11, 50.81
2020-10-28, 23:40:53, 23.11, 50.81
2020-10-28, 23:40:54, 23.12, 50.82
2020-10-28, 23:40:56, 23.11, 50.81
2020-10-28, 23:40:57, 23.1, 50.81
2020-10-28, 23:40:58, 23.11, 50.81
2020-10-28, 23:41:00, 23.12, 50.82
2020-10-28, 23:41:01, 23.12, 50.82
2020-10-28, 23:41:02, 23.11, 50.81
2020-10-28, 23:41:04, 23.11, 50.81
2020-10-28, 23:41:05, 23.12, 50.82
2020-10-28, 23:41:07, 23.11, 50.81
2020-10-28, 23:41:08, 23.12, 50.82
2020-10-28, 23:41:09, 23.11, 50.81
2020-10-28, 23:41:11, 23.1, 50.85
2020-10-28, 23:41:12, 23.09, 50.81
2020-10-28, 23:41:13, 23.1, 50.85
2020-10-28, 23:41:15, 23.1, 50.85
2020-10-28, 23:41:16, 23.09, 50.84
2020-10-28, 23:41:17, 23.08, 50.87
2020-10-28, 23:41:19, 23.08, 50.87
2020-10-28, 23:41:20, 23.09, 50.84
2020-10-28, 23:41:21, 23.09, 50.84
2020-10-28, 23:41:23, 23.07, 50.87
2020-10-28, 23:41:24, 23.08, 50.87
2020-10-28, 23:41:26, 23.09, 50.88
2020-10-28, 23:41:27, 23.08, 50.87
2020-10-28, 23:41:28, 23.08, 50.87
2020-10-28, 23:41:30, 23.07, 50.9
2020-10-28, 23:41:31, 23.08, 50.87
2020-10-28, 23:41:32, 23.1, 50.91
2020-10-28, 23:41:34, 23.07, 50.9
2020-10-28, 23:41:35, 23.08, 50.91
2020-10-28, 23:41:36, 23.08, 50.94
2020-10-28, 23:41:38, 23.1, 50.91
2020-10-28, 23:41:39, 23.08, 50.91
2020-10-28, 23:41:40, 23.07, 50.94
2020-10-28, 23:41:42, 23.1, 50.94
2020-10-28, 23:41:43, 23.08, 50.94
2020-10-28, 23:41:45, 23.08, 50.91
2020-10-28, 23:41:46, 23.07, 50.94
2020-10-28, 23:41:47, 23.08, 50.94
2020-10-28, 23:41:49, 23.08, 50.94
2020-10-28, 23:41:50, 23.08, 50.94
2020-10-28, 23:41:51, 23.08, 50.94
2020-10-28, 23:41:53, 23.08, 50.94
2020-10-28, 23:41:54, 23.08, 50.94
2020-10-28, 23:41:55, 23.1, 50.94
2020-10-28, 23:41:57, 23.08, 50.94
2020-10-28, 23:41:58, 23.08, 50.94
2020-10-28, 23:41:59, 23.08, 50.94
2020-10-28, 23:42:01, 23.08, 50.94
2020-10-28, 23:42:02, 23.08, 50.94
2020-10-28, 23:42:03, 23.08, 50.94
2020-10-28, 23:42:05, 23.07, 50.94
2020-10-28, 23:42:06, 23.05, 50.93
2020-10-28, 23:42:08, 23.07, 50.97
2020-10-28, 23:42:09, 23.07, 50.97
2020-10-28, 23:42:10, 23.07, 50.94
2020-10-28, 23:42:12, 23.06, 50.97
2020-10-28, 23:42:13, 23.08, 50.97
2020-10-28, 23:42:14, 23.08, 50.97
2020-10-28, 23:42:16, 23.08, 50.97
2020-10-28, 23:42:17, 23.09, 50.97
2020-10-28, 23:42:18, 23.08, 50.94
2020-10-28, 23:42:20, 23.06, 50.97
2020-10-28, 23:42:21, 23.06, 50.97
2020-10-28, 23:42:23, 23.03, 50.96
2020-10-28, 23:42:24, 23.04, 50.96
2020-10-28, 23:42:25, 23.06, 50.97
2020-10-28, 23:42:27, 23.06, 50.97
2020-10-28, 23:42:28, 23.06, 51.0
2020-10-28, 23:42:29, 23.06, 51.0
2020-10-28, 23:42:31, 23.05, 51.0
2020-10-28, 23:42:32, 23.06, 51.0
2020-10-28, 23:42:33, 23.05, 51.0
2020-10-28, 23:42:35, 23.06, 51.0
2020-10-28, 23:42:36, 23.04, 51.0
2020-10-28, 23:42:38, 23.05, 51.0
2020-10-28, 23:42:39, 23.06, 51.0
2020-10-28, 23:42:40, 23.06, 51.0
2020-10-28, 23:42:42, 23.06, 51.0
2020-10-28, 23:42:43, 23.06, 51.03
2020-10-28, 23:42:44, 23.04, 51.03
2020-10-28, 23:42:46, 23.06, 51.03
2020-10-28, 23:42:47, 23.04, 51.0
2020-10-28, 23:42:48, 23.05, 51.0
2020-10-28, 23:42:50, 23.05, 51.03
2020-10-28, 23:42:51, 23.06, 51.0
2020-10-28, 23:42:52, 23.05, 51.03
2020-10-28, 23:42:54, 23.06, 51.0
2020-10-28, 23:42:55, 23.04, 51.03
2020-10-28, 23:42:57, 23.05, 51.0
2020-10-28, 23:42:58, 23.06, 51.0
2020-10-28, 23:42:59, 23.06, 51.0
2020-10-28, 23:43:01, 23.06, 51.0
2020-10-28, 23:43:02, 23.06, 51.0
2020-10-28, 23:43:03, 23.08, 51.0
2020-10-28, 23:43:05, 23.07, 51.0
2020-10-28, 23:43:06, 23.07, 50.97
2020-10-28, 23:43:07, 23.07, 50.97
2020-10-28, 23:43:09, 23.08, 50.97
2020-10-28, 23:43:10, 23.08, 50.97
2020-10-28, 23:43:11, 23.08, 51.0
2020-10-28, 23:43:13, 23.07, 50.97
2020-10-28, 23:43:14, 23.08, 50.97
2020-10-28, 23:43:16, 23.08, 50.97
2020-10-28, 23:43:17, 23.08, 50.97
2020-10-28, 23:43:18, 23.08, 50.97
2020-10-28, 23:43:20, 23.07, 50.97
2020-10-28, 23:43:21, 23.08, 50.97
2020-10-28, 23:43:22, 23.09, 50.94
2020-10-28, 23:43:24, 23.08, 50.97
2020-10-28, 23:43:25, 23.08, 50.97
2020-10-28, 23:43:26, 23.09, 50.97
2020-10-28, 23:43:28, 23.06, 50.97
2020-10-28, 23:43:29, 23.08, 51.0
2020-10-28, 23:43:30, 23.08, 50.97
2020-10-28, 23:43:32, 23.07, 50.97
2020-10-28, 23:43:33, 23.07, 50.97
2020-10-28, 23:43:35, 23.07, 50.97
2020-10-28, 23:43:36, 23.07, 51.0
2020-10-28, 23:43:37, 23.08, 51.0
2020-10-28, 23:43:39, 23.06, 50.97
2020-10-28, 23:43:40, 23.06, 51.0
2020-10-28, 23:43:41, 23.06, 51.0
2020-10-28, 23:43:43, 23.08, 51.0
2020-10-28, 23:43:44, 23.08, 51.0
2020-10-28, 23:43:45, 23.06, 51.0
2020-10-28, 23:43:47, 23.06, 51.03
2020-10-28, 23:43:48, 23.06, 51.0
2020-10-28, 23:43:49, 23.06, 51.0
2020-10-28, 23:43:51, 23.07, 51.03
2020-10-28, 23:43:52, 23.07, 51.03
2020-10-28, 23:43:54, 23.07, 51.0
2020-10-28, 23:43:55, 23.06, 51.03
2020-10-28, 23:43:56, 23.06, 51.0
2020-10-28, 23:43:58, 23.07, 51.0
2020-10-28, 23:43:59, 23.07, 51.03
2020-10-28, 23:44:00, 23.06, 51.0
2020-10-28, 23:44:02, 23.07, 51.03
2020-10-28, 23:44:03, 23.08, 51.0
2020-10-28, 23:44:04, 23.08, 51.0
2020-10-28, 23:44:06, 23.07, 51.0
2020-10-28, 23:44:07, 23.08, 51.0
2020-10-28, 23:44:08, 23.09, 51.0
2020-10-28, 23:44:10, 23.09, 51.0
2020-10-28, 23:44:11, 23.09, 50.97
2020-10-28, 23:44:13, 23.09, 50.97
2020-10-28, 23:44:14, 23.09, 50.97
2020-10-28, 23:44:15, 23.08, 50.94
2020-10-28, 23:44:17, 23.07, 50.97
2020-10-28, 23:44:18, 23.08, 50.94
2020-10-28, 23:44:19, 23.1, 50.97
2020-10-28, 23:44:21, 23.1, 50.94
2020-10-28, 23:44:22, 23.09, 50.94
2020-10-28, 23:44:23, 23.08, 50.94
2020-10-28, 23:44:25, 23.09, 50.94
2020-10-28, 23:44:26, 23.1, 50.94
2020-10-28, 23:44:27, 23.09, 50.94
2020-10-28, 23:44:29, 23.12, 50.94
2020-10-28, 23:44:30, 23.1, 50.94
2020-10-28, 23:44:32, 23.1, 50.94
2020-10-28, 23:44:33, 23.1, 50.94
2020-10-28, 23:44:34, 23.09, 50.94
2020-10-28, 23:44:36, 23.09, 50.97
2020-10-28, 23:44:37, 23.09, 50.97
2020-10-28, 23:44:38, 23.08, 50.97
2020-10-28, 23:44:40, 23.08, 50.97
2020-10-28, 23:44:41, 23.09, 50.97
2020-10-28, 23:44:42, 23.09, 51.0
2020-10-28, 23:44:44, 23.09, 50.94
2020-10-28, 23:44:45, 23.08, 50.97
2020-10-28, 23:44:46, 23.08, 50.97
2020-10-28, 23:44:48, 23.09, 50.97
2020-10-28, 23:44:49, 23.08, 50.97
2020-10-28, 23:44:51, 23.08, 50.97
2020-10-28, 23:44:52, 23.1, 50.97
2020-10-28, 23:44:53, 23.09, 51.0
2020-10-28, 23:44:55, 23.08, 51.0
2020-10-28, 23:44:56, 23.1, 50.97
2020-10-28, 23:44:57, 23.08, 51.0
2020-10-28, 23:44:59, 23.08, 50.97
2020-10-28, 23:45:00, 23.09, 50.97
2020-10-28, 23:45:01, 23.07, 51.0
2020-10-28, 23:45:03, 23.08, 51.0
2020-10-28, 23:45:04, 23.08, 51.0
2020-10-28, 23:45:05, 23.06, 51.0
2020-10-28, 23:45:07, 23.07, 51.03
2020-10-28, 23:45:08, 23.09, 51.0
2020-10-28, 23:45:10, 23.08, 51.0
2020-10-28, 23:45:11, 23.08, 51.0
2020-10-28, 23:45:12, 23.08, 51.0
2020-10-28, 23:45:14, 23.09, 51.0
2020-10-28, 23:45:15, 23.08, 51.0
2020-10-28, 23:45:16, 23.07, 51.0
2020-10-28, 23:45:18, 23.07, 51.0
2020-10-28, 23:45:19, 23.08, 51.0
2020-10-28, 23:45:20, 23.07, 51.0
2020-10-28, 23:45:22, 23.07, 51.0
2020-10-28, 23:45:23, 23.08, 51.0
2020-10-28, 23:45:24, 23.08, 51.0
2020-10-28, 23:45:26, 23.08, 51.0
2020-10-28, 23:45:27, 23.08, 51.0
2020-10-28, 23:45:29, 23.09, 51.0
2020-10-28, 23:45:30, 23.09, 51.0
2020-10-28, 23:45:31, 23.09, 51.0
2020-10-28, 23:45:33, 23.09, 50.97
2020-10-28, 23:45:34, 23.1, 50.97
2020-10-28, 23:45:35, 23.1, 50.97
2020-10-28, 23:45:37, 23.09, 50.97
2020-10-28, 23:45:38, 23.1, 50.97
2020-10-28, 23:45:39, 23.11, 50.94
2020-10-28, 23:45:41, 23.11, 50.97
2020-10-28, 23:45:42, 23.12, 50.94
2020-10-28, 23:45:44, 23.12, 50.94
2020-10-28, 23:45:45, 23.12, 50.94
2020-10-28, 23:45:46, 23.12, 50.94
2020-10-28, 23:45:48, 23.11, 50.94
2020-10-28, 23:45:49, 23.12, 50.94
2020-10-28, 23:45:50, 23.1, 50.94
2020-10-28, 23:45:52, 23.11, 50.94
2020-10-28, 23:45:53, 23.1, 50.94
2020-10-28, 23:45:54, 23.11, 50.94
2020-10-28, 23:45:56, 23.13, 50.94
2020-10-28, 23:45:57, 23.12, 50.94
2020-10-28, 23:45:58, 23.12, 50.94
2020-10-28, 23:46:00, 23.12, 50.94
2020-10-28, 23:46:01, 23.12, 50.94
2020-10-28, 23:46:03, 23.12, 50.94
2020-10-28, 23:46:04, 23.11, 50.94
2020-10-28, 23:46:05, 23.11, 50.94
2020-10-28, 23:46:07, 23.12, 50.94
2020-10-28, 23:46:08, 23.12, 50.94
2020-10-28, 23:46:09, 23.09, 50.94
2020-10-28, 23:46:11, 23.1, 50.94
2020-10-28, 23:46:12, 23.1, 50.94
2020-10-28, 23:46:13, 23.11, 50.94
2020-10-28, 23:46:15, 23.11, 50.94
2020-10-28, 23:46:16, 23.1, 50.94
2020-10-28, 23:46:17, 23.11, 50.94
2020-10-28, 23:46:19, 23.11, 50.94
2020-10-28, 23:46:20, 23.1, 50.94
2020-10-28, 23:46:22, 23.1, 50.97
2020-10-28, 23:46:23, 23.08, 50.94
2020-10-28, 23:46:24, 23.11, 50.97
2020-10-28, 23:46:26, 23.1, 50.97
2020-10-28, 23:46:27, 23.11, 50.97
2020-10-28, 23:46:28, 23.12, 50.97
2020-10-28, 23:46:30, 23.12, 50.97
2020-10-28, 23:46:31, 23.11, 50.94
2020-10-28, 23:46:32, 23.12, 50.94
2020-10-28, 23:46:34, 23.12, 50.94
2020-10-28, 23:46:35, 23.12, 50.94
2020-10-28, 23:46:36, 23.12, 50.94
2020-10-28, 23:46:38, 23.14, 50.95
2020-10-28, 23:46:39, 23.14, 50.95
2020-10-28, 23:46:41, 23.15, 50.95
2020-10-28, 23:46:42, 23.13, 50.91
2020-10-28, 23:46:43, 23.14, 50.91
2020-10-28, 23:46:45, 23.14, 50.88
2020-10-28, 23:46:46, 23.14, 50.91
2020-10-28, 23:46:47, 23.14, 50.88
2020-10-28, 23:46:49, 23.13, 50.88
2020-10-28, 23:46:50, 23.14, 50.91
2020-10-28, 23:46:51, 23.13, 50.88
2020-10-28, 23:46:53, 23.12, 50.88
2020-10-28, 23:46:54, 23.14, 50.91
2020-10-28, 23:46:55, 23.12, 50.91
2020-10-28, 23:46:57, 23.13, 50.91
2020-10-28, 23:46:58, 23.13, 50.88
2020-10-28, 23:46:59, 23.12, 50.91
2020-10-28, 23:47:01, 23.12, 50.91
2020-10-28, 23:47:02, 23.14, 50.88
2020-10-28, 23:47:04, 23.12, 50.88
2020-10-28, 23:47:05, 23.14, 50.88
2020-10-28, 23:47:06, 23.13, 50.91
2020-10-28, 23:47:08, 23.14, 50.88
2020-10-28, 23:47:09, 23.12, 50.88
2020-10-28, 23:47:10, 23.14, 50.88
2020-10-28, 23:47:12, 23.14, 50.88
2020-10-28, 23:47:13, 23.14, 50.88
2020-10-28, 23:47:14, 23.15, 50.88
2020-10-28, 23:47:16, 23.14, 50.85
2020-10-28, 23:47:17, 23.14, 50.88
2020-10-28, 23:47:18, 23.14, 50.88
2020-10-28, 23:47:20, 23.16, 50.85
2020-10-28, 23:47:21, 23.16, 50.85
2020-10-28, 23:47:23, 23.16, 50.85
2020-10-28, 23:47:24, 23.16, 50.82
2020-10-28, 23:47:25, 23.14, 50.82
2020-10-28, 23:47:27, 23.17, 50.82
2020-10-28, 23:47:28, 23.16, 50.82
2020-10-28, 23:47:29, 23.17, 50.82
2020-10-28, 23:47:31, 23.18, 50.82
2020-10-28, 23:47:32, 23.17, 50.82
2020-10-28, 23:47:33, 23.19, 50.83
2020-10-28, 23:47:35, 23.2, 50.83
2020-10-28, 23:47:36, 23.2, 50.83
2020-10-28, 23:47:37, 23.18, 50.79
2020-10-28, 23:47:39, 23.18, 50.79
2020-10-28, 23:47:40, 23.17, 50.79
2020-10-28, 23:47:42, 23.18, 50.79
2020-10-28, 23:47:43, 23.18, 50.79
2020-10-28, 23:47:44, 23.19, 50.79
2020-10-28, 23:47:46, 23.19, 50.76
2020-10-28, 23:47:47, 23.19, 50.76
2020-10-28, 23:47:48, 23.18, 50.76
2020-10-28, 23:47:50, 23.19, 50.79
2020-10-28, 23:47:51, 23.2, 50.76
2020-10-28, 23:47:52, 23.18, 50.76
2020-10-28, 23:47:54, 23.2, 50.76
2020-10-28, 23:47:55, 23.2, 50.76
2020-10-28, 23:47:56, 23.19, 50.76
2020-10-28, 23:47:58, 23.22, 50.77
2020-10-28, 23:47:59, 23.2, 50.76
2020-10-28, 23:48:01, 23.2, 50.76
2020-10-28, 23:48:02, 23.2, 50.76
2020-10-28, 23:48:03, 23.2, 50.76
2020-10-28, 23:48:05, 23.2, 50.73
2020-10-28, 23:48:06, 23.21, 50.77
2020-10-28, 23:48:07, 23.21, 50.77
2020-10-28, 23:48:09, 23.21, 50.77
2020-10-28, 23:48:10, 23.22, 50.73
2020-10-28, 23:48:11, 23.21, 50.73
2020-10-28, 23:48:13, 23.22, 50.77
2020-10-28, 23:48:14, 23.21, 50.73
2020-10-28, 23:48:15, 23.21, 50.73
2020-10-28, 23:48:17, 23.22, 50.73
2020-10-28, 23:48:18, 23.2, 50.73
2020-10-28, 23:48:20, 23.21, 50.73
2020-10-28, 23:48:21, 23.21, 50.73
2020-10-28, 23:48:22, 23.22, 50.73
2020-10-28, 23:48:24, 23.22, 50.7
2020-10-28, 23:48:25, 23.22, 50.73
2020-10-28, 23:48:26, 23.22, 50.73
2020-10-28, 23:48:28, 23.22, 50.73
2020-10-28, 23:48:29, 23.22, 50.73
2020-10-28, 23:48:30, 23.22, 50.7
2020-10-28, 23:48:32, 23.22, 50.7
2020-10-28, 23:48:33, 23.23, 50.7
2020-10-28, 23:48:34, 23.22, 50.7
2020-10-28, 23:48:36, 23.22, 50.7
2020-10-28, 23:48:37, 23.23, 50.7
2020-10-28, 23:48:39, 23.22, 50.7
2020-10-28, 23:48:40, 23.22, 50.7
2020-10-28, 23:48:41, 23.23, 50.7
2020-10-28, 23:48:43, 23.22, 50.7
2020-10-28, 23:48:44, 23.23, 50.7
2020-10-28, 23:48:45, 23.22, 50.7
2020-10-28, 23:48:47, 23.23, 50.7
2020-10-28, 23:48:48, 23.23, 50.7
2020-10-28, 23:48:49, 23.24, 50.71
2020-10-28, 23:48:51, 23.24, 50.71
2020-10-28, 23:48:52, 23.24, 50.71
2020-10-28, 23:48:53, 23.25, 50.71
2020-10-28, 23:48:55, 23.24, 50.67
2020-10-28, 23:48:56, 23.25, 50.68
2020-10-28, 23:48:58, 23.25, 50.68
2020-10-28, 23:48:59, 23.24, 50.67
2020-10-28, 23:49:00, 23.25, 50.64
2020-10-28, 23:49:02, 23.26, 50.65
2020-10-28, 23:49:03, 23.25, 50.64
2020-10-28, 23:49:04, 23.27, 50.65
2020-10-28, 23:49:06, 23.25, 50.64
2020-10-28, 23:49:07, 23.27, 50.65
2020-10-28, 23:49:08, 23.26, 50.65
2020-10-28, 23:49:10, 23.27, 50.65
2020-10-28, 23:49:11, 23.26, 50.65
2020-10-28, 23:49:12, 23.27, 50.62
2020-10-28, 23:49:14, 23.26, 50.61
2020-10-28, 23:49:15, 23.28, 50.62
2020-10-28, 23:49:17, 23.27, 50.62
2020-10-28, 23:49:18, 23.27, 50.62
2020-10-28, 23:49:19, 23.28, 50.62
2020-10-28, 23:49:21, 23.28, 50.62
2020-10-28, 23:49:22, 23.27, 50.62
2020-10-28, 23:49:23, 23.27, 50.62
2020-10-28, 23:49:25, 23.28, 50.62
2020-10-28, 23:49:26, 23.28, 50.62
2020-10-28, 23:49:27, 23.27, 50.58
2020-10-28, 23:49:29, 23.28, 50.62
2020-10-28, 23:49:30, 23.28, 50.58
2020-10-28, 23:49:32, 23.28, 50.58
2020-10-28, 23:49:33, 23.29, 50.59
2020-10-28, 23:49:34, 23.29, 50.59
2020-10-28, 23:49:36, 23.3, 50.59
2020-10-28, 23:49:37, 23.3, 50.59
2020-10-28, 23:49:38, 23.29, 50.55
2020-10-28, 23:49:40, 23.29, 50.59
2020-10-28, 23:49:41, 23.3, 50.59
2020-10-28, 23:49:42, 23.3, 50.56
2020-10-28, 23:49:44, 23.31, 50.56
2020-10-28, 23:49:45, 23.31, 50.56
2020-10-28, 23:49:46, 23.33, 50.53
2020-10-28, 23:49:48, 23.32, 50.53
2020-10-28, 23:49:49, 23.32, 50.53
2020-10-28, 23:49:50, 23.34, 50.53
2020-10-28, 23:49:52, 23.33, 50.53
2020-10-28, 23:49:53, 23.32, 50.53
2020-10-28, 23:49:55, 23.33, 50.5
2020-10-28, 23:49:56, 23.32, 50.5
2020-10-28, 23:49:57, 23.33, 50.5
2020-10-28, 23:49:59, 23.33, 50.5
2020-10-28, 23:50:00, 23.33, 50.5
2020-10-28, 23:50:01, 23.32, 50.46
2020-10-28, 23:50:03, 23.33, 50.5
2020-10-28, 23:50:04, 23.34, 50.5
2020-10-28, 23:50:05, 23.34, 50.5
2020-10-28, 23:50:07, 23.34, 50.5
2020-10-28, 23:50:08, 23.34, 50.47
2020-10-28, 23:50:09, 23.34, 50.47
2020-10-28, 23:50:11, 23.35, 50.47
2020-10-28, 23:50:12, 23.35, 50.47
2020-10-28, 23:50:14, 23.32, 50.46
2020-10-28, 23:50:15, 23.34, 50.47
2020-10-28, 23:50:16, 23.34, 50.47
2020-10-28, 23:50:18, 23.32, 50.43
2020-10-28, 23:50:19, 23.32, 50.46
2020-10-28, 23:50:20, 23.34, 50.47
2020-10-28, 23:50:22, 23.34, 50.43
2020-10-28, 23:50:23, 23.34, 50.43
2020-10-28, 23:50:24, 23.35, 50.44
2020-10-28, 23:50:26, 23.35, 50.44
2020-10-28, 23:50:27, 23.35, 50.4
2020-10-28, 23:50:28, 23.36, 50.41
2020-10-28, 23:50:30, 23.35, 50.44
2020-10-28, 23:50:31, 23.35, 50.4
2020-10-28, 23:50:33, 23.35, 50.4
2020-10-28, 23:50:34, 23.37, 50.41
2020-10-28, 23:50:35, 23.36, 50.41
2020-10-28, 23:50:37, 23.36, 50.41
2020-10-28, 23:50:38, 23.34, 50.4
2020-10-28, 23:50:39, 23.36, 50.41
2020-10-28, 23:50:41, 23.38, 50.41
2020-10-28, 23:50:42, 23.36, 50.37
2020-10-28, 23:50:43, 23.38, 50.38
2020-10-28, 23:50:45, 23.38, 50.38
2020-10-28, 23:50:46, 23.37, 50.38
2020-10-28, 23:50:47, 23.38, 50.34
2020-10-28, 23:50:49, 23.38, 50.34
2020-10-28, 23:50:50, 23.38, 50.34
2020-10-28, 23:50:51, 23.36, 50.34
2020-10-28, 23:50:53, 23.37, 50.34
2020-10-28, 23:50:54, 23.38, 50.34
2020-10-28, 23:50:56, 23.39, 50.35
2020-10-28, 23:50:57, 23.39, 50.35
2020-10-28, 23:50:58, 23.36, 50.34
2020-10-28, 23:51:00, 23.38, 50.34
2020-10-28, 23:51:01, 23.39, 50.38
2020-10-28, 23:51:02, 23.4, 50.35
2020-10-28, 23:51:04, 23.4, 50.35
2020-10-28, 23:51:05, 23.4, 50.32
2020-10-28, 23:51:07, 23.4, 50.35
2020-10-28, 23:51:08, 23.4, 50.35
2020-10-28, 23:51:09, 23.39, 50.31
2020-10-28, 23:51:11, 23.4, 50.32
2020-10-28, 23:51:12, 23.4, 50.32
2020-10-28, 23:51:13, 23.41, 50.32
2020-10-28, 23:51:15, 23.42, 50.29
2020-10-28, 23:51:16, 23.41, 50.29
2020-10-28, 23:51:17, 23.42, 50.29
2020-10-28, 23:51:19, 23.4, 50.28
2020-10-28, 23:51:20, 23.42, 50.29
2020-10-28, 23:51:21, 23.42, 50.29
2020-10-28, 23:51:23, 23.42, 50.29
2020-10-28, 23:51:24, 23.43, 50.29
2020-10-28, 23:51:26, 23.42, 50.29
2020-10-28, 23:51:27, 23.42, 50.26
2020-10-28, 23:51:28, 23.42, 50.26
2020-10-28, 23:51:30, 23.41, 50.25
2020-10-28, 23:51:31, 23.43, 50.26
2020-10-28, 23:51:32, 23.42, 50.26
2020-10-28, 23:51:34, 23.43, 50.22
2020-10-28, 23:51:35, 23.42, 50.22
2020-10-28, 23:51:36, 23.43, 50.22
2020-10-28, 23:51:38, 23.43, 50.22
2020-10-28, 23:51:39, 23.42, 50.22
2020-10-28, 23:51:40, 23.43, 50.22
2020-10-28, 23:51:42, 23.43, 50.22
2020-10-28, 23:51:43, 23.44, 50.23
2020-10-28, 23:51:45, 23.44, 50.23
2020-10-28, 23:51:46, 23.42, 50.22
2020-10-28, 23:51:47, 23.45, 50.2
2020-10-28, 23:51:49, 23.46, 50.2
2020-10-28, 23:51:50, 23.45, 50.2
2020-10-28, 23:51:51, 23.45, 50.16
2020-10-28, 23:51:53, 23.44, 50.16
2020-10-28, 23:51:54, 23.44, 50.16
2020-10-28, 23:51:55, 23.45, 50.16
2020-10-28, 23:51:57, 23.44, 50.16
2020-10-28, 23:51:58, 23.43, 50.13
2020-10-28, 23:51:59, 23.44, 50.16
2020-10-28, 23:52:01, 23.45, 50.16
2020-10-28, 23:52:02, 23.44, 50.13
2020-10-28, 23:52:03, 23.45, 50.16
2020-10-28, 23:52:05, 23.44, 50.16
2020-10-28, 23:52:06, 23.45, 50.13
2020-10-28, 23:52:08, 23.43, 50.16
2020-10-28, 23:52:09, 23.45, 50.16
2020-10-28, 23:52:10, 23.44, 50.13
2020-10-28, 23:52:12, 23.44, 50.1
2020-10-28, 23:52:13, 23.45, 50.1
2020-10-28, 23:52:14, 23.45, 50.1
2020-10-28, 23:52:16, 23.44, 50.13
2020-10-28, 23:52:17, 23.44, 50.13
2020-10-28, 23:52:18, 23.44, 50.1
2020-10-28, 23:52:20, 23.44, 50.13
2020-10-28, 23:52:21, 23.45, 50.1
2020-10-28, 23:52:22, 23.45, 50.13
2020-10-28, 23:52:24, 23.44, 50.1
2020-10-28, 23:52:25, 23.45, 50.1
2020-10-28, 23:52:27, 23.44, 50.1
2020-10-28, 23:52:28, 23.44, 50.1
2020-10-28, 23:52:29, 23.44, 50.1
2020-10-28, 23:52:31, 23.45, 50.1
2020-10-28, 23:52:32, 23.45, 50.1
2020-10-28, 23:52:33, 23.46, 50.1
2020-10-28, 23:52:35, 23.46, 50.1
2020-10-28, 23:52:36, 23.46, 50.1
2020-10-28, 23:52:37, 23.46, 50.1
2020-10-28, 23:52:39, 23.47, 50.1
2020-10-28, 23:52:40, 23.46, 50.07
2020-10-28, 23:52:41, 23.47, 50.07
2020-10-28, 23:52:43, 23.47, 50.07
2020-10-28, 23:52:44, 23.47, 50.07
2020-10-28, 23:52:45, 23.48, 50.07
2020-10-28, 23:52:47, 23.48, 50.07
2020-10-28, 23:52:48, 23.47, 50.04
2020-10-28, 23:52:50, 23.47, 50.04
2020-10-28, 23:52:51, 23.46, 50.04
2020-10-28, 23:52:52, 23.47, 50.04
2020-10-28, 23:52:54, 23.47, 50.04
2020-10-28, 23:52:55, 23.47, 50.04
2020-10-28, 23:52:56, 23.46, 50.04
2020-10-28, 23:52:58, 23.48, 50.04
2020-10-28, 23:52:59, 23.48, 50.04
2020-10-28, 23:53:00, 23.47, 50.04
2020-10-28, 23:53:02, 23.47, 50.04
2020-10-28, 23:53:03, 23.48, 50.01
2020-10-28, 23:53:04, 23.47, 50.01
2020-10-28, 23:53:06, 23.47, 50.01
2020-10-28, 23:53:07, 23.48, 50.01
2020-10-28, 23:53:09, 23.48, 50.01
2020-10-28, 23:53:10, 23.48, 50.04
2020-10-28, 23:53:11, 23.48, 49.98
2020-10-28, 23:53:13, 23.48, 50.01
2020-10-28, 23:53:14, 23.48, 50.01
2020-10-28, 23:53:15, 23.48, 50.01
2020-10-28, 23:53:17, 23.49, 49.98
2020-10-28, 23:53:18, 23.48, 50.01
2020-10-28, 23:53:19, 23.46, 50.01
2020-10-28, 23:53:21, 23.48, 50.01
2020-10-28, 23:53:22, 23.5, 49.98
2020-10-28, 23:53:24, 23.48, 50.01
2020-10-28, 23:53:25, 23.49, 49.98
2020-10-28, 23:53:26, 23.49, 49.98
2020-10-28, 23:53:28, 23.5, 49.98
2020-10-28, 23:53:29, 23.51, 49.98
2020-10-28, 23:53:30, 23.5, 49.98
2020-10-28, 23:53:32, 23.5, 49.98
2020-10-28, 23:53:33, 23.49, 49.98
2020-10-28, 23:53:34, 23.51, 49.98
2020-10-28, 23:53:36, 23.51, 49.98
2020-10-28, 23:53:37, 23.5, 49.95
2020-10-28, 23:53:38, 23.52, 49.95
2020-10-28, 23:53:40, 23.5, 49.95
2020-10-28, 23:53:41, 23.52, 49.95
2020-10-28, 23:53:43, 23.52, 49.95
2020-10-28, 23:53:44, 23.51, 49.95
2020-10-28, 23:53:45, 23.52, 49.95
2020-10-28, 23:53:47, 23.5, 49.92
2020-10-28, 23:53:48, 23.51, 49.92
2020-10-28, 23:53:49, 23.51, 49.89
2020-10-28, 23:53:51, 23.51, 49.92
2020-10-28, 23:53:52, 23.5, 49.92
2020-10-28, 23:53:53, 23.51, 49.92
2020-10-28, 23:53:55, 23.5, 49.92
2020-10-28, 23:53:56, 23.5, 49.89
2020-10-28, 23:53:57, 23.49, 49.88
2020-10-28, 23:53:59, 23.49, 49.88
2020-10-28, 23:54:00, 23.5, 49.89
2020-10-28, 23:54:01, 23.5, 49.92
2020-10-28, 23:54:03, 23.51, 49.89
2020-10-28, 23:54:04, 23.52, 49.92
2020-10-28, 23:54:06, 23.51, 49.92
2020-10-28, 23:54:07, 23.5, 49.92
2020-10-28, 23:54:08, 23.51, 49.92
2020-10-28, 23:54:10, 23.52, 49.89
2020-10-28, 23:54:11, 23.51, 49.89
2020-10-28, 23:54:12, 23.52, 49.92
2020-10-28, 23:54:14, 23.51, 49.89
2020-10-28, 23:54:15, 23.52, 49.89
2020-10-28, 23:54:16, 23.52, 49.92
2020-10-28, 23:54:18, 23.5, 49.92
2020-10-28, 23:54:19, 23.52, 49.89
2020-10-28, 23:54:20, 23.52, 49.89
2020-10-28, 23:54:22, 23.51, 49.89
2020-10-28, 23:54:23, 23.53, 49.89
2020-10-28, 23:54:25, 23.52, 49.89
2020-10-28, 23:54:26, 23.52, 49.89
2020-10-28, 23:54:27, 23.53, 49.89
2020-10-28, 23:54:29, 23.52, 49.89
2020-10-28, 23:54:30, 23.52, 49.89
2020-10-28, 23:54:31, 23.52, 49.89
2020-10-28, 23:54:33, 23.54, 49.89
2020-10-28, 23:54:34, 23.53, 49.89
2020-10-28, 23:54:35, 23.53, 49.86
2020-10-28, 23:54:37, 23.52, 49.86
2020-10-28, 23:54:38, 23.53, 49.86
2020-10-28, 23:54:40, 23.52, 49.86
2020-10-28, 23:54:41, 23.53, 49.86
2020-10-28, 23:54:42, 23.51, 49.85
2020-10-28, 23:54:44, 23.52, 49.82
2020-10-28, 23:54:45, 23.52, 49.82
2020-10-28, 23:54:46, 23.52, 49.82
2020-10-28, 23:54:48, 23.52, 49.82
2020-10-28, 23:54:49, 23.52, 49.79
2020-10-28, 23:54:50, 23.53, 49.79
2020-10-28, 23:54:52, 23.53, 49.79
2020-10-28, 23:54:53, 23.52, 49.79
2020-10-28, 23:54:54, 23.53, 49.79
2020-10-28, 23:54:56, 23.52, 49.76
2020-10-28, 23:54:57, 23.53, 49.76
2020-10-28, 23:54:58, 23.51, 49.76
2020-10-28, 23:55:00, 23.51, 49.73
2020-10-28, 23:55:01, 23.51, 49.79
2020-10-28, 23:55:03, 23.52, 49.76
2020-10-28, 23:55:04, 23.52, 49.76
2020-10-28, 23:55:05, 23.51, 49.79
2020-10-28, 23:55:07, 23.51, 49.79
2020-10-28, 23:55:08, 23.5, 49.79
2020-10-28, 23:55:09, 23.5, 49.73
2020-10-28, 23:55:11, 23.52, 49.73
2020-10-28, 23:55:12, 23.52, 49.73
2020-10-28, 23:55:13, 23.52, 49.73
2020-10-28, 23:55:15, 23.5, 49.73
2020-10-28, 23:55:16, 23.51, 49.73
2020-10-28, 23:55:18, 23.5, 49.73
2020-10-28, 23:55:19, 23.51, 49.73
2020-10-28, 23:55:20, 23.51, 49.73
2020-10-28, 23:55:22, 23.5, 49.73
2020-10-28, 23:55:23, 23.5, 49.73
2020-10-28, 23:55:24, 23.5, 49.73
2020-10-28, 23:55:26, 23.5, 49.76
2020-10-28, 23:55:27, 23.51, 49.79
2020-10-28, 23:55:28, 23.52, 49.79
2020-10-28, 23:55:30, 23.5, 49.76
2020-10-28, 23:55:31, 23.51, 49.76
2020-10-28, 23:55:32, 23.51, 49.79
2020-10-28, 23:55:34, 23.49, 49.79
2020-10-28, 23:55:35, 23.51, 49.79
2020-10-28, 23:55:37, 23.51, 49.76
2020-10-28, 23:55:38, 23.52, 49.76
2020-10-28, 23:55:39, 23.52, 49.76
2020-10-28, 23:55:41, 23.5, 49.73
2020-10-28, 23:55:42, 23.5, 49.73
2020-10-28, 23:55:43, 23.51, 49.73
2020-10-28, 23:55:45, 23.51, 49.76
2020-10-28, 23:55:46, 23.51, 49.79
2020-10-28, 23:55:47, 23.5, 49.76
2020-10-28, 23:55:49, 23.5, 49.73
2020-10-28, 23:55:50, 23.49, 49.73
2020-10-28, 23:55:52, 23.5, 49.73
2020-10-28, 23:55:53, 23.5, 49.73
2020-10-28, 23:55:54, 23.48, 49.76
2020-10-28, 23:55:56, 23.49, 49.76
2020-10-28, 23:55:57, 23.49, 49.73
2020-10-28, 23:55:58, 23.48, 49.72
2020-10-28, 23:56:00, 23.49, 49.73
2020-10-28, 23:56:01, 23.49, 49.73
2020-10-28, 23:56:02, 23.48, 49.72
2020-10-28, 23:56:04, 23.49, 49.76
2020-10-28, 23:56:05, 23.5, 49.73
2020-10-28, 23:56:06, 23.5, 49.76
2020-10-28, 23:56:08, 23.49, 49.76
2020-10-28, 23:56:09, 23.49, 49.73
2020-10-28, 23:56:10, 23.49, 49.73
2020-10-28, 23:56:12, 23.46, 49.72
2020-10-28, 23:56:13, 23.48, 49.72
2020-10-28, 23:56:15, 23.48, 49.76
2020-10-28, 23:56:16, 23.49, 49.73
2020-10-28, 23:56:17, 23.46, 49.72
2020-10-28, 23:56:19, 23.48, 49.72
2020-10-28, 23:56:20, 23.49, 49.73
2020-10-28, 23:56:21, 23.47, 49.72
2020-10-28, 23:56:23, 23.45, 49.72
2020-10-28, 23:56:24, 23.48, 49.72
2020-10-28, 23:56:26, 23.47, 49.72
2020-10-28, 23:56:27, 23.46, 49.72
2020-10-28, 23:56:28, 23.48, 49.72
2020-10-28, 23:56:30, 23.48, 49.72
2020-10-28, 23:56:31, 23.48, 49.72
2020-10-28, 23:56:32, 23.48, 49.72
2020-10-28, 23:56:34, 23.48, 49.72
2020-10-28, 23:56:35, 23.49, 49.73
2020-10-28, 23:56:36, 23.49, 49.73
2020-10-28, 23:56:38, 23.48, 49.72
2020-10-28, 23:56:39, 23.48, 49.72
2020-10-28, 23:56:40, 23.49, 49.73
2020-10-28, 23:56:42, 23.49, 49.76
2020-10-28, 23:56:43, 23.5, 49.73
2020-10-28, 23:56:45, 23.49, 49.73
2020-10-28, 23:56:46, 23.49, 49.73
2020-10-28, 23:56:47, 23.49, 49.76
2020-10-28, 23:56:49, 23.49, 49.73
2020-10-28, 23:56:50, 23.49, 49.76
2020-10-28, 23:56:51, 23.49, 49.73
2020-10-28, 23:56:53, 23.5, 49.73
2020-10-28, 23:56:54, 23.49, 49.73
2020-10-28, 23:56:55, 23.48, 49.72
2020-10-28, 23:56:57, 23.5, 49.73
2020-10-28, 23:56:58, 23.49, 49.76
2020-10-28, 23:56:59, 23.48, 49.72
2020-10-28, 23:57:01, 23.48, 49.72
2020-10-28, 23:57:02, 23.48, 49.72
2020-10-28, 23:57:04, 23.49, 49.73
2020-10-28, 23:57:05, 23.49, 49.73
2020-10-28, 23:57:06, 23.5, 49.73
2020-10-28, 23:57:08, 23.48, 49.72
2020-10-28, 23:57:09, 23.48, 49.72
2020-10-28, 23:57:10, 23.48, 49.72
2020-10-28, 23:57:12, 23.49, 49.73
2020-10-28, 23:57:13, 23.48, 49.72
2020-10-28, 23:57:14, 23.48, 49.72
2020-10-28, 23:57:16, 23.48, 49.72
2020-10-28, 23:57:17, 23.48, 49.72
2020-10-28, 23:57:18, 23.48, 49.72
2020-10-28, 23:57:20, 23.48, 49.72
2020-10-28, 23:57:21, 23.48, 49.72
2020-10-28, 23:57:23, 23.48, 49.72
2020-10-28, 23:57:24, 23.48, 49.72
2020-10-28, 23:57:25, 23.47, 49.72
2020-10-28, 23:57:27, 23.49, 49.73
2020-10-28, 23:57:28, 23.48, 49.72
2020-10-28, 23:57:29, 23.49, 49.73
2020-10-28, 23:57:31, 23.49, 49.73
2020-10-28, 23:57:32, 23.48, 49.72
2020-10-28, 23:57:33, 23.49, 49.73
2020-10-28, 23:57:35, 23.48, 49.72
2020-10-28, 23:57:36, 23.49, 49.76
2020-10-28, 23:57:37, 23.47, 49.72
2020-10-28, 23:57:39, 23.47, 49.75
2020-10-28, 23:57:40, 23.48, 49.72
2020-10-28, 23:57:42, 23.49, 49.73
2020-10-28, 23:57:43, 23.48, 49.72
2020-10-28, 23:57:44, 23.49, 49.73
2020-10-28, 23:57:46, 23.49, 49.73
2020-10-28, 23:57:47, 23.48, 49.72
2020-10-28, 23:57:48, 23.48, 49.72
2020-10-28, 23:57:50, 23.48, 49.72
2020-10-28, 23:57:51, 23.47, 49.72
2020-10-28, 23:57:52, 23.47, 49.75
2020-10-28, 23:57:54, 23.48, 49.72
2020-10-28, 23:57:55, 23.48, 49.72
2020-10-28, 23:57:56, 23.48, 49.76
2020-10-28, 23:57:58, 23.47, 49.72
2020-10-28, 23:57:59, 23.48, 49.72
2020-10-28, 23:58:00, 23.46, 49.72
2020-10-28, 23:58:02, 23.47, 49.72
2020-10-28, 23:58:03, 23.48, 49.76
2020-10-28, 23:58:05, 23.48, 49.72
2020-10-28, 23:58:06, 23.48, 49.76
2020-10-28, 23:58:07, 23.48, 49.72
2020-10-28, 23:58:09, 23.47, 49.72
2020-10-28, 23:58:10, 23.48, 49.76
2020-10-28, 23:58:11, 23.48, 49.76
2020-10-28, 23:58:13, 23.48, 49.76
2020-10-28, 23:58:14, 23.49, 49.76
2020-10-28, 23:58:15, 23.48, 49.72
2020-10-28, 23:58:17, 23.48, 49.76
2020-10-28, 23:58:18, 23.48, 49.76
2020-10-28, 23:58:19, 23.47, 49.72
2020-10-28, 23:58:21, 23.48, 49.76
2020-10-28, 23:58:22, 23.48, 49.76
2020-10-28, 23:58:24, 23.48, 49.72
2020-10-28, 23:58:25, 23.47, 49.75
2020-10-28, 23:58:26, 23.47, 49.72
2020-10-28, 23:58:28, 23.47, 49.75
2020-10-28, 23:58:29, 23.48, 49.76
2020-10-28, 23:58:30, 23.47, 49.79
2020-10-28, 23:58:32, 23.48, 49.76
2020-10-28, 23:58:33, 23.46, 49.78
2020-10-28, 23:58:34, 23.46, 49.78
2020-10-28, 23:58:36, 23.46, 49.78
2020-10-28, 23:58:37, 23.46, 49.78
2020-10-28, 23:58:38, 23.44, 49.75
2020-10-28, 23:58:40, 23.47, 49.79
2020-10-28, 23:58:41, 23.45, 49.78
2020-10-28, 23:58:43, 23.45, 49.78
2020-10-28, 23:58:44, 23.45, 49.78
2020-10-28, 23:58:45, 23.46, 49.78
2020-10-28, 23:58:47, 23.46, 49.78
2020-10-28, 23:58:48, 23.45, 49.78
2020-10-28, 23:58:49, 23.46, 49.78
2020-10-28, 23:58:51, 23.46, 49.78
2020-10-28, 23:58:52, 23.44, 49.78
2020-10-28, 23:58:53, 23.45, 49.82
2020-10-28, 23:58:55, 23.43, 49.81
2020-10-28, 23:58:56, 23.45, 49.82
2020-10-28, 23:58:57, 23.44, 49.81
2020-10-28, 23:58:59, 23.43, 49.84
2020-10-28, 23:59:00, 23.43, 49.84
2020-10-28, 23:59:02, 23.44, 49.85
2020-10-28, 23:59:03, 23.43, 49.84
2020-10-28, 23:59:04, 23.44, 49.85
2020-10-28, 23:59:06, 23.44, 49.85
2020-10-28, 23:59:07, 23.44, 49.85
2020-10-28, 23:59:08, 23.43, 49.84
2020-10-28, 23:59:10, 23.44, 49.85
2020-10-28, 23:59:11, 23.43, 49.84
2020-10-28, 23:59:12, 23.44, 49.85
2020-10-28, 23:59:14, 23.43, 49.84
2020-10-28, 23:59:15, 23.42, 49.84
2020-10-28, 23:59:16, 23.42, 49.87
2020-10-28, 23:59:18, 23.43, 49.84
2020-10-28, 23:59:19, 23.42, 49.87
2020-10-28, 23:59:20, 23.43, 49.88
2020-10-28, 23:59:22, 23.42, 49.84
2020-10-28, 23:59:23, 23.44, 49.85
2020-10-28, 23:59:25, 23.42, 49.87
2020-10-28, 23:59:26, 23.42, 49.84
2020-10-28, 23:59:27, 23.43, 49.88
2020-10-28, 23:59:29, 23.44, 49.85
2020-10-28, 23:59:30, 23.43, 49.84
2020-10-28, 23:59:31, 23.43, 49.88
2020-10-28, 23:59:33, 23.42, 49.84
2020-10-28, 23:59:34, 23.42, 49.87
2020-10-28, 23:59:35, 23.41, 49.84
2020-10-28, 23:59:37, 23.42, 49.91
2020-10-28, 23:59:38, 23.41, 49.87
2020-10-28, 23:59:39, 23.42, 49.87
2020-10-28, 23:59:41, 23.42, 49.91
2020-10-28, 23:59:42, 23.41, 49.87
2020-10-28, 23:59:43, 23.41, 49.91
2020-10-28, 23:59:45, 23.41, 49.91
2020-10-28, 23:59:46, 23.41, 49.91
2020-10-28, 23:59:48, 23.41, 49.91
2020-10-28, 23:59:49, 23.4, 49.9
2020-10-28, 23:59:50, 23.41, 49.91
2020-10-28, 23:59:52, 23.41, 49.91
2020-10-28, 23:59:53, 23.4, 49.9
2020-10-28, 23:59:54, 23.4, 49.9
2020-10-28, 23:59:56, 23.4, 49.9
2020-10-28, 23:59:57, 23.41, 49.91
2020-10-28, 23:59:58, 23.41, 49.91
